0.32437105058460597,0.033222523282665395,0.1973045661014933,0.013631189727974485,0.05580267104558803,0.021847121816929514,0.042293797254707347,0.008373868821662364,0.018082336160872674,0.0369339642167221,0.03937699723829516,0.0487929777969965,0.005279129120276715,0.003245457128871285,0.026644231070477045,0.022377022478682677,0.027888166620106604,0.059436360382016974,0.030081197409726604,0.005194715412114914,0.028073692692507802,0.020596792236268646,0.012079704574082936,-0.004870712345117512,0.011227219631501216,0.02322183266344314,0.022487356939332806,0.007093571128665222,-0.012631423879497575,0.030082957140550735,0.033925195742196615,-0.0016592708869085325,0.02363250791828722,-0.0630240704608023,-0.0062756403435800375,0.020355000884013475,0.0202353245022615,0.04433034751125476,0.032671879608513185,-0.014679168294959606,0.019908052140565683,0.017166104597376802,0.02956893170862217,0.010712155793237997,0.057200448513219884,0.05496844586334823,0.04324014580916451,-0.005864576619065209,-0.0074331233854713595,0.04723472740952579,0.016560446351769648,-0.03196394804242753,0.0019479301248870639,-0.027243689140231495,0.03451706592891806,-0.006954623843381894,0.003275146434148763,0.18875766834110597,-0.24694911776788667
0.033222523282665395,2.3760664844889976,0.2550190271978616,-0.5204404336562612,0.11664752765887687,0.2559806992154228,0.2553337059197027,0.02815206784999171,0.28352529184306463,0.13188393844443838,0.1701449014734327,0.1715345635784075,0.18429460530524497,0.19503532694013667,0.3307648048308052,0.1237503749043498,0.21237261855626227,0.20840062668780923,-0.021907438022617562,0.28581393573705993,0.15044669497594607,0.1749791547767362,-0.2867749932769492,0.011512873097738954,0.08013425064432551,0.1506654442619734,0.29501544045719535,0.18486589674379786,0.2751206321107523,-0.03851657502659331,0.21181911452700822,0.20554658467741693,-0.009508840841680627,0.20092919126181757,0.2852938075271541,0.26258960324756786,0.27036455609435867,0.10319427803860381,0.08825259456539558,-0.05832702894777851,0.09487646473686273,0.12301770216443007,0.0690947365058236,-0.4110329352577562,0.31633001138448563,0.05417839566912486,0.07075234374471448,-0.08500374482611604,-0.07772469794134633,-0.03833239134587731,0.07930176082518339,-0.005129104166258644,-0.10059679129809194,-0.054888782119118934,-0.38681802659055337,0.08856516633027246,-0.2648013886997858,0.07714689708794474,0.2413058943190245
0.1973045661014933,0.2550190271978616,2.3881054675745848,0.3836247609815613,0.10890868982926903,0.35733341038887373,0.15186288809266452,0.5171366739351426,0.42471816112086747,0.39123989165279205,0.4254567204555984,0.23014380826098077,0.40438954091753393,0.22286282549906916,0.17426268075117876,0.15658117544006944,0.33172807615889904,0.33377975077997557,0.3244359520583542,0.2751718050382688,0.2700194449009482,0.308457539773648,0.27419374098822097,0.2619350013365829,0.29189451982730064,0.33144629824609767,0.17473619245445637,0.2554788962718941,0.3434112422051719,-0.01675251346821655,0.3124731178371171,0.21496173384723188,0.35355062514364993,0.46207592863469443,0.1721587603246847,0.5161752940930269,0.6841973160409774,0.12572031903550782,0.2862976140545346,-0.42483031264519955,0.15641390975337177,0.23435592820547313,0.17699729054770658,0.1819604917374237,0.1762535926346342,0.5158903393628819,0.2010568645799246,0.02490432959351471,-0.34576212066791684,0.37177056702601563,0.05702216728191264,0.2174416669780106,-0.061289186202505876,-0.38986477893526134,-0.3331304195369902,-0.05244493123740155,-0.20770378707681927,0.13963603977987196,0.15523904555946139
0.013631189727974485,-0.5204404336562612,0.3836247609815613,2.335229387547182,0.2231728466020771,0.3953151972394614,0.1790204906433815,0.46130171313090407,0.0755553999936908,0.11725671216551824,0.34377042450980916,0.31214724354547546,0.28148667455368437,0.3032451071096749,0.14443402329084942,0.33808238926861955,0.2499723382588501,0.3254643939056878,0.25225907531125796,0.22923807440996372,0.27904362389168863,0.2722462546568354,0.4395898832196226,0.3434751837999854,0.37071717897392825,0.15733807263327398,0.11815531790355382,0.16517353422952233,-0.010097424179280277,0.3384515103282869,0.2556182052909789,0.2788072482749068,0.4089850027124619,0.46184389163738904,-0.21115242125153724,0.07621112315712883,0.517449910030791,0.4277772621708888,0.4037698115136708,0.06694548301761648,0.20257102952885,0.2422035480679905,0.4887825187591289,1.1544536524553557,0.023576718625941264,0.25183081281193137,0.3739681513182197,0.24801098129664628,0.20563666911822753,0.34787970036546406,-0.08117641652462668,0.17069830886418239,-0.11212738991032835,-0.2542831931850906,-0.0064890173535719015,-0.012351866617845677,-0.32290323339886284,0.656527150508162,-0.2616665417747831
0.05580267104558803,0.11664752765887687,0.10890868982926903,0.2231728466020771,1.3231036112694423,0.4457703993679771,0.2036774374895812,0.31676912770852506,0.21905283247070176,0.08316216665195657,0.19950786135230314,0.3089703648741208,0.302879550127733,0.3247658184040512,0.2714986928765026,0.37236644232700117,0.2040713366549684,0.22835488763929704,0.507856486022036,0.29723133132845503,0.2670955335245238,0.2994843569328091,0.285645225770713,0.3085008379671182,0.29583762119756335,0.1944951167087095,0.2242051088839984,0.050590834555965955,0.32410231134383044,0.31268929332587914,0.25228177416353864,0.2873804106026302,0.23423334192449477,0.46490413854827434,0.028262323243567002,0.2981916009388046,0.3870849525213221,0.2950133878689974,0.33476594260380454,0.12078919088599796,0.1841708529403545,0.29337427978017144,0.25654540184113633,0.33228280539716576,0.046018144274281,0.22795089684096262,0.30092068946648554,0.1684762237195623,0.35580058918456703,0.16406960994403702,-0.0871039763246196,-0.24583910609610307,0.24816760373460844,-0.10133190840626015,-0.06403618049372024,0.018146968990235723,-0.5492242125397372,0.7160762893210656,-0.1842162152312278
0.021847121816929514,0.2559806992154228,0.35733341038887373,0.3953151972394614,0.4457703993679771,0.8728303396925843,0.2035289629697884,0.3475338134137062,0.31824550180021444,0.08863208444802373,0.2973833995659746,0.32098331055948337,0.3343344224759909,0.3916663258147196,0.22405718732151247,0.3572786705532373,0.3215022598180254,0.19410412472141064,0.4407763634514534,0.3880170212165318,0.31307182239115044,0.38456469358613965,0.13172163138976445,0.30187244208902264,0.36213665638378933,0.28707401262772925,0.2796690360294437,0.2265633287664383,0.4373785176192086,0.31199187291530944,0.29223547293580265,0.3868240842706168,0.15153516636409925,0.44917206048196,0.23748886056638044,0.2616667626754446,0.4373629946288286,0.37930794389204736,0.38906244278241586,0.09149804780079451,0.14400754121633522,0.29184255115435387,0.3603438064540125,0.31008434153196895,0.27552491030590737,0.19117503686147116,0.30564788833834705,0.07542598490546142,0.3125884662625167,0.16385611169890618,-0.3577406282892978,0.05793307805291643,-0.04708929336753929,-0.04749024742363443,-0.15082238806666964,0.048756620178498536,-0.5568389550345374,0.751257927778784,-0.21060363570025614
0.042293797254707347,0.2553337059197027,0.15186288809266452,0.1790204906433815,0.2036774374895812,0.2035289629697884,1.089478200100961,0.21301575717445417,0.45340329488459025,0.1714562808441832,0.3231046216504967,0.3647125517129651,0.32469707148864263,0.270718736732664,-0.05875235744035948,0.3055554274975877,0.3211369916043466,0.34522164194885674,0.08581703975903462,0.21230541554724763,0.28702448733172375,0.39563638898254017,0.329753303138011,0.2764879908609289,0.28404477808889317,0.255235354730402,0.2705842644499421,0.1665561850874567,0.15253577116805922,0.25500733011222,0.27386069462067053,0.2596090971244049,0.26924576737013006,0.3803430385097522,0.18250319402815396,0.26238134370457883,0.33424245136753533,0.32443655759533546,0.3645955608611944,0.060841051044781456,0.1687172120439942,0.2486747678873432,0.3674543249928975,0.3094454113718348,0.27702503875982637,0.12937167252182658,0.27848984559871376,0.06221373855040644,0.35524506137778616,0.02452531071371386,-0.11411911447633168,-0.14156506151457157,0.1146426423246374,-0.08311156168946132,0.052977387288992775,0.12094961890944786,-0.2692684506837927,0.5074917384655917,-0.5928140580428488
0.008373868821662364,0.02815206784999171,0.5171366739351426,0.46130171313090407,0.31676912770852506,0.3475338134137062,0.21301575717445417,0.9560248937441114,0.17729365375869197,0.21169325049715876,0.3098040555729038,0.07169690033930379,0.44960858745199794,0.32867994638604076,-0.017911476356435804,0.23650548137928468,0.2271470655810274,0.24838645997300263,0.29278514102780817,0.27842879595928166,0.23565305733743247,0.26562329602260504,0.28003888972779967,0.32434534335107174,0.28873994005506565,0.24283406591082432,0.2129844960522684,0.1959081882966274,0.19565105676961275,0.2918418824405537,0.23909238826461826,0.2806369122142831,0.25147297290141124,0.3792480944244546,0.2326635789420888,0.21460879766005211,0.4207675147436948,0.3408942680033055,0.344975605851952,-0.009107757164629948,0.20305040750600642,0.2083894910475918,0.3322661142584607,0.39168610440660084,0.08463222626131701,0.2046736930472633,0.3137762752238297,0.14930178240080264,0.3061605825939779,0.0702274666194955,-0.08904477492843872,0.062237840337659195,0.12819801357048582,-0.11763116367807877,-0.19719110219041075,-0.1862539183241929,-0.199957894606229,0.7205058680731476,-0.17831570313169348
0.018082336160872674,0.28352529184306463,0.42471816112086747,0.0755553999936908,0.21905283247070176,0.31824550180021444,0.45340329488459025,0.17729365375869197,0.8946130944812207,0.10677299093348426,0.1820055864444302,0.22850263528706366,0.3523941027961753,0.2067178860554182,-0.05854971494243919,0.15165913157679362,0.21570203260573384,0.314507570017183,0.17132990612778745,0.16579427755310963,0.2668112232413803,0.4548325399304467,0.2891032590403814,0.20470415682093215,0.15384883260251667,0.33829649283794644,0.21764263586710053,0.12812710614726813,0.21532910457747906,0.1495228912805942,0.24212798105495786,0.21966998484829822,0.26520360585432096,0.2718922470541631,0.061667236710725076,0.2967087471256469,0.3083979863839195,0.3090557895872792,0.2507551751420102,0.04953295153709813,0.10517774230780101,0.21346809080350002,0.32874526647709157,0.20533621583160583,0.2582290006342515,0.1864654578421437,0.23207958162983733,-0.008773609512403196,0.1810253786129167,0.028718180018167797,-0.011130296767004407,-0.03008003763555425,0.05299882207553893,-0.09874828897895489,0.06250222281366824,0.2005762372735336,-0.28220292635682376,0.10369344477977796,-0.20824588197728208
0.0369339642167221,0.13188393844443838,0.39123989165279205,0.11725671216551824,0.08316216665195657,0.08863208444802373,0.1714562808441832,0.21169325049715876,0.10677299093348426,0.739407948162205,0.15339392736749685,0.08794624847053115,0.22362904663340183,0.11420692325687719,0.19069512746584144,0.1455824919583978,0.20919529193900038,0.27198247549041815,0.10035108888567666,0.0729842648458498,0.1346882888969168,0.17634834210691666,0.2927671547110839,0.1930193218524846,0.21868586409453789,0.07485904818193612,0.13782921494260897,0.1611118342197095,0.09741398417558285,0.23370637549171203,0.1698884921492693,0.10746505037696591,0.18522255618103073,0.3619690976065762,0.18092018187238698,0.20492848063839053,0.32668420623399247,0.13771808434125318,0.21184554126332272,-0.006964077336663884,0.24275839098590443,0.13037590094220816,0.17493577400478466,0.31227819288746206,-0.0002143740292807515,0.195168204927418,0.2896264171348886,0.08367084814329404,0.09437599186717816,0.057855910227895206,0.055768168151614714,-0.013315736273506216,0.01875432080534294,-0.06432910932194151,-0.15045767695023002,-0.06642969274869567,-0.08432236524020045,0.1080382051147688,0.09398586812239709
0.03937699723829516,0.1701449014734327,0.4254567204555984,0.34377042450980916,0.19950786135230314,0.2973833995659746,0.3231046216504967,0.3098040555729038,0.1820055864444302,0.15339392736749685,0.6779725791583515,0.29902488318265064,0.27722242626129673,0.2686968803822311,0.2088951109101683,0.27694748558758575,0.32132126682315254,0.2582778312053282,0.1677813245752523,0.349764600852155,0.2438214071535331,0.23922023714194987,0.20372111403547624,0.2415910994516303,0.22408243484868515,0.2967256508365395,0.2038873692675984,0.19903656200041484,0.29628240722967314,0.21712322275681087,0.2587925724475713,0.24518193170112623,0.19236765225451383,0.30472983366476414,0.26154355949632796,0.32354917523300175,0.3730999613330292,0.2550007965464849,0.26747800452382137,-0.004070768468245554,0.20198707691834153,0.23480624194279634,0.2102855781312395,0.08589342431282122,0.20449332791818473,0.2097159068938725,0.2531461291845208,0.09208542417962008,0.15981794377929684,0.01836362509544253,-0.03155049449181039,0.005394293161634885,0.09515949268551259,-0.07742819667321856,-0.17922877678738983,0.008226438052242538,-0.3056556623533877,0.5264764939413905,-0.2508490799485749
0.0487929777969965,0.1715345635784075,0.23014380826098077,0.31214724354547546,0.3089703648741208,0.32098331055948337,0.3647125517129651,0.07169690033930379,0.22850263528706366,0.08794624847053115,0.29902488318265064,0.7457717210056852,0.147520718034254,0.27708552990219654,0.2731247798188368,0.31114236680683427,0.34285342324268775,0.323976417955262,0.21468904394141067,0.24766397670237694,0.25403300853341415,0.27651375528674044,0.22534812153085926,0.23807103882950542,0.30110162069261764,0.22141519441916543,0.23232850960177726,0.1918596151763998,0.21604467406720948,0.27348760516854276,0.28855275039853434,0.26676080447584954,0.1982688481931533,0.3206045469562003,0.2750008376390845,0.2401443763763396,0.3471950444150538,0.24245466271734142,0.3304288182143361,0.039542390787103275,0.2170501210573405,0.23768704660248524,0.2665114307985941,0.2225364554823437,0.3035691221359462,0.18833391149433923,0.31837977235939763,0.09247964659566618,0.30094076807447956,0.07364859562589927,-0.030757791029985056,-0.1588629421933963,0.07968051736113545,-0.05038271162364623,-0.08921968591259885,0.1667342510698882,-0.335424915706089,0.6274116883929537,-0.6410137523328242
0.005279129120276715,0.18429460530524497,0.40438954091753393,0.28148667455368437,0.302879550127733,0.3343344224759909,0.32469707148864263,0.44960858745199794,0.3523941027961753,0.22362904663340183,0.27722242626129673,0.147520718034254,0.7542109581646362,0.2501702098199263,-0.06409199656302002,0.23813585462014997,0.22444073429084857,0.24082387760865814,0.24645730115552303,0.22161216644047002,0.25368229171604306,0.3253724244376016,0.3094845218294616,0.2809619122151422,0.2549883565328206,0.29904443451727775,0.22389406862405795,0.18882599479669937,0.2520726765505696,0.2041160731931518,0.22087025082339856,0.2356394112768983,0.290722582235411,0.3587741851387977,0.1593653369363325,0.3156582375638252,0.36074075554501595,0.3013618108813997,0.25639981892061453,0.01618507068596866,0.16139646725426757,0.21477937546818168,0.26655935568655176,0.3059217059330452,0.021483393382350446,0.17831506494887048,0.23379832257457234,0.1111066509139627,0.22619677009720904,0.038234825806214,-0.057307401750886264,0.012693553195887993,0.06920736526260932,-0.08729700764458141,0.008229963069111121,-0.048895173805125765,-0.31336911837195236,-0.003265000833915881,0.28477898513230687
0.003245457128871285,0.19503532694013667,0.22286282549906916,0.3032451071096749,0.3247658184040512,0.3916663258147196,0.270718736732664,0.32867994638604076,0.2067178860554182,0.11420692325687719,0.2686968803822311,0.27708552990219654,0.2501702098199263,0.6842122927270393,0.30550334100650656,0.3622874770287426,0.26617498001990286,0.15033150525475986,0.2677627856907582,0.3960765228719403,0.24438385929316833,0.3138679495669807,0.22275219274279584,0.3984841874459779,0.3487424311263678,0.20357872368852248,0.28186595382383983,0.15400207105918404,0.3801515298703714,0.4372151592494664,0.2770621619093902,0.5699232862368406,0.16316077997402129,0.39478224700962466,0.2742622526867658,0.27678313741698957,0.38422856268313293,0.3299854388839043,0.34045092657762677,0.007756144477102302,0.31693149986301583,0.2491302128431043,0.3494733496931625,0.26221915640959575,0.14128465370138987,0.19207622198144636,0.3342175846595725,0.10641817101020856,0.42037689432941044,-0.014064194048567881,-0.09302731975673892,-0.11542413521563921,0.1927650224387948,-0.05580623251027824,-0.35062967458076116,0.0014485204520971995,-0.5384188781247873,0.9193485954363735,-0.20088697026510954
0.026644231070477045,0.3307648048308052,0.17426268075117876,0.14443402329084942,0.2714986928765026,0.22405718732151247,-0.05875235744035948,-0.017911476356435804,-0.05854971494243919,0.19069512746584144,0.2088951109101683,0.2731247798188368,-0.06409199656302002,0.30550334100650656,1.1768646800678533,0.19235761677078858,0.2533732161637386,0.18538287301005765,0.18052041232470628,0.34204072359686827,0.18343814735622926,0.10332634182217078,0.16767521697591706,0.24281507529918855,0.3709153179655012,0.06675604813678232,0.13909540630754175,0.18962242369951146,0.41212888010146737,0.4202683641179102,0.20987816821247252,0.27505855995058176,0.1005370288646267,0.3804315643564497,0.2615447069631341,0.18350452091506825,0.4398490578978063,0.06399403832636875,0.20143564775953865,-0.030076579637303053,0.3844187246761981,0.21251701665564474,0.142069289484259,0.14650930440734233,0.05648841306264513,0.25881078509176914,0.32319048149420043,0.0929089492817294,0.1953018269593587,0.0737029240167599,0.03054010783972509,-0.014932086021081871,-0.015436080592774437,-0.03179846511036777,-0.18267534403737704,0.09925781303803663,-0.6717990772498096,0.8743979107090638,-0.2292657621620801
0.022377022478682677,0.1237503749043498,0.15658117544006944,0.33808238926861955,0.37236644232700117,0.3572786705532373,0.3055554274975877,0.23650548137928468,0.15165913157679362,0.1455824919583978,0.27694748558758575,0.31114236680683427,0.23813585462014997,0.3622874770287426,0.19235761677078858,0.9165253824087803,0.3377029275383051,0.16771890677737936,0.25931346902926555,0.25373736241004635,0.24524551460590238,0.4488577036358591,0.14063275816387355,0.28716802656204,0.1949778362215553,0.16962292998023068,0.26283637472200894,0.24065468338651383,0.3053524204825351,0.44507468999451755,0.24391205548726033,0.3283993684044538,0.12071324094019902,0.36969022107484245,0.40325021836520786,0.20151778388180275,0.350153901120169,0.228775346332268,0.33435727135080806,0.045215789926782636,0.3079316405243428,0.2923318524026912,0.3261590663511204,0.25272186430447113,0.14532445457443038,0.1334497655204718,0.3369700686531958,-0.008358289266868657,0.4302114460345232,-0.11996921479802862,-0.16081768874263305,-0.1538617456970842,0.07578852226366822,0.009515774486685606,-0.13030612056093727,-0.0006924329414872321,-0.5273214716284695,0.8069940326546768,-0.29966068379866057
0.027888166620106604,0.21237261855626227,0.33172807615889904,0.2499723382588501,0.2040713366549684,0.3215022598180254,0.3211369916043466,0.2271470655810274,0.21570203260573384,0.20919529193900038,0.32132126682315254,0.34285342324268775,0.22444073429084857,0.26617498001990286,0.2533732161637386,0.3377029275383051,0.7481399817014683,0.21526534638962375,0.2155728220657806,0.3696633590097131,0.2840891746495945,0.3128560690254885,0.14906049630885396,0.3231473533905905,0.36278675714133385,0.250483724595455,0.24380902223208714,0.444868479244974,0.235020176328328,0.3575428857816852,0.3371662926566666,0.2585212489263263,0.3520067111065535,0.3541240356408586,0.38422042117824967,0.31995047593748965,0.5785364027728273,0.3576915679547241,0.3611039128423659,-0.017708056510357166,0.2758487275276153,0.33964855346577577,0.306059742079354,0.23197043292013841,0.34454954640211516,0.2053806875205959,0.3417523055429128,0.1296794577885413,0.22012723117360977,0.31836957458375065,-0.09664217323633648,0.038564480692308244,-0.16067385159289507,-0.09887242187148035,-0.2921891345730876,0.012322129431591042,-0.34507753928911916,0.5864884032717306,-0.26919372761715815
0.059436360382016974,0.20840062668780923,0.33377975077997557,0.3254643939056878,0.22835488763929704,0.19410412472141064,0.34522164194885674,0.24838645997300263,0.314507570017183,0.27198247549041815,0.2582778312053282,0.323976417955262,0.24082387760865814,0.15033150525475986,0.18538287301005765,0.16771890677737936,0.21526534638962375,1.0385472825603386,0.1552574003877172,0.011888627840587015,0.3242164048449867,0.3314813976293214,0.6265682094882412,0.17372778795258875,0.3391300867361167,0.4209385255632382,0.04400441387890432,0.12486110450902316,0.09487592583188213,0.18535734921527253,0.3375595590523337,0.11749381767328408,0.2688613625955062,0.34142281837118116,0.019167697928301513,0.21664372301797624,0.5366175616818244,0.2946017538596111,0.27410071303641603,0.13389914118671087,0.2820521735956167,0.21310541161343177,0.5253352177766941,0.4393980424451645,0.502068440155482,0.3046186420381568,0.5522736785625638,0.05275415382342939,-0.0647125026069879,0.32402702407724515,0.21846132300295557,-0.2227775670292401,-0.07492135409117837,-0.13858022094306116,0.13132789529920808,0.1242582384312281,-0.22202119395319833,0.5646408502052463,-0.6722097260447305
0.030081197409726604,-0.021907438022617562,0.3244359520583542,0.25225907531125796,0.507856486022036,0.4407763634514534,0.08581703975903462,0.29278514102780817,0.17132990612778745,0.10035108888567666,0.1677813245752523,0.21468904394141067,0.24645730115552303,0.2677627856907582,0.18052041232470628,0.25931346902926555,0.2155728220657806,0.1552574003877172,0.8935797572873286,0.18861192351116127,0.2617799325465958,0.2723076070038759,0.13812665498455873,0.2910272007746548,0.42784734204512076,0.16480540666187593,0.17564900548932602,0.24244082411913864,0.31012266985925047,0.344144909242681,0.2658405697125255,0.26357038859298454,0.2918374320817135,0.3507915686448941,0.10546782510465257,0.24705460244290364,0.45281208717385424,0.352743530936366,0.26805925507186323,0.021741781878360518,0.18883203012951294,0.2495037109990029,0.27585852078704376,0.35198255449880045,0.07027165993914367,0.253753873233257,0.27131189155571434,0.16779059874746083,0.25580247732603967,0.15879113632740857,-0.003934380076315779,0.24203566715918398,-0.14985247147029487,-0.15071831883854836,-0.09193539227054283,0.02018070598102873,-0.36670118902122906,0.5559736568343707,-0.13204296514473662
0.005194715412114914,0.28581393573705993,0.2751718050382688,0.22923807440996372,0.29723133132845503,0.3880170212165318,0.21230541554724763,0.27842879595928166,0.16579427755310963,0.0729842648458498,0.349764600852155,0.24766397670237694,0.22161216644047002,0.3960765228719403,0.34204072359686827,0.25373736241004635,0.3696633590097131,0.011888627840587015,0.18861192351116127,1.1306383923763323,0.17610778384211448,0.19135197492759273,0.11096479240323079,0.39031569167187646,0.22237146702077829,0.1782626425726375,0.3354033496627685,0.3073714992558007,0.4024077465541423,0.4558023206249143,0.3043221561956017,0.40646717517090286,0.24141650530659617,0.4231656672032722,0.3511397967336269,0.267997080828442,0.5658857037964752,0.48235707782615456,0.41394386406300254,0.06516656760458914,0.2638875280925042,0.22731200497750198,0.4334425378292267,0.09007367905406531,0.3985257116132964,0.125358484346421,0.26969057189308066,0.25701135729328506,0.5454398622519099,0.006233351439949969,-0.22857644403567595,0.12847211341907747,0.02840809778013315,-0.045357806028258736,-0.26163209278600497,-0.005948601417810532,-0.4619321162723708,0.6646596900513624,-0.1041357313482196
0.028073692692507802,0.15044669497594607,0.2700194449009482,0.27904362389168863,0.2670955335245238,0.31307182239115044,0.28702448733172375,0.23565305733743247,0.2668112232413803,0.1346882888969168,0.2438214071535331,0.25403300853341415,0.25368229171604306,0.24438385929316833,0.18343814735622926,0.24524551460590238,0.2840891746495945,0.3242164048449867,0.2617799325465958,0.17610778384211448,0.6616588362238031,0.3087860265652151,0.3357168405804213,0.2848750804735248,0.34646426213885356,0.24270910241936505,0.1898782827257523,0.18883267331157758,0.27503211091989943,0.46033140917945375,0.3295170585923782,0.20104442812027296,0.3133193467733101,0.28237050981830797,0.17663673640826702,0.353337283523991,0.5745384902840021,0.38016851143833574,0.3777061184409502,0.24008871852953384,0.3028423647420513,0.4298572945244774,0.38922312196760106,0.35137930076516716,0.6166006556053705,0.2548776753538435,0.42019294989973643,0.13713619726099757,0.04623629385591201,0.11998842136801714,-0.0041879128353955065,-0.12637867653490986,0.10944480139198366,-0.0961208329189518,0.03459542024779351,0.02388338696623321,-0.41386029108535527,0.551160819192101,-0.2559057296512267
0.020596792236268646,0.1749791547767362,0.308457539773648,0.2722462546568354,0.2994843569328091,0.38456469358613965,0.39563638898254017,0.26562329602260504,0.4548325399304467,0.17634834210691666,0.23922023714194987,0.27651375528674044,0.3253724244376016,0.3138679495669807,0.10332634182217078,0.4488577036358591,0.3128560690254885,0.3314813976293214,0.2723076070038759,0.19135197492759273,0.3087860265652151,1.0126062509894285,0.3368031529678962,0.3192482327446432,0.20837044257163928,0.28360998236993906,0.2482236101769249,0.18405466886536356,0.39616576065800657,0.4353860747469317,0.3042147779885836,0.332113749968368,0.25196727632418614,0.4313484536573405,0.197389811347114,0.3156657030733168,0.4232268140262134,0.43877065891576444,0.38503636516798584,0.049909934813083194,0.2794514052185524,0.3119723157231187,0.5287929120834918,0.4073909991190962,0.18047284770510658,0.2866220335229227,0.4054707382875666,-0.2530936919490457,0.4106275847149265,-0.03756853433718016,-0.12272466971117081,-0.14256516841705882,0.030136983222177685,-0.08074602132401078,-0.0068305409503735095,0.07027401617309038,-0.43078122283231407,0.53301763817463,-0.3000465595768237
0.012079704574082936,-0.2867749932769492,0.27419374098822097,0.4395898832196226,0.285645225770713,0.13172163138976445,0.329753303138011,0.28003888972779967,0.2891032590403814,0.2927671547110839,0.20372111403547624,0.22534812153085926,0.3094845218294616,0.22275219274279584,0.16767521697591706,0.14063275816387355,0.14906049630885396,0.6265682094882412,0.13812665498455873,0.11096479240323079,0.3357168405804213,0.3368031529678962,1.5444037917094366,0.514861788074534,0.4797996269736695,0.12497409224009907,0.1260879297394664,0.022253990702599532,0.31149464783173847,0.580486046939222,0.1828277161644934,0.1917138604443424,0.47463657240174034,0.46061253908402616,0.001208504777357977,0.3619697230347226,0.4302748981556708,0.20795602712073333,0.4238713675170624,0.1134299833544977,0.3427875554658261,0.21573473201282112,0.431110811764529,0.8569023469480443,-0.05188622707846579,0.347927540224037,0.5721421772522278,0.2706439421635505,0.3648999967112756,0.03329706392676216,0.15467869277743235,-0.2604377592089252,0.3273861772141024,-0.10142661131575419,0.10994575371364687,-0.032506771629310934,-0.3541691577633178,0.4573388266341864,-0.1929572088469512
-0.004870712345117512,0.011512873097738954,0.2619350013365829,0.3434751837999854,0.3085008379671182,0.30187244208902264,0.2764879908609289,0.32434534335107174,0.20470415682093215,0.1930193218524846,0.2415910994516303,0.23807103882950542,0.2809619122151422,0.3984841874459779,0.24281507529918855,0.28716802656204,0.3231473533905905,0.17372778795258875,0.2910272007746548,0.39031569167187646,0.2848750804735248,0.3192482327446432,0.514861788074534,0.9234467006186265,0.5586215989370547,0.008074060792998803,0.30323989723426426,0.3627985793110465,0.3061954623172835,0.7962616273477584,0.37334284304684934,0.4521647787800024,0.6366610950852953,0.4336849883203292,0.31937957165987996,0.3409193402027171,0.6149970040139181,0.4661136776474158,0.42817372666969383,-0.0630117764732055,0.36668385398757025,0.2905336688502437,0.4045690241253315,0.5947418795671416,-0.11345251130188194,0.2624599327297235,0.5028247340252588,0.29943055782230305,0.7348527960476097,-0.048887935990495034,-0.07575207330874628,0.054626932531000615,0.17404096739343516,-0.11551180902485511,-0.18442306669907363,-0.12199742404728019,-0.4595719679264727,0.754793280547869,-0.08509450147770443
0.011227219631501216,0.08013425064432551,0.29189451982730064,0.37071717897392825,0.29583762119756335,0.36213665638378933,0.28404477808889317,0.28873994005506565,0.15384883260251667,0.21868586409453789,0.22408243484868515,0.30110162069261764,0.2549883565328206,0.3487424311263678,0.3709153179655012,0.1949778362215553,0.36278675714133385,0.3391300867361167,0.42784734204512076,0.22237146702077829,0.34646426213885356,0.20837044257163928,0.4797996269736695,0.5586215989370547,2.2657093358085176,0.2945173571600625,0.26460277714970254,0.30625167076242826,0.7252368530042741,0.7435387376425692,0.4615978146327411,0.33476905920651034,0.5005719238903484,0.6921398399437664,0.41745350194114433,0.334107183898525,0.9926537993075213,0.6823355282281668,0.2847420029884015,-0.18944338037946573,0.40057734868485617,0.3585477621399834,0.45017998467164155,0.7424615711338469,0.19876561563511272,0.5244884281059298,0.5864426329513795,0.1440746322307732,-0.2197437433712664,-0.38152666197033736,0.3008218540233639,0.005618237842297474,0.29671354784612086,-0.14378071740503776,-0.15377961196229198,0.10800374164043017,-0.37189637632056105,0.5950567116625108,-0.2448846920724749
0.02322183266344314,0.1506654442619734,0.33144629824609767,0.15733807263327398,0.1944951167087095,0.28707401262772925,0.255235354730402,0.24283406591082432,0.33829649283794644,0.07485904818193612,0.2967256508365395,0.22141519441916543,0.29904443451727775,0.20357872368852248,0.06675604813678232,0.16962292998023068,0.250483724595455,0.4209385255632382,0.16480540666187593,0.1782626425726375,0.24270910241936505,0.28360998236993906,0.12497409224009907,0.008074060792998803,0.2945173571600625,1.6287109043359687,0.17063932312781413,0.1819114336303923,0.2652301322556524,-0.2081564878620489,0.24408532626588772,0.17569893882630433,0.14737684083704305,0.25101908830492925,0.15808509978750607,0.31091068888580153,0.47234085796524755,0.37868544337970744,-0.21099383908375194,0.2034442325923019,0.30286453596023555,0.3230049458345684,0.42841089246055003,-0.18766469890729612,0.685224685758008,0.14212360725918205,0.11243286832423312,0.06878254993190566,0.15434560957514296,0.09083854695338789,0.18830370536559388,-0.07472278259519873,-0.16486870298091563,-0.049015774238942454,-0.038825984500133554,0.1307898755337038,-0.1802654608994879,0.04026276137332934,-0.03789963689725731
0.022487356939332806,0.29501544045719535,0.17473619245445637,0.11815531790355382,0.2242051088839984,0.2796690360294437,0.2705842644499421,0.2129844960522684,0.21764263586710053,0.13782921494260897,0.2038873692675984,0.23232850960177726,0.22389406862405795,0.28186595382383983,0.13909540630754175,0.26283637472200894,0.24380902223208714,0.04400441387890432,0.17564900548932602,0.3354033496627685,0.1898782827257523,0.2482236101769249,0.1260879297394664,0.30323989723426426,0.26460277714970254,0.17063932312781413,0.8403776631969924,0.22245141860588621,0.10703078516858575,0.306568744531092,0.2911624273820656,0.3144436338251789,0.27611496748951975,0.28222244219662684,0.2478772274841575,0.32511984542001554,0.3045537005026152,0.37794386471520947,0.231340691629648,0.13406129273056352,0.23806688821940356,0.2325742719002755,0.3734100592908899,0.048460655422724964,0.16825061289298476,0.09381459391514704,0.20808051446763406,0.19462250702643663,0.6218372875791296,-0.14672633681765856,-0.12256540038767287,0.04810556339298444,0.1048407706897119,-0.014087926252886145,-0.05854282119074934,0.06624425458214678,-0.2741071223334596,0.5511578680585706,-0.3445456251857067
0.007093571128665222,0.18486589674379786,0.2554788962718941,0.16517353422952233,0.050590834555965955,0.2265633287664383,0.1665561850874567,0.1959081882966274,0.12812710614726813,0.1611118342197095,0.19903656200041484,0.1918596151763998,0.18882599479669937,0.15400207105918404,0.18962242369951146,0.24065468338651383,0.444868479244974,0.12486110450902316,0.24244082411913864,0.3073714992558007,0.18883267331157758,0.18405466886536356,0.022253990702599532,0.3627985793110465,0.30625167076242826,0.1819114336303923,0.22245141860588621,1.1573126768230453,0.047241393441417694,0.4245362352723781,0.340548646984552,0.21289790015368631,0.5971934749453088,0.244693119201272,0.6415680954363981,0.1425813927071664,0.6249956970158967,0.33316391384569194,0.24024540555065896,-0.12120803919025265,0.31826760048201796,0.2227084947691495,0.24935108035358164,0.38450174883250576,-0.06562543105838058,0.03051805278242183,0.2800795385272954,0.260995953027156,0.5800213069825725,0.31544393464000897,-0.1260678681764944,0.738055233030582,-0.8897159610176382,-0.04623649419129406,-0.016125523780096886,-0.008438949698663987,-0.24675801101154374,0.2588065720104896,0.08702433533669414
-0.012631423879497575,0.2751206321107523,0.3434112422051719,-0.010097424179280277,0.32410231134383044,0.4373785176192086,0.15253577116805922,0.19565105676961275,0.21532910457747906,0.09741398417558285,0.29628240722967314,0.21604467406720948,0.2520726765505696,0.3801515298703714,0.41212888010146737,0.3053524204825351,0.235020176328328,0.09487592583188213,0.31012266985925047,0.4024077465541423,0.27503211091989943,0.39616576065800657,0.31149464783173847,0.3061954623172835,0.7252368530042741,0.2652301322556524,0.10703078516858575,0.047241393441417694,2.6875467926528573,0.3419045585539773,0.1328587607061331,0.404585725277231,0.017749644918392322,0.48133756342816736,0.31482927089686674,0.9013370662028084,0.45185524769747115,-0.35711785113364486,0.18573723431468522,0.05250628024484208,0.22391426650727475,0.19207130697642888,-0.4147915993084964,-0.7559324806166995,0.2082184780626952,0.5836122756401582,0.23637735572671506,-0.33208082725346316,0.0894564678699005,-0.20954301579080703,-0.015558720503472645,-0.10311358178597478,0.1639142205779795,-0.000254691128537172,-0.3674408821215068,0.07003781357972551,-0.5145393452701589,0.48130246876288124,0.08764860726286189
0.030082957140550735,-0.03851657502659331,-0.01675251346821655,0.3384515103282869,0.31268929332587914,0.31199187291530944,0.25500733011222,0.2918418824405537,0.1495228912805942,0.23370637549171203,0.21712322275681087,0.27348760516854276,0.2041160731931518,0.4372151592494664,0.4202683641179102,0.44507468999451755,0.3575428857816852,0.18535734921527253,0.344144909242681,0.4558023206249143,0.46033140917945375,0.4353860747469317,0.580486046939222,0.7962616273477584,0.7435387376425692,-0.2081564878620489,0.306568744531092,0.4245362352723781,0.3419045585539773,2.642773485095837,0.48359833740231206,0.3675664046981138,0.536231537543717,0.13773596166611737,0.7985019286370204,0.1914629719490904,1.0868383177863317,0.7749469843512187,0.6841912096137036,-0.14717582530604134,1.0636048308357706,0.46999356507446466,0.9976447026272381,1.1779168013923467,0.002193920235901797,0.3160317901648472,1.2687353130826777,0.30922326793546967,1.4122371995107466,-0.5248218789187102,-0.08496339691246417,-0.36510048639962106,0.6009914640743176,0.09683645699212018,0.08130923496808799,-0.10059216857503674,-0.7354102681380011,1.3985639241693995,-0.577073714069928
0.033925195742196615,0.21181911452700822,0.3124731178371171,0.2556182052909789,0.25228177416353864,0.29223547293580265,0.27386069462067053,0.23909238826461826,0.24212798105495786,0.1698884921492693,0.2587925724475713,0.28855275039853434,0.22087025082339856,0.2770621619093902,0.20987816821247252,0.24391205548726033,0.3371662926566666,0.3375595590523337,0.2658405697125255,0.3043221561956017,0.3295170585923782,0.3042147779885836,0.1828277161644934,0.37334284304684934,0.4615978146327411,0.24408532626588772,0.2911624273820656,0.340548646984552,0.1328587607061331,0.48359833740231206,0.7906971927299549,0.27601201049764224,0.38241329744357233,0.3114474792359078,0.2858150225762026,0.5751045479921534,0.8361207235155922,0.5383897542209438,0.3499560456031041,0.026630152030830655,0.39859048583982165,0.3107965992722153,0.3662137431871275,0.35071139944987295,0.40207926391091936,0.36458397551976124,0.41923611993792603,0.16796912984543994,0.002371160163971624,0.17472917712039113,-0.06067623338947892,0.07835222844270683,-0.013267181885671537,-0.16550940683415843,-0.11414712781748601,0.06871327644337796,-0.27639853412267035,0.5256374934653734,-0.317159368801449
-0.0016592708869085325,0.20554658467741693,0.21496173384723188,0.2788072482749068,0.2873804106026302,0.3868240842706168,0.2596090971244049,0.2806369122142831,0.21966998484829822,0.10746505037696591,0.24518193170112623,0.26676080447584954,0.2356394112768983,0.5699232862368406,0.27505855995058176,0.3283993684044538,0.2585212489263263,0.11749381767328408,0.26357038859298454,0.40646717517090286,0.20104442812027296,0.332113749968368,0.1917138604443424,0.4521647787800024,0.33476905920651034,0.17569893882630433,0.3144436338251789,0.21289790015368631,0.404585725277231,0.3675664046981138,0.27601201049764224,0.8841359550581701,0.09946485829227415,0.38329601222936827,0.2266564895956785,0.32281420755151413,0.20443835300889168,0.33358099263817675,0.3140355267251183,0.003232846677664894,0.32001754952368455,0.21145315328501688,0.2823755343118073,0.20079716440357231,0.08603168436336273,0.1593894143467612,0.2829807867454107,0.06290035939811178,0.43741409347407395,-0.00283324367125156,-0.0887825915389479,0.15700656673021746,-0.17171456112105943,-0.01467341996937835,-0.3597231391069745,0.027622074528841134,-0.446887272247228,0.762060718721875,-0.18273903696901217
0.02363250791828722,-0.009508840841680627,0.35355062514364993,0.4089850027124619,0.23423334192449477,0.15153516636409925,0.26924576737013006,0.25147297290141124,0.26520360585432096,0.18522255618103073,0.19236765225451383,0.1982688481931533,0.290722582235411,0.16316077997402129,0.1005370288646267,0.12071324094019902,0.3520067111065535,0.2688613625955062,0.2918374320817135,0.24141650530659617,0.3133193467733101,0.25196727632418614,0.47463657240174034,0.6366610950852953,0.5005719238903484,0.14737684083704305,0.27611496748951975,0.5971934749453088,0.017749644918392322,0.536231537543717,0.38241329744357233,0.09946485829227415,1.6027186725371962,0.23348582863434528,-0.17188207515127085,0.2876218569615095,0.8470415557905434,0.586368988982424,0.2887025735892557,-0.11276073237232728,0.029727719771307174,0.3438095738142513,0.4665365248707118,0.7889972479216861,-0.26505973892862417,0.2724255455322363,0.44472632030778,0.5490131978195423,0.7518172166554012,0.38407522133000144,0.0503671332297249,0.22214469506670778,-0.0004004450267894901,-0.38541484720997005,0.12151047317912103,-0.0109997432401405,-0.27336075024761564,0.20223396217409162,0.05742073349066493
-0.0630240704608023,0.20092919126181757,0.46207592863469443,0.46184389163738904,0.46490413854827434,0.44917206048196,0.3803430385097522,0.3792480944244546,0.2718922470541631,0.3619690976065762,0.30472983366476414,0.3206045469562003,0.3587741851387977,0.39478224700962466,0.3804315643564497,0.36969022107484245,0.3541240356408586,0.34142281837118116,0.3507915686448941,0.4231656672032722,0.28237050981830797,0.4313484536573405,0.46061253908402616,0.4336849883203292,0.6921398399437664,0.25101908830492925,0.28222244219662684,0.244693119201272,0.48133756342816736,0.13773596166611737,0.3114474792359078,0.38329601222936827,0.23348582863434528,1.836445004958764,0.3690778510347289,0.21959584542521052,0.9370729402063565,0.28277008361498324,0.32975989935088723,-0.14624994008524536,0.32178272382195516,0.34140907990146324,0.48875305237173683,0.7219353496199842,-0.04273771303248174,0.24906940797649063,0.3653516607850813,0.20535479618601626,0.3219521044537686,-0.098593703080109,-0.09547674335947497,0.1607222605177514,0.08525074357928397,-0.13629713017926387,-0.20014626480892642,0.07159721111866234,-0.5897537461038497,0.5718358614259227,0.07788256511126539
