1.0460983102261554,-0.0006811605951206377,-0.0006982240902330415,-0.0006166610728987152,-0.00019447963075863391,0.0006640217524354411,0.0025402130739658854,0.0010890170149018999,-0.0007757157157823641,-0.0022069100747118776,-0.002621975063786379,-0.0019684806641316432,-0.001153262333934992,-0.0006544241764864638,0.00012717025437676476,0.0012197029108490223,0.0019640165764365984,0.002171421904920328,0.001844818610416452,0.0012117598979876102,0.0007381986742694554,0.0004945393386004692,0.0004340985052287447,0.00040322150836499235,0.00028786216780370035,0.00024420801987116064,0.0001866452793080904,0.00018459242094470563,0.0001885576021373624,0.00015582609263575093,0.00011844235672072992,4.361666285929612e-5,1.0092361291105752e-5,2.7527583272107336e-6,-1.657041429876119e-5,-4.391416843177112e-6,1.7301895259420087e-5,8.869952961106415e-5,0.00015032553112914686,0.00015554952228875649,0.00010959819091701838,-5.308690664214185e-5,-0.00043475828447301566,-0.0003792636361213659,-0.00031651695994281684,-0.00029698227360067564,-0.0002700688866391557,-0.00026711903594539566,-0.0002612272905838296,0.0005760430716394312,0.0007075273098604927,0.0006942491672300268,0.0007854681447618787,0.0008113361002465563,0.00013342760297560706,0.00023887919227434003,0.00023790892926936315,0.00023987204748205775,-1.3059019482736437e-6
-0.0006811605951206377,1.0458100436911566,-0.0010031609085451676,-0.0010920465520779079,-0.0008428268137505049,-9.79934839317815e-5,0.002271984840799351,0.001905778226350943,0.00011151685167094238,-0.0017207940561782633,-0.0025936264690190353,-0.002143505438786642,-0.0014263946494113588,-0.001040188053080142,-0.00022494557345306953,0.0011409119604294585,0.002117333002438844,0.0023869514517818793,0.0019765309916050656,0.001140604364074898,0.0005357626813680824,0.0002754161164677506,0.0003001607278889316,0.00033604077409495157,0.00025554139994627133,0.0002180660444617817,0.00016226049278396571,0.00016359799126345158,0.0001664155767555999,0.00015348832233971324,0.0001379664700458561,8.250194415885805e-5,5.2684992597998755e-5,3.168625874099585e-5,1.5106324188181685e-5,2.651526074271939e-5,4.470275881141976e-5,0.00012067898152088269,0.00018380670066597677,0.00019401406377772098,0.00015682425179654988,1.8229268425096777e-5,-0.0002591322431061719,-0.00016121173809072485,-8.90512711175936e-5,-8.00880418114485e-5,-6.793560557438422e-5,-9.268709126931542e-5,-0.00011087869092527731,0.0005490562916223354,0.0007307245793777816,0.0007517214319048997,0.0008028312069633266,0.0008760042778612733,0.00019990931231118748,0.0003728730118632269,0.0003304041002213725,0.000312242481850706,-1.1282881736900227e-5
-0.0006982240902330415,-0.0010031609085451676,1.0452258898172182,-0.002006161380317462,-0.002426719312836226,-0.002400404887289788,0.00021726450909301677,0.0032867863499374023,0.002570724088383573,0.00043940125450141497,-0.001287374493468049,-0.0015480307439258332,-0.001386889683201136,-0.0014964592026842573,-0.0009437983358765173,0.0006069097659122695,0.0018328047731108004,0.002169263179708556,0.0016779363687984923,0.0006484640270566728,-9.965115350106686e-5,-0.0003380182858343734,-0.00012330953887615572,6.570552785802451e-5,0.00010450744256081268,0.00010883843469083944,8.988049284322803e-5,0.00010599829389978328,0.0001103186652697387,0.00014442808176629216,0.0001726353227543882,0.0001666167203940277,0.00014225796408756598,8.977783123657373e-5,7.744166720978787e-5,8.267248601151961e-5,8.801366855014656e-5,0.00015779218662785135,0.00021208074901949168,0.00022938150917883746,0.00022157851501183054,0.00016701099833939573,0.00017176430566948859,0.00035410854501898275,0.00043067947135626316,0.00040943688110313197,0.0003806286398885883,0.00028601465755528113,0.00020927623430041522,0.00031642056323557416,0.0005623238131394732,0.0006814188961973159,0.0005914756716412049,0.0007822158966697379,0.0002889547188197442,0.0005646263038352672,0.00041382249794420827,0.0003503444104149865,-4.8599313707156464e-5
-0.0006166610728987152,-0.0010920465520779079,-0.002006161380317462,1.0430862544313084,-0.005658248208565746,-0.007725761679551002,-0.005916311478576605,0.004686832717207224,0.007660245541010381,0.00594122225256812,0.0024987547353882435,0.000223623116866905,-0.00135609010370081,-0.002661975763745169,-0.0026984962109432038,-0.0009282591451327085,0.0010703544799043328,0.001859065516680666,0.0015947614352864773,0.0003610670433387753,-0.0005905335187903714,-0.0008163866680157262,-0.00034660778903815585,6.160438979216576e-5,0.00018797421700763662,0.00023672761810214783,0.00024747646025885035,0.00025674919208187446,0.0002542857878951747,0.00027514034436813313,0.0002906323756723383,0.000272903169441008,0.0001991699537905952,0.00010409641606935092,9.166902586580485e-5,0.00010206637865897983,0.00010462342786326629,0.00019020939168866606,0.00025436551208462486,0.0002584728470008781,0.00026562757773229944,0.000280579980549475,0.0006068671318313643,0.001010402845778069,0.0011337802021413538,0.00103772462405984,0.0009150319286859378,0.0007107756154506487,0.0005426369048968289,0.0001401529482365156,0.00046527111610264904,0.0007464751244641493,0.00046534720728753877,0.000855786536725466,0.0003932900749058874,0.0009167295204847877,0.0005363466863705841,0.00034955484285948844,-4.040108211218001e-5
-0.00019447963075863391,-0.0008428268137505049,-0.002426719312836226,-0.005658248208565746,1.0358568834382549,-0.017467446404839885,-0.019970290271439727,0.0030692267733091914,0.015065207050069486,0.01672109472080181,0.011780263194081486,0.005907286794366915,0.0003500261704869275,-0.0039226765784428404,-0.0056268416375875015,-0.004154654926427924,-0.0010204947037732541,0.0005517046262626075,0.0009462899701600333,-0.0002801185885326189,-0.0014204422898638099,-0.0015682859752347265,-0.0006999239973784646,8.288203364886392e-5,0.00035705806746773463,0.00048490572008101505,0.000573893803486806,0.0005361706598370871,0.0005105544421733318,0.00046687832204204526,0.00041902259117567185,0.0003791795387988933,0.0002077085286696791,5.142295242708019e-5,5.146426776570504e-5,7.144603161997359e-5,6.167762227516194e-5,0.0001423233616526969,0.00019056911704825065,0.00013499506252110838,0.00016184779331560102,0.0003443119384865424,0.0014736291574470165,0.0023632550004763445,0.0025678671552624138,0.002311029140745486,0.0019698983123828473,0.0015462004920919622,0.0011886533773280555,-0.00012904173412010755,0.00019078984066059126,0.0006506615788653173,0.0002031288512192246,0.0006999088911444229,0.00043462770967579636,0.0012712056097702725,0.0005048530862695635,0.0001415298749211377,-8.802022001415898e-5
0.0006640217524354411,-9.79934839317815e-5,-0.002400404887289788,-0.007725761679551002,-0.017467446404839885,1.0137495577331859,-0.048181723708577456,-0.009763690736812353,0.021071387834828956,0.03379481452036714,0.030818116224279095,0.020996761678295325,0.008352194678933493,-0.002109073003066629,-0.007309545901044679,-0.007846786321433975,-0.004299094165869283,-0.002265031921336066,-0.0011113265893907905,-0.0022112445154331933,-0.00351191261657635,-0.0034979202988723685,-0.001880264626040286,-0.0004525633432503621,0.00017801488910010113,0.0005359391115891093,0.0008472424394073234,0.0008108606524908785,0.0007998009729283497,0.0006680580274867584,0.0005278988028041461,0.00044311625457702625,0.00014805844008680336,-6.960336433574051e-5,-2.2936369299722674e-5,2.7473220307642205e-5,5.312090693395957e-6,6.24752786768518e-5,5.917827949336716e-5,-0.00014472190795657247,-0.00014987830820300675,0.0002821131885396559,0.002682954036193219,0.004804502441614525,0.005264229593139686,0.004691488460981955,0.003900244914449088,0.003009415696945797,0.00225714119225442,-0.00019298877536701718,-0.0002952117258262179,0.00014522082595514843,-7.805100165642373e-5,-2.226239837860568e-5,0.0004338922422378151,0.0016162909949170815,0.00034384745886944346,-0.0002727807179960338,-0.0002835383829433901
0.0025402130739658854,0.002271984840799351,0.00021726450909301677,-0.005916311478576605,-0.019970290271439727,-0.048181723708577456,0.9516115612653883,-0.050816038779368106,0.008092049229576301,0.04496794925099351,0.06016657290370739,0.0609158880469488,0.038635995573198856,0.01164389634644375,-0.006946808309563276,-0.013788930664661315,-0.011118670813126355,-0.008245447579599509,-0.005875625312494068,-0.005704233042288942,-0.0067017553959751305,-0.006172095879942642,-0.003278053005342079,-0.0008264670783527479,0.00020407346916567843,0.0007164023449839008,0.001159785023967938,0.0010445571844374393,0.0010402487202481258,0.000684950740787436,0.00025906635344510935,1.2358291582086198e-5,-0.0003325107667583204,-0.0004266197401900576,-0.00028744519900269464,-0.00020164663407948788,-0.0002784189373907612,-0.0003910857909863521,-0.0006700816864985608,-0.0013859525668772738,-0.0018867249055774344,-0.0015798382384497876,0.0021383773084634387,0.007870374379458733,0.009448217657808568,0.008616840668006423,0.007119076145472878,0.005504803177272998,0.004086100656289263,0.00047187388192593494,-0.0013313087987278692,-0.0014318948207575845,-0.0005377489280236856,-0.0023912393699805465,-0.00011161404800781515,0.0008179776147238682,-0.00091111802644305,-0.0016300163612320486,-0.0010707896166269662
0.0010890170149018999,0.001905778226350943,0.0032867863499374023,0.004686832717207224,0.0030692267733091914,-0.009763690736812353,-0.050816038779368106,0.9635106862424508,-0.06283024975908377,-0.01919794657903074,0.03611187556342703,0.0691933105208314,0.06856461761447302,0.0315467300886509,0.006907681543166251,-0.005088019436541023,-0.0028016045419810725,-0.002475297550959598,-0.0014371578688849934,-0.0030542235185544385,-0.004790477947189482,-0.004553266693916341,-0.0016119497647864502,0.000782001094913444,0.0017452315347339744,0.002187307317291077,0.0023838779531736316,0.002236806548869568,0.002046638933393212,0.0016183260015698263,0.0011329272225761805,0.0003222437722715626,-0.00017288681558808776,-0.000278541468148533,-0.00023362594720575833,-7.742798173951254e-5,4.6895898398162766e-5,2.4351385299215484e-5,-9.649948116628763e-5,-0.0006437242385678237,-0.001144973818559669,-0.0013618725182289008,-0.0002993668494383599,0.003671615741136618,0.0046889406751425165,0.003923294018915101,0.00279911153742585,0.0015321630716487779,0.0005148585829792742,0.0039139758125729856,0.0006507531853172954,-0.0005965917341045436,0.0017479326801270777,-0.0008090503039319607,-6.123454968595725e-5,0.00038325210376068147,-0.0009571250781041895,-0.0012295702245263928,-0.0009871392354121333
-0.0007757157157823641,0.00011151685167094238,0.002570724088383573,0.007660245541010381,0.015065207050069486,0.021071387834828956,0.008092049229576301,-0.06283024975908377,0.9321786960863324,-0.07446423155392173,-0.00025446123397337555,0.052453735489064256,0.07085160529999944,0.04327276600725217,0.009923367630661083,0.002430370822305427,0.0032238663166747204,0.005192472723998824,0.0032187152952604836,0.0001845984633354339,-0.002659496089409465,-0.002833040817805171,0.00016677501848142389,0.002500064980937082,0.0032315547958276414,0.003371416929927646,0.0031041431500503825,0.0028049555709012985,0.0024361092238882106,0.0021468761923243702,0.0015369334907283205,0.0008338415768414778,0.00045091302259438486,0.00027107741844457266,8.133541358754654e-5,8.95230836372749e-5,0.00012819486084768102,4.360060233896876e-5,-0.00017414574979036996,-0.0006174671052465219,-0.0012153013893492957,-0.0017827087131399226,-0.002025478238411339,0.0014387900817516037,0.0023982387978264924,0.0018717543101173745,0.0011029273552632813,0.000173836483439613,-0.000537994612974475,0.003560904998459588,0.00031778078531659114,-0.00016047026610455393,0.0005065340853392779,-0.0009083769508752988,-0.0002492493232918697,-0.0010302443956678124,-0.002152038788166056,-0.00142594957196982,-0.0005363750192952413
-0.0022069100747118776,-0.0017207940561782633,0.00043940125450141497,0.00594122225256812,0.01672109472080181,0.03379481452036714,0.04496794925099351,-0.01919794657903074,-0.07446423155392173,0.9368100876758546,-0.06727908980890686,0.005834518335224332,0.058179290730909626,0.036078581892888165,0.018146981635821884,0.005295574657901618,0.011403443380478086,0.011102807432053137,0.010553836388784902,0.004548125969632899,-8.852452841630596e-5,-0.001245816024712465,0.0013157406018230648,0.003489690200712392,0.003957319619607733,0.00379005477215606,0.003176914505527547,0.0025804702142160595,0.0018660466805499544,0.0013898654857417373,0.0011422636002415725,0.00032075590151181717,6.30922680155325e-5,-2.9227232584670547e-6,0.0001582209807091242,0.0003358413387846306,0.0005539440359348224,0.0004532720687089545,0.00029835028518279303,-1.9264970640510355e-6,-0.0003582098992087296,-0.0007386804464086317,-0.0006100757782781735,0.001377196561755826,0.001814797576868732,0.001300596082311734,0.0006688007263263951,-7.150021521186202e-5,-0.0006342917705897911,0.002477933613474634,0.000559942581274254,0.0013325195765948661,0.00026525947989909117,0.0004910437166663754,0.0007139296684183795,0.0016835194742055514,0.001062743545376719,0.0007333522018311742,4.888198309365998e-5
-0.002621975063786379,-0.0025936264690190353,-0.001287374493468049,0.0024987547353882435,0.011780263194081486,0.030818116224279095,0.06016657290370739,0.03611187556342703,-0.00025446123397337555,-0.06727908980890686,0.9231985841937129,-0.08374454856951141,-0.033544202069590974,0.038187079070595986,0.03009620983388025,0.028409575090731613,0.016028392662678043,0.01698957223936285,0.011662467886006467,0.006370891952534524,0.000908843655416471,-0.001185449674237679,0.0011225372786329635,0.003365077087893124,0.0038900870507465215,0.003864401176604083,0.00331589720928947,0.002862391550372922,0.0023877326068769884,0.002361577780397714,0.0017912874636729238,0.0015871507032887778,0.0012508818484880657,0.0007829708469097753,0.0003655248203217835,0.0001367597490871561,-4.0147935019319e-5,-0.00013515694305423807,-0.0003651765579946532,-0.0005138463292326187,-0.0007657812138341004,-0.00096598556524593,-0.0004202569340531231,0.001935689759363936,0.0025821193395844473,0.002196284174517514,0.001685301677271782,0.0010443372061567926,0.0005397162234345116,0.001218716645032108,0.0014110286236894438,0.003116198400668432,0.0014652672810845343,0.0031806644503215463,0.0012309367714850466,0.0031929479930355143,0.002829731383482376,0.0019449122968764772,0.000411888958717712
-0.0019684806641316432,-0.002143505438786642,-0.0015480307439258332,0.000223623116866905,0.005907286794366915,0.020996761678295325,0.0609158880469488,0.0691933105208314,0.052453735489064256,0.005834518335224332,-0.08374454856951141,0.8445868658578448,-0.1299658426067452,-0.004990499922481401,0.06038025381722078,0.04827050184801466,0.03007148243178613,0.01598541395942859,0.013119385050099406,0.006122321956279678,0.0006450143910977652,-0.0016613083309142238,0.0002839053380335127,0.002433592216534138,0.0029518964875085885,0.002943381522851308,0.0024048614623763537,0.0018174404547263716,0.001034173389969558,0.0006352110906993693,0.00081693576887844,0.00022258931321656437,0.0001087806304035198,-8.930699167345525e-7,0.0003288937288331273,0.0004878087670829638,0.0006620405045076098,0.0004902530166382195,0.0003298493891750395,0.0001578195401166997,0.00012471825758759414,0.0002467596094485966,0.001937326381530257,0.0032249019800804613,0.003650926222828503,0.003340705872702899,0.0029257575440862337,0.0024724385977745946,0.0020693905480238563,0.00019537685124031297,0.002332402752574396,0.0043760232384585105,0.0026162686552165656,0.003836750878792035,0.0005759634042295373,0.0008227455671282632,0.0004218029448398732,0.0005986737880682505,0.0003648475573372165
-0.001153262333934992,-0.0014263946494113588,-0.001386889683201136,-0.00135609010370081,0.0003500261704869275,0.008352194678933493,0.038635995573198856,0.06856461761447302,0.07085160529999944,0.058179290730909626,-0.033544202069590974,-0.1299658426067452,0.8620798315778959,-0.08223146338084686,0.018241672724728767,0.05982489341658885,0.02997239496757237,0.01873734053662353,0.010278338041503195,0.004890160742650926,-0.00014430957517259647,-0.0019561587766576427,0.0001694955687464633,0.002475562511645355,0.002911566297207493,0.0027137005232141763,0.0020942117567710004,0.0016528513077449028,0.0013269724013217164,0.0015322907199976415,0.0011521964794510952,0.0015402455818515882,0.0013339062075574189,0.0008204937311736106,0.00034671735013448957,-3.007661517781351e-5,-0.0004220943324181585,-0.0005347548563524654,-0.000773517511761433,-0.0007642377778121454,-0.0007154744137632249,-0.0004086106870634547,0.001574446299159573,0.003524392288120958,0.004307479886770495,0.004238993828798716,0.003981877641349666,0.0037533553659299004,0.0034753924803224184,0.0002624417123001472,0.003314830178717468,0.004532342903084755,0.005046752423943788,0.007506263162830588,0.0003795930802667562,0.0003756241574553615,0.0002773495671824996,0.00040075449544302956,0.00026025949415405236
-0.0006544241764864638,-0.001040188053080142,-0.0014964592026842573,-0.002661975763745169,-0.0039226765784428404,-0.002109073003066629,0.01164389634644375,0.0315467300886509,0.04327276600725217,0.036078581892888165,0.038187079070595986,-0.004990499922481401,-0.08223146338084686,0.9054766317286395,-0.04056391016249073,0.003216916803957342,0.021890141907539667,0.015781936921515503,0.012070552353663192,0.0036237831114207695,-0.0016009076502025126,-0.0024672937391380474,5.8366804763248937e-5,0.0025063079538021568,0.002948608232458017,0.0025534551659310268,0.0017727965214583722,0.0010585253771075156,0.000279856977015851,5.812121172982098e-5,0.000479829989893801,0.00035536444176889967,0.00038091615841098444,0.00016101109804008361,0.000453022077123151,0.0004737449456114683,0.00047435869529152474,0.00027292331885549176,0.00011752037498039487,0.00011105099162108634,0.00038898410505573135,0.000992404867634029,0.003982402234951623,0.004676047204052057,0.005177811704994766,0.005141884805943938,0.005003508570261026,0.004965651547597484,0.0048176725647972925,0.0007166030145989227,0.0034889670979248205,0.0023958691299042576,0.005896683109541039,0.008892761038493088,0.00038305229568288556,0.0006986008782040204,0.000582287349459168,0.0004806240443384325,0.00019610082445732977
0.00012717025437676476,-0.00022494557345306953,-0.0009437983358765173,-0.0026984962109432038,-0.0056268416375875015,-0.007309545901044679,-0.006946808309563276,0.006907681543166251,0.009923367630661083,0.018146981635821884,0.03009620983388025,0.06038025381722078,0.018241672724728767,-0.04056391016249073,0.9590000255541357,-0.05478205037999009,-0.015320383629821998,0.0029321254420597814,0.0032577733051903637,-0.0009622704444650117,-0.0032180860969858514,-0.001981091921713092,0.00103365467138738,0.00329118964654867,0.0034562628712633964,0.0026184383906534036,0.0015818326335835197,0.0010125872102192445,0.0005732277648931278,0.0009124054908276344,0.0009189441885764425,0.0015528164601400182,0.0015461532146961636,0.0010328408494358675,0.000641414018848937,0.0002185277188828654,-0.00026699661973489256,-0.0004237183641337754,-0.0006915748436454698,-0.0006058798797295742,-0.0004545197651589912,-1.1850492632983696e-5,0.002551334271658263,0.004064737213513981,0.005121233858486846,0.005521067206427274,0.005698809929872751,0.0058856919271670595,0.005876896710290135,-0.0006954557092118096,0.0008776779232201418,-0.001989803490237053,0.0006810820265580777,-0.00037137052491722236,-4.5539339126964567e-5,7.503653826243203e-5,2.2107660176352984e-5,0.00014521232321852928,8.235423044529237e-5
0.0012197029108490223,0.0011409119604294585,0.0006069097659122695,-0.0009282591451327085,-0.004154654926427924,-0.007846786321433975,-0.013788930664661315,-0.005088019436541023,0.002430370822305427,0.005295574657901618,0.028409575090731613,0.04827050184801466,0.05982489341658885,0.003216916803957342,-0.05478205037999009,0.9748273279074481,-0.03621219344343477,-0.01697188874060268,-0.009552734052485018,-0.00845622797893471,-0.006200844102448853,-0.0028929826709431657,8.684482889997314e-5,0.0017385132680674436,0.0019545826480257683,0.0014112635547161771,0.000768298187989626,0.0005108662613828188,7.408039221741422e-5,0.00043533868550537107,0.0010329124382975799,0.0012977714044098046,0.0014465381638785668,0.0010107618261084234,0.0009736733825646943,0.0007082989069295745,0.0004000748514991475,0.00018089755220627968,-8.857494515199948e-5,-0.00011515213249014978,-3.544194166717319e-5,0.000360683081130786,0.003372632496821568,0.0046190312132756714,0.0057982727195805255,0.006383276702704084,0.006746789998693338,0.0069902650199934226,0.00702375166697771,-0.0030323965059170076,-0.0027327728365126036,-0.004202834724660505,-0.003904489747937353,-0.004873222452698611,-0.0005004437982941557,-0.00019698644740915707,-0.00032231158346718286,-0.00010731620238813906,0.00020662912151414621
0.0019640165764365984,0.002117333002438844,0.0018328047731108004,0.0010703544799043328,-0.0010204947037732541,-0.004299094165869283,-0.011118670813126355,-0.0028016045419810725,0.0032238663166747204,0.011403443380478086,0.016028392662678043,0.03007148243178613,0.02997239496757237,0.021890141907539667,-0.015320383629821998,-0.03621219344343477,1.0049888926976056,-0.03377721300830653,-0.025658675095358734,-0.016762001158395174,-0.00893028619731034,-0.00355125399106676,-0.0011948032201869593,-0.0006136205292695176,-0.00028147853531348255,-0.00025419451420633464,-0.000313150519443474,0.00015736547720029333,0.00020654657823930504,0.0011982762588058113,0.0017545764157299924,0.002322555154495604,0.002552238535320532,0.0019408336952568522,0.0014644830889751833,0.0008895592227300045,0.00029163010467501174,7.797099898464091e-5,-0.00032733672816956415,-0.0004026895929216295,-0.0006713665316709716,-0.0006916082779435153,0.0014236018354120835,0.003506586920079565,0.005193630975888648,0.006196490990528091,0.006880974851892915,0.007160892850110938,0.0072388973909083025,-0.005232027000618105,-0.005792008045948398,-0.005578911202170921,-0.007199675047563818,-0.0067804413846292155,-0.0008253413647278312,-0.0010474523866030102,-0.0006204319662352277,-0.0002935886076241744,0.0002322700837637256
0.002171421904920328,0.0023869514517818793,0.002169263179708556,0.001859065516680666,0.0005517046262626075,-0.002265031921336066,-0.008245447579599509,-0.002475297550959598,0.005192472723998824,0.011102807432053137,0.01698957223936285,0.01598541395942859,0.01873734053662353,0.015781936921515503,0.0029321254420597814,-0.01697188874060268,-0.03377721300830653,1.007725768480938,-0.0316445861817202,-0.021554123516738282,-0.012104017401884593,-0.006531670656147843,-0.005039585727993029,-0.004997667610929067,-0.003939217393601028,-0.0027752015203231744,-0.0019162972253669605,-0.0008542491128728308,-0.0005435547165353109,0.0007314089427990297,0.0018049170084428908,0.0024547695023791694,0.002757167164482909,0.002138695139049286,0.0018839741901463135,0.0014008796256241862,0.0009123556508326339,0.0007725069859732962,0.0004877792926659321,0.0006442634041879242,0.0006711730026855317,0.0012155431861125875,0.00416857066407032,0.0050216047956164805,0.006022828226214117,0.006763413756405935,0.007351442338242133,0.007453109960051531,0.0074404369850309135,-0.005616338212709937,-0.006332896226520362,-0.005772123846427235,-0.007259065368362136,-0.005908370846253259,-0.0009520514775584323,-0.0013331300896003465,-0.0004902286510295062,-0.0003406751992314021,0.00037800105083618627
0.001844818610416452,0.0019765309916050656,0.0016779363687984923,0.0015947614352864773,0.0009462899701600333,-0.0011113265893907905,-0.005875625312494068,-0.0014371578688849934,0.0032187152952604836,0.010553836388784902,0.011662467886006467,0.013119385050099406,0.010278338041503195,0.012070552353663192,0.0032577733051903637,-0.009552734052485018,-0.025658675095358734,-0.0316445861817202,1.0145443014065487,-0.026074204531361098,-0.019567977442405165,-0.014640183221984637,-0.01075448877452908,-0.008409949186913224,-0.005793484637327191,-0.003838177789478796,-0.0027390065968909637,-0.001444026479015002,-0.0009957837059271976,0.0005196646509626558,0.0018619173049682202,0.003036762939736441,0.0033234717756258822,0.0025578462737112515,0.0024023611959923725,0.0019943061776900592,0.0016036278076832038,0.0017643569275973526,0.0018362449306848407,0.002539538798941341,0.003199799263726854,0.004688745009122365,0.008409629791296138,0.00853374598480286,0.008829782156629825,0.0089835065815702,0.009114957573758927,0.008670820441000975,0.008261598850398275,-0.005043808360807189,-0.005496110421346106,-0.005234073730042102,-0.006036275064859141,-0.004298572992616932,-0.0010359230751649986,-0.001998183060061311,-0.0011859320458111734,-0.000952442472133251,-8.901420828040152e-5
0.0012117598979876102,0.001140604364074898,0.0006484640270566728,0.0003610670433387753,-0.0002801185885326189,-0.0022112445154331933,-0.005704233042288942,-0.0030542235185544385,0.0001845984633354339,0.004548125969632899,0.006370891952534524,0.006122321956279678,0.004890160742650926,0.0036237831114207695,-0.0009622704444650117,-0.00845622797893471,-0.016762001158395174,-0.021554123516738282,-0.026074204531361098,1.01609576476221,-0.031642756082372575,-0.028119751118257524,-0.018365422990738615,-0.010795729038426806,-0.005810772443631705,-0.0034167539064485367,-0.002666647785630495,-0.0015164979093091639,-0.0011483896993492264,0.0004561430009441849,0.0022798725947804203,0.0038386594877325426,0.0038373403438026286,0.0027902258973454544,0.0029966440847069694,0.0028739761957913856,0.0027928849763947335,0.0034308278617218545,0.004154400952119932,0.00568423601911504,0.007538051912827743,0.010792818276402143,0.016733855801198797,0.01593115590261495,0.015147873738070805,0.013969556187523928,0.01300981799157707,0.011490520724437245,0.010268888528819622,-0.0037450239910909026,-0.0037902356918554604,-0.003756461638233703,-0.003933997178649565,-0.002031979095311967,-0.000770286851571589,-0.001423064269343291,-0.0018621886855144907,-0.0017849514464794893,-0.0008830279837152121
0.0007381986742694554,0.0005357626813680824,-9.965115350106686e-5,-0.0005905335187903714,-0.0014204422898638099,-0.00351191261657635,-0.0067017553959751305,-0.004790477947189482,-0.002659496089409465,-8.852452841630596e-5,0.000908843655416471,0.0006450143910977652,-0.00014430957517259647,-0.0016009076502025126,-0.0032180860969858514,-0.006200844102448853,-0.00893028619731034,-0.012104017401884593,-0.019567977442405165,-0.031642756082372575,1.0071142829806958,-0.037945518007171754,-0.02423767179885457,-0.012915028058346222,-0.006267229768267139,-0.003672658128023625,-0.0030857999742560775,-0.002105852198635473,-0.001698549799130167,-0.0001178938905349574,0.002031066313280548,0.004076286889757159,0.003834203030709453,0.002641347841188679,0.0031877402548945526,0.003341682175981016,0.0035180353362015055,0.00455678240809673,0.00586785621071244,0.008105608076230704,0.011096273587712093,0.016056208871527484,0.02425079000129971,0.02199903962144761,0.019890442166839533,0.017439003490715768,0.015483319096289219,0.013127980177134183,0.011278275534801556,-0.0025059023137252536,-0.002325964972740033,-0.002290396270430236,-0.0021717574382561426,-0.00041400402787169317,-0.00047950666172001,-0.0008394538178968016,-0.0022486714245828518,-0.002429348115174394,-0.0015212783227048
0.0004945393386004692,0.0002754161164677506,-0.0003380182858343734,-0.0008163866680157262,-0.0015682859752347265,-0.0034979202988723685,-0.006172095879942642,-0.004553266693916341,-0.002833040817805171,-0.001245816024712465,-0.001185449674237679,-0.0016613083309142238,-0.0019561587766576427,-0.0024672937391380474,-0.001981091921713092,-0.0028929826709431657,-0.00355125399106676,-0.006531670656147843,-0.014640183221984637,-0.028119751118257524,-0.037945518007171754,1.0081696119877863,-0.026496752821407704,-0.015970285872232422,-0.009203162327063105,-0.006069184697276387,-0.004836203374682939,-0.0035696801321015957,-0.0028535162230341974,-0.001233578324900471,0.0010982106035593428,0.003364806944851676,0.003123486568817066,0.002044523842787445,0.0028451737218377405,0.003184667644939146,0.0034756410386152727,0.004721016039470726,0.0062948489293053345,0.008792340624748651,0.012232404549354406,0.017862755327242043,0.02679348406345911,0.023532008109968375,0.020605971721789407,0.017539391549546993,0.015151067651093166,0.01252804035539147,0.010503451750707323,-0.001440679988821415,-0.0012516914098782746,-0.0010997903407041416,-0.0008158750898334715,0.0008978963024008775,-0.0003482433079177758,-0.0002662996777664711,-0.0018361764084540838,-0.002153227738162187,-0.0013259513202026666
0.0004340985052287447,0.0003001607278889316,-0.00012330953887615572,-0.00034660778903815585,-0.0006999239973784646,-0.001880264626040286,-0.003278053005342079,-0.0016119497647864502,0.00016677501848142389,0.0013157406018230648,0.0011225372786329635,0.0002839053380335127,0.0001694955687464633,5.8366804763248937e-5,0.00103365467138738,8.684482889997314e-5,-0.0011948032201869593,-0.005039585727993029,-0.01075448877452908,-0.018365422990738615,-0.02423767179885457,-0.026496752821407704,1.024363334320846,-0.01780057998227197,-0.013221486284862867,-0.010015220372681906,-0.007754038102847373,-0.0060570652272323305,-0.004818441071239725,-0.0032033556497178574,-0.0008958716877087018,0.0013925181328798652,0.0014617050441627845,0.0009008258173768365,0.001830076843832654,0.00223898732487599,0.002484431641528087,0.0035750688730260918,0.004958801518377714,0.0071178465987832545,0.01020645462950374,0.015299547996575671,0.02341187835526304,0.018752018857139396,0.015316756974802673,0.012599183195541685,0.010658084728223965,0.00875433562995694,0.007314130935913739,-0.000888775064384503,-0.0008070071974235961,-0.0005288779193734892,-0.00026131127818299733,0.0009019120557036692,-0.0004201042100607396,-0.00020236229073444353,-0.0007358873041968338,-0.0009914797012603484,-0.00035355012229918397
0.00040322150836499235,0.00033604077409495157,6.570552785802451e-5,6.160438979216576e-5,8.288203364886392e-5,-0.0004525633432503621,-0.0008264670783527479,0.000782001094913444,0.002500064980937082,0.003489690200712392,0.003365077087893124,0.002433592216534138,0.002475562511645355,0.0025063079538021568,0.00329118964654867,0.0017385132680674436,-0.0006136205292695176,-0.004997667610929067,-0.008409949186913224,-0.010795729038426806,-0.012915028058346222,-0.015970285872232422,-0.01780057998227197,1.0282580515923425,-0.016080686206771916,-0.013451899009560318,-0.010800613158366364,-0.00884369242312548,-0.007161597319988376,-0.005391395357224202,-0.002997102687217768,-0.0006105863568105412,-6.237247218599543e-5,-0.00011659446371387839,0.0009851750763847764,0.0015025563904884872,0.001720367982341185,0.0027239682927226545,0.003901214794058813,0.005669223146925415,0.008231405806101075,0.012427795108813276,0.01913200481475331,0.014582043359264687,0.011446487822527163,0.009252616848825909,0.00775661072556728,0.006409957533742247,0.005397400517775383,-0.0008802582575574001,-0.000928038543417966,-0.0005929931493742743,-0.00045346361130924924,-0.00022994464567514908,-0.0005366676703764712,-4.551269418971008e-5,0.00010862175407173408,-9.922498921178066e-5,0.0004178761607950673
0.00028786216780370035,0.00025554139994627133,0.00010450744256081268,0.00018797421700763662,0.00035705806746773463,0.00017801488910010113,0.00020407346916567843,0.0017452315347339744,0.0032315547958276414,0.003957319619607733,0.0038900870507465215,0.0029518964875085885,0.002911566297207493,0.002948608232458017,0.0034562628712633964,0.0019545826480257683,-0.00028147853531348255,-0.003939217393601028,-0.005793484637327191,-0.005810772443631705,-0.006267229768267139,-0.009203162327063105,-0.013221486284862867,-0.016080686206771916,1.0310988916173578,-0.014391446015494289,-0.012604955971366374,-0.01112774281032002,-0.009281589086842117,-0.007442654010187758,-0.004918628395120628,-0.0024210222711087406,-0.001540408210165896,-0.001065073283066769,0.000365080198744663,0.0011523524456662382,0.0015260597471789018,0.0025322189998862273,0.0036238588343850296,0.005172748700478194,0.007442786860225384,0.01102868583779556,0.016599359874937752,0.01199971602614769,0.009055737607648245,0.007195612340656814,0.005950175559109566,0.005006120612654094,0.004272406673360146,-0.0009796937217430319,-0.0010683375643060862,-0.0008077360165626625,-0.000841298327982273,-0.0016599829535830434,-0.0005330477690564556,0.00030638885438071835,0.00048154777397254505,0.0002519673762737978,0.0007000301652570363
0.00024420801987116064,0.0002180660444617817,0.00010883843469083944,0.00023672761810214783,0.00048490572008101505,0.0005359391115891093,0.0007164023449839008,0.002187307317291077,0.003371416929927646,0.00379005477215606,0.003864401176604083,0.002943381522851308,0.0027137005232141763,0.0025534551659310268,0.0026184383906534036,0.0014112635547161771,-0.00025419451420633464,-0.0027752015203231744,-0.003838177789478796,-0.0034167539064485367,-0.003672658128023625,-0.006069184697276387,-0.010015220372681906,-0.013451899009560318,-0.014391446015494289,1.031359291373976,-0.015183988087224033,-0.01464284015181497,-0.012591703986463393,-0.010391796626161633,-0.007329448342793355,-0.004277549653530866,-0.002993756591619703,-0.0019063681851721232,9.852253301978665e-5,0.0013022846026757597,0.0019456155514887205,0.002965900100218785,0.004078360884289675,0.005673243950736695,0.008188285550363994,0.011926150337264152,0.01761953221536643,0.011738512697266576,0.008358719828328351,0.006500884898152012,0.005290048422912696,0.004618103662800381,0.004040628259261495,-0.0015394810382404031,-0.001558287173777109,-0.0014457681456555187,-0.001716352192655778,-0.0039073580292070705,-0.0005198680797345696,0.0007643223933374733,0.00048744460446361926,0.00021029808140447665,0.0006332672715805292
0.0001866452793080904,0.00016226049278396571,8.988049284322803e-5,0.00024747646025885035,0.000573893803486806,0.0008472424394073234,0.001159785023967938,0.0023838779531736316,0.0031041431500503825,0.003176914505527547,0.00331589720928947,0.0024048614623763537,0.0020942117567710004,0.0017727965214583722,0.0015818326335835197,0.000768298187989626,-0.000313150519443474,-0.0019162972253669605,-0.0027390065968909637,-0.002666647785630495,-0.0030857999742560775,-0.004836203374682939,-0.007754038102847373,-0.010800613158366364,-0.012604955971366374,-0.015183988087224033,1.0298596339351331,-0.017277757738751936,-0.015237400362100886,-0.01272379653966363,-0.009128847081011844,-0.005753983862186458,-0.0042607595893469265,-0.0027586700916652994,-8.756033757538524e-5,0.0016022957403424472,0.00254926034006543,0.0036548843253078425,0.004726911553251174,0.006376078243981458,0.009018757901097628,0.012812789796103691,0.018362945625263118,0.01210933936710377,0.008618809937347243,0.006713986692891702,0.005422782961867122,0.004784013770456916,0.00419530087270425,-0.0018474059125454807,-0.0017253760779255875,-0.0017707348851309227,-0.0021487244447635323,-0.005052977193528722,-0.00047231404283225656,0.0014560802572445267,0.0004604023453263488,8.920710909490157e-5,0.0004967268310002642
0.00018459242094470563,0.00016359799126345158,0.00010599829389978328,0.00025674919208187446,0.0005361706598370871,0.0008108606524908785,0.0010445571844374393,0.002236806548869568,0.0028049555709012985,0.0025804702142160595,0.002862391550372922,0.0018174404547263716,0.0016528513077449028,0.0010585253771075156,0.0010125872102192445,0.0005108662613828188,0.00015736547720029333,-0.0008542491128728308,-0.001444026479015002,-0.0015164979093091639,-0.002105852198635473,-0.0035696801321015957,-0.0060570652272323305,-0.00884369242312548,-0.01112774281032002,-0.01464284015181497,-0.017277757738751936,1.027868631618909,-0.01736785293358967,-0.015111053870248229,-0.010941766414501255,-0.0065576919569940925,-0.0053302295720211975,-0.0037757489479923597,-7.577518207096553e-5,0.002213703084030928,0.0033123549317366626,0.004134350577424319,0.004808225661538902,0.006326657309849146,0.009156147410240423,0.013338459811621886,0.019632250663348935,0.01268949833333333,0.008684003574962691,0.006565472701928708,0.005119587257287665,0.004579007178697312,0.004036907305411323,-0.002098070652196891,-0.0018552289176451337,-0.0019936342148757637,-0.0024409461570280423,-0.005688278292486621,-0.0003435230539405413,0.0017720110784403098,0.0007174656274345696,0.00014141560249608784,0.0004996099306210123
0.0001885576021373624,0.0001664155767555999,0.0001103186652697387,0.0002542857878951747,0.0005105544421733318,0.0007998009729283497,0.0010402487202481258,0.002046638933393212,0.0024361092238882106,0.0018660466805499544,0.0023877326068769884,0.001034173389969558,0.0013269724013217164,0.000279856977015851,0.0005732277648931278,7.408039221741422e-5,0.00020654657823930504,-0.0005435547165353109,-0.0009957837059271976,-0.0011483896993492264,-0.001698549799130167,-0.0028535162230341974,-0.004818441071239725,-0.007161597319988376,-0.009281589086842117,-0.012591703986463393,-0.015237400362100886,-0.01736785293358967,1.0293414900142164,-0.016019181207158856,-0.011386832705809338,-0.0054471933585458375,-0.0051869847407129644,-0.004577193990502041,0.0003250143446402389,0.00315113334508198,0.003985828886877839,0.0042342829465228105,0.003937554276774923,0.004726199889800585,0.006791590963296704,0.010246035381866945,0.01572277453847924,0.011998027605398486,0.00915670675597784,0.007293351051678314,0.005786158598234241,0.005115664298919767,0.004439101561780308,-0.002116841870368277,-0.0017693819779429384,-0.001941119571769113,-0.0023712545060703537,-0.005031903828566331,-0.00018557347218013543,0.001637311809685614,0.0010176002460498066,0.00014687129658431418,0.0005360702753196861
0.00015582609263575093,0.00015348832233971324,0.00014442808176629216,0.00027514034436813313,0.00046687832204204526,0.0006680580274867584,0.000684950740787436,0.0016183260015698263,0.0021468761923243702,0.0013898654857417373,0.002361577780397714,0.0006352110906993693,0.0015322907199976415,5.812121172982098e-5,0.0009124054908276344,0.00043533868550537107,0.0011982762588058113,0.0007314089427990297,0.0005196646509626558,0.0004561430009441849,-0.0001178938905349574,-0.001233578324900471,-0.0032033556497178574,-0.005391395357224202,-0.007442654010187758,-0.010391796626161633,-0.01272379653966363,-0.015111053870248229,-0.016019181207158856,1.0304291996646064,-0.01327952779011503,-0.008698457551456387,-0.007377766602005543,-0.005441295833237447,-0.0008124856015845068,0.0018342713677235493,0.0030009545592965528,0.0034921837752405027,0.0032710424595157293,0.004146713561683685,0.0064558290333416955,0.010193526939431336,0.015805093748964345,0.01174647228258349,0.008616272475422852,0.006617946931847728,0.004995199456700276,0.004359080935403777,0.003717283737675666,-0.0020338347686528523,-0.0016618050650085486,-0.0018525014560499754,-0.0023664380761987663,-0.004512943886806015,-4.2813781250123586e-5,0.0010638647589622228,0.0010060552904904577,0.00022689669384254397,0.0004578398576071466
0.00011844235672072992,0.0001379664700458561,0.0001726353227543882,0.0002906323756723383,0.00041902259117567185,0.0005278988028041461,0.00025906635344510935,0.0011329272225761805,0.0015369334907283205,0.0011422636002415725,0.0017912874636729238,0.00081693576887844,0.0011521964794510952,0.000479829989893801,0.0009189441885764425,0.0010329124382975799,0.0017545764157299924,0.0018049170084428908,0.0018619173049682202,0.0022798725947804203,0.002031066313280548,0.0010982106035593428,-0.0008958716877087018,-0.002997102687217768,-0.004918628395120628,-0.007329448342793355,-0.009128847081011844,-0.010941766414501255,-0.011386832705809338,-0.01327952779011503,1.0282647844894164,-0.025381488393015343,-0.016605645181831965,-0.006485075984111888,-0.006841156231573923,-0.0062781663184735105,-0.0028024721409698194,0.0002798582592446344,0.0031614867438752845,0.006623066410869698,0.011905106520985352,0.018162581723051744,0.026238203865718197,0.015005842807427184,0.009163170961932147,0.006163516306495447,0.004186876620684705,0.00341921182066366,0.002769128273957245,-0.0017234480714102805,-0.0013807870830319473,-0.001587903187455553,-0.0021138867706272774,-0.004197189173001349,0.00018666667666595349,0.0013802035141251506,0.0008540386500587665,0.0010884781445754728,0.0003437127033477483
