1.0576916095070457,0.1872389278962599,0.3855544919234759,0.11000814492942369,0.33423704934637344,0.1403532584101063,0.3426181919805929,0.27457487190995616,0.1919576043261983,0.21682165091248257,0.19553013701042238,0.19256009311287928,0.21857455910582452,0.2632285303941103,0.18831973634141405,0.21679438528235281,0.21336896396334185,0.21040974231271695,0.1716519011257271,0.14399923146652688,0.1658712903639918,0.29158858218217887,0.16057804598125647,0.10271169376579058,0.21087964154331595,0.24858464890687315,0.15113168338430388,-0.10121646626625717,0.28745594544346953,0.04750155150224235,0.13196997422756307,0.14838228876948953,0.1467075583274442,0.10333012603898563,0.14845115722288196,0.11995328483540625,0.23656428649091069,0.13212989976352085,0.1571255893161916,0.0514332507848881,0.11657645492401993,0.1566578740430909,0.1760730900584502,0.025014270187896457,0.06232762578122361,0.1894556653727507,0.1217505946900284,-0.06695603478548869,0.1652984353898685,0.1217809401980882,-0.011592125580016785,-0.13205391758352789,0.03850205006707454,-0.03819022873962191,0.4080013546245227,-0.0010691151421026298,-0.16904935423421016,-0.43782138654743274,0.27788193877147116
0.1872389278962599,1.6617413877007328,0.6405349223313305,-0.10520102679440264,-0.14089682748410598,0.4364482788902833,-0.0022089436559832535,0.2254646868637703,0.30606584010598586,0.22839098623541346,0.22278576933462113,0.23555360759754312,0.19916064212133075,0.16370485624468492,0.1574370394981931,0.13103734899432046,0.1821633969415777,0.37797207477423106,0.15704281464292463,0.38147975713946786,0.19364919737656885,0.1780577290797129,0.09824502456547139,0.16869234353425266,0.17324916668842544,0.14777698635905437,0.19843211540062083,0.2443224032024215,0.21525424450924024,0.08014826686933024,0.18526638684331986,0.22228367430640478,0.10788831485956132,0.21802246121344412,0.09461673823861952,0.24100646066585701,0.24406801504297462,0.22753305700267856,0.1713111271615456,0.06457892922288341,0.1499120603311854,0.19101947879036987,0.19635456803790133,0.044179338963223,0.1422161515840797,0.24735000878564958,0.2622703361840342,0.00307919758507248,0.13648604273381182,-0.2654524007283243,0.3764289500194361,0.059386697262904894,-0.04958662209199432,-0.08590426696189625,-0.0044815888833346475,0.0005887977822785248,0.12546540494055677,0.04700462109382798,-0.2441982351962781
0.3855544919234759,0.6405349223313305,2.0498555091800683,0.042932337550046454,-0.1611398855583014,0.40710976315021097,0.02193429832163967,0.28166124632536205,0.5454093618198094,0.4469433912939529,0.299769134424978,0.35830790228552917,0.2818523698672913,0.26913870199020806,0.2246923936634079,0.19373685843995714,0.24789557445273022,0.3366346474106836,0.31979594695490593,0.2690691226646844,0.2373485567780689,0.37386317703719046,0.12508868024337408,0.2387720693002088,0.2629274593477785,0.35492715592794155,0.18272645946117816,0.30110854723399916,0.49676919003074693,-0.07150546252745306,0.2527310244235906,0.29815828404584527,0.19187445769983083,0.2881126125297982,0.19478164727376218,0.4120273380126853,0.3428152017738274,0.26852068784767874,0.16375087625205462,-0.08878891257966828,0.19120457353040998,0.25334134174504136,0.16893014184823688,0.05186896169394272,0.2573539242963388,0.4982833773710417,0.18714585949466778,-0.19760787612514988,-0.12768142554222148,-0.31279333223677125,0.29303289378104386,0.19999444094027016,-0.003018472445634839,-0.12944096625067372,0.32779939790649065,0.11644221529076211,-0.002552281049006494,-0.31084365398705516,-0.2783266674957731
0.11000814492942369,-0.10520102679440264,0.042932337550046454,1.4310100490704991,0.6868988793737947,0.2808947807036989,0.49669172765113556,0.49796674303388644,0.20804278705744111,0.3080826245675499,0.2958320734398407,0.3018765873699812,0.3853867855215727,0.39941006086600334,0.3390717088733645,0.37568491247176294,0.34675773587573666,0.44915359915273245,0.2708809460439741,0.3101174742334417,0.314382132196265,0.2761694344887411,0.41341877906926616,0.3945209886211401,0.37678366076728337,0.33807635471891695,0.2705189500685059,-0.07441153751339218,0.45112598853441666,0.1957120648811696,0.31291495361283267,0.30887435011088876,0.2625317946044924,0.39546646098948185,0.2911406159315295,0.35015052479094,0.5009452182302718,0.23089524891232757,0.43863672615742216,0.24259838995516775,0.16612686655137068,0.3215317150172548,0.19518128743460195,0.09803762223336362,0.14044858914614292,0.3605092223256756,0.3206003528845892,-0.10729972778495944,0.32838604809882727,0.5571766564023336,-0.29985270101571404,0.08717657864130848,-0.17782433477211587,-0.09551242072356908,-0.07769381537605118,-0.055730652342989094,-0.052268245854443535,0.1274304173093346,0.00818113010028081
0.33423704934637344,-0.14089682748410598,-0.1611398855583014,0.6868988793737947,1.8028886100787542,0.14541659206026433,0.5511000343574479,0.5254322725847238,0.1462830977335384,0.24619072532317104,0.28155350714256205,0.27042284429998303,0.38091780047099966,0.28056413440518607,0.3439976371904493,0.3392942281321703,0.3164606415312035,0.34456765552724183,0.4948357962035599,0.14956932049739177,0.3094616520325037,0.3682196224726431,0.3134611566110777,0.286822743339849,0.31985967607087895,0.3786259619229638,0.2079241512065904,-0.18574755454662975,0.4749905612276159,0.062350954863560265,0.26840837314068655,0.2847723564388468,0.25405681356986465,0.39312135729781106,0.29387210335377106,0.3025972566271184,0.43502864929799673,0.15339437471063894,0.4524477194686534,0.24848081347388828,0.06019882536756642,0.29905693601597333,0.09497331630173274,0.043579429110309174,0.10053401363220076,0.29114623358075176,0.180381436860993,-0.06588737248494607,0.29557687134669064,0.7950351671418464,-0.5046333740699804,-0.2431833253021166,-0.01480352650180827,-0.06701414285767841,0.12877484954991256,-0.17629548702132317,-0.14376916491029604,-0.15535507841076163,0.4028394726596311
0.1403532584101063,0.4364482788902833,0.40710976315021097,0.2808947807036989,0.14541659206026433,0.9176405041387428,0.04309134981888405,0.48445823111342784,0.44389713287472965,0.24041342650186864,0.3585758604771015,0.3667058448180383,0.3844967865306312,0.32561707108408255,0.22293323912404145,0.3223900777556507,0.3917010287551141,0.46646250451792126,0.5098105373336038,0.5797476429723956,0.3076521402929684,0.5032984097651683,0.2381821469209989,0.37355212399417526,0.33427456147780804,0.36698518789255546,0.36282759242417667,0.14817428537167693,0.4249908352633403,0.13608697029957306,0.32262280340798816,0.42457775412389465,0.20089467831972874,0.41670038692872813,0.19663376743284428,0.30307610231995313,0.4862885397214885,0.34890511083399384,0.543124808095413,0.22700683438752725,0.11135021509038681,0.2951387428689406,0.47166368375871337,0.10208692216153298,0.2583173907963149,0.3282506040850329,0.40961136838384377,0.059073846697884465,0.4904270288492238,0.41361987222484725,-0.32200524838801287,0.23329374149816515,-0.23802976331843917,-0.11545661513612573,-0.03376136218301978,-0.13646410371076237,0.177851373448988,0.10174252066243232,-0.12449717429193743
0.3426181919805929,-0.0022089436559832535,0.02193429832163967,0.49669172765113556,0.5511000343574479,0.04309134981888405,0.9087655903372001,0.3956257700524624,0.20354885388332192,0.2654831447968436,0.2957695038242124,0.27440643967421124,0.3514459527544901,0.16863942304008658,0.26312605025301916,0.2775822926780131,0.35570710661546323,0.33172303966167865,0.1446212693160513,0.16771895739104925,0.320052933080741,0.34986295923017613,0.32748730259789943,0.26121764813984283,0.32490047560613083,0.2819442435148387,0.20999476628684272,-0.16719314364189708,0.4359643662958941,0.15596758189824422,0.2414322771995482,0.22335350182415967,0.2738875925416089,0.3129969435342973,0.22620575435913942,0.3042634512548783,0.4020324052253913,0.16223717812807928,0.23656464454581302,0.16554949460093057,0.13974441320477093,0.3065957678874193,0.08127336059786906,0.034726366863423154,0.057752260807173,0.32193210449776566,0.17173338137368768,-0.166148498650966,0.20432264474975678,0.2761454988156772,-0.12777083001006564,-0.2825639686074436,0.17790356470354365,-0.07108256419031211,0.27827549886374786,0.016482337568596624,-0.24310090642486445,-0.30086269654638825,0.25622341114992936
0.27457487190995616,0.2254646868637703,0.28166124632536205,0.49796674303388644,0.5254322725847238,0.48445823111342784,0.3956257700524624,0.9294714486593221,0.21668907423700756,0.32383176471319464,0.3371798795120509,0.22716186456517443,0.44343083039544084,0.3067308432899906,0.21447535764759046,0.3118686578014431,0.3821115001242591,0.5123638992184332,0.4135020021293039,0.43373056984323344,0.30796999185463164,0.39747178307675346,0.3179538776059498,0.3334850235037928,0.3704071865713328,0.34727850058153814,0.291515291592029,-0.014683987200718698,0.44944058504631196,0.1412944078445389,0.2952693489464046,0.30222865218350375,0.2632723206341085,0.40930915356284137,0.23167111690067677,0.26118240997049286,0.5575846508705399,0.2740489249434233,0.5150749526776484,0.20170681729626813,0.14290338697489108,0.2971932004628736,0.34711108097318183,0.08440744530252464,0.1555235798173567,0.33774002913464923,0.3837369287313795,0.03527122524106975,0.4312880694710858,0.4923611227600994,-0.23397356627860325,0.08365885739329759,-0.14611389238811084,-0.17228348462788617,0.05736422144458774,-0.18503410277264282,-0.04017002459660985,0.009871078567867213,0.18398185775814557
0.1919576043261983,0.30606584010598586,0.5454093618198094,0.20804278705744111,0.1462830977335384,0.44389713287472965,0.20354885388332192,0.21668907423700756,0.9957375285753517,0.1728943783616677,0.3122789020752913,0.3040981069587164,0.3616972678859058,0.27564787023244874,0.21697973952637353,0.2773364160298744,0.3065437676707969,0.3483466292470623,0.3846286075633003,0.36850266848357444,0.3238345309008959,0.35630865761649555,0.17704360143210104,0.33154532269734416,0.2606718421029896,0.3814433714741302,0.28898513064772124,0.18002710393342392,0.386566121802174,0.15436342878361992,0.3080706126081002,0.38757782160680193,0.27866119089205615,0.3436641555278548,0.1885754600877269,0.37150556406745056,0.3981319513780897,0.2999475827552053,0.29453801487479386,0.12084382039702228,0.17518949820763424,0.31438557795041544,0.2646708912417843,0.048637998571254566,0.1782229574492068,0.3860775692047169,0.2711892078941134,-0.03957408253207293,0.3651494747963268,-0.18545465924591836,0.15969493585983255,0.1807224316863848,0.0829697469443166,-0.15578196353253404,0.18085462088301824,-0.031083744838364315,0.1530771992869957,-0.18478473173523322,-0.16092876547462046
0.21682165091248257,0.22839098623541346,0.4469433912939529,0.3080826245675499,0.24619072532317104,0.24041342650186864,0.2654831447968436,0.32383176471319464,0.1728943783616677,0.8465693727249897,0.23577067306197205,0.35622311441855176,0.3314477838317048,0.24340522727700922,0.2855273761703751,0.2653900770697307,0.3195805377196785,0.331151348121666,0.22364850822659274,0.20623282359525322,0.18242450739662494,0.3778592999459111,0.2485584842038443,0.16895050395402975,0.31923512960063605,0.32523660373375285,0.2211938317285801,-0.08968789534828703,0.3885965010547977,0.08214764540589987,0.21777710484155816,0.23215191576988142,0.1154807217814507,0.284336583354311,0.25168596955183353,0.22029159937201226,0.24326153678580886,0.17825473077850884,0.26412995746868384,0.0974393483668985,0.13055270358166174,0.2020551903602885,0.2288010257021201,0.03277040202275698,0.08409701353127694,0.2765278764369006,0.21781436902750614,-0.1266163272130832,0.24928234260986828,0.02415388534694631,0.06004329426002779,-0.14212247536688702,0.002621508894595548,0.017809064484531505,0.7997475753360512,0.20444318934772407,-0.2062232050471615,-0.7953452451832546,0.06082750665824469
0.19553013701042238,0.22278576933462113,0.299769134424978,0.2958320734398407,0.28155350714256205,0.3585758604771015,0.2957695038242124,0.3371798795120509,0.3122789020752913,0.23577067306197205,0.5774221868071431,0.35981956035900353,0.3836605499926405,0.25082021193259546,0.29746136525990496,0.29575129919210963,0.34524464035335295,0.3616560495839484,0.27407907210031135,0.3859552442863164,0.28520211219623454,0.2781498774553955,0.2314768142440499,0.29507278129337644,0.30608878069340995,0.2926413958667646,0.2814304789639288,0.05407799567908999,0.3994760699996754,0.15827335259904554,0.27869973409879695,0.3253560788899575,0.2162746439651474,0.3385610749117043,0.25090521657969106,0.3066515461542584,0.38162515437056876,0.2629009624733215,0.3340640304673605,0.17634159840049962,0.1572281447303121,0.28771261770755946,0.21901235005827951,0.05007243577146801,0.14841834099406073,0.3411801629362558,0.276543616089068,-0.07029833290441874,0.3009383060290949,0.09134405515490496,-0.025631054225219954,0.029281234731969478,0.03422497551927195,-0.08366366867268372,0.1309974578897299,-0.05489723312413908,0.043990961739907304,-0.11884537488624906,-0.03475803194147537
0.19256009311287928,0.23555360759754312,0.35830790228552917,0.3018765873699812,0.27042284429998303,0.3667058448180383,0.27440643967421124,0.22716186456517443,0.3040981069587164,0.35622311441855176,0.35981956035900353,0.5942811684339708,0.32276657709342516,0.25069689413841606,0.2703725674815306,0.32274646987951633,0.32530712864873673,0.3167629184455214,0.28364156635873217,0.3041070043958753,0.25985056439741566,0.33265557849942085,0.2266356099719832,0.25797345694294016,0.3329608465348388,0.2935914981552792,0.2927175135078977,0.03645946910518385,0.423753569860544,0.1225604631515047,0.2822847605122964,0.32320649082957076,0.18786415937912965,0.3264609291950094,0.25469670693348284,0.39099634763577873,0.3021510690478212,0.23781282161525627,0.2815491965828547,0.1577358268158914,0.12605009020493554,0.2726827271495039,0.18347231674795242,0.04088549155504045,0.14624817678267263,0.34352664268214095,0.2325281580809106,-0.12025116775974753,0.2034822866833414,0.019130497490679233,-0.03670999183202567,-0.020854152820232164,0.04001492006715441,-0.031650538784092776,0.3553635236149548,0.06340406739525928,-0.10938198356950145,-0.3283299589241308,-0.04636135843551809
0.21857455910582452,0.19916064212133075,0.2818523698672913,0.3853867855215727,0.38091780047099966,0.3844967865306312,0.3514459527544901,0.44343083039544084,0.3616972678859058,0.3314477838317048,0.3836605499926405,0.32276657709342516,0.6611623225125397,0.25886260046357923,0.15354943614392447,0.33375138835876156,0.36501675321468935,0.4358555221769807,0.35541038229556937,0.3206961185040246,0.31216323102745275,0.41268230500479774,0.3019683457035646,0.319872770579751,0.3282914035512318,0.388956653185266,0.2873026891792774,-0.021616565790544134,0.501439512564511,0.1305260880575744,0.2805000395251695,0.3511487617442364,0.2583325007912745,0.38342125932282073,0.29222888303304695,0.28038672353418853,0.4450282604788763,0.24811410434783704,0.4122706386303912,0.19648721799719537,0.1590070830587322,0.3080337850027579,0.26116336829898446,0.06133983564006577,0.10657103730614727,0.3465078594511714,0.3012646772230826,-0.06174077897222535,0.41787641278251425,0.28748909262600353,-0.044998021095415584,-0.01967953759465504,-0.09256273133429918,-0.09105462323604478,0.22627790558958744,-0.0673808772290998,-0.10782404626258903,-0.21497760759511264,0.15428549598332608
0.2632285303941103,0.16370485624468492,0.26913870199020806,0.39941006086600334,0.28056413440518607,0.32561707108408255,0.16863942304008658,0.3067308432899906,0.27564787023244874,0.24340522727700922,0.25082021193259546,0.25069689413841606,0.25886260046357923,0.6777815580221647,0.34530402144904704,0.4226959746870844,0.2573810747809949,0.2764125145996653,0.26004977858592815,0.34016204466889477,0.21519753188520896,0.23656170091430545,0.2669755739303066,0.29449765791418425,0.3154968607117743,0.28330049157056425,0.262337039896354,-0.00127252201606357,0.3349343505971786,0.20691035618475623,0.2225372261887659,0.2801969021805451,0.15223190774400544,0.28349814268978557,0.25182330692622285,0.2293218942609124,0.36094196447528737,0.226478562303496,0.3114353289825134,0.16074693375821433,0.1849702798794083,0.2362874148863763,0.3328002809585852,0.07579349362142872,0.11289177889091412,0.25671981894631785,0.2810891462830444,-0.0322418084539725,0.4449429107877163,0.16861006566246903,-0.06531725097809213,0.04358859333608039,-0.09708390108399609,-0.048015420613013504,-0.013306574221507021,-0.03858147985658841,0.03617434897391146,0.05316587546515596,-0.021983176398283014
0.18831973634141405,0.1574370394981931,0.2246923936634079,0.3390717088733645,0.3439976371904493,0.22293323912404145,0.26312605025301916,0.21447535764759046,0.21697973952637353,0.2855273761703751,0.29746136525990496,0.2703725674815306,0.15354943614392447,0.34530402144904704,1.1555552594529441,0.29164822923420564,0.31154136391790854,0.2990331888258652,0.2153511163939491,0.365170656829546,0.27767327128214403,0.0781171957861935,0.2725364478862757,0.28790137573263425,0.42565696085705296,0.26833458811404914,0.2830001755362569,0.02463922181499868,0.4314323870550107,0.3142024205473256,0.2876101853629032,0.25874168907950046,0.20166183602066728,0.326269522233724,0.284707939559597,0.37272278964644684,0.41623854227321255,0.22120206181420615,0.31235552132244243,0.18638343886298328,0.24605628104725183,0.3009644560959243,0.15011748558951157,0.05675350746290331,0.13566452642412902,0.38587905644936454,0.30153198177579227,-0.1609844969123824,0.28296105250165376,0.18775289458533895,-0.014208887240687258,-0.04138813517817089,-0.01045142931382451,-0.06602385808430426,0.05350444281491235,0.039466308662294405,0.0799636879843467,-0.05605503944215604,-0.08848714172647998
0.21679438528235281,0.13103734899432046,0.19373685843995714,0.37568491247176294,0.3392942281321703,0.3223900777556507,0.2775822926780131,0.3118686578014431,0.2773364160298744,0.2653900770697307,0.29575129919210963,0.32274646987951633,0.33375138835876156,0.4226959746870844,0.29164822923420564,0.6389533625813898,0.31895290975795615,0.3089183057942693,0.2869243333727318,0.3197233555856222,0.23502604785182152,0.3502539065441388,0.26235849877986583,0.29768046328519804,0.3370272488055075,0.29222791239334206,0.30361181323982933,0.03342284893699648,0.41275924671020925,0.18043159973003747,0.23961061108210438,0.3204658443062481,0.17525753318947504,0.3388917533638039,0.2929660328556772,0.27488332571822627,0.3670917406878335,0.22531449401841913,0.33312960535952973,0.18056459009026232,0.15705449820362025,0.26689643798721635,0.30943953028977983,0.07625072504373032,0.10816240120468387,0.279778417702458,0.26291139976152317,-0.053094842159436,0.3783013206463156,0.06304933908349303,-0.10201945173786733,0.030663629109417445,-0.0022685285757849203,-0.055212641553665204,0.1734477340595438,-0.03987475162039948,-0.10468627224496828,-0.14958170990504652,0.12919582567405866
0.21336896396334185,0.1821633969415777,0.24789557445273022,0.34675773587573666,0.3164606415312035,0.3917010287551141,0.35570710661546323,0.3821115001242591,0.3065437676707969,0.3195805377196785,0.34524464035335295,0.32530712864873673,0.36501675321468935,0.2573810747809949,0.31154136391790854,0.31895290975795615,0.7833715486138167,0.42537917918637663,0.31129084454264916,0.3862498431616931,0.24512505797211218,0.6104302924334538,0.32902125065991095,0.2737174524120362,0.34664357454449213,0.36257413252213344,0.31300936487937886,-0.06590229763615138,0.41820778751990456,0.08293094521089485,0.2515681049365663,0.2948082117343914,0.24272887603043491,0.34318467416529397,0.23923003666996795,0.18438643026765894,0.4769960462776039,0.24372966295997092,0.4049834455584908,0.18896711949414183,0.11718122343083781,0.2594199625145604,0.4053701330958154,0.06901112406536396,0.14288500941760393,0.2642402864134245,0.28409441098860483,-0.003025255662657649,0.4102247786659688,0.6369641852177353,-0.12340181802551568,-0.1845823842823704,-0.23589406763267604,-0.06518028540469743,0.26386401364346296,-0.034055621672376475,-0.1538920528444375,-0.24555702246425068,0.2392191159878112
0.21040974231271695,0.37797207477423106,0.3366346474106836,0.44915359915273245,0.34456765552724183,0.46646250451792126,0.33172303966167865,0.5123638992184332,0.3483466292470623,0.331151348121666,0.3616560495839484,0.3167629184455214,0.4358555221769807,0.2764125145996653,0.2990331888258652,0.3089183057942693,0.42537917918637663,1.2841535590073303,0.35495002731797254,0.3011658311724674,0.41851848735661046,0.48940314132985024,0.6895260194604755,0.29032327502277466,0.4691282247598416,0.5612058199445088,0.3019431441799454,-0.26684968256525815,0.6170127454361037,-0.01737460284528159,0.43069003721861004,0.3170893808428871,0.3098153019325404,0.5766641331990918,0.26614031633994045,0.4237510242433958,0.7112192420761444,0.2363662805763983,0.58642955739602,0.2677983505763725,0.18647153938223662,0.4004372237340085,0.2558317015386557,0.04152186397973003,0.11913838789776009,0.47732144298862245,0.6055337033862375,0.003942202287776379,0.22229222654126207,0.636605921425508,0.3485115973509073,-0.3475429229342302,-0.3172770460103819,-0.2562943380246893,0.24698783261884824,-0.031111332484223344,-0.22176308137533382,-0.255229466776345,0.2885144011304742
0.1716519011257271,0.15704281464292463,0.31979594695490593,0.2708809460439741,0.4948357962035599,0.5098105373336038,0.1446212693160513,0.4135020021293039,0.3846286075633003,0.22364850822659274,0.27407907210031135,0.28364156635873217,0.35541038229556937,0.26004977858592815,0.2153511163939491,0.2869243333727318,0.31129084454264916,0.35495002731797254,0.9287793968538615,0.1732067402564807,0.33363235023435533,0.4566429172371021,0.09743142886484416,0.295733122797069,0.2936755332747816,0.2981451309996338,0.2521209898517334,0.24213163980223149,0.46091103117027193,0.11675919168937865,0.29802876557007035,0.3508018129514726,0.25571099530929786,0.32542683287043817,0.19160324771368092,0.365083221346541,0.4410084992625876,0.22050677744781158,0.41803287699459624,0.17165557741857917,0.12884844202607637,0.29442956133502085,0.18365522772062073,0.041660045574118294,0.22014602301106814,0.3151060314774293,0.24713843151536635,0.07493242208798222,0.21442561508137317,0.2365923201947839,0.09344710311646949,0.2337478247329728,-0.2664677041297088,-0.13863291953662135,-0.01802255640584805,-0.10083268430539451,0.04416154169237336,0.033218704452057775,0.01254472667614436
0.14399923146652688,0.38147975713946786,0.2690691226646844,0.3101174742334417,0.14956932049739177,0.5797476429723956,0.16771895739104925,0.43373056984323344,0.36850266848357444,0.20623282359525322,0.3859552442863164,0.3041070043958753,0.3206961185040246,0.34016204466889477,0.365170656829546,0.3197233555856222,0.3862498431616931,0.3011658311724674,0.1732067402564807,1.3717283968702851,0.2022859199499039,0.10297830634847799,0.1262846767273565,0.4193084667982059,0.3068838053552595,0.3231005344542848,0.4883718235053631,0.22064049094409746,0.20548795182965854,0.37208822806603664,0.39293868230641266,0.3926363824700372,0.31397406712117276,0.3988883795732416,0.23872341075025386,0.3043178211341873,0.5992646225180899,0.5821468968804575,0.6063186366209151,0.2587816670192687,0.2357485093586666,0.3151037949156252,0.4953715195389932,0.12559647614770808,0.2153146201594633,0.32788310015044825,0.34656127940271486,0.09947464210492779,0.9250168199621478,0.1882799491890689,-0.42611249480952285,0.13578866005869858,0.19683190528584618,-0.13712959409415804,-0.07027214631594979,-0.14807636996176005,0.36962966506356343,0.11128545095450047,-0.217226649202652
0.1658712903639918,0.19364919737656885,0.2373485567780689,0.314382132196265,0.3094616520325037,0.3076521402929684,0.320052933080741,0.30796999185463164,0.3238345309008959,0.18242450739662494,0.28520211219623454,0.25985056439741566,0.31216323102745275,0.21519753188520896,0.27767327128214403,0.23502604785182152,0.24512505797211218,0.41851848735661046,0.33363235023435533,0.2022859199499039,0.8096762770500049,0.0020831672369803246,0.29010122836791946,0.2646716380274802,0.33034317693046744,0.2706497811958131,0.2062328831663739,0.07949396257545296,0.5353020490847087,0.2915436361962721,0.3487612763247628,0.2734223080191026,0.22086670489966986,0.4262578027938317,0.5065993340408831,0.48346483316529043,0.6381777849108885,0.2476452745878716,0.19545154818285762,0.3186168950777421,0.30883402224669376,0.6203970928345565,-0.0449394023356147,0.043041080799682094,0.4672558474588645,0.48098175759906847,0.36747359459477263,-0.26453497516288244,-0.13855799752680162,0.09355816727925113,0.0897379715452072,-0.0005309250097356652,-0.03171423890003357,-0.07239517897859751,-0.07035996685592509,-0.0400438502665363,-0.06916428506754062,0.04774717957666971,0.020717504603525498
0.29158858218217887,0.1780577290797129,0.37386317703719046,0.2761694344887411,0.3682196224726431,0.5032984097651683,0.34986295923017613,0.39747178307675346,0.35630865761649555,0.3778592999459111,0.2781498774553955,0.33265557849942085,0.41268230500479774,0.23656170091430545,0.0781171957861935,0.3502539065441388,0.6104302924334538,0.48940314132985024,0.4566429172371021,0.10297830634847799,0.0020831672369803246,2.6162409350736984,0.34453508734080446,0.08299017904875909,0.3400994497678205,0.5616713630349455,0.3734577655140174,-0.39011597010027377,0.4524370616209497,-0.1929685081505867,0.03495520501725063,0.4128804323386304,0.1234076735072468,0.31459379827735046,0.2041968207714865,-0.3079153070329407,0.2226434719196642,0.10408443120900386,0.3690052021919473,0.003730355504128776,-0.1535020070455081,0.04313216720487137,1.2189398233882374,0.04276972709505402,-0.028085726564575836,-0.0281571690252241,0.18316048040921568,0.2991571936491949,0.7094115296604425,0.5352336337374833,-0.17647833968994414,-0.6174348769925095,-0.06514666215083402,-0.020311128407252448,0.8555858788899533,0.06791566524092324,-0.6675421746060094,-0.7837095877640265,0.6541636963183208
0.16057804598125647,0.09824502456547139,0.12508868024337408,0.41341877906926616,0.3134611566110777,0.2381821469209989,0.32748730259789943,0.3179538776059498,0.17704360143210104,0.2485584842038443,0.2314768142440499,0.2266356099719832,0.3019683457035646,0.2669755739303066,0.2725364478862757,0.26235849877986583,0.32902125065991095,0.6895260194604755,0.09743142886484416,0.1262846767273565,0.29010122836791946,0.34453508734080446,1.591691056093717,0.40791756821828945,0.5187704340839969,0.47282507336087903,0.11639805033904492,-0.9297229412848323,0.7492705074413849,0.08522311553578095,0.15640683125085122,0.13348449298702714,0.3437673990011147,0.49788791895494233,0.2718929377719545,0.30801450736398533,0.6631592403707726,0.08169270981682662,0.6674982806782813,0.35613906819806534,-0.019307875884285383,0.2975290807887647,0.1395724328604968,0.10249987006920486,0.08331618018190291,0.3487685665918711,0.40275616192264246,0.11124519701264815,0.385783963656962,0.8771280212151868,0.010258339268465541,-0.247457671274209,-0.2874523021077817,-0.1578442414733044,0.2296575444937621,-0.054081973827572204,-0.42798528598588875,-0.24725336393245867,0.5483185875520962
0.10271169376579058,0.16869234353425266,0.2387720693002088,0.3945209886211401,0.286822743339849,0.37355212399417526,0.26121764813984283,0.3334850235037928,0.33154532269734416,0.16895050395402975,0.29507278129337644,0.25797345694294016,0.319872770579751,0.29449765791418425,0.28790137573263425,0.29768046328519804,0.2737174524120362,0.29032327502277466,0.295733122797069,0.4193084667982059,0.2646716380274802,0.08299017904875909,0.40791756821828945,0.943443155172801,0.31882056982079326,0.14781029686818895,0.2826493920384542,0.15319337698063332,0.44966536328415285,0.5318808454909973,0.3879644485359533,0.41791361106671004,0.48585276233740554,0.2704884824310459,0.2596985642810003,0.5239950000617708,0.5406082409173117,0.3233244670188476,0.3965410040184769,0.22376629782665056,0.343767312264226,0.3210099476688509,0.12231516511684011,0.11114375169683423,0.06442146781672078,0.5310030043161289,0.4387558112372327,-0.22262429989027674,0.5834200200831289,0.15954450337226747,-0.1607806996880484,0.14679357264622056,0.05304660164294019,-0.1405856280916524,-0.36826772694087495,-0.2437434822383093,0.4454937721915611,0.3801471601064305,-0.27141306345493327
0.21087964154331595,0.17324916668842544,0.2629274593477785,0.37678366076728337,0.31985967607087895,0.33427456147780804,0.32490047560613083,0.3704071865713328,0.2606718421029896,0.31923512960063605,0.30608878069340995,0.3329608465348388,0.3282914035512318,0.3154968607117743,0.42565696085705296,0.3370272488055075,0.34664357454449213,0.4691282247598416,0.2936755332747816,0.3068838053552595,0.33034317693046744,0.3400994497678205,0.5187704340839969,0.31882056982079326,0.8961367849557831,0.3586091304636521,0.2821068161769516,-0.22614858234327204,0.769796831726796,0.2376091879333228,0.3000720940655286,0.3042513113199424,0.22352515283117955,0.4655604063400793,0.35192340150108864,0.4043658763386485,0.5157515893122869,0.2391235209662904,0.38788040398542023,0.2311011758622008,0.17949369247151695,0.344678074113138,0.19430259422276489,0.05416305547023485,0.19250377305154678,0.5045541540219622,0.3720276504392759,-0.22892726048204332,0.19277635139582225,0.05554538422779461,0.1507096751520722,-0.13537215414169207,0.06279264515689897,-0.09620882962703294,0.2299513226189497,0.007978736326893287,-0.09130791498762182,-0.2233967814272969,0.08016855856730981
0.24858464890687315,0.14777698635905437,0.35492715592794155,0.33807635471891695,0.3786259619229638,0.36698518789255546,0.2819442435148387,0.34727850058153814,0.3814433714741302,0.32523660373375285,0.2926413958667646,0.2935914981552792,0.388956653185266,0.28330049157056425,0.26833458811404914,0.29222791239334206,0.36257413252213344,0.5612058199445088,0.2981451309996338,0.3231005344542848,0.2706497811958131,0.5616713630349455,0.47282507336087903,0.14781029686818895,0.3586091304636521,2.92416394414675,0.20936375582455666,-0.352226568597574,0.6742756195300262,-0.7043201380023679,0.26456918507275157,0.49875871884161277,0.26773430353859534,0.5082753986421302,0.40599829889902084,0.2589829667758079,0.5583173444945257,0.25571524410226054,0.6192024935019605,0.4085299727735809,0.08608450418037653,0.39495350407111535,0.28762143826101977,-0.0446126887607762,0.40098243010286555,0.2646237043190821,-0.047392714867525915,0.09365893912469847,0.8762929398666468,0.9442258639973053,0.15203207299086585,-0.3643546456002729,-0.5043250176228821,-0.12660902676510802,0.7153880715541483,0.06054242418060315,-0.6157506480641529,-0.7323715686582071,0.6386784931414041
0.15113168338430388,0.19843211540062083,0.18272645946117816,0.2705189500685059,0.2079241512065904,0.36282759242417667,0.20999476628684272,0.291515291592029,0.28898513064772124,0.2211938317285801,0.2814304789639288,0.2927175135078977,0.2873026891792774,0.262337039896354,0.2830001755362569,0.30361181323982933,0.31300936487937886,0.3019431441799454,0.2521209898517334,0.4883718235053631,0.2062328831663739,0.3734577655140174,0.11639805033904492,0.2826493920384542,0.2821068161769516,0.20936375582455666,0.8887556143926433,0.21557604395235927,0.21852594346876159,0.2589194662906186,0.32772919061985245,0.3741962221899576,0.2262868508000089,0.28583075361620003,0.26687411493145163,0.38533687649876036,0.31925716773734064,0.3040057207065476,0.30764693628549644,0.14649805953241266,0.1858644589666442,0.25069384836851333,0.5539245584400241,0.054049440861223215,0.08617315630828902,0.2720674474367862,0.28102691862170665,0.0008354969312886583,0.5042539445279279,0.0443573303265072,-0.19080875353919452,0.10754397147563546,0.0828274207227744,-0.0806655889319028,0.16458042608754234,-0.06597406651271596,0.2027185125661284,-0.13877693999353966,-0.09307534127279204
-0.10121646626625717,0.2443224032024215,0.30110854723399916,-0.07441153751339218,-0.18574755454662975,0.14817428537167693,-0.16719314364189708,-0.014683987200718698,0.18002710393342392,-0.08968789534828703,0.05407799567908999,0.03645946910518385,-0.021616565790544134,-0.00127252201606357,0.02463922181499868,0.03342284893699648,-0.06590229763615138,-0.26684968256525815,0.24213163980223149,0.22064049094409746,0.07949396257545296,-0.39011597010027377,-0.9297229412848323,0.15319337698063332,-0.22614858234327204,-0.352226568597574,0.21557604395235927,3.373104816797652,-0.6264203019482466,0.2008607433445975,0.3455050766930224,0.22275993073068096,0.20104307319305656,-0.18024488210453174,-0.23090016448301323,0.7021023342748965,-0.03235648834293089,0.2217677564635647,-0.2439588503172423,-0.17737079981876078,0.5686247546625275,0.11259743188806788,-0.10646123776319542,0.22848037161377313,0.022065454408679703,0.16788496332367664,-0.05636206041000051,-0.12161299456332034,-0.3962016921413589,-1.0521839791112664,-0.19847941994246476,1.3614883774118673,-0.27384753688827224,-0.002652127112900424,-0.8303562325420515,-0.04064700892725361,0.7026882304614485,0.7883701430737597,-0.8113108857858116
0.28745594544346953,0.21525424450924024,0.49676919003074693,0.45112598853441666,0.4749905612276159,0.4249908352633403,0.4359643662958941,0.44944058504631196,0.386566121802174,0.3885965010547977,0.3994760699996754,0.423753569860544,0.501439512564511,0.3349343505971786,0.4314323870550107,0.41275924671020925,0.41820778751990456,0.6170127454361037,0.46091103117027193,0.20548795182965854,0.5353020490847087,0.4524370616209497,0.7492705074413849,0.44966536328415285,0.769796831726796,0.6742756195300262,0.21852594346876159,-0.6264203019482466,3.191780604740682,0.27883460157814827,0.2772403807966142,0.44248953554950543,0.34309023314910786,0.6937317793237392,0.6398864250771448,0.7316605060328811,0.7669242183804015,0.18024009160125956,0.6671424930503317,0.44791509282431247,0.4212200035152545,0.5200599496938734,-0.30846358695712456,-0.0862237840656672,0.2949375052816557,0.9517247599116797,0.49910389891286017,-0.7989380611464738,0.5533267842058734,0.6093417444135804,0.14997341811781648,-0.2431338052434269,-0.2504491422877754,-0.052520807924578417,0.40878972707111016,-0.08943349397156013,-0.3786149664288144,-0.5039443804405801,0.6201028065554007
0.04750155150224235,0.08014826686933024,-0.07150546252745306,0.1957120648811696,0.062350954863560265,0.13608697029957306,0.15596758189824422,0.1412944078445389,0.15436342878361992,0.08214764540589987,0.15827335259904554,0.1225604631515047,0.1305260880575744,0.20691035618475623,0.3142024205473256,0.18043159973003747,0.08293094521089485,-0.01737460284528159,0.11675919168937865,0.37208822806603664,0.2915436361962721,-0.1929685081505867,0.08522311553578095,0.5318808454909973,0.2376091879333228,-0.7043201380023679,0.2589194662906186,0.2008607433445975,0.27883460157814827,2.5657768577635225,0.28702526593649863,0.21454280357462305,0.25815574716817047,-0.07874296859231121,0.5272775949484764,0.49234840104178723,0.602583110141096,0.32080207362719515,0.018204795984181496,0.01231965354819773,1.0239639604302084,0.32586676786676966,0.4200896120120332,0.17369567818328857,-0.12316116960025857,0.5483808351547903,1.1856239836973754,-0.4832482167414358,0.9563512080379732,-0.538366995333744,0.14064321125352972,-0.23293379886307936,0.5204206930691683,0.025096094231366398,-0.5557613364222381,-0.14938778560833743,0.6085039034366178,0.8986146842033461,-0.8385823971552191
0.13196997422756307,0.18526638684331986,0.2527310244235906,0.31291495361283267,0.26840837314068655,0.32262280340798816,0.2414322771995482,0.2952693489464046,0.3080706126081002,0.21777710484155816,0.27869973409879695,0.2822847605122964,0.2805000395251695,0.2225372261887659,0.2876101853629032,0.23961061108210438,0.2515681049365663,0.43069003721861004,0.29802876557007035,0.39293868230641266,0.3487612763247628,0.03495520501725063,0.15640683125085122,0.3879644485359533,0.3000720940655286,0.26456918507275157,0.32772919061985245,0.3455050766930224,0.2772403807966142,0.28702526593649863,0.9384073178147702,0.365356511024437,0.3223597581129886,0.3276113979745328,0.28875085616267115,0.7877299608356012,0.5897760279826996,0.37960354400657415,0.4844494387738882,0.2341702100431201,0.4505424458190136,0.3853913702130823,-0.04174512276375537,0.08659444869172712,0.22549226772204314,0.6344117164578758,0.36739923663514407,-0.29496112519424167,0.03596107611378093,0.22364922055290018,-0.0710846671762552,0.0811302608876025,0.0035724534272027794,-0.1594593066862446,-0.015692190807639395,-0.03772228011224367,0.2815964283045719,0.010934238439982284,-0.28755828948340056
0.14838228876948953,0.22228367430640478,0.29815828404584527,0.30887435011088876,0.2847723564388468,0.42457775412389465,0.22335350182415967,0.30222865218350375,0.38757782160680193,0.23215191576988142,0.3253560788899575,0.32320649082957076,0.3511487617442364,0.2801969021805451,0.25874168907950046,0.3204658443062481,0.2948082117343914,0.3170893808428871,0.3508018129514726,0.3926363824700372,0.2734223080191026,0.4128804323386304,0.13348449298702714,0.41791361106671004,0.3042513113199424,0.49875871884161277,0.3741962221899576,0.22275993073068096,0.44248953554950543,0.21454280357462305,0.365356511024437,0.9249563287736189,0.12800781429386648,0.3793608979970803,0.14347023837459139,0.5163215291502903,0.0271690034726267,0.35122895763999046,0.4432325993510996,0.21921572494449224,0.20974094866109813,0.2790255166631017,0.23256249294931045,0.03940930984552359,0.11157943403997697,0.5323953096668993,0.3054252594968497,-0.23005046895692324,0.7368345540839,0.059068121206627855,-0.03523483322673309,0.018098229830171467,0.06799544431600939,-0.10356564083055851,-0.2724750801075552,-0.14494063898477116,1.1613857455590344,0.1428972637013049,-0.9724829926208368
0.1467075583274442,0.10788831485956132,0.19187445769983083,0.2625317946044924,0.25405681356986465,0.20089467831972874,0.2738875925416089,0.2632723206341085,0.27866119089205615,0.1154807217814507,0.2162746439651474,0.18786415937912965,0.2583325007912745,0.15223190774400544,0.20166183602066728,0.17525753318947504,0.24272887603043491,0.3098153019325404,0.25571099530929786,0.31397406712117276,0.22086670489966986,0.1234076735072468,0.3437673990011147,0.48585276233740554,0.22352515283117955,0.26773430353859534,0.2262868508000089,0.20104307319305656,0.34309023314910786,0.25815574716817047,0.3223597581129886,0.12800781429386648,1.8555380768955918,-0.012194332407934931,-0.23740728447688852,0.25007942109350806,1.0527026281082341,0.3051760650992227,0.08481321827350004,-0.04652113415780003,0.09125933482368716,0.3217552377726521,0.15252602704991527,0.12514780292250052,-0.20592574569154135,0.4282002487941367,0.3071294128553009,-0.16201001640793783,0.7141726876559218,0.27087951191904225,-0.048866064443632326,-0.005066631562804577,0.030297224272557908,-0.28489905868614845,0.010961524243127772,-0.07607592753881902,-0.2962182878977595,-0.06093927330096366,0.4560802340163768
0.10333012603898563,0.21802246121344412,0.2881126125297982,0.39546646098948185,0.39312135729781106,0.41670038692872813,0.3129969435342973,0.40930915356284137,0.3436641555278548,0.284336583354311,0.3385610749117043,0.3264609291950094,0.38342125932282073,0.28349814268978557,0.326269522233724,0.3388917533638039,0.34318467416529397,0.5766641331990918,0.32542683287043817,0.3988883795732416,0.4262578027938317,0.31459379827735046,0.49788791895494233,0.2704884824310459,0.4655604063400793,0.5082753986421302,0.28583075361620003,-0.18024488210453174,0.6937317793237392,-0.07874296859231121,0.3276113979745328,0.3793608979970803,-0.012194332407934931,1.5064934519550557,0.5469779879589468,0.415332006565791,0.629565039282743,0.28324324594526873,0.5950169374322772,0.2777217671649601,-0.10653469359789411,0.4557141928786256,0.248605143922186,0.06408440709885874,0.1575902970325077,0.3738495840329308,0.31302428929491066,0.021420026001662575,0.4522076909822101,0.2518907345293858,-0.10986865099791389,-0.056448053517570596,0.0377943167890292,-0.139794087889987,0.15996340615904123,-0.05160580595760953,-0.09918334292279177,-0.2602271114489296,0.30046459545953486
