2.0282147708427165,0.5085807949133936,0.2509924764005703,0.22995603236982684,0.6532972787735767,0.32787139161046713,0.5589631422012382,0.44974336863803727,0.30112565043707623,0.3786545150793397,0.34283121737572614,0.4066839583497235,0.3848982899857523,0.5107960055386443,0.29934673740033413,0.4319488346677925,0.2607064183873072,0.3340640296037211,0.13642707620104183,0.27901221504868906,0.2570772207229074,0.37230180048256123,0.2067924579790943,0.15171939308620647,0.5837495509450507,0.127141744863152,0.2881638365694568,0.02740547814247998,0.4354758717626372,0.07370360824420685,0.27627732927678234,0.26348340907709245,0.1412310969602326,0.04662926134275429,0.12564389107613963,0.2186013996466256,0.10942390576977987,0.15964749017105845,0.4680300972389491,0.17596396451269677,0.25676645570946716,0.2277157097495314,0.14939563023513258,0.21945599358220094,0.23594568346520026,0.2577764567022369,0.27958103350304553,-0.04482809422792994,0.1608320816443474,-0.2956828861848853,0.1136108763270934,-0.07375157282173037,0.28454944370637447,0.047017354037771394,0.2133039582505323,-0.021820886523218775,0.051045334032861864,-0.16282876329078125,-0.03628411639376576
0.5085807949133936,2.9887608397150216,0.1501662713191772,0.044021476793872395,0.28314960717177967,0.304696550081502,0.16049140985275556,0.2554168307889064,0.1200836301590404,0.21307877385852383,0.16102218255747158,0.1934123276061052,0.21453306295789829,0.10858012219906941,0.10017327079418571,0.2385192195591792,0.10537317763575066,0.41338858895020986,-0.074655377842351,0.16408513278349748,0.2472600713791449,0.1587221846115084,-0.004818409790126701,0.037159766218790295,0.3388029890194117,-0.018523112588749953,0.27796076699394096,0.18182027766334793,0.38908124411831674,-0.10409278674276522,0.24429980875526294,0.14220956070049842,0.08778676224128569,0.12696881759635542,0.1000610954179054,0.13222142562517467,0.3062306143276137,0.08702403398953283,0.3114208468772873,0.17328193465839292,0.021728181862931312,0.23082918695373625,-0.011648971446300572,0.10073235504116801,0.3513479017591393,0.17050692982086224,0.19705621871589238,-0.018820112694559507,-0.11924438258004276,-0.5492265498878172,0.5671375580105857,0.03796187369315963,-0.021808456111527073,-0.01216151471316048,-0.31718392089094877,-0.0379511184702149,-0.02474001529317824,0.02745682984245754,0.26551013544109947
0.2509924764005703,0.1501662713191772,1.75663392779443,0.08858331394474409,-0.4098535453441997,0.21272096468817828,0.1667641515266546,0.18922633270870545,0.3432130537064195,0.228860124568025,0.1532785047863272,0.09727543144502805,0.19169025478371618,0.11150093236341574,0.1887397365457603,0.057328226231496575,0.1951145765006907,0.1634438281548118,0.10901807419034448,0.1303539985379057,0.15711244367951588,0.197068502389073,0.06151689872411849,0.10077642654111323,0.1673066248529178,0.14655433578821309,0.12318579949445946,0.19857320795926148,0.09102470519069782,-0.23567190141855593,0.12525012187717513,0.1433171124942889,0.19605972553676435,0.01432279087664684,-0.2015521855460226,0.29466213643434763,0.03069969236958831,0.06492021820560297,0.133378876880994,-0.17121728455597074,0.2835895668199419,0.15704038414639707,-0.0430794953541425,0.14451902448375883,0.178797352010359,0.34169236321161933,0.02336578840210068,-0.022209863748637,-0.192770340387315,-0.10205129034203915,0.08286100071309811,0.019059713970816173,0.09662991563929757,-0.1429159598215154,0.01962541863468844,-0.09366257047186606,0.02031475030761323,-0.14571780507937487,0.026036317089863942
0.22995603236982684,0.044021476793872395,0.08858331394474409,0.9074876529134481,0.5236726846564047,0.3604198734331697,0.3233183482874736,0.2885963429157652,0.17173468967753827,0.1997802593468737,0.26427876171292913,0.30179687737795446,0.2850287793843738,0.28438553674749584,0.1781675516704554,0.3014053091919348,0.23630695557659043,0.2084555381609734,0.04693409690973739,0.2537251973807438,0.16840700824367494,0.22412552974955705,0.19139556603631888,0.17754875992706273,0.1906051717054589,0.26194983763601104,0.1764526729741595,0.053681800246754625,0.2543728288635041,0.052541626670642515,0.13861400121094625,0.1958367307809694,0.11721021833029337,0.29476035674190443,0.1310957325326637,0.14842514896991324,0.13289648753485103,0.14073049877688903,0.22810130726915578,0.09455622389477311,0.13823124366225736,0.15625054124500995,0.20851406064758055,0.19316846834748658,0.08957208657229751,0.10198374927320712,0.17867390973611072,0.00946501502890879,0.13977543743517384,-0.04401038193806927,-0.08901609175408629,0.0007050050860229381,0.09023589280665618,-0.07952131962416524,0.04350122242138538,-0.09054395207322774,-0.1563992046860668,0.06909375381909966,0.12648310702216783
0.6532972787735767,0.28314960717177967,-0.4098535453441997,0.5236726846564047,1.5153844644072532,0.2503611529409179,0.33152076587266033,0.48432366605354693,0.2050630957071207,0.25566710514845514,0.32944280566888345,0.36900392364728607,0.40033355638764634,0.33558696238864716,0.2269666942374184,0.3283366783939104,0.22328473632015064,0.25237640102389847,0.03814578389266809,0.24986681138004055,0.1772608901189211,0.24957397827752,0.24724779008528824,0.17688771960548627,0.14732928946769397,0.250159526237824,0.198472588292323,-0.0008604454488178009,0.3491435705731113,0.07686188945754202,0.1624800086183271,0.2272354185616221,0.06870083868981892,0.40326945640100464,0.25547308309457156,0.10592911683202474,0.08337444516946267,0.1213519442880573,0.363869011392721,0.2264506705269418,0.07113089130970354,0.1620018964043966,0.1818664985483381,0.22100123795413357,0.134354566994518,0.03206718249641307,0.2330261556989736,0.00015207302985253195,0.2483135828409363,-0.19288581367134758,0.04586875300831922,-0.05962797237054104,0.09012921577956948,0.07155198950132062,-0.03385032343080994,-0.0924669282537114,-0.17410528837404832,-0.08701352536237544,0.4045502983307344
0.32787139161046713,0.304696550081502,0.21272096468817828,0.3604198734331697,0.2503611529409179,0.9958622010196864,0.20143157879371573,0.27665084257498784,0.20618901000340745,0.23657789226414985,0.2872268344320575,0.25226305959562195,0.2560137337179048,0.25417814054323096,0.17491286670414977,0.2801666820459834,0.3026416765457774,0.25183059690577825,0.1250228874661934,0.38132074937375404,0.22445219520192838,0.2600587559980713,0.16780972954109905,0.19180464159144722,0.3433318148802894,0.27521031859067535,0.2165886991137145,0.04281457487471767,0.33362597905803737,-0.04214545372728705,0.22028219795567497,0.2842241155393073,0.10934798918117519,0.24013853671984425,0.08098607014575541,0.14346525527720433,0.23974187532168667,0.20450076685943921,0.23054559246139286,0.12664448216693144,0.13892860055488498,0.21127387760957891,0.2267781893913984,0.16434250593069985,0.1607365227725767,0.17140595206498516,0.18172243342857236,-0.023160582067764796,0.03551229330101709,-0.05212125645798412,-0.16389836256098875,-0.08431773361526188,0.10432911550355978,-0.008023131315386614,0.027176966761124844,-0.04105816148281094,0.06380644552971707,0.07678707083510934,-0.0709886585240389
0.5589631422012382,0.16049140985275556,0.1667641515266546,0.3233183482874736,0.33152076587266033,0.20143157879371573,0.5343897910332055,0.18717897893688853,0.24905261705955584,0.19128026558388703,0.2440767204425373,0.28072249430419666,0.2438559102225911,0.1705474283346093,0.16262290044590988,0.2388278497903886,0.19130223743028693,0.20012001032742507,0.034238985193016915,0.19410587438467453,0.15174630472710723,0.23375089419443987,0.12268970313354205,0.12370206187886751,0.22406948173062632,0.157690945888749,0.183887647187126,0.05600061734402004,0.1731954535953901,0.02265289711283115,0.1635119920722304,0.183954727134461,0.10357155360181708,0.16791258142462637,0.05485771833734317,0.14453993133975016,0.11702017776248848,0.10624816686641313,0.23745434959375278,0.06760649035930752,0.11076336443657375,0.14385251489532808,0.11757989373847545,0.14726625699729984,0.09420304290058522,0.12113813435193317,0.13455894049360673,-0.023916317025286748,0.13047673500106538,-0.19217295856214345,-0.007804912290684623,-0.04848327571940224,0.1761132306691712,-0.0661037233166031,0.12792289107202182,0.0464933630352547,0.0014447299931733568,-0.07222264148071803,-0.1230878102392752
0.44974336863803727,0.2554168307889064,0.18922633270870545,0.2885963429157652,0.48432366605354693,0.27665084257498784,0.18717897893688853,0.9394994597187072,0.12259141614682846,0.2575923305238671,0.3813048597580089,0.35665260022843176,0.4069120891834757,0.29510744503382413,0.15729344625544442,0.24712882804637273,0.3029658251847663,0.25832127351662204,0.127596836538359,0.3127034635929355,0.15041143440361118,0.197459791872596,0.19565656975936946,0.1369424190133023,0.11843450491374041,0.23033981857042626,0.23194666199893266,0.07554467794183325,0.30398138382426726,0.10141345797279266,0.10697294149089692,0.20866941901012537,0.07279642134379495,0.228121142026676,0.09075375749506429,0.09504270468547843,0.0865243505465038,0.1321223778074078,0.49832120660164225,0.14287305436358566,0.15399686312381022,0.12836832929829253,0.17567490174093173,0.25345752609860817,0.15111198860148575,0.10823286921848467,0.2631081625477667,0.05337692868253776,0.2621574400894698,-0.1301480879512725,0.0551633978510724,-0.034063702186190835,0.09396579592512423,0.007243032756033303,-0.054609383614032114,-0.11642563965127724,-0.0440509770514793,0.18068904293015825,0.04142086950758634
0.30112565043707623,0.1200836301590404,0.3432130537064195,0.17173468967753827,0.2050630957071207,0.20618901000340745,0.24905261705955584,0.12259141614682846,0.5572340384292692,0.13906268938658425,0.13486849650694333,0.07392324551345865,0.19584037636919915,0.15884532975207521,0.1587464096618229,0.061554794970611566,0.15671178638087943,0.1690148314688231,-0.033319694845273806,0.14474992061528755,0.1194944870911793,0.26648578253837585,0.10445204956479988,0.09176062378082508,0.03645070886295569,0.15555802713026057,0.11611254380110021,0.048906511652169055,0.05422200384305274,-0.057272398170583695,0.14955046271783856,0.1447582408907872,0.10895003563481988,0.0599906266592353,-0.01429944678662747,0.10651722556812876,0.012415460905687023,0.07324182641794,0.14284537055518876,0.03601461434995084,0.05881654178109571,0.11570672766649648,0.0389673645304819,0.1062471466877282,0.1103578852826669,0.16350489357393916,0.09080470575467803,-0.06804550577207324,0.14219748536225413,-0.29687139724045086,0.1741287719916734,-0.06595060129890926,0.13437463644298395,-0.04557533212160921,0.11304908203873905,0.058449746208333896,0.029564690069981626,-0.1802552361438527,-0.03931825274254698
0.3786545150793397,0.21307877385852383,0.228860124568025,0.1997802593468737,0.25566710514845514,0.23657789226414985,0.19128026558388703,0.2575923305238671,0.13906268938658425,0.616464907272381,0.2318703993185734,0.23351790479470805,0.24226118166196628,0.1963292061172627,0.19684469143345834,0.12021060274308631,0.22267005198895598,0.2646297147814774,0.1354764709850559,0.2081980573243728,0.12830337185039872,0.14319670717404312,0.16707307769715143,0.15860870797504412,0.21149402001426304,0.13065865347085176,0.18315866612551307,0.08449974923759601,0.2968209694031281,0.15528216921104915,0.16832956754891093,0.20108387484966778,0.07314609789818532,0.3375826689769513,0.18465961688738283,0.18290432512407354,0.15158427600757687,0.10459988259975807,0.2810583058118682,0.12993058238581387,0.2492020302792765,0.11626867867578722,0.08496923141768577,0.20926581144728038,0.16588815384380726,0.16303006893557911,0.27268377812093453,0.025584982678776128,0.0347891642685001,-0.11060838766934275,0.11074195138866562,-0.14674277088594942,0.046011926862480707,0.05864884198031913,-0.03392054205616372,-0.05366268131728204,0.17460176951475964,-0.07846046802354818,-0.019349470724637708
0.34283121737572614,0.16102218255747158,0.1532785047863272,0.26427876171292913,0.32944280566888345,0.2872268344320575,0.2440767204425373,0.3813048597580089,0.13486849650694333,0.2318703993185734,0.5606520443509695,0.4049455912781581,0.30023917744604145,0.19148531466530824,0.23875354761656575,0.27054073517351757,0.260351096075473,0.19742853519146883,0.10995372148406302,0.2923408520572144,0.17581663447591125,0.19948675661121643,0.1248942171981127,0.14942392818288772,0.10077838988478016,0.22732137154837515,0.23024228282233805,0.08365487479876228,0.23878672989949384,0.07828155347426645,0.20938636854533232,0.226116468371443,0.08964844401797897,0.21663544940331397,0.16504793383594105,0.14382893586884798,0.06537999271260472,0.13652994426998333,0.3333896869363476,0.15221054399160763,0.1056835225460464,0.16294226488480354,0.14204107976502975,0.15976067470398178,0.20332926236289522,0.13481608123309355,0.20049241822712657,0.015962473525386496,0.1447744544243041,-0.1992146457490922,0.05582085017117812,-0.04910366265479114,0.18984577246451792,0.01206299345870046,0.006383456332556108,-0.01695883014413405,-0.004629427941350493,0.008672028666889178,-0.027664874689797742
0.4066839583497235,0.1934123276061052,0.09727543144502805,0.30179687737795446,0.36900392364728607,0.25226305959562195,0.28072249430419666,0.35665260022843176,0.07392324551345865,0.23351790479470805,0.4049455912781581,0.830080033218297,0.27882046639109864,0.22759887860382505,0.201798502563482,0.3018451626866055,0.20408996982211214,0.17626828020296617,0.130947738178286,0.24592627764164143,0.13202698445514294,0.1806590075515537,0.14100418633503217,0.14126188954513805,0.20599852937986587,0.2189435958980433,0.28175629468066943,0.06832409878378728,0.2095189902795281,0.07847884634911384,0.1165516110988035,0.2515091816684194,0.11320266784707896,0.22005791177588793,-0.012533520958623413,0.12802406558589013,0.04516323401987436,0.13134704435647987,0.2946229763825488,0.10165994273438148,0.1325863882051354,0.11700587712923886,0.14143686896175894,0.15207970451830413,0.10663085403292018,0.12451336503434428,0.19225472300177796,0.02939850864561248,0.1756995388417417,-0.16397044823480653,-0.0034130835172353447,0.03854599732301659,0.19642977111650511,-0.022290277423567616,-0.022841436974272204,-0.008449532612293252,-0.04069443369386176,0.10929590541958725,-0.06895481051550441
0.3848982899857523,0.21453306295789829,0.19169025478371618,0.2850287793843738,0.40033355638764634,0.2560137337179048,0.2438559102225911,0.4069120891834757,0.19584037636919915,0.24226118166196628,0.30023917744604145,0.27882046639109864,0.5400459967946535,0.2171885730390071,0.16148885835533255,0.2698904981026037,0.24448839004653605,0.22436471888132198,0.10081279182382616,0.2293670205942409,0.17222438437092838,0.24295435040023936,0.18681012722998525,0.16114307657438082,0.12220833162585319,0.1549721752305568,0.21551427164415532,0.06358297340106592,0.2885888751794573,0.08361189408556219,0.13578773262759403,0.2089496477375836,0.11420986182941463,0.2265648943414224,0.15632966945351517,0.1413831355658701,0.11204505856204905,0.10211981432905877,0.4047635959970006,0.11895198282999697,0.15067072875510726,0.15798756489031687,0.12936858860639733,0.24193420408505187,0.10592043509088106,0.14127826794355655,0.2106498762211565,0.012011734519341575,0.19719627732759404,-0.12329033597697552,0.03238531745007426,-0.08835588994712167,0.1304070282902462,-0.01729714547181888,0.06180077604131741,-0.06542192058555157,-0.08723179407878483,-0.14001368887799248,0.22877914575404773
0.5107960055386443,0.10858012219906941,0.11150093236341574,0.28438553674749584,0.33558696238864716,0.25417814054323096,0.1705474283346093,0.29510744503382413,0.15884532975207521,0.1963292061172627,0.19148531466530824,0.22759887860382505,0.2171885730390071,0.5311803920431175,0.21150260743658075,0.3551562846058369,0.2054160899500407,0.15323030221964562,0.12177927491752012,0.21869576883000721,0.15295995939192034,0.24617760072092032,0.16657918727326432,0.1558451502239687,0.23019483394004042,0.21404001323143843,0.16933253529720996,0.0501872617151045,0.2798355670574802,0.12482480626063894,0.13747224693700016,0.18635703447104524,0.09253044630617686,0.14054486260766297,0.1632361672409085,0.171531598053131,0.08415303786882873,0.12024021896107166,0.1744254669457202,0.13338814486547268,0.20757794471184768,0.1389595166977411,0.18637835376835293,0.13745353456808682,0.18008275122525158,0.1446025475273763,0.19692166089271956,-0.0238828600234457,0.1368247934327186,0.015932737713685342,0.0017066609746114697,-0.04895341808809864,0.06327405596753845,0.05755970639713766,-0.053201360239909505,-0.06921514411972768,-0.03825300397445415,0.12080272297358748,0.048335222827964666
0.29934673740033413,0.10017327079418571,0.1887397365457603,0.1781675516704554,0.2269666942374184,0.17491286670414977,0.16262290044590988,0.15729344625544442,0.1587464096618229,0.19684469143345834,0.23875354761656575,0.201798502563482,0.16148885835533255,0.21150260743658075,0.5580888404174714,0.19407028714167085,0.18135254600284342,0.12771805772910863,0.1325262172196821,0.1709444005709805,0.1663643935290343,0.1655215614400443,0.09525719844721287,0.16199331591381796,0.09947367398523042,0.23088985674022508,0.16687525340503465,0.11379139781223234,0.19312324541718393,0.1345086656595843,0.17775900217961282,0.165724590694221,0.14800901012380782,0.14714460741864246,0.14298607826790696,0.16942451299566696,0.09258839653434658,0.0880974627293021,0.16149195743190253,0.08275156623016301,0.20747166170788042,0.1545787566330566,0.10682764120033404,0.09044812555244723,0.1824692537837673,0.13590238834710894,0.16642727534981075,0.018987548378046257,0.10367871922652973,0.12651559835599271,-0.10750844133618781,0.07335393422172097,-0.046335160493525256,0.029061491372176923,0.025970451232590147,0.019179461415223267,-0.027144557124096337,-0.044364430203591564,-0.012412046931019561
0.4319488346677925,0.2385192195591792,0.057328226231496575,0.3014053091919348,0.3283366783939104,0.2801666820459834,0.2388278497903886,0.24712882804637273,0.061554794970611566,0.12021060274308631,0.27054073517351757,0.3018451626866055,0.2698904981026037,0.3551562846058369,0.19407028714167085,1.2049591232724977,0.24314803498181745,0.13460502876450003,0.15958010946760792,0.38214508965004373,0.17900814146489974,0.520667273261653,0.04793425333478785,0.1548068250411738,0.12896369800158675,0.17335364231411307,0.3105706301076606,0.16263692098057217,0.3562290370847414,0.20976930169855793,0.15158141157168872,0.27503332789167,0.002120513637845812,0.1796108732948455,0.31230242490016213,0.2010040833599452,0.17410864985392527,0.18711987301683192,0.3318453512327248,0.1952688255887832,0.1311421153518641,0.1755097060347702,0.3296548742962372,0.137385670533044,0.17864000001568725,0.17341274331599033,0.2242335755203561,-0.16999786183665863,0.31496903422918454,-0.11037711390770925,-0.21458515324715208,0.08479111692853884,0.23047350249906703,-0.05391699131585166,0.07096029303394685,-0.028919921908399582,-0.18344640360731526,0.061606955547040466,0.12341988256761485
0.2607064183873072,0.10537317763575066,0.1951145765006907,0.23630695557659043,0.22328473632015064,0.3026416765457774,0.19130223743028693,0.3029658251847663,0.15671178638087943,0.22267005198895598,0.260351096075473,0.20408996982211214,0.24448839004653605,0.2054160899500407,0.18135254600284342,0.24314803498181745,0.5592243515064778,0.15646666264854156,0.14689503507681698,0.3077871329870482,0.1724936574950555,0.2283275304089389,0.1431114266345383,0.1645577316324147,0.3448786315867217,0.1944115324080006,0.19034562558458357,0.10782362580517674,0.2753760876644284,0.10302662424965249,0.15369113856189912,0.1706284170224154,0.1227736059581952,0.2046642570432031,0.18334131008222823,0.19859619190187933,0.23528086515199173,0.15875652770054177,0.21622906737424413,0.12187926537547795,0.18369605035282152,0.16196084864393406,0.19241100784517592,0.16545524709249462,0.17821019545136432,0.1884551649403943,0.20833728118474565,-0.012869396813760892,0.023182054144335874,-0.04942288650685663,-0.014099055964242298,-0.22523477357545724,0.08572881731480039,-0.041680046364332174,0.01973763424909974,-0.07199248761579614,-0.04187812531505505,0.038568781937643674,0.04212822978290818
0.3340640296037211,0.41338858895020986,0.1634438281548118,0.2084555381609734,0.25237640102389847,0.25183059690577825,0.20012001032742507,0.25832127351662204,0.1690148314688231,0.2646297147814774,0.19742853519146883,0.17626828020296617,0.22436471888132198,0.15323030221964562,0.12771805772910863,0.13460502876450003,0.15646666264854156,0.7418618153710961,0.10727947046512187,0.07048136731912684,0.1971118667490945,0.17362417277376072,0.36797025044588005,0.15872788219605244,0.1737708236985702,0.24246870250632901,0.07632186789866237,-0.05554077683474738,0.28264683970534726,-0.0247996037165504,0.3593520836775746,0.21103386146538947,0.14537800772033574,0.2910064813975653,0.12199480603830991,0.14967588605864157,0.11490425646712178,0.04419345486501108,0.18788654219129097,0.13449052059361172,0.10514293972931997,0.19043041900578792,0.16993363972822487,0.1635051276459268,0.25990762902488757,0.1897170645156976,0.35648892951889977,-0.005336345924203749,-0.01912592035679107,-0.32799878558584034,0.39396619428333807,-0.3460991719016492,-0.08765979187419079,-0.056580340778924466,0.0052445798027736384,0.013644556140460985,0.1072033378306961,0.06794871311631086,-0.2144227838006443
0.13642707620104183,-0.074655377842351,0.10901807419034448,0.04693409690973739,0.03814578389266809,0.1250228874661934,0.034238985193016915,0.127596836538359,-0.033319694845273806,0.1354764709850559,0.10995372148406302,0.130947738178286,0.10081279182382616,0.12177927491752012,0.1325262172196821,0.15958010946760792,0.14689503507681698,0.10727947046512187,0.8277762015674606,-0.003325910897218487,0.10903918320550751,0.1124797441873027,0.04597012767926096,0.12039148985914006,0.11956902734830302,0.2008285367622579,0.05899284783559511,0.16399488887726513,0.13393843051844448,0.1973747067664302,0.11973486598095537,0.14204593604582416,0.15196513908585196,0.09522840192828921,-0.011687654968052352,0.19115746264078917,0.03301421345081853,0.025419069659354792,0.04510539671774733,-0.020184941632596647,0.2682088644565556,0.09496030176246119,0.07001164643879514,0.0650733318114431,0.04427635908731572,0.12422451733186572,0.12269825171743809,0.010517795213686544,-0.014292343854498188,0.30652806872880944,-0.16744067262100992,-0.14673722292834407,-0.14631392983719385,-0.05432904310584879,-0.03549769560188856,-0.03152444199255074,0.0028227329737508054,0.08607808548823924,-0.04733294033632564
0.27901221504868906,0.16408513278349748,0.1303539985379057,0.2537251973807438,0.24986681138004055,0.38132074937375404,0.19410587438467453,0.3127034635929355,0.14474992061528755,0.2081980573243728,0.2923408520572144,0.24592627764164143,0.2293670205942409,0.21869576883000721,0.1709444005709805,0.38214508965004373,0.3077871329870482,0.07048136731912684,-0.003325910897218487,1.1927424633931425,0.10670509003244064,0.24531055184123515,0.13227663977725765,0.22640617830770576,0.2777779161164888,0.11786188516304867,0.31228916683025504,-0.03323326362036122,0.413139717790665,0.39093240028519777,0.12622260855034678,0.2305834043954158,-0.053306485185148675,0.3168506793725725,0.43290476431929426,0.16332746907892864,0.5127844066578028,0.5104388936190734,0.34543730771625575,0.31480396291872825,-0.027153581620555717,0.1130195887255541,0.3382595114952423,0.1055912897020193,0.14145442597874355,0.25178677341369393,0.26508403795828905,-0.009516675059216946,0.171152258959776,-0.14354768172502888,-0.2000877296834754,0.0657797485970638,0.41130144037766675,-0.05909850008744833,0.05007318889154721,-0.0728677282006741,0.04294275801117387,-0.005277687009414791,0.026826705314734665
0.2570772207229074,0.2472600713791449,0.15711244367951588,0.16840700824367494,0.1772608901189211,0.22445219520192838,0.15174630472710723,0.15041143440361118,0.1194944870911793,0.12830337185039872,0.17581663447591125,0.13202698445514294,0.17222438437092838,0.15295995939192034,0.1663643935290343,0.17900814146489974,0.1724936574950555,0.1971118667490945,0.10903918320550751,0.10670509003244064,0.431447152574317,0.15759132133862774,0.0888073053888258,0.18080383835502317,0.1588320147777866,0.23068839092156765,0.10834913399748339,0.16024042726291823,0.11634983064830785,0.02142387189628112,0.29981002963680836,0.1593618498621893,0.30668131492878536,0.0983402881619258,0.14808625337726045,0.2360190369092108,0.12108754126426002,0.09548739830957619,0.15224974942069053,0.1356709183773786,0.2404325093372519,0.40414943095473943,0.18172928307345007,0.10551036424077004,0.4691161550733976,0.13062101638933707,0.1807542841180118,0.09197667107062413,-0.0413571289073137,-0.0383003307244193,0.05820960924919718,-0.12563077796493724,0.013853819360051511,-0.012871509042299337,0.015570327245336326,-0.01630804936616439,-0.10486212805656417,0.005491952703885929,0.043856591791731396
0.37230180048256123,0.1587221846115084,0.197068502389073,0.22412552974955705,0.24957397827752,0.2600587559980713,0.23375089419443987,0.197459791872596,0.26648578253837585,0.14319670717404312,0.19948675661121643,0.1806590075515537,0.24295435040023936,0.24617760072092032,0.1655215614400443,0.520667273261653,0.2283275304089389,0.17362417277376072,0.1124797441873027,0.24531055184123515,0.15759132133862774,0.6122264068019427,0.14111126073115837,0.15706518351535886,0.12370858407868737,0.16970947113629994,0.20237481975997187,0.06961812276691777,0.23018116770298136,0.10004772638602646,0.1388582007212567,0.23101035691933977,0.11262493482484716,0.12443847939592016,0.1397900431554013,0.19411883951682093,0.0958633427238613,0.13770495347701894,0.21962264042456225,0.11328231550634962,0.108230935448378,0.15392474508670023,0.19219086226113308,0.14375610611103962,0.13366741004657842,0.22781089601941482,0.17895536737606438,-0.23619776484750893,0.2660083046764279,-0.13403733991735933,-0.043925045817330116,-0.09275914673095927,0.16848133900081683,-0.04299924547609273,0.07286048801135497,0.012114440463513256,-0.06801237659612673,-0.043958737216100496,0.020381973609956146
0.2067924579790943,-0.004818409790126701,0.06151689872411849,0.19139556603631888,0.24724779008528824,0.16780972954109905,0.12268970313354205,0.19565656975936946,0.10445204956479988,0.16707307769715143,0.1248942171981127,0.14100418633503217,0.18681012722998525,0.16657918727326432,0.09525719844721287,0.04793425333478785,0.1431114266345383,0.36797025044588005,0.04597012767926096,0.13227663977725765,0.0888073053888258,0.14111126073115837,1.3183864699357566,0.2676635032836896,0.21536970391990312,-0.102537567382624,0.05311825175866306,-0.49959509031759,0.45363368530074416,0.13932806407807904,-0.3322304152505955,0.06820015501619953,0.12750712074963805,0.3502464267583277,0.07638071597980672,0.31986974918975836,0.19531332845011534,0.054202488901103164,0.27535863573649166,0.16067122531896508,0.304565800486455,0.06964598747882611,0.180918009766136,0.3837860566453115,-0.1756290000159979,0.1524812902914922,0.2603517016026869,0.0586133364973308,0.05037011738334962,-0.16980263044688937,0.019094567527664016,-0.2344437458749168,0.23462166845211768,-0.0021037835682510015,-0.05564363146016536,-0.0374712077758482,-0.07571410158942267,0.05417912955324781,0.13645767600561035
0.15171939308620647,0.037159766218790295,0.10077642654111323,0.17754875992706273,0.17688771960548627,0.19180464159144722,0.12370206187886751,0.1369424190133023,0.09176062378082508,0.15860870797504412,0.14942392818288772,0.14126188954513805,0.16114307657438082,0.1558451502239687,0.16199331591381796,0.1548068250411738,0.1645577316324147,0.15872788219605244,0.12039148985914006,0.22640617830770576,0.18080383835502317,0.15706518351535886,0.2676635032836896,0.6386307848582216,0.25217844239142545,0.15878681461738234,0.12276067693018403,0.14318944717565368,0.08182326650290485,0.4315316144088033,0.16028598482102463,0.3018989852526047,0.5630041758670337,0.2556243264540277,0.26701890180137844,0.2991126598322722,0.4629483150204262,0.17772146302908326,0.17424275670317446,0.10179938123013631,0.15076888905872912,0.15801613081397417,0.12364081487308544,0.1812776120285134,0.23148045810930337,0.17188808025978156,0.2743374891292675,0.08269977324144549,-0.010307774058887022,-0.00394909369217616,-0.09810190498335676,-0.10849795059092388,0.1431784953186018,-0.03743407468978181,-0.012626856905881936,-0.08654584447523883,0.09960820697393329,-0.09371757919219872,0.07815001938881304
0.5837495509450507,0.3388029890194117,0.1673066248529178,0.1906051717054589,0.14732928946769397,0.3433318148802894,0.22406948173062632,0.11843450491374041,0.03645070886295569,0.21149402001426304,0.10077838988478016,0.20599852937986587,0.12220833162585319,0.23019483394004042,0.09947367398523042,0.12896369800158675,0.3448786315867217,0.1737708236985702,0.11956902734830302,0.2777779161164888,0.1588320147777866,0.12370858407868737,0.21536970391990312,0.25217844239142545,2.6058796164767335,0.09463204546983811,0.20054780583879359,0.1997278045667744,0.2814846598920857,0.09123306632935985,-0.08468938798485123,0.14325826499108335,0.11642428534986897,0.17733538322676343,0.1521449381461922,0.3129522369488203,0.044239757873120705,0.18920682638190364,0.3722124270308736,0.16743732261150765,0.28185755295536874,0.12327183566872144,0.18401669980355645,0.2374508698446944,0.48623922354158283,0.3298042093645851,0.1647306638874055,0.002301174385704237,-0.5094748304765031,-0.13813361801471302,0.5651022982966796,0.4757598093219402,0.014537281933889791,-0.10325550962101823,-0.008236687963033461,-0.07227274181572475,0.037340653714220205,0.058935390038139635,-0.04241439034616065
0.127141744863152,-0.018523112588749953,0.14655433578821309,0.26194983763601104,0.250159526237824,0.27521031859067535,0.157690945888749,0.23033981857042626,0.15555802713026057,0.13065865347085176,0.22732137154837515,0.2189435958980433,0.1549721752305568,0.21404001323143843,0.23088985674022508,0.17335364231411307,0.1944115324080006,0.24246870250632901,0.2008285367622579,0.11786188516304867,0.23068839092156765,0.16970947113629994,-0.102537567382624,0.15878681461738234,0.09463204546983811,1.5084393906319498,0.2130179932810713,0.20156949221578233,0.03389359781635788,-0.020244768484483328,0.6054650207048576,0.4189268367585298,0.04559220951670201,0.26043800655334554,0.09024192971625529,0.18517206793211682,-0.44191860276624595,0.03652776949403776,-0.43233667043582164,0.07251572911558674,0.17545968328640169,0.23020725112594123,0.22026807568960263,-0.1471233043320191,0.3400703320626976,0.18366469862483406,0.16008161362909387,-0.06451136188676496,0.04734310255831593,0.0946772724859277,-0.05865784901898104,-0.3293998074609557,-0.16261941886651834,-0.08445233183762987,-0.1369956460736022,-0.061970869463330414,-0.06909037395931801,0.24624449106197227,-0.15750837036115073
0.2881638365694568,0.27796076699394096,0.12318579949445946,0.1764526729741595,0.198472588292323,0.2165886991137145,0.183887647187126,0.23194666199893266,0.11611254380110021,0.18315866612551307,0.23024228282233805,0.28175629468066943,0.21551427164415532,0.16933253529720996,0.16687525340503465,0.3105706301076606,0.19034562558458357,0.07632186789866237,0.05899284783559511,0.31228916683025504,0.10834913399748339,0.20237481975997187,0.05311825175866306,0.12276067693018403,0.20054780583879359,0.2130179932810713,0.6938822820637192,0.1097841687067741,0.20648251974697907,0.11751196881326678,0.11438847644853566,0.26368388703203754,0.011896339347523332,0.16198359767569198,0.14752295062753334,0.17119617332569578,0.11841222260882911,0.15435849680451874,0.22066268594488625,0.14403921987702495,0.09483775072767844,0.10447743920929548,0.21276381322377674,0.08972792418260915,0.13694413203449776,0.18888543210108003,0.15243914587619706,-0.0005285668067937951,0.23084053534806492,-0.03565806290642378,-0.09183726299435716,0.0828625455676253,0.16543269190890944,-0.02512978087885138,0.05324864977302272,0.005883071309240539,0.07678359305945208,-0.017747481028971085,-0.07010404548484639
0.02740547814247998,0.18182027766334793,0.19857320795926148,0.053681800246754625,-0.0008604454488178009,0.04281457487471767,0.05600061734402004,0.07554467794183325,0.048906511652169055,0.08449974923759601,0.08365487479876228,0.06832409878378728,0.06358297340106592,0.0501872617151045,0.11379139781223234,0.16263692098057217,0.10782362580517674,-0.05554077683474738,0.16399488887726513,-0.03323326362036122,0.16024042726291823,0.06961812276691777,-0.49959509031759,0.14318944717565368,0.1997278045667744,0.20156949221578233,0.1097841687067741,2.9870505808573866,-0.20660680762889377,0.09645797088300094,0.2729984050950616,0.23480223462887556,0.35733054987769997,0.030722855666889058,-0.10237820357693851,0.7392447265454045,-0.057430430937075984,0.021627213637333383,0.07560515154381285,-0.16213792939382185,0.6959284577781756,0.19664023578225306,-0.013657616545736507,0.7117026631705451,0.32851953901023406,-0.21200691056044216,-0.06825253607994501,0.24244312010182487,-0.23906095126649218,-0.2995488688087656,0.025375609487270495,0.7328111584013423,-0.5562808599021891,0.048336269236952216,-0.13374451361073325,0.03498773006742981,0.12469465183738163,-0.02914987888185858,-0.06109034654396012
0.4354758717626372,0.38908124411831674,0.09102470519069782,0.2543728288635041,0.3491435705731113,0.33362597905803737,0.1731954535953901,0.30398138382426726,0.05422200384305274,0.2968209694031281,0.23878672989949384,0.2095189902795281,0.2885888751794573,0.2798355670574802,0.19312324541718393,0.3562290370847414,0.2753760876644284,0.28264683970534726,0.13393843051844448,0.413139717790665,0.11634983064830785,0.23018116770298136,0.45363368530074416,0.08182326650290485,0.2814846598920857,0.03389359781635788,0.20648251974697907,-0.20660680762889377,2.3446421529571277,0.19433864514184324,-0.2877117082946612,0.23143714923628933,-0.6902370328579156,0.669805430911339,0.7637931128577476,0.3178126130687775,-0.13630406759839014,0.08406976758505624,0.42200873212860374,0.36334726281407276,0.4614854955421536,0.09562809615119126,0.40533152858014193,0.09297363591703187,0.07425662556901842,0.18860329205826967,0.35137793429776915,-0.19668062916772797,0.19515033886449373,0.33512895017375177,-0.23159242005417746,-0.047375741122317815,-0.15254020902165386,0.12348736822797009,-0.09463239900606213,-0.11989055092954498,-0.13909998711950294,0.22434894663333577,0.11831925154502784
0.07370360824420685,-0.10409278674276522,-0.23567190141855593,0.052541626670642515,0.07686188945754202,-0.04214545372728705,0.02265289711283115,0.10141345797279266,-0.057272398170583695,0.15528216921104915,0.07828155347426645,0.07847884634911384,0.08361189408556219,0.12482480626063894,0.1345086656595843,0.20976930169855793,0.10302662424965249,-0.0247996037165504,0.1973747067664302,0.39093240028519777,0.02142387189628112,0.10004772638602646,0.13932806407807904,0.4315316144088033,0.09123306632935985,-0.020244768484483328,0.11751196881326678,0.09645797088300094,0.19433864514184324,2.823064555552716,0.197876603829209,0.08567430034351375,0.12015011037472821,0.2451865799581938,0.5449546702707073,0.06801546300918854,0.3633960572268301,0.2950784961373786,0.47472391752741544,0.07823379946075933,0.34778592177424367,-0.011729180817900276,0.3854818889439743,0.3298706074388362,0.365602890416543,0.29280492514623757,1.0663150928823382,0.17226430154563846,0.6483457305005752,-0.0991939904710631,-0.14363462771120503,-0.3768647639583384,0.33945110896784403,0.041736296570163166,-0.10328389473384872,-0.08015974738902508,-0.017710467198107524,0.2529870961863132,-0.144691155372081
0.27627732927678234,0.24429980875526294,0.12525012187717513,0.13861400121094625,0.1624800086183271,0.22028219795567497,0.1635119920722304,0.10697294149089692,0.14955046271783856,0.16832956754891093,0.20938636854533232,0.1165516110988035,0.13578773262759403,0.13747224693700016,0.17775900217961282,0.15158141157168872,0.15369113856189912,0.3593520836775746,0.11973486598095537,0.12622260855034678,0.29981002963680836,0.1388582007212567,-0.3322304152505955,0.16028598482102463,-0.08468938798485123,0.6054650207048576,0.11438847644853566,0.2729984050950616,-0.2877117082946612,0.197876603829209,2.0787775605224126,0.328572121504451,0.37954114376205306,0.19033156066907822,0.3179388806417151,0.2231653162333556,0.13442503808744183,0.16458085630901484,-0.11492015130257334,0.07205304157190373,-0.27978193976141036,0.27512984332944296,-0.0038640195149528974,-0.0674039225303942,0.6388299841902255,0.2162246388264174,0.3295933237529913,-0.0650347033746302,-0.45152383413716624,-0.05159984331407234,0.2051221645255161,-0.2592599246076585,-0.19221246399123992,-0.05374474571138547,0.049401366359994314,0.05425489218303856,0.23295199149170973,-0.18604323395952754,-0.18967516671762558
0.26348340907709245,0.14220956070049842,0.1433171124942889,0.1958367307809694,0.2272354185616221,0.2842241155393073,0.183954727134461,0.20866941901012537,0.1447582408907872,0.20108387484966778,0.226116468371443,0.2515091816684194,0.2089496477375836,0.18635703447104524,0.165724590694221,0.27503332789167,0.1706284170224154,0.21103386146538947,0.14204593604582416,0.2305834043954158,0.1593618498621893,0.23101035691933977,0.06820015501619953,0.3018989852526047,0.14325826499108335,0.4189268367585298,0.26368388703203754,0.23480223462887556,0.23143714923628933,0.08567430034351375,0.328572121504451,0.9147885037086109,-0.024843187548458108,0.2773380632656319,-0.05198229330433156,0.3046001458302639,-0.1291736322402325,0.126587391617703,0.12435947020496792,0.0622813688321574,0.028009581124023904,0.13965572314310373,0.04464311280576554,0.09540354199335425,0.13828368814657907,0.18876899354247537,0.21189562524005917,-0.08284230901544185,0.059683888693450544,-0.16131304696790133,0.027447366252988666,-0.15306484979807006,0.10127890606891514,-0.03192842622685179,-0.07383851592620924,-0.05115307530107054,0.4294995750677444,-0.095285414923449,-0.23301217768400462
0.1412310969602326,0.08778676224128569,0.19605972553676435,0.11721021833029337,0.06870083868981892,0.10934798918117519,0.10357155360181708,0.07279642134379495,0.10895003563481988,0.07314609789818532,0.08964844401797897,0.11320266784707896,0.11420986182941463,0.09253044630617686,0.14800901012380782,0.002120513637845812,0.1227736059581952,0.14537800772033574,0.15196513908585196,-0.053306485185148675,0.30668131492878536,0.11262493482484716,0.12750712074963805,0.5630041758670337,0.11642428534986897,0.04559220951670201,0.011896339347523332,0.35733054987769997,-0.6902370328579156,0.12015011037472821,0.37954114376205306,-0.024843187548458108,2.0816290545921565,-0.22897440677865186,-0.31603566148172074,0.0031551991541900336,0.9971876256326214,0.08403903929006452,0.07208550288498697,-0.10866910799215859,0.21942428499437314,0.2624567557201721,-0.029969666353892917,0.2502021449220649,0.47203843157444814,0.10722643790335695,0.13817065750221227,0.29915064651813955,-0.17215082434465617,0.016806236625600206,-0.05237496017931874,-0.17387425722222383,0.0894632052839515,-0.08650458586908584,0.04483717460039765,-0.07743243394795998,-0.09688921651282083,-0.0642525870370192,0.13987466276721847
0.04662926134275429,0.12696881759635542,0.01432279087664684,0.29476035674190443,0.40326945640100464,0.24013853671984425,0.16791258142462637,0.228121142026676,0.0599906266592353,0.3375826689769513,0.21663544940331397,0.22005791177588793,0.2265648943414224,0.14054486260766297,0.14714460741864246,0.1796108732948455,0.2046642570432031,0.2910064813975653,0.09522840192828921,0.3168506793725725,0.0983402881619258,0.12443847939592016,0.3502464267583277,0.2556243264540277,0.17733538322676343,0.26043800655334554,0.16198359767569198,0.030722855666889058,0.669805430911339,0.2451865799581938,0.19033156066907822,0.2773380632656319,-0.22897440677865186,1.6800225092861283,0.686562072955629,0.2199373371842141,0.34903009102919424,0.1579864930648518,0.19376615309637898,0.15944731277736615,-0.023628976213327674,0.0935809808497193,0.33249903737647624,0.31309470403142287,0.20784158706054037,-0.037628932101784966,0.32415846093885065,-0.06541424112549732,-0.11134248963899947,-0.16576362319656954,0.011066605541569059,-0.24329363795032155,0.09087665140966347,0.02931874222110998,-0.08514372008795987,-0.05603505795502134,0.006779452174285705,0.023527734221619107,0.06893784718733068
