1.2486955299657287,0.25513186605676547,0.06998921533563611,0.20885237664367462,0.24632556469311995,0.09497097337774853,0.12950586403874828,0.10326329661624807,0.024141465669350298,0.141905954899781,0.12582277422512156,0.1402246169140733,0.04767652427011912,0.09301812498230697,0.21446831835229624,0.12763700545592982,0.02756598491001429,0.1784524130382887,-0.043399645391250734,0.12632179256252637,0.10733746769396289,0.09809752005239888,0.20131736909734269,0.0565625419818245,0.1672961682307179,0.06612932344919371,0.09162878847646522,0.03180165222572178,0.11631583599605812,0.13809691472257668,0.0558600932471354,0.09551184589078053,0.08005726168223232,-0.011128601304390267,-0.005792797503822779,0.023001975751219265,0.16150198464912588,0.06481950016076558,0.1495328420319192,0.13277747106746077,0.1429686038211928,0.11187418521150483,0.17671821177962557,0.09404954220445112,0.056845589044740866,0.11842051841112118,0.15596645189529637,-0.08317757847502923,0.21811024525129163,-0.0741329969675231,0.0027394297988859425,-0.009739418081669856,0.01552732894909217,0.05662380567865487,0.06521325451703333,-0.019716590325933214,-0.11561547889654054,0.035204066310992876,0.02978870602993088
0.25513186605676547,2.29342287223671,0.921600329019178,0.24064678145305887,0.15020707521407847,0.076882220091919,0.3964136108524997,0.08364638420402713,0.3549303199886259,0.3385461492616274,0.27955576543181376,0.3514709360153255,0.11452446374872209,0.15381030724971004,0.5592362039334027,0.14179419916860403,0.1561473727715216,0.3500233661827355,0.5001870538788432,0.4571888311109685,0.400248851532063,0.17253334210184199,-0.20103994878492717,0.0503386276781359,0.2253008461202919,0.23318176493184792,0.3242763556371516,0.44967828323635917,0.39403916610690415,0.2929485354282056,0.39146567317748815,0.20031867633159903,0.43317997245924783,0.18738698929465755,0.2858719214104143,0.3437153031717513,0.7237340090752175,0.24777292053133676,0.28612093433211977,0.21108785859356735,0.47786608762782795,0.3622129141180955,0.4804806251511914,-0.008226233305382342,0.3197771875338113,0.49458121108863884,0.36356220527760086,-0.2570389221659267,0.2299488941611498,0.009715475232391624,0.03768982489497692,0.19859563683871234,-0.21918659454577452,-0.0763013299351036,-0.5624460732032409,-0.10057845606030853,-0.48065841192096376,0.37064211790762386,0.47135940043234603
0.06998921533563611,0.921600329019178,2.483600924802124,-0.12487844737737881,-0.4214372717593616,0.34581803719155946,0.4111004506885121,0.18003724425291368,0.5019676183168994,0.2943546164788277,0.24349334529248337,0.3717606094757419,0.12034161236096444,0.22722570694201474,0.42968974619098,0.14387952928906475,0.2940493373168187,0.24668477674868436,0.4109539778357615,0.2794429827734349,0.35893679065839734,0.3206738429884127,0.23237331673326628,0.3051040738236635,0.30044615250392664,0.18119583420489693,0.27764702843880645,0.34400021441231476,0.5021983725572586,0.33108779739126964,0.1644000175436422,0.21865491528647876,0.30577922184871936,0.33653254945618855,0.38693795217340377,0.364330070427432,0.3956328620232534,0.19653711378263228,0.435016986261005,0.26310411403936484,0.2637627537364637,0.33215573107723834,0.4488944459396188,-0.003359099805232015,0.23473074503820465,0.3551993559059618,0.35335912440514805,-0.16223007031586986,0.648366388704714,0.041319175788722046,-0.11211468587968536,0.1489261424737484,0.018318067583543523,-0.08110421532823021,0.09471497165795344,0.25906102249493096,-0.16454638855519563,-0.7251085647689333,0.5275214890202344
0.20885237664367462,0.24064678145305887,-0.12487844737737881,1.0891811388058552,0.6698166836450817,0.2539633954400868,0.15624282862318292,0.24026887092873594,0.02569373458158191,0.12221850805688786,0.21482755807374512,0.2286531856508762,0.10239434719182307,0.18016572423893232,0.2217231504917624,0.19586535124077248,0.18982687577445448,0.16337188837903013,-0.046079132784764276,0.14017081091237527,0.17653017809876068,0.09067300747188035,0.14119488454262183,0.12263084509121783,0.21113944622992592,0.18921130152374216,0.10213866096871198,0.023527209697585184,0.22974620987540692,-0.07882457150981007,0.1824076791873855,0.18083491940627766,0.05183824344642558,0.2765265857088511,0.020278798028816172,0.06629345172308151,0.07881614592594713,0.09899450550652406,0.12613748359741303,0.04327760235866492,0.07815601287441644,0.17121300963830893,0.06732499031701907,0.18719732506963999,0.03448419591445493,0.028695472476459916,0.023584451565123787,0.07386351220708237,-0.22729248982004194,-0.010099226285929628,-0.030726542656044076,0.11552670385990438,-0.025024578491075148,-0.11816142299201758,-0.035149907367384305,-0.09572589370573945,-0.7426187716370877,0.3932417826211784,0.32421297755551165
0.24632556469311995,0.15020707521407847,-0.4214372717593616,0.6698166836450817,1.2757039974960942,0.24601852826028608,0.17558627645195962,0.23113574824497626,0.049961636082580335,0.13729345941827512,0.20792109379372872,0.23109241843576528,0.1063971092197159,0.1599639939979875,0.1731757415942242,0.16739656122713692,0.12715692483480645,0.17078636942663689,0.007599310982086457,0.12838931045302088,0.11602156788284063,0.07872432065048451,0.1060270743730817,0.10970075725283546,0.1634711775686152,0.19254232694595527,0.07568616007459983,-0.011269291955191435,0.1699165090526052,-0.18768918288655267,0.2223904084419183,0.17758590681001138,-0.004468420236803091,0.21433713413698427,-0.0269649961901048,0.03975387937207447,0.15638410681926362,0.07049894666191528,0.08404750300463487,0.016748551783902874,0.09534240821762903,0.1298265506619106,-0.014653788344604318,0.1875305687529745,-0.04897927015090871,0.0033209065621782855,-0.01772970918331988,0.1263958206890319,-0.20206285728368606,-0.015645118776387128,-0.053703418640322124,0.03828759532209311,-0.05031450930105957,-0.013654501477600249,-0.16682940698318086,-0.1769831410794677,-0.2607878501790407,0.21889448326137034,0.24221380369315548
0.09497097337774853,0.076882220091919,0.34581803719155946,0.2539633954400868,0.24601852826028608,0.7715462883129044,0.23739408260382652,0.4236191200764919,0.25319236968730086,0.09860642065779833,0.2858478930398597,0.3216699590285551,0.11455129025054162,0.2631824707632362,0.1946642332012637,0.18852569108001324,0.2623069187604119,0.18098636885484443,0.22396008972339676,0.21436927463092018,0.170301528843654,0.20825820436865722,0.07673423726005789,0.1441671465196203,0.26597874753874357,0.2581289677987774,0.19388503437991805,0.022172515171550455,0.34759693428013855,0.016543224680935793,0.18103199899958633,0.25970448904197974,-0.017372507347724053,0.264016597327696,0.13462551887985438,0.1735493190713743,0.09099686277607523,0.13423270485319488,0.26966724468333025,0.10247760039053877,0.01525525265242181,0.14739569686344914,0.1722961088595969,0.1867802061070324,0.11708308345764869,0.016344359112316565,0.11735123955794236,0.15596659965077192,0.2899855179824811,-0.05050462959259761,-0.13932386140574007,0.06650696081878957,0.05649877475945717,-0.03790512006395331,0.01276690040181467,0.07303858511400962,-0.0012026683538990928,0.13920067448624518,-0.2796485801040594
0.12950586403874828,0.3964136108524997,0.4111004506885121,0.15624282862318292,0.17558627645195962,0.23739408260382652,0.5531277445466031,0.13990351371577514,0.3577832409744332,0.07133217050116392,0.20664542217779092,0.3421010891281605,0.09330921792255793,0.18087315307166243,0.15519771640387028,0.18590556788994225,0.1690089024932324,0.16690233152096398,0.23890070225554472,0.2291227384247626,0.18601321635117316,0.2461373326856914,0.16336673287098447,0.14735885028385576,0.21472257792105015,0.1749589518687928,0.20347973011495782,0.08042326054099058,0.26336822843769714,0.10008898540115117,0.11843220986265103,0.18444384924371082,0.14986845092886286,0.22552275578183129,0.08848683370561318,0.16799542889885286,0.22442348341490115,0.12893972392465386,0.2730334000723433,0.13576757822228383,0.08725680356476441,0.16727038965596172,0.22676928009623826,0.1074588026201609,0.09663765037830405,0.0902454713181839,0.1569406215642375,0.08156720245498282,0.3916416990677191,-0.09798715760363957,-0.07594647113203681,0.0752588056318912,0.06570390870563392,-0.06610037117747598,-0.06466935732970716,0.0927954104210223,-0.03818530571775201,0.047971998733582176,-0.0778326244250327
0.10326329661624807,0.08364638420402713,0.18003724425291368,0.24026887092873594,0.23113574824497626,0.4236191200764919,0.13990351371577514,0.7840478546159976,0.04081820872529521,0.21963421277134038,0.23162542094248434,0.1357457594562534,0.13936454350365404,0.29183742727418893,0.12595921443264493,0.20219276546346385,0.3181695699840202,0.22871479523250993,0.22954128576649774,0.17881611412797993,0.1791045498407164,0.1626303241859914,0.11369783545521212,0.12832354262339635,0.2606173663038485,0.21599342944416733,0.16946094741223855,0.019472834817406148,0.27416493153298305,0.15871711218508502,0.18446302098173292,0.2651487448303759,0.09143160328685727,0.23100703033308556,0.059745799415599606,0.17601868937014067,0.19543273106503406,0.1043431902659936,0.33821139706316766,0.10088009756380335,0.10730556813997405,0.15084169718993035,0.18567660662079735,0.11288955265857026,0.1038673319000851,0.12796551117757338,0.21142273769566186,0.019611527174251676,0.4578536880944432,0.12400023669338678,-0.04680110816737852,-0.06163182895716308,0.049443014022648835,-0.09959957549931764,-0.04797543502342075,0.04158351077319438,-0.04721812930018559,0.15542256483551864,-0.12979460609547863
0.024141465669350298,0.3549303199886259,0.5019676183168994,0.02569373458158191,0.049961636082580335,0.25319236968730086,0.3577832409744332,0.04081820872529521,0.9021279137318221,-0.016122159217039286,0.09619680055260788,0.2120818658941366,0.07881567319503614,0.18119056097057398,0.12564904328060042,0.07589224883587975,0.15747773952809277,0.1805025338034332,0.25899203011833577,0.22432230854178895,0.20535523899964744,0.38308610196250226,0.21380324333168277,0.19923571198645065,0.1514980431385788,0.24234469671987532,0.18481557405882365,0.13936301256536435,0.18321230756028364,0.16841809079927803,0.13786336715404932,0.1816494947545807,0.21657656164733496,0.19930260695642193,0.10173319789049183,0.20029094113523296,0.25480778364320406,0.1336821879152578,0.2573220862665023,0.1575693599246924,0.09085292263978978,0.19341478438841522,0.2768899288451069,0.062127018323735184,0.16040017643156604,0.17077155692573587,0.20802603029158442,0.057025729602718164,0.3941519946624924,-0.08041071097173894,-0.04372015482745943,0.05706069296173671,0.0652068967209565,-0.09332459909506893,0.05808179185085965,0.1730644174871307,0.07164939047820931,-0.12706836675541933,-0.18081465139005737
0.141905954899781,0.3385461492616274,0.2943546164788277,0.12221850805688786,0.13729345941827512,0.09860642065779833,0.07133217050116392,0.21963421277134038,-0.016122159217039286,0.8648288980827129,0.21139037624035212,0.26023469407051353,0.10982162636477713,0.24936438963157356,0.29392387219610155,0.24749681937080353,0.21963653513840756,0.291309062670909,0.41121916225217414,0.07455029354176652,0.19087254957005198,0.13866124015684902,0.20368423230457394,0.1827057532329419,0.24394642814310893,0.04033135775321955,0.2039753054453405,0.2478045846290044,0.28752373346795157,0.2878354654373457,0.21960120240205996,0.26105169440563564,0.2097745577627813,0.32513883049079073,0.18416070698104942,0.24962957173087041,0.4688513796412012,0.05847232787918548,0.32156560657463257,0.11297740758405524,0.3572387661345097,0.17707101757517507,0.19052838257912588,0.0876426880535259,-0.03574490220520757,0.30147442461280416,0.32814691629095405,-0.11879839558249888,0.5897782878602331,0.15512330010945527,-0.05062911912534093,0.01880026989999739,-0.14731092034835827,0.03465633102828637,-0.15155260704279294,0.02177799447649255,0.013863953575880375,0.038286323950688095,0.04278630107421536
0.12582277422512156,0.27955576543181376,0.24349334529248337,0.21482755807374512,0.20792109379372872,0.2858478930398597,0.20664542217779092,0.23162542094248434,0.09619680055260788,0.21139037624035212,0.49449774488744236,0.3574162534179822,0.11411043505338535,0.1561323282718479,0.26456582233030146,0.2005736894581526,0.2762589877531613,0.17645801609859324,0.19443101156628428,0.2741328467095384,0.2066775411424433,0.1397784049502917,0.10408528661781488,0.1612266913514335,0.22288016366430877,0.19347382664137439,0.22291375730236682,0.12844919235657487,0.26273336310843043,0.06583075109298492,0.21063771631238193,0.16311265195441768,0.0917963158805745,0.15155484979863168,0.18146211718359076,0.15601455455352972,0.2070142097279654,0.14321701296094638,0.28740547371019587,0.18127680641823304,0.17122268233143711,0.20187860571899255,0.2418874355051763,0.12011431472045889,0.14147597198806516,0.12392797994246166,0.14526545204054914,0.0628741105810692,0.2529610171582636,-0.0038869147596460045,-0.06787011689972236,0.038484343722676374,0.02194645749015366,0.01937864540246488,-0.07338336032364388,0.015197679691519606,-0.11405275352295767,0.15008166630014205,-0.07770274746720608
0.1402246169140733,0.3514709360153255,0.3717606094757419,0.2286531856508762,0.23109241843576528,0.3216699590285551,0.3421010891281605,0.1357457594562534,0.2120818658941366,0.26023469407051353,0.3574162534179822,0.6801096505782003,0.09381577348759296,0.23434470612815106,0.27939261870704946,0.2710990867421052,0.2638954471503042,0.11310874361865918,0.2893154236740066,0.2746337389748393,0.20380905529242743,0.2084051130210312,0.12866588657982686,0.16157260412367866,0.3096851213074186,0.1827396016281341,0.29130734908102696,0.034220171332912504,0.34640528418362837,0.08134925012765093,0.12582546881614678,0.24280396707632093,0.10357073679414573,0.24712953900451995,0.07206618083363235,0.23716885106453078,0.13628440201042177,0.1545039468238727,0.3399762584226394,0.15074444943846577,0.10958216457694724,0.18472360550593822,0.22268442489142232,0.13998333661115966,0.08549731956537247,0.1285512531890896,0.13697916439231175,0.06757843693985087,0.4082264203439227,-0.20077202901393257,-0.06447531690693795,0.11759653028270321,0.09854462629670899,0.002034160846828629,-0.050036123583827995,0.08161903667733705,-0.13426904668979156,0.09437949226233304,-0.09859289839292314
0.04767652427011912,0.11452446374872209,0.12034161236096444,0.10239434719182307,0.1063971092197159,0.11455129025054162,0.09330921792255793,0.13936454350365404,0.07881567319503614,0.10982162636477713,0.11411043505338535,0.09381577348759296,0.18387098174337305,0.11063126714928224,0.040665138375182035,0.11455282304107987,0.13479639602418358,0.08258913845952831,0.11057646777846075,0.08090149144191855,0.09647214723994016,0.11429013054163518,0.08510175496239517,0.08859474771787826,0.10271486167157055,0.0657946914722861,0.1018713547801118,0.06300292061397086,0.12679343123510955,0.07525855017332306,0.07705369414477292,0.10329913334909228,0.06594537764737772,0.09855667160926039,0.08705314351250809,0.08843807597915468,0.12914373420507616,0.04525125179138757,0.15033738169585475,0.0739507020272904,0.08940012253153984,0.08989695287664877,0.13627251237710494,0.0540832501545115,0.00944163839111687,0.09015002515872798,0.08633134135904921,-0.02288834670497175,0.17488135565148036,0.028409524837473502,-0.039046636449138535,-0.0035013479126508778,0.023925324476867158,-0.025347148816422263,-0.011359026371691748,-0.018939403687583085,-0.037437024462232786,0.01943448605709022,0.00962968612789026
0.09301812498230697,0.15381030724971004,0.22722570694201474,0.18016572423893232,0.1599639939979875,0.2631824707632362,0.18087315307166243,0.29183742727418893,0.18119056097057398,0.24936438963157356,0.1561323282718479,0.23434470612815106,0.11063126714928224,0.6292141357436852,0.24714802564706836,0.3661407174960366,0.28500039317716414,0.1850031229047789,0.21285517912702973,0.12565118613729878,0.2250992532086734,0.26008657733465823,0.2591028469944262,0.2370016642043016,0.3014085596157431,0.13235633534467384,0.19436026930912637,0.10766340412355033,0.3779265728338429,0.2800239829758366,0.15549356934123215,0.5805858170613153,0.17926280873370792,0.24173720970766313,0.05925923064951369,0.3666405470305893,0.255465887991356,0.09694923818664257,0.31121577298703235,0.1360634345070585,0.20202791494253056,0.20543997500188993,0.2589229144481865,0.0008177337315231455,0.020113682320619355,0.36388178913304525,0.26707570333506675,-0.24686650531582635,0.6149173800478923,0.030182948279750994,-0.03681642244450576,-0.0811971940070239,0.05643289033130703,-0.024048396004286737,-0.10248134289349256,0.14040692389395212,-0.1793640900224653,0.16375967679603173,-0.043208548378292
0.21446831835229624,0.5592362039334027,0.42968974619098,0.2217231504917624,0.1731757415942242,0.1946642332012637,0.15519771640387028,0.12595921443264493,0.12564904328060042,0.29392387219610155,0.26456582233030146,0.27939261870704946,0.040665138375182035,0.24714802564706836,0.8361690635065498,0.2176082089419466,0.1942121813815442,0.3496410621001672,0.189942906866716,0.24654174142939536,0.30281155438317864,0.1304973543849748,0.3389366651952193,0.28911332068018175,0.3056315621944094,0.14492830698971965,0.1953392101304255,0.32683141526550136,0.32857547849543195,0.30597755185211845,0.27451265283518544,0.2598912048872326,0.28694637285768326,0.26574178303261436,0.21603499890879457,0.25874572347143665,0.46159032897540164,0.14675131222641988,0.2986667909588865,0.2199577250825404,0.3003278772252113,0.30321665819990506,0.31251520590705745,0.013313217243856364,0.12487784074590594,0.34614999248621986,0.35988985292819703,-0.1194813429764885,0.5789989253492482,0.18499867893625535,-0.07287041792254002,0.14846692388039556,-0.16110068337073835,-0.06314977847200136,-0.07514927828294354,0.18029826621453698,-0.3715725166954642,0.03953291781553019,0.15489333653089238
0.12763700545592982,0.14179419916860403,0.14387952928906475,0.19586535124077248,0.16739656122713692,0.18852569108001324,0.18590556788994225,0.20219276546346385,0.07589224883587975,0.24749681937080353,0.2005736894581526,0.2710990867421052,0.11455282304107987,0.3661407174960366,0.2176082089419466,0.8003029575396038,0.3098680834194865,0.1889147652331048,0.2417369846836824,0.15614075310079037,0.20013525984626643,0.3656896740678717,0.22956487793985275,0.22640499081535753,0.3204434084961207,0.03884006452119194,0.23415461305454469,0.1050039706994997,0.3474043193887358,0.09552835271651063,0.1447198005347036,0.3417662085698366,0.10690033249420461,0.24736346018999852,0.14880789641968753,0.2161308432990834,0.28163520536638936,0.10378219508610702,0.3135309517002375,0.1586511209728153,0.19676712571999255,0.17854189002768245,0.34529071847447074,0.1281599866129035,0.014840591321675351,0.20513676852423451,0.17696483435313007,-0.13068332754041578,0.4089555750590805,-0.13473558343932823,-0.06144000557788781,-0.024078507157535362,0.10914599189819031,-0.007643847233697606,0.027101125052117026,0.14422745982073035,-0.2479577761974691,0.11608660162971139,-0.1027848389069281
0.02756598491001429,0.1561473727715216,0.2940493373168187,0.18982687577445448,0.12715692483480645,0.2623069187604119,0.1690089024932324,0.3181695699840202,0.15747773952809277,0.21963653513840756,0.2762589877531613,0.2638954471503042,0.13479639602418358,0.28500039317716414,0.1942121813815442,0.3098680834194865,1.0340799153394438,0.10120302839975384,0.1453666505339305,0.41017649820483615,0.26350620460167196,0.27863647223717397,0.187356970919833,0.19662331308551587,0.28779834269412174,0.20346889227238463,0.28292954370787365,0.24854713145753127,0.4112284093535116,-0.009779975729082683,0.13046514499018133,0.2904477907306004,0.22640189074708666,0.20879624948484699,0.13285396681214973,0.14908578886852755,0.41399432564905947,0.21627359898211276,0.3190014270932904,0.2524440881615812,0.23247011609527715,0.24399871368573814,0.45332460668333424,0.1484988939494087,0.15290168219020592,0.18745961179444073,0.13709527359981194,0.0008594693014662943,0.35179425180271345,0.36874120874975547,0.030610856503213754,-0.06342225941201204,-0.22836067881427777,-0.057462148545802415,0.03531809135393561,0.047606664181217014,-0.17166473140591368,0.046951386626478804,-0.04614702029750725
0.1784524130382887,0.3500233661827355,0.24668477674868436,0.16337188837903013,0.17078636942663689,0.18098636885484443,0.16690233152096398,0.22871479523250993,0.1805025338034332,0.291309062670909,0.17645801609859324,0.11310874361865918,0.08258913845952831,0.1850031229047789,0.3496410621001672,0.1889147652331048,0.10120302839975384,0.6132639737583254,0.16682774693603397,0.03830971774935232,0.225345811682981,0.17934019351781505,0.35305684954154853,0.20610968571111138,0.19337522507685648,0.18448681673727968,0.08486934393581048,0.26362732592898963,0.22169177862073958,0.17851672194443124,0.32875684149181494,0.19854309505231674,0.19208494760618314,0.2349718941709778,0.15869858554450172,0.16795199625860552,0.42192458952062034,0.054038754092101585,0.19178875474669876,0.15419593540320498,0.29958492369475276,0.21911244350029233,0.29557639314331013,0.025516889252784673,0.1388420734427665,0.30427772711180434,0.37638260373026267,-0.11722134353358914,0.3876274373801472,0.2566777016132475,0.06764518664955706,-0.05907803120164651,-0.2550884115462337,-0.08048012189218323,-0.04201976146051178,0.11136775852905281,-0.046566366906000384,0.11945382243059235,-0.1505533314849295
-0.043399645391250734,0.5001870538788432,0.4109539778357615,-0.046079132784764276,0.007599310982086457,0.22396008972339676,0.23890070225554472,0.22954128576649774,0.25899203011833577,0.41121916225217414,0.19443101156628428,0.2893154236740066,0.11057646777846075,0.21285517912702973,0.189942906866716,0.2417369846836824,0.1453666505339305,0.16682774693603397,2.2101009391001276,0.16811460203501635,0.3828070750744999,0.2857986840234741,-0.2886982871567863,0.18146882745735077,0.2558530889868349,-0.2233933219056692,0.21658120018257143,0.5220462822555731,0.3034262593380488,0.23893604560445264,0.4560608807347749,0.19645291441673976,0.4597594101730766,0.25131689915368727,0.48456662120427746,0.4036078190949896,0.818355996911922,0.11389107686194662,0.6490841950616231,0.08573904020118842,0.2696086754862051,0.3206810820011337,0.2725943763695145,-0.03656231341740253,0.18542082185738096,0.19990822377266965,0.2997856478335746,0.43043285114688673,0.7593333355937739,0.361939597034182,-0.3373594646424853,0.26570864268050953,-0.19073581805856626,-0.12180207572072224,-0.3591042241824834,0.04316088280824325,0.2126925691591559,0.3302787512627115,-0.19689279065784032
0.12632179256252637,0.4571888311109685,0.2794429827734349,0.14017081091237527,0.12838931045302088,0.21436927463092018,0.2291227384247626,0.17881611412797993,0.22432230854178895,0.07455029354176652,0.2741328467095384,0.2746337389748393,0.08090149144191855,0.12565118613729878,0.24654174142939536,0.15614075310079037,0.41017649820483615,0.03830971774935232,0.16811460203501635,1.329214323024359,0.15063021721619307,0.14346210735635576,0.07646166063791654,0.1736070461955427,0.22217176911660483,0.15925453714959073,0.3751533521652644,0.24637170321196955,0.21710345947373064,0.2772174011197268,0.08112620944650231,0.13770251483628143,0.43572918996934806,0.2033058540159803,0.019042076470533943,-0.18782023531628222,0.8380471986856094,0.5831770175492874,0.3200185554165191,0.46287376109171763,0.17534581044030154,0.10282778307942625,0.8229388567530536,0.29967028019937725,0.26846218689813633,-0.05021281760755269,0.2955161002648354,0.48203419404772047,0.961708042201783,-0.042469338748001774,-0.1028540245625622,0.3511119817842977,-0.0309988974931752,-0.06350276450113347,-0.07658118085001073,-0.04367953425292294,0.03873270129318155,0.06289085147855795,-0.05458922469056644
0.10733746769396289,0.400248851532063,0.35893679065839734,0.17653017809876068,0.11602156788284063,0.170301528843654,0.18601321635117316,0.1791045498407164,0.20535523899964744,0.19087254957005198,0.2066775411424433,0.20380905529242743,0.09647214723994016,0.2250992532086734,0.30281155438317864,0.20013525984626643,0.26350620460167196,0.225345811682981,0.3828070750744999,0.15063021721619307,0.5576985455973618,0.20633125605670483,0.19707345979619315,0.2708494444110743,0.23602258923995936,0.08041744817792586,0.18251818862061897,0.3306278451188387,0.3427227602374392,0.20959035611316953,0.35504284534262753,0.23562286170241498,0.3291785495636057,0.14444515741233313,0.2849372917357995,0.39631941417540006,0.29915116734893366,0.14647624797026704,0.41301383661860486,0.2465578189946396,0.3523094685508553,0.5419617173297634,0.36837239588874693,0.030950205495744124,0.3620910745801613,0.36347389953689063,0.2754428244589174,-0.19086055793028828,0.2980519379899121,0.1094160722619541,-0.0546649400681522,0.08008137454533844,-0.07414402774538488,-0.059028696555510594,-0.044564181608549774,0.09686585055295958,-0.3062867951355101,0.015788618277777968,0.196432496632021
0.09809752005239888,0.17253334210184199,0.3206738429884127,0.09067300747188035,0.07872432065048451,0.20825820436865722,0.2461373326856914,0.1626303241859914,0.38308610196250226,0.13866124015684902,0.1397784049502917,0.2084051130210312,0.11429013054163518,0.26008657733465823,0.1304973543849748,0.3656896740678717,0.27863647223717397,0.17934019351781505,0.2857986840234741,0.14346210735635576,0.20633125605670483,0.8157931112766247,0.26165022876145155,0.2182783708083579,0.23570070679989044,0.10908035544855631,0.19361814278310224,0.09422178066460449,0.27225153746615777,0.14549722323608816,0.1069394394075131,0.24371327324978637,0.14000962822244561,0.21113315692082651,0.11937200482625279,0.1343149821375775,0.2717456859642309,0.08965023348047028,0.30193332548404656,0.15928708358281224,0.13503673694633697,0.20476389962275673,0.41255170063713903,0.07340179424228946,0.06267250613837393,0.15952700818986568,0.2020421755363558,-0.03201918261792709,0.4798981484011576,-0.08520618546391576,-0.06171440316723298,-0.09645221806738599,0.10034698053332496,-0.05880472088499363,0.07961606928324298,0.14284635046999974,-0.06302282360419506,-0.064039708253209,-0.12095464986758984
0.20131736909734269,-0.20103994878492717,0.23237331673326628,0.14119488454262183,0.1060270743730817,0.07673423726005789,0.16336673287098447,0.11369783545521212,0.21380324333168277,0.20368423230457394,0.10408528661781488,0.12866588657982686,0.08510175496239517,0.2591028469944262,0.3389366651952193,0.22956487793985275,0.187356970919833,0.35305684954154853,-0.2886982871567863,0.07646166063791654,0.19707345979619315,0.26165022876145155,1.5245613241314329,0.5635523217298564,0.4172630016671737,-0.09321233266725328,0.1417971249588403,0.08278663820093485,0.4221362793325142,0.5061026659851223,-0.2703555810706524,0.21598658319848582,0.2990756279215506,0.47586651486298115,0.011532833138352528,0.03467585055817265,0.44339535723135814,0.027303910783322425,0.516310450176183,0.3997131572030077,0.0865993580864191,0.2246617699840363,0.3640147738369805,0.0876218127982533,-0.2030942318786915,0.1171040795022925,0.44945186978313234,0.15069396497646992,1.2470247961287155,0.0241986219905662,-0.14057248827792487,-0.002285475188615931,0.23587635028987172,-0.06272675182242013,0.19845401562158188,0.20355373476800004,-0.19329428843216961,-0.3587241965894364,0.2238135876946438
0.0565625419818245,0.0503386276781359,0.3051040738236635,0.12263084509121783,0.10970075725283546,0.1441671465196203,0.14735885028385576,0.12832354262339635,0.19923571198645065,0.1827057532329419,0.1612266913514335,0.16157260412367866,0.08859474771787826,0.2370016642043016,0.28911332068018175,0.22640499081535753,0.19662331308551587,0.20610968571111138,0.18146882745735077,0.1736070461955427,0.2708494444110743,0.2182783708083579,0.5635523217298564,1.0418535126949393,0.28447269549830306,-0.060490815833865196,0.1570711872891857,0.1799741952582591,0.30567867985046543,0.31150149189207194,0.47930897539366385,0.21713978169548698,0.1458093537963024,0.2973337339315599,0.22289658824930195,0.21354672259371377,0.27859032239855,0.1226601574553197,0.3948097314981902,0.20493139945093436,0.2948885114766305,0.28431895485847103,0.09000339041426349,0.10088703780524368,0.06474575958712113,0.2306325176529366,0.2857978637144289,-0.04617747760823886,0.5899138635438441,-0.01866706687277391,-0.16354255280812482,0.14316888804446487,0.14211750056730169,-0.04942046896739269,0.19150639711210207,0.19616911916383054,-0.19684788904245612,-0.5232290029376918,0.43091045381800414
0.1672961682307179,0.2253008461202919,0.30044615250392664,0.21113944622992592,0.1634711775686152,0.26597874753874357,0.21472257792105015,0.2606173663038485,0.1514980431385788,0.24394642814310893,0.22288016366430877,0.3096851213074186,0.10271486167157055,0.3014085596157431,0.3056315621944094,0.3204434084961207,0.28779834269412174,0.19337522507685648,0.2558530889868349,0.22217176911660483,0.23602258923995936,0.23570070679989044,0.4172630016671737,0.28447269549830306,0.9342304219042622,-0.026449866002231374,0.22142806491671743,0.06901337465390334,0.5278098166666098,0.3592285374620593,0.07205084102607422,0.272461210547154,0.14667611186578175,0.4025741729268865,0.19913658947223256,0.30115237548520896,0.3357107179096718,0.12773007148888993,0.5101551347927006,0.2026046587371494,0.14895516959324995,0.21599964101724287,0.28724831905077886,0.05724079634242172,-0.004552806368418289,0.3169854987555474,0.3209524361464729,-0.23114659762253562,0.7060116884468598,-0.36396627121587527,-0.17067310179093806,0.10108186401182193,0.29323776934358925,-0.0182491930975886,0.003808034917895201,0.12047276705853298,-0.2655458775236647,0.06739830252022048,0.04268679627614371
0.06612932344919371,0.23318176493184792,0.18119583420489693,0.18921130152374216,0.19254232694595527,0.2581289677987774,0.1749589518687928,0.21599342944416733,0.24234469671987532,0.04033135775321955,0.19347382664137439,0.1827396016281341,0.0657946914722861,0.13235633534467384,0.14492830698971965,0.03884006452119194,0.20346889227238463,0.18448681673727968,-0.2233933219056692,0.15925453714959073,0.08041744817792586,0.10908035544855631,-0.09321233266725328,-0.060490815833865196,-0.026449866002231374,1.4785841795287396,0.17737710223954695,0.22312604730930638,-0.1907812601516664,-0.07048732181747651,0.13299155583401612,0.14732838035091766,0.20144801386866504,0.05929118972303274,0.09596979435681413,0.17973159004597347,-0.2647540307039687,0.13443097217081068,-0.8309861089821324,0.055922723388805225,0.09167792309364656,0.11614593858001976,0.35587262426629823,0.023968821803405482,0.2312127826052728,0.06957199651747882,-0.07398266702508827,0.21046484574780822,-0.5320075535178326,0.4411096541530209,0.039516584197020026,-0.2819189107057596,-0.3028130678948279,-0.06607546122019062,-0.05034635826865464,-0.03072307540278947,-0.0294143447863302,0.07864323370912076,-0.06887663535162707
0.09162878847646522,0.3242763556371516,0.27764702843880645,0.10213866096871198,0.07568616007459983,0.19388503437991805,0.20347973011495782,0.16946094741223855,0.18481557405882365,0.2039753054453405,0.22291375730236682,0.29130734908102696,0.1018713547801118,0.19436026930912637,0.1953392101304255,0.23415461305454469,0.28292954370787365,0.08486934393581048,0.21658120018257143,0.3751533521652644,0.18251818862061897,0.19361814278310224,0.1417971249588403,0.1570711872891857,0.22142806491671743,0.17737710223954695,0.6683054739156215,0.230506989592245,0.20323660040281522,0.15671683499803424,0.08952631848671172,0.21384106723122012,0.29337898881144614,0.15916157847062962,0.17684773487957603,0.23887466811342345,0.3499000745397998,0.1850513273064064,0.2296921920496699,0.22256631035006585,0.20426001048465633,0.1808637133783617,0.5175264175378874,0.1492697684433305,0.0773293055786042,0.18395583127921256,0.15359577795979032,0.0014407214880194036,0.442272147931877,-0.05319281425191375,-0.11885855039915762,0.12690795104672256,0.04654857621726541,-0.009235880726361492,-0.057217334479260376,0.019850341731532238,0.018567803803264376,0.13451019813292386,-0.16945643248597164
0.03180165222572178,0.44967828323635917,0.34400021441231476,0.023527209697585184,-0.011269291955191435,0.022172515171550455,0.08042326054099058,0.019472834817406148,0.13936301256536435,0.2478045846290044,0.12844919235657487,0.034220171332912504,0.06300292061397086,0.10766340412355033,0.32683141526550136,0.1050039706994997,0.24854713145753127,0.26362732592898963,0.5220462822555731,0.24637170321196955,0.3306278451188387,0.09422178066460449,0.08278663820093485,0.1799741952582591,0.06901337465390334,0.22312604730930638,0.230506989592245,1.8905060380611538,-0.020531330715807924,0.1676273753604806,0.32413935000111277,0.1914799427759866,0.846696013149662,0.08037041098693044,1.4204389135921862,0.2748524139026142,0.9443796427438346,0.1500721294351831,0.05508164237457434,0.4598987114587329,0.4825756101931894,0.41028413952897985,0.6433394519411484,-0.08867727680923215,0.2106448279906847,0.24740300939094392,0.2516213162023912,0.19042420152523842,0.5343778278895212,0.9093659553179849,-0.3701586541565238,0.7040582228274146,-0.9635111808390942,-0.08025661308185976,-0.14747201933068524,0.004158630005007846,0.011851217613583268,0.08804512350171514,0.05730608560533906
0.11631583599605812,0.39403916610690415,0.5021983725572586,0.22974620987540692,0.1699165090526052,0.34759693428013855,0.26336822843769714,0.27416493153298305,0.18321230756028364,0.28752373346795157,0.26273336310843043,0.34640528418362837,0.12679343123510955,0.3779265728338429,0.32857547849543195,0.3474043193887358,0.4112284093535116,0.22169177862073958,0.3034262593380488,0.21710345947373064,0.3427227602374392,0.27225153746615777,0.4221362793325142,0.30567867985046543,0.5278098166666098,-0.1907812601516664,0.20323660040281522,-0.020531330715807924,2.4642473151150304,-0.2058645767785661,-0.023989916725773313,0.4126690064132933,-0.04347874029920317,0.7374361295560051,0.13545055455985455,0.5427250231775834,-0.10858870465472284,0.08444234334457755,0.5633197792187249,0.03934549557381452,0.1437513252214725,0.3098270387926668,0.041173766156416,-0.19444761015910142,0.07344652963419267,0.22702039331511864,0.01462867000207666,-0.11276550455400446,0.2520179962221448,0.19581736964124924,-0.462414642220948,0.12659707332940776,-0.0027574206624897575,0.02561417112201776,-0.06690790453040762,0.21683102408589608,-0.33509832678982593,-0.006591206749477087,0.11838402803130424
0.13809691472257668,0.2929485354282056,0.33108779739126964,-0.07882457150981007,-0.18768918288655267,0.016543224680935793,0.10008898540115117,0.15871711218508502,0.16841809079927803,0.2878354654373457,0.06583075109298492,0.08134925012765093,0.07525855017332306,0.2800239829758366,0.30597755185211845,0.09552835271651063,-0.009779975729082683,0.17851672194443124,0.23893604560445264,0.2772174011197268,0.20959035611316953,0.14549722323608816,0.5061026659851223,0.31150149189207194,0.3592285374620593,-0.07048732181747651,0.15671683499803424,0.1676273753604806,-0.2058645767785661,3.3343507298634196,-0.03191967882328035,0.2819286312301367,0.5900568396561827,-0.12090449737458653,0.13372350116030407,0.3651102376928354,0.9491097733626347,0.17786344540889246,0.9937884496232907,0.4550683625177984,0.6751612219207417,0.1660890883272169,0.7663259426447727,-0.048634922287698244,0.0632605137024929,0.9059259432694023,1.6072126237853457,-1.0480939555236697,3.3162434942940764,-0.19424710304851173,-0.3012237047693978,-0.21988513734562068,0.40195901021319036,0.025979498723337657,-0.21428159971903055,-0.23771867532701188,0.26211954588646397,0.30538722265027585,-0.10340029528079041
0.0558600932471354,0.39146567317748815,0.1644000175436422,0.1824076791873855,0.2223904084419183,0.18103199899958633,0.11843220986265103,0.18446302098173292,0.13786336715404932,0.21960120240205996,0.21063771631238193,0.12582546881614678,0.07705369414477292,0.15549356934123215,0.27451265283518544,0.1447198005347036,0.13046514499018133,0.32875684149181494,0.4560608807347749,0.08112620944650231,0.35504284534262753,0.1069394394075131,-0.2703555810706524,0.47930897539366385,0.07205084102607422,0.13299155583401612,0.08952631848671172,0.32413935000111277,-0.023989916725773313,-0.03191967882328035,1.5319258011425452,0.1907322456455747,0.047448634997743586,0.08193230764510713,0.33860208127528413,0.40321781545484714,0.2143641268828594,0.15573807701952214,0.14595385692236065,0.01377197471199827,0.47650331678812197,0.35999709311118727,-0.04262811016268005,0.09138563210762803,0.3896640357345881,0.39395419965170625,0.1425751986435914,-0.20461224915520987,-0.2834821264831872,0.20091243790170324,0.005423196829339003,0.14654210182965732,-0.2729046475086211,-0.08607527402394306,-0.010200792488210302,0.07042817535179144,-0.1516784611739269,0.006790954477390656,0.08754397098789109
0.09551184589078053,0.20031867633159903,0.21865491528647876,0.18083491940627766,0.17758590681001138,0.25970448904197974,0.18444384924371082,0.2651487448303759,0.1816494947545807,0.26105169440563564,0.16311265195441768,0.24280396707632093,0.10329913334909228,0.5805858170613153,0.2598912048872326,0.3417662085698366,0.2904477907306004,0.19854309505231674,0.19645291441673976,0.13770251483628143,0.23562286170241498,0.24371327324978637,0.21598658319848582,0.21713978169548698,0.272461210547154,0.14732838035091766,0.21384106723122012,0.1914799427759866,0.4126690064132933,0.2819286312301367,0.1907322456455747,0.7999326975221027,0.21370898710088954,0.2391876859104615,-0.012773353738682564,0.41033665205367603,0.2403184066688938,0.10372917160380318,0.30431334414719324,0.10701129997999127,0.2266135880230651,0.21684789697172996,0.24927271951138363,-0.022298340458332743,0.010175446084939884,0.4215891609595354,0.27622373562976166,-0.322327793870202,0.6655512872188749,0.0691974456864023,-0.011887999995241467,0.21735179976780547,-0.3091195182753518,0.0013664386881993874,-0.14023942001522227,0.1397673258564101,-0.16360180389325926,0.19014399977243562,-0.04782127651428386
0.08005726168223232,0.43317997245924783,0.30577922184871936,0.05183824344642558,-0.004468420236803091,-0.017372507347724053,0.14986845092886286,0.09143160328685727,0.21657656164733496,0.2097745577627813,0.0917963158805745,0.10357073679414573,0.06594537764737772,0.17926280873370792,0.28694637285768326,0.10690033249420461,0.22640189074708666,0.19208494760618314,0.4597594101730766,0.43572918996934806,0.3291785495636057,0.14000962822244561,0.2990756279215506,0.1458093537963024,0.14667611186578175,0.20144801386866504,0.29337898881144614,0.846696013149662,-0.04347874029920317,0.5900568396561827,0.047448634997743586,0.21370898710088954,1.8863975099361587,0.004648616843119848,-0.16691558903304463,0.2535270340046829,0.8529362415228007,0.26850645418346775,0.14493899574823974,0.18182650625867847,0.23704728250466137,0.33984902400131567,0.3794110436099917,0.15579202260991798,-0.0015809122464354815,0.42514991071488517,0.5234070216281677,0.017817221679367855,1.314637275846709,0.5587616083867677,-0.19685730837799822,0.3932228605902933,-0.3212956338917395,-0.24121512048741192,-0.19683885442923071,0.017580736611710873,-0.009171895212078498,0.023131135866530348,0.20106848533542737
-0.011128601304390267,0.18738698929465755,0.33653254945618855,0.2765265857088511,0.21433713413698427,0.264016597327696,0.22552275578183129,0.23100703033308556,0.19930260695642193,0.32513883049079073,0.15155484979863168,0.24712953900451995,0.09855667160926039,0.24173720970766313,0.26574178303261436,0.24736346018999852,0.20879624948484699,0.2349718941709778,0.25131689915368727,0.2033058540159803,0.14444515741233313,0.21113315692082651,0.47586651486298115,0.2973337339315599,0.4025741729268865,0.05929118972303274,0.15916157847062962,0.08037041098693044,0.7374361295560051,-0.12090449737458653,0.08193230764510713,0.2391876859104615,0.004648616843119848,1.7522708808966165,0.24318479694758877,0.29868289123978436,0.5383056706667835,0.10178610727591932,0.22296510422511004,-0.10514846516765418,0.02190059034232323,0.07145857414221136,0.1072465245411619,0.10004329700125303,-0.4168291915497996,-0.10180933617082734,0.1319516181517248,0.44932377785672334,0.47329906594734283,-0.025481474326390457,-0.2244218978479989,0.19272987067420402,0.10593946719018321,-0.16934004277340645,-0.08644222912683866,0.19860112944400776,-0.2981875561616779,0.028907835325891706,0.09228725152821944
