0.3610365464775222,0.15289556053524392,0.0724107862290808,0.03674898539350193,0.0698169743195132,0.05444988863473156,0.11170334286600894,0.08682259862992271,0.04427718282188402,0.04447311809550393,0.06475568105447023,0.05888931089883792,0.06496897747553891,0.06782904401031965,0.05547468506955346,0.05614267793661678,0.059351526719415876,0.0678474718557658,0.020338774208888546,0.0493738042141561,0.056230402171621674,0.08568926843675707,0.04724615302551013,0.030795059287088897,0.06095746688863618,0.06210308225423141,0.05425747750271109,0.02513074663985492,0.05567272267695719,0.042983576888049095,0.052834918298749096,0.053919129221828586,0.047398723712725355,0.0005545186207657319,0.03244187225791709,0.06081053615005855,0.059013803473806664,0.06715356038915658,0.03218898223031125,0.03266305490453208,0.06512440894915424,0.050793015683505804,0.03343468584126998,0.055266254835030164,0.013973071316141715,0.08179468372216288,0.06861842062067237,-0.007904542168368207,0.04473732183076351,-0.01007543128779071,0.007275482055666677,-0.03388532061695072,0.03036547497309733,-0.0031407184870955373,-0.009261250180541374,-3.1026329330196305e-6,-0.016716008405378853,0.01473349114831,-0.010452696691368902
0.15289556053524392,6.78765244316059,0.30118029246917954,0.13729910561010483,0.17791972898764885,-0.05971163659590821,0.4761360706378604,0.44462442688339254,0.1683053387898999,0.31221313706882686,0.316473495585575,0.19457917939140904,0.43253728959690046,0.02233074251378122,0.5584069563490311,0.3903371905453367,0.25257777961409633,0.5648793243060598,0.4034573480331105,0.1768549473868909,0.46664098608217575,0.4503622356148429,-0.21179071747144904,0.20585182488602669,0.23344516593354894,-0.018296028046253632,0.5173502025928883,0.47115215463641297,0.6989892547128147,0.3469029189307649,0.4242936521634284,0.12268752929426323,0.43327726920975446,0.2050998179653291,0.48415395714934123,0.5364958436245088,0.8974740189110069,0.20828380850545614,0.04625020927869949,0.12370123714280874,0.4092882847838289,0.3309316133721958,0.17412405277730258,-0.06001145479616527,0.37461751708562263,0.5653899497238157,0.37394329463697823,-0.22930649350558158,-0.176227535373223,-0.3548037570308517,0.519074554582873,-0.12818185160141193,0.10284905898035067,-0.09365634243475826,-0.014303584658264715,0.03965303859587773,-0.47573729429533745,0.011352048667305175,0.11250408587971644
0.0724107862290808,0.30118029246917954,1.9147512298884446,0.40252821277295625,-0.28732112122565523,0.40293439471295817,0.2382732725941855,0.47356098688332693,0.43394008515935156,0.3938786967656462,0.37434391725798893,0.26957283013727956,0.3464239279416628,0.21001188218208755,0.23822953549968456,0.22645832888788645,0.38880227184265653,0.391251847138433,0.293519887549966,0.3927213258432411,0.3385923841066795,0.5616305312708876,0.18916826565677897,0.3103119278727463,0.29686365686311034,0.42709682290513623,0.2802472192601277,0.3234670711009629,0.523882444796232,-0.04382017409241426,0.3906947198925966,0.28230421796192684,0.2798107457486451,0.5092191147595498,0.3384078479917018,0.40728161313038236,0.5703285600393737,0.6563007126012913,0.3947333111962472,-0.11934859048615419,0.30279905274040364,0.3209357759717453,0.23624041122455003,0.41034278572917426,0.3370860768829482,0.6241936775522762,0.5580062449098186,-0.15862364932306305,-0.18178762107344912,0.2600637202617037,-0.26173284516763007,0.12350619212374464,-0.08078331780220059,-0.13016334694948867,-0.07826671321033474,-0.02926677968031512,-0.11013131416442391,0.05802845032713099,-0.18971041336492805
0.03674898539350193,0.13729910561010483,0.40252821277295625,2.0025912281655622,0.24871315434863303,0.2910275793367513,0.5164827132154115,0.3858318937212327,0.26109960122598097,0.35196172661578534,0.34448155559812443,0.3856117025024613,0.3813729134945553,0.38823581743544816,0.1785067662290189,0.35969120747000644,0.35597647424895495,0.4337772942260732,0.010145653658525834,0.3283647291591021,0.3344830415211693,0.38314786764376096,0.3623176122043367,0.3356087255692333,0.3059381190112492,0.44027443504045144,0.2836342786332116,0.27908398558003716,0.31701713607853915,0.16979887565869017,0.3125717595020361,0.32382087188406217,0.2755521058429751,0.47768040671763584,0.2561867350399714,0.3303424497532113,0.3219038009510804,0.4793380122398682,0.31313287513944554,0.17909678289506106,0.331594852142285,0.3258699688792859,0.24390725036576089,0.5727804712295971,0.03822369203626281,0.4863859870615647,0.4785043984576563,-0.04760824075591313,-0.2600269479073109,0.09512035489150941,-0.07814774051531932,0.1537550751346473,-0.09419103731048885,-0.07948277257016795,0.0006861394464281832,-0.005992716833484027,-0.18186691079402098,0.001266790299177041,0.04199701388385801
0.0698169743195132,0.17791972898764885,-0.28732112122565523,0.24871315434863303,1.5035246609492035,0.7403225424127429,0.15099685399314772,0.20270559301988259,0.185072939734926,0.1788881204833242,0.20311728420726066,0.22649593577115432,0.33859541054949943,0.20309314819755858,0.16208850451566725,0.26085214326695755,0.23805018716287712,0.24106772667613582,-0.03516245913755734,0.19184925740323522,0.18362761440961306,0.2212059172670479,0.2576701156831944,0.21212440443599026,0.18307742841400312,0.29321390775790473,0.19258898227171425,0.08577458333815187,0.2321845368357559,-0.010072306869736633,0.12515651120196422,0.21793907226434645,0.09519396562956256,0.3924115146780582,0.1704528000259614,0.030785864328729037,0.07555946061703288,0.2733171717714467,0.1646733554968844,0.22841094735664313,-0.030515200889321133,0.19470309895161586,0.18347195649432904,0.29424300636259015,-0.005929284541863026,0.05761781112155964,0.3077845944123113,0.0249537986401324,0.43045162863320247,-0.20986095012046907,0.19993573533089695,-0.0657933784529524,0.05525382614119963,0.07890135275182548,0.1539990577348743,-0.07665225411972858,-0.15669227714658618,-0.1322067720591965,0.2733151409328972
0.05444988863473156,-0.05971163659590821,0.40293439471295817,0.2910275793367513,0.7403225424127429,1.0649315266740529,0.023065512267701538,0.3669775294324029,0.31879740729185757,0.21090767145509282,0.2760219934058672,0.23823519803424403,0.3679063798124365,0.25020196366062325,0.17077064014444215,0.2591513375681124,0.35218398250865046,0.31074326080358367,0.11251547571232051,0.3120769953243815,0.2752396375665758,0.39217196999941245,0.2370473509594486,0.26311934788470015,0.23174222760726007,0.5352117410859899,0.24396457760604462,0.26096970382952134,0.4052968154923838,-0.13726644327709916,0.23005070201628272,0.3170035711073725,0.13567390130989304,0.48635973763564294,0.22901411874489838,0.09850874449940594,0.2849660883161343,0.440713471151134,0.3215192848594385,0.12811933551838983,0.02638061407117388,0.27337031407073437,0.2299488809119849,0.39235534609789735,0.1334719918354827,0.22526961973485604,0.4491024359297781,-0.008396332230913968,0.4855785752219771,0.1699018025631127,-0.2623845520411397,0.28910617787715387,-0.290631208574669,-0.023810641680816955,0.03405861731406183,-0.07886679690971377,-0.11831568631178077,-0.007682080498727791,0.07686979732298427
0.11170334286600894,0.4761360706378604,0.2382732725941855,0.5164827132154115,0.15099685399314772,0.023065512267701538,0.8474747686786374,0.19388568725255692,0.09668992594680878,0.21879485721072345,0.23131732248139156,0.22214998225125415,0.23832662824306952,0.05074567292121431,0.10674662241496362,0.18896666021870498,0.25668445925275396,0.2719547981503498,0.09206204263439799,0.11497707574734588,0.1921611135702391,0.30111305589266124,0.1972988162997821,0.18064865746877254,0.18828785844718693,0.13426381498597104,0.17304001621850995,0.10528513559755734,0.19088505600192887,0.17439535142214924,0.17925793283444727,0.10879063597695032,0.20084998205728166,0.27082530594515397,0.13607468502435585,0.25059404833082555,0.20243944078212275,0.2288442088255506,0.1754013854956278,0.08008340632103082,0.18942185965810668,0.16423368701491373,0.15500598916566868,0.2554531696351775,-0.03446431034391984,0.2779257342866699,0.1947562270631289,-0.07854056205906637,-0.06369957467410618,0.0007908179697054882,0.04742055429376451,-0.127748207111256,0.11513851364377076,-0.030120690325138706,0.011918723301749834,0.03439982852928175,-0.17552364258806544,-0.014821983236120042,0.08160492300912656
0.08682259862992271,0.44462442688339254,0.47356098688332693,0.3858318937212327,0.20270559301988259,0.3669775294324029,0.19388568725255692,1.1364303535077798,0.042904786937639154,0.17364408334128026,0.3846604721800057,0.21173728276272205,0.32798082364851344,0.22105291759919304,0.23113020390280326,0.21836995506581716,0.3533397368379519,0.39830522143075864,0.143497247480143,0.330649131901432,0.2720865664532423,0.30132458162618325,0.22226921201020194,0.22848968652938004,0.31295532843973983,0.5592326956185095,0.3041483383772351,0.0023074864318521566,0.3817851650732045,-0.00888045293526074,0.24210620035468328,0.25081549858512736,0.13017846525385893,0.4332394768392811,0.21339970242484504,0.19835089592439725,0.27543345107822614,0.3246319924468644,0.35650154619839663,0.07741884344301395,0.21022773044463114,0.2669967996742558,0.16857343177346756,0.20132170369487293,0.012742927198435639,0.33816348856711975,0.4784071462009874,0.00840022464593557,0.3578369855866139,0.15805855514231357,-0.10796227232544575,-0.05703772436597838,0.06447814857247676,-0.06382372746808661,-0.06892183479337362,-0.11345662594906576,-0.08340044657103164,0.09968445208493402,0.024622788069998177
0.04427718282188402,0.1683053387898999,0.43394008515935156,0.26109960122598097,0.185072939734926,0.31879740729185757,0.09668992594680878,0.042904786937639154,0.8046914284409192,0.17124525903995638,0.13753882549414218,0.19398679123131857,0.24344324375352286,0.2667074483307137,-0.009534576804080977,0.27585430362980584,0.21095420799530543,0.23742449868724938,-0.011799875120211354,0.2317672441836542,0.21206269476779482,0.3472378417388098,0.18348966747425258,0.2071147368488544,0.14373083180825194,0.24015155660387374,0.16895505478190112,0.23395389804377859,0.18283362716993634,0.11892548394750428,0.24668190929359787,0.23691741008052622,0.20091507608573997,0.2889930577964822,0.19469460838057925,0.26169668207543445,0.2839011052673131,0.351991710497267,0.16556382843040193,0.109669969282694,0.15881738185815075,0.2293187849041485,0.25670653399670845,0.27980087121913544,0.194170088262151,0.3670134471159916,0.30448487954050957,-0.11663973599174629,-0.2590200845264148,-0.14022222593146919,-0.010650587079324229,0.15901259378271237,0.019734170681553292,-0.09985030337069538,0.1360594557463626,0.1268359035308773,-0.10501179916243315,-0.12698123184711166,-0.15991278883096102
0.04447311809550393,0.31221313706882686,0.3938786967656462,0.35196172661578534,0.1788881204833242,0.21090767145509282,0.21879485721072345,0.17364408334128026,0.17124525903995638,0.625636751735102,0.19741263562001501,0.2060047851625671,0.2351732228882147,0.13257143356165615,0.19919059195913172,0.18373574095740292,0.2359871239856612,0.285965452847838,0.046341213038132364,0.3051413402061915,0.20165674390871147,0.24413279396711154,0.16147108390361486,0.20672383867045635,0.18457552682143308,0.19138886735735458,0.2363449756381122,0.21365686376186943,0.3036147709294525,0.17577392645975423,0.24934207642924464,0.16606849030156823,0.18131257715353974,0.3208178451459214,0.2682283436696206,0.25383051265925444,0.30745098081609074,0.28702801078781326,0.26181218200358225,0.11141876993069634,0.30190332276431675,0.21446946899149194,0.15158542730630528,0.2548290694701044,0.038943734020061946,0.3523226714167064,0.4222472527980737,-0.013594476273555423,0.14787164737830016,-0.00470620004709859,0.0127667064834692,-0.045760873627393124,0.015873879382521154,-0.020896153645558312,0.05537454132960971,0.012995811182505672,-0.06827536970779707,-0.0773786609405858,-0.011099654861984906
0.06475568105447023,0.316473495585575,0.37434391725798893,0.34448155559812443,0.20311728420726066,0.2760219934058672,0.23131732248139156,0.3846604721800057,0.13753882549414218,0.19741263562001501,0.5098915701702235,0.26408514197185706,0.36344961099076134,0.1953990950832194,0.2453126445017843,0.22297195829844998,0.2911877790123651,0.2812648961700879,0.087165595600971,0.304745348994168,0.2433036360772609,0.25843365562506365,0.1857423562238435,0.2321481570603431,0.21506356982492464,0.32118635602776524,0.2519282278719205,0.16280072758279351,0.3476022769919054,0.0720196471951719,0.23371558339790818,0.20971302798068578,0.17799995469289126,0.31662479268998506,0.23053857749223094,0.25471637150797233,0.2884297432993142,0.2832077500019897,0.25837060205328155,0.10863357642871162,0.21386750622408507,0.2433218110497749,0.16205765638944272,0.20071807791073812,0.09058144783151516,0.36062092452356537,0.35109769024011545,-0.042169393571698556,-0.04122597819869157,0.04729045888142574,-0.061032080361379845,0.040486593155899114,0.027784199098015095,-0.06931067730799992,-0.012997892234897232,-0.056875091653219766,-0.1279598916765917,0.01459790863683834,0.05032540568537493
0.05888931089883792,0.19457917939140904,0.26957283013727956,0.3856117025024613,0.22649593577115432,0.23823519803424403,0.22214998225125415,0.21173728276272205,0.19398679123131857,0.2060047851625671,0.26408514197185706,0.6603677629292714,0.22471485548053777,0.26662031570353706,0.11417623952614694,0.24592996937366454,0.22787401334059448,0.21617414853477587,0.07943864936765226,0.22278358131125453,0.19804288945135515,0.16624755861649967,0.15422409741355012,0.17208164456844768,0.22508785676381363,0.3367572984146064,0.2572253162363717,-0.0035258924784849904,0.1435625501096893,0.0023430408037248677,0.2058499281660959,0.24962855992377675,0.13759671027358092,0.28636585432642997,0.13855665278318388,0.10030947754318026,0.23577796128608006,0.28583865990587093,0.13211332240654933,0.08670948103350841,0.12688738629649293,0.21085595940912225,0.12996438384620138,0.1793687121613799,0.03482142712818829,0.2114139837732197,0.35610101351851625,0.0568960948151501,0.4193685945311082,-0.06341481165777228,-0.03573130329549228,-0.07122211297122098,0.15267488363106813,-0.03498526698528837,0.005840813411918708,-0.0035865135893276903,-0.10847498650755498,0.01568721152855471,-0.017760477688731267
0.06496897747553891,0.43253728959690046,0.3464239279416628,0.3813729134945553,0.33859541054949943,0.3679063798124365,0.23832662824306952,0.32798082364851344,0.24344324375352286,0.2351732228882147,0.36344961099076134,0.22471485548053777,0.7039651282503455,0.19613717720807444,0.16317529078331736,0.28718297914213764,0.29896044760547746,0.3469939754646775,0.17594054054794847,0.27348099857499897,0.27360554838204015,0.41785810606793655,0.2172628804527495,0.2815505219667821,0.2191022209536433,0.3041975006384046,0.27293663906416044,0.24597729897045945,0.5076772498204267,0.12241228773800554,0.2624546492866863,0.2513626464237446,0.21360602454854727,0.3792900854625297,0.3181164899521632,0.3213138751183176,0.33542856953972555,0.28609038963420397,0.34536091708114874,0.12598559719981664,0.23434703178791566,0.2668374705950877,0.1997569734660674,0.2875762601143985,0.06453600045026012,0.41582426573169756,0.38706961805742995,-0.09473382975087832,0.05835195229807409,0.11003860708959576,-0.06817578008062243,0.025303736129559315,-0.02484681994684727,-0.09652775364645755,0.07523239595548128,-0.09024640262152166,-0.1860938397101927,-0.07641167604048231,0.15501491987550672
0.06782904401031965,0.02233074251378122,0.21001188218208755,0.38823581743544816,0.20309314819755858,0.25020196366062325,0.05074567292121431,0.22105291759919304,0.2667074483307137,0.13257143356165615,0.1953990950832194,0.26662031570353706,0.19613717720807444,0.5934011853643207,0.15145044492484633,0.3191237877811786,0.19578412545706425,0.11768555946310147,0.12171022283990945,0.20521750962331417,0.20055197838579844,0.2647764335853263,0.12691228349582603,0.20170607993372086,0.18841526443818613,0.2753192796506949,0.16310829463400514,0.13893360165480081,0.18095459483974022,0.11047573680955558,0.19015960073022703,0.3268423039623395,0.13728093770998995,0.24312269333411368,0.20658760970253712,0.14702217753613692,0.25011534314293105,0.27556107748341285,0.13085528188388082,0.0937970377800606,0.1563124331030118,0.22419475799574193,0.19841091377028441,0.22918194714734164,0.09380976559833462,0.22225782833137764,0.35046695868634176,0.0003388001998987854,0.33319095784027297,-0.03391750432223208,-0.05551602464078492,-0.10487544098238885,0.10623831788526913,0.00790137700412173,-0.08923323395771368,-0.007352212793690007,-0.027753426957483073,0.0895977341746657,-0.06385441569285163
0.05547468506955346,0.5584069563490311,0.23822953549968456,0.1785067662290189,0.16208850451566725,0.17077064014444215,0.10674662241496362,0.23113020390280326,-0.009534576804080977,0.19919059195913172,0.2453126445017843,0.11417623952614694,0.16317529078331736,0.15145044492484633,0.7807806870795934,0.08755370432688132,0.19471158072391875,0.11852044138206216,0.19226522636423374,0.14680309337115424,0.16776088464390868,0.12894788415875486,0.10053202319678411,0.16247794573188482,0.20615944545415688,0.17816571676585824,0.18001514806583024,0.24231148130125948,0.26036070382797916,0.12539133733454394,0.14216000878093274,0.10850627865321012,0.1749169991409041,0.203743782953726,0.20047473805285404,0.16642527028258602,0.22762784753050785,0.14561170261904555,0.1815808127098786,0.03873748841927804,0.15793475688674047,0.1463240389006102,0.13786304506976094,0.15117152555010624,0.06530562069839635,0.19969559908693693,0.2284171647537496,-0.009092839439789528,0.03643666638400769,0.11940787415581776,-0.05513198351290602,0.05108980450522402,-0.11257116913093752,0.033806934316889546,-0.05208285506038664,0.03104781574079652,-0.16297282716514688,0.048037407583732455,0.038063091597337215
0.05614267793661678,0.3903371905453367,0.22645832888788645,0.35969120747000644,0.26085214326695755,0.2591513375681124,0.18896666021870498,0.21836995506581716,0.27585430362980584,0.18373574095740292,0.22297195829844998,0.24592996937366454,0.28718297914213764,0.3191237877811786,0.08755370432688132,0.8371886489394071,0.25223090889259997,0.22102494891769156,0.2164972484348813,0.27030200038775837,0.26045927461458934,0.3986051741216198,0.12692151302478938,0.260370626399917,0.25705674818706914,0.18353447553082483,0.2510719111301307,0.2241220883773934,0.32459378353676444,0.24298324502554267,0.2630319887414602,0.2607098649322785,0.1699945439396486,0.3671507509775281,0.42638234334936903,0.22460790127678823,0.42809942143808455,0.34544935699406,0.22526047134922927,0.17558270805808515,0.2282298369085163,0.34518369330458504,0.29748230683430416,0.30078372313487634,0.20572789745182257,0.33098555431578147,0.40776358585271905,-0.04748579552686734,0.1356242997320245,-0.25426621658998927,-0.09083145337480823,-0.05621606577652359,0.2020906516170724,-0.018647548309019005,0.0625884523187571,-0.023209420306011933,-0.24493483412474334,-0.04392618311412949,0.11988341519719178
0.059351526719415876,0.25257777961409633,0.38880227184265653,0.35597647424895495,0.23805018716287712,0.35218398250865046,0.25668445925275396,0.3533397368379519,0.21095420799530543,0.2359871239856612,0.2911877790123651,0.22787401334059448,0.29896044760547746,0.19578412545706425,0.19471158072391875,0.25223090889259997,0.6422815169411831,0.28157196257720934,0.1852476119128589,0.2552197513808762,0.2739732536358346,0.5332642657518915,0.23457276528492682,0.2500327163198036,0.25909538044500374,0.23910688006934766,0.2617785725075949,0.2562696649248519,0.31795986485536665,0.1014586392160397,0.26728022981368965,0.21796324128606565,0.25910033829086576,0.32543319817052646,0.2010565803507351,0.26893735773344063,0.4171594356702321,0.3907727202962122,0.2873674704624793,0.1392404870227416,0.20868386655100774,0.2483344319559102,0.28057982813622223,0.3290638681810529,0.16308293974719434,0.3806889780932217,0.46692234579260555,-0.09917659893155638,0.13902578863498175,0.22709601417800204,-0.025886518703855287,-0.022736492742806546,-0.11323912998543464,-0.06963636750991387,0.044365551176473235,-0.03575012720128274,-0.15174832346515638,-0.019096456568266827,0.04735696103404487
0.0678474718557658,0.5648793243060598,0.391251847138433,0.4337772942260732,0.24106772667613582,0.31074326080358367,0.2719547981503498,0.39830522143075864,0.23742449868724938,0.285965452847838,0.2812648961700879,0.21617414853477587,0.3469939754646775,0.11768555946310147,0.11852044138206216,0.22102494891769156,0.28157196257720934,0.9131742328829326,0.03252796013339614,0.23385670134142383,0.28753703902863453,0.37502498917062677,0.40027559856683037,0.24818569415938743,0.24180061679923673,0.40422851437867646,0.20604048763097163,0.3214722762239953,0.36873675042173054,0.04996176381737335,0.31308132768532354,0.2134426152075568,0.21803016838592346,0.4206157915753539,0.20414146116640527,0.4016631473654995,0.25203508358129645,0.3015174562398232,0.3560463816240259,0.14702999160864597,0.3107565137726049,0.2544968762582715,0.1918458889124317,0.3198626106914325,-0.03280111142827389,0.46380302565520043,0.381312926874798,-0.08135661469657238,-0.014611024288230006,0.0991360685507713,0.2797395841341877,0.12761165626581977,-0.38592178670832655,-0.13659527289444587,0.0093547779906972,-0.04702906186090176,-0.14380340213019852,-0.001194117063500413,0.048743100090551016
0.020338774208888546,0.4034573480331105,0.293519887549966,0.010145653658525834,-0.03516245913755734,0.11251547571232051,0.09206204263439799,0.143497247480143,-0.011799875120211354,0.046341213038132364,0.087165595600971,0.07943864936765226,0.17594054054794847,0.12171022283990945,0.19226522636423374,0.2164972484348813,0.1852476119128589,0.03252796013339614,1.3447238763276115,-0.29169395994368513,0.165745658211332,0.452593386205024,-0.1550039952105891,0.11747987194987149,0.18238925074576062,-0.023768247479228833,0.10371509742603044,0.21874661682778176,0.15691968796021138,0.2165260882101384,0.15899113866854914,0.09976422531645246,0.2653253218689311,0.059706032754106665,0.12087723697958498,0.0850924100761789,0.3480620479132423,0.2702263218288335,0.3888464832622215,-0.12541778335502915,0.07188619713234386,0.053345236553350814,0.20332399858423414,0.17884110740001263,0.06718482467535762,0.1309086853964758,0.11667591117074735,-0.01391358019358371,0.2468022744789406,0.5210519201270365,-0.24411253186949997,-0.1425437646486645,-0.058166163655559606,-0.08651632403467112,-0.1792211471345379,0.024467845487799598,-0.13033995160003425,0.20765549969091399,-0.03711252126137298
0.0493738042141561,0.1768549473868909,0.3927213258432411,0.3283647291591021,0.19184925740323522,0.3120769953243815,0.11497707574734588,0.330649131901432,0.2317672441836542,0.3051413402061915,0.304745348994168,0.22278358131125453,0.27348099857499897,0.20521750962331417,0.14680309337115424,0.27030200038775837,0.2552197513808762,0.23385670134142383,-0.29169395994368513,1.557324864681376,0.3211823916274311,-0.03683769288158166,-0.039632818225170514,0.27863819690130076,0.14990382114842699,0.5033354025589626,0.3870664951649998,0.2812822836564572,0.33573998953829054,0.2730387920901821,0.45767320328335886,0.22535798896661804,0.19809229660325006,0.4501173291700451,0.4625863331573393,0.27910695677103686,0.7218093320190988,0.4302085159033798,0.5252814484116536,0.3570524105511807,0.686244835605835,0.5459999226673675,0.18258502099235624,0.08227590196616773,0.1606081624125538,0.579212889345761,0.5425935148832819,0.26952416624508485,0.47619955947062753,-0.1604574452192679,-0.11584029145292345,0.015238310484256522,0.20958416525126916,-0.10870662362264948,0.18674867434908007,-0.0514296594505482,-0.032846630529422986,-0.2004008234305851,0.08987243069478419
0.056230402171621674,0.46664098608217575,0.3385923841066795,0.3344830415211693,0.18362761440961306,0.2752396375665758,0.1921611135702391,0.2720865664532423,0.21206269476779482,0.20165674390871147,0.2433036360772609,0.19804288945135515,0.27360554838204015,0.20055197838579844,0.16776088464390868,0.26045927461458934,0.2739732536358346,0.28753703902863453,0.165745658211332,0.3211823916274311,0.5818908158462881,0.33228515611418324,0.14977997006132363,0.24212189526086034,0.1790506067160914,0.40043151216531553,0.22179521459077256,0.3321604236936415,0.28133728642132055,0.19135233754874936,0.33347598523923044,0.22407249452491604,0.31579872979246093,0.2851091182373805,0.21834329496193328,0.3350205451394998,0.3722549604955887,0.4460983000375136,0.3001566159009195,0.2022322801491014,0.47521157722643903,0.36612110659995656,0.28770445508300907,0.3569375286843323,0.0947728516606737,0.44887139920749525,0.4619767358979379,0.04493293591851132,0.16917373448505257,0.113409816342129,-0.09377787437870982,0.06700759223174359,-0.06123248580860023,-0.08362418712676913,-0.054154255890964745,-0.01442669354145751,-0.25933625570788604,0.08432191101912219,0.09127723797077877
0.08568926843675707,0.4503622356148429,0.5616305312708876,0.38314786764376096,0.2212059172670479,0.39217196999941245,0.30111305589266124,0.30132458162618325,0.3472378417388098,0.24413279396711154,0.25843365562506365,0.16624755861649967,0.41785810606793655,0.2647764335853263,0.12894788415875486,0.3986051741216198,0.5332642657518915,0.37502498917062677,0.452593386205024,-0.03683769288158166,0.33228515611418324,2.176411697678202,0.29292631909615846,0.3173271197049639,0.22129335053366467,0.14251116119948157,0.3313416700061917,0.3294168944576601,0.5060634623327214,0.2029019666098129,0.35915096298676263,0.40973932296441457,0.4840731012521661,0.35625528702176873,0.12185402361595406,0.5740866779442383,0.39532412063199723,0.5950515864353898,0.41902665873308503,0.14072276005162357,0.01920378318171933,0.26806877744435553,0.6405491784412782,0.48217622715274616,0.16848980162035607,0.552222698853128,0.4643712475281991,-0.7346134453946406,0.34310317385670713,0.15858910599136639,-0.1354502380159717,-0.41044960913383044,0.06024118085094253,-0.040411218732279104,0.06007487086215887,0.024367753451513187,-0.28847128928264026,-0.012658493513556917,0.0013333442368143958
0.04724615302551013,-0.21179071747144904,0.18916826565677897,0.3623176122043367,0.2576701156831944,0.2370473509594486,0.1972988162997821,0.22226921201020194,0.18348966747425258,0.16147108390361486,0.1857423562238435,0.15422409741355012,0.2172628804527495,0.12691228349582603,0.10053202319678411,0.12692151302478938,0.23457276528492682,0.40027559856683037,-0.1550039952105891,-0.039632818225170514,0.14977997006132363,0.29292631909615846,1.170340530227607,0.27529340749550824,0.33975215444151724,0.09416078349268676,0.03383887922363046,-0.037300710228876224,0.23655531550536696,0.1267822782252126,0.06426468903174296,0.10427175920840322,0.1868911072048741,0.3760456396940316,-0.05464774262550255,0.2839176916434412,-0.050417761022135084,0.20826098988388492,0.3387843626696805,0.15621583573678197,0.15528734571653285,0.0873959114183997,0.22790229692277703,0.6552688189989678,-0.24362141623967948,0.2857758422938616,0.33377658570805185,-0.016618759451665573,-0.1457687032681783,0.012763426859200455,0.07345948584728308,0.15319010757251658,-0.10250832951762802,-0.03313916427647416,0.15875712849579315,-0.06094663279488468,-0.12366654852917766,-0.16543367764405192,0.2597983478154194
0.030795059287088897,0.20585182488602669,0.3103119278727463,0.3356087255692333,0.21212440443599026,0.26311934788470015,0.18064865746877254,0.22848968652938004,0.2071147368488544,0.20672383867045635,0.2321481570603431,0.17208164456844768,0.2815505219667821,0.20170607993372086,0.16247794573188482,0.260370626399917,0.2500327163198036,0.24818569415938743,0.11747987194987149,0.27863819690130076,0.24212189526086034,0.3173271197049639,0.27529340749550824,0.5768403810794196,0.24502529078148233,0.21690580772171741,0.22764785526198197,0.2683581756410872,0.23374644690886748,0.3640832859198545,0.24466736707580033,0.24039143109343378,0.40416480778969194,0.25726775524247625,0.22452124273727875,0.30931257683580693,0.42954209470417565,0.3809886380809541,0.15833361342854135,0.13485061649629163,0.2638594993403884,0.26408152644474797,0.2745822643595815,0.3755530139064658,0.04061632869623754,0.40572325817896854,0.3684489604687158,-0.048744589447404355,0.008845017200455982,-0.01063448184510892,-0.0758911537930251,0.027914046647334045,0.045865115417841544,-0.05826822653756607,0.24067258185019136,-0.10677377805224733,-0.08083800552542815,-0.29487525978777246,0.34403072869606227
0.06095746688863618,0.23344516593354894,0.29686365686311034,0.3059381190112492,0.18307742841400312,0.23174222760726007,0.18828785844718693,0.31295532843973983,0.14373083180825194,0.18457552682143308,0.21506356982492464,0.22508785676381363,0.2191022209536433,0.18841526443818613,0.20615944545415688,0.25705674818706914,0.25909538044500374,0.24180061679923673,0.18238925074576062,0.14990382114842699,0.1790506067160914,0.22129335053366467,0.33975215444151724,0.24502529078148233,1.0154223898511754,0.1658867890282124,0.18618868614803538,0.08563399023444135,0.2592206502351892,0.22747149357107135,0.1838157401645109,0.16907102530908494,0.15765106559931605,0.43883776105427125,0.2812508516160267,0.12701801906730031,0.2939304476986927,0.3973064557431604,0.24634415378262112,0.09861093922896881,0.11484876365355721,0.19097322346602513,0.29911209631760594,0.3931347896165711,0.11114179648731369,0.3636735041417952,0.4085911932479468,-0.0319919059407268,-0.012255090350878293,-0.14053252529081978,-0.03657344237184434,-0.031070855490072182,0.1343127523619759,0.00151246215341789,0.04813368473367314,0.00390740871352313,-0.08749800364750168,-0.03110337825459528,0.010840936747036373
0.06210308225423141,-0.018296028046253632,0.42709682290513623,0.44027443504045144,0.29321390775790473,0.5352117410859899,0.13426381498597104,0.5592326956185095,0.24015155660387374,0.19138886735735458,0.32118635602776524,0.3367572984146064,0.3041975006384046,0.2753192796506949,0.17816571676585824,0.18353447553082483,0.23910688006934766,0.40422851437867646,-0.023768247479228833,0.5033354025589626,0.40043151216531553,0.14251116119948157,0.09416078349268676,0.21690580772171741,0.1658867890282124,2.5641726778149554,0.3166253445215277,0.49790958072505825,0.06304602676436112,-0.4882505170296316,0.2870966925829081,0.49785570082413083,0.06571877784834923,0.5168484475339341,0.257951454084822,0.1871546795275671,-0.0347006414635562,0.36223296799392085,0.33950490205644224,0.1723590918022582,0.3815657217796605,0.510383138774797,0.06452965314000858,0.17232751208592648,-0.28500686995627916,0.29095564238209665,0.31221846501733796,0.15597271793827383,0.5091980383741681,0.499620508358429,-0.1875970772154404,0.3829228258726588,-0.8284078065711665,-0.04086032172405186,-0.047343997983746645,-0.03145342800221265,-0.18244502165946302,0.0919819428795983,0.06582180198278173
0.05425747750271109,0.5173502025928883,0.2802472192601277,0.2836342786332116,0.19258898227171425,0.24396457760604462,0.17304001621850995,0.3041483383772351,0.16895505478190112,0.2363449756381122,0.2519282278719205,0.2572253162363717,0.27293663906416044,0.16310829463400514,0.18001514806583024,0.2510719111301307,0.2617785725075949,0.20604048763097163,0.10371509742603044,0.3870664951649998,0.22179521459077256,0.3313416700061917,0.03383887922363046,0.22764785526198197,0.18618868614803538,0.3166253445215277,0.8295893202841423,0.295238557694693,0.23022354448782575,0.13069682567754934,0.33052371358296256,0.2414935396459138,0.2880983170382906,0.2796021106153905,0.3088305155977578,0.2539992374491128,0.4607492884223152,0.40831897313894794,0.1895752509580516,0.18112655676548226,0.29051915429146374,0.28759258710240104,0.26937227265512137,0.16975525708391878,0.1380772933493124,0.41919230705477944,0.3745167699126129,-0.035933895214775795,0.12569229933914317,-0.045922623104102285,-0.08048343470141715,0.020635546188189455,0.02995045716570365,0.00401806049775852,0.10367697085388725,-0.02724987871591693,-0.07975364386309987,-0.0978346318524439,0.07838667276847913
0.02513074663985492,0.47115215463641297,0.3234670711009629,0.27908398558003716,0.08577458333815187,0.26096970382952134,0.10528513559755734,0.0023074864318521566,0.23395389804377859,0.21365686376186943,0.16280072758279351,-0.0035258924784849904,0.24597729897045945,0.13893360165480081,0.24231148130125948,0.2241220883773934,0.2562696649248519,0.3214722762239953,0.21874661682778176,0.2812822836564572,0.3321604236936415,0.3294168944576601,-0.037300710228876224,0.2683581756410872,0.08563399023444135,0.49790958072505825,0.295238557694693,1.3987579707576188,0.2132779562934177,0.25878521718766423,0.37575343492395413,0.23281616093599852,0.4895223553513774,0.19031476445372283,0.42964421429109095,0.42036597476049375,0.4854899036473361,0.44833668251919556,0.2124628758325454,0.18794510871541203,0.49449644322200126,0.327132268560708,0.30191862217717075,0.5027550201645756,0.1222180169889948,0.48404379996462665,0.2441385275500941,-0.023395754255016,-0.18645854289407315,0.17167167003446568,0.028231890249916045,0.873750777299233,-1.1024363651957707,-0.05250044454669082,0.033251768677799186,0.03405185268153728,-0.1576785515467356,-0.06298715595702298,0.11812506189171919
0.05567272267695719,0.6989892547128147,0.523882444796232,0.31701713607853915,0.2321845368357559,0.4052968154923838,0.19088505600192887,0.3817851650732045,0.18283362716993634,0.3036147709294525,0.3476022769919054,0.1435625501096893,0.5076772498204267,0.18095459483974022,0.26036070382797916,0.32459378353676444,0.31795986485536665,0.36873675042173054,0.15691968796021138,0.33573998953829054,0.28133728642132055,0.5060634623327214,0.23655531550536696,0.23374644690886748,0.2592206502351892,0.06304602676436112,0.23022354448782575,0.2132779562934177,2.0320546801366053,-0.026099200406433026,0.21118587365039646,0.19620759286696723,0.026247544977137396,0.5425391548492227,0.47088898437236476,0.6658703394046102,0.3534830545776859,-0.24150529356106756,0.4905610006468855,0.10670962036527472,0.26733425547210476,0.24887099384793138,0.1101075543210336,-0.05843747078766127,0.21509429710138114,0.5587170791657043,0.4648862631675757,-0.4166105999553759,0.10464736270775025,0.3369416161498862,-0.404931134880408,-0.039304918662845106,-0.015468784009579153,-0.0750199894974988,0.1058543229969435,-0.1491667839121086,-0.2795539958122946,-0.14352475052476504,0.29947710794603366
0.042983576888049095,0.3469029189307649,-0.04382017409241426,0.16979887565869017,-0.010072306869736633,-0.13726644327709916,0.17439535142214924,-0.00888045293526074,0.11892548394750428,0.17577392645975423,0.0720196471951719,0.0023430408037248677,0.12241228773800554,0.11047573680955558,0.12539133733454394,0.24298324502554267,0.1014586392160397,0.04996176381737335,0.2165260882101384,0.2730387920901821,0.19135233754874936,0.2029019666098129,0.1267822782252126,0.3640832859198545,0.22747149357107135,-0.4882505170296316,0.13069682567754934,0.25878521718766423,-0.026099200406433026,2.424186511511458,0.30428933819447435,-0.041219777609621325,0.5418102588722497,-0.09216450826217792,0.44200246076264876,0.45984421395170727,0.4405789683055894,0.5606042481614992,0.2072116606203667,0.04411117343886371,0.7401081885368561,0.18940391679891222,0.6994974099482311,0.6048538007192178,-0.05427896874852141,0.5575711772946266,0.30449552058967466,0.10990232855735327,-0.027728769615943134,-0.3294143574132378,0.06423994441766032,-0.6245775975952753,0.7395401257589076,-0.04930745401151646,0.054576182748739356,0.0125214088427696,-0.23274584212631277,0.07520571773651896,0.17610698226145322
0.052834918298749096,0.4242936521634284,0.3906947198925966,0.3125717595020361,0.12515651120196422,0.23005070201628272,0.17925793283444727,0.24210620035468328,0.24668190929359787,0.24934207642924464,0.23371558339790818,0.2058499281660959,0.2624546492866863,0.19015960073022703,0.14216000878093274,0.2630319887414602,0.26728022981368965,0.31308132768532354,0.15899113866854914,0.45767320328335886,0.33347598523923044,0.35915096298676263,0.06426468903174296,0.24466736707580033,0.1838157401645109,0.2870966925829081,0.33052371358296256,0.37575343492395413,0.21118587365039646,0.30428933819447435,0.8489777702236889,0.23798265677400665,0.33443634822097296,0.2997795399108897,0.3784860650630967,0.5413916377846002,0.661394324355661,0.5353484513867616,0.43998189408357,0.16975278817877407,0.5748722893156698,0.33585042549620925,0.22810144875172028,0.31339475370211467,0.1295614161584082,0.6233281264494706,0.47267343572589254,-0.050006167266191066,0.08017219396853967,0.11692272773859402,-0.10594910360696413,-0.059017619682560474,0.08439566357535715,-0.14150593621875518,0.11634400790791957,0.02369740045836835,-0.05247877629420395,-0.14688426827729156,-0.03444274673451746
0.053919129221828586,0.12268752929426323,0.28230421796192684,0.32382087188406217,0.21793907226434645,0.3170035711073725,0.10879063597695032,0.25081549858512736,0.23691741008052622,0.16606849030156823,0.20971302798068578,0.24962855992377675,0.2513626464237446,0.3268423039623395,0.10850627865321012,0.2607098649322785,0.21796324128606565,0.2134426152075568,0.09976422531645246,0.22535798896661804,0.22407249452491604,0.40973932296441457,0.10427175920840322,0.24039143109343378,0.16907102530908494,0.49785570082413083,0.2414935396459138,0.23281616093599852,0.19620759286696723,-0.041219777609621325,0.23798265677400665,0.690152257850345,0.11552753900131947,0.24707083673440888,0.12992151071079133,0.19700419255365922,0.19464245356536006,0.2908775227029227,0.15825764963333808,0.12306775644298847,0.1380794764275951,0.2688996983952061,0.13063549436714259,0.15836730150864553,0.10251529872356101,0.31994645473576383,0.40552770176046704,-0.07758135989765264,0.4415267176424563,0.06194000899816448,-0.03474154939835347,0.2107777956090497,-0.284154897560531,-0.013272405521384173,0.0008322862145896836,-0.032071428594315554,0.26555654411784263,-0.049786732471499215,-0.24476092916626657
0.047398723712725355,0.43327726920975446,0.2798107457486451,0.2755521058429751,0.09519396562956256,0.13567390130989304,0.20084998205728166,0.13017846525385893,0.20091507608573997,0.18131257715353974,0.17799995469289126,0.13759671027358092,0.21360602454854727,0.13728093770998995,0.1749169991409041,0.1699945439396486,0.25910033829086576,0.21803016838592346,0.2653253218689311,0.19809229660325006,0.31579872979246093,0.4840731012521661,0.1868911072048741,0.40416480778969194,0.15765106559931605,0.06571877784834923,0.2880983170382906,0.4895223553513774,0.026247544977137396,0.5418102588722497,0.33443634822097296,0.11552753900131947,1.3135066709608132,-0.020525642104292603,-0.19147676324393714,0.24124727039471763,0.8306119359693481,0.622983722326466,-0.07853870125252294,0.11270145048268969,0.2177979482182125,0.3160860855712276,0.5339930929234814,0.5337865786698354,0.06649877592404292,0.48782025865883394,0.4215567723915591,-0.06544531790023426,-0.1723879133066988,0.09775552634857534,-0.09125785506471616,-0.0037610331071036805,0.04501080162151067,-0.1329016113216592,0.25835101772063723,-0.030445457013926484,-0.2422994987128461,-0.18874614113332308,0.34759667197658556
0.0005545186207657319,0.2050998179653291,0.5092191147595498,0.47768040671763584,0.3924115146780582,0.48635973763564294,0.27082530594515397,0.4332394768392811,0.2889930577964822,0.3208178451459214,0.31662479268998506,0.28636585432642997,0.3792900854625297,0.24312269333411368,0.203743782953726,0.3671507509775281,0.32543319817052646,0.4206157915753539,0.059706032754106665,0.4501173291700451,0.2851091182373805,0.35625528702176873,0.3760456396940316,0.25726775524247625,0.43883776105427125,0.5168484475339341,0.2796021106153905,0.19031476445372283,0.5425391548492227,-0.09216450826217792,0.2997795399108897,0.24707083673440888,-0.020525642104292603,1.6876712086042536,0.642961513148919,0.12764636554022368,0.2961293709180205,0.4386886302400318,0.6927161635655986,0.029342389425515147,0.16137414218502658,0.3446915653947238,0.45098796164821886,0.5508408517247224,-0.1784720806491142,0.24661308012147198,0.6606326207479938,0.024156810537141197,0.6205484828846548,-0.12886397634250993,0.009408685438465998,-0.08203261303359513,0.05961396306296787,0.016153212392834432,-0.032795781603391055,-0.022054339655607005,-0.27583613452397704,0.0036317184439058417,0.21717171843442384
