0.7276441415957191,0.3008549138547502,0.49413346357917975,0.12805091561396884,0.18051137677087845,0.17863869667047066,0.18516510277255233,0.11813660553066471,0.17059149763498882,0.16503998884634136,0.1529320374389633,0.19548482747746299,0.13718317230448682,0.15036870471347086,0.13779001997472265,0.16735661477771754,0.12458879864195543,0.18598852288980397,0.1703768073087428,0.09396578646814023,0.15888590506010353,0.18234047547339946,0.06436109299128831,0.03148658009776182,0.1827595216020028,0.17606729655967288,0.14461015793045878,0.0878030101485834,0.1868481845196105,0.08999613485610325,0.14547947238314293,0.2005427115407734,0.06517712046385814,-0.0710566139164228,0.12718586708013938,0.19011073910648846,0.0734243253272715,0.06268223911236616,0.057382973600282126,-0.05198863735015585,0.11731185591628626,0.09006553778180808,0.07078572280057546,-0.01221508493551412,0.1558362719811405,0.1718534581602762,0.1380710758046356,-0.06342411658582749,0.09091717942687931,-0.041891192730613994,0.004019085490689465,-0.07748642388364872,0.03857032926336641,-0.004000331008904955,0.0793237344361645,-0.04161572844031585,0.15644445209420882,0.08985111578190678,-0.3482700155974162
0.3008549138547502,1.5779808620871643,1.3297527736021169,0.486977575544688,0.44410431336740547,0.5828649794121126,0.505042413339835,0.5867797795522779,0.5354482255029553,0.5031786541347356,0.584738821974471,0.5529007831145726,0.5956182943538509,0.6063672482467543,0.5861112226092792,0.5455251732973347,0.5525810872998008,0.5911209251043265,0.5424468739187827,0.7862270443866342,0.5101031464525023,0.5372605591229106,0.3660994058200387,0.4726889679523365,0.4749478972321913,0.6768186117062559,0.5049162231756491,0.48187103278896093,0.6498985750453913,0.19115280807285123,0.4391080505219188,0.4941966461106605,0.36457250932483526,0.7092185281174389,0.5835051989749381,0.5031243258842898,0.47790821102745557,0.3913629508275008,0.46181183091383193,-0.0701620360270001,0.6344394852075209,0.380740538230109,0.36362347742356627,-0.007131351215106773,0.4776608337384858,0.23442339641818433,0.5482564833874896,0.007739610994376514,0.5960100154403106,0.0050463941782071045,-0.05376819123908426,-0.0007459836619784194,-0.01279210054523693,-0.10707867568153662,-0.5914380148246884,-0.19106762551494103,-0.38077042905541364,0.5093946791772849,0.22422800352508215
0.49413346357917975,1.3297527736021169,2.3068760806814743,0.49316325873060546,0.31200884773067267,0.6274809210602561,0.5578425309079024,0.627169971342616,0.6194057300029717,0.6629961216655599,0.6240091113213584,0.6430657815013813,0.607951734789316,0.5895196781076474,0.5350985791632057,0.47091857872819304,0.5392239169633457,0.565281532525169,0.5702824049926186,0.42165165840712193,0.5215530889232669,0.5861379138818196,0.3899716200257311,0.45684814458387296,0.5066723779657518,0.640004046323549,0.47159254231356645,0.40638520326443756,0.5988063971695012,-0.11294939107151977,0.4335132626902126,0.527927151024261,0.22552197145435213,0.6270726563597244,0.5260857474646151,0.6286000647249751,0.44352698093381776,0.19364190115341118,0.2915147663570371,-0.28172879893189473,0.5060790651414413,0.3695924489077255,0.21702727495448407,0.002749097694855593,0.31237204563193727,0.5316957446008361,0.4954752763715429,-0.1774964231132393,0.12145900386650947,0.000819263333289471,0.011829986537349554,0.060178430658563514,-0.05839758811572011,-0.12994149915457914,-0.2231551507091829,0.11071085991932225,-0.07098746485558345,-0.19361349180462883,0.08519864819619476
0.12805091561396884,0.486977575544688,0.49316325873060546,2.777772458204699,0.25464844895302885,0.375667570943066,0.34401666120963736,0.47717100517154654,0.3045789270812373,0.49398077743193675,0.3486574888061083,0.5052190366539715,0.39229798339474015,0.4486175338946889,0.3858705333633566,0.6866611932531425,0.3656642377692511,0.47485384986612567,0.2758917877352968,0.35476809226691947,0.22268331040269823,0.4724214040967226,0.5078501668986932,0.498674341177273,0.3008547343916004,0.38846217800502497,0.39427412241493137,0.12960683853500254,0.45440219551904554,0.042001288829341205,0.33954601753673386,0.42337987806664484,0.30681273734648246,0.4288799832646713,-0.19512220314342313,0.41690288978794326,0.24298177068192459,0.20188793298330235,0.40463349512920377,0.14132035080440816,0.29414718084521996,0.17775438963524132,0.3247384224836538,-0.0001329761128290235,0.30268388578873096,0.24706205919090982,0.4431375596233229,-0.11089689769736596,0.29607559296602487,0.15452852483249774,-0.13977683549009395,0.17474149512926054,-0.16868600067214867,-0.22321401068962315,-0.37129583244510045,-0.008508921916189422,-0.07290888999666306,0.34344841898042744,-0.10221239668781562
0.18051137677087845,0.44410431336740547,0.31200884773067267,0.25464844895302885,1.118052752270925,0.5744103459300176,0.42636505156411886,0.3961031999921286,0.41551825111188234,0.28301217064392836,0.41307003608601406,0.46033583514064025,0.44197002704590665,0.4742483917809305,0.3823261454822893,0.5605210336766514,0.40278629515423814,0.3323302501011698,0.6313104548862617,0.505765461475517,0.3745223546824032,0.4790750465444081,0.4323232159049595,0.4137190502758397,0.3544604603789872,0.5512034702153411,0.37324026728103565,0.22870463754919235,0.5840155581206996,0.13915204166776762,0.3030700820475258,0.5323913059406034,0.21646947560638827,0.6997303359285487,0.2799461258069576,0.3448549468361443,0.3876787309488024,0.2591105536543424,0.35707405227042815,0.18191154190444442,0.4841125476853407,0.3415031947171008,0.27248664024227387,0.025424191538999743,0.3541286662449978,0.039747881334358956,0.5418635903234866,0.046283654435570094,0.9933970247680588,0.0018622650961707204,-0.10724058568196437,-0.16589343289201375,0.1507973621571956,0.03593603406813959,-0.1413507216633431,-0.17977409889223558,0.04410749585308271,0.12123042586730916,0.03928337259962554
0.17863869667047066,0.5828649794121126,0.6274809210602561,0.375667570943066,0.5744103459300176,0.9306800374815675,0.4381292281195673,0.5372598303061834,0.5411533010516963,0.3669142912004981,0.5291018914962078,0.5071805638470592,0.5048989979544863,0.610324765309026,0.47455342858193783,0.5659225542809695,0.5059173718271683,0.4017062505122416,0.6330244964720302,0.6918223784331006,0.4469820761272504,0.5538153084493985,0.44355993324666976,0.5724227262716323,0.4642612685150893,0.6729057425051522,0.4674388320459041,0.4117415853985309,0.6956959629963922,0.1563196341854031,0.41163051787054245,0.6127624196857138,0.22667947401764588,0.6759001510607334,0.47493003393744165,0.3663527720187777,0.45540732394889005,0.36457713687384224,0.4851197362325568,0.17576148974527192,0.49915335511823405,0.369202820463381,0.36814958560888916,0.016371350929423406,0.4964378142253598,0.09515192255791899,0.6864455513464063,0.04264815390057211,1.1459597215412984,0.1303335238490613,-0.2859432192767366,0.06765565256514952,-0.10080543256786982,-0.021196450495178928,-0.1659819778401869,-0.0978331966111148,0.13783518980596102,0.11955791719893405,-0.11425296514397663
0.18516510277255233,0.505042413339835,0.5578425309079024,0.34401666120963736,0.42636505156411886,0.4381292281195673,0.7902627509169489,0.36027743816600394,0.5588064599128348,0.3751588272034179,0.4434244491739584,0.5052068559359703,0.4537980172712728,0.43976290302723814,0.32584564027069873,0.5439275812177364,0.44460264100847136,0.46246893051753435,0.33718851791837556,0.46096001073313664,0.3614897934629145,0.5518817725256222,0.669445033896941,0.6276280576781045,0.38440684235785505,0.4019908836672004,0.40711298112298855,0.31529742378903663,0.5146193692078704,0.2913139837691903,0.36083858869569374,0.4649848527059781,0.27182118920599524,0.4980209040731214,0.42759869360139274,0.41447237982299284,0.3893813395035754,0.24812979974534402,0.3981876066813791,0.06548804641035746,0.44046503546292665,0.30687909062869395,0.3176567748291057,0.00958065559870181,0.35486154055097313,0.16219876404565653,0.46838923683112493,-0.03814191660283179,0.8145726298500281,-0.03362913726601942,-0.16229629552407843,-0.053789660460964894,0.13258788550440945,-0.08225390789530967,-0.119582771623633,0.08851748179814121,0.019112315296117552,0.10767339519538967,-0.2727338406458345
0.11813660553066471,0.5867797795522779,0.627169971342616,0.47717100517154654,0.3961031999921286,0.5372598303061834,0.36027743816600394,0.9136819635151011,0.30693272698513147,0.4576238649863979,0.4967527697268669,0.39691398896788077,0.5175743921696213,0.5644651204521961,0.41126066445287324,0.500404737489011,0.4902848501655455,0.4486515317043813,0.441225968041738,0.617014978081466,0.35645784452491286,0.42586987194903736,0.4892827536088495,0.4886396252369705,0.3461205498087696,0.5769607404417827,0.4652935560972911,0.4441519239565424,0.5012990616037215,0.2300700904469101,0.35806948421979007,0.5139717917641429,0.32793432119226734,0.6535219364841833,0.5969705261247978,0.27151612293444416,0.4823280733980419,0.3049757849243128,0.5813519525308494,0.10667855858892752,0.5451966026855877,0.3117280718363991,0.41904104303942885,0.010303668638121252,0.4592882632311333,0.06825619318637295,0.7177500871397489,0.1385663712155361,1.1451781484999979,0.16626567770228107,-0.19685362744878532,0.0796938399210057,0.03026992726411951,-0.0979681790711518,-0.2440615233337605,-0.06953220337134253,0.11810871379652649,0.27952142469657093,-0.20449756762683946
0.17059149763498882,0.5354482255029553,0.6194057300029717,0.3045789270812373,0.41551825111188234,0.5411533010516963,0.5588064599128348,0.30693272698513147,1.2202365976704783,0.28204871670953546,0.3893640368910944,0.3975337774787076,0.49411241356103075,0.44998735432233034,0.2827424071930278,0.3447027928561595,0.41964288731438687,0.48538845977585954,0.46103115390583715,0.5495820603032592,0.3819848261735576,0.7251952517514806,0.8048827243852456,0.7564988385214125,0.3707225710280758,0.5716757374936453,0.38383269832246725,0.3406474039852572,0.6058799689618941,0.37297733724725995,0.39866315512060246,0.531345517436395,0.4136885196634167,0.36825270496719936,0.34109157438454923,0.4504186850075084,0.5707500305535628,0.3159498017355234,0.39801130935960366,0.03800229657973231,0.4248431004031755,0.3205445704145549,0.3514161052015264,0.021868901740186075,0.25562583745393713,0.378711011690982,0.5529775820959659,-0.08686345818296902,0.8883867042655644,0.06202047262361782,-0.05905686948787773,-0.018853357074695362,0.15716812292644716,-0.19521387355035624,-0.03741716590881368,0.041891880145704316,0.15754777055254174,0.013292647405665999,-0.2546591308352091
0.16503998884634136,0.5031786541347356,0.6629961216655599,0.49398077743193675,0.28301217064392836,0.3669142912004981,0.3751588272034179,0.4576238649863979,0.28204871670953546,0.8024535323656627,0.4262020631787245,0.41648666577869453,0.4190899241193186,0.419510003136657,0.3836384654956542,0.4470748756723015,0.3972152726878487,0.44315505101562847,0.27581322753230025,0.3668283627774598,0.29125518063721784,0.3829291038481953,0.45958656738519077,0.3867605331981233,0.3537992213864572,0.4222270427964121,0.3737577804729136,0.3044797118011272,0.41549966877510947,0.08317991406721154,0.3114496944968899,0.3734042684788656,0.22052900334279293,0.5972848902701047,0.39962327727910724,0.31781824474594794,0.4079641433373244,0.1738645170034857,0.374694280121762,0.06013864927939934,0.44767291018565986,0.2641144700079359,0.2887672493435016,0.011206717762990363,0.30481696057303914,0.13446045782864754,0.5284634759291119,0.022968320552925914,0.6503867958853505,0.07881234375170858,-0.07380645888580561,-0.0607709685399302,0.04624507378072942,-0.05074354792223289,-0.0687555652552759,0.10662477418392624,-0.02333556211183672,-0.07815876452836956,-0.009075358654580699
0.1529320374389633,0.584738821974471,0.6240091113213584,0.3486574888061083,0.41307003608601406,0.5291018914962078,0.4434244491739584,0.4967527697268669,0.3893640368910944,0.4262020631787245,0.6982750544306815,0.47813617511278284,0.5117813585620395,0.5100416896654473,0.4482165614266689,0.5469219101395164,0.5361896624081939,0.3949466806152239,0.3921650167455591,0.5710419070890106,0.40581261154093523,0.47352246520473273,0.5238040800291766,0.5172340556847242,0.3913060035948816,0.47378395323178457,0.4337480276446812,0.3849549990997897,0.5501864256073687,0.22910304261505465,0.34889095530186887,0.5007295721889878,0.28545071730103244,0.6283382874448943,0.5665500819748185,0.3435552796480149,0.465766832930391,0.29213896509571713,0.4686915841167918,0.08935121617137884,0.5233561755984381,0.3528075451766531,0.3221950995375853,0.0012046441550580456,0.44385157247346213,0.12921368859099255,0.6377426247864144,0.05631871698408824,0.8849470279936087,0.06183638628590814,-0.1593502905813927,-0.0687952941400728,0.1661951435288235,-0.05241041713762416,-0.20991637064242505,-0.070935660061164,0.0375522317070363,0.09794518703532964,-0.06423601769562094
0.19548482747746299,0.5529007831145726,0.6430657815013813,0.5052190366539715,0.46033583514064025,0.5071805638470592,0.5052068559359703,0.39691398896788077,0.3975337774787076,0.41648666577869453,0.47813617511278284,0.7815804307855267,0.45244026066444,0.4923580285422418,0.4626820017404303,0.5149109879619214,0.47208559304075287,0.37556122372121026,0.42836083242216955,0.49394857417837323,0.35443808116894404,0.45952422925373004,0.5246186343779375,0.5049560956238531,0.42936876259777995,0.4409108443905645,0.4431805754340955,0.2808713967381696,0.5214040125147974,0.14067361165158998,0.3506997239973485,0.4963033873881306,0.20798305836669226,0.5661416280287249,0.4468432782588637,0.4121881730220004,0.27780808829460324,0.2580478322777979,0.34695474000803844,0.04369454387310121,0.4478451345087853,0.2927609200418571,0.2644342248155066,-0.024084234996862287,0.4457228395609929,0.12986965796170097,0.5214492442753953,-0.0027523703908345744,0.773339506003807,-0.09243733744127922,-0.07189639619076564,-0.024131064926525902,0.12550462887067293,-0.0680354919274707,-0.2168641108558742,0.04382517013167347,-0.0228962858213957,0.15225575021147256,-0.2995622870213976
0.13718317230448682,0.5956182943538509,0.607951734789316,0.39229798339474015,0.44197002704590665,0.5048989979544863,0.4537980172712728,0.5175743921696213,0.49411241356103075,0.4190899241193186,0.5117813585620395,0.45244026066444,0.7291134270069702,0.4835608840687621,0.3522180008495448,0.5419813647379592,0.4758248789329835,0.4265096192358861,0.426114873838109,0.5519817687771233,0.37898830671282135,0.5389420437369662,0.5879485180225917,0.5649043268883066,0.377526628320812,0.5182297324695403,0.45266009034193166,0.37643274399919685,0.5510066889088817,0.2635670357135467,0.3542806435355411,0.5112047057838024,0.3365769350345348,0.6024698868164925,0.5261600708342254,0.382899123714977,0.44293076049366126,0.2761907489562749,0.5586086940074475,0.09821275875533088,0.518086243361146,0.32621507185638715,0.34972765575887765,0.023992329290600127,0.39372021651178435,0.13746901340102888,0.5919538426596491,0.026200434132532646,0.9292845823094865,0.08192397730808548,-0.16221506441870676,-0.07754901704068959,0.17024126690256453,-0.09663179765268343,-0.13630852609732713,-0.06770251620260373,-0.06470931882514375,-0.05309770242861044,0.1396926209177003
0.15036870471347086,0.6063672482467543,0.5895196781076474,0.4486175338946889,0.4742483917809305,0.610324765309026,0.43976290302723814,0.5644651204521961,0.44998735432233034,0.419510003136657,0.5100416896654473,0.4923580285422418,0.4835608840687621,0.8784464927437005,0.6369996703647506,0.6055835009049816,0.5123126697124412,0.4174259929480377,0.4837055818662617,0.6640369400320272,0.42191827561716344,0.5163532139624412,0.6738655643899852,0.6378636337938153,0.46625425430196815,0.5967882140981533,0.4730779238596157,0.4753628420637164,0.6416993790213218,0.2926155646993107,0.3771864359545612,0.535745537616667,0.3533182825616792,0.662329612751783,0.5834292956371285,0.3382897022238842,0.5786841754599803,0.34715184210871314,0.48261583001318803,0.105971135231691,0.5884354584801003,0.3718813998685116,0.4216886613669669,0.00037109270673042977,0.43079595228713197,0.0952618618027983,0.7404339980113042,0.11480325824944446,1.2368560879905786,0.10372251743409769,-0.17382926298082452,0.04796899979497897,0.02702379772141703,-0.08094689891768729,-0.24403584000263662,-0.07032049847025937,0.03160510559430463,0.2250102199667577,-0.05701990359114271
0.13779001997472265,0.5861112226092792,0.5350985791632057,0.3858705333633566,0.3823261454822893,0.47455342858193783,0.32584564027069873,0.41126066445287324,0.2827424071930278,0.3836384654956542,0.4482165614266689,0.4626820017404303,0.3522180008495448,0.6369996703647506,1.1032472968609377,0.5144476172420006,0.4353994491930672,0.43733916484751706,0.35844415262938173,0.5976542716535517,0.3781820649397456,0.38020622549823085,0.8608990021818488,0.6390172686995476,0.36796935087743554,0.42500347772787445,0.39586882165535536,0.48233403627715177,0.5878807695473457,0.32469928611306825,0.3351483313001262,0.37944254022020635,0.3755444560315312,0.5926950994829114,0.5642685065806762,0.2536875255776812,0.6242144214786132,0.29267432697013845,0.4909305376439742,0.050935334189163566,0.5218551499212353,0.33269301952541835,0.37957394710853676,-0.019022267158811914,0.3644068037676916,0.13205371790460008,0.6896243402068711,0.1567692376249687,1.056420061680991,0.2279944205091465,-0.2488648519658092,0.13748220826755347,-0.012845255542896677,-0.13741631037737143,-0.16282460011415656,0.009903879382792205,-0.08666591990298375,0.19041876087555099,-0.07615202065580774
0.16735661477771754,0.5455251732973347,0.47091857872819304,0.6866611932531425,0.5605210336766514,0.5659225542809695,0.5439275812177364,0.500404737489011,0.3447027928561595,0.4470748756723015,0.5469219101395164,0.5149109879619214,0.5419813647379592,0.6055835009049816,0.5144476172420006,1.779009981109507,0.59444994799714,0.4644231475915226,0.4061744254606762,0.5811528881082808,0.48250156081319506,0.9059663239956562,0.6010648066004755,0.4957813586274522,0.18420179675868906,0.5827517015262514,0.635302380035365,0.5850548556185747,0.5845996266387931,0.5038956589268933,0.32968013615718983,0.7797608547843311,0.378429672785218,0.7609209998934865,0.9282721474806614,0.4236308763259072,0.5949463011531106,0.3291837302069984,0.7259376544384626,0.19771815262823103,0.710555051033605,0.4640345785518649,0.560925061934657,0.04068681755632934,0.4621339042667489,0.06544056855136893,0.8425166332240364,-0.03740960119878064,1.6639678742852142,-0.17911594930403704,-0.31933476176143216,-0.23122359884718888,0.22004624923332586,-0.0674774831723689,-0.1064543345795091,-0.13119957003091517,-0.04615704568304302,0.07385300676213538,0.057448659972134115
0.12458879864195543,0.5525810872998008,0.5392239169633457,0.3656642377692511,0.40278629515423814,0.5059173718271683,0.44460264100847136,0.4902848501655455,0.41964288731438687,0.3972152726878487,0.5361896624081939,0.47208559304075287,0.4758248789329835,0.5123126697124412,0.4353994491930672,0.59444994799714,0.8776543602520135,0.3569532482263799,0.4246697253154789,0.5458050697150588,0.4553732253819635,0.5179344200838195,0.5283456939221766,0.5414433165385237,0.4770129055574222,0.37118740303175957,0.4423084747349699,0.5808653705815978,0.5608603587037453,0.3510990019399181,0.33667030552214194,0.47440386991186934,0.4029138795745424,0.6265977062114055,0.6702997289038124,0.3093330419334152,0.6636556944652379,0.3210273421188384,0.38633940385654897,0.06074060610810235,0.5714595860268188,0.4385409943102179,0.3552565687307662,-0.0001682843743211228,0.48650637901680843,0.12557094151102538,0.7719971287684826,0.09998048692650284,1.0324226183112155,0.1667806006790962,-0.10616219454337435,0.04026992826436503,-0.005876935095056862,-0.07224240975321854,-0.2446767979868655,-0.11809336457400725,0.0006302013542250507,0.18586513209209882,-0.06130790755516575
0.18598852288980397,0.5911209251043265,0.565281532525169,0.47485384986612567,0.3323302501011698,0.4017062505122416,0.46246893051753435,0.4486515317043813,0.48538845977585954,0.44315505101562847,0.3949466806152239,0.37556122372121026,0.4265096192358861,0.4174259929480377,0.43733916484751706,0.4644231475915226,0.3569532482263799,1.1872775844883738,0.34754306215326813,0.34009293889542885,0.3596831852743414,0.4968802985550596,0.8387548673312004,0.6000115814686153,0.4680065177717599,0.5775051585518992,0.35259055513325727,0.4515617199933452,0.5134699345388256,0.16854320837989406,0.4833667307172445,0.45511012138913576,0.3979561948984759,0.5202911872769485,0.37565365732575023,0.40077877825967,0.40283667043660154,0.17826412740479602,0.563410268029218,0.13258886640038473,0.476910699395494,0.25666308721383574,0.44352597150849127,0.015997077710542464,0.4929265862375532,0.2211843454490992,0.5768135644636021,0.0037836626581137112,0.7427267707353218,0.3296594080329596,0.0240573747173879,0.026761287098846388,-0.21236951456271744,-0.18847209245272453,-0.00931346744176103,0.09746560879130162,0.12088416283827833,0.11186946834807673,-0.37279773894449236
0.1703768073087428,0.5424468739187827,0.5702824049926186,0.2758917877352968,0.6313104548862617,0.6330244964720302,0.33718851791837556,0.441225968041738,0.46103115390583715,0.27581322753230025,0.3921650167455591,0.42836083242216955,0.426114873838109,0.4837055818662617,0.35844415262938173,0.4061744254606762,0.4246697253154789,0.34754306215326813,1.3560436477191966,0.4808361070081344,0.4129131376988712,0.4597134168280226,0.250482141153239,0.3662277920083786,0.402939526611538,0.5826321555129053,0.33436303614681534,0.4707842208182757,0.5745422377918592,0.1315832148647719,0.32258312443689574,0.4700269145483996,0.2787584456206584,0.5430167928838927,0.2878610134905799,0.4291374305627011,0.2839172674271902,0.26143976337999775,0.2629182960798402,0.0662660485037446,0.44474708214984654,0.31485137587477285,0.24859761066325772,0.03314203763178504,0.23811147683893324,0.1875688013125823,0.31050100385962215,-0.003784463268785844,0.5686521626069331,0.04465439752812444,0.24626934642734616,0.4213238372392952,-0.4815892882887966,-0.10755160372095379,-0.21342478067052853,-0.10414602273006773,0.03734155682856128,0.17929312150897572,0.0037161196849699388
0.09396578646814023,0.7862270443866342,0.42165165840712193,0.35476809226691947,0.505765461475517,0.6918223784331006,0.46096001073313664,0.617014978081466,0.5495820603032592,0.3668283627774598,0.5710419070890106,0.49394857417837323,0.5519817687771233,0.6640369400320272,0.5976542716535517,0.5811528881082808,0.5458050697150588,0.34009293889542885,0.4808361070081344,1.9195663999596368,0.2812350221048695,0.5137788030322703,0.6590031698017507,0.8232499757936208,0.43616169306363917,0.7288674878819834,0.6562642558762642,0.5421555028337651,0.7258345535142117,0.5433492079118124,0.6173427442106371,0.6684425163074749,0.4697323836606464,0.7809623237654013,0.8089404907544459,0.3384452620392111,0.7218266228053862,0.8876775178149192,0.922331597324251,0.3334373360636736,0.810234161164299,0.34522301725066246,0.6488799079339952,-0.03378989298178655,0.7750139132369779,0.07006762412928391,0.7860931354342935,0.2500239628747114,1.3962986802533601,0.023950650112658196,-0.47827288753314745,-0.06030408060662758,0.3609408667984819,-0.12888014755767763,-0.26321375545699577,-0.15787606800614504,0.15435317658028783,0.2367270329533488,-0.1561724517932695
0.15888590506010353,0.5101031464525023,0.5215530889232669,0.22268331040269823,0.3745223546824032,0.4469820761272504,0.3614897934629145,0.35645784452491286,0.3819848261735576,0.29125518063721784,0.40581261154093523,0.35443808116894404,0.37898830671282135,0.42191827561716344,0.3781820649397456,0.48250156081319506,0.4553732253819635,0.3596831852743414,0.4129131376988712,0.2812350221048695,0.9538278694740738,0.43454795633802257,0.35413239063800445,0.18903000977200346,0.33219112347787755,0.4626320562988606,0.32460106946520123,0.4640706450510952,0.5217447001626951,0.3081017984737613,0.18327467235164885,0.43655318078902294,0.3162612845136411,0.6219906525230852,0.5669262063978334,0.24701799801495694,0.6670557067087283,0.22097624431324786,0.11115185213129905,0.02769059107652494,0.5751646082318487,0.608219190920942,0.2792197046052193,0.01477447682000128,0.3613345097964759,0.07082435362837419,0.7104353566180349,0.14729685789879016,0.9908604156345064,-0.03224294466500985,0.059603246260802406,-0.008432354130775374,-0.04365418548035558,-0.009555782968423179,-0.10865161490498246,-0.0966523364834529,-0.041639042495469306,0.11886064288453876,0.046175021065162594
0.18234047547339946,0.5372605591229106,0.5861379138818196,0.4724214040967226,0.4790750465444081,0.5538153084493985,0.5518817725256222,0.42586987194903736,0.7251952517514806,0.3829291038481953,0.47352246520473273,0.45952422925373004,0.5389420437369662,0.5163532139624412,0.38020622549823085,0.9059663239956562,0.5179344200838195,0.4968802985550596,0.4597134168280226,0.5137788030322703,0.43454795633802257,1.0734129883409085,0.7411248045412575,0.6242780757743351,0.3358983512421888,0.5933602297366528,0.5053870352889239,0.4193327758200321,0.6599838733240095,0.4321927049073349,0.36772101253774936,0.6972764671113448,0.39648692228652,0.5782570977773381,0.5619501206391426,0.5380617688599543,0.5401744659692045,0.3150877083199736,0.5723772615091746,0.11970109421096563,0.5477569997041833,0.3987277154898207,0.4638657314009413,0.06065887383214928,0.30808790653618373,0.34872528479136533,0.6947604779673903,-0.22763647492419822,1.2491222757984206,-0.04215645872957821,-0.16656484888512016,-0.16657207514566516,0.18463630305716744,-0.13950785836242863,-0.07197514433948819,-0.03267560986625009,0.07773601012955364,0.021590582068340285,-0.131010510577365
0.06436109299128831,0.3660994058200387,0.3899716200257311,0.5078501668986932,0.4323232159049595,0.44355993324666976,0.669445033896941,0.4892827536088495,0.8048827243852456,0.45958656738519077,0.5238040800291766,0.5246186343779375,0.5879485180225917,0.6738655643899852,0.8608990021818488,0.6010648066004755,0.5283456939221766,0.8387548673312004,0.250482141153239,0.6590031698017507,0.35413239063800445,0.7411248045412575,2.735908651686284,1.5417630997580352,0.4610723939735816,0.17543991040629223,0.4497754829574995,0.4712299340840848,0.9747624926776562,0.8041374103491349,0.3512383831640606,0.43960766575301663,0.6382515222557238,0.5470660331534937,0.6771326569257812,0.3522558429443797,1.0233277071350635,0.3134601877156463,0.7489098778674123,0.04034560915499421,0.6022610198552353,0.34811172429122644,0.5362854411606425,-0.03164850951100858,0.4158945670315591,0.3478014411727926,1.102711282717582,0.11842297516471516,1.792416157561422,0.3573559655994651,-0.4108312771826594,-0.031161980549770957,0.5593998676250039,-0.3075592821709404,0.011858717891468092,0.16591976724524696,0.04935398243534252,0.011598538962807147,-0.3528372549050374
0.03148658009776182,0.4726889679523365,0.45684814458387296,0.498674341177273,0.4137190502758397,0.5724227262716323,0.6276280576781045,0.4886396252369705,0.7564988385214125,0.3867605331981233,0.5172340556847242,0.5049560956238531,0.5649043268883066,0.6378636337938153,0.6390172686995476,0.4957813586274522,0.5414433165385237,0.6000115814686153,0.3662277920083786,0.8232499757936208,0.18903000977200346,0.6242780757743351,1.5417630997580352,2.4984548482483095,0.7392923447144597,0.00019608440044357984,0.4715092275471438,0.5180098119143639,0.6959844540060756,0.8283086429589324,0.8693859566137946,0.4982784636929444,0.5101534934412155,0.08179360420764759,0.7329272393881194,0.5127577670465324,0.7631454619822027,0.4217283098637468,0.8301160605905276,0.027645621366381972,0.5619413353631815,0.22167531965901846,0.3621475057916806,-0.03007587586125474,0.4402979951126785,0.2849196114811364,0.802131065131596,0.12411255136837143,1.649153823576065,0.30226492696662716,-0.4733865030021139,0.1545638716804458,0.3675657638320441,-0.318714944255804,-0.1437495814410195,0.02910134262119145,0.20691109356650086,0.009295251830178184,-0.3333455106457583
0.1827595216020028,0.4749478972321913,0.5066723779657518,0.3008547343916004,0.3544604603789872,0.4642612685150893,0.38440684235785505,0.3461205498087696,0.3707225710280758,0.3537992213864572,0.3913060035948816,0.42936876259777995,0.377526628320812,0.46625425430196815,0.36796935087743554,0.18420179675868906,0.4770129055574222,0.4680065177717599,0.402939526611538,0.43616169306363917,0.33219112347787755,0.3358983512421888,0.4610723939735816,0.7392923447144597,2.4044247902407583,0.5913706798136169,0.4159728915773721,0.372243695375605,1.0626694685685651,0.24795060357431303,0.6217182332757326,0.44230295818597515,0.24887945485616306,0.7332251221057555,0.4447637519888323,0.6354691338304226,0.3202816664183478,0.20793183711110308,0.6508745793522873,0.19954191020420295,0.5486240069410463,0.29328677681518933,0.35336879729777126,0.002607671662119755,0.7039476779902228,0.3580491703306019,0.4660261948513142,-0.11336431664832695,-0.3853171669000386,-0.10701082711845043,0.22041693138205123,-0.037296096256106186,-0.04620832247541331,-0.11044320447902961,-0.16619668111057853,-0.019821202470541224,0.08531612967787926,0.08012537516448183,-0.11913451006761998
0.17606729655967288,0.6768186117062559,0.640004046323549,0.38846217800502497,0.5512034702153411,0.6729057425051522,0.4019908836672004,0.5769607404417827,0.5716757374936453,0.4222270427964121,0.47378395323178457,0.4409108443905645,0.5182297324695403,0.5967882140981533,0.42500347772787445,0.5827517015262514,0.37118740303175957,0.5775051585518992,0.5826321555129053,0.7288674878819834,0.4626320562988606,0.5933602297366528,0.17543991040629223,0.00019608440044357984,0.5913706798136169,2.5577983816421783,0.5398841367450564,0.5684421075852475,0.8450522753624988,-0.36881034573683147,0.367916698393069,0.915526397773874,0.4969755911866401,0.970571224581669,0.5020089555506021,0.4754805521885251,0.11484781335543465,0.34498463005443625,0.6815255468877536,0.3345273894577283,0.7822551770661749,0.38119054728866636,0.47906117550255384,-0.07945493646401024,0.5002840885156641,-0.19406531608999286,0.5200498715836922,0.16880131884817323,1.8817598145839791,0.14584122608084582,0.02923554593939761,-0.10831277936584582,-0.2501244187606477,-0.05068234846202838,-0.10864981146023078,-0.08768871688624051,0.14221901258017017,0.05621845005428833,0.016372704871554764
0.14461015793045878,0.5049162231756491,0.47159254231356645,0.39427412241493137,0.37324026728103565,0.4674388320459041,0.40711298112298855,0.4652935560972911,0.38383269832246725,0.3737577804729136,0.4337480276446812,0.4431805754340955,0.45266009034193166,0.4730779238596157,0.39586882165535536,0.635302380035365,0.4423084747349699,0.35259055513325727,0.33436303614681534,0.6562642558762642,0.32460106946520123,0.5053870352889239,0.4497754829574995,0.4715092275471438,0.4159728915773721,0.5398841367450564,1.0868782351269692,0.47436459826607613,0.3659332180809169,0.2371404466888553,0.46906007916964965,0.656935328521248,0.47356698630595784,0.6114621087726773,0.5670079885809776,0.4544580957053419,0.38010307166364443,0.353287083614705,0.5926803807990728,0.22795413706685763,0.6337570629011104,0.3244944152480168,0.6327347242137569,-0.05807268740246718,0.6002829271880542,-0.06457922578261745,0.5896319715582133,0.1252588659028431,1.2478918664678296,-0.03329838420174225,-0.19992173912792474,-0.05511576266506229,0.15928655491423727,-0.055380400212830076,-0.0918197520352367,-0.07029079854099653,0.13394423491448257,0.14559984192779407,-0.19988676394001337
0.0878030101485834,0.48187103278896093,0.40638520326443756,0.12960683853500254,0.22870463754919235,0.4117415853985309,0.31529742378903663,0.4441519239565424,0.3406474039852572,0.3044797118011272,0.3849549990997897,0.2808713967381696,0.37643274399919685,0.4753628420637164,0.48233403627715177,0.5850548556185747,0.5808653705815978,0.4515617199933452,0.4707842208182757,0.5421555028337651,0.4640706450510952,0.4193327758200321,0.4712299340840848,0.5180098119143639,0.372243695375605,0.5684421075852475,0.47436459826607613,1.8015509324066912,0.252381764186937,0.5285153513207582,0.3517565009639874,0.4386801572434007,1.0346775873292753,0.4771024163102482,1.3432997935145055,0.057420613604870115,0.9206345137894859,0.3334992121134543,0.5833697677657478,-0.006722162527529081,0.683091849622243,0.4194083991153656,0.4950942228447589,0.023245222166384052,0.33663974811516484,-0.16880664859023267,0.7061065496317094,0.40327200067248953,1.728910533958705,0.5341497925069012,-0.17082163046591034,0.8085318010032783,-1.0088136434524146,-0.13996959851149104,0.05892867793865941,-0.11957245510281367,0.08841730294770755,-0.03379697142786571,0.15085239450625762
0.1868481845196105,0.6498985750453913,0.5988063971695012,0.45440219551904554,0.5840155581206996,0.6956959629963922,0.5146193692078704,0.5012990616037215,0.6058799689618941,0.41549966877510947,0.5501864256073687,0.5214040125147974,0.5510066889088817,0.6416993790213218,0.5878807695473457,0.5845996266387931,0.5608603587037453,0.5134699345388256,0.5745422377918592,0.7258345535142117,0.5217447001626951,0.6599838733240095,0.9747624926776562,0.6959844540060756,1.0626694685685651,0.8450522753624988,0.3659332180809169,0.252381764186937,2.8156629533159614,0.6615041817863077,0.1433372991208174,0.6602294494996802,0.17861557286322868,0.9445611947372691,0.4074184254584852,0.6331560257830979,0.9463741535700969,0.23441245106462025,0.5076056880059387,0.1367672331030957,0.7990879504193756,0.4497486780165288,0.3785132175485952,-0.23146551169076632,0.9472851463438631,0.347259540994795,0.9997228434023877,-0.041128525501977806,1.4718194287066273,0.025889329311800775,0.011099167048348223,-0.19451012740814466,0.10270961221023026,-0.06712356901776227,-0.2656105327434283,-0.12798760082812002,-0.018133656588447348,0.21663894274027984,-0.044974110993032744
0.08999613485610325,0.19115280807285123,-0.11294939107151977,0.042001288829341205,0.13915204166776762,0.1563196341854031,0.2913139837691903,0.2300700904469101,0.37297733724725995,0.08317991406721154,0.22910304261505465,0.14067361165158998,0.2635670357135467,0.2926155646993107,0.32469928611306825,0.5038956589268933,0.3510990019399181,0.16854320837989406,0.1315832148647719,0.5433492079118124,0.3081017984737613,0.4321927049073349,0.8041374103491349,0.8283086429589324,0.24795060357431303,-0.36881034573683147,0.2371404466888553,0.5285153513207582,0.6615041817863077,2.6758059461896,0.1565205427052624,0.3169078828782014,0.5601893398292993,-0.12173116283693507,1.0322012975225792,0.17245449539767643,1.2054921234966682,0.34324949879245553,0.4446691865050374,-0.3182967613434432,0.7730336949384736,0.3524114916390169,0.6627389807112377,0.23159126295988625,0.26840487491756015,0.2956398737489515,0.9173009414908911,0.32881017951325836,1.6370948994744632,-0.30618230128590807,-0.1218929073023034,-0.33716814547343227,0.7166497053950359,-0.1195850051980186,-0.06661819737223806,-0.26462402501819066,0.12689696075784732,0.2951609371251673,-0.2855632721880421
0.14547947238314293,0.4391080505219188,0.4335132626902126,0.33954601753673386,0.3030700820475258,0.41163051787054245,0.36083858869569374,0.35806948421979007,0.39866315512060246,0.3114496944968899,0.34889095530186887,0.3506997239973485,0.3542806435355411,0.3771864359545612,0.3351483313001262,0.32968013615718983,0.33667030552214194,0.4833667307172445,0.32258312443689574,0.6173427442106371,0.18327467235164885,0.36772101253774936,0.3512383831640606,0.8693859566137946,0.6217182332757326,0.367916698393069,0.46906007916964965,0.3517565009639874,0.1433372991208174,0.1565205427052624,1.3977936543136449,0.5031488932326987,0.24196867044877032,0.23896453900499381,0.39433689843274145,0.6845711566212381,0.17607532863681877,0.35413323297329186,0.7167977745041139,0.2087466094967661,0.5542918883195203,0.16811515719600045,0.25022996611593395,0.04252323715356811,0.5421302080275519,0.19366199431980055,0.34350848243015397,-0.022320115056583434,0.21993388258385085,0.20699466632469826,-0.1809307483008658,0.10287494785179335,-0.06246688808427913,-0.16239567606322755,-0.101556924715703,0.007159743055597184,0.27639832218837496,-0.008844340762156632,-0.2942323754806303
0.2005427115407734,0.4941966461106605,0.527927151024261,0.42337987806664484,0.5323913059406034,0.6127624196857138,0.4649848527059781,0.5139717917641429,0.531345517436395,0.3734042684788656,0.5007295721889878,0.4963033873881306,0.5112047057838024,0.535745537616667,0.37944254022020635,0.7797608547843311,0.47440386991186934,0.45511012138913576,0.4700269145483996,0.6684425163074749,0.43655318078902294,0.6972764671113448,0.43960766575301663,0.4982784636929444,0.44230295818597515,0.915526397773874,0.656935328521248,0.4386801572434007,0.6602294494996802,0.3169078828782014,0.5031488932326987,1.6182479062363817,0.3400729867413786,0.7113593935593279,0.6661227220554955,0.5841511153959305,0.3354931882182803,0.345422312008831,0.6721828304131039,0.1853609294512614,0.7761437595832811,0.3692296393280056,0.3860551776097614,0.010715129039300312,0.5941347343372867,0.09633988353753992,0.7964398731969665,0.031802401636672945,1.5356161869105607,0.04341644163591669,-0.12680999673578316,-0.16812809891950958,0.1641592230934879,-0.05686280623950203,-0.1899136577313858,-0.19147185198862954,0.7429581780225476,-0.14169915207266912,-0.39829853103984963
0.06517712046385814,0.36457250932483526,0.22552197145435213,0.30681273734648246,0.21646947560638827,0.22667947401764588,0.27182118920599524,0.32793432119226734,0.4136885196634167,0.22052900334279293,0.28545071730103244,0.20798305836669226,0.3365769350345348,0.3533182825616792,0.3755444560315312,0.378429672785218,0.4029138795745424,0.3979561948984759,0.2787584456206584,0.4697323836606464,0.3162612845136411,0.39648692228652,0.6382515222557238,0.5101534934412155,0.24887945485616306,0.4969755911866401,0.47356698630595784,1.0346775873292753,0.17861557286322868,0.5601893398292993,0.24196867044877032,0.3400729867413786,1.9077161813919807,0.29595913727552975,0.3609271450530388,-0.09132957592141412,1.0843757299798287,0.3161216426767304,0.5520514882004723,0.019334243327810065,0.3286099441700083,0.3412187034760325,0.7064765686191828,0.08909633553735685,0.26191149344162373,-0.02820716364950308,0.8169011863161929,0.5062762162004434,1.5450205660083038,0.48156279840210126,-0.20766022735313527,0.2900264115423585,-0.0021515188875669096,-0.3672410756000515,0.13525716007818006,-0.1486624344033595,0.004808362091089707,0.11896379242694378,0.049402572153247365
-0.0710566139164228,0.7092185281174389,0.6270726563597244,0.4288799832646713,0.6997303359285487,0.6759001510607334,0.4980209040731214,0.6535219364841833,0.36825270496719936,0.5972848902701047,0.6283382874448943,0.5661416280287249,0.6024698868164925,0.662329612751783,0.5926950994829114,0.7609209998934865,0.6265977062114055,0.5202911872769485,0.5430167928838927,0.7809623237654013,0.6219906525230852,0.5782570977773381,0.5470660331534937,0.08179360420764759,0.7332251221057555,0.970571224581669,0.6114621087726773,0.4771024163102482,0.9445611947372691,-0.12173116283693507,0.23896453900499381,0.7113593935593279,0.29595913727552975,2.5594599732393704,0.7179391088129349,0.28004161134166783,0.8140762383151408,0.36565142619224683,0.7163698812858305,0.33632335265857066,1.0144147708442852,0.630785389439948,0.6666537365409054,0.1598905189635791,0.6756906323850103,-0.08244538876766366,1.132147328003285,0.21517799126385556,1.3701470560782885,-0.16790482768458534,-0.0734155159369381,-0.10021128077509958,0.11024921648806098,0.012045661031298118,-0.24453461930838524,-0.05128884560284712,-0.12240314640154103,0.04049165066378374,0.3017420147993163
