1.427329948363922,0.5995566166530231,1.4526988834816297,-0.0015626328913400265,0.19732929687940406,0.285042953559146,0.29512470777233274,0.011388716866056647,0.30911783724949543,0.26976923723236146,0.21673079833754877,0.33420886804913985,0.13806828365984783,0.1872456019022049,0.2489553567807379,0.21064456837029133,0.1898327529069089,0.22520709751548243,0.21487909785159864,0.0958793416405275,0.25089849083693,0.28024636914512774,0.11798672175611045,-0.06410250562257828,0.2214707400185321,0.15037964529656067,0.198287253218506,0.1942710697479658,0.2988845041998734,-0.2831501289499188,0.022675440885849572,0.12728287308419664,0.14143959375718745,-0.20853537637814915,0.17945012391746756,0.21523644139050996,0.14781329430883436,0.2417595158874747,0.053965954760556045,-0.0008641370108474922,0.18549470065157975,0.21825209188805592,0.10602201639498572,0.08045831229831991,0.07297068482239191,0.22686592167376102,-0.024050516774054898,-0.007023497669255712,0.041997353547996295
0.5995566166530231,2.2749371637225173,1.3017143915549192,0.08276498063733598,0.09913460934196375,0.393697194710499,0.35142409577464906,0.31297867566257,0.359789732788931,0.3452862396835313,0.32721486578714837,0.31947989486417727,0.21165059383875412,0.2425801213957613,0.33022521126460574,0.24070502137013122,0.3253410791524998,0.41055149337121916,0.1891605659972768,0.3643056808876924,0.34331808775380596,0.30527656897960825,0.14264707351801764,0.12926093867181457,0.28634829668322764,0.30435902477548205,0.3487064993862101,0.3044981508541873,0.4734899801535805,-0.11464227489490186,0.18842990997478895,0.23124667721534053,0.13112920521718896,0.21051811655824493,0.4194410429952539,0.2960801278491564,0.2665854996608189,0.28301139508589307,0.20394824797493463,0.14475207234124837,0.2580475941496676,0.3055313299833987,0.33271512612064547,0.07873541504663753,0.34289090182362375,0.2728331206623588,0.16885612317582763,0.010751669323166565,0.07034606431000276
1.4526988834816297,1.3017143915549192,3.461975039023591,0.3349903119062996,0.16146021712964007,0.609581736564793,0.44614815410663833,0.6601731124199169,0.6306170092706711,0.6417029760128437,0.5529726905943713,0.4933575923017888,0.3513934404569385,0.3915386157035646,0.47150188851843877,0.3925092749918047,0.47352775638792094,0.5294133362057919,0.37492738302358114,0.3724247107454963,0.5074212949732121,0.5276594766989025,0.36451427645387285,0.16169343056645152,0.496834024996668,0.591693983568627,0.4975218614671949,0.38521439594321466,0.7936875482388073,-0.4364469800750751,0.19931866167588866,0.35965045740255264,0.22796225170732878,0.180242051117497,0.48153695425634785,0.5973349389773113,0.4330925728629189,0.45032403356527945,0.20330864415918182,0.02838307776261165,0.462531666104506,0.4640582557787003,0.42312980973212316,0.2181996885452176,0.34019877499645845,0.58604263853746,0.12433741098054596,0.0015411322688229183,-0.09222088882445378
-0.0015626328913400265,0.08276498063733598,0.3349903119062996,1.9179321950541985,0.11047530828121636,0.29201316071361866,0.35054466211364177,0.35865432595564706,0.14010553425337838,0.3424545318847099,0.28175708776102704,0.44800754824982125,0.21411585270833214,0.4082961545527046,0.21956288035788527,0.3817959760673675,0.32165760202437604,0.29266408008465555,0.12695442776844096,0.2675305729386062,0.22886751700768201,0.26940230252375125,0.31868209820116555,0.31251026697805356,0.30988202940619625,0.31242124123661963,0.28754790003883846,0.06492346257892581,0.3804991030261366,0.11462001909160698,0.21731548542055937,0.3949359000090754,0.19673243912724037,0.4075196817316629,-0.1054495481376687,0.2934248248972365,0.32301318672399765,0.3439346009035915,0.25363387733849846,0.08112257788104832,0.30861956589653,0.22111222759307292,0.3164648883747227,0.24088757310016368,0.18125349763022594,0.2524185518133535,0.22540193400386457,0.02118075281257653,0.10678846629451656
0.19732929687940406,0.09913460934196375,0.16146021712964007,0.11047530828121636,1.3121856165963217,0.22471619028171322,0.11563648678195418,0.19974223574304698,0.1401888795189524,0.14494101305509652,0.1701028587962052,0.2576500962233031,0.17704325098024642,0.2328245269367561,0.2465256206203604,0.3035008986886009,0.14942256568808146,0.12167973970214178,0.5127898756043338,0.10848059018418432,0.1501211436175927,0.22604322832655288,0.0020195160111097293,0.11479193177121214,0.14233510037557787,0.11171670045866162,0.11447166972705333,-0.04994318543931739,0.18004036205504478,-0.11397513186069418,0.11587459330540525,0.23684291200494553,0.11821121579336101,0.28450560504751266,-0.23660191022745802,0.24646872981113166,0.16311331911937543,0.13562150203253265,0.14217324471249837,0.016689085842233265,0.16808490089327374,0.15650277848684407,0.010204554692553856,0.04491220444868591,-0.06837326750394102,0.11415967481768767,0.03448144711567035,0.005880201744671199,0.18952820463048095
0.285042953559146,0.393697194710499,0.609581736564793,0.29201316071361866,0.22471619028171322,0.8994766700447829,0.24438387442377546,0.24483733774309022,0.2769376711335653,0.2763994314303797,0.28511023343285147,0.34463218019052044,0.22282145431799527,0.2727416592284725,0.32111403268340966,0.32652757227871765,0.36271143105238207,0.2195994074694774,0.4529455449056048,0.3399523565319061,0.31367346621412845,0.3261691264026082,0.13039220492481218,0.23800162372287362,0.26022734837721895,0.21099891389817094,0.2582263618335333,0.1853512796559274,0.3719134613122652,-0.00020156746398639967,0.1854307445413643,0.27038445822929685,0.13045069259310796,0.27554216370594986,0.19634722020585535,0.27437037038678014,0.27990750136773235,0.29644573612379177,0.26242621013632095,0.16151611572953964,0.3917799595798767,0.27460414651995674,0.3035012068757911,0.09422121696420918,0.2661132700065396,0.21830258569214128,0.19165052531158835,0.015724415026026815,0.2401695621120085
0.29512470777233274,0.35142409577464906,0.44614815410663833,0.35054466211364177,0.11563648678195418,0.24438387442377546,0.8838773579123964,0.17587141112725163,0.2991710804799692,0.21602760148726935,0.29753326260260216,0.39998662778291066,0.18359905589346306,0.22394320776368642,0.20528377517302784,0.24154269323190516,0.33154487475061406,0.29465054827815584,0.13923911188957394,0.2164329876064249,0.29702283196929574,0.2826907245638549,0.32842243993198417,0.25620491087614755,0.27006358845473555,0.26050741660662147,0.2621816206968576,0.21125629459681966,0.3692835424106883,0.06559812129234255,0.19269066635496795,0.2489042630583525,0.20563668958370798,0.28985595770375067,0.20664779067977057,0.2715983985015157,0.26259453368989066,0.23995378652771096,0.24309341840613072,0.14110744092478275,0.29528443927982034,0.26477688000476174,0.228436575741311,0.09383439085558012,0.20795998588400239,0.1990956527216224,0.1559511556936933,0.01630374285862273,0.20601798879473252
0.011388716866056647,0.31297867566257,0.6601731124199169,0.35865432595564706,0.19974223574304698,0.24483733774309022,0.17587141112725163,1.0868934421124414,0.15733726418104138,0.24418946384449494,0.3413538657793394,-0.021734933350216683,0.25043791506639723,0.2171481190040285,0.18659800077770788,0.2147943260607244,0.2759517472040885,0.3373871186320473,0.17278567412499557,0.3346156761012427,0.25659961779632695,0.1979083845204536,0.2992771434244011,0.24346688833210758,0.32026434496850786,0.5670431683336062,0.2689430656914882,0.14126615476824972,0.4627287233596393,0.08279088367164603,0.1881834936197828,0.24600438760139476,0.03676465420983831,0.4627812564920732,0.30542932704233583,0.20703001260073506,0.32355785264039355,0.24345925119812148,0.21066401582715122,0.14907490078654964,0.29892588811976034,0.23332015502534117,0.39128188377004963,0.08881159355685445,0.356558133271993,0.24356943456064362,0.2836832551341946,0.017255737690034797,0.05619357600275859
0.30911783724949543,0.359789732788931,0.6306170092706711,0.14010553425337838,0.1401888795189524,0.2769376711335653,0.2991710804799692,0.15733726418104138,0.8277563900059443,0.16257960096182886,0.2609629190232365,0.22189199738911208,0.14082664734179745,0.30768968784735007,0.2126634186539298,0.18232689324187717,0.24885311999364643,0.2511182288890772,0.17236599430767205,0.2189182396599456,0.26146034935025936,0.4516054499190709,0.34846192859275854,0.28566934184331794,0.24046621044846717,0.359027678916369,0.23085597691622128,0.2985022206756017,0.2953610362320635,0.10546972072993754,0.19013897972847296,0.29961133186708133,0.30252280285157135,0.14831376846710273,0.2526596816175464,0.255367595722697,0.25737341607889724,0.2887447323201832,0.187631659507098,0.12423314408295594,0.34882013716521365,0.24800682009091057,0.22813525905474133,0.09115073808001252,0.12226423215787884,0.26711384716209097,0.1903890433959325,-0.003999358361314623,0.33341157545258926
0.26976923723236146,0.3452862396835313,0.6417029760128437,0.3424545318847099,0.14494101305509652,0.2763994314303797,0.21602760148726935,0.24418946384449494,0.16257960096182886,0.7823467888516101,0.2355299407852722,0.32254875693133617,0.2571221006783457,0.21667419445136735,0.3007453305144411,0.2487145071039428,0.35760552953191044,0.2775373688473402,0.19269152799537345,0.22619639628966892,0.16554768149582702,0.21765179539179186,0.21040136332564008,0.16492981975177093,0.25925041205041577,0.15883762602279994,0.27581921929957026,0.1660010785091308,0.38779662868395837,0.04010201935350658,0.16997378468340962,0.21389243342179518,0.07549030850420099,0.30984003870763915,0.23592583364411965,0.24406382161686652,0.2223170970399947,0.2035771506369158,0.24545283421674208,0.11522129737831947,0.28308828526925794,0.17342540337082052,0.2705978699709483,0.11426940918493547,0.22032398569066977,0.20805060821533752,0.1824903111353459,0.01134797046125055,0.12713548716854395
0.21673079833754877,0.32721486578714837,0.5529726905943713,0.28175708776102704,0.1701028587962052,0.28511023343285147,0.29753326260260216,0.3413538657793394,0.2609629190232365,0.2355299407852722,0.5580278755978831,0.3151837859331256,0.23789530272505488,0.26793593660789755,0.2999256020850808,0.26144195929431324,0.3413965861465458,0.28110231547516823,0.17193902895241905,0.31660169107107633,0.2749643080857508,0.2625339396008526,0.2937744791400397,0.26202415950238966,0.301341656014976,0.35952205993843683,0.27800532584587667,0.25777798426638715,0.4248732841494031,0.05033483587071271,0.1948641077366761,0.2651898384034147,0.17934399533543402,0.30592857097263865,0.33506395109375875,0.2442632144532013,0.2854932238342139,0.25444717891292096,0.22823353863100734,0.1686833455040719,0.3186786348162447,0.26557119328470946,0.3078168270663863,0.06487329457915104,0.29907944095818184,0.24235673848234168,0.20063511558216168,0.014988773761851842,0.0796064737117915
0.33420886804913985,0.31947989486417727,0.4933575923017888,0.44800754824982125,0.2576500962233031,0.34463218019052044,0.39998662778291066,-0.021734933350216683,0.22189199738911208,0.32254875693133617,0.3151837859331256,0.9419523782427025,0.1528370523197662,0.368200072448426,0.3256056130713326,0.33728612763695176,0.34149287928567673,0.2721411386296191,0.24104035995288642,0.2506997076354132,0.2854245757947416,0.2882040145986333,0.23649554966174346,0.2028425939446115,0.3402004946555288,0.2918644360606464,0.34151054253356217,0.16534695297823837,0.41048955009244,0.0016695147602007957,0.151365937966785,0.33738665099367054,0.17769226028857435,0.27803937814841306,0.1926354621392158,0.3007822024905273,0.22844515209083008,0.27551755575272907,0.2400228222364737,0.14845335777784505,0.2701922842855766,0.26972036169185715,0.2696229819166353,0.09116624196462765,0.22880810144803157,0.1796195696649613,0.15711397649303788,0.023496005038235963,0.32183946560919596
0.13806828365984783,0.21165059383875412,0.3513934404569385,0.21411585270833214,0.17704325098024642,0.22282145431799527,0.18359905589346306,0.25043791506639723,0.14082664734179745,0.2571221006783457,0.23789530272505488,0.1528370523197662,0.5008272703282578,0.17224587289222432,0.16073437240293031,0.23697826000454572,0.19987180336476343,0.23151947482369784,0.18802291822800804,0.1715705334680183,0.16084132168094453,0.19611077211351602,0.26175273213211364,0.19190965839490176,0.2127573742439343,0.18766721927729452,0.24338974689623014,0.19028853206953575,0.3124090816495052,0.04399043734194682,0.13372106892925678,0.1784654662190127,0.16964230871023567,0.2256195922803086,0.206568965257087,0.17693730334446112,0.22540740289109965,0.1597418495733924,0.17030948456723988,0.11813226671694893,0.28290507162283773,0.16676167064632078,0.23705292771520559,0.06106471135943379,0.22154909082068167,0.1682271079557192,0.16051217723154015,0.011400418564353632,0.10027383164322413
0.1872456019022049,0.2425801213957613,0.3915386157035646,0.4082961545527046,0.2328245269367561,0.2727416592284725,0.22394320776368642,0.2171481190040285,0.30768968784735007,0.21667419445136735,0.26793593660789755,0.368200072448426,0.17224587289222432,0.7972594585223146,0.23096103377688662,0.45478562897300717,0.31761346154145254,0.21368292710036738,0.2117197481142334,0.36982738061784975,0.28611273217017763,0.3998398713444027,0.299846954520175,0.3809227173616849,0.32133056905581864,0.31175763150881597,0.2941441361728668,0.33427063796775774,0.32394572032072955,0.13830983484156886,0.2134386798025525,0.6540897974687038,0.27696924667601486,0.3172818013177188,0.3768014950741125,0.25646460103617613,0.1592667096055406,0.42868654029545394,0.25504981909619473,0.20443917851014462,0.4419046943152057,0.2960995946833662,0.37837077405932534,0.14130635008107234,0.19087478764079935,0.23658905480658804,0.2322575099671456,0.018803549625853747,0.4040199937192479
0.2489553567807379,0.33022521126460574,0.47150188851843877,0.21956288035788527,0.2465256206203604,0.32111403268340966,0.20528377517302784,0.18659800077770788,0.2126634186539298,0.3007453305144411,0.2999256020850808,0.3256056130713326,0.16073437240293031,0.23096103377688662,0.8984238249307736,0.2390835576350003,0.3600603658522358,0.26395540299193493,0.2676246643792512,0.3267201344209886,0.23507840959191995,0.2508139110439852,0.24930585935370986,0.31004227299583903,0.3406596749573485,0.21820619009293638,0.22511270620699342,0.31774461804058896,0.40864299984599345,0.2455365237154764,0.2237467255350992,0.21044711154808443,0.2503116292194867,0.2802310856936881,0.3273656874386831,0.22804035744144358,0.4377808495810002,0.25153441859161557,0.21802462704507045,0.13489486809766302,0.4067928388026643,0.2488627857051543,0.2903762072628,0.077128572211913,0.2664175612857591,0.2868091587414409,0.269934952735203,0.02338243962588604,0.17239192978202955
0.21064456837029133,0.24070502137013122,0.3925092749918047,0.3817959760673675,0.3035008986886009,0.32652757227871765,0.24154269323190516,0.2147943260607244,0.18232689324187717,0.2487145071039428,0.26144195929431324,0.33728612763695176,0.23697826000454572,0.45478562897300717,0.2390835576350003,0.8962302567965332,0.29035025768499934,0.2154805104476344,0.2865121330672404,0.25600956154619847,0.3209464748263535,0.4952113923691242,0.11399442253145764,0.2513019587249625,0.30461423056967213,0.2515117597632698,0.3342766556183645,0.3340435737168797,0.3742728363466287,0.0401038835079953,0.20445219513028104,0.3773470900929817,0.18175648039846734,0.2665075813977133,0.47506533468329887,0.2708896379668387,0.2242123893315172,0.3593473303988022,0.22286824612354242,0.23430856882269435,0.39262136531749436,0.3439037697296032,0.39022773470023764,0.12889828698140843,0.27541962782755713,0.2221782939846581,0.18873914913163464,-0.0058660699153592856,0.30348746350035904
0.1898327529069089,0.3253410791524998,0.47352775638792094,0.32165760202437604,0.14942256568808146,0.36271143105238207,0.33154487475061406,0.2759517472040885,0.24885311999364643,0.35760552953191044,0.3413965861465458,0.34149287928567673,0.19987180336476343,0.31761346154145254,0.3600603658522358,0.29035025768499934,0.9262334605441662,0.2826880114552609,0.23329076506904772,0.4332285764304398,0.24502666954281296,0.3038969603081878,0.29137384372500613,0.30083986590383127,0.3204613506431135,0.04356907621616245,0.307824106770635,0.3603774814539637,0.4025636288975985,0.05617937827923079,0.2539232518812734,0.28430138795634896,0.28980464653537397,0.29652853518035377,0.3779779907815779,0.22272427895298372,0.3581790097351318,0.3239259300070979,0.40072863385986157,0.2231725414158666,0.46708199706570547,0.24921234104165335,0.3967330333530857,0.1086093730328249,0.43204714009985146,0.22158175766835558,0.23394018625490082,0.02014898555828949,0.1665002397212882
0.22520709751548243,0.41055149337121916,0.5294133362057919,0.29266408008465555,0.12167973970214178,0.2195994074694774,0.29465054827815584,0.3373871186320473,0.2511182288890772,0.2775373688473402,0.28110231547516823,0.2721411386296191,0.23151947482369784,0.21368292710036738,0.26395540299193493,0.2154805104476344,0.2826880114552609,0.9221410833659374,0.13200334134682365,0.08461720514443032,0.3344780301168119,0.23008531228465232,0.6862062992957904,0.25295546506747996,0.3322366936281421,0.3574383429088173,0.2121317196962697,0.37389909285517203,0.46232250960345384,-0.0058193654895806616,0.32126061420592744,0.19976633759894974,0.2507932587377403,0.33827546749869697,0.43528610516120275,0.12797565116165888,0.43899716156253776,0.25548575384085803,0.24760272411988976,0.19065711126123525,0.4978851341159644,0.2817130356988126,0.42334578312534654,0.08466319720024067,0.44886871598780004,0.2942419487330911,0.42457326024846587,0.023668758852601952,0.13388615284759522
0.21487909785159864,0.1891605659972768,0.37492738302358114,0.12695442776844096,0.5127898756043338,0.4529455449056048,0.13923911188957394,0.17278567412499557,0.17236599430767205,0.19269152799537345,0.17193902895241905,0.24104035995288642,0.18802291822800804,0.2117197481142334,0.2676246643792512,0.2865121330672404,0.23329076506904772,0.13200334134682365,0.7363434527336583,0.17345435656309188,0.20887080717078682,0.2636076316460799,-0.03755272006626636,0.1569093742094736,0.15233294784428386,0.09646090136589999,0.15724273238091951,0.11243100477855542,0.15636702588876095,0.04944994682228068,0.19291674585441357,0.1907751874264694,0.17997462733490274,0.18839831640524735,0.019502698727321202,0.23464590027470716,0.26150280833322154,0.20945987075194888,0.18065738159602637,0.06556007119101015,0.30611854519692216,0.19209795628683163,0.1273067755851725,0.0763049656477597,0.08009995238664151,0.18308714819349783,0.1055818149837612,0.011630914240735786,0.14990146176940147
0.0958793416405275,0.3643056808876924,0.3724247107454963,0.2675305729386062,0.10848059018418432,0.3399523565319061,0.2164329876064249,0.3346156761012427,0.2189182396599456,0.22619639628966892,0.31660169107107633,0.2506997076354132,0.1715705334680183,0.36982738061784975,0.3267201344209886,0.25600956154619847,0.4332285764304398,0.08461720514443032,0.17345435656309188,1.2235177482711175,0.24724363435255403,0.25049672044738247,0.42334895329442096,0.447423433031535,0.41858640821335236,0.28947876275737877,0.36115015880918494,0.3456583231727476,0.7247554143179731,0.3293838522768024,0.11116409775003146,0.35141225781996355,0.15650731211498645,0.35385372571150203,0.48889651821257785,0.2832310510887495,0.3845576790130481,0.3770245412469425,0.3604506436250066,0.32908200166022467,0.22855626414233943,0.2836542239014013,0.5432428858134309,-0.003521664343588796,0.6263950452914765,0.196729504744615,0.24702436370082256,0.04899864503988084,0.3011037452570455
0.25089849083693,0.34331808775380596,0.5074212949732121,0.22886751700768201,0.1501211436175927,0.31367346621412845,0.29702283196929574,0.25659961779632695,0.26146034935025936,0.16554768149582702,0.2749643080857508,0.2854245757947416,0.16084132168094453,0.28611273217017763,0.23507840959191995,0.3209464748263535,0.24502666954281296,0.3344780301168119,0.20887080717078682,0.24724363435255403,1.1476165213079672,0.284763391936092,0.38643409450354405,0.28438934150494705,0.30187337555693666,0.3389506192002397,0.21898604864787757,0.5032900531887278,0.31086772082600733,-0.011961052981527966,0.23351940583576794,0.26377589627646025,0.3224270979765754,0.16522423471913816,0.6293781963703667,0.08007592379360147,0.3827938608729362,0.39434973743157736,0.18030689442025796,0.2750220549457449,0.4885800034044423,0.793777062973089,0.38123319219918206,0.07727564435306572,0.5316644105773459,0.17315255856669878,0.2351519123263763,0.050716506993951624,0.10747324664248772
0.28024636914512774,0.30527656897960825,0.5276594766989025,0.26940230252375125,0.22604322832655288,0.3261691264026082,0.2826907245638549,0.1979083845204536,0.4516054499190709,0.21765179539179186,0.2625339396008526,0.2882040145986333,0.19611077211351602,0.3998398713444027,0.2508139110439852,0.4952113923691242,0.3038969603081878,0.23008531228465232,0.2636076316460799,0.25049672044738247,0.284763391936092,0.9026569978987522,0.249920261456434,0.30598603902307697,0.29306078088452037,0.2883692766796247,0.28651401740932153,0.317743250733415,0.31649289185177165,0.126407094229958,0.22024344563385748,0.35441922618446636,0.29600288862015345,0.18657885729312262,0.30888895226687685,0.3422348802746357,0.30839732837633105,0.40023231448604873,0.19853017932386188,0.15577775954651482,0.43680889981226506,0.30638600706682356,0.2854864010734534,0.1675242592356215,0.011106732590299689,0.32659331521612767,0.22360452722204704,-0.055890835870514896,0.6799289754396727
0.11798672175611045,0.14264707351801764,0.36451427645387285,0.31868209820116555,0.0020195160111097293,0.13039220492481218,0.32842243993198417,0.2992771434244011,0.34846192859275854,0.21040136332564008,0.2937744791400397,0.23649554966174346,0.26175273213211364,0.299846954520175,0.24930585935370986,0.11399442253145764,0.29137384372500613,0.6862062992957904,-0.03755272006626636,0.42334895329442096,0.38643409450354405,0.249920261456434,2.3827727486768127,0.7981464073445562,0.6865769126198642,0.11816034968786404,0.3294611809535313,0.5678341292883768,0.957172516470007,0.25426241260533194,-0.02880708526656999,0.3297830968905802,0.6219355611118813,0.281274158512386,0.4899145169933142,0.1585178758116594,0.6112365825829323,0.2166538324939189,0.4453868633128769,0.2565077971078669,0.931169758746582,0.3247441256051774,0.4915751934608991,0.015000960738118102,0.5225521677075011,0.35846691861764957,0.48606249490279424,0.05832505685964721,0.5048244014002027
-0.06410250562257828,0.12926093867181457,0.16169343056645152,0.31251026697805356,0.11479193177121214,0.23800162372287362,0.25620491087614755,0.24346688833210758,0.28566934184331794,0.16492981975177093,0.26202415950238966,0.2028425939446115,0.19190965839490176,0.3809227173616849,0.31004227299583903,0.2513019587249625,0.30083986590383127,0.25295546506747996,0.1569093742094736,0.447423433031535,0.28438934150494705,0.30598603902307697,0.7981464073445562,1.233231166027952,0.3527797476437006,0.19523506378213407,0.3093197808598925,0.5273638064081981,0.33248740813319205,0.6515103346913121,0.4903711325137754,0.432343631433877,0.6499035844319785,0.2642702532963678,0.43626425645756,0.35243046819865054,0.5863886343104571,0.44475936280274403,0.30645796929823516,0.24778772124062562,0.8264397900153604,0.3004698929915705,0.38009171499119765,0.09714229077411039,0.309553438471113,0.4175336825184722,0.4324178000824845,0.0634335075965628,0.4535449085722503
0.2214707400185321,0.28634829668322764,0.496834024996668,0.30988202940619625,0.14233510037557787,0.26022734837721895,0.27006358845473555,0.32026434496850786,0.24046621044846717,0.25925041205041577,0.301341656014976,0.3402004946555288,0.2127573742439343,0.32133056905581864,0.3406596749573485,0.30461423056967213,0.3204613506431135,0.3322366936281421,0.15233294784428386,0.41858640821335236,0.30187337555693666,0.29306078088452037,0.6865769126198642,0.3527797476437006,1.0015642659236927,0.35062125710030184,0.2966227207952423,0.365874544613921,0.9812821956892398,0.32211929361939196,0.019423595778031225,0.3018951597592568,0.22889210214613287,0.42882515295737045,0.47440687992472186,0.27119844625776496,0.6417476541012539,0.3313346945692834,0.2898360548033525,0.18443591391109398,0.3965877475702248,0.3064666754657649,0.48696784008498445,0.10367410172486571,0.4738843997343649,0.38636671579166737,0.3734475889757151,0.02122395279097006,0.16939037595805873
0.15037964529656067,0.30435902477548205,0.591693983568627,0.31242124123661963,0.11171670045866162,0.21099891389817094,0.26050741660662147,0.5670431683336062,0.359027678916369,0.15883762602279994,0.35952205993843683,0.2918644360606464,0.18766721927729452,0.31175763150881597,0.21820619009293638,0.2515117597632698,0.04356907621616245,0.3574383429088173,0.09646090136589999,0.28947876275737877,0.3389506192002397,0.2883692766796247,0.11816034968786404,0.19523506378213407,0.35062125710030184,2.6560652457255314,0.15780544459031803,0.415939362694424,0.3995713043256551,0.14224959654799596,0.2560268869990446,0.29647588084512566,0.2131117591839257,0.3886058140863048,0.5807365739135888,0.21264306778944203,0.5868197456851981,0.36781774721409155,-0.6254951408308298,0.042151443651686916,0.2723820795410208,0.3787502139804999,0.3745200054520031,0.003936603565577043,0.20404507457184348,0.36848364301235037,0.29457933658923796,0.028750989797990956,0.15176545022707125
0.198287253218506,0.3487064993862101,0.4975218614671949,0.28754790003883846,0.11447166972705333,0.2582263618335333,0.2621816206968576,0.2689430656914882,0.23085597691622128,0.27581921929957026,0.27800532584587667,0.34151054253356217,0.24338974689623014,0.2941441361728668,0.22511270620699342,0.3342766556183645,0.307824106770635,0.2121317196962697,0.15724273238091951,0.36115015880918494,0.21898604864787757,0.28651401740932153,0.3294611809535313,0.3093197808598925,0.2966227207952423,0.15780544459031803,1.0204984152458254,0.34605888740121543,0.4044909456627419,-0.0321267428621784,0.16684031165233013,0.3504337446584675,0.2637760335554875,0.2641719950209087,0.40454371712000936,0.4225026999799823,0.2099526207073265,0.32214669415060965,0.274573609951401,0.27035632120989855,0.36671562302594785,0.2542358953830427,0.5067393656986271,0.02569357883568681,0.5090751761646923,0.17573840826582945,0.13460957112771788,0.032394662679891016,0.17705273951870348
0.1942710697479658,0.3044981508541873,0.38521439594321466,0.06492346257892581,-0.04994318543931739,0.1853512796559274,0.21125629459681966,0.14126615476824972,0.2985022206756017,0.1660010785091308,0.25777798426638715,0.16534695297823837,0.19028853206953575,0.33427063796775774,0.31774461804058896,0.3340435737168797,0.3603774814539637,0.37389909285517203,0.11243100477855542,0.3456583231727476,0.5032900531887278,0.317743250733415,0.5678341292883768,0.5273638064081981,0.365874544613921,0.415939362694424,0.34605888740121543,1.3770473534998975,0.21443863025639587,0.3254974602729552,0.3339053268679452,0.2686283788512801,0.7828055645310505,-0.00435891459763277,1.4883309834682557,0.03872886723409043,0.4642528414294129,0.3204010285294682,0.1993474474902838,0.37885821288855953,0.773235628232998,0.48713729251615284,0.5063522108983102,0.0909550633372404,0.6380726707565657,0.3395659667155467,0.36537205129404443,0.05382392514205436,0.06703788558825348
0.2988845041998734,0.4734899801535805,0.7936875482388073,0.3804991030261366,0.18004036205504478,0.3719134613122652,0.3692835424106883,0.4627287233596393,0.2953610362320635,0.38779662868395837,0.4248732841494031,0.41048955009244,0.3124090816495052,0.32394572032072955,0.40864299984599345,0.3742728363466287,0.4025636288975985,0.46232250960345384,0.15636702588876095,0.7247554143179731,0.31086772082600733,0.31649289185177165,0.957172516470007,0.33248740813319205,0.9812821956892398,0.3995713043256551,0.4044909456627419,0.21443863025639587,3.9421303353231623,-0.0776488378473386,-0.2685826248466962,0.38494419548399766,-0.18959548432762385,0.9479295298052639,0.5260588476200835,1.0619899990807453,0.5966687676719293,0.11189551856035788,0.5469262387926213,0.3401572155311722,0.257590377865561,0.323465448656651,0.7112168851489425,-0.06818278944911386,0.8632353904743303,0.5523318456054971,0.3256317494643563,0.014348483872354673,0.3892860311613409
-0.2831501289499188,-0.11464227489490186,-0.4364469800750751,0.11462001909160698,-0.11397513186069418,-0.00020156746398639967,0.06559812129234255,0.08279088367164603,0.10546972072993754,0.04010201935350658,0.05033483587071271,0.0016695147602007957,0.04399043734194682,0.13830983484156886,0.2455365237154764,0.0401038835079953,0.05617937827923079,-0.0058193654895806616,0.04944994682228068,0.3293838522768024,-0.011961052981527966,0.126407094229958,0.25426241260533194,0.6515103346913121,0.32211929361939196,0.14224959654799596,-0.0321267428621784,0.3254974602729552,-0.0776488378473386,3.4295065951334096,0.5756505103107973,0.09662730048424303,0.41768215635983064,0.41500139152513277,0.23371245135502292,0.11911451757831172,1.0175708369368082,0.27631900064069953,0.43666856702548895,0.21977624660281594,0.46741889124740443,0.0020656441889411936,0.6080552454167707,0.1334932956928551,0.30680596134147875,0.7347853450508987,1.3320646512402807,0.061641960827457286,0.8272501650711929
0.022675440885849572,0.18842990997478895,0.19931866167588866,0.21731548542055937,0.11587459330540525,0.1854307445413643,0.19269066635496795,0.1881834936197828,0.19013897972847296,0.16997378468340962,0.1948641077366761,0.151365937966785,0.13372106892925678,0.2134386798025525,0.2237467255350992,0.20445219513028104,0.2539232518812734,0.32126061420592744,0.19291674585441357,0.11116409775003146,0.23351940583576794,0.22024344563385748,-0.02880708526656999,0.4903711325137754,0.019423595778031225,0.2560268869990446,0.16684031165233013,0.3339053268679452,-0.2685826248466962,0.5756505103107973,1.3864915624084742,0.19571368258243432,0.35709737158779736,0.3517511941540737,0.3230432124253261,0.30787174151270363,0.6220947488314807,0.635583626399356,0.2205210162000292,0.14559610060008027,0.43718323441213575,0.25712996839457547,0.3182421691448729,0.2484541595900626,0.2810707378513789,0.394868508450114,0.37990651143837734,0.060280397373004016,-0.11893021049666451
0.12728287308419664,0.23124667721534053,0.35965045740255264,0.3949359000090754,0.23684291200494553,0.27038445822929685,0.2489042630583525,0.24600438760139476,0.29961133186708133,0.21389243342179518,0.2651898384034147,0.33738665099367054,0.1784654662190127,0.6540897974687038,0.21044711154808443,0.3773470900929817,0.28430138795634896,0.19976633759894974,0.1907751874264694,0.35141225781996355,0.26377589627646025,0.35441922618446636,0.3297830968905802,0.432343631433877,0.3018951597592568,0.29647588084512566,0.3504337446584675,0.2686283788512801,0.38494419548399766,0.09662730048424303,0.19571368258243432,1.023605125249076,0.28080013467122167,0.4497481288305123,0.28506987423351965,0.30147751153933366,-0.055518684276160586,0.5016966464080972,0.2931392505007072,0.21833521151136664,0.34679306634140544,0.2779067736543777,0.42225066180101134,0.16032544959054443,0.1437869729108797,0.23981769062738983,0.2002966150369673,0.02396752966111746,0.2600971720806734
0.14143959375718745,0.13112920521718896,0.22796225170732878,0.19673243912724037,0.11821121579336101,0.13045069259310796,0.20563668958370798,0.03676465420983831,0.30252280285157135,0.07549030850420099,0.17934399533543402,0.17769226028857435,0.16964230871023567,0.27696924667601486,0.2503116292194867,0.18175648039846734,0.28980464653537397,0.2507932587377403,0.17997462733490274,0.15650731211498645,0.3224270979765754,0.29600288862015345,0.6219355611118813,0.6499035844319785,0.22889210214613287,0.2131117591839257,0.2637760335554875,0.7828055645310505,-0.18959548432762385,0.41768215635983064,0.35709737158779736,0.28080013467122167,1.7770992227154128,-0.2610294876369298,-0.045263098551598824,0.060004076933466356,0.7743210934142821,0.22528449584234211,-0.03734453569351901,-0.0024983531663423015,0.6499366715153277,0.31240930047031784,0.12270194737507954,-0.009606126188604533,0.1534972616544455,0.37919311271667877,0.30064493690170985,0.07961102658357751,0.2276957619248035
-0.20853537637814915,0.21051811655824493,0.180242051117497,0.4075196817316629,0.28450560504751266,0.27554216370594986,0.28985595770375067,0.4627812564920732,0.14831376846710273,0.30984003870763915,0.30592857097263865,0.27803937814841306,0.2256195922803086,0.3172818013177188,0.2802310856936881,0.2665075813977133,0.29652853518035377,0.33827546749869697,0.18839831640524735,0.35385372571150203,0.16522423471913816,0.18657885729312262,0.281274158512386,0.2642702532963678,0.42882515295737045,0.3886058140863048,0.2641719950209087,-0.00435891459763277,0.9479295298052639,0.41500139152513277,0.3517511941540737,0.4497481288305123,-0.2610294876369298,2.045609127117274,0.33381976248058176,0.42553444981597094,0.46162377805421484,0.021739688597952604,0.4850131256184289,0.18104553298476028,0.2757534661663092,0.18383644109738917,0.5412978379195875,0.2135278442125129,0.3915049521436969,0.2468935132373688,0.5172537218687837,0.01724566339206451,-0.00045286472637139964
0.17945012391746756,0.4194410429952539,0.48153695425634785,-0.1054495481376687,-0.23660191022745802,0.19634722020585535,0.20664779067977057,0.30542932704233583,0.2526596816175464,0.23592583364411965,0.33506395109375875,0.1926354621392158,0.206568965257087,0.3768014950741125,0.3273656874386831,0.47506533468329887,0.3779779907815779,0.43528610516120275,0.019502698727321202,0.48889651821257785,0.6293781963703667,0.30888895226687685,0.4899145169933142,0.43626425645756,0.47440687992472186,0.5807365739135888,0.40454371712000936,1.4883309834682557,0.5260588476200835,0.23371245135502292,0.3230432124253261,0.28506987423351965,-0.045263098551598824,0.33381976248058176,3.4270722583156688,-0.17470410820148013,-0.19851750212044866,0.19240570069181467,0.37795615759872475,0.7481436960951655,0.7118522378438663,0.5983321033251796,0.9156986584578298,0.22288658531188976,1.0789140541246798,0.22308322644196094,0.40386487566092166,0.01578653212217694,-0.24983733120468543
0.21523644139050996,0.2960801278491564,0.5973349389773113,0.2934248248972365,0.24646872981113166,0.27437037038678014,0.2715983985015157,0.20703001260073506,0.255367595722697,0.24406382161686652,0.2442632144532013,0.3007822024905273,0.17693730334446112,0.25646460103617613,0.22804035744144358,0.2708896379668387,0.22272427895298372,0.12797565116165888,0.23464590027470716,0.2832310510887495,0.08007592379360147,0.3422348802746357,0.1585178758116594,0.35243046819865054,0.27119844625776496,0.21264306778944203,0.4225026999799823,0.03872886723409043,1.0619899990807453,0.11911451757831172,0.30787174151270363,0.30147751153933366,0.060004076933466356,0.42553444981597094,-0.17470410820148013,3.1673891981759006,-0.058570056864853524,0.21886095492774169,0.30654358357536343,0.31317349226822305,0.1913350940267504,0.17325454723801817,-0.07365036459743389,-0.014350161706404019,-0.009885653623695992,0.9377487324180604,-0.18017893090163276,0.10106578864898992,0.1336764854071286
0.14781329430883436,0.2665854996608189,0.4330925728629189,0.32301318672399765,0.16311331911937543,0.27990750136773235,0.26259453368989066,0.32355785264039355,0.25737341607889724,0.2223170970399947,0.2854932238342139,0.22844515209083008,0.22540740289109965,0.1592667096055406,0.4377808495810002,0.2242123893315172,0.3581790097351318,0.43899716156253776,0.26150280833322154,0.3845576790130481,0.3827938608729362,0.30839732837633105,0.6112365825829323,0.5863886343104571,0.6417476541012539,0.5868197456851981,0.2099526207073265,0.4642528414294129,0.5966687676719293,1.0175708369368082,0.6220947488314807,-0.055518684276160586,0.7743210934142821,0.46162377805421484,-0.19851750212044866,-0.058570056864853524,4.36302323446507,1.2404288479754104,-0.3298238684217663,-0.30211711098310656,1.057806472174733,0.4548554131737563,0.30719649995028914,-0.012261110866019994,0.9248106337699952,0.7603852987869714,0.904393665001269,0.10957705336750685,0.3179095366620666
0.2417595158874747,0.28301139508589307,0.45032403356527945,0.3439346009035915,0.13562150203253265,0.29644573612379177,0.23995378652771096,0.24345925119812148,0.2887447323201832,0.2035771506369158,0.25444717891292096,0.27551755575272907,0.1597418495733924,0.42868654029545394,0.25153441859161557,0.3593473303988022,0.3239259300070979,0.25548575384085803,0.20945987075194888,0.3770245412469425,0.39434973743157736,0.40023231448604873,0.2166538324939189,0.44475936280274403,0.3313346945692834,0.36781774721409155,0.32214669415060965,0.3204010285294682,0.11189551856035788,0.27631900064069953,0.635583626399356,0.5016966464080972,0.22528449584234211,0.021739688597952604,0.19240570069181467,0.21886095492774169,1.2404288479754104,2.32708789271126,-0.05336210788755838,0.20860572779908745,0.4330280242606655,0.4593346824250945,0.7792861437828762,0.26868653262986825,0.3765123061730009,0.4281938575106019,0.3146676697135352,0.09500540042997414,0.025896155728001455
0.053965954760556045,0.20394824797493463,0.20330864415918182,0.25363387733849846,0.14217324471249837,0.26242621013632095,0.24309341840613072,0.21066401582715122,0.187631659507098,0.24545283421674208,0.22823353863100734,0.2400228222364737,0.17030948456723988,0.25504981909619473,0.21802462704507045,0.22286824612354242,0.40072863385986157,0.24760272411988976,0.18065738159602637,0.3604506436250066,0.18030689442025796,0.19853017932386188,0.4453868633128769,0.30645796929823516,0.2898360548033525,-0.6254951408308298,0.274573609951401,0.1993474474902838,0.5469262387926213,0.43666856702548895,0.2205210162000292,0.2931392505007072,-0.03734453569351901,0.4850131256184289,0.37795615759872475,0.30654358357536343,-0.3298238684217663,-0.05336210788755838,2.408849634443238,0.6994369811621058,0.4407393742440606,0.13843421260966207,0.4603276120758374,0.2823662294423971,0.960753730844242,-0.05606261753395989,0.3604314292891264,0.02656577540597224,0.5671053973414453
-0.0008641370108474922,0.14475207234124837,0.02838307776261165,0.08112257788104832,0.016689085842233265,0.16151611572953964,0.14110744092478275,0.14907490078654964,0.12423314408295594,0.11522129737831947,0.1686833455040719,0.14845335777784505,0.11813226671694893,0.20443917851014462,0.13489486809766302,0.23430856882269435,0.2231725414158666,0.19065711126123525,0.06556007119101015,0.32908200166022467,0.2750220549457449,0.15577775954651482,0.2565077971078669,0.24778772124062562,0.18443591391109398,0.042151443651686916,0.27035632120989855,0.37885821288855953,0.3401572155311722,0.21977624660281594,0.14559610060008027,0.21833521151136664,-0.0024983531663423015,0.18104553298476028,0.7481436960951655,0.31317349226822305,-0.30211711098310656,0.20860572779908745,0.6994369811621058,1.3743347996012845,0.3028895699454903,0.3051665744908261,0.5430361108124534,-0.23237142811320113,1.3006503767426714,0.09579135389397181,0.2487141260714769,0.03204864460705955,-0.013631342854746787
0.18549470065157975,0.2580475941496676,0.462531666104506,0.30861956589653,0.16808490089327374,0.3917799595798767,0.29528443927982034,0.29892588811976034,0.34882013716521365,0.28308828526925794,0.3186786348162447,0.2701922842855766,0.28290507162283773,0.4419046943152057,0.4067928388026643,0.39262136531749436,0.46708199706570547,0.4978851341159644,0.30611854519692216,0.22855626414233943,0.4885800034044423,0.43680889981226506,0.931169758746582,0.8264397900153604,0.3965877475702248,0.2723820795410208,0.36671562302594785,0.773235628232998,0.257590377865561,0.46741889124740443,0.43718323441213575,0.34679306634140544,0.6499366715153277,0.2757534661663092,0.7118522378438663,0.1913350940267504,1.057806472174733,0.4330280242606655,0.4407393742440606,0.3028895699454903,3.5606839367006735,0.43942043569767514,0.2732866613346381,0.15644430929364483,0.02596876197005201,0.7097338644289383,0.6170721767331839,-0.009281876813327084,1.026761207598802
