0.9062713556789137,0.17229744072983624,0.2548924138920977,-0.01090731510760779,0.07989015849596132,0.07159428429680383,0.2766197476118831,-0.0010705405027959607,0.09944322598135759,0.12230723513972479,0.10465549385205697,0.1647569607285603,0.05911374066846657,0.19497177984927405,0.09229296527383923,0.11707139567471153,0.09451407929785119,0.12551083659355453,0.09008821647421562,0.01594345672350354,0.13322673822209352,0.12202751354319738,0.052971875262803426,0.09008429650909107,0.06737816093098922,-0.02924446802622092,0.12129398157337352,0.03971935669445495,0.14558395343279998,0.09549588375062003,0.15024464179365643,0.09357751053607195,0.09946260310703034,-0.11439229425277501,0.11235469094288489,0.05296269902809045,0.09729301032109777,0.2502330861928764,-0.038181073692967984,0.07582351012474779,0.1569594739977498,0.1266654158080486,0.18461969719618654,0.023074755244241445,0.13289447254450618,0.3700096641804235,0.12331941261633168,0.12646193916791404,0.07931033775509787,-0.0860334391158661,0.04481712367464779,0.015715576074355607,-0.04342334347182437,0.07427943445685119,0.024472227313960437,-0.07858516205954298,0.1002038884977172,0.6234020797699695,-0.6940292566280251,0.13328721138179633
0.17229744072983624,3.494012146755475,0.5621653634603959,0.13090677972930684,0.08972245822297155,0.18480997245988207,0.3945953798489471,0.2214705196124921,0.352437454024126,0.3661867877847035,0.23717950774694174,0.26255289671542376,0.16169989827930226,-0.11467939137541751,0.4297124322601641,0.03149163949879482,0.22337141225460405,0.4871711665820145,0.16347659699905293,0.1869834729755647,0.3852592665333096,0.23718854202826073,-0.15258065029666446,-0.2987776087991079,0.19599295937693012,0.171815923739193,0.7485757123769444,0.3481537985235138,0.49117725090305586,-0.2219834556366032,0.24491788897393715,0.19984088135106176,0.3196038154845294,0.18716229969968348,0.25715221450355746,0.29567807156147186,0.5723529073627995,0.2501804648816752,0.06068934421859036,0.13554878849354,0.30371961977820644,0.379265332432012,0.03851592617195488,0.021230462357300233,0.2872038749075343,0.5754014301338377,0.10604585322999915,0.10852603261267955,-0.18931818349553153,-0.32778410197388436,0.30687085294195515,0.21700834627280094,-0.14651401512179868,-0.028914597667734458,-0.09968714243271776,0.07563393038738854,0.11642724573189304,-0.44106666592100113,0.4855448938438582,0.322180644292773
0.2548924138920977,0.5621653634603959,1.68145520642022,0.26503185900573106,-0.09459548551020108,0.4375154337218775,0.3153322694904752,0.32827651332411406,0.43239070905098914,0.386345590107447,0.3753568431371225,0.29655732740202834,0.22544532878639453,0.10574174294759285,0.3441786312615,0.18796603958771202,0.4041812859521942,0.28560366658870007,0.2091017895518921,0.3222891635319879,0.35959328698730586,0.3533899112712037,0.24576577881023506,0.2597168662294958,0.2746252823787646,0.18172425618774934,0.22952573533182002,0.2966625382914084,0.6395287558022681,-0.5306888812687732,0.2971343751064366,0.24172352028672003,0.2075897384440409,0.358577094938865,0.3786936608143136,0.46832008825908605,0.4557142182115719,0.4639983089078791,0.2591924266171411,0.04633789279607517,0.3137655150937899,0.38610336323907635,-0.04885440041113979,0.1918230013179106,0.20753334688371788,0.7320077296912832,0.17592601512797015,0.05096792432975457,-0.4793983946062678,-0.016141424251196676,-0.03601605089649456,0.22593013451874547,-0.06343650397062969,-0.0687987719628862,-0.26989811426141164,-0.04219866364463188,0.07460563735215298,-0.8500018530880227,0.9817586819858509,0.33880464100622715
-0.01090731510760779,0.13090677972930684,0.26503185900573106,1.1966485352865066,0.2536939100967609,0.318956945799792,0.34593548504484894,0.28610382816651986,0.2838182461344704,0.24989791464933647,0.25409845493692634,0.34380173919308665,0.18521888222848915,0.3419901801027072,0.2628958217967083,0.32047130580427624,0.2336977515759767,0.3137839038103534,0.24010652557582204,0.2394322135972701,0.24357429665804745,0.3029138182680003,0.30528916447074733,0.24525078011115192,0.29153449203607945,0.2296219888568043,0.1817112206057273,0.05634769907661432,0.3022344053475413,0.09742953525687198,0.23667569741793565,0.19529532887511186,0.16226961654556862,0.34414203053261305,0.026195686075731042,0.25124913254657005,0.31445067381984665,0.3408896229852245,0.25533902732597663,0.13232123151855246,0.17685236641084223,0.23564911796616014,0.38732907645114284,0.11375798975447715,0.15748462641184463,0.2813601501185357,0.2991069408013252,0.07664477147635844,0.2083565453500097,-0.050968732929652524,-0.035965585440577395,0.1324703478479942,0.07327673956361794,-0.09807430238209495,-0.024661627828861315,0.06397153165046984,-0.2350554712852776,0.4245631067543097,-0.33696597849468546,0.08356966384138954
0.07989015849596132,0.08972245822297155,-0.09459548551020108,0.2536939100967609,0.6997894169618692,0.1824599424376099,0.1739496134913677,0.1146954071988086,0.12530917436280206,0.14460278117931671,0.12345580898428402,0.18577295062935625,0.11810942860535109,0.11596553405561551,0.23094922565236828,0.19383529415535825,0.08515486112859655,0.1665031551289503,0.2980573906016357,0.10372710349882694,0.11565353848837902,0.16352956081450185,0.21667280012580492,0.13489417583121516,0.21328642506859136,0.13688167026841386,0.10892358477613076,-0.03652604380032603,0.22247121054210972,0.16596055542947483,0.08019596813741861,0.12033631367153165,0.08278176922013858,0.2954445982539544,-0.046773873620702816,0.20948985798664715,0.22519580498824654,0.09096175336803504,0.2188096808129441,0.06870530632408012,0.11920919677900908,0.11341993195689451,0.1669998260780158,0.10802657300476265,-0.00504883899618209,-0.03474372813661955,0.054036493709801126,0.05563540984760056,0.2235224977952732,0.14607032804330716,-0.13886772103388734,-0.16051111436873214,0.169827488253496,0.0022435817708241494,-0.15994593692375897,0.07162662037158828,-0.23932656850056186,0.04971100253687136,0.19382186392616807,-0.1972274064458909
0.07159428429680383,0.18480997245988207,0.4375154337218775,0.318956945799792,0.1824599424376099,0.7449283657314001,0.1369711594575487,0.42105018502406727,0.2897061204345055,0.15472858088723215,0.3174187140652595,0.2558789776255792,0.1885416047722689,0.17059527966653157,0.2413100512339009,0.21708233215660913,0.3072896013234802,0.24501597610591017,0.3775022065121498,0.30062669310223644,0.2875437360953871,0.28634553235298005,0.1709567185934469,0.23256487007291432,0.28055059424208173,0.24413683207030162,0.2984940767047068,0.15913039085221026,0.34740070665938916,-0.001898872428208107,0.24995492450007478,0.19804454795741253,0.07141323390905549,0.238436812644486,0.23557820930255421,0.17618962554270545,0.35623023342899013,0.3722059954726669,0.2868811963010524,0.18136072731817204,0.2414648933424279,0.27615916344029057,0.31776964909792144,0.1350703416551172,0.24215831509400676,0.4464869989694522,0.5400894871989749,0.14967501160150273,0.1834107147525992,0.061944131364472806,-0.20179300178384738,0.08151756717705473,-0.06587106140684829,0.1482681228902378,-0.07629943946418284,0.06343364082625436,-0.010499667346805215,0.41728224578149103,-0.503250547892304,0.3073747581608315
0.2766197476118831,0.3945953798489471,0.3153322694904752,0.34593548504484894,0.1739496134913677,0.1369711594575487,0.6057341829494682,0.07751559964421904,0.275770561648336,0.17453096888812114,0.1730864040323383,0.3120248363117545,0.12098698608317153,0.005320573399653042,0.15444503212005498,0.1501497989943453,0.15435075510778337,0.2554517765175358,0.1422893151196741,0.10294199701734659,0.2034676085209215,0.24244632849988992,0.17641978751605747,0.1283751241554711,0.19704882698810458,0.14197678550639123,0.22382576234609275,0.08032251912775652,0.18246491293508676,0.06208795337443673,0.20530581219751173,0.16643913289783543,0.16586569670202145,0.20402881984551402,0.08474444161144837,0.22816148301435563,0.18042312553930376,0.26692495567765945,0.09521546378961807,0.08021969197187678,0.09283029901654642,0.19997942758426057,0.20360273822948602,0.05566007213418216,0.15676027740274495,0.3523272881253936,0.0433524183978549,0.04891370990518584,0.03798413061188904,-0.13017333343126367,0.01294480638354523,0.09867360225218644,0.02607481736473466,-0.06257675175391064,0.05749370123985261,0.06445910502568493,0.005326101180488221,0.1744304055749553,-0.33833909965318104,0.12573202774939807
-0.0010705405027959607,0.2214705196124921,0.32827651332411406,0.28610382816651986,0.1146954071988086,0.42105018502406727,0.07751559964421904,0.8501384853578522,0.14429112254979853,0.27462784436600557,0.3115833775147694,0.15738534332312787,0.23102754853483268,0.14831105940401115,0.19055104009287657,0.18869299109534662,0.3135380917129063,0.2736887719826003,0.26216646682057604,0.2862929112563901,0.25010272703975484,0.20274354841962472,0.18965804247622398,0.13997694057513388,0.2929440378874402,0.21248775219093183,0.30480983077212725,0.1067533090090566,0.22130606706783834,-0.024580991680005805,0.16602364805053976,0.16844011750727864,0.11768057814004355,0.2790859786191713,0.36497223389586764,0.10149125252855147,0.3605057321825553,0.3205639384915319,0.3383463665032819,0.22663820162539958,0.25013178956474535,0.25853393912571526,0.3034608671465426,0.12494962699639445,0.19902842647309982,0.46702041385750886,0.5980990099115,0.18459513779750467,0.17876745350340825,-0.06058629796197082,-0.021001477384760513,0.11036257658871776,0.05418820761840381,0.012477317478414704,-0.13382664670500397,-0.019069471991041018,0.06019276870025893,0.6068779810654271,-0.6382898054275571,0.27721403502047326
0.09944322598135759,0.352437454024126,0.43239070905098914,0.2838182461344704,0.12530917436280206,0.2897061204345055,0.275770561648336,0.14429112254979853,0.7799294764460638,0.19387118932157765,0.16742678426300195,0.2169069593787514,0.15212774650030858,0.08970816735644474,0.09406885480258512,0.13511648657753156,0.18400597453838996,0.3091670429346498,0.1652357991840893,0.07514190703693192,0.2341474019373591,0.4026287427210696,0.18352321207105157,0.16035214873148257,0.16397231967320225,0.21131901550906337,0.2411747811982624,0.12906950784600107,0.24913233690712364,0.0003105170474634373,0.3185207954495136,0.16472033373843945,0.19393985495440613,0.09052207825192879,0.13787585272795147,0.283435366353063,0.19775575513873256,0.3038100172427641,0.06649922428130578,0.08569586519608739,0.12911571135979863,0.22765420725915494,0.23498733209954487,0.07067858376997642,0.1867547987582569,0.34264098138340304,0.1543214222492893,-0.06428199731396163,-0.016521501375003474,0.0827773701891618,-0.05805735563688592,0.03044452237637895,-0.05777452652767684,0.0017712739073776278,0.11904961012836332,0.23209141679158152,-0.012302334636335753,-0.050261366096839594,-0.30522722658661855,0.18584105120115643
0.12230723513972479,0.3661867877847035,0.386345590107447,0.24989791464933647,0.14460278117931671,0.15472858088723215,0.17453096888812114,0.27462784436600557,0.19387118932157765,0.7683563753540555,0.1873358090251459,0.18080667381522217,0.14880950385002775,0.08997080830289912,0.2561998266255876,0.16575800583282535,0.21261477357106623,0.32742729804581333,0.14322056853887638,0.13551288677278567,0.19158833700925892,0.2150447228357795,0.2800911628040813,0.0673143846326745,0.2554316175272325,0.14811031021457471,0.2756673795165814,0.048884888563784826,0.32341174908935716,-0.028818079780856307,0.13585354396418403,0.1888631704139792,0.13713429654637355,0.3756571828013904,0.19266097769293042,0.2786777534349128,0.28630384963773137,0.19003127391379449,0.24855146720124124,0.11575702158571397,0.20345057744212905,0.2131610192594454,0.07554690672035301,0.11415097961125883,0.03356892618668671,0.3513632461499817,0.249177352511583,0.07498585567382446,0.05084042556941831,-0.007838819994272663,0.05115977841872221,-0.031680232143521954,0.08998822404125703,-0.0655300317465166,-0.33292777064432466,0.012323589388727216,0.13623343678103614,-0.07596333997600797,0.16177856826976442,0.11622139438504225
0.10465549385205697,0.23717950774694174,0.3753568431371225,0.25409845493692634,0.12345580898428402,0.3174187140652595,0.1730864040323383,0.3115833775147694,0.16742678426300195,0.1873358090251459,0.5693858418517198,0.23033287878381578,0.1734935047737163,0.1680476407459502,0.2427473252787359,0.2003181534681553,0.34108414242837154,0.20209497486894895,0.1793625700114627,0.3212624007537898,0.2677216483871596,0.1966470791228519,0.17461160692571415,0.18286403249587485,0.2522677960394527,0.20506876770301488,0.28881269201933635,0.1372289326690413,0.29971303759565937,-0.0489792854890706,0.18712734296984737,0.17549385946906956,0.1428960940794545,0.2520927017678779,0.2789617956053911,0.21629397487003518,0.33414874458292204,0.3149719011602031,0.23128745874438467,0.1878524049205315,0.25557799486443505,0.27964525789191197,0.22454383800007635,0.12280093745494029,0.17420418169723897,0.4107410523892342,0.31863518527744056,0.16289648386979896,0.007237969243472505,-0.012792730230361024,-0.07374097951062908,-0.02857145003794477,0.16760960202796427,0.021148951812458888,-0.16236409414327976,0.00962850639790261,-0.05068771480764373,0.25722185845450657,-0.19661498902997887,0.15027676107602536
0.1647569607285603,0.26255289671542376,0.29655732740202834,0.34380173919308665,0.18577295062935625,0.2558789776255792,0.3120248363117545,0.15738534332312787,0.2169069593787514,0.18080667381522217,0.23033287878381578,0.6039424219745283,0.1254181734688426,0.13781887889364614,0.25935316829429605,0.2060502970627362,0.2317109128449184,0.20124786473198278,0.18605200597294178,0.19090382127282338,0.20265054895114556,0.21655577215776933,0.2000214384473028,0.163610054348091,0.30124712477098486,0.13997961272595486,0.28835112478314756,0.026813400850450378,0.2306338758058349,0.06859437186395413,0.14118971645224745,0.20024383692876851,0.1315821328268954,0.22885193548679306,0.21663869559859514,0.16933637982202784,0.20501077793455016,0.2954776043906764,0.1735174148381519,0.14401606678753073,0.16941083459199585,0.20787608054150333,0.26089174955929795,0.08532572854357211,0.13023972932820785,0.40509018620426174,0.24742490997115094,0.1638865871556503,0.27502845806125126,-0.2140320787337266,-0.014150979171905623,0.05865219484915662,0.123319891186822,0.013754522308337997,0.06839478554551887,0.05623751220649504,-0.09085645472107251,0.33648389991536365,-0.596598292528845,0.10954077834248042
0.05911374066846657,0.16169989827930226,0.22544532878639453,0.18521888222848915,0.11810942860535109,0.1885416047722689,0.12098698608317153,0.23102754853483268,0.15212774650030858,0.14880950385002775,0.1734935047737163,0.1254181734688426,0.3378727861489648,0.11253524333681236,0.06068795096447385,0.158570126578944,0.14499781554096805,0.14287053284337395,0.12213447900165939,0.13361118937405453,0.14188334368824726,0.18322271179845415,0.12882596813510813,0.09226055897591198,0.14474357102942417,0.12758655913511374,0.13849141773922166,0.06510098826993642,0.27764919700899343,-0.06035286477551035,0.08203210059079255,0.14554716775911578,0.08316454758063804,0.1720204197562929,0.18469542067906033,0.1274258851017876,0.16224684041628068,0.14779705319920527,0.1881998108188271,0.1034994489807861,0.13652009435028697,0.14556288267043982,0.11815896815608891,0.08884990820991591,0.0025014336607870787,0.2311952701720156,0.1718888233408751,0.04773967373246823,0.12019422460666021,0.09698051710951044,-0.0528356302900597,-0.033409589098020304,-0.006001886556012428,0.0049974537134786536,-0.054899257274150313,-0.0035100527565162525,-0.04329129716636049,0.025743930620083788,0.030476681706402168,0.07085674166962358
0.19497177984927405,-0.11467939137541751,0.10574174294759285,0.3419901801027072,0.11596553405561551,0.17059527966653157,0.005320573399653042,0.14831105940401115,0.08970816735644474,0.08997080830289912,0.1680476407459502,0.13781887889364614,0.11253524333681236,0.6505016742164292,0.16284681835331055,0.2860159825988833,0.1812717507495743,0.11955107969230079,0.12521685745750435,0.1762683606232849,0.16062966005442933,0.15569933421356122,0.17810197136655162,0.19908387070780548,0.14164727939348878,0.08763387120043932,0.0053543517625510625,0.01724748014585255,0.27740052374078855,0.07527707370150488,0.12576645132532893,0.09497559568146002,0.05455031153232685,0.09224989610467055,0.1591610612161699,0.06892924409936994,0.246770880709788,0.23703972916106333,0.11271021789811031,0.1488808945496439,0.239270883380509,0.16415800398287286,0.33318052422483674,0.09803663765443932,0.10167769641955991,0.12146356281039934,0.2674966888568458,0.155684780593326,0.40126634022519936,0.05722882362541321,-0.02407835790470335,-0.02496053536820391,-0.04515291866143487,0.08370126966145218,-0.27867353938802797,-0.050211779777371346,-0.20171327534894826,0.6665643446022488,-0.24674425141386772,0.058007717870304676
0.09229296527383923,0.4297124322601641,0.3441786312615,0.2628958217967083,0.23094922565236828,0.2413100512339009,0.15444503212005498,0.19055104009287657,0.09406885480258512,0.2561998266255876,0.2427473252787359,0.25935316829429605,0.06068795096447385,0.16284681835331055,1.1376084030262585,0.17250790779419448,0.19082258131335297,0.43140754045251006,0.18419157380699372,0.28806628163400927,0.3126762209595066,0.1520279896137418,0.5321812885018428,0.31009147887565525,0.46840027395523215,0.22955926884611752,0.2857153801677046,-0.058927086972737325,0.39201101050457743,0.17452639363145797,0.20747185262112242,0.10642657571499822,0.1398911085837237,0.428367687408249,0.23620103337252868,0.34300821500528594,0.5058825740584476,0.2516551268462273,0.3223546889782117,0.19746070644733144,0.34417731749196107,0.3312268683577748,0.2564603192706611,0.16275773115250255,0.16286002417073944,0.3993315276918626,0.2599443791786604,0.2618591620213768,0.12073776305373338,-0.087332187673958,-0.05362603351863481,-0.01741359074209774,0.1411065205330725,0.03818702288192314,-0.30490634788863785,0.16146955218199105,-0.27550231508687395,0.3586665060875225,0.0005289461280815117,0.07869583524046318
0.11707139567471153,0.03149163949879482,0.18796603958771202,0.32047130580427624,0.19383529415535825,0.21708233215660913,0.1501497989943453,0.18869299109534662,0.13511648657753156,0.16575800583282535,0.2003181534681553,0.2060502970627362,0.158570126578944,0.2860159825988833,0.17250790779419448,0.8017614009191693,0.25266183729182856,0.1933284791821767,0.19226647169118757,0.1703334190050713,0.22668519869690568,0.3927730343610255,0.29929988402351415,0.2487638316563308,0.28885944777693473,0.11018054550215024,0.18575518369572933,0.07788607077545225,0.4098727373675979,-0.037119300646562395,0.12926407979226115,0.23278436713971176,0.09852569548776482,0.24806991525591102,0.4349923735746963,0.17562508645691086,0.24464394967864808,0.3185639823641372,0.28986920316565035,0.2752290724004432,0.23619080780714147,0.2474106086214298,0.4341403214730769,0.17981303087264755,0.15744840881464564,0.16749629260296256,0.23408779230690577,0.00764674505045306,0.3193807715681878,-0.038576694794383075,-0.08663062497224357,0.05946343492753229,0.0014946507952769855,0.0039057796558190122,-0.23862855442490927,0.00610928992488076,-0.21419623861362622,0.49740607507623485,-0.1516875443968024,0.04006786626300119
0.09451407929785119,0.22337141225460405,0.4041812859521942,0.2336977515759767,0.08515486112859655,0.3072896013234802,0.15435075510778337,0.3135380917129063,0.18400597453838996,0.21261477357106623,0.34108414242837154,0.2317109128449184,0.14499781554096805,0.1812717507495743,0.19082258131335297,0.25266183729182856,1.0150094878556852,0.04969565867435393,0.22644028376983208,0.4447862580714137,0.35149626405280493,0.22527746075285376,0.07198240793882572,0.34319357302317105,0.22597679620757558,-0.03080504500170348,0.43918250090289584,0.6335663870631898,0.29214381528304095,-0.11600394994880184,0.3456504587788284,0.16994993600541738,0.311856610392939,0.1745343774629997,0.35816923051536426,0.32642551096804656,0.584632101933591,0.45469037025575004,0.15988326264839559,0.26297233371420886,0.512214017030889,0.4048961892142971,0.27528258513697534,0.23976367185483183,0.2749133500262267,0.37973157827587556,0.4260471573188821,0.28940418256044304,0.11511614013636783,-0.010713618430785206,0.02443620002998856,0.15622656855962094,0.012377061330864771,-0.035033902164302556,-0.6557839652245644,0.04068253495920774,-0.013978895348349405,0.37889518080990947,-0.17248461715790772,0.12724508488014982
0.12551083659355453,0.4871711665820145,0.28560366658870007,0.3137839038103534,0.1665031551289503,0.24501597610591017,0.2554517765175358,0.2736887719826003,0.3091670429346498,0.32742729804581333,0.20209497486894895,0.20124786473198278,0.14287053284337395,0.11955107969230079,0.43140754045251006,0.1933284791821767,0.04969565867435393,1.0075072720978087,0.18388141420905144,0.06830888781302501,0.33228920209237,0.29781290488586654,0.678730114729441,0.17798512235383862,0.32334762294367225,0.4679244366709847,0.06400957114162426,-0.29886407925131225,0.35394600811910626,0.10749440976606671,0.3985448739172925,0.17369642066483937,0.09039395940540908,0.3641463193765553,0.233602483270966,0.3299799413189843,0.3328605397083461,0.3182490725868436,0.29203534546281334,0.26291469553125724,0.1989794207019519,0.33019019397121324,0.4164759758742971,0.058412570651209784,0.3168413707025851,0.523596197042536,0.34995419179119286,0.11357766813386565,0.03436678472563567,0.18069984363678526,0.1002083321198308,-0.13929346261732548,-0.10640241304396542,-0.023677218931498132,0.013121599404360348,0.15700314193771644,-0.05686145576433657,0.7096049797633156,-0.8752033496292343,0.12086508911523258
0.09008821647421562,0.16347659699905293,0.2091017895518921,0.24010652557582204,0.2980573906016357,0.3775022065121498,0.1422893151196741,0.26216646682057604,0.1652357991840893,0.14322056853887638,0.1793625700114627,0.18605200597294178,0.12213447900165939,0.12521685745750435,0.18419157380699372,0.19226647169118757,0.22644028376983208,0.18388141420905144,0.6161512474386204,0.11203947642184833,0.2179673192662081,0.20748786048361553,0.055556599973416644,0.19208281964253593,0.18063720335546568,0.06675785584578005,0.15766131739049472,0.25485600896354166,0.09032093752953749,0.08147171754165858,0.26935829202569966,0.14691224585478524,0.1050882137095011,0.15976117353486025,0.09984531811236784,0.17796734113275992,0.23351057374321413,0.3087809143402422,0.19269901908659362,0.12489699413683536,0.21225160118276015,0.1949058398479268,0.2678477603535752,0.09786585527225644,0.2293728385833457,0.2508593009834599,0.24091093902338434,0.1003870965492448,0.05036960782462948,-0.254521199636467,0.15412748172344115,0.4310547019711779,-0.2080403569023368,-0.025207172478210912,-0.010438623676796686,0.05691137908197492,-0.009349389100180511,0.21052609127543162,-0.25620938017420036,0.18335054765059355
0.01594345672350354,0.1869834729755647,0.3222891635319879,0.2394322135972701,0.10372710349882694,0.30062669310223644,0.10294199701734659,0.2862929112563901,0.07514190703693192,0.13551288677278567,0.3212624007537898,0.19090382127282338,0.13361118937405453,0.1762683606232849,0.28806628163400927,0.1703334190050713,0.4447862580714137,0.06830888781302501,0.11203947642184833,1.1677840053613961,0.17895535473092686,0.08966537405521295,0.16042278290839748,0.3450149116458187,0.26228810364662314,0.39157547207949045,0.4293267064248151,0.1722719113384,0.39957073347560007,-0.016765837191489198,0.21360774763061438,0.23266215836151305,0.14815506509305476,0.39826699800151205,0.15135324311574322,0.13489971826924302,0.5670792296347277,0.3235389283857214,0.5545910708339731,0.2610672728581897,0.33035390727342334,0.22643343522253054,0.18377483678786413,0.19377769457124222,0.11501315986178218,0.29046040885596885,0.14726171525386691,0.4184375028413434,0.8287998255955792,0.04819007484906987,-0.19023928163727805,0.05609750572783738,0.1560890947216994,-0.051967189966117565,-0.3979863333839907,0.01584673084978518,-0.09624123960466809,0.13078660493310468,0.09647884228159377,-0.010423953876212288
0.13322673822209352,0.3852592665333096,0.35959328698730586,0.24357429665804745,0.11565353848837902,0.2875437360953871,0.2034676085209215,0.25010272703975484,0.2341474019373591,0.19158833700925892,0.2677216483871596,0.20265054895114556,0.14188334368824726,0.16062966005442933,0.3126762209595066,0.22668519869690568,0.35149626405280493,0.33228920209237,0.2179673192662081,0.17895535473092686,0.6232086071726983,0.25551538082767183,0.24114214661042166,0.24880996278849088,0.26101562406937073,0.18554658938379015,0.24993530117944096,0.1975739771510943,0.23857102018046134,0.11122769797428539,0.37880869294555986,0.18581442368027645,0.24355130844738937,0.22241556226983128,0.525256616258946,0.35912942947571286,0.5180036910407633,0.5222488434153402,0.13632743603214695,0.33180629099733355,0.45626684613694046,0.5853104219230068,0.43930933720255105,0.13247494255408496,0.5624747505372333,0.5215534009577303,0.4614370945515885,0.2708767451201365,-0.14156346091547922,-0.03981514084152124,0.030380726890582396,0.008468675971740522,0.0017216915252749934,0.09738187334421618,0.023278337364961883,0.0013460338267371889,-0.035903320190346664,0.3325256276277434,-0.2725848257402697,0.3272100086549892
0.12202751354319738,0.23718854202826073,0.3533899112712037,0.3029138182680003,0.16352956081450185,0.28634553235298005,0.24244632849988992,0.20274354841962472,0.4026287427210696,0.2150447228357795,0.1966470791228519,0.21655577215776933,0.18322271179845415,0.15569933421356122,0.1520279896137418,0.3927730343610255,0.22527746075285376,0.29781290488586654,0.20748786048361553,0.08966537405521295,0.25551538082767183,0.7873584496999778,0.2905331997757057,0.16664710640115143,0.24122170424634512,0.1857371233403034,0.23130561728785404,0.10130451743798809,0.4515325082824453,-0.012533119943684431,0.20884507186328916,0.2767951809628847,0.1980922776923241,0.24263820343164866,0.2517241152003292,0.32058961378184275,0.1987883833704095,0.4012007146855575,0.22473909478948875,0.17601774493181158,0.16676929564791426,0.26263468769762055,0.44695740712164184,0.1444818377488917,0.18674476461387904,0.2857062453879576,0.2154283365334589,-0.2859913759593739,0.24416878716855583,0.049007289247593226,-0.08989549833087267,0.03726909153704029,-0.05011460776246978,-0.02569344458612533,-0.05882604140270196,0.09048284814528755,-0.096980506689092,0.2999465708657516,-0.2851602555996844,0.11632259241584557
0.052971875262803426,-0.15258065029666446,0.24576577881023506,0.30528916447074733,0.21667280012580492,0.1709567185934469,0.17641978751605747,0.18965804247622398,0.18352321207105157,0.2800911628040813,0.17461160692571415,0.2000214384473028,0.12882596813510813,0.17810197136655162,0.5321812885018428,0.29929988402351415,0.07198240793882572,0.678730114729441,0.055556599973416644,0.16042278290839748,0.24114214661042166,0.2905331997757057,1.5237275132668413,0.5629061026189821,0.5901627096487558,0.17464739470894655,0.049621367535684885,-0.7064628121236245,0.6881959271386814,0.3361293227732975,-0.0631297587693007,0.10072247473643658,0.05785350321448984,0.5668545747940539,0.20733293859082583,0.44910745966106697,0.4204484811953064,0.14722847533772,0.6224509111157355,0.3003901733606935,0.2643979625661298,0.27744988520357966,0.1935897995089717,0.26648713759144155,-0.13034812866000775,0.5497958470201407,0.37390698619276475,0.22244053886181273,0.3749940467691735,0.17964432804406538,-0.09693244008644802,-0.4597789912368886,0.30467820719875194,0.03711937086236324,-0.4682760406389387,0.028294766914122263,-0.24171441465624063,0.3452887930984642,0.004918490803266489,-0.018675309183765813
0.09008429650909107,-0.2987776087991079,0.2597168662294958,0.24525078011115192,0.13489417583121516,0.23256487007291432,0.1283751241554711,0.13997694057513388,0.16035214873148257,0.0673143846326745,0.18286403249587485,0.163610054348091,0.09226055897591198,0.19908387070780548,0.31009147887565525,0.2487638316563308,0.34319357302317105,0.17798512235383862,0.19208281964253593,0.3450149116458187,0.24880996278849088,0.16664710640115143,0.5629061026189821,1.416575813064366,0.4353769740775617,-0.17793059925097368,0.08954961435780076,0.3756165381717207,0.22920786781421937,0.5968175576515377,0.7381684581956391,0.06803640920735597,0.1929123568444619,0.0791636554954721,0.12421807987618008,0.46964641215344033,0.36276883507206537,0.3991648372464417,0.1284028438230442,0.11589761159337325,0.5271769912869942,0.2645809327222558,0.09166090485559679,0.25390865068031837,-0.03983016389937271,0.43579471285549687,0.2943321798260383,0.32608924874196094,0.1778079556451755,-0.2215014798015143,-0.11432019615158183,0.2014270435014479,0.09274275405342264,0.07685874055420006,-0.1460947544641554,0.045666299186356604,-0.038511211589952896,-0.14579869189477124,0.20104617751270018,0.19194885451677962
0.06737816093098922,0.19599295937693012,0.2746252823787646,0.29153449203607945,0.21328642506859136,0.28055059424208173,0.19704882698810458,0.2929440378874402,0.16397231967320225,0.2554316175272325,0.2522677960394527,0.30124712477098486,0.14474357102942417,0.14164727939348878,0.46840027395523215,0.28885944777693473,0.22597679620757558,0.32334762294367225,0.18063720335546568,0.26228810364662314,0.26101562406937073,0.24122170424634512,0.5901627096487558,0.4353769740775617,1.0706832661436683,0.18482951594941155,0.37100256083626026,-0.2086933756753695,0.43555203592709796,0.31767921002076266,0.08899288460948347,0.174310435605314,0.12059559509981622,0.5960403160594419,0.40461546786558644,0.2692810141288969,0.4372499339753429,0.3094094354602124,0.44479534385375996,0.21841504670784637,0.21453735197355922,0.2977008475835331,0.28292167369819377,0.18829408359190902,0.12804274877003038,0.5706414023714496,0.4350121608171594,0.19930969338259116,0.14500764333999921,-0.450099501756856,-0.13755497550162749,-0.03692586851058128,0.40766764375573145,0.06608012507426614,-0.15730081176428543,0.0977329653384191,-0.07360039702067948,0.2202086570630302,-0.2918348662515349,0.15826456630465324
-0.02924446802622092,0.171815923739193,0.18172425618774934,0.2296219888568043,0.13688167026841386,0.24413683207030162,0.14197678550639123,0.21248775219093183,0.21131901550906337,0.14811031021457471,0.20506876770301488,0.13997961272595486,0.12758655913511374,0.08763387120043932,0.22955926884611752,0.11018054550215024,-0.03080504500170348,0.4679244366709847,0.06675785584578005,0.39157547207949045,0.18554658938379015,0.1857371233403034,0.17464739470894655,-0.17793059925097368,0.18482951594941155,2.0862675580869734,0.27944464511132466,-0.4285064211354344,-0.23655251297045407,-0.26039887498220404,0.12059095065003599,0.40505371979512855,0.14844833262741702,0.5766919621184984,0.33502124874749845,0.009013944228621477,-0.04448567161073315,0.23037709415601237,0.3028620232436001,0.24782917197881832,-0.489667201517499,0.19797356065992783,0.4835906658303701,-0.062124693364222966,0.5777123845522351,-0.10300232444592855,-0.22357688609885226,0.011626512157098774,0.40061096656048684,0.601874504180663,-0.2912755145274854,-0.2820949381840563,-0.017956638872781826,-0.11878954088872389,0.12247210227601331,0.06400849898318584,-0.09203009407661163,0.09930031635072259,-0.31130548315263534,0.024042698781189475
0.12129398157337352,0.7485757123769444,0.22952573533182002,0.1817112206057273,0.10892358477613076,0.2984940767047068,0.22382576234609275,0.30480983077212725,0.2411747811982624,0.2756673795165814,0.28881269201933635,0.28835112478314756,0.13849141773922166,0.0053543517625510625,0.2857153801677046,0.18575518369572933,0.43918250090289584,0.06400957114162426,0.15766131739049472,0.4293267064248151,0.24993530117944096,0.23130561728785404,0.049621367535684885,0.08954961435780076,0.37100256083626026,0.27944464511132466,1.4156777181632676,0.34347033964034607,0.08907595435479258,0.147964056815684,0.14549007855897028,0.2172196813676974,0.3311041963224997,0.08662578359169479,0.42531185119847026,0.10171311620625192,0.3973699428608104,0.38353863582571723,0.21346614142473078,0.27457468711917643,0.3629207854728109,0.29593557075023075,0.44292284191632625,0.18074381352886992,0.1892265472460854,0.6858583553111002,0.3225103463347228,0.3890305841736633,0.5208134495351122,-0.2247833377428906,-0.08950134298879447,0.07379636463983734,0.14607369898251016,0.11334593214021009,0.11512061250320062,0.10575662226879375,0.07048506181496234,0.8199375927020681,-1.212905163419035,0.22887621641045636
0.03971935669445495,0.3481537985235138,0.2966625382914084,0.05634769907661432,-0.03652604380032603,0.15913039085221026,0.08032251912775652,0.1067533090090566,0.12906950784600107,0.048884888563784826,0.1372289326690413,0.026813400850450378,0.06510098826993642,0.01724748014585255,-0.058927086972737325,0.07788607077545225,0.6335663870631898,-0.29886407925131225,0.25485600896354166,0.1722719113384,0.1975739771510943,0.10130451743798809,-0.7064628121236245,0.3756165381717207,-0.2086933756753695,-0.4285064211354344,0.34347033964034607,2.684909085712463,-0.19338017484918738,-0.19101054035305354,0.6878965051031367,0.10978498192065389,0.43526625880196607,-0.1462324370622264,0.04569994723680352,0.6420477794208428,0.2492546470939471,0.2960870495265052,-0.24433940763152856,-0.08228626170965857,0.6715133274735713,0.19094981686272755,0.20269899468207436,0.37832160866493003,0.19510167707798812,-0.3726773853130982,-0.120402037767404,0.17307238076901424,-0.20591079913668062,-0.45411684265933866,0.09205512473196904,1.071323646209694,-0.5813717553483407,-0.058343340810219,-0.014209635573647454,0.06437066951809982,0.18770989788131867,-0.386625459648083,0.9894419134801431,0.18777463250876145
0.14558395343279998,0.49117725090305586,0.6395287558022681,0.3022344053475413,0.22247121054210972,0.34740070665938916,0.18246491293508676,0.22130606706783834,0.24913233690712364,0.32341174908935716,0.29971303759565937,0.2306338758058349,0.27764919700899343,0.27740052374078855,0.39201101050457743,0.4098727373675979,0.29214381528304095,0.35394600811910626,0.09032093752953749,0.39957073347560007,0.23857102018046134,0.4515325082824453,0.6881959271386814,0.22920786781421937,0.43555203592709796,-0.23655251297045407,0.08907595435479258,-0.19338017484918738,3.196833044424089,-0.7182196050570274,-0.17084847534824557,0.279389055881879,-0.11763742091354984,0.45691286744272036,0.10327945842615888,0.6716375520390948,0.04257243119832853,-0.28964775141019383,0.59080950995302,0.20744274346448976,0.5091020391506612,0.23631333246681815,-0.4729487043969304,0.013234941177201937,-0.4344163615122407,0.45969061417326595,0.008186940885827205,-0.13971367033350474,0.5324846189679333,0.7065236907484544,-0.3478075315385533,-0.3884064524058749,-0.21074302157217745,0.14355028770925693,-1.0978383105347609,0.09242890801030892,-0.2588734940338816,-0.16019158143158801,1.159675224458951,-0.2804351960608778
0.09549588375062003,-0.2219834556366032,-0.5306888812687732,0.09742953525687198,0.16596055542947483,-0.001898872428208107,0.06208795337443673,-0.024580991680005805,0.0003105170474634373,-0.028818079780856307,-0.0489792854890706,0.06859437186395413,-0.06035286477551035,0.07527707370150488,0.17452639363145797,-0.037119300646562395,-0.11600394994880184,0.10749440976606671,0.08147171754165858,-0.016765837191489198,0.11122769797428539,-0.012533119943684431,0.3361293227732975,0.5968175576515377,0.31767921002076266,-0.26039887498220404,0.147964056815684,-0.19101054035305354,-0.7182196050570274,3.1428865256132505,0.3285527668843495,-0.048345451729043996,0.20625591866943957,-0.2226067383560306,-0.2916045005323767,0.20832612511726784,0.5911643551084472,0.6177343692508453,-0.3499248740598773,-0.1437275100590969,0.3621312533641042,0.07745917163956823,0.8524206076835062,0.027037445977530966,0.3607669464459554,0.8660711687360374,0.7682671938962463,0.524536710350284,0.02870289112012846,-0.378045557372237,-0.02063507696034975,-0.2185115356476101,0.25144057806859343,0.3166305863292114,0.9511029447702914,-0.19791591893778723,-0.0852823955616985,1.147523871631675,-1.8149308017975303,0.25404049721570615
0.15024464179365643,0.24491788897393715,0.2971343751064366,0.23667569741793565,0.08019596813741861,0.24995492450007478,0.20530581219751173,0.16602364805053976,0.3185207954495136,0.13585354396418403,0.18712734296984737,0.14118971645224745,0.08203210059079255,0.12576645132532893,0.20747185262112242,0.12926407979226115,0.3456504587788284,0.3985448739172925,0.26935829202569966,0.21360774763061438,0.37880869294555986,0.20884507186328916,-0.0631297587693007,0.7381684581956391,0.08899288460948347,0.12059095065003599,0.14549007855897028,0.6878965051031367,-0.17084847534824557,0.3285527668843495,1.6133057670532363,0.14459251379350171,0.29155769635518913,-0.05503915786587484,0.13946919220369025,0.47940257524347374,0.30602826131687433,0.6536269431782545,-0.22013507011211877,0.0830487555294933,0.45957843677496396,0.36756850405834773,0.30568166259577234,0.11061054607431478,0.4166605188113681,0.3731585506988914,0.22208831367664153,0.212627737247646,-0.3696216134767933,0.01186021492119257,-0.0041759355819488125,0.5449241430593412,-0.3933149619063275,-0.010821481373693927,0.22334822329776666,0.2151394623280753,0.15579835647273318,0.06616866107029248,-0.5022114683062843,0.26986406399278073
0.09357751053607195,0.19984088135106176,0.24172352028672003,0.19529532887511186,0.12033631367153165,0.19804454795741253,0.16643913289783543,0.16844011750727864,0.16472033373843945,0.1888631704139792,0.17549385946906956,0.20024383692876851,0.14554716775911578,0.09497559568146002,0.10642657571499822,0.23278436713971176,0.16994993600541738,0.17369642066483937,0.14691224585478524,0.23266215836151305,0.18581442368027645,0.2767951809628847,0.10072247473643658,0.06803640920735597,0.174310435605314,0.40505371979512855,0.2172196813676974,0.10978498192065389,0.279389055881879,-0.048345451729043996,0.14459251379350171,0.7953910870278332,0.16757271015392713,0.31561913116472995,0.21997730267424728,0.2431029368720459,0.018482416969191805,0.36211066267578956,0.2349470228031809,0.1605763884141973,0.07052575612307849,0.18660492790511693,0.16975079327998813,0.08533561515504999,0.16469974039193733,0.23359660888790498,0.10500194135742358,0.050978917777220197,0.18801004888868433,0.09485461100805144,-0.02949713071361656,0.003632416910898528,0.0003696688328802542,-0.018228544552160775,-0.19879431376888798,-0.06761597925761186,0.3635887143683796,-0.08922664285924715,-0.07171353495914802,0.09617131988500864
0.09946260310703034,0.3196038154845294,0.2075897384440409,0.16226961654556862,0.08278176922013858,0.07141323390905549,0.16586569670202145,0.11768057814004355,0.19393985495440613,0.13713429654637355,0.1428960940794545,0.1315821328268954,0.08316454758063804,0.05455031153232685,0.1398911085837237,0.09852569548776482,0.311856610392939,0.09039395940540908,0.1050882137095011,0.14815506509305476,0.24355130844738937,0.1980922776923241,0.05785350321448984,0.1929123568444619,0.12059559509981622,0.14844833262741702,0.3311041963224997,0.43526625880196607,-0.11763742091354984,0.20625591866943957,0.29155769635518913,0.16757271015392713,1.643947475113196,-0.006302997939146933,0.03634041970995057,0.17402661311263215,0.7558072415612557,0.3421706580507353,-0.19285800096026698,0.0016432083883471862,-0.038859714625803274,0.28166538390563944,0.22911229630024957,0.14018106947616726,0.16550771017261517,0.08509017476222294,0.4272700942210002,0.2938506602575675,-0.04492152492496899,0.18537187157125923,-0.15881838652479158,0.10528968049877806,0.10243527440051796,-0.28022309807800855,-0.04620402581502264,-0.050880191517665915,-0.055086982095407966,0.20364952984233672,-0.041615736532178337,-0.005140996170703226
