0.9792710981787955,0.1637353318982779,0.23493730372943564,-0.014556313156992387,0.12029475587507438,0.08670582698104055,0.29037751733768824,0.04102740221561329,0.11029832840267831,0.14778321485742785,0.12951852264517696,0.19031415721028586,0.050011776210698404,0.22188420849772833,0.12727470980716782,0.1404843090701486,0.11318881255748729,0.14107080144445416,0.09711920991203786,0.03738164002343644,0.14964847886401902,0.13099238607970304,0.07589635512177288,0.10182444981747506,0.09630371609978579,-0.0309565429084349,0.1691264934387558,0.02549972449043546,0.17338215999922332,0.1156489484087039,0.1582349445828235,0.11714791383942509,0.11192892706630213,-0.11137931447617756,0.1422497421077534,0.08110893478406568,0.10947436674350515,0.24746172379726136,-0.033409154361851566,0.10171964417260336,0.18950772199900576,0.1456036159935951,0.16799756521432604,0.03400488671412882,0.12231169573305485,0.40903480453651475,0.15726183345746955,0.1502391847840087,0.1277086245101013,-0.12633428949259645,0.03230125261966391,-0.07395450332463435,0.07288323382950189,0.11370220654237556,0.007463352608467097,-0.0782821146768298,0.15575288111651847,0.5943924331028282,-0.7113392329823325,0.14986236478691004
0.1637353318982779,3.386206477112779,0.4730883936906851,0.12032707494157328,0.11166263049117979,0.17708594614469142,0.35498066459878186,0.24396634282586005,0.30425714990208497,0.3366177621306803,0.2414654385261275,0.2661127312710107,0.16293827760583215,-0.08961214109655946,0.4275750326253957,0.04004523733876262,0.2285481536586362,0.508496500327241,0.16571067231954556,0.18094299146817922,0.37444976099149613,0.21707645716167479,-0.1365665473933916,-0.3164693646424822,0.19138003345894922,0.14265975063807224,0.771738436886654,0.330132708590138,0.4928768305197671,-0.17653984445380524,0.22610356406733423,0.19704076712133717,0.29105239925795673,0.13777620375745928,0.261958351785779,0.27260222798571027,0.5550028722450517,0.2574479829962811,0.05055997710955091,0.16618134501293358,0.3428350237936731,0.36733276185657215,0.08674173704933617,0.02066594287572489,0.29873951065852744,0.5795057569053934,0.12516801175439574,0.1576344091072715,-0.1313217103519187,-0.28206591370574147,0.2925043886948649,0.2635513722180102,-0.1609424699518372,0.031120605479568252,-0.06889535605805085,0.03947132944968294,0.06475987488020285,-0.10689037667427083,0.17851492500098015,0.24991777034579007
0.23493730372943564,0.4730883936906851,1.6261567017917102,0.27068605122560546,-0.12489278610283505,0.44798773780812223,0.30753366963859197,0.3664768978555126,0.43012372093321155,0.36842725880443145,0.3800367956449665,0.3096793861421247,0.23966905044068929,0.09937554254854294,0.32343586050302847,0.18475354764456695,0.4052313206126691,0.3287747446979233,0.21059939349356321,0.3004618514745518,0.3615144483201396,0.3596198446890549,0.2434958066995818,0.22816153344515455,0.26786943572414945,0.186431000703592,0.2604045399445491,0.27169751945872744,0.5719819812963999,-0.5072226686662569,0.2930903924654602,0.23282857732860957,0.18064772211665317,0.30580714350179067,0.3963529458298445,0.4119995410736218,0.41077557662646674,0.49606902430909317,0.23531973774729723,0.06920901836511932,0.3060799554058095,0.381929074185611,0.07146875077364477,0.15292408076258318,0.2510282351062543,0.8142376224987844,0.2403896409667443,0.08833518500503534,-0.4354681645579754,-0.11694676119456866,-0.003913296223745731,0.2933689234043577,-0.05732442357316111,-0.07523719640478929,-0.07829614707998879,-0.030463371715514526,0.020320143359898617,-0.36622781614678424,0.3183927590981376,0.33024307597202723
-0.014556313156992387,0.12032707494157328,0.27068605122560546,1.3007986107281146,0.29419571776508247,0.33698281032596034,0.34617661401385474,0.28915656455413274,0.2538447069420532,0.22464260832996297,0.26132693269696095,0.35497891104299817,0.1988485641661492,0.40486423271783833,0.2902425021432095,0.3705035229305074,0.23657143046416995,0.3181468181898959,0.24168138985553142,0.24762611450012526,0.25947079671218404,0.3175398655194237,0.3463245484567463,0.2437367887211025,0.29429820473616114,0.24934847511993583,0.14153911717181591,0.03048368287001002,0.3721198454989255,0.09131888352929841,0.18909829698100608,0.16000773145607625,0.15440248413179775,0.37409471177460146,0.023159890137558793,0.24128467060379757,0.37122815679319404,0.33898063072158546,0.26864673301922004,0.1266530834405557,0.1829264502893144,0.25217594641432345,0.46371597095679373,0.1292508063611703,0.14096648699018585,0.19919147533431297,0.2667650256687368,0.07903981934445588,0.22617184618018835,0.03684643474945847,-0.09537251607859931,0.08646903603179357,0.047144673905309534,-0.10217187139695327,-0.0375178786879683,0.023564450387942422,-0.5220847335507751,0.5748569660568512,-0.14388796407477167,-0.003813756909336306
0.12029475587507438,0.11166263049117979,-0.12489278610283505,0.29419571776508247,0.7282819721138871,0.19886821886765535,0.1863248040338112,0.11013968779835369,0.11662051589391771,0.1420200725897566,0.11994906473323436,0.2050750073741139,0.10982663862258057,0.14760353199329823,0.24538319109582296,0.21540830600427904,0.0666107381371641,0.20016411873110784,0.29008521874449367,0.10200927698064584,0.12883883119873887,0.1688687876789988,0.22813555611541983,0.11489457845240059,0.22831808235802087,0.15971445250705726,0.13851469887647544,-0.10314190623438695,0.23216341024914317,0.22632274613332426,0.08025900226285232,0.13423341033472008,0.08072973801615821,0.28206885888494887,-0.03666905486663366,0.188430934068314,0.23186660872861567,0.11322976457643358,0.20923758264088846,0.09086038770194493,0.1358692796898048,0.12686663499230824,0.22380282443647256,0.10463583798077003,0.03978159314062046,0.029755415062801674,0.12339028721691259,0.07718080929366138,0.2738967184460433,0.1975462185114925,-0.1479974078179301,-0.36006894526758215,0.24830264385004774,0.04809991379999184,-0.14285026374381854,0.0664640275699396,-0.20405519617439613,0.3002991626335768,-0.10829516963314537,-0.17151265731596518
0.08670582698104055,0.17708594614469142,0.44798773780812223,0.33698281032596034,0.19886821886765535,0.7440105103875412,0.12540163338249655,0.4336307516067107,0.2732254219157564,0.16518894958152214,0.32601076745862584,0.26812646727481515,0.18825690638935696,0.19361954882794022,0.2646640808961944,0.2292548241071272,0.3112762017928796,0.25561107782798687,0.3737651063665555,0.30561015316269485,0.29178076303458017,0.27972715325769265,0.17739720049990773,0.2117393343364816,0.27701956172939796,0.2535194315126437,0.29356810974063735,0.14003845560080755,0.36985814651138865,-0.04092723449582138,0.23250256903398525,0.201492476349662,0.07328150650004,0.24203673727676872,0.2474171101326739,0.17862361030340068,0.36570641976847784,0.3360991810414708,0.2998950547505489,0.1752108803043028,0.23994409957869356,0.2801549938132449,0.2953335474689508,0.13504074925819395,0.2236103793690378,0.42963694559327137,0.5264976523848637,0.1422851794739933,0.19362986096314413,0.09156050504285511,-0.19224345610507626,0.023224629556195257,-0.05651903696354171,0.1374342012855442,-0.056275240555138606,0.05904917234371838,-0.04484294841566035,0.28991134744534425,-0.36801201128909716,0.2935330613085256
0.29037751733768824,0.35498066459878186,0.30753366963859197,0.34617661401385474,0.1863248040338112,0.12540163338249655,0.5894089688774297,0.08890584804723127,0.24318860315390303,0.17231401918192732,0.1786247569062732,0.31296400430251964,0.1235995085627653,0.030943989261517847,0.17010813735943192,0.17138960149478324,0.161935861061918,0.26387971495355117,0.13287419619353968,0.10692308379040565,0.20015279461658927,0.23704659337858433,0.19480020495232547,0.11899005316997283,0.19406584314613595,0.13759532654961082,0.21100627147141712,0.0569881732153874,0.20489669211321715,0.03178128296405944,0.1841241630711024,0.17051332031042854,0.15019624708499435,0.20204024743003202,0.08925578538194755,0.24073492213434936,0.1827670305922266,0.2566861279816094,0.11485730811148405,0.08638328988725147,0.10503235534447926,0.19814885001192978,0.20407588668332885,0.05779608095465692,0.13937154832841042,0.3080666663005349,0.017037361510216988,0.056886939264208465,0.053354959257007076,-0.10307434644974942,0.009132410203649239,0.05795531754049094,0.11987513079375413,-0.07883050004763875,-0.02073011909466491,0.059713683511368805,-0.04260976609551024,0.2330711267411626,-0.29177932262629724,0.072460058801548
0.04102740221561329,0.24396634282586005,0.3664768978555126,0.28915656455413274,0.11013968779835369,0.4336307516067107,0.08890584804723127,0.8898205026034716,0.1531485469523477,0.28509765728359865,0.31715774448017986,0.16977284513025506,0.2310491289299496,0.15127527617207795,0.2029613283588235,0.19979520344315937,0.31856090371267676,0.28705124258167447,0.2738165309664778,0.27993818606854376,0.2567575709876564,0.21384704638905147,0.17980937916906448,0.12936598142815153,0.2913538686039297,0.21212864032518444,0.3179049829972413,0.1315581626022329,0.2356375557633145,-0.07231151671145201,0.17282334050448603,0.1690282050703574,0.11285464564246983,0.263933129654704,0.38772975173433066,0.09785418384781422,0.35552838425841654,0.30963655374252597,0.3375848929564953,0.21744190919340542,0.24286370114999295,0.2610105828089923,0.29465845737631025,0.11410719449907393,0.1901562559443166,0.47320281051402735,0.5767137805856805,0.1796891684385437,0.17806441008144036,-0.13420639922650002,-0.033383924171678576,0.2194790359552812,0.0027917712031757533,0.004367081851527683,-0.02926024884436324,-0.008612063394806078,0.027494643325396795,0.4695457388441866,-0.5780860262847539,0.27460718488779795
0.11029832840267831,0.30425714990208497,0.43012372093321155,0.2538447069420532,0.11662051589391771,0.2732254219157564,0.24318860315390303,0.1531485469523477,0.7625591623228719,0.20239554509985808,0.1762435999548557,0.22070514820949375,0.14473873828363285,0.11338589991750134,0.12405775466666605,0.15017375143512712,0.19054537086190457,0.31445263946836954,0.1458644951285665,0.0874996956366913,0.2306968806672052,0.39777607459463427,0.19953838690455727,0.16040826916025877,0.1838012234200735,0.20452243769301728,0.25018284835354476,0.10706883670929407,0.25379167981806344,-0.005964571233039799,0.3049662558251102,0.1688430414221518,0.17698010216719867,0.0801437519937398,0.17290875119050206,0.2857779362897031,0.18722465078644193,0.2934048403198886,0.09358019399841631,0.08064450660532985,0.14739727976005831,0.22751749229661983,0.2550205022017627,0.062281133057322996,0.1755748601298943,0.3439956681727761,0.15485869056679918,-0.04992114894696654,0.011823215302347248,-0.0004943426936004029,-0.06504308275457449,-0.009684378461652028,0.06994742429555928,0.018822887694408205,0.09192324328389712,0.25148761917928114,-0.04355877591396571,0.08830795024996212,-0.41954568503233575,0.17875363532355984
0.14778321485742785,0.3366177621306803,0.36842725880443145,0.22464260832996297,0.1420200725897566,0.16518894958152214,0.17231401918192732,0.28509765728359865,0.20239554509985808,0.7786478757922444,0.19616822197474623,0.19759548778737135,0.14879529825264753,0.09793811734353812,0.2629690159001381,0.16992700819557593,0.2006314577643868,0.3307380734538614,0.12562482535893643,0.12954334396654532,0.19930827590430847,0.21439923529513996,0.2882271023508223,0.06075858871740032,0.26935831797686355,0.13673314844661985,0.31138736919438653,0.008549585912379164,0.3223267737118715,0.01959039784960476,0.11961799322587471,0.1867095780456909,0.10753558789897075,0.3354718387065813,0.22787628058111165,0.25911603837379177,0.2663599199172113,0.19774324552021136,0.22247101331427624,0.13455046507805654,0.23477708991846885,0.22126017464683984,0.09506838459546403,0.11041867892417129,0.04954390178550684,0.4290390460522137,0.29505713353208285,0.11232635169420015,0.07818695183941311,-0.10919162352073551,0.0349020106696785,-0.1361266847585143,0.1993022172579365,0.03171193145301447,-0.1978645445053679,-0.007422212720468851,0.12040417976865282,0.0005633347331238189,-0.016332883466056766,0.1606203264031362
0.12951852264517696,0.2414654385261275,0.3800367956449665,0.26132693269696095,0.11994906473323436,0.32601076745862584,0.1786247569062732,0.31715774448017986,0.1762435999548557,0.19616822197474623,0.5776131470298128,0.24355657998359626,0.17478934180564398,0.18464259521218648,0.25066650755422487,0.21514541690538241,0.3432831148180583,0.2035596403259187,0.17788718129026163,0.3232554475190899,0.2803958846979038,0.20398603985623126,0.17402707751485297,0.1806847991752848,0.25137504329762933,0.20218708474220462,0.3029556949734619,0.1334311306319574,0.30899377571010805,-0.04867482317325916,0.1869940883031813,0.17943491952007318,0.13100722884698898,0.23206801091836407,0.30445326284901125,0.2057569037437395,0.33530595914923983,0.3154551294687316,0.22285540009314844,0.19584722402606528,0.2732990993288186,0.2903611555125709,0.22833354879847928,0.1203294622975574,0.18827880480228645,0.4395744963732109,0.3357185182660532,0.17271361123556572,0.026798284604183487,-0.07791509310100084,-0.07036994916660635,-0.04410507485758277,0.1623690213064283,0.06030809222579161,-0.11583351763128749,-0.0027729600485322343,-0.054881840171378496,0.23066180586974538,-0.20149907518606358,0.18412209188111547
0.19031415721028586,0.2661127312710107,0.3096793861421247,0.35497891104299817,0.2050750073741139,0.26812646727481515,0.31296400430251964,0.16977284513025506,0.22070514820949375,0.19759548778737135,0.24355657998359626,0.6040321477605836,0.12989255082671453,0.1622699875640766,0.2723963464270668,0.22375318656758,0.23610597336212072,0.203668973847919,0.17075762295017058,0.20174114720958738,0.2133322600802894,0.2226496579605388,0.21629620638497127,0.14957317546743307,0.2951199456324677,0.1580378558796094,0.2909479642109588,-0.009188920827929025,0.2812819477282402,0.0426808167053062,0.1192715080741996,0.21395339607197206,0.12395535747304455,0.2331678194093488,0.24123164461611363,0.18492261172643343,0.2308878935620952,0.2679430238457531,0.18961221870134362,0.14196393720443648,0.18092295029547184,0.221102330452426,0.23187703862753065,0.0865532014503484,0.1219224056388845,0.3840772520227245,0.24425537500562938,0.15625782642591782,0.28490702723500144,-0.1303732398063467,-0.052148678282182837,-0.09568631723046535,0.1937399585382859,0.050894026287134145,-0.05392506598503668,0.03696831284666509,-0.09441452668734883,0.31670175995156413,-0.4423593259161584,0.12132922253553095
0.050011776210698404,0.16293827760583215,0.23966905044068929,0.1988485641661492,0.10982663862258057,0.18825690638935696,0.1235995085627653,0.2310491289299496,0.14473873828363285,0.14879529825264753,0.17478934180564398,0.12989255082671453,0.3449062422306955,0.11045905368171308,0.054291009225772326,0.15662961332696046,0.1516481419903604,0.13752634498920477,0.12364851603978538,0.1324260069539414,0.1406403224228736,0.18025041726407923,0.12386323199354214,0.0853806306178399,0.14079256102413717,0.1290920220701906,0.12661969949413615,0.06632399922936036,0.27205747585090445,-0.08115708194488075,0.0716831260138679,0.1438294861205491,0.08454301887123308,0.1760468267478334,0.18181506605065426,0.11878361475922988,0.16376685966283752,0.1491452067593725,0.19069243890732587,0.10059136660596363,0.12322474756540273,0.14391711378543312,0.11585642071428158,0.089081669194993,-0.0007125978681558803,0.2252589596615668,0.16272141852976074,0.04487077026443831,0.10695521062424686,0.09038164605322031,-0.039947271317705924,0.003204504091906831,-0.022512342301876456,-0.02347988716786113,-0.05504506154412462,-0.02241115485763962,-0.05825545617841935,-0.019349170109343297,0.0918321899812042,0.06725791393443081
0.22188420849772833,-0.08961214109655946,0.09937554254854294,0.40486423271783833,0.14760353199329823,0.19361954882794022,0.030943989261517847,0.15127527617207795,0.11338589991750134,0.09793811734353812,0.18464259521218648,0.1622699875640766,0.11045905368171308,0.6832428275041149,0.19211750653003518,0.3108478477148142,0.18836899197046503,0.1134752696340857,0.13233618735731817,0.19272261682947006,0.18538295924970583,0.17073486128110302,0.2008080648419521,0.21969750113068187,0.1662885987677796,0.09182267914386504,0.025107036776980382,0.021710802888075312,0.3118149620914857,0.11273169309056733,0.11984433207745172,0.0846636001212779,0.07003971054027178,0.11110941487797793,0.17225149501694093,0.08002901830661635,0.28032085121215683,0.23681451544001647,0.0926841898432715,0.16213652044231533,0.26214873165668984,0.19107926580802567,0.3495863557162237,0.12016224626861557,0.09355451616827543,0.1411794726791661,0.286276287405459,0.1668824055540827,0.4195435832962855,0.02781791356555441,-0.05532621155802241,-0.08832344869473553,-0.04231151314051333,0.13404704591217623,-0.19527302904754656,-0.06809605119246681,-0.27863903217212727,0.5752082883507186,-0.10936904119218203,0.07194007371241562
0.12727470980716782,0.4275750326253957,0.32343586050302847,0.2902425021432095,0.24538319109582296,0.2646640808961944,0.17010813735943192,0.2029613283588235,0.12405775466666605,0.2629690159001381,0.25066650755422487,0.2723963464270668,0.054291009225772326,0.19211750653003518,1.1435598976147896,0.18606066382446243,0.19199151972426468,0.43596657630734803,0.19338206021879498,0.2951121094326157,0.3325341670730934,0.16528273859043924,0.5421700724999744,0.32282648869110897,0.46905216089081536,0.233240689798377,0.3045472368227888,-0.06254498873589497,0.39945766532006577,0.21923616312102742,0.22190758993053256,0.11703668114736147,0.13025204503852558,0.39899035441042463,0.25534330289856233,0.33327563727681825,0.526455247606423,0.26675305854935416,0.31280646531201045,0.21840928487497321,0.3824465426213397,0.34937362432748187,0.27526182711005215,0.16478064135187123,0.20869300477648603,0.45402154437490555,0.3161950225476769,0.28180234798051834,0.15619733944126904,-0.05625088270799923,-0.058744400065204164,-0.07023649349890786,0.05927813022903111,0.12467639112758234,-0.24077143401706658,0.1408671139328234,-0.251073596499995,0.41875908219642904,-0.12055910463264935,0.12654188008227693
0.1404843090701486,0.04004523733876262,0.18475354764456695,0.3705035229305074,0.21540830600427904,0.2292548241071272,0.17138960149478324,0.19979520344315937,0.15017375143512712,0.16992700819557593,0.21514541690538241,0.22375318656758,0.15662961332696046,0.3108478477148142,0.18606066382446243,0.8315261092262106,0.25587667919772783,0.17573692492718035,0.19836220980124503,0.18541540979090024,0.24545232448648713,0.4068922445854587,0.3157171826950448,0.2732735128434009,0.30186202116190014,0.09484796673449734,0.19380983944334607,0.08389685837465068,0.3961333931139251,-0.021486601663262734,0.11833891598605054,0.23302736144162603,0.09685923588501112,0.25649447965812533,0.43560331311581235,0.19073726808968142,0.247831394013165,0.33736183482572385,0.27927754879354955,0.2918598307317411,0.26054599671940515,0.26591474686215066,0.4606701232397105,0.19967767972184944,0.15300176886806047,0.1756601390357877,0.2534733080180668,0.020987161070006942,0.3267484429878219,-0.2391179097440262,-0.09346396797918269,0.036142937922400344,0.16676975910069483,0.02452561506068361,-0.19964128511901502,-0.017613992071345088,-0.24418714421052087,0.44698204488342264,-0.06241142582524936,0.06251187533755538
0.11318881255748729,0.2285481536586362,0.4052313206126691,0.23657143046416995,0.0666107381371641,0.3112762017928796,0.161935861061918,0.31856090371267676,0.19054537086190457,0.2006314577643868,0.3432831148180583,0.23610597336212072,0.1516481419903604,0.18836899197046503,0.19199151972426468,0.25587667919772783,1.0141935458663995,0.049686616182630136,0.2375866529193237,0.428456763818068,0.3698052314799888,0.23305713290953917,0.06848726156242729,0.3381005483153119,0.2166340383579986,-0.0358674752139185,0.43554845677248993,0.6612012197107807,0.28793945186732667,-0.12244658440907225,0.340873521612991,0.15516989810344026,0.3044441705029573,0.16115101574493645,0.3837246866703092,0.30571131926016737,0.5991732824838332,0.4670494240981249,0.1483824281071777,0.2752673999958876,0.5236375248270635,0.42180985812732336,0.3057865859257889,0.2351747703105933,0.31108248656913867,0.39641603056252506,0.43534588212589737,0.30083336709943825,0.10514960287953849,0.04284150310297204,0.04114155481751672,0.22990014520127217,-0.1556610160793313,-0.028530494712630926,-0.4636709701082293,0.0024969956894546823,-0.07479889843550495,0.29213372613761945,-0.12855715310551316,0.1274219990128581
0.14107080144445416,0.508496500327241,0.3287747446979233,0.3181468181898959,0.20016411873110784,0.25561107782798687,0.26387971495355117,0.28705124258167447,0.31445263946836954,0.3307380734538614,0.2035596403259187,0.203668973847919,0.13752634498920477,0.1134752696340857,0.43596657630734803,0.17573692492718035,0.049686616182630136,0.9812749894741849,0.18968457891393833,0.0766028958911449,0.3265580108406292,0.2907094772915898,0.680395726029894,0.18593787494951303,0.34484210203937543,0.4638379370930221,0.03844701760641866,-0.2904800842762655,0.3940186122476394,0.06106460945101174,0.3766937288416425,0.17280376363450986,0.08483629413229009,0.39409056129543385,0.2141440674272543,0.35984360859656583,0.35967043948340294,0.2795064171851093,0.32407912131296146,0.2333201926571632,0.1912294396424578,0.3244687750709722,0.34094346507010975,0.07410817905812922,0.27207983788547274,0.46484344785979415,0.29160625024722175,0.09991172673115432,0.001299359131280459,0.24061326935277277,0.056255642849611334,-0.14606786263547838,-0.10901625807518783,-0.01301300595918854,-0.0641696886096321,0.16161084374337806,-0.07385077042725893,0.38802938143210935,-0.46570104889899405,0.09884883308180271
0.09711920991203786,0.16571067231954556,0.21059939349356321,0.24168138985553142,0.29008521874449367,0.3737651063665555,0.13287419619353968,0.2738165309664778,0.1458644951285665,0.12562482535893643,0.17788718129026163,0.17075762295017058,0.12364851603978538,0.13233618735731817,0.19338206021879498,0.19836220980124503,0.2375866529193237,0.18968457891393833,0.6390978294723952,0.10150660834746965,0.21441314341827802,0.20725792631539258,0.04540898968579088,0.19015841891879323,0.16233435409674693,0.055147911114569494,0.13817288112158493,0.3269884936386423,0.09937558719584076,0.02961264546992563,0.27614304682093416,0.13750653664445778,0.10586027431847937,0.15991895701181463,0.08423969933754406,0.19007573095992938,0.23748198654549982,0.30272083516202625,0.1931523959059983,0.12342933430067023,0.21046880004091084,0.18962301577719295,0.2823431962392271,0.09815830153260029,0.21951819737634368,0.190150330985749,0.18619512848204536,0.09605354647217107,0.03425457938964383,-0.21024273927268092,0.16349706106012446,0.6097120238290193,-0.38912584264044975,-0.06101188357013907,-0.02604257768873172,0.06964978006092201,-0.046786989465891445,0.21382683722859522,-0.17696289614328267,0.12382928133119378
0.03738164002343644,0.18094299146817922,0.3004618514745518,0.24762611450012526,0.10200927698064584,0.30561015316269485,0.10692308379040565,0.27993818606854376,0.0874996956366913,0.12954334396654532,0.3232554475190899,0.20174114720958738,0.1324260069539414,0.19272261682947006,0.2951121094326157,0.18541540979090024,0.428456763818068,0.0766028958911449,0.10150660834746965,1.1731689443930742,0.2014741743206655,0.10508671149464956,0.184244399006903,0.3708687260685485,0.27180456829000865,0.40214341719262797,0.4424094754831567,0.14431189342275827,0.39828771220562587,0.03503539067274769,0.2195919422159032,0.2395271454030471,0.13569345553510812,0.3834594763009533,0.16943328129459267,0.1353973705805915,0.5572239348912128,0.3361738682140893,0.5362441467617131,0.276551088325461,0.3551180412961108,0.24493200131848739,0.20850973640698173,0.18318683650650716,0.1486094374863892,0.3435597167905546,0.195101587497955,0.43334490882106663,0.8538706609263518,-0.009605772154140664,-0.1915751582192109,-0.06511752493316804,0.22339189144196522,0.010257696205833328,-0.2558989002920882,-0.003975368952791625,-0.09979614208640183,0.18134545764652088,-0.040612332416167476,0.03558738814318808
0.14964847886401902,0.37444976099149613,0.3615144483201396,0.25947079671218404,0.12883883119873887,0.29178076303458017,0.20015279461658927,0.2567575709876564,0.2306968806672052,0.19930827590430847,0.2803958846979038,0.2133322600802894,0.1406403224228736,0.18538295924970583,0.3325341670730934,0.24545232448648713,0.3698052314799888,0.3265580108406292,0.21441314341827802,0.2014741743206655,0.6472646501558744,0.25945294043319694,0.27084572287926284,0.26752116889300454,0.2739576143294037,0.16753095298385687,0.2557507845721418,0.1956048148525479,0.2631764681300552,0.10781404852784873,0.36134211633710356,0.18590238939217324,0.24460609506594092,0.22387732756056855,0.5272035810284943,0.3755939982361302,0.5517739676756728,0.5213417385981551,0.13488404651326918,0.35486813234460446,0.4968898145625935,0.6087689697162996,0.43768033146930235,0.16333104980919325,0.553132326535638,0.5180832471009446,0.4668801388196468,0.2978822244106265,-0.11110411396279857,-0.09201804802238338,0.028747501985928185,-0.05599192475523209,0.06479578571101485,0.13357078237402867,-0.055678296139894015,-0.026357731209894094,-0.05461932639176179,0.2553340669783341,-0.07311257717825027,0.337332928709501
0.13099238607970304,0.21707645716167479,0.3596198446890549,0.3175398655194237,0.1688687876789988,0.27972715325769265,0.23704659337858433,0.21384704638905147,0.39777607459463427,0.21439923529513996,0.20398603985623126,0.2226496579605388,0.18025041726407923,0.17073486128110302,0.16528273859043924,0.4068922445854587,0.23305713290953917,0.2907094772915898,0.20725792631539258,0.10508671149464956,0.25945294043319694,0.7937608565734452,0.30500519345365074,0.18692018346939723,0.2513738949290373,0.18029068585074118,0.21821310221089385,0.1073400860920072,0.4383522059940817,-0.02985936026792812,0.2036090392340294,0.2780487384857767,0.19411326915771823,0.2499702440712105,0.24786126193850933,0.33312228984492653,0.1982519172745859,0.4057675403402362,0.24316148682135025,0.17544855225218844,0.17385349205313327,0.2666791246461222,0.46725000716010656,0.15099335767645797,0.17441606965610942,0.2622984207586711,0.20322667102335404,-0.2810794874330214,0.24982187006481918,-0.064701401331067,-0.08790569105706088,0.057363208301783784,0.061434459261771886,-0.05340903910666233,-0.04330908419896754,0.09343168300253532,-0.13785552953851749,0.2696720650092149,-0.22878031265478382,0.09781615803312013
0.07589635512177288,-0.1365665473933916,0.2434958066995818,0.3463245484567463,0.22813555611541983,0.17739720049990773,0.19480020495232547,0.17980937916906448,0.19953838690455727,0.2882271023508223,0.17402707751485297,0.21629620638497127,0.12386323199354214,0.2008080648419521,0.5421700724999744,0.3157171826950448,0.06848726156242729,0.680395726029894,0.04540898968579088,0.184244399006903,0.27084572287926284,0.30500519345365074,1.5595280958637572,0.595614117014844,0.6115914836940655,0.1915520968957038,0.051497378521228744,-0.7504998209177084,0.6990543966374418,0.37707017144125043,-0.06179876408435248,0.10897778977165834,0.055447278264501215,0.5682441508066256,0.21626784134248503,0.4545228980279689,0.4579551769975331,0.16874198844388597,0.6324791963117812,0.31974568098643436,0.29441647247848296,0.3047866995129403,0.19897820309523573,0.2790008075906919,-0.09350859379187573,0.5826724151777356,0.41679675405900446,0.2310471160545452,0.4002101370229373,0.19153387591442847,-0.10905067594072333,-0.5870401282046308,0.3662798132201773,0.07049103352776304,-0.4169655247913442,-0.015043934775911988,-0.2549799309490881,0.3289757262973535,0.025903961543726567,0.007633765259268336
0.10182444981747506,-0.3164693646424822,0.22816153344515455,0.2437367887211025,0.11489457845240059,0.2117393343364816,0.11899005316997283,0.12936598142815153,0.16040826916025877,0.06075858871740032,0.1806847991752848,0.14957317546743307,0.0853806306178399,0.21969750113068187,0.32282648869110897,0.2732735128434009,0.3381005483153119,0.18593787494951303,0.19015841891879323,0.3708687260685485,0.26752116889300454,0.18692018346939723,0.595614117014844,1.4770627937090735,0.4258902958705063,-0.17164368577131756,0.07829015418101257,0.4140839468206829,0.20380511662313927,0.6337700468893183,0.774226157722714,0.077174471618704,0.20298747717169643,0.07140686581739146,0.12522145603456625,0.5001899459065307,0.36866538829317025,0.43730419402146464,0.13330435004306615,0.13888168960496683,0.5652031246817755,0.28297594858054,0.14559730782984198,0.2563301157881245,0.0005081072110341257,0.4166824930610467,0.3053492487949985,0.3271234325752068,0.1934203053053702,-0.31304970363180956,-0.08458461180345678,0.21987938659322873,0.10659947777025011,0.05892606563359614,-0.06739783234241942,0.01761731012035006,-0.06261113344073378,0.044098971646086504,0.08055566889810865,0.18049241870584412
0.09630371609978579,0.19138003345894922,0.26786943572414945,0.29429820473616114,0.22831808235802087,0.27701956172939796,0.19406584314613595,0.2913538686039297,0.1838012234200735,0.26935831797686355,0.25137504329762933,0.2951199456324677,0.14079256102413717,0.1662885987677796,0.46905216089081536,0.30186202116190014,0.2166340383579986,0.34484210203937543,0.16233435409674693,0.27180456829000865,0.2739576143294037,0.2513738949290373,0.6115914836940655,0.4258902958705063,1.0313500483066897,0.2180610112387662,0.3587872601885368,-0.2764359429201582,0.45976681233942046,0.3069543806231426,0.09508790920977304,0.19396377479312354,0.10253860418995886,0.5570466330490214,0.4138834950861636,0.2788237512624103,0.4571631568324924,0.2891160413133191,0.46282077212835426,0.2254589103975229,0.24833668052848973,0.30916678862773544,0.2662750563079731,0.172845522064964,0.17378704896386923,0.5601255369505544,0.45344734951705673,0.1864424676444081,0.17206193383396043,-0.24830206088339474,-0.11267677107342668,-0.27458525252195837,0.4310660978322983,0.08899621173844699,-0.1366265687935685,0.09258150625334513,-0.09041703176003457,0.25077184835411576,-0.34490279417694536,0.142117251898412
-0.0309565429084349,0.14265975063807224,0.186431000703592,0.24934847511993583,0.15971445250705726,0.2535194315126437,0.13759532654961082,0.21212864032518444,0.20452243769301728,0.13673314844661985,0.20218708474220462,0.1580378558796094,0.1290920220701906,0.09182267914386504,0.233240689798377,0.09484796673449734,-0.0358674752139185,0.4638379370930221,0.055147911114569494,0.40214341719262797,0.16753095298385687,0.18029068585074118,0.1915520968957038,-0.17164368577131756,0.2180610112387662,2.1364137913725187,0.2538104653264954,-0.5079988316596712,-0.2209861383828007,-0.25909660836343873,0.09756955255971973,0.407503722786449,0.1291580662311204,0.5965867933161616,0.34124143793569395,-0.012085651208765483,-0.03873734818884295,0.199848725094282,0.35932967545833755,0.21500439420365802,-0.5273485975953972,0.1800095186567865,0.4689322863757988,-0.09388222163475897,0.5548933094234496,-0.0851573508110108,-0.21842120054755634,0.011470439546011424,0.41673071411196644,0.7448443604401758,-0.3281144590112624,-0.39614006111046746,-0.0020354622698193856,-0.12748829726910058,0.1875743512306313,0.07954471310224182,-0.14522337897055668,0.11747303138252949,-0.43484143557522775,-0.016284001907113124
0.1691264934387558,0.771738436886654,0.2604045399445491,0.14153911717181591,0.13851469887647544,0.29356810974063735,0.21100627147141712,0.3179049829972413,0.25018284835354476,0.31138736919438653,0.3029556949734619,0.2909479642109588,0.12661969949413615,0.025107036776980382,0.3045472368227888,0.19380983944334607,0.43554845677248993,0.03844701760641866,0.13817288112158493,0.4424094754831567,0.2557507845721418,0.21821310221089385,0.051497378521228744,0.07829015418101257,0.3587872601885368,0.2538104653264954,1.4243333830712708,0.30688140457225804,0.12956831174228767,0.1126778385231204,0.12402672362382441,0.23436542610528405,0.2942838096179895,0.06626677016498603,0.4637176259134065,0.12945389050591355,0.4076797902606355,0.33909695326029504,0.24077967452443408,0.27209973243428237,0.42311508534512,0.30491641410267556,0.34303485206440193,0.19804749424935003,0.18599290344305208,0.662204450620325,0.3151370249967091,0.3909526825271024,0.5331679294551491,-0.26189259436006007,-0.09797961665902989,-0.09387255128599505,0.2970494831062517,0.22140457334255145,0.015777831266414393,0.0966805595296312,0.13921912090408328,0.42282527550725874,-0.7977202609170096,0.2832492095313995
0.02549972449043546,0.330132708590138,0.27169751945872744,0.03048368287001002,-0.10314190623438695,0.14003845560080755,0.0569881732153874,0.1315581626022329,0.10706883670929407,0.008549585912379164,0.1334311306319574,-0.009188920827929025,0.06632399922936036,0.021710802888075312,-0.06254498873589497,0.08389685837465068,0.6612012197107807,-0.2904800842762655,0.3269884936386423,0.14431189342275827,0.1956048148525479,0.1073400860920072,-0.7504998209177084,0.4140839468206829,-0.2764359429201582,-0.5079988316596712,0.30688140457225804,2.996825695427558,-0.29427300642127874,-0.24764819546621983,0.7660983803386393,0.07383586488474551,0.46622057003007494,-0.1899193371161174,-0.030494409193464793,0.6693998095844704,0.24182756973653094,0.3854557565798695,-0.32410232420273394,-0.013622114723737047,0.7141951143375883,0.19233392715907396,0.3533140783272427,0.44950594840890545,0.22411733071613174,-0.48887657538006085,-0.22037872591229488,0.20492589293133764,-0.265095983338091,-0.6763069800316232,0.21705272494338151,1.676053828739161,-1.0048781418143193,-0.15628982937624927,-0.030645873161643414,0.09827535628303993,0.16045529071976286,-0.18774422851859152,1.0474120542734784,0.14720216269259762
0.17338215999922332,0.4928768305197671,0.5719819812963999,0.3721198454989255,0.23216341024914317,0.36985814651138865,0.20489669211321715,0.2356375557633145,0.25379167981806344,0.3223267737118715,0.30899377571010805,0.2812819477282402,0.27205747585090445,0.3118149620914857,0.39945766532006577,0.3961333931139251,0.28793945186732667,0.3940186122476394,0.09937558719584076,0.39828771220562587,0.2631764681300552,0.4383522059940817,0.6990543966374418,0.20380511662313927,0.45976681233942046,-0.2209861383828007,0.12956831174228767,-0.29427300642127874,3.1410949928690326,-0.5645503496236302,-0.1662276873301889,0.2664028484395046,-0.1053595052167498,0.4204835876019317,0.12291368692939544,0.58160066983012,0.07274076589854454,-0.20707837422287903,0.5744221214283155,0.2724681392703298,0.5482522819759401,0.2621717213294939,-0.34603800410320584,0.029055357914739375,-0.2996849045401349,0.626300584522393,0.1854951205607375,-0.07881989507929758,0.6075598390280944,0.8466898834519273,-0.28678811169678353,-0.5282015294684652,-0.2722309660697958,0.18836273980755072,-0.8234790244760016,0.03189592146781663,-0.28788912093135977,0.2059914081251397,0.5455432970195309,-0.21546289272199123
0.1156489484087039,-0.17653984445380524,-0.5072226686662569,0.09131888352929841,0.22632274613332426,-0.04092723449582138,0.03178128296405944,-0.07231151671145201,-0.005964571233039799,0.01959039784960476,-0.04867482317325916,0.0426808167053062,-0.08115708194488075,0.11273169309056733,0.21923616312102742,-0.021486601663262734,-0.12244658440907225,0.06106460945101174,0.02961264546992563,0.03503539067274769,0.10781404852784873,-0.02985936026792812,0.37707017144125043,0.6337700468893183,0.3069543806231426,-0.25909660836343873,0.1126778385231204,-0.24764819546621983,-0.5645503496236302,3.1293056974248232,0.3166743392799537,-0.01999063059751897,0.21892519975482178,-0.17188268887223643,-0.28976509769656594,0.30628583160660333,0.6415164508399496,0.49809725077658934,-0.32105242409869,-0.19324381901081059,0.4087945415986169,0.0801054908867771,0.6557475647031695,0.05962160839174183,0.2856363971064099,0.6967333852676725,0.6707476600843881,0.4655994873788205,0.02371097387430643,-0.1557365957943263,-0.0949142014055961,-0.5669915976543141,0.43025913680553,0.39274406668007195,0.6102270524376957,-0.20789246307806905,-0.05648237298317206,0.5829948527888154,-0.9263848131664703,0.2054474388158119
0.1582349445828235,0.22610356406733423,0.2930903924654602,0.18909829698100608,0.08025900226285232,0.23250256903398525,0.1841241630711024,0.17282334050448603,0.3049662558251102,0.11961799322587471,0.1869940883031813,0.1192715080741996,0.0716831260138679,0.11984433207745172,0.22190758993053256,0.11833891598605054,0.340873521612991,0.3766937288416425,0.27614304682093416,0.2195919422159032,0.36134211633710356,0.2036090392340294,-0.06179876408435248,0.774226157722714,0.09508790920977304,0.09756955255971973,0.12402672362382441,0.7660983803386393,-0.1662276873301889,0.3166743392799537,1.623296827956624,0.1400694354115457,0.2948637862199978,-0.038493188062242646,0.12199024851964937,0.5251982363876014,0.2895027834215657,0.6388208722706165,-0.20665946304205532,0.06175283929318353,0.4687019008794914,0.3537254972107743,0.29334687662826314,0.11355631347901628,0.3818605753717605,0.2969310088904715,0.15489846306420105,0.20693313818071932,-0.40291274091610846,-0.04791831549808067,-0.010398809158064376,0.6526330087577706,-0.4232769840126906,-0.01274539918309556,0.20636962658803407,0.2342532231135726,0.1285410451031865,0.04272726541715198,-0.36047488114532156,0.22667787614883395
0.11714791383942509,0.19704076712133717,0.23282857732860957,0.16000773145607625,0.13423341033472008,0.201492476349662,0.17051332031042854,0.1690282050703574,0.1688430414221518,0.1867095780456909,0.17943491952007318,0.21395339607197206,0.1438294861205491,0.0846636001212779,0.11703668114736147,0.23302736144162603,0.15516989810344026,0.17280376363450986,0.13750653664445778,0.2395271454030471,0.18590238939217324,0.2780487384857767,0.10897778977165834,0.077174471618704,0.19396377479312354,0.407503722786449,0.23436542610528405,0.07383586488474551,0.2664028484395046,-0.01999063059751897,0.1400694354115457,0.7997267656617866,0.15683286150015407,0.3121824687779581,0.2322509803107875,0.24732972960572255,0.00019956795111043007,0.3685480627749837,0.23827085888048727,0.17024873204968805,0.07898514914183155,0.18789607724687477,0.16593037648677075,0.08366631010826722,0.170227130000526,0.26907276021724086,0.12712742851739794,0.06346616255350669,0.195554743810342,-0.017448119526493833,-0.03385598386744084,-0.10223623643232696,0.15847760194448066,0.006435137977146244,-0.07715217420918462,-0.06563338332179616,0.360786834871908,-0.1541360477380652,-0.12364372224067365,0.1213578461105175
0.11192892706630213,0.29105239925795673,0.18064772211665317,0.15440248413179775,0.08072973801615821,0.07328150650004,0.15019624708499435,0.11285464564246983,0.17698010216719867,0.10753558789897075,0.13100722884698898,0.12395535747304455,0.08454301887123308,0.07003971054027178,0.13025204503852558,0.09685923588501112,0.3044441705029573,0.08483629413229009,0.10586027431847937,0.13569345553510812,0.24460609506594092,0.19411326915771823,0.055447278264501215,0.20298747717169643,0.10253860418995886,0.1291580662311204,0.2942838096179895,0.46622057003007494,-0.1053595052167498,0.21892519975482178,0.2948637862199978,0.15683286150015407,1.6019504024744933,-0.03835953885588581,0.04053636653720012,0.15579165183643726,0.7778775223600801,0.361862974932319,-0.20177742156091594,0.026630947326193973,0.006774673696149033,0.2862328141845912,0.2721216360827908,0.16342745350459636,0.19756011436610196,0.05074198736395507,0.39987947623675973,0.32852450027892155,-0.059087901246785264,0.2565995103865892,-0.16617544906185536,0.12185293792021376,-0.05092657598711465,-0.21622888416531477,-0.03861697095023275,-0.06998007720207353,-0.07661341077076841,0.21856776901873984,0.03751195528141498,-0.03278791012278064
