1.673184702016765,0.45693388609552227,0.22145947218133383,0.19815186784015779,0.4072284863130419,0.1595452764121314,0.3437331986676861,0.2312230278266826,0.3369517116279776,0.24084637853324461,0.2629127097568015,0.2839305656241075,0.20259077532854836,0.21052147581622907,0.11064800639165501,0.026014977200948954,0.23332408890133224,0.2191384691233718,0.2242647852646021,0.04412267984041055,0.08159513081352937,0.36406937779523785,0.041961542888652746,0.02463869127501424,0.13301593316713883,-0.04677611494977007,0.18961295073645826,0.10840591115935135,0.03184469590530496,0.02287807734475015,-0.0183620039089345,-0.005616923908468388,0.017951246961132077,0.15255704724957475,-0.02396695247577211,-0.011855264361717043,0.011851965981621058,0.08891584079613747,-0.052757694197021705,0.053270116318593526,-0.024321168015593468,0.2156495864124768,-0.01818520248576394,-0.01969079422258178,0.12416199524308753,-0.04125520057291556,0.00730734693582178,-0.2566913459330777,-0.07828274039990246,-0.23673428136330554,-0.06387507229312721,0.26737736195071565,-0.02557937416601891,-0.112368332629522,-0.11925044255261877,-0.028701308316001845,0.13333146667188273,0.03530646598010053,-0.03988656994246611
0.45693388609552227,1.0832806853875545,0.34129036116096606,0.19718296571590502,0.24463050802600775,0.1815094038928541,0.29767094930404375,0.20063145368077298,0.3086232270772128,0.29877474130893517,0.21440174164924972,0.20033161373767225,0.17805987555169042,0.21301240455579518,-0.02388837164862072,0.11431460100624179,0.11347361773120915,0.16894609493812443,0.1745577000585102,0.1403225668456431,0.13341140736262933,0.16502665412614265,0.09178954173109495,0.09862903669380761,0.10732052030457796,0.07086500127511634,0.08087262432185731,0.11401685791205692,0.04632422785959864,0.08635373636935277,0.051410674909755115,0.09188625973966336,0.04313311362151253,0.10590320205614338,0.08963660540476039,0.03797461605982848,0.10139217535495154,0.10213899372838682,0.054994575766765856,0.10562996452500105,0.12348314559931547,0.1556164651441062,0.05506695498627458,0.03735776076280901,0.1300660651403934,-0.016215841384672847,0.006060705756576634,-0.0009322636763575081,-0.05283179387486581,-0.048135851365720544,0.13129884084646706,0.09596382998725857,-0.02221665833760261,-0.037851029463419145,-0.1068639260167799,-0.044467444409610035,0.16177560270974184,-0.08730444492660473,0.026649114783491523
0.22145947218133383,0.34129036116096606,0.8235958216731989,0.19363228523765066,0.17292591698393395,0.1855275692948084,0.243523647482498,0.16236340638735636,0.24497553455709484,0.23944372911825587,0.24481259294839366,0.1911052820798076,0.1592710128578349,0.21782856845145127,0.15249596923417097,0.1734738290882904,0.07229683038021976,0.13220723404161985,0.16139854729972494,0.12666071041004434,0.11464533867631728,0.11632516116279268,0.1016775485030037,0.1246825348910809,0.12465256462848613,0.12103535254245233,0.04304095441036923,0.08843724033788242,0.0366918592281703,0.10783220551110553,0.04411270778419984,0.09739165055265518,0.05474574043339834,0.09846946844362083,0.09272076327517612,0.06283419530389361,0.10957087235804681,0.11630525953929846,0.07028065349487896,0.11834454077024412,0.12655961196777632,0.15265447472733057,0.014608302900920345,0.051457700103430044,0.14071201915031484,0.02351603749299791,0.006635424188758213,0.05090371914066432,-0.02825421783685359,0.0425996022463436,0.43714865870895353,-0.09413800719507981,0.0801571568655264,0.14433703314933088,-0.05081462549999404,-0.037825684426873854,0.037060312068826234,-0.07380145167259608,0.03551078325884653
0.19815186784015779,0.19718296571590502,0.19363228523765066,0.7261045998173175,0.3395004395111624,0.2995795517654052,0.29917291001305607,0.14732819047098974,0.1491705890300969,0.21833980438932726,0.18164238204276376,0.16119907320802884,0.1514561895595409,0.20279091533077012,0.20057123540891555,0.09502258247363889,0.15063156826147503,0.15185372418083318,0.15126724997816648,0.15184102265444982,0.1542774353441637,0.15071799793455923,0.10302338656086076,0.11460831280029156,0.13928544055250702,0.10332048439047184,0.07660417397671428,0.11603743364873786,0.12052375402846573,0.12009749849406495,0.10287064367087623,0.1570345959448455,0.07720724924713658,0.16934573244821813,0.15420622910177764,0.09896199548817868,0.1053022603716692,0.1476873537060048,0.0643678139111342,0.10992405730457794,0.12767755938963318,0.23156922921202347,0.12071133149320844,0.1520054182895491,0.15337925600080374,0.06363598008117231,0.01106992660035872,0.016721283623439116,-0.013054119760762657,-0.09646348205481715,0.041603208306397674,0.02931483992807947,0.12036088056392427,0.00650320363039044,-0.017071211182304643,0.018152729753826667,-0.16564562967265542,0.09069518555651054,-0.04464002626016478
0.4072284863130419,0.24463050802600775,0.17292591698393395,0.3395004395111624,1.2617292306765233,0.2630072791038121,0.276170635933306,0.29036760179637544,0.20693372907574592,0.2730330074137996,0.2069658838020832,0.21278045285081212,0.1726072275056008,0.17647449944691787,0.18286050687491986,0.14080907688358668,0.1545768097784528,0.18619725201244886,0.17342556860698477,0.13938087047405637,0.08710839306658445,0.26122956439302414,0.0992235499618329,0.06973151436321401,0.12413116767802768,0.09598787623075741,0.09377540691771992,0.11827495220460699,0.09549269299110143,0.11164012450562273,0.10131631286049644,0.16999093163559315,0.04725074862869827,0.16030514796031672,0.1532702184005666,0.10249480497999225,0.11482150424317886,0.13014318853027654,-0.08542712290822474,0.09543691972134409,0.11071208020999418,0.1500862414524754,0.045880901451679015,0.10673428060565655,0.1501944747228147,0.08325922336039117,0.015040013733937742,-0.12672263096167194,-0.057774690543466144,-0.24859905093783044,0.007385243395583511,-0.007952027872164329,-0.21497236158913588,-0.06170354916693318,-0.14378771053001127,-0.03121467448587397,-0.009211864861860519,-0.08856721060570917,0.006321752434406138
0.1595452764121314,0.1815094038928541,0.1855275692948084,0.2995795517654052,0.2630072791038121,0.5863434457083824,0.2744003670379798,0.16891459133429534,0.1106631796033775,0.1948490193678585,0.18048359180504023,0.15548950659803182,0.16927784590973566,0.1936563629844015,0.25505333221224397,0.1568389144672043,0.14188947722227482,0.1489261786910359,0.16321473594766078,0.13582841968264261,0.12064621682313913,0.14090987524740345,0.10721634892400743,0.10019706326575135,0.14977813884741079,0.11727362764434046,0.09640419163755612,0.1115558972459824,0.13913553931391626,0.08535661578947909,0.0872077460406662,0.11934093521627201,0.06172139671149278,0.11436391117083457,0.11541129096467799,0.0715684229187245,0.05438705393412689,0.12580905604297768,0.04481680400734494,0.09706074205654817,0.08718675154796748,0.2133753642588993,0.12215915075734514,0.13661241885678096,0.14511755290331285,0.01987016236301492,0.009718144484888856,0.013299036360538434,-0.026392736599454875,-0.03428397009924455,-0.04768094218376302,0.009683762682232894,0.021937124069563788,0.03779790181352696,0.04157474006782536,0.004293028891552801,-0.035492876933488106,0.22584660015278965,0.05024940624531705
0.3437331986676861,0.29767094930404375,0.243523647482498,0.29917291001305607,0.276170635933306,0.2744003670379798,0.7951551008117277,0.2781269213900628,0.1712235245002428,0.21750747643864704,0.2460957813245205,0.2628157799882469,0.18850421779327756,0.2371443117760288,0.1675235498998042,0.15341032182211167,0.10910954258482604,0.18456072777775456,0.1940601924888127,0.16330223126961824,0.10394114384456689,0.20301781372387326,0.09792621173503177,0.10371417452684889,0.1658202131985523,0.08119450712073892,0.0746809518487941,0.12479487214801013,0.11619196427620958,0.09620447104987949,0.06718090420227955,0.11550483221940266,0.05741661460248034,0.14041537178689995,0.09439187747201376,0.07782194140711077,0.0747026418858918,0.12792849813674143,0.043806544091071375,0.08204057674942165,0.08659935781424451,0.20544577865235572,0.0956984057146779,0.11911769256912885,0.14721348436757858,0.01849937228212825,0.006949134795088441,-0.053424572231549304,-0.024847353418287088,-0.11310814498350535,0.06254956786461273,-0.024451020506159004,0.05721356778834204,0.010745304481500677,0.07802634948493187,-0.011988070451928427,-0.04755525500511069,0.011398985196121486,-0.01617435041574374
0.2312230278266826,0.20063145368077298,0.16236340638735636,0.14732819047098974,0.29036760179637544,0.16891459133429534,0.2781269213900628,0.4420891182150529,0.21499438714533264,0.1842203871122052,0.19297668235490753,0.2001743335029619,0.2030504001741288,0.15989907165881256,0.149013926969593,0.1757936680832204,0.16607975525169472,0.16458085141458806,0.17349697871670475,0.20107572403989363,0.08486005446243079,0.17232492144493172,0.13142361067694597,0.11145814195875052,0.13559680917106423,0.11773588059294952,0.13111809596006355,0.12410352332280872,0.1380210331985379,0.10180410909280686,0.09697821840686378,0.12133764170717568,0.07559815975603869,0.126777147201885,0.10936423547457141,0.07799163941698425,0.09339001906916124,0.12949537015123616,0.0585444132490218,0.08913187018120039,0.09784657319132153,0.1653940544606623,0.11368305914991284,0.11447773494235233,0.15414739209633158,0.029808802264438862,0.010140207216323839,0.009194335702835722,-0.02580465495910727,0.14116193198461205,-0.013742504076623405,-0.03627308560365346,-0.08557320401768476,0.026333572123131036,-0.05706935117040523,-0.05290084379688724,0.0722290291564785,-0.04075717508405252,0.004464357789333979
0.3369517116279776,0.3086232270772128,0.24497553455709484,0.1491705890300969,0.20693372907574592,0.1106631796033775,0.1712235245002428,0.21499438714533264,0.7457305605205419,0.2852145184580919,0.2306233385857153,0.1457929899469516,0.1793849312970256,0.1843843100315545,0.16234785801591647,0.12576228276410395,0.20943191261241131,0.17489584907876327,0.14350349048264144,0.19494609172744665,0.1627218260745324,0.14392495737652178,0.09986428299891677,0.08162299838661073,0.1520144276784255,0.13117036147331318,0.1681718803945692,0.12035111351019886,0.15108672612329793,0.07825303121211427,0.10377797939129713,0.12197365321121985,0.06116596152525054,0.12981297670165895,0.12439364978379494,0.06152985448893813,0.11324265969992175,0.1283586129030803,0.0652323999860537,0.08601545170237831,0.1110363201342479,0.17432579723080174,0.11689654074180544,0.08060254756850757,0.15771421634282357,0.026366156788046765,0.01532425840117154,0.02484736528834655,-0.026012606382963998,-0.010798477934102768,0.058938467842673155,-0.06444563103648006,0.01609095150580932,0.03330498813365815,-0.07757484963384884,-0.07006551277521508,0.160611467523952,-0.03786990261782677,-0.028363259625086974
0.24084637853324461,0.29877474130893517,0.23944372911825587,0.21833980438932726,0.2730330074137996,0.1948490193678585,0.21750747643864704,0.1842203871122052,0.2852145184580919,0.5417759246789459,0.22792024126942526,0.1777228472310003,0.1968163099150571,0.20764335801575792,0.1677694563688266,0.15110489921103004,0.12369620700304598,0.15917906776043325,0.17369842509778816,0.14117453868555124,0.11674004576981732,0.13672286595034025,0.07777009277479158,0.06121217688394572,0.11633858769912783,0.1358829392626415,0.14141308494595858,0.08572564149766655,0.09442093582544456,0.09106194142829192,0.08342040676294243,0.10820817174600156,0.05191202002910132,0.10874744435134899,0.10530107007115036,0.063657746480761,0.11097383683753181,0.1272521817742909,0.058438027396479915,0.10383473312252933,0.12192866778705581,0.1598355787049498,0.09485160506439118,0.08215057003773353,0.154176149296859,0.016682423599351626,0.009628992534263619,0.01686963975694911,-0.04123848170193715,-0.05589410868917322,0.11126239367799624,-0.059775977814060806,-0.06420513234831506,0.030779713490204762,-0.20698774071837656,-0.09967572470705333,0.14006074934652465,-0.07243657553151793,0.030629364515573347
0.2629127097568015,0.21440174164924972,0.24481259294839366,0.18164238204276376,0.2069658838020832,0.18048359180504023,0.2460957813245205,0.19297668235490753,0.2306233385857153,0.22792024126942526,0.44070927641212176,0.2941306671798831,0.2013095741774951,0.19121385208168573,0.1876858916734285,0.2179214451789214,0.15446048475624807,0.1641981805143737,0.1884604230793649,0.17049663512479005,0.15828044717472836,0.1588403184563772,0.1064533102994562,0.0877404690221299,0.15149536594585886,0.14823905322603803,0.11588898747213806,0.1227686543880126,0.12917392640160613,0.10399299806260438,0.09719090868147634,0.1313418879863893,0.06662779760850103,0.12009786492609807,0.12694625911661075,0.07780091187377117,0.10346002297716987,0.13341687217254422,0.08291701260953885,0.08770557271643041,0.12486191672678348,0.1694128727294383,0.12114500656573103,0.11951792645420875,0.15866818901235408,0.027523658450981415,0.01054080181431238,0.027254425911442448,-0.016459251194011267,-0.0644542624678418,0.009074045036191978,0.01355153170437553,0.03232009415590919,0.034050438004014555,-0.007002570636396314,-0.03058151167185469,0.07952819076989232,0.015344260194515109,0.04658540273738377
0.2839305656241075,0.20033161373767225,0.1911052820798076,0.16119907320802884,0.21278045285081212,0.15548950659803182,0.2628157799882469,0.2001743335029619,0.1457929899469516,0.1777228472310003,0.2941306671798831,0.7639075455975008,0.13291900804992382,0.20040701447754375,0.17470194075421527,0.2479212925471632,0.24587114403336963,0.17897605706685724,0.2056018928475697,0.16756641949199536,0.16117866466810207,0.17480918037057394,0.10269172790343668,0.06494366186563674,0.15797317262592406,0.1164418589200585,0.16737173707746802,0.15115600529618944,0.12837937327289675,0.08534180457163601,0.11750717052809329,0.10368515295952169,0.0845394195662367,0.0991850387383432,0.12965718238678217,0.054095105898697864,0.07796405332867583,0.1090141073234632,0.08034027106617378,0.07038032131068946,0.09480959264130866,0.1230585095782249,0.136028828495074,0.1401170504688697,0.11893296528551532,0.03910779104030377,0.009740486807710565,-0.015547485105680055,-0.0071714167847270515,-0.03846088523554737,-0.05092813375772766,0.03727704180320305,0.04173659736153536,0.002755089352993328,0.02929720314014186,0.014014121446467763,0.06049162077421995,0.04711038315722001,-0.04845278208532597
0.20259077532854836,0.17805987555169042,0.1592710128578349,0.1514561895595409,0.1726072275056008,0.16927784590973566,0.18850421779327756,0.2030504001741288,0.1793849312970256,0.1968163099150571,0.2013095741774951,0.13291900804992382,0.5745416408945447,0.20555165615948087,0.11737002126438872,0.10636468180412913,0.1236792606882554,0.1337940466172713,0.15841903470986402,0.13208486215682783,0.08127854518012272,0.14382187553719167,0.10860195424756139,0.07802571043446069,0.11931858068498703,0.12320248839580156,0.15168040997315585,0.07688138782409588,0.14236860384441422,0.10584289446517797,0.0780250413814552,0.12577396939017493,0.06228176025986501,0.13706189315726877,0.09620966050959037,0.11019713351243196,0.11609211185715064,0.19633143841883,0.06504165774111195,0.11374920734287867,0.11918554712092018,0.22953764587786848,0.0547198769020278,0.11277049732630709,0.26846367039476127,-0.0026024760065793432,0.012840453412520552,0.025792959545057146,-0.04168977851758608,0.07511978705659805,-0.0326307095238401,-0.07524412301844031,-0.015273931601474593,0.05678126801793347,-0.04565450962491925,-0.010843656160340638,0.036692234695816645,-0.009950498575000175,0.016790076220521175
0.21052147581622907,0.21301240455579518,0.21782856845145127,0.20279091533077012,0.17647449944691787,0.1936563629844015,0.2371443117760288,0.15989907165881256,0.1843843100315545,0.20764335801575792,0.19121385208168573,0.20040701447754375,0.20555165615948087,0.4863084420050052,0.1941519688699643,0.14940360341014525,0.1768123220242589,0.1788632779613576,0.18632468521463316,0.13770421729655796,0.14399513301629335,0.17478712283722897,0.1181168317474133,0.10872417107575363,0.17544256141332248,0.13578958615325568,0.0898088091141618,0.12121576779078393,0.12727281470652543,0.0948376478882933,0.05848421681607415,0.13130016598189986,0.055416176837720106,0.15479072065684693,0.10636384847309636,0.07467357060570982,0.09128014999266937,0.1465425623940608,0.08829736311362239,0.08935027530067258,0.10293320097684758,0.23017524486263782,0.1185799049534286,0.11878682400903061,0.1713923711827833,0.03458722097499701,0.010237057657376971,0.014584494482444157,-0.011185325941960698,-0.04299787167570225,0.02372141612839892,0.007739591695751012,0.041549093510966084,5.8870354594504296e-5,-0.06874815541048311,-0.02869807701335723,0.004004437356428421,0.027739449272976092,0.008159818963236603
0.11064800639165501,-0.02388837164862072,0.15249596923417097,0.20057123540891555,0.18286050687491986,0.25505333221224397,0.1675235498998042,0.149013926969593,0.16234785801591647,0.1677694563688266,0.1876858916734285,0.17470194075421527,0.11737002126438872,0.1941519688699643,0.8003665084880345,0.22961054722084306,0.19938467745778046,0.11087900081469078,0.1463320686982991,0.08688982724518912,0.13106310995284054,0.0582164841829081,0.09899105115575194,0.07865576047335657,0.22782537758196464,0.2610974435692171,0.11462073376803118,0.13873927334092426,0.2133069632524857,0.07821879090257247,0.10183897900037155,0.11874948205372396,0.07308110994621413,0.1024080423210841,0.10983710050853163,0.07809675461258389,0.0341826930575401,0.15389238539417224,0.07395671880504892,0.08151755683543863,0.09029061993951484,0.22460292488563588,0.16243009004635428,0.16265855713585045,0.165167600843984,0.03692792093636862,0.01664879105070035,0.10391001941902962,-0.003516193940738314,0.12463368979592321,-0.1825600096528826,0.0057851390470575696,0.11060667011669058,0.05906138655614463,-0.14550627491766563,-0.04541079035063481,-0.18161349810447167,0.20940305487695435,-0.08048758729743762
0.026014977200948954,0.11431460100624179,0.1734738290882904,0.09502258247363889,0.14080907688358668,0.1568389144672043,0.15341032182211167,0.1757936680832204,0.12576228276410395,0.15110489921103004,0.2179214451789214,0.2479212925471632,0.10636468180412913,0.14940360341014525,0.22961054722084306,0.7826682671011632,0.18104260613190212,0.18685982322579717,0.1894984285934993,0.19032052901039687,0.24759312479327342,0.18429727261977688,0.1388309848013803,0.10394925532728133,0.1254036426706834,0.2770655031499064,0.1560978542547621,0.1580276515579384,0.17283547526304055,0.1180365717919965,0.11516245469349301,0.13239789068097052,0.07654812335593131,0.09820890291275924,0.1273142873046253,0.07869381258197837,0.13387462319972246,0.14816480075675784,0.16680535970399965,0.08127362926215909,0.15343879552738535,0.10204544002999975,0.25675164269075307,0.15267703808979563,0.15759158029642384,0.051934810018573044,0.011522387630673463,0.047762910700538605,0.014712980491549286,-0.03892682610894606,0.0024774630284574717,-0.05660115589483266,-0.07718918149206612,0.06830567286104693,-0.028680585240903972,-0.04149446388042232,0.085484071021174,-0.04819163774282179,0.01598356051884691
0.23332408890133224,0.11347361773120915,0.07229683038021976,0.15063156826147503,0.1545768097784528,0.14188947722227482,0.10910954258482604,0.16607975525169472,0.20943191261241131,0.12369620700304598,0.15446048475624807,0.24587114403336963,0.1236792606882554,0.1768123220242589,0.19938467745778046,0.18104260613190212,0.7991470083733928,0.27536161381856117,0.23115194285405813,0.15397694863072423,0.1347798797479252,0.3465485604411534,0.13545805533564892,0.08209009962110814,0.22015589948722453,0.04986256822802677,0.28284568198404514,0.30581084649800255,0.2028056642520545,0.10840975016553141,0.16511784583905112,0.15167468321853245,0.1520984786360506,0.1442734632562028,0.1641172066820431,0.0350153798096137,0.08255681774326941,0.1420435109518313,0.13546615763732694,0.12101790297887573,0.08810286059787885,0.11789370464870602,0.20502733330211417,0.18605994105651258,0.1493934420379516,0.059537825612755065,0.016660695724513112,-0.09248788808331164,-0.03025767649106003,0.11449115120482675,-0.16185440087994676,0.0953114200428761,0.061965636501329066,-0.1663347493194319,-0.08191187879997906,-0.044941146892915944,0.07658000257510436,0.01061311359355892,0.001918700912086748
0.2191384691233718,0.16894609493812443,0.13220723404161985,0.15185372418083318,0.18619725201244886,0.1489261786910359,0.18456072777775456,0.16458085141458806,0.17489584907876327,0.15917906776043325,0.1641981805143737,0.17897605706685724,0.1337940466172713,0.1788632779613576,0.11087900081469078,0.18685982322579717,0.27536161381856117,0.6197871516186498,0.3057409657455782,0.29440966909827937,0.23574996090958175,0.39725074822069995,0.12723871993041097,0.0801674252218971,0.1731635373993776,0.22766817247003138,0.1821314500683591,0.1547834172476389,0.16333013190314413,0.11517214719550112,0.1568606091266062,0.13511234495446528,0.09869062464428155,0.135012965113415,0.13150812642351045,0.07065532193035857,0.12513779729018315,0.14167067348348442,0.10147064156435485,0.0971516205072864,0.11288253033716125,0.06434340634446221,0.182464730710423,0.15426193478357544,0.15582980684493974,0.06189363144450844,0.015747975707167388,-0.19310760696391288,-0.017005611491797433,-0.08526107260225138,0.013203643557882724,-0.03046143513318057,-0.03214527170445053,-0.028796451935764706,-0.0625340080126819,-0.06211643840884108,-0.007489494407301539,0.0458445762341344,-0.013937297346567899
0.2242647852646021,0.1745577000585102,0.16139854729972494,0.15126724997816648,0.17342556860698477,0.16321473594766078,0.1940601924888127,0.17349697871670475,0.14350349048264144,0.17369842509778816,0.1884604230793649,0.2056018928475697,0.15841903470986402,0.18632468521463316,0.1463320686982991,0.1894984285934993,0.23115194285405813,0.3057409657455782,0.6625575211766592,0.20653550356229705,0.16914693215705914,0.250875473939857,0.1885840134139298,0.121073303699735,0.19090813599278447,0.2525203152150487,0.3820472592287203,0.12018442347339583,0.15870006591090563,0.1826404529271469,0.11543352041475254,0.1625843910871172,0.17231382500349895,0.19371224486393965,0.13529692635984558,0.11031006683441662,0.12982563135193917,0.18533561539382473,0.12347452323821115,0.12253462998314087,0.1441380518874653,0.2140176823357823,0.1405626401164281,0.1516403441798242,0.20362310959941599,0.052017105654561926,0.014806514104513979,-0.0475380358560637,-0.026328366590493726,-0.0772191334453,0.07037911000011593,-0.0831862291120003,-0.026142597238860442,0.0590576816177683,-0.08354819736877349,-0.015473133630257738,0.06691239182628392,0.031389326876064265,-0.022335082418882237
0.04412267984041055,0.1403225668456431,0.12666071041004434,0.15184102265444982,0.13938087047405637,0.13582841968264261,0.16330223126961824,0.20107572403989363,0.19494609172744665,0.14117453868555124,0.17049663512479005,0.16756641949199536,0.13208486215682783,0.13770421729655796,0.08688982724518912,0.19032052901039687,0.15397694863072423,0.29440966909827937,0.20653550356229705,0.6603948558981476,0.41920986236899954,0.14323540637678578,0.1619541224778817,0.14967645276156105,0.19157755481867836,0.2724140559891922,0.1489049923005333,0.11129483374790303,0.23033576540788347,0.09241697406719104,0.1907445303379538,0.10221310469019128,0.11076320549334628,0.1366458225769802,0.1147499983689322,0.060276779174110805,0.11612143875803807,0.1116358558206368,0.11043533744320706,0.044967353372776214,0.09608274756727073,0.09098113902176432,0.23327400985963254,0.17063962311162623,0.12291450437097094,0.07434306195000204,0.012756947204246414,0.10543516199121175,0.02135494815646616,0.037706917801535476,-0.009069681029469819,-0.07213068063791891,0.006069190701190369,0.012099451852327772,-0.09532774013665737,-0.04867644511796213,-0.0285955785266501,0.10681816063949343,-0.01578109398841162
0.08159513081352937,0.13341140736262933,0.11464533867631728,0.1542774353441637,0.08710839306658445,0.12064621682313913,0.10394114384456689,0.08486005446243079,0.1627218260745324,0.11674004576981732,0.15828044717472836,0.16117866466810207,0.08127854518012272,0.14399513301629335,0.13106310995284054,0.24759312479327342,0.1347798797479252,0.23574996090958175,0.16914693215705914,0.41920986236899954,1.1792445650073966,0.1611281956051303,0.15520215085905736,0.14337235003656995,0.32389579509267274,0.4297301857901145,-0.00790958145273608,0.11451423950250512,0.20408658140887026,0.08425495567542078,0.23662866728239834,0.12167694103557639,0.09643770191718092,0.16003794612939626,0.12917636839747879,0.08796861480664313,0.1484779200985317,0.10151459175869137,0.1463106483133014,0.047075858804102734,0.12972487345991923,-0.03246396330942839,0.2676612326429274,0.17921506240501459,0.0956574603706998,0.16597423032176442,0.027685295897454807,0.1614867468123874,0.04376218657047024,0.16449975680026924,-0.00978131275783863,0.029772163433455495,0.08743799410151815,-0.004078298039189766,-0.041539130972826556,0.035138827098902425,0.014109323262455852,0.045682013317437084,0.05631950293387543
0.36406937779523785,0.16502665412614265,0.11632516116279268,0.15071799793455923,0.26122956439302414,0.14090987524740345,0.20301781372387326,0.17232492144493172,0.14392495737652178,0.13672286595034025,0.1588403184563772,0.17480918037057394,0.14382187553719167,0.17478712283722897,0.0582164841829081,0.18429727261977688,0.3465485604411534,0.39725074822069995,0.250875473939857,0.14323540637678578,0.1611281956051303,1.0783763373905222,0.1603148268322857,0.11294085750588513,0.212885273012751,0.2551359342749245,0.12947106096157715,0.18110804368956698,0.19359182444499703,0.1532466146348283,0.16238975027738695,0.21408897425872978,0.08478925633740265,0.17288180412528584,0.17338421435028126,0.10416584385781633,0.18232253462008374,0.19698517000649785,0.137463316857029,0.17290647171808138,0.1937757383891399,0.025213006902514924,0.11621933138584992,0.1933209958889873,0.2128257326185972,0.04907811967695266,0.02943324509146315,-0.24021176558772922,-0.05936823222151698,-0.10970977172032292,-0.02686292809404597,0.05407159214814944,-0.2323626373507111,-0.1277340518391908,-0.05228529188347889,-0.029514011682162083,0.007778197650086859,-0.050874487787432525,0.025717960244754028
0.041961542888652746,0.09178954173109495,0.1016775485030037,0.10302338656086076,0.0992235499618329,0.10721634892400743,0.09792621173503177,0.13142361067694597,0.09986428299891677,0.07777009277479158,0.1064533102994562,0.10269172790343668,0.10860195424756139,0.1181168317474133,0.09899105115575194,0.1388309848013803,0.13545805533564892,0.12723871993041097,0.1885840134139298,0.1619541224778817,0.15520215085905736,0.1603148268322857,0.45307328078595227,0.33604090166884193,0.1877805728196764,0.2093520450196722,0.19463855962226914,0.13318469501715724,0.26773093164061224,0.18143239897806537,0.147588157478421,0.2001351663835885,0.172863495781652,0.24107261956859147,0.1793427161271633,0.1612916167390608,0.18087140109862054,0.1819022671683816,0.167383817761281,0.13704850924446305,0.1752937309292524,0.17058166246722833,0.12424690617755174,0.18165082009321729,0.19222005224363187,0.05913677827383406,0.019415639100405443,0.20430177653667136,-0.008354348066175589,-0.027447246763646467,-0.03465247571293094,-0.050561001249551554,-0.0025807557724885203,0.02218931189131468,-0.08299682923984227,0.08188225272029873,0.019265588572830353,-0.061716519374616044,-0.008139610546685964
0.02463869127501424,0.09862903669380761,0.1246825348910809,0.11460831280029156,0.06973151436321401,0.10019706326575135,0.10371417452684889,0.11145814195875052,0.08162299838661073,0.06121217688394572,0.0877404690221299,0.06494366186563674,0.07802571043446069,0.10872417107575363,0.07865576047335657,0.10394925532728133,0.08209009962110814,0.0801674252218971,0.121073303699735,0.14967645276156105,0.14337235003656995,0.11294085750588513,0.33604090166884193,0.7445600738963867,0.19465777733505576,0.16593994933108433,-0.010339066043380092,0.21790647272357722,0.21310229585270402,0.18633359208587194,0.13774933728884475,0.16475425639598903,0.18895810573974087,0.17642567212717153,0.1449660443854019,0.16678392354845722,0.19642204965811064,0.15879119257970176,0.17953970470442562,0.16382795734416392,0.16151440529625904,0.10324047250278139,0.04609857310894745,0.1545009417023802,0.16293087222150066,0.06329553275005796,0.020807551043804228,0.2907672411192805,-0.0038805967668498072,-0.03155954699915259,-0.011333907121613807,-0.005233382522914062,-0.008548823471759627,0.02739075322534632,-0.098608107204664,0.06644277136821895,-0.003963539442729747,-0.06627535694342507,0.01265408628144171
0.13301593316713883,0.10732052030457796,0.12465256462848613,0.13928544055250702,0.12413116767802768,0.14977813884741079,0.1658202131985523,0.13559680917106423,0.1520144276784255,0.11633858769912783,0.15149536594585886,0.15797317262592406,0.11931858068498703,0.17544256141332248,0.22782537758196464,0.1254036426706834,0.22015589948722453,0.1731635373993776,0.19090813599278447,0.19157755481867836,0.32389579509267274,0.212885273012751,0.1877805728196764,0.19465777733505576,1.1052961891841797,0.15880357649267915,0.06277094840330294,0.3233520856144976,0.16926507846990255,0.1788931402823041,0.20782587809070838,0.19684518538202553,0.09877879062645858,0.23277373176694038,0.16892076621835475,0.12119743773395579,0.16515116016921585,0.16335184109938725,0.15066823940817575,0.10052239838141849,0.11854489009219213,0.15177143559329276,0.19448971538698598,0.17259841738454523,0.16469279787878652,0.08682655632275126,0.019457686914529086,0.06391942986671403,0.0076894777072529594,-0.057936456161764356,-0.023256479437208634,-0.03403120049658889,0.043744021435571406,0.002086433843080651,0.04497381337959575,-0.08972699209982277,0.1256915754028511,-0.055327536314883546,0.024478818707762195
-0.04677611494977007,0.07086500127511634,0.12103535254245233,0.10332048439047184,0.09598787623075741,0.11727362764434046,0.08119450712073892,0.11773588059294952,0.13117036147331318,0.1358829392626415,0.14823905322603803,0.1164418589200585,0.12320248839580156,0.13578958615325568,0.2610974435692171,0.2770655031499064,0.04986256822802677,0.22766817247003138,0.2525203152150487,0.2724140559891922,0.4297301857901145,0.2551359342749245,0.2093520450196722,0.16593994933108433,0.15880357649267915,1.8095559678518989,0.5120808357161375,0.011210397898714442,0.47795893585475435,0.19620720662935076,0.2903261548755382,0.12840248826527972,0.14141256453243395,0.15321874670684707,0.07042935930486122,0.1792419015269226,0.2286131754476353,0.27867732793307576,0.17505416014065503,0.06823279166500558,0.18632947352626963,0.12345368579488931,0.18800892312113612,0.06547333788359963,0.3373089190907785,0.0579213072427374,0.014642926531275812,0.715679818820201,-0.006977064068155929,-0.00028808550655991017,-0.022550552779016495,-0.07201509428673311,-0.13452688129102042,0.1465281580374638,0.08961940405596246,0.061024388295334894,0.08594308303607542,-0.2026217664114895,0.1151952717778005
0.18961295073645826,0.08087262432185731,0.04304095441036923,0.07660417397671428,0.09377540691771992,0.09640419163755612,0.0746809518487941,0.13111809596006355,0.1681718803945692,0.14141308494595858,0.11588898747213806,0.16737173707746802,0.15168040997315585,0.0898088091141618,0.11462073376803118,0.1560978542547621,0.28284568198404514,0.1821314500683591,0.3820472592287203,0.1489049923005333,-0.00790958145273608,0.12947106096157715,0.19463855962226914,-0.010339066043380092,0.06277094840330294,0.5120808357161375,3.263038842797112,-0.054102497200021665,0.4417603394242097,0.04184262064667732,0.09957897820280666,-0.10124969531291769,0.47588827214109447,0.005055335589962471,-0.06782601207469786,-0.13905241652546554,0.010310645022970067,0.31015303507687814,0.037886958465370615,0.2606784094884243,0.04946037023618723,0.21098774426181158,0.0414495389351983,-0.09817924173968108,0.3596210275505943,-0.24085505371557472,0.03334644021483946,-0.24240753148241265,-0.32689367280683457,0.1415674165060734,0.012098487973846534,-0.21673264612858784,-0.16919444049159044,0.141955933112916,0.05306792222022764,-0.21138989092047974,0.10062231441485568,0.003028027112571461,0.002695532111592325
0.10840591115935135,0.11401685791205692,0.08843724033788242,0.11603743364873786,0.11827495220460699,0.1115558972459824,0.12479487214801013,0.12410352332280872,0.12035111351019886,0.08572564149766655,0.1227686543880126,0.15115600529618944,0.07688138782409588,0.12121576779078393,0.13873927334092426,0.1580276515579384,0.30581084649800255,0.1547834172476389,0.12018442347339583,0.11129483374790303,0.11451423950250512,0.18110804368956698,0.13318469501715724,0.21790647272357722,0.3233520856144976,0.011210397898714442,-0.054102497200021665,1.0581595548192715,0.15710734752356287,0.09814229901899496,0.18811452473171256,0.1946803713009968,0.19355045532478918,0.21213203321801988,0.20547926063254535,0.12066950533894073,0.2152737033961242,0.14754105464137682,0.2698423693183958,0.16990773678919266,0.092495766886908,0.07035568676849649,0.35256752776093647,0.26421907286427737,0.16319641020644873,0.19664181179515863,0.013351976631689614,0.1667633812286827,0.08415880888154481,0.10274067054795,-0.1261810106222962,0.03066825510576738,0.1188041612098877,-0.08654236332371976,-0.09281479068004705,-0.02701107422719017,0.053934641865799236,0.015879258681771907,0.020448344856066312
0.03184469590530496,0.04632422785959864,0.0366918592281703,0.12052375402846573,0.09549269299110143,0.13913553931391626,0.11619196427620958,0.1380210331985379,0.15108672612329793,0.09442093582544456,0.12917392640160613,0.12837937327289675,0.14236860384441422,0.12727281470652543,0.2133069632524857,0.17283547526304055,0.2028056642520545,0.16333013190314413,0.15870006591090563,0.23033576540788347,0.20408658140887026,0.19359182444499703,0.26773093164061224,0.21310229585270402,0.16926507846990255,0.47795893585475435,0.4417603394242097,0.15710734752356287,1.6935942426665238,0.15707072503174482,0.2868020087780192,0.15346703570438833,0.24198855034135466,0.208600506926936,0.13687464070432284,0.10235835154790623,0.11048258820671295,0.264077579272886,0.14207735864359394,-0.0218206080871456,0.18214617374317219,0.5172508730555397,0.24027676079624913,0.27076963027109785,0.2711005371352227,0.04743027823656535,-0.0002634687134849512,0.3135186681573972,-0.0002539471461532322,-0.22285101624946815,-0.5838289621140149,-0.32146951548251756,0.16297334748903633,-0.07381599137433803,-0.01967574090901948,-0.08983314293413881,0.07097125663904548,0.07292591954154275,-0.019688138280892352
0.02287807734475015,0.08635373636935277,0.10783220551110553,0.12009749849406495,0.11164012450562273,0.08535661578947909,0.09620447104987949,0.10180410909280686,0.07825303121211427,0.09106194142829192,0.10399299806260438,0.08534180457163601,0.10584289446517797,0.0948376478882933,0.07821879090257247,0.1180365717919965,0.10840975016553141,0.11517214719550112,0.1826404529271469,0.09241697406719104,0.08425495567542078,0.1532466146348283,0.18143239897806537,0.18633359208587194,0.1788931402823041,0.19620720662935076,0.04184262064667732,0.09814229901899496,0.15707072503174482,1.0239286382319805,0.30592181108375943,0.4080633998419637,0.45673056692034564,0.43515121740113866,0.2835555544713516,0.6245552929416728,0.40931101809818304,0.37905792980584246,0.27660329690537744,0.28986348434101644,0.3154997252314341,0.21752741209057466,0.15150103975251292,0.22679904670061488,0.35713202899679225,0.2726800447419724,0.022728039400366627,0.18304230082685946,-0.018148295371303393,0.04747349748055914,0.08322093187530484,0.06295115831277372,0.03841489644277409,0.025948355236809783,-0.018101771652593093,-0.0816319566755698,0.029590705636881303,-0.11439775556517823,-0.009820934219291826
-0.0183620039089345,0.051410674909755115,0.04411270778419984,0.10287064367087623,0.10131631286049644,0.0872077460406662,0.06718090420227955,0.09697821840686378,0.10377797939129713,0.08342040676294243,0.09719090868147634,0.11750717052809329,0.0780250413814552,0.05848421681607415,0.10183897900037155,0.11516245469349301,0.16511784583905112,0.1568606091266062,0.11543352041475254,0.1907445303379538,0.23662866728239834,0.16238975027738695,0.147588157478421,0.13774933728884475,0.20782587809070838,0.2903261548755382,0.09957897820280666,0.18811452473171256,0.2868020087780192,0.30592181108375943,1.1083560368535927,0.292242852599839,0.2843543028811477,0.20596202074719147,0.31010258266495805,0.2446848414114567,0.27053787647434135,0.1776837775934909,0.18093058088718564,0.17011685536190044,0.15113790582976677,0.35869923357305705,0.28267142563842246,0.2373921401559001,0.199558612914001,0.09200904372957536,-0.006662607150849344,0.2837729735819422,-0.006233303687469656,0.0161662479421297,-0.05847776112289657,-0.08413596784029187,-0.05008478723366256,0.022259224149208418,-0.044741353755036024,-0.07061922476667341,0.03654892921012995,0.008663064812200277,-0.054845649234084984
-0.005616923908468388,0.09188625973966336,0.09739165055265518,0.1570345959448455,0.16999093163559315,0.11934093521627201,0.11550483221940266,0.12133764170717568,0.12197365321121985,0.10820817174600156,0.1313418879863893,0.10368515295952169,0.12577396939017493,0.13130016598189986,0.11874948205372396,0.13239789068097052,0.15167468321853245,0.13511234495446528,0.1625843910871172,0.10221310469019128,0.12167694103557639,0.21408897425872978,0.2001351663835885,0.16475425639598903,0.19684518538202553,0.12840248826527972,-0.10124969531291769,0.1946803713009968,0.15346703570438833,0.4080633998419637,0.292242852599839,0.8022773107405403,0.11499692531923744,0.5849882766923521,0.38796659741597356,0.4567392089784036,0.3222336260649574,0.26511170006952917,0.33131846835944895,0.26309128951528504,0.31464934657280474,0.2680920650021961,0.34374758045479187,0.40324580329547566,0.26663147805160137,0.15599998654574188,0.0329524326788028,0.1781292770024422,0.010549056002084922,-0.094331973308113,-0.05404926926912945,0.007884429211603839,-0.10851849207441941,-0.027152948061990784,0.0040975632621501725,-0.025185663513748003,-0.009668040110816569,-0.09747355548010896,0.0362227820765004
0.017951246961132077,0.04313311362151253,0.05474574043339834,0.07720724924713658,0.04725074862869827,0.06172139671149278,0.05741661460248034,0.07559815975603869,0.06116596152525054,0.05191202002910132,0.06662779760850103,0.0845394195662367,0.06228176025986501,0.055416176837720106,0.07308110994621413,0.07654812335593131,0.1520984786360506,0.09869062464428155,0.17231382500349895,0.11076320549334628,0.09643770191718092,0.08478925633740265,0.172863495781652,0.18895810573974087,0.09877879062645858,0.14141256453243395,0.47588827214109447,0.19355045532478918,0.24198855034135466,0.45673056692034564,0.2843543028811477,0.11499692531923744,1.7798572847735137,0.11022552836671747,0.1571313248409862,0.44894253019234215,0.27218096035114625,0.2585080889785766,0.3042663535479131,0.27105928052719497,0.20610323855555712,0.07804817874970763,0.028817771685261662,0.15710681012941624,0.16307565378984779,0.2671138560682727,0.019986673565277096,-0.326976664593716,0.0999835463330057,0.14093261517989275,-0.061621197595661203,-0.0928740396153948,0.0017814760473918354,0.08615880662103219,-0.03265728669856145,0.021693461171258546,-0.005354701943368032,-0.022514206658446778,-0.027820709983172074
