0.5431467441153762,0.0810008223931161,0.25020287582632655,0.03638890452210131,0.013556688760052008,0.10245386618609571,0.12074708117346585,0.058945719940517484,0.12982967236264784,0.13838817760494831,0.08527234578319169,0.09442653719983504,0.04568953672231269,0.13441280625787297,0.12496442761826364,0.0997197403787154,0.08221924608887378,0.08135826265046704,0.12460350744729369,0.0641605036073262,0.07612776033585808,0.11974989582722242,0.01625148761163136,0.055514403907245664,0.09198540313007794,0.08558960272815852,0.0587589467687091,0.09660042276543825,0.09670798745357721,0.012722377841051317,0.11735478192350116,0.141923665084575,0.03137568385690043,-0.08539470008637713,0.09236275907537043,0.12802980381898282,0.09077339162162103,0.053705096735826525,0.023420362595191136,-0.02664146584220686,0.05453356143499439,0.07776982349375,0.04514285756927965,0.009379918802484186,0.09821831104770273,0.1263585487206688,0.06259529005633915,-0.05846960767693797,0.1335849935117475,-0.009470370402859302,-0.010057325040772417,0.01184831354197842,0.009687484832238379,-0.008988770155867,-0.0077488002535665195,0.024436225330618747,0.38530353234650305,0.1287229002320956,-0.49820281151497736
0.0810008223931161,1.8854467551191771,0.6676240110516347,-0.005577358484149931,-0.012228973129001196,0.40166939911489924,0.055596675526169335,0.27197498268093595,0.16937484039797382,0.2187543746543626,0.14394033895647793,0.17094807960968667,0.1432959355646394,0.08194219126327504,0.16650814697892918,0.12716359658252416,0.19753162121632484,0.17366387293473215,-0.009504071672051086,0.3607707075570833,0.27670454302123737,0.15741032341562697,0.23112730454935376,0.09668218893965332,0.2530372128353822,0.26602887298266165,0.2389253705047592,0.1028448498528964,0.4600096865908651,-0.02668281450554502,-0.005186971094704708,0.09708445742378509,0.1944247024395514,0.36674714687760646,0.286630222237762,0.10994407914796998,0.453100247129218,0.19290727700768068,0.03381329041092076,-0.3088477871646443,0.11018082817696125,0.18478194562430295,0.40689544731393334,0.04631015385822804,0.2200793609653695,0.11581040123950885,0.22498705377686376,0.0379877568519622,-0.0003179846963221693,-0.13291617961541655,0.1356307183259684,0.3379613129238278,-0.17229843299563624,-0.14434232123950033,-0.33930636639155315,-0.2038655305782306,-0.5405870595360106,0.38814285829245604,0.4922622352698544
0.25020287582632655,0.6676240110516347,1.8245256637490175,0.11938881838787306,-0.3449905941683717,0.5282597282435724,0.19950853278164,0.3970302359908764,0.6623942798955392,0.4120949467074345,0.305600689725558,0.3528959575081008,0.2232836623612615,0.31165610742171773,0.5611806385534468,0.34298194113131614,0.3947029564067873,0.1238713188336688,0.5664248817344351,0.44950616044288194,0.35985000164623065,0.5321284556025311,0.4143723779560773,0.3424636359094666,0.44124228531092885,0.4470133308583618,0.37990005915243297,0.2910438061927451,0.8510688863602304,0.008245617882466706,-0.021085990527706263,0.25865164622708975,0.31228943073683585,0.28224893215749036,0.7390671272482852,0.4802679875910302,1.0182668218898556,0.26765138956741424,0.06763690348922093,-0.7874789534280904,0.28675058843387263,0.34142637102548035,0.4912170316511983,0.0480494155866013,0.2745455229637435,0.4163538466912945,0.2463064727250155,-0.15382241600720026,0.4775127547899225,-0.03556148129218411,0.011530781450191995,0.33559496379978976,-0.028443499565511222,-0.2846802003418849,0.07159282311279386,0.06677541689775118,-0.319369462402287,-0.1914855791428107,0.21153713406378055
0.03638890452210131,-0.005577358484149931,0.11938881838787306,1.361464694100133,0.8461048822815687,0.5194262601854723,0.4165701414412897,0.351814348504824,0.37741462150091004,0.43168626261791526,0.3973177109566569,0.4125894466841774,0.24582047742490823,0.33267156701451733,0.3133936764643245,0.33127717978748805,0.378249273603212,0.4321461243928945,0.2343844221805495,0.25144233824435747,0.29774502236283745,0.35364299008940375,0.29297603765378594,0.26721739208284173,0.3431991275485728,0.45192419218878455,0.31211682403896496,0.39908889745137277,0.28923961373548274,-0.047355970898543494,0.3334335836062957,0.3487358623825763,0.21242033358027745,0.6000864769765892,0.06466592234599225,0.24280440869854006,0.08323611121738077,0.17951544693057564,0.28039609518290143,0.010030888303113288,0.13033953075180765,0.29065416070862965,0.29680204929976955,0.1104622821328773,-0.20521718991132845,0.10053322846194734,0.2823047115787407,0.07130224030497279,0.6054421070989519,-0.04735908260245925,-0.017266895889063667,0.29255265262240054,-0.09812938573440495,-0.10252367652220795,-0.001921696585127555,-9.56418464388155e-5,-0.031525982977723487,0.07655088388806269,-0.06710490203119929
0.013556688760052008,-0.012228973129001196,-0.3449905941683717,0.8461048822815687,2.0791910389266954,0.5562854504674278,0.38660240141525476,0.37906978522746415,0.39120457389989566,0.5253188689498528,0.43200066257229924,0.4189935916455464,0.3168822733434794,0.3976201502024182,0.3766366666658508,0.3799324992080776,0.40991485871263855,0.5950943045414265,0.3220607006565008,0.23795562666536071,0.33711111778673747,0.3554837393687591,0.24156471627307943,0.28359640843035416,0.3645121458177494,0.5528874642151074,0.2329806634269173,0.49242351220224284,0.16867199699164825,-0.11543952138241738,0.5371301530018714,0.4209406725247424,0.1744508235889896,0.8447210535211045,-0.11503972095380167,0.20917526915329954,-0.09703702407514161,0.1603093254935091,0.3402798365958143,0.19756874705403965,0.14509284621977075,0.3407083605471819,0.1763737587032276,0.07663968918809125,-0.5082483894816024,0.020517628608769118,0.33279713555211154,0.1406134239922192,0.8468025281207534,-0.03417217610719231,-0.021227804911931773,0.2473011762652481,-0.10768385779603232,-0.04772252294560376,0.02294760503106579,0.01788937068209155,0.07287655124650377,-0.022219075833745817,-0.022101220124806174
0.10245386618609571,0.40166939911489924,0.5282597282435724,0.5194262601854723,0.5562854504674278,1.1847618130688085,0.11568082666873092,0.49364309119389765,0.5699836327247342,0.43358444869118573,0.44033327016788737,0.49176088803972384,0.27975335508767163,0.46659419036484984,0.4709821530433732,0.4224097514831347,0.4574998442508607,0.40921954365098,0.8040051469686541,0.47803446388992343,0.4236102893358142,0.5074588662251174,0.317145820827364,0.40400530154914177,0.48953018255593445,0.6311768760693962,0.41571574952385193,0.5158113115357527,0.667207478387207,-0.1465456701171923,0.40624988026702114,0.5058865129538455,0.20397791804736579,0.42613090464763403,0.07890329728161154,0.31541404091691844,0.3468245264383919,0.2805512877105814,0.25449402671277727,-0.023329408430207157,0.12466691190284016,0.38676558319890125,0.37292315448630303,0.12311953811375477,0.12933952401791363,0.15212343409661602,0.4720316369813581,-0.005255349365599933,0.7618063950062669,0.23889037364362667,-0.05419892887215918,0.3143882924760536,-0.43837450188342875,-0.10147239494109046,0.07248599044369973,0.06187145007951582,0.11584499420596965,-0.007397607232057077,-0.2238702882201141
0.12074708117346585,0.055596675526169335,0.19950853278164,0.4165701414412897,0.38660240141525476,0.11568082666873092,0.8126154187883786,0.16311333803408024,0.349451117413808,0.36130703114650137,0.3068805834226051,0.347533408473268,0.21809233691436336,0.21574345140489148,0.24323824016315287,0.25624493170982726,0.314873304409282,0.23624899172016903,-0.011057343929837751,0.11464718134398873,0.242975192544357,0.3125698071848974,0.24800306980360323,0.21162742454500896,0.24773100859643557,0.3081475602458395,0.2348939862543701,0.32365250522626915,0.17141712130513095,0.12898781471985055,0.16074159401935428,0.21397653876261902,0.2208954869749611,0.5150467401224941,0.0742798627234818,0.3117250584890886,0.026444111714018618,0.10484720194655117,0.27827603661489664,-0.11819184228429878,0.11636849879711707,0.23805185574132168,0.2124941852415107,0.03962157644700271,-0.34980235920248287,0.2150059546793961,0.03294364018190398,-0.020514309383535934,0.2760983952624287,-0.15340367874631178,-0.038234361312311886,0.13960367541391014,0.18649228266162463,-0.13932275048025305,-0.0382181307174351,0.09567547172100052,0.021205907411846366,0.03597785256038734,-0.13489135662756674
0.058945719940517484,0.27197498268093595,0.3970302359908764,0.351814348504824,0.37906978522746415,0.49364309119389765,0.16311333803408024,0.7399401021676643,0.2624341801642037,0.3633818164610122,0.3707154284979517,0.319982009199214,0.22754317121875414,0.3757687690742536,0.3422251313532593,0.3375255975268337,0.3735893216500329,0.3590340716888512,0.5079110274609155,0.31871876575977237,0.29579606030046013,0.3241029598336283,0.1670384234804506,0.17306887417905892,0.3750153828905139,0.46967611713293084,0.369809784468414,0.29153220161035875,0.4408448480361255,0.12004899483038002,0.26269391689659494,0.37853548558673933,0.3215808337846458,0.4183092337123531,0.2662062007344177,0.24626362132655105,0.4004920620004619,0.20733901663798832,0.26678631255143803,-0.1660173927450342,0.16050536991699635,0.30336158419510845,0.3515912729529391,0.0654832136426555,0.044266587262794935,0.10702552280608683,0.41705210258324044,0.027921779698934106,0.7233031458323558,0.1414956144084049,-0.005779409339433984,0.1843098139414443,-0.1924299397594452,-0.07444199061818925,-0.15235353184433417,-0.11152236979348483,0.18230656115358104,0.2288714853402427,-0.21736847644996898
0.12982967236264784,0.16937484039797382,0.6623942798955392,0.37741462150091004,0.39120457389989566,0.5699836327247342,0.349451117413808,0.2624341801642037,1.0350172332303338,0.4986710115533837,0.4260222634946816,0.4569436588508733,0.2445613191692064,0.46288154343990523,0.5517542665073097,0.42388080660474187,0.4548235771572048,0.409695021709206,0.5811564972040507,0.3290995337229324,0.38948879767896954,0.7013235938743663,0.39101616244329906,0.41019606742779957,0.3630304317068793,0.5325175833435727,0.4280597379120878,0.6276854581688457,0.3965751202388982,0.01462618028812316,0.3442578122659751,0.41717661899076913,0.2788596497399577,0.29882138999580016,0.29408161593979376,0.48326314136687193,0.489620786043122,0.22402966450267786,0.1738622599888293,-0.14427471106885575,0.28396829836916637,0.37495507085562096,0.37297612538916003,0.06563088740025638,-0.09060731330414028,0.27888781741657187,0.3116436595051297,-0.15390412497236985,0.7770406692203179,-0.1843690376813058,0.029145345256132986,0.24265099268981205,0.08164637168799654,-0.1662610007119822,0.35664168968322274,0.34340682744036527,0.031252733187565065,-0.3521532156206201,-0.2551246093526709
0.13838817760494831,0.2187543746543626,0.4120949467074345,0.43168626261791526,0.5253188689498528,0.43358444869118573,0.36130703114650137,0.3633818164610122,0.4986710115533837,1.03773739877955,0.37703031209480925,0.3828812241787089,0.20784565000884678,0.3870457684566972,0.5429214708559831,0.36616433823494476,0.4558646779729555,0.5413311854696711,0.5849873845459302,0.25295550882171897,0.3150719216200318,0.44222812352557855,0.3898347786989636,0.2635160962703711,0.3850770733159204,0.40356051391439324,0.43898229759743956,0.5823317825533134,0.3568068614445796,0.20131691881637426,0.30382194587557165,0.35663223679556466,0.3312396056190254,0.5880542822642001,0.42893177821498313,0.37986436508241456,0.7061782398416386,0.18598145397553542,0.24685519843737258,-0.2849484144315986,0.2508833719161037,0.30981383232187254,0.41300552108452454,0.03931235025110892,-0.07284106618238217,0.130526137532926,0.4578134181724722,-0.03415444692035352,0.9333007988637709,0.017367361011278733,-0.008625092775244621,0.14022684598832705,-0.0065160630457792,-0.092216460927572,-0.09993891623698116,0.08836036784746258,0.14051378199386402,0.12244925227041831,-0.24964635728734327
0.08527234578319169,0.14394033895647793,0.305600689725558,0.3973177109566569,0.43200066257229924,0.44033327016788737,0.3068805834226051,0.3707154284979517,0.4260222634946816,0.37703031209480925,0.5489843528466831,0.41313266290208245,0.27041383139499875,0.3589004759415512,0.45585841343731476,0.342164687503947,0.394145810854021,0.3449518456901326,0.4121456016224601,0.3525213304109372,0.32954508131113913,0.3854271806314375,0.20303100566872145,0.26962080341496386,0.3387660510601133,0.43861347101490766,0.38298924381006383,0.43315948368746726,0.33320146783289295,0.0564350786747168,0.3278512252890099,0.36265671409386346,0.23292964584410214,0.4005152356519456,0.3551522489902109,0.2540333160634091,0.35025122587256907,0.19651990579912537,0.22743715468503642,-0.09354379011843078,0.2574247331879639,0.3266238703106278,0.2775376855472473,0.07032584108770709,-0.0053962884348895245,0.04607291789147781,0.33583937562673205,0.053922723748400604,0.8839995794147611,-0.04761079008613972,-0.006943791795780932,0.11844976905450372,0.010245921212863213,-0.05296025991459845,0.023002897906588816,0.06563386474210224,0.1001042670235277,0.0077961519917856634,-0.20027860330339844
0.09442653719983504,0.17094807960968667,0.3528959575081008,0.4125894466841774,0.4189935916455464,0.49176088803972384,0.347533408473268,0.319982009199214,0.4569436588508733,0.3828812241787089,0.41313266290208245,0.7010363608809407,0.23620658580366397,0.35181492166812633,0.41922867362293975,0.3825956793546261,0.38297612076284143,0.381025565214561,0.46438764729893206,0.2947051015420201,0.33097594722497625,0.42175894195193353,0.24534886399754036,0.2772011048801147,0.3835848082486947,0.46599248408125715,0.357933911915267,0.28840430093694464,0.4052918505749366,-0.040299026598638904,0.2945158420875507,0.4044286444971594,0.16368506587657367,0.3740449807099672,0.19095446522465037,0.3828122839020778,0.17708914074961327,0.18364020650065604,0.21282630525825985,-0.03216415225948225,0.21880242609775533,0.3198768627679046,0.2270270929118623,0.07228385810714257,0.08209901994102725,0.08237487298364153,0.26935879038051486,0.002123874386311901,0.5719010514506693,0.03726043742862065,0.01588619979706124,0.18662571989894977,-0.22419806014994895,-0.07612972278517907,0.018240053945002957,0.10267584845579233,-0.000598518191656294,-0.005814890100314867,-0.21712553441189386
0.04568953672231269,0.1432959355646394,0.2232836623612615,0.24582047742490823,0.3168822733434794,0.27975335508767163,0.21809233691436336,0.22754317121875414,0.2445613191692064,0.20784565000884678,0.27041383139499875,0.23620658580366397,0.42692943268131484,0.17623172010016658,0.1966874878890124,0.2319799923126845,0.2609366769023738,0.20595054856623635,0.22475411271485493,0.23973371297273904,0.2057728103044747,0.25352102491312595,0.20019447939818652,0.19715310337052128,0.2210678356496532,0.200541098296547,0.20480135588674309,0.22397554773678258,0.30705864459458354,0.09023609551657169,0.14981998274287145,0.21397306811522382,0.16806032064842108,0.3465287783140986,0.31088262122825827,0.11515612380161618,0.28564777386156975,0.10693277235371167,0.23962733298648617,-0.09259644124682954,0.17442598208463617,0.2069462101801396,0.190793707976669,0.06451812325963083,0.032635454422338936,0.08961367401036431,0.2305811999984709,0.07693534583926939,0.4811726009686717,0.053715521145587294,-0.007631556256814877,0.07185240904700804,-0.009058204849550439,-0.103425172941804,-0.011449212849524465,-0.006254594393000198,-0.041186203377086436,-0.00263464766891491,-0.0009929188055029434
0.13441280625787297,0.08194219126327504,0.31165610742171773,0.33267156701451733,0.3976201502024182,0.46659419036484984,0.21574345140489148,0.3757687690742536,0.46288154343990523,0.3870457684566972,0.3589004759415512,0.35181492166812633,0.17623172010016658,0.6655148069632703,0.44590001534025847,0.4660140461231505,0.3986131497587382,0.3013976357253626,0.5839945572072764,0.3042549479711035,0.3489955346102223,0.4619407756095401,0.17623134262716164,0.2686466602295437,0.35891925383180534,0.5175571882697456,0.2727422779274982,0.4971551322914034,0.35841464401107104,0.13599383324060135,0.30925543012614476,0.5755108008273576,0.2500944141240263,0.1677214258092632,0.28396322954261427,0.3317366106672887,0.3663106027983429,0.20637466128505344,0.11588183073658272,-0.020442172577283094,0.3340153063413672,0.3602379688422006,0.2414979228065858,0.08450289601479156,0.06532519073469713,0.06715821882244365,0.39158600201994487,-0.015818683255448433,0.9622346641373741,-0.020568493311836026,-0.026614015559945397,0.03314640694487822,0.02356875931660901,0.028596241658919573,0.033473113689516776,0.07026006053801083,0.35057030791760646,-0.0027177171251667413,-0.36834766197048596
0.12496442761826364,0.16650814697892918,0.5611806385534468,0.3133936764643245,0.3766366666658508,0.4709821530433732,0.24323824016315287,0.3422251313532593,0.5517542665073097,0.5429214708559831,0.45585841343731476,0.41922867362293975,0.1966874878890124,0.44590001534025847,1.0548034052942525,0.39270736865866307,0.4203256307836635,0.21897448755156454,0.6650617167081843,0.4148503033995959,0.36335152137431037,0.4671165192824679,0.08269979542406491,0.31339970849447213,0.4234260274459929,0.6169166984606235,0.4232086489655334,0.5431500986886957,0.5051965881182496,0.2578966809949115,0.3378554185793938,0.36527002955062,0.38284643225839365,0.1864933066004632,0.44473276614465673,0.34783725833953455,0.7395554634759691,0.27740713238435316,0.09049997012246604,-0.29809766991794495,0.39787074423923646,0.4125846706809901,0.30823269848296364,0.06870319578186121,-0.022597116559210147,0.018748170053924425,0.37961107619363615,0.025319394546655185,1.3435350963785808,0.027075439842337023,-0.058213075133846,0.17879692059637564,-0.06633563353404452,-0.03528800218726903,0.16550868666934535,0.20166607799192612,0.03957733770014392,-0.16374537138994297,-0.15573282288520676
0.0997197403787154,0.12716359658252416,0.34298194113131614,0.33127717978748805,0.3799324992080776,0.4224097514831347,0.25624493170982726,0.3375255975268337,0.42388080660474187,0.36616433823494476,0.342164687503947,0.3825956793546261,0.2319799923126845,0.4660140461231505,0.39270736865866307,0.5874913880507875,0.4083630082634652,0.3172400043561787,0.5205429995593118,0.27849925453057184,0.3271044201250635,0.479340483339121,0.19357685548562809,0.27447412621858913,0.3611578607410079,0.3817362941663257,0.30054713930586013,0.4546165303722579,0.4291542757565838,0.1261969004376674,0.2867451467913241,0.4274394336938042,0.2225701165810222,0.25379340485561014,0.3812130391101411,0.31722035944497645,0.3480260830709871,0.2046041301592198,0.2378992139949941,0.0016380940622552288,0.3654777248635132,0.3472231567116812,0.30050310178220013,0.09952107977226417,0.08418211455115021,0.07777644039306852,0.34213143252656303,0.0016265870607873345,0.7937176427923192,-0.009121296432993553,-0.016456958731015395,0.1097428114031443,-0.05928124432166549,-0.05758735747327352,0.0506973630605195,0.06779824299368291,0.10386188359520092,-0.01123574232365868,-0.1985546806358803
0.08221924608887378,0.19753162121632484,0.3947029564067873,0.378249273603212,0.40991485871263855,0.4574998442508607,0.314873304409282,0.3735893216500329,0.4548235771572048,0.4558646779729555,0.394145810854021,0.38297612076284143,0.2609366769023738,0.3986131497587382,0.4203256307836635,0.4083630082634652,0.7034167123498741,0.34746395778835315,0.5004572998731709,0.3423413736070703,0.41509522377870395,0.4798088468564625,0.1775576509744732,0.25831582434627226,0.40998133007535287,0.41369527332988787,0.43685220881253356,0.7642123059039565,0.32650384941853106,0.019541486721587845,0.33713715160416496,0.38339402682741963,0.3458531307341112,0.48487197416239186,0.3787756586703989,0.308981153445526,0.4779546265991037,0.2421614452436242,0.28015242227330767,-0.17351506058636615,0.3230219517125809,0.3833212148474218,0.317898285197088,0.07584011194750195,0.02265607638641072,0.0827340016016002,0.33945189105946255,0.03315892449167218,0.8923573945903022,0.09888213558245013,-0.0465995859148163,0.24682815707986785,-0.12298428714045383,-0.10887583955022297,-0.07401200119722946,0.01120286309465299,0.015378082394005508,0.07682420940129145,-0.1337490310392142
0.08135826265046704,0.17366387293473215,0.1238713188336688,0.4321461243928945,0.5950943045414265,0.40921954365098,0.23624899172016903,0.3590340716888512,0.409695021709206,0.5413311854696711,0.3449518456901326,0.381025565214561,0.20595054856623635,0.3013976357253626,0.21897448755156454,0.3172400043561787,0.34746395778835315,1.4748419329701201,0.40665649594467396,-0.09566959658849199,0.2951994953984964,0.39585395970587306,0.41761312485896357,0.1367789615872378,0.32192323418378066,0.19950057056580048,0.32953672884472596,0.5853032772316875,0.26275035337337055,-0.2548566362071782,0.7471320627557202,0.31088353235801325,0.29489795946123437,0.5461163560521298,0.16178991240781873,0.3079303390097649,0.11629766676946927,0.07634835358346219,0.3250998080365253,0.19498259624284897,0.11415041055973531,0.144405309030881,0.4051090256903628,0.02838992335256813,0.23455500200768406,0.11550559662198709,0.5077898964845009,-0.1006252068399049,0.07123555088263626,0.077453007406646,0.027773986713557595,0.20145798655062366,-0.13691014954106653,0.006377758734607091,-0.031778315636700444,0.005426519606961717,0.15333357110954765,0.16305668484402025,-0.27373111679946116
0.12460350744729369,-0.009504071672051086,0.5664248817344351,0.2343844221805495,0.3220607006565008,0.8040051469686541,-0.011057343929837751,0.5079110274609155,0.5811564972040507,0.5849873845459302,0.4121456016224601,0.46438764729893206,0.22475411271485493,0.5839945572072764,0.6650617167081843,0.5205429995593118,0.5004572998731709,0.40665649594467396,2.001535710812731,0.20770397647477895,0.49846244231473547,0.5786488323053182,-0.028498597219728593,0.2899375612326011,0.5213441277250882,0.5982562877361505,0.4411609346376005,0.5881166621490925,0.7282514827941517,0.17047827312574157,0.4676978042685735,0.5562634923127908,0.37108112583841124,0.06186251091033185,0.2675749649341266,0.46241957473563694,0.654542892679442,0.22620382926390675,0.29360788012852684,-0.13132222649440672,0.31661486711983994,0.43254579983038643,0.23731320839644757,0.03592667178760856,0.2180233370240576,0.07177035165071796,0.3393654276386419,-0.04166184889064563,1.1850465970733413,0.6153203395297924,-0.03744446218553045,0.011094139767104043,-0.4605537460604439,-0.11395684059799199,0.11294148177872643,0.16957917763760685,0.32275875650360397,-0.12450185210072312,-0.41291083160505754
0.0641605036073262,0.3607707075570833,0.44950616044288194,0.25144233824435747,0.23795562666536071,0.47803446388992343,0.11464718134398873,0.31871876575977237,0.3290995337229324,0.25295550882171897,0.3525213304109372,0.2947051015420201,0.23973371297273904,0.3042549479711035,0.4148503033995959,0.27849925453057184,0.3423413736070703,-0.09566959658849199,0.20770397647477895,1.10770525316995,0.18165231646343094,0.2956395430072947,0.31498042015066835,0.3144000129113167,0.28224302556520187,0.3783172064576037,0.47696727851491694,0.3790676908973609,0.2883783161607918,0.3537179994123541,0.06994440235672408,0.26111984921074266,0.31006225254044495,0.2653450692799363,0.33904127764452113,0.24546096034556106,0.8283475527847085,0.4477034793228003,0.19811325338757527,-0.09675956388510627,0.2828663077189579,0.3703544617936567,0.5758704795429348,0.16888912988400345,0.46055897152486047,0.1703642052264606,0.2603075532926055,0.1140412991508124,0.4964800498339275,-0.1497552725367268,-0.042718224800128254,0.0882549953443647,0.19569344855620086,-0.16961323823917054,0.12043247929734686,0.04666218023776807,-0.06997915308526358,-0.031898490544995044,-0.018700797732895274
0.07612776033585808,0.27670454302123737,0.35985000164623065,0.29774502236283745,0.33711111778673747,0.4236102893358142,0.242975192544357,0.29579606030046013,0.38948879767896954,0.3150719216200318,0.32954508131113913,0.33097594722497625,0.2057728103044747,0.3489955346102223,0.36335152137431037,0.3271044201250635,0.41509522377870395,0.2951994953984964,0.49846244231473547,0.18165231646343094,0.7938323500930975,0.3590826444306402,0.3748858482689405,0.21786125908803478,0.36216438952374264,0.5567861895106399,0.3256906491462578,0.5234271589776487,0.4513059061415177,0.09339015118397381,0.07244358516801654,0.36891024689942403,0.3363674325337448,0.4025147883984196,0.5780583982120238,0.22681255518017845,0.5296260462070036,0.1674831040662642,0.14334131252171842,-0.19024888587182953,0.40564267757312417,0.44193515809523587,0.32041401336310904,0.07483589677560289,-0.03800806048000201,-0.0076207611782477275,0.3637359638423334,0.1519868540280868,1.1272985860797187,0.07420163936468036,0.014674786134143017,0.24627268229531274,-0.17556223306187677,-0.09020190215602678,0.03297744406529745,0.02973431321250237,-0.02570273493949088,-0.025481431629605387,0.03875167778558755
0.11974989582722242,0.15741032341562697,0.5321284556025311,0.35364299008940375,0.3554837393687591,0.5074588662251174,0.3125698071848974,0.3241029598336283,0.7013235938743663,0.44222812352557855,0.3854271806314375,0.42175894195193353,0.25352102491312595,0.4619407756095401,0.4671165192824679,0.479340483339121,0.4798088468564625,0.39585395970587306,0.5786488323053182,0.2956395430072947,0.3590826444306402,0.8987858229615299,0.30451111680917076,0.3096169236460289,0.3767042397882422,0.4480048381327848,0.44440192290028807,0.5523719455629693,0.4407979694131498,0.06998817223567468,0.2944815347574725,0.44103766806227285,0.30711335019483943,0.3121339451470309,0.30882449555430674,0.467900141351589,0.3897849667073396,0.22097332954544205,0.21257734340424297,-0.1223105789913732,0.3180472868084451,0.3670313918893577,0.3245239917711384,0.08744605596690462,-0.10520397297140684,0.24996829623364836,0.33168827535383677,-0.19464002126320942,0.9144600319830694,-0.08922448558278911,0.0011844225621574097,0.1624568863163376,-0.04625748142550177,-0.12366709074432386,0.15162708291865779,0.18648513682428158,0.05319110781568516,-0.13462342816341016,-0.24251034765554622
0.01625148761163136,0.23112730454935376,0.4143723779560773,0.29297603765378594,0.24156471627307943,0.317145820827364,0.24800306980360323,0.1670384234804506,0.39101616244329906,0.3898347786989636,0.20303100566872145,0.24534886399754036,0.20019447939818652,0.17623134262716164,0.08269979542406491,0.19357685548562809,0.1775576509744732,0.41761312485896357,-0.028498597219728593,0.31498042015066835,0.3748858482689405,0.30451111680917076,3.3000742306211714,0.7132207924744883,0.3718532936397083,0.06172310243710565,0.3473202737923073,0.27317078109448095,0.904338573570526,0.524741283072815,-1.3561000522236493,0.08718317427577066,0.5696124476724245,0.9997503531265813,1.0051809564858496,0.15805158241501452,1.333374163663064,0.053216565936335974,0.3425653291852814,-0.4859830422829886,0.2569069886864018,0.24713117021982126,0.7328824096770808,0.10879158275057997,-0.28228437698223063,0.49836736902083534,0.6431306996796392,0.10990447208866047,0.8276368200695923,0.23499543684548554,-0.03546321128250822,0.2992758729710128,0.3255198724793069,-0.33286997114382366,0.10453074880932832,0.1162517301160831,-0.3934992696408052,-0.20019306988325136,0.4777876780248673
0.055514403907245664,0.09668218893965332,0.3424636359094666,0.26721739208284173,0.28359640843035416,0.40400530154914177,0.21162742454500896,0.17306887417905892,0.41019606742779957,0.2635160962703711,0.26962080341496386,0.2772011048801147,0.19715310337052128,0.2686466602295437,0.31339970849447213,0.27447412621858913,0.25831582434627226,0.1367789615872378,0.2899375612326011,0.3144000129113167,0.21786125908803478,0.3096169236460289,0.7132207924744883,1.3667088801359923,0.41399336767608375,0.20682988605827585,0.2389674790222897,0.4668132764209028,0.2833798510561549,0.05086534692117059,0.6389301637533461,0.24720030493006587,0.2664683797311219,0.17813987126655997,-0.08526765494048018,0.29882307448585727,0.024924298203729236,0.1448142269096417,0.2536872125626278,0.034356594472460145,0.1173447190143104,0.2376802821727665,0.11358729621241313,0.06913341422720247,-0.2446756584620589,0.1724641430060271,0.20177768575662317,0.026716938535275802,0.5816952145739808,-0.00956549897858883,-0.026908791088919554,0.2822576749959026,-0.024796357824842057,-0.17582508751476442,0.42575695138623193,0.1431880430139593,0.023418654334333128,-0.6352955762659364,0.23172201899907613
0.09198540313007794,0.2530372128353822,0.44124228531092885,0.3431991275485728,0.3645121458177494,0.48953018255593445,0.24773100859643557,0.3750153828905139,0.3630304317068793,0.3850770733159204,0.3387660510601133,0.3835848082486947,0.2210678356496532,0.35891925383180534,0.4234260274459929,0.3611578607410079,0.40998133007535287,0.32192323418378066,0.5213441277250882,0.28224302556520187,0.36216438952374264,0.3767042397882422,0.3718532936397083,0.41399336767608375,1.3480386062330092,0.4192204451514393,0.49809481854165183,0.40096902512497007,0.787920286553877,0.15080345965157216,0.37067644321344945,0.34072908404521757,0.3687291943570145,0.5392796922234454,0.4148175328912052,0.3946446545766384,0.5085383142202313,0.19184160093757935,0.27244473859023627,-0.1840692263325355,0.3410592111825225,0.33475453015850154,0.3890753117283023,0.06059244654572675,-0.007325233790757768,0.2590410957266327,0.3752596634287965,-0.01340560580382823,0.4318389372660553,-0.19632876534552454,0.087073574061648,0.3247577943290464,-0.03342229279904576,-0.20686779345587206,-0.02710736622548067,0.007608419028492918,-0.05106879106665586,-0.00954531803281429,0.044832775646066234
0.08558960272815852,0.26602887298266165,0.4470133308583618,0.45192419218878455,0.5528874642151074,0.6311768760693962,0.3081475602458395,0.46967611713293084,0.5325175833435727,0.40356051391439324,0.43861347101490766,0.46599248408125715,0.200541098296547,0.5175571882697456,0.6169166984606235,0.3817362941663257,0.41369527332988787,0.19950057056580048,0.5982562877361505,0.3783172064576037,0.5567861895106399,0.4480048381327848,0.06172310243710565,0.20682988605827585,0.4192204451514393,2.044811015879133,0.20099266456228762,0.5198542145643612,0.42523512689179754,0.14985278542149308,0.23109042116406783,0.5738909736063844,0.502664289264614,0.3784786443027021,0.09418418388861961,0.317355230475558,0.6243016201255915,0.25984594760400714,-0.42158748054523726,-0.4092600326042063,0.3300499959711416,0.5453077163536519,0.3047295295433588,-0.00245864181599215,-0.3494279136354466,-0.11891053473954771,0.33253570756598305,0.22386907981329987,2.0812766260488416,-0.17606069987683992,0.10201079100044542,0.4473896095933372,-0.3593421766344842,-0.07824925687798925,0.07580309986475094,0.09386602444234607,0.013377708487898404,0.011741226584674264,-0.09016419284689305
0.0587589467687091,0.2389253705047592,0.37990005915243297,0.31211682403896496,0.2329806634269173,0.41571574952385193,0.2348939862543701,0.369809784468414,0.4280597379120878,0.43898229759743956,0.38298924381006383,0.357933911915267,0.20480135588674309,0.2727422779274982,0.4232086489655334,0.30054713930586013,0.43685220881253356,0.32953672884472596,0.4411609346376005,0.47696727851491694,0.3256906491462578,0.44440192290028807,0.3473202737923073,0.2389674790222897,0.49809481854165183,0.20099266456228762,2.2319569811996676,0.8368508185194212,0.25686090850538695,0.2088396569369676,0.2311976490841063,0.2596835356366203,0.9887500303266524,0.39077362039454855,1.0933570313858874,0.4137265646260639,1.106514175620627,0.2483430168759105,0.30650502366340326,-0.3717061739304748,0.45786032209336897,0.39471996963402595,0.795094815229752,0.18873779150364675,-0.3140355420226366,-0.15746287259994196,0.3550848872348603,0.40213736509449544,2.679018575118956,0.026224835726228177,-0.04477563553640743,0.28632942473197154,0.011806071235180543,-0.19378919596758878,0.19231903935139114,0.03114594063039043,-0.014413327118955108,-0.09207874820692823,0.101552600836474
0.09660042276543825,0.1028448498528964,0.2910438061927451,0.39908889745137277,0.49242351220224284,0.5158113115357527,0.32365250522626915,0.29153220161035875,0.6276854581688457,0.5823317825533134,0.43315948368746726,0.28840430093694464,0.22397554773678258,0.4971551322914034,0.5431500986886957,0.4546165303722579,0.7642123059039565,0.5853032772316875,0.5881166621490925,0.3790676908973609,0.5234271589776487,0.5523719455629693,0.27317078109448095,0.4668132764209028,0.40096902512497007,0.5198542145643612,0.8368508185194212,2.4253668330869176,-0.10957453187316697,-0.0945180116736499,0.623429184291403,0.46824164648288036,0.7395533868961774,0.5307541848821752,0.3697314815321937,0.3139944880463163,0.5558280525999612,0.28104206348560445,0.2712189260725947,0.021327513832350355,0.5741931589174993,0.4101793230013181,0.38702384608431645,0.09330896348862643,-0.5909211843191783,-0.03324374132115456,0.33266266799914995,0.2191902711561947,1.8521401274343263,-0.11857911701963525,-0.10738685461613043,0.6131829430133781,-0.09224049403592437,-0.1348163611194537,0.5243715346683882,0.1775092640679028,0.41979051454118876,-0.4919674082180051,0.0476471727132357
0.09670798745357721,0.4600096865908651,0.8510688863602304,0.28923961373548274,0.16867199699164825,0.667207478387207,0.17141712130513095,0.4408448480361255,0.3965751202388982,0.3568068614445796,0.33320146783289295,0.4052918505749366,0.30705864459458354,0.35841464401107104,0.5051965881182496,0.4291542757565838,0.32650384941853106,0.26275035337337055,0.7282514827941517,0.2883783161607918,0.4513059061415177,0.4407979694131498,0.904338573570526,0.2833798510561549,0.787920286553877,0.42523512689179754,0.25686090850538695,-0.10957453187316697,3.4740268865534394,0.7237729637255086,-0.46697454803710897,0.32131723344181695,0.4477476845863742,0.5225710117532125,0.8788417405695941,0.4574813831004568,1.6224415206529972,0.01847829833959446,0.36798805546113317,-0.5549310820836488,0.6769849680352749,0.38832671324713974,0.6464405329541336,-0.14514673312207704,0.40642695687377167,0.7083820215361893,0.6957162288954645,-0.21135568985963152,1.1219166465768844,0.45653601663827764,0.03107403816796344,0.040036251098493895,-0.2484636178130224,-0.17193697564218513,-0.2546452028931745,-0.053434588367777744,-0.5202688474183803,0.19322880815624496,0.4030348197822685
0.012722377841051317,-0.02668281450554502,0.008245617882466706,-0.047355970898543494,-0.11543952138241738,-0.1465456701171923,0.12898781471985055,0.12004899483038002,0.01462618028812316,0.20131691881637426,0.0564350786747168,-0.040299026598638904,0.09023609551657169,0.13599383324060135,0.2578966809949115,0.1261969004376674,0.019541486721587845,-0.2548566362071782,0.17047827312574157,0.3537179994123541,0.09339015118397381,0.06998817223567468,0.524741283072815,0.05086534692117059,0.15080345965157216,0.14985278542149308,0.2088396569369676,-0.0945180116736499,0.7237729637255086,4.2947296630370335,-0.5895451353022627,0.04082916656500648,1.677249421841975,0.5014285881338584,0.8622548442919901,-0.08915166161814264,2.716025935802889,0.24477134119275462,0.5830257470491581,-1.685535467228912,0.018522546632337523,0.2606833571445349,0.6878796487231291,0.01848686720015275,-0.18007585939216245,0.2610306885047497,1.6232487514768048,0.17673424822569722,1.6072295765573803,0.28377612177467565,-0.0944241622617602,-0.7072037183439249,0.44350788501391913,-0.11735966521591557,-0.15730203655311115,-0.07152093927855024,0.05532004154408312,0.1418556203578695,-0.060228568513168046
0.11735478192350116,-0.005186971094704708,-0.021085990527706263,0.3334335836062957,0.5371301530018714,0.40624988026702114,0.16074159401935428,0.26269391689659494,0.3442578122659751,0.30382194587557165,0.3278512252890099,0.2945158420875507,0.14981998274287145,0.30925543012614476,0.3378554185793938,0.2867451467913241,0.33713715160416496,0.7471320627557202,0.4676978042685735,0.06994440235672408,0.07244358516801654,0.2944815347574725,-1.3561000522236493,0.6389301637533461,0.37067644321344945,0.23109042116406783,0.2311976490841063,0.623429184291403,-0.46697454803710897,-0.5895451353022627,3.8380861660301497,0.3596150579810578,0.014144486619834466,-0.27573573198417306,-1.210677933713049,0.5396167887376676,-1.6520981476404932,0.21639698445972316,0.37603786739202616,0.809352865032773,-0.08836724672470356,0.11540507728457608,-0.2803553132370877,0.03660713610044395,0.06164429861880339,0.060727097912463945,0.0016407357515335424,-0.2659789017691053,-1.1913296803516007,-0.34844061363963397,0.025329339013905106,0.30943935528454924,-0.25390560609071205,0.04442371921595959,0.2730316182603973,0.06651299367779649,0.5660496423243375,-0.2473907528348296,-0.5583067571241441
0.141923665084575,0.09708445742378509,0.25865164622708975,0.3487358623825763,0.4209406725247424,0.5058865129538455,0.21397653876261902,0.37853548558673933,0.41717661899076913,0.35663223679556466,0.36265671409386346,0.4044286444971594,0.21397306811522382,0.5755108008273576,0.36527002955062,0.4274394336938042,0.38339402682741963,0.31088353235801325,0.5562634923127908,0.26111984921074266,0.36891024689942403,0.44103766806227285,0.08718317427577066,0.24720030493006587,0.34072908404521757,0.5738909736063844,0.2596835356366203,0.46824164648288036,0.32131723344181695,0.04082916656500648,0.3596150579810578,0.7963309460733806,0.2055410613973507,0.17704466542229688,0.19401638992053688,0.3382581754182313,0.20288802500951714,0.1894138468645157,0.10152384704096545,0.019949043442800404,0.2716978123280491,0.3649274558552218,0.15333896013636572,0.06881976045103842,0.05546841150346601,0.026961973522434204,0.34163387876310003,-0.0018130704427222642,0.9352816826776309,0.16440091692229256,0.026863942944184965,0.23855279415846617,-0.4924959086360599,0.0619466570329328,0.02696586639705992,0.035530981135026576,0.5370243243122742,-0.023536940811002403,-0.48903891780052183
0.03137568385690043,0.1944247024395514,0.31228943073683585,0.21242033358027745,0.1744508235889896,0.20397791804736579,0.2208954869749611,0.3215808337846458,0.2788596497399577,0.3312396056190254,0.23292964584410214,0.16368506587657367,0.16806032064842108,0.2500944141240263,0.38284643225839365,0.2225701165810222,0.3458531307341112,0.29489795946123437,0.37108112583841124,0.31006225254044495,0.3363674325337448,0.30711335019483943,0.5696124476724245,0.2664683797311219,0.3687291943570145,0.502664289264614,0.9887500303266524,0.7395533868961774,0.4477476845863742,1.677249421841975,0.014144486619834466,0.2055410613973507,2.2226562633565496,0.41120170323033206,0.6560125434675805,-0.16458233192311517,2.28378603815959,0.2531855995600124,0.3286184079527653,-1.3739560923690035,-0.15659937528372456,0.42948253816707777,0.737647276746543,0.04632041600510774,-0.5273580342624494,-0.3156263297329187,0.999989639734259,0.5449477983678278,2.9578725962572654,0.4903008806782764,-0.12007313218914722,0.14013598936700347,-0.10005848187824529,-0.24744082812628998,0.07631436933811962,-0.09422792812587766,-0.13725982479010387,-0.05178863944377431,0.38455236774933477
-0.08539470008637713,0.36674714687760646,0.28224893215749036,0.6000864769765892,0.8447210535211045,0.42613090464763403,0.5150467401224941,0.4183092337123531,0.29882138999580016,0.5880542822642001,0.4005152356519456,0.3740449807099672,0.3465287783140986,0.1677214258092632,0.1864933066004632,0.25379340485561014,0.48487197416239186,0.5461163560521298,0.06186251091033185,0.2653450692799363,0.4025147883984196,0.3121339451470309,0.9997503531265813,0.17813987126655997,0.5392796922234454,0.3784786443027021,0.39077362039454855,0.5307541848821752,0.5225710117532125,0.5014285881338584,-0.27573573198417306,0.17704466542229688,0.41120170323033206,3.7446576770385853,0.8800841278871177,0.07883765307605144,1.250961514097519,0.16215886394866239,0.8150545516164127,-1.1435414014213907,0.2560653090081786,0.2837637974629439,0.6883305449069519,0.10131115061013041,-0.9663386092846327,-0.028851386271209034,0.7627812537763218,0.401563178899391,2.039527217031921,-0.290558623981982,-0.05279546426743588,0.41599097435014587,0.237141993506561,-0.31676148565297135,-0.45817766238640345,-0.10268602522643445,-0.4629419179373504,0.12114553726761325,0.6540603062772887
