1.604583800363915,0.2993723216955509,1.012746706905834,-0.04548090772756535,0.23371956018991974,0.2309414538279822,0.397817678714769,0.21647499561667677,0.3344372528370174,0.3242458021380974,0.2013510985933845,0.31012554883797555,0.10963163462490566,0.2703274279503838,0.2272600680026534,0.24951889581098438,0.1446017795979475,0.351103470789824,0.2472761758921042,0.14561481827132372,0.2971658985835705,0.2665454976336718,0.18190708372405626,0.08055181435162938,0.2481916020670761,0.1171638701498414,0.23084928003211655,0.10746042078343647,0.14657039904245467,0.30876165698437047,0.19247383038910532,0.19958515879062005,0.2798550461436814,-0.1606850768184259,0.07000542865104997,0.1699867033093024,0.14040717271356537,0.1688429373998825,0.12680490645199857,-0.10892257725572842,0.14529763888544936,0.12604595968543786,0.43491920662236955,0.07299801353000573,0.37314651238222785,0.3678265408432188,0.24906132067875963,-0.02249619201233777,0.2537494153137074,-0.15435753406605396,0.08706197843214897,0.04055595085505095,0.12838012874068688,-0.11772790351769301,0.4464431651432244,0.0897765739880171,0.13035986786737627,0.9966395624433898,-1.715945281776263
0.2993723216955509,1.9303359558787108,0.3178351322427988,-0.31784554770497997,0.028083327633284583,0.2273213166529793,0.1341715135954048,0.049131099509905615,0.19901272245112359,0.15396014805616307,0.04629522509304776,0.030583395027122203,0.08061692761245427,0.02748902228386771,0.10878351036382634,-0.0010286326552168923,0.02461274874710289,0.06453582822086873,-0.07372082349157025,0.12294042402658702,0.23571368067865325,0.04988313383929721,-0.10234275124666206,0.05957939308190623,0.029193905044898834,-0.0047356161074573995,0.04240974079669648,0.08316238052299421,0.06572168749678266,0.02661300427946787,0.06657108389665299,0.04056026178156853,-0.006944950666087828,-0.013105600874000548,0.11041508150047227,-0.024858275621719772,0.05707049725247436,0.06186724096693786,-0.0376419606187941,0.05239591663232742,-0.018666219248029157,0.05194250616976,0.14101007328901355,-0.0381515295910483,0.24305947053471819,0.06813420619754464,0.1450442690305789,-0.0007953851661200008,0.18866345893415915,-0.19713253667158107,0.138027910136487,0.1410881955050208,-0.07223304446050872,-0.032734538296927664,-0.19348862388537347,0.08840515182133576,0.045482313896408194,0.15502140818397653,-0.06871838227882769
1.012746706905834,0.3178351322427988,3.660765039363234,0.4580315386395044,0.21987468455205633,0.4471296152549292,0.3022373548342269,0.8195620198924514,0.5935631152507271,0.6640418238667969,0.5177569782343454,0.5740389539147492,0.4556149099365216,0.5358396184594331,0.47098023654476456,0.5815977279775222,0.5347893117787782,0.7216035342705862,0.5062097947830171,0.37233366264152246,0.4368928149923226,0.5590068732653016,0.4043308897552319,0.5744573725182527,0.547765613223238,0.5749058940833486,0.4794186135777825,0.35098216944192123,0.7407328516151777,-0.160554335829689,0.3617872678415368,0.3962911318251533,0.5285706814756056,0.3877439694781791,0.4481818647442185,0.689964462101194,0.7455661259521996,0.2875513964265675,0.3391576239517131,-0.3674189487424378,0.7388207583691321,0.41985908436666247,0.5068513797627563,0.23720086881650315,0.8086742063155998,0.9877673427605211,0.6188686202843259,-0.0935462852447878,-0.2419688229084008,-0.11661524405833676,0.39990089217154723,0.12306990892203956,0.20920128006635613,-0.4559235921207601,0.08191465118763543,0.17288359767344105,-0.22581905705036162,-0.04605494606252938,-0.33553617624084087
-0.04548090772756535,-0.31784554770497997,0.4580315386395044,1.494919804362438,0.30112925956138464,0.36671321837423393,0.25742891057989514,0.41207267776309536,0.2124325549138707,0.30254700422749353,0.4643484732528289,0.4908555023842306,0.26520287572403367,0.406386635174276,0.2927529451417489,0.4062392752208401,0.3679551051398648,0.4011459928140417,0.3092595086102391,0.34820903639794093,0.24396501287511035,0.26259986948184966,0.20575896453715437,0.3456798107581473,0.35030101599927116,0.4353435014019024,0.2805958771666698,0.1748643091278985,0.4457437057344382,0.13863493520008388,0.09062915234068247,0.36519448933369103,0.2153386521010793,0.5020280076533233,0.18713376183897729,0.299191556629531,0.3809262498191989,0.2351412836169133,0.28394439495894336,0.009714621896073344,0.4691717764822941,0.25643621203212796,0.2852571724521917,0.31516721704861833,0.5062922889081362,0.3933160426955294,0.41271024526632294,0.08414676385122705,-0.09541798048510425,-0.08390847066844333,0.09139018608772079,-0.07808088539064102,0.07786557991616228,-0.04042084446902724,-0.26991193033273847,0.04173710270263441,-0.07860316107539524,0.26832010129169215,-0.2925152292674353
0.23371956018991974,0.028083327633284583,0.21987468455205633,0.30112925956138464,0.8995417650168885,0.3908941155937013,0.1771921923937601,0.2625835856477948,0.2762893302477231,0.3081013650784244,0.24177395006668054,0.26558300087702713,0.23359995997035654,0.28872368893713785,0.2770177444010613,0.3608426483526811,0.27941628504106575,0.2816931806691803,0.4644661556525466,0.22723384533550214,0.22962864164371555,0.2654491468843568,0.21387730300166463,0.3016481026160713,0.2655423707178967,0.31007607334854037,0.1759227094009271,0.1511607958460843,0.42433256709732914,0.2418845652687622,0.1633480496392498,0.25776722789837425,0.2294573542527206,0.3532984932663563,0.13103161936432242,0.25284614577967046,0.4082649303943256,0.2094521076912866,0.2363126324347549,0.10955392070747949,0.4256175579955914,0.26763035978371746,0.20670886837987323,0.12223444027766187,0.3149739582733999,0.4473000347200655,0.43388219706280506,0.14238234790695273,0.28541300660659297,0.1045047483969343,0.05729545407526576,-0.198417052309879,0.08336756295241617,0.015969480011642088,-0.07708837866203065,-0.006402230885507024,-0.10327188273851372,0.32603884292221924,-0.27873220495177053
0.2309414538279822,0.2273213166529793,0.4471296152549292,0.36671321837423393,0.3908941155937013,0.686799619624749,0.19084972972095268,0.31978136113377165,0.3181977209617112,0.3456056071614534,0.2916058905599731,0.2834949086853811,0.2597948997084294,0.31928220582390304,0.26948792059915067,0.32617183543994804,0.3086393687154107,0.2855868888907754,0.4433953079517505,0.3139098526774054,0.3108846454947869,0.3555882338542574,0.16417678386533763,0.38155047909743606,0.28485503914515836,0.30829723932294,0.2222739875338586,0.2416795633605651,0.4996622443488346,0.238045693863687,0.18266805889783316,0.30078574204688524,0.2292058001197616,0.3301364430092212,0.22558550653173454,0.19728554927076603,0.37603183657138356,0.24290460028246308,0.290280687904239,0.07839351834251597,0.3354617062506553,0.2551969665607112,0.31642273093812334,0.14849196836215395,0.3490988997017218,0.41047577682199515,0.5338976573332804,0.11527124274953104,0.5596236342817635,0.1075818659525463,-0.12353756410026935,-0.049237337444602486,-0.06905679696306044,0.019137513937927387,-0.09424376232546353,0.024653155948574024,-0.07365258676295545,0.30796820179850115,-0.2700433189362937
0.397817678714769,0.1341715135954048,0.3022373548342269,0.25742891057989514,0.1771921923937601,0.19084972972095268,0.5633730113470501,0.07590364188291504,0.34104834735383815,0.22071679611612802,0.19181413568175798,0.269565022176172,0.17767207003630342,0.13465406040629846,0.16088546717119923,0.17794286356876127,0.1605254461814857,0.2626042938085807,0.1520192162544544,0.1497028393106915,0.24103915555277647,0.25241292631817325,0.19288648149444124,0.276912328276843,0.1814605375855106,0.09045253964394856,0.1620642947380179,0.09432573878972554,0.22549965629272203,0.21547503196625473,0.11735397179742689,0.1302499962419163,0.19733284710134213,0.1271001944198643,0.04039332637805944,0.17303319797518402,0.2082106363836744,0.11612939458774155,0.0983763277222987,-0.0587624436473288,0.11210887327463663,0.12921197258698655,0.24638813767029372,0.11748761503595877,0.19262731438144193,0.19799283560079486,0.09646829528848937,-0.038925506905607796,0.01676519067778845,-0.11681161876598102,0.0033309237632358417,0.047455700854585926,0.05029473126842131,-0.06916253034530635,0.06697684010779835,0.09587359681351511,-0.0497945900294987,0.34122739521787443,-0.5397409727118
0.21647499561667677,0.049131099509905615,0.8195620198924514,0.41207267776309536,0.2625835856477948,0.31978136113377165,0.07590364188291504,0.8638233649646265,0.12339095731060223,0.3629849996547352,0.42655771498764133,0.3889761199992344,0.2858408321876754,0.4143130043685087,0.30848659347136786,0.42145566171356413,0.4076130432128832,0.36313840681964166,0.3745201142159143,0.3495436423367911,0.2040376479931272,0.24230731687638202,0.12306017922049141,0.2828986476574223,0.3926619692147333,0.5194888416323774,0.2960069891926602,0.26029429784271263,0.4180800801771558,0.12023892588742992,0.10179277033968652,0.3624494422225924,0.21987614637216968,0.37689050885298786,0.3979758419022208,0.23652301444281967,0.39687254887487017,0.24419395194346247,0.2964622781349901,0.09890260466753387,0.5169670780964452,0.30183517928465314,0.3881624435016546,0.1196123930697703,0.527325809871745,0.4914075672747811,0.5827974410408526,0.17306041922406057,0.3679491170564424,-0.021715749552897873,0.08940403371085,0.05738468238915201,0.03488475139190257,-0.0951896945186009,-0.08716895181218477,-0.023510299548174903,0.013267368608491429,0.4714596118309279,-0.5756783142108589
0.3344372528370174,0.19901272245112359,0.5935631152507271,0.2124325549138707,0.2762893302477231,0.3181977209617112,0.34104834735383815,0.12339095731060223,0.7453571878947363,0.20321793555120768,0.21648888527222962,0.21246345240423486,0.2281567673112716,0.22091090366251306,0.23506016556466627,0.21787106568224074,0.2058183972189486,0.23910804949101455,0.2525204778920885,0.220825223790215,0.28924284064752676,0.30360834980698836,0.2591665067358542,0.39545324156838785,0.21568149465466288,0.24726649294966194,0.18956742083655162,0.1387353472291,0.2721446840607934,0.2823513588614966,0.19749539434260027,0.16985882467495886,0.3046081154443682,0.11161661443764087,0.07264341300719929,0.2711768029560955,0.3417371233781258,0.15781548555901112,0.12785181293877745,-0.031668309876103584,0.24749291640441043,0.2087555275221404,0.2734056165400581,0.12167243289637958,0.3245728086523497,0.43201771293063046,0.23885917081121785,-0.008916355379514651,-0.046923886616394794,-0.1253652007617776,0.07921461667125254,-0.05231596140257012,0.1626294539011315,-0.07850789420351516,-0.03240431002548854,0.1285864305809121,-0.04435341544844265,0.28006248221173735,-0.420189296160137
0.3242458021380974,0.15396014805616307,0.6640418238667969,0.30254700422749353,0.3081013650784244,0.3456056071614534,0.22071679611612802,0.3629849996547352,0.20321793555120768,0.8454462122915128,0.21485108295505784,0.2809314497816519,0.23598838092932836,0.24861091423560622,0.25357115407399694,0.32151467518057214,0.25799945843743566,0.3536311322439273,0.3265132761878905,0.12990144989038824,0.19444686220607427,0.3605208295319572,0.3767267277279434,0.3590976109391559,0.3114710280433309,0.31936410321172953,0.22204603642712886,0.19462488514800264,0.474787380268177,0.11953957747559141,0.24554985692835118,0.22175257961064443,0.18102217240005036,0.3931546430809325,0.2731600655183737,0.2890522064872446,0.46086462572736886,0.14859596204453765,0.2804942571730983,0.061480174345903214,0.4660217788357284,0.2505057400630076,0.32038477612371363,0.15562067712142996,0.21926867656045,0.5150760234247092,0.5157470470393178,0.07482059021617914,0.4606680303503676,-0.005755461611551794,0.08009731605580334,-0.08209123303993807,0.025789405091610693,-0.04034585909249933,0.16933460677785772,0.1285693395592143,-0.031166662226050898,-0.016070933787201123,-0.24785983659597952
0.2013510985933845,0.04629522509304776,0.5177569782343454,0.4643484732528289,0.24177395006668054,0.2916058905599731,0.19181413568175798,0.42655771498764133,0.21648888527222962,0.21485108295505784,0.6366509183220704,0.41093396551254563,0.3014804065772546,0.3482475750350795,0.34794086865121804,0.32202347620514044,0.356158126641739,0.37671496079793587,0.2760939886286528,0.38736824608481313,0.25838456646976293,0.21862509601984753,0.08476969726909962,0.3055686431945641,0.30671958418610756,0.4998391284872507,0.2645030944311521,0.19958869973004006,0.42514756497123546,0.14612998240373035,0.08640878241716547,0.30838441480366624,0.1712330209992093,0.3176467058581926,0.352541781875185,0.26756640426193967,0.288979714861326,0.2356263145339351,0.27853224813303024,0.14464513110985236,0.43969863675645576,0.2764981845682742,0.3209864435469505,0.08403965463633918,0.5651444469749434,0.45718484279880106,0.43929516989522793,0.09651215539163831,-0.019935080891934853,-0.10971916886479448,0.11480229895329086,-0.13103076372619782,0.1471083405758501,-0.03723832899828442,-0.14260330047767272,0.021872147504293633,-0.13770453663150078,0.30061222080734473,-0.2882043379708766
0.31012554883797555,0.030583395027122203,0.5740389539147492,0.4908555023842306,0.26558300087702713,0.2834949086853811,0.269565022176172,0.3889761199992344,0.21246345240423486,0.2809314497816519,0.41093396551254563,0.7162655227596918,0.24389725155532402,0.34690021309768365,0.2928210663921285,0.37843732641006583,0.3500430385176584,0.464932949395395,0.29330514991860424,0.29984294390649574,0.2501711128036454,0.2359261232142941,0.10546144804588674,0.23785930944698258,0.34846784849817364,0.4528126140254968,0.2949116753512639,0.14447464231038717,0.3414199939921594,0.13846731878684207,0.06049250517315613,0.334348026812913,0.1477106890151665,0.37403210884750515,0.28332212833652326,0.2521378555423897,0.21255281527072828,0.21208184610745304,0.2318430356895287,0.06631291321893196,0.3960450988928824,0.23515885921871157,0.34136808925324524,0.11677239872054947,0.6063809180600609,0.3752332271719521,0.4434612168368545,0.10501151008983942,0.23910599166968446,-0.22257246150990012,0.15612034845997588,-0.08448447667764913,0.10703996020218758,-0.05166313354987777,-0.03904434681302292,0.14010607537521852,-0.12523987513557017,0.4942772052467149,-0.8309316262296792
0.10963163462490566,0.08061692761245427,0.4556149099365216,0.26520287572403367,0.23359995997035654,0.2597948997084294,0.17767207003630342,0.2858408321876754,0.2281567673112716,0.23598838092932836,0.3014804065772546,0.24389725155532402,0.4710388341008071,0.20098427743225944,0.18917996472047266,0.22622978075757552,0.2639905858609891,0.29302695153371944,0.23669123123916885,0.24040043930890698,0.16864692612949544,0.3571238646161527,0.12555291399180088,0.3652739247879995,0.20841773466218805,0.3641040740625792,0.19994298018870926,0.17016780239848703,0.4994000724486563,0.07233111493507721,0.051895401126045224,0.2236692574107059,0.1747100442819013,0.2743564634710907,0.25883159683529855,0.2459689081752946,0.2569072505833134,0.14490536526258835,0.22373654745293492,0.09801695935521955,0.39408712614627694,0.20751166352162825,0.1720462923126791,0.09935055228544726,0.24739433488930293,0.3691276796161859,0.3189093380891785,0.06267064187725983,0.1540507247878796,0.01690388375348141,0.0628568322821903,-0.13791137374598178,0.05259998455105558,-0.04042148019740677,-0.08719764830772263,-0.025238817923129486,-0.25361174279311843,-0.12612173413395317,0.338752069330929
0.2703274279503838,0.02748902228386771,0.5358396184594331,0.406386635174276,0.28872368893713785,0.31928220582390304,0.13465406040629846,0.4143130043685087,0.22091090366251306,0.24861091423560622,0.3482475750350795,0.34690021309768365,0.20098427743225944,0.5086764527004061,0.30610198541924954,0.38344350230435165,0.31533264615947226,0.27607753522621,0.3186537423424937,0.3328522136680412,0.2135643575157307,0.22532878456838534,0.11934375966340395,0.24964324029745802,0.3175039814715773,0.4413738636710466,0.2498030846758159,0.19844922350014702,0.3214365174230594,0.2084526343716575,0.10124596647522531,0.3918552044635392,0.19940533002536734,0.28705447268883455,0.3005352026707148,0.24701523742061793,0.2712871342460694,0.22125622147844948,0.2694038129012604,0.12862788737089598,0.4762922702541614,0.26194523294225264,0.2876259727451956,0.12559009797369858,0.5012668769960776,0.4370559613334565,0.49612321314808816,0.14107276568245716,0.37773970359119075,-0.04735675548110849,0.06553072077590245,-0.12967478699857032,0.13855943478147104,-0.023885856684373666,-0.15172387418114053,0.0241397327911862,0.023631057992440238,0.4037189377868296,-0.48973181527405346
0.2272600680026534,0.10878351036382634,0.47098023654476456,0.2927529451417489,0.2770177444010613,0.26948792059915067,0.16088546717119923,0.30848659347136786,0.23506016556466627,0.25357115407399694,0.34794086865121804,0.2928210663921285,0.18917996472047266,0.30610198541924954,0.6586736410780496,0.27826883206930675,0.3239940146634501,0.3238514651449833,0.3000618171410126,0.29060427444669285,0.27391583986932533,0.08036601565743749,0.07889338584790592,0.25834639838256207,0.31401430959567755,0.31470927260049897,0.21535612952587388,0.2963643789524047,0.3631070831454568,0.28887487429191017,0.16101999961472535,0.23892532264135488,0.2347761830173202,0.2434005610534559,0.24834337125251432,0.2247847302094096,0.3316124110754862,0.1896601512389839,0.23274825662262852,0.06743707916415227,0.38598553680240905,0.25527186026976645,0.2617201762330344,0.08633829562942454,0.46273618446228404,0.4125440971759812,0.41354094812700687,0.10646715677517492,0.07852243419322544,0.07487113248770692,0.013460045118161101,0.05856345738232103,-0.09531766992934798,-0.03934819637160963,-0.12110018565011102,0.034026774004192385,-0.10360004824318546,0.3267840660954477,-0.2563276523035522
0.24951889581098438,-0.0010286326552168923,0.5815977279775222,0.4062392752208401,0.3608426483526811,0.32617183543994804,0.17794286356876127,0.42145566171356413,0.21787106568224074,0.32151467518057214,0.32202347620514044,0.37843732641006583,0.22622978075757552,0.38344350230435165,0.27826883206930675,0.8173123807782511,0.4235907390755161,0.3303809252850848,0.43054833792853714,0.3092362666917718,0.256110950726412,0.26119631666000703,0.08918767178132575,0.2497097675166794,0.403165885940883,0.300385003985104,0.30382664208812277,0.30884257614925603,0.4955590583165573,0.2183354859392416,0.09865903229706356,0.32207838698877034,0.20418491193095525,0.3568437162413229,0.46589293001429427,0.26064402956822175,0.40730764124271085,0.2339093436803972,0.23068077340686682,0.07730765065378492,0.49833437910601447,0.31877059435901817,0.3614254849769174,0.1526739363915952,0.5185618539703619,0.4377563842068685,0.46375716722418675,0.11991992337313447,0.2051513807314587,-0.1570754191935143,0.0666281984068515,0.04448771462265652,0.02991165123129531,-0.036638514110683175,-0.05683421324712938,0.06812791267786329,-0.16992686233404738,0.39095909195561984,-0.4286715280356834
0.1446017795979475,0.02461274874710289,0.5347893117787782,0.3679551051398648,0.27941628504106575,0.3086393687154107,0.1605254461814857,0.4076130432128832,0.2058183972189486,0.25799945843743566,0.356158126641739,0.3500430385176584,0.2639905858609891,0.31533264615947226,0.3239940146634501,0.4235907390755161,0.9122736337094405,0.21951699617401024,0.40237499712767383,0.4313941357985373,0.370483335806054,0.19691785620740518,0.004897314811021133,0.18365065731949098,0.3117557239144162,0.27367785131489547,0.2560981572147195,0.5118964786477019,0.45029133974561875,0.2251456729903402,0.1348494284487829,0.2928416899540597,0.3670138941954988,0.3341380943600588,0.522897417129811,0.2923203097145882,0.6009485128263288,0.3145414209255896,0.17554261373955302,0.07078232751061432,0.5485178666237698,0.43611672378913025,0.2529921118191653,0.14313536873023258,0.7660055028401225,0.4938444419301768,0.5412500257130559,0.1855950133107693,0.03234951427085354,0.11378762525194674,0.08402392497823737,-0.03202769431671323,-0.14699299139244543,0.008358533730430844,-0.40881384736601123,-0.07780729709929722,-0.1500167454137104,0.3538294273226828,-0.16143789962098198
0.351103470789824,0.06453582822086873,0.7216035342705862,0.4011459928140417,0.2816931806691803,0.2855868888907754,0.2626042938085807,0.36313840681964166,0.23910804949101455,0.3536311322439273,0.37671496079793587,0.464932949395395,0.29302695153371944,0.27607753522621,0.3238514651449833,0.3303809252850848,0.21951699617401024,1.776242784914311,0.4242258132057086,-0.03992883657977721,0.3632046749997741,0.40868492219038177,0.13897054622419058,0.3820010414191923,0.26121545025710935,0.45569868078214654,0.24932686878711632,0.3180795153948218,0.41866519171603095,0.04369187929671115,0.18002196960707792,0.2823722688381261,0.32635479198142847,0.27917160483280995,0.2774526925914195,0.33342269956992954,0.13830793814139794,0.09449505473834784,0.39602064441727025,0.053343488722171865,0.3216304867154335,0.07188037459933797,0.5057050258666915,0.07979412144953231,0.869003853563712,0.42363198910246885,0.3830456550866845,-0.14782225291932224,-0.11301507982472313,0.10747984548009451,0.4412054516461004,-0.12582345805537737,-0.3293610668079544,-0.18153697408740319,0.03804092391408299,0.07595583219837697,-0.24086654216369505,0.3884390803876571,-0.5078164778935712
0.2472761758921042,-0.07372082349157025,0.5062097947830171,0.3092595086102391,0.4644661556525466,0.4433953079517505,0.1520192162544544,0.3745201142159143,0.2525204778920885,0.3265132761878905,0.2760939886286528,0.29330514991860424,0.23669123123916885,0.3186537423424937,0.3000618171410126,0.43054833792853714,0.40237499712767383,0.4242258132057086,1.0387529235965927,0.11277778052074587,0.3953521977050141,0.33515446160248236,0.05543551336793628,0.2778677326962221,0.27566446943128053,0.24987768538916347,0.22096552071895156,0.3942235584429993,0.4585633233092726,0.38751156822808497,0.2049376579641014,0.3200085466800627,0.38350291501491535,0.26697608046723803,0.2804918737429538,0.3040063914183819,0.4254552173633133,0.23089086799924466,0.3168454434236254,0.11790254736151742,0.48800095231880836,0.2840447663608871,0.29069046790754527,0.12469292835840852,0.5417760086877332,0.5302263707723679,0.4623187864107254,0.1317102047757135,0.2901347537586313,0.12943740089276431,0.20639880249625617,0.1470127907662689,-0.29067213772725614,-0.10788826807181084,-0.1444085163067913,-0.017495263890610478,-0.10271101174837545,0.4567866367483129,-0.3584706062954831
0.14561481827132372,0.12294042402658702,0.37233366264152246,0.34820903639794093,0.22723384533550214,0.3139098526774054,0.1497028393106915,0.3495436423367911,0.220825223790215,0.12990144989038824,0.38736824608481313,0.29984294390649574,0.24040043930890698,0.3328522136680412,0.29060427444669285,0.3092362666917718,0.4313941357985373,-0.03992883657977721,0.11277778052074587,1.1553678359503192,0.0449151047526307,0.10607290786561803,-0.012261898277304928,0.38111568105040283,0.2919925624881544,0.5145647378540505,0.3490708333341507,0.2517238437578962,0.24477719762323896,0.4567484168070675,0.0028295198406755205,0.26948623991305803,0.2841435458582054,0.23891727226020795,0.35601460380713373,0.15703436955313882,0.6194468336053361,0.4878375066552795,0.31400734119306556,0.11843521868818636,0.3277928507376095,0.3509876119904685,0.5149766953634849,0.13942443343284333,0.6708044600488542,0.35210758981200496,0.3976780304933665,0.26052705450057073,0.25297920658501366,-0.04537412081638999,-0.196545239548335,-0.06616967007806514,0.2182996933151694,-0.013390820002326848,-0.15840358436400145,-0.07226683608842568,-0.14555800585657444,0.4282844316147347,-0.2677076561759321
0.2971658985835705,0.23571368067865325,0.4368928149923226,0.24396501287511035,0.22962864164371555,0.3108846454947869,0.24103915555277647,0.2040376479931272,0.28924284064752676,0.19444686220607427,0.25838456646976293,0.2501711128036454,0.16864692612949544,0.2135643575157307,0.27391583986932533,0.256110950726412,0.370483335806054,0.3632046749997741,0.3953521977050141,0.0449151047526307,1.0332635941410833,0.22995730984082635,0.13788748400239423,-0.15022716095547914,0.23195781164448587,-0.35196067144779847,0.15921596550226996,0.28834465531479636,0.32134082958542187,0.41430679187787467,0.18751173377251062,0.18973023327045171,0.2131986509558871,0.2267127068750859,0.4403963221114325,0.14566303861595983,0.29940600508660337,0.14859677308764105,0.1406991293979633,0.0019795674553757196,0.1921786216877747,0.22010564954486825,0.2641568680159497,0.13581576508438784,0.7819797758233564,0.25354136547833855,0.45187961323117865,0.027887468975217683,0.16943158873656697,-0.17694571044841817,0.19437062738912853,0.0033377869105208333,-0.011864438144570128,-0.01677681348918527,-0.2123035830019165,-0.014133134117571096,-0.1732365531674529,0.45051495984713114,-0.30215752876019064
0.2665454976336718,0.04988313383929721,0.5590068732653016,0.26259986948184966,0.2654491468843568,0.3555882338542574,0.25241292631817325,0.24230731687638202,0.30360834980698836,0.3605208295319572,0.21862509601984753,0.2359261232142941,0.3571238646161527,0.22532878456838534,0.08036601565743749,0.26119631666000703,0.19691785620740518,0.40868492219038177,0.33515446160248236,0.10607290786561803,0.22995730984082635,1.2842941712695162,0.45703922330761104,0.30140745035996225,0.27284088162306736,0.12209130786193895,0.22757010303254444,0.10694186471551659,0.5620179057499228,0.13793496798714272,0.1445926744633201,0.2542774512972238,0.2801491813862149,0.2587511002976829,0.1922068888043329,0.36737390590669017,0.2282763185720372,0.14982850374454298,0.32267709639660286,0.027879917911230578,0.24241114753568657,0.18892237300773976,0.2325210372425262,0.1752846443694379,0.014453066282420228,0.45811748704100214,0.3821328761515543,-0.2884442080232974,0.6820265817864788,-0.005755588274192984,0.02075273280748828,-0.23033204165339036,0.11677906203422467,-0.09830892927130905,0.06938719119722406,0.016252631729524018,-0.26018764019314317,-0.02790662541034555,0.04167154027555542
0.18190708372405626,-0.10234275124666206,0.4043308897552319,0.20575896453715437,0.21387730300166463,0.16417678386533763,0.19288648149444124,0.12306017922049141,0.2591665067358542,0.3767267277279434,0.08476969726909962,0.10546144804588674,0.12555291399180088,0.11934375966340395,0.07889338584790592,0.08918767178132575,0.004897314811021133,0.13897054622419058,0.05543551336793628,-0.012261898277304928,0.13788748400239423,0.45703922330761104,1.6411377829002443,0.391663056096737,0.42250677771599343,0.046413043802663104,0.11840204678307142,-0.15908968002381974,0.5829900166291277,0.2483416662720484,0.35187611937522884,0.06860641286473902,0.2851212918016188,0.35614920308295367,-0.09433922962373888,0.4613428846501254,0.4516845652237613,-0.022091997953612972,0.37966889173446955,-0.09212895009486466,0.4118908984668056,0.11266894592621156,0.03475146259944073,0.28400687468205854,-0.3307084364434794,0.5582398180963613,0.3578800969922436,0.04847450479878098,0.4241129918070241,-0.09687248143969919,0.02522452956023238,-0.26620793264251436,0.3990115475724458,-0.09564406837464343,0.15922138352007884,0.03577242155542818,-0.03653471452907143,-0.13199780018711701,-0.04186391414911399
0.08055181435162938,0.05957939308190623,0.5744573725182527,0.3456798107581473,0.3016481026160713,0.38155047909743606,0.276912328276843,0.2828986476574223,0.39545324156838785,0.3590976109391559,0.3055686431945641,0.23785930944698258,0.3652739247879995,0.24964324029745802,0.25834639838256207,0.2497097675166794,0.18365065731949098,0.3820010414191923,0.2778677326962221,0.38111568105040283,-0.15022716095547914,0.30140745035996225,0.391663056096737,1.9772040860812456,0.29525743629253065,0.8642392542145204,0.16726060768030995,0.2620297680773255,1.0108759702079184,0.37146192662591143,0.24322984887601806,0.20457408783528952,0.5648407227671686,-0.034935629715378044,0.08777429433825829,0.5942187643586743,0.37768136297732013,0.16821792973911062,0.2795636529081591,-0.026590103491629668,0.4977162375455137,0.22790758518178603,0.20997577922081836,0.12382484808854811,0.07912185078394555,0.718810681345727,0.26372157180503275,-0.07011815086489524,0.01904405265655017,0.06230381930262242,-0.046285631113585746,-0.054386990381273786,0.11502960519402189,-0.1262891528932287,0.027205407201674407,0.09152954831558742,-0.13790329523886105,-0.3276070316588943,0.38195563002338784
0.2481916020670761,0.029193905044898834,0.547765613223238,0.35030101599927116,0.2655423707178967,0.28485503914515836,0.1814605375855106,0.3926619692147333,0.21568149465466288,0.3114710280433309,0.30671958418610756,0.34846784849817364,0.20841773466218805,0.3175039814715773,0.31401430959567755,0.403165885940883,0.3117557239144162,0.26121545025710935,0.27566446943128053,0.2919925624881544,0.23195781164448587,0.27284088162306736,0.42250677771599343,0.29525743629253065,0.7738200764515707,0.2141526123679108,0.2676694720859324,0.15172304009620757,0.6538226546850031,0.2935684969007222,0.13274339887655268,0.25667134725736257,0.21921428546005806,0.4204622033069225,0.3047758662543624,0.2958136668066452,0.45524502071205325,0.2153186379110669,0.21782244515500726,0.01672641255439277,0.44930381171702544,0.26967872723315167,0.32641069465242295,0.15077163823612305,0.26236276438619976,0.5410575299752366,0.4875750286016361,0.09929861123084666,0.25532542014875514,-0.4332124401591429,-0.01779928415685366,0.07724273321947245,0.2530461541160882,-0.03883444090196709,-0.01467982166018331,0.027178124198727595,-0.07735055899754907,0.321636514471379,-0.42697465621211494
0.1171638701498414,-0.0047356161074573995,0.5749058940833486,0.4353435014019024,0.31007607334854037,0.30829723932294,0.09045253964394856,0.5194888416323774,0.24726649294966194,0.31936410321172953,0.4998391284872507,0.4528126140254968,0.3641040740625792,0.4413738636710466,0.31470927260049897,0.300385003985104,0.27367785131489547,0.45569868078214654,0.24987768538916347,0.5145647378540505,-0.35196067144779847,0.12209130786193895,0.046413043802663104,0.8642392542145204,0.2141526123679108,3.6247542470305114,0.31710437061031904,0.17152825574380656,-0.06940637579319638,-0.341078467876274,0.12615246313904407,0.49557460667743886,-0.0607847421735784,0.36616190361850237,0.5477219923234803,0.268639198286611,0.011279028263960666,0.31641690220414986,0.6046991309337797,0.8566678203089315,1.3199677545619788,0.5271961927739224,0.592116946325045,0.04231015076678243,1.7293985505025162,0.6838949526616586,0.6548453075717237,0.4778264430383071,-0.13771928484862486,0.10972566559943173,0.40068839415425866,-0.5559099007415458,0.040126124112125724,-0.0687864061201384,-0.11117172209544167,0.0558324248629309,-0.37533673616104923,0.8298775750884071,-0.6818112046892343
0.23084928003211655,0.04240974079669648,0.4794186135777825,0.2805958771666698,0.1759227094009271,0.2222739875338586,0.1620642947380179,0.2960069891926602,0.18956742083655162,0.22204603642712886,0.2645030944311521,0.2949116753512639,0.19994298018870926,0.2498030846758159,0.21535612952587388,0.30382664208812277,0.2560981572147195,0.24932686878711632,0.22096552071895156,0.3490708333341507,0.15921596550226996,0.22757010303254444,0.11840204678307142,0.16726060768030995,0.2676694720859324,0.31710437061031904,0.9274584502568479,0.2451265008515628,0.25532417192290136,0.206445971291129,0.055669000466086686,0.2329490160618668,0.3199096773859872,0.1802696238484762,0.2499070420702004,0.38674694357725986,0.31611920386783376,0.20663601556106842,0.18972304867905337,0.01633734482515234,0.31418413881475565,0.24376576864525626,0.58703072324921,0.13739915826898358,0.5512054317954219,0.2521248798868437,0.1999158227381631,0.014511802509807615,-0.019957730390501607,-0.11835924806827558,-0.05491653517360825,0.08760968359191598,0.10359538268822305,-0.07311111084728725,0.08606444706866347,0.01777469253703373,-0.12054841746037649,0.23316656581851736,-0.29173980374786246
0.10746042078343647,0.08316238052299421,0.35098216944192123,0.1748643091278985,0.1511607958460843,0.2416795633605651,0.09432573878972554,0.26029429784271263,0.1387353472291,0.19462488514800264,0.19958869973004006,0.14447464231038717,0.17016780239848703,0.19844922350014702,0.2963643789524047,0.30884257614925603,0.5118964786477019,0.3180795153948218,0.3942235584429993,0.2517238437578962,0.28834465531479636,0.10694186471551659,-0.15908968002381974,0.2620297680773255,0.15172304009620757,0.17152825574380656,0.2451265008515628,1.2209301530808794,0.28441444932913684,0.13215135675287343,0.2728223472729103,0.22868797103128866,0.568478310956097,0.0728761008718592,0.8717375113317931,0.1352854010108827,0.5095944140735742,0.19033575829512112,0.1930115090997799,0.147864572436989,0.4411818693351193,0.29826254473271796,0.27837206777708956,0.17898491990498347,0.4654513610750233,0.2765732743914289,0.33521824833874303,0.2097680431237024,0.22889858702513344,0.25944375267884606,-0.052723719945542966,0.5575123334572717,-0.7502920962619763,0.004017647856308374,0.04557695345667566,-0.0576210536765051,-0.06798952807185196,-0.08161683181380322,0.34285757293533087
0.14657039904245467,0.06572168749678266,0.7407328516151777,0.4457437057344382,0.42433256709732914,0.4996622443488346,0.22549965629272203,0.4180800801771558,0.2721446840607934,0.474787380268177,0.42514756497123546,0.3414199939921594,0.4994000724486563,0.3214365174230594,0.3631070831454568,0.4955590583165573,0.45029133974561875,0.41866519171603095,0.4585633233092726,0.24477719762323896,0.32134082958542187,0.5620179057499228,0.5829900166291277,1.0108759702079184,0.6538226546850031,-0.06940637579319638,0.25532417192290136,0.28441444932913684,3.90490288505386,-0.20578038059753231,-0.21037907966673366,0.30829028284080345,0.3391868240318236,0.6119836124593102,0.15150801617448564,0.7062549256311806,0.8368573318497141,0.11570827423254386,0.20240709201370516,0.019133330915016143,1.3105771202239287,0.3250190953301122,0.11376600425881389,0.03482062488027592,-0.26549333214322296,0.9971585876018823,0.5618967339740691,0.014661264087761496,0.03159616495058694,0.04496495945719871,0.02249305202773169,0.08780827885528815,-0.16013402598199905,0.039228234070348075,-0.07290683281421409,-0.04297117842974769,-0.36215457591227906,-0.12538581036441931,0.3263259747128227
0.30876165698437047,0.02661300427946787,-0.160554335829689,0.13863493520008388,0.2418845652687622,0.238045693863687,0.21547503196625473,0.12023892588742992,0.2823513588614966,0.11953957747559141,0.14612998240373035,0.13846731878684207,0.07233111493507721,0.2084526343716575,0.28887487429191017,0.2183354859392416,0.2251456729903402,0.04369187929671115,0.38751156822808497,0.4567484168070675,0.41430679187787467,0.13793496798714272,0.2483416662720484,0.37146192662591143,0.2935684969007222,-0.341078467876274,0.206445971291129,0.13215135675287343,-0.20578038059753231,3.0456570823517413,-0.20739693490536837,0.09127698796255584,0.6709378015603593,-0.33556852324478603,-0.04841392600143526,0.2715572109310213,0.7236672780100368,0.2895788380693026,0.18964613313716644,-0.11990126750762868,0.11730336046055775,0.14635957679934034,0.6280678153133497,0.19362548955777703,0.5939349184815765,0.4823998556695182,0.564352501945932,0.0840237093495436,0.9169504159660041,-0.2970333920588247,-0.18147090701196678,-0.2809167294580476,0.37184935711227024,0.04750439039122887,-0.19539578046270273,-0.2541457053544568,-0.30503009311825885,1.7206023875285978,-1.2161784961333724
0.19247383038910532,0.06657108389665299,0.3617872678415368,0.09062915234068247,0.1633480496392498,0.18266805889783316,0.11735397179742689,0.10179277033968652,0.19749539434260027,0.24554985692835118,0.08640878241716547,0.06049250517315613,0.051895401126045224,0.10124596647522531,0.16101999961472535,0.09865903229706356,0.1348494284487829,0.18002196960707792,0.2049376579641014,0.0028295198406755205,0.18751173377251062,0.1445926744633201,0.35187611937522884,0.24322984887601806,0.13274339887655268,0.12615246313904407,0.055669000466086686,0.2728223472729103,-0.21037907966673366,-0.20739693490536837,1.9050447901671128,0.14478747386838572,0.3280495257351104,0.05044396155966646,0.08667877536673729,0.31939816652179953,0.08743903878156632,0.1668085201637923,0.2606744359196504,-0.013599564384746583,-0.0961855189231533,0.14807592956570098,-0.026276225854655555,0.10220222162699943,-0.042463079138590515,0.43202958291981564,0.269425883901822,-0.028471745194478062,0.32770658783953976,0.34482774338399136,-0.11054254886284055,0.34710471000497284,-0.33502057671952223,-0.09758531937543707,0.19926264352568931,0.13806436880846162,0.33963281341341006,-0.5328353712864092,0.09748701675921753
0.19958515879062005,0.04056026178156853,0.3962911318251533,0.36519448933369103,0.25776722789837425,0.30078574204688524,0.1302499962419163,0.3624494422225924,0.16985882467495886,0.22175257961064443,0.30838441480366624,0.334348026812913,0.2236692574107059,0.3918552044635392,0.23892532264135488,0.32207838698877034,0.2928416899540597,0.2823722688381261,0.3200085466800627,0.26948623991305803,0.18973023327045171,0.2542774512972238,0.06860641286473902,0.20457408783528952,0.25667134725736257,0.49557460667743886,0.2329490160618668,0.22868797103128866,0.30829028284080345,0.09127698796255584,0.14478747386838572,0.5789852751170292,0.12368209976085125,0.3534907715983609,0.26919412761306977,0.23369965636723128,0.15984247458441417,0.21251240066705313,0.2837069587937652,0.19572241712594093,0.4879258940775958,0.236938280746907,0.21018371879868733,0.10539226682335888,0.4731813084515131,0.3918269016794554,0.46076195053192914,0.14244561175665116,0.39928533548739803,0.001815825707611338,0.08958684458360858,0.02217353184082406,-0.1570170201662867,0.012891588292570071,-0.20299177317697828,-0.010571601906712472,0.2266100498543648,0.20872699482580362,-0.424544925851074
0.2798550461436814,-0.006944950666087828,0.5285706814756056,0.2153386521010793,0.2294573542527206,0.2292058001197616,0.19733284710134213,0.21987614637216968,0.3046081154443682,0.18102217240005036,0.1712330209992093,0.1477106890151665,0.1747100442819013,0.19940533002536734,0.2347761830173202,0.20418491193095525,0.3670138941954988,0.32635479198142847,0.38350291501491535,0.2841435458582054,0.2131986509558871,0.2801491813862149,0.2851212918016188,0.5648407227671686,0.21921428546005806,-0.0607847421735784,0.3199096773859872,0.568478310956097,0.3391868240318236,0.6709378015603593,0.3280495257351104,0.12368209976085125,1.889406299674609,-0.20783692642769602,-0.5107748229793724,0.3332429257771605,0.7364157210829461,0.2163000300260821,0.12895087775975986,-0.29019794373763363,0.03887559742637512,0.21113289698335685,0.2875074921471069,0.17083421709035163,0.20918280876488995,0.6276167657793095,0.42851669882066895,0.030347860298888835,0.24909337068956408,0.23742949880043127,-0.060373894853559415,0.11579486630594489,0.007931878521049816,-0.23957317909971063,0.024264193562841575,-0.16054921974933725,-0.19558354242639908,0.5267693738992495,-0.3304494398135252
-0.1606850768184259,-0.013105600874000548,0.3877439694781791,0.5020280076533233,0.3532984932663563,0.3301364430092212,0.1271001944198643,0.37689050885298786,0.11161661443764087,0.3931546430809325,0.3176467058581926,0.37403210884750515,0.2743564634710907,0.28705447268883455,0.2434005610534559,0.3568437162413229,0.3341380943600588,0.27917160483280995,0.26697608046723803,0.23891727226020795,0.2267127068750859,0.2587511002976829,0.35614920308295367,-0.034935629715378044,0.4204622033069225,0.36616190361850237,0.1802696238484762,0.0728761008718592,0.6119836124593102,-0.33556852324478603,0.05044396155966646,0.3534907715983609,-0.20783692642769602,1.914613379613674,0.4058713841518972,0.08963852188381341,0.9269705257045924,0.15420856603298375,0.23615657308603205,0.07098558553643422,0.6385303268809178,0.37215085952619165,0.22253300722155267,0.18789103094969895,0.2980694357677262,0.18795071886921816,0.7207183396159058,0.30283437056459883,0.3548215201392946,-0.13821874861631056,0.021858611778430553,-0.08787668511908243,0.04972251007551268,0.03005661264230417,-0.22500535344305006,0.07752723042626258,-0.0916603969420623,-0.14137468467667316,0.16912791459959384
