2.328679006347945,0.6227503174890023,1.5404634794423562,0.2987725880916343,0.31460954900323057,0.4357090085029541,0.52499805616676,0.39264176558647046,0.48153061653172713,0.31135954603965826,0.3660344067675641,0.3751793721427194,0.3574331378708219,0.3338942254522349,0.3922517242065031,0.23616980666401313,0.2794936087933399,0.44309315791802173,0.37119615775279247,0.3462986335913154,0.3712314564761784,0.362363043300581,0.2546465141101932,0.16143014734565253,0.3663967861723508,0.3746784742345633,0.4045300213102889,0.3063782570014205,0.44128947337697033,0.47760677450848116,0.29699233188368523,0.3263010698398489,0.2544615073706113,-0.13172153729726768,0.2877414880992531,0.28314121437376144,0.21822897305775935,0.244675634479791,0.41754350980880806,0.43470218728659704,0.23710169502670253,0.20658206608937382,0.41518251007246765,0.09604543573282089,0.24676024130952684,0.17235927798313802,0.39368447186206373,0.036928632693253485,0.6610753779843498,0.18073037537092257,-0.053116806463696584,0.10539271289083653,-0.09334126837221986,0.0022145348790692516,0.43691129533042894,0.012930764310328302,0.20592648386989282,0.15617566167790028,-0.6852303423439531
0.6227503174890023,2.0388092008176324,1.4252597116403796,0.1908110230133035,0.03443589333813331,0.6997645380670352,0.2914223930793083,0.5671280456855107,0.5282887266581817,0.42526508809428487,0.4054335323301224,0.3792083621218621,0.36309427682222994,0.41897844983787136,0.3915746845641676,0.23665781494117702,0.3642026417906099,0.5616861844013699,0.4288064039957114,0.5168276785621143,0.5332024008660233,0.3931462692945631,0.32289204556029627,0.38389568501257026,0.44235553154734325,0.45254029791845723,0.6471650879261989,0.3787728209364874,0.5009863292947309,0.5284443384620181,0.4177394179410384,0.3334179883703852,0.45934387656738657,0.3786586332709946,0.27961155566656654,0.42293887121113743,0.46099309937145616,0.30474118004932443,0.48440338583588444,0.3614513113774476,0.4359070910051969,0.3979597673342834,0.4036985676647977,0.07962382053994867,-0.01137909408180186,0.267318443633257,0.5320131358838783,0.13349374049206264,0.9290744194978925,-0.03601839773828462,0.3099905010128229,0.15916290541230957,-0.10254401134556793,-0.23927365697709693,-0.36557523746890946,-0.07193578938022373,-0.310298735293109,0.41374551797534564,0.22494070862147944
1.5404634794423562,1.4252597116403796,4.280958887295471,0.26819394459521273,0.033950602337714825,1.0380340534175694,0.723025332090313,0.8972004503647181,1.2444268774361535,0.6601970150671242,0.6876487049600205,0.6846312037702932,0.6317418596916995,0.7155804683780526,0.7998153286733638,0.30136081886132815,0.6531417878839304,0.8011833210336016,0.6313646288106816,0.6766501182001051,0.7705133052497739,0.6712945949501006,0.5671674520251293,0.6197346311962924,0.6702816407932689,0.896957632249501,0.9057322950798139,0.6930368865923906,0.6862667692413895,0.8637418157881216,0.6478091446108232,0.5975895719298945,0.6685470870987185,0.5378541272565468,0.6736550049129177,0.9008554720220618,0.5868586259677538,0.32347769598771553,0.7726936948408462,0.5871436849491556,0.6616160638382028,0.7423047929932047,0.7770936421328405,0.09988275342546868,-0.06261588179750706,0.23669083589729398,0.7428441058031001,0.20184095971400304,1.5595239793227715,-0.04836933391556428,0.2112453899976406,0.13493089030492036,-0.09630172311081692,-0.14414517444639044,0.23993809664885254,0.23224609939405766,-0.06124630748506606,-0.2544832071773464,-0.08056110869788796
0.2987725880916343,0.1908110230133035,0.26819394459521273,1.5530156755832458,0.6256678987264102,0.5216496736778087,0.4259223703270581,0.49300565922469364,0.36193973940375473,0.5259511740939802,0.4202796100046633,0.5240834885039202,0.4182206673599873,0.47688081055412346,0.4007710602450269,0.5091662357366809,0.45359592463896903,0.38178378359469745,0.5593585763488916,0.42005957379090963,0.3539260480485118,0.4461387690902295,0.41781134269725445,0.4271229741742007,0.43195598164562354,0.3508130444275526,0.32072284980162996,0.21221249013942045,0.4669079723891881,0.3069541622150521,0.36440477196256815,0.35119314655022255,0.4163767439961834,0.4779685598426992,0.03659581923182436,0.348421347663419,0.38349975455887436,0.28229812475156707,0.4986540073483981,0.1485051038377945,0.3339478190517148,0.26220481899847176,0.13203185646894416,0.11192441534850237,-0.11878957144662759,0.39173904494213135,0.5917456902840258,-0.02146962057161451,0.5814192475172426,0.26706006692842243,-0.05779997252321312,0.20576976141307626,-0.10963371750182861,-0.31517174511620805,-0.29472973828154875,-0.08770893688911668,-0.42345635569544315,0.7224803772023752,-0.195937553400938
0.31460954900323057,0.03443589333813331,0.033950602337714825,0.6256678987264102,1.7435945692680597,0.3505293405373955,0.7083688542892046,0.46514750314711567,0.3966186476577194,0.518427546544884,0.544697091563708,0.6410615527688346,0.6510945789043654,0.5264818103638238,0.521314897327277,0.7439270517156706,0.5087553671571792,0.40067454722375445,0.9194701069850187,0.5380832788723198,0.4255396101002259,0.5927512968115819,0.4353328742766652,0.5237560544619717,0.3987466457624926,0.4098255655782167,0.24600810720317337,0.273932550582729,0.5307465015935513,0.1996601769883875,0.4434645097888418,0.5849191827797509,0.5089613973591595,0.6406684267499531,0.08442508850295719,0.4672419402475866,0.5948404957368799,0.3456854758248032,0.5433219107695125,0.15012689742100796,0.4242030753571371,0.37306000268759193,0.2054466143950847,0.1195012799613676,-0.24859947170444974,0.3415286505315126,0.6905882608930686,-0.011550399070426775,0.737053556768356,0.4072238618193647,-0.14781696917139786,-0.1741846281218213,-0.03703872673680365,-0.16972808341011505,-0.12654881725899064,-0.06924461531059618,0.01301681981048016,0.22118885652344777,-0.2080831372233046
0.4357090085029541,0.6997645380670352,1.0380340534175694,0.5216496736778087,0.3505293405373955,1.34370460559448,0.14965179211050525,0.7331279520398011,0.71059907632142,0.561996985080671,0.5876777930927338,0.615011128554561,0.5666416472142545,0.6727461766417874,0.5758071207173058,0.5010364484004034,0.607815791406154,0.555328494178925,0.8131550419093642,0.693678957136063,0.558063361260138,0.6273875151607505,0.5576463319334625,0.6103715953467376,0.5902708077089163,0.5990097513000333,0.5543689237769568,0.3973027002058362,0.7023729076527727,0.5687896910011668,0.5111377857066252,0.5810961664103492,0.527533289659498,0.6362407553936037,0.30829090071997584,0.5128249561562661,0.5984566627612652,0.41438335586723696,0.6255067042735795,0.36835082984881135,0.5386291252971266,0.4921871736605641,0.5167274107231291,0.16660269678236417,-0.1353318870493437,0.288817402233521,0.69975245441875,0.10305108375937709,1.1598116632568527,0.19319638418500729,-0.06441683375880333,-0.053962578970382286,-0.0017440785159596424,-0.14179487193149856,-0.24790140498526655,-0.01688011752142465,-0.12410778932986712,0.44891584659086653,-0.18656676190493857
0.52499805616676,0.2914223930793083,0.723025332090313,0.4259223703270581,0.7083688542892046,0.14965179211050525,1.6009006065582265,0.5508807094315162,0.4419231707654325,0.3817926656655507,0.5267303561947678,0.6267650273624961,0.5019339666015622,0.5152851640807942,0.38545383018869067,0.4893334175724242,0.5412547215827601,0.4503482681359647,0.432254690581909,0.5253067135379761,0.4598446975046777,0.5802304265149909,0.3938433256378202,0.5179974797186043,0.4755616869209476,0.5198710517029138,0.5257485517781547,0.37025141498386666,0.44195568147635367,0.3849826106994033,0.4609936978417409,0.5059912296880337,0.5106745258861101,0.5911028126656892,0.24447233686662936,0.46529744684631325,0.5294138792917797,0.3055848314921175,0.6032696846104919,0.2646918319450227,0.4014307528341699,0.3906142404853115,0.3795624947473433,0.10526321110508861,-0.18339508757772172,0.2472058731389888,0.6088605322808857,0.058987532757992484,1.1997358073772544,0.11504972896177039,0.013930556668157996,0.014583677087726848,-0.08693414023418175,-0.21334012508195904,0.0059204842909602725,0.11939487727902393,0.08473449920470623,0.2060409030131789,-0.48434952705503137
0.39264176558647046,0.5671280456855107,0.8972004503647181,0.49300565922469364,0.46514750314711567,0.7331279520398011,0.5508807094315162,1.1524955476762122,0.4649984318069804,0.5414584874646291,0.5647211510280673,0.4328036597516759,0.5219917164403568,0.7005728284520509,0.4569689110618366,0.474778988317219,0.6028912804099218,0.5855945986234028,0.6008139734340969,0.6269064634520921,0.4763619299745976,0.587499350790513,0.5475808311670911,0.5829542945480322,0.5539529088512323,0.6140826309986699,0.5984095504171609,0.418335695406753,0.582509757185991,0.6374978792138871,0.47163818403194935,0.5283858452322215,0.49098163503049985,0.6029148871939713,0.3862205620118023,0.4670283044290233,0.5626581443533479,0.36680378789523443,0.6710747472476194,0.393694295640331,0.5072736913681075,0.473411856934075,0.49227791546593874,0.1353752798781981,-0.13272855062531302,0.2663171128751213,0.7480399258852258,0.11785217286633506,1.3061613827566199,0.22709276674764187,0.0406682060506254,-0.00149957617726558,-0.03819400052083464,-0.18672905600745007,-0.20564377843205123,-0.04618059311685839,0.011450193541533756,0.4443473286579898,-0.2139316179544361
0.48153061653172713,0.5282887266581817,1.2444268774361535,0.36193973940375473,0.3966186476577194,0.71059907632142,0.4419231707654325,0.4649984318069804,1.3193057792902643,0.4733826773886117,0.4891304638812748,0.6078243455963221,0.5089460935845836,0.5633635518217728,0.7099982550183107,0.35541485958693075,0.5202394623940139,0.5044204219625688,0.6216904355957616,0.5534667299420662,0.5504735918526594,0.46296004247900097,0.39271883165923854,0.5330840913191133,0.4639524520803705,0.7392671867330884,0.6007184281163173,0.4968884055792594,0.34080957147614044,0.42049735749504363,0.5176276421953135,0.4536449832477139,0.6285945757573099,0.5853361360101188,0.4163462804777395,0.4746783447057819,0.5456955948954271,0.32234630377095846,0.5261211591165291,0.3381659253187023,0.5369739160779483,0.4776729632422027,0.4813802855208084,0.0951336577614198,-0.23288818564978042,0.18505500759704166,0.6425771395487551,0.2178628848794015,1.3995842159949883,-0.11474524868517444,0.16287992897556924,0.0742171133722792,0.04194629993858959,-0.19566918145806156,0.08410994425351194,0.319042866950823,-0.22586682077190487,-0.10544416486420467,-0.053770143923727504
0.31135954603965826,0.42526508809428487,0.6601970150671242,0.5259511740939802,0.518427546544884,0.561996985080671,0.3817926656655507,0.5414584874646291,0.4733826773886117,0.9943856251813933,0.5970926436527418,0.5571736763162335,0.6057215706045999,0.525217686056307,0.5037251543737103,0.492316093226149,0.5573217552040229,0.5331633615219271,0.5735437155794444,0.440850164335376,0.41559744296997936,0.5889679363075996,0.5724936935709884,0.5242875116175559,0.493442967537148,0.44438075828230467,0.5707841138470064,0.4526232521975752,0.5530578597515733,0.42947352016193424,0.44962570767349075,0.4712944838491658,0.5032742325510571,0.5628618220485863,0.3693779331892009,0.4362446602192478,0.4965235071557478,0.2886894917839197,0.5932570513235012,0.31542721659740375,0.4300051156377389,0.41621200138181313,0.32904079998281727,0.09637072383574415,-0.18064995187758207,0.3991971338110464,0.8498069777250565,0.03217319009095171,0.9166302346755922,0.21500315523625507,0.015980591999987172,0.16204651096191738,-0.13532513626059448,-0.1679555591815366,-0.01715532808901591,0.03270842114486585,-0.18137225996942954,0.019316299618796478,0.09352415845858486
0.3660344067675641,0.4054335323301224,0.6876487049600205,0.4202796100046633,0.544697091563708,0.5876777930927338,0.5267303561947678,0.5647211510280673,0.4891304638812748,0.5970926436527418,0.8504064858913544,0.6460499782740811,0.6294642795642946,0.5428465500577493,0.5665202110393927,0.5169808020388709,0.5835079087696609,0.4775873784814541,0.5678801677537583,0.6231926484169916,0.4999152789105733,0.5638675612631908,0.45798782121829573,0.5325092764640569,0.5035037912775834,0.5437269017582848,0.5755930072716062,0.4027819818634997,0.5875062327082762,0.4509496235229896,0.48268470671251146,0.550992071682919,0.42415004618074786,0.6126888530478922,0.3997357138193552,0.46698166247875866,0.4923925330713932,0.3670985677719485,0.6289560919180656,0.36218042730278244,0.4468983823957885,0.44568534658040426,0.4334134310704903,0.12226242085150302,-0.09081191652220026,0.3119038166948191,0.766929552463431,0.07983343668162002,1.010676263258646,0.12762511145637767,-0.010007950881643976,0.08450076296247297,-0.01631399693832393,-0.11310035825051928,-0.167627282819495,0.020188841756434508,-0.02385848338509742,0.3222078252233606,-0.307862103863628
0.3751793721427194,0.3792083621218621,0.6846312037702932,0.5240834885039202,0.6410615527688346,0.615011128554561,0.6267650273624961,0.4328036597516759,0.6078243455963221,0.5571736763162335,0.6460499782740811,1.0329568564038427,0.5537635531691911,0.5401530816637119,0.5368033480980834,0.595399248591777,0.5494460121614275,0.3451652184909607,0.6256156207561281,0.6038139219698435,0.4594322946907447,0.5267329495467391,0.3888325571453243,0.49600828309254413,0.5253347509900934,0.5706290528273559,0.6244186444843061,0.30448909383127665,0.5319439659144862,0.29988327975571183,0.4716753330271593,0.5584673693526162,0.41717417837111176,0.6551407485388908,0.272116369484045,0.4129472405094991,0.43392875048910046,0.35665297776882904,0.5761029105435759,0.27880325705295383,0.4251335670244054,0.38944960500092474,0.3103119663622452,0.12344307854490252,-0.19364403277495687,0.313675962252542,0.7086897209450816,0.07477148913355448,1.0694888975990873,0.021231779508088612,-0.09835965048676126,0.19651038134353546,0.01963864511182276,-0.1684062281533401,-0.15039938757904575,0.08817446415929531,-0.14024839009160248,0.23754941995468593,-0.23901755520928675
0.3574331378708219,0.36309427682222994,0.6317418596916995,0.4182206673599873,0.6510945789043654,0.5666416472142545,0.5019339666015622,0.5219917164403568,0.5089460935845836,0.6057215706045999,0.6294642795642946,0.5537635531691911,1.0400393360772027,0.5105738690208772,0.4436612876270132,0.618136278217894,0.6031795198237018,0.48456672656603145,0.6343935258305946,0.49235557372450817,0.49356485388736443,0.8343875952857807,0.4910198784087215,0.5772035999351539,0.4918576835121563,0.4379468849857731,0.550034466411433,0.4667380153339361,0.7175002397318091,0.5484594059497123,0.46901745783134685,0.6490949177884424,0.3915512599792317,0.5739335513030078,0.4000245274001803,0.5824478073888724,0.4029786836956228,0.3078148648964427,0.6925178434930982,0.34960124244118945,0.3918751735884382,0.4293920634978742,0.43998186626409824,0.1599565587879188,-0.11642224200242593,0.45942017887407777,0.7647317104104342,-0.11114060614442335,0.9669527670294596,0.30764186603171706,0.07287520610987769,0.0077416099964104975,-0.29772270065894557,-0.09032890599454829,-0.16217302680030962,-0.0036521280250607427,0.023521999465565078,0.2965578515317524,-0.33533723539017557
0.3338942254522349,0.41897844983787136,0.7155804683780526,0.47688081055412346,0.5264818103638238,0.6727461766417874,0.5152851640807942,0.7005728284520509,0.5633635518217728,0.525217686056307,0.5428465500577493,0.5401530816637119,0.5105738690208772,0.9623121520133827,0.5491140518737262,0.5682321565738292,0.5740823927942138,0.49636588803535786,0.6111404356198044,0.5745331740021152,0.49619593912097953,0.552804057027063,0.5067038414034453,0.5991697540367955,0.5599088543526551,0.6070614254708965,0.4736335765650687,0.48533827638898625,0.5236645695464606,0.558271449715985,0.4722957521806976,0.5244433940626442,0.5599044361248098,0.5830780216672946,0.4323111732416112,0.4364538059044691,0.5779291787510493,0.3527493157478999,0.5522762418838593,0.33890387261312677,0.5405781251713957,0.47637949648200933,0.4442406590367318,0.12476934799546667,-0.217429869611848,0.19557640271676063,0.7355811898792741,0.1664097841950116,1.3709592172922196,0.1453778330264386,0.0054677041978860455,0.0967549563368151,-0.03234985092057534,-0.15561711041060325,-0.18121989864693913,0.02037892976699153,-0.11269832908684663,0.36188931831702065,-0.12272408540045666
0.3922517242065031,0.3915746845641676,0.7998153286733638,0.4007710602450269,0.521314897327277,0.5758071207173058,0.38545383018869067,0.4569689110618366,0.7099982550183107,0.5037251543737103,0.5665202110393927,0.5368033480980834,0.4436612876270132,0.5491140518737262,0.8784540693480417,0.44614382801095404,0.5441875211915917,0.4881898436211186,0.5827752308695388,0.5815082605762129,0.4997815204405478,0.34646135593493044,0.36643344962446994,0.49782004134885993,0.4810558428422307,0.5614351474877287,0.47012640610869766,0.5376223384416814,0.48881644287605724,0.4496703379141808,0.47438864917545503,0.42728673491709546,0.529527457947808,0.5225902583492561,0.4040888074325336,0.39572409592912466,0.6287285359830506,0.32206671039774265,0.51949051953381,0.2931932129578793,0.4719943492655549,0.44534579780541217,0.4913059490248446,0.08338696683560932,-0.04295706245193284,0.19058279740649273,0.6923755609074976,0.2107469851411772,1.02807417254107,0.31240053977303134,-0.15907842191844415,0.4074294177997273,-0.2946489291433085,-0.18605471188302639,-0.024357427682857948,0.1519736057051553,-0.15861059240576028,0.1487865433169094,-0.170346053796751
0.23616980666401313,0.23665781494117702,0.30136081886132815,0.5091662357366809,0.7439270517156706,0.5010364484004034,0.4893334175724242,0.474778988317219,0.35541485958693075,0.492316093226149,0.5169808020388709,0.595399248591777,0.618136278217894,0.5682321565738292,0.44614382801095404,1.0369035440726961,0.5098313496765096,0.3904552979835042,0.6358939162365316,0.48582659941124656,0.40843818061780557,0.5760147091554887,0.3732062200137481,0.5078439238571237,0.4676031067900688,0.40320354847169454,0.3961636588250511,0.37108767059679604,0.565661520034939,0.42456106864502263,0.40502373111944523,0.5668113907468519,0.3521686051284627,0.5450098642202175,0.37654022276587484,0.458613335716206,0.39556039993308545,0.29523365678545793,0.5493353351514163,0.2695346630440467,0.4289406352195194,0.3751355565121481,0.2822881087233372,0.15776704387089785,-0.14106993541289006,0.3037125803326703,0.6576581149476528,-0.008853702154902783,0.8483746823486,0.12110412665949026,-0.01799885242087081,0.15994727751924256,-0.06824348498079064,-0.16136852038709285,-0.19814463506415372,-0.00874873970133465,-0.11470721687456176,0.38419561425823645,-0.22506142869589046
0.2794936087933399,0.3642026417906099,0.6531417878839304,0.45359592463896903,0.5087553671571792,0.607815791406154,0.5412547215827601,0.6028912804099218,0.5202394623940139,0.5573217552040229,0.5835079087696609,0.5494460121614275,0.6031795198237018,0.5740823927942138,0.5441875211915917,0.5098313496765096,0.9572529150005693,0.502132355906633,0.5800960138482498,0.6180426943034436,0.538414710663034,0.644576689002545,0.48912754528199304,0.568387253314027,0.5670788122846798,0.5481533746580854,0.5102525442307494,0.5580189377669377,0.6066954744396309,0.5020306779220065,0.4998324777691505,0.5363053619483471,0.5257109011741674,0.6448826586558254,0.48137923928428755,0.4777293236277589,0.6505022592668814,0.38395480747019506,0.6376114025087937,0.3277587395899319,0.5081226355095655,0.5361913711800987,0.48185034357041306,0.10907760612856378,-0.047113514275135535,0.3685914971404075,0.8927742755903034,0.06855530237176802,1.0179138747921284,0.21608716879654571,-0.032428657213472815,0.13993594602077708,-0.18634689876207855,-0.16997225454382375,-0.21142676537374555,0.019340319679809547,-0.09889656621887784,0.32248940808533944,-0.28031549625490304
0.44309315791802173,0.5616861844013699,0.8011833210336016,0.38178378359469745,0.40067454722375445,0.555328494178925,0.4503482681359647,0.5855945986234028,0.5044204219625688,0.5331633615219271,0.4775873784814541,0.3451652184909607,0.48456672656603145,0.49636588803535786,0.4881898436211186,0.3904552979835042,0.502132355906633,0.972222575647235,0.5148187924288129,0.4244078920289704,0.47713692151491044,0.4923647310831384,0.6380124936708854,0.4802424359287126,0.4701881872584511,0.5890602665625987,0.21040699150713452,0.44185915604843545,0.5829405451197058,0.5232570340908377,0.44604605761263394,0.42028221008692984,0.4592359743823053,0.4818948740949822,0.3731934909387503,0.5293812978744491,0.5030072132186899,0.2749695535132215,0.4352829051481968,0.35507568270739376,0.4795421842761578,0.4578232908007948,0.49482622493263595,0.09300257751820944,-0.06616214373393242,0.23334272896014557,0.6562621646328836,0.09658884409412774,0.8746997382396823,0.1194867216277274,0.14573894859685926,-0.00034024130611154857,-0.11786957510614543,-0.15540812302432114,-0.023208524291648387,0.07522488325121592,-0.0559528903943418,0.2829972099319053,-0.2768539778287437
0.37119615775279247,0.4288064039957114,0.6313646288106816,0.5593585763488916,0.9194701069850187,0.8131550419093642,0.432254690581909,0.6008139734340969,0.6216904355957616,0.5735437155794444,0.5678801677537583,0.6256156207561281,0.6343935258305946,0.6111404356198044,0.5827752308695388,0.6358939162365316,0.5800960138482498,0.5148187924288129,1.1065124018535597,0.6811918902104511,0.5220584509878825,0.6222848446716853,0.47211322892544194,0.5609944772835334,0.5074118631142912,0.5265438155575748,0.4293273734602073,0.4370365491257258,0.636851227934948,0.45690173276100454,0.5056473309914057,0.6089367142605645,0.44901724457737363,0.6534792424325866,0.23216226964222747,0.5894549323850979,0.4710221713375124,0.41874455443117703,0.5853873931424651,0.34124642990771503,0.49414715468610465,0.4530577862656158,0.40114950318746506,0.14594864659792295,-0.10678224605708118,0.38410543633655636,0.7192414400610814,0.020461799995903415,0.9036559806552102,0.11599819492086988,0.2233312621304813,0.4133662598521348,-0.42314296734759493,-0.2558001737180926,-0.16750679497495635,-0.0006671522715376565,-0.08534596671884125,0.3059871598935631,-0.1804789667254848
0.3462986335913154,0.5168276785621143,0.6766501182001051,0.42005957379090963,0.5380832788723198,0.693678957136063,0.5253067135379761,0.6269064634520921,0.5534667299420662,0.440850164335376,0.6231926484169916,0.6038139219698435,0.49235557372450817,0.5745331740021152,0.5815082605762129,0.48582659941124656,0.6180426943034436,0.4244078920289704,0.6811918902104511,1.420536234835034,0.41239502899934755,0.4275637387072973,0.5763428298542945,0.5964808249292695,0.5768080849905967,0.5901282909703988,0.5994732925742315,0.43029953475284544,0.7937686106506538,0.6575302857694931,0.4980140174105473,0.598311201490534,0.3696747550836466,0.7517103591206645,0.38240004303997827,0.3050897088771948,0.7351787721987705,0.6654239136601807,0.5754104608605741,0.5543997244901957,0.5671635857476289,0.5418332302259267,0.7032707413513367,0.10997700417928499,0.11163215314341438,0.28447654865377436,0.9558818137524707,0.2647999062296928,1.3818908797575495,0.11812966040501928,-0.05068958742082958,0.453523081358719,-0.19201183638791167,-0.18473724208843054,-0.167227501220856,-0.03235671811639135,0.05260671663396708,0.2972820770926123,-0.2546698175749868
0.3712314564761784,0.5332024008660233,0.7705133052497739,0.3539260480485118,0.4255396101002259,0.558063361260138,0.4598446975046777,0.4763619299745976,0.5504735918526594,0.41559744296997936,0.4999152789105733,0.4594322946907447,0.49356485388736443,0.49619593912097953,0.4997815204405478,0.40843818061780557,0.538414710663034,0.47713692151491044,0.5220584509878825,0.41239502899934755,0.7571526533683172,0.5375615393506179,0.40635233941173926,0.49998998276494167,0.4727146631783885,0.446439235561228,0.41697681579772083,0.4763009232148987,0.47715591556648407,0.5095797302430974,0.49000092346781154,0.45584974444078785,0.5567875417876558,0.48057355305434785,0.38712767827095984,0.5465527735870968,0.5229200123339172,0.3039398812378238,0.6305738747624348,0.37849689407382275,0.46379097390142504,0.46181425819802024,0.5232935026161357,0.13041163131731326,-0.026412001361763447,0.24238411637596607,0.6750708522034925,0.09752218345779734,0.9538533975898731,0.1404579966790189,0.06618107447853792,0.038707955014268894,-0.10413912452710605,-0.17368832417594096,-0.0983806870661948,0.04783907357954909,-0.15754677756794647,0.26167000836621207,-0.13159217176358293
0.362363043300581,0.3931462692945631,0.6712945949501006,0.4461387690902295,0.5927512968115819,0.6273875151607505,0.5802304265149909,0.587499350790513,0.46296004247900097,0.5889679363075996,0.5638675612631908,0.5267329495467391,0.8343875952857807,0.552804057027063,0.34646135593493044,0.5760147091554887,0.644576689002545,0.4923647310831384,0.6222848446716853,0.4275637387072973,0.5375615393506179,1.6451361836825509,0.7639375606294045,0.6594406195857584,0.5601505318275384,0.3305753642223369,0.5743767300302337,0.41414488835921087,0.9018257334691671,0.583019588072702,0.47769955992100616,0.7383405367325153,0.4672302518660387,0.6494944053942261,0.34696100809906877,0.7373224317016631,0.3023093885562873,0.3338393090804824,0.8291157059799745,0.32244598754592824,0.3599771247287112,0.41573884933686345,0.38502189566025075,0.16262470293945008,-0.23212240153094083,0.8480347224076495,0.9021343692399737,-0.5490887347568459,1.168848919253309,0.2555565319745831,0.10721654065530128,-0.16450275808876072,-0.13842980683476955,-0.17218950265150124,-0.2185554712919885,0.004386516623887849,-0.003940153237684541,0.30604429767648145,-0.31779798536627135
0.2546465141101932,0.32289204556029627,0.5671674520251293,0.41781134269725445,0.4353328742766652,0.5576463319334625,0.3938433256378202,0.5475808311670911,0.39271883165923854,0.5724936935709884,0.45798782121829573,0.3888325571453243,0.4910198784087215,0.5067038414034453,0.36643344962446994,0.3732062200137481,0.48912754528199304,0.6380124936708854,0.47211322892544194,0.5763428298542945,0.40635233941173926,0.7639375606294045,1.6036775973850126,0.7142104675456148,0.6287849757732906,0.222237686896504,0.44163515831628314,0.380798502572272,0.9118505056919677,0.715802272535021,0.34139281529703397,0.45382294077390517,0.5311221227068835,0.6440050840661051,0.34534760871791625,0.40297607727340334,0.5062217621826006,0.27720150799005666,0.7416918579396826,0.5279066080258346,0.34709583094743884,0.4290582481391235,0.4891020692554937,0.10612646296574084,-0.1544668922257589,0.5348743779701531,1.0372031468143657,-0.021532357156274936,1.2213736732042941,0.2809856907378323,-0.027535119958560145,-0.10844823084945868,0.06216884719556183,-0.2156489130750837,-0.08486691529075117,-0.02954236298220409,-0.06128608289445972,0.21797775676909467,-0.07955998564629296
0.16143014734565253,0.38389568501257026,0.6197346311962924,0.4271229741742007,0.5237560544619717,0.6103715953467376,0.5179974797186043,0.5829542945480322,0.5330840913191133,0.5242875116175559,0.5325092764640569,0.49600828309254413,0.5772035999351539,0.5991697540367955,0.49782004134885993,0.5078439238571237,0.568387253314027,0.4802424359287126,0.5609944772835334,0.5964808249292695,0.49998998276494167,0.6594406195857584,0.7142104675456148,1.2037960893385018,0.5796224587333982,0.3251553122389743,0.6268705462834444,0.7175199417315528,0.461834854265214,0.8437389131203176,0.5854185709772546,0.6494445007874796,1.1402057386052042,0.45319203987564416,0.43144422933202137,0.4380362134489911,0.8413173706347203,0.36242884613689386,0.796757590947439,0.3875308304361224,0.5322275762794729,0.5155976585132349,0.5406163294838612,0.10575017052524531,-0.2554219166984354,0.23512577508637586,0.8873372597172581,0.2422304580601447,1.6849739505568018,0.3024863143872249,-0.04645808785333359,-0.005214653278916006,-0.004755934088129567,-0.24506471561829662,-0.10643371323897151,-0.05327569069857147,-0.0016737984539269826,0.24599345483853718,-0.08324640291866355
0.3663967861723508,0.44235553154734325,0.6702816407932689,0.43195598164562354,0.3987466457624926,0.5902708077089163,0.4755616869209476,0.5539529088512323,0.4639524520803705,0.493442967537148,0.5035037912775834,0.5253347509900934,0.4918576835121563,0.5599088543526551,0.4810558428422307,0.4676031067900688,0.5670788122846798,0.4701881872584511,0.5074118631142912,0.5768080849905967,0.4727146631783885,0.5601505318275384,0.6287849757732906,0.5796224587333982,1.2658354389860775,0.38539137082020886,0.501644894853261,0.45145724195341436,0.9758551647575473,0.745628566800993,0.4533738795140268,0.46833195321451193,0.3709000832555369,0.7641646791486263,0.5149478440171151,0.5099586955082459,0.5748042268727498,0.3654093422188935,0.714701718651455,0.32189855362450676,0.42872745663918777,0.4843099606106788,0.5746073199098827,0.16191252199852946,0.003859072571692,0.313668828760271,0.8182428831860847,0.04885468806667669,0.9145879913186582,0.0494817904753471,-0.14008114852474218,0.32315676262792814,-0.07916999397498109,-0.19538160598976057,-0.09136785110692444,-0.013782432453090316,-0.15867623946922274,0.3522301419302999,-0.18393181180908916
0.3746784742345633,0.45254029791845723,0.896957632249501,0.3508130444275526,0.4098255655782167,0.5990097513000333,0.5198710517029138,0.6140826309986699,0.7392671867330884,0.44438075828230467,0.5437269017582848,0.5706290528273559,0.4379468849857731,0.6070614254708965,0.5614351474877287,0.40320354847169454,0.5481533746580854,0.5890602665625987,0.5265438155575748,0.5901282909703988,0.446439235561228,0.3305753642223369,0.222237686896504,0.3251553122389743,0.38539137082020886,1.7598285560108258,0.4592657713914481,0.36910342340993,0.2796106991229079,0.378386301421883,0.4085040187133117,0.566121875846422,0.2249456893969341,0.6555928855976534,0.4568562452947268,0.5155900596567183,0.17967130728995434,0.37354148518039076,-0.3029716254036675,0.22809453776241134,0.8266566477479669,0.5671349044427054,0.47604759020366927,0.11354257483183972,-0.5739472038794687,-0.07186514886554568,0.3678851006019664,0.2817051261053165,1.182126983569339,-0.33247734445863225,0.10315993428979879,0.0452262236835292,-0.008666485910385956,0.02004242938505328,-0.08269990389893794,0.14117990856932058,-0.10668582133291286,0.12164070304023254,-0.07398787369426206
0.4045300213102889,0.6471650879261989,0.9057322950798139,0.32072284980162996,0.24600810720317337,0.5543689237769568,0.5257485517781547,0.5984095504171609,0.6007184281163173,0.5707841138470064,0.5755930072716062,0.6244186444843061,0.550034466411433,0.4736335765650687,0.47012640610869766,0.3961636588250511,0.5102525442307494,0.21040699150713452,0.4293273734602073,0.5994732925742315,0.41697681579772083,0.5743767300302337,0.44163515831628314,0.6268705462834444,0.501644894853261,0.4592657713914481,2.1613840659484334,0.6206745712941796,0.16977228675751865,0.38622268260652537,0.5869420249356544,0.5327128216468322,0.787335985638163,0.5835042811943948,0.4425316820758715,0.2060136628881758,0.7929395779054094,0.3490490339023899,0.636836372284313,0.420802210145364,0.5010389557228587,0.49758557959895305,0.8342434418966143,0.052387423794881635,-0.2151885264411897,0.45536456946951503,0.8853769632064912,0.21408947949239868,1.62829785342231,0.16739228426820743,-0.026326873252849787,0.2956725947059086,-0.09962930377527493,-0.1862132608009872,0.018306098548498916,0.08929609797272872,0.1052964032732147,0.2706157500053102,-0.32911886637029486
0.3063782570014205,0.3787728209364874,0.6930368865923906,0.21221249013942045,0.273932550582729,0.3973027002058362,0.37025141498386666,0.418335695406753,0.4968884055792594,0.4526232521975752,0.4027819818634997,0.30448909383127665,0.4667380153339361,0.48533827638898625,0.5376223384416814,0.37108767059679604,0.5580189377669377,0.44185915604843545,0.4370365491257258,0.43029953475284544,0.4763009232148987,0.41414488835921087,0.380798502572272,0.7175199417315528,0.45145724195341436,0.36910342340993,0.6206745712941796,1.6958287956399207,0.09727314641612834,0.6135854321598588,0.5183741988129754,0.4036201394588977,1.3630733318476336,0.15877389769535327,1.06121589067241,0.1164682248270956,1.0654877195965986,0.25862270041025753,0.5917502951398879,0.3854062075814064,0.4738149335319837,0.565760505085228,0.7553541701575814,0.03322752696240714,-0.10982222282735643,0.015314234280547342,0.8828068253366199,0.47611605886316605,1.51081487341802,0.6375108439544245,-0.15270041138141174,0.8022025262888189,-1.059151419314651,-0.15404029552564907,0.28143210619514053,0.08203203845104613,0.02821231267662689,-0.035164676025945876,0.04649991558154831
0.44128947337697033,0.5009863292947309,0.6862667692413895,0.4669079723891881,0.5307465015935513,0.7023729076527727,0.44195568147635367,0.582509757185991,0.34080957147614044,0.5530578597515733,0.5875062327082762,0.5319439659144862,0.7175002397318091,0.5236645695464606,0.48881644287605724,0.565661520034939,0.6066954744396309,0.5829405451197058,0.636851227934948,0.7937686106506538,0.47715591556648407,0.9018257334691671,0.9118505056919677,0.461834854265214,0.9758551647575473,0.2796106991229079,0.16977228675751865,0.09727314641612834,3.071386684742796,0.9362906125149799,0.23450915114670748,0.6968536787532387,-0.7180774149230282,0.9229175721838838,0.4067475932687084,0.8716659876218505,-0.22552404840554147,0.34389442847495044,0.8305585938512933,0.4277708078647538,0.027699520891218746,0.31306566230457084,0.36940550841437214,0.05311643407138026,0.4528012588253732,0.8568761751879375,1.0523967820763367,-0.5845093377889221,0.34444774334668027,0.5678774425791203,-0.5199397516237625,0.8374250893173363,-0.7381578755772639,-0.04688663900448023,-0.38884778245525625,-0.07477785370670749,-0.026508974267024175,0.5151039138616382,-0.4825279231681184
0.47760677450848116,0.5284443384620181,0.8637418157881216,0.3069541622150521,0.1996601769883875,0.5687896910011668,0.3849826106994033,0.6374978792138871,0.42049735749504363,0.42947352016193424,0.4509496235229896,0.29988327975571183,0.5484594059497123,0.558271449715985,0.4496703379141808,0.42456106864502263,0.5020306779220065,0.5232570340908377,0.45690173276100454,0.6575302857694931,0.5095797302430974,0.583019588072702,0.715802272535021,0.8437389131203176,0.745628566800993,0.378386301421883,0.38622268260652537,0.6135854321598588,0.9362906125149799,2.81558160629763,0.4469408066972374,0.6630811393543775,0.24615911671335483,-0.016857373240389974,0.8121708529553452,0.945870870398397,0.11859084973445069,0.41922593698062083,0.9836823342077745,0.8553858322492313,0.5234419705955039,0.5816201421389352,1.0665919138116662,0.3313963285027523,0.5439373492887755,-0.03481673547683149,0.6566705888874741,0.1885503641395429,1.6961078545426163,0.25458547082780814,-0.0036828993183931702,0.3647725126447285,-0.33820964259397096,-0.06747587739968845,-0.0901954382896543,-0.24479571065916816,0.08798135726370213,0.31562427536596716,-0.09121088649387174
0.29699233188368523,0.4177394179410384,0.6478091446108232,0.36440477196256815,0.4434645097888418,0.5111377857066252,0.4609936978417409,0.47163818403194935,0.5176276421953135,0.44962570767349075,0.48268470671251146,0.4716753330271593,0.46901745783134685,0.4722957521806976,0.47438864917545503,0.40502373111944523,0.4998324777691505,0.44604605761263394,0.5056473309914057,0.4980140174105473,0.49000092346781154,0.47769955992100616,0.34139281529703397,0.5854185709772546,0.4533738795140268,0.4085040187133117,0.5869420249356544,0.5183741988129754,0.23450915114670748,0.4469408066972374,0.8882430503902222,0.471575088061364,0.7363656617576261,0.4731084100046074,0.2869024067041282,0.6487096703433574,0.7346730533086059,0.3663085066653474,0.5772112043308294,0.26319340001061314,0.5798556485086481,0.48617306817404987,0.4298859377747233,0.1288356294648883,-0.10152904035183195,0.25702206556780843,0.631454063387704,0.15398610450366626,0.855007030980986,0.2296395670212524,0.048626584540574135,0.0846479526762801,-0.13166174274074818,-0.20591983020110902,-0.01799556965836396,0.05118473563351014,-0.05932503923613657,0.19050785373123022,-0.1740888001003577
0.3263010698398489,0.3334179883703852,0.5975895719298945,0.35119314655022255,0.5849191827797509,0.5810961664103492,0.5059912296880337,0.5283858452322215,0.4536449832477139,0.4712944838491658,0.550992071682919,0.5584673693526162,0.6490949177884424,0.5244433940626442,0.42728673491709546,0.5668113907468519,0.5363053619483471,0.42028221008692984,0.6089367142605645,0.598311201490534,0.45584974444078785,0.7383405367325153,0.45382294077390517,0.6494445007874796,0.46833195321451193,0.566121875846422,0.5327128216468322,0.4036201394588977,0.6968536787532387,0.6630811393543775,0.471575088061364,1.087618815562508,0.33964486062563637,0.5621418527704567,0.3644653126044595,0.6269660686536428,0.2819817109256653,0.38946386903551844,0.5366003928880393,0.3616783628681298,0.4681839477116088,0.4434918509417241,0.4270918650164049,0.12425424515124826,-0.157020618511071,0.33586923221078824,0.71362258470696,-0.04528556691209326,1.1062298946124351,0.1832778477117294,0.03022251231524077,0.15861338882071999,-0.23104731305254514,-0.06454394737334727,-0.11193955750839685,-0.07132684854309035,0.32211412880221546,0.06580117635111109,-0.3008108179038775
0.2544615073706113,0.45934387656738657,0.6685470870987185,0.4163767439961834,0.5089613973591595,0.527533289659498,0.5106745258861101,0.49098163503049985,0.6285945757573099,0.5032742325510571,0.42415004618074786,0.41717417837111176,0.3915512599792317,0.5599044361248098,0.529527457947808,0.3521686051284627,0.5257109011741674,0.4592359743823053,0.44901724457737363,0.3696747550836466,0.5567875417876558,0.4672302518660387,0.5311221227068835,1.1402057386052042,0.3709000832555369,0.2249456893969341,0.787335985638163,1.3630733318476336,-0.7180774149230282,0.24615911671335483,0.7363656617576261,0.33964486062563637,3.340636263764464,-0.04234560666420491,-0.02201873189834977,-0.13870361050201582,2.087830439766836,0.28536920965089485,0.7164025551010611,0.04627981033041271,0.6009571855779539,0.5452221044018833,0.8312185623371651,-0.056653552961797464,-0.7919611589045458,-0.12844119088962636,0.9350458745124655,0.7820103851317238,2.4593291384252596,0.4909502002449873,-0.13910692307971798,-0.4178075721096679,0.33862704157709017,-0.5110402639183305,0.2857800715476443,0.013839784194852888,-0.08477761558450542,-0.031839937635958396,0.2687656214162443
-0.13172153729726768,0.3786586332709946,0.5378541272565468,0.4779685598426992,0.6406684267499531,0.6362407553936037,0.5911028126656892,0.6029148871939713,0.5853361360101188,0.5628618220485863,0.6126888530478922,0.6551407485388908,0.5739335513030078,0.5830780216672946,0.5225902583492561,0.5450098642202175,0.6448826586558254,0.4818948740949822,0.6534792424325866,0.7517103591206645,0.48057355305434785,0.6494944053942261,0.6440050840661051,0.45319203987564416,0.7641646791486263,0.6555928855976534,0.5835042811943948,0.15877389769535327,0.9229175721838838,-0.016857373240389974,0.4731084100046074,0.5621418527704567,-0.04234560666420491,2.5314893082476937,0.34980083861387296,0.45951136195188047,0.9102226894340972,0.40553260997255947,0.47218949633991,-0.18339425342318197,0.7260974023416583,0.6675561310977367,0.4635500981356794,0.22369967762465526,-0.8919037978860167,0.28772877701741406,0.9912391335127319,0.03296107159913981,0.9696098276232753,-0.36520006095856317,0.04626016600261057,0.1267159851206041,0.021719742157794826,-0.24222675284135725,-0.3019908867524945,0.09419349264045107,-0.14514423147265484,0.29674261895059734,-0.16606102527607736
