1.4535987807896724,0.23550183377576922,0.7925656688849847,-0.10429269465283564,0.18477668647276346,0.13520064380017502,0.29587002592165507,0.14174340220177475,0.23033126855617264,0.2009079084745753,0.13884738567700078,0.2148952000656188,0.07425517402962539,0.1939300212669915,0.1432375132665744,0.14488497370135175,0.06312173138287615,0.2378085159674792,0.13633347334516774,0.08054087887972879,0.18824962093504105,0.18467327125589753,0.0984378591612479,0.0050670456571908695,0.14644127650220148,0.020622999744258998,0.14306306849039863,0.05597773420434865,0.0989155650591291,0.14169208798638355,0.1394211265320459,0.1287611034484735,0.1769093321922331,-0.1747199910416004,0.05571815778832882,0.10440766015712054,0.031035895519543263,0.09678607383099251,0.09469709490594293,-0.07257662766755885,0.05297361222549959,0.05558226759093333,0.2239762829900002,0.03836861663313947,0.16985125386716773,0.22410798161676182,0.1076510222957362,-0.03463461185694516,0.10838112310998103,-0.05221397000888086,0.04796332351116915,-0.009256056851241598,0.07710059876119722,-0.11430960249033471,0.4215756914240531,0.03654760476458732,0.056097121115943456,0.40979993266220294,-0.9010819291727231,-0.06671333528516167
0.23550183377576922,1.925836796470284,0.242011826838547,-0.2975870026383461,-0.009708777441692927,0.2150258263617515,0.11471651690556545,0.03597253522461595,0.1900305545039332,0.09351326959895895,0.03593282198452568,-0.015253314155640447,0.05733202006645423,0.0030688756590006253,0.08266151301996909,-0.029996102634574678,-0.00819287573676328,0.04706823337980441,-0.08955364270124037,0.117380621298252,0.20080906756476477,0.03485805167046704,-0.1185301089991108,0.04785091233420389,0.004482206765729302,0.001680891900604422,0.021766315826841673,0.06688678922068908,0.047418262142179805,-0.02061753520041803,0.06683645722784974,0.06052773633087655,-0.024502927450181997,-0.0026031833350799263,0.06011797349235584,-0.018502396810280375,0.0376183361218916,0.05965475951658016,-0.025725146451321127,0.05743841952342095,-0.05421885928574301,0.023584908940878953,0.05785727744707666,-0.041954146017225205,0.15818310470414887,0.01710685022872383,0.08715802265122569,-0.03324410638602461,0.09720480442282148,-0.1520511920510669,0.13957821649015936,0.10844259296237473,-0.07231277793832294,-0.02741736610758523,-0.19791589702121512,0.0801386945827474,0.14450571620064015,0.028298913444260013,0.021613775315516913,0.13397749383802535
0.7925656688849847,0.242011826838547,3.1298151568728576,0.21195179919323587,0.09083413791946442,0.23658926772502217,0.17429318706877273,0.5758525642040481,0.42085538254606064,0.41513422133675154,0.3088959942684597,0.33829072490394363,0.30922163972981537,0.33694119048002125,0.22882904098971085,0.3097567923108476,0.32461911213151196,0.45343438142727793,0.2648721508346905,0.20791652776850628,0.24347156498896824,0.3334978397233688,0.18411253743881334,0.32156300396208154,0.28159130844979074,0.29406727462562166,0.2740311001859406,0.16817009190584,0.38124891865760724,-0.28260429753364097,0.205635685909832,0.18333783668562567,0.32511630915184625,0.17363000798477643,0.2510857280433626,0.38138138191561616,0.35905208605393774,0.13968315688717103,0.17498106940306762,-0.423842838545377,0.33856503094536755,0.1991197220965723,0.28543864370740496,0.14490411405142803,0.4741209895006439,0.5357405185509274,0.3097492954462275,-0.10563858558830876,-0.21429032439722528,0.09643028201073171,0.2518085428343057,0.054302864265944134,0.11706476428053564,-0.4352625103273194,0.117975891139421,0.11684604067074142,-0.31590602677556306,-0.05067058021159842,-0.18966684825508534,-0.18283345042044824
-0.10429269465283564,-0.2975870026383461,0.21195179919323587,1.3282507309776805,0.17626330194589696,0.24880769664354083,0.23254215382034463,0.2343609589292844,0.1531890675877877,0.19349075041758607,0.2873170324220298,0.3182515071054443,0.17122175554595193,0.2703810125660087,0.16923376639155607,0.2551478351350459,0.20849641206819647,0.22544941417090558,0.18005620902285427,0.19610944832336635,0.16120133578974508,0.17969246496440078,0.15500229878528962,0.2198929687208911,0.2148524083364076,0.19825981616260774,0.17192777692762184,0.07841213876600947,0.2255837655102121,0.08681462424869363,0.046066464841787925,0.25264108091466914,0.13619686001255565,0.3231252272655616,0.020966964159345094,0.18534581798017982,0.19314792365748085,0.1337598480852765,0.14757542745349955,-0.037514122460373396,0.21710894085055257,0.13435783036636903,0.12771543327395454,0.26125586377171134,0.18501828497260864,0.17419168383875713,0.17185381166437017,0.01567170214975447,-0.08691463406271493,-0.08450088247694318,0.036566686446842155,0.006604229168920185,0.0800813252754915,-0.009438309762501818,-0.226582970926065,-0.0008965701982275527,0.06800237235972892,0.09154042012831284,-0.13090115815371436,0.05848576689346696
0.18477668647276346,-0.009708777441692927,0.09083413791946442,0.17626330194589696,0.8574556513958427,0.23942555446721644,0.12028034764674427,0.1891376966768151,0.1785394160115134,0.20422964446184544,0.16388964149994736,0.20347825363470673,0.15196868393391977,0.20402605677366736,0.20224808858184096,0.24708715867814007,0.15937583068763028,0.18420746504380875,0.32609418195747897,0.13036445420423695,0.1287389150041064,0.14755630025620167,0.14306949081689177,0.18113950954216862,0.1706892440740987,0.18645091065408728,0.08832375742703046,0.025605310799052292,0.27375674427285945,0.1194757657352175,0.06552243020604796,0.11549703780896492,0.13382613947395083,0.24061609734422432,0.05242754591604935,0.1366025604424105,0.21670311170735726,0.11628135781351356,0.13100698111163528,0.06709959462656732,0.2466799117411297,0.16915346817803284,0.1282208509385183,0.06987618068734308,0.17875917235460076,0.27267455121148876,0.23633812615512934,0.10405385320591458,0.08063027501345955,0.06278215241978842,0.03764612509846249,-0.10695136450411323,0.09771351579339843,-0.051515715500635176,0.03526542125288417,-0.016756287104511013,-0.24883362526536185,0.27128742740712675,-0.16369133512853168,-0.23153417611065197
0.13520064380017502,0.2150258263617515,0.23658926772502217,0.24880769664354083,0.23942555446721644,0.599062521004629,0.1440746481709786,0.20333766028756986,0.2603778830160557,0.22190555811486626,0.19940783900490033,0.16999610573122767,0.18143025242152283,0.2072522856319252,0.14702778228153743,0.18509798025879912,0.17204175094591095,0.16349314134086174,0.3251712981155554,0.20878843317178064,0.2246034881013661,0.2766518339327648,0.0997041366177799,0.2671292056599743,0.17534591760719206,0.1981553841375236,0.14495455155696646,0.13699304250889713,0.31613368461903657,0.11212255564375716,0.11337327541963321,0.2383272454451169,0.10079877404657751,0.23228032744470758,0.08669124733481673,0.12191888385930147,0.18326392161176983,0.16760644741654465,0.1804590895847924,0.06003206508286717,0.13891184238888069,0.15554854320624956,0.18758729592146955,0.10113481305068917,0.15966139945107086,0.2137364253124299,0.2979712327197376,0.029488426100928826,0.2618209946968717,0.02503439138943462,-0.11558613691056617,-0.03494000506673257,-0.015675537808166114,0.08422261331721201,-0.0820425582804183,0.01338852131785463,0.0912170712942252,0.08273842655173066,-0.11509050279372902,0.15025824484387063
0.29587002592165507,0.11471651690556545,0.17429318706877273,0.23254215382034463,0.12028034764674427,0.1440746481709786,0.5124681615711837,0.05592283348707083,0.30185216874096615,0.16319987695370367,0.17096668540161478,0.221683138438332,0.13921832773022175,0.07453080718045438,0.08713413612233588,0.09459106644343952,0.09493177542756821,0.19940494618790508,0.10357457751343566,0.10128768648488255,0.1898522699093689,0.21678771654935258,0.14285073074143165,0.18885926325509472,0.12373567356357797,0.05613225276597496,0.11083524263779722,0.05613121856002034,0.15393165110363152,0.13438739789711515,0.08801416277421033,0.11868319034270791,0.11910177008747173,0.10216710109904091,-0.016511764424394896,0.14327106491485062,0.11336958973928893,0.08180886861828911,0.0890675675431255,-0.040902199878947575,0.027436172563973033,0.06930589502062437,0.10209473442347362,0.08504365518878844,0.08394939364351614,0.09115960663102625,0.02207802450172396,-0.08013080101541956,0.007957689123766586,-0.10860357879021354,0.009561219242908668,0.004598663165052556,0.028508151652362018,-0.038818751810678814,0.02972543958524721,0.09479359776067507,0.06789092067476596,0.0982325305479714,-0.3339590978174727,0.10647681405794136
0.14174340220177475,0.03597253522461595,0.5758525642040481,0.2343609589292844,0.1891376966768151,0.20333766028756986,0.05592283348707083,0.8346965808831958,0.07348211801356645,0.2122443208308192,0.2577948756801412,0.21215339378358408,0.18590228014231547,0.28266484328565705,0.11386808459733071,0.23629906284665417,0.22656066633882677,0.21195106211950207,0.24246424007860595,0.22421833476716305,0.08311036188117375,0.16142033985425622,0.054293785330069115,0.17252911819065364,0.24616490950740105,0.3194501842999569,0.1888792411854844,0.117191299218848,0.17556456474377072,0.01436442916435744,0.07463154288467777,0.23920745003103472,0.12246082413777107,0.2354627600318362,0.208522056883454,0.10618092534518951,0.20249297466439053,0.1521878794524825,0.19089074745191226,0.06522176515737277,0.248502977479089,0.16702718629208882,0.24847031575716763,0.065300798764873,0.2466021865462331,0.26342502511447774,0.35253364366497225,0.08807345196565287,0.20452260950760595,-0.01095432191554376,0.05648523499190879,0.0707359708586011,0.06405234691924618,-0.10009090629734146,-0.039569678569842004,-0.0630629772091448,0.11882129489462667,0.3025320750571392,-0.38873806422954227,0.0011330698538078627
0.23033126855617264,0.1900305545039332,0.42085538254606064,0.1531890675877877,0.1785394160115134,0.2603778830160557,0.30185216874096615,0.07348211801356645,0.7868744937346488,0.05882954496106158,0.13546326697543237,0.10648420217096667,0.19203173798985693,0.12870055428828192,0.08619647231567446,0.07721176768632775,0.0810060609059323,0.1495853244459285,0.16884557373667766,0.16583988100839261,0.2014191537888051,0.2530982977232321,0.1556073093770263,0.3033007814295943,0.10959109894498655,0.1958961647944653,0.11603052843816884,0.04815325184082061,0.16728976856656055,0.12835800521981525,0.15940707189538633,0.14983169349407374,0.17448624416662342,0.07771132927883068,-0.02377650830049801,0.18000528363633397,0.16134001190245556,0.12121975921319134,0.10369388532000914,-0.019474439769101078,0.07616020466466529,0.10055535624261333,0.11406672084205977,0.07717195005052233,0.17341740124554045,0.22818414867055078,0.11268261745594603,-0.0709566148735498,-0.08331692830271362,-0.1383492274200336,0.0833646312661869,-0.09504697955078974,0.16398280206460494,-0.045416779493262054,-0.033342967717385645,0.1466569186144918,0.09521631936619449,0.05438700277203405,-0.28462268406138697,0.15472241531173786
0.2009079084745753,0.09351326959895895,0.41513422133675154,0.19349075041758607,0.20422964446184544,0.22190555811486626,0.16319987695370367,0.2122443208308192,0.05882954496106158,0.7354569819215446,0.18310597821195704,0.22333810573115173,0.1792584504330425,0.15700234844894573,0.20600375795383438,0.20350075396843828,0.1832682121789706,0.22451619495691746,0.17814579036668074,0.0582377613855697,0.11203890159132171,0.2096149249145148,0.22992864607179136,0.2375159297074843,0.19768207031664994,0.18204358441030305,0.11768058746278683,0.10427190147547624,0.3486235642421865,0.017932787892012563,0.10842991176517461,0.1318267047844474,0.044835318592780664,0.3017926258885445,0.18846881301816024,0.1512983963708819,0.20455825725850807,0.07209284447626393,0.12022202018515622,0.010722185765366932,0.2973011557583079,0.14911148822452722,0.13738317681772963,0.11358069498652162,0.10286163926081855,0.2575565319647966,0.26615498331510995,0.06807882944238862,0.1613067879099548,0.055381409854980496,0.007610909406850233,-0.10006238872966457,-0.01829021793753673,0.021676957385956812,0.13993765581615314,0.0988290450752092,-0.13418553357500423,-0.08227346386620035,-0.07124546099199859,-0.05848186390433255
0.13884738567700078,0.03593282198452568,0.3088959942684597,0.2873170324220298,0.16388964149994736,0.19940783900490033,0.17096668540161478,0.2577948756801412,0.13546326697543237,0.18310597821195704,0.5470525914655251,0.3221533245614214,0.22186279372016485,0.20342356042990287,0.24884625637168473,0.20703988558191197,0.2516426189054994,0.23810433869287356,0.1751553533145578,0.24588777199705403,0.20559208214702487,0.14009444609203156,0.056092578033906444,0.19464155174727768,0.1970209660992947,0.225998984491572,0.16503226727418532,0.12770793991174315,0.24815088529321705,0.10694408238347373,0.06412855893518803,0.19285340197387196,0.10494930546215976,0.1762851880861095,0.2077606187951843,0.17759423281316042,0.14751812751610904,0.13946149010377495,0.12228996616567357,0.05256676225487906,0.22642757710269976,0.16459625077467058,0.14745548605213446,0.04604016560830919,0.2544055074264035,0.26184401581046207,0.20814381194700862,0.04686141735752121,-0.026990410276291312,-0.05693559832635484,0.039935999024638444,-0.06548756989401884,0.1072851875246491,0.019085352121788073,-0.13167900013674982,-0.005516978654058525,-0.02937976522051859,0.13691096123152627,-0.16067427144334293,0.038023485376089135
0.2148952000656188,-0.015253314155640447,0.33829072490394363,0.3182515071054443,0.20347825363470673,0.16999610573122767,0.221683138438332,0.21215339378358408,0.10648420217096667,0.22333810573115173,0.3221533245614214,0.6540352988931344,0.1741202285551005,0.22207186811530416,0.1772249326353746,0.2648507930456626,0.2521847548986264,0.30642492525285026,0.19747896586107602,0.15341643131099406,0.1965776210831809,0.1581516282878872,0.06366948975504783,0.09282664475559974,0.23681674421697843,0.1354808114164603,0.20660503498838645,0.08081518580332787,0.159699046622696,0.09088632111623986,0.029513971124534747,0.20280360755797647,0.0914854791462574,0.20243162648717355,0.16477013750642858,0.1857160833189622,0.06650003827140011,0.10659120025668736,0.1069918502851149,-0.019327531271858107,0.183301047307733,0.12297395043396611,0.17050253521894426,0.07034732355640116,0.2946754730387165,0.21000950615784642,0.19719491432862318,0.025999697564937058,0.14070470536571456,-0.12048061109247415,0.07354914595413274,-0.044763622453000466,0.05808535024592407,-0.022180999522380968,-0.0157350883509933,0.08828280050383931,-0.10153720589830928,0.2047803420288957,-0.499053671630866,-0.05151161935661489
0.07425517402962539,0.05733202006645423,0.30922163972981537,0.17122175554595193,0.15196868393391977,0.18143025242152283,0.13921832773022175,0.18590228014231547,0.19203173798985693,0.1792584504330425,0.22186279372016485,0.1741202285551005,0.42577160706592715,0.1318857160014947,0.0849392149936695,0.14648087570995572,0.18489424254685782,0.19818864748657564,0.16186471167901897,0.15556741192708276,0.13018166298223072,0.2874357196518288,0.07038050291695067,0.22739675879711438,0.12812681621323269,0.1984760368982436,0.1397944298728233,0.1194524485747082,0.3106439039474341,0.04546863173712764,0.022408231764369825,0.13440254697705095,0.12519657794301814,0.13589350695819885,0.14684481819219042,0.16770891392604412,0.13166495211589843,0.09241945090748205,0.1357740734858628,-0.0013734054163275318,0.17779443636995032,0.11445647343334679,0.11668652396792245,0.06767894016534913,0.1153000392717517,0.2125246036848904,0.14888445730433536,-0.03465660906067472,0.04122575606209255,0.05983839424611449,0.0025720184862456346,-0.06519862676657409,0.007607118042137986,-0.027332199021988964,-0.07950962779332876,-0.030765387508671867,-0.18802101942746863,-0.04678854597522685,0.19147259440120729,-0.0014026706494204067
0.1939300212669915,0.0030688756590006253,0.33694119048002125,0.2703810125660087,0.20402605677366736,0.2072522856319252,0.07453080718045438,0.28266484328565705,0.12870055428828192,0.15700234844894573,0.20342356042990287,0.22207186811530416,0.1318857160014947,0.41656046916760314,0.1994472732702415,0.26352195964698205,0.18047638264511467,0.16014144221213472,0.19117485586622363,0.208618985247962,0.10869619992660862,0.14346348341558174,0.060069137330948236,0.1711128820302519,0.19442310644074293,0.2696331143004072,0.15879276231834838,0.09321012745428409,0.15891629721830894,0.08946944208172822,0.0691262308447991,0.281232351015634,0.11596159969008954,0.18097551941194995,0.17740667084542872,0.13901686810214003,0.11240063023892943,0.13077249240712735,0.161463662282176,0.07180268324764374,0.24931102944053696,0.15498361681511594,0.17953149064916485,0.08093011149689737,0.24088148657273278,0.2551648769084052,0.2694289859420292,0.07768469590691093,0.1703688101540546,0.01269501830622093,0.004825782248406747,-0.05929088370931609,0.09981154287510227,-0.03541565365077296,-0.06618951482236993,-0.01050709207668841,0.0007571191167259166,0.17251448420629423,-0.1993459518237654,-0.08284733587603661
0.1432375132665744,0.08266151301996909,0.22882904098971085,0.16923376639155607,0.20224808858184096,0.14702778228153743,0.08713413612233588,0.11386808459733071,0.08619647231567446,0.20600375795383438,0.24884625637168473,0.1772249326353746,0.0849392149936695,0.1994472732702415,0.7374570822843739,0.21122082481170767,0.21141103312224377,0.22004854120519515,0.1596884260781539,0.1801875820771243,0.17408297313230817,-0.06694770650598501,0.0271729003318812,0.1873645421008051,0.22161607620771182,0.17915943379790397,0.10633948808554856,0.2068671453497997,0.23584148903982424,0.1915710990866342,0.09207233997238212,0.13006833456052463,0.1186058179936424,0.17525494565760094,0.22456920179229245,0.11768089844503878,0.1842644077195734,0.06256293610302832,0.11448261213360453,0.05735868034119547,0.2476712594181765,0.16411014926181625,0.1349777244531346,0.04091466061328616,0.20482914013288814,0.25242371762984017,0.21258324465197845,0.12486532500286053,0.030861548625217537,0.1104795372922431,-0.038803238801392706,0.0909325488595829,-0.1271070683309698,-0.026625902773238806,-0.030916510506465694,0.038496252286931223,-0.1696996040415282,0.15753447476004623,-0.018349206554231497,-0.12198687468726979
0.14488497370135175,-0.029996102634574678,0.3097567923108476,0.2551478351350459,0.24708715867814007,0.18509798025879912,0.09459106644343952,0.23629906284665417,0.07721176768632775,0.20350075396843828,0.20703988558191197,0.2648507930456626,0.14648087570995572,0.26352195964698205,0.21122082481170767,0.6892708944205539,0.28990748511827563,0.21889898645172465,0.2696283241599184,0.17964471198435122,0.1381244070469928,0.1389827192105264,0.00784518973946662,0.14700959780552972,0.26575598596889616,0.15725490632659697,0.19821993893383988,0.18938999312676857,0.2615450834852747,0.09497897190170614,0.024212070259787413,0.20520584606788375,0.08939329584931051,0.23418188785582722,0.3283732091606116,0.13721128691283682,0.17126430261370765,0.09048490027471942,0.12733619964094517,0.056654728171518516,0.2676822348465096,0.2183103668655837,0.23348109413526583,0.0861989743592592,0.25893170913701935,0.2313368111982865,0.24095554799798358,0.07957446434205559,0.09982618242158026,-0.11074533073509675,0.030485417770380604,0.03058774650318584,0.0396438023423744,-0.02307341982317972,0.011449697495966613,0.03387778193017638,-0.18938307138728816,0.21574947168584557,-0.1927109062800028,-0.07805247040273353
0.06312173138287615,-0.00819287573676328,0.32461911213151196,0.20849641206819647,0.15937583068763028,0.17204175094591095,0.09493177542756821,0.22656066633882677,0.0810060609059323,0.1832682121789706,0.2516426189054994,0.2521847548986264,0.18489424254685782,0.18047638264511467,0.21141103312224377,0.28990748511827563,0.798925939977012,0.12007153332391865,0.24752689109928147,0.28501537137673866,0.2583507494635028,0.10627010869725,-0.05465103509490919,0.06903774637131756,0.1781871401054548,0.1036827260656286,0.18364716189081878,0.3966174215275024,0.2177789026390846,0.0764818511254064,0.0472074441851399,0.15373028944239234,0.2352548301533045,0.18549558325713383,0.38223954058450815,0.17839574322141702,0.34470000707243764,0.17603090598996182,0.0754411322909977,0.03437843522266603,0.34461412803051794,0.32573774263239075,0.15942578607530308,0.08363365347118078,0.4504673361941934,0.27918580789700376,0.3116461436133961,0.1423252822075785,0.01745175185818348,0.12445490081814871,0.03865932502141354,-0.006621338033838305,-0.11178221548461686,0.014424622881546223,-0.246505202447483,-0.07476142878942056,-0.18555174203973776,0.1750314811513515,-0.024076542888954798,-0.06006682922327564
0.2378085159674792,0.04706823337980441,0.45343438142727793,0.22544941417090558,0.18420746504380875,0.16349314134086174,0.19940494618790508,0.21195106211950207,0.1495853244459285,0.22451619495691746,0.23810433869287356,0.30642492525285026,0.19818864748657564,0.16014144221213472,0.22004854120519515,0.21889898645172465,0.12007153332391865,1.5810334342818655,0.28507355226440606,-0.13543831539732845,0.2423189350219443,0.28680572271707677,0.09426846924102641,0.2408464291499489,0.14664720584455201,0.19688834482484918,0.1527705708885141,0.25102068031769825,0.22674133416338027,-0.044618825467340424,0.09592160978652704,0.16040009484957457,0.2242235901143642,0.16651106408565494,0.15927227305366864,0.24001768883709,-0.0019864309057953046,-0.029382631258922706,0.2475004894540026,-0.02576068687174801,0.10516473573430174,-0.035040819725256266,0.2922778672087298,0.025629584672574788,0.44391219679762195,0.22189353315916643,0.15674783948045792,-0.1824105670479675,-0.08505934809832946,0.1396004979484146,0.3159713295915702,-0.01969899539923742,-0.29217059002664303,-0.16551952681616755,0.0400695978923065,0.02620629807294907,-0.1646894186864814,0.16529144699691783,-0.22796855183898188,-0.061180602556557745
0.13633347334516774,-0.08955364270124037,0.2648721508346905,0.18005620902285427,0.32609418195747897,0.3251712981155554,0.10357457751343566,0.24246424007860595,0.16884557373667766,0.17814579036668074,0.1751553533145578,0.19747896586107602,0.16186471167901897,0.19117485586622363,0.1596884260781539,0.2696283241599184,0.24752689109928147,0.28507355226440606,0.9317674857473366,-0.0030388179130845794,0.2848723324064845,0.2530923941228584,-0.009731353441745522,0.1530334603678112,0.14944524151587338,0.11330280791489301,0.13127460229975987,0.26812758536634596,0.2559602817800303,0.24219572669170497,0.12509414175141184,0.2192897777416989,0.24443626410359126,0.16222350337496075,0.12922287775088068,0.20471316536309256,0.19676923953162168,0.12501680111972674,0.21159277797388187,0.09772123590715186,0.26227054648182463,0.16945034841623238,0.1374136149843869,0.0703467705437631,0.2805813098160888,0.3061146561583295,0.22525535928073592,0.05902635061998612,0.12031323784723046,0.06870386704196678,0.19019596922366513,0.1414514606927614,-0.21176831469232515,-0.06999140655344102,-0.09185968314254266,-0.028559330053953755,-0.025857930132341524,0.20175764846990388,-0.11939323023979628,0.05087753789226664
0.08054087887972879,0.117380621298252,0.20791652776850628,0.19610944832336635,0.13036445420423695,0.20878843317178064,0.10128768648488255,0.22421833476716305,0.16583988100839261,0.0582377613855697,0.24588777199705403,0.15341643131099406,0.15556741192708276,0.208618985247962,0.1801875820771243,0.17964471198435122,0.28501537137673866,-0.13543831539732845,-0.0030388179130845794,1.028171855471891,-0.03506876669827412,0.05141592324498203,-0.026643140641848997,0.3068385245492595,0.17970272863393844,0.28313904016972813,0.2505500398147447,0.15736393710104282,0.07745090445338697,0.32776924798457696,0.02232641724661134,0.16199640879456706,0.21006911677917978,0.11014946229134248,0.18152659698467716,0.08883374233104978,0.42563498748570655,0.36878648331155434,0.205143472709585,0.05273184343479869,0.09726670681110709,0.2208893134969053,0.35043498615167346,0.08709091994071395,0.325482033050373,0.1937713879361697,0.166134410038674,0.15982668655140228,0.1358338158296551,-0.03221102688941018,-0.21832811655397694,0.018268864124066555,0.18475854493350977,-0.007126529100777305,-0.08460331468231731,-0.07848327550696788,-0.048020775029147506,0.19023557315966952,-0.08520866223200192,0.006476150435443832
0.18824962093504105,0.20080906756476477,0.24347156498896824,0.16120133578974508,0.1287389150041064,0.2246034881013661,0.1898522699093689,0.08311036188117375,0.2014191537888051,0.11203890159132171,0.20559208214702487,0.1965776210831809,0.13018166298223072,0.10869619992660862,0.17408297313230817,0.1381244070469928,0.2583507494635028,0.2423189350219443,0.2848723324064845,-0.03506876669827412,0.9488694978399373,0.16770933757677198,0.08899147176138218,-0.2282580332039507,0.1326676145452944,-0.38627594400427784,0.09742218707855103,0.19965184343839007,0.2191056631113875,0.2585461815169046,0.09525791106532851,0.1266979677062046,0.08343623424410256,0.16561329794019425,0.3479004062685826,0.08752480378039251,0.15057873973051114,0.07744252218755245,0.08553899867715638,0.016458027944567088,0.09653119965572218,0.14445276786595124,0.12375286450868227,0.09373730661869631,0.543484787862557,0.09759704810203554,0.27610219322734514,0.002690845778387435,0.09340679055423787,-0.1409295465120356,0.159205078072123,-0.02962441923656029,0.005688911376064785,0.01832108516070343,-0.15464264786140697,-0.008552667480084824,-0.11590740648787572,0.19362194166007451,-0.08538871244294538,0.060187297136001155
0.18467327125589753,0.03485805167046704,0.3334978397233688,0.17969246496440078,0.14755630025620167,0.2766518339327648,0.21678771654935258,0.16142033985425622,0.2530982977232321,0.2096149249145148,0.14009444609203156,0.1581516282878872,0.2874357196518288,0.14346348341558174,-0.06694770650598501,0.1389827192105264,0.10627010869725,0.28680572271707677,0.2530923941228584,0.05141592324498203,0.16770933757677198,1.2255152336422384,0.33775482781248073,0.14648078747335835,0.1672077663496795,0.03793229469974692,0.17365694102859883,0.052148170044270074,0.35050882035722913,0.06212005345019899,0.05604420859740227,0.1977611841380494,0.17137558008032658,0.13506779316429426,0.06956429882261159,0.2496604187822063,0.06578521123690521,0.12060412623111935,0.2265256212661523,-0.013542533477903315,0.04702693398533569,0.11107495351595682,0.2025985711265604,0.13745283754522503,-0.02419746446579923,0.2441520783306514,0.18137040740300037,-0.35561084880074356,0.3560300466355425,-0.012117419785022458,-0.009073337551913412,-0.17744740542623166,0.08159303640735908,-0.045075148509938316,0.01790845695811594,0.001339574768747803,-0.11871376497078154,0.015578316453447994,-0.05362292712022301,0.09932241105130765
0.0984378591612479,-0.1185301089991108,0.18411253743881334,0.15500229878528962,0.14306949081689177,0.0997041366177799,0.14285073074143165,0.054293785330069115,0.1556073093770263,0.22992864607179136,0.056092578033906444,0.06366948975504783,0.07038050291695067,0.060069137330948236,0.0271729003318812,0.00784518973946662,-0.05465103509490919,0.09426846924102641,-0.009731353441745522,-0.026643140641848997,0.08899147176138218,0.33775482781248073,1.486983479962928,0.2566901558035529,0.33014338027676754,0.05251013383298177,0.07183068160306362,-0.19020514967969307,0.44796013063577195,0.16395031477744407,0.20609180099781368,0.03575143993227536,0.1452708761552277,0.2910397228041507,-0.10463852891699466,0.30083117335830895,0.2579955326194668,-0.025558844222906378,0.30847270580118835,-0.06453514014929196,0.275320520782507,0.05427862524758746,0.051515987605121126,0.24822030749710708,-0.2027944780957421,0.30497891268124366,0.20779166642238173,0.04815213894183701,0.17553873199916722,-0.06838849488781434,0.001489673086590497,-0.23548343661333387,0.2889040486070122,-0.043588767133428005,0.10413131902858495,0.021494115703200495,-0.040073486548564845,-0.043007441294562083,-0.06529669335934724,0.029067029228795515
0.0050670456571908695,0.04785091233420389,0.32156300396208154,0.2198929687208911,0.18113950954216862,0.2671292056599743,0.18885926325509472,0.17252911819065364,0.3033007814295943,0.2375159297074843,0.19464155174727768,0.09282664475559974,0.22739675879711438,0.1711128820302519,0.1873645421008051,0.14700959780552972,0.06903774637131756,0.2408464291499489,0.1530334603678112,0.3068385245492595,-0.2282580332039507,0.14648078747335835,0.2566901558035529,1.758496535215279,0.1784707339462788,0.7763992222051574,0.06060689602314736,0.17013812537186662,0.705262803500521,0.24661905800992148,0.09731774601433567,0.133736237979477,0.35863713927609003,-0.09361275981488106,0.04989639954687859,0.42682957333584937,0.23940528782592818,0.12994514199323193,0.20977136624247353,-0.005359453644138878,0.3224239998300983,0.14438198425035437,0.12155780170329371,0.07310151957927166,0.049454997031231795,0.4423831045575943,0.1076404617640312,-0.0790355934598021,-0.06035648783920149,0.05832015141843596,-0.06488575829753054,-0.04254774632486338,0.10759839987322574,-0.08047554842687307,0.031328457572755236,0.10204187161489162,0.011213594961525715,-0.22797283121170334,0.17334926225801048,0.059049385425000725
0.14644127650220148,0.004482206765729302,0.28159130844979074,0.2148524083364076,0.1706892440740987,0.17534591760719206,0.12373567356357797,0.24616490950740105,0.10959109894498655,0.19768207031664994,0.1970209660992947,0.23681674421697843,0.12812681621323269,0.19442310644074293,0.22161607620771182,0.26575598596889616,0.1781871401054548,0.14664720584455201,0.14944524151587338,0.17970272863393844,0.1326676145452944,0.1672077663496795,0.33014338027676754,0.1784707339462788,0.6702064984994126,0.08509622117556769,0.170362568805635,0.05393955912101068,0.45162270701786666,0.18300445132338078,0.07006377898909474,0.15628072917333982,0.09679772550659872,0.30585608907266554,0.19477573836025272,0.16953065789198254,0.24871774884116027,0.11926361295137858,0.12232603948616698,0.004161580584453884,0.22998321998127985,0.16196703918387345,0.20201505667323635,0.09750300533782966,0.07736374074139157,0.3112355825536622,0.2675493628034178,0.052026573021679234,0.12314354285495091,-0.37644530868538606,-0.06435100843478123,0.07766355198194715,0.21457641433862817,-0.003915928354726833,0.013181638967630267,0.014145228673369812,-0.04030595382987067,0.1369819784341357,-0.213604628288215,-0.006397151458478571
0.020622999744258998,0.001680891900604422,0.29406727462562166,0.19825981616260774,0.18645091065408728,0.1981553841375236,0.05613225276597496,0.3194501842999569,0.1958961647944653,0.18204358441030305,0.225998984491572,0.1354808114164603,0.1984760368982436,0.2696331143004072,0.17915943379790397,0.15725490632659697,0.1036827260656286,0.19688834482484918,0.11330280791489301,0.28313904016972813,-0.38627594400427784,0.03793229469974692,0.05251013383298177,0.7763992222051574,0.08509622117556769,2.8066216708551397,0.14443315931371623,0.1140152535902255,-0.19001650707915524,-0.28693929738418616,0.2897419306021469,0.3197666490582523,0.025442299329759794,0.1623607214638803,0.2037667760394881,0.1708755850213888,-0.12470210742228392,0.11636105349002097,0.2958753214052914,0.458878859347265,0.6888876084076732,0.27001109688302394,0.1856806925662484,-0.0013787700425647855,0.8248121688151046,0.40209769052591626,0.26585132947499446,0.21886239979859282,-0.08137735875471343,0.1717655132020329,0.13314436946888183,-0.19309043975883794,-0.06942753436392304,-0.03377124070359689,-0.11706105010115377,-0.010967362065730598,-0.18620173045408064,0.4386156587406588,-0.2456870245297656,0.03152086345032644
0.14306306849039863,0.021766315826841673,0.2740311001859406,0.17192777692762184,0.08832375742703046,0.14495455155696646,0.11083524263779722,0.1888792411854844,0.11603052843816884,0.11768058746278683,0.16503226727418532,0.20660503498838645,0.1397944298728233,0.15879276231834838,0.10633948808554856,0.19821993893383988,0.18364716189081878,0.1527705708885141,0.13127460229975987,0.2505500398147447,0.09742218707855103,0.17365694102859883,0.07183068160306362,0.06060689602314736,0.170362568805635,0.14443315931371623,0.8917004902195965,0.19332265354137085,0.09376632125072139,0.11283151420658113,0.025455198032991344,0.17027754223773203,0.2571765338900987,0.08481708889577311,0.13432063992685706,0.3160671681580832,0.17231340141094728,0.11534568575586923,0.11282171367928438,-0.01722836454775042,0.13888792915843964,0.15721687825606753,0.4666383247276845,0.09398563091082883,0.2899314786632426,0.10772173168906038,0.04097526702563379,-0.02784043360569503,-0.012468426088882534,-0.05958568871699745,-0.08873502740201068,0.08636306832932371,0.07321698950515089,-0.03314124449971775,0.06361735016729718,-0.0181640632846507,-0.0037436288459901357,0.07278250897728349,-0.13991583989463907,0.05373268163374375
0.05597773420434865,0.06688678922068908,0.16817009190584,0.07841213876600947,0.025605310799052292,0.13699304250889713,0.05613121856002034,0.117191299218848,0.04815325184082061,0.10427190147547624,0.12770793991174315,0.08081518580332787,0.1194524485747082,0.09321012745428409,0.2068671453497997,0.18938999312676857,0.3966174215275024,0.25102068031769825,0.26812758536634596,0.15736393710104282,0.19965184343839007,0.052148170044270074,-0.19020514967969307,0.17013812537186662,0.05393955912101068,0.1140152535902255,0.19332265354137085,1.1149522986166325,0.11320466856715684,0.04506950756490274,0.1491892677718609,0.15463105024362808,0.44482137182471554,-0.02359552184564365,0.7278896401747568,0.0853625348620702,0.32608771416047544,0.09264181909615,0.10358140212123111,0.1181245320658147,0.2786160216005129,0.2034548243164049,0.20875373445950313,0.13292850435539072,0.28633610428097916,0.1171908303259029,0.1422263965514235,0.13962623875150046,0.09317609311788927,0.2064793699665956,-0.027309907378752347,0.47679205069799174,-0.6444905790671176,0.034064887808962156,0.07776287575473707,-0.051512759397073414,0.0005417885439570143,-0.08268764165042451,0.2725831057257351,0.05849561152998238
0.0989155650591291,0.047418262142179805,0.38124891865760724,0.2255837655102121,0.27375674427285945,0.31613368461903657,0.15393165110363152,0.17556456474377072,0.16728976856656055,0.3486235642421865,0.24815088529321705,0.159699046622696,0.3106439039474341,0.15891629721830894,0.23584148903982424,0.2615450834852747,0.2177789026390846,0.22674133416338027,0.2559602817800303,0.07745090445338697,0.2191056631113875,0.35050882035722913,0.44796013063577195,0.705262803500521,0.45162270701786666,-0.19001650707915524,0.09376632125072139,0.11320466856715684,3.3297757226603975,-0.14653210021511695,-0.20665243626750057,0.13554406579302022,0.23210328918784642,0.35275639855734314,-0.08321700202545286,0.439528597046709,0.4218079361210786,-0.03592542672596917,-0.004555521513233767,-0.12646491934439752,0.7309618762794123,0.12903845426918356,0.019982467372378077,-0.02940626324829228,-0.301486403168879,0.5593813524335866,0.2692597751182181,-0.1022413376607659,-0.05285845203385269,0.003019277651771691,-0.06255651458841252,0.15638964637577224,-0.15434288700464774,0.07963330838017393,-0.0016642796581874595,-0.05840820328759268,-0.2990744334052766,0.03029682245497929,0.13147613487572518,-0.11278359849847815
0.14169208798638355,-0.02061753520041803,-0.28260429753364097,0.08681462424869363,0.1194757657352175,0.11212255564375716,0.13438739789711515,0.01436442916435744,0.12835800521981525,0.017932787892012563,0.10694408238347373,0.09088632111623986,0.04546863173712764,0.08946944208172822,0.1915710990866342,0.09497897190170614,0.0764818511254064,-0.044618825467340424,0.24219572669170497,0.32776924798457696,0.2585461815169046,0.06212005345019899,0.16395031477744407,0.24661905800992148,0.18300445132338078,-0.28693929738418616,0.11283151420658113,0.04506950756490274,-0.14653210021511695,2.663875322729715,-0.244278317788589,0.03243037863225503,0.4513804844519109,-0.3312693053241789,-0.07708012710653735,0.23170692069782384,0.45386507058570486,0.16001031539014912,0.16270939185423697,-0.02030489413606699,0.03485178128026798,0.06224739158098056,0.35100529175486633,0.13002928255899787,0.3504939735676121,0.3035712623129119,0.3216030689286993,0.010820028654909166,0.5081672361945119,-0.30160427659034345,-0.14044690263416246,-0.26225403784670404,0.3172814122655307,0.06617369069056438,-0.062178502567501265,-0.22909330458633856,-0.3183198574460699,0.7819914111488088,-0.25414338963553046,-0.0021888268729450275
0.1394211265320459,0.06683645722784974,0.205635685909832,0.046066464841787925,0.06552243020604796,0.11337327541963321,0.08801416277421033,0.07463154288467777,0.15940707189538633,0.10842991176517461,0.06412855893518803,0.029513971124534747,0.022408231764369825,0.0691262308447991,0.09207233997238212,0.024212070259787413,0.0472074441851399,0.09592160978652704,0.12509414175141184,0.02232641724661134,0.09525791106532851,0.05604420859740227,0.20609180099781368,0.09731774601433567,0.07006377898909474,0.2897419306021469,0.025455198032991344,0.1491892677718609,-0.20665243626750057,-0.244278317788589,1.7318694185216272,0.15373342376111337,0.14931319372986435,0.027269365314927085,0.10720250376769115,0.1892144796146583,-0.0584527613236162,0.20851541378641505,0.2794902500599659,0.1468076649210637,-0.030307889853991365,0.13731277084443322,0.030131381893842707,0.08019595352864867,0.13514649240851018,0.28306704886525125,0.2145804028077127,0.04048003018905614,0.17209078105699893,0.165029072550468,-0.010095628883208533,0.174973539113068,-0.15618566920133134,-0.05727795493473025,0.14529225797846188,0.19297979098612694,0.3730739632712626,-0.40386473216897284,-0.043591144016145486,0.1284519603392888
0.1287611034484735,0.06052773633087655,0.18333783668562567,0.25264108091466914,0.11549703780896492,0.2383272454451169,0.11868319034270791,0.23920745003103472,0.14983169349407374,0.1318267047844474,0.19285340197387196,0.20280360755797647,0.13440254697705095,0.281232351015634,0.13006833456052463,0.20520584606788375,0.15373028944239234,0.16040009484957457,0.2192897777416989,0.16199640879456706,0.1266979677062046,0.1977611841380494,0.03575143993227536,0.133736237979477,0.15628072917333982,0.3197666490582523,0.17027754223773203,0.15463105024362808,0.13554406579302022,0.03243037863225503,0.15373342376111337,0.551861686671566,0.048517237703586014,0.2590944011982221,0.11271186399775604,0.16784064083992956,0.027752725598403378,0.15016278087460505,0.17090524634015572,0.15124275222437467,0.2381599460645463,0.142994892291368,0.08893704459728241,0.07181803196105276,0.19860255977472488,0.20969913730571466,0.24107756890771528,0.03544655162317763,0.21100517895198384,-0.055528594097105054,0.06573282643045192,0.07613977524254992,-0.12192297492582455,0.09623162455510846,-0.19003252973871654,-0.0358601973067749,0.48094239809822836,-0.0883695646641231,-0.19995342059569246,0.2432836356880583
0.1769093321922331,-0.024502927450181997,0.32511630915184625,0.13619686001255565,0.13382613947395083,0.10079877404657751,0.11910177008747173,0.12246082413777107,0.17448624416662342,0.044835318592780664,0.10494930546215976,0.0914854791462574,0.12519657794301814,0.11596159969008954,0.1186058179936424,0.08939329584931051,0.2352548301533045,0.2242235901143642,0.24443626410359126,0.21006911677917978,0.08343623424410256,0.17137558008032658,0.1452708761552277,0.35863713927609003,0.09679772550659872,0.025442299329759794,0.2571765338900987,0.44482137182471554,0.23210328918784642,0.4513804844519109,0.14931319372986435,0.048517237703586014,1.722252557051362,-0.2648872092848295,-0.48199424178475525,0.15479827692978085,0.4388955920130076,0.1360003872082965,0.11254866794703128,-0.1931244897419086,-0.06915006564386458,0.14607363903875495,0.2774560097495237,0.123774492425827,0.20140538408572775,0.3795428770986846,0.28723937745501077,0.04206757232097711,0.11252954682928991,0.19580721927339656,-0.026213295305334047,0.055512956254792745,0.06154779172513004,-0.26517045201965417,0.08100253379241672,-0.15139170463323343,-0.25252593836638276,0.2972814297474745,-0.038571392095045356,-0.07805306357774035
