0.423077071391946,0.11567292214320483,0.1708627966724064,0.05934896460213945,0.10144157942582946,0.0811690160661664,0.07640975053271709,0.06541218555459137,0.0406555479532254,0.10812337838680536,0.056049899039700216,0.07451149677695196,0.0305273849736733,0.05862473942186154,0.11174300901145517,0.05047401572264879,0.052518073013021443,0.07293651744340147,0.06513512839367569,0.04294519110560496,0.05688233256309707,0.06557473248556203,0.027707984262054886,0.018924410196093318,0.17668115820955377,0.03438298210219742,0.08748004446077276,0.04649917412481434,0.04618323568161605,0.07074091746799228,0.07952095752433239,0.05448237322040768,0.06003590013831833,-0.04056428553574251,0.015269057517775254,0.07534738298700944,0.05474702036798152,0.0972423300428901,0.025238395794173835,0.006113694390992276,0.05640967195340701,0.04176868576084234,0.0779756119088679,0.05906826006100416,0.08262576465816833,0.07348072588818204,0.08528440255307057,-0.0042589239776863975,-0.07713985211451163,-0.04049554089594346,-0.0006605942604636052,-0.018738516064561846,0.047904341891581416,0.00026281127968596016,-0.006900323803168635,-0.009892103586373891,0.06105453109875185,0.11991859167807593,-0.1718914698845211
0.11567292214320483,1.8235128823331779,0.5747106616892499,0.07844951271955346,0.034051729186273735,0.2252120336170044,0.19666371014746123,0.21831304224933976,0.16582826004292106,0.23813586850681187,0.1588957971208081,0.17268524822095424,0.08593624910614012,0.1357482951011536,0.26461811428136145,0.14400184469477012,0.24435706989695086,0.33658531109346057,0.0673012098221665,0.2817228052100812,0.15518752696380184,0.16388884187222616,-0.12602109998096522,0.10308732139141086,0.19277715345340257,0.1466156287852813,0.25886349353918847,0.2242869615508589,0.2313050144569415,0.11562970123249565,0.1216891961719085,0.14403656365036055,0.16029649272261176,0.22921657877321522,0.13075245655007378,0.14150437934767895,0.48354633859919716,0.22393524279357951,-0.15587818980371396,0.04060744649742949,0.09498807212615792,0.21478199541033408,0.25821854177774767,-0.020779509252540348,0.2675365071052249,0.16234238995066205,0.21833755436476213,-0.007890982861439463,-0.08930708262932431,-0.023936308568684388,0.15627332820484288,-0.017284954798371343,-0.05322105858650381,-0.05551779946822481,-0.2075516040553927,-0.11445409895076314,-0.15223347789139813,0.14164098838334302,0.2535727496759819
0.1708627966724064,0.5747106616892499,1.4984973174447644,0.01655599035661817,-0.24559183915109106,0.22909291098975243,0.23078776666433531,0.2178934722983966,0.28664491389022206,0.3138238340972384,0.12761247449486454,0.14995199585756414,0.07437532427249197,0.07116295492219316,0.23554981767962527,0.029219190376335188,0.25953694424172497,0.23293592082019454,0.026134389247751265,0.20324699721562245,0.1375313919122892,0.20423419117744568,0.0028082865501646652,0.19613474943733,0.2958907341041525,0.13038653736108718,0.20356260414543406,0.2130402599185694,0.14661375489498885,0.033462111312891445,0.17311702210282465,0.09023821437473892,0.11672774889042005,0.1538547292733992,0.11892339497836169,0.2520425245182615,0.324205894079047,0.2258600370029808,-0.08941524798670815,-0.10716735551077579,0.13371804054062358,0.2740054476192985,0.16192524736657046,0.04187836279759871,0.2717759939454673,0.29428583678498926,0.17326443393267132,-0.02618275648965948,-0.32041163077948537,0.026010063037766682,0.03158006530197132,0.08714411064060502,-0.05090882005109075,-0.12211940904894623,0.13267606201306262,0.013771676492538586,0.04880555433412352,-0.27750186284536504,0.08993231254728123
0.05934896460213945,0.07844951271955346,0.01655599035661817,0.7475721278638114,0.4184178912019102,0.31488441957506924,0.20414124894740557,0.19996848166532047,0.110708607552225,0.09698358674273924,0.16040273424124776,0.1845372588956988,0.08858145885419248,0.1848144758703658,0.16226428897006565,0.21540329640869457,0.1552651331514826,0.12133223396767498,0.20623900767689599,0.18533887265256507,0.1513883402743614,0.16720315284091286,0.0657865778460283,0.13359003161382554,0.08905792540697363,0.17515123880891387,0.07580492799585027,0.08925187135411287,0.1736375712453492,0.056647710360251534,0.1248923451662033,0.17505148662163872,0.051691747163205036,0.2663139459710877,-0.03842128325634474,0.08193092781073558,0.16641590604651868,0.13305513812842246,0.23520055390708283,0.050070582465291114,0.1186472942347061,0.17348293700546458,0.12686336167281986,0.1403175314381261,0.1561702732789502,0.011658149149658934,0.14993414879194306,0.012085558504854956,0.17089425573267394,-0.036981983586246825,-0.03393210078479454,-0.03602538059142006,0.058501601924470105,0.006816520809435512,0.05694180736187106,-0.03768287427555355,-0.09187977461910175,0.02368901319148951,0.0724257831750239
0.10144157942582946,0.034051729186273735,-0.24559183915109106,0.4184178912019102,0.8851957616069556,0.2622357893043851,0.1399972794342172,0.18519657726107622,0.0766129590405199,0.08447400243203565,0.16075501528467256,0.18954174806976515,0.1079979531199046,0.2297102573820525,0.19783017878822287,0.25707491082929723,0.11458731786408535,0.09268043015399169,0.30471225543314173,0.16344609854752612,0.14331309881954896,0.15570839025979025,0.09591750229007989,0.11580362193114767,0.04439553835518355,0.18153826662996403,0.03019508604507927,0.0373533420883873,0.17924652348943176,0.04092831979037842,0.12960286017081718,0.201749658578009,0.06547002948940801,0.3383348635513292,-0.038099586873626114,0.08261793495579059,0.1659302712360171,0.11119973156622313,0.31109093844059127,0.10260186071769704,0.1273221747444002,0.15607101518204822,0.04641282000726481,0.17856044592566692,0.13260615812234872,-0.007744620717676803,0.14176875338899608,0.02046093325618602,0.2528759770421781,-0.03541125397316768,-0.006814490700625734,-0.1502180757678824,0.16411416424785713,0.028047350843336063,-0.04782974074633294,-0.09863912922290148,-0.02397537197437106,0.02461550157379797,0.1345564279867709
0.0811690160661664,0.2252120336170044,0.22909291098975243,0.31488441957506924,0.2622357893043851,0.7282829849657679,0.23641033170305836,0.2504191782617447,0.1406850877951005,0.17665162025282985,0.2225741912281146,0.18456968910566682,0.11259136003232045,0.22441623991938944,0.23607896331213107,0.22822920500986904,0.27996413546169613,0.19081450975074274,0.3327140196408557,0.3283995791408142,0.2345571332004405,0.23904136342353957,0.013274152456895097,0.20648961007551195,0.22863714084308964,0.3003576385223247,0.14746547477745464,0.26281200160962687,0.29387625829425934,0.07765730027919443,0.19753001046670077,0.24796685713644004,0.020005660000193215,0.33029026845058274,0.060970431226027265,0.10279338746500159,0.2775244065669315,0.2258111344375554,0.354332607278931,0.10376079695873361,0.1528561300022655,0.24831225687818362,0.20483091734691541,0.23137577885444488,0.3360354662769091,0.027931823884301515,0.23841799467959157,0.017365905564288662,0.3060137309487951,0.0559505055783637,-0.14376043360254995,0.058597523455282574,-0.1121731797054989,0.014404381027478323,-0.015391516391755332,-0.03944413335173724,0.05212471101390409,0.044254520984662524,-0.03608779030438058
0.07640975053271709,0.19666371014746123,0.23078776666433531,0.20414124894740557,0.1399972794342172,0.23641033170305836,0.5403139845884183,0.16728945355243077,0.3455604947612963,0.20202995871998697,0.19404293594860111,0.28770814903491404,0.10215194298193353,0.23466092137339004,0.11289667454935226,0.21780251160326072,0.25687499397048336,0.21925215902225823,0.06817412310866725,0.2080431742457551,0.1912788919181561,0.28774211639006814,0.1309297250651965,0.18262665962303568,0.11500637450286341,0.17435200110558163,0.16850688701974692,0.1347879320714826,0.14583900237398847,0.1489400873284766,0.18712646348380926,0.2287157641931753,0.12344033624159041,0.2657494799921865,0.08311446221447728,0.2029303206342268,0.2603402251961974,0.20187614771418205,0.18007233047820284,0.07640417294795182,0.16647916666626214,0.26160258961049593,0.153897845160128,0.18380887373030008,0.22434505400109195,0.11173359425769896,0.21008970253646456,-0.010159642695752964,0.14284522043927225,0.0199042840665366,-0.000898284909881994,-0.13070878405358805,0.05301713539665418,-0.005993004393754505,-0.011968061628035858,0.08150049467940855,0.036516948275565564,0.017250842722462262,-0.1668684398204164
0.06541218555459137,0.21831304224933976,0.2178934722983966,0.19996848166532047,0.18519657726107622,0.2504191782617447,0.16728945355243077,1.0139346617241143,0.08856021607144417,0.20730350983694282,0.22872923809922174,0.14709307601460023,0.10747048821586037,0.19198478528362997,0.15047125286140525,0.14274570575135048,0.25232947532395744,0.31870160085967575,0.17913570944611104,0.287341031609344,0.20201167286947158,0.1475493622552102,0.13348317019019804,0.08413645647306434,0.07213985448694699,0.2587835067616417,0.29361883355371876,-0.01832415051208659,0.20901733234289485,0.2504246120249067,0.16195717813723867,0.18296302626512326,0.14889429922462347,0.2761179573161886,0.24834239382641607,0.10698515591925564,0.3476248418923286,0.2712934295331096,0.2022100008041042,0.1823099364007292,0.1672488929338078,0.1645807773151249,0.3853193969237035,0.11748140991162008,0.252299352191435,0.11407264258132889,0.3956008013999167,0.03903245866306923,0.3800879744249805,0.1588577036484913,-0.002777670118862563,0.0036285508931451793,-0.002112813459946319,-0.05103445943504323,-0.17883977077211363,-0.06453957395280764,0.003684866403651055,0.48146782999034243,-0.34916831591116254
0.0406555479532254,0.16582826004292106,0.28664491389022206,0.110708607552225,0.0766129590405199,0.1406850877951005,0.3455604947612963,0.08856021607144417,0.6859752431425465,0.20260678233886048,0.15579142417931663,0.20785601934686934,0.10376141440294065,0.2377942091423658,0.009142394027398176,0.1776267044241274,0.2125907045157368,0.24076814023606008,-0.02333070666423806,0.17111795288262763,0.13145241592280593,0.38128193696555285,0.12330393255635878,0.19387263114164385,-0.015372740742669514,0.14627386531996106,0.14474197532706115,0.1302812265360622,0.02281057205731214,0.14083853472989008,0.16104819278729052,0.2278826041192055,0.18649755978002888,0.10189586485741753,0.07048393945058702,0.19021731913939252,0.28983142415481583,0.2049206983166447,0.11300336835989001,0.04809451668419643,0.11927051850491709,0.19706049112440538,0.11755907784923568,0.15557969554424025,0.1608041514481617,0.15719343967292843,0.20438088775616262,-0.031247264985444008,0.15215906633103957,0.0358061127805759,0.03202511245892236,-0.13769663209604002,0.046789202223136685,-0.018843496782243934,0.10848052240795596,0.14348607528451865,0.09357849911023715,-0.14595598199892348,-0.22267896324116207
0.10812337838680536,0.23813586850681187,0.3138238340972384,0.09698358674273924,0.08447400243203565,0.17665162025282985,0.20202995871998697,0.20730350983694282,0.20260678233886048,0.9148208660550814,0.17133658298046114,0.2857553361505482,0.10063054131885735,0.2023873236406422,0.277055097727316,0.12349853098735623,0.2712637246875017,0.2875893801704101,0.08316334977368778,0.20909458554300944,0.11737922169726002,0.16813383395984688,0.11396650403108724,0.1861324013672696,0.24036322923883457,0.1572580518456199,0.3007769088331686,0.16208435927685885,0.22786166385386103,0.16861605275784028,0.23073138177655195,0.21749397206095653,0.0546821831393124,0.4313996485873404,0.2116994182746774,0.2938413545314498,0.3108529837491478,0.1890082705363796,0.09880733386801092,0.10784627434026019,0.22860361777576788,0.21110286553186078,0.22227007401437696,0.09022931060280527,0.17400787404120904,0.25802707487651516,0.31632044482504884,-0.004486793411172352,0.07571661439143014,0.05430648222955291,0.04866074537097953,-0.06063567090946993,-0.05426304272217516,-0.0014594082316842746,-0.007164336426522049,0.04727078536280117,0.22044579843571657,-0.07962985054059098,-0.19637663927435242
0.056049899039700216,0.1588957971208081,0.12761247449486454,0.16040273424124776,0.16075501528467256,0.2225741912281146,0.19404293594860111,0.22872923809922174,0.15579142417931663,0.17133658298046114,0.46301029634733326,0.25748324652058924,0.16155780209947235,0.1674416615793358,0.21999491990055026,0.2122350310742191,0.26682506476286927,0.19685203303390345,0.1315021164311619,0.23049342904063,0.1579723505048831,0.19121620044248158,0.07982432197494851,0.16951406853573078,0.13915532712669493,0.1926713325217356,0.1640932971195729,0.14642262403962994,0.17801286562140659,0.11040058126293532,0.16685903823339573,0.16982247060375713,0.129571195430574,0.21214586966742505,0.20268985649323584,0.1664074773554588,0.19430986266613332,0.14852591693996106,0.19729259452413567,0.14224600047532926,0.13281870823833922,0.16992221213440156,0.14020194853400111,0.13839607726431677,0.13723252315257078,0.09394662708659368,0.20493693105748995,0.004246206801469758,0.23625710587377563,-0.03781843166711774,0.0027768024424049886,-0.046430657538112464,0.02954827723724922,0.028738970463015417,-0.04492613342197149,0.007306417547343323,0.008407709478760508,0.06527600314757637,-0.11818580000096074
0.07451149677695196,0.17268524822095424,0.14995199585756414,0.1845372588956988,0.18954174806976515,0.18456968910566682,0.28770814903491404,0.14709307601460023,0.20785601934686934,0.2857553361505482,0.25748324652058924,0.6130309499229616,0.10502441609527588,0.28562607439000626,0.2235865670684473,0.28397047043396834,0.2595437623306823,0.19389863815114683,0.12070815326850536,0.202817743074535,0.16640732395264088,0.22834889567172117,0.1401863021351931,0.16147775955305502,0.13283780283892266,0.18220831998297263,0.21719159663912774,0.07953947145576823,0.18216734936158932,0.08184328243818628,0.2092638778464589,0.2760552793444908,0.13465332255317877,0.27090830784570386,0.2098752395348136,0.24563796387695522,0.16840482614095661,0.1460906124132582,0.20558109974322092,0.16284648100224192,0.10613899746477519,0.1714969491691304,0.13486244821718563,0.10550113816919565,0.17378462352448198,0.12523046410869274,0.19503160472695716,-0.012621408856531815,0.14016086397208496,-0.07848900953895045,0.01587132621317601,-0.04578444008141026,0.031502548842697695,0.03303466879782983,-0.04080765344025581,0.06700506856230071,-0.017821063904446384,0.029268294657034507,-0.1908899303884267
0.0305273849736733,0.08593624910614012,0.07437532427249197,0.08858145885419248,0.1079979531199046,0.11259136003232045,0.10215194298193353,0.10747048821586037,0.10376141440294065,0.10063054131885735,0.16155780209947235,0.10502441609527588,0.31360904711882187,0.11462315213772337,0.003704888075574552,0.15151047360316028,0.10838958432625209,0.1468389671488275,0.067826859497061,0.1037686198779087,0.0829137877471645,0.13275396150967914,0.07935391220621747,0.10042368394806318,0.07435649718440189,0.10109150250930309,0.040108900959654525,0.05852776086249456,0.13025428651332488,0.09444657755986959,0.08020341091360562,0.11426096298750585,0.08167326092548154,0.1351513618607228,0.12804695868405624,0.09236167964106931,0.08634618713091478,0.07861513607070429,0.1263811632988463,0.05132663789173439,0.09787683949539559,0.07374606109489447,0.05454968956286758,0.12347967738043031,-0.03578125582151072,0.09325139693334221,0.14553577127246206,0.0011487669752638094,0.1570335565917719,0.04599695912554224,0.008491225067010317,-0.0608728108513422,0.023718952080517892,-0.030578283331006144,0.012523145730643328,-0.02262234760088256,0.02554192801108421,-0.042484056582820215,-0.004539228450902605
0.05862473942186154,0.1357482951011536,0.07116295492219316,0.1848144758703658,0.2297102573820525,0.22441623991938944,0.23466092137339004,0.19198478528362997,0.2377942091423658,0.2023873236406422,0.1674416615793358,0.28562607439000626,0.11462315213772337,0.755719856704074,0.14723788495846266,0.5290309192946603,0.2859304244155587,0.04573523443026377,0.1783114961576469,0.29948097728711687,0.18793667111850076,0.40392950463596056,0.07741006028916694,0.14594998744667353,0.11175310726031577,0.27517986254759713,0.2723365318629779,0.3118642017399705,0.19181690804045695,0.3412540718776871,0.24616968627886532,0.6389697754792141,0.21691861776630128,0.296405471632653,0.19681829978432666,0.3151854877156819,0.1927637958285924,0.32621022166874114,0.2430731754991038,0.17060992691214893,0.29353497055124333,0.1939664347903725,0.18746341833007416,0.3114415084952853,0.23622550474518472,0.11327179680546554,0.297046640283951,-0.015698587419707845,0.25812918495939124,-0.12300863338037549,0.016661891382670505,-0.2093081347467552,0.18734936238981093,0.06745813309863355,-0.169022808199241,-0.09149839204106665,0.13606895866200971,0.15189408634933474,-0.09696518863031377
0.11174300901145517,0.26461811428136145,0.23554981767962527,0.16226428897006565,0.19783017878822287,0.23607896331213107,0.11289667454935226,0.15047125286140525,0.009142394027398176,0.277055097727316,0.21999491990055026,0.2235865670684473,0.003704888075574552,0.14723788495846266,1.0985106322371485,0.1011128504373207,0.219691447740246,0.07527377771469587,0.20382751040314473,0.2270386608470624,0.14146397151879755,0.09915208166999323,0.01808577073795005,0.210949667119596,0.2406746994467893,0.21352263940940655,0.27010320800277526,0.2871683999896215,0.1708592051321227,0.15166275500038112,0.19455188200770895,0.15049611255017126,0.11246679061079382,0.28252253925461523,0.1667811760757384,0.22210633198350252,0.21043696250685492,0.12220042705187942,0.16159023530651578,0.083743581781068,0.15055091235641513,0.20792928336888297,0.2190150730654237,0.08712507800850665,0.23357768277070695,0.03429151464796946,0.14909689191207007,0.018439104969131752,0.180066350470943,-0.1970195606356154,-0.06508211556486095,0.2136187607685013,0.003571296939575838,0.00022169756083915274,0.061010323976244944,0.07701850881627774,-0.026804918094648324,-0.08378643591508232,0.012236914007387691
0.05047401572264879,0.14400184469477012,0.029219190376335188,0.21540329640869457,0.25707491082929723,0.22822920500986904,0.21780251160326072,0.14274570575135048,0.1776267044241274,0.12349853098735623,0.2122350310742191,0.28397047043396834,0.15151047360316028,0.5290309192946603,0.1011128504373207,0.9828014028272253,0.22696730716950325,0.14721349061666383,0.20872587911341156,0.2909257276195749,0.14992128098726296,0.47683171990726897,0.04270701370153715,0.178490680465759,-0.023167675306849104,0.21643685053065825,0.13476366273614773,0.27454600460440715,0.2133317761431238,0.2636840717513624,0.16177670046628548,0.4799819543487538,0.16700985256888515,0.27019404298471006,0.33053518083110806,0.169813603970201,0.21064494174620504,0.23681547984203793,0.2944838161588823,0.16859597421623912,0.2136139408457411,0.13546037654510842,0.15710012371454832,0.30791016989189435,0.12698827280676944,0.037846751957210586,0.2461344050106473,-0.020567131375338762,0.4571242947806923,-0.22448595337262958,-0.05654643528826291,-0.03958762839729114,0.09564053165614099,0.05300221262776787,-0.07707659140849979,-0.061433790253226345,-0.03421960380044058,0.06855646046162138,0.01564639163458968
0.052518073013021443,0.24435706989695086,0.25953694424172497,0.1552651331514826,0.11458731786408535,0.27996413546169613,0.25687499397048336,0.25232947532395744,0.2125907045157368,0.2712637246875017,0.26682506476286927,0.2595437623306823,0.10838958432625209,0.2859304244155587,0.219691447740246,0.22696730716950325,0.7637073468410067,0.13559517028497325,0.18785359556183825,0.31936309713088673,0.23916802983139604,0.29862514600860385,0.019496265082311094,0.16993837837632444,0.4339878353510241,0.2016999461088512,0.32086003443784344,0.45969645667712433,0.17236730440933387,0.28579452887852447,0.3025647689644882,0.27914564900348743,0.2537567781390854,0.27943903756067934,0.21820531343733227,0.3410735472438301,0.40568346871413646,0.3482565318270309,0.12264730082516653,0.1259712727288878,0.3045628076577793,0.47490722496104804,0.26815210831148173,0.24181086625716466,0.46774412188055214,0.1624814516445295,0.3684938720606506,-0.007700896255960374,-0.20710527748445356,0.15846142522533196,0.08609861957259982,-0.1557849518100307,-0.10564497450688505,-0.00655274348640202,-0.12619929874056654,-0.04829932780956507,0.04489909670516288,0.11248130601019082,-0.09148930774483213
0.07293651744340147,0.33658531109346057,0.23293592082019454,0.12133223396767498,0.09268043015399169,0.19081450975074274,0.21925215902225823,0.31870160085967575,0.24076814023606008,0.2875893801704101,0.19685203303390345,0.19389863815114683,0.1468389671488275,0.04573523443026377,0.07527377771469587,0.14721349061666383,0.13559517028497325,1.0509929784833771,0.07042164476642904,0.10101166998499524,0.18641123079182917,0.1362425582384981,0.21353853370362452,0.2268023822540377,0.12208298519666277,0.18129472838453844,-0.046736705027542305,-0.050351002869069926,0.27905306818562403,0.008635036771804843,0.14229612337810313,0.08318317359274963,0.03566591320948567,0.26171739800969857,0.13261571878560444,0.06996344350387365,0.3763192401412077,0.09778878983374051,0.17977027273284116,0.10397637586619961,0.16970027173398702,0.24033521307592534,0.10045599418426654,0.06359927656469064,0.1812241151323015,0.14698428841912847,0.46055702739290666,0.0026636683742329264,0.043972189588437724,0.352074964144357,0.2511814464519203,-0.29733620285728046,-0.26669818208480484,-0.04311677648486626,0.030164462234100294,0.09172821577749164,0.026850188670218444,-0.01113100945789443,-0.16086520890376005
0.06513512839367569,0.0673012098221665,0.026134389247751265,0.20623900767689599,0.30471225543314173,0.3327140196408557,0.06817412310866725,0.17913570944611104,-0.02333070666423806,0.08316334977368778,0.1315021164311619,0.12070815326850536,0.067826859497061,0.1783114961576469,0.20382751040314473,0.20872587911341156,0.18785359556183825,0.07042164476642904,0.8091863339051477,0.08447066252986898,0.19250589848280883,0.15563155238845133,-0.09118666205905528,0.08274760727571097,0.19176410984165806,0.17802188796798307,0.16750065546260137,0.3475380811637689,0.12661300221938238,0.09761171777143769,0.18356140478400174,0.2095725773008039,0.13227312562884153,0.1946618760267442,0.035409314252115895,0.10692707101490531,0.15527230699126765,0.19211587741264508,0.3970369529305555,0.08754341611722521,0.19146503326108613,0.13280132606730927,0.14065878177843189,0.18993264951301658,0.31261281749031944,-0.061758457577640674,0.09383398896933336,0.041004797597739694,0.24861677916622846,0.059814670383255865,0.06826013745594256,0.33429694956984535,-0.27942310085385547,-0.05859857636704602,-0.056759832645391604,-0.059970525646621774,0.02306081583646726,0.11181681980637073,0.01328702793864235
0.04294519110560496,0.2817228052100812,0.20324699721562245,0.18533887265256507,0.16344609854752612,0.3283995791408142,0.2080431742457551,0.287341031609344,0.17111795288262763,0.20909458554300944,0.23049342904063,0.202817743074535,0.1037686198779087,0.29948097728711687,0.2270386608470624,0.2909257276195749,0.31936309713088673,0.10101166998499524,0.08447066252986898,1.124004303489395,0.06477810180564872,0.1795307294251345,-0.03654750247965089,0.28946318707191804,0.2999591398768564,0.3194591080075805,0.15323942255281026,0.1459440848341381,0.31718975509903047,0.2113022270457478,0.1795005318854693,0.2576594730215184,0.055399785981614914,0.34443960804426355,0.20997513159069245,0.14372671569274448,0.5297488855600753,0.18788744866633145,0.3664744018153277,0.22207257808655845,0.13093978106605883,0.3195792328320679,0.1656947044843763,0.03598989086516481,0.3234014786040092,0.20465026991791566,0.17282021942673456,0.023860383314128077,0.3469138137423141,-0.19254887885801622,-0.07170177206399021,-0.14686755084008796,0.21720079841556025,0.03415652381934713,0.03100921707547656,-0.025761725644267187,0.07946600628485016,-0.13612988438231075,0.05352529646530375
0.05688233256309707,0.15518752696380184,0.1375313919122892,0.1513883402743614,0.14331309881954896,0.2345571332004405,0.1912788919181561,0.20201167286947158,0.13145241592280593,0.11737922169726002,0.1579723505048831,0.16640732395264088,0.0829137877471645,0.18793667111850076,0.14146397151879755,0.14992128098726296,0.23916802983139604,0.18641123079182917,0.19250589848280883,0.06477810180564872,0.67968014070933,0.13843202518063982,0.2556646394956069,0.0712291023061338,0.023220840524004777,0.13338561015385852,0.13737864892067891,0.2348513406594834,0.16422262895635817,0.33321518655715265,0.2786327336962123,0.18851543992535058,0.18624873966131586,0.2186436781896613,0.2763993302513997,0.2710704058514129,0.245300595702129,0.2693226779144372,0.5425020687593873,0.2195734438814563,0.4084169255314008,0.3516268326021017,0.2019778794139598,0.40828187550164935,0.6503491230006099,-0.017838154297005464,0.37023879341511506,0.03552989191945461,-0.031786473084311144,0.1414462484302587,0.020844135107193247,-0.029946340921190424,-0.06395592691470134,0.01130665479013407,-0.06387982079920293,-0.04283232046832947,-0.05252855415019841,0.12748507705190287,-0.025603326252803347
0.06557473248556203,0.16388884187222616,0.20423419117744568,0.16720315284091286,0.15570839025979025,0.23904136342353957,0.28774211639006814,0.1475493622552102,0.38128193696555285,0.16813383395984688,0.19121620044248158,0.22834889567172117,0.13275396150967914,0.40392950463596056,0.09915208166999323,0.47683171990726897,0.29862514600860385,0.1362425582384981,0.15563155238845133,0.1795307294251345,0.13843202518063982,1.0557601508141894,0.0704969454875287,0.16817660450959648,-0.0523121714131616,0.2322188618841608,0.2793608632765308,0.3016602196743819,0.019810278409230875,0.21286792793793302,0.18028853465548533,0.38930286002671866,0.29602310458819314,0.18010239210663365,0.18617712688180987,0.22926698640808674,0.27363645397353625,0.33814274202354533,0.15446749239527427,0.06967763935272332,0.16680470666330705,0.2654955220839855,0.23562848022991636,0.3225787648453984,0.12516031942029315,0.14544271889851387,0.22609315366157773,-0.09495127851555882,0.40628166201824273,-0.10756407065457906,-0.023842522338684592,-0.11570567327220307,0.05824937697171497,-0.03073430155789156,-0.006118261289039648,0.02331961975778949,0.027131456330243737,0.03972878634490323,-0.14213669932162498
0.027707984262054886,-0.12602109998096522,0.0028082865501646652,0.0657865778460283,0.09591750229007989,0.013274152456895097,0.1309297250651965,0.13348317019019804,0.12330393255635878,0.11396650403108724,0.07982432197494851,0.1401863021351931,0.07935391220621747,0.07741006028916694,0.01808577073795005,0.04270701370153715,0.019496265082311094,0.21353853370362452,-0.09118666205905528,-0.03654750247965089,0.2556646394956069,0.0704969454875287,1.5124113574110922,0.13049290388166623,0.12642151075566355,-0.13480499883144292,0.0695306914439844,-0.4740171122428601,0.27903969388802446,0.3507338998438236,0.32421115335229167,0.02520614949827102,0.12024847279976818,0.26615690127753727,0.19838196203553277,0.5194428350551121,-0.005371985611553813,0.009532273365772587,1.057654639163141,0.24837644486169466,0.38591964022619185,-0.02519673594761563,-0.034410022867020766,0.7431109184159945,-0.195850905436543,0.12428943108372369,0.3968536282878617,0.04874263711818546,0.1788835623157542,-0.10002909066127993,-0.04054453153025735,-0.08479621550998476,0.2485194186720204,0.0014621808844376082,-0.08492768371614064,0.02299364117446597,-0.023352237751840303,-0.13961778481376716,0.06391598094680688
0.018924410196093318,0.10308732139141086,0.19613474943733,0.13359003161382554,0.11580362193114767,0.20648961007551195,0.18262665962303568,0.08413645647306434,0.19387263114164385,0.1861324013672696,0.16951406853573078,0.16147775955305502,0.10042368394806318,0.14594998744667353,0.210949667119596,0.178490680465759,0.16993837837632444,0.2268023822540377,0.08274760727571097,0.28946318707191804,0.0712291023061338,0.16817660450959648,0.13049290388166623,0.8071013156779158,0.43135163311212416,0.12220021369693827,0.018579387366405395,0.11524178253957755,0.1466326674109729,0.1598845909074035,0.16847866791457336,0.13308308920706655,0.10416983359698284,0.21426108417579975,0.23914055426582836,0.1873817145650872,0.23366647438101878,0.10504769054794488,0.15817624724066154,0.060759940012648485,0.12891611216338722,0.21187516475144758,-0.005435812131598922,0.12591491054666373,0.027385334667654044,0.025706603631711473,0.1929353011226054,-0.003636070821170635,0.2592096583986669,-0.13071298423945107,-0.005567302016380916,-0.05073499395122306,0.09339087703697893,-0.009860230606785158,0.297236215985373,0.07929595781136625,0.055983093136305,-0.794696981094005,0.484284954045323
0.17668115820955377,0.19277715345340257,0.2958907341041525,0.08905792540697363,0.04439553835518355,0.22863714084308964,0.11500637450286341,0.07213985448694699,-0.015372740742669514,0.24036322923883457,0.13915532712669493,0.13283780283892266,0.07435649718440189,0.11175310726031577,0.2406746994467893,-0.023167675306849104,0.4339878353510241,0.12208298519666277,0.19176410984165806,0.2999591398768564,0.023220840524004777,-0.0523121714131616,0.12642151075566355,0.43135163311212416,3.3392403289940416,0.40781327535392065,0.5122713608430016,0.4315559186865341,0.3838808520549541,0.23550931716257512,0.5112946700246196,0.10784020758540812,0.10243280412800082,0.31147627554639745,0.16850820548860515,0.5655718604403437,-0.09270735782953914,0.44934079089609863,-0.3537742069219502,-0.14819852666309885,0.3651443171744396,0.43557923463893056,0.39414806624233034,0.18665814624556096,0.3600658686787727,0.32400024516337667,0.2949515774942993,-0.06510964667140592,-2.071678763995794,-0.30270686324945634,0.12591525435568193,0.2607059160888184,0.034916218050818466,-0.11826215099991608,0.15587021088911415,-0.047025280605131364,0.059786063366349694,-0.25330162727576083,0.25214517257057545
0.03438298210219742,0.1466156287852813,0.13038653736108718,0.17515123880891387,0.18153826662996403,0.3003576385223247,0.17435200110558163,0.2587835067616417,0.14627386531996106,0.1572580518456199,0.1926713325217356,0.18220831998297263,0.10109150250930309,0.27517986254759713,0.21352263940940655,0.21643685053065825,0.2016999461088512,0.18129472838453844,0.17802188796798307,0.3194591080075805,0.13338561015385852,0.2322188618841608,-0.13480499883144292,0.12220021369693827,0.40781327535392065,1.4749197762514619,0.10825327721195994,0.32278612027630893,0.27384258963785924,-0.3566563914809133,0.2049482610082345,0.3250645217157636,0.126439245119864,0.2933078348282479,0.2561259134151986,0.21141420096708108,-0.21367053966943678,0.030341975262343907,0.2616042512083717,0.2885469674792164,0.07939719017333409,0.3080676828747931,0.049764709574554256,-0.09758451425041346,0.35831577966214284,-0.10509165685449454,-0.08403443123328419,0.0017517434364929822,0.810962977641772,0.3055204930945755,-0.10973859049300852,-0.04291135973412122,-0.3154110092744946,-0.016706472632846765,-0.013120694015104498,-0.030497714678986657,0.020548365714334223,0.13672814997181448,-0.11581167521997232
0.08748004446077276,0.25886349353918847,0.20356260414543406,0.07580492799585027,0.03019508604507927,0.14746547477745464,0.16850688701974692,0.29361883355371876,0.14474197532706115,0.3007769088331686,0.1640932971195729,0.21719159663912774,0.040108900959654525,0.2723365318629779,0.27010320800277526,0.13476366273614773,0.32086003443784344,-0.046736705027542305,0.16750065546260137,0.15323942255281026,0.13737864892067891,0.2793608632765308,0.0695306914439844,0.018579387366405395,0.5122713608430016,0.10825327721195994,2.0907721351847894,0.5822342387392854,-0.04064250701642999,0.3175326431794023,0.5677078006779166,0.29440809890912645,0.3977984471842567,0.2837033717641346,0.4276189601175073,0.8924570195401935,0.31006378796742107,0.5324522298682576,-0.026026606747564723,0.33345817609465833,0.26920736210073754,0.06707866961120296,1.3525306876363845,-0.09727099454249107,0.16710741516921232,0.3242700276360994,0.1244733626200757,0.009461296067808512,0.6305275405264852,-0.0022337221801714802,-0.20884146627991843,0.6533680220298766,-0.0740476178232128,-0.11771666027472927,-0.05021724891081348,-0.034115969706467145,0.1563312860977015,0.47314895306518734,-0.46475062135631034
0.04649917412481434,0.2242869615508589,0.2130402599185694,0.08925187135411287,0.0373533420883873,0.26281200160962687,0.1347879320714826,-0.01832415051208659,0.1302812265360622,0.16208435927685885,0.14642262403962994,0.07953947145576823,0.05852776086249456,0.3118642017399705,0.2871683999896215,0.27454600460440715,0.45969645667712433,-0.050351002869069926,0.3475380811637689,0.1459440848341381,0.2348513406594834,0.3016602196743819,-0.4740171122428601,0.11524178253957755,0.4315559186865341,0.32278612027630893,0.5822342387392854,2.002994903706727,-0.224448125423924,0.35533484397816345,0.39556246165627956,0.433257801649262,0.34279830795893634,0.14159147828067917,0.1675785665898288,0.6126011865133945,0.02955089516496194,0.43189323561995757,0.12083248260049384,-0.02381125505473303,0.5293056433516059,0.1176171671383466,0.4939486264674306,0.5817680588275699,0.555462978533341,-0.10599850215229355,0.043016104521918494,0.00869570329191856,-0.039031180996850164,-0.3378151789311374,0.0035221587907985717,0.8546183821573633,-0.632217978127348,-0.03113308441642315,0.056577526762258794,-0.0641579598059164,0.185699315970331,0.0183662420429864,0.03904856972464762
0.04618323568161605,0.2313050144569415,0.14661375489498885,0.1736375712453492,0.17924652348943176,0.29387625829425934,0.14583900237398847,0.20901733234289485,0.02281057205731214,0.22786166385386103,0.17801286562140659,0.18216734936158932,0.13025428651332488,0.19181690804045695,0.1708592051321227,0.2133317761431238,0.17236730440933387,0.27905306818562403,0.12661300221938238,0.31718975509903047,0.16422262895635817,0.019810278409230875,0.27903969388802446,0.1466326674109729,0.3838808520549541,0.27384258963785924,-0.04064250701642999,-0.224448125423924,1.8759331348278665,0.11193553359607299,0.03876892594153954,0.22634761499688116,-0.2913881921402756,0.6593912458908098,0.2936400435224289,0.31772075049266413,-0.23514479644794112,-0.2475673396932936,0.43783738364207797,0.2971978578151131,0.32133453055222,0.03891101232103218,-0.02505081088165348,-0.28675430536136415,-0.028735799971057796,0.3636917509904326,0.25570427648991784,-0.02914432729520924,0.6628486334371615,0.36871902123874134,-0.13217372934305832,-0.005524807655571952,-0.2905201108743964,0.08147326447575494,-0.04627520081778962,-0.10220328685444689,-0.048459889913727065,0.03445868691480326,0.08708087406761753
0.07074091746799228,0.11562970123249565,0.033462111312891445,0.056647710360251534,0.04092831979037842,0.07765730027919443,0.1489400873284766,0.2504246120249067,0.14083853472989008,0.16861605275784028,0.11040058126293532,0.08184328243818628,0.09444657755986959,0.3412540718776871,0.15166275500038112,0.2636840717513624,0.28579452887852447,0.008635036771804843,0.09761171777143769,0.2113022270457478,0.33321518655715265,0.21286792793793302,0.3507338998438236,0.1598845909074035,0.23550931716257512,-0.3566563914809133,0.3175326431794023,0.35533484397816345,0.11193553359607299,2.8589646528793393,0.23292130806461056,0.2855439132228217,0.38696287746912184,0.11056588116040504,0.6419381728823836,0.241055556591992,0.7301749175329982,0.8587736493815541,-0.04918121569650284,-0.061212605362042094,0.8832999411556589,0.4034245581458132,0.9140489751848554,0.9022572645340053,0.438443455292415,0.16199528251645556,1.294093837208233,0.10718872280637669,-0.054371494723418276,0.00178079601321681,-0.07183866713932505,-0.29125209953591646,0.3084048624313525,0.028185656119848676,0.019970227974821453,-0.22654865091908136,0.07832656980681446,0.263517600407448,-0.06884726220552778
0.07952095752433239,0.1216891961719085,0.17311702210282465,0.1248923451662033,0.12960286017081718,0.19753001046670077,0.18712646348380926,0.16195717813723867,0.16104819278729052,0.23073138177655195,0.16685903823339573,0.2092638778464589,0.08020341091360562,0.24616968627886532,0.19455188200770895,0.16177670046628548,0.3025647689644882,0.14229612337810313,0.18356140478400174,0.1795005318854693,0.2786327336962123,0.18028853465548533,0.32421115335229167,0.16847866791457336,0.5112946700246196,0.2049482610082345,0.5677078006779166,0.39556246165627956,0.03876892594153954,0.23292130806461056,0.9204021617284305,0.24857029844040834,0.17267308865482262,0.273683778754423,0.21285445533466169,0.8088824099911063,0.20472087761986874,0.4106185999375668,0.5784949644840122,0.22174118339011972,0.45122565205279996,0.234232174395259,0.29215819314615243,0.3179461706537908,0.366340957572474,0.2035420192069841,0.2856009787151492,-0.005456074635350916,-0.2998391184334735,0.09732947527899655,-0.004957144218807635,0.18065814687838538,-0.04742713731150707,-0.07051568342354386,0.01874937331560071,0.0003854001499969558,0.13422197323483895,-0.058424976240364815,-0.08405883671398814
0.05448237322040768,0.14403656365036055,0.09023821437473892,0.17505148662163872,0.201749658578009,0.24796685713644004,0.2287157641931753,0.18296302626512326,0.2278826041192055,0.21749397206095653,0.16982247060375713,0.2760552793444908,0.11426096298750585,0.6389697754792141,0.15049611255017126,0.4799819543487538,0.27914564900348743,0.08318317359274963,0.2095725773008039,0.2576594730215184,0.18851543992535058,0.38930286002671866,0.02520614949827102,0.13308308920706655,0.10784020758540812,0.3250645217157636,0.29440809890912645,0.433257801649262,0.22634761499688116,0.2855439132228217,0.24857029844040834,0.7615326879977788,0.19957066420784522,0.3072224349143699,0.17565759118277782,0.30236639700462026,0.13730120308778887,0.32914073775480523,0.24969496151117027,0.1766529703407888,0.2738495181472281,0.1496972894890202,0.20918045227209212,0.25464879788528527,0.2618585994732754,0.10816491881012691,0.26413296647128154,-0.017811753693022354,0.3180274031868229,-0.10333150923660367,0.004142773005113408,0.17150846744460765,-0.23195231591138957,0.07892121745759134,-0.13893575750106593,-0.08648895988864813,0.21831923327533487,0.12543825169332623,-0.15780304024284397
0.06003590013831833,0.16029649272261176,0.11672774889042005,0.051691747163205036,0.06547002948940801,0.020005660000193215,0.12344033624159041,0.14889429922462347,0.18649755978002888,0.0546821831393124,0.129571195430574,0.13465332255317877,0.08167326092548154,0.21691861776630128,0.11246679061079382,0.16700985256888515,0.2537567781390854,0.03566591320948567,0.13227312562884153,0.055399785981614914,0.18624873966131586,0.29602310458819314,0.12024847279976818,0.10416983359698284,0.10243280412800082,0.126439245119864,0.3977984471842567,0.34279830795893634,-0.2913881921402756,0.38696287746912184,0.17267308865482262,0.19957066420784522,1.6053433517959734,-0.1669239806824434,0.24428556887170833,0.09224928299796994,0.7690390915863479,0.46801782878927106,-0.2647362157802827,0.12223062098499517,-0.17454603367519203,0.24706806229560832,0.41466484924722524,0.4016475340009005,0.2900175236808874,-0.09835556523211475,0.36088158167990786,0.01511241224539395,0.13423474457996531,-0.037190822195652805,-0.029934504223111006,-0.11173516245024188,0.11981524807099549,-0.08774062272079784,-0.1442503813057629,-0.0984021257634112,-0.06828125862722571,0.11793706129394282,0.1433724052406438
-0.04056428553574251,0.22921657877321522,0.1538547292733992,0.2663139459710877,0.3383348635513292,0.33029026845058274,0.2657494799921865,0.2761179573161886,0.10189586485741753,0.4313996485873404,0.21214586966742505,0.27090830784570386,0.1351513618607228,0.296405471632653,0.28252253925461523,0.27019404298471006,0.27943903756067934,0.26171739800969857,0.1946618760267442,0.34443960804426355,0.2186436781896613,0.18010239210663365,0.26615690127753727,0.21426108417579975,0.31147627554639745,0.2933078348282479,0.2837033717641346,0.14159147828067917,0.6593912458908098,0.11056588116040504,0.273683778754423,0.3072224349143699,-0.1669239806824434,1.5640328918735122,0.31222394596822517,0.3307933418381549,0.3811433514088652,0.16326741819586094,0.3062805209462437,0.11939357630001528,0.38519751665842483,0.3247714486280141,0.2833743998320417,0.22854900935677386,0.20119447188742492,0.2825889137845081,0.33009078162708755,0.017823971759195284,0.31276248428862874,-0.0613685435643494,0.00877849879072279,-0.013805583581163437,0.030499143853121212,-0.05782293217430297,-0.08228292658115033,-0.029808582112207476,-0.01302534801417639,-0.05989550131785611,0.1951030963281188
