2.384964240539696,0.24432596544569835,0.5096468794292008,0.09421247091202373,0.026679027473826184,0.09756418330361387,0.07868963051686184,0.06316959664043723,0.06309507637736775,0.07617193799255698,0.09077948794402195,0.11633205330957999,0.011690070517890267,0.03596085047735578,0.21296963114600184,-0.00813105292900746,0.04818516784873037,0.17902270940551765,0.05960074902329836,0.17897556821608482,0.09151530444135322,0.06919313000568829,0.2439505917038772,-0.5182987786003562,0.05910719868196307,0.19333729765761826,0.07689945860078813,-0.06888737618671867,-0.02412398397342214,0.09270148220468005,0.18246423082494972,0.0064487274948599235,-0.056722766969494555,-0.1356390956091405,0.031996050809222805,0.07783802696210772,0.04244811187741944,0.27061424522053035,-0.003087859221281795,0.11446607152789022,0.06808713885427367,0.08754135627934312,0.16891915760355053,0.07503471278463003,0.3608574015056395,0.25634760378155413,0.07991369328457722,-0.08522328750433593,-0.3729642141584309,-0.02205393278931366,-0.022847155661024715,0.167806360876073,0.06159877188830196,-0.0022526223639317226,-0.16449860907019925,0.028973186205551185,0.2810993519789608,0.4850455621039928,-0.7370437235099064
0.24432596544569835,2.397787873004975,0.807930187209239,-0.0431683730769076,0.04821367243994325,0.24199741273958697,0.061681630227980774,0.24235625466269473,0.10510742253387191,0.31284608481437937,0.12881883040838632,0.14665376861006924,0.07413802990710236,0.19466087085529463,0.2506180763732038,0.18403287260004583,0.21954968597425678,0.4210926487898102,0.07228181215252791,0.35106238457632916,0.22941496951312118,0.13911001603223222,0.051870414153791594,0.13408489089325207,0.2277654279492957,0.1978384955748632,0.15164961953490128,0.17070876172918364,0.350201235087167,0.1969660559458843,-0.02790796783747591,0.18292270009547154,0.1598316558973034,0.24969955143083675,0.15568044839957934,0.17389514889079064,0.3240086762034495,0.2935649862159875,0.16324802750964332,0.040305107259533096,0.16498202617711213,0.21548098636255494,0.2474178566971249,0.006204628879881767,0.18646198411497872,0.27896397852167243,0.2754004038508982,-0.0492962966115674,0.0674564927171238,-0.013032467055980108,0.02972796633798454,0.18726065053027274,-0.10980812299803215,-0.09139991912586912,0.012724306376225434,-0.17330819476981707,-0.5012402594512206,-0.046502564056037185,0.565212293692243
0.5096468794292008,0.807930187209239,1.8273500363748547,0.1083304471692522,-0.08060054412330145,0.27750404477246626,0.1478114727359224,0.3607736424167851,0.2746510704350068,0.4301223390395482,0.22009655355047109,0.24666568092624325,0.1039721070153401,0.25688544661998985,0.3666303741978373,0.20450073449253192,0.28253957186287393,0.3478427742635883,0.08672768298958317,0.27789537078919835,0.27011091236680346,0.2705492527487636,0.17819252768175928,0.23234029122832695,0.33493476268615424,0.19868575637418617,0.16666059546130413,0.12829037212127098,0.4059428165920183,0.061128842875564054,0.0836929770885439,0.20444305797894297,0.14877518389449687,0.3497014307207822,0.19368352273554018,0.3216265446124333,0.47045378826746237,0.37891612013255055,0.24770673106291827,-0.04509620352774416,0.12317026014664861,0.2739033746884225,0.22062624195192615,0.0353951205820369,0.3675367963389403,0.5554026381348421,0.42583191372726553,-0.20628293782238502,-0.1571866766899919,0.040368953424149076,-0.16625749190082895,0.31856230833144783,0.07364362124646351,-0.20572521721306786,0.142648805513962,0.07029401005686585,-0.24168891809402396,-0.2323242319619677,0.17340397591307255
0.09421247091202373,-0.0431683730769076,0.1083304471692522,1.7795911011615508,0.24946570872787027,0.2906409990428049,0.01367190954050773,0.27437826762199424,-0.018889005701214354,0.07240819287506645,0.2264975986187115,0.2777934060652797,0.0670433679425977,0.005070366888819038,0.020049264013750116,0.07462824013817253,0.0878982375181219,-0.015285247175573531,0.0982310503336458,0.21429890904145663,0.06944339834569642,0.00572911764410722,0.055451119448124774,0.14214561823510036,0.13624035640735271,0.08871508390888778,0.09120366706417676,-0.006409845047262597,0.12245456058580087,-0.03358955580146382,0.05744578028525267,0.07649289295076371,-0.04543270465986709,0.25732156664788125,-0.12239421692521893,-0.02263534177228198,0.0894664252631059,0.1480090283712954,0.21530600206655134,0.02298563640641675,0.043302796485205824,0.04320158503763923,0.12834176839287476,0.18969258313250895,0.0243276165190497,0.020020631235081236,0.16387997284018985,0.09956247679876465,0.06927355124621222,0.15251733330888048,-0.08552909654637297,-0.07525666513747449,-0.13581024388780497,-0.005274451292434169,-0.03458690808232466,-0.02579993939384373,0.09913751047646134,0.049734510410013456,-0.12995251052635393
0.026679027473826184,0.04821367243994325,-0.08060054412330145,0.24946570872787027,0.7767999577138939,0.2686215259052401,0.11375255136857279,0.19493959455273827,0.014772277749523484,0.10931969664457304,0.09119797746676314,0.16039152392367614,0.09713686731349816,0.09880339066925097,0.10545996286139761,0.14258260688185959,0.08422177759498524,0.10255966664951316,0.2630780319107758,0.08899515283616309,0.0670164105351073,0.07597849846012764,0.06008726182483954,0.18899645226487524,0.1153046834807078,0.1600989023854584,0.07619082051563263,-0.03821786851106422,0.1385655232298622,0.013555066486808886,0.00830739330920674,0.08083326283668014,0.05306457587845269,0.14239489600755056,-0.054473374030992824,0.0415924945655136,0.074174720348292,0.06786174935771906,0.11045881181506863,0.051072087131687934,0.07001590779759699,0.06386751902038686,0.09387997895841425,0.04116269397507797,-0.09684923429600512,0.051347998038186425,0.13799208908035948,0.050131867981309974,0.29467580593971615,0.08759421318861427,0.22799441078455931,-0.3511072065599082,0.16299812064223723,-0.012352573139790402,-0.06894509686204314,-0.06747508833840192,-0.11634012219624244,0.06138488015625185,0.14174909153386792
0.09756418330361387,0.24199741273958697,0.27750404477246626,0.2906409990428049,0.2686215259052401,0.6626273333998585,0.06027453159287568,0.2730854747059943,0.10581395588041831,0.14326045088026826,0.16147013098684476,0.20520371451260652,0.08196275359091387,0.13999026108449664,0.08412299237906741,0.1595011368304053,0.1763980368344333,0.11691892323255522,0.16748744068735733,0.2096362965072584,0.09128842251702006,0.14296395828128838,0.07972007090426761,0.1314888533154546,0.039335475033664864,0.15928291127987715,0.10430910734909585,0.09867014150781417,0.2249607042955038,-0.07897416615483403,0.09588787300849218,0.16351564291344226,-0.006268342969514993,0.2863227019054725,0.10112102745028495,0.0027979748599810048,0.007203969035436729,0.06921017753855517,0.19223767885002396,-0.011963119671001575,-0.10996013423252925,0.06290583306782259,0.1939660598088984,0.07182938723987171,-0.046773386697031856,0.11821317565580222,0.3362243114468323,-0.04746613452034053,0.3631263224998643,0.3252843762698056,-0.8735402792498624,0.2889323121572411,-0.17466067923880435,0.06041768694043094,-0.02023338545697209,-0.03466970204600988,-0.11667723756181306,0.07365263238239672,0.034864976141049664
0.07868963051686184,0.061681630227980774,0.1478114727359224,0.01367190954050773,0.11375255136857279,0.06027453159287568,0.6953632759410481,0.10439387145626022,0.29117460054359795,0.21559877393751165,0.2073503583862612,0.27413367356487045,0.12608157122154362,0.19660278380707683,0.19061302859682708,0.23886996065024868,0.2206600589420751,0.1213072109697867,-0.028021440528286038,0.04824556357846176,0.1448001397731143,0.22229470748965674,0.10275219780502033,0.2571349637398195,0.17102858891307549,0.24944559881922776,0.15743191322065758,0.12640880594760562,0.11903010129456214,0.09798172076917669,0.09341065224273704,0.18929086667248396,0.13158284099355974,0.2023101922059812,0.14433169846114421,0.14535806464893533,0.11236429255964991,0.10528188238138801,0.1886404067951052,0.03268150858493122,0.13203623762684835,0.14954346128491924,0.21595694982808927,0.05556912013973749,-0.12513511810889485,0.04914021993000808,0.017447401270206164,0.000235143011531401,0.4427232852370385,0.060499859614095264,-0.14169014325002405,0.11240102895347438,0.05341703349006932,-0.04886553450280602,0.09120391649128749,0.19046692091092857,-0.08797669175576864,0.05142911088187012,-0.2833843033493346
0.06316959664043723,0.24235625466269473,0.3607736424167851,0.27437826762199424,0.19493959455273827,0.2730854747059943,0.10439387145626022,0.6749105999160442,0.03204687299067924,0.1839575734212988,0.18594839330676843,0.14280509059743243,0.07920224549203299,0.21488326234147093,0.11255478722379289,0.19264456255199988,0.21865095968074888,0.20605152342579935,0.12473341196098968,0.19191777256315992,0.13632081922630393,0.13832896409597467,0.06868025411658722,0.2066882519461525,0.1455890247919247,0.20980147359143062,0.11917316982784147,0.1474612970400655,0.1667909403829855,0.0577889884996255,0.05837125783183471,0.19162573506475267,0.1530575198735349,0.22339665692254904,0.14938151859065818,0.06502119237571295,0.14989243293997523,0.13834924503268078,0.24624095351785355,0.03588996254978109,0.052151612643392777,0.11723107446176041,0.2113019508174365,0.05849496762941391,-0.020537540469405532,0.13015291798414702,0.30992915595556436,0.0015428720217426676,0.4541683280614549,0.157314983654335,-0.3398347807826891,0.29627949365534073,-0.023431605019000996,-0.06658890283795672,-0.06393298961798746,-0.08133313315991093,-0.05700574829758594,0.08173637582782536,0.05266644984556627
0.06309507637736775,0.10510742253387191,0.2746510704350068,-0.018889005701214354,0.014772277749523484,0.10581395588041831,0.29117460054359795,0.03204687299067924,0.5976001410174275,0.0456658503424693,0.15384228863793312,0.16425914855749843,0.058319793214490406,0.17387149052302509,0.11836005159181204,0.12720299967345572,0.18099378632725732,0.04342123613523254,-0.08841691601498412,0.05503595343077107,0.1409637249062941,0.25651656246361376,0.1275021159888895,0.1332432400521956,0.050263050533079716,0.2300999729737864,0.11204552085722883,0.09103187238086698,0.06788807563088853,0.03044440163709695,0.14061168123535506,0.17302019191122395,0.11018941297441953,0.17512771840308658,0.08468194648190874,0.12831581359643376,0.13951097154992606,0.13572970011969102,0.10161663709186418,-0.0004997274384153444,0.044488962518291535,0.1371532469398675,0.19588797475568318,0.03154534104561207,0.007190484667702091,0.13238588008930902,0.12377870247720461,-0.0840449361398768,0.21164199772572959,0.07385488322086434,-0.2295952381682058,0.18073834221061946,0.01310383766968285,-0.05945831380739818,0.1250096419442669,0.14301657849396196,-0.13034690375118196,-0.042356522966557716,-0.14756302725760678
0.07617193799255698,0.31284608481437937,0.4301223390395482,0.07240819287506645,0.10931969664457304,0.14326045088026826,0.21559877393751165,0.1839575734212988,0.0456658503424693,0.6588716698453899,0.12254380942290165,0.17412861144935834,0.10069363860446459,0.23747336096809923,0.26221986714722056,0.1749367737158928,0.2254435014842893,0.29385283928546174,0.07860710926478959,0.149727042361439,0.17326518813693575,0.14239857978069578,0.013799984284940352,0.24612053033062017,0.27785401742659444,0.12337980442712748,0.14951010623163438,0.13773224737391276,0.292684214420196,0.23253743181844466,0.061565090983950105,0.20121550917234576,0.13146572877674373,0.23513991525334346,0.17718409394126688,0.1642483542278931,0.3712030485230935,0.19406272732874555,0.15527884648447426,0.016583597837918018,0.17845551869789422,0.18531683182810627,0.18731148876282702,0.03804436212370817,0.1169564464981621,0.13291846455021236,0.2869961113965031,-0.023947588521707527,0.31547880373290654,-0.006984505260178387,-0.04362848628323893,0.036449400111699434,0.046801965905233174,-0.06533350441213949,0.09900097672632219,0.07627611333631039,-0.19374520462770398,-0.09885544447028304,0.09564116640756788
0.09077948794402195,0.12881883040838632,0.22009655355047109,0.2264975986187115,0.09119797746676314,0.16147013098684476,0.2073503583862612,0.18594839330676843,0.15384228863793312,0.12254380942290165,0.4025918661038878,0.24904729440029832,0.11854829020612981,0.14361815930517705,0.20440050822721684,0.14963677030268072,0.19108324392600415,0.110173119280709,0.017431057603455563,0.19471672136392384,0.12045397030242662,0.13171459914764191,0.04447002491934438,0.15626979494145224,0.09804313007202914,0.19057400605069516,0.14725910935332226,0.0911085912885572,0.1502815513635846,0.06892635315867608,0.12222538695139633,0.15879653254703233,0.04309671074395047,0.17451223104281444,0.12227545234542016,0.11520339472392241,0.10170240244286281,0.137041879533204,0.17623513224319998,0.05297672602182081,0.08958761475056103,0.12356265879047239,0.12431745369081759,0.02721719258237463,0.024905711375888227,0.0623934698848314,0.1316643114430373,-0.021153516497334816,0.18154035337790259,0.04251980643688952,-0.14578104978913825,0.04491071526563406,-0.004446211806922877,0.0004857968248187348,0.017339384568070798,0.04955852388119896,-0.07529361881788961,0.0042229661897915,-0.06850261385902076
0.11633205330957999,0.14665376861006924,0.24666568092624325,0.2777934060652797,0.16039152392367614,0.20520371451260652,0.27413367356487045,0.14280509059743243,0.16425914855749843,0.17412861144935834,0.24904729440029832,0.6134474867055294,0.1046490249532044,0.16273045293207308,0.2811895981091907,0.2232497650877866,0.170460620666533,-0.005023741601555253,0.042299463733489806,0.20556916287840446,0.1011021245084029,0.14922789397164526,0.05293125129899017,0.1687581726141581,0.09329643493248226,0.18905837194161282,0.21667962880756408,0.07634679859435868,0.09245046875462369,0.05740661882875099,0.0781508325422383,0.1978783022609804,0.01077011226633763,0.22737212215080055,0.08881092678194713,0.15506306151452967,0.021324095395200332,0.16626762511417106,0.2202012969471479,0.05276445061406858,0.13297780064949333,0.12438264842501287,0.13172434771729327,0.052858681731893294,-0.08558666274964163,0.047874700717943114,0.14694015157118234,-0.00922932980248463,0.3100251098850055,0.001751967099072002,-0.08618325747521349,-0.11281360875814642,0.012389907332049305,0.023671739962996038,0.08303053716203344,0.13890745513682962,-0.1310817896806221,-0.03884447181844407,-0.086867792062372
0.011690070517890267,0.07413802990710236,0.1039721070153401,0.0670433679425977,0.09713686731349816,0.08196275359091387,0.12608157122154362,0.07920224549203299,0.058319793214490406,0.10069363860446459,0.11854829020612981,0.1046490249532044,0.27775299443674145,0.07600219332717345,0.026809700174030403,0.11137173356313147,0.10886301658104607,0.07739873802321202,0.04210436928077067,0.02824063747251703,0.08285892506007796,0.128294417921363,0.011785023667333989,0.17954111287590013,0.18952881639987704,0.05474471832526131,0.09552760344858512,0.05497833769069081,0.22719831583188876,0.09669679969141413,-0.011217329662207471,0.10116106047237353,0.0714411721934865,0.12681674492550327,0.08552057597214216,0.07789036409810093,0.13149928038942393,0.03321811917929864,0.1340248826728897,0.022501631600014806,0.0973413090288568,0.076706306009554,0.05988619201334696,0.027092155678261943,-0.04157603365995095,0.0438669658632956,0.07932200507811599,0.009702704199360574,0.1898313045944186,0.03481337622486306,0.016465514570793666,-0.07247496384725047,0.0274523293100834,-0.036264267341435195,0.0340786232777149,0.005940298798943798,-0.05538205499107145,-0.02415842285053163,0.0033145770027410482
0.03596085047735578,0.19466087085529463,0.25688544661998985,0.005070366888819038,0.09880339066925097,0.13999026108449664,0.19660278380707683,0.21488326234147093,0.17387149052302509,0.23747336096809923,0.14361815930517705,0.16273045293207308,0.07600219332717345,0.51709389677951,0.259144778066022,0.3031738300973818,0.21368996207753824,0.20526360659051948,0.05869709175372548,0.11900166465322091,0.16020206364432363,0.2348356584667609,0.11558923791425216,0.18834572816936884,0.08977079141197779,0.22348473465355084,0.17315219445477886,0.16493973003376608,0.1257456011895507,0.21470514384851425,0.08497588708886672,0.4175506031557835,0.19735547702646147,0.15322482174290336,0.1530958717243015,0.21615466619803297,0.11614529435518983,0.21758342053993734,0.11439417281017106,0.0423683936029656,0.18297758597051572,0.1858349389244267,0.15988630021986955,0.05245338888173519,-0.1168055301518082,0.10285975925815288,0.22609011191734715,-0.08312293305058292,0.4489953857769349,-0.012214367336450762,-0.15377596130688284,0.0751036258167854,0.06918491135876349,0.032056676067040615,-0.12483705389085636,0.03451944798895124,-0.22918635384250177,0.00822359594501779,0.28530608075572966
0.21296963114600184,0.2506180763732038,0.3666303741978373,0.020049264013750116,0.10545996286139761,0.08412299237906741,0.19061302859682708,0.11255478722379289,0.11836005159181204,0.26221986714722056,0.20440050822721684,0.2811895981091907,0.026809700174030403,0.259144778066022,0.9944697891457113,0.1547391574008747,0.14948843300653972,0.3548027510306336,0.0898950157101326,0.19253114790567177,0.1985451011799175,0.09804224437091515,0.10564352425551315,0.17935314481205625,0.13122640622619536,0.23339520447030865,0.19325075217106177,0.10297221103462066,0.12901491600779882,0.3030805031979083,0.11627546305195337,0.12518480038006585,0.16785252249734414,0.09931162178777982,0.07567043082963716,0.2627421547332379,0.2863175012045728,0.3054214022488165,0.11475208270625664,0.009288964040877213,0.22885989057841863,0.27613304122784915,0.09614693638832135,0.008916316788063388,0.01588234399768989,0.23192527128765203,0.1751695491993269,-0.08812097813899955,0.05232086833446282,-0.05780796180192772,-0.09272998257259979,0.16595814385667398,0.13040970555474085,-0.0928246020446061,-0.035915749358923964,0.09446868946898637,-0.3310166494638551,0.008475869938025187,0.2116416717814585
-0.00813105292900746,0.18403287260004583,0.20450073449253192,0.07462824013817253,0.14258260688185959,0.1595011368304053,0.23886996065024868,0.19264456255199988,0.12720299967345572,0.1749367737158928,0.14963677030268072,0.2232497650877866,0.11137173356313147,0.3031738300973818,0.1547391574008747,0.7245970470549231,0.27904132137549853,0.1934857636928743,0.11414537010851192,0.16367175177379853,0.19451435941003323,0.3295590331210595,0.03409307891018244,0.2505813682859988,0.18577361649359028,0.16184280142095378,0.27230215054421325,0.27192949243636977,0.3075374585469632,0.32124042625070626,0.05256807786726949,0.2689037850725101,0.18940289663899512,0.23908634700831877,0.31491733174402536,0.2688572138112042,0.13642504954039159,0.15634662099190555,0.27731617887947485,0.09685696188895711,0.3084575056798668,0.19619809725915388,0.2632285644628625,0.06006381773244425,-0.03644773437702102,0.09572356841610746,0.21694352819562931,-0.08147997331861039,0.4623248287504741,-0.04791265210576202,-0.08670899360976925,0.03874004476312763,-0.04681346125821645,0.03290127184369104,0.017380390273203875,0.02114410161053489,-0.32406789784276135,-0.09179476065388395,0.34682360139024637
0.04818516784873037,0.21954968597425678,0.28253957186287393,0.0878982375181219,0.08422177759498524,0.1763980368344333,0.2206600589420751,0.21865095968074888,0.18099378632725732,0.2254435014842893,0.19108324392600415,0.170460620666533,0.10886301658104607,0.21368996207753824,0.14948843300653972,0.27904132137549853,0.6432583083916212,0.18531738185673843,0.047907715073218886,0.1957964231731857,0.22534625263454922,0.27550595724256316,0.0701885540652086,0.10715205040574703,0.18980621974375483,0.15615343785402694,0.14495228207970912,0.27360884382228723,0.21042958519169938,0.12078021575795067,0.17694619821700922,0.20709917554905585,0.22240324457135063,0.22735715767157838,0.27754130461992005,0.19894901766076448,0.2785263455231257,0.22393618545276578,0.30594007256026073,0.06462398315636654,0.12738257295855399,0.1918789458312056,0.20037147838814337,0.06159962579800168,0.21714372628859707,0.16507088186123672,0.2775488865778927,-0.09234303856834032,0.24687206442254198,0.21396327224158723,-0.3403615628821377,0.2896577761012776,-0.09646534416573964,-0.02674885102598865,-0.04239689169908917,-0.023502553561186162,-0.22133783138888297,-0.018779051722313853,0.1152921998335743
0.17902270940551765,0.4210926487898102,0.3478427742635883,-0.015285247175573531,0.10255966664951316,0.11691892323255522,0.1213072109697867,0.20605152342579935,0.04342123613523254,0.29385283928546174,0.110173119280709,-0.005023741601555253,0.07739873802321202,0.20526360659051948,0.3548027510306336,0.1934857636928743,0.18531738185673843,0.8980845129689173,0.13271742978143936,0.0003564222199585628,0.22502625843709204,0.18822504794130898,0.08323041618706335,0.263621991458675,0.2739866277881031,0.25996087061686207,0.09977862739973986,0.16780694607578045,0.25132070064113377,0.19875751544562584,0.005306892796741763,0.13249874180999946,0.24036227929765774,0.11126658791133652,0.1759911767913829,0.18480837680966802,0.269967964673203,0.1471229244819328,0.0324154472472058,0.03479885832289191,0.18848606223133405,0.19515450649570015,0.11424500240051258,0.011694721394862391,0.04551656765172895,0.19679985265456898,0.2116025856460998,-0.05370830603971279,0.27978413544701336,-0.07115395899671363,0.01950879749215981,0.22275603448854664,-0.04001093071211768,-0.11851828849160474,-0.05884108384156422,-0.0359817341972082,-0.22772817226320471,-0.008470591182268174,0.27323607073882733
0.05960074902329836,0.07228181215252791,0.08672768298958317,0.0982310503336458,0.2630780319107758,0.16748744068735733,-0.028021440528286038,0.12473341196098968,-0.08841691601498412,0.07860710926478959,0.017431057603455563,0.042299463733489806,0.04210436928077067,0.05869709175372548,0.0898950157101326,0.11414537010851192,0.047907715073218886,0.13271742978143936,0.6075842510455346,0.1187563871722563,0.06826007232847342,0.044800276950124625,-0.018057340081013267,0.05319005352856876,0.05685365208688379,0.05686586125942295,0.061001806454977776,0.0748021038057002,0.14530964621902714,0.044292943820489344,0.015920662298652778,0.07898350633123036,0.03192032460809534,0.07004984183361608,-0.007441174073376513,0.08962819286751723,0.024272536116230023,0.08313362127570491,0.040464524124371036,0.04824212988689368,0.09148836973832432,0.055960083934590156,0.0259280481321323,0.0011505338906732537,-0.008466373608109867,0.027660730843931277,-0.010215416748230923,0.003935166961609341,0.09124027590262195,-0.02336333207814473,0.3584286856000206,0.057814582048464146,-0.2111437058763077,-0.004439306805788071,-0.12837311282282948,-0.06777399090376582,-0.05136581778935,0.10321781130647402,0.13870077158278346
0.17897556821608482,0.35106238457632916,0.27789537078919835,0.21429890904145663,0.08899515283616309,0.2096362965072584,0.04824556357846176,0.19191777256315992,0.05503595343077107,0.149727042361439,0.19471672136392384,0.20556916287840446,0.02824063747251703,0.11900166465322091,0.19253114790567177,0.16367175177379853,0.1957964231731857,0.0003564222199585628,0.1187563871722563,1.2446004851934955,0.1333528174072727,-0.011582331987398145,0.3623548647290337,0.03464778187043882,-0.1500900853414482,0.13944456102081518,0.2424589936480641,-0.025713408256874428,0.2966444504880067,0.1282743488457427,0.4879018233820674,0.15048641547101704,-0.08302108986501233,0.36490867875355515,-0.053777606924032356,0.2153042239980339,0.1936923277519036,0.33918347742922406,0.2414095052365896,0.24895442056522712,0.1969266112411472,0.1704326235272554,0.3093381476616833,0.02916238502499826,0.12870297570877315,0.20550978859146257,0.07122979493133752,-0.03529706837716796,0.06972988401666687,0.1971195620493955,-0.32090762586244886,0.3143700632116905,-0.14341992090906874,-0.0401377806222657,-0.03402946763980668,-0.024320281672737042,-0.005826926340285245,-0.014736008524130722,0.025047276886824964
0.09151530444135322,0.22941496951312118,0.27011091236680346,0.06944339834569642,0.0670164105351073,0.09128842251702006,0.1448001397731143,0.13632081922630393,0.1409637249062941,0.17326518813693575,0.12045397030242662,0.1011021245084029,0.08285892506007796,0.16020206364432363,0.1985451011799175,0.19451435941003323,0.22534625263454922,0.22502625843709204,0.06826007232847342,0.1333528174072727,0.5828547553963932,0.19096080456357553,0.03856704691149545,0.18298485385342203,0.26493418357810955,0.16384363176915687,0.1588606594193088,0.21820523433447883,0.22077144507472823,0.32248679672923186,0.2625876375563898,0.15720326372250654,0.3341616296574097,0.16165214194057004,0.23201067386531235,0.2451677179067983,0.447617159934358,0.2755695819577356,0.24882977529561667,0.12026467153348679,0.2262357097869703,0.4569914564556977,0.24614524638977364,0.050560923823377964,0.2964088554009852,0.12759354955335878,0.27136062521691984,-0.0013668035809559396,0.16897789949526887,0.009949603915369608,-0.044640663604068084,0.0713844046182006,0.013381228384271008,-0.07632823433316407,0.017919895520493147,0.009542912793059516,-0.2138618675175064,-0.031639985395465184,0.20527501316718097
0.06919313000568829,0.13911001603223222,0.2705492527487636,0.00572911764410722,0.07597849846012764,0.14296395828128838,0.22229470748965674,0.13832896409597467,0.25651656246361376,0.14239857978069578,0.13171459914764191,0.14922789397164526,0.128294417921363,0.2348356584667609,0.09804224437091515,0.3295590331210595,0.27550595724256316,0.18822504794130898,0.044800276950124625,-0.011582331987398145,0.19096080456357553,0.7233045647972975,0.16138137752682755,0.19924906334693102,0.09349933537576015,0.12470668059835865,0.17677955265014367,0.15865817022970136,0.19878603071312329,0.14341695904168847,0.1433151541683465,0.23659891518452256,0.21834311412922236,0.19504893915407104,0.13425047660689504,0.27731685085441043,0.09363816384407955,0.18959671598364816,0.23718815100992563,0.029353898596907523,0.10794108110587639,0.16707232964583008,0.1857953138423922,0.06903510707634741,-0.03161861510224112,0.2688729203398281,0.24264219934496956,-0.25898540543355003,0.36627787967029624,0.05904778186949561,-0.14465452188059164,-0.04186289621237975,-0.008678257995809985,-0.019058014948664697,0.05210638228929228,0.06710518823166274,-0.19655986266347275,-0.11332549111836931,0.10807476863247431
0.2439505917038772,0.051870414153791594,0.17819252768175928,0.055451119448124774,0.06008726182483954,0.07972007090426761,0.10275219780502033,0.06868025411658722,0.1275021159888895,0.013799984284940352,0.04447002491934438,0.05293125129899017,0.011785023667333989,0.11558923791425216,0.10564352425551315,0.03409307891018244,0.0701885540652086,0.08323041618706335,-0.018057340081013267,0.3623548647290337,0.03856704691149545,0.16138137752682755,1.9227201118908694,0.04847777525078801,-0.13356079730293358,-0.08339652552281046,0.027408527458021227,-0.5908712163095694,0.26565192820122435,0.03545672273757335,0.38210078061068176,0.02894325389179038,-0.34132089223066553,0.421520216294919,-0.4084953968404465,0.5369209478652813,-0.18734764828710476,0.03760383209475648,0.24027192143570003,0.2059139229857444,0.05645773104715709,0.07647979291751929,0.14691340157419847,0.1531009512124211,-0.14048373149757762,0.5049838197050469,-0.0253254119902368,-0.34198737643985705,-0.5189823325314622,0.26095114831297067,-0.1920888295252756,0.1564501866472204,0.07045496620363263,-0.1279945712619631,-0.09148899614218166,0.09961012476633513,-0.032436839449665425,0.01050728164542474,-0.10337875937708838
-0.5182987786003562,0.13408489089325207,0.23234029122832695,0.14214561823510036,0.18899645226487524,0.1314888533154546,0.2571349637398195,0.2066882519461525,0.1332432400521956,0.24612053033062017,0.15626979494145224,0.1687581726141581,0.17954111287590013,0.18834572816936884,0.17935314481205625,0.2505813682859988,0.10715205040574703,0.263621991458675,0.05319005352856876,0.03464778187043882,0.18298485385342203,0.19924906334693102,0.04847777525078801,1.872180659130462,0.8305102231515487,0.07162800011528937,0.1320087836963076,0.17793967885345846,0.39307200108012663,0.4765657625158676,-0.19828354502271506,0.1800493132609472,0.37808772185873085,0.27033056555956814,0.11873226916979973,0.23066879963163464,0.4833203025439598,0.09720564223196343,0.32473350752993757,0.008760976322921615,0.28319616165461015,0.20146366371284122,0.24528780378240309,0.06029189016008768,-0.2102701021678752,0.05920663083645057,0.34472068873207984,0.08764263839631121,1.1476332472067292,-0.16276600384862677,0.17162444922200903,-0.3422796400364093,0.19225729998134078,-0.10137064608893592,0.00048155332673393013,0.07837190797488094,-0.10670204513875645,-0.028348228128476493,0.1832856295514658
0.05910719868196307,0.2277654279492957,0.33493476268615424,0.13624035640735271,0.1153046834807078,0.039335475033664864,0.17102858891307549,0.1455890247919247,0.050263050533079716,0.27785401742659444,0.09804313007202914,0.09329643493248226,0.18952881639987704,0.08977079141197779,0.13122640622619536,0.18577361649359028,0.18980621974375483,0.2739866277881031,0.05685365208688379,-0.1500900853414482,0.26493418357810955,0.09349933537576015,-0.13356079730293358,0.8305102231515487,2.778932044999401,-0.23627750536383707,0.23722630573139614,0.15406107077028608,1.1802766513409702,0.9992968986118813,-0.851401527991444,0.09434458783334429,0.32039066450868847,0.5095435499929859,0.2425787175439861,0.37492992576216316,1.4234099872510912,0.3232130031232543,0.7393077698252816,-0.00227629685133538,0.49036691101357066,0.3118138850030852,0.5985219420300965,0.10668858310810854,0.5613205682084232,0.3036853485106643,0.3822754902967257,-0.016677204931069455,-0.45560992630583086,-0.25652627024858016,0.7820910139315447,-0.7496080046991567,0.274925869371145,-0.18870030337341606,0.11232241311798348,-0.06678520787099565,-0.21194283462209118,0.04296287658485413,0.14638945287584618
0.19333729765761826,0.1978384955748632,0.19868575637418617,0.08871508390888778,0.1600989023854584,0.15928291127987715,0.24944559881922776,0.20980147359143062,0.2300999729737864,0.12337980442712748,0.19057400605069516,0.18905837194161282,0.05474471832526131,0.22348473465355084,0.23339520447030865,0.16184280142095378,0.15615343785402694,0.25996087061686207,0.05686586125942295,0.13944456102081518,0.16384363176915687,0.12470668059835865,-0.08339652552281046,0.07162800011528937,-0.23627750536383707,1.76541344707703,0.062407296631741285,0.1671036664062458,-0.23164534177117307,-0.15460951127057712,0.20731603314826635,0.238366383289589,0.14159583188913338,0.012608301576243314,0.23291076242391143,-0.03160120031229446,-0.38515896434267904,0.1928378029657906,-1.0005972923576385,-0.0482929669714801,0.5110640913546659,0.19637664309213126,0.08433534089322373,0.023212014590984004,-0.7723720077176316,-0.21883600873797637,-0.06318255008217487,0.2504571747349874,1.3461775200182269,-0.45121854602814604,0.07010405637638704,0.16015090394990675,0.085691182919479,0.09038513682350847,-0.03063343852701052,0.033294704626520906,-0.0550991581740253,0.19098560039862283,-0.19019058369810513
0.07689945860078813,0.15164961953490128,0.16666059546130413,0.09120366706417676,0.07619082051563263,0.10430910734909585,0.15743191322065758,0.11917316982784147,0.11204552085722883,0.14951010623163438,0.14725910935332226,0.21667962880756408,0.09552760344858512,0.17315219445477886,0.19325075217106177,0.27230215054421325,0.14495228207970912,0.09977862739973986,0.061001806454977776,0.2424589936480641,0.1588606594193088,0.17677955265014367,0.027408527458021227,0.1320087836963076,0.23722630573139614,0.062407296631741285,0.7256379878025385,0.19042156366823204,0.1641657498262355,0.32025712846683246,0.1385795464765644,0.22830164152611632,0.18960050793399305,0.2052565153970106,0.1626638160455651,0.2760341412548584,0.2536708550694757,0.2397887226896976,0.2604432604936483,0.0968357795909552,0.2825613329324713,0.1840566621563654,0.3968678876717088,0.019920358274287304,-0.04515414581837154,0.133021922188894,0.14028846546610033,-0.037225487314851174,0.40238951700269976,0.05259684279754596,-0.026667294685011424,0.08987153778590821,-0.07950380932660141,-0.02125239914657345,0.07843144015692786,0.04147347430672071,-0.13918744719335707,-0.0870283593135843,0.13247000384442964
-0.06888737618671867,0.17070876172918364,0.12829037212127098,-0.006409845047262597,-0.03821786851106422,0.09867014150781417,0.12640880594760562,0.1474612970400655,0.09103187238086698,0.13773224737391276,0.0911085912885572,0.07634679859435868,0.05497833769069081,0.16493973003376608,0.10297221103462066,0.27192949243636977,0.27360884382228723,0.16780694607578045,0.0748021038057002,-0.025713408256874428,0.21820523433447883,0.15865817022970136,-0.5908712163095694,0.17793967885345846,0.15406107077028608,0.1671036664062458,0.19042156366823204,1.6092299991544197,-0.22290968668053654,0.20984746533387935,0.11362241377779776,0.3055104221696291,0.916819942109943,-0.12963469122865187,0.865448731462503,0.06679424947458006,0.37135199588075335,0.17970594665359269,0.1117978564980079,0.02774116805445975,0.17501670447520137,0.19838452275301066,0.17249191489277227,0.07982068197270868,-0.10709369762132058,-0.2938231453312234,0.13419769233639464,0.18009637150761257,0.802251467248156,0.05064331080809996,-0.18404199300369123,0.7152679356884784,-0.8429313568444937,0.11131860611756675,0.1373725984980051,-0.02409348713663563,-0.1358616760847002,-0.09810698463873005,0.38161677067936506
-0.02412398397342214,0.350201235087167,0.4059428165920183,0.12245456058580087,0.1385655232298622,0.2249607042955038,0.11903010129456214,0.1667909403829855,0.06788807563088853,0.292684214420196,0.1502815513635846,0.09245046875462369,0.22719831583188876,0.1257456011895507,0.12901491600779882,0.3075374585469632,0.21042958519169938,0.25132070064113377,0.14530964621902714,0.2966444504880067,0.22077144507472823,0.19878603071312329,0.26565192820122435,0.39307200108012663,1.1802766513409702,-0.23164534177117307,0.1641657498262355,-0.22290968668053654,2.870450938814821,0.5310680849742244,-0.41504626425101687,0.11960641767610733,-0.1406033715126304,0.8153944980365352,-0.2466980860364776,0.3838604631048927,0.8211128361768915,-0.18173784468894122,0.5230319596383692,-0.07289167897867765,0.5750651174387678,0.18639596262202604,0.009632563862188068,-0.10651137634448427,-0.24327247356002812,0.22488808878693503,0.06766733631987529,-0.11006665197857682,0.30319460309184965,0.22711946718977405,0.043132332185320026,-0.03548282487742208,-0.0981841335910607,-0.10225625390782923,0.08728372419606613,-0.08873947035765942,-0.4088126181381912,-0.17881354231886112,0.4049557691716126
0.09270148220468005,0.1969660559458843,0.061128842875564054,-0.03358955580146382,0.013555066486808886,-0.07897416615483403,0.09798172076917669,0.0577889884996255,0.03044440163709695,0.23253743181844466,0.06892635315867608,0.05740661882875099,0.09669679969141413,0.21470514384851425,0.3030805031979083,0.32124042625070626,0.12078021575795067,0.19875751544562584,0.044292943820489344,0.1282743488457427,0.32248679672923186,0.14341695904168847,0.03545672273757335,0.4765657625158676,0.9992968986118813,-0.15460951127057712,0.32025712846683246,0.20984746533387935,0.5310680849742244,2.4024942167437278,-0.2383562684141577,0.1812447733998265,0.29785069489617017,0.04855349084191577,0.3927344854970604,0.4336921664739115,0.952431836315947,0.5593707541164709,0.7241289648595646,0.16800199833179633,0.8310127052439812,0.40385665245921615,1.042463955116355,0.20516162757507983,0.6951737732659146,0.1660387333252748,0.5793228444371518,0.09518955324340807,0.6620661982721463,-0.18216719742121457,0.29036085480733925,-0.20494882512260224,0.19470409968392388,-0.07064499807849836,-0.14029883106290578,-0.11369450151853198,-0.42715075862764096,0.6402042059108062,0.09002294724599176
0.18246423082494972,-0.02790796783747591,0.0836929770885439,0.05744578028525267,0.00830739330920674,0.09588787300849218,0.09341065224273704,0.05837125783183471,0.14061168123535506,0.061565090983950105,0.12222538695139633,0.0781508325422383,-0.011217329662207471,0.08497588708886672,0.11627546305195337,0.05256807786726949,0.17694619821700922,0.005306892796741763,0.015920662298652778,0.4879018233820674,0.2625876375563898,0.1433151541683465,0.38210078061068176,-0.19828354502271506,-0.851401527991444,0.20731603314826635,0.1385795464765644,0.11362241377779776,-0.41504626425101687,-0.2383562684141577,2.13887886930354,0.07945918484965935,0.1188034035461824,0.05412866189406371,0.06008154693001178,0.14626822684085972,-0.2886509592970492,0.27318222320453545,-0.0766965800906682,0.07968650541457503,-0.047434914858633236,0.21479237692638548,-0.0032353578832772082,0.13928087052354923,0.021396467325269543,-0.045682789674960755,-0.013235014421247259,-0.014211855764655924,0.16231494280801814,0.3293030700170003,-0.8201248319778228,0.9182438154045955,-0.23239614196086691,0.007876759184076066,0.03774952590297229,0.13704077480761748,0.41610890095698855,-0.18273672461913848,-0.34945119682955794
0.0064487274948599235,0.18292270009547154,0.20444305797894297,0.07649289295076371,0.08083326283668014,0.16351564291344226,0.18929086667248396,0.19162573506475267,0.17302019191122395,0.20121550917234576,0.15879653254703233,0.1978783022609804,0.10116106047237353,0.4175506031557835,0.12518480038006585,0.2689037850725101,0.20709917554905585,0.13249874180999946,0.07898350633123036,0.15048641547101704,0.15720326372250654,0.23659891518452256,0.02894325389179038,0.1800493132609472,0.09434458783334429,0.238366383289589,0.22830164152611632,0.3055104221696291,0.11960641767610733,0.1812447733998265,0.07945918484965935,0.7653409020260019,0.23103631842472164,0.19246654891271064,0.1256512278598733,0.17637475996724347,0.061273309511154866,0.2459995557107251,0.08634690526279384,0.035049539505764636,0.1697241785497472,0.1675117032774448,0.21462022413206813,0.05314315729486474,-0.15694379036301287,-0.022591475547219603,0.15105266955741023,-0.029076564954240623,0.5412380098238581,0.032531494499254764,-0.03883356657951651,0.33027221140454804,-0.39856147431699673,0.07357805684665941,-0.09292478184836411,0.04106878262465881,-0.16245444196165965,0.014584558315482098,0.20554745205102065
-0.056722766969494555,0.1598316558973034,0.14877518389449687,-0.04543270465986709,0.05306457587845269,-0.006268342969514993,0.13158284099355974,0.1530575198735349,0.11018941297441953,0.13146572877674373,0.04309671074395047,0.01077011226633763,0.0714411721934865,0.19735547702646147,0.16785252249734414,0.18940289663899512,0.22240324457135063,0.24036227929765774,0.03192032460809534,-0.08302108986501233,0.3341616296574097,0.21834311412922236,-0.34132089223066553,0.37808772185873085,0.32039066450868847,0.14159583188913338,0.18960050793399305,0.916819942109943,-0.1406033715126304,0.29785069489617017,0.1188034035461824,0.23103631842472164,1.914800087557542,-0.30364808739005306,0.20862292824684736,-0.1182832937343126,0.9454701626854842,0.3499191047668678,0.11177756325144529,-0.06566052186913016,-0.08324152519802204,0.3005895545619086,0.30244615809814157,0.07820298212767852,-0.012726028370471862,-0.060621820683376376,0.5908160951295222,0.24309857719520284,0.9979823084756775,-0.09866072901758687,-0.2254271952699323,0.3244393561983004,0.03364132098483748,-0.1643241117703687,0.11111247450042633,-0.06979402937455949,-0.2550335127097684,-0.16945617452525819,0.5497396756811476
