1.186952904289303,0.5458413197449238,0.3536979655994199,-0.048109787237394404,0.28853147583792094,0.21314669995073923,0.33038963399391236,0.22904908586672,0.1000831558896229,0.17516403279830323,0.20450754062348359,0.19505465305744904,0.20188997944292775,0.2202954189673957,0.22536969656252545,0.20331806969598654,0.1873942241688386,0.20810609347752684,0.0669215798250841,0.16914485954924088,0.2304313296259435,0.15905805544839782,0.11965681627255476,0.07798986973361186,0.21491335954969681,0.17172950440281237,0.16194966473820874,0.13009709465802619,0.2504373106565382,0.017038558012594466,0.1694056258530069,0.0927026367821263,0.09762913077734335,0.04082804995995706,0.17962434057813373,0.2163145619361014,0.11781082981620086,0.12471565260919179,0.16346305221350543,0.12941237253473406,0.18866906391057497,0.19501917802995622,0.1517042188266896,0.034106749199454986,0.11278194379266912,0.3038863603559089,0.23722840736544,-0.010220380605675298,0.24159392827558254
0.5458413197449238,4.680384721790802,0.5369501569675492,-0.670035516892015,0.15260266954609716,0.4565441182847786,-0.05059440642354149,0.005432324812180079,0.11570741946359783,0.14447296593272374,0.0794162359376693,0.10680930094828632,0.07931471956897802,0.0732356770534728,0.04640521112044449,0.06036963395774663,0.012058380079881132,0.1323907797360661,-0.2513065150891839,0.2747032590109091,0.3544020520467283,0.07849353695546843,0.0041518851071766635,-0.006194618307572355,0.06437372411376965,0.1394159212384081,0.11025081839834767,0.1355036098492567,0.1713832658454605,-0.29732035516785843,0.1479159464627249,0.1103445607903803,-0.007449294444357774,0.1236917641388597,0.2667967457915964,0.11595543616729169,0.13010803118795414,0.17604925994243018,-0.025610403063878424,0.11442589817584421,0.14357270673279468,0.24403780649525222,0.13791720692104414,0.010388634935361383,0.2423594746310118,0.19156831076459646,0.3663063124610766,0.030205099209549783,0.15557769260681023
0.3536979655994199,0.5369501569675492,2.7029591473544894,0.27259865956487916,0.034734549980317574,0.6662654218477947,0.12518371558698108,0.36324651154616205,0.2862252742002952,0.56425725768047,0.43460625334343667,0.4477537182680094,0.4141028528851584,0.3831005130388881,0.3160354022292571,0.41629009269958517,0.5323444733323338,0.28156792048945123,0.25742975436213844,0.3742601468564383,0.3987594116470341,0.36988049088618474,0.15137321374059126,0.25817824444492804,0.3745641497507571,0.3609739695253764,0.3746334847576785,0.34215937953738856,0.5568301119715311,-0.5027861753920022,0.3104914009677053,0.3103523699959392,0.1961409569894988,0.4476371455443987,0.4723884330078898,0.5223613280919241,0.45864428907541455,0.30592443011240344,0.1733935805302704,0.10478470079382822,0.47379513913101384,0.38195731192774507,0.31055797273788865,0.09448362746048569,0.292966572624174,0.7694177549598535,0.7322322407788653,-0.010068564975020282,0.6645487500926828
-0.048109787237394404,-0.670035516892015,0.27259865956487916,2.944109884657321,0.5566886644722625,0.47698519636529596,0.6588825566514497,0.7595737605483112,0.2939013598457284,0.44735626837740483,0.4416084976731999,0.5454510221358045,0.4228777082073067,0.6272370136404768,0.38081445036747724,0.6182767981656682,0.5901440500393212,0.3405220993366155,0.16494274225761998,0.3850660982203545,0.338741953648591,0.4198006210793645,0.36741514898636846,0.38891173291411824,0.39877949679946895,0.49474637798349896,0.40914818419579585,-0.0013255379570200803,0.4921074872914405,0.1920934951557202,0.2792606304585858,0.45036469918576494,0.25849897293012364,0.5216513316284085,-0.27172254402550083,0.36829929950197143,0.4145106031261542,0.26500236137999095,0.3633998011866874,0.1926498656606038,0.3582912024081187,0.35476810736709047,0.43901845058078,0.054414635625828045,0.1276830288322817,0.5345081793989036,0.727940376839865,-0.031232339184768435,0.4819380001154549
0.28853147583792094,0.15260266954609716,0.034734549980317574,0.5566886644722625,1.620949804861716,0.47984851019493846,0.35333322994387295,0.44741559831099376,0.1826649142295235,0.2595665370376056,0.35332653957907895,0.43470654242301693,0.3582363940043717,0.3407580508040242,0.34548651533802477,0.40253480937634717,0.3410158604655736,0.3249382170213769,0.0582292924949601,0.2916618816387784,0.2877641626878435,0.28237620157580756,0.276918219170384,0.24134090249793383,0.28950970792869996,0.3939452724924961,0.2878717262757999,-0.021028945272048606,0.35882270054490434,-0.17805104302500818,0.23825935413079483,0.4081315524593387,0.1478284174481946,0.39041306755109867,-0.1719656383398996,0.3195625896060023,0.23938497178099036,0.19031945618584753,0.2020908511318445,0.13816651410999872,0.2607061830996985,0.29316981020973504,0.1532209609757763,0.0344658460745262,-0.07194091605122267,0.4044204514674978,0.5182258534012463,-0.033293390361414744,0.3036600093493639
0.21314669995073923,0.4565441182847786,0.6662654218477947,0.47698519636529596,0.47984851019493846,1.0619690119860976,0.03129912801481689,0.3498265837326584,0.2187921653368006,0.2765251312878507,0.3755565968531077,0.4184622729369721,0.3509949833762544,0.4419725399877656,0.26433620411734304,0.4186727801758188,0.4360058287418816,0.24697415114358903,0.15722520571876708,0.40793657221308643,0.3956120597645856,0.3396569276715062,0.18584514342757807,0.23746517346362783,0.32102525616992644,0.3519868132326036,0.32384733828379764,0.1244353011460493,0.4794325328920115,-0.19744270769036448,0.23829652043497432,0.39890663466673576,0.05711504279918495,0.47198459384947783,0.18596353914411903,0.25529761486670244,0.33557972212113013,0.2804661591531494,0.19980196891429902,0.18915003401067756,0.2948208661200914,0.35714128551080365,0.3577452271477427,0.059176258538054166,0.2674933622970472,0.4656516274619167,0.8414535868562713,0.12447499183138223,0.2536455186662171
0.33038963399391236,-0.05059440642354149,0.12518371558698108,0.6588825566514497,0.35333322994387295,0.03129912801481689,1.026403252737533,0.26059056120240026,0.10608706779264018,0.21979566661582398,0.3070909367382535,0.3065984486914289,0.2995011461087255,0.1300357351932609,0.27390919353263526,0.2601344668499821,0.33433588865587494,0.2965670113315767,0.12137509152004222,0.23829574043277427,0.2513552869918302,0.2346650672187939,0.200311269273079,0.2294353192422388,0.21691650577164698,0.1979291996252002,0.23916724249416357,0.09254566364833641,0.27054054401183064,0.23400909343442122,0.20555270866340894,0.21915821638017172,0.2210255556347133,0.19157930231395984,-0.009573547951253345,0.3140877902984844,0.19127453219930693,0.14760992942947868,0.2791852462762282,0.15858295461484206,0.19718376453904957,0.23139834817642288,0.22033736307696908,0.0380199385300147,0.08795418031342334,0.36219897335693635,0.07109892559485424,-0.0582123002349394,0.291089499668823
0.22904908586672,0.005432324812180079,0.36324651154616205,0.7595737605483112,0.44741559831099376,0.3498265837326584,0.26059056120240026,1.0915741335054996,0.15080379075361117,0.41532880825251317,0.29239202734261394,0.2281055802840126,0.3323717459022081,0.44548016077168573,0.21295497462328955,0.3708848031994807,0.44511659323680164,0.23500517395456005,0.17211278432360164,0.35707169968893604,0.2395474280960757,0.26733219538569036,0.16975230626483856,0.22693658665011518,0.3370373643204917,0.4058018167074632,0.2706997881326663,0.14141870076609095,0.3983791339293394,0.13065091061921816,0.2248308819370768,0.18452833347663455,0.0761748168781133,0.3997794229846901,0.29332307873673596,0.1561519960013244,0.39769168463635807,0.20127354000710249,0.35126374757564494,0.20834443143191234,0.35979116757687735,0.2590661358158325,0.36449927024320045,0.06597854086743213,0.21325864589459576,0.40665586160428163,0.6837612309030197,0.1776476464919452,0.508494261077056
0.1000831558896229,0.11570741946359783,0.2862252742002952,0.2939013598457284,0.1826649142295235,0.2187921653368006,0.10608706779264018,0.15080379075361117,0.8531275484577464,0.09090686047319965,0.12486073466873443,0.12520672993616128,0.15079106778359072,0.20293392831074675,0.15693490217066736,0.1450414179478906,0.16575985254332784,0.10195533217844734,-0.042149531337689235,0.18594512121452816,0.19641499252865668,0.31928516503370463,0.17182071492951853,0.2174947602788623,0.10176210837201911,0.44257167341909065,0.15470317201086448,0.08941364056033108,0.18740995564915758,-0.012152339740260282,0.15124641390917984,0.28552712115717166,0.15571479039898473,0.254482047927414,0.07111100612463937,0.17008019405863092,0.20127401106417506,0.15059342594694727,0.08108794818061822,0.08679133825218265,0.2117042733241915,0.19691469796291172,0.1655789304538419,0.04137578913855434,0.04251395311462381,0.26561789630835453,0.3017329443220177,0.05242113499144573,0.7867470819314913
0.17516403279830323,0.14447296593272374,0.56425725768047,0.44735626837740483,0.2595665370376056,0.2765251312878507,0.21979566661582398,0.41532880825251317,0.09090686047319965,0.7847411534649373,0.2908830209510472,0.291387668979469,0.30489389164690917,0.3064086700454375,0.2756560239992666,0.3098550113092396,0.36551845909916025,0.20716241842160354,0.1199807620281773,0.22999585181003457,0.2142069275692987,0.23267618858598668,0.1913537026264921,0.21592551082538622,0.2823746967048855,0.27322346827952765,0.24628068766792274,0.1490508559488483,0.4044697252262082,0.014771565057827613,0.18176455827341806,0.20449196314257112,0.10566275514453924,0.33000067250112974,0.24140748301734097,0.2762734416512951,0.3268151903785947,0.15520351028892593,0.2102978042654467,0.1449535447065049,0.34023579211328037,0.2292690058281021,0.224350343530645,0.05616675854999408,0.09225083601070613,0.4103885341625413,0.6060236110001365,0.030365579017286082,0.43485922015671263
0.20450754062348359,0.0794162359376693,0.43460625334343667,0.4416084976731999,0.35332653957907895,0.3755565968531077,0.3070909367382535,0.29239202734261394,0.12486073466873443,0.2908830209510472,0.6453353582757493,0.39031299933997887,0.45811421090962967,0.2705408112088647,0.34187722681850835,0.35222250277274153,0.4294484679403749,0.29208790068507823,0.1098184841716292,0.35837600916964335,0.2935335839440554,0.2699117047863357,0.18227573111477016,0.2507619124129554,0.28671952661459604,0.28248147966307224,0.32366962962989015,0.1863752876652088,0.4160207644328402,0.011690173813158277,0.24864817931333286,0.2918983437063929,0.18676461280834103,0.308342289670748,0.2180235233704915,0.33251780105329004,0.2965666429132674,0.2161429926012559,0.28532828397782123,0.19413436810358908,0.30982603430086136,0.2975977341874261,0.29197171946676675,0.05653023164586049,0.15085813981414292,0.47306501481804125,0.4826709795618578,0.010283035635250804,0.4581180457015357
0.19505465305744904,0.10680930094828632,0.4477537182680094,0.5454510221358045,0.43470654242301693,0.4184622729369721,0.3065984486914289,0.2281055802840126,0.12520672993616128,0.291387668979469,0.39031299933997887,0.671126308683802,0.2930698472303554,0.2996441101813311,0.29091713847302364,0.3681503566391243,0.4040396793166652,0.3573477393568737,0.12602955518872375,0.2652041170717142,0.29328153205213237,0.24307242589132327,0.22302238297073876,0.2302010468451444,0.3029098335682135,0.2891491256649334,0.3311227858704917,0.14390017400352992,0.3072733426053345,-0.06335521076707744,0.2432539957081948,0.3221983968091046,0.19156027531711337,0.28674084067644945,0.1544406773193634,0.362578225773511,0.18402547341898215,0.19497595853740066,0.20218115010920307,0.17191699587089967,0.23650925391143338,0.2821981334706767,0.27254615728088566,0.039839284068822214,0.15222370840855654,0.4531016020168019,0.4891250867475406,-0.0202628987588986,0.3005317031685599
0.20188997944292775,0.07931471956897802,0.4141028528851584,0.4228777082073067,0.3582363940043717,0.3509949833762544,0.2995011461087255,0.3323717459022081,0.15079106778359072,0.30489389164690917,0.45811421090962967,0.2930698472303554,0.7250273603751443,0.2805641845599015,0.1928201071865721,0.3585799177514031,0.36010637170963594,0.27459080982663053,0.1886287815448783,0.2752333287785847,0.28304249286604466,0.35757224040399416,0.17287937389374766,0.2743576592560668,0.25714672500691355,0.303879824331168,0.33405413361468844,0.19147047523296948,0.4313757088068565,0.043496157376988025,0.2204326015172282,0.3043316731742758,0.21082587120633509,0.28904135788216256,0.227892961608398,0.323458781731192,0.2827944347294661,0.16603818122346056,0.292807926452766,0.180785285419198,0.2972963018676773,0.2872856799671521,0.30450121178085443,0.06977264529392214,0.11473053065108389,0.4473103703348388,0.44750205003130417,0.007858079937130325,0.5215049631355262
0.2202954189673957,0.0732356770534728,0.3831005130388881,0.6272370136404768,0.3407580508040242,0.4419725399877656,0.1300357351932609,0.44548016077168573,0.20293392831074675,0.3064086700454375,0.2705408112088647,0.2996441101813311,0.2805641845599015,0.6549205202928754,0.3286112146128609,0.4434640909090431,0.36645630151718844,0.1466041239239734,0.14994133154007902,0.2852615292474717,0.27286446549761006,0.2529340014698396,0.1737520805882335,0.25194804951901734,0.30016012140748377,0.3501236288597338,0.26287859748243,0.17674138397505457,0.3579990219064306,0.05356524723870608,0.1939352002716486,0.2682903885048664,0.12680974240197224,0.31563287693285225,0.2554731835136512,0.2504465162164069,0.3203011565468923,0.2058163292707931,0.18864774053882566,0.16823600006353875,0.3362532695387847,0.28703548836701614,0.2960080768126118,0.05510632596089248,0.14642943466868294,0.4235213218883727,0.6309519343670892,0.08467959807853584,0.564779804748349
0.22536969656252545,0.04640521112044449,0.3160354022292571,0.38081445036747724,0.34548651533802477,0.26433620411734304,0.27390919353263526,0.21295497462328955,0.15693490217066736,0.2756560239992666,0.34187722681850835,0.29091713847302364,0.1928201071865721,0.3286112146128609,0.9169162151164213,0.29125307513974913,0.35644633251645724,0.17656863900453557,0.1108596076917382,0.389460252517126,0.2579958516078453,0.09827172334399896,0.1514620529208436,0.2742181595115816,0.2893730433693884,0.19884898724001712,0.25154342936357493,0.2295796114307374,0.37142670068139805,0.3032027014572016,0.23950370417022798,0.2384146603211659,0.21846016352697234,0.25203056348085495,0.21062848647522106,0.34676023418500945,0.33459235966922113,0.24433453497237637,0.24556538131802222,0.1817513871039301,0.36168375845150097,0.2796217185029133,0.24960223879957033,0.04848275121101395,0.12352108367818276,0.5239548678209857,0.47467192484209003,0.026975432877807494,0.48641673969426347
0.20331806969598654,0.06036963395774663,0.41629009269958517,0.6182767981656682,0.40253480937634717,0.4186727801758188,0.2601344668499821,0.3708848031994807,0.1450414179478906,0.3098550113092396,0.35222250277274153,0.3681503566391243,0.3585799177514031,0.4434640909090431,0.29125307513974913,0.7228605502814055,0.46577392569361836,0.24107924983451465,0.17906354791903464,0.26510088169708873,0.31208228792970444,0.34722292014493916,0.18915317037094023,0.2449216488673648,0.28618949574530705,0.26710334966835153,0.3358004840508156,0.2192772494578798,0.4118690573382534,0.007858743883563647,0.2261481895333898,0.2794816027520608,0.13113681678585112,0.3231881252263302,0.343585746462738,0.3324213117058088,0.32282183751433213,0.19800329917513315,0.25528446358616136,0.2032076928406792,0.3557756177399311,0.33461796576935254,0.3291811855849141,0.061173991562624756,0.17194414636456926,0.45672308152498464,0.5859653820799345,0.023440404862554092,0.4437858029110475
0.1873942241688386,0.012058380079881132,0.5323444733323338,0.5901440500393212,0.3410158604655736,0.4360058287418816,0.33433588865587494,0.44511659323680164,0.16575985254332784,0.36551845909916025,0.4294484679403749,0.4040396793166652,0.36010637170963594,0.36645630151718844,0.35644633251645724,0.46577392569361836,0.9701062611635407,0.21661303663839643,0.1498438748718306,0.49185045407669403,0.3224677591139921,0.33414384047279116,0.1831367612729521,0.2593374083079106,0.3999338419640978,0.19536285685618823,0.3533657824031081,0.2497704717068555,0.5068893893135601,0.023934984962012053,0.305751694234528,0.24334425959873415,0.18369975737994937,0.3868365088814022,0.31669764093322,0.3519366057820157,0.5077253957942692,0.3161629092309965,0.365616249118543,0.2488311253773103,0.4109677166562617,0.3442236333069656,0.42174153206826553,0.07426187894044775,0.30294055149302207,0.5677982645734766,0.7696171841938442,0.00845176753523546,0.4327826392902397
0.20810609347752684,0.1323907797360661,0.28156792048945123,0.3405220993366155,0.3249382170213769,0.24697415114358903,0.2965670113315767,0.23500517395456005,0.10195533217844734,0.20716241842160354,0.29208790068507823,0.3573477393568737,0.27459080982663053,0.1466041239239734,0.17656863900453557,0.24107924983451465,0.21661303663839643,1.0749555878566548,0.05891418001818225,0.11359557449156805,0.28279070435554365,0.272408417589696,0.42684548713233533,0.2494816288357318,0.2753464511222117,0.2702603603504724,0.252633240223872,0.18996487509568782,0.2707503237501107,-0.01723997246297313,0.3144257237874946,0.22402569757721422,0.30894513732369067,0.1825338179346939,0.12934522722904992,0.3819052637539989,0.15657879534171185,0.13301365635698106,0.17394805277097267,0.17158804769346095,0.16648966009461225,0.21930423960073697,0.41271369312974954,0.057284279339391536,0.26814631888157375,0.42751692476363967,0.3908516556581156,-0.029200908339067508,0.30628414210190824
0.0669215798250841,-0.2513065150891839,0.25742975436213844,0.16494274225761998,0.0582292924949601,0.15722520571876708,0.12137509152004222,0.17211278432360164,-0.042149531337689235,0.1199807620281773,0.1098184841716292,0.12602955518872375,0.1886287815448783,0.14994133154007902,0.1108596076917382,0.17906354791903464,0.1498438748718306,0.05891418001818225,1.058206374400686,-0.014892487715219933,0.1547806061346001,0.1335480162982022,-0.17831615508562362,0.09705572091245467,0.17339536892766033,-0.03159068171470507,0.09458070664963815,0.19031626988453298,0.10693178772580342,0.33540988544955813,0.07940395245969628,0.06671621695098028,0.14972252343286066,0.030437803150887153,0.18514861441008515,0.05457088103064155,0.07568243889414777,0.01613518177019682,0.25254386431263126,0.05785466146924999,0.0884100982579091,0.11495668475667414,0.11277799444044108,0.026173557266285324,0.058228029088272494,0.24293066233077543,-0.007800119015674321,0.23702329018943694,-0.26244368382575506
0.16914485954924088,0.2747032590109091,0.3742601468564383,0.3850660982203545,0.2916618816387784,0.40793657221308643,0.23829574043277427,0.35707169968893604,0.18594512121452816,0.22999585181003457,0.35837600916964335,0.2652041170717142,0.2752333287785847,0.2852615292474717,0.389460252517126,0.26510088169708873,0.49185045407669403,0.11359557449156805,-0.014892487715219933,1.3570309026760643,0.20583852737605923,0.08687511518460589,0.03910428013781251,0.32662084083858606,0.27529246725659645,0.15650182573527205,0.4075184340522516,0.25706450922919144,0.5064756768626153,0.44248748264939375,0.4610485601007338,0.35329270210314395,0.20803271382404553,0.4746865048561087,0.25583461699826493,0.22313100075986148,0.8143797714015613,0.6889128633002967,0.5585937790116934,0.3944972746538643,0.5170482055608006,0.3230258845800863,0.7662717371119925,0.06328454681016465,0.7551638381911089,0.6812497323299125,0.5877103461276504,0.35815459770814595,0.8044238676515436
0.2304313296259435,0.3544020520467283,0.3987594116470341,0.338741953648591,0.2877641626878435,0.3956120597645856,0.2513552869918302,0.2395474280960757,0.19641499252865668,0.2142069275692987,0.2935335839440554,0.29328153205213237,0.28304249286604466,0.27286446549761006,0.2579958516078453,0.31208228792970444,0.3224677591139921,0.28279070435554365,0.1547806061346001,0.20583852737605923,0.7409928259368253,0.2675673231659617,0.13792426769984745,0.16221561003994503,0.22703851751293389,0.2005941405619042,0.23906584897841454,0.24533012316546132,0.2997923751037918,-0.06804541619270596,0.2374677266087737,0.22745850858775218,0.23098367625398758,0.21297270420635453,0.27334659166965725,0.3162331864524322,0.2275842261088445,0.18518736060759883,0.1378300701035206,0.2107782980323512,0.2609687161869141,0.5074068840716449,0.2518164411406406,0.029093418444711625,0.22998717835045207,0.4166215450079925,0.5865943247567372,-0.007642388610309601,0.12849712639066677
0.15905805544839782,0.07849353695546843,0.36988049088618474,0.4198006210793645,0.28237620157580756,0.3396569276715062,0.2346650672187939,0.26733219538569036,0.31928516503370463,0.23267618858598668,0.2699117047863357,0.24307242589132327,0.35757224040399416,0.2529340014698396,0.09827172334399896,0.34722292014493916,0.33414384047279116,0.272408417589696,0.1335480162982022,0.08687511518460589,0.2675673231659617,0.8152400196178164,0.35095051440422503,0.24421899791568696,0.17634213275232327,0.282884733645279,0.2558068363029526,0.08475365404110369,0.4115879602031178,-0.11160263811491652,0.16220811781179964,0.4243712318064631,0.11435624456167098,0.36748956675386324,0.14798433169115044,0.3018777503481683,0.14969895957650048,0.1401990431404166,0.25029811823019116,0.13457372515217633,0.24800538447138334,0.2561341183127567,0.23592894212908852,0.08563274210571072,0.007529985020098406,0.3546106724580219,0.4675437244325825,-0.007500749066587859,0.34760153898789486
0.11965681627255476,0.0041518851071766635,0.15137321374059126,0.36741514898636846,0.276918219170384,0.18584514342757807,0.200311269273079,0.16975230626483856,0.17182071492951853,0.1913537026264921,0.18227573111477016,0.22302238297073876,0.17287937389374766,0.1737520805882335,0.1514620529208436,0.18915317037094023,0.1831367612729521,0.42684548713233533,-0.17831615508562362,0.03910428013781251,0.13792426769984745,0.35095051440422503,1.4276372792236114,0.4002772602191266,0.3339240270516074,0.11615894384087473,0.1656488909981802,-0.037015544669349726,0.5088550518745003,0.10302691921732446,0.039533697516293015,0.2813691942031958,0.2507521707032221,0.2973755260558052,-0.11855155238022472,0.5066433292426279,0.2892046192820526,0.08637985366484953,0.27942002739367894,0.1862183051917847,0.23059175050757874,0.16693040571291531,0.26227632993765493,0.16651262205036182,-0.07834484129718816,0.43672285269968614,0.5563454106252165,-0.004765358132811666,0.6033100291454886
0.07798986973361186,-0.006194618307572355,0.25817824444492804,0.38891173291411824,0.24134090249793383,0.23746517346362783,0.2294353192422388,0.22693658665011518,0.2174947602788623,0.21592551082538622,0.2507619124129554,0.2302010468451444,0.2743576592560668,0.25194804951901734,0.2742181595115816,0.2449216488673648,0.2593374083079106,0.2494816288357318,0.09705572091245467,0.32662084083858606,0.16221561003994503,0.24421899791568696,0.4002772602191266,0.7426005427634939,0.27161213363646536,0.16861313922328772,0.2693633368376924,0.2725381018047109,0.36554851436041774,0.48668453260915795,0.21387504287482115,0.5332999391986685,0.5203635993255825,0.13168783189133884,0.14483098343844208,0.6652181666857674,0.32326942349007703,0.2674760669348722,0.311708895243448,0.19103646019189902,0.2987980341570683,0.2490969878747575,0.288853015300739,0.07510501199707201,0.14033762348267328,0.6311498010604933,0.5433432782320766,-0.2465832231840869,1.0285325809450538
0.21491335954969681,0.06437372411376965,0.3745641497507571,0.39877949679946895,0.28950970792869996,0.32102525616992644,0.21691650577164698,0.3370373643204917,0.10176210837201911,0.2823746967048855,0.28671952661459604,0.3029098335682135,0.25714672500691355,0.30016012140748377,0.2893730433693884,0.28618949574530705,0.3999338419640978,0.2753464511222117,0.17339536892766033,0.27529246725659645,0.22703851751293389,0.17634213275232327,0.3339240270516074,0.27161213363646536,1.127719812738289,0.20007461708842061,0.25961513850779777,0.13440232965389515,0.8062701710824326,0.21754167827829918,0.22526984866006716,0.26921097287764434,0.07319267925488272,0.4666253837627178,0.22631714801399958,0.3303155617508354,0.48674165887567705,0.21794973953514057,0.30704074907882534,0.15861492575094188,0.3316835716223664,0.24000293908046652,0.3271227364308638,0.0887265634303636,0.24021388752363998,0.5875219324784959,0.5717411816644822,-0.16964344864257633,-0.014238233368039633
0.17172950440281237,0.1394159212384081,0.3609739695253764,0.49474637798349896,0.3939452724924961,0.3519868132326036,0.1979291996252002,0.4058018167074632,0.44257167341909065,0.27322346827952765,0.28248147966307224,0.2891491256649334,0.303879824331168,0.3501236288597338,0.19884898724001712,0.26710334966835153,0.19536285685618823,0.2702603603504724,-0.03159068171470507,0.15650182573527205,0.2005941405619042,0.282884733645279,0.11615894384087473,0.16861313922328772,0.20007461708842061,1.6328663484207864,0.23947364756561657,0.10144050640729838,0.11841647447298871,-0.3604151567379287,0.23582593700954385,0.3731872005049987,0.08646832176333581,0.48666826850631884,0.19379244901645679,-0.032173428300148965,0.20750332824044188,0.12552398087854197,-0.3090392297048041,0.0862032519984724,0.44332652277961493,0.2522906538874954,0.24004999383217399,0.011394808246103342,-0.07780960348261375,0.29675312235140755,0.3508626436510923,0.37417883548103253,1.223827954425684
0.16194966473820874,0.11025081839834767,0.3746334847576785,0.40914818419579585,0.2878717262757999,0.32384733828379764,0.23916724249416357,0.2706997881326663,0.15470317201086448,0.24628068766792274,0.32366962962989015,0.3311227858704917,0.33405413361468844,0.26287859748243,0.25154342936357493,0.3358004840508156,0.3533657824031081,0.252633240223872,0.09458070664963815,0.4075184340522516,0.23906584897841454,0.2558068363029526,0.1656488909981802,0.2693633368376924,0.25961513850779777,0.23947364756561657,0.5807266985132711,0.19435005158831423,0.32365542340306297,0.0789005796076543,0.27357491826728514,0.4574449851080055,0.22299250635929282,0.29191894072197305,0.20386252896152227,0.45012749296606097,0.2641873279476887,0.2675063344699585,0.25938363376941387,0.20449258575509943,0.32477414063327537,0.27553796571690625,0.42146504987750516,0.027879378694029927,0.24704851672922956,0.5256117417267747,0.4497775209187268,-0.04407513600395084,0.5564540746011856
0.13009709465802619,0.1355036098492567,0.34215937953738856,-0.0013255379570200803,-0.021028945272048606,0.1244353011460493,0.09254566364833641,0.14141870076609095,0.08941364056033108,0.1490508559488483,0.1863752876652088,0.14390017400352992,0.19147047523296948,0.17674138397505457,0.2295796114307374,0.2192772494578798,0.2497704717068555,0.18996487509568782,0.19031626988453298,0.25706450922919144,0.24533012316546132,0.08475365404110369,-0.037015544669349726,0.2725381018047109,0.13440232965389515,0.10144050640729838,0.19435005158831423,1.0676174519945478,0.11828272219421371,0.039395737683404194,0.2751305531113497,0.031781350985535035,0.6917669845097161,-0.1927398858260961,0.808111444029884,0.5280997934522944,0.4102680725471981,0.22561135604208174,0.18128515216602875,0.2384491700227785,0.4210461165701555,0.2964640564292496,0.1777106539963191,0.10170802597422038,0.07875517567550407,0.5572143266842245,0.3438262363163646,-0.037122337091476644,0.9540696960794812
0.2504373106565382,0.1713832658454605,0.5568301119715311,0.4921074872914405,0.35882270054490434,0.4794325328920115,0.27054054401183064,0.3983791339293394,0.18740995564915758,0.4044697252262082,0.4160207644328402,0.3072733426053345,0.4313757088068565,0.3579990219064306,0.37142670068139805,0.4118690573382534,0.5068893893135601,0.2707503237501107,0.10693178772580342,0.5064756768626153,0.2997923751037918,0.4115879602031178,0.5088550518745003,0.36554851436041774,0.8062701710824326,0.11841647447298871,0.32365542340306297,0.11828272219421371,2.5646488508065803,0.0778216087410685,0.1216733170306206,0.17499012059727073,-0.1302441458093061,0.7211743104522396,0.2609042897288201,0.6762974319223122,1.0892835882541083,0.21572023029969034,0.32497047826888076,0.2122639337952144,0.7269889236974004,0.31335524243438323,0.19817997139118604,0.0476988377542383,0.22394505810134743,0.6778754219758529,0.7361333399443606,-0.4331819639214455,1.443444026234817
0.017038558012594466,-0.29732035516785843,-0.5027861753920022,0.1920934951557202,-0.17805104302500818,-0.19744270769036448,0.23400909343442122,0.13065091061921816,-0.012152339740260282,0.014771565057827613,0.011690173813158277,-0.06335521076707744,0.043496157376988025,0.05356524723870608,0.3032027014572016,0.007858743883563647,0.023934984962012053,-0.01723997246297313,0.33540988544955813,0.44248748264939375,-0.06804541619270596,-0.11160263811491652,0.10302691921732446,0.48668453260915795,0.21754167827829918,-0.3604151567379287,0.0789005796076543,0.039395737683404194,0.0778216087410685,3.8182349260095494,0.1824776075537254,0.1161782051871461,0.18664483366025206,-0.32401135168405193,-0.021234112500091436,0.03886921897346285,0.28934772489846683,0.2624414717005351,0.8208295133163824,0.2441841292483964,0.009755608850383778,0.010505068299700384,0.6675731552617364,0.08677549080664901,0.8598635712293425,0.23891477911842168,0.3770855656713525,0.07412900886527339,-0.20979991967042158
0.1694056258530069,0.1479159464627249,0.3104914009677053,0.2792606304585858,0.23825935413079483,0.23829652043497432,0.20555270866340894,0.2248308819370768,0.15124641390917984,0.18176455827341806,0.24864817931333286,0.2432539957081948,0.2204326015172282,0.1939352002716486,0.23950370417022798,0.2261481895333898,0.305751694234528,0.3144257237874946,0.07940395245969628,0.4610485601007338,0.2374677266087737,0.16220811781179964,0.039533697516293015,0.21387504287482115,0.22526984866006716,0.23582593700954385,0.27357491826728514,0.2751305531113497,0.1216733170306206,0.1824776075537254,0.9761271999604236,0.1706946290474269,0.3791131596631115,0.06251219934715867,0.1660174893774003,0.5192851245234992,0.28611106406203807,0.362381610680231,0.28161843858513036,0.21388847887808438,0.32601194034767067,0.27108449474600876,0.4087364085456204,0.07388950971883473,0.36714490078804607,0.6404493990779764,0.4840652837730583,-0.013228779713599401,0.3155820326246534
0.0927026367821263,0.1103445607903803,0.3103523699959392,0.45036469918576494,0.4081315524593387,0.39890663466673576,0.21915821638017172,0.18452833347663455,0.28552712115717166,0.20449196314257112,0.2918983437063929,0.3221983968091046,0.3043316731742758,0.2682903885048664,0.2384146603211659,0.2794816027520608,0.24334425959873415,0.22402569757721422,0.06671621695098028,0.35329270210314395,0.22745850858775218,0.4243712318064631,0.2813691942031958,0.5332999391986685,0.26921097287764434,0.3731872005049987,0.4574449851080055,0.031781350985535035,0.17499012059727073,0.1161782051871461,0.1706946290474269,1.7456522046954404,0.242415362422565,0.48714835081308816,0.007689976146662142,0.6428882464324057,-0.2842144439426888,0.3062766613148411,0.20609699642432447,0.0956552954480867,0.2656012691226483,0.299070155594851,0.23603557370295786,0.028369712782966072,0.0422998554110266,0.670071135659989,0.6227487553362104,-0.32350540729248456,0.33460973557199214
0.09762913077734335,-0.007449294444357774,0.1961409569894988,0.25849897293012364,0.1478284174481946,0.05711504279918495,0.2210255556347133,0.0761748168781133,0.15571479039898473,0.10566275514453924,0.18676461280834103,0.19156027531711337,0.21082587120633509,0.12680974240197224,0.21846016352697234,0.13113681678585112,0.18369975737994937,0.30894513732369067,0.14972252343286066,0.20803271382404553,0.23098367625398758,0.11435624456167098,0.2507521707032221,0.5203635993255825,0.07319267925488272,0.08646832176333581,0.22299250635929282,0.6917669845097161,-0.1302441458093061,0.18664483366025206,0.3791131596631115,0.242415362422565,1.7289030476145284,-0.5330290870456781,-0.1178489866735638,0.5896833431709746,0.33876241337262747,0.2354152999549695,0.20233657271296376,0.19102880186027965,0.16942660238135662,0.321944243633114,0.38297721456891876,0.06367188760932409,-0.1068772692477368,0.7744333558070773,0.5552885885079767,-0.4476020666769702,0.9977805900846409
0.04082804995995706,0.1236917641388597,0.4476371455443987,0.5216513316284085,0.39041306755109867,0.47198459384947783,0.19157930231395984,0.3997794229846901,0.254482047927414,0.33000067250112974,0.308342289670748,0.28674084067644945,0.28904135788216256,0.31563287693285225,0.25203056348085495,0.3231881252263302,0.3868365088814022,0.1825338179346939,0.030437803150887153,0.4746865048561087,0.21297270420635453,0.36748956675386324,0.2973755260558052,0.13168783189133884,0.4666253837627178,0.48666826850631884,0.29191894072197305,-0.1927398858260961,0.7211743104522396,-0.32401135168405193,0.06251219934715867,0.48714835081308816,-0.5330290870456781,2.104182411933483,0.2763155184797663,-0.36942773419071673,1.0509491689538857,0.16123401267233767,-0.017508904201653585,0.007761220942968255,0.5600804351495594,0.2431868338564668,0.5018192194674519,0.16266546363031711,0.10835219124720666,0.09285682164370519,0.6506353064239278,0.7711452932441517,-0.056835314237140985
0.17962434057813373,0.2667967457915964,0.4723884330078898,-0.27172254402550083,-0.1719656383398996,0.18596353914411903,-0.009573547951253345,0.29332307873673596,0.07111100612463937,0.24140748301734097,0.2180235233704915,0.1544406773193634,0.227892961608398,0.2554731835136512,0.21062848647522106,0.343585746462738,0.31669764093322,0.12934522722904992,0.18514861441008515,0.25583461699826493,0.27334659166965725,0.14798433169115044,-0.11855155238022472,0.14483098343844208,0.22631714801399958,0.19379244901645679,0.20386252896152227,0.808111444029884,0.2609042897288201,-0.021234112500091436,0.1660174893774003,0.007689976146662142,-0.1178489866735638,0.2763155184797663,2.0884155398516637,0.16354852491266436,0.3148975367296284,0.1281184297628708,0.16793564882606635,0.3511124074540653,0.4737397069496396,0.3074370924644067,0.25450243313282883,0.12369424537976356,0.39526091912021627,0.39278110669637273,0.37620568940321536,0.48474228876140246,1.0264272247858972
0.2163145619361014,0.11595543616729169,0.5223613280919241,0.36829929950197143,0.3195625896060023,0.25529761486670244,0.3140877902984844,0.1561519960013244,0.17008019405863092,0.2762734416512951,0.33251780105329004,0.362578225773511,0.323458781731192,0.2504465162164069,0.34676023418500945,0.3324213117058088,0.3519366057820157,0.3819052637539989,0.05457088103064155,0.22313100075986148,0.3162331864524322,0.3018777503481683,0.5066433292426279,0.6652181666857674,0.3303155617508354,-0.032173428300148965,0.45012749296606097,0.5280997934522944,0.6762974319223122,0.03886921897346285,0.5192851245234992,0.6428882464324057,0.5896833431709746,-0.36942773419071673,0.16354852491266436,3.2685502874927583,-0.2547695901924265,0.2938169184158573,0.4017091999268204,0.28960674090546845,0.5421318880493868,0.3697279163262428,-0.6869552559420112,-0.03573238115068605,-0.30460931855982754,1.3753955294058169,0.27378472229233725,-2.0894245310220922,1.4444503465571406
0.11781082981620086,0.13010803118795414,0.45864428907541455,0.4145106031261542,0.23938497178099036,0.33557972212113013,0.19127453219930693,0.39769168463635807,0.20127401106417506,0.3268151903785947,0.2965666429132674,0.18402547341898215,0.2827944347294661,0.3203011565468923,0.33459235966922113,0.32282183751433213,0.5077253957942692,0.15657879534171185,0.07568243889414777,0.8143797714015613,0.2275842261088445,0.14969895957650048,0.2892046192820526,0.32326942349007703,0.48674165887567705,0.20750332824044188,0.2641873279476887,0.4102680725471981,1.0892835882541083,0.28934772489846683,0.28611106406203807,-0.2842144439426888,0.33876241337262747,1.0509491689538857,0.3148975367296284,-0.2547695901924265,3.5071002024701086,0.5587188839549543,-0.008449768850891801,0.117356286572669,1.0836563055904742,0.3555877931785724,0.6416909702275966,0.2054530169574252,0.41304428440323476,0.6428528820912316,1.0601108261215095,1.0450099149586332,1.8660972337551172
0.12471565260919179,0.17604925994243018,0.30592443011240344,0.26500236137999095,0.19031945618584753,0.2804661591531494,0.14760992942947868,0.20127354000710249,0.15059342594694727,0.15520351028892593,0.2161429926012559,0.19497595853740066,0.16603818122346056,0.2058163292707931,0.24433453497237637,0.19800329917513315,0.3161629092309965,0.13301365635698106,0.01613518177019682,0.6889128633002967,0.18518736060759883,0.1401990431404166,0.08637985366484953,0.2674760669348722,0.21794973953514057,0.12552398087854197,0.2675063344699585,0.22561135604208174,0.21572023029969034,0.2624414717005351,0.362381610680231,0.3062766613148411,0.2354152999549695,0.16123401267233767,0.1281184297628708,0.2938169184158573,0.5587188839549543,0.9885108579176924,0.2500448267594057,0.2560111599634577,0.38364671865731476,0.2438345600672952,0.4221573801540646,0.1249957639420864,0.4842013989173975,0.5833058410747233,0.576518546510019,0.05838322332365794,0.5781467052391994
0.16346305221350543,-0.025610403063878424,0.1733935805302704,0.3633998011866874,0.2020908511318445,0.19980196891429902,0.2791852462762282,0.35126374757564494,0.08108794818061822,0.2102978042654467,0.28532828397782123,0.20218115010920307,0.292807926452766,0.18864774053882566,0.24556538131802222,0.25528446358616136,0.365616249118543,0.17394805277097267,0.25254386431263126,0.5585937790116934,0.1378300701035206,0.25029811823019116,0.27942002739367894,0.311708895243448,0.30704074907882534,-0.3090392297048041,0.25938363376941387,0.18128515216602875,0.32497047826888076,0.8208295133163824,0.28161843858513036,0.20609699642432447,0.20233657271296376,-0.017508904201653585,0.16793564882606635,0.4017091999268204,-0.008449768850891801,0.2500448267594057,1.851373011213292,0.46404181998391786,0.15405400485378623,0.16017226669474144,0.3595676560846424,0.1224020055291491,0.47502798958824977,0.5105264662916685,0.31341678032990095,-0.15578122558775792,0.1360328097685784
0.12941237253473406,0.11442589817584421,0.10478470079382822,0.1926498656606038,0.13816651410999872,0.18915003401067756,0.15858295461484206,0.20834443143191234,0.08679133825218265,0.1449535447065049,0.19413436810358908,0.17191699587089967,0.180785285419198,0.16823600006353875,0.1817513871039301,0.2032076928406792,0.2488311253773103,0.17158804769346095,0.05785466146924999,0.3944972746538643,0.2107782980323512,0.13457372515217633,0.1862183051917847,0.19103646019189902,0.15861492575094188,0.0862032519984724,0.20449258575509943,0.2384491700227785,0.2122639337952144,0.2441841292483964,0.21388847887808438,0.0956552954480867,0.19102880186027965,0.007761220942968255,0.3511124074540653,0.28960674090546845,0.117356286572669,0.2560111599634577,0.46404181998391786,0.8910978034232795,0.0949379371906175,0.2303308750751851,0.4467153181601589,-0.0047370504736559986,0.502386883729284,0.507428356207518,0.31884088060042787,0.17047053799146628,0.24571083249707354
0.18866906391057497,0.14357270673279468,0.47379513913101384,0.3582912024081187,0.2607061830996985,0.2948208661200914,0.19718376453904957,0.35979116757687735,0.2117042733241915,0.34023579211328037,0.30982603430086136,0.23650925391143338,0.2972963018676773,0.3362532695387847,0.36168375845150097,0.3557756177399311,0.4109677166562617,0.16648966009461225,0.0884100982579091,0.5170482055608006,0.2609687161869141,0.24800538447138334,0.23059175050757874,0.2987980341570683,0.3316835716223664,0.44332652277961493,0.32477414063327537,0.4210461165701555,0.7269889236974004,0.009755608850383778,0.32601194034767067,0.2656012691226483,0.16942660238135662,0.5600804351495594,0.4737397069496396,0.5421318880493868,1.0836563055904742,0.38364671865731476,0.15405400485378623,0.0949379371906175,2.4821157691920512,0.3438299523527709,0.2465376935638033,0.22020529449113513,-0.8137091024571339,0.9975184272713074,0.8331568595189219,0.3541835888035706,1.1469155360959924
