0.6737136412954956,0.24853479232684755,0.433722209248469,0.07645933719630477,0.08042975849958263,0.18039976467120078,0.20415987565944257,0.10341147138756612,0.17081234401464643,0.1487872749017478,0.15265857074963254,0.17688546907577868,0.14070516615833514,0.1999121554760463,0.16015438589649467,0.07474245230771101,0.10763596708758459,0.14647865325377565,0.09233191785420385,0.1533529810312403,0.10076989570026085,0.12841159049535597,0.11043426948569907,0.13143122277492644,0.14319437528065038,0.17758733088006923,0.09890744238381985,0.08803877099648413,0.1439971725556013,0.14240041380231322,0.13313835800926718,0.08768066169543111,0.10933820084409404,-0.029259742726241437,0.1252579453168899,0.13364998920629595,0.07661138673695009,0.09259777109463414,0.1560370995020592,0.11960999900721206,0.10199923296566096,0.10123347255195154,0.13403910041939185,0.07280787945708597,0.2271176495937747,0.2504657063594009,0.17668372829055573,-0.07506459406147362,0.1933375183147415,-0.0390007781138444,0.007108546121070243,0.043211971510311455,-0.047789007333243386,0.024510497296417796,-0.061766993299770846,-0.07094354291357552,0.6060561701106952,0.14553179102775213,-0.6373893877545245
0.24853479232684755,1.3534336829906328,0.8551839302074153,0.15769523566967003,0.11803320838618554,0.35959402673252,0.27821442439927213,0.2642401562053113,0.3906476363255082,0.3187694232061215,0.32201372370510384,0.32040991968354626,0.3461302532471089,0.26536224323526847,0.33295297735314194,0.15384241781932817,0.2899013759879673,0.3531525318157904,0.18127453683739173,0.4039068123514749,0.26750942716440385,0.2666033676345111,0.08227702097082966,0.31233908425144075,0.24475440915237304,0.36998926131250365,0.25363751012797653,0.32465276544115634,0.4097574496314523,0.10596573588061291,0.1750426659853031,0.299621617394111,0.26789394901314045,0.3256546257553658,0.30542575044630316,0.19882251495392375,0.3645525153881269,0.23072971787264576,0.2203769199372185,0.1844544190126885,0.09927679811160185,0.2492464553954827,0.3212526485821903,0.08754442966769067,0.46383104245097706,0.01316319470455529,0.20995586533791333,0.17859432489320504,0.0014613151206115933,-0.25855461494433557,0.32706030096781663,0.22587805558509988,-0.29384784502198263,0.028383746075058797,-0.06279925800868548,-0.09683868632677732,-0.3656168676712765,0.09604441849242325,0.35402442860936495
0.433722209248469,0.8551839302074153,1.7175281553821828,0.13016388765828,-0.13094812902891165,0.46811213539949,0.3461914899140765,0.4178571672831978,0.5670987400229678,0.4340143834045355,0.3636923781161091,0.3495143491946166,0.3573485676882756,0.31095973396898796,0.37142282717300684,0.12430147924368451,0.2898522766389668,0.3572157857583108,0.3264174793560521,0.2813294317209982,0.3041475241539012,0.36925789071033727,0.19522256527641987,0.3977157447588295,0.31557395819557116,0.4317260718980482,0.21563477074180643,0.251315027577727,0.556800170309969,0.08271376211557614,0.23929754010820195,0.2939812904299534,0.27934258667662343,0.34836040703077986,0.5238588136079507,0.35278656236035166,0.36853282911107227,0.1978838788685669,0.32959714645391036,0.09545819666989322,0.14192164302786622,0.2819720599525742,0.24805320441142004,0.16688325895821993,0.466210614567073,0.3410779009309706,0.23904729129789912,-0.0010257440955679187,-0.22497350200839683,0.04790236304942254,-0.10401824325602378,0.22175746832384058,-0.18602589170138262,0.01471256292054277,0.12596184224113874,-0.07727675237229667,-0.027784435661630885,-0.19326857675599857,0.15051055434993435
0.07645933719630477,0.15769523566967003,0.13016388765828,0.8731384343330875,0.6554459454364095,0.5291446513732838,0.36416174159269393,0.38502114712327934,0.2718504794817083,0.22153752596595255,0.3714826706003613,0.3980549701120223,0.3941606411543337,0.35637173741093253,0.27641672331478384,0.4663908364515245,0.30183084817997946,0.31108437018166024,0.27739735795568604,0.33484020576225826,0.29251090129484036,0.372202463331814,0.3198914333064043,0.3886272648685189,0.3678291814306016,0.3030121293581983,0.3170277484653118,0.19575383850933972,0.38499829628705967,0.341286008517623,0.29514549866497364,0.3737562512311005,0.2775585773088357,0.47172419006881644,0.10002310130639307,0.30855980666980043,0.34306010315842994,0.20185629595132787,0.4414869354529323,0.2134657745220057,0.18632399824717039,0.2924834262509344,0.3626087804159318,0.4236802815265147,0.1138622505701791,0.11430959545892141,0.32789463014101494,0.10589366669239889,0.5553493355236367,-0.1307018000211207,-0.10700321444542656,0.15528733588093635,0.018785609144354128,-0.03286619644042727,-0.07234510495997885,0.04088529268022956,-0.012715590325048036,0.10989206981542399,-0.08901192812733058
0.08042975849958263,0.11803320838618554,-0.13094812902891165,0.6554459454364095,1.2615840602383437,0.6046465906190256,0.3783584980938325,0.39159066055208497,0.22055782447828215,0.22681210618598152,0.42523626652511076,0.4507850487313861,0.4716720390385366,0.37083859841199285,0.32428710693531876,0.620855946955403,0.32877345183428897,0.3612698072861163,0.30090245118358705,0.41324617937458585,0.3245727202711997,0.4146037587994101,0.391157877831853,0.4524538004851025,0.42029056136984416,0.28024123225714836,0.3830072695977914,0.18393208134151257,0.4160184303752834,0.4321834054852669,0.32468360403196855,0.4574049282254827,0.27487366424943366,0.5838979475159307,0.05590218794314694,0.35972957989299453,0.31692673025477336,0.2525395990798691,0.5264307606399959,0.30000743698713533,0.21574389200966723,0.3384923680383983,0.3656762887068213,0.50525708568852,0.05045470449003742,0.10482458127044914,0.3959677124426344,0.14841253459617915,0.8259111063746841,-0.30755970504245916,0.06249758737448387,-0.05344341748238549,0.20656789246639803,-0.014655212335647344,-0.13345180765575698,-0.0411986987446232,0.10868435571223445,0.14497528004406174,-0.09663476324235397
0.18039976467120078,0.35959402673252,0.46811213539949,0.5291446513732838,0.6046465906190256,0.9854383476261432,0.3609484972544414,0.5415845875102532,0.3394982008228099,0.23486003116476525,0.4830982924152073,0.47007880555897497,0.5049582120316759,0.4276737724833877,0.38910815293391765,0.5012596633069341,0.3847426771544479,0.3931027998355571,0.4233727268644914,0.4428798360590457,0.391033717507026,0.44398550136002807,0.29086791519628263,0.4888455939582881,0.45545847989876326,0.4488767951032486,0.39621217117095353,0.262007911792037,0.6211955588718634,0.3945320489765431,0.3542960463940578,0.4753013207452151,0.3054595450635542,0.5579473525792449,0.3620673507091344,0.350344113052305,0.47284845694813427,0.26655008448317746,0.5312771765049265,0.23365412175667605,0.15085427817168126,0.38161056554535133,0.48213145673462515,0.39415949569493297,0.339021539395622,0.19798184895269585,0.40498993428550395,0.11503761077594095,0.5105826846710663,0.07208903020292466,-0.4412561806170287,0.2591832175040573,-0.09129086615945013,-0.000854630303041016,-0.13744095779530618,-0.05678265996386367,0.11036154326221502,0.1511417134376969,-0.10482529765198152
0.20415987565944257,0.27821442439927213,0.3461914899140765,0.36416174159269393,0.3783584980938325,0.3609484972544414,0.5878774419706314,0.22510436411168033,0.30978934689371423,0.20758328375032872,0.31801636564221636,0.3998334499741872,0.3049100814996826,0.22278069120527097,0.1857145508464624,0.3584475788682229,0.25310036816844106,0.2625500234221624,0.24859098427937434,0.27622284549578685,0.2571178464748349,0.3434287930647375,0.2545192566473182,0.3173239002571621,0.2915635504473838,0.2880353131033623,0.2546720786005174,0.12976122813049853,0.3028741978997002,0.23561663549156883,0.24628262079148205,0.27914569018949337,0.24633884404923953,0.3587324316400852,0.2264434329627405,0.2515345299256351,0.2739015099485717,0.16746133940629757,0.37614522398848665,0.19444852822627318,0.11348536814168617,0.25213838006129774,0.29394852125366766,0.2604905990268719,0.23518516979923723,0.12508412692915916,0.2600163113953584,0.10930143204899123,0.3649864136869139,-0.16760595202200285,-0.07626293797256838,0.12521401490218445,0.015209288036338612,-0.008464754980470732,-0.017510840548504745,0.007612955619982482,0.040326072345712144,0.05424609458590412,-0.17458373637085875
0.10341147138756612,0.2642401562053113,0.4178571672831978,0.38502114712327934,0.39159066055208497,0.5415845875102532,0.22510436411168033,1.0392554402442118,0.2197202669635173,0.29789578237159564,0.3745413062905933,0.2450457449148282,0.447807778663854,0.38562325880259674,0.2788138918785676,0.3469326766131646,0.3085102195063327,0.39468590172579804,0.3438304283024554,0.30288744477281254,0.2960786542282583,0.32583073188111317,0.2656596500533568,0.4324768931213142,0.41505246131586127,0.4918654485260959,0.307541545987657,0.026584911001623388,0.441701438387109,0.3618561380339912,0.26416234590153576,0.3386472546404914,0.2850494592923062,0.4235504105164095,0.4998756557882412,0.20892122399414859,0.37259292167628016,0.18516597826247677,0.4350294253894101,0.19653217913337714,0.12806734315292287,0.30276116462967406,0.461580319041457,0.18933337348613372,0.37880694829285516,0.2534486048777135,0.4178549121917264,0.08294169649607218,0.4437892824192135,0.18622554637453181,-0.2754911541513085,0.23999783436884464,-0.09226984008927112,-0.06253357913095252,-0.26312309161601266,-0.14947276128208686,0.5013296357654977,0.24911589417168054,-0.4027932048643027
0.17081234401464643,0.3906476363255082,0.5670987400229678,0.2718504794817083,0.22055782447828215,0.3394982008228099,0.30978934689371423,0.2197202669635173,0.8617149478808758,0.39186620949907364,0.2981559520500338,0.27771244504495163,0.3119576374749592,0.280145158878174,0.24213675947400437,0.1751309228257649,0.2759079075892318,0.3065024579172934,0.26257481412873085,0.23715859557927021,0.2693118900670232,0.46004818730321645,0.3097114361798993,0.3381845118792962,0.25876211355959466,0.3557840423473463,0.2044541286917153,0.24296798402853728,0.27658201489499085,0.1768002619902487,0.25989479211461336,0.29209784790294413,0.29682098492461845,0.35430166965749826,0.17564227187838058,0.33714282924075356,0.2605349591395331,0.15650618494374485,0.37464740746850494,0.17925558191378588,0.13632987024621987,0.2542926649732723,0.26534527784332385,0.3137972074988865,0.17111022005560816,0.1543787595710355,0.23897747346052797,0.15097032759280565,0.1939157618281727,-0.23828796017350098,0.12061969692688379,0.17494730752046242,0.02421227538551257,-0.09444504790408483,0.08006685745714041,0.0962375346783216,-0.07004466945081013,-0.10787711006953216,-0.014763973185934592
0.1487872749017478,0.3187694232061215,0.4340143834045355,0.22153752596595255,0.22681210618598152,0.23486003116476525,0.20758328375032872,0.29789578237159564,0.39186620949907364,0.853096527066534,0.2748190298171353,0.27076779552215413,0.2860281107226277,0.2519221691562329,0.2673939373333593,0.2925720854302751,0.2744646561503829,0.3229516159227387,0.28457606771341915,0.13076259864030565,0.20611993173482754,0.34402813644364433,0.3632720204873043,0.3475458990454709,0.2801958132313499,0.2324110279413085,0.20046815020474465,0.1602270762074331,0.32235252256393787,0.30056262572420384,0.2209785208733953,0.2276552173852628,0.21600935294404908,0.3650152410829302,0.3129312397324889,0.29500329706606104,0.2209069068948296,0.11083003839114412,0.40453296046565396,0.21280285435751833,0.24953859082933239,0.21077432929147674,0.18229670104048637,0.35205672324804005,0.06836733205643719,0.17121834796012236,0.32947485677726734,0.06834817358473322,0.4556476122404951,-0.10833240324275041,0.1404447079414428,-0.013399849370075628,-0.03106417199390554,0.02986811202679573,-0.05789986509972626,-0.046483215057688175,0.1327911824280918,-0.051851201655016825,-0.022359780930801633
0.15265857074963254,0.32201372370510384,0.3636923781161091,0.3714826706003613,0.42523626652511076,0.4830982924152073,0.31801636564221636,0.3745413062905933,0.2981559520500338,0.2748190298171353,0.6080299742218118,0.4393076842592805,0.4731932910861324,0.32287959805776195,0.35161886325613273,0.3929776577709615,0.3901181561202018,0.3350475848286686,0.30796743456457953,0.40950153135112244,0.33296512586715804,0.3526398940080221,0.27951350792144497,0.41276942278506606,0.37241040903595757,0.3491061519966681,0.344184277598905,0.2359130217614221,0.39808161230227657,0.31353732466459294,0.33083261468500397,0.34624194172238276,0.34673827899978255,0.4325099785088379,0.34339900783716143,0.35071921102500747,0.39077476087981217,0.23956609313273813,0.43839929946795736,0.24901775443292076,0.16974117075337775,0.33957172630581495,0.4007229227799878,0.3129417608734743,0.25850015919594277,0.21140836899632204,0.3434859300889544,0.15487149894969,0.43751334341399906,-0.08510009373074326,-0.0857354439955864,0.1678079745095566,0.0353364647113956,-0.07495815304860481,-0.07297582940769291,-0.04255339408762909,0.11036369482907665,0.05717722330579621,-0.13163877473323468
0.17688546907577868,0.32040991968354626,0.3495143491946166,0.3980549701120223,0.4507850487313861,0.47007880555897497,0.3998334499741872,0.2450457449148282,0.27771244504495163,0.27076779552215413,0.4393076842592805,0.7049515654736287,0.36234917520307314,0.3218301052392927,0.3144105226906511,0.3900624402518012,0.32961457110478903,0.24573567475553687,0.28381256060555854,0.36176842953452387,0.3075074089624404,0.328855379531487,0.29065289644159925,0.3781365833225134,0.3804193991123964,0.3303397091463501,0.3530311804680332,0.10931190680975356,0.40269856520326114,0.29901699133238446,0.30968947085537557,0.3342479289764146,0.310247811495216,0.4326840897862887,0.33223235980805665,0.3436013966565285,0.34073122711491793,0.21509994857440431,0.4333292266066974,0.23968563263424048,0.14059417638330432,0.3172646596475021,0.333070429268934,0.27386159032367424,0.2439957483039679,0.15127829678360838,0.30079149539485134,0.16087636571849648,0.4672517524739343,-0.10470289036287928,-0.15583066637823034,0.09270722474003296,0.08518998971814881,-0.03582867964816214,-0.046195067803466695,-0.05181806309436017,0.004150035109132676,0.042425926113993366,-0.03255815818204435
0.14070516615833514,0.3461302532471089,0.3573485676882756,0.3941606411543337,0.4716720390385366,0.5049582120316759,0.3049100814996826,0.447807778663854,0.3119576374749592,0.2860281107226277,0.4731932910861324,0.36234917520307314,0.8543240809214463,0.3442787894426675,0.27723331010823915,0.5022229894956595,0.32095144954794685,0.3684056488923501,0.3097358245497477,0.3531659396596534,0.31183724472225427,0.46834339012962434,0.2572983973945587,0.4847438801929529,0.3852613716564661,0.4460180570979989,0.3811653328761732,0.2135752430670471,0.4721984619554237,0.36887585263324246,0.2679054247969514,0.36787321124980465,0.3806918437376448,0.4231027043830931,0.4383304658097626,0.26238134229839216,0.35554282891119166,0.21631624204950728,0.3484043216755581,0.2401072456803857,0.19012737289455695,0.3325411279999466,0.4460624495336424,0.3317247054282517,0.16889250969647515,0.20606006595090656,0.3722641251303159,0.08236954608700324,0.5417762811528719,-0.13095752356658738,-0.10172587027968451,-0.0034194502232212463,0.049529817736683704,-0.004017515362175677,-0.03917260229891589,-0.13538455072664787,0.08730031883246647,0.04793869334748471,-0.021666389910703368
0.1999121554760463,0.26536224323526847,0.31095973396898796,0.35637173741093253,0.37083859841199285,0.4276737724833877,0.22278069120527097,0.38562325880259674,0.280145158878174,0.2519221691562329,0.32287959805776195,0.3218301052392927,0.3442787894426675,0.7009150912451574,0.3794957251684352,0.28500801984483837,0.34226321657334824,0.2356057153820424,0.26736266695385175,0.34855593020015974,0.2805855676115799,0.273632487728646,0.2685763746423923,0.36820845743193015,0.33143317357852786,0.28643522910269886,0.26787386047931494,0.28636231847213595,0.36647669498698743,0.34033664639513883,0.2972913434062352,0.28635821238177245,0.27894576814421146,0.34683475557354315,0.22896593152784298,0.3859072589742461,0.36087492791274084,0.2014239629316099,0.382046764624654,0.20957153273260634,0.2567276634786381,0.2898574047254405,0.3333837195348737,0.32379095506854294,0.1781183881137309,0.20718160131128222,0.3061263956823986,0.09468853955212345,0.5133135931965884,0.04656460570929585,-0.07756065114924417,0.1502861310777892,-0.048706812148548335,-0.057015288939868305,-0.1771726458483374,-0.07233965900281136,0.2780912720220832,0.14577644856250183,-0.14793436755945547
0.16015438589649467,0.33295297735314194,0.37142282717300684,0.27641672331478384,0.32428710693531876,0.38910815293391765,0.1857145508464624,0.2788138918785676,0.24213675947400437,0.2673939373333593,0.35161886325613273,0.3144105226906511,0.27723331010823915,0.3794957251684352,0.7339394461117476,0.20862411271358727,0.3470851654158562,0.3284202400627196,0.3461763651802679,0.3453919160986818,0.32679221340763226,0.19818422977370825,0.3099710815292528,0.35511583363446364,0.37571273994335114,0.16148497796470104,0.25469555839958946,0.34099879007066236,0.41945589505830644,0.36796033390578603,0.32800570437053933,0.28657403066080483,0.31968684538758624,0.3813600753834911,0.21686828577129375,0.4432708151859392,0.42992657192562056,0.19241289357472177,0.4367517504539537,0.21097420235605718,0.28222242174694784,0.30665403500494476,0.29176333741460625,0.35641512515417956,0.17959460362389043,0.28388383373575216,0.333922185695984,0.07534076431641877,0.4234556764703488,0.29792119503421294,-0.10789588908638062,0.2683885737006587,-0.23449405656378808,-0.05830350350356864,-0.05989205612519385,0.01484862708401249,0.08057544505704939,0.08167190437230525,-0.1530804378161522
0.07474245230771101,0.15384241781932817,0.12430147924368451,0.4663908364515245,0.620855946955403,0.5012596633069341,0.3584475788682229,0.3469326766131646,0.1751309228257649,0.2925720854302751,0.3929776577709615,0.3900624402518012,0.5022229894956595,0.28500801984483837,0.20862411271358727,1.2762143948965101,0.36755736052874727,0.29176947972572104,0.5879777994385019,0.2991680632891985,0.37506926194473517,0.6587884142201033,0.27195293729179637,0.5083020805014444,0.4875094741913546,0.20246380204996464,0.44254735750035873,0.26321776555654236,0.4437339198740229,0.5701956365264329,0.27568181321069196,0.46322539956965625,0.35736191040781273,0.5826619239714518,0.6693026266299519,0.27217517103514893,0.3914477875611686,0.17911850645565888,0.5116426767944432,0.2764070404232105,0.18654595832000678,0.428531591411153,0.5249986970629684,0.5372467835191179,0.10138494579941906,0.13063300411574724,0.4290389795226884,0.14334364996934656,0.6535302116328424,-0.5786122068479825,-0.2426040204655517,0.02054256546162044,0.29756822548897094,0.027093641231368246,-0.05226119712418118,-0.09858867387001236,-0.04624995366028533,0.04469715987229057,0.1338699247901817
0.10763596708758459,0.2899013759879673,0.2898522766389668,0.30183084817997946,0.32877345183428897,0.3847426771544479,0.25310036816844106,0.3085102195063327,0.2759079075892318,0.2744646561503829,0.3901181561202018,0.32961457110478903,0.32095144954794685,0.34226321657334824,0.3470851654158562,0.36755736052874727,1.014760906132737,0.2519532857296561,0.45896269236373005,0.4819202058106566,0.4268122010454111,0.3237317224598291,0.2996810442932128,0.37979170371216814,0.3602817462982999,0.16685887976878477,0.3354658765752248,0.5913922366693878,0.31098815687258136,0.3907634499412925,0.40587009297776977,0.26009314256456867,0.484627694727634,0.3886574967010166,0.29284851897501696,0.49616421645298636,0.6583026560523728,0.2694393633451541,0.5653113548102315,0.3234035157518822,0.2824865523147533,0.43681044021795534,0.4523305437704817,0.4913720127161796,0.3447994515928488,0.19815444230857068,0.36287573943897056,0.23284052083339452,0.5417667225251513,0.3306004871345121,0.00479614189896013,0.3331657077427245,-0.25277530010329846,-0.13538817467253036,-0.29624474904750625,-0.003964134545933489,-0.1107087465498942,0.25049196387384504,-0.10924732029106027
0.14647865325377565,0.3531525318157904,0.3572157857583108,0.31108437018166024,0.3612698072861163,0.3931027998355571,0.2625500234221624,0.39468590172579804,0.3065024579172934,0.3229516159227387,0.3350475848286686,0.24573567475553687,0.3684056488923501,0.2356057153820424,0.3284202400627196,0.29176947972572104,0.2519532857296561,0.7937998542034947,0.3627050408143413,0.14767520922349214,0.2893488297238937,0.338560039575394,0.2926465341487294,0.3780757230184891,0.3177685229109307,0.3331960484638199,0.2429376110466158,0.2850263769993596,0.32052822191303526,0.17453837396702315,0.23659066135984003,0.28486900111488006,0.33595329735335633,0.3851916932026158,0.2805862115449759,0.214144645347074,0.33083265171633536,0.10933033873323203,0.31999637999056735,0.23427573152320236,0.06951922857086891,0.24374621433310437,0.4917171702681695,0.22525771665456204,0.3861433906492022,0.18912480421537556,0.40582785841382757,0.11958550990588018,0.156924584746182,0.014130209532478502,0.3310705383195927,0.1488083772104012,-0.3549289010845112,-0.07152333821237823,-0.028202176846958932,-0.02034748870476331,0.21117216048974363,0.04589651136313247,-0.2530719042025616
0.09233191785420385,0.18127453683739173,0.3264174793560521,0.27739735795568604,0.30090245118358705,0.4233727268644914,0.24859098427937434,0.3438304283024554,0.26257481412873085,0.28457606771341915,0.30796743456457953,0.28381256060555854,0.3097358245497477,0.26736266695385175,0.3461763651802679,0.5879777994385019,0.45896269236373005,0.3627050408143413,1.4312848230317563,0.2374367683108523,0.483103730890128,0.45636729738408344,0.14456254321087658,0.4503656754488284,0.3313361637498322,0.036493967659821214,0.30737553683964897,0.4419912282864136,0.4000247519887496,0.577239741683139,0.3895069304032232,0.38866298543578914,0.5163908955882164,0.4654322103110191,0.45351269232453545,0.4874311972511615,0.6344821865795547,0.19895736059298982,0.6571375219236033,0.17994518975960186,0.2603863422187232,0.4281047712506206,0.38805900460344833,0.3900709191404669,0.26776000112808224,0.2445342647727095,0.42760523297360215,0.39442735509045956,0.5253164455301625,0.5222760744034813,-0.2085499797354503,0.22569919697819701,-0.3047235494323523,-0.12968746784986918,-0.10476395196204502,0.007928037950656225,-0.0034050345770333776,0.1713216442685385,-0.09841760047815243
0.1533529810312403,0.4039068123514749,0.2813294317209982,0.33484020576225826,0.41324617937458585,0.4428798360590457,0.27622284549578685,0.30288744477281254,0.23715859557927021,0.13076259864030565,0.40950153135112244,0.36176842953452387,0.3531659396596534,0.34855593020015974,0.3453919160986818,0.2991680632891985,0.4819202058106566,0.14767520922349214,0.2374367683108523,1.0830958411752256,0.27358842457192994,0.2391677426896124,0.15387178199992643,0.402205902972728,0.352588712774818,0.29709788248432,0.45773159752645026,0.427711322860947,0.2824032954130506,0.4570287724614812,0.3936458222899137,0.48646175640249223,0.4329001396857266,0.3864409277260443,0.11218362244051665,0.2669300234798398,0.6345092033071263,0.5243607015431597,0.4580309046050277,0.36914317728769946,0.19674484160280137,0.32646018335220806,0.7840076419866201,0.24595610637311474,0.7290538179426618,0.034566430645847794,0.37682272833821434,0.3564309360348901,0.5886602104270638,-0.2828977486524626,-0.016700656623120112,0.3367630820302355,-0.04385248667067423,-0.0475397094478117,-0.07840750903046317,-0.008740992105095992,0.18663602820525588,0.0815388920716959,-0.21319223445885874
0.10076989570026085,0.26750942716440385,0.3041475241539012,0.29251090129484036,0.3245727202711997,0.391033717507026,0.2571178464748349,0.2960786542282583,0.2693118900670232,0.20611993173482754,0.33296512586715804,0.3075074089624404,0.31183724472225427,0.2805855676115799,0.32679221340763226,0.37506926194473517,0.4268122010454111,0.2893488297238937,0.483103730890128,0.27358842457192994,0.6649228735355642,0.34144698426843295,0.2877445543782867,0.34145962497796545,0.3332466833854838,0.10092733756390626,0.2539662009766688,0.314997158552344,0.37733205005976794,0.40632567879066206,0.38696440009484234,0.24933273223916155,0.43606218194212526,0.4191942068550128,0.37130801520441686,0.44495436311203457,0.5669723531636678,0.1793093839340923,0.5436104227826742,0.3152080135261341,0.19934895309709386,0.5083454349678773,0.3947124329375687,0.39869788864794536,0.4407416519252608,0.17677843844853955,0.3524746718891044,0.2078334982874937,0.33422354059173753,0.1391540080707588,-0.16242821075043878,0.18240128146157442,-0.05712315049158342,-0.08298737750430081,-0.09111943960863221,-0.002907169557376091,-0.1578205752241756,0.1533420446916718,0.022177270620961337
0.12841159049535597,0.2666033676345111,0.36925789071033727,0.372202463331814,0.4146037587994101,0.44398550136002807,0.3434287930647375,0.32583073188111317,0.46004818730321645,0.34402813644364433,0.3526398940080221,0.328855379531487,0.46834339012962434,0.273632487728646,0.19818422977370825,0.6587884142201033,0.3237317224598291,0.338560039575394,0.45636729738408344,0.2391677426896124,0.34144698426843295,0.8377474678056257,0.3526376885461186,0.42686799719628343,0.3866521006852774,0.28641408311332034,0.32138844494284613,0.1954370366228779,0.4203721452477123,0.38610501238354544,0.2703945737957192,0.3789245444451306,0.33072018106627293,0.496279375366908,0.3992158197717664,0.2879511357140248,0.33882046489036,0.15724196212820016,0.4655635032552336,0.2144261956154514,0.1569638533341667,0.3505665372684964,0.4194529682270873,0.45328095177679173,0.09505287597923356,0.18463116081661787,0.3646857028751366,0.14646031450690483,0.4578022947492383,-0.32572107044913357,-0.10416627339899732,-0.00929875794039295,0.16830224917804806,-0.038793122523718804,-0.0033823407468718835,-0.02431044958233079,-0.04671635228554187,-0.01350552890360267,0.040192934642038075
0.11043426948569907,0.08227702097082966,0.19522256527641987,0.3198914333064043,0.391157877831853,0.29086791519628263,0.2545192566473182,0.2656596500533568,0.3097114361798993,0.3632720204873043,0.27951350792144497,0.29065289644159925,0.2572983973945587,0.2685763746423923,0.3099710815292528,0.27195293729179637,0.2996810442932128,0.2926465341487294,0.14456254321087658,0.15387178199992643,0.2877445543782867,0.3526376885461186,1.18889887112833,0.369487243727967,0.48699502408790757,0.02763187929580294,0.13234896061037493,-0.08160120611328195,0.4143617151783888,0.4746950703603084,0.3653646542732895,0.07197952491147239,0.3127321828635396,0.4464568247870513,0.13793899447842126,0.5300058671585557,0.4566037116923225,0.06643763446433706,0.7015985832285427,0.3829425221020825,0.22496170176465263,0.26663059077945306,0.2550706593730451,0.743871460788041,-0.05700801881807063,0.32510463041731447,0.38577681250101703,0.1915083585563252,0.6641272984190569,0.1982894451031983,-0.1828285041584862,0.31984328004931456,-0.10876199581069243,-0.07111677750704261,-0.1175974764894667,0.023896632781088636,0.045161671882471006,0.0785694609597621,-0.14570619002027696
0.13143122277492644,0.31233908425144075,0.3977157447588295,0.3886272648685189,0.4524538004851025,0.4888455939582881,0.3173239002571621,0.4324768931213142,0.3381845118792962,0.3475458990454709,0.41276942278506606,0.3781365833225134,0.4847438801929529,0.36820845743193015,0.35511583363446364,0.5083020805014444,0.37979170371216814,0.3780757230184891,0.4503656754488284,0.402205902972728,0.34145962497796545,0.42686799719628343,0.369487243727967,1.211473706124557,0.4710064062236491,0.23619818716055363,0.3952613612716177,0.2494407455404154,0.4596133082153394,0.7600672237839698,0.2597318510128511,0.6775047947577585,0.7423341246418814,0.4821535885540199,0.5052052456663471,0.4647166339359619,0.558719234170096,0.26521889261470166,0.481596405472391,0.2539968959897186,0.24565633857838334,0.40448089171205226,0.5354343963060464,0.5032302865201589,0.07841944415225346,0.39682526336905016,0.531730007640985,-0.032244564597635916,0.7748244295646444,-0.0679457349186316,-0.18881904015949283,0.06322008690620068,0.2697056112041162,-0.12621727157978604,-0.04690682201503387,-0.19790065547883795,0.31150425616569977,0.014314535678456475,-0.06437163330821952
0.14319437528065038,0.24475440915237304,0.31557395819557116,0.3678291814306016,0.42029056136984416,0.45545847989876326,0.2915635504473838,0.41505246131586127,0.25876211355959466,0.2801958132313499,0.37241040903595757,0.3804193991123964,0.3852613716564661,0.33143317357852786,0.37571273994335114,0.4875094741913546,0.3602817462982999,0.3177685229109307,0.3313361637498322,0.352588712774818,0.3332466833854838,0.3866521006852774,0.48699502408790757,0.4710064062236491,0.9316538332243139,0.21655836876466192,0.32607958282577354,0.16633056347823771,0.5387694547580351,0.5573400533844689,0.3262178209091177,0.3604011746511657,0.34529860781063987,0.5354711599248697,0.39731799422975733,0.4136933110882838,0.47063634420735384,0.21709795810030583,0.5482078184293326,0.24962742019636708,0.2329085158527181,0.34921329367637444,0.46132066055256715,0.5182272839075681,0.22146685184443227,0.3257967892961291,0.4409995166678273,-0.0197412678774893,0.46080261148232055,-0.1401775683101578,-0.23070132104302793,0.11870880422874966,0.16168967966744163,-0.04799869634252339,-0.09554379865957241,-0.016895065670575013,0.1678902793571786,0.0899223308113775,-0.20187808706325677
0.17758733088006923,0.36998926131250365,0.4317260718980482,0.3030121293581983,0.28024123225714836,0.4488767951032486,0.2880353131033623,0.4918654485260959,0.3557840423473463,0.2324110279413085,0.3491061519966681,0.3303397091463501,0.4460180570979989,0.28643522910269886,0.16148497796470104,0.20246380204996464,0.16685887976878477,0.3331960484638199,0.036493967659821214,0.29709788248432,0.10092733756390626,0.28641408311332034,0.02763187929580294,0.23619818716055363,0.21655836876466192,1.9572976355918346,0.2586765371438018,0.28831390808182933,0.0486621554703095,-0.019002273210058204,0.24538370676577592,0.23250443320974823,0.2475025795804816,0.21175861584910055,0.395028260822806,0.07866069122598394,0.03591903158501118,0.17795168986557713,-0.4328162946460631,0.10534264815171722,0.3729957822201086,0.23074922756318886,0.555419599733828,-0.05237169826771419,0.2570154917797155,0.06537732994853054,0.1562143930870489,0.14804316311395124,0.23755751967377897,0.18626489649382588,-0.19701270083876637,-0.1005160300738062,-0.2656444632200348,0.03326951964922732,0.009233678987260201,-0.06775624448884203,0.294585599543287,0.02868420712197777,-0.21867548566905162
0.09890744238381985,0.25363751012797653,0.21563477074180643,0.3170277484653118,0.3830072695977914,0.39621217117095353,0.2546720786005174,0.307541545987657,0.2044541286917153,0.20046815020474465,0.344184277598905,0.3530311804680332,0.3811653328761732,0.26787386047931494,0.25469555839958946,0.44254735750035873,0.3354658765752248,0.2429376110466158,0.30737553683964897,0.45773159752645026,0.2539662009766688,0.32138844494284613,0.13234896061037493,0.3952613612716177,0.32607958282577354,0.2586765371438018,0.7358601814755593,0.3166343221261101,0.32543141259115616,0.37702641698813105,0.3077557504987455,0.552720584489028,0.37609310811326024,0.39545937204174053,0.31938202151249606,0.3643097624579526,0.3315140202303992,0.2771782934643861,0.3471769322012389,0.2272311498940769,0.23773029895761374,0.30495683003769547,0.5251084606554923,0.18714877685011885,0.2969068784187784,0.06875021033967693,0.3059314019377034,0.15926261561355948,0.5840006657496433,-0.18557104269547703,-0.10309367956976924,0.16218506176746555,0.06379473454242411,-0.03855561630596056,-0.02955634892699998,-0.041663613223266546,0.10261044813463435,0.003440682832470509,-0.046319525073692774
0.08803877099648413,0.32465276544115634,0.251315027577727,0.19575383850933972,0.18393208134151257,0.262007911792037,0.12976122813049853,0.026584911001623388,0.24296798402853728,0.1602270762074331,0.2359130217614221,0.10931190680975356,0.2135752430670471,0.28636231847213595,0.34099879007066236,0.26321776555654236,0.5913922366693878,0.2850263769993596,0.4419912282864136,0.427711322860947,0.314997158552344,0.1954370366228779,-0.08160120611328195,0.2494407455404154,0.16633056347823771,0.28831390808182933,0.3166343221261101,1.8514197515376565,-0.003295491403546486,0.14722280604542543,0.44167579118196976,0.33347539287435807,0.44103347902480156,0.23085966467179084,0.05610682143221092,0.7419798329238295,0.3554763386961225,0.276418190191792,0.26549815422728384,0.22985637331383788,0.6078815142310272,0.31840955509808105,0.21415822408872123,0.762062693852515,-0.08003729231818339,-0.054797035661123886,0.08228967231707293,0.264354176415079,0.6080801618415667,-0.18028738950819373,0.3897196040788289,0.4641520313879025,-0.5464784599810296,-0.034750514294692204,0.1688814365812527,0.08211638017562925,-0.13844358062004358,-0.1313074210008932,0.333080337917658
0.1439971725556013,0.4097574496314523,0.556800170309969,0.38499829628705967,0.4160184303752834,0.6211955588718634,0.3028741978997002,0.441701438387109,0.27658201489499085,0.32235252256393787,0.39808161230227657,0.40269856520326114,0.4721984619554237,0.36647669498698743,0.41945589505830644,0.4437339198740229,0.31098815687258136,0.32052822191303526,0.4000247519887496,0.2824032954130506,0.37733205005976794,0.4203721452477123,0.4143617151783888,0.4596133082153394,0.5387694547580351,0.0486621554703095,0.32543141259115616,-0.003295491403546486,2.6816524107049955,0.5340085583245113,0.09987151747533363,0.5543480604804699,-0.061849811761614304,0.61879069485056,0.10502299145991484,0.7716631881389745,0.24722730267943474,0.12940492665265607,0.6750995768697338,0.056986186746709265,0.5746055373747262,0.2912618694052019,0.15540959793332604,-0.003058355611262112,0.26997080005046226,0.5329700281055887,0.4417768335013059,-0.6002464054584062,0.657852975440887,0.7335375838098654,-1.1168369215026972,0.2869171878178197,-0.14409322713704026,0.05018587393750178,-0.1345701122414526,-0.17282957602001983,-0.30544690229164717,0.1388435575596273,0.33992594613437843
0.14240041380231322,0.10596573588061291,0.08271376211557614,0.341286008517623,0.4321834054852669,0.3945320489765431,0.23561663549156883,0.3618561380339912,0.1768002619902487,0.30056262572420384,0.31353732466459294,0.29901699133238446,0.36887585263324246,0.34033664639513883,0.36796033390578603,0.5701956365264329,0.3907634499412925,0.17453837396702315,0.577239741683139,0.4570287724614812,0.40632567879066206,0.38610501238354544,0.4746950703603084,0.7600672237839698,0.5573400533844689,-0.019002273210058204,0.37702641698813105,0.14722280604542543,0.5340085583245113,2.8264304464591983,0.4968208601861886,0.48481390933094554,0.8128684927057266,0.2820570262629352,0.43463033959502645,0.37071031192687276,1.0293177566069232,0.28940957287929464,0.7081983305972458,0.06391209733596138,0.8629055665188006,0.4505368830311183,0.8078986778201672,0.8196251547255475,-0.13202743508215428,0.47188132596407567,1.1703948624166105,-0.35508567425546667,2.029003271438684,0.3529992140042499,-0.9265725527091303,0.27731682018128745,0.21919936139234386,0.0005105577106326521,-0.2477881016897363,-0.061205397595198247,0.3334131185110227,0.5221937904468236,-0.6234646023523442
0.13313835800926718,0.1750426659853031,0.23929754010820195,0.29514549866497364,0.32468360403196855,0.3542960463940578,0.24628262079148205,0.26416234590153576,0.25989479211461336,0.2209785208733953,0.33083261468500397,0.30968947085537557,0.2679054247969514,0.2972913434062352,0.32800570437053933,0.27568181321069196,0.40587009297776977,0.23659066135984003,0.3895069304032232,0.3936458222899137,0.38696440009484234,0.2703945737957192,0.3653646542732895,0.2597318510128511,0.3262178209091177,0.24538370676577592,0.3077557504987455,0.44167579118196976,0.09987151747533363,0.4968208601861886,1.3810612519082346,0.14416449572885523,0.5489182597895349,0.41254501530351484,0.23322696048984098,0.8129576089117203,0.6929937271332117,0.30740767960165843,0.5456591233746166,0.1879551130189535,0.4819797401642612,0.38531274249789543,0.19740782529797385,0.4921296990267692,0.2986414491108934,0.2537821462053588,0.3354029993265442,0.16597287231026717,0.3893299524235651,0.3060905002267198,-0.3697615385438918,0.4625277730994043,-0.19607554326295437,-0.07624027744221505,0.007974370208452205,0.09085685534904266,0.27258734040340854,-0.05901099285695357,-0.2633727999199227
0.08768066169543111,0.299621617394111,0.2939812904299534,0.3737562512311005,0.4574049282254827,0.4753013207452151,0.27914569018949337,0.3386472546404914,0.29209784790294413,0.2276552173852628,0.34624194172238276,0.3342479289764146,0.36787321124980465,0.28635821238177245,0.28657403066080483,0.46322539956965625,0.26009314256456867,0.28486900111488006,0.38866298543578914,0.48646175640249223,0.24933273223916155,0.3789245444451306,0.07197952491147239,0.6775047947577585,0.3604011746511657,0.23250443320974823,0.552720584489028,0.33347539287435807,0.5543480604804699,0.48481390933094554,0.14416449572885523,2.0388545020208793,0.43650266629756335,0.6613733608792319,0.2893106487400184,0.3440065077298165,-0.10903981126169873,0.38388375281388076,0.42772414912147255,0.2568844243982186,0.06781132377980192,0.31531129358377114,0.4724111969691918,0.3518256428911232,0.2916041651113044,0.027071958327499975,0.36319853791136725,0.010412493844307561,0.31361578891587655,-0.467786586560672,0.28569102337714214,-0.06876549079548906,0.3309900636148262,-0.028866773252038413,-0.004513382970789008,-0.003098740349849993,0.13560610638104076,-0.01477194659818742,-0.06634020974309009
0.10933820084409404,0.26789394901314045,0.27934258667662343,0.2775585773088357,0.27487366424943366,0.3054595450635542,0.24633884404923953,0.2850494592923062,0.29682098492461845,0.21600935294404908,0.34673827899978255,0.310247811495216,0.3806918437376448,0.27894576814421146,0.31968684538758624,0.35736191040781273,0.484627694727634,0.33595329735335633,0.5163908955882164,0.4329001396857266,0.43606218194212526,0.33072018106627293,0.3127321828635396,0.7423341246418814,0.34529860781063987,0.2475025795804816,0.37609310811326024,0.44103347902480156,-0.061849811761614304,0.8128684927057266,0.5489182597895349,0.43650266629756335,1.9767611148942863,0.11695649027875567,0.4025836242854504,0.2633534061013668,1.1397903005688872,0.27484669494688896,0.1923776557418642,0.2309679374291046,0.11385622070801378,0.5434563749676099,0.7525976845091328,0.711950180462052,-0.24819085910380215,0.4805549109735962,0.5796026490964293,-0.009569716846117241,0.9043271778192901,0.34785974058718244,-0.2966405571498626,0.3302745979266041,-0.04728007775362599,-0.24258056187547025,0.022291655814607115,-0.05455511830206111,0.04241242257257751,0.061934144631065155,-0.0729418926472263
-0.029259742726241437,0.3256546257553658,0.34836040703077986,0.47172419006881644,0.5838979475159307,0.5579473525792449,0.3587324316400852,0.4235504105164095,0.35430166965749826,0.3650152410829302,0.4325099785088379,0.4326840897862887,0.4231027043830931,0.34683475557354315,0.3813600753834911,0.5826619239714518,0.3886574967010166,0.3851916932026158,0.4654322103110191,0.3864409277260443,0.4191942068550128,0.496279375366908,0.4464568247870513,0.4821535885540199,0.5354711599248697,0.21175861584910055,0.39545937204174053,0.23085966467179084,0.61879069485056,0.2820570262629352,0.41254501530351484,0.6613733608792319,0.11695649027875567,1.9247759068890342,0.44220549237385326,0.37443049678642637,0.5709071271453007,0.23216920920003986,0.7205970210058797,0.0052289281308030185,0.06677469392483146,0.41500148104603224,0.6173644288378445,0.7290751411158105,0.23128864542583075,0.0247279531985212,0.44577080309334516,0.35246154121252093,0.16080454289951954,-0.2845085514291195,-0.07025148201553669,0.04479688822967817,0.3317355872881632,-0.11046210588517592,-0.12984434706901235,0.03949515021630973,-0.4961291653330364,0.05066206779109198,0.49341464575931093
