4.645269693128234,0.6715154797744437,0.8058942347274985,0.35193705450326307,0.721996247623401,0.5674799268033621,0.8997901164278047,0.658113566461394,0.6421507823146039,0.7133599723659847,0.5114142534949667,0.7985939075899338,0.4992820416886035,0.9816651061112909,0.5788724970134892,0.6200511516973604,0.5953164087449638,0.5560788790867299,0.6042617954498478,0.5334292772452411,0.6768011859742437,0.6061075735960014,0.32969945918410953,0.6252517524590014,0.5963882345811178,0.5695095474378449,0.6022764340030303,0.4648802555256759,0.6684610160488886,0.5470758967539632,0.6400119617857761,0.771665037464147,0.7135089225890718,0.30856951456738435,0.2348367886930113,0.6931806458824905,0.3806259745166914,0.4122231258829508,0.5216105544900376,0.13281748035268115,0.5071996549378438,0.5883611943289425,0.38526493265894884,0.5036189223768662,1.1210158498987026,0.5060054543897066,0.5812905940776789,-0.05744255708477369,1.4818639478780944
0.6715154797744437,3.51971431261439,1.5356854645087183,0.31172583345865973,0.3310900930098602,0.4317333571779893,0.39315563007738186,0.43800738236432163,0.350636669368888,0.5013363860018848,0.34081649347375076,0.4623989547711617,0.2843610690909953,0.30490954870154496,0.5628772989288834,0.29320705408614467,0.3916204887561497,0.6505770458042842,0.3654208385490541,0.5009362491254234,0.5620773807029716,0.280674422308965,0.28244135597206954,0.33169531589980655,0.4606034810304694,0.3997946574320498,0.4884660310329242,0.350160829499156,0.7087054235042133,0.23314177831872396,0.47881193809745165,0.3370778670533086,0.42920305733790837,0.48782552469077056,0.2734707830010945,0.6308133509641788,0.7453287816325931,0.33630069359825243,0.3464196028502133,0.035504006960054346,0.3827159348627271,0.359461991349842,0.3696682926365862,0.2988389206970564,1.4375945840019182,0.5010666261432412,0.4455399986216068,-0.0596221041556657,0.922872742074766
0.8058942347274985,1.5356854645087183,3.0635301129901222,0.2656328666132426,0.269639581070417,0.5644314165566756,0.4843906819104379,0.4133175608626552,0.49790957624404064,0.5959874905328877,0.4156263107220196,0.5339278306852016,0.36096748482901075,0.3921760025095199,0.6811588886762637,0.48713540748530504,0.5380534917969715,0.5024835678954841,0.44368399332336517,0.43766497505296936,0.5532284134918215,0.45264388845629766,0.4056383444348796,0.4717994475718895,0.5034745879214486,0.42867958751700624,0.5249370127839734,0.4160915610483207,0.584393948984018,0.11839060496667275,0.4975611190316962,0.4344441318020549,0.6038234994858556,0.613628418752551,0.18702779864510044,0.6061222455049043,0.6100669201492576,0.3386507745742396,0.3472075261118647,-0.3533285472293918,0.33683915762525896,0.49213529465367856,0.3469744825842402,0.6926621446200023,1.486507162946592,0.6512576014587116,0.3782196616983457,-0.08078724134858181,0.6570403935157354
0.35193705450326307,0.31172583345865973,0.2656328666132426,0.7405174487657642,0.5669400186341316,0.34220726933455753,0.3319401732062903,0.31154145712531717,0.2679049300604871,0.2957453251262389,0.25802206541466693,0.3380280640844847,0.23917894431559888,0.3340222464136017,0.320472277287547,0.28030302133478546,0.2749355301063843,0.2851423917262158,0.3673102943118215,0.2874459610715662,0.2980348084503913,0.2618693547049502,0.18689056275160265,0.3077558631475411,0.2799730826757317,0.292725413628181,0.2472033289289883,0.22936514418312023,0.322820331247469,0.1966468636854753,0.2989059997152574,0.3163722871764857,0.28565351218784846,0.37471659789095624,0.18020288930230863,0.31096408816369925,0.2546160469545615,0.18796816368509614,0.31135074310825533,0.08236465707570327,0.19730621976024598,0.2766612974575621,0.21504975363482223,0.2971727869361521,0.4798532927535439,0.18434283559017123,0.249636309899744,-0.012250830107459098,0.4600511412895023
0.721996247623401,0.3310900930098602,0.269639581070417,0.5669400186341316,1.1609345581926438,0.3553270178163112,0.40234749023569777,0.3898205132195246,0.3007835079812127,0.3888058217896748,0.30068052801705214,0.4351265923472197,0.2919712908805879,0.3889798081783155,0.3908612391969554,0.3722012747402411,0.30656888903871826,0.3243585956928192,0.6021573272087347,0.26782120542510524,0.32507467830907427,0.3159620144726317,0.17701381510247222,0.3425892161971619,0.334966417697968,0.3212754260652914,0.26372716846271077,0.2629976790480087,0.3622640213788702,0.14956740917956785,0.3762189858650319,0.3764664676628903,0.35165282312930324,0.42945165684402664,0.1835298056900388,0.34032349666175754,0.28698881514024305,0.19641598397954488,0.34585788014692853,0.07146133272435574,0.19748010664124252,0.3449470440019875,0.16502238039844505,0.3187147597470769,0.34428413150403697,0.21163304765906463,0.23544955453713734,-0.007048766256688738,0.6309616470139014
0.5674799268033621,0.4317333571779893,0.5644314165566756,0.34220726933455753,0.3553270178163112,0.7668775220314946,0.3208395172546963,0.368532575590947,0.3344244820878543,0.30599629295315023,0.327324576188016,0.3064553536967263,0.2768742920511493,0.3790961324073729,0.3743898622741363,0.3220920513417692,0.3785659901631551,0.32585739308130973,0.48236317959884234,0.47729187008732776,0.4086152501679891,0.34781707130254197,0.26070504831877045,0.40479894225558605,0.34442396563481653,0.3506493261643846,0.30902612220112735,0.32154658331897445,0.4208505052656561,0.30877686978937047,0.37092329306049393,0.36944745888709374,0.3909035915467847,0.44354867171955487,0.23401087653544522,0.34002687280457217,0.4018774270466089,0.28663595068569336,0.4261387845081,0.0697321752383498,0.14555296394578687,0.3277226871103344,0.3670652041698728,0.5291518159944039,0.7649077012018046,0.2371779135325283,0.4019010061687342,-0.014884317288066957,0.9623716647989488
0.8997901164278047,0.39315563007738186,0.4843906819104379,0.3319401732062903,0.40234749023569777,0.3208395172546963,0.5764567306235995,0.23616581741476692,0.4219810376567914,0.3492245418401547,0.2831203110280477,0.46643615271277644,0.26822857712610293,0.3650018390350684,0.31377849412574865,0.3129138002001798,0.3538755401470382,0.30587681779333564,0.31809409139513384,0.29839163817054015,0.37992564166020765,0.35407540238329294,0.2146077237375699,0.342095216394268,0.29513898197303406,0.30420705228008166,0.3158981107646639,0.2549102652951961,0.3760459925116685,0.22776751431183354,0.33348981603897104,0.36046413025494545,0.36112317177794345,0.3369605713822399,0.15089168333188396,0.39342322178806743,0.25518107456673894,0.20972100788827783,0.31431114466629423,0.06989110538587229,0.23552223036204264,0.33529712481542684,0.2096239155761178,0.30448455643000494,0.6389607780107183,0.22989553155179984,0.24408367909839015,-0.02439188832624254,0.6151909926313825
0.658113566461394,0.43800738236432163,0.4133175608626552,0.31154145712531717,0.3898205132195246,0.368532575590947,0.23616581741476692,1.0505304541450597,0.19656113207843684,0.4125933124007334,0.43023085950449214,0.3364038544939286,0.3358025485905741,0.3715699806399982,0.34936631396996937,0.36682366508625525,0.38121313216877484,0.3678069882357267,0.3623618831309668,0.4048031765780236,0.26866514425998234,0.290073438288771,0.22496105551480916,0.31327204423933125,0.4331985049374237,0.31324113910389284,0.33238475667024064,0.2964989368443277,0.3311254760456201,0.3722127108625148,0.31104212379586244,0.32192108660148666,0.3156536005390697,0.33954067422064615,0.28037077323338366,0.33948584059727255,0.3946080452850711,0.2555133123344803,0.3283258256491871,0.08086414255869535,0.30106609345865903,0.26830477384780405,0.33407343708726384,0.40175105138363454,0.5158823101664513,0.24637825329170623,0.45382409777273236,-0.01700591184900287,0.8582527272303262
0.6421507823146039,0.350636669368888,0.49790957624404064,0.2679049300604871,0.3007835079812127,0.3344244820878543,0.4219810376567914,0.19656113207843684,0.7567429006023155,0.20466463327692636,0.27119627761491477,0.26922807677054134,0.24896595875082594,0.3581260646619008,0.2664726231101993,0.16354967517013133,0.33482427394126363,0.2441862978827705,0.27802793198789444,0.3299586452851847,0.37632369927071924,0.41411721197957346,0.17629710267002907,0.30987599936734217,0.2223767718646725,0.4161306816005598,0.27504392517045684,0.2392175989453116,0.31620430310457964,0.1878467256669689,0.3023752809448124,0.3354348007659758,0.3237744590328023,0.2901658608814134,0.1521645774914718,0.3441677226666121,0.22751562782222762,0.21949944203771501,0.3020009475545671,0.09519619462992883,0.24480002022981048,0.32125971324609137,0.2250664783832264,0.269021163637885,0.7722414570914288,0.2751948331088164,0.21822606854739895,-0.028156145217130155,0.18345583207628582
0.7133599723659847,0.5013363860018848,0.5959874905328877,0.2957453251262389,0.3888058217896748,0.30599629295315023,0.3492245418401547,0.4125933124007334,0.20466463327692636,1.037227535183067,0.22565126457474577,0.3443883894681907,0.293652156836612,0.30540511498809986,0.4623241414377046,0.3818233689734527,0.3272245891734879,0.41633372765617377,0.3330491200026929,0.27174584357273585,0.3335113525208261,0.27810669477320304,0.25135109854712284,0.32760312818078346,0.3496794163998414,0.24664783486141761,0.31646361631834413,0.2837326492072525,0.39219910623521653,0.2901645715679715,0.3688658011235846,0.31372745008720954,0.32257515263216796,0.4951443676110828,0.2589043288515416,0.41292119979806086,0.40579356629005986,0.2011240521940216,0.3359901511958532,0.03515628593751115,0.273675242142133,0.2910658622963651,0.2630608721285404,0.37763711592900984,0.5850371132345421,0.27838634084403213,0.36516537458869797,-0.02570150429348435,0.9171225019275647
0.5114142534949667,0.34081649347375076,0.4156263107220196,0.25802206541466693,0.30068052801705214,0.327324576188016,0.2831203110280477,0.43023085950449214,0.27119627761491477,0.22565126457474577,0.5130847251369207,0.3130943630664952,0.34645417791908767,0.3147281771574885,0.4710627248501141,0.2775655097744481,0.3520555443009248,0.26741513353472224,0.2801681117442626,0.34299387098125106,0.29701087859964403,0.27049426505497803,0.19545357898487659,0.292425625336558,0.32691667450171785,0.2994355857282626,0.2973676731041913,0.2538992217188383,0.3245638034996864,0.26860740094507035,0.2826428874012567,0.30097864629229626,0.29850302205647616,0.2790024638929177,0.20891046981738778,0.3260058253439729,0.27243192052656023,0.2192410232173407,0.27935259960676595,0.07264705137417288,0.26019348764880645,0.2938409790083225,0.22580640130644358,0.3217273709729214,0.4469277596191743,0.26252500001115514,0.2962200812285119,-0.02240502195711928,0.4299659930596445
0.7985939075899338,0.4623989547711617,0.5339278306852016,0.3380280640844847,0.4351265923472197,0.3064553536967263,0.46643615271277644,0.3364038544939286,0.26922807677054134,0.3443883894681907,0.3130943630664952,0.9610056283037393,0.25717988481563914,0.36093684231442164,0.33445267184545463,0.29310364086199814,0.35411507323927893,0.3949158199528308,0.33628212374158534,0.26555031998814654,0.356487503978347,0.277962866125546,0.253711367235259,0.35454491371901764,0.39238846744133926,0.21442352918314916,0.3721091864842238,0.2681299701137427,0.43735435242462656,0.2832337720351119,0.34379186359128283,0.3814356538545171,0.3700761954005666,0.3625381310019292,0.18008045281767462,0.48269392328602523,0.232183125293252,0.19412164908309096,0.30496222808573414,0.05830340507579972,0.25784851255880964,0.2865859753177157,0.21466118356798408,0.2808306555132425,0.5766510946697699,0.2538449861535009,0.34306953833671644,-0.02530062009997069,1.1954840228596368
0.4992820416886035,0.2843610690909953,0.36096748482901075,0.23917894431559888,0.2919712908805879,0.2768742920511493,0.26822857712610293,0.3358025485905741,0.24896595875082594,0.293652156836612,0.34645417791908767,0.25717988481563914,0.435684152455941,0.2800888811487958,0.21665055545854775,0.27570879016083927,0.2766295770733421,0.23778144949185073,0.27055280129254206,0.25700721463408677,0.24685859610176067,0.27596706709901014,0.12907314561884908,0.24748633789331284,0.2391828796707391,0.27244353296750246,0.2698967162400841,0.20828771395864226,0.2812666110111499,0.16882331461696534,0.242889182323023,0.28133096627125687,0.24724216431745413,0.2605576438404636,0.16672299506992622,0.2795103491345125,0.20130353702294593,0.1734161874901165,0.2303520365663015,0.06701266553952016,0.2021707475452283,0.23930091925933708,0.1774510749458,0.21802414298283684,0.3665961147382886,0.19756495204932548,0.2223392381133349,-0.016486355076666095,0.38709366841759674
0.9816651061112909,0.30490954870154496,0.3921760025095199,0.3340222464136017,0.3889798081783155,0.3790961324073729,0.3650018390350684,0.3715699806399982,0.3581260646619008,0.30540511498809986,0.3147281771574885,0.36093684231442164,0.2800888811487958,0.7071746680898475,0.42483404610922587,0.3750732387069904,0.3349587399408761,0.2832097210368038,0.3474636750006336,0.41470794920911896,0.37188004534120206,0.34534690669024554,0.2226723898626337,0.40170418692698695,0.35972988783117954,0.4573117129017077,0.3580361746004772,0.2888482736168019,0.36780913047507635,0.3445214105347487,0.366540491287225,0.5167864522535243,0.362045627905024,0.34335510641786093,0.22977048390514823,0.38474779979695956,0.246596221821258,0.27900383352777514,0.37967113589823265,0.10089335228217673,0.34864929122475097,0.3605481556073352,0.3155062708102132,0.3635927618226345,0.7221840552099634,0.268362130852263,0.3623086833993759,-0.023330149610336956,0.8179113078438385
0.5788724970134892,0.5628772989288834,0.6811588886762637,0.320472277287547,0.3908612391969554,0.3743898622741363,0.31377849412574865,0.34936631396996937,0.2664726231101993,0.4623241414377046,0.4710627248501141,0.33445267184545463,0.21665055545854775,0.42483404610922587,1.505647096986496,0.39287721948105836,0.4152461985727592,0.33346452589907755,0.33513124427064217,0.4198296330627865,0.41815723941694233,0.2430919603679188,0.4109592701361036,0.449753897634769,0.5612209868660083,0.29827130858706424,0.36889441788992966,0.37234533486506166,0.4534111856516099,0.6013552675434197,0.41785075311297853,0.3762001345012531,0.42967657826501215,0.4706874392766732,0.3415179793581387,0.4873826351931844,0.49056943154321897,0.285594227319552,0.41539104802112053,0.003593456217607529,0.44978478858921866,0.43345430672536894,0.31459445864636276,0.6436609367985275,0.5555626728631173,0.4668966911652072,0.485809665964425,-0.04083563516525279,0.9659301634933553
0.6200511516973604,0.29320705408614467,0.48713540748530504,0.28030302133478546,0.3722012747402411,0.3220920513417692,0.3129138002001798,0.36682366508625525,0.16354967517013133,0.3818233689734527,0.2775655097744481,0.29310364086199814,0.27570879016083927,0.3750732387069904,0.39287721948105836,1.504782960234921,0.4159078391279057,0.36188899129799335,0.37129784370539665,0.18382434336661713,0.2479793165044565,0.6610964230787905,0.5550289544480873,0.4056178660397346,0.5364177039394071,0.15301032852645982,0.4284839731663778,0.29683561275791426,0.38256399912334316,0.41177227871667277,0.3034587336354936,0.45059539347824895,0.3429194759353045,0.48302578038907534,0.2855442793741507,0.33862507266152747,0.36972083116767934,0.19685198922157568,0.4518589971486747,0.005452976549045436,0.3792839459859403,0.4473617791218337,0.3845696932425524,0.8526806055313232,0.12209134875007917,0.2284338143079321,0.39214281048988486,-0.017698336423014466,0.4925422722985334
0.5953164087449638,0.3916204887561497,0.5380534917969715,0.2749355301063843,0.30656888903871826,0.3785659901631551,0.3538755401470382,0.38121313216877484,0.33482427394126363,0.3272245891734879,0.3520555443009248,0.35411507323927893,0.2766295770733421,0.3349587399408761,0.4152461985727592,0.4159078391279057,0.7027937159971186,0.27783036928299065,0.3192864769995921,0.43042506517725354,0.3801342547547202,0.3925308404198818,0.22137288898029578,0.3643008839246775,0.36444752544114856,0.27153506109060205,0.33296503406444816,0.3814664966118275,0.3666353261552108,0.33073862304314544,0.3666135117809811,0.3383418060780035,0.40691037354309845,0.36750826829068606,0.33983802541839087,0.3746151278389361,0.4502794119313307,0.2787849245632411,0.35433738030030015,0.08716279361281161,0.27511612113285056,0.4201867937868264,0.3227415890063935,0.4793080841853514,0.6999477857144467,0.27340402240967027,0.34861685949977694,-0.028016765985741324,0.7210781834827901
0.5560788790867299,0.6505770458042842,0.5024835678954841,0.2851423917262158,0.3243585956928192,0.32585739308130973,0.30587681779333564,0.3678069882357267,0.2441862978827705,0.41633372765617377,0.26741513353472224,0.3949158199528308,0.23778144949185073,0.2832097210368038,0.33346452589907755,0.36188899129799335,0.27783036928299065,1.1834985602319108,0.2841313965699911,0.08335629580651273,0.42099686728293195,0.2913237332614526,0.5840278533726869,0.2956463695716234,0.42874694747570946,0.48895091833438253,0.21753318807182984,0.2061970262379031,0.5063378072747742,0.17819666231754458,0.4821657052100779,0.3112560895409825,0.3148386223754986,0.45715538829962604,0.15297049502106294,0.6642397754750964,0.2246004114595934,0.13125733530327782,0.484550377187361,0.20058596841506096,0.44306635238112263,0.1854489372122083,0.4192029805803625,0.3530021139361255,1.0994959297322844,0.3650307997256476,0.6346426751594576,-0.042913129453832306,0.8228286017919849
0.6042617954498478,0.3654208385490541,0.44368399332336517,0.3673102943118215,0.6021573272087347,0.48236317959884234,0.31809409139513384,0.3623618831309668,0.27802793198789444,0.3330491200026929,0.2801681117442626,0.33628212374158534,0.27055280129254206,0.3474636750006336,0.33513124427064217,0.37129784370539665,0.3192864769995921,0.2841313965699911,0.7921244570060517,0.2740296880026202,0.3351874939657598,0.3230715437573219,0.1479453672422394,0.3551246484760516,0.31562883856563945,0.24596479207681743,0.2620118510796096,0.309374218156057,0.3522516983081206,0.260952438862885,0.3587486904851828,0.33815552371820556,0.38522649415971955,0.3935337853782986,0.21954178317862985,0.29256528751643457,0.310277935074147,0.1985010257521497,0.38327205240612555,0.02985776758067908,0.18677417556053738,0.31704195946598207,0.22090201531047432,0.41509609068524916,0.45521834751802076,0.2361705380190346,0.289330467293397,-0.007255429707581898,0.7102981765174529
0.5334292772452411,0.5009362491254234,0.43766497505296936,0.2874459610715662,0.26782120542510524,0.47729187008732776,0.29839163817054015,0.4048031765780236,0.3299586452851847,0.27174584357273585,0.34299387098125106,0.26555031998814654,0.25700721463408677,0.41470794920911896,0.4198296330627865,0.18382434336661713,0.43042506517725354,0.08335629580651273,0.2740296880026202,1.505315009294484,0.31423490406297944,0.24667859041628548,0.044205934069545524,0.3851236749509969,0.31757835553989233,0.5042716124103742,0.450766492043933,0.4078693891121342,0.3459760852788136,0.5055542405684705,0.36660277195083335,0.36218181074034944,0.3144650275620682,0.3668191853831738,0.5031107706234969,0.3173515621303625,0.8708263376247112,0.6953213781307539,0.41248147279143876,0.3280513101138794,0.19370934614157542,0.4916863562809254,0.6710143456137714,0.29041299908185714,1.4002694016075323,0.20576333442180497,0.2698286276072031,0.01231930376322005,1.153611183521688
0.6768011859742437,0.5620773807029716,0.5532284134918215,0.2980348084503913,0.32507467830907427,0.4086152501679891,0.37992564166020765,0.26866514425998234,0.37632369927071924,0.3335113525208261,0.29701087859964403,0.356487503978347,0.24685859610176067,0.37188004534120206,0.41815723941694233,0.2479793165044565,0.3801342547547202,0.42099686728293195,0.3351874939657598,0.31423490406297944,0.8012920229954507,0.28964616296775364,0.2566951609449176,0.3452567047904666,0.3192167332782933,0.3796180387058385,0.28735373985795104,0.36879474146217284,0.4839712424521945,0.34271761690614566,0.46485374228555776,0.3765853315851362,0.347837346268023,0.39681576777368854,0.4050893015934493,0.5520392641184383,0.2585754363096017,0.23772519173973075,0.5696080452607893,0.2640274145338545,0.47704770088910486,0.35481552915806747,0.29001897619679734,0.3864152302889445,1.3837975689412503,0.3263388184736756,0.41937932934697114,-0.043096891391443744,0.8638801663288321
0.6061075735960014,0.280674422308965,0.45264388845629766,0.2618693547049502,0.3159620144726317,0.34781707130254197,0.35407540238329294,0.290073438288771,0.41411721197957346,0.27810669477320304,0.27049426505497803,0.277962866125546,0.27596706709901014,0.34534690669024554,0.2430919603679188,0.6610964230787905,0.3925308404198818,0.2913237332614526,0.3230715437573219,0.24667859041628548,0.28964616296775364,0.7966605107577811,0.3630141519017346,0.3225635907630956,0.3408411857262552,0.26291914396259325,0.31680112622977336,0.24414925181864744,0.35896754595383523,0.24494534955057898,0.27357562470278923,0.3836698138577966,0.285875877239194,0.3825453839045353,0.2229164602734102,0.32239596170173174,0.25539302663310476,0.19947376432890127,0.36260094251524866,0.05418575643669341,0.27004774496183903,0.35208523720316837,0.3152455028343648,0.5210272661288939,0.37563373596843536,0.2196075301375422,0.277107558547668,-0.014028525450876825,0.35958516740842433
0.32969945918410953,0.28244135597206954,0.4056383444348796,0.18689056275160265,0.17701381510247222,0.26070504831877045,0.2146077237375699,0.22496105551480916,0.17629710267002907,0.25135109854712284,0.19545357898487659,0.253711367235259,0.12907314561884908,0.2226723898626337,0.4109592701361036,0.5550289544480873,0.22137288898029578,0.5840278533726869,0.1479453672422394,0.044205934069545524,0.2566951609449176,0.3630141519017346,1.6378555717888175,0.4048930102054789,0.6208540110454149,0.005091457930315492,0.1863771584044904,0.0026603462817177824,0.531203464905903,0.6072801677501992,0.18544421432684413,0.24186378117470186,0.2712653455791301,0.5667983981604403,-0.10551690871023241,0.75246077437607,0.2957507015225764,0.10011285250124409,0.5914360137258489,-0.07138628002230706,0.5599066157935265,0.16542489162758847,0.4874272852816329,1.2812851653808233,0.16287872171837267,0.29005243393609237,0.5414043001806438,0.003062109217270645,0.607546621837109
0.6252517524590014,0.33169531589980655,0.4717994475718895,0.3077558631475411,0.3425892161971619,0.40479894225558605,0.342095216394268,0.31327204423933125,0.30987599936734217,0.32760312818078346,0.292425625336558,0.35454491371901764,0.24748633789331284,0.40170418692698695,0.449753897634769,0.4056178660397346,0.3643008839246775,0.2956463695716234,0.3551246484760516,0.3851236749509969,0.3452567047904666,0.3225635907630956,0.4048930102054789,0.9541721905173495,0.3810673854375214,0.11028937940389952,0.32481178947992234,0.5958398963514232,0.3965623936135245,0.8227699563755794,0.46197580689367596,0.4162623788765875,0.8742528405775437,0.5259446519087595,0.39947858330818814,0.49442537883241044,0.6412929281922181,0.27971459517458513,0.32967462714809215,-0.11471476883758296,0.22029123233987116,0.37678368448336974,0.3839391353398789,0.9169569127695931,0.3199621615353415,0.3077898628962712,0.5738832946114962,-0.04474185886365055,1.3436186226892448
0.5963882345811178,0.4606034810304694,0.5034745879214486,0.2799730826757317,0.334966417697968,0.34442396563481653,0.29513898197303406,0.4331985049374237,0.2223767718646725,0.3496794163998414,0.32691667450171785,0.39238846744133926,0.2391828796707391,0.35972988783117954,0.5612209868660083,0.5364177039394071,0.36444752544114856,0.42874694747570946,0.31562883856563945,0.31757835553989233,0.3192167332782933,0.3408411857262552,0.6208540110454149,0.3810673854375214,1.2856271840448121,0.17219455159253644,0.3055817410278344,0.25944246142388017,0.580973221262474,0.5362590726297689,0.3227433681274911,0.3415904940394811,0.32226346767307523,0.49213156381283807,0.2575775703505556,0.4890558584890107,0.43735351624853525,0.23441317427141864,0.43317071678143854,0.02599620213111788,0.423429906451768,0.31636588529982634,0.3889912111187947,0.705651029810636,0.40803331250445973,0.38044307236924374,0.4840320530650195,-0.03920109382850038,0.8595831458759237
0.5695095474378449,0.3997946574320498,0.42867958751700624,0.292725413628181,0.3212754260652914,0.3506493261643846,0.30420705228008166,0.31324113910389284,0.4161306816005598,0.24664783486141761,0.2994355857282626,0.21442352918314916,0.27244353296750246,0.4573117129017077,0.29827130858706424,0.15301032852645982,0.27153506109060205,0.48895091833438253,0.24596479207681743,0.5042716124103742,0.3796180387058385,0.26291914396259325,0.005091457930315492,0.11028937940389952,0.17219455159253644,2.5555416594856517,0.38610505007813106,0.07735098360166671,-0.05124293249872587,-0.5728592687028738,0.31184810140795555,0.5238581485199376,0.04835522243193165,0.1417776307938556,0.11733069884284546,0.2681283639184412,-0.7508070608987714,0.23379209475610846,0.5212843498632089,0.44863776053811516,0.7094221219352475,0.5254173602649228,0.31828560186146665,-0.18942160639819575,2.0814512029787844,0.17355388950869896,-0.007462671064929711,-0.011326052455630961,-0.17663872505542072
0.6022764340030303,0.4884660310329242,0.5249370127839734,0.2472033289289883,0.26372716846271077,0.30902612220112735,0.3158981107646639,0.33238475667024064,0.27504392517045684,0.31646361631834413,0.2973676731041913,0.3721091864842238,0.2698967162400841,0.3580361746004772,0.36889441788992966,0.4284839731663778,0.33296503406444816,0.21753318807182984,0.2620118510796096,0.450766492043933,0.28735373985795104,0.31680112622977336,0.1863771584044904,0.32481178947992234,0.3055817410278344,0.38610505007813106,1.0688614199750452,0.26961281057412473,0.2847024969725296,0.20041929760101762,0.2960064414117834,0.37792998021335655,0.3727216943229559,0.2946879203414037,0.19074814111100027,0.4624932067745461,0.31692705302188745,0.26850494826781973,0.23024228347644712,0.07180888255056447,0.34243073408575025,0.352680136647236,0.22549033138315833,0.193841339355039,0.7075788480850371,0.2576150505933749,0.21211350591026737,-0.01935250581382387,0.49430505421280424
0.4648802555256759,0.350160829499156,0.4160915610483207,0.22936514418312023,0.2629976790480087,0.32154658331897445,0.2549102652951961,0.2964989368443277,0.2392175989453116,0.2837326492072525,0.2538992217188383,0.2681299701137427,0.20828771395864226,0.2888482736168019,0.37234533486506166,0.29683561275791426,0.3814664966118275,0.2061970262379031,0.309374218156057,0.4078693891121342,0.36879474146217284,0.24414925181864744,0.0026603462817177824,0.5958398963514232,0.25944246142388017,0.07735098360166671,0.26961281057412473,1.2700340156671803,-0.0226937044399983,0.7146453172998914,0.5240861717739418,0.2593637122512831,1.0366955393829347,0.2716796989544693,1.1739052879054797,0.3594280460169516,0.8033902079495391,0.27359901274888354,0.33029814339394525,0.03171904184331028,0.20583263082427491,0.30431144280269706,0.3297866072416581,1.3016993641601693,0.2571913928618335,0.2717484021249728,0.47006738846420487,-0.04603127995076369,1.5267465762836954
0.6684610160488886,0.7087054235042133,0.584393948984018,0.322820331247469,0.3622640213788702,0.4208505052656561,0.3760459925116685,0.3311254760456201,0.31620430310457964,0.39219910623521653,0.3245638034996864,0.43735435242462656,0.2812666110111499,0.36780913047507635,0.4534111856516099,0.38256399912334316,0.3666353261552108,0.5063378072747742,0.3522516983081206,0.3459760852788136,0.4839712424521945,0.35896754595383523,0.531203464905903,0.3965623936135245,0.580973221262474,-0.05124293249872587,0.2847024969725296,-0.0226937044399983,2.9013138868642026,0.27883702996557785,0.31492065666056523,0.39143449784903367,0.01066735801399485,0.9699068116634271,0.03363271035166013,1.1071859978330565,-0.04747202590448949,0.0970002386104339,0.5253955279194473,0.31730285299094807,0.7282630831085706,0.14602884266465518,0.23552366125968327,-0.4608922986023316,0.6376374035462428,0.5367269525037694,0.35139561531171526,-0.09529498612892624,0.6820470006768575
0.5470758967539632,0.23314177831872396,0.11839060496667275,0.1966468636854753,0.14956740917956785,0.30877686978937047,0.22776751431183354,0.3722127108625148,0.1878467256669689,0.2901645715679715,0.26860740094507035,0.2832337720351119,0.16882331461696534,0.3445214105347487,0.6013552675434197,0.41177227871667277,0.33073862304314544,0.17819666231754458,0.260952438862885,0.5055542405684705,0.34271761690614566,0.24494534955057898,0.6072801677501992,0.8227699563755794,0.5362590726297689,-0.5728592687028738,0.20041929760101762,0.7146453172998914,0.27883702996557785,3.2457434377040664,0.36960024505436173,0.2565179780427914,0.5096610699055232,0.1953940731355995,0.9880124216112786,0.5034935411220673,1.1806598977916367,0.44272067914630026,0.6215825607379334,-0.08660194456505638,0.9914315090891868,0.32467025698587476,1.0680826335930431,1.4682136434364133,0.49628883497217835,0.5577110254468904,1.6253806256877517,-0.06228357612229034,2.5098478269213116
0.6400119617857761,0.47881193809745165,0.4975611190316962,0.2989059997152574,0.3762189858650319,0.37092329306049393,0.33348981603897104,0.31104212379586244,0.3023752809448124,0.3688658011235846,0.2826428874012567,0.34379186359128283,0.242889182323023,0.366540491287225,0.41785075311297853,0.3034587336354936,0.3666135117809811,0.4821657052100779,0.3587486904851828,0.36660277195083335,0.46485374228555776,0.27357562470278923,0.18544421432684413,0.46197580689367596,0.3227433681274911,0.31184810140795555,0.2960064414117834,0.5240861717739418,0.31492065666056523,0.36960024505436173,1.2872679653097059,0.3793279188785518,0.5683981483661604,0.5169492349014124,0.49460055090081295,0.693272517994384,0.40285576365963055,0.34866109427697217,0.5111464496183857,0.136325764306228,0.19116337654710652,0.36167742575969036,0.23189239068134865,0.4569339052749589,0.9942784911309903,0.3430761311144428,0.44967116495131343,-0.03606206325728792,1.2741142227001538
0.771665037464147,0.3370778670533086,0.4344441318020549,0.3163722871764857,0.3764664676628903,0.36944745888709374,0.36046413025494545,0.32192108660148666,0.3354348007659758,0.31372745008720954,0.30097864629229626,0.3814356538545171,0.28133096627125687,0.5167864522535243,0.3762001345012531,0.45059539347824895,0.3383418060780035,0.3112560895409825,0.33815552371820556,0.36218181074034944,0.3765853315851362,0.3836698138577966,0.24186378117470186,0.4162623788765875,0.3415904940394811,0.5238581485199376,0.37792998021335655,0.2593637122512831,0.39143449784903367,0.2565179780427914,0.3793279188785518,0.6484670402947353,0.3279155107904477,0.42219831422440735,0.20466089391794284,0.4077832660805054,0.12185070328402293,0.2615822304510935,0.41324781668855004,0.09378356997426301,0.35632796918153486,0.38033428420688387,0.2812595290788944,0.3299226749249956,0.7362952724988722,0.2522573614071114,0.3183983827822781,-0.023985180103665592,0.7595317696675018
0.7135089225890718,0.42920305733790837,0.6038234994858556,0.28565351218784846,0.35165282312930324,0.3909035915467847,0.36112317177794345,0.3156536005390697,0.3237744590328023,0.32257515263216796,0.29850302205647616,0.3700761954005666,0.24724216431745413,0.362045627905024,0.42967657826501215,0.3429194759353045,0.40691037354309845,0.3148386223754986,0.38522649415971955,0.3144650275620682,0.347837346268023,0.285875877239194,0.2712653455791301,0.8742528405775437,0.32226346767307523,0.04835522243193165,0.3727216943229559,1.0366955393829347,0.01066735801399485,0.5096610699055232,0.5683981483661604,0.3279155107904477,2.355308271770872,0.06735280923447251,-0.14531720594318318,0.284436620583775,0.9591145475346536,0.2567424037123426,-0.011003861969576803,-0.43849987553138037,-0.4711816706062458,0.4994413649710452,0.15620889345368622,1.479227940672468,-0.2567270122931317,0.33761276765515125,0.4937561282670255,-0.08919360970131592,1.653853862685433
0.30856951456738435,0.48782552469077056,0.613628418752551,0.37471659789095624,0.42945165684402664,0.44354867171955487,0.3369605713822399,0.33954067422064615,0.2901658608814134,0.4951443676110828,0.2790024638929177,0.3625381310019292,0.2605576438404636,0.34335510641786093,0.4706874392766732,0.48302578038907534,0.36750826829068606,0.45715538829962604,0.3935337853782986,0.3668191853831738,0.39681576777368854,0.3825453839045353,0.5667983981604403,0.5259446519087595,0.49213156381283807,0.1417776307938556,0.2946879203414037,0.2716796989544693,0.9699068116634271,0.1953940731355995,0.5169492349014124,0.42219831422440735,0.06735280923447251,2.0705781696768426,0.5327946069879956,0.6515150146248891,0.697650517570908,0.18665806640310276,0.769964528596099,0.004097284791417181,0.307895518713554,0.30778809166763654,0.5647052190074424,0.5688373640005673,0.7337542481381769,-0.022901295499671844,0.3193554326719121,0.023556058146758485,0.8725492212606812
0.2348367886930113,0.2734707830010945,0.18702779864510044,0.18020288930230863,0.1835298056900388,0.23401087653544522,0.15089168333188396,0.28037077323338366,0.1521645774914718,0.2589043288515416,0.20891046981738778,0.18008045281767462,0.16672299506992622,0.22977048390514823,0.3415179793581387,0.2855442793741507,0.33983802541839087,0.15297049502106294,0.21954178317862985,0.5031107706234969,0.4050893015934493,0.2229164602734102,-0.10551690871023241,0.39947858330818814,0.2575775703505556,0.11733069884284546,0.19074814111100027,1.1739052879054797,0.03363271035166013,0.9880124216112786,0.49460055090081295,0.20466089391794284,-0.14531720594318318,0.5327946069879956,2.802903170994132,0.32111781734188255,0.6949375209113882,0.2897642001396592,0.6870764711508349,0.6166267970640339,0.7659640466450788,0.16055253219040058,0.5123651432838122,1.0419491942879102,0.7433117924807088,0.278633669224989,0.5293027176752982,-0.016806731946060364,1.6570212420616088
0.6931806458824905,0.6308133509641788,0.6061222455049043,0.31096408816369925,0.34032349666175754,0.34002687280457217,0.39342322178806743,0.33948584059727255,0.3441677226666121,0.41292119979806086,0.3260058253439729,0.48269392328602523,0.2795103491345125,0.38474779979695956,0.4873826351931844,0.33862507266152747,0.3746151278389361,0.6642397754750964,0.29256528751643457,0.3173515621303625,0.5520392641184383,0.32239596170173174,0.75246077437607,0.49442537883241044,0.4890558584890107,0.2681283639184412,0.4624932067745461,0.3594280460169516,1.1071859978330565,0.5034935411220673,0.693272517994384,0.4077832660805054,0.284436620583775,0.6515150146248891,0.32111781734188255,3.1135114970373694,0.23133580857902925,0.235360846352451,0.0286236153501152,0.7009668818368612,0.4907545539550736,0.2798245492890912,0.04445119577486326,-1.052670213713158,1.9383342775464243,0.7929097085300044,0.5519551840267988,-0.056180272883530814,1.1175067922069648
0.3806259745166914,0.7453287816325931,0.6100669201492576,0.2546160469545615,0.28698881514024305,0.4018774270466089,0.25518107456673894,0.3946080452850711,0.22751562782222762,0.40579356629005986,0.27243192052656023,0.232183125293252,0.20130353702294593,0.246596221821258,0.49056943154321897,0.36972083116767934,0.4502794119313307,0.2246004114595934,0.310277935074147,0.8708263376247112,0.2585754363096017,0.25539302663310476,0.2957507015225764,0.6412929281922181,0.43735351624853525,-0.7508070608987714,0.31692705302188745,0.8033902079495391,-0.04747202590448949,1.1806598977916367,0.40285576365963055,0.12185070328402293,0.9591145475346536,0.697650517570908,0.6949375209113882,0.23133580857902925,4.011862220501283,0.7462867741008252,-0.2676796491610599,-0.30983442193935196,-0.34539202584070844,0.41672406871611883,0.7769573095251008,1.241722055411507,0.3890169383829218,0.25584660533996434,0.6929081732691377,0.012105836448901794,2.163524413770836
0.4122231258829508,0.33630069359825243,0.3386507745742396,0.18796816368509614,0.19641598397954488,0.28663595068569336,0.20972100788827783,0.2555133123344803,0.21949944203771501,0.2011240521940216,0.2192410232173407,0.19412164908309096,0.1734161874901165,0.27900383352777514,0.285594227319552,0.19685198922157568,0.2787849245632411,0.13125733530327782,0.1985010257521497,0.6953213781307539,0.23772519173973075,0.19947376432890127,0.10011285250124409,0.27971459517458513,0.23441317427141864,0.23379209475610846,0.26850494826781973,0.27359901274888354,0.0970002386104339,0.44272067914630026,0.34866109427697217,0.2615822304510935,0.2567424037123426,0.18665806640310276,0.2897642001396592,0.235360846352451,0.7462867741008252,1.0287838220126444,0.13622312447947038,0.1090095583266205,0.13774986011914656,0.33660859620411493,0.5770132437335624,0.2931219141771203,0.6377936345428062,0.20472985514916672,0.28358880131112685,-0.011434760973760765,0.7270536453708607
0.5216105544900376,0.3464196028502133,0.3472075261118647,0.31135074310825533,0.34585788014692853,0.4261387845081,0.31431114466629423,0.3283258256491871,0.3020009475545671,0.3359901511958532,0.27935259960676595,0.30496222808573414,0.2303520365663015,0.37967113589823265,0.41539104802112053,0.4518589971486747,0.35433738030030015,0.484550377187361,0.38327205240612555,0.41248147279143876,0.5696080452607893,0.36260094251524866,0.5914360137258489,0.32967462714809215,0.43317071678143854,0.5212843498632089,0.23024228347644712,0.33029814339394525,0.5253955279194473,0.6215825607379334,0.5111464496183857,0.41324781668855004,-0.011003861969576803,0.769964528596099,0.6870764711508349,0.0286236153501152,-0.2676796491610599,0.13622312447947038,3.1615208337863874,0.7255474006867875,1.0913736836362806,0.3024586876927443,0.3951334202879875,1.3502031082390669,1.9616926465122744,0.09744990965834216,0.5674793955268538,-0.00142293024689342,0.8147892614696172
0.13281748035268115,0.035504006960054346,-0.3533285472293918,0.08236465707570327,0.07146133272435574,0.0697321752383498,0.06989110538587229,0.08086414255869535,0.09519619462992883,0.03515628593751115,0.07264705137417288,0.05830340507579972,0.06701266553952016,0.10089335228217673,0.003593456217607529,0.005452976549045436,0.08716279361281161,0.20058596841506096,0.02985776758067908,0.3280513101138794,0.2640274145338545,0.05418575643669341,-0.07138628002230706,-0.11471476883758296,0.02599620213111788,0.44863776053811516,0.07180888255056447,0.03171904184331028,0.31730285299094807,-0.08660194456505638,0.136325764306228,0.09378356997426301,-0.43849987553138037,0.004097284791417181,0.6166267970640339,0.7009668818368612,-0.30983442193935196,0.1090095583266205,0.7255474006867875,2.5128928975803677,0.283966679920424,0.0026861257727537596,0.12396338808084267,-0.9552744398113446,1.9846054574304273,0.5289766419823593,0.06367313926014288,-0.03335151865986085,-0.20696483294373574
0.5071996549378438,0.3827159348627271,0.33683915762525896,0.19730621976024598,0.19748010664124252,0.14555296394578687,0.23552223036204264,0.30106609345865903,0.24480002022981048,0.273675242142133,0.26019348764880645,0.25784851255880964,0.2021707475452283,0.34864929122475097,0.44978478858921866,0.3792839459859403,0.27511612113285056,0.44306635238112263,0.18677417556053738,0.19370934614157542,0.47704770088910486,0.27004774496183903,0.5599066157935265,0.22029123233987116,0.423429906451768,0.7094221219352475,0.34243073408575025,0.20583263082427491,0.7282630831085706,0.9914315090891868,0.19116337654710652,0.35632796918153486,-0.4711816706062458,0.307895518713554,0.7659640466450788,0.4907545539550736,-0.34539202584070844,0.13774986011914656,1.0913736836362806,0.283966679920424,3.399817690399512,0.12930979825299335,0.2894852804665495,0.7839351059645479,1.2684398701647266,0.6567411801357227,0.8346865783140942,-0.07745119632118906,0.19753686578633975
0.5883611943289425,0.359461991349842,0.49213529465367856,0.2766612974575621,0.3449470440019875,0.3277226871103344,0.33529712481542684,0.26830477384780405,0.32125971324609137,0.2910658622963651,0.2938409790083225,0.2865859753177157,0.23930091925933708,0.3605481556073352,0.43345430672536894,0.4473617791218337,0.4201867937868264,0.1854489372122083,0.31704195946598207,0.4916863562809254,0.35481552915806747,0.35208523720316837,0.16542489162758847,0.37678368448336974,0.31636588529982634,0.5254173602649228,0.352680136647236,0.30431144280269706,0.14602884266465518,0.32467025698587476,0.36167742575969036,0.38033428420688387,0.4994413649710452,0.30778809166763654,0.16055253219040058,0.2798245492890912,0.41672406871611883,0.33660859620411493,0.3024586876927443,0.0026861257727537596,0.12930979825299335,1.6360357100270542,0.4124261941177304,0.3498108638733022,1.213120220303932,0.22629913375101576,0.32545180164636967,-0.027372292057253493,0.1610658145913539
