0.7743998257362805,0.268228570973778,0.5880206696293627,0.01604223250197794,0.23299412760230084,0.23571585461023076,0.23755388437469147,0.24023092209396227,0.21295824974323344,0.18924931189929853,0.2063876792153414,0.20809233415236922,0.20132825189284198,0.21906531985339636,0.17976071735828794,0.1884089763337422,0.16481807150159145,0.17962558838378567,0.18839557895328435,0.1316029886034024,0.16049222483965708,0.21156252789368374,0.18290017803677056,0.15767059349202397,0.20439864770090846,0.18825406848095283,0.18184555778227765,0.09263423071511687,0.15580507959608728,0.17163679830346695,0.15410304980361325,0.20017394467848715,0.15844809839276464,0.09404651600944897,0.14999299132551924,0.19247344937153277,0.1927591631706653,0.17362808003207966,0.23425290184925945,0.13022342604181103,0.09904102940152062,0.15524015590688467,0.22777123013339115,0.05280665865995888,0.09182237306904584,0.28845674746788164,0.19286814322586324,0.06098075492562233,0.2861183389904638,0.024822244079519433,-0.022929519053577697,-0.07591572361668461,0.05539279167647632,0.008760495976687651,0.04761652717410659,0.008441219018859102,0.06326697029144907,-0.02676198541849703,-0.14553145264760756
0.268228570973778,1.9876381959250646,1.302273588083624,0.009796191188811457,0.08796849575043875,0.41051669886944714,0.2048552631596477,0.3432719971661223,0.2970982704435254,0.24124461349497447,0.3190665090038831,0.24062661001649205,0.29674702137062475,0.1394480308069447,0.325853884198366,0.1705642095868321,0.3231881699096502,0.22497574754878888,0.2202379168771082,0.4729425823734391,0.25220276115580614,0.24348306429268798,0.042312068563940035,0.1407034556070591,0.19486375936848715,0.30503278595841504,0.27763791826846607,0.15870138943900255,0.3363049547389978,0.21682813419012084,0.2422529699451075,0.15747696104380948,0.2602863367435449,0.31964300847358723,0.19483082544452016,0.3412756735649391,0.5781587386529343,0.20875189355726778,0.28917701834824244,0.27300304858349866,0.1678682462673719,0.24771719120580368,0.36149097278504705,0.03299976639477976,0.21248398070876098,0.3964798608150821,0.23196005764865368,0.09030867046880603,0.27022176548382876,-0.05038656813176287,0.24134900810348364,0.042110444817139846,-0.007162971645619354,-0.1765926552842306,-0.3636835144404931,-0.06912121868185779,-0.3274264425719841,0.39718723695750613,0.03520271117459671
0.5880206696293627,1.302273588083624,4.622025344183712,0.23405143289628527,0.16149486064226387,0.7136382977171728,0.34427959768559213,0.6022338490036669,0.6080217347134904,0.6887423589960571,0.6946726082823487,0.5801369814735029,0.5510245023447603,0.4166272771627465,0.5414873692360588,0.41604704676744164,0.5520291157384936,0.3848866715302794,0.5061979562365315,0.4713031830183846,0.43749988514070776,0.5116319116591669,0.4208234721877561,0.5603387022141669,0.49752172118274185,0.42988731340967845,0.5138929205717275,0.5153497106903724,0.5683846123719886,0.2492097299031956,0.4626355370089212,0.4425160557086785,0.281680512902722,0.6132605496023023,0.35784990406531386,0.8661327486430804,0.5835930463426374,-0.051966433390185134,0.6350748276011475,0.34208190214336004,0.24638277505958184,0.440368771054575,0.4095769366255521,-0.12101449618262969,-0.04759376116835631,0.7669424553939801,0.3571183056772868,0.09749599413534361,0.6096267313289718,0.05915356122041177,0.11773147478008386,0.020485971293794758,0.030443792962389464,-0.191471242243231,0.25042455906349276,0.17613333724404256,0.3691557921277803,-0.39545119824992814,-0.5185668822553823
0.01604223250197794,0.009796191188811457,0.23405143289628527,2.0063751318460192,0.5598159519186772,0.7083416830985958,0.5485641986504329,0.7086446186749816,0.5003127142557457,0.513449500116505,0.49480052726195983,0.526548158913701,0.5625972956858935,0.6155855363386017,0.381752672368683,0.5523507773596056,0.4958512554727782,0.5629740771461876,0.4980408100526178,0.27605051079401444,0.4397714774807302,0.5587917016132525,0.5528049988870006,0.5429631954445103,0.49668255962397334,0.48271504928628345,0.43290417021911665,0.3573529722549027,0.3393781552360289,0.33899924062981723,0.5293992596188475,0.5779143068403705,0.42572306275503896,0.6409350532624808,0.3238334041625177,0.6386593432177032,0.6058841711942711,0.6169658299266582,0.5812036734608359,0.15696222913352453,0.1794777220856738,0.42246884981094524,0.5368926863742803,0.6018775373437061,0.2064788844038764,0.5062033429856655,0.4946596985519803,0.11600867121297798,0.08923789443373498,0.31003173952382784,-0.1762609221830279,0.10693506138360215,2.4701008411676974e-5,-0.2559329030865292,-0.13938638486892954,0.012596431741137145,0.27596267361453547,-0.06066012250049947,-0.2575050960207091
0.23299412760230084,0.08796849575043875,0.16149486064226387,0.5598159519186772,1.3409801392007545,0.3131432103092289,0.3778055857975126,0.4582625676839978,0.214973177334285,0.3324519676228924,0.27245450948393246,0.3193228003130031,0.3130251576578577,0.2801094532319373,0.3512096533242308,0.3325182423970312,0.2511095826925559,0.314027585543117,0.5691836911351139,0.14290053138751801,0.27320351183967234,0.25990929535524415,0.2869767098754337,0.22955638071699036,0.2789779394920329,0.22588373393704583,0.23141808704476885,0.09607494888170047,0.260686156024921,0.009158370585178688,0.21790545962698793,0.2782754540814535,0.2458543963992409,0.3681705596339768,0.06415718130717517,0.39323832997328023,0.4541303079257062,0.12704157759708315,0.32045776758505057,0.14896388309515496,0.07898543555740835,0.262896924320307,0.1748224911717003,0.12397125279814368,-0.029595623624339006,0.34111639297500757,0.19051571760687144,0.0969554641322292,0.076640280249502,0.12221446718180776,-0.1152027645854512,-0.27115046839476264,0.06420147977496861,0.13987869335095496,-0.09929684739833047,-0.07532695619033579,0.028439762790168247,0.092940853925031,-0.05307154789408476
0.23571585461023076,0.41051669886944714,0.7136382977171728,0.7083416830985958,0.3131432103092289,1.2400701802204517,0.34859182446716375,0.875144518706863,0.5341971737672431,0.38014986701084486,0.514171412322748,0.42685645600373917,0.4406836864012617,0.43214704389094694,0.5182183568017968,0.42880333367608364,0.5208785096654688,0.47498637774958746,0.655743091968931,0.36914404600568984,0.40006540697910314,0.48303469813506733,0.41359172694646706,0.4350773147670261,0.5086691824841079,0.48014303867889174,0.42902817939240323,0.34712922745746816,0.4924539515809295,0.20432393490727255,0.43102051617914294,0.45235466909671396,0.2809099297957926,0.6538474248223514,0.30410016635699455,0.46145420827524036,0.6582822055250274,0.4730547889238163,0.5748579040997593,0.23367090642655858,0.0354795041155436,0.3856415648810955,0.512871871490502,0.3787765100327919,0.3038077073034807,0.42486915805345804,0.37415482289914864,0.10912209959921881,0.2441786285092295,0.3080180338723634,-0.30556424602271415,0.11405381585918697,-0.055439023554688965,-0.11790612737206832,-0.1855523414213637,0.04436124017219506,0.22135960317639955,0.17696398735435462,-0.47787800547685555
0.23755388437469147,0.2048552631596477,0.34427959768559213,0.5485641986504329,0.3778055857975126,0.34859182446716375,0.591865898559072,0.318873810385441,0.40557261271813266,0.25651548091356724,0.30571955770826154,0.3969952814899287,0.2624937983022726,0.17506406218364537,0.22565013816009172,0.2549463441542368,0.31038342369808425,0.33834873920681957,0.3096058702530444,0.20729430457688863,0.23975260550945118,0.31926164505460214,0.3277283396429381,0.27184706080462556,0.28137542692654965,0.2833572945452757,0.25637326140648253,0.15695890934840823,0.23147228102135844,0.1281896136559638,0.27286365933117446,0.22238918893195384,0.2448098654969913,0.33140730162858967,0.222129528146443,0.3626321203539579,0.3665394731809054,0.25222646272534116,0.35184075093663314,0.1338190597113374,0.06821883750779924,0.2301245929251045,0.3056011938946072,0.1483686665527719,0.10765777291907624,0.34151571677803183,0.24996135348778536,0.06388118978314422,0.16060157585173912,0.12875938438068577,-0.09516467705773303,0.10518512873730074,-0.1062318470435062,-0.08672129021820339,-0.028089535099057362,0.06306328369093726,-0.043439673676647736,0.011552582096569307,-0.21835959801350943
0.24023092209396227,0.3432719971661223,0.6022338490036669,0.7086446186749816,0.4582625676839978,0.875144518706863,0.318873810385441,1.4152364305175675,0.3049613523534838,0.5462164133736029,0.41130894552517777,0.15969730476987815,0.46976384867098375,0.4214290185596877,0.5075465093736387,0.43486890777150367,0.504171488540271,0.5110777381835688,0.5894356964492145,0.2936598354096088,0.41023122833418413,0.43886677322295853,0.45024822445428436,0.396433834802649,0.49515747542348404,0.42785859299881557,0.37275831834348927,0.1876090680123094,0.3745316103867944,0.31742308228080585,0.4167232463619141,0.37790000840965515,0.35842642522227836,0.5618707550932254,0.32826971682228856,0.4439548153440115,0.6578835730876704,0.4370648388066179,0.6532176687937558,0.25523220073426806,0.07315906373909856,0.39274384451439825,0.5130217820031621,0.3866704104146953,0.31530722251496673,0.40205821382564727,0.4617388091137865,0.09773752090367996,0.20590755826658447,0.4037000141024151,-0.1461097222951269,-0.1349155915652587,0.1657631507433947,-0.2558844997935644,-0.24658270856521683,0.04012629179924043,0.14778648961294186,0.1850411118640296,-0.441633122600618
0.21295824974323344,0.2970982704435254,0.6080217347134904,0.5003127142557457,0.214973177334285,0.5341971737672431,0.40557261271813266,0.3049613523534838,1.203333378388749,0.14213693287659115,0.34638614046631083,0.32232320733918457,0.3347008470462581,0.268629542790454,0.23435153108300436,0.2567889291131011,0.3916191164584872,0.40758579073829626,0.33278203251858696,0.35850514980540665,0.37516734859777506,0.5998340283457267,0.425042463035782,0.48046312699586924,0.3284912063886292,0.48918520276704425,0.3270138380072525,0.37360847124523194,0.26144493330330426,0.2650143063784424,0.5203608202541187,0.3388299597957418,0.35687585214949635,0.44768466510648575,0.41996757298048404,0.3942499153608591,0.4959233388849195,0.4688880719757718,0.45953526165941877,0.18492254489783508,0.1504277356673188,0.35687125382220736,0.5038988925043385,0.2073930718794437,0.23183345416353657,0.5419292384700052,0.36647034385371585,0.07170299362771652,0.5774914957773948,0.2793682694418153,-0.17029811621006197,0.1390098233403925,-0.09822876024062312,-0.1701800289747213,0.11960064737759551,0.13885110069855164,0.23312969006289339,-0.235316954262471,-0.32552758929831527
0.18924931189929853,0.24124461349497447,0.6887423589960571,0.513449500116505,0.3324519676228924,0.38014986701084486,0.25651548091356724,0.5462164133736029,0.14213693287659115,0.9449673523710677,0.3743084813096693,0.3107351869937561,0.4260338444895511,0.3249775961303195,0.3773676601024896,0.35818170652557874,0.36356602917879854,0.40600839176567816,0.3085524903017652,0.1272530265103258,0.25514707217872407,0.314232322517609,0.4690509062962792,0.4117664556818007,0.3773559160342216,0.2528191916214143,0.31415203124588637,0.29669052551922476,0.3049398851739158,0.32113629282808065,0.31569085149140763,0.3124802836904983,0.29611831777104586,0.35236622303024273,0.2842444484689399,0.5103812303710672,0.37648195873859724,0.17755057330405302,0.4348716888606455,0.15006455678654096,0.21393291475825962,0.2586467796374675,0.24937355942570205,0.1877805826424492,-0.048350334679831415,0.5000123867298344,0.414706783905858,0.09367421315267106,0.11229947183351911,0.15402390979255368,-0.0320155745985,-0.08699662500001497,0.03935200515763875,-0.04951024061817171,0.09531227755732334,0.06733373354010622,0.1057875670185074,-0.4318638546581485,0.05012405486275229
0.2063876792153414,0.3190665090038831,0.6946726082823487,0.49480052726195983,0.27245450948393246,0.514171412322748,0.30571955770826154,0.41130894552517777,0.34638614046631083,0.3743084813096693,0.7519666353415271,0.4234187298908955,0.5057563918549591,0.3294115104025799,0.3112047793488458,0.3509758377564837,0.4189210248359259,0.3416971110669625,0.29162773913510937,0.3589092621707282,0.296080526947009,0.3813533933970869,0.34410356596804265,0.37020170622180343,0.32671474096754066,0.3715483108671275,0.38655840310543105,0.2885195461554947,0.35895998439306054,0.21769930238150384,0.3251618200494685,0.341933624908983,0.2995276409499934,0.38768309285408453,0.2559150699892035,0.4636255161429795,0.46827471856213976,0.25194155170919685,0.4565528712226201,0.23490868210366156,0.14332517479124549,0.29797980402023055,0.37476540131510844,0.1314896036737865,0.09058757197074148,0.5162923267909838,0.31112679609500105,0.09086964399289489,0.26270104981541254,0.22130806184371912,-0.12075767955479966,-0.14304909170750935,0.10992080399759525,-0.049881026285778375,-0.08561775288978878,-0.0064899058012160196,0.11361849967011728,0.04933923153084301,-0.2693374712543386
0.20809233415236922,0.24062661001649205,0.5801369814735029,0.526548158913701,0.3193228003130031,0.42685645600373917,0.3969952814899287,0.15969730476987815,0.32232320733918457,0.3107351869937561,0.4234187298908955,0.8129700191498115,0.29233614235541017,0.2788948621267774,0.25813227893823437,0.3364588009955644,0.27627414717897997,0.3217383510158103,0.31942006547252133,0.23045936323954208,0.23497359078730443,0.320406392808774,0.3206793051632175,0.30423384083148675,0.34318139711599427,0.27250816879333833,0.36293405124084693,0.13364851174470221,0.3058180451981813,0.16389690506164867,0.25871213839557244,0.32189977841336853,0.2045892437184344,0.33611013685376384,0.1880858455958928,0.5375250008307922,0.2468249172333268,0.2409079374818436,0.3749415922503289,0.18619589279858426,0.10304739270554171,0.23448856625841577,0.31913890487374497,0.10877856002050855,0.05265164725598743,0.4795148461769557,0.25771640972042015,0.1055252612610598,0.2689499386294002,-0.1192826321139054,0.007978034400063415,0.05790585142067177,-0.005922856495580449,0.010649889628095781,-0.009805677236876077,0.06431431302087288,0.0037538548465977754,-0.05435289734044961,-0.134762724374096
0.20132825189284198,0.29674702137062475,0.5510245023447603,0.5625972956858935,0.3130251576578577,0.4406836864012617,0.2624937983022726,0.46976384867098375,0.3347008470462581,0.4260338444895511,0.5057563918549591,0.29233614235541017,0.9194980413348937,0.4319306350974919,0.17013367467177903,0.4185632870230656,0.38572896440112614,0.3165297255775895,0.2569784576607176,0.2542862944273958,0.3146993600600114,0.4911406580610197,0.3304001991458092,0.3772522284460179,0.26775921432378524,0.4062188657550824,0.4214518377237995,0.2971827632765813,0.2979386606547588,0.3057540430443286,0.31723849135854165,0.4150906578199227,0.388477930519991,0.35987538074472225,0.281087732627825,0.4442482874665495,0.4213031522353717,0.27529927623260075,0.4701441067773917,0.23511758786812298,0.193579072675913,0.3140739872590929,0.43539980207249207,0.23216960277087564,-0.019000233415758447,0.5565417763725514,0.34094606978141057,0.07344144103238597,0.4300128479504727,0.39925390532887617,-0.05379075760598389,-0.2701670701661714,0.10058740985659917,-0.14592753925684102,-0.02841070114485345,-0.1308378744655521,0.052870382113028816,-0.07814755308761424,0.06589041919648986
0.21906531985339636,0.1394480308069447,0.4166272771627465,0.6155855363386017,0.2801094532319373,0.43214704389094694,0.17506406218364537,0.4214290185596877,0.268629542790454,0.3249775961303195,0.3294115104025799,0.2788948621267774,0.4319306350974919,0.6462171582433307,0.2390232300173776,0.42572999831749403,0.28994473424697964,0.2770551526917519,0.2909986525260814,0.1848230705765941,0.2941438640431742,0.3946744053849768,0.3112102245269531,0.3561034978270568,0.3213602543956188,0.33020960751837297,0.30555692420372915,0.2996955832890238,0.2501659868233268,0.27644777788576375,0.30754919007606196,0.5248464019121372,0.26031713843905513,0.35260610629809264,0.15830917403913689,0.39138720519011116,0.3336265913545593,0.36164633334561713,0.3516705339549765,0.18198545617832979,0.20026806327064425,0.28727564821171864,0.3983153896640474,0.2617475553351886,0.06269143558078831,0.43984442398602597,0.3139606841508246,0.10450092119394123,0.5162631422039239,0.11540908613132836,-0.0361260104545175,-0.14964094754784005,0.16437240188129199,-0.06370203897226906,-0.06808890011180171,-0.027966377715695608,0.3320894613344648,-0.09309253380607639,-0.09751729314774302
0.17976071735828794,0.325853884198366,0.5414873692360588,0.381752672368683,0.3512096533242308,0.5182183568017968,0.22565013816009172,0.5075465093736387,0.23435153108300436,0.3773676601024896,0.3112047793488458,0.25813227893823437,0.17013367467177903,0.2390232300173776,1.1497885370314942,0.22264230785918904,0.4214157820969628,0.30181935759303496,0.37753729727000834,0.3606721747814432,0.29758860444411517,0.1592471086389719,0.44094057171180023,0.38100101816907256,0.47507687039235674,0.2081660619073037,0.2969933946460434,0.420171051855374,0.36057662181543837,0.2054626428718178,0.2718845309625102,0.22546806989856835,0.2496609289344852,0.46217176232594953,0.22466008379793345,0.35984461663536377,0.5584844544925582,0.18419754739658067,0.3855802546452214,0.1572415621912786,0.1410833975448995,0.2929507880444647,0.2517525572937453,0.07822741460612276,0.058611404174850085,0.36767654156336704,0.29018927847063714,0.14943172271082736,0.25801732956400236,-0.06505406786833624,-0.25640311629091556,0.23399520368604151,0.12705898262942436,-0.0170972404160859,0.025683634766435117,0.18490848956491807,0.05097751354818123,-0.11780900075015217,-0.20927540573784734
0.1884089763337422,0.1705642095868321,0.41604704676744164,0.5523507773596056,0.3325182423970312,0.42880333367608364,0.2549463441542368,0.43486890777150367,0.2567889291131011,0.35818170652557874,0.3509758377564837,0.3364588009955644,0.4185632870230656,0.42572999831749403,0.22264230785918904,0.6635452735368207,0.36265148444925527,0.3841266250214033,0.3391840185754792,0.15024454242949029,0.2811332713382644,0.45577066140488304,0.41288135650726226,0.34011478705357184,0.36441327267045265,0.2620312499894786,0.35208849996170716,0.2855086098804932,0.25385890783027676,0.23657226526587524,0.29449572751198555,0.40321693755848803,0.2922588127587852,0.3953495939445946,0.16618672327640516,0.4393204594509222,0.44707459211162864,0.3291462846113453,0.4222374202324699,0.17702139617690332,0.13505069798936728,0.2798885399971338,0.4511451302542122,0.25377800444118215,0.09206298357472592,0.4380561135247383,0.34187532763046347,0.06635693268426252,0.3218485842964168,0.09648118098664764,-0.07683600572660619,-0.03209040288678086,0.08416186633539825,-0.06558096480861454,-0.07044771928429996,0.0026502780450799795,0.08200626661482809,0.06931816485172995,-0.16833889025025844
0.16481807150159145,0.3231881699096502,0.5520291157384936,0.4958512554727782,0.2511095826925559,0.5208785096654688,0.31038342369808425,0.504171488540271,0.3916191164584872,0.36356602917879854,0.4189210248359259,0.27627414717897997,0.38572896440112614,0.28994473424697964,0.4214157820969628,0.36265148444925527,0.8880819625772427,0.46579158163289364,0.3727584981465845,0.3572898988118021,0.38399674729198935,0.43647435676616814,0.4635923998015431,0.3757579832301718,0.3747056756431602,0.33524407190375816,0.3885175001966746,0.749920653517996,0.2933881498538114,0.17823055397219667,0.3732902433456372,0.3166551700730881,0.41525636850753656,0.5030894053093331,0.24251474840480913,0.5590313381219042,0.7652221669180715,0.32820754233620986,0.4694252601408013,0.25251230166342836,0.19073711184887304,0.382427451402777,0.47543048427045437,0.10285842473802079,0.16687840010305607,0.5693824567414111,0.36686534899011053,0.10668849898254967,0.24676535885721568,0.2819538889352656,-0.05047067989315013,0.02260732710494402,-0.09184111179635772,-0.154895375991545,-0.20932141050086084,0.04406868283667593,-0.02632019051202897,0.08798617188420489,-0.2876140562488454
0.17962558838378567,0.22497574754878888,0.3848866715302794,0.5629740771461876,0.314027585543117,0.47498637774958746,0.33834873920681957,0.5110777381835688,0.40758579073829626,0.40600839176567816,0.3416971110669625,0.3217383510158103,0.3165297255775895,0.2770551526917519,0.30181935759303496,0.3841266250214033,0.46579158163289364,1.250395076411917,0.4274770645105646,0.09717194085940464,0.44528315091825055,0.43849060343751073,0.7734342747115022,0.3978068030119445,0.3340134833674314,0.44931834999873915,0.3259642837940588,0.5719794249357044,0.22905629875865696,0.2224492613296533,0.6487618920176202,0.31777443958845225,0.5560778428142553,0.4238478765850301,0.2693623898024238,0.495611983885674,0.6984200632372262,0.44078134630136323,0.36900897920434506,0.22118762133870337,0.19422892562132824,0.4150402810633607,0.5276060113602042,0.15274594306054573,0.3144996726100228,0.671523024452722,0.7465911767399497,0.1309425491444496,-0.08852312322485138,0.3388131837902101,0.15810078950044512,-0.017575706270278817,-0.2545750056316772,-0.20081162479714956,0.05344730535426842,0.02250572933938757,0.05116922061325342,-0.15530588415508884,0.06069766611931185
0.18839557895328435,0.2202379168771082,0.5061979562365315,0.4980408100526178,0.5691836911351139,0.655743091968931,0.3096058702530444,0.5894356964492145,0.33278203251858696,0.3085524903017652,0.29162773913510937,0.31942006547252133,0.2569784576607176,0.2909986525260814,0.37753729727000834,0.3391840185754792,0.3727584981465845,0.4274770645105646,1.0615278038514602,0.2418366528818441,0.34479539618212995,0.33133916394150126,0.1779480095450834,0.2713517415412101,0.2926186773191495,0.2262227751062023,0.2937654702789584,0.30930050827287503,0.1944313275450217,0.03483162947759654,0.41365214545653867,0.3232338902326671,0.310936665930726,0.41702607453644275,0.0511584035648432,0.4599384767830382,0.5479385303156222,0.33570332261430164,0.4258024588554153,0.1741217269379837,-0.00032068637236688823,0.31420993801192865,0.38724497347943176,0.16740524921951327,0.3303823936429354,0.39551408510851316,0.26268370745396785,0.11124113449914112,-0.036231012141753255,0.19053970991950325,0.17683860074971772,0.15753037836787115,-0.34437129031639574,-0.17117917676034933,-0.09243257642017702,0.03430799899076247,0.18929166785817156,0.059684534651350686,-0.26338260423009446
0.1316029886034024,0.4729425823734391,0.4713031830183846,0.27605051079401444,0.14290053138751801,0.36914404600568984,0.20729430457688863,0.2936598354096088,0.35850514980540665,0.1272530265103258,0.3589092621707282,0.23045936323954208,0.2542862944273958,0.1848230705765941,0.3606721747814432,0.15024454242949029,0.3572898988118021,0.09717194085940464,0.2418366528818441,1.6746134911244328,0.1688380637754574,0.22211467428133974,-0.01925121861260475,0.315726577040736,0.21539777574195176,0.26993371899067664,0.4195103744125235,0.470323792296892,0.3279393743840162,0.25309524270055117,0.4860434388517302,0.23860837598020707,0.3520165870541153,0.4951609094865454,0.14268492252800202,0.25622542776790835,1.125919388151685,0.5245378438188173,0.5339287775416343,0.31133258144543,0.30294608242351123,0.2088073453207638,0.6507280188617539,-0.01825299589774401,0.49572906410408724,0.5711721780090051,0.21687783090458218,0.25452123816522193,0.9949920615892199,0.13447296562467662,-0.11600340209473992,0.3257296020542168,-0.07004781078091639,-0.15120947943740198,0.02306145427255959,0.010800572361241328,0.17708035678795758,-0.012711106324839027,-0.1727373067362622
0.16049222483965708,0.25220276115580614,0.43749988514070776,0.4397714774807302,0.27320351183967234,0.40006540697910314,0.23975260550945118,0.41023122833418413,0.37516734859777506,0.25514707217872407,0.296080526947009,0.23497359078730443,0.3146993600600114,0.2941438640431742,0.29758860444411517,0.2811332713382644,0.38399674729198935,0.44528315091825055,0.34479539618212995,0.1688380637754574,0.72916162677873,0.3980976987405808,0.3501131823531268,0.2855518346432058,0.30773089605913184,0.24910467056118793,0.2786566049901463,0.3238727476514856,0.1948116038412776,0.39370956378236827,0.40726758162983223,0.31604042217085637,0.34992875029363524,0.39722944517606856,0.39691306917838015,0.4463793874976725,0.5454675647466634,0.4625486332479382,0.371171983868106,0.3227197567832067,0.19221986861270854,0.630992862218332,0.45356674742171854,0.1599830254591686,0.4721867297053694,0.46625382614641747,0.4622165136512058,0.11989982968876466,0.1566155568695615,0.1820054790177939,0.0188179602366477,-0.07694441239211622,-0.0036126753320983055,-0.11161957384168009,0.025700413713326948,-0.05243506014066316,0.07440268763782754,-0.13623116744244282,0.15199295647266936
0.21156252789368374,0.24348306429268798,0.5116319116591669,0.5587917016132525,0.25990929535524415,0.48303469813506733,0.31926164505460214,0.43886677322295853,0.5998340283457267,0.314232322517609,0.3813533933970869,0.320406392808774,0.4911406580610197,0.3946744053849768,0.1592471086389719,0.45577066140488304,0.43647435676616814,0.43849060343751073,0.33133916394150126,0.22211467428133974,0.3980976987405808,0.9505059492516992,0.4979319432670309,0.4246461893986255,0.35421098476220875,0.3621171409232929,0.36449071201219596,0.3281597059294864,0.31184779990507816,0.39366312683158083,0.4077117767360783,0.433027221510904,0.40135879438539424,0.45441761418494564,0.3141372108908325,0.5182013604572425,0.4747510536562942,0.5151459222852252,0.5438499015735792,0.24745174494542277,0.1994512668403902,0.3837463133764923,0.6332583603910761,0.27982731793550736,0.14744798402004275,0.627006688414612,0.4489800317692368,-0.019804287648363957,0.7241635680294997,0.2774948722876772,-0.06610364116018128,-0.050172156431605816,-0.0050910538764449955,-0.16851667661644287,-0.02609577726705072,0.001343188521865795,0.07966056274663813,-0.05684514324947101,-0.11751247508172019
0.18290017803677056,0.042312068563940035,0.4208234721877561,0.5528049988870006,0.2869767098754337,0.41359172694646706,0.3277283396429381,0.45024822445428436,0.425042463035782,0.4690509062962792,0.34410356596804265,0.3206793051632175,0.3304001991458092,0.3112102245269531,0.44094057171180023,0.41288135650726226,0.4635923998015431,0.7734342747115022,0.1779480095450834,-0.01925121861260475,0.3501131823531268,0.4979319432670309,1.8905737701453478,0.6820087210271978,0.7022177640072497,0.1865212860514491,0.2826863661484809,0.4414284478810158,0.5738857955766984,0.38532122457623097,-0.06486254180118906,0.27118822035972745,0.48000893764368224,0.5624202146500624,0.29507250634358667,0.4776524315012766,0.5344305834122575,0.042455730927028576,0.6310778712687354,0.31569009787629054,0.14147800531620042,0.3375157935480933,0.42286462011775494,0.06481296295251567,-0.27589361025433085,0.6674397465453004,0.6224479321663436,0.13980607842980022,0.6958467464362452,0.17864817477136297,-0.19810750294481486,-0.18925347261091902,0.24591687425377845,-0.0763156505879616,0.06687692304137738,0.046984671855642327,-0.06343474363358315,-0.30510911764043486,0.16175976516672283
0.15767059349202397,0.1407034556070591,0.5603387022141669,0.5429631954445103,0.22955638071699036,0.4350773147670261,0.27184706080462556,0.396433834802649,0.48046312699586924,0.4117664556818007,0.37020170622180343,0.30423384083148675,0.3772522284460179,0.3561034978270568,0.38100101816907256,0.34011478705357184,0.3757579832301718,0.3978068030119445,0.2713517415412101,0.315726577040736,0.2855518346432058,0.4246461893986255,0.6820087210271978,0.9465603365628283,0.4333303979910076,0.2704062520798048,0.2875812981396406,0.4556404792288,0.36605884166090863,0.446077947644555,0.54266758946687,0.35583287535209224,0.42973806556246563,0.3020617480363269,0.36603236313496773,0.6960050750546699,0.3920985269116555,0.3832758686222627,0.4946655060589704,0.11911674268386101,0.17756429062210377,0.297165532352378,0.3144503343775912,0.241728483060213,0.08552187154087096,0.616604016653612,0.45345867684790436,0.13062107377246876,0.20471239037069738,0.18078977800094184,-0.17361216625370893,0.05921894171659913,0.08794927923343887,-0.12117203642435616,0.23668750300141347,0.145666814543026,0.3072061753560919,-0.734111065889063,0.133006849508591
0.20439864770090846,0.19486375936848715,0.49752172118274185,0.49668255962397334,0.2789779394920329,0.5086691824841079,0.28137542692654965,0.49515747542348404,0.3284912063886292,0.3773559160342216,0.32671474096754066,0.34318139711599427,0.26775921432378524,0.3213602543956188,0.47507687039235674,0.36441327267045265,0.3747056756431602,0.3340134833674314,0.2926186773191495,0.21539777574195176,0.30773089605913184,0.35421098476220875,0.7022177640072497,0.4333303979910076,1.484271835008731,0.05700641340004816,0.3058156744507068,0.15168317049153812,0.717896133066773,0.5348897105906085,0.050012501449863724,0.29025073400224755,0.17386404300560554,0.7604637916690202,0.5283226982911936,0.27947661078373104,0.6667524107175878,0.32032781183161213,0.6181494323486975,0.22409438656916597,0.1365342471548,0.3100962618272764,0.38886228318004956,0.29993873408041527,0.10354171750216,0.4362100047662247,0.4740583921350155,0.08643038531498633,0.5147845292482198,-0.1129447150982931,-0.4021643618243819,0.07664901034280545,0.31530410348785803,0.0034659726154080044,-0.0066090240743022196,0.1385905430134311,0.05916305621734938,-0.08272645454851282,-0.2771420621116372
0.18825406848095283,0.30503278595841504,0.42988731340967845,0.48271504928628345,0.22588373393704583,0.48014303867889174,0.2833572945452757,0.42785859299881557,0.48918520276704425,0.2528191916214143,0.3715483108671275,0.27250816879333833,0.4062188657550824,0.33020960751837297,0.2081660619073037,0.2620312499894786,0.33524407190375816,0.44931834999873915,0.2262227751062023,0.26993371899067664,0.24910467056118793,0.3621171409232929,0.1865212860514491,0.2704062520798048,0.05700641340004816,1.3390346830112911,0.3290381992631856,0.3930783458318886,0.04530936128574881,-0.21691048368585897,0.4663909587880365,0.37820105375571333,0.29097017202481273,0.305467887616196,0.34778861935970573,0.1356764528561396,0.1412836995828599,0.3659513795838161,-0.09301252937825501,0.1510830636741757,0.25425565493531876,0.25496752257892313,0.4359684976540935,0.13640815907385181,-0.04567852769794438,0.42809531001844814,0.14750746813831528,0.078446966516774,0.26135752678288127,0.520026616443736,-0.22071488182540588,0.13619277877916075,-0.2974980211788485,-0.12985369033187694,-0.07576687691161679,0.030587314848139546,0.0785610980981356,0.1403184935701324,-0.27474402610035725
0.18184555778227765,0.27763791826846607,0.5138929205717275,0.43290417021911665,0.23141808704476885,0.42902817939240323,0.25637326140648253,0.37275831834348927,0.3270138380072525,0.31415203124588637,0.38655840310543105,0.36293405124084693,0.4214518377237995,0.30555692420372915,0.2969933946460434,0.35208849996170716,0.3885175001966746,0.3259642837940588,0.2937654702789584,0.4195103744125235,0.2786566049901463,0.36449071201219596,0.2826863661484809,0.2875812981396406,0.3058156744507068,0.3290381992631856,0.8624452802153966,0.5012837742862295,0.24440941119720544,0.20897025555737628,0.31217197314107054,0.3614117021193352,0.41316037742702083,0.35715405735978506,0.16978783315097032,0.5032626401426312,0.5331178519678441,0.29675585491512185,0.3782524014406137,0.2086958510492086,0.24532968761396118,0.2838210563005382,0.40361994127584677,0.09348556517736865,0.003646027576966058,0.6939956457825778,0.289427391830174,0.14319514069796332,0.41596360559741313,0.13161712070887355,-0.09240971308727103,0.05520598970621683,-0.010439939925020692,-0.0619653370964833,0.04668966813700337,-0.04443210662133942,0.12076120508853427,-0.08987715921858008,-0.011259041215703843
0.09263423071511687,0.15870138943900255,0.5153497106903724,0.3573529722549027,0.09607494888170047,0.34712922745746816,0.15695890934840823,0.1876090680123094,0.37360847124523194,0.29669052551922476,0.2885195461554947,0.13364851174470221,0.2971827632765813,0.2996955832890238,0.420171051855374,0.2855086098804932,0.749920653517996,0.5719794249357044,0.30930050827287503,0.470323792296892,0.3238727476514856,0.3281597059294864,0.4414284478810158,0.4556404792288,0.15168317049153812,0.3930783458318886,0.5012837742862295,3.0007769972727028,-0.0964209281627847,-0.12356308280778007,0.5405740278322191,0.4068816660388938,0.6937061904111568,0.5233559396782895,-0.2313495478350402,0.241527687222338,0.9977517948836314,0.18559536619210446,0.17814651006700669,0.12461182116993648,0.6511333837821103,0.2984466352102878,0.4365551617134344,-0.11001449835356988,-0.44653224038398914,0.6505695800897094,0.27857282319618437,0.23255099132651255,1.0192598812702134,0.3158989303499751,-0.15825724210521655,0.7808539657435672,-0.5718687563373402,-0.21977368589541468,0.7015173049922054,0.018396294831171858,0.5737114318715377,-0.6999757180337881,0.5564726622654363
0.15580507959608728,0.3363049547389978,0.5683846123719886,0.3393781552360289,0.260686156024921,0.4924539515809295,0.23147228102135844,0.3745316103867944,0.26144493330330426,0.3049398851739158,0.35895998439306054,0.3058180451981813,0.2979386606547588,0.2501659868233268,0.36057662181543837,0.25385890783027676,0.2933881498538114,0.22905629875865696,0.1944313275450217,0.3279393743840162,0.1948116038412776,0.31184779990507816,0.5738857955766984,0.36605884166090863,0.717896133066773,0.04530936128574881,0.24440941119720544,-0.0964209281627847,2.0048421096387883,0.37910809049219024,-0.09072945556784112,0.26292915759130253,-0.2534018558343255,0.7973913343167179,0.3825572798334937,0.4326810612969038,0.1507747216554026,-0.2046163612545518,0.45771890453500913,0.32415106434345675,0.3096417250330512,0.17654109160005832,-0.05235444292916818,-0.19454116064093735,-0.4542999664275662,0.4149353683694388,0.31866972353541,-0.020928209158175805,0.7729044044093932,0.31606104143486374,-0.5960383728163553,-0.015079666604557078,0.047519206344124966,0.12078889203448999,-0.12908116693835,0.0005533012599947541,-0.09701404690097686,0.12240879426270067,-0.2580673426120753
0.17163679830346695,0.21682813419012084,0.2492097299031956,0.33899924062981723,0.009158370585178688,0.20432393490727255,0.1281896136559638,0.31742308228080585,0.2650143063784424,0.32113629282808065,0.21769930238150384,0.16389690506164867,0.3057540430443286,0.27644777788576375,0.2054626428718178,0.23657226526587524,0.17823055397219667,0.2224492613296533,0.03483162947759654,0.25309524270055117,0.39370956378236827,0.39366312683158083,0.38532122457623097,0.446077947644555,0.5348897105906085,-0.21691048368585897,0.20897025555737628,-0.12356308280778007,0.37910809049219024,2.4235430799670845,0.4130114340746618,0.23139401007246238,0.32795755541321175,-0.08111785391894502,1.1392544765050903,0.5629191599180263,0.40412875600870257,0.9030600802126778,0.8262393411832655,0.5363457792412056,0.6337426683118149,0.40197854575559455,1.199322969940677,0.750151073068762,0.7973805530325576,0.4640037941384324,1.291245291632795,0.2309702069473036,0.378653576180917,-0.060476934565686445,-0.04347804685949762,-0.3315135924457574,0.4326981763925514,-0.05514195728521039,0.026222387263688637,-0.23800906573759256,-0.027747665056239643,0.05587727230829676,0.18756572578794906
0.15410304980361325,0.2422529699451075,0.4626355370089212,0.5293992596188475,0.21790545962698793,0.43102051617914294,0.27286365933117446,0.4167232463619141,0.5203608202541187,0.31569085149140763,0.3251618200494685,0.25871213839557244,0.31723849135854165,0.30754919007606196,0.2718845309625102,0.29449572751198555,0.3732902433456372,0.6487618920176202,0.41365214545653867,0.4860434388517302,0.40726758162983223,0.4077117767360783,-0.06486254180118906,0.54266758946687,0.050012501449863724,0.4663909587880365,0.31217197314107054,0.5405740278322191,-0.09072945556784112,0.4130114340746618,1.6542036446973536,0.3826655150777634,0.5949476330815558,0.21700529628143758,0.44394776891541415,0.8433646586838793,0.6445206519356579,0.8984918361641444,0.34365999514320184,0.036404192262838454,0.21530108767102293,0.4108690852767151,0.4938988467363759,0.45629576684984374,0.7140608053583178,0.681057115602036,0.5623478595724327,0.1761270514394388,-0.6029953613745173,0.3612799807456138,0.05350307621263711,0.25764310113331573,-0.31938987680889214,-0.24759258581072682,0.2389363836940733,0.15285635701245298,0.38791908318553675,-0.5550918296764342,-0.006037559320927045
0.20017394467848715,0.15747696104380948,0.4425160557086785,0.5779143068403705,0.2782754540814535,0.45235466909671396,0.22238918893195384,0.37790000840965515,0.3388299597957418,0.3124802836904983,0.341933624908983,0.32189977841336853,0.4150906578199227,0.5248464019121372,0.22546806989856835,0.40321693755848803,0.3166551700730881,0.31777443958845225,0.3232338902326671,0.23860837598020707,0.31604042217085637,0.433027221510904,0.27118822035972745,0.35583287535209224,0.29025073400224755,0.37820105375571333,0.3614117021193352,0.4068816660388938,0.26292915759130253,0.23139401007246238,0.3826655150777634,0.7036960223856227,0.26966615881136885,0.4024417314618465,0.10613609376924886,0.44376959685964834,0.3443618710793322,0.4200756810529372,0.33136176677117263,0.16712693975553933,0.23285546126575388,0.3054014631400822,0.41396867517490377,0.2437168335160618,0.06970016706132258,0.5168321489181603,0.3152019051163755,0.11162823292013739,0.4996218889452349,0.1885502087399879,-0.047847769293591164,0.11842612315474567,-0.17564961438110807,-0.052271902760458885,-0.0241444177469087,-0.03179463741542906,0.4775394359335885,-0.16288859704798225,-0.16139129565538762
0.15844809839276464,0.2602863367435449,0.281680512902722,0.42572306275503896,0.2458543963992409,0.2809099297957926,0.2448098654969913,0.35842642522227836,0.35687585214949635,0.29611831777104586,0.2995276409499934,0.2045892437184344,0.388477930519991,0.26031713843905513,0.2496609289344852,0.2922588127587852,0.41525636850753656,0.5560778428142553,0.310936665930726,0.3520165870541153,0.34992875029363524,0.40135879438539424,0.48000893764368224,0.42973806556246563,0.17386404300560554,0.29097017202481273,0.41316037742702083,0.6937061904111568,-0.2534018558343255,0.32795755541321175,0.5949476330815558,0.26966615881136885,1.9822515837460823,-0.03207493307004154,0.18078606477287124,0.13896894076218266,1.049847340867084,0.5273213121599427,0.39445834033416755,0.1772361976557686,-0.14926680491022265,0.358881733464189,0.5037730955597225,0.25572882689903387,0.02941772556597759,0.5534319632799133,0.5378890225421462,0.19978758151533166,0.4187698863632684,0.5280215002747853,-0.13133112750410136,0.0738595989345185,-0.07971844814648853,-0.3153319627798706,0.042188227318502004,-0.15452561364803896,-0.18751971391214522,-0.20177540057833945,0.5598352833452218
0.09404651600944897,0.31964300847358723,0.6132605496023023,0.6409350532624808,0.3681705596339768,0.6538474248223514,0.33140730162858967,0.5618707550932254,0.44768466510648575,0.35236622303024273,0.38768309285408453,0.33611013685376384,0.35987538074472225,0.35260610629809264,0.46217176232594953,0.3953495939445946,0.5030894053093331,0.4238478765850301,0.41702607453644275,0.4951609094865454,0.39722944517606856,0.45441761418494564,0.5624202146500624,0.3020617480363269,0.7604637916690202,0.305467887616196,0.35715405735978506,0.5233559396782895,0.7973913343167179,-0.08111785391894502,0.21700529628143758,0.4024417314618465,-0.03207493307004154,1.9585927212156498,0.31959823956434524,0.22188520768769232,1.1491663661300857,0.20770526409175244,0.3792519991757054,0.11527219846867717,0.25604757861581606,0.38973365221688283,0.41777249054822985,0.2883778026540532,-0.3509182644436505,0.24536423751135894,0.22540210463410768,0.06442325556761183,0.7840067668848676,0.14729110301397005,-0.3612339411964497,0.2813758308673189,-0.043010827087064746,-0.09656209463446364,-0.0743262212121532,0.06677646531950845,0.14695215560816538,0.0916802844487785,-0.332923258934479
