0.3355301692865025,0.1049806929711972,0.2588090202684781,0.004870259882585277,0.00034928958034418056,0.021640758510587436,0.040090310494420855,-0.04641207638754504,0.022346872926395818,0.028157510458925467,-0.006029801567663822,0.009756015475237663,0.004781420997770103,0.016443239630579518,0.040119944261443004,0.018284375182138345,0.004082195461316388,0.014114044912896292,-0.0010539438919975298,0.010082066872119367,0.006210952917069659,0.03045649532845252,-0.010217172705290644,-0.017611894320945367,0.015486660582816137,0.013131030339821081,0.005318201789501768,0.002737173537782607,0.06264740274510615,-0.0011133303882638961,0.0201003677870178,0.015623672641161445,0.006845366126923903,-0.11323859722288442,-0.009344705143746412,0.02790184615189834,-0.015273978245977333,0.023137812131350674,0.0175962089711127,-0.0005651589513508751,0.01339699597286959,0.00783794795476292,-0.013735456680150658,0.0051263405238461965,0.06738074771225391,0.07157966193130694,0.005974162071500255,-0.03645726225162372,-0.0073996498247096325,0.029343104223554888,-0.007899207490510266,0.007038212978458855,-0.01281204103580019,-0.006450373114498082,0.018498053704830094,0.008491045899745591,0.032206283748047904,-0.028534622228833986,-0.02943699990452405
0.1049806929711972,1.5833057352612996,0.45002859420334873,0.025868009625206023,0.0409500706286951,0.14894555759198033,0.213508230461246,0.10048418225878378,0.241043356037563,0.14299545944675016,0.12036744294874983,0.10794834777007296,0.042108398671366475,0.1614937248642644,0.2950692806838916,0.13953568242015515,0.13946182149369743,0.1757693981094024,-0.05213502073661703,0.2627066428403915,0.14132223890056902,0.07756134902609732,-0.09757872628861562,0.09100888134128475,0.09981007010607075,0.13106594073393904,0.18751616840688418,0.29387788805916754,0.10053696076142307,0.08226091085831705,0.19730261875149702,0.14632850586723367,0.10092192631906417,0.16051269856812092,0.15835157745845158,0.1848048180975901,0.13597081711242934,0.15750465745982448,0.027517787413434695,0.07951554843234218,0.07579755197226806,0.152661392170965,0.10611409493845451,0.0011438692896943384,0.2198941303591808,0.21899870018044978,0.12796188345058285,-0.15280910397354613,0.005989591238180748,-0.07926514551338429,0.1340282679406253,0.05724152543911783,-0.014264315056192788,-0.01885034376958816,-0.07962534856620511,0.07617928497396416,-0.007068984599319692,0.07394483120703742,-0.16802652520913977
0.2588090202684781,0.45002859420334873,1.3520490615512595,0.006542860176277813,-0.11403828626010241,0.18315470333700712,0.07728346353854659,0.22056524090650564,0.19608219787872483,0.2049143791424953,0.08010135778019406,0.07547385008071167,0.04182798297696252,0.08827850884393382,0.19698805495772362,0.0876336783221853,0.18927911643064657,0.10814421173841966,0.10203567300594835,0.13539842228073878,0.1295040621663564,0.1517514006824749,0.023926518698247103,0.10213084058720755,0.16229161226335426,0.09950265565745038,0.11338554499211274,0.177886390682343,0.2556088537058099,0.095321062945269,0.15774385924639772,0.08749286306725582,0.11554455900356198,0.08699003264941785,0.20045003826127644,0.2823168631582783,0.14487059885694184,0.11100159450584592,0.1224289880277316,-0.0007100892010993896,0.11742340788649129,0.13463725302830523,0.01173758219286799,0.025017313726526887,0.25805371084433,0.42914634279157393,0.14236999536459444,-0.22486907155957844,-0.036597872019567955,0.050030331625189446,-0.046809767545821744,0.11263837469916033,-0.0038103013568967776,-0.09812791293763932,-0.07276734834247152,0.07828857962699358,-0.018978702794419666,0.0022378848746115523,-0.0626585765953037
0.004870259882585277,0.025868009625206023,0.006542860176277813,0.6658261688811354,0.34688022770957616,0.18405977434231688,0.1631807135865018,0.1725338322546166,0.12261007356811188,0.10422429726082888,0.11000395369123525,0.16070876292231023,0.044532958644083555,0.1117412987862126,0.14208112326927583,0.15125787652994208,0.06907422471552409,0.16855979205542077,-0.0012704735789856652,0.09069852398138668,0.09033431610426064,0.09356695650191553,0.18405385144946945,0.0962150947187306,0.11257780259149645,0.1353170750225533,0.07084046953012796,0.0729225546766445,0.09535134281629623,-0.029964810300307867,0.04843276316863713,0.10608003276690799,0.0837399905498104,0.2217556826772239,-0.08697741613126193,0.10046968055356785,0.10376328739141376,0.050246276208911915,0.11421996546999374,0.071011509926988,0.02298928744090789,0.0894128944784709,0.11416341735635563,0.0222058186296566,0.002869977248439079,0.06389816345469916,0.08651100693403657,-0.038980157923950126,0.029111283913443604,-0.07962429995350662,0.0467481699943807,0.037269468711248886,0.03589562466517142,-0.025438448667097754,0.05791825848713934,0.026477868575913808,-0.07812118229299858,0.03559484243485088,-0.007668236130706252
0.00034928958034418056,0.0409500706286951,-0.11403828626010241,0.34688022770957616,1.113708269568092,0.07877524836489315,0.11824538506371841,0.2298155705689844,0.13239558339059732,0.06834597689215925,0.1532810489366039,0.20491342077292474,0.058318940571781254,0.10921816058715306,0.19504441169470732,0.1714741289763288,0.036516007360106455,0.23970367835970638,-0.029406314469336246,0.1059093424652854,0.07943849833608803,0.07039587247489075,0.26164793021002203,0.1272697619263214,0.1032872289514082,0.177030530165098,0.03663114772582503,-0.007452289676973241,0.10528651827612463,-0.18892104746920685,0.032348769514422344,0.11734588792408118,0.10783298905974081,0.3655544817642068,-0.1735994165260168,0.08668320246159981,0.16822608791024052,0.0261641978084208,0.11793231802468569,0.0716342433061874,0.0022133620054385376,0.12327854422856455,0.08130667381656906,0.008391570846728159,-0.12924756301587179,0.0006722163703854255,0.0546164759922754,0.018072591570265892,0.0755597920175633,-0.13596127565328414,0.12353429599634354,0.0028943588027568233,0.06497165763943234,-0.04433088069841245,0.06903820869690407,-0.10084073215898028,-0.03857415480179649,0.0013544841933236873,0.16501780463567275
0.021640758510587436,0.14894555759198033,0.18315470333700712,0.18405977434231688,0.07877524836489315,0.9806707797586637,0.019907673197600156,0.16602540128919405,0.24485295629265968,0.1568148723951998,0.1525841135690968,0.11810122616023896,0.0646582422913262,0.11295935965961629,0.24880043601268212,0.0953433587931634,0.11509803478639047,0.14480057185923356,0.19251528730783338,0.13118816005883602,0.11669282160537021,0.17716118012299528,-0.002533106179619989,0.09648834477934201,0.10295587981165175,0.21080508508449006,0.11190527513854173,0.1844555053440635,0.29290686329876997,-0.02281093983347074,0.10619165892921037,0.17264324773692846,-0.024127326513086047,0.22516540520864883,0.1389263170082473,-0.004971532068278433,0.05797388018977347,0.07501771627499203,0.1185933602925841,0.07055539298765176,-0.059473473503085475,0.08246319539872822,0.07354384951423786,0.06115221239447096,0.10284324965734676,0.05181278586931469,0.1274977650123389,0.011082773756135039,0.15138287274446022,-0.0417693097608115,-0.13925733748871333,0.06809763335396084,-0.010108293097703107,0.025048587108938914,0.04180074377538662,-0.028877722978879118,0.07778224953091217,0.01183256921883521,-0.026180549141032506
0.040090310494420855,0.213508230461246,0.07728346353854659,0.1631807135865018,0.11824538506371841,0.019907673197600156,0.8925884580052023,0.004651809839842807,0.303483076260014,0.0484445256611016,0.08315572690826305,0.20939017806059568,0.04105958025968884,0.2700149365397962,0.056780933184143983,0.24619396887506567,0.09039527842278185,0.1486219656417609,-0.07590940953487572,0.10970602335764207,0.11174372982229257,0.16830345469908337,0.2849553520739028,0.1720475214244821,0.15152125041120892,0.16554126936079158,0.1399141749969487,0.10937801007102055,0.1089447792291032,0.05721643928534027,0.082393676711872,0.1894462179198763,0.14788157994480092,0.2806909145867513,0.17123007585400196,0.19880022548503334,0.18065571468903846,0.08172719185565602,0.024686139998591868,0.14405929373501725,0.02725391665147049,0.1650616007723445,0.2128352599646226,0.012061558829866457,0.0495694675734188,0.05506655318464611,0.047510111300786535,-0.10552180526851074,0.02346041471539895,-0.24244693710957713,0.04671617853369614,-0.09863220124708628,0.16108213296619325,0.06008768992294034,-0.051207765696051386,0.05923723850158243,-0.03583970127430688,0.09531835549627293,-0.42122395738069174
-0.04641207638754504,0.10048418225878378,0.22056524090650564,0.1725338322546166,0.2298155705689844,0.16602540128919405,0.004651809839842807,0.6550194500882318,0.031703404211738846,0.16138208936719423,0.20653321957393972,0.12755208038753282,0.05310312948459718,0.0502483539651765,0.13602145216806727,0.07229518391905876,0.19237034793669924,0.16782746180035416,0.14702360172142542,0.11261526770057546,0.16370443706359739,0.08369948836449992,0.11177533889187634,0.10761807491212406,0.16707390025925623,0.10491180372680628,0.11681218752972283,-0.04916960945541789,0.1492405740034847,0.14898219355083692,0.05874677039308384,0.03895199500656098,0.07108504277841522,0.25578583702229735,0.17968256374796698,0.13087751453322397,0.15535605510362424,0.06256203661556438,0.1987475942939379,0.06636734976610487,0.10474627950768405,0.08475509974502862,0.07215785988666727,0.0457727925860711,0.0678076770624066,0.16927069989807444,0.19394504438929328,-0.03486552165735527,0.1513923201553653,0.006907575383523573,-0.018766478135193634,0.06998487152315516,0.020021903955789015,-0.053800318375330246,-0.10400654891517482,-0.018486062790322152,-0.1464017706544892,0.17113961701194247,0.05351242530580579
0.022346872926395818,0.241043356037563,0.19608219787872483,0.12261007356811188,0.13239558339059732,0.24485295629265968,0.303483076260014,0.031703404211738846,0.823840362179262,0.04561325468947911,0.06482658628845632,0.09124793855466846,0.03257601281448282,0.24792667224457168,0.1257106723428725,0.16390990321635054,0.1016037505526696,0.1363817319729714,-0.03074060517116149,0.16397365581351203,0.16183685984963364,0.12532668672751754,0.22351067455967055,0.21065017862283852,0.10922587518859031,0.2569140906079303,0.13873423961167222,0.313127891617545,0.09494820874488975,0.15318833925431732,0.19492522102232235,0.2207934644864105,0.23601923656759313,0.15243432960415843,0.06904021628918922,0.16108764825618435,0.19140244422860134,0.1422461564134442,0.019392822369462895,0.11411234003691995,-0.0071705534317587855,0.176642669232069,0.171257622225879,0.010067981971771545,0.16194430487957978,0.2506837169759461,0.1481064102287563,-0.14229584723120695,-0.04465388782868284,-0.3270517172562469,0.07214332961848234,0.11125852688640699,0.15631913844518636,-0.048263490438978665,-0.03455100298993831,0.07280594878762955,0.08059200584397416,-0.028087070556608813,-0.14474001567750497
0.028157510458925467,0.14299545944675016,0.2049143791424953,0.10422429726082888,0.06834597689215925,0.1568148723951998,0.0484445256611016,0.16138208936719423,0.04561325468947911,0.6947911837655297,0.17118941651412684,0.11800476395243738,0.0684551261804527,0.07426409160849129,0.2232851278357295,0.1126893578440872,0.2313250355760273,0.14321182173687116,0.11235843299820877,0.09824239809972155,0.07089056768153564,0.07166528710974115,0.15786472123215703,0.10258980830184727,0.1905452837878198,0.08847395217104057,0.1318419424100139,0.15821026749454045,0.03492144234413742,0.07982957109241991,0.13252491619144463,0.1044631166923264,0.07644467669815193,0.3212743281486663,0.15548436259392395,0.14652212541911583,0.15072833269650449,0.05512866007988592,0.20328937858221593,0.09271725834832475,0.14145861209766772,0.09754126309672297,0.10485419208124325,0.034588280405252796,-0.02936838909564335,0.1892244277468788,0.1713907172513775,-0.08469624783574971,0.10845868626793204,-0.06536673251510969,0.04538362307460409,-0.04548728948208893,0.01882504082843429,0.011111036036141083,0.09833416146191203,0.08182331829772357,0.16418650716178834,-0.2392567820741033,0.01728077189673657
-0.006029801567663822,0.12036744294874983,0.08010135778019406,0.11000395369123525,0.1532810489366039,0.1525841135690968,0.08315572690826305,0.20653321957393972,0.06482658628845632,0.17118941651412684,0.47105470879713335,0.22066027191845014,0.078776459670062,0.08935785806773364,0.2234945436282988,0.12027328441097904,0.2512145232110719,0.11652471070340159,0.05719241284921948,0.19595330637605532,0.11169291721602234,0.025151652781808986,0.10311289437262613,0.10305538740429936,0.15286516631049818,0.1471939415333294,0.13899503580099518,0.13751056220333743,0.08232909917718859,0.026461442151930508,0.08153222468964708,0.08937731197250622,0.08267456954227693,0.23506870424784804,0.18108591323574458,0.09136841064764224,0.15804274283506312,0.09010733055252611,0.1285455364880876,0.1165396956658511,0.06880410268208394,0.12885100267915306,0.06681668765406645,0.021364630903399358,0.02589866341573466,0.0986974507887258,0.10340712968003156,-0.04976022521336184,0.03176957293647531,-0.13661593474495953,0.060299276830001636,-0.025433232991250023,0.04741652994274364,0.05215432608656055,-0.04652346386091684,0.03586333472678157,-0.05893628826058201,0.014085539618820541,0.012978801311005832
0.009756015475237663,0.10794834777007296,0.07547385008071167,0.16070876292231023,0.20491342077292474,0.11810122616023896,0.20939017806059568,0.12755208038753282,0.09124793855466846,0.11800476395243738,0.22066027191845014,0.5168395186006857,0.057551658435534996,0.15079128359857608,0.14552051803669236,0.15785231497915655,0.13160064147515554,0.17647409474170322,0.05855942789811429,0.10705209336603423,0.10106164670228703,0.10192755973823561,0.1563774288414005,0.12734280960732555,0.1890777622154375,0.13281210676467553,0.16340951367527787,-0.02077243083948724,0.1586294207901066,0.01888702958787706,0.052609066589093804,0.13596570648676706,0.1028875912986099,0.2411010563196476,0.21439903400503246,0.2240989607036799,0.11457290999584296,0.07233789853216176,0.09986727040177178,0.1314801312918008,0.07186028887250856,0.12446987118760064,0.10811857386314958,0.002863975113831782,0.015510737389950043,0.13493441318372182,0.11573907194667765,-0.12245483839415458,0.18933440901872547,-0.13783002654326815,0.061632609779857815,-0.05634863408319602,0.06291070208096522,0.05516297765528057,-0.16164802707580567,0.062042462794532606,-0.13333795932504217,0.08207442568619253,-0.07970974272349539
0.004781420997770103,0.042108398671366475,0.04182798297696252,0.044532958644083555,0.058318940571781254,0.0646582422913262,0.04105958025968884,0.05310312948459718,0.03257601281448282,0.0684551261804527,0.078776459670062,0.057551658435534996,0.16594822708438772,0.049033956049639414,0.00767539854834583,0.04561212937639187,0.07044924631649778,0.045465445615190454,0.04948491975536741,0.05247192265599302,0.04076975110463678,0.049127597215963,0.045139538839314486,0.0605263405557143,0.04989191022786893,0.0654826586314594,0.0542173328477895,0.06379413703593025,0.05646049594616898,0.017363798254531215,0.03931014767863032,0.060433201238611886,0.05688340506436375,0.07562133324389275,0.04757596369248142,0.036356162951986015,0.0568826612851099,0.025849511202139866,0.0788677152064927,0.03488391976264674,0.017048836656032827,0.04339373693122455,0.05333332742510112,0.013949390050845636,-0.02302009158668233,0.06988711544555491,0.04299166776957428,-0.021735693433462662,0.051278137270235155,0.014940967836087398,0.005952943113367293,0.013285989596257501,-0.003508209702354753,-0.026721813214667853,0.014258953480035596,-0.006603418218646822,0.021465590957328348,-0.02848393038130614,0.005530154252893669
0.016443239630579518,0.1614937248642644,0.08827850884393382,0.1117412987862126,0.10921816058715306,0.11295935965961629,0.2700149365397962,0.0502483539651765,0.24792667224457168,0.07426409160849129,0.08935785806773364,0.15079128359857608,0.049033956049639414,0.609125103547503,0.16186897890696203,0.2828773803100255,0.14448196417992543,0.10842400519261154,0.00931883614360628,0.24548508056505253,0.10719148474749081,0.2065990656194693,0.1431171355615691,0.24952349065178392,0.09835177783114847,0.22923930448107652,0.18461216134309102,0.2676502946510672,0.1556754838180752,0.2028543208420604,0.16880913474437265,0.340979898900501,0.1917154301243877,0.1575380168582374,0.13943149573718347,0.18135361556233526,0.10306063396818285,0.17389488507434508,0.03969767847469411,0.1597780399100838,0.09072153318587038,0.2115239778193455,0.3421361364317292,-0.003293695967427631,0.11697737451651878,0.15994519368927293,0.17729691153978647,-0.10985935520045235,0.27425913842686606,-0.12156501220840292,0.06070902525426689,-0.19753276221900182,0.11618814677373987,0.06370207803172005,-0.14095898014227579,0.023930748896280406,-0.09129540433553897,0.1624392556433215,0.055130915617121364
0.040119944261443004,0.2950692806838916,0.19698805495772362,0.14208112326927583,0.19504441169470732,0.24880043601268212,0.056780933184143983,0.13602145216806727,0.1257106723428725,0.2232851278357295,0.2234945436282988,0.14552051803669236,0.00767539854834583,0.16186897890696203,0.7820961295215406,0.1569194518653822,0.1883675822254282,0.1757382567265178,0.023281504338267065,0.2485707989191026,0.09939513311791709,0.03285163668197314,0.24774324946809306,0.1814882922516584,0.2433209015393706,0.17957110952427616,0.1567638292942875,0.3126030259123361,0.14668508809348718,0.13619761616239007,0.12664528843286668,0.1312330701284449,0.2039717605638732,0.25666126764835373,0.13488698243382838,0.14324214197898144,0.25999434723505227,0.11999367054359153,0.18328321663859634,0.1293980593250898,0.1060152794780488,0.18995646063296454,0.06854918031667777,0.022602188635193133,0.05940641412345474,0.19822319281369669,0.18441441157799046,-0.06437852000238792,0.13993144417845832,0.11308877814259935,-0.006816793328512242,0.010315937079097635,-0.03198477822138402,-0.003076300003230433,0.010195314223277165,0.08462296131900457,-0.04816586706253307,-0.0011993875357666109,-0.0676300995461381
0.018284375182138345,0.13953568242015515,0.0876336783221853,0.15125787652994208,0.1714741289763288,0.0953433587931634,0.24619396887506567,0.07229518391905876,0.16390990321635054,0.1126893578440872,0.12027328441097904,0.15785231497915655,0.04561212937639187,0.2828773803100255,0.1569194518653822,0.631856360703484,0.18859680451047417,0.1247597003921703,0.05695143134839126,0.19147939966109842,0.08955124956846001,0.17461622258571366,0.17865214542594698,0.1946102682948458,0.17815846830003687,0.12697914486806505,0.17942801254331778,0.2801990979318788,0.1757918472701256,0.13855353645741061,0.12213093803429431,0.20971180206120352,0.1275127182188057,0.23247073507356122,0.26602967974696085,0.16174533009935757,0.20745775274114353,0.12954482104423157,0.14427762512134315,0.15249179122057066,0.10941316836467091,0.2354486477037908,0.18431827637895207,0.01609336948389728,0.09439227843635527,0.1313170973523178,0.15107479481845174,-0.09850899730249853,0.15532541893143742,-0.2030248887840335,0.02381697739688378,-0.009271095978295724,0.10185628171408602,0.04853356653284019,0.030790599722951697,0.009265704930303325,-0.07807511143422197,-0.050786900052686434,0.12632445263665876
0.004082195461316388,0.13946182149369743,0.18927911643064657,0.06907422471552409,0.036516007360106455,0.11509803478639047,0.09039527842278185,0.19237034793669924,0.1016037505526696,0.2313250355760273,0.2512145232110719,0.13160064147515554,0.07044924631649778,0.14448196417992543,0.1883675822254282,0.18859680451047417,1.0357587231315022,-0.0009379119339892305,0.09050720589475791,0.3457439108206868,0.06786170115094911,-0.052822284008899496,0.0739936306767367,0.14232316394259983,0.18602077483661142,0.05158029783229125,0.1667092888782961,0.3756819517539454,-0.08537642425682564,0.13309117816188828,0.14918879256641288,0.08729097878763036,0.16242752231305418,0.22159050453016327,0.18551018576997844,0.1164760828447262,0.3306833285776523,0.17778258840076702,0.053716804845639725,0.13590946624151792,0.140796444989132,0.17453769397599364,0.16026518725515687,0.06527862914023282,0.04105715180783519,0.2098750579570502,0.14348209691884728,-0.09155683106151877,0.059406429004736666,0.22975843517503627,0.035200882762027964,-0.29057886275877315,-0.12447112362175633,0.016374425587703877,0.16315371436028428,-0.014470446207166782,-0.030499494466879426,-0.14115765104430777,0.26592086056407704
0.014114044912896292,0.1757693981094024,0.10814421173841966,0.16855979205542077,0.23970367835970638,0.14480057185923356,0.1486219656417609,0.16782746180035416,0.1363817319729714,0.14321182173687116,0.11652471070340159,0.17647409474170322,0.045465445615190454,0.10842400519261154,0.1757382567265178,0.1247597003921703,-0.0009379119339892305,0.8406276238711825,0.024614862506817683,-0.07673112543493735,0.20157911287283456,0.2449471649222762,0.5012974028149181,0.2030532257655759,0.13683900411613684,0.24725321402018377,0.010038535610321177,0.25795184602137106,0.16189259164819614,-0.06755093209377896,0.23721332749375112,0.12104164930170914,0.3689355494816146,0.2536912995497631,0.06278503648254738,0.08699664951192021,0.19013725706066073,0.006358215416160519,0.13583601450733448,0.15098051617905914,-0.04954150199994097,0.11504706633923215,0.24253316447469445,0.006509264760522667,0.12854146080629156,0.24882366443566503,0.3412528537440905,-0.04776020317391056,0.10050105596794225,0.13626937542701012,0.1713663140670459,-0.16333913662948807,-0.13818482278760907,-0.11639426878289166,-0.07778741186614115,-0.003100407180700651,-0.0378630713925072,0.05969878703776227,-0.10718451546839182
-0.0010539438919975298,-0.05213502073661703,0.10203567300594835,-0.0012704735789856652,-0.029406314469336246,0.19251528730783338,-0.07590940953487572,0.14702360172142542,-0.03074060517116149,0.11235843299820877,0.05719241284921948,0.05855942789811429,0.04948491975536741,0.00931883614360628,0.023281504338267065,0.05695143134839126,0.09050720589475791,0.024614862506817683,1.155803555403485,-0.19704651566958273,0.1948850477964935,0.34445088095869647,-0.29098653792697743,0.04173125286224755,0.03689415385897972,-0.16028372208176497,-0.002990416399956479,-0.06153192479822307,0.2814966691530518,0.18307260272213519,0.11154339798225522,0.0577521913110348,0.03710098610972683,-0.000727682143325073,0.1081065550920827,0.08358056612448594,0.07265297153820537,-0.04349557484457104,0.1759867772406402,-0.0840388173517703,0.19298973590525598,0.0013386787128358045,-0.024730524216354043,-0.0005793595772104553,-0.016377010231617604,0.02971247355524488,0.08256457416901387,0.1283473584246645,0.1453173378237311,0.23999480731651213,-0.11814481806718012,-0.04577444726152517,-0.10304655444615154,-0.0071512709304438395,-0.0699562094700887,-0.029371029033001504,0.03477847115135151,0.08410074565113812,-0.015396083839075704
0.010082066872119367,0.2627066428403915,0.13539842228073878,0.09069852398138668,0.1059093424652854,0.13118816005883602,0.10970602335764207,0.11261526770057546,0.16397365581351203,0.09824239809972155,0.19595330637605532,0.10705209336603423,0.05247192265599302,0.24548508056505253,0.2485707989191026,0.19147939966109842,0.3457439108206868,-0.07673112543493735,-0.19704651566958273,0.9814480003014807,-0.07920038315563638,-0.09787431202546586,0.07311093594013124,0.23679553951138937,0.1577102372219381,0.30199089672181656,0.29632517700635386,0.5009126484860855,-0.09729328747919287,0.17335773795414786,0.16928575105866212,0.1963526507090426,0.25909247055065526,0.19943772495170403,0.10446565021931738,0.10533767913726545,0.4196111268941583,0.42076253697197674,0.30833008486125935,0.2707138083148079,0.0696143277105825,0.28899725615950045,0.33616992385941785,0.06469350826973486,0.30318268132474396,0.15024610798526783,0.10322462240460335,-0.01001956272450802,0.26001390868779795,-0.09762895959517523,-0.005362387684161588,0.09862697045901325,0.07726355489750296,0.011431394317160198,0.0668842010152656,-0.010763852301559585,-0.02058201463014583,-0.013911299752149104,0.11361709626697145
0.006210952917069659,0.14132223890056902,0.1295040621663564,0.09033431610426064,0.07943849833608803,0.11669282160537021,0.11174372982229257,0.16370443706359739,0.16183685984963364,0.07089056768153564,0.11169291721602234,0.10106164670228703,0.04076975110463678,0.10719148474749081,0.09939513311791709,0.08955124956846001,0.06786170115094911,0.20157911287283456,0.1948850477964935,-0.07920038315563638,0.8694785352576276,0.07170306764436807,0.04815016971243326,0.0619447932040558,0.08326644092571656,-0.06776960629916899,0.00010166399024958065,0.1378842988643539,0.20606677849451174,0.2791703137768295,0.16850432989884578,0.08675721112812143,0.03163806048789039,0.1736826396461894,0.139425221603661,0.22926567200389278,0.038092271049293414,0.053591156993885086,-0.08609157773696825,0.10101043680866055,0.30717387664818846,0.1222807831307389,0.029223075614241735,0.05841477394777834,0.3060799723621351,0.2443866101492395,0.24157864157316644,-0.11811724775979571,0.05455490763637689,-0.12005362055103969,-0.008591191044824639,-0.05238341209639261,0.08444646616448383,0.009479768118591978,-0.06837653629530387,0.023134615324771686,-0.06532563451611903,0.07640542772387168,-0.026520897792912
0.03045649532845252,0.07756134902609732,0.1517514006824749,0.09356695650191553,0.07039587247489075,0.17716118012299528,0.16830345469908337,0.08369948836449992,0.12532668672751754,0.07166528710974115,0.025151652781808986,0.10192755973823561,0.049127597215963,0.2065990656194693,0.03285163668197314,0.17461622258571366,-0.052822284008899496,0.2449471649222762,0.34445088095869647,-0.09787431202546586,0.07170306764436807,1.7506725725516716,0.11509477785337317,0.14065403932491224,0.0047271195003085855,0.05775422079219616,0.12174149235754637,-0.26511620720041956,0.6903450176544165,0.006301579102107759,0.16793492233512894,0.2887478929626006,0.03512689526271545,0.17704037956052285,0.06871309093787002,0.007821458560576837,-0.046412324569700944,0.03698970549607803,0.3264083409536537,0.09430011589029798,0.04838142785914549,0.06560645492153667,0.7554120296202723,-0.09731577695776648,-0.04889071576787509,-0.014191565228160497,0.13854641729512487,0.02595163901211195,0.18796401686559916,0.14092166804624465,-0.026247703477251732,-0.20639282744630205,-0.027743425589991908,0.07148135631020305,0.07949555592234185,-0.007049199057784976,-0.10616325708834518,-0.04727421843100773,0.09894332770042859
-0.010217172705290644,-0.09757872628861562,0.023926518698247103,0.18405385144946945,0.26164793021002203,-0.002533106179619989,0.2849553520739028,0.11177533889187634,0.22351067455967055,0.15786472123215703,0.10311289437262613,0.1563774288414005,0.045139538839314486,0.1431171355615691,0.24774324946809306,0.17865214542594698,0.0739936306767367,0.5012974028149181,-0.29098653792697743,0.07311093594013124,0.04815016971243326,0.11509477785337317,1.6810278636588425,0.3963222081873066,0.46358847521270824,0.19915580647505107,0.0849600937454193,0.2551256400216406,0.1884149876730353,0.09258284447242882,-0.07252211834024588,0.08098097449398439,0.5886846253203684,0.3679617332604807,0.01022814506981276,0.09098721374952715,0.5106500316461089,0.013080804747365742,0.5348808690881073,0.34430297565312057,-0.04560315414149192,0.19166954287837867,0.27499984798509003,0.06821394538086326,-0.15492744961644844,0.30819411561379967,0.3216101245108439,0.0110784296149523,0.30039215561284643,-0.13333282863819404,0.09474507662373585,-0.004545686433543199,0.16839622563616047,-0.10987948827016296,0.054965467135472006,0.007360185538403543,-0.061470510126559824,-0.07305791288251973,-0.035193680704871465
-0.017611894320945367,0.09100888134128475,0.10213084058720755,0.0962150947187306,0.1272697619263214,0.09648834477934201,0.1720475214244821,0.10761807491212406,0.21065017862283852,0.10258980830184727,0.10305538740429936,0.12734280960732555,0.0605263405557143,0.24952349065178392,0.1814882922516584,0.1946102682948458,0.14232316394259983,0.2030532257655759,0.04173125286224755,0.23679553951138937,0.0619447932040558,0.14065403932491224,0.3963222081873066,0.7428155079234326,0.20518277616317976,0.11191045989404987,0.1956161980986485,0.38854171818946853,0.17101176716127497,0.4534223229740115,0.27927541095062364,0.2768410647531918,0.750600042421091,0.09481407177479798,0.18230640613051138,0.18837894809763264,0.44995215049988946,0.182023061734989,0.06129144311201186,0.180954643243264,-0.014144932797399373,0.27207385738333256,0.18899597253995104,0.019850485006730114,0.10942223043088917,0.3653355944935745,0.3288332982879119,-0.24745195187133198,0.31282936613214496,-0.16522720089979126,0.02008728020012474,-0.001028240617186698,0.10092574311609105,-0.04620168197750124,0.050492100770739824,-0.12139259715801332,0.09891490075523911,-0.022026565932362782,0.03006079119346616
0.015486660582816137,0.09981007010607075,0.16229161226335426,0.11257780259149645,0.1032872289514082,0.10295587981165175,0.15152125041120892,0.16707390025925623,0.10922587518859031,0.1905452837878198,0.15286516631049818,0.1890777622154375,0.04989191022786893,0.09835177783114847,0.2433209015393706,0.17815846830003687,0.18602077483661142,0.13683900411613684,0.03689415385897972,0.1577102372219381,0.08326644092571656,0.0047271195003085855,0.46358847521270824,0.20518277616317976,1.1273363123227462,0.0726579786665943,0.15091718388180037,0.07425839619906198,0.4385962689510354,0.26104711004272685,-0.12752917797119392,0.08304062851210975,0.1568348495406466,0.3429586208495025,0.2373022573675865,0.2941209001547222,0.4211252253780943,0.0959174060797337,0.4110743989312461,0.15364297289053777,0.17600142487914502,0.1524350954633201,-0.01976307603221395,0.05684277815969283,0.06239738291219748,0.3769063795552453,0.21545105972526402,-0.28474981207699746,0.06879289811269795,-0.2740190570264872,0.10015101110755621,0.10239429482657555,0.1814462464601005,-0.03200740721840171,-0.0718861018273626,0.06633400782324997,-0.010441331199405105,0.026095835054705977,-0.15375322120454493
0.013131030339821081,0.13106594073393904,0.09950265565745038,0.1353170750225533,0.177030530165098,0.21080508508449006,0.16554126936079158,0.10491180372680628,0.2569140906079303,0.08847395217104057,0.1471939415333294,0.13281210676467553,0.0654826586314594,0.22923930448107652,0.17957110952427616,0.12697914486806505,0.05158029783229125,0.24725321402018377,-0.16028372208176497,0.30199089672181656,-0.06776960629916899,0.05775422079219616,0.19915580647505107,0.11191045989404987,0.0726579786665943,1.6253208892115314,0.13849117566190386,0.3908303474222798,-0.16648432531120708,-0.3819199886141258,0.14988919773986836,0.26522407764737327,0.25095744891719923,0.22893989751965696,0.09463525146767383,0.009569050955157926,0.07331438160008405,0.14954227252407176,0.11810329154237052,0.21214394128447922,-0.17207660628606536,0.30474949285192693,0.3196655488816594,-0.019700447008684695,0.2133278824416945,-0.017517102789132596,-0.0207196229191842,0.0567262193599676,0.17784852806015292,0.026215101073461384,0.2312207208437875,-0.19845871485120622,-0.09222820059921077,-0.03162722310212046,-0.08989721864894486,0.06794034862859648,-0.038577580367762196,0.15570934069861403,-0.15737065008000045
0.005318201789501768,0.18751616840688418,0.11338554499211274,0.07084046953012796,0.03663114772582503,0.11190527513854173,0.1399141749969487,0.11681218752972283,0.13873423961167222,0.1318419424100139,0.13899503580099518,0.16340951367527787,0.0542173328477895,0.18461216134309102,0.1567638292942875,0.17942801254331778,0.1667092888782961,0.010038535610321177,-0.002990416399956479,0.29632517700635386,0.00010166399024958065,0.12174149235754637,0.0849600937454193,0.1956161980986485,0.15091718388180037,0.13849117566190386,0.779484759601978,0.207623204828446,0.08533118839808755,0.07742694623704408,0.09746625395109768,0.1979907340581708,0.19659508570546472,0.1896190308334664,0.23294831506301192,0.19364356033730815,0.22698993277500068,0.16018579928893145,0.14787899280879752,0.14557058138702972,0.07198985203215147,0.17692886714132228,0.21130982014494817,0.005753317982317767,-0.009464913460018971,0.19077176221502468,0.07461050805849895,-0.12875834757731022,0.23860751025765084,-0.14251324605962332,0.014206946378825611,0.07932939963129391,0.09855074171092981,0.03309239228292048,0.07235165292197557,-0.020976604883336684,0.003444791669897294,-0.06676617275841129,0.08981637934518256
0.002737173537782607,0.29387788805916754,0.177886390682343,0.0729225546766445,-0.007452289676973241,0.1844555053440635,0.10937801007102055,-0.04916960945541789,0.313127891617545,0.15821026749454045,0.13751056220333743,-0.02077243083948724,0.06379413703593025,0.2676502946510672,0.3126030259123361,0.2801990979318788,0.3756819517539454,0.25795184602137106,-0.06153192479822307,0.5009126484860855,0.1378842988643539,-0.26511620720041956,0.2551256400216406,0.38854171818946853,0.07425839619906198,0.3908303474222798,0.207623204828446,3.753977508442628,-0.36528252637400854,0.11349202742505347,0.458054275637137,0.2422742372383062,0.9774953260958545,0.20645556829102701,0.11873621130465846,0.021349826847375616,0.41057395668485214,0.27684366219576045,-0.07799250692403624,0.10653061248603556,0.09992598094811651,0.5113046948476574,-0.014358179556098662,-0.03831698433765158,-0.020658051564777416,0.32422975877417043,0.2085747057584281,0.07918496218194722,0.16729188519231275,-0.06707245121111689,-0.04373268556830871,0.3010954865675022,-0.0913306578798655,-0.1747229357267681,-0.004169458631492851,0.07738901484700571,0.07224033492425881,-0.01708570162694503,0.01955544807979341
0.06264740274510615,0.10053696076142307,0.2556088537058099,0.09535134281629623,0.10528651827612463,0.29290686329876997,0.1089447792291032,0.1492405740034847,0.09494820874488975,0.03492144234413742,0.08232909917718859,0.1586294207901066,0.05646049594616898,0.1556754838180752,0.14668508809348718,0.1757918472701256,-0.08537642425682564,0.16189259164819614,0.2814966691530518,-0.09729328747919287,0.20606677849451174,0.6903450176544165,0.1884149876730353,0.17101176716127497,0.4385962689510354,-0.16648432531120708,0.08533118839808755,-0.36528252637400854,2.7681733537159143,0.300793045682096,-0.1784976668727601,0.19603486606833176,-0.18436610547119403,0.011898306912200793,0.25270253354635414,0.21937576582538842,0.13251277577285514,-0.1519656857763595,0.24336035507512693,0.046614125927601335,0.28481511389834496,0.02109931848958612,-0.40847763689062144,-0.17136725778042625,0.26730172676884634,0.38706127805772306,0.254427190470033,-0.4446613457709628,0.2528591779179829,0.2807354933886551,-0.168567757024042,0.17457377913195263,-0.07837156907809882,0.08071593904114006,0.29595574694212184,-0.17614427140374753,-0.09284609554909626,-0.04768488545717776,0.19634024603823705
-0.0011133303882638961,0.08226091085831705,0.095321062945269,-0.029964810300307867,-0.18892104746920685,-0.02281093983347074,0.05721643928534027,0.14898219355083692,0.15318833925431732,0.07982957109241991,0.026461442151930508,0.01888702958787706,0.017363798254531215,0.2028543208420604,0.13619761616239007,0.13855353645741061,0.13309117816188828,-0.06755093209377896,0.18307260272213519,0.17335773795414786,0.2791703137768295,0.006301579102107759,0.09258284447242882,0.4534223229740115,0.26104711004272685,-0.3819199886141258,0.07742694623704408,0.11349202742505347,0.300793045682096,2.1894376660156465,0.20420191818928332,0.1738091368162763,0.24820583174274127,-0.2156585635502681,0.33663986777675,0.40395094666142184,0.0131699368452426,0.25270085958762145,-0.1008647244558175,0.04472066875858954,0.5982074006760716,0.17220443252761436,0.1197397752907602,0.12172393022558861,0.4334086535387868,0.6770204257335413,0.8582387701544303,-0.20530060175088904,0.5204785155740711,0.06889097199247186,-0.21421805856820939,0.09838400864978732,0.027692918953016146,0.05512265196670908,0.27689559708412465,-0.15855625226294798,0.08290365278253474,0.10339613421844973,0.041580681790382844
0.0201003677870178,0.19730261875149702,0.15774385924639772,0.04843276316863713,0.032348769514422344,0.10619165892921037,0.082393676711872,0.05874677039308384,0.19492522102232235,0.13252491619144463,0.08153222468964708,0.052609066589093804,0.03931014767863032,0.16880913474437265,0.12664528843286668,0.12213093803429431,0.14918879256641288,0.23721332749375112,0.11154339798225522,0.16928575105866212,0.16850432989884578,0.16793492233512894,-0.07252211834024588,0.27927541095062364,-0.12752917797119392,0.14988919773986836,0.09746625395109768,0.458054275637137,-0.1784976668727601,0.20420191818928332,1.3789351766286846,0.20671003979715766,0.6148842715652394,0.04173183888207072,0.22408987600623584,0.2996699736902896,0.20047147998690532,0.2340719008438515,-0.167450694642992,0.10924780755958206,-0.06473680270996457,0.24029842312394192,0.18160516683840627,0.018506009031560404,0.2791283221285261,0.3635088084497508,0.22959263560813478,-0.24754784274814415,-0.06600439869273045,0.14108938379773592,-0.053996412004947925,0.01873613316995894,-0.14235709387389106,-0.053977165708619754,0.1763529063481423,0.012982158800714242,0.1148264530265945,-0.09977874781279096,-0.05544905659081633
0.015623672641161445,0.14632850586723367,0.08749286306725582,0.10608003276690799,0.11734588792408118,0.17264324773692846,0.1894462179198763,0.03895199500656098,0.2207934644864105,0.1044631166923264,0.08937731197250622,0.13596570648676706,0.060433201238611886,0.340979898900501,0.1312330701284449,0.20971180206120352,0.08729097878763036,0.12104164930170914,0.0577521913110348,0.1963526507090426,0.08675721112812143,0.2887478929626006,0.08098097449398439,0.2768410647531918,0.08304062851210975,0.26522407764737327,0.1979907340581708,0.2422742372383062,0.19603486606833176,0.1738091368162763,0.20671003979715766,0.6204319296117288,0.12837920105745634,0.1406892055553635,0.10702436683655582,0.14436302840459223,-0.0024100492638434515,0.15811523709512937,0.07320930201301809,0.12099085940032238,0.04274020833164923,0.18980526001777182,0.2774408614123887,-0.014623618225788025,0.11490642851911828,0.19256227621604755,0.16760595363544079,-0.10734381921038504,0.17860030998988058,-0.12910435625050645,0.06848054134638933,-0.04681897898505341,-0.006256871383547987,0.018644253547659213,-0.17538527735365364,0.00924274355341002,0.16740727251238866,0.1485226796514014,-0.2435516594014598
0.006845366126923903,0.10092192631906417,0.11554455900356198,0.0837399905498104,0.10783298905974081,-0.024127326513086047,0.14788157994480092,0.07108504277841522,0.23601923656759313,0.07644467669815193,0.08267456954227693,0.1028875912986099,0.05688340506436375,0.1917154301243877,0.2039717605638732,0.1275127182188057,0.16242752231305418,0.3689355494816146,0.03710098610972683,0.25909247055065526,0.03163806048789039,0.03512689526271545,0.5886846253203684,0.750600042421091,0.1568348495406466,0.25095744891719923,0.19659508570546472,0.9774953260958545,-0.18436610547119403,0.24820583174274127,0.6148842715652394,0.12837920105745634,2.080753306995835,-0.1639551271235851,0.00995965724291066,-0.03168141504795372,1.1750557584846257,0.22341859447188292,-0.06390079948087941,0.26454090167565564,-0.4055459160742893,0.4650498551344772,0.1708465135542707,0.01382701300932697,0.13443881079958778,0.4865869594447481,0.3636528432634053,-0.49580504732065644,0.2728158957567719,-0.09923529806339555,0.07525502312152871,-0.029756567976549658,0.07779938875333739,-0.21091228232842893,0.11412429297095893,-0.06142261750707304,-0.041186909803905464,-0.11180402054961197,0.09971667912011337
