1.1495209807479903,0.20679144076475556,0.3513935045126191,0.07919151703637839,0.07455544404274497,0.07529501959888932,0.07111041555650088,0.1150721944948372,0.06950655826375411,0.07946856168276499,0.07930017070236936,0.09129706499465057,0.04272110037182298,0.051752255073143474,0.07974697913478189,0.017326270595828506,0.03811745323489962,0.14303425058987626,0.022581195182085286,0.07625320078971537,0.04206937155658071,0.018952270749067395,0.07257506316061361,-0.022265511613088134,0.07206618102050782,0.07861404718559457,0.04976015463772457,-0.0020209869367355682,-0.06875680550439425,-0.026251742111471688,0.06281099821059426,0.0332871439425477,0.08272591802069557,-0.16818119774915996,-0.08724270957218846,0.06638343827522401,0.029580007038736325,0.08218077699035496,0.00624658323198139,-0.039036213182353355,0.07812134831355318,0.034914021404626634,0.000681508879546767,0.02903333723570681,-0.04711948317934761,0.14661181290376776,0.028098046882050785,-0.04607815738326428,0.006436567689311536,0.05581840540049244,0.1719960717196735,-0.07959966167400333,-0.04284771593418844,-0.042246790807147196,-0.0015434119696313183,-0.03139707501811901,0.08267732595665717,0.1486343791186892,-0.206719944237504
0.20679144076475556,2.4692360989210758,0.7043686548945968,0.18503595266403214,0.24151089962402544,0.2557184900282491,0.337310893322661,0.2587002299523019,0.29093653367612554,0.30310988590045546,0.29708495070438445,0.36232973662640383,0.17909533846997597,0.2826792179434987,0.5694152282004492,0.18026419272121738,0.3281665059790623,0.4633257926059039,0.006268033342732176,0.450216354180225,0.3067127178981851,0.061898402257988136,0.22669613988554224,0.17807413628009414,0.20193871543320385,0.16815654948470773,0.24033129221838828,0.17592201660490325,0.25202211944705677,0.24440742792333955,0.2756297625251299,0.10572078576499913,0.28900850219375696,0.37547031359553223,0.000289079129423188,0.4725566545504459,0.5530177328221895,0.22455006735050478,-0.05265677559820618,-0.18827104519231222,0.4525271411936828,0.3020646509902522,0.3299895480180627,0.10425876524037735,0.1582966153035971,0.31542860415899937,0.32026999197260786,-0.045326650792840484,0.37042542262536815,-0.06829368795001935,0.5526459784014968,-0.13573724353390978,-0.08124590247441331,-0.18554513601263659,-0.2126538289549662,-0.08762492607771284,-0.5502610978238186,0.340436091873304,0.20097300070316002
0.3513935045126191,0.7043686548945968,1.926275989424748,0.1515983339601615,0.061866359414042935,0.40146410130761356,0.2600638845880175,0.40749903964860934,0.5203998535808807,0.49762759805761253,0.3792955280761447,0.4606039718863698,0.19033425915524074,0.23355080916954313,0.2932736245493232,0.20069842998561946,0.38613018740908583,0.4313479780535576,0.28290718928470826,0.40095198165056367,0.27362547625571476,0.22965857776178544,0.35616133422756235,0.2756040535493694,0.15704723232519227,0.24685020841022648,0.2702954983861087,0.14761740131731588,0.1938111109799291,-0.06311042384290325,0.31759444788263047,0.21380492138713542,0.3024014342001267,0.4732917888116162,-0.12926711304814442,0.6299238824337804,0.5412982502774024,0.2370850349170757,-0.17523328031055563,-0.4379262718044715,0.42409051124659347,0.26847991858231446,0.21260030010408448,0.12741876688823675,0.19111254884934248,0.5685647809378036,0.28434188007403866,-0.17275832892538182,0.08413845675442644,-0.01709838128927631,0.4176490601672935,0.0016243555501336522,-0.05044704773480462,-0.2394046243628103,0.12170281411020015,0.09797824879576969,-0.15500047541067463,-0.14328307514253222,-0.09738708301235957
0.07919151703637839,0.18503595266403214,0.1515983339601615,1.198286735332572,0.5075501229274261,0.24124136852671868,0.19122194242998777,0.24569777828122227,0.13194283303692977,0.13220195504804783,0.1697270907709273,0.22823976621824218,0.17882771854673898,0.17098507769544677,0.2161013104215799,0.17875930228380085,0.16288766348525752,0.2839535488293152,-0.12208788589813863,0.2991832701217202,0.17740986147119459,0.06379016435736702,0.24736365254025283,0.1856293648574116,0.15918720423621804,0.2035752517342336,0.15384538138583692,0.08757811121144495,0.1729207708946201,0.10257422457511814,0.1812577850381627,0.14163839829869004,0.09891783409879529,0.3263185154625219,0.08989999329972108,0.26118737500615674,0.2562175258073099,0.1351313664342555,0.1737019161200632,-0.036390818289144596,0.1621326027966728,0.17928177442181925,0.2259553645127633,0.1448552663753815,0.01511535239208241,0.12051534586397056,0.23763328269231,-0.040520853134001285,0.31951667308253473,0.06890004436586236,-0.09158846256971799,0.13238097570675575,-0.09060860173270854,-0.029807499949515218,0.1223510699693136,-0.035541419259158276,-0.26305917694499037,-0.016948406733694743,0.1196069319894889
0.07455544404274497,0.24151089962402544,0.061866359414042935,0.5075501229274261,1.1347446969188648,0.1771581517559812,0.22189123686592532,0.29861500641315164,0.0814105290609375,0.13296652407956933,0.17588869631211967,0.2115598718098609,0.1798159000107016,0.23260548297674227,0.327623163551828,0.21465650291521307,0.13816089664052664,0.22305293143541452,-0.0471647205094914,0.19091536901263634,0.1692601883753609,0.10623974101675975,0.2568368911919975,0.1498103662901244,0.13777335971479923,0.26847011422925493,0.15674349175833094,0.03762425332152351,0.21391100600050683,0.014576146281276011,0.10015147969632227,0.20856005774587194,0.012378381634567621,0.3600746950153174,0.07840897962841253,0.30554007053105336,0.12740583899240665,0.05722035962395908,0.1202043651955556,0.03096452389747643,0.20874987909177364,0.17860266016964438,0.1540578403862048,0.09630429349943458,-0.08385542228770511,0.040159379592826505,0.17474060828872492,-0.03872480896681939,0.5546830043320373,0.020978741843622084,0.06503954394049151,-0.11587334591343287,-0.02910743795473963,0.11668932423172006,-0.044462205700753925,-0.0675022539920205,-0.17632028058126986,0.07053426788025158,0.15769763116997196
0.07529501959888932,0.2557184900282491,0.40146410130761356,0.24124136852671868,0.1771581517559812,0.6908863996133063,0.07344889050375336,0.29162147000987965,0.29824028392782825,0.06549769036824184,0.22129209250593582,0.2452366038300945,0.15936137406071055,0.22142793032127206,0.2119601405672181,0.12020806367876102,0.2460140455091137,0.185110564301223,0.13502714431627344,0.48229118136668225,0.23207769829287564,0.3162092193290342,0.1252762279754009,0.2253889745278149,0.13020227639139878,0.2532237628222111,0.20595423845855038,0.12703328699057467,0.27283691091020057,0.013432857163344579,0.26417278492097895,0.25387747838934127,0.12040633910745721,0.3952943614897659,0.02064116742284638,0.2029736107871892,0.3483347657968693,0.25204984265301567,0.26963789281404765,-0.0018710525983485695,0.13150375403833064,0.21891452973025535,0.30831295050623214,0.13188514786659022,0.11954589535411622,0.12358202679434493,0.2944405833526238,-0.06480207026382273,0.5109552324993207,0.3379061801532965,-0.5086341752938289,0.2865564668920253,-0.21941881598081206,0.01754578209969535,0.060643493991400683,0.0583035128705992,-0.08975052859892496,0.015799171882233082,-0.048685960853007186
0.07111041555650088,0.337310893322661,0.2600638845880175,0.19122194242998777,0.22189123686592532,0.07344889050375336,0.7712447896576637,0.19692704387358634,0.24572678168643677,0.23029658525848595,0.27569395747860564,0.392236750504016,0.22316803373042357,0.23264021870995893,0.23202454079055107,0.3374107557609782,0.3169482472360548,0.29756582581194146,0.03765916580163292,0.2050173213343901,0.26051312464581206,0.33049074457677347,0.3420843510933441,0.29299625239679744,0.18691307866040052,0.1377917322147153,0.22167237304696708,0.10870226995792381,0.21530067238630735,0.2532151841819535,0.21181077408135068,0.20137449629090504,0.29405968643737374,0.424557299693486,-0.028314937615030816,0.5111658377944139,0.313051344332072,0.10849989017553054,0.16326589588025203,-0.06740643321147434,0.3316456530915549,0.26049229946918234,0.2944038499734063,0.08769539087094277,-0.03836874032251321,0.2657056981867455,0.17731868551177482,-0.0646532788431492,0.5016151399031845,-0.07209384082009519,0.35484136965255725,-0.1246776108797899,-0.0018217320572353625,-0.21582508094252656,0.12546272661393235,0.08620751277312838,-0.18176193290986406,-0.03952052002008056,-0.06679248846882258
0.1150721944948372,0.2587002299523019,0.40749903964860934,0.24569777828122227,0.29861500641315164,0.29162147000987965,0.19692704387358634,0.7376490524800557,0.10630258364039671,0.1829035658092473,0.23490390030998676,0.1629657781838123,0.17127885781437577,0.25467457282141115,0.13774104060825282,0.15993432179459885,0.22304378441399086,0.24528492995306442,0.08666321028511657,0.3884448164659549,0.17328719894356148,0.10328041150987773,0.17939780273102016,0.1758502846588402,0.11194225980576099,0.1810253267609635,0.17577541507609665,0.10277136260066454,0.1694969222420434,0.11596183279481036,0.2155822993888394,0.1802363934671464,0.10189594131519424,0.3596739218942896,0.042902119673566115,0.2508634992722403,0.3030926449679027,0.19064906485825694,0.18471954760043716,0.0027992901009281862,0.2190081119162514,0.17538575893956654,0.2736520756683672,0.13990994462535739,0.08296447187600663,0.21115540394473173,0.3036837238587615,-0.06261771217905536,0.4243797945589653,0.11387511178418516,-0.06984317423140654,0.11008642522080746,-0.05962810971881657,-0.04506173061993966,-0.05138519328010763,-0.0015514145865161118,0.005764517990911549,0.21331272453164188,-0.2031687307728968
0.06950655826375411,0.29093653367612554,0.5203998535808807,0.13194283303692977,0.0814105290609375,0.29824028392782825,0.24572678168643677,0.10630258364039671,0.9684704748468714,0.04223399683753447,0.2563458964985114,0.2583070560249817,0.11683519304806386,0.1941440268650729,0.017395769964089446,0.12706610229623377,0.2259950895704062,0.254255934824941,-0.05945742296531937,0.3707237155705178,0.24093118360910862,0.12279159076482302,0.2224760457961029,0.274188368018159,0.1703142493858906,0.2231771442453883,0.18379813450589422,0.09664587773240678,0.14888066871058916,0.12725039116657424,0.2922786116720562,0.17038719612338443,0.22644234022653464,0.3521127721253502,0.00910522706194768,0.34262386935994227,0.3582318973385571,0.20682335194311036,0.03927316442147867,-0.15185788025780056,0.25831966441111726,0.22966941375215275,0.23062017205962596,0.08593147967989395,0.026011858612384538,0.19863202869574278,0.2169465423845653,-0.07782385180031903,0.41257714191676426,-0.016312025453118276,-0.058657916481777754,0.10373757960278027,0.003956754679127592,-0.062265720640216356,0.2613161045809836,0.1689267780719745,-0.08275219206704781,-0.2490941184197152,-0.058872993883426365
0.07946856168276499,0.30310988590045546,0.49762759805761253,0.13220195504804783,0.13296652407956933,0.06549769036824184,0.23029658525848595,0.1829035658092473,0.04223399683753447,0.7571060157625464,0.07817094006556913,0.1569980636494594,0.10364225951981423,0.20829763499738208,0.21116501134900484,0.20639150912469034,0.18537329003804046,0.2517401849559607,-0.0058788370650953384,0.20951518220572185,0.13667582538530734,0.021415223254866785,0.2259287085887633,0.1405805105645018,0.1360745649599346,0.1266910926134747,0.14931261828605624,0.0694897623654117,0.1257815971182871,0.15715109512388853,0.12727605510014697,0.10876020381981352,0.08900437089899935,0.2749821799115502,0.06009906103667113,0.36789105173746506,0.22560965588357493,0.10170042208796998,-0.015023474328463357,-0.0775786890125495,0.3256541221527773,0.1508724964623063,0.11740201483185085,0.08954520385129476,0.03572209617886291,0.20958154030369852,0.2361377129210949,-0.07050220593664418,0.38865544242768796,-0.1641200785783195,0.31545251257101,-0.16663185187060434,0.08264103811785731,-0.04797411695223265,-0.0524328194531525,-0.026382230732892212,-0.03075189289067084,0.00834852900526474,-0.0022315456865904582
0.07930017070236936,0.29708495070438445,0.3792955280761447,0.1697270907709273,0.17588869631211967,0.22129209250593582,0.27569395747860564,0.23490390030998676,0.2563458964985114,0.07817094006556913,0.4856054085230518,0.3418371212892993,0.17554701267425807,0.19294198060426265,0.2542186499582822,0.1756014560655023,0.25591791604072356,0.24256025182514981,-0.03815864452263502,0.348197109973668,0.20126550958081266,0.09416947674040038,0.2299808169326547,0.20237829148125458,0.20633877505070863,0.2025179045635461,0.20896098239775515,0.09263149822933933,0.21638914743479598,0.10355044370003746,0.20377947497738438,0.16764167359471235,0.1391474412167121,0.3490615555546009,0.06910769266993466,0.3446194755397429,0.27911141052995586,0.17434753873703682,0.13880389455336822,-0.031034387974355017,0.2222032522264856,0.2017229717394845,0.22454081944813317,0.0835329866963903,0.0710668623570567,0.2207208501860613,0.22617048945584087,-0.06273633330366851,0.30104659426868213,0.026301763324146264,0.07301883667939829,0.01535995599721542,-0.009931852567451643,-0.09606349699733846,0.055400975529022366,0.07628053760723649,-0.11723240277743617,-0.0036472211741945763,-0.0971578303112463
0.09129706499465057,0.36232973662640383,0.4606039718863698,0.22823976621824218,0.2115598718098609,0.2452366038300945,0.392236750504016,0.1629657781838123,0.2583070560249817,0.1569980636494594,0.3418371212892993,0.787985327222803,0.1712317035080748,0.22096834965790138,0.28101958658620435,0.2365138864862927,0.28844309575071253,0.3231872810769958,0.012999722635898218,0.3044681936754748,0.22312772815703893,0.16040082979367004,0.3647215612170655,0.23479430244057078,0.25404350073028326,0.230425649072157,0.27968190537457716,0.05857327812525994,0.28520935457553864,0.08759092405112341,0.14846377057171642,0.22840907246194286,0.18847245051823486,0.4012077951807919,-0.04829076912850134,0.5134143343107835,0.23927128290371796,0.15279138670142559,0.03286211240277879,-0.10003454999821798,0.32544948288267705,0.22582734988094813,0.21230330837677128,0.04058282572758005,-0.05985436019517189,0.2568529197212876,0.23018094103560566,-0.07834752637083246,0.6782280681703557,-0.2698981385900157,0.4182148235944908,-0.013253783599751835,0.0001577574012286177,-0.14697004832777905,0.09057786592735412,0.1146401364729024,-0.18893015556418788,-0.04385481997014227,-0.13190819488202044
0.04272110037182298,0.17909533846997597,0.19033425915524074,0.17882771854673898,0.1798159000107016,0.15936137406071055,0.22316803373042357,0.17127885781437577,0.11683519304806386,0.10364225951981423,0.17554701267425807,0.1712317035080748,0.369940500620613,0.1520203793231624,0.026076423449483018,0.18336669891544427,0.15147908805064414,0.1684117128613199,0.05976557750459778,0.1927303981435861,0.14525324040909124,0.15106343281889031,0.1545785878365882,0.14783533282320152,0.14189456464478456,0.1832139684591096,0.1751073272783552,0.08028973777414466,0.16681492520184465,0.07202948538999,0.1313715506305891,0.1653552763116539,0.11925761927433322,0.25612950415327407,0.062048501233894736,0.24709988723025758,0.15762459339837254,0.09458800285086916,0.18973959832138682,0.006161731546876375,0.14875631401538583,0.14454102254423248,0.1626892625055507,0.08109383797454375,-0.04561157999860189,0.13744135237756303,0.14870938595062885,-0.048071622740057676,0.31945525547754955,0.07065598103473734,0.005014242391143999,-0.026060928093803122,-0.01213835364813235,-0.051508078242602805,0.06756047420296855,0.010745052888222431,-0.10019282643423452,-0.07931080789592171,0.07134173548390119
0.051752255073143474,0.2826792179434987,0.23355080916954313,0.17098507769544677,0.23260548297674227,0.22142793032127206,0.23264021870995893,0.25467457282141115,0.1941440268650729,0.20829763499738208,0.19294198060426265,0.22096834965790138,0.1520203793231624,0.6618984838986464,0.4260137930776921,0.1991974991801219,0.22246175448781152,0.15059604120948386,0.07021520126942372,0.304212657757598,0.19304952512036022,0.10437798652600508,0.23205359612820034,0.19536203066161417,0.2286126851733637,0.21932166726665392,0.15405660933353593,0.08944235540763297,0.25693450426647796,0.19305731143365623,0.13442309481087547,0.1402673742798993,0.08831487186103217,0.3323778371056381,0.090122698477613,0.30387801265306297,0.34911989053287434,0.14602646823387747,0.07834458938425096,0.0009421792293158942,0.323644299681399,0.197877732073238,0.2694300452950201,0.1207518081055695,0.03403749362771254,0.08923078664090799,0.2802386461671272,-0.049383668436581915,0.7065715021420775,0.06429679704112881,0.04809230042905591,-0.0824854341617835,-0.0718602759137765,0.039359276559741946,-0.20072913282571692,0.05093558214556774,-0.18960117749526695,0.2557261724383996,0.02210646762479201
0.07974697913478189,0.5694152282004492,0.2932736245493232,0.2161013104215799,0.327623163551828,0.2119601405672181,0.23202454079055107,0.13774104060825282,0.017395769964089446,0.21116501134900484,0.2542186499582822,0.28101958658620435,0.026076423449483018,0.4260137930776921,1.421170064973616,0.1791637100232493,0.27856523873936,0.08566180191498418,0.19345869436731356,0.19753495225064,0.19418179183779868,0.1770327036269832,0.34213518574176033,0.217893906799655,0.26900380752962116,0.07085482862532373,0.15720549701513328,0.04004548472591253,0.3961845918105264,0.36061292342060414,0.029194944782790343,0.03561232384257323,0.15013905005609177,0.37409605199633644,0.04697494525464254,0.37139645113495023,0.4851424418339344,0.08439025448681292,-0.01841234457171762,-0.1094744074023288,0.43265344947204476,0.1978071065524312,0.30791446221622826,0.08487443581980031,0.11584101181059121,0.16866507251897672,0.27588218938280906,-0.03693686156120338,0.4153304307296065,-0.4569289903662068,0.336147990992505,0.0862197456662411,0.1550195449815327,-0.06562812426041796,-0.15960533831881205,0.11089003018909345,-0.5073642321668957,0.2419772793378103,0.15579720882632409
0.017326270595828506,0.18026419272121738,0.20069842998561946,0.17875930228380085,0.21465650291521307,0.12020806367876102,0.3374107557609782,0.15993432179459885,0.12706610229623377,0.20639150912469034,0.1756014560655023,0.2365138864862927,0.18336669891544427,0.1991974991801219,0.1791637100232493,1.270275112283402,0.17696307043054138,0.2367243496249083,0.15700929927195503,0.15176272745386163,0.1643837922790474,0.161039031616469,0.28677642781601315,0.2002557680290205,-0.018060022091642085,0.19921705976961968,0.3326640032984177,0.09330332296181429,0.07654424942726702,0.10297203582656667,0.10270994727591692,0.24983905756869154,0.11692310869467247,0.3213697536478136,0.08150741866910322,0.3618382954715748,0.21476374535254167,0.06318687635418777,0.29311837256606466,0.07977631188476579,0.24617930220728793,0.188619875488616,0.31593212595789383,0.12801799909892847,-0.07417296702952761,0.048671083651343434,0.16651473096327332,-0.04771921203745942,0.6179954502990623,-0.14619489936176788,-0.020314528539951627,0.02095156062207331,0.027268408201788018,-0.03305093994921776,0.04289426729734289,0.04114046030337457,-0.25432375746204494,0.011869134148879959,0.12804878217346097
0.03811745323489962,0.3281665059790623,0.38613018740908583,0.16288766348525752,0.13816089664052664,0.2460140455091137,0.3169482472360548,0.22304378441399086,0.2259950895704062,0.18537329003804046,0.25591791604072356,0.28844309575071253,0.15147908805064414,0.22246175448781152,0.27856523873936,0.17696307043054138,0.6261437588099023,0.21330519447887905,0.15293727459815915,0.3163272515113105,0.2417159428043143,0.3529367942927793,0.2095529723149877,0.23185226670773854,0.2095267149039075,0.13940320124937727,0.19935734086535611,0.21478555967213425,0.211296855345148,0.1878035822793372,0.22648493207736684,0.1704377418017118,0.26027584798782516,0.3570268479905421,0.07887318378292467,0.41932896413747117,0.4379187245292619,0.18125059027809587,0.11763447232138817,-0.03543153948134648,0.3358689744607467,0.2502354865823902,0.313315855886528,0.10760808420915242,0.2480797877048202,0.23304444752761858,0.30521520790682916,-0.04512027517461119,0.3256022562966068,0.13715297679952462,0.2161302540592829,-0.027281610149147185,-0.11201480498305863,-0.15064052323868737,-0.06641929663233855,0.060838316700734495,-0.18801558463712792,0.10078934370708924,-0.1218727324503752
0.14303425058987626,0.4633257926059039,0.4313479780535576,0.2839535488293152,0.22305293143541452,0.185110564301223,0.29756582581194146,0.24528492995306442,0.254255934824941,0.2517401849559607,0.24256025182514981,0.3231872810769958,0.1684117128613199,0.15059604120948386,0.08566180191498418,0.2367243496249083,0.21330519447887905,1.2101593633146237,0.024883381120335918,0.2558094669528006,0.28495014793976015,0.058656115007872066,0.6436633554667668,0.15299090052134923,0.238277321466049,0.4875709571878711,0.16435713512067787,-0.05179520034193414,0.18428664848717977,-0.06968024848342755,0.487825051819269,0.2051472163604264,0.047822504407539615,0.4308308117742425,-0.06259677940936091,0.6400704228786868,0.12675394868703152,0.12912785888561412,0.1348123467643075,0.010575508967800172,0.4713967571987984,0.274758936088815,0.1518783349492888,0.06421867671700586,0.02481947907747591,0.2830865588352306,0.389420711267042,-0.0801952286037856,0.46076954611444026,0.3333522946495013,0.7446919326070592,-0.6062332570010538,-0.20443043333406377,-0.1827932210925975,0.07495446039027275,0.036504184317869975,-0.018737370387400167,0.030326601918886566,-0.22075071720553716
0.022581195182085286,0.006268033342732176,0.28290718928470826,-0.12208788589813863,-0.0471647205094914,0.13502714431627344,0.03765916580163292,0.08666321028511657,-0.05945742296531937,-0.0058788370650953384,-0.03815864452263502,0.012999722635898218,0.05976557750459778,0.07021520126942372,0.19345869436731356,0.15700929927195503,0.15293727459815915,0.024883381120335918,1.2245124350429135,-0.3766052393541533,0.06488612154161234,0.595913890333704,-0.00924641867709402,0.05598336977041477,-0.08394243095786179,-0.07300796437943032,-0.004910324465832254,0.06906411926748719,0.09953252343007032,0.03216044925869128,0.07870643161121224,0.07783863486481263,0.24121536146358022,-0.004116476662511638,-0.16540117398515614,0.14234091504875757,0.07267593947754968,-0.12153240064094187,0.0008959179194818552,-0.04326406292919507,0.1361143356474706,0.03145343553505223,0.12053807817908976,-0.043752653716573976,0.21517035055052114,0.05750985927658692,-0.07254774116978527,0.004907570621293425,-0.43348402510601075,0.17638326791884495,0.13539851489077326,-0.019353112477248677,-0.09359096198447951,-0.11015687877999909,-0.12667112195386607,0.04646892984635615,-0.09279922957869295,0.13486669613018545,0.010178939374869595
0.07625320078971537,0.450216354180225,0.40095198165056367,0.2991832701217202,0.19091536901263634,0.48229118136668225,0.2050173213343901,0.3884448164659549,0.3707237155705178,0.20951518220572185,0.348197109973668,0.3044681936754748,0.1927303981435861,0.304212657757598,0.19753495225064,0.15176272745386163,0.3163272515113105,0.2558094669528006,-0.3766052393541533,1.6635886995105118,0.2596866484294391,-0.39528642238660483,0.2525449504413741,0.28963061664780654,0.2725504873954073,0.3801249500253833,0.3812868514963189,0.1752644677592416,0.2867310156021378,0.30599623902788525,0.30211536371271136,0.22369439084950032,0.009815316211555064,0.48400298488075566,0.32471791066602024,0.4688591049179476,0.609835831328553,0.7590223311063312,0.3575951156989324,0.08184892013432574,0.2555423812195303,0.3126826418539552,0.31018963888063544,0.1771758115008376,-0.08761664263068165,0.37351150025476,0.3227309809320675,-0.15736492616144657,1.1895180207353993,0.05712920127368539,-0.3876312817307779,0.21905969653666613,0.0274206649303805,-0.037494749847428524,0.08311830138325929,0.02861338372187204,-0.04159316417559507,-0.07198187517039124,-0.05672616804584217
0.04206937155658071,0.3067127178981851,0.27362547625571476,0.17740986147119459,0.1692601883753609,0.23207769829287564,0.26051312464581206,0.17328719894356148,0.24093118360910862,0.13667582538530734,0.20126550958081266,0.22312772815703893,0.14525324040909124,0.19304952512036022,0.19418179183779868,0.1643837922790474,0.2417159428043143,0.28495014793976015,0.06488612154161234,0.2596866484294391,0.4950303833427621,0.00745909341679142,0.19067302680702228,0.2276421102551932,0.29863315135657736,0.2278616324788823,0.16874994880988062,0.17948509534219692,0.2321506002313521,0.2509636219419658,0.31807928989517753,0.17591288185614584,0.253952703668957,0.35915327488916327,0.17050521937593408,0.46000930999078976,0.44544917758145314,0.16511304062156207,0.17077195304754164,0.04115718299275979,0.42465614807708474,0.42831464265035685,0.2668983012250064,0.059800161503299525,0.30886264636686184,0.17852889907548442,0.3253908587183333,-0.046050362097071515,0.3948336573641111,0.1079447764579155,0.10970792875363235,-0.07542580990190152,-0.048861488633482476,-0.06071307735632516,0.0787614336406499,0.0013666852070289772,-0.1500051227657862,-0.017394696635021432,0.04756050122201252
0.018952270749067395,0.061898402257988136,0.22965857776178544,0.06379016435736702,0.10623974101675975,0.3162092193290342,0.33049074457677347,0.10328041150987773,0.12279159076482302,0.021415223254866785,0.09416947674040038,0.16040082979367004,0.15106343281889031,0.10437798652600508,0.1770327036269832,0.161039031616469,0.3529367942927793,0.058656115007872066,0.595913890333704,-0.39528642238660483,0.00745909341679142,2.699095538541663,0.08011316423687768,0.08963139520125474,-0.14146835266371696,0.2797530330599678,0.12901804447944584,0.07221848078422889,0.5922428043098887,-0.18262721056452108,0.07088644887278457,0.4731661302012099,-0.03207495347463152,0.5731189331406158,0.10523425174814975,0.021957893150467367,-0.2527638458348914,-0.11561229530250203,0.4838076616757559,0.0735486436714379,-0.1012621819581533,-0.004560128328119752,0.3678802087951427,0.11030518900685692,0.29069002321530407,-0.03284410536008445,0.15702781495132553,-0.0006431029624616027,-0.27849461812558973,0.32695868840067965,-0.2978639908878464,-0.0900491547897359,-0.3021672784280716,-0.060074236581548875,0.051201777656653784,0.07867867875976418,-0.26457046424733816,0.038303239637475145,-0.10787408883173975
0.07257506316061361,0.22669613988554224,0.35616133422756235,0.24736365254025283,0.2568368911919975,0.1252762279754009,0.3420843510933441,0.17939780273102016,0.2224760457961029,0.2259287085887633,0.2299808169326547,0.3647215612170655,0.1545785878365882,0.23205359612820034,0.34213518574176033,0.28677642781601315,0.2095529723149877,0.6436633554667668,-0.00924641867709402,0.2525449504413741,0.19067302680702228,0.08011316423687768,1.4658297963171296,0.33783609837559664,0.3810870152747352,0.1846160650946677,0.1882956426938492,-0.3732097312620241,0.5537909165481776,0.2546911017966807,-0.22479168092567436,0.1482867538288655,-0.09264817110213104,0.5683587989015843,-0.21455409490114952,0.9649493868068191,0.19016373373051515,0.08245820183032636,0.070074088682287,-0.09879165454351332,0.5292953940314041,0.20787906453638724,0.10714968664095877,0.1887852195895146,-0.33725870751957515,0.41431637338470273,0.33404273437951487,-0.20583541141013206,0.9809556124687562,-0.529322621741192,1.0001661471974677,-0.5116803426976545,0.228614693886218,-0.1399009208887666,-0.12490552633354127,0.05600512838812698,-0.18925847890747577,0.07543971983265903,-0.06874007895263572
-0.022265511613088134,0.17807413628009414,0.2756040535493694,0.1856293648574116,0.1498103662901244,0.2253889745278149,0.29299625239679744,0.1758502846588402,0.274188368018159,0.1405805105645018,0.20237829148125458,0.23479430244057078,0.14783533282320152,0.19536203066161417,0.217893906799655,0.2002557680290205,0.23185226670773854,0.15299090052134923,0.05598336977041477,0.28963061664780654,0.2276421102551932,0.08963139520125474,0.33783609837559664,0.6173624621541413,0.30169752327017324,0.07152547573224127,0.1791077307732989,0.20476908709726083,0.2287624363643228,0.49501887916179965,0.2726357869638029,0.20459061632938366,0.44672304609979346,0.3478698715264546,0.13635498431338838,0.49103054777376537,0.46948014992081216,0.17336171868017639,0.08866895413832919,-0.11427055341004452,0.38775737205446265,0.23256639906277662,0.44480529956231996,0.20906318373131483,0.223890633940365,0.19143475634187904,0.3069536592366314,-0.06418528708161979,0.55113028654938,-0.13971408974554742,-0.03141318363574012,0.16557276734330773,0.06660279131719174,-0.07628106022800388,0.10797410422508454,0.054085783289128775,-0.08525157786703332,-0.14809712064796735,0.059632471330796764
0.07206618102050782,0.20193871543320385,0.15704723232519227,0.15918720423621804,0.13777335971479923,0.13020227639139878,0.18691307866040052,0.11194225980576099,0.1703142493858906,0.1360745649599346,0.20633877505070863,0.25404350073028326,0.14189456464478456,0.2286126851733637,0.26900380752962116,-0.018060022091642085,0.2095267149039075,0.238277321466049,-0.08394243095786179,0.2725504873954073,0.29863315135657736,-0.14146835266371696,0.3810870152747352,0.30169752327017324,3.0940948806143482,0.383286997393761,0.17682131776888976,0.08435065424631154,1.829603638710718,0.6002654144915552,0.018384382977148638,0.1860218597962232,0.017257064001775124,0.880965534044623,0.36355788254851823,0.5751679492084418,0.7090476036745367,0.2074703493734954,0.5673981370794386,0.21039302143484725,0.3256512528734079,0.2796128270338589,0.27956836779435695,0.085504799022254,0.8961747335007078,0.37276051847231473,0.6223694292777354,-0.1848025533637515,-0.14777801827757372,-0.7200881686248023,0.4984356319923426,-0.28533170735915814,0.36296474313321314,-0.020728549329765023,0.02033683201425862,-0.003569502976593584,-0.0554055170468381,-0.06774687422376571,0.05384219241439329
0.07861404718559457,0.16815654948470773,0.24685020841022648,0.2035752517342336,0.26847011422925493,0.2532237628222111,0.1377917322147153,0.1810253267609635,0.2231771442453883,0.1266910926134747,0.2025179045635461,0.230425649072157,0.1832139684591096,0.21932166726665392,0.07085482862532373,0.19921705976961968,0.13940320124937727,0.4875709571878711,-0.07300796437943032,0.3801249500253833,0.2278616324788823,0.2797530330599678,0.1846160650946677,0.07152547573224127,0.383286997393761,2.46614080260193,0.31089602368508573,0.06176263962171167,0.5033506540881737,-0.8420852071590916,0.2613761816682928,0.5967174650999525,-0.32389771172352133,0.5369741169080349,0.38976402299145957,0.3809622192366755,-0.3527089825883138,0.16911839045994212,0.3679828314289893,0.44697800308929353,0.330359938576441,0.2452068528948324,-0.14955279330971855,-0.09592219456749415,-0.021880928886767365,-0.15393556232783137,0.12799760582387337,0.018739636557523455,1.3256231508979712,0.4379988069481437,0.29004938078117193,-0.5640718354982046,-0.2643598195494231,0.0855664449115561,-0.10053941849280902,-0.03892851449593574,0.013322416766150468,0.044701171373680654,-0.01806495621373489
0.04976015463772457,0.24033129221838828,0.2702954983861087,0.15384538138583692,0.15674349175833094,0.20595423845855038,0.22167237304696708,0.17577541507609665,0.18379813450589422,0.14931261828605624,0.20896098239775515,0.27968190537457716,0.1751073272783552,0.15405660933353593,0.15720549701513328,0.3326640032984177,0.19935734086535611,0.16435713512067787,-0.004910324465832254,0.3812868514963189,0.16874994880988062,0.12901804447944584,0.1882956426938492,0.1791077307732989,0.17682131776888976,0.31089602368508573,0.5027342483816067,0.1263331070088424,0.21050626637132813,0.0770199709115123,0.13217159919427146,0.2939985503086917,0.09719639277535536,0.34742764180946367,0.1359145455408231,0.37474068610347133,0.16277782222226497,0.177889795704682,0.1952929459121179,0.04419540118296425,0.17831959964238542,0.18495774425173792,0.26732537374702237,0.09065215112988367,-0.029028969885968318,0.13837299165577743,0.1773166711711542,-0.08601484994803801,0.6723589909287471,-0.018150757386825648,-0.0972537921292275,0.03912862418835093,-0.001518242173516105,0.026798406722919898,0.06851751912170677,0.032864523986126,-0.0420181907052957,-0.04761606859174818,-0.04252418253111408
-0.0020209869367355682,0.17592201660490325,0.14761740131731588,0.08757811121144495,0.03762425332152351,0.12703328699057467,0.10870226995792381,0.10277136260066454,0.09664587773240678,0.0694897623654117,0.09263149822933933,0.05857327812525994,0.08028973777414466,0.08944235540763297,0.04004548472591253,0.09330332296181429,0.21478555967213425,-0.05179520034193414,0.06906411926748719,0.1752644677592416,0.17948509534219692,0.07221848078422889,-0.3732097312620241,0.20476908709726083,0.08435065424631154,0.06176263962171167,0.1263331070088424,1.0787716859558558,-0.28134063821915495,0.32632417442945305,0.47744056744123825,0.10797940846193164,0.5940822750899551,-0.022129613710793892,0.6277661622253697,0.2608972109982068,0.36533093295654623,0.14756596367166142,0.13931971445475022,0.011143274469442308,0.19467583981523517,0.15251757608342095,0.41962088570892786,0.3106075136551177,0.5842928701041431,-0.10472663893688201,0.09596051232351464,0.0523436454635865,-0.0843066663319805,0.37811456814769023,-0.596147463266438,0.6074252132867223,-0.4658474271003401,0.0328074086531469,0.17800418804589913,-0.0535845009312758,-0.02850642053472715,-0.13642990830889737,0.19494105698404912
-0.06875680550439425,0.25202211944705677,0.1938111109799291,0.1729207708946201,0.21391100600050683,0.27283691091020057,0.21530067238630735,0.1694969222420434,0.14888066871058916,0.1257815971182871,0.21638914743479598,0.28520935457553864,0.16681492520184465,0.25693450426647796,0.3961845918105264,0.07654424942726702,0.211296855345148,0.18428664848717977,0.09953252343007032,0.2867310156021378,0.2321506002313521,0.5922428043098887,0.5537909165481776,0.2287624363643228,1.829603638710718,0.5033506540881737,0.21050626637132813,-0.28134063821915495,4.562701591716131,0.5436814378817778,-0.38699679828518174,0.3982717519545366,-0.6041550631383972,1.4051016254469435,0.2522004709877729,0.6123442335936836,0.44646437976612674,0.05583286393430753,0.03389281098665058,0.13824608279833045,-0.09208364594521838,0.2022653171371653,-0.13018492107223978,-0.2473280756950954,0.812050349227704,0.3683464546543323,0.9448782450062825,-0.2622587114058627,1.3514426076642767,-0.5718111331776107,0.21775339157058832,-0.16190050247197782,0.21723890852247663,0.020674195001695858,-0.15808820118124492,-0.03924545519994387,-0.2924173136066163,0.1408827294469033,0.060527282726713455
-0.026251742111471688,0.24440742792333955,-0.06311042384290325,0.10257422457511814,0.014576146281276011,0.013432857163344579,0.2532151841819535,0.11596183279481036,0.12725039116657424,0.15715109512388853,0.10355044370003746,0.08759092405112341,0.07202948538999,0.19305731143365623,0.36061292342060414,0.10297203582656667,0.1878035822793372,-0.06968024848342755,0.03216044925869128,0.30599623902788525,0.2509636219419658,-0.18262721056452108,0.2546911017966807,0.49501887916179965,0.6002654144915552,-0.8420852071590916,0.0770199709115123,0.32632417442945305,0.5436814378817778,2.4179072935109374,0.21940994843972625,-0.07329944444145327,0.618123528804136,0.14685035148857162,0.44053741575682503,0.4108416914283752,1.027388637194134,0.25531103609704203,-0.3333021411324601,-0.3946157246231581,0.9551884915121571,0.2532410942518256,0.8673706317349995,0.43475614989078337,0.5196400497284159,0.4869615903161123,0.741159483350754,-0.15677087851457347,0.14291339523468954,-0.9802529564004586,0.2647133261944149,0.22885476506437202,0.5011250838637131,-0.041807577077524444,0.04261113566634459,-0.07800866640746595,-0.30090270969145844,0.2712785489694518,-0.013509028194290713
0.06281099821059426,0.2756297625251299,0.31759444788263047,0.1812577850381627,0.10015147969632227,0.26417278492097895,0.21181077408135068,0.2155822993888394,0.2922786116720562,0.12727605510014697,0.20377947497738438,0.14846377057171642,0.1313715506305891,0.13442309481087547,0.029194944782790343,0.10270994727591692,0.22648493207736684,0.487825051819269,0.07870643161121224,0.30211536371271136,0.31807928989517753,0.07088644887278457,-0.22479168092567436,0.2726357869638029,0.018384382977148638,0.2613761816682928,0.13217159919427146,0.47744056744123825,-0.38699679828518174,0.21940994843972625,1.4573844910759506,0.19163810353229152,0.5542690322549242,0.17852264559390715,0.27101856234778965,0.3082052628088913,0.27956992713536555,0.2271868853549682,0.09099111498485488,-0.05960420041219961,0.34288339225373676,0.2909546238899197,0.5342115417102841,0.17627051458402998,0.5393027231076906,0.055088632260801504,0.30274761752147494,0.032849410371061656,-0.26475709183732704,0.6980348177561211,-0.49294435317829083,0.3144381406948089,-0.3667364045648968,-0.07363426430768091,0.2851758893550374,0.06262189960170213,0.10025083028993373,-0.17493499562342218,-0.10724050418867968
0.0332871439425477,0.10572078576499913,0.21380492138713542,0.14163839829869004,0.20856005774587194,0.25387747838934127,0.20137449629090504,0.1802363934671464,0.17038719612338443,0.10876020381981352,0.16764167359471235,0.22840907246194286,0.1653552763116539,0.1402673742798993,0.03561232384257323,0.24983905756869154,0.1704377418017118,0.2051472163604264,0.07783863486481263,0.22369439084950032,0.17591288185614584,0.4731661302012099,0.1482867538288655,0.20459061632938366,0.1860218597962232,0.5967174650999525,0.2939985503086917,0.10797940846193164,0.3982717519545366,-0.07329944444145327,0.19163810353229152,0.8861840236169104,0.006703599860268912,0.49993242237740526,0.13671200794395424,0.32266897425107804,-0.28934916954885315,0.13291790027387348,0.21951128609398893,0.15939712765275843,0.14168695037180595,0.17358716135974572,0.20637571534497104,0.08158188229119934,0.18396797453218242,0.042090657971114394,0.22936453095482823,-0.06118682583539582,0.41577283210088845,0.25054055570821737,-0.06044029980171001,-0.05444697297663358,-0.1629287302753209,0.06496302939940328,-0.08048857486736576,-0.03062413464847155,0.3016257337718207,0.004441675416524847,-0.2599900861528196
0.08272591802069557,0.28900850219375696,0.3024014342001267,0.09891783409879529,0.012378381634567621,0.12040633910745721,0.29405968643737374,0.10189594131519424,0.22644234022653464,0.08900437089899935,0.1391474412167121,0.18847245051823486,0.11925761927433322,0.08831487186103217,0.15013905005609177,0.11692310869467247,0.26027584798782516,0.047822504407539615,0.24121536146358022,0.009815316211555064,0.253952703668957,-0.03207495347463152,-0.09264817110213104,0.44672304609979346,0.017257064001775124,-0.32389771172352133,0.09719639277535536,0.5940822750899551,-0.6041550631383972,0.618123528804136,0.5542690322549242,0.006703599860268912,2.0743386064348117,-0.45376702628028703,-0.4370290617082812,0.24368821079175856,0.8131290384958527,0.09633636304679481,-0.15501421059111078,-0.43806726708052574,0.4840741791869989,0.2186162987487857,0.5404936948886557,0.1939011729155816,0.13635699314272706,0.06532477043823945,0.17079168720155694,0.08007605908045955,0.19122366049637218,-0.08147559065708336,0.09518266993836429,0.2902345220578277,0.03532937295980514,-0.28947609746697756,0.10682035437743352,-0.020502701229265192,-0.22479670538666574,0.017942732275656337,0.1618865674430413
-0.16818119774915996,0.37547031359553223,0.4732917888116162,0.3263185154625219,0.3600746950153174,0.3952943614897659,0.424557299693486,0.3596739218942896,0.3521127721253502,0.2749821799115502,0.3490615555546009,0.4012077951807919,0.25612950415327407,0.3323778371056381,0.37409605199633644,0.3213697536478136,0.3570268479905421,0.4308308117742425,-0.004116476662511638,0.48400298488075566,0.35915327488916327,0.5731189331406158,0.5683587989015843,0.3478698715264546,0.880965534044623,0.5369741169080349,0.34742764180946367,-0.022129613710793892,1.4051016254469435,0.14685035148857162,0.17852264559390715,0.49993242237740526,-0.45376702628028703,2.4072720566062333,0.4080485217070584,0.5905066711875117,0.5715720931967184,0.1217827868116649,0.33884449677707396,0.006552793023599728,0.5133033097091623,0.3782669221177623,0.635515297438741,0.241523918523482,0.5182021101153426,0.28498437594466647,0.6893370441705158,-0.10143822262848713,0.6758609348463703,-0.43556677476531924,0.03242466739815173,-0.02146012042771186,0.16880217174701553,-0.08402923792315463,0.07562723391797195,0.08879287676482737,-0.25558138964973226,-0.06675224757643446,0.055403423336539165
