0.5334853253751284,0.3257046178085372,0.190198422277371,0.03667957299928449,0.1400886510808482,0.029179699673318907,0.16200120553506572,0.041631713136325126,0.04570398446414777,0.06785202332526398,0.0766052194354355,0.10609750922090519,0.07240372474386068,0.0852410767805443,0.05568851997531415,0.051571051409923095,-0.0025389997535179678,0.11208964743363753,0.018308832061248555,0.013743685316937149,0.07237206864746847,0.06735377948779242,0.011517901324753202,-0.056202310306135095,0.059188952141908883,0.09867140293788848,0.053510187888125005,0.011169710187260706,0.07562024883428146,0.020033103217693946,0.04625470409206413,0.057205492165273625,0.060121747795213225,-0.05792442368151691,-0.00971344645965883,0.07283129288173784,0.028277091719842187,0.042261134613028495,-0.004158820403224014,0.0036186989297310127,0.03939153415718388,0.05532012359318107,0.041612498655567064,-0.0018404559400482987,0.06869464238170706,0.08675532085669008,0.01042682984387018,-0.08063969874142608,-0.024959225470481787,-0.05230534285252195,-0.0035398826746608535,-0.02232080561193824,0.03874854324842465,0.024208890588873565,0.09777198104582718,-0.021194080447877336,-0.0005295582085347348,0.0237823233466639,-0.07794168855732907
0.3257046178085372,5.181588773364746,0.1998183802764316,-0.11064398213908716,0.4796146235206649,0.026929127513285606,0.22128555537318942,0.12244478626635474,0.20788335332366367,0.14209974236800468,0.1162479547783523,0.18644740359659148,0.22371964635087768,0.1968574443258868,0.26780178136304217,0.0903859000200765,-0.36344483921229315,0.5106679977870073,0.19993061406129892,-0.08890210466105075,0.4658716944566153,0.03845376792389345,-0.5320605025170344,-0.25968234735422197,-0.01829404564806648,0.5832991121673403,0.16110980758820506,0.2858645598032187,0.5617357246734767,0.007189849586826564,-0.06554957002297594,0.21147630517321026,0.04512411698021757,0.20633839614065408,0.3368529298504204,0.07634527604295598,0.3599778792792799,-0.00795783466652449,-0.29756715623143637,0.031772726354022354,-0.01412094978005184,0.35759982388552103,0.021732992936028334,-0.055299453227407036,0.21722880159439917,0.10241610553028066,0.06607489345814327,-0.13006949275236346,0.012885415299755973,-0.4099896808789866,0.34636153401627573,0.049381351986672775,-0.015957450797958534,0.07061103765951206,-1.414456236867146,-0.0733628798815426,-0.11263514641751927,0.6115290254554192,0.36422778465568667
0.190198422277371,0.1998183802764316,2.0819535881587634,0.17153472944499384,0.17816174205108523,0.45811698699375597,0.2370278571570655,0.35224894222008746,0.2930286999739251,0.36121295291235095,0.40302010647009007,0.37516667728195857,0.3515728734741218,0.1767429324393768,0.28427221444599543,0.21366645564315928,0.3200981803212152,0.2647368531892877,0.21137964946654764,0.296728840768153,0.20402355047355,0.3252236489816086,0.18937716697272106,0.43639542219606053,0.3490721484241016,0.3013472803092403,0.23320728750497713,0.1836485605487374,0.4491757015755129,-0.2784500259466946,0.31238930497916295,0.198854386179772,0.19137008510449566,0.44586649125041233,0.13882543334594827,0.5395140898150633,0.29620096980924876,0.19112233567430598,0.23165877764148568,-0.3201748187750639,0.16478071924644064,0.1803415014923866,-0.046864663855412506,0.007279048786807995,0.01592553534768462,0.5616216755124053,0.17468769402621429,-0.303186228445885,-0.29627177227123247,0.17089932094846982,-0.16230347232664363,0.1661025189054931,-0.0545993528864622,-0.16366081980878713,-0.07268042396145119,0.0175792289305338,-0.2547170183214207,-0.552922949255059,0.5870202279270537
0.03667957299928449,-0.11064398213908716,0.17153472944499384,2.157731012777527,0.3664885114686443,0.27810273188337914,0.43483523924097306,0.38641580624368327,0.15751325222902998,0.3073287747413369,0.30057813205196504,0.360872429175792,0.35320666621954083,0.47318192722800867,0.20413472319538925,0.3343038865863214,0.30852377918491997,0.3652248467531668,0.06963666137222256,0.36050878029549904,0.17692350207876312,0.3061795739542252,0.2756413347053943,0.6446966008057393,0.35525083510606076,0.30596635251273363,0.2624429472546002,0.20053010602568147,0.31029754379811614,0.2512404706304996,0.27744137579126654,0.24174892524557134,0.2647181614852318,0.3407737815296124,0.15209337092840888,0.3033078040787573,0.2598087267030271,0.21306869216905158,0.2909193763360425,0.13414105108628802,0.2104614812852289,0.17154383281311195,0.4111019841573125,0.1211748945301211,-0.05051184141231015,0.3526456341049521,0.3299956077400916,-0.155095286265374,0.49733144020753267,-0.01320553523827132,-0.12044591682948458,0.381094724533212,-0.05779233423685021,-0.15900452276179383,-0.37515351416391535,-0.07199552083092073,-0.2662564177355119,0.7627527906243682,-0.4039517712874135
0.1400886510808482,0.4796146235206649,0.17816174205108523,0.3664885114686443,1.8412171068077714,0.4593213774325262,0.2878527216961886,0.4010195750829823,0.24622522064844432,0.2769630460061995,0.3815504966164924,0.38725304716804454,0.4235179741642555,0.23414218437218018,0.35871107866026725,0.4152856616622818,0.11613314910899004,0.3265149075717559,0.10152054531786678,0.29433116083884103,0.22272937478468707,0.29067139674754244,0.19689235189234533,0.4367082410022361,0.38791107144670456,0.424215119242479,0.23956690893906105,0.08300905012806224,0.4497031625214535,-0.2850096589834826,0.2328305352428195,0.29384594446460116,0.04141271503791296,0.599247978404722,0.11037888307545138,0.2667798193116017,0.1442079750802816,0.10348283817144933,0.18224675356561568,0.1183963077938838,0.06742079944560725,0.21198403871531116,0.02645771653089706,0.013936497094721464,-0.27490854193707037,0.1319836759208861,0.2066243172310944,0.03372512193586716,0.36006341879374937,-0.06763322174236658,-0.09240075170841924,0.22916388717976938,-0.046728971855338496,-0.06969091045481075,-0.17835342391996586,-0.21811800683125915,-0.39403837546130277,-0.32713901454056576,0.9453150199456263
0.029179699673318907,0.026929127513285606,0.45811698699375597,0.27810273188337914,0.4593213774325262,1.1035215966168181,0.0037852544700692306,0.5113082774840807,0.2459072842520764,0.15616792579589792,0.42047479382573183,0.4229495347614689,0.3689923701877226,0.26961210794867096,0.3311770321354041,0.38575067417034115,0.3221723337152315,0.22018055462927416,0.21176160620420753,0.5643444144118764,0.24129432503425927,0.2913163326627937,0.13398595016617343,0.6338992173309664,0.3949354122859194,0.37662684418344566,0.3304735654370274,0.16369912851319915,0.39236590357214474,-0.08453818704884149,0.267033433696761,0.3362178983399408,0.25204620354623486,0.4120121816283427,0.0037912038034339144,0.12673319208111447,0.3461915399478584,0.3009765570857847,0.2807013558681291,0.1419562030555566,0.15736190577722667,0.19863543995759153,0.34505868822139263,0.02681631210408215,0.07228589011377173,0.2599880682633858,0.5173908154259469,-0.08135949369535993,0.6072587241698677,0.06775001542842869,-0.12075425998348988,0.24563750227589815,-0.1756447046851455,-0.10632754221577093,-0.07932216237375604,-0.08570077292659152,-0.21823204660732823,0.3220687919801158,-0.044839591863799426
0.16200120553506572,0.22128555537318942,0.2370278571570655,0.43483523924097306,0.2878527216961886,0.0037852544700692306,0.8455901199352394,0.1312528408848407,0.14609288204238977,0.19563718201569935,0.28388868948230367,0.3988805338569548,0.26866409503229405,0.16625446753565862,0.0851882814810728,0.22073086659373473,0.18649761567942053,0.2753376299579668,0.022931682878947528,0.11116762158144472,0.18078382661564235,0.3049128649676473,0.25187771367693307,0.33077531271027244,0.2670567906628036,0.19203544505786338,0.19363534771899907,0.07289847898520099,0.255563766439004,0.13704246293530722,0.20886380307542327,0.18283251483279322,0.1309641111087171,0.25273437291944084,0.05901146199613507,0.36789236893566135,0.057936448455766405,0.08364378958160203,0.19568441166402206,0.055075872599631606,0.11171819386620117,0.17066489363476275,0.17529220781358895,0.04162792302098476,-0.04496131831391143,0.24558054789010778,0.0065210012375946326,-0.13316404824923636,0.12380034344043098,-0.13997597550230612,-0.03211771583691918,0.11412019823260042,0.03487310445468291,-0.0822148410510187,-0.05635638258500515,0.027435943947029355,-0.1382784633802274,0.11114396502998197,-0.11430432309422342
0.041631713136325126,0.12244478626635474,0.35224894222008746,0.38641580624368327,0.4010195750829823,0.5113082774840807,0.1312528408848407,0.7614631141271834,0.16231094596821802,0.3434182425193839,0.32709987340502505,0.17621982540983705,0.3812555564126515,0.2546359395838572,0.21629709605805195,0.3106612104459407,0.3402520954936213,0.2325946091722172,0.20619586932776965,0.4049497930328188,0.14837271983722422,0.2951134239126729,0.14485823052099323,0.4427036476280139,0.32927982203154876,0.2913338342838651,0.26595355835229195,0.14019659766315012,0.36306840675332047,0.08192188268863931,0.22140289984535896,0.24122925467322565,0.20594412906378964,0.4070251967938222,0.1206114147357904,0.16459195316334363,0.350683493272504,0.21691270295527437,0.3318219761847374,0.09140524834420709,0.162010388723922,0.13726715786192759,0.31477517874744526,0.050382660871040895,-0.008278366300644843,0.3038846221013804,0.4563886868451441,-0.1036368995557326,0.5372159151258601,0.15430894204106466,-0.117316281042533,0.16496067782205467,-0.035031943910721855,-0.1566843372890268,-0.12142256037614615,-0.08987472142583713,-0.10135088945175323,0.2849448309782618,-0.06504166692175509
0.04570398446414777,0.20788335332366367,0.2930286999739251,0.15751325222902998,0.24622522064844432,0.2459072842520764,0.14609288204238977,0.16231094596821802,0.6347559682362702,0.14095578799206665,0.16862179774244362,0.1573276903292281,0.20388134680329564,0.18314670133490982,0.16378905110033729,0.18719271341515192,0.12963483492271255,0.14457373864344614,0.014778441014410617,0.20863330883972878,0.12437544306723276,0.17115193634150133,0.14823558589403138,0.2764543673453493,0.17441801501803147,0.21801396056578695,0.14768775367306017,0.07604187143601777,0.18689855349970005,0.015071078800059921,0.15013059251612007,0.12875281704829564,0.10553286750106818,0.22407774840191846,0.09952508647965788,0.19160199195004746,0.16532667898884354,0.11794771752914453,0.17413324084892062,0.0421266433384136,0.08425657624443039,0.111056914168715,0.13273117683344038,0.031562752738040815,0.004969818094059196,0.16091059838826408,0.1683927435439817,-0.07244305500337016,0.243569653499897,-0.04428573312236626,-0.03360590501558485,-0.00045458212327737895,0.08889145982724504,-0.06449761855465996,-0.026096535073371136,0.10771400544475326,-0.13500495337769639,-0.11999680094645539,0.11513951037916659
0.06785202332526398,0.14209974236800468,0.36121295291235095,0.3073287747413369,0.2769630460061995,0.15616792579589792,0.19563718201569935,0.3434182425193839,0.14095578799206665,0.8108625908399594,0.24307140543863962,0.22568767129321274,0.26781879294060656,0.1411972850506353,0.17962281104337632,0.20292573131226593,0.24653733386356735,0.20763713293482255,0.11451383923463816,0.1452027637513202,0.0813807849277922,0.22105406172529107,0.17580429944548023,0.23031830250369864,0.250569558964677,0.1626784552632188,0.180069335819171,0.10940112205909372,0.32499593155213885,0.047656270396234025,0.18110044181045545,0.13921290222487281,0.06676753463326299,0.37405996798297586,0.17870881417956266,0.2681032173210047,0.19279764707554278,0.06828972667896985,0.2322644618692428,0.007690971480044468,0.11941827601504078,0.08933354496492148,0.07177116759408933,0.047850439842731574,-0.10206099285615933,0.23907150937706234,0.2191915243091848,-0.1482616751214102,0.21120293105465068,0.05560726964490916,-0.07074691487893452,0.008274709088024126,0.004440508252677302,-0.027814686376594584,-0.017827566296198954,0.024743609219927274,-0.08971633475202391,-0.3616172062850561,0.4046279649942074
0.0766052194354355,0.1162479547783523,0.40302010647009007,0.30057813205196504,0.3815504966164924,0.42047479382573183,0.28388868948230367,0.32709987340502505,0.16862179774244362,0.24307140543863962,0.6703355652657256,0.4146356526286113,0.336958905381701,0.16004095551690292,0.29652363186709063,0.2963967091312041,0.30354025006552715,0.23594256676328998,0.05186823718158087,0.3852565088507413,0.18570127337896247,0.23208534998290878,0.19283888027457627,0.45261677252862315,0.367409453895625,0.31539715127163015,0.27948945445705753,0.0922202703915151,0.3559065526798627,0.010238465497300904,0.24664550949245528,0.2253296831761023,0.09425104204704102,0.38689372374583497,0.18165135895074033,0.2758555346442874,0.1894472139777845,0.18929243947514526,0.27173283412331983,0.09994863481679701,0.11186467222721284,0.17261363586063913,0.20972699017819815,0.031744775176377193,0.04169029170394735,0.2502200026141492,0.26042365276749674,-0.1303393108489352,0.22696029173408747,-0.07814857807247363,-0.10440067071910239,0.004836243580561775,0.1538749293274991,-0.026887940677285106,-0.08742881924251082,-0.010114086069806688,-0.2120907784195072,-0.011798050946800606,0.15557664391440104
0.10609750922090519,0.18644740359659148,0.37516667728195857,0.360872429175792,0.38725304716804454,0.4229495347614689,0.3988805338569548,0.17621982540983705,0.1573276903292281,0.22568767129321274,0.4146356526286113,0.7513973792694,0.31594366635767607,0.2252025665582465,0.20253283604858385,0.2804054891290413,0.2251717356982188,0.2792133199490594,0.07052527128779541,0.2834203479193979,0.18299407476426596,0.27022073193418517,0.20382407757375823,0.40689978957357403,0.37701279933797816,0.3157985989016017,0.3048807591870128,0.08335280697545532,0.3280138265799042,-0.05837165264747176,0.259401889160763,0.28427529979411986,0.1358947176603149,0.33844021829569426,0.015876893527565925,0.3232322328936988,0.06333055695156556,0.15137860533145336,0.20037658223044352,0.09991454442799233,0.04911931283275294,0.16071245572110107,0.18427144949507127,0.029416914453202186,-0.004781033760392759,0.2125684380781377,0.1649493967819572,-0.09730553569094888,0.265993773283251,-0.17526499313883842,0.010999978387902534,0.12685025340187298,-0.04884760993654452,-0.04878634365943162,-0.1050880434121071,0.02377853657715394,-0.19941580315485452,0.020916992852609086,0.08374765494892715
0.07240372474386068,0.22371964635087768,0.3515728734741218,0.35320666621954083,0.4235179741642555,0.3689923701877226,0.26866409503229405,0.3812555564126515,0.20388134680329564,0.26781879294060656,0.336958905381701,0.31594366635767607,0.5927868792839304,0.2387889273755947,0.16491539070597877,0.3191764000487934,0.25546774912051434,0.24734038321535992,0.1946688650016327,0.2846103538592846,0.12610839345726668,0.44923157427388394,0.18462130767669038,0.38983767989480494,0.3138378341596119,0.2256779288723384,0.2812193715079434,0.13424741416942845,0.4301398266920475,0.02062703923439608,0.23727197962407554,0.24598315101819973,0.17826172652192446,0.3916796697651914,0.1287503142697713,0.3086371578056268,0.232106890894274,0.14927547207282507,0.30926859333193985,0.06243145050396261,0.11825273610049328,0.12428268828180068,0.14985237964185016,0.03981205982720263,-0.10647056059795583,0.2549269645590669,0.22896198796733305,-0.07225684492715384,0.33227740029378783,0.1052042254986588,-0.07586856188550904,0.05774489171339715,-0.025902423667541932,-0.14260544935469874,-0.12517261729291196,-0.042631623010050364,-0.2647844199660165,-0.19292445434831038,0.466553366272959
0.0852410767805443,0.1968574443258868,0.1767429324393768,0.47318192722800867,0.23414218437218018,0.26961210794867096,0.16625446753565862,0.2546359395838572,0.18314670133490982,0.1411972850506353,0.16004095551690292,0.2252025665582465,0.2387889273755947,0.8161750587431084,0.1829745426721109,0.22408987306919492,0.2519315615419875,0.11750572970634937,0.06091167978915486,0.3396473718302942,0.18237365450939536,0.19650375197820594,0.08630002812900968,0.323547910062877,0.19859298347095447,0.3357552009735232,0.18180893524118144,0.15333793610959306,0.24059595144660087,0.11675377134702297,0.20680793282742277,0.1727345826448602,0.20592013976844145,0.21027964758997264,0.13657775114054943,0.18832511586650297,0.2906222305937631,0.1982233410594169,0.12413324701850965,0.12977066154486366,0.22527276047081246,0.16272225684064104,0.27156465091683013,0.04330298456866925,0.014697487628403384,0.20389437105097744,0.3239878643961378,-0.143144929848486,0.6193039886769682,-0.09499257845259435,-0.08649378316720341,0.11119169842033841,0.08231361677114457,0.04021772163972641,-0.2381948276819762,-0.018476423833308768,-0.22697419493073834,0.4167585680067268,-0.055948882812884675
0.05568851997531415,0.26780178136304217,0.28427221444599543,0.20413472319538925,0.35871107866026725,0.3311770321354041,0.0851882814810728,0.21629709605805195,0.16378905110033729,0.17962281104337632,0.29652363186709063,0.20253283604858385,0.16491539070597877,0.1829745426721109,0.721898469023467,0.1663575087709406,0.3455664418420777,0.13253067587098352,0.10307164908319137,0.3426090637598304,0.24701421774983148,-0.03630379209382192,0.15535332889448908,0.39161868795985166,0.296393316879751,0.2911956047991246,0.19586842507568625,0.23072514449754164,0.2853045279415861,0.12879338568696036,0.22448953909571903,0.12489856423029085,0.1288192683579384,0.2911871181129744,0.24408116151641213,0.24505390712814526,0.3465745542804569,0.18526632395908227,0.1798313873493608,0.08107226035245582,0.2473200258901282,0.2293421462162,0.2554905986522992,0.026810745033178946,0.03802041562934422,0.23199224123991127,0.27385503400128963,-0.12558884723999994,0.3415231823184152,0.10989067402433471,-0.2573772296153116,0.3470603883858658,-0.1240271331686317,-0.0030009602268264877,-0.07775775998289816,0.057866747771516416,-0.23993232199109157,0.0946964710819402,0.08078039798063981
0.051571051409923095,0.0903859000200765,0.21366645564315928,0.3343038865863214,0.4152856616622818,0.38575067417034115,0.22073086659373473,0.3106612104459407,0.18719271341515192,0.20292573131226593,0.2963967091312041,0.2804054891290413,0.3191764000487934,0.22408987306919492,0.1663575087709406,1.1369836682212666,0.09960516874511989,0.3449975152040632,0.09018731932810231,0.3046955537697384,0.11492988058941214,0.26445492601119547,0.17471346230194015,0.5470111451921698,0.34077420268537684,0.13875252816602182,0.3488572344620969,0.20394171769442968,0.4821781894237098,0.12565586091332157,0.2106973200295298,0.2552023187539653,0.12472587281603004,0.31440451649136136,0.26240184438645187,0.2631378655735912,0.20017304503058442,0.17667867206407212,0.25982867950043614,0.20201873389100708,0.09859515820680377,0.10823957033055709,0.37917798082279025,0.03063215737915216,0.02792900716445779,0.20128802049249037,0.2562122875585353,-0.13494776443806067,0.392130301371702,-0.14164411372118835,-0.06670984234407154,0.08568476697272498,-0.02390559182631974,-0.03433277348217326,0.004827546607048942,-0.03272364153008596,-0.3231311195788555,0.0927888116317804,0.1957189940247077
-0.0025389997535179678,-0.36344483921229315,0.3200981803212152,0.30852377918491997,0.11613314910899004,0.3221723337152315,0.18649761567942053,0.3402520954936213,0.12963483492271255,0.24653733386356735,0.30354025006552715,0.2251717356982188,0.25546774912051434,0.2519315615419875,0.3455664418420777,0.09960516874511989,1.4819171455874767,-0.08237645864541844,0.20549669649705585,0.5225568975078634,0.30032567045936054,0.20038936926016515,0.2259925106909302,0.24168487608114592,0.2755863462764441,0.14599630892121365,0.26227307871622135,0.24558244527225895,0.26355702973210593,0.09126431089828065,0.34364695978900217,0.1800100065717015,0.29215333315317465,0.447874453452713,0.19711789328887871,0.24977999530592326,0.6423538852893219,0.2713343998897896,0.4781724559537972,0.1399076412010693,0.3435562230378191,0.26957142807857154,0.3365909919841917,0.04327930011179421,0.06645112332459742,0.38549612471515193,0.5546176009729407,-0.07431074316465199,0.5646539743673223,0.4067242878175461,-0.1974283208237378,0.45145657119369104,-0.12355047224061685,-0.23862676188305507,0.07972763453559367,0.0036900327297730044,-0.1436637052137365,0.0053897121013668295,0.010861455664958695
0.11208964743363753,0.5106679977870073,0.2647368531892877,0.3652248467531668,0.3265149075717559,0.22018055462927416,0.2753376299579668,0.2325946091722172,0.14457373864344614,0.20763713293482255,0.23594256676328998,0.2792133199490594,0.24734038321535992,0.11750572970634937,0.13253067587098352,0.3449975152040632,-0.08237645864541844,1.4291341562339734,0.06344054562855146,-0.00229604794602346,0.09381143377986378,0.28192812080586754,0.36035120704038254,0.5225406123168423,0.27357194947998065,0.3354085113153969,0.1352743754721872,0.2146759298898146,0.36950412923709813,0.19344439433407598,0.17564522591082568,0.1972272323956554,0.3388020650022687,0.15562357960259263,0.09188381985795506,0.3318425814512045,0.20359142377970352,0.08805397573782736,0.08103847406624444,0.12371996290418576,-0.007882666969925277,0.059861691900340686,0.5159666720252575,0.049819610617789716,0.20283442241136668,0.35354769717250967,0.20131714219884425,-0.23598438823591095,0.13416013772681054,-0.24541892685113617,0.22629693076512544,0.1066142213088947,0.009942632810075845,-0.041918474640614295,-0.18664071109088745,-0.10736940896141586,-0.19854429991591863,0.80718904840858,-0.5764781743450486
0.018308832061248555,0.19993061406129892,0.21137964946654764,0.06963666137222256,0.10152054531786678,0.21176160620420753,0.022931682878947528,0.20619586932776965,0.014778441014410617,0.11451383923463816,0.05186823718158087,0.07052527128779541,0.1946688650016327,0.06091167978915486,0.10307164908319137,0.09018731932810231,0.20549669649705585,0.06344054562855146,0.9245348560765545,-0.011617332717128143,0.20873359160689342,0.20611670426789164,-0.13466696964969488,0.13121673438558165,0.0448056903616578,-0.0033421172933131675,0.08383420288001525,0.1970425528709445,0.0524224763435436,0.09928459831553856,0.14975741285171026,0.11482722500936482,0.3236429352637424,0.07467082897879303,-0.006015851160872478,0.19040136395491788,0.3476645942247429,0.053048557005110714,0.2625155295800901,-0.019636722307107796,0.2146431775606098,0.17776363761789168,0.056662835724411206,-0.003570860337703989,-0.06937518040398245,0.17641203476912176,0.05098548399541045,0.09556430188367432,0.14179770352584975,0.5084517336116655,-0.06043248902983135,0.09461789804198979,-0.24538788610652157,-0.22580611899665395,-0.12279673171360968,-0.04779071888355157,-0.05270091814376582,0.057970493271968744,0.12008659108592327
0.013743685316937149,-0.08890210466105075,0.296728840768153,0.36050878029549904,0.29433116083884103,0.5643444144118764,0.11116762158144472,0.4049497930328188,0.20863330883972878,0.1452027637513202,0.3852565088507413,0.2834203479193979,0.2846103538592846,0.3396473718302942,0.3426090637598304,0.3046955537697384,0.5225568975078634,-0.00229604794602346,-0.011617332717128143,1.240381857246223,0.04280887772295718,0.035117850320554145,0.08022018465089693,0.66848827364569,0.34108892763697585,0.3299823038770363,0.40147125185160587,0.2100983568053493,0.3398627877666992,0.2318227118717882,0.29013995954990246,0.23940545018278137,0.3007760616175295,0.32364846444866596,0.20793499474120763,0.09554621482611997,0.7103424643444393,0.5402170299361748,0.3861595574401209,0.22085926053686503,0.09028652608449052,0.07767468164039555,0.6579340188642401,0.0677755773604147,0.5282366294306708,0.08846456300585744,0.43593081839865794,0.15096323021610053,0.7192965763672345,-0.0009633114675750514,-0.22192260393013932,0.19750842731003754,0.12102409149297869,-0.11050819375416178,0.020573562987819528,-0.045882587994244384,-0.24525607881645034,0.41653893310073015,-0.18300936893279474
0.07237206864746847,0.4658716944566153,0.20402355047355,0.17692350207876312,0.22272937478468707,0.24129432503425927,0.18078382661564235,0.14837271983722422,0.12437544306723276,0.0813807849277922,0.18570127337896247,0.18299407476426596,0.12610839345726668,0.18237365450939536,0.24701421774983148,0.11492988058941214,0.30032567045936054,0.09381143377986378,0.20873359160689342,0.04280887772295718,0.7369662460971181,0.2054775812506016,0.029124923760048205,0.059977273420329054,0.14345030907544534,0.3210575779130909,0.1202719916734075,0.24629831502269717,0.12639191370169578,0.1329304229969948,0.1853910649522398,0.20023265993499387,0.050975100676411034,0.3169435054443964,0.333956756742334,0.21978864749454094,0.22895171608144357,0.11032982720686682,0.15353150464822066,0.13942200095429125,0.3974194757007522,0.5813788539478852,0.16600409352299192,0.005163765442593482,0.13281317189891587,0.28922136567288087,0.3347303519236359,-0.17515423436852065,0.18476793145287354,0.11105174280163937,-0.07796779925800322,0.23245611061709992,-0.17914409877196802,-0.043822730823749045,-0.19717238490855962,-0.030891485096885586,-0.09336015774231073,0.22738601848655937,-0.07372800339945675
0.06735377948779242,0.03845376792389345,0.3252236489816086,0.3061795739542252,0.29067139674754244,0.2913163326627937,0.3049128649676473,0.2951134239126729,0.17115193634150133,0.22105406172529107,0.23208534998290878,0.27022073193418517,0.44923157427388394,0.19650375197820594,-0.03630379209382192,0.26445492601119547,0.20038936926016515,0.28192812080586754,0.20611670426789164,0.035117850320554145,0.2054775812506016,1.075449614461008,0.4834302073288398,0.2150862200793812,0.2752317799936362,0.11078468882299443,0.20307950664826738,0.058309681288109476,0.3960393009929749,0.006935077122784178,0.24444910874183587,0.29589353463522144,0.2194472352207091,0.4307675856703339,0.0052933257339044006,0.3586252856659855,0.13803496247971137,0.06928178579290382,0.38810507032977215,0.041795690137356456,0.15503182352852246,0.18529619145073228,0.037144079239793404,0.07266646491329913,-0.277980769860676,0.31887102064515893,0.2403086742461924,-0.07491582373935549,0.3451266329742593,0.1336497698976447,-0.026679407969878874,0.000850580786516093,-0.05380589677344454,-0.20835154627442568,-0.09234157365193522,-0.042312604183641356,-0.1737027822971885,-0.29005409240593294,0.42234485982071934
0.011517901324753202,-0.5320605025170344,0.18937716697272106,0.2756413347053943,0.19689235189234533,0.13398595016617343,0.25187771367693307,0.14485823052099323,0.14823558589403138,0.17580429944548023,0.19283888027457627,0.20382407757375823,0.18462130767669038,0.08630002812900968,0.15535332889448908,0.17471346230194015,0.2259925106909302,0.36035120704038254,-0.13466696964969488,0.08022018465089693,0.029124923760048205,0.4834302073288398,1.3188299694905607,0.42398270464006066,0.38834206675967564,-0.07567997126788317,0.12493940228073451,-0.021267755158073633,0.3453472524171071,0.2513543598843045,0.33043774145712435,0.11320784329858859,0.32887930495394824,0.33466164665702264,-0.1203306789570199,0.5761128686561537,0.22561451158076845,0.08890283229139272,0.4936168520795639,0.11358379086367873,0.2344811535240464,0.06802812661393401,0.20979394758684491,0.1565242077159545,-0.27217856600682294,0.37483787033184923,0.2334546420098091,-0.07522875425405355,0.5035718891615429,0.13182970754913922,-0.14329128063297034,0.08578577740286243,0.05607899525569715,-0.1471768826169206,0.12498686573387875,0.02736975608585116,-0.13998078057179375,-0.22613408764051338,0.15355339524883826
-0.056202310306135095,-0.25968234735422197,0.43639542219606053,0.6446966008057393,0.4367082410022361,0.6338992173309664,0.33077531271027244,0.4427036476280139,0.2764543673453493,0.23031830250369864,0.45261677252862315,0.40689978957357403,0.38983767989480494,0.323547910062877,0.39161868795985166,0.5470111451921698,0.24168487608114592,0.5225406123168423,0.13121673438558165,0.66848827364569,0.059977273420329054,0.2150862200793812,0.42398270464006066,2.1473121507575326,0.6061730341115239,0.1908279869259815,0.35407785787246426,0.3319261222439177,0.32934464528786,0.5327588163635549,0.42848431403178194,0.28188785907713065,0.5521175667279485,0.008870845935555306,0.14873933788877028,0.5029053528123538,0.36005951302177525,0.3898935236746536,0.3147706254093719,0.160463830461562,0.44686946908728054,0.10097997585557653,0.455262531923585,0.0864501883319619,-0.024905883160195735,0.6076291612989625,0.35225354720294044,-0.44331062012352285,0.7729271532839055,-0.11772420266755378,-0.10986946804687996,0.278475077847661,0.007496854741081185,-0.133082984727092,-0.12778750234417635,-0.08908038712308507,-0.25632853367895914,0.6963918998056597,-0.4483658078155279
0.059188952141908883,-0.01829404564806648,0.3490721484241016,0.35525083510606076,0.38791107144670456,0.3949354122859194,0.2670567906628036,0.32927982203154876,0.17441801501803147,0.250569558964677,0.367409453895625,0.37701279933797816,0.3138378341596119,0.19859298347095447,0.296393316879751,0.34077420268537684,0.2755863462764441,0.27357194947998065,0.0448056903616578,0.34108892763697585,0.14345030907544534,0.2752317799936362,0.38834206675967564,0.6061730341115239,0.9757473133159684,0.2490461832712561,0.282853574741537,0.1161512153482591,0.5088172606534548,0.13902841565061852,0.33186222388251896,0.23306661598523817,0.14244832667801313,0.44824093723336605,0.17643463260811762,0.407343013899096,0.12124903930328702,0.19793098079766486,0.28878178403781357,0.07564814366643453,0.1877447368864833,0.14075723553269032,0.2796568390262517,0.059363646434780544,-0.13999531155624967,0.4194314898817774,0.2918677865009798,-0.30659535940708116,0.25876391455495873,-0.2464745638515746,-0.21231543643274328,0.22362946091249253,0.08346239439137118,-0.054713845767950915,-0.03783771343362391,-0.016470851669471324,-0.20245121008568234,0.02965975542351287,0.108449349643913
0.09867140293788848,0.5832991121673403,0.3013472803092403,0.30596635251273363,0.424215119242479,0.37662684418344566,0.19203544505786338,0.2913338342838651,0.21801396056578695,0.1626784552632188,0.31539715127163015,0.3157985989016017,0.2256779288723384,0.3357552009735232,0.2911956047991246,0.13875252816602182,0.14599630892121365,0.3354085113153969,-0.0033421172933131675,0.3299823038770363,0.3210575779130909,0.11078468882299443,-0.07567997126788317,0.1908279869259815,0.2490461832712561,1.5982808520443201,0.23704143249745085,0.1875841997437731,0.12077341835549488,-0.40962374415063724,0.09423145015793781,0.3809081209864474,-0.02654206614146568,0.37523756066512126,0.23668085625634844,0.1239138080048271,-0.1473158491390999,0.17875423527368675,-0.165287120592507,0.1478063907382148,-0.10861196927481,0.25051674404298424,0.3035672287435691,0.028454269764920558,0.05579872867986424,-0.08519022003114154,0.15664361658093587,0.18441800566732022,0.4421920969653598,-0.0056265659545462355,-0.29217383976573297,0.31884159283336566,-0.1604942959452927,0.002727446772747068,-0.22142091619943516,-0.033699679017612276,-0.21654990566396884,0.23012307071141086,0.07775732293265941
0.053510187888125005,0.16110980758820506,0.23320728750497713,0.2624429472546002,0.23956690893906105,0.3304735654370274,0.19363534771899907,0.26595355835229195,0.14768775367306017,0.180069335819171,0.27948945445705753,0.3048807591870128,0.2812193715079434,0.18180893524118144,0.19586842507568625,0.3488572344620969,0.26227307871622135,0.1352743754721872,0.08383420288001525,0.40147125185160587,0.1202719916734075,0.20307950664826738,0.12493940228073451,0.35407785787246426,0.282853574741537,0.23704143249745085,0.5796707778540424,0.17978116015542592,0.32434924101337,0.08200587043172795,0.23254516336543826,0.3168991802002894,0.1926828086723983,0.2789919046754786,0.14056112460321704,0.25581666597447017,0.22153092527931673,0.2094313604331938,0.24182614263328114,0.13252899502868182,0.05048079953678836,0.12250764621254899,0.30114054669429213,0.035629685041238875,0.08962949576684448,0.17772987442602114,0.2401237301164214,-0.04554020225458304,0.43029952291716544,0.012111667214557833,-0.1103243736754801,0.1617546641934595,-0.04537739233457443,-0.07085023550213507,-0.06084276068954421,-0.018402066163616674,-0.06382321661925618,0.08713235369123316,-0.023847466276828395
0.011169710187260706,0.2858645598032187,0.1836485605487374,0.20053010602568147,0.08300905012806224,0.16369912851319915,0.07289847898520099,0.14019659766315012,0.07604187143601777,0.10940112205909372,0.0922202703915151,0.08335280697545532,0.13424741416942845,0.15333793610959306,0.23072514449754164,0.20394171769442968,0.24558244527225895,0.2146759298898146,0.1970425528709445,0.2100983568053493,0.24629831502269717,0.058309681288109476,-0.021267755158073633,0.3319261222439177,0.1161512153482591,0.1875841997437731,0.17978116015542592,1.0739227345632323,0.14955832695164195,0.30655905819436513,0.23227316518524235,0.1892088330920826,0.46985613489311967,0.14838507464326003,0.7457080270590631,0.3351844440316541,0.4591489235279347,0.1309212030010501,0.18982932660079058,0.11956544557661664,0.17975788189808659,0.25545177265833835,0.3062099766975006,0.09170048894556698,-0.01720085936338513,0.36539423878648825,0.2115834606806314,-0.2129859953540858,0.31795186992069496,0.32410279119425756,-0.11099773219132845,0.7197786316338488,-0.7632131565662168,-0.07821896632668542,-0.12883134946797373,-0.01251747851600175,-0.023707780520827806,0.161338664001268,-0.06898643058218118
0.07562024883428146,0.5617357246734767,0.4491757015755129,0.31029754379811614,0.4497031625214535,0.39236590357214474,0.255563766439004,0.36306840675332047,0.18689855349970005,0.32499593155213885,0.3559065526798627,0.3280138265799042,0.4301398266920475,0.24059595144660087,0.2853045279415861,0.4821781894237098,0.26355702973210593,0.36950412923709813,0.0524224763435436,0.3398627877666992,0.12639191370169578,0.3960393009929749,0.3453472524171071,0.32934464528786,0.5088172606534548,0.12077341835549488,0.32434924101337,0.14955832695164195,2.464890759134565,0.09384879422244276,0.172070552161129,0.35859801098895666,0.08914905841795039,0.7128064502708558,0.1860768444456906,0.6137033099094572,-0.25275734889511553,-0.005186488328803363,0.5538765780591943,0.0379380251408234,-0.06945784637664733,0.06625557724595327,0.0773504677680638,-0.050081204171465735,-0.44716246300827656,0.4669842073313128,0.39771179396929335,-0.4429665300673383,0.83163095916893,0.3503448700589927,-0.5589204562551788,0.0654790111870025,-0.16793989241813176,-0.007270779937770891,-0.22748974324777815,-0.043412688632784614,-0.23037116813057656,-0.45134078705201497,0.7388452690365831
0.020033103217693946,0.007189849586826564,-0.2784500259466946,0.2512404706304996,-0.2850096589834826,-0.08453818704884149,0.13704246293530722,0.08192188268863931,0.015071078800059921,0.047656270396234025,0.010238465497300904,-0.05837165264747176,0.02062703923439608,0.11675377134702297,0.12879338568696036,0.12565586091332157,0.09126431089828065,0.19344439433407598,0.09928459831553856,0.2318227118717882,0.1329304229969948,0.006935077122784178,0.2513543598843045,0.5327588163635549,0.13902841565061852,-0.40962374415063724,0.08200587043172795,0.30655905819436513,0.09384879422244276,2.2358908608337815,0.24458822641396843,0.024509041725676875,0.502192853545164,-0.25355859649976453,0.4276560670150236,0.3955103068550377,0.6209319896839208,0.28727537158292027,0.4882463867839101,0.13758830357317275,0.7522311127535208,0.21228818547247183,0.9814926061845776,0.20647264178389896,0.2835703352985188,0.8599031047223574,0.5056550696862744,-0.8021000261492411,0.6307088695601903,-0.03212795812983384,-0.21098860276355622,0.07634537029099592,0.24029487132900165,-0.016813186767170498,0.016699912343544007,-0.14950273378479811,0.05110607472717673,1.5740783144535007,-1.486940519508161
0.04625470409206413,-0.06554957002297594,0.31238930497916295,0.27744137579126654,0.2328305352428195,0.267033433696761,0.20886380307542327,0.22140289984535896,0.15013059251612007,0.18110044181045545,0.24664550949245528,0.259401889160763,0.23727197962407554,0.20680793282742277,0.22448953909571903,0.2106973200295298,0.34364695978900217,0.17564522591082568,0.14975741285171026,0.29013995954990246,0.1853910649522398,0.24444910874183587,0.33043774145712435,0.42848431403178194,0.33186222388251896,0.09423145015793781,0.23254516336543826,0.23227316518524235,0.172070552161129,0.24458822641396843,0.8143002585690103,0.16392990836123172,0.3012833518297677,0.2706757402640643,0.14883618627166026,0.7098724656206526,0.37253069445186077,0.271521992377593,0.4108737151501925,0.09816482524431153,0.4310297411301852,0.19360863639953693,0.1668601444972827,0.0349600473586476,-0.06877811277301721,0.5383568932957157,0.20573775058410954,-0.307723102876592,0.21906425094415216,0.1600011254857373,-0.13124061193426478,0.25437838977536503,-0.07068614186657148,-0.12571576676959584,-0.048013571239519486,-0.0038143180053240907,-0.08480871720662836,-0.12020010068998098,0.13244071688734152
0.057205492165273625,0.21147630517321026,0.198854386179772,0.24174892524557134,0.29384594446460116,0.3362178983399408,0.18283251483279322,0.24122925467322565,0.12875281704829564,0.13921290222487281,0.2253296831761023,0.28427529979411986,0.24598315101819973,0.1727345826448602,0.12489856423029085,0.2552023187539653,0.1800100065717015,0.1972272323956554,0.11482722500936482,0.23940545018278137,0.20023265993499387,0.29589353463522144,0.11320784329858859,0.28188785907713065,0.23306661598523817,0.3809081209864474,0.3168991802002894,0.1892088330920826,0.35859801098895666,0.024509041725676875,0.16392990836123172,0.9686967364203612,0.3349179650175133,0.30526303598589427,-0.03932659736429525,0.29362901750594383,-0.02215378617098365,0.1949779090935329,0.17288431159179277,0.10736783807677797,-0.0008677919830963864,0.17130784084328202,0.10177543170104221,0.05176764501038545,-0.19375640741731198,0.3607734126689578,0.31642779880577493,-0.18330437369323577,0.6053631638418423,0.12825661968381152,-0.06592751233482903,0.3157071207656147,-0.1815642250966298,-0.10942854327108915,-0.2079957178538612,-0.008388505946448528,0.5048910995733347,-0.04707392861675698,-0.3553769497639778
0.060121747795213225,0.04512411698021757,0.19137008510449566,0.2647181614852318,0.04141271503791296,0.25204620354623486,0.1309641111087171,0.20594412906378964,0.10553286750106818,0.06676753463326299,0.09425104204704102,0.1358947176603149,0.17826172652192446,0.20592013976844145,0.1288192683579384,0.12472587281603004,0.29215333315317465,0.3388020650022687,0.3236429352637424,0.3007760616175295,0.050975100676411034,0.2194472352207091,0.32887930495394824,0.5521175667279485,0.14244832667801313,-0.02654206614146568,0.1926828086723983,0.46985613489311967,0.08914905841795039,0.502192853545164,0.3012833518297677,0.3349179650175133,2.065274939821918,-0.25620272852187664,-0.7923865065784522,0.3737941899678658,0.8457890615919288,0.2684142396152325,0.23326720501511727,-0.03983108967449893,0.3089608398198369,0.08061494985213985,0.32757593914775823,0.1322627145308989,-0.8988338165451432,0.8790015024733335,0.392734075907814,-0.5577966998295868,1.2863327647222418,0.44015145687341584,-0.36382380533051073,0.2942149266931158,0.04570498299607762,-0.3319673938563734,-0.09045839610309886,-0.07455453218294747,0.04553843679971174,0.5173375257348888,-0.4891606345658115
-0.05792442368151691,0.20633839614065408,0.44586649125041233,0.3407737815296124,0.599247978404722,0.4120121816283427,0.25273437291944084,0.4070251967938222,0.22407774840191846,0.37405996798297586,0.38689372374583497,0.33844021829569426,0.3916796697651914,0.21027964758997264,0.2911871181129744,0.31440451649136136,0.447874453452713,0.15562357960259263,0.07467082897879303,0.32364846444866596,0.3169435054443964,0.4307675856703339,0.33466164665702264,0.008870845935555306,0.44824093723336605,0.37523756066512126,0.2789919046754786,0.14838507464326003,0.7128064502708558,-0.25355859649976453,0.2706757402640643,0.30526303598589427,-0.25620272852187664,1.7061533895876442,0.5680707967485158,0.31234627322198577,0.35485913045184947,0.07540458103687385,0.5021272713008782,0.011143290455812513,0.04009000088313709,0.30393614976737515,0.261356282695926,0.10713079169388774,-0.30752076882414336,0.22192929539761483,0.5671159254736142,0.06578182832065382,0.38916331919097896,-0.09067889624963782,-0.17804323768272065,0.3099600020540054,0.018403297416740343,-0.16333702977126807,-0.1805138680907863,0.015962046388059373,-0.28087402475005235,-0.6111093535477425,0.9067952383357051
