1.6730874717431579,0.14041906369645138,0.9160688894590794,0.172801008020165,0.43409662464475207,0.12819628032944297,0.24410039781542467,0.318466231864458,0.3264868901700707,0.24624831854953289,0.1725774443856815,0.2542511198591747,0.11341818143633503,0.1803082351654725,0.2636915980210954,0.13916022457003036,0.09076408317317688,0.4226631129752293,0.28181706904300763,0.15243689794341408,0.12171024795579088,0.25337764144941294,0.37855264114624454,-0.0011373767975505085,0.22384187186960275,0.13369856466343039,0.13011117614230658,-0.11903866989403616,0.21998326762603065,0.27255109611718675,0.3099845610468338,0.015824318131945375,0.1177274846114658,-0.369762919005008,0.26662287276107005,0.27885621036132646,0.1270886488716499,0.11411804395953354,0.4030268225091001,-0.02162826666043097,0.11380705289122552,0.0639380738955753,0.10086156479025536,0.021655814016636448,0.4023931400678412,0.3180042022773157,0.1385329292083749,-0.20161929723903962,-0.04940043115711415,-6.770030647654035e-5,0.049537582259626144,0.23073876530683018,-0.168051566257862,-0.045252547309361346,0.19978660746883958,0.021765773493584967,0.3556535831308485,0.09317544657526222,-0.754775073935594
0.14041906369645138,2.295702725608573,0.031461559903879575,-0.9095544106347738,-0.2015340079344566,0.4214455104700165,0.07135366405034665,0.026664674422187867,0.16688560816583645,0.1056946046322026,0.01812793694947064,0.041968391831416284,0.03403661628962729,0.012068036240392334,0.026178851262470153,-0.0026870331426993533,-0.0578222864484996,0.3883273954055889,-0.0010633348447107503,-0.04642602112486358,0.1537434639094815,0.09723508585046207,-0.08907496344288285,0.026538002014072914,0.035318748368291825,0.09815588243881901,0.24503133199777033,0.26274069595448074,0.12853429040147143,0.06461369017183186,0.02871836243846959,0.026454896776070883,0.0064770708022443575,0.032672616656761834,0.2622803095216616,0.015322024345770754,0.30415498935083685,-0.014399078716564198,0.08358390307048516,0.07831294557831504,0.07142064347964759,0.08977967079444034,0.2057759713907427,-0.03091909191348256,0.2636447021389225,0.05541289853986987,0.11968028691233785,0.017929460455178323,0.22427945081346778,-0.3038527813403393,0.3254961157795834,0.4293909340416878,-0.2921190933936971,-0.07379509003606001,-0.3204678321057191,-0.04533348549909162,0.03893384548664894,0.22705344266287195,0.07256555988594704
0.9160688894590794,0.031461559903879575,2.1158857512652993,0.5359494173969619,0.11984196967984224,0.4280120396132315,0.0997339175941102,0.5937716303242982,0.6702050162760254,0.44367599058318097,0.32822292099698186,0.32974588862355064,0.2739065152478666,0.3275242719895515,0.38154846636215406,0.2352362034224775,0.3739959952510943,0.470775078012215,0.4495362901926705,0.4419707140600643,0.2492518186434013,0.43845411044507904,0.27169690473702723,0.29611602943228854,0.3134697806882209,0.31675680657592065,0.19667206005713034,0.13934945877327173,0.47930262159734344,0.15342913786335932,0.4081308004950635,0.16506296714384103,0.08330499447479049,0.13826219927588354,0.45887113861225576,0.5201871474950329,0.3247759555071832,0.258755935916436,0.5685946392915829,-0.1388524514138828,0.28237736375524136,0.21065379941516918,0.11365300196137984,0.03134848164351779,0.5244731768893363,0.529518965482042,0.3748660717455317,-0.31283162853675395,-0.10231238132767882,0.11841333516206633,0.007574096988696949,0.29248593269589374,-0.19747561734224628,-0.1330144795783846,0.07881076322807343,0.07646997914672961,0.24155194452888476,0.11360543055807763,-0.71976895619022
0.172801008020165,-0.9095544106347738,0.5359494173969619,2.9576996669943085,0.20056582482527455,0.6799126863305599,0.05552055559680069,0.46435401914035856,0.06264418108088965,0.020374253946656838,0.294467120933495,0.39979059097521674,0.21451013675518404,0.3261462334239644,0.12076030588372978,0.40174847843363326,0.33503652466165984,0.06781561875716013,0.4295444044051924,0.4835729649960244,0.11741637835185614,0.21223147294592798,0.061121314579583946,0.23131676757936673,0.21673220698175596,0.3283996005830294,0.005754068935986769,0.12227604925193601,0.47781165630142297,-0.1788506975167568,-0.01997699172660177,0.4450906924619892,0.010572754926573415,0.29989715605067396,-0.5385925571777976,0.1871743633451579,-0.01237739093715544,0.25834788430877964,0.14950676450932252,0.11703820246780487,0.0722295355703715,0.09366626604097393,0.171656666424639,0.09672400975937588,0.04008069397772776,0.20015109639798045,0.23754521815680382,-0.1100428662560367,0.003777119740624908,0.14036666922234015,-0.05265935732134533,-0.02806733245593059,-0.09699622782356071,-0.07293254741592567,-0.1318889112601624,0.11105103339026136,-0.140906857932439,0.3504737230664398,-0.31616846282412275
0.43409662464475207,-0.2015340079344566,0.11984196967984224,0.20056582482527455,1.4311060100551225,0.04261779345805802,0.20893332651313393,0.4441073966667748,0.1711606698898897,0.131658148574855,0.14638989536055458,0.17473744289910784,0.1780459526344259,0.2728271963936862,0.20101312545533667,0.28123573899784227,0.21120718625851306,0.18674993440692472,0.4826818835494683,0.20045351151231483,0.13839810722841453,0.21580102317438937,0.08710148274821773,0.07950534928883145,0.18432572409414819,0.20517023247092303,0.014370711985831897,-0.027062689115915056,0.265884521772948,0.00739139034763383,0.09958700285642101,0.1552224572337909,0.04758765424261691,0.34218180615196336,-0.14617386655562561,0.20632088884110497,0.19256963204267036,0.11224490530686879,0.18877160808418011,0.06909047185038164,0.1879335048876113,0.1362846005280141,0.017589140826510485,0.029736909024720065,-0.11998270610411026,0.1935569509928941,0.18931365416318968,-0.057535124962345315,0.3318113581432942,0.21223952529277276,-0.055765497794165175,-0.3091014229878921,0.12436997649422585,-0.03871202610215803,-0.05016588952756818,0.04265239927680241,0.02022344216681136,0.22220623217758997,-0.21471559803828702
0.12819628032944297,0.4214455104700165,0.4280120396132315,0.6799126863305599,0.04261779345805802,1.246129286343488,0.013095133915648158,0.4323237758568391,0.37338012958065453,0.14300038731884246,0.2570277150346123,0.25791525239444074,0.23508320529260454,0.3756471646973485,0.18610717146881883,0.34276779540377433,0.3683171002668731,0.22401207727539343,0.6536066352463791,0.4991333203405645,0.27410050555492727,0.3424933013960095,0.03286373460623182,0.25748361899462846,0.21530301718720513,0.4648804308194378,0.2390328449740011,0.1593395974024893,0.6421742589970449,-0.12042056619266232,0.17347244672865209,0.3694350914473649,-0.06639893623595562,0.4395956465880511,0.016913232797904573,0.1603493921324999,0.25750119535114285,0.2718214214150488,0.18764122749301645,0.15635914669826512,0.18212322001484163,0.2074955205999926,0.2586036680415673,0.03838379321416685,0.14887833488551194,0.22297671173322348,0.44727528215976486,-0.06730842020888611,0.488774900927583,0.2728551059967741,-0.10541896397969376,0.10242231463716174,-0.23408923368130632,-0.062341101241207536,-0.20752659336927556,0.13761496240406948,-0.11509755197356548,0.3278635635514416,-0.19957156109292423
0.24410039781542467,0.07135366405034665,0.0997339175941102,0.05552055559680069,0.20893332651313393,0.013095133915648158,1.1891873532870467,0.10127038461717724,0.35902081436224315,0.24986808682051756,0.2326799435377261,0.35218157304029013,0.22057940137973484,0.18713378336591682,0.16898997526501852,0.23628342120474874,0.20553171708721646,0.33157130374947713,0.08796816991176463,0.08388857956993231,0.2296519322574928,0.31779992332965723,0.1453818198396597,0.2839306103211614,0.23662613395950494,0.18106848347247717,0.1995645283937529,0.08741552811601987,0.13330280566270264,0.29228574082522923,0.3310609692331657,0.01731499933570952,0.20695571182652145,0.33584375630098734,0.22574606605053785,0.34722554220876284,0.323790250986783,0.07395589979145127,0.3303901038954384,0.027154311890092486,0.2197111659847552,0.18664689446843982,0.1455628272160719,0.043371276685762856,-0.030809392259500887,0.3166803434469809,0.11243533726000046,-0.10175874529384904,0.2528317127734697,-0.005994058512683171,-0.08324881318845487,0.07646643682780528,0.06647408581023359,-0.18572658925971042,0.08334943656048102,0.09520169407960442,0.11529087432567751,-0.022382576058193777,-0.22264928401771394
0.318466231864458,0.026664674422187867,0.5937716303242982,0.46435401914035856,0.4441073966667748,0.4323237758568391,0.10127038461717724,1.1537208731276565,0.08921764024205006,0.23303900291975088,0.2132891021948338,0.07780867917506665,0.2140687609558664,0.3509008653542296,0.1813293471326539,0.26671898787094395,0.40021079476251653,0.21132221707547225,0.42593579063559106,0.45095142383910136,0.17560754269278306,0.1726250831080262,-0.10918481444743833,0.12549356291125674,0.276224703531392,0.2999644773435713,0.1645182083396376,0.16523317260789522,0.3192172300351902,0.018090409907331885,0.18636509223470119,0.1801482672407273,-0.0053509017130638934,0.43015368428715656,0.22575196077791718,0.07573555993083228,0.4264282698606563,0.23815581741049788,0.4310790841777555,0.06561839078884951,0.2307940673431009,0.179006306302457,0.23079876620905138,0.028213479907919125,0.2841631083560474,0.22141712818755843,0.5005827370855396,0.019575944662477824,0.46660522573065566,0.2368027245525329,-0.06289344390861079,0.0250187629168716,-0.04695588381273638,-0.09567651531208218,-0.38849074119247323,0.10779202292287472,0.2067286472082717,0.6659804492279442,-0.751852075239054
0.3264868901700707,0.16688560816583645,0.6702050162760254,0.06264418108088965,0.1711606698898897,0.37338012958065453,0.35902081436224315,0.08921764024205006,1.0242298614667222,0.21672605227307978,0.21282957200563754,0.265973436925401,0.26648110093345634,0.30868355752109283,0.16168111582845188,0.22347550329737087,0.24882702972429052,0.3745866811379573,0.31294384194650543,0.14626447012041363,0.237312038141064,0.5596097278331013,0.26461019555364385,0.3099112166610396,0.19410644965825116,0.2578332387749744,0.21731052528244227,0.04610362948462554,0.34125239409097485,0.1076511555789964,0.4714605780386317,0.09461709764631421,0.13579010670440517,0.22137248333362317,0.24169925915700222,0.41237758186331896,0.20748506696454205,0.11356606233364286,0.3397322591387458,-0.024582745140820837,0.1687972668642784,0.16334001275335852,0.0561240987788465,0.034283217405965495,0.05385776457039696,0.38275968793385706,0.22624219596608947,-0.26528296559924847,0.1854511589215106,0.056850740637435886,-0.04760392208768278,0.09653921953429534,-0.07532237092397487,-0.10208455482213734,0.23760259998841085,0.2795936785918452,0.025604351518089107,-0.22902509897611542,-0.32210855418305123
0.24624831854953289,0.1056946046322026,0.44367599058318097,0.020374253946656838,0.131658148574855,0.14300038731884246,0.24986808682051756,0.23303900291975088,0.21672605227307978,0.5683525741533876,0.13634670520777745,0.1388596912207841,0.15765042860110823,0.19530738977842632,0.24986709911371435,0.1701124809903468,0.27958474760552626,0.22226427970029708,0.11992128722593132,0.23296886895736316,0.17422577720790355,0.19142236681512806,0.028891652441812122,0.17742447702252423,0.18588979117857957,0.1505124425027679,0.20042260303328577,0.11912692684464833,0.18157372754905068,0.23028084118669054,0.1992051233412239,0.08143280970467451,0.08330334380572549,0.2766680054602034,0.2837834569347707,0.22103710675814367,0.3538456843442769,0.12938812600834415,0.337561631566564,0.08095192790630765,0.2788887984016988,0.1737004590008852,0.2158727565577931,0.021210881893961617,0.19953723030400874,0.2601727026533379,0.34505380429604166,-0.06446198395472169,0.2415753064790046,0.05082561345665121,-0.03986401189119683,-0.003386415981355126,0.022851685898943257,-0.03616572977237815,0.03059727280012436,-0.04558577973781564,0.1551578872585439,-0.02639401201566159,-0.14173736589538102
0.1725774443856815,0.01812793694947064,0.32822292099698186,0.294467120933495,0.14638989536055458,0.2570277150346123,0.2326799435377261,0.2132891021948338,0.21282957200563754,0.13634670520777745,0.5520937409858855,0.27964943586488233,0.23234166720426122,0.21459217639751718,0.29343797841979363,0.25337157412874467,0.25652215337883727,0.1667833403202568,0.15965383279848705,0.27054009316521327,0.18937236384290448,0.2199224687759578,0.043490678376103466,0.23464973468940875,0.22163569105225467,0.23297193020378137,0.17006128028860032,0.07370109210476762,0.296475151440631,0.12140159121408312,0.15970424487621399,0.19837307449514013,0.04603954037474075,0.2761128652507835,0.21074089419375816,0.23723913819832226,0.1893369809659926,0.15086386552548592,0.28119651478022106,0.05204207509659791,0.1593828199336539,0.16466311412817314,0.1178927051137715,0.019976103913732154,0.11764255817549535,0.24336515913639098,0.21749213076517848,-0.09783708397300267,0.04437691530778035,-0.00036687208716588944,-0.11349991309257719,-0.04691668778432244,0.1627710846428853,-0.012485431630152904,0.0073053560220261,0.0891063900877933,-0.06182263052724712,0.026750904921074566,-0.16335003631824654
0.2542511198591747,0.041968391831416284,0.32974588862355064,0.39979059097521674,0.17473744289910784,0.25791525239444074,0.35218157304029013,0.07780867917506665,0.265973436925401,0.1388596912207841,0.27964943586488233,0.6985449407629556,0.18347937601232495,0.20060171032783236,0.10230255810777591,0.26588221231677656,0.13349525782958327,0.3518337254370568,0.1899494377108128,0.11876395451400468,0.17044985950015973,0.265851110101918,0.20918179031619102,0.21247888120316816,0.26408889679055747,0.23822107593008687,0.12700225940838014,0.005930650270292197,0.24879929671009823,0.09834003241607898,0.1772583416095462,0.10278365016296298,0.14414887343692842,0.19551181174189788,0.24650283979600293,0.22279237635528978,0.2022894118995911,0.08205508934546588,0.28697584631064177,0.05376172079299672,0.06286133190204858,0.14251256768059162,0.1365015657144254,0.03320224019017184,0.06824862319029203,0.23034881249211026,0.19437995784286496,-0.10699018359503858,0.2412506390724676,-0.0740910578066326,-0.07147757621353891,0.13454979271396358,-0.08777517165938338,-0.0742389637578749,0.037745093999809576,0.036942651370495405,0.04637975959663916,0.048921976601510375,-0.23008890427951365
0.11341818143633503,0.03403661628962729,0.2739065152478666,0.21451013675518404,0.1780459526344259,0.23508320529260454,0.22057940137973484,0.2140687609558664,0.26648110093345634,0.15765042860110823,0.23234166720426122,0.18347937601232495,0.38580195724044997,0.20221283616387326,0.13062941626570337,0.23449275589529864,0.2489517427689449,0.15414054203722347,0.18352510214355627,0.22479265773619306,0.15069705274185352,0.2564143656941951,0.07654434904290669,0.20053466232085468,0.15750101559118704,0.17056569114707645,0.09860416526409678,0.050403358961023395,0.29004076807371876,0.1285204704461528,0.12457572039358358,0.12124649570470403,0.06990058970938136,0.25215754034493765,0.1779720439370866,0.19468980651986992,0.2416905921434513,0.12321011577696292,0.2810219806042591,0.05151554652812572,0.16772731367366894,0.14125670800812107,0.12153728073710919,0.036814308511306335,0.05996305669358307,0.20645585203781422,0.20353119091406616,-0.08947169994420566,0.1552155763957273,0.14398591042284686,-0.06655079597231747,-0.08273665457786156,0.0008830623802546557,-0.04019042540958353,0.08658088429901654,-0.01738385407246876,-0.1330592434869743,-0.12737807351430933,0.18552585624890577
0.1803082351654725,0.012068036240392334,0.3275242719895515,0.3261462334239644,0.2728271963936862,0.3756471646973485,0.18713378336591682,0.3509008653542296,0.30868355752109283,0.19530738977842632,0.21459217639751718,0.20060171032783236,0.20221283616387326,0.6598800772903001,0.2555955878268282,0.4103609137541008,0.38897602011202387,0.13576239516136177,0.3218282976218803,0.31749143404906516,0.2544104249824473,0.3220747255334592,0.04076877091362657,0.17830675785962494,0.21033029442333154,0.33948051463375495,0.13545531015051276,0.08854878084037364,0.39674092263123506,0.11426333974741783,0.2172422548573846,0.1684204424690206,0.049199981671550055,0.3361137492805737,0.22389975534734954,0.2184053588475763,0.28898686674493806,0.1771173049997018,0.2224049678189237,0.09201149405104221,0.27163093737605754,0.21381214597112597,0.15822050057978396,0.028171856461131708,0.05535628082345615,0.24953196037202127,0.37925060744288397,-0.08528815234465884,0.5110620869889111,0.13568851755535755,-0.1043151416827092,-0.058151776365249444,0.03414166729881136,-0.004875347241365526,-0.19119217653685133,0.07715071782761353,-0.05525210792044966,0.33657796404760965,-0.2918969324690501
0.2636915980210954,0.026178851262470153,0.38154846636215406,0.12076030588372978,0.20101312545533667,0.18610717146881883,0.16898997526501852,0.1813293471326539,0.16168111582845188,0.24986709911371435,0.29343797841979363,0.10230255810777591,0.13062941626570337,0.2555955878268282,1.1223182343936504,0.19804732235398384,0.27546816403712054,0.04868564437776318,0.22947334591421908,0.24538116581257277,0.2180397735623882,0.12749241498155342,-0.18440040982807074,0.2501805647602381,0.26193062623309765,0.24393557564451665,0.20535423825352445,0.23003892471851406,0.2867614322119066,0.18721338495572803,0.12837008307089343,0.1757755580648598,0.0687343897612704,0.24467867686481634,0.2280849166333454,0.20778714944545676,0.16991733610612483,0.1329898483012095,0.23109797074627825,0.053338958384848825,0.2202261951675155,0.18214032130161525,0.11140486145574241,-0.005610737261202884,0.05663577170124925,0.21698588418500633,0.22224673208234302,-0.05637465425353474,0.12651530720030427,-0.05594326512608761,-0.216060538809862,0.1401439693074522,0.19843639407475672,0.027359601599666303,0.005799771749087198,0.16747708153835394,-0.15315519571049782,0.04655016557311922,-0.1498129674389365
0.13916022457003036,-0.0026870331426993533,0.2352362034224775,0.40174847843363326,0.28123573899784227,0.34276779540377433,0.23628342120474874,0.26671898787094395,0.22347550329737087,0.1701124809903468,0.25337157412874467,0.26588221231677656,0.23449275589529864,0.4103609137541008,0.19804732235398384,0.6753624309539601,0.3496310755878457,0.19095139650354367,0.29191710974635154,0.23416303995412868,0.24467609531940981,0.38705343073157206,-0.03375620739164597,0.2065946547939083,0.2297205908108918,0.27306650002678523,0.10348856669212299,0.19570719118973406,0.399524772043801,0.16535817887454396,0.17399125540045532,0.16347383921276304,0.07243387399411355,0.32963014151024705,0.28800327908428874,0.21990753249476083,0.27007389602095205,0.13987852844659696,0.289987212003347,0.09387960722957618,0.23142931959834942,0.21970081467094257,0.1511749476364985,0.029006835283007435,0.03218925766620297,0.24476336175679858,0.3218217425602241,-0.11055549174323219,0.4049514313918176,0.061602492266084025,-0.14785686276015145,0.045102968404387794,-0.04466251661403714,-0.03631983326850046,-0.10556121945917764,0.058862944305162715,-0.09708994885207171,0.22157922270224106,-0.16726804257867547
0.09076408317317688,-0.0578222864484996,0.3739959952510943,0.33503652466165984,0.21120718625851306,0.3683171002668731,0.20553171708721646,0.40021079476251653,0.24882702972429052,0.27958474760552626,0.25652215337883727,0.13349525782958327,0.2489517427689449,0.38897602011202387,0.27546816403712054,0.3496310755878457,0.9787973059134012,-0.008897098888489701,0.29479791324034993,0.4090788574268637,0.26167401601714435,0.28673931336033864,-0.013977211171841484,0.1675141719249933,0.2354026354146624,0.266605911075909,0.2514508164997126,0.1256589802841018,0.41192689539949695,0.11984238229843384,0.17846365888340093,0.2225775408478456,0.17224309476385863,0.44108700924107846,0.19865237227515564,0.20049927923755637,0.484305863096587,0.22441573063973533,0.30250891936481455,0.12267168542081881,0.31415140844302,0.24357341291534712,0.252310145500452,0.028547996862401854,0.11789172090440958,0.29817330900686584,0.5252111325742084,-0.04590937436416211,0.43529084636874465,0.44311388998505075,-0.09792500872230772,-0.20401149564408064,-0.021557014566818813,-0.03852865840684008,-0.1277260717218866,0.002425063506179955,-0.08254424092965036,0.233208828200173,-0.12949908727719164
0.4226631129752293,0.3883273954055889,0.470775078012215,0.06781561875716013,0.18674993440692472,0.22401207727539343,0.33157130374947713,0.21132221707547225,0.3745866811379573,0.22226427970029708,0.1667833403202568,0.3518337254370568,0.15414054203722347,0.13576239516136177,0.04868564437776318,0.19095139650354367,-0.008897098888489701,1.2715429992407354,0.2462240028383575,-0.09181957525040212,0.16789993483393298,0.32820124204981255,0.3358357986848884,0.30161395447928807,0.19301182967923108,0.28250176678291194,-0.11273222092510908,-0.03098517547388175,0.19163598285255334,0.016089903714858304,0.3373730350640209,-0.10892338926907598,0.09975653476590039,0.06469202730247328,0.18743252655916434,0.16752437275430734,0.2871402509829028,-0.02565489243206609,0.22860154010372663,-0.02923947694578763,0.019252964921856446,0.08189494152153577,0.19162341147862866,0.025129415561176302,0.33801166650077846,0.21550276965593088,0.1834462523611126,-0.12449562332421096,0.10543302328939062,-0.08161147792988847,0.33052009820277534,0.29040053286560613,-0.391201597801273,-0.22165173278373376,0.06734154718084065,0.1470530401104739,0.27293462820720465,0.0406047471255674,-0.529882682883077
0.28181706904300763,-0.0010633348447107503,0.4495362901926705,0.4295444044051924,0.4826818835494683,0.6536066352463791,0.08796816991176463,0.42593579063559106,0.31294384194650543,0.11992128722593132,0.15965383279848705,0.1899494377108128,0.18352510214355627,0.3218282976218803,0.22947334591421908,0.29191710974635154,0.29479791324034993,0.2462240028383575,1.2141922822056541,0.3255031435439595,0.19363711788170837,0.2950813124576471,0.11095542500944874,0.170318137593422,0.14987736932125464,0.28047882086796394,0.10744458015239544,0.2460990458625212,0.38726256760702915,-0.07033259480108013,0.23885759471236923,0.2249387491617603,-0.006196908215096085,0.25933440073103614,-0.07367711578079837,0.31782377070979934,0.06281462827857873,0.18605062687468873,0.17478615279248913,0.07134988743027328,0.22311150799936222,0.14628286420861988,0.06746780965865999,0.036416969777570536,0.10380045964168842,0.2775853487640188,0.11660559472035184,-0.1405180570235555,0.03981928319195158,0.16291221119310584,0.24659423181049106,0.3079300787988097,-0.43591816693410157,-0.13056635216449355,-0.06051197190984833,0.15192621986030774,-0.03717415863595498,0.22873189416358486,-0.26505560769182257
0.15243689794341408,-0.04642602112486358,0.4419707140600643,0.4835729649960244,0.20045351151231483,0.4991333203405645,0.08388857956993231,0.45095142383910136,0.14626447012041363,0.23296886895736316,0.27054009316521327,0.11876395451400468,0.22479265773619306,0.31749143404906516,0.24538116581257277,0.23416303995412868,0.4090788574268637,-0.09181957525040212,0.3255031435439595,1.2349343523061225,0.1832070341139961,0.08935439466860519,-0.08949844281809101,0.19479188161474495,0.14696042589176078,0.44222127482291423,0.2938338042561061,0.22745499182819198,0.446817373912688,0.20431993778859447,0.19039057898040967,0.47283495107033546,-0.09897415772063882,0.47951440496237663,0.03824727095255848,0.29733381622975996,0.42308419280530674,0.6057690446414924,0.27849388929292274,0.18044939266553822,0.42335547067191276,0.27681387202126206,0.43198917871858894,0.027978914529661156,0.5026030712927383,0.31156097616150646,0.33484257503663817,-0.028906544935606054,0.16536549588617386,0.18874754984527972,-0.11097461420275624,-0.13047162276895702,0.17626517105915954,-0.04816534902262448,-0.08687864442696276,-0.013703434362011003,-0.08282152374570599,0.18380841860930278,-0.055987950991822126
0.12171024795579088,0.1537434639094815,0.2492518186434013,0.11741637835185614,0.13839810722841453,0.27410050555492727,0.2296519322574928,0.17560754269278306,0.237312038141064,0.17422577720790355,0.18937236384290448,0.17044985950015973,0.15069705274185352,0.2544104249824473,0.2180397735623882,0.24467609531940981,0.26167401601714435,0.16789993483393298,0.19363711788170837,0.1832070341139961,0.5608055687419115,0.24802645659183323,-0.022560552261694535,0.1816257231778898,0.14681042793198124,0.4275048070019844,0.2054833140912161,0.2196526821497651,0.20190547935013278,0.18621533412978225,0.30250370679657523,0.15020906710172047,0.20531206022348353,0.3063576346153513,0.3315940823906883,0.3041771075753404,0.33301852702614887,0.12226422661019137,0.12999563455641688,0.09637738541540546,0.36993645382975787,0.3205885900710113,0.19471649992887516,0.01918240042654489,0.03910703330849179,0.31177897219214934,0.33712239290508383,-0.05890740885444397,0.3103282566332424,0.19387219750200085,-0.15239644762854912,-0.0387466216245722,-0.005981701225837696,-0.05497190638370164,-0.021251296979246184,0.01967842357634783,-0.04780629767486352,0.0810398482197609,-0.1114210277583292
0.25337764144941294,0.09723508585046207,0.43845411044507904,0.21223147294592798,0.21580102317438937,0.3424933013960095,0.31779992332965723,0.1726250831080262,0.5596097278331013,0.19142236681512806,0.2199224687759578,0.265851110101918,0.2564143656941951,0.3220747255334592,0.12749241498155342,0.38705343073157206,0.28673931336033864,0.32820124204981255,0.2950813124576471,0.08935439466860519,0.24802645659183323,0.7472303111543764,0.2683390645719043,0.23664399480356252,0.19254840618820293,0.2250403457000572,0.18903942921107308,0.03546204118717433,0.41118835543952925,0.168514259798267,0.3742116318423753,0.18616747863167588,0.12784682558405125,0.27999753672103694,0.24960196840089735,0.43143665193831987,0.18207833438177115,0.08879779584048145,0.3615408821689475,0.03245717676210738,0.21037237411023668,0.18290561303888167,0.05721063351373934,0.04325512533546668,-0.0632059286766667,0.4076464384436451,0.2878954834649462,-0.3165808935557055,0.34169866883704875,0.13189076559684418,-0.06726438690489123,-0.030419514036942208,-0.06419469969682888,-0.08058985626496804,0.05851349499779951,0.14558387635691444,-0.0012140084320859338,-0.01390411006812581,-0.2695517517587789
0.37855264114624454,-0.08907496344288285,0.27169690473702723,0.061121314579583946,0.08710148274821773,0.03286373460623182,0.1453818198396597,-0.10918481444743833,0.26461019555364385,0.028891652441812122,0.043490678376103466,0.20918179031619102,0.07654434904290669,0.04076877091362657,-0.18440040982807074,-0.03375620739164597,-0.013977211171841484,0.3358357986848884,0.11095542500944874,-0.08949844281809101,-0.022560552261694535,0.2683390645719043,2.3580135347425384,0.14271247680879476,0.2911563275440757,-0.21473521602646578,0.2225703246819227,-1.422473681676909,0.41857622357089264,0.33200951915174504,0.3792050602759274,-0.43184446746157246,-0.028528660964460235,-0.07426351757195522,0.08012719306634188,0.7093580106801798,-0.0930076204451778,-0.060268893089267944,0.3217121478460296,-0.04040444435915957,0.10865922564439849,-0.04619754981939433,0.11828338226227696,0.1591440097774867,-0.0627039119887104,0.41515399170684636,0.06363650979000757,-0.4057362479782845,-0.25633739161200747,0.07981888419863667,0.19565665320688186,0.013769879852770353,-0.20513050304818503,-0.08946773828163092,0.2718387696920067,-0.0060185195237879305,0.002827512617406951,-0.23355259207139784,-0.024754191359680152
-0.0011373767975505085,0.026538002014072914,0.29611602943228854,0.23131676757936673,0.07950534928883145,0.25748361899462846,0.2839306103211614,0.12549356291125674,0.3099112166610396,0.17742447702252423,0.23464973468940875,0.21247888120316816,0.20053466232085468,0.17830675785962494,0.2501805647602381,0.2065946547939083,0.1675141719249933,0.30161395447928807,0.170318137593422,0.19479188161474495,0.1816257231778898,0.23664399480356252,0.14271247680879476,0.9186505776386952,0.24416166407451428,0.12039548683128512,0.17300777466160502,0.07121859249833049,0.28096274986768804,0.24858962393922324,0.22877878295765125,0.0045577400916024914,0.20213634729475669,-0.004092991985075951,0.14664576403790794,0.30037526961267624,0.2478495799797744,0.11463652150289942,0.33838112661708286,0.035811769974076195,0.12327538190698527,0.1324145538041822,0.15393330054371113,0.015428584986708144,0.12117446222866071,0.2515361639438727,0.1616600520539988,-0.11042236301783548,0.24084387459864973,0.025837507345445654,-0.12268404667628935,0.1253148777502776,-0.0031795785343623107,-0.09794471400272112,0.23696993288068974,0.09177659129165001,0.014130475664326517,-0.3137494252089542,0.06501537075688302
0.22384187186960275,0.035318748368291825,0.3134697806882209,0.21673220698175596,0.18432572409414819,0.21530301718720513,0.23662613395950494,0.276224703531392,0.19410644965825116,0.18588979117857957,0.22163569105225467,0.26408889679055747,0.15750101559118704,0.21033029442333154,0.26193062623309765,0.2297205908108918,0.2354026354146624,0.19301182967923108,0.14987736932125464,0.14696042589176078,0.14681042793198124,0.19254840618820293,0.2911563275440757,0.24416166407451428,0.7870754916374424,0.06702807393693631,0.23146077737081508,-0.1262083743958673,0.517573675155273,0.29469153070486576,-0.04248392419432588,0.1238735770591794,0.11343839006064448,0.34945745599343825,0.26503699560372185,0.2040969127965376,0.283305037611702,0.09911493457934709,0.47699027607366096,0.023209685739632804,0.16082972960259467,0.13190245085265834,0.21229068135293586,0.041708153066152005,0.06649301479944056,0.291674628463138,0.3417870442187697,-0.10165471469900551,0.2518665137919316,-0.12922838657984767,-0.22097023283018077,0.07134248637671381,0.13275666704101058,-0.04825036651600739,-0.04288861131801732,0.10446211048502149,0.03959932936546709,0.11501836594775763,-0.2815717726432712
0.13369856466343039,0.09815588243881901,0.31675680657592065,0.3283996005830294,0.20517023247092303,0.4648804308194378,0.18106848347247717,0.2999644773435713,0.2578332387749744,0.1505124425027679,0.23297193020378137,0.23822107593008687,0.17056569114707645,0.33948051463375495,0.24393557564451665,0.27306650002678523,0.266605911075909,0.28250176678291194,0.28047882086796394,0.44222127482291423,0.4275048070019844,0.2250403457000572,-0.21473521602646578,0.12039548683128512,0.06702807393693631,1.5551729866889052,0.2166232526183124,0.26336523515222476,0.18721056704914732,-0.27055708160873143,0.19580231747077068,0.5502297903856626,0.21642770988724125,0.48129607576825995,0.2881263788117684,0.04078032817743402,0.0355354862658247,0.245443881767317,-0.43631255864093765,0.20661048290260747,0.08965355018471383,0.34942781984816834,0.4211724565012258,0.012778674903442241,0.013108863904059468,0.21292746394144615,0.3522212257410273,0.02983566950225138,0.34958289356536837,0.5237623793527793,-0.2624902050039751,-0.16014186829904753,-0.18781419521452228,-0.08114533708731261,-0.16140973054547597,0.055760135134271624,-0.042280332558212876,0.24152449764910452,-0.3144767036309529
0.13011117614230658,0.24503133199777033,0.19667206005713034,0.005754068935986769,0.014370711985831897,0.2390328449740011,0.1995645283937529,0.1645182083396376,0.21731052528244227,0.20042260303328577,0.17006128028860032,0.12700225940838014,0.09860416526409678,0.13545531015051276,0.20535423825352445,0.10348856669212299,0.2514508164997126,-0.11273222092510908,0.10744458015239544,0.2938338042561061,0.2054833140912161,0.18903942921107308,0.2225703246819227,0.17300777466160502,0.23146077737081508,0.2166232526183124,1.440953759230949,0.11001504717286444,0.1401911961223672,0.24581553090815098,0.24429014072415073,0.2646267617007874,0.27103511240596384,0.27447963959449095,0.31565967659793376,0.5135368693984989,0.2886257315087103,0.17433844573243243,0.2558762169598123,0.22175284303688494,0.29177638478663537,0.2361091997710412,0.6381923670761853,-0.025713186804156907,0.16834192687008273,0.4330464045821623,0.24200723603394006,-0.16480453834429173,0.18649445721090635,0.08941404770242173,-0.2175845084185226,0.06066629535362426,0.09330567148044028,-0.02589981570387022,0.010584054238453067,0.11806531517758867,0.11653519583125517,0.013679516255989777,-0.32051722218906314
-0.11903866989403616,0.26274069595448074,0.13934945877327173,0.12227604925193601,-0.027062689115915056,0.1593395974024893,0.08741552811601987,0.16523317260789522,0.04610362948462554,0.11912692684464833,0.07370109210476762,0.005930650270292197,0.050403358961023395,0.08854878084037364,0.23003892471851406,0.19570719118973406,0.1256589802841018,-0.03098517547388175,0.2460990458625212,0.22745499182819198,0.2196526821497651,0.03546204118717433,-1.422473681676909,0.07121859249833049,-0.1262083743958673,0.26336523515222476,0.11001504717286444,2.9127807805678128,-0.38980335558632484,0.05248174895469934,0.11980039143838594,0.44454139301010187,-0.01976567363643382,0.13279494701203776,-0.02278136068618388,0.615192919809219,0.04632515746273269,0.15056570428209037,0.053410136510835766,0.112853263435453,0.41556131129953877,0.24013926887151468,0.07215323234447306,0.13592981844930077,0.19716200025834435,0.16253416230113382,-0.30882801770536855,-0.14419659813225075,-0.2942393250145476,-0.6466321878688015,0.11661218351712163,1.1014286463960095,-0.8002201259689019,0.0950337890522136,-0.21445245620318476,0.05582327596066544,0.040440431269411346,0.2160469662241276,0.019218729781625598
0.21998326762603065,0.12853429040147143,0.47930262159734344,0.47781165630142297,0.265884521772948,0.6421742589970449,0.13330280566270264,0.3192172300351902,0.34125239409097485,0.18157372754905068,0.296475151440631,0.24879929671009823,0.29004076807371876,0.39674092263123506,0.2867614322119066,0.399524772043801,0.41192689539949695,0.19163598285255334,0.38726256760702915,0.446817373912688,0.20190547935013278,0.41118835543952925,0.41857622357089264,0.28096274986768804,0.517573675155273,0.18721056704914732,0.1401911961223672,-0.38980335558632484,2.916617975179454,0.3654246832993275,-0.3214327727026958,0.47454723586375247,-0.09188895483090669,0.45964493359391434,-0.11385557160282499,0.4366816773087283,-0.8967376527171844,0.1658303195837785,-0.026604088808576294,0.1219546971272408,0.2742017684092046,0.052937862037925235,-0.11941704657206358,-0.09772893905456982,-0.4308369168244795,0.3847436237564698,0.5026809964199893,-0.2712697114793897,0.8436773075591076,0.44808888563459837,-0.4123781271832733,-0.33514366239428856,0.05739439078537226,0.04488526539078687,-0.16885128617408687,0.05560223615277937,-0.22090965756707687,0.2890077207946734,-0.01354081174163386
0.27255109611718675,0.06461369017183186,0.15342913786335932,-0.1788506975167568,0.00739139034763383,-0.12042056619266232,0.29228574082522923,0.018090409907331885,0.1076511555789964,0.23028084118669054,0.12140159121408312,0.09834003241607898,0.1285204704461528,0.11426333974741783,0.18721338495572803,0.16535817887454396,0.11984238229843384,0.016089903714858304,-0.07033259480108013,0.20431993778859447,0.18621533412978225,0.168514259798267,0.33200951915174504,0.24858962393922324,0.29469153070486576,-0.27055708160873143,0.24581553090815098,0.05248174895469934,0.3654246832993275,2.328376197270292,0.3501702232124385,0.012867423089378304,0.19501791665636986,-0.1808458891319546,0.6761673771584991,0.6285304852397846,0.3329234027128309,0.12438538947662847,0.5399544007838808,0.009350859592412114,0.5711763349786757,0.21848768455985695,0.7146146086169085,0.10890931313431897,0.6073517219052121,0.5026484449890961,0.2559144032402412,-0.2547445009172984,-0.2635697061006547,-0.17928114480213744,-0.2077135604863355,-0.08762765779372281,0.34749363086257823,0.023468894173730034,0.1080475987412324,-0.2779437132377501,-0.10128258120165767,0.15389126317208518,0.209276637486713
0.3099845610468338,0.02871836243846959,0.4081308004950635,-0.01997699172660177,0.09958700285642101,0.17347244672865209,0.3310609692331657,0.18636509223470119,0.4714605780386317,0.1992051233412239,0.15970424487621399,0.1772583416095462,0.12457572039358358,0.2172422548573846,0.12837008307089343,0.17399125540045532,0.17846365888340093,0.3373730350640209,0.23885759471236923,0.19039057898040967,0.30250370679657523,0.3742116318423753,0.3792050602759274,0.22877878295765125,-0.04248392419432588,0.19580231747077068,0.24429014072415073,0.11980039143838594,-0.3214327727026958,0.3501702232124385,1.9930899661558343,-0.6294466881158097,0.2234678819415436,0.07099926608631757,0.6656082785878504,0.5563459724177415,0.8779274632534729,0.15965850538740364,0.36844074319034104,-0.1641136329291254,0.29438016334067263,0.2790716945464576,0.08278037664770384,0.09210988182562549,0.35926336564984157,0.5048370321089325,0.27780775206942826,-0.2661219389548057,-0.3318012036363072,0.2490765836813724,-0.17117935001210363,0.3871453498938709,-0.2633899842437659,-0.14897417198868848,0.3798815842255819,0.3539206883810131,0.29784898504229534,-0.32355907918247867,-0.5728423460232773
0.015824318131945375,0.026454896776070883,0.16506296714384103,0.4450906924619892,0.1552224572337909,0.3694350914473649,0.01731499933570952,0.1801482672407273,0.09461709764631421,0.08143280970467451,0.19837307449514013,0.10278365016296298,0.12124649570470403,0.1684204424690206,0.1757755580648598,0.16347383921276304,0.2225775408478456,-0.10892338926907598,0.2249387491617603,0.47283495107033546,0.15020906710172047,0.18616747863167588,-0.43184446746157246,0.0045577400916024914,0.1238735770591794,0.5502297903856626,0.2646267617007874,0.44454139301010187,0.47454723586375247,0.012867423089378304,-0.6294466881158097,2.9450070411375315,0.1588160170132969,0.4074244236291035,-0.24566141865509017,0.11386121265335172,-0.8524948904661276,0.29405405626300224,-0.5533669181111123,0.21992496846510418,0.1276718665951391,0.15584569101895382,0.2074249527631286,-0.00906467297982076,-0.19899442387244937,0.5190086708071306,0.35336401659306993,-0.19820901007463881,-0.33439555626239265,0.09509782531454908,0.21423799727980308,-0.27955664352826054,0.1663882508981666,0.03376095092521474,-0.34474563656796425,-0.0024786777234773673,-0.07696245505902602,0.28105392432845444,-0.49663301814101507
0.1177274846114658,0.0064770708022443575,0.08330499447479049,0.010572754926573415,0.04758765424261691,-0.06639893623595562,0.20695571182652145,-0.0053509017130638934,0.13579010670440517,0.08330334380572549,0.04603954037474075,0.14414887343692842,0.06990058970938136,0.049199981671550055,0.0687343897612704,0.07243387399411355,0.17224309476385863,0.09975653476590039,-0.006196908215096085,-0.09897415772063882,0.20531206022348353,0.12784682558405125,-0.028528660964460235,0.20213634729475669,0.11343839006064448,0.21642770988724125,0.27103511240596384,-0.01976567363643382,-0.09188895483090669,0.19501791665636986,0.2234678819415436,0.1588160170132969,1.9668456566755264,-0.22903679359170023,0.07278865791089709,-0.2872052087568858,0.4352716229717452,0.0032105557473914846,-0.08730647608651498,-0.01026368711939531,-0.26448896049534076,0.14313749708195844,0.3739235263662679,0.045559714196562184,-0.4919649838717545,0.2955838309691547,0.4077580528718267,0.19848128515274888,0.3970753610044441,0.3420393380770803,-0.3456515477575113,0.13426506553633152,0.018032791668570813,-0.25323033775386605,0.0718119645480355,-0.04755928445762184,0.04519829948441794,-0.06691357638821338,-0.17525567356824556
-0.369762919005008,0.032672616656761834,0.13826219927588354,0.29989715605067396,0.34218180615196336,0.4395956465880511,0.33584375630098734,0.43015368428715656,0.22137248333362317,0.2766680054602034,0.2761128652507835,0.19551181174189788,0.25215754034493765,0.3361137492805737,0.24467867686481634,0.32963014151024705,0.44108700924107846,0.06469202730247328,0.25933440073103614,0.47951440496237663,0.3063576346153513,0.27999753672103694,-0.07426351757195522,-0.004092991985075951,0.34945745599343825,0.48129607576825995,0.27447963959449095,0.13279494701203776,0.45964493359391434,-0.1808458891319546,0.07099926608631757,0.4074244236291035,-0.22903679359170023,1.9982952979322306,0.18990251149560788,0.2214779661068335,0.488667147095956,0.23796379246078062,0.05004194383286079,0.055444730071846214,0.5005368491793095,0.36531671487200457,0.28124380531968934,0.10271346127747946,-0.2668755736926897,0.2754066428646726,0.6386240717261751,0.035702015336624454,0.5007198079059904,0.05765055920293889,-0.1345465774258362,-0.4819353877014225,0.4673360251467024,-0.08856062941004787,-0.3375645810217139,0.12721669590428544,-0.2139068350861682,0.3738690504233784,0.008704948409756007
