1.6148392787305572,0.13957188682402305,0.8930502552213999,0.15771248934850637,0.43693280826785585,0.1250675337774296,0.22800823551398455,0.2626646361049589,0.36128071594494876,0.21224576643014836,0.17305879706352303,0.23105288985014677,0.1329265432562964,0.1570059706952349,0.2815182611553367,0.1251277276212259,0.0834896069269885,0.35379578792436184,0.26452934881072504,0.14351541929578912,0.10514221269793608,0.26258425564224924,0.35701168933404115,-0.02187983308764806,0.20962150040815372,0.12920931576357353,0.0970410724432008,-0.12682339035880572,0.27674053938574683,0.23844446257565513,0.26371877139395017,0.07126575986220833,0.14121352370560183,-0.3491976970376865,0.22568249410447996,0.30157580334273915,0.036686630370621524,0.1165058731709274,0.3678695436201975,-0.05052507040191947,0.09076057939732034,0.0474751373739941,-0.05162765420514606,0.01818696880683997,0.26676436108152446,0.32267343091746564,0.11849824555553866,-0.21507113400141298,-0.02366450216251352,-0.034681249615282725,0.007191775154702409,0.16138814044766853,-0.07276916854747127,-0.036492013337742865,0.04487866034761653,0.055584001879596855,0.3113404144242185,0.1703140745051509,-0.8006292336938727
0.13957188682402305,2.285321524674108,0.05292806628559712,-0.8776249872482108,-0.1973578819781592,0.4408769955501781,0.06881834702741182,0.05568457151927009,0.18280988556889374,0.09973199303761915,0.018560685516840925,0.0482696240134024,0.03042035579836112,0.019216685181484828,0.03424254724317486,0.009593151364642241,-0.04820063313754745,0.41194505217470356,0.02513036217517137,-0.0435957977896841,0.17081236172247166,0.10753208835042652,-0.0879929881271389,0.036600314345621304,0.050768465700769934,0.12690510396534438,0.25623352586973835,0.2992443489945937,0.12295847310649022,0.06871548665806791,0.02470759577765115,0.03304913990712001,-0.014484067736357943,0.05217834921866913,0.2677046762636793,0.03011748404433302,0.2745647492628138,-0.017450143207268416,0.07453005688613752,0.08167692999236245,0.07459913858577809,0.09720723865872966,0.24186022054364262,-0.03307250636696779,0.2825087259602079,0.06470619310855173,0.11643841813127309,0.008278156979458372,0.1971192431421854,-0.3649530761851178,0.3413550941348258,0.4690787707915987,-0.2962069955706062,-0.07093593700935856,-0.35090411724663906,-0.012583787842585894,0.02112855794148123,0.2920186669011436,-0.024498636854690527
0.8930502552213999,0.05292806628559712,2.115252164534548,0.5618354957581437,0.14113747809064742,0.45250929845212123,0.11298583031257152,0.5672618346112533,0.687920648950959,0.4105646336772407,0.3126963993513761,0.30381179360724675,0.2864787265078093,0.28951390304044006,0.3693518294795509,0.21135811443154856,0.35960864995444786,0.4054700605326981,0.45533445459226873,0.44877795672235116,0.22771476261182644,0.43569936976099577,0.27873264333728925,0.2712551998326463,0.29991504122047835,0.2973464930262302,0.16545676018526032,0.13116469129799693,0.5224607391146299,0.11653112983912654,0.3216173768105009,0.21013854392530118,0.07015907672925874,0.16045813499532746,0.39696722872001006,0.547358571080706,0.25696676006236063,0.2713005581274693,0.5554656589593601,-0.1504742073258831,0.2770141680952469,0.19766052928681366,0.0016178880047859384,0.03324765739006644,0.4558975323183739,0.5215129955105723,0.34051070165433583,-0.3231910592809276,-0.11026513960854963,0.0663999869357981,-0.011966721909468672,0.27452916413851847,-0.15130330254118987,-0.10777125599165256,-0.08093285442086375,0.07330617181466867,0.15415202256007102,0.19719804599437976,-0.6772916551986061
0.15771248934850637,-0.8776249872482108,0.5618354957581437,2.9571297938753895,0.18334152962961633,0.6918611281202677,-0.0007654705868141005,0.4189153166429237,0.022411606175403446,0.015372520949582733,0.3015508779938363,0.42277448695758196,0.22503204591724815,0.32741251185382286,0.10344376257639715,0.40365991169302395,0.34094141567684383,0.037758206209768226,0.4283516791555399,0.48679059630924476,0.12229742053579001,0.1884461541574003,0.03841949199637423,0.21930778795545883,0.19384964497045493,0.330139023321597,-0.03771386805042603,0.1691520418885965,0.4719507711319948,-0.16018564678159497,-0.09507143507473018,0.4418333373380984,-0.012799449130655565,0.2761286908899509,-0.5165611889633484,0.18049949525238573,0.019447636007404994,0.2536042020546123,0.13641970316654448,0.1203286141061497,0.07622987956094877,0.10078046525159966,0.16451546779764847,0.09613491054783209,0.04609413404271661,0.17878687833870444,0.2085057144281653,-0.10037235232406544,-0.01826669492023764,0.21015930497378427,-0.054201581038499105,-0.000917617605745857,-0.18581322269219144,-0.043258307140668854,-0.22013160443401486,-0.015820174615821914,-0.19985298392001993,0.3584541396825572,-0.05785756948783513
0.43693280826785585,-0.1973578819781592,0.14113747809064742,0.18334152962961633,1.4201445268232935,0.04152476182674067,0.17666741962437574,0.4001677035563411,0.20349406115150695,0.11063835357607539,0.14880018201088782,0.17906490801040625,0.18289097168841748,0.2694410325690021,0.2316426243172092,0.26842201403847604,0.1962164777762354,0.16392829680197712,0.4758094446526291,0.18555975599673408,0.12390905125426613,0.2210921721758475,0.07923961182223181,0.08115784351380713,0.17590922035511855,0.19205829251709045,-0.0023774710619456733,-0.054598236965123906,0.273039242986895,-0.04587877891339381,0.07467650374939214,0.1775786385272726,0.049983915086918566,0.3065847504634846,-0.1573018471297897,0.1939702781485992,0.1685855361056031,0.10888228595799156,0.18426535056206444,0.054418821472914235,0.1641079410570686,0.1227538682517287,-0.057445091679344355,0.024895677263237503,-0.138015513042973,0.17810506070724463,0.17373732633038955,-0.06076401838418429,0.33155803604794587,0.22592454352637997,-0.0709676437661297,-0.30046530691607054,0.11178478451207674,-0.023662031822138215,-0.07889525612410758,0.1129765268111276,-0.011631930770058922,0.18114795208524664,-0.26206221903134275
0.1250675337774296,0.4408769955501781,0.45250929845212123,0.6918611281202677,0.04152476182674067,1.2549332967394022,-0.032726837406513,0.4368106607162223,0.3650172891116687,0.13508166676943084,0.25614301128360817,0.2696466064362648,0.23703851858093766,0.3801561152858124,0.19092416511063173,0.3402200206465963,0.3737144895790183,0.21362369684534044,0.6555574329014017,0.5088875512331276,0.2754148636470372,0.3286714416986997,0.007605862791366562,0.24636080421499446,0.2072469137740271,0.47490968697045216,0.21913855225721532,0.1822038776062245,0.6337290536203524,-0.10870619941159354,0.09417819753722186,0.3877494963865935,-0.0837515146269808,0.4362145211098304,0.018768704425068217,0.13798108532771075,0.2700278276192946,0.2702800310391208,0.18020057711292614,0.16720338110337837,0.17635976305793943,0.21291954264403215,0.3151734197124735,0.03918293972533765,0.19154557283821755,0.20447728508011842,0.4422709028226983,-0.0557116832607739,0.46984828471503576,0.26613138602627295,-0.09719230661293633,0.09256013911995234,-0.23923750802013852,-0.04325201915565266,-0.31461405066294357,0.1020141763401759,-0.15129633592636008,0.4067807442213067,-0.16285027159517687
0.22800823551398455,0.06881834702741182,0.11298583031257152,-0.0007654705868141005,0.17666741962437574,-0.032726837406513,1.0825637819697949,0.06952071019653182,0.34651086333644815,0.23605129315674295,0.2228485773447255,0.3245822984863747,0.22864564120278463,0.18874929759194692,0.20291751055258975,0.2357889732213393,0.20736340176585283,0.29212575767636456,0.04224121135138276,0.04867269083719466,0.19111439134001082,0.30240134516177575,0.11613415979503558,0.2699984864148236,0.21249078199208402,0.15115813706122214,0.16443027869832372,0.04312049880193013,0.14024214154097375,0.2402811315069732,0.2612620869356081,0.013521545053326808,0.20534330781418603,0.28776558901887195,0.22912999867953104,0.30358717205658725,0.29911566009701807,0.05734157475695881,0.3398228929403642,0.010613970478960715,0.18861075960098278,0.16225196859718186,0.039390022189389085,0.034500316354488074,-0.06201725677499413,0.2738854246938566,0.09674253988971439,-0.08010314491806135,0.28717818963307123,0.02421825663822342,-0.09054667150015577,0.0635575977260288,0.09149937685188907,-0.1590638742786623,0.05780182143255582,0.11620365418221452,0.040908448138707226,-0.04508655646305326,-0.1710257395966486
0.2626646361049589,0.05568457151927009,0.5672618346112533,0.4189153166429237,0.4001677035563411,0.4368106607162223,0.06952071019653182,1.0555634204442401,0.11519409299749986,0.18934558075441157,0.1943465126778962,0.06425528857076865,0.22791717851203053,0.320330280251791,0.21361368016862092,0.24550181901378004,0.3781700635313337,0.16818398877217447,0.4229496095900475,0.4252401026700022,0.177570480785681,0.16977100486509925,-0.1257310306159463,0.120565422584834,0.2481842988281903,0.291102440682003,0.14278340779472973,0.2103106341151933,0.3068893637181295,-0.015624403918787205,0.10316699543749627,0.21232133549400872,-0.03248032448035556,0.402976548285395,0.21609777117993578,0.07537330688446892,0.3817237353149628,0.22415881381297656,0.4026044883432325,0.06825021345333021,0.21683365373854938,0.17387099395974565,0.19501432046875353,0.024771412609460572,0.26581070671015467,0.18683479545754278,0.4359210030260625,0.005235198442769507,0.4132077214043344,0.2063084930432719,-0.0719522425946318,0.11420519695130378,-0.13550035218329584,-0.04860974797536472,-0.5038151396857332,0.14247847884667106,0.08201507498295321,0.6566568285994243,-0.6722619439074922
0.36128071594494876,0.18280988556889374,0.687920648950959,0.022411606175403446,0.20349406115150695,0.3650172891116687,0.34651086333644815,0.11519409299749986,1.0432594494623473,0.2098199916865261,0.2049962588490018,0.2469988538025281,0.2571051046690481,0.30941013307709675,0.18609238411003967,0.2172515693370848,0.2610576965734174,0.3624772758177275,0.31448169268999376,0.15037002071848618,0.19859828375497543,0.5615259729940417,0.2571022304254064,0.2792415159677453,0.18181018225837725,0.2363470481626213,0.20930618879395052,0.007999167784067292,0.3930020121421632,0.07229339165264824,0.3947811359328415,0.11894150269939437,0.14739960098648017,0.2217606199986601,0.2093419555943097,0.38791504949713634,0.19826092825829866,0.12235461614336997,0.3630722241608989,-0.028995847204300252,0.15126717408432042,0.14733438022154777,-0.014722198834014558,0.030869375149891035,0.04539395044051644,0.3611771612506258,0.23987908307584555,-0.2509814326665804,0.27972870512629266,0.06151227670822407,-0.055974250742702486,0.08525213853444168,-0.0721069328659752,-0.0762703897919788,0.11974736179984498,0.3223879779591849,0.08547313417096462,-0.08225723665286486,-0.510429748144447
0.21224576643014836,0.09973199303761915,0.4105646336772407,0.015372520949582733,0.11063835357607539,0.13508166676943084,0.23605129315674295,0.18934558075441157,0.2098199916865261,0.5586827273641485,0.14205184246914793,0.13300093301011376,0.17158145585058499,0.192761175974279,0.27640715808125854,0.170297245075273,0.2774043225832764,0.18676021450804162,0.10087642149960768,0.218373054261994,0.16740302101425109,0.18292965501276548,0.020788272486947857,0.17771495563178008,0.1791923214395206,0.13858097997932112,0.183692384553775,0.1068561367070041,0.180300041258681,0.21401361507622138,0.17142802441716595,0.0894730660886077,0.0761326354384839,0.27183895642625167,0.27340734286314494,0.20978493430234926,0.3260305312420174,0.11964288052247897,0.3235031835507524,0.07998057731042461,0.2726114778409285,0.16750081118155052,0.18004609104477806,0.022187947745017547,0.15828994274035538,0.24422010911653816,0.3273034784886074,-0.058115314429629784,0.2260534840299515,0.04249105050574864,-0.04931914730112836,-0.018125358257879975,0.058517693444313644,-0.025413356158808253,0.03152111890295156,-0.044078718676525935,0.04436351904164813,-0.054744249924102116,-0.028036618461114958
0.17305879706352303,0.018560685516840925,0.3126963993513761,0.3015508779938363,0.14880018201088782,0.25614301128360817,0.2228485773447255,0.1943465126778962,0.2049962588490018,0.14205184246914793,0.569384935598316,0.29058369664667016,0.23838537778848812,0.20471540533781818,0.277488216420736,0.2526221799185806,0.25805373625246536,0.15406054292088764,0.14970527702758654,0.27247314182892296,0.17312383114278956,0.21123374541721068,0.05770111809295694,0.23188686565350963,0.21071694096346055,0.2121861198625819,0.15814763353108044,0.045871738476181805,0.29496053778814746,0.09491860032876047,0.11819366304780764,0.19235984243272658,0.03530239075269701,0.2707812337032242,0.19854584291221164,0.22007857864978117,0.2049014696100659,0.15082800448395797,0.29458520586713954,0.06038670300354594,0.15323561858175022,0.16084146329134807,0.11068552617603647,0.023622074352188334,0.1316861707370732,0.22376138333557963,0.21706928451778784,-0.08769884264298902,0.0548846107848362,-0.0139183681039516,-0.10711840053492193,-0.07562896512662616,0.17289835611793963,-0.0016768726559740724,0.023425002239489085,0.06551148557941028,-0.0977184543413337,-0.01368509469406096,-0.0710145330524814
0.23105288985014677,0.0482696240134024,0.30381179360724675,0.42277448695758196,0.17906490801040625,0.2696466064362648,0.3245822984863747,0.06425528857076865,0.2469988538025281,0.13300093301011376,0.29058369664667016,0.6857526840757131,0.19200321346041113,0.19931261390018606,0.08890783974915714,0.2718468395743627,0.1464873297536661,0.32586651961973595,0.19458260900254562,0.12730497969216092,0.16476336574190706,0.2524495693975227,0.20163574336273513,0.20322010409538258,0.24406524929414541,0.24146051013936043,0.09727326130003988,-0.005882782772267191,0.2525123550493884,0.08965830805105594,0.1366070897633893,0.11936459799764257,0.14578177281087026,0.19441940063834368,0.2203720084521386,0.20638851607276043,0.21349144794357827,0.0868675439732137,0.2731211521715541,0.06145956187137042,0.06400082805756431,0.1447207730802563,0.12459805235449703,0.03627981955218067,0.0636659002358973,0.22330147339119338,0.19455505259294548,-0.08219834391563932,0.2392993232765116,-0.0014061072896167858,-0.05705614278580782,0.08768008822276648,-0.09456358852212626,-0.0781146090343126,-0.011316809054983288,0.001764900302762065,-0.024638391090209957,0.06930295175818864,-0.1264053383748296
0.1329265432562964,0.03042035579836112,0.2864787265078093,0.22503204591724815,0.18289097168841748,0.23703851858093766,0.22864564120278463,0.22791717851203053,0.2571051046690481,0.17158145585058499,0.23838537778848812,0.19200321346041113,0.3883109823085247,0.21514414226155665,0.1326875283583539,0.2479254474275392,0.2605999275863584,0.16394373508544852,0.18231988134651259,0.22186209687108377,0.14624006011286045,0.2560703723515572,0.08033895172795774,0.20890524389813944,0.16581950769692097,0.16979498793092987,0.09533536545086277,0.03744528832065798,0.2935881240318678,0.11913075127706137,0.12383667440971163,0.12029753383222432,0.07187357147428666,0.2474586707924724,0.1860614791373167,0.18472009124973957,0.25159527433917717,0.12225379416037434,0.28863028248147476,0.050075665128553735,0.16633247025299008,0.14207765809609413,0.1180327575738143,0.03659758383595551,0.07576103345554412,0.20660408342888698,0.2153393430250606,-0.08165401763335334,0.15929757097225827,0.16211896931735442,-0.06415593227967284,-0.07155541355197921,-0.015955946745452934,-0.03990940867869877,0.13048540097466801,-0.023933730116941495,-0.15195729434257527,-0.16376139078712654,0.211566528994581
0.1570059706952349,0.019216685181484828,0.28951390304044006,0.32741251185382286,0.2694410325690021,0.3801561152858124,0.18874929759194692,0.320330280251791,0.30941013307709675,0.192761175974279,0.20471540533781818,0.19931261390018606,0.21514414226155665,0.6678294693616956,0.28097056366159295,0.41133646100613597,0.3938750398882592,0.09941727911165751,0.3105169830125893,0.31904489258492713,0.2536076240649793,0.3133465047937395,0.024328126560709217,0.18213798831246245,0.19976236673356423,0.33125645993053215,0.11445159007495737,0.07599267120482625,0.3952026906025593,0.1029092070057256,0.15815215195653054,0.17326506954768223,0.041616525038307275,0.3385607872433997,0.21086373907732792,0.19580875105170165,0.3015527415251616,0.17654409702358143,0.21348826551892242,0.09887661112626234,0.27338063886343605,0.21669304615506507,0.15468114143098263,0.03237840222871626,0.04456922789176396,0.22498251537508832,0.3775332483750416,-0.06757230866309549,0.5392572161117507,0.12062139366514728,-0.11879922991553535,-0.09451655355893201,0.07095545244873509,0.001144486304537263,-0.23017051615858383,0.07185555260381242,-0.15353172473317506,0.3178877228648544,-0.17084894191582278
0.2815182611553367,0.03424254724317486,0.3693518294795509,0.10344376257639715,0.2316426243172092,0.19092416511063173,0.20291751055258975,0.21361368016862092,0.18609238411003967,0.27640715808125854,0.277488216420736,0.08890783974915714,0.1326875283583539,0.28097056366159295,1.1497582658227303,0.19042014944892474,0.29554790770529815,0.015865133115443648,0.22204286443238705,0.2697262626607594,0.2044009679051183,0.1269656785064408,-0.1888260028266037,0.2508488108864419,0.2535803206592205,0.223751455434626,0.2163616011287038,0.179565637131027,0.29763935495678223,0.15876756512234985,0.0786150853614734,0.1631277579030787,0.06332375177722598,0.2763640746977192,0.20916779270204067,0.18400578892462074,0.21331326088291447,0.14508853689401563,0.25848673825754365,0.05937670986742074,0.23283009383439868,0.18283408927294917,0.10308592396038062,-0.0009194614341452437,0.04929538297347253,0.19279831020159358,0.256929704790697,-0.03273963709849267,0.24597362542115916,-0.08702081977570446,-0.23575737035001335,0.0598604895769547,0.31380451146901994,0.016721573055488926,-0.039988964865626836,0.17792904854366892,-0.15521622421300993,0.08565741514808728,-0.14044937981697944
0.1251277276212259,0.009593151364642241,0.21135811443154856,0.40365991169302395,0.26842201403847604,0.3402200206465963,0.2357889732213393,0.24550181901378004,0.2172515693370848,0.170297245075273,0.2526221799185806,0.2718468395743627,0.2479254474275392,0.41133646100613597,0.19042014944892474,0.6586932739142048,0.3411171395133233,0.15818352429041618,0.26729379404228054,0.23795810724458072,0.23734074465944444,0.3692053682491064,-0.03501240333561694,0.2106059238401502,0.21541020211432638,0.26342591359739925,0.08415244438905842,0.17446925988595655,0.3787254356742761,0.15846638188581208,0.12107038764561241,0.1732104672300566,0.07197193025475813,0.3206638548238335,0.2808640172277186,0.19801751677302,0.28758653090151226,0.14015804449130975,0.2853854327752035,0.09935858249898266,0.22831707494125014,0.2209500888339187,0.16271814422337014,0.03346816164761223,0.04382609084570726,0.2282501546266774,0.3191493103242487,-0.08526323879907687,0.4113582961369945,0.05010898147915512,-0.15308702714678266,0.028729684020293616,-0.01563315099499197,-0.034900504691986,-0.13150482127219149,0.028260836505287868,-0.18057667969456462,0.18124199192793314,-0.03232211226354322
0.0834896069269885,-0.04820063313754745,0.35960864995444786,0.34094141567684383,0.1962164777762354,0.3737144895790183,0.20736340176585283,0.3781700635313337,0.2610576965734174,0.2774043225832764,0.25805373625246536,0.1464873297536661,0.2605999275863584,0.3938750398882592,0.29554790770529815,0.3411171395133233,0.9842796511276417,-0.01872324039680492,0.2958715172748299,0.4047956251325754,0.2561426487874066,0.27888998536827275,-0.022423074989850248,0.17718615295881768,0.23520842956368157,0.2551711098551418,0.23494797224428016,0.12153927378468386,0.3966872547497228,0.09004430174232493,0.14678358339099573,0.22393496407557956,0.15302928717123124,0.43460684778814623,0.18995078436905358,0.17990361464194207,0.4829271221471716,0.2217206288209347,0.2984850921680459,0.1265294046877711,0.3084479090784072,0.24012629895372153,0.2396781100570046,0.027868009146974713,0.1377998243759339,0.2761707538721625,0.5186265688933043,-0.03547924051016122,0.43151383715635955,0.47294120488254404,-0.07954355380458605,-0.16564383583665854,-0.058496340212829526,-0.03107193963694199,-0.14130655497708497,0.025422005070315057,-0.15761863044210322,0.19197702883126258,-0.06446393997471445
0.35379578792436184,0.41194505217470356,0.4054700605326981,0.037758206209768226,0.16392829680197712,0.21362369684534044,0.29212575767636456,0.16818398877217447,0.3624772758177275,0.18676021450804162,0.15406054292088764,0.32586651961973595,0.16394373508544852,0.09941727911165751,0.015865133115443648,0.15818352429041618,-0.01872324039680492,1.2065023062947977,0.2087504156351735,-0.09607935756468088,0.1582428097207176,0.2989939949023337,0.3172680390242199,0.27380509679743686,0.1660722634533445,0.2817868930209735,-0.14066065273949885,-0.014370264779822855,0.17824469015338618,0.024981610445176744,0.24200066929352734,-0.08838226734132389,0.0900793797675817,0.07252405806230612,0.1640292319612855,0.12329134555336387,0.29655067258921397,-0.0333152840972864,0.2033818126708092,0.0009146170267274185,0.009421067364468268,0.08329509354329147,0.23496799863035595,0.024988057714879393,0.33232321224331657,0.17706329850082939,0.16218174724840428,-0.08640608019059177,0.13458950895679364,-0.06292672051691568,0.3097354886457627,0.271029423816125,-0.4432814231839758,-0.16987593921083075,-0.03398625411694492,0.10698385436381833,0.19670554719233455,0.09405611905881162,-0.43490145245393647
0.26452934881072504,0.02513036217517137,0.45533445459226873,0.4283516791555399,0.4758094446526291,0.6555574329014017,0.04224121135138276,0.4229496095900475,0.31448169268999376,0.10087642149960768,0.14970527702758654,0.19458260900254562,0.18231988134651259,0.3105169830125893,0.22204286443238705,0.26729379404228054,0.2958715172748299,0.2087504156351735,1.2116422842042256,0.3368038899647939,0.1787278247277736,0.27843308235977626,0.09893163475296915,0.1455453363741241,0.1414555755685264,0.27514646558560507,0.07803919348289984,0.2469403807689589,0.3882008940137127,-0.07799972520301755,0.15631052961292036,0.244564327453723,-0.030929558257887815,0.26252844249774926,-0.08377027640887243,0.2990608109716373,0.05049112816680321,0.19093267763112265,0.16988814877084374,0.07263750955141926,0.21396060635414557,0.13759003222045033,0.039902750640934695,0.0317425073574135,0.13100707910858778,0.2429226770044832,0.10838434720402637,-0.12784023813232442,0.06991081250928416,0.16781632021467643,0.24258243131752757,0.35449442447941004,-0.4750276149170126,-0.08687853766786077,-0.19774889566738565,0.14232446482288114,-0.03485372021870072,0.3274618164318115,-0.3081953601907539
0.14351541929578912,-0.0435957977896841,0.44877795672235116,0.48679059630924476,0.18555975599673408,0.5088875512331276,0.04867269083719466,0.4252401026700022,0.15037002071848618,0.218373054261994,0.27247314182892296,0.12730497969216092,0.22186209687108377,0.31904489258492713,0.2697262626607594,0.23795810724458072,0.4047956251325754,-0.09607935756468088,0.3368038899647939,1.2248937367724329,0.18179372516471773,0.09285702071058163,-0.08411975900905552,0.1977469760561493,0.14713344158920688,0.4328637826337323,0.2872990127715641,0.23583850807695064,0.46174975459967793,0.16345311200147217,0.1768176410012357,0.49590316258584666,-0.11818862490576099,0.47178091019328533,0.036210237627461166,0.29450777950937995,0.3699817878156806,0.5933419627237078,0.24939634951457085,0.1672957893924017,0.41078767509734565,0.2666127757921408,0.3777124686026162,0.024629893820400345,0.45812203637099486,0.29876157201291204,0.32297886703884143,-0.03940204652835923,0.17923696622312668,0.15636206216129356,-0.11142889544536598,-0.09220997096445967,0.17941694444814396,-0.029576425068586543,-0.09540052631902703,0.02644933108727423,-0.1171428779226313,0.1568112050643382,-0.043722286867478144
0.10514221269793608,0.17081236172247166,0.22771476261182644,0.12229742053579001,0.12390905125426613,0.2754148636470372,0.19111439134001082,0.177570480785681,0.19859828375497543,0.16740302101425109,0.17312383114278956,0.16476336574190706,0.14624006011286045,0.2536076240649793,0.2044009679051183,0.23734074465944444,0.2561426487874066,0.1582428097207176,0.1787278247277736,0.18179372516471773,0.5539856758943835,0.21827944235320057,-0.02401486659504905,0.16792821643775657,0.13645703836250722,0.41154773358978314,0.17678334933113443,0.2106640393823418,0.14447525187219865,0.1660698661289892,0.24305101414770783,0.0913942391220287,0.1553517347323792,0.2903954093252098,0.3140567754366078,0.25142759623104693,0.40213321937936436,0.11243146267762115,0.15531742952889566,0.13227753237928339,0.3745955672456936,0.324380317859489,0.27452274920704145,0.02473304938380526,0.11596401143777452,0.26427710648663383,0.34262245952246756,-0.01443288184580557,0.38567665952386976,0.18870273370301216,-0.13355496305050005,-0.04891857654689404,-0.03385185504768442,-0.03904395499862455,-0.11523388266717599,-0.01662535681964044,-0.10492314653591488,0.1603295100180811,-0.02965590614371061
0.26258425564224924,0.10753208835042652,0.43569936976099577,0.1884461541574003,0.2210921721758475,0.3286714416986997,0.30240134516177575,0.16977100486509925,0.5615259729940417,0.18292965501276548,0.21123374541721068,0.2524495693975227,0.2560703723515572,0.3133465047937395,0.1269656785064408,0.3692053682491064,0.27888998536827275,0.2989939949023337,0.27843308235977626,0.09285702071058163,0.21827944235320057,0.7338606541995587,0.27241248349000546,0.22144232601525396,0.18003948322698848,0.20047674032610557,0.16820147832450782,-0.004570485387016802,0.42177650293745234,0.15561538746717268,0.316326873811084,0.19224683389322006,0.13262773688582208,0.26585791209060056,0.22552567849724064,0.410101296831201,0.18499825472553535,0.09464705987957911,0.37570673669419763,0.033020511765505585,0.19911125441190786,0.17298357481064172,0.031848893116210995,0.04509559755119503,-0.04374814833779078,0.38830027436679465,0.2891867736304284,-0.297648753404518,0.369144482807432,0.12784756363991773,-0.07278511699390741,-0.04510921329241915,-0.04652183492312264,-0.06271644218956189,0.017304609430335703,0.1487366303028907,-0.023562790427423496,0.01250505453621741,-0.27456879181500804
0.35701168933404115,-0.0879929881271389,0.27873264333728925,0.03841949199637423,0.07923961182223181,0.007605862791366562,0.11613415979503558,-0.1257310306159463,0.2571022304254064,0.020788272486947857,0.05770111809295694,0.20163574336273513,0.08033895172795774,0.024328126560709217,-0.1888260028266037,-0.03501240333561694,-0.022423074989850248,0.3172680390242199,0.09893163475296915,-0.08411975900905552,-0.02401486659504905,0.27241248349000546,2.4056700788535115,0.163576451560696,0.30298346288125183,-0.2156353994761637,0.22108311199833763,-1.4455168381258834,0.45977711459737647,0.3416721343318509,0.39050286309728,-0.409859390071463,-0.01637684858103931,-0.06621108741750915,0.07107703897211506,0.7497647645491226,-0.15837324961956026,-0.055291358836657485,0.2905272831836227,-0.06596674438376442,0.10965349153021943,-0.05176052341093049,0.04596357237720328,0.15707953238629932,-0.13669745474939704,0.44348085839978846,0.04242060177088123,-0.4260753071251002,-0.32020834710469265,0.09393348296336694,0.18058656863486322,0.07064452628403448,-0.16768906379759854,-0.09632048007743953,0.3468334358344437,-0.006571418686769426,-0.010778733333104477,-0.30952720729568584,0.015135747637998208
-0.02187983308764806,0.036600314345621304,0.2712551998326463,0.21930778795545883,0.08115784351380713,0.24636080421499446,0.2699984864148236,0.120565422584834,0.2792415159677453,0.17771495563178008,0.23188686565350963,0.20322010409538258,0.20890524389813944,0.18213798831246245,0.2508488108864419,0.2106059238401502,0.17718615295881768,0.27380509679743686,0.1455453363741241,0.1977469760561493,0.16792821643775657,0.22144232601525396,0.163576451560696,0.9269911245463277,0.23880049040760473,0.11221802894352487,0.16177205204783549,0.03568816905775134,0.2880399815534697,0.24498345096883678,0.17667536480274063,-0.025475760945809032,0.19165113067643158,0.0076697617797267074,0.12845454267880818,0.27670163153034044,0.2876388545468137,0.11091922125781362,0.3470124288415932,0.05136574095093617,0.12872877742804215,0.13416034416594563,0.177674369213834,0.020251408951071765,0.10567649920597152,0.22026106913265486,0.14970153711537676,-0.08948928196320696,0.24695470006551562,0.03196845759126745,-0.1357155393003158,0.10123110970958206,0.003224943467972764,-0.08182763419867971,0.2790159135559334,0.05338794564772812,-0.06206703256895819,-0.3519243782298415,0.2715787747285128
0.20962150040815372,0.050768465700769934,0.29991504122047835,0.19384964497045493,0.17590922035511855,0.2072469137740271,0.21249078199208402,0.2481842988281903,0.18181018225837725,0.1791923214395206,0.21071694096346055,0.24406524929414541,0.16581950769692097,0.19976236673356423,0.2535803206592205,0.21541020211432638,0.23520842956368157,0.1660722634533445,0.1414555755685264,0.14713344158920688,0.13645703836250722,0.18003948322698848,0.30298346288125183,0.23880049040760473,0.7519210676538453,0.057037689302512254,0.20592184921839948,-0.16210260162461848,0.5091944587215101,0.2750679463199069,-0.094747084389214,0.14916882459995376,0.11383053343425485,0.3282280244257621,0.2443342739574452,0.19312949563188894,0.28334652878561845,0.09747970446331004,0.4576705665031476,0.030823585446384937,0.15858942237172116,0.13014454210858312,0.1920746225854204,0.04431887836907636,0.07375106540404583,0.28523448127411166,0.33244870441169844,-0.08645859418885815,0.2313858011208443,-0.04024502005562938,-0.16250791098202502,-0.023064880248503478,0.1431374122416006,-0.05384788515739858,-0.04974943266031637,0.06308848041876249,-0.020322707329413815,0.08446501558434304,-0.16799375464507735
0.12920931576357353,0.12690510396534438,0.2973464930262302,0.330139023321597,0.19205829251709045,0.47490968697045216,0.15115813706122214,0.291102440682003,0.2363470481626213,0.13858097997932112,0.2121861198625819,0.24146051013936043,0.16979498793092987,0.33125645993053215,0.223751455434626,0.26342591359739925,0.2551711098551418,0.2817868930209735,0.27514646558560507,0.4328637826337323,0.41154773358978314,0.20047674032610557,-0.2156353994761637,0.11221802894352487,0.057037689302512254,1.5567762036321484,0.17777229766541483,0.3134064357176809,0.18616954481105968,-0.22840199758777202,0.15944136187192542,0.4940069495833081,0.2007656207339455,0.45166264853147825,0.2747382825354709,-4.4487710949640186e-5,0.06394117782365082,0.22476889230294,-0.4506432527138542,0.2264892302182217,0.0665286134980883,0.3437100887127802,0.5221576391644421,0.016845748206716304,0.04086908589429921,0.18666728463395027,0.3375399305259338,0.05522055982937516,0.35747416954129074,0.5517955945478205,-0.26671265104733555,-0.12167297706311844,-0.306637306409696,-0.059729233510448954,-0.18488167060813315,0.004036145526964744,-0.08379637125217781,0.27845797154387397,-0.17800573494516733
0.0970410724432008,0.25623352586973835,0.16545676018526032,-0.03771386805042603,-0.0023774710619456733,0.21913855225721532,0.16443027869832372,0.14278340779472973,0.20930618879395052,0.183692384553775,0.15814763353108044,0.09727326130003988,0.09533536545086277,0.11445159007495737,0.2163616011287038,0.08415244438905842,0.23494797224428016,-0.14066065273949885,0.07803919348289984,0.2872990127715641,0.17678334933113443,0.16820147832450782,0.22108311199833763,0.16177205204783549,0.20592184921839948,0.17777229766541483,1.4335023167031111,0.08791106945413941,0.0966137569937916,0.20851213127527904,0.19053433867212385,0.24096491447616067,0.24998281359062166,0.276919671934941,0.2864971589308492,0.46191896744171046,0.3227303889444948,0.15319041504566602,0.27150176088897504,0.2425913900881495,0.27349545681800314,0.22635831630642747,0.6956550450863851,-0.02356178300306032,0.18522360936919477,0.39226025758524835,0.23988113107923678,-0.12684687872293104,0.24192543673444894,0.0868868425609398,-0.20283716592372666,0.036381268193508516,0.1604822699181464,-0.027871920736380177,0.008847146633791835,0.14953445025042036,0.062154410931587446,-0.017567859406605702,-0.23613962501268937
-0.12682339035880572,0.2992443489945937,0.13116469129799693,0.1691520418885965,-0.054598236965123906,0.1822038776062245,0.04312049880193013,0.2103106341151933,0.007999167784067292,0.1068561367070041,0.045871738476181805,-0.005882782772267191,0.03744528832065798,0.07599267120482625,0.179565637131027,0.17446925988595655,0.12153927378468386,-0.014370264779822855,0.2469403807689589,0.23583850807695064,0.2106640393823418,-0.004570485387016802,-1.4455168381258834,0.03568816905775134,-0.16210260162461848,0.3134064357176809,0.08791106945413941,2.993684632098251,-0.48962619442775873,0.09312119209899147,0.04851760727109233,0.45638600059748974,-0.02211004329415372,0.11313907354492098,-0.029458861870350402,0.5394076679289939,0.11588979813336378,0.12770018801397862,0.03546309998368804,0.16772163300750675,0.37940098374522624,0.2563269932163062,0.39225151287581345,0.14016215379467548,0.39439833281937764,0.12376051974465743,-0.30440675876387485,-0.09734768440598418,-0.341648114254744,-0.6564485198213488,0.1597477627185608,1.2021558749044268,-0.9867788908765351,0.11040112024879194,-0.4231591166890902,-0.006437033474915883,0.04613615195185422,0.4144746619417188,-0.04345490729713675
0.27674053938574683,0.12295847310649022,0.5224607391146299,0.4719507711319948,0.273039242986895,0.6337290536203524,0.14024214154097375,0.3068893637181295,0.3930020121421632,0.180300041258681,0.29496053778814746,0.2525123550493884,0.2935881240318678,0.3952026906025593,0.29763935495678223,0.3787254356742761,0.3966872547497228,0.17824469015338618,0.3882008940137127,0.46174975459967793,0.14447525187219865,0.42177650293745234,0.45977711459737647,0.2880399815534697,0.5091944587215101,0.18616954481105968,0.0966137569937916,-0.48962619442775873,3.0099495205315483,0.3852611806386603,-0.3064815329751816,0.5051453136627769,-0.015659917414762487,0.41163228124337936,-0.14499774086187714,0.448891914241469,-0.9511761189154196,0.18327786304312088,-0.04839192470900796,0.08359282735028319,0.22644738009855886,0.02496711648061994,-0.17658716318990372,-0.09860424406876285,-0.42238934292638336,0.4017540745595703,0.5214283406290448,-0.2832618759502253,0.8028547379522485,0.5345070324260948,-0.41025549377704723,-0.4078313060228151,0.07303459901028131,0.02460356204629299,-0.05396392369829809,0.13618879236404932,-0.2550911386408461,0.1449554782968293,-0.017401940514985007
0.23844446257565513,0.06871548665806791,0.11653112983912654,-0.16018564678159497,-0.04587877891339381,-0.10870619941159354,0.2402811315069732,-0.015624403918787205,0.07229339165264824,0.21401361507622138,0.09491860032876047,0.08965830805105594,0.11913075127706137,0.1029092070057256,0.15876756512234985,0.15846638188581208,0.09004430174232493,0.024981610445176744,-0.07799972520301755,0.16345311200147217,0.1660698661289892,0.15561538746717268,0.3416721343318509,0.24498345096883678,0.2750679463199069,-0.22840199758777202,0.20851213127527904,0.09312119209899147,0.3852611806386603,2.325523892567201,0.4144756292031279,0.03043689096549803,0.23216667948141895,-0.23886825874073592,0.6517407251800167,0.5745484365292669,0.23830210864870366,0.07731600865229772,0.4328551336985515,0.002552623483143502,0.49963948837212213,0.1931035156287617,0.7905807664456821,0.1062003883124706,0.5249263267373748,0.48528229328037775,0.2420264332037878,-0.2469252002834391,-0.2450377591585209,-0.11858329481505278,-0.1966843486199517,-0.07805453108968928,0.20874018304143424,0.02417864606236811,0.07584439439820494,-0.2681705257198246,-0.09517985462963088,0.14151824979971261,0.29355934782782916
0.26371877139395017,0.02470759577765115,0.3216173768105009,-0.09507143507473018,0.07467650374939214,0.09417819753722186,0.2612620869356081,0.10316699543749627,0.3947811359328415,0.17142802441716595,0.11819366304780764,0.1366070897633893,0.12383667440971163,0.15815215195653054,0.0786150853614734,0.12107038764561241,0.14678358339099573,0.24200066929352734,0.15631052961292036,0.1768176410012357,0.24305101414770783,0.316326873811084,0.39050286309728,0.17667536480274063,-0.094747084389214,0.15944136187192542,0.19053433867212385,0.04851760727109233,-0.3064815329751816,0.4144756292031279,1.8602412376227664,-0.6118253888589105,0.267650516400586,0.010396566610066164,0.6082221851627051,0.4727268940798907,0.8254035781482378,0.15113657168034048,0.3420005469263358,-0.15456905437122614,0.25012989735304136,0.24962665172043055,0.09837488790838894,0.09634089304642944,0.34973036648548084,0.437035793911105,0.23951327229776198,-0.22733951384211581,-0.3445725161794164,0.2380335245745902,-0.21965136333585142,0.3434929006620872,-0.26093423224358925,-0.08919791238951713,0.42284999341371504,0.1438998401353266,0.33971462967113775,-0.3319723230665821,-0.34947143586185997
0.07126575986220833,0.03304913990712001,0.21013854392530118,0.4418333373380984,0.1775786385272726,0.3877494963865935,0.013521545053326808,0.21232133549400872,0.11894150269939437,0.0894730660886077,0.19235984243272658,0.11936459799764257,0.12029753383222432,0.17326506954768223,0.1631277579030787,0.1732104672300566,0.22393496407557956,-0.08838226734132389,0.244564327453723,0.49590316258584666,0.0913942391220287,0.19224683389322006,-0.409859390071463,-0.025475760945809032,0.14916882459995376,0.4940069495833081,0.24096491447616067,0.45638600059748974,0.5051453136627769,0.03043689096549803,-0.6118253888589105,2.7607150059425405,0.11325512068686419,0.4192931563796629,-0.23088233045267575,0.15740917114496167,-0.761353864047443,0.3067837954178232,-0.42197526256176215,0.23140769158058355,0.12537698868959568,0.1399871707519668,0.235174735961956,-0.005548747426758799,-0.10579778371321986,0.5119218880750164,0.3594203938495346,-0.22669810152391356,-0.31390872440000483,0.009082887809460264,0.22556790553895925,-0.3644078820148169,0.1924796718165227,0.04602248390561095,-0.3500079856935421,0.03205044339061377,-0.10205676572096542,0.308801636490285,-0.43041672183102797
0.14121352370560183,-0.014484067736357943,0.07015907672925874,-0.012799449130655565,0.049983915086918566,-0.0837515146269808,0.20534330781418603,-0.03248032448035556,0.14739960098648017,0.0761326354384839,0.03530239075269701,0.14578177281087026,0.07187357147428666,0.041616525038307275,0.06332375177722598,0.07197193025475813,0.15302928717123124,0.0900793797675817,-0.030929558257887815,-0.11818862490576099,0.1553517347323792,0.13262773688582208,-0.01637684858103931,0.19165113067643158,0.11383053343425485,0.2007656207339455,0.24998281359062166,-0.02211004329415372,-0.015659917414762487,0.23216667948141895,0.267650516400586,0.11325512068686419,1.98470133340238,-0.2623421457865591,0.06773928619450117,-0.28306691038868037,0.3803360046433062,-0.005231224883201494,-0.09284800197387415,-0.022321776187786798,-0.2983627019999217,0.11765662314292451,0.3394757906952056,0.04241442703142679,-0.5166233089679688,0.294068737847729,0.3928588842092296,0.1806387154398216,0.3550785804196578,0.28950791233412787,-0.37556224863103566,0.06087013308451375,-0.020635334383994907,-0.1985285705060128,0.16136292388260554,-0.011524399618410286,0.04959773265563245,-0.14560195261251294,-0.13633612384252797
-0.3491976970376865,0.05217834921866913,0.16045813499532746,0.2761286908899509,0.3065847504634846,0.4362145211098304,0.28776558901887195,0.402976548285395,0.2217606199986601,0.27183895642625167,0.2707812337032242,0.19441940063834368,0.2474586707924724,0.3385607872433997,0.2763640746977192,0.3206638548238335,0.43460684778814623,0.07252405806230612,0.26252844249774926,0.47178091019328533,0.2903954093252098,0.26585791209060056,-0.06621108741750915,0.0076697617797267074,0.3282280244257621,0.45166264853147825,0.276919671934941,0.11313907354492098,0.41163228124337936,-0.23886825874073592,0.010396566610066164,0.4192931563796629,-0.2623421457865591,1.929846331960579,0.1941587848892099,0.1690742190720269,0.5134951524631199,0.22891815415607503,0.06612996940013603,0.07882164041255493,0.4897673312296916,0.3585409808682797,0.3415219605213084,0.10118640164392527,-0.15243944278222846,0.2347280597265735,0.6274329376296839,0.0587703019138746,0.4795405294158189,0.09802652306910378,-0.08070575530089434,-0.3929222340557444,0.37651914123975627,-0.07095608588593266,-0.3182466153095538,0.167352259886227,-0.2964766699443443,0.28602925191115014,0.061622077823660394
