0.7619649144306689,0.1466689365774054,0.1758055446764281,0.05011112746861702,0.22851971663719972,0.11114960966430755,0.2185692678006434,0.1334509753734232,0.10794572113974825,0.10044896234097687,0.10971580462054309,0.14502741921101492,0.14005113063107244,0.16777935587991613,0.12176521180350434,0.13048183766688798,0.09961368808616983,0.09177813384109788,0.13624668452923036,0.07128011561929057,0.11877777859316371,0.13151868233141387,0.011660303972394743,0.04422727425183684,0.07335228430956534,0.12264846194429285,0.09922995482675856,0.08391056844152164,0.11584069731456957,0.08165937267841981,0.09449818408729584,0.10840105616427563,0.13818341632368822,-0.015461396087922167,0.03942469912279231,0.09526850135690647,0.07476188740661026,0.11401047085798265,0.10744290095179533,0.034597036274581154,0.06773663749702344,0.07297209888840035,0.07175385116760424,0.06341404944713155,0.029431105582541927,0.08059211235733672,0.09551149154054278,-0.004874896372050636,0.17466237940775156,0.0342693301737679,-0.036382739235810736,0.03178721501290892,0.005565536032384771,-0.031189061765761455,-0.010121035452277995,-0.03914254807803435,-0.00865576140493812,-0.026538482980324865,0.11521789591592321
0.1466689365774054,2.0233369349547656,0.950146313633072,-0.298094094876163,0.19175046540445853,0.447580737156776,-0.013516350252224765,0.31559897802870973,0.1841794245291777,0.1632319139676744,0.2430569630257514,0.17809280076366368,0.21771964749142475,0.03569705565882364,0.1939096261230066,0.1140391399634999,0.2631977679588972,0.33100058169476515,0.19292380341992893,0.28203441180085415,0.2553261266579634,0.167800530618977,0.09055116724007381,0.009335578784098447,0.2974676847177209,0.20491767242978268,0.13614754978384225,0.08765410702018947,0.49494806330531227,-0.005980567417898884,0.13239005640640697,-0.019742731259129617,0.21181352793176336,0.24437616488975214,-0.017335499894162356,0.17397902610183488,0.30968238929312963,0.0901449936960438,0.23880215952964814,-0.03957709705350557,0.00034265131226736065,0.1144898889772701,0.14733984084221435,0.03181954646753605,0.5415906795897221,0.35907343161675714,0.216877248048026,-0.09441054482081172,-0.3005908569929089,-0.15132095547987376,0.21356842446271218,0.0884986549420162,0.04254720698586022,-0.17103155114317448,-0.09947678279463618,-0.23237500940300668,-0.8943877485484433,0.16889444214599283,0.8611508156054409
0.1758055446764281,0.950146313633072,2.1287155068578625,0.33159770199078764,-0.09497678271403681,0.5526473029892265,0.24021013933791655,0.3863674855864518,0.4788391249199936,0.49154413781620077,0.40906363314543603,0.420730981144069,0.390367356166484,0.15126821784568825,0.4546734092528008,0.2899246639491182,0.38371475035698466,0.3646945707560202,0.28182506898636756,0.25299628937839264,0.32781321491182763,0.4011265418426056,0.2494797576598479,0.2960210674208335,0.29084332360056203,0.29575175039282753,0.28982955057288445,0.17426073098155734,0.37043457224397247,-0.15508968197603834,0.2726745383451536,0.29582161290925757,0.31244266276418164,0.3266524576824925,0.005185508409813475,0.49630319424652397,0.37480084354759335,0.19493329026011338,0.39527854763744397,-0.1696085643339714,0.0642217145203919,0.19667656776988487,0.13453844541842502,0.1451240660854325,0.81547121765087,0.738975949060058,0.23338542166576698,-0.2906398227030183,-0.833434170613615,0.1811643341226552,-0.005512916113129117,0.2771027374133523,-0.0850459645079186,-0.316948034520372,-0.027174958088229433,0.0012125272365706196,-0.1217736087222968,-0.33248885151733776,0.11836076301690197
0.05011112746861702,-0.298094094876163,0.33159770199078764,2.510141672801982,0.07306834194347941,0.34073648672814827,0.54018915293855,0.40081038728499174,0.3713758547716532,0.37457143250311314,0.3522840417781234,0.49300575597250673,0.4949839017074229,0.594295858283249,0.4494083123451192,0.5065401151548152,0.314255602257294,0.3580099359790235,0.169746813740121,0.3352339327829168,0.3048290317474866,0.43502072073382725,0.38201678553783935,0.4752655733024972,0.35149804824258957,0.33919754743443886,0.37608535406705196,0.21800758297982833,0.28124683165474423,0.22541026567170083,0.34539251356858064,0.4867506986943741,0.3862191759726216,0.36526939686160065,-0.035465685325093525,0.32888806410281973,0.3482246516089012,0.2502783621891124,0.4081560681938328,0.13056670248056157,0.26396252817519017,0.2445630841471989,0.3889803721992099,0.2786417811930326,0.3808026264527378,0.290321125447878,0.3517559367708533,-0.052806954775383386,0.0940800808025487,0.2619929448677427,-0.11076478090339939,0.2730600809842853,-0.23244391902831266,-0.24325427123688118,0.12907208594336642,0.2857048729292215,0.270731478776092,-0.06998799655679283,-0.8958807684214415
0.22851971663719972,0.19175046540445853,-0.09497678271403681,0.07306834194347941,1.3239110642374687,0.32131499306550293,0.17889908016029585,0.31127754417714026,0.19233725931062912,0.09777023024258952,0.22912700363369334,0.24171966068383832,0.29152258869590064,0.2817225216869313,0.2262311143915689,0.2710716909305323,0.20513470981741788,0.12514229206560287,0.46075432443288616,0.14300667153613292,0.2416573144712555,0.24565975890639097,0.03814857035666452,0.15513981465211468,0.17799935425995184,0.3184841051301039,0.17089249894177944,0.12718195845816826,0.29019749275528894,0.12491289063510555,0.19516917066908085,0.26631330443876894,0.21202162665643912,0.3733410992360027,0.08358902190188205,0.16009763831108118,0.2213072015160383,0.16326151033847183,0.24948487522264823,0.10916285396138259,0.2300484575437195,0.21220691986988519,0.10565739342722003,0.13114280193221098,-0.13890745184800668,-0.011418785871646102,0.19689762385204337,0.09178328029869919,0.5996108775957725,0.061021877782916185,-0.1445472608374439,-0.002195127148637276,0.09560294130311552,-0.04964433802773366,-0.040789069396565694,-0.1477605682213965,-0.21315703736187305,-0.07681601222395773,0.5146512221593857
0.11114960966430755,0.447580737156776,0.5526473029892265,0.34073648672814827,0.32131499306550293,1.0190733927079438,0.04116606264447906,0.5062150859289589,0.2806549738567604,0.1621396430088887,0.3943333946353431,0.37005201619615513,0.36851062549231745,0.28516668789032856,0.37007300020573747,0.2643771217274608,0.3387374654859366,0.2635656645054196,0.42084838739179153,0.32029110493209906,0.35307115349843077,0.3064615660275944,0.18238729835106954,0.2738539683313117,0.3493435732955093,0.38437646026404576,0.28683254047964496,0.17992208733564047,0.531576953158135,0.12430004748570318,0.23885410902318388,0.38092658432270143,0.17790937454746808,0.406632705156563,0.12380870332933078,0.21485550998437278,0.3429333460656393,0.27498453785012866,0.438494383100893,0.11685931334599306,0.030950642310505403,0.23368498081593073,0.3374817008592636,0.19070955173504664,0.3936136201905132,0.2378661340527989,0.29441168673983076,-0.02713838552191065,0.11830678211266779,0.40471576049814206,-0.37196543503689145,0.16663274517172563,-0.10831700198037957,-0.1310738023262613,0.09318699930838675,-0.06336683911450569,-0.042982922077392155,-0.03839652042318192,-0.02603897987293931
0.2185692678006434,-0.013516350252224765,0.24021013933791655,0.54018915293855,0.17889908016029585,0.04116606264447906,0.9216894979956758,0.13254428340597316,0.2820376679327438,0.2395516037189629,0.26813136970174545,0.41316001879605596,0.3125965186063043,0.20938280868146802,0.2010854260090231,0.2960249693919467,0.21368720344460873,0.2504111749913772,0.14609353172695214,0.22303196968313438,0.22431467742708952,0.3016088712590966,0.1833703582778168,0.2641484523352722,0.2192491537472934,0.24160618928272398,0.2563525566879569,0.1632788415082441,0.19398770097818002,0.10253853242887839,0.20537587915251057,0.31197835418593894,0.2793700963671805,0.25890185324495646,-0.009446890429413652,0.21375633952492085,0.22422192387953835,0.131728197910522,0.23062093246496299,0.0929893023118713,0.21431911126610087,0.17449316475435092,0.22766369894581615,0.13734788360418276,0.0975576082690981,0.1238209662012106,0.18678108553198164,-0.01158827252953289,0.3018269444019036,0.2432685744344456,0.0631108252970081,-0.05224782489339554,-0.22633952643695426,-0.10531276347267435,0.06746130051456123,0.15932257311196837,0.14385450384295403,-0.04203387517408085,-0.3595041581970606
0.1334509753734232,0.31559897802870973,0.3863674855864518,0.40081038728499174,0.31127754417714026,0.5062150859289589,0.13254428340597316,0.8801109461189082,0.22858317271099313,0.2709167437473106,0.33792358354267465,0.12757211998689633,0.42253203240924786,0.3313966147665874,0.3536965081391903,0.2844459637864952,0.3671838043217589,0.25527472152529423,0.30798293342288224,0.31463838881257683,0.31243758975185126,0.282734375065404,0.17966397834413092,0.22928299816037992,0.23272209142307312,0.3594651278382027,0.2596783928298094,0.15850438736942016,0.42510403302324423,0.2209878736656443,0.2529794582904996,0.2792467493193044,0.21777386844388752,0.3772929102733273,0.21611796194722044,0.2482686078291633,0.32546437966081376,0.16706366803916867,0.4781808975232268,0.0965946887974352,0.19751559610505026,0.2263503890038635,0.2735947819158794,0.1478906817799819,0.32229006152218914,0.24891249406409893,0.31688638986650386,-0.00025905786054722645,0.29946463908877924,0.2616914151987792,-0.17238082773757313,0.14670798191794165,-0.02906525375270521,-0.22937861870716128,-0.03839491073780468,-0.10885162438442816,-0.007346987481992683,0.03907463806261768,0.0012614401214258702
0.10794572113974825,0.1841794245291777,0.4788391249199936,0.3713758547716532,0.19233725931062912,0.2806549738567604,0.2820376679327438,0.22858317271099313,0.9257333166622215,0.2586947512663802,0.2421745246178625,0.20988829712999796,0.26240186211080163,0.27660861276141574,0.38880719559710264,0.20958582002319984,0.2425285307054117,0.26272026312486413,0.18481318510301667,0.2630121977929875,0.24570724068773184,0.5337717873435915,0.2389048648660414,0.3404387947297129,0.26690447948453594,0.3815381457572818,0.2212018954944905,0.2952461268545473,0.16425562353920278,0.14818405080163835,0.27354485994799765,0.30041944259501263,0.3935906448287082,0.195779026581479,0.13558601344405086,0.2557739424062519,0.3358713224042554,0.26264591593935926,0.27338641540971714,0.0621860057578385,0.15072940311478086,0.2247529577470548,0.24391689862274266,0.1312710786977957,0.17046738919893825,0.30592605455392086,0.27239490765509244,-0.12042404962625215,0.25923784847912573,0.25155609751019536,-0.0010230414997683898,-0.10421370870945992,-0.06883560925335021,-0.1399888749193686,0.12615910789457657,0.16036950264820746,0.018927488165570005,-0.22646102476113447,-0.12414201580982978
0.10044896234097687,0.1632319139676744,0.49154413781620077,0.37457143250311314,0.09777023024258952,0.1621396430088887,0.2395516037189629,0.2709167437473106,0.2586947512663802,0.8367649639047525,0.2306606300875425,0.25072060964113224,0.25973601772237714,0.1742314923492954,0.322572235794919,0.27392349793857584,0.23590645609608732,0.37847131142852347,0.14235058394820005,0.1466026409770973,0.1743716680398548,0.27798650286266896,0.28691076939323606,0.23186713734155978,0.21781700119256267,0.21644119548323065,0.217731548006545,0.2159415074245767,0.31809516158566903,0.16893011782310993,0.23171691398760955,0.2699456445950505,0.20743556639870706,0.3749588144815272,0.18950998086377624,0.2629654471926787,0.32789644672591584,0.044488891934344986,0.3039921897884749,0.029787373980138986,0.31949282989139755,0.17927918873943408,0.15669106414429845,0.1192001112655934,0.3005317502955753,0.24195164118736767,0.32689138600286444,-0.06582144792412979,0.05681035234436421,0.24318046364613363,-0.02708169418222378,0.016437285678358712,-0.14734773562452275,-0.08493932431678729,0.01401818479047314,0.006547859122311834,0.25860299901439027,-0.15810982534029552,-0.27445425335332163
0.10971580462054309,0.2430569630257514,0.40906363314543603,0.3522840417781234,0.22912700363369334,0.3943333946353431,0.26813136970174545,0.33792358354267465,0.2421745246178625,0.2306606300875425,0.5564211451470225,0.3201732104366169,0.3729661330334896,0.2272065275964729,0.37958667281169656,0.2890670127531153,0.3442399409307647,0.24063606362435558,0.21713114617915727,0.34904635089806557,0.2606376634888801,0.2779780473365367,0.177144531514817,0.2748929046943863,0.2881457329715435,0.28434337646743957,0.26942580888739026,0.2277981623303496,0.37369245442923027,0.16340638313112418,0.24748330764639195,0.3160218294778474,0.21633491907763175,0.3672878652128998,0.2582729938201316,0.24327002725689512,0.29287504554717403,0.14113795581411734,0.38077791465867505,0.10074341896603398,0.18758631896633288,0.23382252707556422,0.2462938457360859,0.12174606264377479,0.3392032523456367,0.1970620064981514,0.25790793580000954,-0.02995351380358672,0.10549054921284304,0.15433950251100143,-0.11607637138441868,0.045450398692991355,-0.013835548643360349,-0.076716179618907,0.038774662703933975,0.012120641266464312,0.04279026555215887,-0.05349857265909329,-0.1606671291768645
0.14502741921101492,0.17809280076366368,0.420730981144069,0.49300575597250673,0.24171966068383832,0.37005201619615513,0.41316001879605596,0.12757211998689633,0.20988829712999796,0.25072060964113224,0.3201732104366169,0.8009164244283802,0.28712362467853264,0.26511521842310903,0.17187041418679566,0.3005033953140153,0.16654118037248,0.28699743858711796,0.21565021854687735,0.17010485150066587,0.23957143420366214,0.2568745376718454,0.17000732754561157,0.19698963843680212,0.2399845001570833,0.35115646102171283,0.3064471976269605,0.007875243653312337,0.22409258468959178,-0.008226893359448642,0.15391116439671415,0.4152192215707301,0.18752412308969924,0.3102190713300935,-0.03794250113845516,0.2167822958012128,0.0495687431907128,0.17479678526899697,0.23134370951962369,0.09821656197305081,0.12215777742380204,0.15396905573094766,0.23846241404857324,0.15864901550420327,0.17073594689673607,0.14278020251891022,0.18861170014292408,-0.017713329454363685,0.1554970804162843,-0.06592624190568279,-0.03464241130539578,0.02535592717997718,0.06055920256370023,-0.046406676618911465,0.09614232127566748,0.0740852726391616,0.06148646294795656,-0.09815027812217639,-0.22656738622969524
0.14005113063107244,0.21771964749142475,0.390367356166484,0.4949839017074229,0.29152258869590064,0.36851062549231745,0.3125965186063043,0.42253203240924786,0.26240186211080163,0.25973601772237714,0.3729661330334896,0.28712362467853264,0.7614464941260062,0.4079678474836727,0.24096691384576352,0.3633128114348411,0.3356026980931624,0.22252381134356067,0.28570986281991,0.3407243947464668,0.29870595957717966,0.33212839280794976,0.17381936829470124,0.2972870928706541,0.2804244582288968,0.2803597701349911,0.34364688136482563,0.22720068176955832,0.42837530660138606,0.24187555941537,0.2707084296008714,0.4051100790193736,0.28824627111649953,0.39180340791738755,0.2958303836169817,0.3099573123845793,0.25659162895749477,0.11650179589863185,0.46114856642375374,0.0927058999856495,0.23710365131196917,0.23868458367987896,0.2803987655401894,0.15683985945902956,0.3208692060324274,0.2510542967205406,0.2884664455714176,-0.028150344744054867,0.2371348654221772,0.046725066391271566,-0.10864527250598055,0.20139282884600954,0.0673240266779439,-0.18037219228210302,-0.004544535830390525,-0.009949799907544389,0.07883063797517068,-0.01220910981377525,-0.26161666433561453
0.16777935587991613,0.03569705565882364,0.15126821784568825,0.594295858283249,0.2817225216869313,0.28516668789032856,0.20938280868146802,0.3313966147665874,0.27660861276141574,0.1742314923492954,0.2272065275964729,0.26511521842310903,0.4079678474836727,1.0276412187924857,0.4890131063877944,0.5201510224748618,0.32804445933185433,0.09295972566434357,0.2330714841022063,0.3609928863131729,0.20127931249631548,0.3940433015922271,0.07828361999186716,0.2784548976129347,0.2781042607805068,0.4195073527365357,0.32255386278663495,0.41578019670495087,0.31930673234652446,0.3220936659618165,0.28170576602179914,0.40789545672246347,0.27776176191170737,0.3496072506282749,0.43976081608501755,0.2609159994669716,0.3026010460179694,0.2622365442633206,0.2240349380255047,0.10774686446329353,0.42049891811101503,0.30472896252116694,0.291730434955173,0.16825683591480176,-0.0028688452195981613,0.04905875602272666,0.2799179414549288,0.06830123841024152,0.717463232353946,0.043895840331263924,-0.09345449624452762,0.15525441599275686,-0.0740825780773545,-0.01858927889319702,-0.005332779026912784,0.020225809830484165,0.0733910583449811,0.015216759161422875,-0.1615130396382001
0.12176521180350434,0.1939096261230066,0.4546734092528008,0.4494083123451192,0.2262311143915689,0.37007300020573747,0.2010854260090231,0.3536965081391903,0.38880719559710264,0.322572235794919,0.37958667281169656,0.17187041418679566,0.24096691384576352,0.4890131063877944,1.2986470155428398,0.4633423203400135,0.4660254185513674,0.2339922877514234,0.2709725697485265,0.4497595108522055,0.2932067301277165,0.42341896895068176,0.26917570756149967,0.4085734668193332,0.3793806996875014,0.3709538015145012,0.3017697230692286,0.6391483017433551,0.38411933687759203,0.3455346487181745,0.3929184113951877,0.36910975372762417,0.42974363895983353,0.41118497579849794,0.4563443491499842,0.30515374640822823,0.6295296772437291,0.2847229846202931,0.3732278353771181,0.07815225583005211,0.33068830137620614,0.3722880195725723,0.34431006151930826,0.10517536586581537,0.23800434945730983,0.2779568593898165,0.3795412558617572,0.004646319312746186,0.36700930226458267,0.5252540610360446,-0.37744107209586786,0.5252356448916589,-0.4764170819182777,-0.20820506885149245,0.14895926645207455,0.10387974673293504,0.0604922303190454,-0.1651586910008812,-0.1942130074526077
0.13048183766688798,0.1140391399634999,0.2899246639491182,0.5065401151548152,0.2710716909305323,0.2643771217274608,0.2960249693919467,0.2844459637864952,0.20958582002319984,0.27392349793857584,0.2890670127531153,0.3005033953140153,0.3633128114348411,0.5201510224748618,0.4633423203400135,0.84378426206186,0.3573215744183392,0.20746700824267184,0.2693876001233177,0.3287567962244721,0.21512494725383324,0.49369274707837113,0.26335620572620944,0.3370980491837446,0.3593839258337086,0.26413310685295366,0.36619183789839005,0.3526681230838613,0.3136979836025767,0.3347736347316974,0.28372943912248233,0.4568403647073965,0.29979326509642024,0.40363318784969693,0.41222889002069535,0.32231149232522205,0.3665852917050194,0.23855766594235323,0.38014596761346897,0.14288511441129134,0.3577265327832218,0.33232931222345086,0.32273890470787686,0.206168145749661,0.21427816909649103,0.16660821628021608,0.33310583011920725,-0.020353258982909836,0.43438098587875895,-0.006702553130147323,-0.048502701587082725,0.10318491378650102,-0.03799151400678113,-0.08731339538827752,0.06458244115361136,0.01231283884794335,0.11030109776414324,-0.06657407866123898,-0.25434916432214294
0.09961368808616983,0.2631977679588972,0.38371475035698466,0.314255602257294,0.20513470981741788,0.3387374654859366,0.21368720344460873,0.3671838043217589,0.2425285307054117,0.23590645609608732,0.3442399409307647,0.16654118037248,0.3356026980931624,0.32804445933185433,0.4660254185513674,0.3573215744183392,0.9312509296330332,0.19045793766093727,0.2972746135684179,0.515666595965059,0.23836337541407882,0.33075203317378415,0.10477954183083224,0.31214164753747686,0.3894106477208426,0.24930195861620705,0.29313303699656207,0.5490389825671507,0.34009561571802294,0.3010215412193925,0.325940798868997,0.3295728846066072,0.38874540899461957,0.3862742044124642,0.48231998630797107,0.25855050995447765,0.6032119972362634,0.3000649286983932,0.3507803165661048,0.11227699255633575,0.2938509359259688,0.38578245691004837,0.3042361372364201,0.09605513393171201,0.47406468366951054,0.19631136188495849,0.36239381936174386,0.03198885206810282,0.16434356267669759,0.2705441686033139,-0.0695526336079563,0.24886860582584697,-0.11420038617603778,-0.12700828802819697,-0.00885982303401614,-0.012929019618334068,0.0806002851872515,-0.01750495645105249,-0.23994082178064105
0.09177813384109788,0.33100058169476515,0.3646945707560202,0.3580099359790235,0.12514229206560287,0.2635656645054196,0.2504111749913772,0.25527472152529423,0.26272026312486413,0.37847131142852347,0.24063606362435558,0.28699743858711796,0.22252381134356067,0.09295972566434357,0.2339922877514234,0.20746700824267184,0.19045793766093727,1.1765426518701754,0.17081159355906872,-0.0032355038350594264,0.3405651006343167,0.2283473621740845,0.7281215010933342,0.2739016256206286,0.30831333295254953,0.3456607342439387,0.09095437939152982,0.321192572611146,0.3415649628383151,0.041756987518772694,0.2921987148389206,0.22662482145730822,0.46132251591488044,0.317049805971579,0.031924635983560365,0.11558922933329108,0.3963559999082129,0.04088265833368331,0.3286667040599209,0.12596225341659828,0.20078745775143297,0.13625249287739322,0.35006049173112713,0.09651091956913722,0.5113496679406843,0.26912197142926986,0.5336571360014996,-0.0038881119969211833,0.05442125517477202,0.33113059848482185,0.06641970515810318,0.0367640097223154,-0.17064092348247112,-0.14397079543821564,0.11812074504234539,0.11671834185539143,0.13294620957349035,0.033219827254002326,-0.4877315875075563
0.13624668452923036,0.19292380341992893,0.28182506898636756,0.169746813740121,0.46075432443288616,0.42084838739179153,0.14609353172695214,0.30798293342288224,0.18481318510301667,0.14235058394820005,0.21713114617915727,0.21565021854687735,0.28570986281991,0.2330714841022063,0.2709725697485265,0.2693876001233177,0.2972746135684179,0.17081159355906872,0.7859781537578641,0.08579139975708919,0.29987573719037847,0.26601990990773866,-0.10793226926223427,0.15155401662695256,0.13463711742748666,0.24224067891269713,0.20290883970705695,0.2634491831826549,0.18723452518828312,0.1959794595944093,0.2575928338880552,0.334453865705844,0.25278776286407695,0.25911083246305405,0.15710269156035753,0.2452159972986453,0.1639728622060828,0.26067663500237953,0.33091736029365865,0.09328204529708017,0.21646136995769108,0.20126845236039423,0.2095341154647849,0.15551093310890332,0.27398948724418887,0.12749370167273674,0.24233865278269998,0.05093572261540124,0.2535253213206797,0.08396181623273635,0.06404215866743089,0.3199604519371453,-0.1822711600605941,-0.15235933762675846,-0.05622902963113148,-0.04312643261827085,0.026782002826894778,0.04950268745023665,-0.058504213441019394
0.07128011561929057,0.28203441180085415,0.25299628937839264,0.3352339327829168,0.14300667153613292,0.32029110493209906,0.22303196968313438,0.31463838881257683,0.2630121977929875,0.1466026409770973,0.34904635089806557,0.17010485150066587,0.3407243947464668,0.3609928863131729,0.4497595108522055,0.3287567962244721,0.515666595965059,-0.0032355038350594264,0.08579139975708919,1.249517261577763,0.13754128593557885,0.3209686732197532,0.05281671373189609,0.4183643230335488,0.6128687760343577,0.12434029894521575,0.3875085559348071,0.374439989203568,0.43879150786330406,0.5652231903533826,0.31210326301311675,0.30716811726067883,0.30537906973245615,0.437375926352587,0.47228284761198264,0.14081851659652714,0.95785206671774,0.41428786638791515,0.5302495357663681,0.17412927003789727,0.16905386696133695,0.41032490141810857,0.5473675864851254,0.08925238154871458,0.5956532965486329,0.20614004765405167,0.3991005328468141,0.09974412679290871,0.44113700434782216,0.10483340135737526,-0.19126365356730748,0.12697560579995498,0.03724335182959202,-0.1473390866176565,0.12290304222842309,0.029916915737695143,0.1111671761254347,-0.10854163124772054,-0.19757543705644748
0.11877777859316371,0.2553261266579634,0.32781321491182763,0.3048290317474866,0.2416573144712555,0.35307115349843077,0.22431467742708952,0.31243758975185126,0.24570724068773184,0.1743716680398548,0.2606376634888801,0.23957143420366214,0.29870595957717966,0.20127931249631548,0.2932067301277165,0.21512494725383324,0.23836337541407882,0.3405651006343167,0.29987573719037847,0.13754128593557885,0.7945957417842908,0.2388864837747637,0.3457651203697452,0.21102136883920158,0.23376914656859993,0.32482491337302616,0.19279031228400625,0.30020957308320645,0.28387937669738833,0.12658524384638045,0.26481857503202744,0.3367435155831908,0.4148623305575519,0.2683388303748129,0.09153856310641657,0.2859035528899918,0.1707464517894683,0.21940478272453917,0.34230697384597436,0.22358722439750542,0.21929275677916032,0.22667632752278816,0.3229866295064987,0.2247207234204494,0.5079858049448132,0.18585678654379378,0.3232942371643266,0.03038696382384335,0.10067122684864416,0.27995099190991546,-0.06253090683628233,0.16142245104650552,-0.1540490837934177,-0.1491005550598257,0.062438158654702036,0.018702846595631612,-0.09863688213239423,0.008367994920818751,-0.05055951817062198
0.13151868233141387,0.167800530618977,0.4011265418426056,0.43502072073382725,0.24565975890639097,0.3064615660275944,0.3016088712590966,0.282734375065404,0.5337717873435915,0.27798650286266896,0.2779780473365367,0.2568745376718454,0.33212839280794976,0.3940433015922271,0.42341896895068176,0.49369274707837113,0.33075203317378415,0.2283473621740845,0.26601990990773866,0.3209686732197532,0.2388864837747637,0.8188181427047466,0.22962315410084824,0.3387435746309172,0.34970419133179914,0.3299966839847,0.3127044471406826,0.3259286935458233,0.25751991707995225,0.2815565017183882,0.2843124345584784,0.4245171023340963,0.38585797772822844,0.30207782892892815,0.2637261813574821,0.3571464344874705,0.37134015118723146,0.33534693154827033,0.3506131936745384,0.1156443715287081,0.2437012229135574,0.31241790987798984,0.32406839963461764,0.18512399458799675,0.15669508779549046,0.3233806696223974,0.33013114434286445,-0.19299797650593842,0.4667511094335666,0.06742689534948132,-0.03964703980856935,0.003548003603938507,-0.043389881770361474,-0.12208571539285716,0.09747561492587767,0.07280404618450732,0.06821013342777407,-0.1491093852414442,-0.17209005420015985
0.011660303972394743,0.09055116724007381,0.2494797576598479,0.38201678553783935,0.03814857035666452,0.18238729835106954,0.1833703582778168,0.17966397834413092,0.2389048648660414,0.28691076939323606,0.177144531514817,0.17000732754561157,0.17381936829470124,0.07828361999186716,0.26917570756149967,0.26335620572620944,0.10477954183083224,0.7281215010933342,-0.10793226926223427,0.05281671373189609,0.3457651203697452,0.22962315410084824,2.081314827417341,0.6864003693774736,0.9882330475826496,-0.10669006469354496,0.12255570683151626,0.28417125980376995,0.5071917427252429,0.19732270876737884,0.01388251240839725,0.05856309358757457,0.7750330362788704,0.36798203567708515,-0.14259015936371403,0.005157177022965978,0.778608446834418,-0.1671754064265108,0.6495078979326042,0.14889716216291485,0.015205468912344826,0.15454782646980714,0.2977976298209132,0.18034898781593153,0.24214667179775481,0.3059457718779715,0.5775116736086632,0.1029754880427503,0.4359626994191909,0.6917418438338853,-0.344218433650752,-0.05745742729987389,-0.08445643628331007,-0.21438013844676018,0.32907389548481203,0.1213205579832482,-0.009422135996324387,-0.3591350259876368,0.03113379859759293
0.04422727425183684,0.009335578784098447,0.2960210674208335,0.4752655733024972,0.15513981465211468,0.2738539683313117,0.2641484523352722,0.22928299816037992,0.3404387947297129,0.23186713734155978,0.2748929046943863,0.19698963843680212,0.2972870928706541,0.2784548976129347,0.4085734668193332,0.3370980491837446,0.31214164753747686,0.2739016256206286,0.15155401662695256,0.4183643230335488,0.21102136883920158,0.3387435746309172,0.6864003693774736,1.215405308822913,0.5888128233271885,0.061945953793787756,0.2617688185245702,0.3979333239068233,0.2337133059717029,0.3568905054292685,0.37935650198593013,0.24326398286573242,0.47089380651379015,0.20688764147153818,0.27211882655687303,0.2184452941062931,0.5712872166327397,0.21936063825949173,0.3881221724467187,0.10272636153827094,0.18034672752865785,0.27660680419051775,0.26398838407849334,0.1440033951193058,0.15380726490502608,0.24558158130497146,0.3823219830829597,0.020306840818141058,0.3966831813225897,0.28741699344053717,-0.16854841362759557,0.13500773151693277,-0.08565998036673421,-0.16804419016867334,0.2814024831048332,0.1845968830528469,0.1378633340250342,-0.466821830493054,-0.08426614946983804
0.07335228430956534,0.2974676847177209,0.29084332360056203,0.35149804824258957,0.17799935425995184,0.3493435732955093,0.2192491537472934,0.23272209142307312,0.26690447948453594,0.21781700119256267,0.2881457329715435,0.2399845001570833,0.2804244582288968,0.2781042607805068,0.3793806996875014,0.3593839258337086,0.3894106477208426,0.30831333295254953,0.13463711742748666,0.6128687760343577,0.23376914656859993,0.34970419133179914,0.9882330475826496,0.5888128233271885,2.5853802593912953,0.07861748936867893,0.3074457410321275,0.32153439823773455,0.7435977803577578,0.6627982680220623,-0.2045375450496589,0.18235636966265745,0.39128270014332106,0.7497936207847834,0.42186376485144433,0.14786985550099108,0.9915165844791809,0.1363776423686131,0.5161968508485629,0.13193591241632308,0.2713478086595173,0.416672967808681,0.5825011452781909,0.26894322427604805,0.5547858873074591,0.27858158252323345,0.5471169554513848,-0.04943413965182451,-0.019403190930463787,0.1655197514515669,-0.21666150645951307,-0.12860317787692668,0.016402183003188017,-0.10860067490374634,0.3032357245327603,0.2647540870855116,-0.33117993525829104,-0.21502529675955775,0.07175665880841461
0.12264846194429285,0.20491767242978268,0.29575175039282753,0.33919754743443886,0.3184841051301039,0.38437646026404576,0.24160618928272398,0.3594651278382027,0.3815381457572818,0.21644119548323065,0.28434337646743957,0.35115646102171283,0.2803597701349911,0.4195073527365357,0.3709538015145012,0.26413310685295366,0.24930195861620705,0.3456607342439387,0.24224067891269713,0.12434029894521575,0.32482491337302616,0.3299966839847,-0.10669006469354496,0.061945953793787756,0.07861748936867893,1.7297995281302747,0.2673597701194934,0.510704389855498,0.0632748649775911,-0.22847138795550764,0.1656929492799243,0.5816486270736637,0.3594737085343192,0.36045915064865813,0.49101846614187533,0.30074899267688193,-0.3081118577056945,0.2465079668344646,-0.24708840012800293,0.10466142926407268,0.5495653414973544,0.295502843972375,0.22175405683439373,0.09782033052794599,-0.4247725607117683,-0.08372646305198758,0.06578265097438499,0.1474295465672257,0.7768698381735947,0.35928224854819446,-0.22852456984551528,0.09133984026051356,-0.19382949805726282,-0.01684354084912457,0.05645170886114036,-0.002109656874067521,-0.0038729285754557927,-0.0790366023739438,0.06248465299962177
0.09922995482675856,0.13614754978384225,0.28982955057288445,0.37608535406705196,0.17089249894177944,0.28683254047964496,0.2563525566879569,0.2596783928298094,0.2212018954944905,0.217731548006545,0.26942580888739026,0.3064471976269605,0.34364688136482563,0.32255386278663495,0.3017697230692286,0.36619183789839005,0.29313303699656207,0.09095437939152982,0.20290883970705695,0.3875085559348071,0.19279031228400625,0.3127044471406826,0.12255570683151626,0.2617688185245702,0.3074457410321275,0.2673597701194934,0.6154917928837903,0.28530870075493875,0.20838780814979105,0.2583134383600136,0.22864643751900335,0.46828397509856995,0.26808533172955656,0.3435597974235258,0.3118663921940946,0.3099543120161069,0.31607681557751854,0.25472790724558325,0.29805774826595277,0.11646663676880947,0.2655409073890377,0.2808855365922569,0.36191970615332375,0.12842644908977435,0.16784653341956263,0.15479718077397925,0.2250850503884269,0.032014118684580026,0.34528251494664763,0.09852770231613166,-0.08659180161985795,0.15869416279606832,-0.027275285384646675,-0.11451571893925745,0.03636386458522481,0.009499995422539785,0.21991860150931433,-0.028428739964025614,-0.3176664086958195
0.08391056844152164,0.08765410702018947,0.17426073098155734,0.21800758297982833,0.12718195845816826,0.17992208733564047,0.1632788415082441,0.15850438736942016,0.2952461268545473,0.2159415074245767,0.2277981623303496,0.007875243653312337,0.22720068176955832,0.41578019670495087,0.6391483017433551,0.3526681230838613,0.5490389825671507,0.321192572611146,0.2634491831826549,0.374439989203568,0.30020957308320645,0.3259286935458233,0.28417125980376995,0.3979333239068233,0.32153439823773455,0.510704389855498,0.28530870075493875,1.586047641717279,0.07936802593122974,0.26922223461627864,0.3600828371808032,0.37985247602187555,0.8596007804755309,0.23921964812113425,1.1176818215400004,0.17318324550797481,0.5911022127295126,0.2774586790116361,0.14166216924591885,0.13354471745615393,0.4116691609821988,0.42950953458963204,0.32440411304461514,0.014882918701806256,0.05893828401607906,-0.04956026288104358,0.3536200755447184,0.21101641732607815,0.7165825760258263,0.650876274876019,-0.13525853427314372,0.4565746976304363,-0.5746668483429456,-0.09698897209916754,0.20955943194721316,0.03348006067549508,0.22553704259025462,-0.16776131457399365,-0.16482113231121567
0.11584069731456957,0.49494806330531227,0.37043457224397247,0.28124683165474423,0.29019749275528894,0.531576953158135,0.19398770097818002,0.42510403302324423,0.16425562353920278,0.31809516158566903,0.37369245442923027,0.22409258468959178,0.42837530660138606,0.31930673234652446,0.38411933687759203,0.3136979836025767,0.34009561571802294,0.3415649628383151,0.18723452518828312,0.43879150786330406,0.28387937669738833,0.25751991707995225,0.5071917427252429,0.2337133059717029,0.7435977803577578,0.0632748649775911,0.20838780814979105,0.07936802593122974,2.663787397062923,0.36390356403738294,0.09746070688078354,0.22720889018730617,0.2960613875598786,0.9148569886583846,-0.09413181282478925,0.3609347179859135,0.14645911937133213,-0.4678948538643897,0.6923832168150872,0.07545009556887722,0.3843867559248074,0.08371125776128047,0.16171114511767215,-0.10636460885682783,0.31078463256122196,0.24004266261644655,0.397340196061656,-0.13849142241012852,0.5755114187975755,0.7541497675263042,-0.6378439799361251,-0.08205928735231373,-0.22400943797872544,-0.04071417340099514,0.10355416213884855,-0.11005390298200347,-0.14221945302800035,-0.014244911034691846,0.1826654988575276
0.08165937267841981,-0.005980567417898884,-0.15508968197603834,0.22541026567170083,0.12491289063510555,0.12430004748570318,0.10253853242887839,0.2209878736656443,0.14818405080163835,0.16893011782310993,0.16340638313112418,-0.008226893359448642,0.24187555941537,0.3220936659618165,0.3455346487181745,0.3347736347316974,0.3010215412193925,0.041756987518772694,0.1959794595944093,0.5652231903533826,0.12658524384638045,0.2815565017183882,0.19732270876737884,0.3568905054292685,0.6627982680220623,-0.22847138795550764,0.2583134383600136,0.26922223461627864,0.36390356403738294,2.07254906582565,0.3972123498470698,0.15720894128712534,0.09945261918756636,0.21939509758492487,0.7394644545289277,0.3410874293069786,0.7378092041262156,0.35262729947192983,0.634354850365547,0.12455965253988109,0.6642810899441833,0.3906804918940557,0.7586603390843959,0.35841062029526044,1.0009213213623265,0.20365895514278406,0.8064996971862812,0.04745656755089945,0.3802278159561561,-0.17471448651175087,-0.08322109979754527,-0.0009497532373437363,0.1438626124248219,-0.01683219036088873,0.06675064803949636,-0.022973043337691384,0.1820013922361764,0.12782023765158015,-0.4389962535682274
0.09449818408729584,0.13239005640640697,0.2726745383451536,0.34539251356858064,0.19516917066908085,0.23885410902318388,0.20537587915251057,0.2529794582904996,0.27354485994799765,0.23171691398760955,0.24748330764639195,0.15391116439671415,0.2707084296008714,0.28170576602179914,0.3929184113951877,0.28372943912248233,0.325940798868997,0.2921987148389206,0.2575928338880552,0.31210326301311675,0.26481857503202744,0.2843124345584784,0.01388251240839725,0.37935650198593013,-0.2045375450496589,0.1656929492799243,0.22864643751900335,0.3600828371808032,0.09746070688078354,0.3972123498470698,1.136724949922133,0.26561614759016766,0.24937552201477273,0.2306295843867849,0.34725724644876804,0.3531354301457364,0.38726517628009194,0.46440023407376435,0.36966643721669995,0.10058051219680429,0.3364906990124523,0.2735656963133978,0.27815452122867323,0.22308720828210798,0.40187055328230775,0.1477684650269663,0.35725307868323597,0.043426272365510145,0.13457358541979492,0.16420980848623448,-0.014715329018477604,0.2543602292541528,-0.14044012984058996,-0.1288228904446628,0.036014243841519904,0.11945802367008997,0.09930948702267932,-0.0595459258322651,-0.3350684187695581
0.10840105616427563,-0.019742731259129617,0.29582161290925757,0.4867506986943741,0.26631330443876894,0.38092658432270143,0.31197835418593894,0.2792467493193044,0.30041944259501263,0.2699456445950505,0.3160218294778474,0.4152192215707301,0.4051100790193736,0.40789545672246347,0.36910975372762417,0.4568403647073965,0.3295728846066072,0.22662482145730822,0.334453865705844,0.30716811726067883,0.3367435155831908,0.4245171023340963,0.05856309358757457,0.24326398286573242,0.18235636966265745,0.5816486270736637,0.46828397509856995,0.37985247602187555,0.22720889018730617,0.15720894128712534,0.26561614759016766,1.2614295728541842,0.34815603996219974,0.5509566165743212,0.38802196205178646,0.4143096387463182,0.14138960851926244,0.4305705881113136,0.27165837464686954,0.1389956050842349,0.4125192264373705,0.357082144736776,0.30618528314195054,0.1847030657264139,0.02222548835683287,0.08117208221607304,0.2895378204128979,0.07081675304393953,0.577588853099567,0.18224996067733423,-0.08960711188146867,0.2596090957333883,-0.10379731031529507,-0.12855513624908085,-0.015136663547961064,-0.048193671489576845,0.7346035711863317,-0.15136773514822074,-0.6268840724980708
0.13818341632368822,0.21181352793176336,0.31244266276418164,0.3862191759726216,0.21202162665643912,0.17790937454746808,0.2793700963671805,0.21777386844388752,0.3935906448287082,0.20743556639870706,0.21633491907763175,0.18752412308969924,0.28824627111649953,0.27776176191170737,0.42974363895983353,0.29979326509642024,0.38874540899461957,0.46132251591488044,0.25278776286407695,0.30537906973245615,0.4148623305575519,0.38585797772822844,0.7750330362788704,0.47089380651379015,0.39128270014332106,0.3594737085343192,0.26808533172955656,0.8596007804755309,0.2960613875598786,0.09945261918756636,0.24937552201477273,0.34815603996219974,2.262221844218069,-0.08316866458349637,-0.3305095102906525,-0.04828192806403306,0.5482912631317814,0.19622840504800684,0.1836309399954889,0.10531906728079654,-0.3445445149952421,0.27436327645973474,0.2959411077817094,0.06864819415708319,0.23771326732444858,0.14090522795085847,0.5451749003346192,0.1934846997502081,0.6671993228247753,0.3551469830380013,-0.2219977378502852,0.23925357669479597,-0.1311352247674857,-0.3060768577723712,0.19509974321013226,0.013022122636076107,0.03000181607682561,-0.15885303628067804,-0.0453280300229394
-0.015461396087922167,0.24437616488975214,0.3266524576824925,0.36526939686160065,0.3733410992360027,0.406632705156563,0.25890185324495646,0.3772929102733273,0.195779026581479,0.3749588144815272,0.3672878652128998,0.3102190713300935,0.39180340791738755,0.3496072506282749,0.41118497579849794,0.40363318784969693,0.3862742044124642,0.317049805971579,0.25911083246305405,0.437375926352587,0.2683388303748129,0.30207782892892815,0.36798203567708515,0.20688764147153818,0.7497936207847834,0.36045915064865813,0.3435597974235258,0.23921964812113425,0.9148569886583846,0.21939509758492487,0.2306295843867849,0.5509566165743212,-0.08316866458349637,1.8258855974487653,0.5645769792140285,0.29038349380545764,0.6131979318199161,0.05295795067059399,0.4778611470039305,0.06029353501060785,0.7606715727150849,0.38953799597800154,0.4058206628832337,0.2632001769130635,0.18377882335447127,-0.07299084202470182,0.41705704124571463,0.11520443577572533,0.5017548933514245,0.055567830284014616,-0.1324781339779908,0.05153792089676987,-0.03128512811458002,-0.05326982612101776,0.025212525526814956,-0.05978287852017831,0.20635379785374955,-0.08875315337053323,-0.14360195897726566
