0.7141898230277673,0.3293039677646139,0.5235114464644248,0.11796863102665682,0.175447477213442,0.1635042256486625,0.1935796797170403,0.09577183326677341,0.1568057522363023,0.1722302717068557,0.14321527858835595,0.191556957001413,0.14551358335973386,0.1374590399483507,0.13497520619981757,0.15498506976646598,0.11592726470082018,0.16799367620433361,0.1622273374767879,0.06882503837948398,0.16254298995360636,0.1713955253794788,0.05410000149426077,0.011419614346494307,0.17219123845247897,0.16108752456499117,0.1250857707068536,0.06322547143948261,0.17354424529038662,0.04599884714771165,0.12657980452188117,0.1552252415698288,0.04682383529149779,-0.05844742928495292,0.10471179616404172,0.1998644023591537,0.04778943174269753,0.048617793876472394,0.014328260470105084,-0.0643353647961301,0.10429525280097585,0.08979651589827246,0.04401729268010772,-0.009323909056669391,0.11189672224651558,0.16208998402909983,0.0808397466578985,-0.08304465064136995,-0.0328840243089177,-0.049002140479917924,0.010565330452935827,-0.08582864711332978,0.05097551689976739,0.011676140744581197,0.035484685836856655,0.02813843404079965,0.026889763782725378,-0.001154386492673302,-0.17589945901000764
0.3293039677646139,1.3372915465813566,1.2926703055163882,0.37252487096930476,0.39160361226289175,0.5617859754782285,0.5198405238617495,0.5530025668210365,0.559861854655942,0.5032322624227383,0.5327835109360461,0.5158828711206169,0.5316375420654228,0.5534111651318967,0.5268751063681667,0.44956614411034895,0.48816022451977015,0.6304816232124123,0.48690301312331274,0.7163579928378023,0.4633362496902177,0.5083120618160681,0.4027535135757061,0.4735693751676556,0.4538910231519318,0.6384770521641367,0.49331068998425476,0.4610005456680484,0.5660939877732125,0.10924335456991091,0.4623691689029149,0.5288822798175357,0.3202105767508576,0.6401660891175894,0.5217470020338167,0.4816618402411258,0.45961500798945343,0.34659064826830427,0.412963311104924,-0.016966643119038616,0.5721524580780408,0.3557106577055779,0.38113067895785546,-0.0027708371163726302,0.42906104315709953,0.2823499697164484,0.5203542297393601,-0.00041906731775336926,0.5455261244023456,0.07317801081514383,-0.06876611538872199,0.025981272894247426,-0.009969748927757633,-0.08736106161860153,-0.2753147831099413,0.027234813387303616,-0.015929941202305856,0.16769265283041163,-0.09014551837123018
0.5235114464644248,1.2926703055163882,2.254353216484875,0.44532857866947245,0.33861491461942667,0.6401378859870058,0.5673925658493029,0.6354494694749483,0.6092381256283026,0.6256114896016066,0.6061783457571382,0.6144264613168299,0.5823215425014824,0.5841042791165839,0.5103336346724688,0.42768943349876587,0.5403109464949682,0.5570101227707916,0.5742243189068688,0.42049345037192926,0.5336381367625956,0.5631378128618187,0.36622133670999885,0.43947381601222907,0.5021650408714874,0.6115634054582925,0.478071742942483,0.38410318324421144,0.5945511469766219,-0.10175171245328785,0.43196836361194674,0.5427291090710916,0.2052536255664692,0.6136013191498922,0.4841456797700213,0.6095469246620875,0.40395170627552623,0.19912393867535605,0.22708940366808342,-0.2670287340050495,0.5064398377320661,0.373398333579047,0.25440240606659387,-0.001075527276065141,0.3566863035273306,0.5137993878339133,0.5011950937905528,-0.1525290751037349,0.1362578989258111,-0.024622701502572678,0.01999993236817462,0.0909464252252391,-0.009045375650289447,-0.07728383592915844,-0.2918976277560409,0.0994611290236677,-0.016081534903603062,0.11621629592244258,-0.20957024990544215
0.11796863102665682,0.37252487096930476,0.44532857866947245,2.706860720751494,0.22765327256590956,0.350323844094197,0.2931699115177934,0.4410220489044529,0.20663184020846959,0.45882554058646713,0.31328074850125365,0.43157834284027413,0.34223861194477007,0.39544924379008095,0.30746838026876994,0.6243134139390126,0.32876043736363597,0.4065127804493336,0.2281688314074872,0.2743645303261808,0.19731828467032564,0.3868684744851637,0.38949482424677734,0.36917248225647026,0.24335390781345792,0.35014474125888106,0.3494351299990945,0.10675988186934397,0.39770505268477796,-0.05314304970860112,0.2699769795315285,0.3616568532477923,0.202326986311449,0.39151037853824316,-0.28728963509548844,0.3855162698785019,0.10541252819531674,0.15696075315177482,0.2739285800138714,0.1994013617917396,0.2718902964302899,0.15555388893469174,0.2573237270960486,0.004075859726435036,0.286578473083119,0.12241311798178559,0.31506258318516583,-0.11661592062584612,0.1398893721797791,0.14989319739901966,-0.10886164306397818,0.16363567517230398,-0.305574043275516,-0.009287930607474735,-0.37894778642371757,-0.0032346603676059317,-0.1217180885430032,0.30458081863394787,0.07027077569535298
0.175447477213442,0.39160361226289175,0.33861491461942667,0.22765327256590956,1.0923206110845498,0.5762596633423115,0.45202300450688954,0.38948644150703754,0.4473816008086489,0.28253463528199174,0.4033449006650572,0.4635155526260785,0.4324421280690704,0.46766737315965407,0.3837691505885304,0.5682202661528354,0.39829811310205043,0.3534133118041907,0.6223231205857402,0.5031266979461719,0.37129987822802935,0.4980976680371943,0.4922971076747395,0.4435357625238495,0.35070919187380956,0.5353555817354606,0.3795788674379415,0.2202630672556412,0.5847930537271085,0.13403135184515785,0.3105669483827878,0.5144942747892943,0.25115114737408656,0.6986561238949197,0.28455968305709944,0.34270691341508014,0.42855128176349694,0.2585971281409713,0.35001817867194107,0.15784000306001045,0.448948843707351,0.341446036461561,0.29675786425366946,0.021886587793600865,0.3040352258076263,0.10530030025204659,0.5476109403080107,0.04108054188160428,0.970012884170081,0.08093510563269858,-0.14723142184651541,-0.18668970102326635,0.23867120731353125,-0.049695556594795395,-0.12083370589635503,-0.11795977772864859,0.03509336409825602,0.11618235199427324,-0.007903462673763562
0.1635042256486625,0.5617859754782285,0.6401378859870058,0.350323844094197,0.5762596633423115,0.9559675593203139,0.45748552353105504,0.5414394676294642,0.5712714629309253,0.3439804388098848,0.530862310466455,0.4983179790194713,0.5101457759486271,0.6181380678452472,0.4661480280308109,0.5766576153999741,0.5234743096820103,0.409607952127881,0.6516578845005647,0.7041923038604967,0.458574082221689,0.5739961483958177,0.4843123543362787,0.6060382771661488,0.46061797637559265,0.6655465695123158,0.4692520391528056,0.4414483067332078,0.7117572767838486,0.1549820940995955,0.4111508768509374,0.5922397705048232,0.2737074355863377,0.6820933458145232,0.4621171607050255,0.36433008978265724,0.5038259927721789,0.37697968473781623,0.47924395244351276,0.14963113752312962,0.47727680202697026,0.3772935487357889,0.3751759449896046,0.014699163681120222,0.43358197589385694,0.1448260811656474,0.6837536141701783,0.05671608930879406,1.1512952705600858,0.20156379961093093,-0.3107996395612902,0.11444345158616659,-0.08447430072999021,-0.09241555146537087,-0.19744481673859762,-0.10002473045247873,0.07402593561004137,0.1634309373968621,-0.06749252768129765
0.1935796797170403,0.5198405238617495,0.5673925658493029,0.2931699115177934,0.45202300450688954,0.45748552353105504,0.8057081098318772,0.3596018969642017,0.564299329328465,0.3821412879112893,0.4591437182882141,0.5101013242722555,0.4698441152619488,0.46466949342418434,0.33839992338289776,0.5570996819110001,0.47488856080312375,0.43871457577306583,0.35867605706225186,0.471977545770684,0.3958207265542633,0.560369654611768,0.6818939213508527,0.6244155877798168,0.39006002922137223,0.3877600569900192,0.4156475024477939,0.3164789925583507,0.536385403058732,0.30438547933864873,0.34958329665860605,0.4614865666349875,0.28441063919568466,0.5438793957511977,0.4629622238398416,0.4169946473002664,0.4051159301773122,0.25923012283219066,0.33490082686025513,0.050963196776621325,0.4604926756188663,0.3353708530218453,0.33744388781032353,0.012308937415705727,0.36041349079449186,0.17321450702550872,0.4853835509165688,-0.0214599616467563,0.8046157019528016,-0.0031131814806871034,-0.16674489617789984,-0.08680959431463156,0.25048547423817263,-0.08022819434868876,-0.13269899808040148,0.05145831054714372,-0.060399514160845,0.10939782412390664,-0.19176728113092031
0.09577183326677341,0.5530025668210365,0.6354494694749483,0.4410220489044529,0.38948644150703754,0.5414394676294642,0.3596018969642017,0.9121433520233466,0.3036825099584907,0.4475647303197014,0.49319738881222663,0.3863376552412308,0.5185634257252614,0.5572139032185754,0.3851686050403493,0.4816995266687321,0.49776212534062814,0.4372368134707871,0.45285534429052615,0.5992079164409104,0.35667943496522014,0.41472994852109457,0.4715597733998729,0.4795176870714456,0.34166447667150696,0.556412552972209,0.45094149043533965,0.47040968731474453,0.502636873260194,0.19516758985506988,0.3450365377909319,0.4696139198034025,0.3118203656930632,0.6669424008466392,0.5637876352827467,0.27169255715322715,0.47251254679004756,0.2989115899963293,0.5486093908540642,0.09549740399126197,0.5325565763249962,0.3086309516721748,0.4002716722776559,0.012710610445174676,0.40676099183950243,0.06475445044676095,0.6678584320953392,0.13680110936033266,1.0649476153007247,0.2062979717783379,-0.18683735136967097,0.15413411965218454,-0.05708570389459728,-0.10193801093270731,-0.27770499024058704,-0.05598830802803683,0.007841976244733411,0.2491054239962699,-0.04466271115470654
0.1568057522363023,0.559861854655942,0.6092381256283026,0.20663184020846959,0.4473816008086489,0.5712714629309253,0.564299329328465,0.3036825099584907,1.2218386827442147,0.276541998240606,0.40036450847182836,0.3989188393634545,0.4958867685356518,0.47406701975965154,0.2992715086427823,0.3378384903056619,0.45356290557949824,0.4550300795322819,0.4862712105959416,0.552818032566819,0.40866447114220733,0.7183111011852672,0.7917300833948697,0.7572742132251018,0.3699435665685167,0.5433176880188153,0.38942224478883736,0.3899517997143431,0.6269003868742674,0.3937394322836609,0.3872263603898486,0.5156256380336742,0.4089391483443795,0.41046197705282217,0.369699969237778,0.4369638394398108,0.5953391906440617,0.3255458246852984,0.32896691816450735,0.012387236679451128,0.439298943789178,0.34414410638190696,0.3670226023773107,0.026150011251047045,0.23735770862860142,0.38099751829485023,0.5620359347552532,-0.049395621173706585,0.910441105423722,0.1052505610091037,-0.10140392147413338,0.07052965584812426,0.17021169255614063,-0.2064433890406526,-0.05798000381819434,-0.04361765015504332,0.0876426065838708,0.02624371234203804,-0.12491904085139187
0.1722302717068557,0.5032322624227383,0.6256114896016066,0.45882554058646713,0.28253463528199174,0.3439804388098848,0.3821412879112893,0.4475647303197014,0.276541998240606,0.7942074427617134,0.4000609815209597,0.4000304802526292,0.40676792686022867,0.4056148312376523,0.36483524785671206,0.41632863657700236,0.3874057616596629,0.4445200893720001,0.24685992908988197,0.3532581238995537,0.29474899950920075,0.3705085923216977,0.4426453154482872,0.37438995763197525,0.34736449998853014,0.3992191424930188,0.3661434770179305,0.2827224044426131,0.39325352184960904,0.09382442010882235,0.30789984100805085,0.3661011439956164,0.20633055021476215,0.585464054061699,0.38252430292228873,0.31174417597675147,0.38289915436456673,0.17118023053909892,0.3271504717999905,0.0667073928895261,0.45055257208123245,0.2657423995656106,0.30514950345929426,0.015975658513421944,0.31753012487472704,0.11199450921212438,0.5107727386473869,0.02304471556128497,0.6102971008520155,0.0541515303845417,-0.06379864191941373,-0.12652838123977467,0.07920487571421166,-0.012939859776632666,-0.08533854400540887,0.14904481901019667,-0.04045552434302818,-0.05222424328652126,-0.048152445019492805
0.14321527858835595,0.5327835109360461,0.6061783457571382,0.31328074850125365,0.4033449006650572,0.530862310466455,0.4591437182882141,0.49319738881222663,0.40036450847182836,0.4000609815209597,0.6843858590604058,0.46523154913186415,0.500395711037254,0.5017088312653218,0.4354672436276786,0.533860234384533,0.5323003978983799,0.41533126934877285,0.3918163134757763,0.5520421667416506,0.4066510064251017,0.4743257187305221,0.5333227297485847,0.5188690633835461,0.3916227164149423,0.4609937347629122,0.4320359710782757,0.4112806100692448,0.5445404942507909,0.20770508858308634,0.35086151986813346,0.4823186292941584,0.29314806424902645,0.6261096214087147,0.540555170508824,0.3381008530849951,0.46208171551864213,0.28603248078752563,0.42939129658518177,0.08833143035879036,0.5008278899741125,0.35146432037013914,0.3381748238880665,0.00019835809052113823,0.3980225724424207,0.13580302068473799,0.6078032595632136,0.055186371682724646,0.8520115612592271,0.09811115108110006,-0.16371611533661082,-0.01988999519820039,0.09873461807630163,-0.07145192256523134,-0.21160408890339857,-0.016770429483776834,0.017401393373967504,0.13178461880316023,-0.08476727349298972
0.191556957001413,0.5158828711206169,0.6144264613168299,0.43157834284027413,0.4635155526260785,0.4983179790194713,0.5101013242722555,0.3863376552412308,0.3989188393634545,0.4000304802526292,0.46523154913186415,0.7603027540821662,0.4538369642127684,0.4784576590389487,0.44315684118376664,0.5030946802375728,0.4709233938580276,0.37038308558701105,0.3922810823695185,0.4861721363048211,0.36318266856376974,0.4576621528718992,0.5364718533214872,0.491532432858302,0.4166593697176711,0.4219180912069254,0.4432227298344683,0.2614049358037506,0.5177839839100485,0.14256538787523948,0.33458069375670585,0.4775802802948183,0.22176552293968108,0.5778927277621319,0.4574236881535398,0.39705659627551393,0.29375216903400747,0.25441027637936003,0.3011217133505294,0.04860336879356675,0.4370335569095481,0.3064886989201595,0.280359684937657,-0.02224252502503258,0.40522091402667143,0.12619165697209386,0.5156019511970357,0.0057645008342175124,0.7504324671373618,-0.023005318102240716,-0.1323668819361801,-0.16046353941873848,0.2560690984111693,-0.05691126977207855,-0.21875987882837142,0.04542568695058263,-0.07209537703716065,0.1448947115061745,-0.19661699168642371
0.14551358335973386,0.5316375420654228,0.5823215425014824,0.34223861194477007,0.4324421280690704,0.5101457759486271,0.4698441152619488,0.5185634257252614,0.4958867685356518,0.40676792686022867,0.500395711037254,0.4538369642127684,0.7040311331466805,0.47966410321935427,0.3478412599203752,0.5083772489199089,0.47496463795707583,0.45327090848242085,0.4282877681357955,0.531232076278083,0.3771743829949638,0.5257251021453663,0.5973206058281615,0.565436842996546,0.381366993825679,0.496657660303787,0.4567083816085497,0.3995757214775345,0.538574374514871,0.23993946342060973,0.3655401992273897,0.5115778390225453,0.3256014595816799,0.5930005869841847,0.5003386994884057,0.37256894646784755,0.42296603553960144,0.268959945558335,0.5067850136340306,0.09909430532685805,0.5012488469515257,0.32056262209610237,0.3749091043000196,0.016228973881592956,0.38894083539131663,0.1458507902083885,0.5794738522347828,0.03485059790533382,0.9140519391859542,0.1391545609613779,-0.1624554665740799,-0.010860099490614982,0.10703010781603974,-0.1037618870120416,-0.16306578554077705,0.005200222177760128,-0.016561496649075316,0.08589828768066998,-0.07476702369364013
0.1374590399483507,0.5534111651318967,0.5841042791165839,0.39544924379008095,0.46766737315965407,0.6181380678452472,0.46466949342418434,0.5572139032185754,0.47406701975965154,0.4056148312376523,0.5017088312653218,0.4784576590389487,0.47966410321935427,0.8683027598617981,0.5934756388186452,0.6049464733123412,0.5168685883239722,0.43182540281849446,0.47288330858365174,0.6475625136192062,0.42237821924518587,0.5276670637856927,0.675303808763815,0.6360654553577255,0.46105955543488736,0.5832770551126021,0.47259660591924735,0.4913393142008701,0.6378644604602421,0.2813056587568825,0.37443162162917865,0.5179552081667432,0.35827604685327186,0.6601845436964584,0.5655888313007056,0.34062107370861006,0.5784203032949798,0.34291812745719186,0.45292952103539524,0.10229033792323537,0.5717813941085761,0.3737899815716206,0.4300801904331535,0.0031488687763016826,0.3906199505514269,0.10692311895001992,0.7106808034226427,0.10955311095365679,1.1949973048072486,0.14995651809091495,-0.1959200909558547,0.019782355460010517,0.014398814602258298,-0.0905161915286256,-0.24684436355587364,-0.03420888146838877,-0.005566616078447601,0.2009787807972663,-0.0065066890614944575
0.13497520619981757,0.5268751063681667,0.5103336346724688,0.30746838026876994,0.3837691505885304,0.4661480280308109,0.33839992338289776,0.3851686050403493,0.2992715086427823,0.36483524785671206,0.4354672436276786,0.44315684118376664,0.3478412599203752,0.5934756388186452,1.0164989810522262,0.4724282235272467,0.4294052902884857,0.44819729595611585,0.3303135075955421,0.5493032575285623,0.3681680887319949,0.3706385833160172,0.8261994562543197,0.6026058546658292,0.360360637022908,0.3978692429341712,0.3865090084125712,0.4580917156572529,0.5731082142632508,0.31226356909428404,0.32136687599012986,0.36899094878893285,0.34866654234436983,0.5663078847808053,0.5283354596885097,0.25297014623867775,0.5910634350493922,0.2698336625016817,0.448898304144962,0.06046261459872377,0.5067702114859925,0.3288783943936727,0.3752354535462912,-0.014111371295822347,0.33442232017553597,0.12425245195466833,0.6459421131625709,0.1511414395585956,0.9903889736032118,0.3035661316391979,-0.21904742241855554,-0.02032148588304997,0.0330347704542999,-0.10062303961322022,-0.12010378443837577,0.043548109902401606,-0.07814632141613967,0.10135976060074799,-0.02520633878153962
0.15498506976646598,0.44956614411034895,0.42768943349876587,0.6243134139390126,0.5682202661528354,0.5766576153999741,0.5570996819110001,0.4816995266687321,0.3378384903056619,0.41632863657700236,0.533860234384533,0.5030946802375728,0.5083772489199089,0.6049464733123412,0.4724282235272467,1.8200967499098668,0.5979913074578931,0.4680915905670627,0.38518902467237265,0.545421362424366,0.4985791555481488,0.9106055717529765,0.5792168411916455,0.43845323293576693,0.15094183224747137,0.5926166284807816,0.6373440795139506,0.6138136401706499,0.5578707795174803,0.4540538569494708,0.3013947505535841,0.7666803870335709,0.4156365156571679,0.7687724657223285,0.9390571964388782,0.4175062816158542,0.5527909256246555,0.3181864428455358,0.5564258037450996,0.21580528925566167,0.6872462639110519,0.48121273732362796,0.5462933345469968,0.03476713191195445,0.40709921959853224,0.01827088343586006,0.7919653300892818,-0.035880098809140906,1.655442497329789,-0.16957102008990557,-0.37193327251319985,-0.30494824038405244,0.22384906010252234,0.013990662740984096,-0.10039256897585384,-0.09357894906122954,-0.07050746032225122,0.034095612877085256,0.14574926732321136
0.11592726470082018,0.48816022451977015,0.5403109464949682,0.32876043736363597,0.39829811310205043,0.5234743096820103,0.47488856080312375,0.49776212534062814,0.45356290557949824,0.3874057616596629,0.5323003978983799,0.4709233938580276,0.47496463795707583,0.5168685883239722,0.4294052902884857,0.5979913074578931,0.888644360238058,0.39023288113622856,0.4342047780355683,0.5404932076509765,0.4505616873895581,0.5365407987184722,0.5705415126738912,0.5700701431316363,0.4923545188171702,0.35922513338540063,0.44943707704418934,0.6152886453613816,0.5788263456589805,0.3399411697223998,0.3501158012244756,0.4645913541635759,0.41340534738837265,0.6324760784108121,0.6657614692142699,0.3219505617184687,0.6951190036728045,0.31890242668713625,0.39587053370715897,0.039661128093459015,0.5505593433240435,0.43331272269070853,0.35539821152141665,-0.00778873096966827,0.41190111133037793,0.16335604365476386,0.7490778738367095,0.09260257310436643,1.0039928302903993,0.2168600130650218,-0.13575219893987484,0.086280771884517,-0.025327076078018665,-0.12723306265578072,-0.2760451442951586,-0.03765597068800805,-0.021081064027888737,0.17973946585998,-0.055584448646360994
0.16799367620433361,0.6304816232124123,0.5570101227707916,0.4065127804493336,0.3534133118041907,0.409607952127881,0.43871457577306583,0.4372368134707871,0.4550300795322819,0.4445200893720001,0.41533126934877285,0.37038308558701105,0.45327090848242085,0.43182540281849446,0.44819729595611585,0.4680915905670627,0.39023288113622856,1.1702225328392355,0.3575917637825479,0.33003450700089876,0.37247168510634726,0.480834171630382,0.8134118578848595,0.5855439693824873,0.47279572959020283,0.5581936426626525,0.3487246619135224,0.49858160130053386,0.5311084548064826,0.17611563912047964,0.4641988302628827,0.4307562473425485,0.3792186190868387,0.5377624733092119,0.3911739962942811,0.40579844926899594,0.4035965311520061,0.1746500729339872,0.5443231161789671,0.10763102659907137,0.5009570750348248,0.26451114084356947,0.4024119602532763,0.012530362929679635,0.4315853164316785,0.19004614714562038,0.5403541667680696,0.02406496030890002,0.7227130298846762,0.3480541112922652,0.03301757958984474,0.04402520314522885,-0.23640712352854393,-0.15573980869097354,-0.049891009634095373,0.038089800003746746,-0.0003184315828406937,0.028979682891936295,-0.0988140018042264
0.1622273374767879,0.48690301312331274,0.5742243189068688,0.2281688314074872,0.6223231205857402,0.6516578845005647,0.35867605706225186,0.45285534429052615,0.4862712105959416,0.24685992908988197,0.3918163134757763,0.3922810823695185,0.4282877681357955,0.47288330858365174,0.3303135075955421,0.38518902467237265,0.4342047780355683,0.3575917637825479,1.3977656895205466,0.4737369134595035,0.3942437333344581,0.45754993652205384,0.2938020311966982,0.4055737056845276,0.41122534470141275,0.5526729912240218,0.33376776093352956,0.5024409796434562,0.6066407334081151,0.13912672485240385,0.3234267742448541,0.45472000140723634,0.26098218303123405,0.5143363563693927,0.25373570663421274,0.4471309720925398,0.2966578865981213,0.25903202598116887,0.33720396009567205,0.04512145254041571,0.4316971788751253,0.29251841369377657,0.21067284194804167,0.023768292036492982,0.17136434850930946,0.21798454838730522,0.2684767253991071,-0.0018319859496606502,0.5502721206570392,0.07952395174245372,0.2744191457571458,0.6293741237485425,-0.5359479724739805,-0.13810396922160414,-0.24167803278570305,-0.09434093922017706,0.03315212200788629,0.1803814886199712,0.022574984406231104
0.06882503837948398,0.7163579928378023,0.42049345037192926,0.2743645303261808,0.5031266979461719,0.7041923038604967,0.471977545770684,0.5992079164409104,0.552818032566819,0.3532581238995537,0.5520421667416506,0.4861721363048211,0.531232076278083,0.6475625136192062,0.5493032575285623,0.545421362424366,0.5404932076509765,0.33003450700089876,0.4737369134595035,1.8728322632055556,0.27420994002407856,0.490091539566552,0.6163577577127469,0.7688244091810045,0.4123119578813915,0.7213994578266438,0.6407870506982907,0.558197251081104,0.7058570515586716,0.4663740275885592,0.5855319161840267,0.6145471359594019,0.4615919315473071,0.7973024733910301,0.7731072784287721,0.3183057015199388,0.6843189500233776,0.8690216988989627,0.7840796299909161,0.33181145543831564,0.7654330316359191,0.34406637820619385,0.6489513590301074,-0.03379371837992284,0.7007733339199552,0.059041600465592925,0.7176100843089722,0.2543205142431722,1.307728562748427,0.12408251182425994,-0.49227703259564265,-0.10329306110941694,0.3201001047674125,-0.11399596227488133,-0.26020797467935874,-0.10509371947224387,0.06323667111874944,0.25016785278304793,-0.07505208998687873
0.16254298995360636,0.4633362496902177,0.5336381367625956,0.19731828467032564,0.37129987822802935,0.458574082221689,0.3958207265542633,0.35667943496522014,0.40866447114220733,0.29474899950920075,0.4066510064251017,0.36318266856376974,0.3771743829949638,0.42237821924518587,0.3681680887319949,0.4985791555481488,0.4505616873895581,0.37247168510634726,0.3942437333344581,0.27420994002407856,0.9468635332677731,0.45067362852510334,0.379040148487289,0.19591817621950064,0.3348488929561332,0.45967929788374606,0.3383175279562067,0.4427621049997897,0.5170785373107868,0.31218319867530536,0.18863040757048666,0.4439499959877643,0.3266541361719611,0.6303384727136931,0.5947390688829388,0.2503812237256333,0.6838381073768125,0.21423075149968773,0.10312176300415737,0.012410146633060636,0.5548071836474188,0.609385231797121,0.30578711792047625,0.015374651281130174,0.323369429104231,0.10177358182111317,0.7110418029021905,0.13972553195421972,0.9810539935526671,-0.08599634717070083,0.01105719495186117,-0.06656960217814202,0.10422071885046595,-0.03959593360194629,-0.06688248095055825,-0.03899713159213108,-0.012314472137591476,0.0452650765824001,0.02945833012847207
0.1713955253794788,0.5083120618160681,0.5631378128618187,0.3868684744851637,0.4980976680371943,0.5739961483958177,0.560369654611768,0.41472994852109457,0.7183111011852672,0.3705085923216977,0.4743257187305221,0.4576621528718992,0.5257251021453663,0.5276670637856927,0.3706385833160172,0.9106055717529765,0.5365407987184722,0.480834171630382,0.45754993652205384,0.490091539566552,0.45067362852510334,1.0663785374441512,0.7199371028675807,0.5880928124443834,0.3199930545031824,0.5833293119816159,0.5070883587826298,0.4504284223379338,0.6537404721642199,0.41118760361452256,0.34548108039041253,0.6818002636970294,0.40650600792383457,0.604917142066266,0.5829761971448519,0.5252207114385313,0.5231484013057975,0.30964654251214807,0.4479648211711751,0.11240979682303756,0.5414313435546398,0.41606900474605424,0.45994258140187316,0.0597855643577004,0.2762231856487526,0.3259581468312154,0.6742908850119982,-0.2071605647393316,1.248945112252284,-0.016244386505170582,-0.21105740557670344,-0.1709510777324971,0.21084931049002434,-0.10118506156683253,-0.0908363210173901,-0.049308738113947495,0.029192250080506365,0.039606567099254864,-0.058086059475450556
0.05410000149426077,0.4027535135757061,0.36622133670999885,0.38949482424677734,0.4922971076747395,0.4843123543362787,0.6818939213508527,0.4715597733998729,0.7917300833948697,0.4426453154482872,0.5333227297485847,0.5364718533214872,0.5973206058281615,0.675303808763815,0.8261994562543197,0.5792168411916455,0.5705415126738912,0.8134118578848595,0.2938020311966982,0.6163577577127469,0.379040148487289,0.7199371028675807,2.659683455814044,1.4599175541680667,0.47888252787232566,0.1371007392158475,0.4533079032837057,0.49149598574732273,1.0217612884343161,0.8222266331413444,0.31581464599556425,0.4064166113947307,0.5796740658280898,0.6009657222161282,0.6902806842786423,0.34319688823080585,0.9554669930867948,0.3043792615415575,0.6304391486264984,0.026053416060940297,0.6289428925110057,0.3682069716631266,0.571679666980747,-0.022484619563569317,0.45376386275764374,0.29334541875481446,1.0706404862748582,0.1366604622439874,1.7205649829314837,0.4642245427703733,-0.3711738962402574,-0.11866475612816448,0.5399677084649145,-0.25377427732710617,-0.1037939187913899,0.061888189703529904,-0.1426029445548933,0.16457006883846703,-0.17852124933420593
0.011419614346494307,0.4735693751676556,0.43947381601222907,0.36917248225647026,0.4435357625238495,0.6060382771661488,0.6244155877798168,0.4795176870714456,0.7572742132251018,0.37438995763197525,0.5188690633835461,0.491532432858302,0.565436842996546,0.6360654553577255,0.6026058546658292,0.43845323293576693,0.5700701431316363,0.5855439693824873,0.4055737056845276,0.7688244091810045,0.19591817621950064,0.5880928124443834,1.4599175541680667,2.4483359505622446,0.7387175502735452,-0.04416574469352672,0.46716364074852806,0.5692892502442272,0.6945281742798655,0.8001962177071844,0.8526769128416346,0.45751517208587983,0.4721971907306501,0.106736118149239,0.6926363191324763,0.48446922319563596,0.7433772463524007,0.4025945865296105,0.7368585561990469,0.014741831987542609,0.5465732622338055,0.23201493708633572,0.405944402100585,-0.02069018911381472,0.3932028027047107,0.29252607430415645,0.7611580779988593,0.16165796479788022,1.5606757869604784,0.48742801144698833,-0.4522774238751668,0.19494648585154323,0.2842197669739383,-0.3353698698560892,-0.15975946208618433,-0.01436702791679315,0.11254458966929308,0.12976472479660914,-0.2724457340266175
0.17219123845247897,0.4538910231519318,0.5021650408714874,0.24335390781345792,0.35070919187380956,0.46061797637559265,0.39006002922137223,0.34166447667150696,0.3699435665685167,0.34736449998853014,0.3916227164149423,0.4166593697176711,0.381366993825679,0.46105955543488736,0.360360637022908,0.15094183224747137,0.4923545188171702,0.47279572959020283,0.41122534470141275,0.4123119578813915,0.3348488929561332,0.3199930545031824,0.47888252787232566,0.7387175502735452,2.4269697621180915,0.5611513530903881,0.4133867031967586,0.3862607449279694,1.0894990347404432,0.23897714720227786,0.6106142577717291,0.42577733434669307,0.2398208550285039,0.7353105052841405,0.43544173307528583,0.6521392361474615,0.2973333358984676,0.19799041722785632,0.622208098761822,0.17952832690097878,0.5450536862338984,0.2858176315581762,0.316876513044803,-0.010880436047441044,0.665511458934062,0.35260152884220564,0.43017289949793897,-0.11135724888009575,-0.44566543402732034,-0.05002280181032995,0.24057961790587612,0.03183282040144997,-0.04776511282614547,-0.0906787071801756,-0.23271716415160662,0.004140099065763091,0.029762561928528043,0.08936901251579046,-0.06619655914287328
0.16108752456499117,0.6384770521641367,0.6115634054582925,0.35014474125888106,0.5353555817354606,0.6655465695123158,0.3877600569900192,0.556412552972209,0.5433176880188153,0.3992191424930188,0.4609937347629122,0.4219180912069254,0.496657660303787,0.5832770551126021,0.3978692429341712,0.5926166284807816,0.35922513338540063,0.5581936426626525,0.5526729912240218,0.7213994578266438,0.45967929788374606,0.5833293119816159,0.1371007392158475,-0.04416574469352672,0.5611513530903881,2.5687785123795077,0.5363627184670462,0.5767895729222691,0.8238615254367176,-0.39799392246220827,0.34074174885335334,0.8941663729364742,0.49760261863798844,0.9638223641672273,0.47578489783656946,0.4664810185283503,0.05527394823340317,0.34579729161503614,0.6260496441668945,0.3532001077076654,0.771469447942164,0.3763676521155671,0.4625850224525911,-0.08115500893511907,0.4994873904854519,-0.24372283983689882,0.47833627018034236,0.17225598651814367,1.8864069133972925,0.04653214235200854,0.005702284183138614,-0.11375326520963887,-0.298919587233411,0.02619942814570451,-0.10396304693962947,-0.09465929995950352,0.10645363630760335,0.060485599329483865,0.047381016420127604
0.1250857707068536,0.49331068998425476,0.478071742942483,0.3494351299990945,0.3795788674379415,0.4692520391528056,0.4156475024477939,0.45094149043533965,0.38942224478883736,0.3661434770179305,0.4320359710782757,0.4432227298344683,0.4567083816085497,0.47259660591924735,0.3865090084125712,0.6373440795139506,0.44943707704418934,0.3487246619135224,0.33376776093352956,0.6407870506982907,0.3383175279562067,0.5070883587826298,0.4533079032837057,0.46716364074852806,0.4133867031967586,0.5363627184670462,1.0898916350869803,0.49061426757886595,0.36782266311359607,0.21627915733344552,0.45994311469776944,0.6409874337996728,0.4897194597760193,0.6308028393954576,0.5795535381825374,0.46092321760459704,0.3832929366531453,0.34782027612132727,0.5215268429810926,0.21854504833759722,0.6311656900928688,0.33642766610011016,0.6070336024310231,-0.05956454191468706,0.5464049495305056,-0.07554648832958877,0.5658431899759164,0.12621427874300192,1.234265386219016,-0.0036124004404667624,-0.2129257481258071,-0.0838800432576065,0.18837032957319239,-0.0441310533570277,-0.07959045238263562,-0.061715920405786176,0.07876395211955485,0.09126383519039148,-0.0789468380936528
0.06322547143948261,0.4610005456680484,0.38410318324421144,0.10675988186934397,0.2202630672556412,0.4414483067332078,0.3164789925583507,0.47040968731474453,0.3899517997143431,0.2827224044426131,0.4112806100692448,0.2614049358037506,0.3995757214775345,0.4913393142008701,0.4580917156572529,0.6138136401706499,0.6152886453613816,0.49858160130053386,0.5024409796434562,0.558197251081104,0.4427621049997897,0.4504284223379338,0.49149598574732273,0.5692892502442272,0.3862607449279694,0.5767895729222691,0.49061426757886595,1.9524164726136766,0.2667513163571295,0.5466093369006146,0.37316859658822393,0.4446664108916943,1.100182499413692,0.44230305480339327,1.3158904001847072,0.07137050671217486,1.0091540112880706,0.34599613921272787,0.7470837515005914,-0.029769636011287612,0.6757008517226456,0.40137798889941534,0.47739857866975527,0.01708285499068121,0.19215254641890384,-0.12324060746056698,0.671176522611293,0.429586167746767,1.8038095133032197,0.5533796826111534,-0.1843552225999019,1.0261350035170995,-1.2237977829088482,-0.21630637477940437,0.12894115150107271,-0.10513420847288031,0.10733059939613253,-0.19836930258309546,0.28728281926855737
0.17354424529038662,0.5660939877732125,0.5945511469766219,0.39770505268477796,0.5847930537271085,0.7117572767838486,0.536385403058732,0.502636873260194,0.6269003868742674,0.39325352184960904,0.5445404942507909,0.5177839839100485,0.538574374514871,0.6378644604602421,0.5731082142632508,0.5578707795174803,0.5788263456589805,0.5311084548064826,0.6066407334081151,0.7058570515586716,0.5170785373107868,0.6537404721642199,1.0217612884343161,0.6945281742798655,1.0894990347404432,0.8238615254367176,0.36782266311359607,0.2667513163571295,2.904793737727645,0.647040336734452,0.12488020301038222,0.6507846662872857,0.20287352494094846,0.9608774634127147,0.4014551644766775,0.6528473370525548,0.9457874381078075,0.23264595777012584,0.47043031219508286,0.1020416613560844,0.7682715951293293,0.43474068105427355,0.3243368190164709,-0.26076717010452966,0.8739190289234224,0.3672074104710267,0.9701367250169892,-0.037349338866269066,1.455425637342919,0.14521096961758065,0.03146078367265195,-0.10662758079086147,0.12302147591618078,-0.09415853413676219,-0.35472847186207945,-0.09234341673874281,-0.04959863470525804,0.26367000915059147,-0.031166562842437823
0.04599884714771165,0.10924335456991091,-0.10175171245328785,-0.05314304970860112,0.13403135184515785,0.1549820940995955,0.30438547933864873,0.19516758985506988,0.3937394322836609,0.09382442010882235,0.20770508858308634,0.14256538787523948,0.23993946342060973,0.2813056587568825,0.31226356909428404,0.4540538569494708,0.3399411697223998,0.17611563912047964,0.13912672485240385,0.4663740275885592,0.31218319867530536,0.41118760361452256,0.8222266331413444,0.8001962177071844,0.23897714720227786,-0.39799392246220827,0.21627915733344552,0.5466093369006146,0.647040336734452,2.620354489128686,0.13289811709909435,0.2649388833907223,0.5761884553352737,-0.08416925063541389,1.0247269252194962,0.14810205302749818,1.233413210447235,0.30369301443917135,0.2931913172702824,-0.32408524433432784,0.7322609731448577,0.37026347713558705,0.7042202203822825,0.25183231100913506,0.16803503713729964,0.32124679170657433,0.8755643260527517,0.337755219005031,1.5320095458133611,-0.12125075223218193,-0.12350975492810096,-0.3402804761810254,0.7352741749538093,-0.15547850750797684,0.05209169232479097,-0.1442043229754456,0.09020090855922963,0.15132020701111443,-0.16860741939615018
0.12657980452188117,0.4623691689029149,0.43196836361194674,0.2699769795315285,0.3105669483827878,0.4111508768509374,0.34958329665860605,0.3450365377909319,0.3872263603898486,0.30789984100805085,0.35086151986813346,0.33458069375670585,0.3655401992273897,0.37443162162917865,0.32136687599012986,0.3013947505535841,0.3501158012244756,0.4641988302628827,0.3234267742448541,0.5855319161840267,0.18863040757048666,0.34548108039041253,0.31581464599556425,0.8526769128416346,0.6106142577717291,0.34074174885335334,0.45994311469776944,0.37316859658822393,0.12488020301038222,0.13289811709909435,1.3835574861401063,0.46981541561829343,0.2250179685420621,0.24324959862994663,0.36822205102192923,0.6779261398991706,0.16811469959766334,0.3384391661964788,0.663619731695514,0.18861529727586065,0.5387773995964299,0.17318432903773226,0.24448565441622275,0.042452574908867044,0.46498494760094133,0.19710852748556257,0.3001295723440459,-0.004007051406001942,0.15400588753346525,0.26127555568770305,-0.17402448511282095,0.13476433838941176,-0.07283556583438132,-0.15776165620229646,-0.10144553643197825,-0.003157751269250032,0.20968374693424124,-0.015850559011441136,-0.19203897834437703
0.1552252415698288,0.5288822798175357,0.5427291090710916,0.3616568532477923,0.5144942747892943,0.5922397705048232,0.4614865666349875,0.4696139198034025,0.5156256380336742,0.3661011439956164,0.4823186292941584,0.4775802802948183,0.5115778390225453,0.5179552081667432,0.36899094878893285,0.7666803870335709,0.4645913541635759,0.4307562473425485,0.45472000140723634,0.6145471359594019,0.4439499959877643,0.6818002636970294,0.4064166113947307,0.45751517208587983,0.42577733434669307,0.8941663729364742,0.6409874337996728,0.4446664108916943,0.6507846662872857,0.2649388833907223,0.46981541561829343,1.5684157947624993,0.35001148520966835,0.728866218833782,0.6399696471387202,0.5780063665309362,0.3211085839582815,0.3214578653097854,0.5861932958301327,0.16135250127757997,0.7352518525709819,0.37237623516628177,0.34146921101006533,0.007701024142242998,0.47666837446226684,0.0972519148804794,0.7320721282416647,0.029698655605798777,1.46204314944936,0.07160602232723412,-0.13586514421519758,-0.139075893637114,0.15424527734073537,-0.05793107825284938,-0.16268624734218784,-0.1486437341613307,0.6527768917780163,-0.11478159666689684,-0.3497402229094348
0.04682383529149779,0.3202105767508576,0.2052536255664692,0.202326986311449,0.25115114737408656,0.2737074355863377,0.28441063919568466,0.3118203656930632,0.4089391483443795,0.20633055021476215,0.29314806424902645,0.22176552293968108,0.3256014595816799,0.35827604685327186,0.34866654234436983,0.4156365156571679,0.41340534738837265,0.3792186190868387,0.26098218303123405,0.4615919315473071,0.3266541361719611,0.40650600792383457,0.5796740658280898,0.4721971907306501,0.2398208550285039,0.49760261863798844,0.4897194597760193,1.100182499413692,0.20287352494094846,0.5761884553352737,0.2250179685420621,0.35001148520966835,1.8511964273723533,0.33347213410382964,0.40349484305082794,-0.08373446716467506,1.0567423206365079,0.30346386266760883,0.45680588653735654,0.020345634228689853,0.3526359255217947,0.3519136688323875,0.689295509323792,0.08902688296555328,0.2354123035801558,-0.1038045311152379,0.7836139836672148,0.5097485590030262,1.6198064023824617,0.3722332397867645,-0.2782243757824611,0.1642400898650818,-0.04032246714388973,-0.24142669308398923,0.21501729976479952,-0.1415665687624345,0.007188051758767683,-0.0012680837889488417,0.15326690060281004
-0.05844742928495292,0.6401660891175894,0.6136013191498922,0.39151037853824316,0.6986561238949197,0.6820933458145232,0.5438793957511977,0.6669424008466392,0.41046197705282217,0.585464054061699,0.6261096214087147,0.5778927277621319,0.5930005869841847,0.6601845436964584,0.5663078847808053,0.7687724657223285,0.6324760784108121,0.5377624733092119,0.5143363563693927,0.7973024733910301,0.6303384727136931,0.604917142066266,0.6009657222161282,0.106736118149239,0.7353105052841405,0.9638223641672273,0.6308028393954576,0.44230305480339327,0.9608774634127147,-0.08416925063541389,0.24324959862994663,0.728866218833782,0.33347213410382964,2.5769382565034316,0.7604674672539998,0.2859442273503285,0.8307224511610616,0.378449063274696,0.6619620671395693,0.3147584953416785,1.0051892233953863,0.6395525709508975,0.6955868589824756,0.15291056129248215,0.6791478549826663,-0.057046809132573054,1.164111494300911,0.21477032597236026,1.4146352455673534,-0.20185436593440492,-0.13036317543508938,-0.22195397266212546,0.3301495580655925,-0.007434357359489052,-0.2623586546767716,-0.020900574607243743,-0.0939901341182688,0.08333016900604753,0.19167698974995037
