0.8274473982369231,0.19963275850097242,0.39523429458414255,-0.04071264804679386,0.034902166944920064,0.11759544944966338,0.20421307888038057,0.043205372587642295,0.21025252205235181,0.07600203133024384,0.06537790385844622,0.11345677138849568,0.06260825035723598,0.15549859351801398,0.09639783022369947,0.0989022451708459,0.08029423959021437,0.12541814042143867,0.05534742936273004,0.09772725154383326,0.12731758886407687,0.1360227172492652,0.11979752414282649,0.07974412654337679,0.09783298603069013,0.1287537801894216,0.10048031974665228,-0.000348443899508416,0.1316705649044534,0.06641564945713385,0.08602612539797763,0.14781417237127925,0.04148841805623188,0.09934391451608166,0.09937175880896698,0.10189130562945388,0.0761702521183671,0.05468160992938331,0.06165421933915008,0.1177244495625767,0.07634131243312124,0.11300247665024815,0.019955158004842412,0.022835428633099345,0.06520466689394268,0.09490031317777341,0.0795978570753189,-0.018586785225337507,0.14029679870924,-0.07078696744787792,0.005482109412805743,-0.09121665746474279,0.10065294886980901,0.04684811075209258,0.009937493171963982,-0.005443095589868682,0.14675641885103335,0.14459730694777229,-0.2647587915523425,0.05991605046830406
0.19963275850097242,4.003802373425805,0.2914577127603342,0.31931327789709846,0.20121899756675884,0.014131964902240592,0.3189078315311291,0.1969053143663407,0.2847058317129565,0.39321646517233433,0.23686410539066358,0.19885588918768965,0.24634406866166442,0.15870687469968758,0.47245693557055657,0.16774590730252756,0.08925762629940387,0.3663930102387412,0.1306261318124558,0.07638661236979677,0.4761790644474459,-0.022097890798319895,-0.7473892868714591,0.04389777082952216,0.08082048589430502,0.20049830013792577,0.32322330350888295,0.3691639583478979,0.36040655877907685,0.28716307116623496,0.05079701763953127,0.16819571411841025,0.2912165023239607,-0.013660687293628652,0.40804801484974257,-0.05642258097695968,0.7385640546673738,0.06757143385321264,0.10248099926985374,0.11217915768018412,0.23285519578779804,0.34972303913682506,-0.18255562060445416,-0.15376822122018954,0.13890599977909887,0.23394476109158155,0.21728439654787543,0.20279694310293442,0.1370366667989095,-0.17618603317411077,0.2635805184274659,-0.14835538184151242,0.1581979756927911,-0.05505141281714262,0.23663995701641366,-0.0639058583053073,-0.17876752884015726,0.1256634317141595,-0.05195792802996329,0.037307159000645504
0.39523429458414255,0.2914577127603342,1.9639374347013274,0.14975454007809313,-0.27913018945190676,0.2603646885992147,0.21228114057486577,0.2875912893617232,0.3790471863026667,0.24549572973307401,0.16659796464600984,0.1765366945659777,0.27309932931424896,0.15688514557409008,0.1832010228574364,0.1283998589114383,0.25862313206499615,0.2643406575699388,0.11390008048801246,0.24017562991637786,0.2001581808664518,0.25030444117947653,0.2269591173644249,0.27087748220747726,0.20701739505392144,0.24608244518809982,0.16448952104591122,0.0462659869927786,0.38510118848853514,0.18455348764099042,0.06052320366151605,0.15020415563027756,0.11773430417914571,0.29754872856626535,0.3012632166444065,0.1392040124206694,0.09102830378998847,0.13071213206926058,0.2151010957045576,0.10083873902875032,0.17089103130944802,0.1758952936114801,0.1215746910233778,0.03900650707732925,0.15862181045022897,0.15574573005225417,0.24124764223901252,-0.02109985312515384,0.2167719346097703,-0.051757597327000214,0.07895214323968681,0.04417410528830082,-0.05958460169304253,0.009360482056984098,-0.014302942962999927,-0.04588796030440231,-0.14399575330477776,-0.09823630406656927,0.17367746459920275,0.09289843525972138
-0.04071264804679386,0.31931327789709846,0.14975454007809313,1.0275359787030196,0.38617700351366696,0.2613492757233895,0.2738312808421894,0.28521258698580465,0.07874088072834118,0.3372642544822941,0.2634498992109713,0.3292767179240007,0.29586360185465915,0.2710025229842879,0.22686687085892937,0.2845230636278423,0.23556916968197178,0.3034646219279119,0.24901316034835003,0.2008108515014422,0.18468937221353668,0.2559558506852584,0.17052328338767642,0.20288857921928338,0.20886542855057058,0.29207798671267476,0.20874737007239036,0.06311669066340246,0.37696865364631,0.05146233891766553,0.09540332382647344,0.22061322598779537,0.17421822583088184,0.20271415891861144,0.027201630747724925,0.20331264324439743,0.15607380455708003,0.11763003031065161,0.1578992524145316,0.05742394833259391,0.1385669008177127,0.1539953143512505,0.04899009600439737,0.017562496962093985,0.10688410512760524,0.218564859862344,0.1697049078100042,-0.05739687932289128,0.0649883571783656,0.22877242249965082,-0.047709181992537986,0.10525155391487032,-0.20008659619005018,-0.14073472459379086,0.13741422543086573,-0.06964118739319203,-0.3324991115266167,0.1917022689942907,-0.05339613138750372,-0.10168733728793833
0.034902166944920064,0.20121899756675884,-0.27913018945190676,0.38617700351366696,1.09557779583427,0.2739837038748572,0.15609799332274546,0.17362644888412643,0.008974136449610239,0.2885064104053703,0.2357277164067429,0.2629132546332991,0.24977949525317436,0.1964854622991538,0.21017293079749794,0.2488815181466906,0.1658873185875938,0.18399835408397877,0.41772388956015644,0.18255227505615967,0.1307502142539455,0.2276347962647274,0.11583725578014324,0.14184667966346517,0.14261762763383934,0.22187931025316932,0.17200649210778232,0.03289006136011078,0.2426442349317501,-0.005216932559290939,0.1837882779379636,0.20050571893230196,0.10909764727191777,0.10820192961469274,-0.04561062896152308,0.2109501453823757,0.1835970642149038,0.11912248238781487,0.1007992386360859,0.05290576394507827,0.09824564184583676,0.12072781990910626,-0.06794098759357765,0.04142897418967605,0.03348250555347972,0.26569337804064613,0.10320445786755879,-0.05505795111302567,0.020712410776666995,0.220865636800096,-0.07372970404583569,-0.2421271554425879,0.12798530303969563,-0.08109955829303438,-0.0720864326619562,-0.07444255130647519,-0.05493128836170733,0.0002057050348086111,0.10251936370257198,-0.058547231138968495
0.11759544944966338,0.014131964902240592,0.2603646885992147,0.2613492757233895,0.2739837038748572,0.6405424008299014,0.14585321662222442,0.24983564962266283,0.19572600641539967,0.20188956368757188,0.23525020018431136,0.16992020379690792,0.2355704851012313,0.17951099980901034,0.1476207495023746,0.19844974781905034,0.21209075359664722,0.21699930592877387,0.3634281461262067,0.29225510092382356,0.16596455738406393,0.30136826160093444,0.1296223597497859,0.24390939757441796,0.17901238746973122,0.298128175139725,0.180612293563593,0.12520324526005996,0.3414931980981837,-0.012837624652216953,0.13663946926255527,0.24771241647115386,0.02306478725790133,0.22020508532646973,0.0019256940641127855,0.15758766409377198,0.12323786168587404,0.16057279457670037,0.11614392801918683,0.12954527693659723,0.03641450975135281,0.13324281549471498,0.09600622615389447,0.05436658139047552,0.14388637766738596,0.1823923084068307,0.21108591152332734,-0.09280368038221166,0.15285399447477246,0.09714431862493227,-0.15842694147410372,0.09246865631488047,-0.20375717268809038,0.05098932479579544,-0.07159980649032403,-0.001775435478297925,0.06022437138722226,-0.03100337489941762,0.004715445608724276,0.1916502596432594
0.20421307888038057,0.3189078315311291,0.21228114057486577,0.2738312808421894,0.15609799332274546,0.14585321662222442,0.3990040300574303,0.09122998853634948,0.213557313024789,0.14680225816935202,0.15071418044061258,0.24904787808540654,0.17919009816554196,0.08406777063176303,0.06517649075075788,0.1501441563160335,0.17425421486838888,0.17678397914693011,0.11481036628125135,0.09529246517280103,0.17655188539446265,0.19673177551502016,0.11282990938505584,0.14204411122443744,0.14502704538435637,0.17090241394726727,0.13978621699457197,0.028933910746879704,0.2050878264859664,0.007296252501183056,0.09216963661017176,0.14084961813357608,0.07243277817830632,0.1297410757624706,0.06932834336871009,0.1520130651407905,0.0981867908061674,0.06271837448782074,0.12166806474394457,0.061987318651148954,0.06254962129732736,0.14052791602138612,-0.07221546358419928,0.003063868515364359,0.08825580135713094,0.09274653582961574,0.021023533322053155,-0.07552094901044516,0.05194427894629047,0.06777995694197009,0.0021578686015354676,-0.04882314970487397,-0.034210645439292225,-0.02257993803460217,0.059614345436794995,0.0357023490968057,-0.020457837553494767,0.049941838387627016,-0.2266528066750569,0.044723846760794404
0.043205372587642295,0.1969053143663407,0.2875912893617232,0.28521258698580465,0.17362644888412643,0.24983564962266283,0.09122998853634948,1.0206791417587242,-0.1292826027285134,0.18292676955395257,0.3253686441376315,0.1511001631811841,0.2868912959503498,0.1873352871075138,0.16725742602130939,0.18202781334070559,0.20889018816038724,0.24587633883489868,0.2891192530500204,0.3475511178081163,0.08243058871164213,0.1719796048686212,0.06346458355257723,0.12530433892302822,0.24503580872229344,0.23017437094415022,0.21982227700714768,0.10689270212455873,0.2992785799145418,0.14974427537336235,0.11909406326967867,0.19170718909405268,0.11117184677871238,0.19375638231386869,0.20104713695961599,0.08684555345507768,0.18350213242816443,0.17805805278972872,0.28724656506130186,0.076797275874007,0.2027290998461598,0.08606433036845842,0.1516808501493672,0.020033942570276207,0.07457527468273788,0.20332784122920408,0.31769262999267694,0.061651738680135466,0.30363023359830615,0.11010088775969472,0.0639615289191886,0.11445245953249245,-0.22103395993057015,-0.09353870125469582,-0.10608737202435847,-0.012433359716298418,0.011887815586980438,0.32657980192321695,-0.2699208004628345,0.03793315233549268
0.21025252205235181,0.2847058317129565,0.3790471863026667,0.07874088072834118,0.008974136449610239,0.19572600641539967,0.213557313024789,-0.1292826027285134,0.8526652427575112,0.015310200425456654,0.049413083341506486,0.12232586993663744,0.15307820767900004,0.0777560423076384,-0.06560042136521216,0.099827400468631,0.16708935058626578,0.1747243573224037,0.10068158716188352,0.053325062474819156,0.22381632371393517,0.18368603326196428,0.10108926293297142,0.1897596588222665,0.05260311703786989,0.2584771679895346,0.10609398870346787,0.1137340091647188,0.0733900554609854,-0.09886526105237987,0.134388955212069,0.15338137975197297,0.054784197452881246,0.14023097951223099,0.05312928153507492,0.16060502447652764,0.1054266351797265,0.04080404968947559,0.07191911893576988,0.10634202505466947,0.035735946945179516,0.165627143363586,-0.06177118301990579,0.01849312758334884,0.1446502709612901,0.07075900676353107,0.007209607880502218,-0.09595105665769833,-0.041718803757144096,0.028081450096623252,0.028798572752003093,0.05909623844588469,-0.057092487229399545,0.001631257415404506,0.062054249226794776,0.16434869147976996,0.05434350363323411,-0.06183527651473304,-0.22952210983126878,0.1573972412862775
0.07600203133024384,0.39321646517233433,0.24549572973307401,0.3372642544822941,0.2885064104053703,0.20188956368757188,0.14680225816935202,0.18292676955395257,0.015310200425456654,0.8736542658156905,0.2966834857039197,0.3082425530839625,0.23858296150012953,0.19576301842778993,0.35014572672116695,0.21967813165959396,0.2698070426557345,0.3020094789325982,0.2535760249993611,0.1684097475774746,0.10486680781278938,0.18687757331111,0.2015465725910656,0.22932564214816592,0.22076658770098723,0.2594927956517824,0.22000594596625317,0.06861072120689736,0.33305083274818853,0.12162696883635914,0.16913980124629813,0.19564784674145685,0.12103830969172742,0.21069343164000176,0.20434342134152098,0.19941895263776194,0.1111100727474521,0.1063450389882779,0.0898669304249807,0.05104769003954742,0.22081826372664665,0.13357625646679602,-0.0019556803118244556,0.031366245537177616,0.02236987798891263,0.24891317030148305,0.18981683298801286,0.0127221699876982,0.11932948883545837,-0.08483681531820622,0.07058103584563473,-0.09215235441912485,-0.005075376972571638,0.10888171475957267,-0.019719180729189573,0.02904654994643272,-0.09027547693019536,-0.13001477158240365,0.08661840056635219,0.074486509762092
0.06537790385844622,0.23686410539066358,0.16659796464600984,0.2634498992109713,0.2357277164067429,0.23525020018431136,0.15071418044061258,0.3253686441376315,0.049413083341506486,0.2966834857039197,0.6207690354041917,0.314796837954554,0.30071282631621615,0.1644068133509112,0.2565865031413226,0.23747426800874386,0.27825224995280434,0.20753083927300692,0.23607143213014212,0.3407628602506804,0.1816439444072167,0.14187829714467015,0.15437670243977927,0.19105721778814222,0.2083140483297216,0.26201780574606875,0.2415127201874044,0.06219502735246875,0.3156875906114988,0.10796593300180009,0.16930334834795,0.2050036215650912,0.08322639234365971,0.2065936580197235,0.2517666073127204,0.16584058434348678,0.11472935963269752,0.1854870627503953,0.18819704963700387,0.06911275576550885,0.19611267796795329,0.16252837496487862,0.0016442180276462558,0.017053320789903022,0.09885857867355477,0.22353534860228425,0.1672902213926629,0.03117957832714414,0.03920762145368102,-0.04717864129980218,0.04578359418838827,-0.009759806592430614,-0.011141618348490876,0.0569691604103382,-0.1314725686868392,-0.02450092425490601,-0.029666445475808254,-0.008612205853140563,0.017190973789773103,0.1131128072308097
0.11345677138849568,0.19885588918768965,0.1765366945659777,0.3292767179240007,0.2629132546332991,0.16992020379690792,0.24904787808540654,0.1511001631811841,0.12232586993663744,0.3082425530839625,0.314796837954554,0.6816953275975067,0.2458992469303392,0.1540849214029628,0.14000412697461784,0.25401834262374023,0.2677384842361959,0.20142151691745513,0.20708077793648097,0.19331798576091355,0.1527338549879605,0.19567093339340502,0.19638437073725112,0.15900026214537014,0.23608187816264536,0.22356855640826462,0.2483739981519976,-0.00637339943048407,0.2895240367117822,0.019671797610632296,0.12971134388019523,0.22443008790664432,0.06652180371626085,0.18726410746855313,0.14686871987960728,0.21840601919230251,-0.026079331404876803,0.11643623667131255,0.18335497303093484,0.014224087283088101,0.15129003500629712,0.11994103134773194,-0.08833444410020778,-0.020782607645302893,0.12767745162587263,0.16427444967517144,0.0834420344735972,-0.042575468504802205,0.15121980355775694,-0.04890390684478582,0.10147000262505584,-0.026579756905617022,-0.07397131920022308,0.006641415213088829,-0.0684938121935029,0.04289434488599466,-0.04804158686974999,0.007044945026687617,-0.26454299170225565,0.04103300839064882
0.06260825035723598,0.24634406866166442,0.27309932931424896,0.29586360185465915,0.24977949525317436,0.2355704851012313,0.17919009816554196,0.2868912959503498,0.15307820767900004,0.23858296150012953,0.30071282631621615,0.2458992469303392,0.5569998505103584,0.16933592547440593,0.06932523109008792,0.23243523722230985,0.24586268024036084,0.19413598781411548,0.2541801882335283,0.20634310846489065,0.1581148889954037,0.2787689969038438,0.17653018597514325,0.22648269678996077,0.19361217498712716,0.24424691624184397,0.21883046828604338,0.02330886321015716,0.33825166588896755,0.07877290075029432,0.11600818461943718,0.22110815064063424,0.11294837829713932,0.20116087587607212,0.18434283280844788,0.1599557666225518,0.09455906872273079,0.12504478682384768,0.17861610945450657,0.01583104197611796,0.1488115428253538,0.13580499566878856,-0.011152324590702594,0.02385576372385317,0.04126461861369073,0.18829302651393445,0.15300904581461744,-0.05497514624791084,0.12968705144274234,0.08961688765439971,0.04308643089819509,-0.05405167390784122,-0.07347726284764697,-0.03218461462592027,-0.10635999377758516,-0.07834387392229168,-0.0720260755936949,-0.2359555518112268,0.29948200203150843,0.09775259480747184
0.15549859351801398,0.15870687469968758,0.15688514557409008,0.2710025229842879,0.1964854622991538,0.17951099980901034,0.08406777063176303,0.1873352871075138,0.0777560423076384,0.19576301842778993,0.1644068133509112,0.1540849214029628,0.16933592547440593,0.3771108671297848,0.2196637355638586,0.23670776253557255,0.13147699723647627,0.1329077424862621,0.1627071908858161,0.1913212271137712,0.11530512893872884,0.17869690474034955,0.1349152609602633,0.12958591727778096,0.13113832640467943,0.20242379747588302,0.1675643516212237,0.030558039702938165,0.22588929047137696,0.11550411799723174,0.11646790674080311,0.24862308536158917,0.09448671395282288,0.1222362252779027,0.1178609509405222,0.14610206136987083,0.09963166144015831,0.10289393686075922,0.08052058266678308,0.08585535672600259,0.15835590851131587,0.10964130179786478,0.08188877109358965,0.02988486800202277,0.06111536171572318,0.194995164351699,0.18098160137386843,0.004808803484633107,0.2015524705352314,-0.007600361454429025,-0.014080524159880935,-0.04005735460218278,0.040775413908014424,-0.017674436986637062,-0.10859464983534733,-0.035900224980809484,-0.06320961714284595,0.08246559467912105,0.09469913568375475,-0.033387243385160054
0.09639783022369947,0.47245693557055657,0.1832010228574364,0.22686687085892937,0.21017293079749794,0.1476207495023746,0.06517649075075788,0.16725742602130939,-0.06560042136521216,0.35014572672116695,0.2565865031413226,0.14000412697461784,0.06932523109008792,0.2196637355638586,0.8487516887740372,0.15103400955302781,0.08024279147765132,0.059355078389060206,0.13274087667588827,0.27953955413678117,0.1402078692837037,0.02337104419389776,0.12571583162878971,0.13302369952060653,0.20760640055408755,0.1262430788943516,0.18737662697175705,0.05951239384338043,0.26766344597196273,0.27685495971815566,0.15915633220825112,0.12869607320961474,0.11228138018790386,0.15743963002366815,0.21599367278359555,0.12028255583351988,0.21630214696935562,0.13334173275708652,0.10152131990595752,0.03526680840911281,0.19921380198004596,0.14096114062178383,0.16153762988959808,0.045843147608265106,0.03239673031816115,0.2439956437347814,0.18201814007345019,0.11271978678751496,0.11823059475105381,-0.060340044172982214,-0.04102236763718197,0.02673703536626056,0.04986612591542746,-0.015841986400150616,-0.005508942346058866,0.04050623518894543,-0.19225705751150338,0.1530832914495879,0.02042183917422957,-0.024928487469353267
0.0989022451708459,0.16774590730252756,0.1283998589114383,0.2845230636278423,0.2488815181466906,0.19844974781905034,0.1501441563160335,0.18202781334070559,0.099827400468631,0.21967813165959396,0.23747426800874386,0.25401834262374023,0.23243523722230985,0.23670776253557255,0.15103400955302781,0.5018796750312827,0.22521752848724597,0.12081437394067228,0.20990069694655344,0.2012082099159548,0.13241185481842807,0.2064930294928996,0.10901240937815494,0.16432220476434742,0.17051773612074891,0.2092754739050008,0.21381991951830295,0.10874396748508786,0.26969414382013185,0.10012229084261694,0.11094399526895324,0.22972503677611375,0.09243945123900067,0.15409746724263776,0.17659735537647103,0.1875110196104063,0.09479927412187712,0.11214388345340609,0.12284348095627372,0.08228835573372313,0.16871541248764046,0.12759018218471668,0.037102878014285766,0.024955939145172308,0.09777409962874507,0.16911962341950404,0.13157699099513995,-0.028419309074046464,0.12902859330111927,-0.04665345091441864,-0.017284047490806906,-0.00858703894891748,-0.05096071519111162,0.007056318789339487,-0.08100975393596692,-0.013488883054653475,-0.11026330188641102,0.05194490774531943,0.0475659584772388,0.0036637165018312914
0.08029423959021437,0.08925762629940387,0.25862313206499615,0.23556916968197178,0.1658873185875938,0.21209075359664722,0.17425421486838888,0.20889018816038724,0.16708935058626578,0.2698070426557345,0.27825224995280434,0.2677384842361959,0.24586268024036084,0.13147699723647627,0.08024279147765132,0.22521752848724597,0.6327424208764436,0.10129805270631782,0.2206015409971003,0.291384678872305,0.18276649620336352,0.29994845133533415,0.14375204371283545,0.1429366979193571,0.20169866147100438,0.1959333223646933,0.19621207897438986,0.2068049542035024,0.2500107362829646,0.06881546228596573,0.1451908968702853,0.18270569294180927,0.1195287360541015,0.23865866542467828,0.19690789699271222,0.18983592576680347,0.20140817582185966,0.1680901288334844,0.23218160170831845,0.07943862551148603,0.16422533228434427,0.1926756673665101,0.0027628369604867547,0.041537947844865926,0.20728759368017774,0.15977226962708896,0.14266082125051108,-0.0516987126482539,0.10413886429865167,0.0842547495654519,0.0017367591666641777,0.06651258984489523,-0.10323464020220721,0.016675538673085834,-0.10857998303083598,-0.07422467980882312,-0.048559163504298085,-0.014518776424016814,0.045219753555604536,0.09483678400907314
0.12541814042143867,0.3663930102387412,0.2643406575699388,0.3034646219279119,0.18399835408397877,0.21699930592877387,0.17678397914693011,0.24587633883489868,0.1747243573224037,0.3020094789325982,0.20753083927300692,0.20142151691745513,0.19413598781411548,0.1329077424862621,0.059355078389060206,0.12081437394067228,0.10129805270631782,1.1278590952624548,0.23596829870645739,-0.03250041363461537,0.23306998450485739,0.23340826535271272,0.21703703774300473,0.2858177276999088,0.1773492670736007,0.4433254551921902,0.06864703091472336,-0.0114938239981733,0.30216535278119955,-0.0598692670133698,0.08355329687063211,0.15536541581446295,0.13365209924724303,0.1762204516158357,0.07181811013634742,0.19186681049702428,0.06508961989938607,-0.0017907542509789866,-0.005516588940660557,0.21874789906318104,0.18918882343333465,0.17811021453506454,0.05561898456455069,-0.03249848840231997,0.15955251750135577,0.31891474000404496,0.3709090307859886,-0.04473263137931581,0.0669141505264146,0.0007224587570936048,0.21730254514420314,-0.1316601148671056,-0.005024804213565859,0.03208604543048892,0.09860776661484093,0.058934929998463954,-0.045648331158130266,0.07709729243114195,-0.20807684723575084,0.08198346203536011
0.05534742936273004,0.1306261318124558,0.11390008048801246,0.24901316034835003,0.41772388956015644,0.3634281461262067,0.11481036628125135,0.2891192530500204,0.10068158716188352,0.2535760249993611,0.23607143213014212,0.20708077793648097,0.2541801882335283,0.1627071908858161,0.13274087667588827,0.20990069694655344,0.2206015409971003,0.23596829870645739,0.7935063110768635,0.2224868475656596,0.17905668041544137,0.3453972473601228,0.08035624701216783,0.1757434043404411,0.15485047570867477,0.1788508808164592,0.16513228376542455,0.2072543689723203,0.24759280442811835,0.008478105760641917,0.1799327209716716,0.238196509322042,0.09406296922324126,0.1769362946027576,0.0565327676251783,0.2587810730786647,0.1391250131597255,0.14156078045211137,0.13676062302335823,0.04664063889068394,0.08306324789140315,0.1488015523972549,-0.05607352821031323,0.034541378075268435,0.020356569369765567,0.19957944738411035,0.06079820214455511,-0.1387717481511759,0.03639200396564568,0.1771464279335875,0.1149509895023046,0.24153141737425304,-0.4230314420911681,-0.06791514192693027,-0.1084360982231449,0.01257502599708234,0.0114250076698116,-0.014450645869736344,0.03586544594350156,0.09133633145498868
0.09772725154383326,0.07638661236979677,0.24017562991637786,0.2008108515014422,0.18255227505615967,0.29225510092382356,0.09529246517280103,0.3475511178081163,0.053325062474819156,0.1684097475774746,0.3407628602506804,0.19331798576091355,0.20634310846489065,0.1913212271137712,0.27953955413678117,0.2012082099159548,0.291384678872305,-0.03250041363461537,0.2224868475656596,1.0296991075407174,-0.0009496558185138809,0.03169116792850256,0.29319111675308285,0.19220795035883184,0.20554856216097947,0.32736881879921886,0.31911662643313543,0.014988635792751335,0.4222757155708053,0.23828702907811725,0.2200507856611234,0.19842136708109226,0.04814916493529796,0.2904664328072627,0.18924371923995983,0.1019911352130372,0.2631651894945304,0.49185462712949934,0.13668384062407038,0.07573698685298912,0.2483092795158957,0.12590361358283714,0.2705137674602304,0.034745076570146055,0.0713026019537704,0.16558454963520444,0.07083626618577613,0.14612733321339755,0.22618917073231581,-0.09952275012881222,-0.03438156615677678,0.015000251145971444,0.0344115523821777,0.022131601717553705,-0.09942809886323807,-0.09241908852233069,0.0008319378990198049,0.0553379663195657,0.02274915438057143,0.10056400842474521
0.12731758886407687,0.4761790644474459,0.2001581808664518,0.18468937221353668,0.1307502142539455,0.16596455738406393,0.17655188539446265,0.08243058871164213,0.22381632371393517,0.10486680781278938,0.1816439444072167,0.1527338549879605,0.1581148889954037,0.11530512893872884,0.1402078692837037,0.13241185481842807,0.18276649620336352,0.23306998450485739,0.17905668041544137,-0.0009496558185138809,0.6527428646781641,0.1571899751126317,0.08342928759000653,0.05060390338688022,0.1451334882658443,0.07177408117582958,0.09429631961883758,0.048572877397120594,0.15287990637695115,0.14386118174621373,0.11214182144023288,0.14860874141628638,0.07823893323440606,0.17791687029121986,0.33816862023987987,0.14271549962109714,0.3008515392824619,0.02754276258516536,0.20493001930632268,0.2753358080941485,0.1139310871586586,0.4135941393009356,-0.15928190559681854,0.011829241645248031,0.2948987067570714,0.16595431509752115,0.21913547784843276,0.01507292550547218,0.06774153284475852,0.10744939787306704,0.044809455419520965,-0.025722888226742267,-0.09655925000589574,0.0002527329200645759,0.04825814485927934,-0.017384822561076832,-0.07984128505728143,0.07246129846306959,-0.01656190155558712,0.05133277285750026
0.1360227172492652,-0.022097890798319895,0.25030444117947653,0.2559558506852584,0.2276347962647274,0.30136826160093444,0.19673177551502016,0.1719796048686212,0.18368603326196428,0.18687757331111,0.14187829714467015,0.19567093339340502,0.2787689969038438,0.17869690474034955,0.02337104419389776,0.2064930294928996,0.29994845133533415,0.23340826535271272,0.3453972473601228,0.03169116792850256,0.1571899751126317,1.3293398543934933,0.3270425627955692,0.15324589542812117,0.23427774182520908,0.11818518827827944,0.14924899095701194,0.0035845334107257798,0.303992396958662,-0.03571016927199567,0.1835359535004418,0.3163313067352132,0.17169901171481175,0.29265732257404414,0.0789071345907227,0.29002271707421223,0.07355168746488648,0.06768768031361042,0.2593504052451102,0.1160378685332033,-0.038573925849514905,0.1588439670613192,-0.11621819307691192,0.0920665306811174,0.03262961574737643,0.2428833173114264,0.16281426865870277,-0.5938327960276396,0.4151233464664812,0.054242526125235675,0.03813658802891932,-0.043055191818430684,-0.21724068755716103,-0.09100672474997208,-0.11646412977301066,0.043312308788825284,-0.03218905423610326,-0.05216981739663706,-0.003568859068690384,0.1155476116901656
0.11979752414282649,-0.7473892868714591,0.2269591173644249,0.17052328338767642,0.11583725578014324,0.1296223597497859,0.11282990938505584,0.06346458355257723,0.10108926293297142,0.2015465725910656,0.15437670243977927,0.19638437073725112,0.17653018597514325,0.1349152609602633,0.12571583162878971,0.10901240937815494,0.14375204371283545,0.21703703774300473,0.08035624701216783,0.29319111675308285,0.08342928759000653,0.3270425627955692,1.5374360377277227,0.23924967928418633,0.3289657670715185,0.15153175764324203,0.10599025187987225,-0.6066941817566776,0.42471620910258356,0.1047270551121785,0.2036651904821502,0.12682617620276374,-0.001632430847954875,0.3984487010122387,0.09375446088549576,0.35852184353392225,-0.1467598357018403,0.1382102269953253,0.1425040304724452,0.007030094499550109,0.16299069745289624,0.10740303291415532,0.07289598431215827,0.17108937772271526,-0.04340677755065135,0.23100246605350425,0.11836208032377156,-0.1452592381424534,0.05171419516952868,0.22818547704244774,0.12698787524943128,-0.10177526683487197,-0.18404864885085037,-0.004712416682278194,-0.12112569354740016,0.005124865615216519,-0.09404213038787637,-0.05336080331913915,0.026379976934603033,0.017822364671767194
0.07974412654337679,0.04389777082952216,0.27087748220747726,0.20288857921928338,0.14184667966346517,0.24390939757441796,0.14204411122443744,0.12530433892302822,0.1897596588222665,0.22932564214816592,0.19105721778814222,0.15900026214537014,0.22648269678996077,0.12958591727778096,0.13302369952060653,0.16432220476434742,0.1429366979193571,0.2858177276999088,0.1757434043404411,0.19220795035883184,0.05060390338688022,0.15324589542812117,0.23924967928418633,0.9765472785165984,0.23023475191938553,0.31174045265102324,0.10222170473712745,0.09714101730301562,0.2750566594185846,0.120436923155633,0.05154835504705008,0.17721165492644417,0.20562293596095535,0.07492537080862652,0.11679575497350476,0.294194459503648,0.068610903715933,0.09724751616660601,0.03990262676339794,-0.14015746685408403,0.057489383514292836,0.07613337839919358,0.20935742018803435,0.03625755286772619,0.03740874413789064,0.1846751206321316,0.13898151576365916,-0.08084081264338586,-0.014951926691868286,0.00012744874222517529,-0.0769157707401297,0.037145439912044755,0.004376227768379604,0.008871480433912053,-0.14594200414427683,0.11770877289051328,0.12399127441735328,-0.38276333470219487,0.22920074372663105,0.17255311405481544
0.09783298603069013,0.08082048589430502,0.20701739505392144,0.20886542855057058,0.14261762763383934,0.17901238746973122,0.14502704538435637,0.24503580872229344,0.05260311703786989,0.22076658770098723,0.2083140483297216,0.23608187816264536,0.19361217498712716,0.13113832640467943,0.20760640055408755,0.17051773612074891,0.20169866147100438,0.1773492670736007,0.15485047570867477,0.20554856216097947,0.1451334882658443,0.23427774182520908,0.3289657670715185,0.23023475191938553,0.7722354389531298,0.09318898729158298,0.16863288461715994,-0.032603036867040205,0.3861165592168806,0.1655932018060438,0.1228265754657548,0.1571516910623207,0.08891647089156064,0.3501799671843959,0.21952544756434728,0.23983455099661716,0.10826285042179537,0.12284137212501069,0.23734204098442674,0.05862672096236538,0.17071022276547135,0.14643130976834215,0.050296036864178495,0.05727306930255683,0.06009759237251462,0.2199303360933182,0.1908216116900182,-0.04940247702257617,0.13908196891562352,-0.13499939451977339,0.033346050360012175,0.01019741181903048,0.004168683003772887,-0.0013992990150333597,-0.06265406338783122,0.05842996539966839,-0.029571072548176265,0.0014740805712145284,-0.09151151883616897,0.053864914822337316
0.1287537801894216,0.20049830013792577,0.24608244518809982,0.29207798671267476,0.22187931025316932,0.298128175139725,0.17090241394726727,0.23017437094415022,0.2584771679895346,0.2594927956517824,0.26201780574606875,0.22356855640826462,0.24424691624184397,0.20242379747588302,0.1262430788943516,0.2092754739050008,0.1959333223646933,0.4433254551921902,0.1788508808164592,0.32736881879921886,0.07177408117582958,0.11818518827827944,0.15153175764324203,0.31174045265102324,0.09318898729158298,1.49093642254851,0.2624808348175537,0.08872546122893338,0.03838944413083997,-0.48598532137035816,0.06616686024658555,0.3129675800516522,0.05539603851467267,0.1722266298495382,-0.10873013421042045,0.1149024306081916,-0.4253599874217048,0.16334368741109717,-0.6351424015406354,0.09531969265847305,0.34877941012544583,0.09821286749069316,0.28575946520640716,-0.039396817678507855,0.061681091879198895,0.08179565036044165,-0.07867073134601588,0.015225734747115242,-0.06260412182991189,-0.11423919688636083,-0.035336908528541225,0.13900508014321428,-0.19291568057591715,0.16293470723898534,0.016340412568289376,0.010027293636445908,-0.0765984899516462,0.06105224585618727,-0.11268963403448076,0.1049807782301434
0.10048031974665228,0.32322330350888295,0.16448952104591122,0.20874737007239036,0.17200649210778232,0.180612293563593,0.13978621699457197,0.21982227700714768,0.10609398870346787,0.22000594596625317,0.2415127201874044,0.2483739981519976,0.21883046828604338,0.1675643516212237,0.18737662697175705,0.21381991951830295,0.19621207897438986,0.06864703091472336,0.16513228376542455,0.31911662643313543,0.09429631961883758,0.14924899095701194,0.10599025187987225,0.10222170473712745,0.16863288461715994,0.2624808348175537,0.7634490287324761,0.045996159278047635,0.21385749496801293,0.10553245743687725,0.157352520327486,0.2462071233914085,0.18842894860866782,0.11381150328494508,0.15336202304887772,0.16859867128937206,0.1373643624979906,0.17613040106082692,0.07953088855764769,0.010943653543970058,0.22723151545557826,0.1193964137771383,0.09830109252336487,-0.04441753849676258,0.09988275758805544,0.20887779011598273,0.09467461412106563,0.03479479880415685,0.14073020926416138,-0.01971094452991719,0.006498940759109343,0.005214114746319822,-0.05839644993040904,0.013791207044177661,-0.13142450563080305,0.007060877701418168,0.0640400558422681,-0.046461954447799665,-0.03194344248927073,0.08154819791984584
-0.000348443899508416,0.3691639583478979,0.0462659869927786,0.06311669066340246,0.03289006136011078,0.12520324526005996,0.028933910746879704,0.10689270212455873,0.1137340091647188,0.06861072120689736,0.06219502735246875,-0.00637339943048407,0.02330886321015716,0.030558039702938165,0.05951239384338043,0.10874396748508786,0.2068049542035024,-0.0114938239981733,0.2072543689723203,0.014988635792751335,0.048572877397120594,0.0035845334107257798,-0.6066941817566776,0.09714101730301562,-0.032603036867040205,0.08872546122893338,0.045996159278047635,2.2351295942899467,-0.5121340567927963,-0.03857782763280815,0.03866539141227148,0.12307481192167084,0.4262853002492337,-0.03787008291358248,-0.1427471949137044,0.2700812534450224,0.34770280456681296,0.004144119173389268,-0.028059438339174944,0.036277884279196315,0.17365997412776055,0.02461637232935842,0.43860369342338273,0.24285508337640863,0.2258596449637562,-0.232868730951379,-0.13548251720867857,0.07823422745498905,-0.10817661411696751,-0.322811018265967,-0.06764954064608429,0.9295866782228648,-0.6112244773287624,0.012255330532636475,0.2623922612652341,0.07236600729257112,0.07024062094514415,0.020356759041652756,0.05961951083909471,0.05908349560898475
0.1316705649044534,0.36040655877907685,0.38510118848853514,0.37696865364631,0.2426442349317501,0.3414931980981837,0.2050878264859664,0.2992785799145418,0.0733900554609854,0.33305083274818853,0.3156875906114988,0.2895240367117822,0.33825166588896755,0.22588929047137696,0.26766344597196273,0.26969414382013185,0.2500107362829646,0.30216535278119955,0.24759280442811835,0.4222757155708053,0.15287990637695115,0.303992396958662,0.42471620910258356,0.2750566594185846,0.3861165592168806,0.03838944413083997,0.21385749496801293,-0.5121340567927963,2.2766334358092255,0.532996249079619,0.11815318022961471,0.17630315775442604,0.12357242995441284,0.658017753804771,0.1413538273481209,0.16095569945040783,-0.28301929403592363,0.17181334765707604,0.4643058978212744,0.2743637269560586,0.36316713154486857,0.10082228970773223,0.18601155804693992,-0.2093511070394437,0.22282932510119483,0.2549529225509708,0.38806451527715596,-0.09370115673145442,0.4897813478970754,0.295172809497587,-0.21238615830195376,-0.28605666049174394,-0.066501665755649,0.056841587599457725,-0.037248276814863604,-0.2244493759253394,-0.3033580953426189,0.172848343037481,0.03268324985783081,-0.03255589695511988
0.06641564945713385,0.28716307116623496,0.18455348764099042,0.05146233891766553,-0.005216932559290939,-0.012837624652216953,0.007296252501183056,0.14974427537336235,-0.09886526105237987,0.12162696883635914,0.10796593300180009,0.019671797610632296,0.07877290075029432,0.11550411799723174,0.27685495971815566,0.10012229084261694,0.06881546228596573,-0.0598692670133698,0.008478105760641917,0.23828702907811725,0.14386118174621373,-0.03571016927199567,0.1047270551121785,0.120436923155633,0.1655932018060438,-0.48598532137035816,0.10553245743687725,-0.03857782763280815,0.532996249079619,2.5857045394133005,0.16171907894539744,-0.06992496816526243,0.2194862917380724,-0.30925348551246323,0.7987918227301539,-0.031648605986183936,0.4060357040370989,0.06737611549993554,0.8596823705399044,0.21058826245463688,0.7719454282088072,0.16437892612966942,1.4658411103334108,0.3270927271085499,0.4624599413627982,0.30340257923166086,1.0962462561569883,0.6130348432848094,1.2349366836216988,-0.020757662318824345,-0.008160605374974485,-0.7251888022731979,0.5988165470269833,0.013825891797046776,0.27903250639647637,-0.318019553588489,-0.2537956188625521,0.2602745764486374,0.12733427188220053,-0.08307370073316651
0.08602612539797763,0.05079701763953127,0.06052320366151605,0.09540332382647344,0.1837882779379636,0.13663946926255527,0.09216963661017176,0.11909406326967867,0.134388955212069,0.16913980124629813,0.16930334834795,0.12971134388019523,0.11600818461943718,0.11646790674080311,0.15915633220825112,0.11094399526895324,0.1451908968702853,0.08355329687063211,0.1799327209716716,0.2200507856611234,0.11214182144023288,0.1835359535004418,0.2036651904821502,0.05154835504705008,0.1228265754657548,0.06616686024658555,0.157352520327486,0.03866539141227148,0.11815318022961471,0.16171907894539744,1.141219727447222,0.1545607106970125,0.04783258486825541,0.09135030108459047,0.24830111562438129,0.4336939230643014,0.12116853973744912,0.1434284519491705,0.3037129179614214,0.016341687123679335,0.17782373121747522,0.13140417836967183,-0.025200148829324687,0.08228507530544796,0.14308036740352104,0.3082858439365363,0.12283519719217852,-0.0781194928775745,-0.037957382095866764,-0.005596372597217066,-0.011091487355696917,-0.10307695697517545,0.16115519200563141,-0.03469528720889744,-0.22063716995170235,0.18924045250165225,0.2058944226803193,-0.17997541652975296,-0.09313351671080537,0.15108421996462196
0.14781417237127925,0.16819571411841025,0.15020415563027756,0.22061322598779537,0.20050571893230196,0.24771241647115386,0.14084961813357608,0.19170718909405268,0.15338137975197297,0.19564784674145685,0.2050036215650912,0.22443008790664432,0.22110815064063424,0.24862308536158917,0.12869607320961474,0.22972503677611375,0.18270569294180927,0.15536541581446295,0.238196509322042,0.19842136708109226,0.14860874141628638,0.3163313067352132,0.12682617620276374,0.17721165492644417,0.1571516910623207,0.3129675800516522,0.2462071233914085,0.12307481192167084,0.17630315775442604,-0.06992496816526243,0.1545607106970125,0.6831338360122177,0.08703711614241018,0.13100468959814482,0.06275321393317602,0.18089523472303767,0.07118141873572116,0.127835454026664,-0.015310735887977498,0.022776476439739526,0.10559689218436258,0.12501360009314252,-0.028942217615367267,-0.013928588575758804,0.02460320981146677,0.1510098350044561,0.058995716592411,-0.10150429915805795,0.19962768706463946,0.018538850847154162,0.03660849784353367,0.2701374777224573,-0.4089010315539167,0.05842524265307851,-0.2190845393818061,-0.02730929665170666,0.34187030038087185,-0.24566759474554475,0.061879964757151566,0.21167486457162157
0.04148841805623188,0.2912165023239607,0.11773430417914571,0.17421822583088184,0.10909764727191777,0.02306478725790133,0.07243277817830632,0.11117184677871238,0.054784197452881246,0.12103830969172742,0.08322639234365971,0.06652180371626085,0.11294837829713932,0.09448671395282288,0.11228138018790386,0.09243945123900067,0.1195287360541015,0.13365209924724303,0.09406296922324126,0.04814916493529796,0.07823893323440606,0.17169901171481175,-0.001632430847954875,0.20562293596095535,0.08891647089156064,0.05539603851467267,0.18842894860866782,0.4262853002492337,0.12357242995441284,0.2194862917380724,0.04783258486825541,0.08703711614241018,1.4447385177308107,-0.02865818244360929,-0.05842972571991697,-0.04974330202179038,0.3595436876518809,0.046033696924005586,0.04971049309189211,0.15188753452829015,-0.2521278022082597,0.12576582553838964,0.3130180044448493,0.21123115873011566,0.12181283693763151,0.15709453912034907,0.28522948763940864,0.13156306555059266,0.2459211699919212,0.1744826332248545,-0.07506104446966638,0.1312540008766894,-0.15738647255991198,-0.12415585386158652,0.27914136395723615,-0.17571604724415882,-0.1799303723074061,0.14172000324984974,0.13906520033633055,-0.06528288288921623
