3.9147413073042414,0.6787201379415772,0.7932627970702429,0.43056506449789417,0.416718233380516,0.41425196417636995,0.2999964556818029,0.3599787200054699,0.24942354647827192,0.18332312251003735,0.22434321616159061,0.25832343641303285,0.13057345014254618,-0.04560148392828348,0.2704481410892289,-0.11770120308855637,-0.02787307850336842,0.13532057701607772,0.3023288117621797,-0.056566277682523716,0.25363026140714706,0.03665226877323218,-0.2251502630665901,-0.2186634367528741,0.2273208386965212,0.18748107405362913,0.06491594425919851,-0.047156162809806175,-0.07006708715501728,0.021033218198159606,0.29936615158976837,-0.15279917335947107,0.06349436729132255,-1.0070961449545726,0.06782227920550496,-0.1214402723102719,-0.1788918090778774,0.1385041120237591,0.20263430338593136,0.10574245940027066,0.1938925176955098,-0.11999691999393505,0.19131801691396028,-0.00887764574268887,0.14922632857692478,0.1463711390168419,-0.009226816166887482,0.0485714355733886,-0.3036534699325405,-0.031028567324668636,-0.19164413139871544,-0.010815685015268382,0.3311382163643809,-0.011375370516494886,1.4630680704559422,-0.15931219722539436,-0.6987254087659336,-0.5227350866473693,0.1523283904730156
0.6787201379415772,3.2215497456147584,1.639834760407651,0.15280932918270715,0.03186594716808854,0.26752414912842504,0.32154738648651365,0.46748309075739686,0.3000000695795643,0.5120547048139855,0.3189329052791333,0.36451667185179815,0.19557047396828797,0.16238522754549742,0.6998546491512585,0.10667829063476414,0.4136891846733274,0.6465304578217518,0.2508337307268552,0.7541650150049717,0.4850818102608558,0.15925365534650482,-0.01020394702345841,0.33911239429295237,0.44210993382158326,0.45628872626066186,0.31772381776537956,0.3694405182876927,0.6882938688986064,0.5811362933249896,0.15747590097074607,0.1683036797089628,0.42607030897673137,0.3808527836519948,0.36618558076602015,0.41165204106784553,1.1327645159105961,0.3839542475521028,0.33711413680768054,0.3604437633066919,0.6969093892802081,0.45723378760548744,0.34814360994316923,0.07148985859452735,0.208380900402972,0.6008169839811384,0.5798197184848707,0.3669166316124908,0.40079945670934125,0.05237887592050681,0.21204648687217464,-0.11104686203390894,-0.01297402973471301,-0.15292998849313308,-0.9312915472794052,-0.2539863858573794,-0.46018899996961316,0.6711310457195159,0.6643282001448902
0.7932627970702429,1.639834760407651,3.1425539503870263,0.04449837724665533,-0.3207967850129504,0.39527927740146934,0.32109760207758425,0.5110238645423186,0.5467050306812065,0.5928606703873752,0.3315004545382957,0.3587481143553589,0.18354056674050767,0.17540582591168463,0.5808749843079228,0.09226780299817973,0.44859364740416724,0.4608791402095817,0.2570171173519388,0.5503054426474849,0.4142924473670084,0.2821475340549204,0.2011943867965007,0.3113874970123679,0.4115130305950723,0.3818205456713227,0.2811527742574248,0.30555145898116004,0.5881496198616927,0.5388941522763221,0.22111051888115663,0.191148790806509,0.33297792044320473,0.37931215787113237,0.3743593382935491,0.5089106672490876,0.7040331299709714,0.2867739427920276,0.46539320962139313,0.2922376446505838,0.5315869630148932,0.4290985464521663,0.3247307420456357,0.08735978614757907,0.16457839648250433,0.5663953835412315,0.5111880349605605,0.19903140749866996,0.4730764932224867,0.15673656905713163,0.07860229753815604,0.12160468914188703,-0.029248198196941907,-0.27546092644461034,-0.08302060229597999,-0.07218993977938688,-0.22793052233328712,-0.012860431513129178,0.20764875724092596
0.43056506449789417,0.15280932918270715,0.04449837724665533,0.9802031591768078,0.5834578834124696,0.345374782693765,0.25179655711181753,0.2623318659358402,0.0921564984858513,0.1312290766434456,0.17789874348848253,0.22377213634101575,0.11826619246198905,0.15446724681466084,0.2075914331319541,0.19810102973629384,0.15037563629166764,0.19821315033762404,0.24304887243507226,0.16951764385272713,0.18100128035498766,0.1469575588032258,0.16056294599118573,0.15620451970809102,0.20726472862868298,0.16913292436989966,0.12638646716721136,0.062246158916456,0.20724416028962836,0.1914022305200778,0.06657256835404252,0.11526172332341583,0.14334380046786485,0.16650415824607095,0.0705441698407991,0.12817950979352227,0.26095025430590224,0.14331882510351696,0.23334589443856404,0.07659046321240574,0.20908884528707666,0.1452734866286914,0.21403256416153374,0.2164353863216735,0.030389720251203473,0.18566087236898132,0.18041542018437487,0.09735376214717796,0.07876636663998844,0.06549647195171432,-0.09937375676495606,-0.1619253772985578,0.08529213430084973,-0.040770349904577945,0.14253292598603848,-0.17707062515991973,-0.25679576261555176,0.17046125609576096,0.1488723442206981
0.416718233380516,0.03186594716808854,-0.3207967850129504,0.5834578834124696,1.2425859327679225,0.4012549026563105,0.2758309765156474,0.3005567100345261,0.10211560918793569,0.16222236916267996,0.1990112248762995,0.2507342429440084,0.13280560772168062,0.20588886582763746,0.2388450948918556,0.24411610720177707,0.1346720077688605,0.19171317534701368,0.4028114725060556,0.14491491481079222,0.17392092438105047,0.17387723186236126,0.17910975134688675,0.1453547780549546,0.21101857289358575,0.1674066855512385,0.13192697255664212,-0.00101379362635647,0.2410375037232006,0.10879888164902987,0.007338227887269694,0.1604329973921504,0.11856561079824754,0.25022310625517163,0.01318483168081575,0.17984563480218413,0.2327732274253572,0.10057785228810741,0.23890188814315072,0.077752614201079,0.18906934037765605,0.15220215428554668,0.16685745544332828,0.16537755106132307,-0.014810776879986451,0.2108383422416124,0.15600813619715082,0.08090628289337513,0.13019220142953228,0.036528501227829815,-0.041738277668958934,-0.4033394005312666,0.21700049885810999,0.04446357417753937,0.00906259948892057,-0.06009192526021982,-0.1379503557852978,0.011908397189766065,0.17575430105851794
0.41425196417636995,0.26752414912842504,0.39527927740146934,0.345374782693765,0.4012549026563105,0.7878781431749768,0.32570827026518545,0.39713656831409005,0.2840041979816846,0.18367816827185124,0.26884067684403185,0.30920091453470633,0.14749092694131088,0.20528055786280072,0.3122312337982609,0.17671436477936797,0.2385978283662488,0.2620389663052448,0.3279917113946774,0.2739582981454829,0.22564917555951344,0.22438179292642957,0.21250385105857283,0.17593494401182305,0.283958200224231,0.32034052966170434,0.18213666128249273,0.08716469087274896,0.39262507829233734,0.2136610694302798,0.057606918882374125,0.18892581020453075,0.12139057529583307,0.3340005220994895,0.08596323637893837,0.19274201164776208,0.3991840653495391,0.18083227122528903,0.2819481612572209,0.11363718254490238,0.217110545173577,0.22270938164966333,0.3061095366974151,0.17367279667393834,0.06160793721755186,0.2911765290404876,0.24963130325039773,0.11771176028777974,0.31098097360298166,0.06140320529631379,-0.28263868691986166,-0.11376198421955043,-0.002746438969328883,0.020332328431978054,-0.004458818071503597,0.03021481017841009,-0.1394535367278416,0.2657003399264847,-0.1768343702421522
0.2999964556818029,0.32154738648651365,0.32109760207758425,0.25179655711181753,0.2758309765156474,0.32570827026518545,0.7313287032795398,0.2271947524982514,0.4085584047262605,0.21887372221944235,0.26022422267394024,0.41018751350136046,0.12461039336421537,0.2227718719822012,0.1821023120294872,0.22703128957206098,0.19897161930365986,0.3578499356722726,0.22089027120627494,0.2363216872619301,0.22444320254133185,0.2987887881103038,0.30752213440394954,0.2029522410264569,0.26750861925094954,0.29942540231242126,0.19674625999954165,0.07903577969322746,0.3144408950546133,0.1971860564867082,0.13075032030315162,0.2132566485187873,0.1576063699651428,0.3618836341237693,0.06059462661008917,0.24839763908632279,0.3399906980619874,0.1761542859013256,0.2802342337866237,0.1252286821985246,0.20988730698796323,0.19847345977326733,0.3124614884039597,0.1746368060792862,0.055394554286656864,0.3022937362980283,0.30344828344186914,0.09072116255013499,0.48621151903767335,0.012204008024472154,-0.06791894414582775,-0.027596919053054846,0.016113684683723706,-0.052776245346049515,-0.09820272645143825,0.14141390399610648,-0.08367777114468884,0.34873018319905075,-0.422281584767983
0.3599787200054699,0.46748309075739686,0.5110238645423186,0.2623318659358402,0.3005567100345261,0.39713656831409005,0.2271947524982514,0.9428840009141526,0.14277497268404712,0.3262344264949086,0.29206777846338305,0.21941365502049628,0.14875824328144427,0.280289515181027,0.3271051780161375,0.26474158824941324,0.38738940414845996,0.37768558900415344,0.239365614000676,0.3781779220223656,0.25259231664582454,0.21318353861322878,0.2653970229381894,0.23676443238299566,0.3304634585446109,0.35157792763767864,0.2266518614043975,0.06578612776163331,0.4487499727731423,0.37256033469177224,0.06421439382669207,0.2312038690242733,0.15707055294372033,0.3711985419839187,0.09821846813194406,0.2660837995880872,0.47103417895821814,0.22910215585729965,0.4303717310900204,0.19043158196728532,0.32556242309500705,0.28457265217389455,0.36435899045088876,0.15924433193285573,0.08703884489825066,0.37276927504032653,0.40452526390593974,0.16777400260649603,0.5308229355121425,0.1932197319907287,-0.029963059985411877,-0.19291203469064117,0.04651703836511822,-0.13449664081329052,-0.17788897549883476,-0.05325193400660614,0.005146932300078483,0.4812391921468534,-0.3132959801373955
0.24942354647827192,0.3000000695795643,0.5467050306812065,0.0921564984858513,0.10211560918793569,0.2840041979816846,0.4085584047262605,0.14277497268404712,0.8048545137535243,0.16261212432995079,0.16719705076172237,0.2308543915894956,0.10850649569496292,0.1670104787340285,0.06589887556605513,0.06621072445709487,0.16416758257104688,0.24598710157056808,0.18954022510274418,0.14398546747703408,0.19439559000084175,0.3745595743985159,0.25057710880664824,0.16095795437015115,0.11800357379644195,0.30259363844315595,0.12506238731506658,0.12487050181766123,0.1688274901331674,0.13880836201959218,0.14756545013637376,0.15098210249836486,0.19503318672201728,0.2684840716617696,0.06962901858397624,0.16884315424965296,0.23974331432356852,0.12657336981696626,0.22510027245720257,0.08293785325186784,0.10851901782212846,0.1422342796202159,0.27174762499637317,0.14541693779290424,0.023733400160648947,0.18799885524350252,0.2064483295472495,0.01727032456030489,0.621021198104665,0.03953938118011229,-0.028741972671869086,0.1184809451309037,-0.053542323707374516,-0.08033110362727373,0.005076594118311647,0.19116754038189857,-0.07908225300026013,0.13069785184209667,-0.3071856851554989
0.18332312251003735,0.5120547048139855,0.5928606703873752,0.1312290766434456,0.16222236916267996,0.18367816827185124,0.21887372221944235,0.3262344264949086,0.16261212432995079,0.8187774475360086,0.20222142345930869,0.22937265043255314,0.10947795970862605,0.15143595106876775,0.28780529096400803,0.18910336532651803,0.28080589419775326,0.36322994457357394,0.1847257190825192,0.19069620843123355,0.1822284017715593,0.1791643184938533,0.3054294237614383,0.22181412128459466,0.24030589698858254,0.10899494389547258,0.1726628932781604,0.10229569404880849,0.3986341163381016,0.3986158776816622,-0.01300426292443722,0.16775300307713448,0.1062222605840704,0.3387023145431171,0.1751135785881143,0.3261623198923731,0.3547544616335498,0.12376820520791383,0.35348644246508354,0.19525252444492538,0.35629897949359196,0.19798496784135639,0.22321451739672374,0.1480271853503932,0.030547761383430933,0.3521607724186607,0.4255252412918554,0.12941861785616982,0.3642880378160231,0.03512210173347713,0.09237649023100312,-0.1405281468215081,0.05160633969236713,-0.05771650029068532,-0.21768498176854204,-0.061768465469265094,0.03979305777668594,0.18280844082904057,-0.11990543803916363
0.22434321616159061,0.3189329052791333,0.3315004545382957,0.17789874348848253,0.1990112248762995,0.26884067684403185,0.26022422267394024,0.29206777846338305,0.16719705076172237,0.20222142345930869,0.4272743405311146,0.3124432852862921,0.14214856002387696,0.218539542982206,0.2725601966179989,0.17752163800635695,0.3016612269124836,0.25577127499053903,0.15069464930405824,0.3189145500483448,0.2102497234956677,0.1681883945862368,0.15164305005873055,0.19125659242718185,0.24186355972396187,0.2710012201612485,0.19869969220108616,0.126759988264882,0.3020866937627272,0.178567625352422,0.15335531308037323,0.19668962792512035,0.13533133828088645,0.28373773479513054,0.16234522544056787,0.25611783296977614,0.3103939309219985,0.18352276308144844,0.24215020404755222,0.15448186657134352,0.23904674353565916,0.22148164642758805,0.19562112264515952,0.08372881485944025,0.09550747504824032,0.32937606196456565,0.24940718466533157,0.11836186195394925,0.2509839405517285,0.017722825848577095,-0.02714205898001497,-0.06903554855881988,0.05004929369179365,-0.020176490324789173,-0.1235814694704488,0.03422195028615431,-0.06211950486979667,0.20616741684182224,-0.2005656289781573
0.25832343641303285,0.36451667185179815,0.3587481143553589,0.22377213634101575,0.2507342429440084,0.30920091453470633,0.41018751350136046,0.21941365502049628,0.2308543915894956,0.22937265043255314,0.3124432852862921,0.6924369389556178,0.12033756489481753,0.262556071695073,0.3000660047187454,0.2829631905539723,0.27066688602415573,0.4232460221362798,0.19875185728417713,0.2985244929136493,0.24135047253358358,0.24309834781931997,0.2819634673551599,0.2167590333225501,0.33646582987863755,0.32543379523217825,0.2714178993807175,0.05756062151996785,0.3529715599125488,0.14177208581388995,0.1738306572640419,0.26574342385020805,0.1267783987216997,0.36818583810775046,0.06240393838074628,0.35713705516107125,0.31123374919849983,0.19557698408226476,0.24691238904713855,0.16431934178857852,0.2743021897522218,0.23503781690541647,0.2737601822870339,0.09144922459798284,0.11591318849335429,0.4187905362297102,0.31292587327044713,0.11879533053477109,0.31014032012323123,-0.09718689773820614,0.03202111146105465,-0.132978132662236,0.05402584756096677,0.016815481806641795,-0.17605752490702514,0.12657689487872184,-0.14696596875084492,0.442940343224898,-0.5155888566317001
0.13057345014254618,0.19557047396828797,0.18354056674050767,0.11826619246198905,0.13280560772168062,0.14749092694131088,0.12461039336421537,0.14875824328144427,0.10850649569496292,0.10947795970862605,0.14214856002387696,0.12033756489481753,0.21528657796627249,0.12049343651803426,0.09460779813434726,0.12925326721083735,0.12235591912419913,0.11890567555603108,0.12094592475689289,0.1273754641476806,0.10712256161799126,0.1314284783886161,0.05895848472707289,0.11096595590902218,0.11480881252179301,0.11839526385641548,0.11293205911284439,0.082600951034429,0.18393449054073474,0.14236268953534262,0.006776373864241026,0.11066846237371906,0.0748577452541836,0.14678500077818613,0.11170365068695862,0.11289506147516931,0.15713976411214706,0.0716520951659759,0.14186094601044705,0.08015045445559218,0.12349401825617295,0.10824406134545339,0.11381139133013128,0.07191934190719032,0.0033848491318843187,0.14334406880621325,0.12619439540358238,0.04542552336362682,0.18778157701825862,0.02497504837742809,-0.025620540808616712,-0.05036117732464938,0.01027994026702327,-0.0012894154143886117,-0.02414062692611508,-0.022333942194159257,-0.09951251648410132,0.032776785160609626,0.08280837252497918
-0.04560148392828348,0.16238522754549742,0.17540582591168463,0.15446724681466084,0.20588886582763746,0.20528055786280072,0.2227718719822012,0.280289515181027,0.1670104787340285,0.15143595106876775,0.218539542982206,0.262556071695073,0.12049343651803426,0.7115934987389094,0.18527102008422894,0.32843867777693686,0.2651443008835872,0.13894499859224968,0.16081128257013047,0.33438086707195025,0.192092708181395,0.24442651013624633,0.19977858484655947,0.2924712214294411,0.24723898101290465,0.25372269091369754,0.22044729664241153,0.14331256728007313,0.31239782088675744,0.33206533910746816,0.12612345937740277,0.4006438951737431,0.11908331560779364,0.3176123217320799,0.1917968125258705,0.3381272425409633,0.3116808586655485,0.21318748699731527,0.2228348928774193,0.16254698574060059,0.31679984706067227,0.2599526353531062,0.178249429735182,0.14119924943681803,0.046921567542729796,0.38322175224444055,0.27232045146242223,0.14008787839892572,0.6056755090433702,-0.017698790110478296,0.022377451756464987,-0.18399438274087893,0.100496968117134,0.017812880140751514,-0.3323657648766579,0.03025014607098309,0.2580527677897678,0.24677534117432257,-0.3272888660819845
0.2704481410892289,0.6998546491512585,0.5808749843079228,0.2075914331319541,0.2388450948918556,0.3122312337982609,0.1821023120294872,0.3271051780161375,0.06589887556605513,0.28780529096400803,0.2725601966179989,0.3000660047187454,0.09460779813434726,0.18527102008422894,1.2246453821283072,0.05639851461986857,0.24610316663629642,0.2966375143773881,0.19256421882160368,0.5123347965721257,0.33019559978203544,0.019030158917000644,0.2860026463573034,0.2472152241260884,0.3527799039535626,0.19829063256118626,0.24371186923957724,0.22103375532897954,0.43688390924256715,0.5394540354967716,0.1771959042421018,0.13537904350507224,0.2577693563570362,0.3426788263891285,0.15792259328554242,0.38835554110160525,0.6033047277262339,0.2718603637222906,0.3511229605071561,0.2025399607248396,0.5516869818319369,0.3054069181643157,0.2989485765522189,0.20785980855522157,0.10213193465165707,0.4428906628817524,0.4311932968165244,0.3096649929149642,0.23511688899454303,0.012501581406696428,-0.04502751774351668,-0.14388214315383144,0.05552719779808068,0.006515141762773382,-0.21816534881053215,0.08256983863823832,-0.19383941366245813,0.23544760348363386,0.07300881644943173
-0.11770120308855637,0.10667829063476414,0.09226780299817973,0.19810102973629384,0.24411610720177707,0.17671436477936797,0.22703128957206098,0.26474158824941324,0.06621072445709487,0.18910336532651803,0.17752163800635695,0.2829631905539723,0.12925326721083735,0.32843867777693686,0.05639851461986857,1.282160443700691,0.288033776535758,0.3374912569824152,0.2063719006713927,0.22763625710940508,0.2056201715923359,0.5971271532248621,0.4806529218730579,0.24820213850113956,0.36966356399978123,0.09704893234846274,0.3418956429938451,0.15158428004554972,0.5280560292551085,0.41881411030528176,0.15680164718184436,0.38765245532999804,0.005114535688129809,0.5457962577648694,0.321797643099063,0.464896132333016,0.32556079812168026,0.2444239856568205,0.39828691358581597,0.18725225701875797,0.37255271914622473,0.33488787260616115,0.3090735192747017,0.3628476803188986,0.12845305022199488,0.3778310276246345,0.3749356567566688,-0.13724601493067978,0.27137267355471406,-0.05458182051768052,-0.010607574465618089,-0.1178297588827832,-0.011055480471390645,0.018400310716265186,-0.2188586117635368,0.052499416872480345,-0.10500588353963915,0.28085729555733935,-0.177571888487169
-0.02787307850336842,0.4136891846733274,0.44859364740416724,0.15037563629166764,0.1346720077688605,0.2385978283662488,0.19897161930365986,0.38738940414845996,0.16416758257104688,0.28080589419775326,0.3016612269124836,0.27066688602415573,0.12235591912419913,0.2651443008835872,0.24610316663629642,0.288033776535758,0.9813413658758724,0.28255906865841407,0.16414425979539946,0.5059687068959677,0.28593270699534257,0.22597787373245695,0.17675406167561492,0.2967023107605688,0.3863207102234884,0.3176007645360174,0.2431473643789018,0.3697841043170862,0.39140142320227517,0.2957791079005675,0.33952458312532485,0.2569292511467929,0.36314457000940814,0.42446193994005044,0.3484269133959253,0.4119278585657218,0.6911786730424565,0.3229014108839546,0.3323080527059683,0.22789181580765525,0.4191250900701738,0.4413930859766371,0.2060008001310651,0.18329994430792404,0.267235617246246,0.5488997326945523,0.38524732499266906,0.1913325080322277,0.18739937610778304,0.11160399059965395,0.04886561063571699,-0.2708181751955334,-0.0723903493433666,-0.07187184966653416,-0.48529239594399,-0.03502855613301926,-0.005432241893521081,0.3747769703032641,-0.22905444516344312
0.13532057701607772,0.6465304578217518,0.4608791402095817,0.19821315033762404,0.19171317534701368,0.2620389663052448,0.3578499356722726,0.37768558900415344,0.24598710157056808,0.36322994457357394,0.25577127499053903,0.4232460221362798,0.11890567555603108,0.13894499859224968,0.2966375143773881,0.3374912569824152,0.28255906865841407,1.3463401313165877,0.20987963121871092,0.1742279448364111,0.3633665869372339,0.2949468005681083,0.47457759424854773,0.2817091974144675,0.3725356249202196,0.385388401513694,0.16250574394527909,0.16690396038219768,0.546149158975441,0.2432160541791374,0.2579711155617614,0.24185864342675184,0.21470132814065676,0.48003095792470796,0.0456110946362706,0.4293180060956181,0.6317226195791793,0.16673598861307587,0.273316920467692,0.19557684561199196,0.3747387646870314,0.2867673923752748,0.4040422307162592,0.14562351222156586,0.21926794849737355,0.5045050844027974,0.6649417246714464,0.08999857411457123,0.20073618469233112,0.1240538992374821,0.3585552440316538,-0.3830879352047678,-0.26267215375832503,-0.11102673365543675,-0.363313970639866,0.12355837691687799,-0.11517867004014525,0.8366498791188609,-0.6919416007822191
0.3023288117621797,0.2508337307268552,0.2570171173519388,0.24304887243507226,0.4028114725060556,0.3279917113946774,0.22089027120627494,0.239365614000676,0.18954022510274418,0.1847257190825192,0.15069464930405824,0.19875185728417713,0.12094592475689289,0.16081128257013047,0.19256421882160368,0.2063719006713927,0.16414425979539946,0.20987963121871092,0.6874325846263556,0.17426608883214184,0.20666009462257912,0.19677724090938573,0.041307762811123784,0.16921944680274836,0.19534747271358038,0.16098302631520095,0.13596106977217096,0.14756237190968144,0.21005580715440447,0.17286863894079707,0.08617234762944012,0.15963338915932357,0.19902571150974732,0.17931396869941732,0.045353386733065874,0.17998259730593882,0.2766935013021262,0.13064252169474166,0.22753022613256552,0.08156859345028959,0.21651291416411383,0.15248633289644495,0.20289523604628415,0.07204749936377201,0.07273694230102694,0.24381204880195362,0.1951140269873613,0.07617333968674672,0.13040029110680362,0.11660352394199061,0.014838156563962918,0.053984966590252,-0.144463995563205,-0.078751616959721,-0.013811228427850172,-0.009885614759718424,-0.09538734186172775,0.15012427129072853,-0.06517889886533593
-0.056566277682523716,0.7541650150049717,0.5503054426474849,0.16951764385272713,0.14491491481079222,0.2739582981454829,0.2363216872619301,0.3781779220223656,0.14398546747703408,0.19069620843123355,0.3189145500483448,0.2985244929136493,0.1273754641476806,0.33438086707195025,0.5123347965721257,0.22763625710940508,0.5059687068959677,0.1742279448364111,0.17426608883214184,1.5851885315682341,0.24485262882707567,0.14464119282075588,0.20170320784798057,0.4062021135366849,0.44731237852473343,0.3588165961087358,0.4380160358400455,0.31040344151096727,0.540827769064891,0.7073298034497613,0.4458052210754886,0.3104301736894889,0.37562587719317325,0.5820113662224806,0.31855353846793544,0.40709557383259515,1.1744229358792375,0.7608912305214223,0.39629493628572166,0.40276844594640293,0.8745638377905633,0.6106418798874775,0.4151648362668241,0.23184950045783898,0.1394559246703717,0.8233659583090706,0.5878467962423128,0.6630091395840091,0.8991332508588589,-0.02269115213458287,-0.11289959322778863,0.05421174492194013,0.08260186840951637,-0.03941509142904277,-0.40998400714157984,0.007460852852563492,0.0764691020066332,0.3518069277689682,-0.11841959220282966
0.25363026140714706,0.4850818102608558,0.4142924473670084,0.18100128035498766,0.17392092438105047,0.22564917555951344,0.22444320254133185,0.25259231664582454,0.19439559000084175,0.1822284017715593,0.2102497234956677,0.24135047253358358,0.10712256161799126,0.192092708181395,0.33019559978203544,0.2056201715923359,0.28593270699534257,0.3633665869372339,0.20666009462257912,0.24485262882707567,0.6166849282753367,0.2099240361030564,0.24207768677367297,0.25061275862022453,0.2755051914945032,0.2676249076349903,0.16759851551844945,0.2620784207048914,0.2621430551953453,0.32195611476330205,0.4446407893672319,0.20264695735296376,0.3248659454340843,0.2408197176972631,0.14208231294769882,0.41220471572284345,0.43972805690919786,0.21329514592097967,0.292461381173047,0.18599908045161748,0.5113942055501722,0.270787925705467,0.2907638155463795,0.1763649738853017,0.18822401411743975,0.45476565080935727,0.34199651803404324,0.14328287714419924,0.09981570602600012,0.10282258611825341,0.04819522328087932,-0.07478301869030463,-0.11125706625459843,-0.046748548444189464,-0.08668159281625187,0.010668146024567584,-0.21589484525937858,0.3017389295118289,-0.08381673321235844
0.03665226877323218,0.15925365534650482,0.2821475340549204,0.1469575588032258,0.17387723186236126,0.22438179292642957,0.2987887881103038,0.21318353861322878,0.3745595743985159,0.1791643184938533,0.1681883945862368,0.24309834781931997,0.1314284783886161,0.24442651013624633,0.019030158917000644,0.5971271532248621,0.22597787373245695,0.2949468005681083,0.19677724090938573,0.14464119282075588,0.2099240361030564,0.6466359397329073,0.415200464100115,0.21060797429784175,0.24614844995902363,0.1809871058678365,0.2174182271125347,0.1092212066414064,0.3507021061022441,0.27122184793688453,0.14847075903738516,0.277356538266809,0.11144733006488515,0.4088869353995666,0.13426921751008522,0.3479606710389852,0.264166343892768,0.17090168211124385,0.3202806831274304,0.11857016877502885,0.23050533900610096,0.22117215089243605,0.3016300299830627,0.25634555161234934,0.04336213841988021,0.29332721717889987,0.2843743019609659,-0.16388500477793236,0.45328896909744104,0.011648777373371583,-0.0045365648991749,-0.048260800198868845,-0.03946182890237059,-0.03910346531632271,-0.11251372606041657,0.1056629167156784,-0.09617345458495659,0.21788127926674683,-0.23706758302435488
-0.2251502630665901,-0.01020394702345841,0.2011943867965007,0.16056294599118573,0.17910975134688675,0.21250385105857283,0.30752213440394954,0.2653970229381894,0.25057710880664824,0.3054294237614383,0.15164305005873055,0.2819634673551599,0.05895848472707289,0.19977858484655947,0.2860026463573034,0.4806529218730579,0.17675406167561492,0.47457759424854773,0.041307762811123784,0.20170320784798057,0.24207768677367297,0.415200464100115,1.668670338391318,0.2480171195856792,0.4242714130882354,-0.05168217216703797,0.19239651072252054,-0.17036917233904383,0.662118657984452,0.6070133842736555,0.2877987462836735,0.22154753823598952,0.033683682398154884,0.6829133766518699,-0.18363433774343282,0.8837102247877736,0.4149472804458065,0.1990774588127234,0.5974386259079434,0.1847953081944043,0.5999392533934262,0.24757212994208563,0.3794201062661111,0.6142890689276422,-0.22132492218431282,0.614363726900943,0.5346127792846598,0.14565560766524188,0.4346138204745764,-0.05895246592812653,0.06424655115328036,-0.35497817411655797,0.10659081200361864,-0.0031063716668088075,-0.28228894934200083,0.16612242608464775,0.020239129613643367,0.21730912268524896,-0.24396271669086375
-0.2186634367528741,0.33911239429295237,0.3113874970123679,0.15620451970809102,0.1453547780549546,0.17593494401182305,0.2029522410264569,0.23676443238299566,0.16095795437015115,0.22181412128459466,0.19125659242718185,0.2167590333225501,0.11096595590902218,0.2924712214294411,0.2472152241260884,0.24820213850113956,0.2967023107605688,0.2817091974144675,0.16921944680274836,0.4062021135366849,0.25061275862022453,0.21060797429784175,0.2480171195856792,0.8265286624298844,0.2316806002864095,0.12304483916695519,0.22363147267167788,0.26997155717744525,0.19880454466246467,0.7309588851398122,0.17006867282256088,0.3592644383276308,0.6262932103476774,0.13188993228003398,0.00241628429557682,0.3582647713978678,0.5834527810920184,0.2786164206929237,0.34456845411737047,0.20082519474423785,0.51202116883661,0.29227138347458514,0.2709261908301092,0.19053921514569278,0.01015143785589938,0.5131711047143845,0.4644315553704574,0.31473012692217417,0.7737662704332582,0.06202708018122494,0.046531028426180406,-0.15216569788020676,0.005380240248999397,-0.07199532707345198,-0.43182519250082896,-0.1112811565992396,0.2676625360932856,0.49256070158144816,-0.3819231234400062
0.2273208386965212,0.44210993382158326,0.4115130305950723,0.20726472862868298,0.21101857289358575,0.283958200224231,0.26750861925094954,0.3304634585446109,0.11800357379644195,0.24030589698858254,0.24186355972396187,0.33646582987863755,0.11480881252179301,0.24723898101290465,0.3527799039535626,0.36966356399978123,0.3863207102234884,0.3725356249202196,0.19534747271358038,0.44731237852473343,0.2755051914945032,0.24614844995902363,0.4242714130882354,0.2316806002864095,1.1950047550745801,0.26762340327044815,0.2834046323868716,0.17301384951032317,0.5749306707703307,0.3452825153733809,0.4019095182259735,0.260443447593042,0.08244500678413194,0.5493083421601868,0.29583562968469834,0.5329058549392772,0.3877038196989276,0.30304730402697155,0.3221483319188487,0.18295687410850597,0.3718673762978488,0.32109568686680307,0.3007851730290006,0.23095316714768374,0.21752339990372122,0.629742140308794,0.3929447576355913,0.048456820746708824,-0.2246918647845329,-0.20995853402023232,-0.002987684450653601,0.10179400616724874,0.04090066014485498,-0.005669298592664369,-0.2148459579203403,0.02219102090484795,-0.050190576844571774,0.29541893838466243,-0.21919140467159204
0.18748107405362913,0.45628872626066186,0.3818205456713227,0.16913292436989966,0.1674066855512385,0.32034052966170434,0.29942540231242126,0.35157792763767864,0.30259363844315595,0.10899494389547258,0.2710012201612485,0.32543379523217825,0.11839526385641548,0.25372269091369754,0.19829063256118626,0.09704893234846274,0.3176007645360174,0.385388401513694,0.16098302631520095,0.3588165961087358,0.2676249076349903,0.1809871058678365,-0.05168217216703797,0.12304483916695519,0.26762340327044815,1.1761181825548306,0.1680634568738605,0.2986451070199868,0.18072577566801293,-0.08898775461102924,0.39440249297582,0.265412391002033,0.14946879057127352,0.35359568948580256,0.34840517841705704,0.20255293906847982,0.14728102963533873,0.22263765398473637,-0.29591148103488313,0.1318909469254474,-0.06492983847586446,0.3497744558652892,0.22948989778605264,-0.027000636297576156,0.33168279731351435,0.22687283223134896,0.13066146097522446,0.04689805636598637,0.005176778989904037,-0.00418511450748921,-0.15408246355805916,0.11054857684917264,-0.17337471666074605,0.01355549212936694,-0.14202424885569628,0.08737386184083312,-0.16858475168740777,0.36488223653708335,-0.24831614100271457
0.06491594425919851,0.31772381776537956,0.2811527742574248,0.12638646716721136,0.13192697255664212,0.18213666128249273,0.19674625999954165,0.2266518614043975,0.12506238731506658,0.1726628932781604,0.19869969220108616,0.2714178993807175,0.11293205911284439,0.22044729664241153,0.24371186923957724,0.3418956429938451,0.2431473643789018,0.16250574394527909,0.13596106977217096,0.4380160358400455,0.16759851551844945,0.2174182271125347,0.19239651072252054,0.22363147267167788,0.2834046323868716,0.1680634568738605,0.5749139923595585,0.18852498211847907,0.2704235646737541,0.28272164504101943,0.21951462233901542,0.26285289677436874,0.15677765720786224,0.33768713471988654,0.22991114863382536,0.306738629369941,0.41493380656471335,0.2580722256629648,0.24999216000643168,0.2000171511466532,0.3563514456024555,0.2678346485004928,0.2515873483944657,0.14177606782796787,0.05070908859594332,0.46219006437828325,0.2786461822764357,0.17205412981099832,0.3985842296989715,-0.053737358765675904,-0.05038387285519887,0.052313788882030365,0.015398069322356168,0.009046748262506453,-0.1513812136105726,0.034972665001261755,0.06949035704346351,0.2515435247003265,-0.2791084469761906
-0.047156162809806175,0.3694405182876927,0.30555145898116004,0.062246158916456,-0.00101379362635647,0.08716469087274896,0.07903577969322746,0.06578612776163331,0.12487050181766123,0.10229569404880849,0.126759988264882,0.05756062151996785,0.082600951034429,0.14331256728007313,0.22103375532897954,0.15158428004554972,0.3697841043170862,0.16690396038219768,0.14756237190968144,0.31040344151096727,0.2620784207048914,0.1092212066414064,-0.17036917233904383,0.26997155717744525,0.17301384951032317,0.2986451070199868,0.18852498211847907,0.9982705058195145,-0.03407572676105264,0.29118146448670457,0.4510225501438758,0.1750923949112921,0.5192495340147295,0.16910178620784577,0.8060495980707082,0.17990724128494706,0.5138909967101203,0.24749606411340788,0.06089347464018504,0.21259775738241055,0.26814788552418356,0.2839934674732777,0.10115188388514161,0.2855854566521243,0.3296324658546337,0.2819258017028956,0.21191531237588496,0.18195713117198875,-0.15071782479797502,0.05738038264788759,-0.06180039926703759,0.4757632604788686,-0.5380550144181033,-0.00663242251418261,-0.14878954030333785,-0.046702067091055656,0.011606809764471605,-0.09750721685929677,0.2902102919911546
-0.07006708715501728,0.6882938688986064,0.5881496198616927,0.20724416028962836,0.2410375037232006,0.39262507829233734,0.3144408950546133,0.4487499727731423,0.1688274901331674,0.3986341163381016,0.3020866937627272,0.3529715599125488,0.18393449054073474,0.31239782088675744,0.43688390924256715,0.5280560292551085,0.39140142320227517,0.546149158975441,0.21005580715440447,0.540827769064891,0.2621430551953453,0.3507021061022441,0.662118657984452,0.19880454466246467,0.5749306707703307,0.18072577566801293,0.2704235646737541,-0.03407572676105264,2.208035557690221,0.7289928735924877,-0.8258514570692546,0.35398969088584326,-0.3327008060577456,1.013117512359264,0.19832631804509693,0.7640647957383682,0.2397634663861544,0.16642380247472405,0.5951284164664598,0.29282021402804104,0.3795179663952767,0.34855171931577145,0.27001355274002126,0.12058796603169489,-0.009136380073936478,0.42503818858734216,0.6143361397158253,-0.011024395628342093,1.0142643803518068,0.18261543772143124,-0.2609776226070825,-0.23580303761767302,-0.08528375167738356,0.03932509537098525,-0.5380853972004147,0.03811525061088872,0.0008211123628569943,0.24477493141765266,0.0003363192668961739
0.021033218198159606,0.5811362933249896,0.5388941522763221,0.1914022305200778,0.10879888164902987,0.2136610694302798,0.1971860564867082,0.37256033469177224,0.13880836201959218,0.3986158776816622,0.178567625352422,0.14177208581388995,0.14236268953534262,0.33206533910746816,0.5394540354967716,0.41881411030528176,0.2957791079005675,0.2432160541791374,0.17286863894079707,0.7073298034497613,0.32195611476330205,0.27122184793688453,0.6070133842736555,0.7309588851398122,0.3452825153733809,-0.08898775461102924,0.28272164504101943,0.29118146448670457,0.7289928735924877,3.214287299150565,-0.5756670026370708,0.2648250968768446,0.2838391311220923,0.21994453255601565,0.5751592343879968,0.5677624835709877,0.8964442763982404,0.492629301221804,1.0836362639621857,0.582587329794801,1.1972795075368878,0.468159289852631,1.0702245774194694,0.6318951269017805,0.2489609104675917,0.5027025632925609,1.359786205756711,0.6261074811400873,1.855204728854967,-0.07807822249464075,-0.10776825941533953,-0.5288518305474178,0.30676593572314287,0.036655496090436814,-0.27261375019747164,-0.18454441196359095,0.017642556831234456,1.1551023328172958,-0.74775497302992
0.29936615158976837,0.15747590097074607,0.22111051888115663,0.06657256835404252,0.007338227887269694,0.057606918882374125,0.13075032030315162,0.06421439382669207,0.14756545013637376,-0.01300426292443722,0.15335531308037323,0.1738306572640419,0.006776373864241026,0.12612345937740277,0.1771959042421018,0.15680164718184436,0.33952458312532485,0.2579711155617614,0.08617234762944012,0.4458052210754886,0.4446407893672319,0.14847075903738516,0.2877987462836735,0.17006867282256088,0.4019095182259735,0.39440249297582,0.21951462233901542,0.4510225501438758,-0.8258514570692546,-0.5756670026370708,3.4273952340801213,0.19806468717107534,0.43127455605360987,-0.03864919655523916,0.14186628361806608,0.7948201947363336,0.7269388910106558,0.46054718551847573,-0.1689842706367738,0.026923696218535874,0.4771217925427267,0.3267828348491734,0.047482912290923586,0.13170477549689763,0.4601073398324246,1.1269072709194496,0.024440485826828298,0.07432296819656949,-1.97279870028297,0.19295865415568847,0.12837943862450107,0.6030165526797245,-0.48949393421284526,-0.07919791887421855,0.11888630825286574,0.13758278115606626,0.055762673265386135,0.092159951783058,-0.33767152560643454
-0.15279917335947107,0.1683036797089628,0.191148790806509,0.11526172332341583,0.1604329973921504,0.18892581020453075,0.2132566485187873,0.2312038690242733,0.15098210249836486,0.16775300307713448,0.19668962792512035,0.26574342385020805,0.11066846237371906,0.4006438951737431,0.13537904350507224,0.38765245532999804,0.2569292511467929,0.24185864342675184,0.15963338915932357,0.3104301736894889,0.20264695735296376,0.277356538266809,0.22154753823598952,0.3592644383276308,0.260443447593042,0.265412391002033,0.26285289677436874,0.1750923949112921,0.35398969088584326,0.2648250968768446,0.19806468717107534,0.6264006126266586,0.06767460504334795,0.3680873874699982,0.17960780859505454,0.38201050483038496,0.21188184429437848,0.21670225202953278,0.19190507508585244,0.17134709191802597,0.2748176866676157,0.26566880365381407,0.08053115927726763,0.12331882208888784,0.08970824902277681,0.4864547452794498,0.3036603843955356,0.08312334120340888,0.4133950690977201,-0.013262922505820502,0.04498609713215115,0.014812848454436743,-0.12137290446455717,0.025715250565816535,-0.43843687928774583,0.006107302027606925,0.6679353663620872,0.11758822561470444,-0.5450152525099642
0.06349436729132255,0.42607030897673137,0.33297792044320473,0.14334380046786485,0.11856561079824754,0.12139057529583307,0.1576063699651428,0.15707055294372033,0.19503318672201728,0.1062222605840704,0.13533133828088645,0.1267783987216997,0.0748577452541836,0.11908331560779364,0.2577693563570362,0.005114535688129809,0.36314457000940814,0.21470132814065676,0.19902571150974732,0.37562587719317325,0.3248659454340843,0.11144733006488515,0.033683682398154884,0.6262932103476774,0.08244500678413194,0.14946879057127352,0.15677765720786224,0.5192495340147295,-0.3327008060577456,0.2838391311220923,0.43127455605360987,0.06767460504334795,1.9323724767283676,-0.22318498352964172,-0.6004028093041899,0.18462629352208232,1.0602312263126692,0.2983528742590244,0.13766757042283193,-0.06902731326958778,0.4768712073030614,0.27849991719526096,0.21197291537160579,0.15564250885294004,-0.18395915683546152,0.5230134059104641,0.25721511970533567,0.4878577600918793,0.6686536953249997,0.28825427482772703,-0.012279580655304325,-0.2012473897615693,0.010135683647964137,-0.2696509251461275,-0.14068831807107862,-0.05900211978205952,-0.19593140864216996,0.2467763849555704,0.1391525732704373
-1.0070961449545726,0.3808527836519948,0.37931215787113237,0.16650415824607095,0.25022310625517163,0.3340005220994895,0.3618836341237693,0.3711985419839187,0.2684840716617696,0.3387023145431171,0.28373773479513054,0.36818583810775046,0.14678500077818613,0.3176123217320799,0.3426788263891285,0.5457962577648694,0.42446193994005044,0.48003095792470796,0.17931396869941732,0.5820113662224806,0.2408197176972631,0.4088869353995666,0.6829133766518699,0.13188993228003398,0.5493083421601868,0.35359568948580256,0.33768713471988654,0.16910178620784577,1.013117512359264,0.21994453255601565,-0.03864919655523916,0.3680873874699982,-0.22318498352964172,2.4726515283088477,0.5650720690986697,0.5367715955903334,0.9467614878105378,0.2330696238834138,0.38521133273891256,0.07027621687991761,0.27278399365368244,0.5359548878196911,0.407981225793109,0.4576753584605335,0.03310597931074925,0.3945830786128529,0.5863412297913776,0.0511249266644677,0.45949360600166633,-0.21628344893761628,-0.0420899737588047,-0.0458781398788065,-0.04245392962246945,-0.021555885969404092,-0.6946526100873048,0.19944702226057145,0.031106985687829613,0.02485996085923687,0.31056233957786844
