0.9685875245291171,0.17924409272312858,0.16505659309783746,0.1998671871354411,0.37975069143098966,0.1790268911860802,0.27459263687371,0.19329865792293613,0.12165765063282936,0.18048065568765853,0.20481599294033437,0.21656979254666228,0.22272657808619778,0.1694348884842344,0.12282105227558958,0.17263522266785494,0.16816907485797394,0.1895453355118541,0.004932195063188208,0.05067620759992424,0.16105014356627312,0.2276606435607397,0.15418828170608753,0.06802728746596334,0.1727361133971869,0.20256015632975732,0.17837010863755262,0.06339353797928339,0.1353236628674115,0.08856806867411107,0.11761250194007163,0.17337688870023596,0.12286650936567531,-0.0724983087270696,0.043036400148147046,0.10995034888782823,0.14785487461956062,0.23211539668307712,0.14190302249228953,0.10579107394163999,0.17622344444720917,0.1082479214757798,0.12835623648434208,0.03001618551121013,0.17702555799468506,0.038107577894642516,0.1202004499476733,-0.02262821308669814,0.1912269463189926,-0.024987027941924287,-0.10466497546502966,-0.011943697201870915,0.04895590547399484,0.031064265842189197,0.09651726531271358,0.014962640874932473,-0.06992049948167335,-0.08535345690806777,0.022988085801199473
0.17924409272312858,2.2176852200034154,0.1419138240215576,0.012632516991374408,0.09293060837504466,0.502156527463857,0.16952421023977357,0.0030117450816370393,0.2058263708216481,0.05842266252535571,0.20009341869943095,0.2016358946216992,0.2584371819758935,0.11902947077348666,0.2516071115506904,0.10210722173344204,0.26174465409825737,0.3515812403274008,-0.20608677323058838,0.060251058649422706,0.11775962818804725,0.19618523728864626,-0.045391751174425475,-0.0612350979654018,0.045024320308844505,-0.1044465511944905,0.18596122601758025,0.11275270740813195,0.4039407049516383,-0.05030670737746808,0.22918021826832144,0.1536171874677528,-0.22815045401458556,0.27128547336863623,0.07990197684039263,0.17151796708436812,0.025244525410636084,0.018103616969468026,0.3647780616052737,0.15573950723347735,-0.16123785534027824,0.026849986519683657,-0.0357058539069158,0.05097966907277775,0.3348228510599604,0.12070776683225495,0.13346301951752831,-0.21612420205739924,-0.18187313918280032,-0.8953413587665927,1.1916746672193121,0.2592691759390701,-0.45219379385045927,0.09906779329288842,-0.32846586189973737,0.04729966943897245,-0.05345150621396234,0.08914708761313317,0.042803954661446694
0.16505659309783746,0.1419138240215576,2.873935260768601,0.12143931379906259,0.11568734748373743,0.2317116433389806,0.22167186780126422,0.1288742775676038,0.19918208496502943,0.05595271940571328,0.08788517462094132,0.22689722036517587,0.2236437780791586,0.032193563286691436,0.15529300412959549,0.15335654346729952,0.31280389737336967,0.2769239538703647,0.11034000928204098,0.013410967213123457,0.17552485580133953,0.42817431573619963,0.30916833370793145,0.1794146223636456,0.22572414597999335,0.021592989905742457,0.15761463254327432,0.24574744238700044,0.22658026447988028,-0.4304914164101757,0.1633644645648265,0.13646635177058583,0.2800119100843308,0.34739403122374646,0.06743092016278192,0.44859514476575174,0.46610127532774476,0.14061643663289786,0.22531627910764473,-0.9179124904505434,0.028498031969546773,0.05443022844041443,-0.10229800348059058,-0.014845431602501638,-0.06112983840723954,0.7756159519171861,0.0004984520806067029,-0.4522732456873112,-0.8573350655706338,0.12048868305649565,-0.18763060845780763,0.29018820328143674,-0.10469151228223353,-0.17741958469018587,-0.33842165490095516,0.03420420147193352,-0.11471124255909859,0.18398157610899268,-0.401255814984838
0.1998671871354411,0.012632516991374408,0.12143931379906259,0.7286012869259417,0.6503140200400389,0.3711015521045771,0.3283252818009019,0.41216577528426385,0.15640760397573825,0.3119833389637881,0.35339415235916116,0.3571176332154775,0.3850286964382934,0.3022972906262259,0.23559470961894302,0.31546324062414,0.2830192665103174,0.3284064516925611,0.04533219777503448,0.33880270838289894,0.2651404998668577,0.4238315219208426,0.4797341237230767,0.2992652191719333,0.356944001027631,0.33688536503192534,0.27843022353540087,0.12883114945649887,0.4296097764097116,0.13489981199765932,0.16482314955900843,0.29626190220194343,0.2134300448741723,0.391297992282075,0.06679646499472033,0.23178063914564706,0.3575342724100835,0.3075267714051113,0.3339196326172816,0.08512870270646503,0.2226229240564399,0.2504046847120118,0.25945738451234795,0.04811621524815495,0.013699275929893947,0.1294890976542904,0.2738444692516567,-0.03990636010714603,0.5251662800282462,0.3003169140653478,-0.289461061365545,0.11162217691967265,0.04473241872002001,-0.04143837481021219,-0.008659818321395537,0.022678800880582627,-0.2083341259029666,0.05367800116502457,0.08828373139705745
0.37975069143098966,0.09293060837504466,0.11568734748373743,0.6503140200400389,1.8389169892904533,0.22615826115416274,0.29658163675823573,0.559269985671495,0.22253541934748106,0.323182767565925,0.4244612118212405,0.5103710634949885,0.46184602717003154,0.34545798576962633,0.3152882099395868,0.463833949801402,0.22296617367233545,0.3963137471586897,-0.017545869330819606,0.27754919185607513,0.2803809749417608,0.40918576420328023,0.5931221068596728,0.3167088769256497,0.38974001422299603,0.4495867100326706,0.32852407541062206,0.03393405780071874,0.4750110247482891,0.03764669306426106,0.15018452611479022,0.3897699110908935,0.1875693569949613,0.468101417083076,-0.12737677826977276,0.22948932634913824,0.27432163816059735,0.43148905147515254,0.37881487843087536,0.16223594026106541,0.2171742032110086,0.27997988041055943,0.2739453111093385,0.053101858854263745,0.04523861370514637,0.056968699465821844,0.2746344749821108,-0.011230727630255352,0.6154235716827385,0.2789538510022148,-0.26040681124814197,0.2365170283081657,0.006135530454293921,0.0038113893640560237,-0.14414843673541142,-0.041920503173245464,-0.17039273511163766,0.08310330853977056,0.1893291504179732
0.1790268911860802,0.502156527463857,0.2317116433389806,0.3711015521045771,0.22615826115416274,1.2232645226868004,0.3068001499811275,0.264937851056818,0.09945228046669603,0.2625025133628454,0.3951309564731751,0.3253742581344443,0.4819152972178002,0.3757427994675828,0.3004743019332211,0.26256407980888347,0.4950788981869324,0.36922703774630006,0.34574013297001277,0.6056966843602698,0.3572274171530599,0.5948108913144426,0.37777256896049205,0.3389706893055774,0.3333519788571659,0.36773089448218454,0.32656831686175397,0.19908751103100314,0.7047428021796998,0.20723342941743986,0.28860262379324886,0.3497008432032446,0.17917756396403367,0.5027590851002008,0.20677470543954593,0.2792263902585942,0.5250297086566657,0.3764428679367298,0.41223246573496525,0.07677349240964529,0.24379471862717841,0.3127112985720336,0.3458931674656609,0.05943509533533756,0.14119857321550777,0.15674842393078062,0.3751190678115817,-0.1244234888775442,0.7001677251863143,0.20630125606308822,-0.2689930607786603,-0.18916353159992447,-0.03204481548637629,0.06804569314342111,-0.18380731059331035,-0.01668915629768858,-0.25606079175705554,0.1856266781715626,0.15719626678978557
0.27459263687371,0.16952421023977357,0.22167186780126422,0.3283252818009019,0.29658163675823573,0.3068001499811275,0.7333740108669281,0.15660234778415,0.2028831451408615,0.22730654814106196,0.31148797323089744,0.33131081726853134,0.33364063450121284,0.18961217738933306,0.14341963960024504,0.25145686652404636,0.3321861525457718,0.2819968936397637,-0.011010989973275695,0.19135622305062208,0.2506910012737508,0.4495943339407547,0.4034613281804968,0.2808821431469415,0.2965381785644329,0.31186351948417085,0.2528747126572603,0.15996729645331656,0.3261194939832613,0.1220508921560029,0.19497045496181387,0.27939303125808723,0.24842432396483327,0.3098641455651305,0.13570978828365013,0.24480109714289394,0.3283008477533537,0.27818840582480253,0.29031175507974505,0.023585050214288174,0.20027097896272775,0.2206076749190966,0.19887442689862864,0.03235155776452917,0.04081157162877779,0.1270476596956514,0.18260807073015933,-0.08293144681887578,0.4530824917062449,-0.01873531312269024,-0.2450516441880668,-0.03205033251324418,0.08864169776736683,0.022400807040822333,-0.01571179329533312,0.05007074536435674,-0.13804509173413243,0.010191843862029995,-0.041502562495558476
0.19329865792293613,0.0030117450816370393,0.1288742775676038,0.41216577528426385,0.559269985671495,0.264937851056818,0.15660234778415,1.2102197968317443,0.03249502033853168,0.3717934873708007,0.5175419117408893,0.3199064627295438,0.4257913428069103,0.3871823082168165,0.22649512161338076,0.3481372065563824,0.32606830152096594,0.36853962882003577,0.27391243318005554,0.6411261811744557,0.27538462707094513,0.4450419548681083,0.5485673544146171,0.35572066656061924,0.4845261921154119,0.32572935864314645,0.3424523605146907,0.33489470099838997,0.5712224007449994,0.38598803787092417,0.17998714628343032,0.27481239184573536,0.14331039567593976,0.5651334476215847,0.6271637714097439,0.20700684346101061,0.543266303417306,0.3228812113707507,0.6066474685781348,-0.00982246620444049,0.27213850082990604,0.3336784024982049,0.31243905310204245,0.028102548461487267,0.11621986699727516,0.21398250395338603,0.47105747720134955,0.03487990100337662,0.808422688471699,0.39237065523893255,-0.30373703598642066,0.17352317482891372,0.25879857863237404,-0.21599269998724654,-0.2687305840897018,-0.02304368621688118,-0.22520708693368538,0.4716476925830572,-0.19874814297569496
0.12165765063282936,0.2058263708216481,0.19918208496502943,0.15640760397573825,0.22253541934748106,0.09945228046669603,0.2028831451408615,0.03249502033853168,0.7429070035800016,0.15145959350315083,0.16256697659430513,0.15726681485143618,0.17436659122375198,0.12666608779660285,0.13307144961750253,0.12943201383731406,0.1279579563472317,0.18321919873006198,-0.317782149831504,0.06770743201514388,0.12657824729353814,0.21600443137555017,0.354397898054817,0.1788651796013629,0.21644440580798296,0.23584820306197932,0.1539599532051384,0.01888050851931241,0.08937276794537974,0.016960267728583535,0.04759187780919999,0.16172849511939758,0.1765271351657995,0.16977145481341077,0.05323134722178339,0.129589963697368,0.12863885893655705,0.09373198634879024,0.14697912541587685,0.010529273411379252,0.08297281736898358,0.11823279006983602,0.10273348604857807,0.015060537405603862,-0.04481061843668182,0.1115577437166998,0.12037627596269274,-0.04610223011559063,0.16114921267933907,-0.4189928527416859,-0.03964573805570426,-0.09403196835585488,0.33906616913370125,-0.022780542126473343,0.03597217172778429,0.06130311774520758,-0.045394801133469505,-0.09681734529308972,-0.005625291090396373
0.18048065568765853,0.05842266252535571,0.05595271940571328,0.3119833389637881,0.323182767565925,0.2625025133628454,0.22730654814106196,0.3717934873708007,0.15145959350315083,1.018514591504638,0.31380550216913644,0.2767542728620027,0.3257273713085521,0.26700252453084394,0.124259259036547,0.2717173863118505,0.2783255974461014,0.24482935559325036,0.14192631077559245,0.4874501043854633,0.18256358802108336,0.4106903630716705,0.3758685209424332,0.2191007055831057,0.30681110638073383,0.2079610539584137,0.29780601162307624,0.05153582728400968,0.557133906820386,0.23205413960504007,0.1501345216117069,0.26860497250771453,-0.045334171597432735,0.4542101815690699,0.32541854194363307,0.24995955674449843,0.19276164901785758,0.23601033882270372,0.3322681630353303,0.15190040723214995,0.12842417872412276,0.24221173430090762,0.2441941604403896,0.04053213193090267,0.11257189850633502,0.16857435543079616,0.2651411062461225,-0.12737541078333417,0.356224243038213,-0.21029889975725036,0.006229051010176132,-0.3227253387856381,0.318569971115342,0.010082632385721413,0.08771286853174888,0.031486055786988786,-0.024486819083025996,-0.2654843814851728,0.12882557705572936
0.20481599294033437,0.20009341869943095,0.08788517462094132,0.35339415235916116,0.4244612118212405,0.3951309564731751,0.31148797323089744,0.5175419117408893,0.16256697659430513,0.31380550216913644,0.5980318108079838,0.33753321622698085,0.46244168498746346,0.32465724701139126,0.30378904666077944,0.27740298797879664,0.37716129570011114,0.3347918786126219,0.1033682998975387,0.47184401601561016,0.2615606222300273,0.45219737405202487,0.49407733290773087,0.322220027026217,0.3993400540110479,0.24900857799694714,0.31830298638057924,0.1987533022120719,0.5346144295893245,0.2629199166437151,0.18071361532658436,0.2767631463503103,0.2054844710737621,0.44680893918560466,0.3286685364695931,0.23659649415298328,0.4440823425949961,0.27774490237726324,0.4653407424980737,0.04757079733617438,0.20609766772978463,0.27845640068414695,0.259426516460745,0.0194290401687917,0.09750973652173979,0.17749094171830263,0.3487061236819183,-0.057602050261238574,0.5633119897316597,0.014057464745137143,-0.1771192617616494,-0.10202949670207413,0.2519915743554488,-0.05859830033078969,-0.10351689596771406,0.0028283529733216274,-0.1981658891566593,0.13208210813574803,0.009381422236263587
0.21656979254666228,0.2016358946216992,0.22689722036517587,0.3571176332154775,0.5103710634949885,0.3253742581344443,0.33131081726853134,0.3199064627295438,0.15726681485143618,0.2767542728620027,0.33753321622698085,0.6599811384946317,0.3125045584680646,0.26459419913025795,0.2624273567376415,0.28904853639092365,0.2586582224076349,0.2536158591596657,0.07018985186052476,0.28995460796471784,0.2109359584005905,0.2992068965987838,0.38020904800375255,0.2650507344115847,0.3713902142950371,0.29680993532281913,0.3052521962196449,0.19700018282228657,0.31754444314854724,0.14516368852266123,0.138262058071441,0.2801017281963489,0.17454096447530784,0.35420325158518534,0.26176717808174504,0.19977439255409704,0.35624748680151674,0.27193256961968504,0.32136283106350144,0.015849149817084632,0.19816890697743283,0.23397420835164381,0.20956295177169224,0.03343454606335969,0.08470208598169862,0.07593224118291605,0.23377059320392887,-0.013577182359537697,0.49782020943845834,0.07198916601097456,-0.20370539543840055,0.05180212041179622,0.0786795159806842,0.014576998493610695,-0.10579452364953155,0.028430034991415155,-0.18828539165754254,0.14300461477311546,-0.010764940403428134
0.22272657808619778,0.2584371819758935,0.2236437780791586,0.3850286964382934,0.46184602717003154,0.4819152972178002,0.33364063450121284,0.4257913428069103,0.17436659122375198,0.3257273713085521,0.46244168498746346,0.3125045584680646,0.7718959154579428,0.34745168968418133,0.20764089050629553,0.2936688297020332,0.347952341254175,0.34324627047165857,0.08457101346612556,0.4462909007836872,0.2786924056885078,0.6321594122691584,0.49953992543015613,0.3449566853717976,0.3721582216671288,0.21784542402979853,0.34981579627255155,0.1933684629757322,0.6403866235612792,0.23047860175838517,0.1879113967776327,0.33057928661154884,0.25759599062385047,0.45660960880018403,0.24491017623864617,0.31996007619502653,0.44564392262848196,0.2762309913607644,0.4582465248765348,0.05394849434746074,0.2057467559273821,0.28088490340517763,0.2892405858074151,0.019845313900003443,0.031972847604547376,0.2597803192003933,0.332700983748101,-0.15868253063792404,0.5175911561499953,-0.02623783021908577,-0.15666916512542958,-0.21075253896726248,0.20099510474082238,-0.051919278928725006,-0.008809555054876836,-0.02870009367379053,-0.2289888697973917,-0.07685846305649954,0.24239196038329291
0.1694348884842344,0.11902947077348666,0.032193563286691436,0.3022972906262259,0.34545798576962633,0.3757427994675828,0.18961217738933306,0.3871823082168165,0.12666608779660285,0.26700252453084394,0.32465724701139126,0.26459419913025795,0.34745168968418133,0.5723769277666925,0.2933144556652091,0.2740263390152007,0.2921716150425704,0.23434339215143135,0.16028171752817946,0.5011496718113212,0.24889986256437205,0.4043032526113151,0.35405456568988064,0.28701388881902207,0.33298208115707834,0.30866581399513,0.26115543913325884,0.14544279534041904,0.437629692568863,0.2744557705739391,0.1765350001002044,0.30072223275493226,0.16736696465401196,0.34881978141569353,0.26401716019480087,0.20364709472100562,0.38695294595159274,0.29920901626953805,0.25793484244259424,0.08322753497718088,0.260478052721764,0.2844770502822331,0.3141627825083233,0.03166802675538033,0.08871536644994041,0.13600262399375745,0.3085609440817887,-0.023183510746631705,0.5681963800987534,0.17317539224775977,-0.1859960331567905,-0.1654819409135482,0.22538729416502448,-0.03960606408670853,-0.15230136963956176,0.002675780770481197,-0.19462869037306318,0.20712196075758021,0.04144278765253126
0.12282105227558958,0.2516071115506904,0.15529300412959549,0.23559470961894302,0.3152882099395868,0.3004743019332211,0.14341963960024504,0.22649512161338076,0.13307144961750253,0.124259259036547,0.30378904666077944,0.2624273567376415,0.20764089050629553,0.2933144556652091,0.7638288998374786,0.15957180568340945,0.27952044534997217,0.2931237321123723,0.13894203135085784,0.3079105927874347,0.21361024607717224,0.14878761270614943,0.38074001058521,0.2252242164072769,0.3608565000896498,0.1723610951848042,0.1868746978340512,0.25169923810573186,0.36964175102033,0.17647712675241317,0.1555011611099866,0.1523801287107001,0.2096069678460198,0.3185703745917775,0.19356744816910665,0.16630446797381196,0.4561065627122934,0.11541212662778101,0.2839315168049237,-0.09290829059175923,0.22391026960691557,0.19162245956344293,0.11002803170291316,-0.0010533111398284088,0.003911051872972332,0.11926827128549253,0.2516764034521719,0.007168836465128681,0.384083666405898,0.490596070256071,-0.22866390319459176,0.18796548324976162,-0.1618855241648576,-0.024387684301915548,-0.17318246328506648,0.0724454241881949,-0.24330047815738504,0.2491152548790165,-0.060385568150843554
0.17263522266785494,0.10210722173344204,0.15335654346729952,0.31546324062414,0.463833949801402,0.26256407980888347,0.25145686652404636,0.3481372065563824,0.12943201383731406,0.2717173863118505,0.27740298797879664,0.28904853639092365,0.2936688297020332,0.2740263390152007,0.15957180568340945,0.622671183975012,0.22465731955630094,0.23410026057264433,0.11765979438762642,0.2509251918045012,0.1626484741844258,0.3137547356706142,0.35557679115104224,0.24480085387365966,0.34375962182809344,0.24000058099964958,0.2636335179400856,0.20168272594844744,0.3273434002663626,0.20835582906639097,0.1322235958195468,0.25333648720765417,0.1184398097938974,0.3513207296997345,0.3650817062329607,0.17599037212745985,0.316193443803582,0.19923745510496418,0.2945159423859538,0.05076174465206634,0.20073079128766297,0.2651408919505677,0.2096447138722899,0.06224123541459288,0.04554524011483255,0.07641847452264282,0.2518022255346291,-0.019182407002467438,0.44901951628123055,-0.01744329925329605,-0.2193160735041526,0.015187191470584775,0.17339563017023632,0.006299687459777579,-0.05899692019787058,0.02425854086081684,-0.1813317587862788,0.08143527504999774,0.0682400853232267
0.16816907485797394,0.26174465409825737,0.31280389737336967,0.2830192665103174,0.22296617367233545,0.4950788981869324,0.3321861525457718,0.32606830152096594,0.1279579563472317,0.2783255974461014,0.37716129570011114,0.2586582224076349,0.347952341254175,0.2921716150425704,0.27952044534997217,0.22465731955630094,0.7855688317486718,0.324516288171395,0.17229061939103688,0.4356384339601387,0.2850292928824525,0.579269492056028,0.39521089709945817,0.33066378453607287,0.32762612646251965,0.2302828006822446,0.27114207187765327,0.27170073283061397,0.4712920863456946,0.20495652224444566,0.27491831087371416,0.2620491608529002,0.34802106661953947,0.37847598312290265,0.23059238544096688,0.2689862002638649,0.5534024592244132,0.31050143362809457,0.3592149600261821,-0.01593020179728224,0.22421562363726869,0.272693628882417,0.3091883159400782,0.027006739527589644,0.09739571174077684,0.24628267760154027,0.3232228697561439,-0.1398456071481043,0.4611305324693181,-0.12867187853472184,-0.06803485778589781,-0.26638115378706645,0.08292581271281145,-0.010903961313023078,-0.08717407676053554,0.001058950020845682,-0.19249252028868846,0.11958578407853743,0.027720426484324667
0.1895453355118541,0.3515812403274008,0.2769239538703647,0.3284064516925611,0.3963137471586897,0.36922703774630006,0.2819968936397637,0.36853962882003577,0.18321919873006198,0.24482935559325036,0.3347918786126219,0.2536158591596657,0.34324627047165857,0.23434339215143135,0.2931237321123723,0.23410026057264433,0.324516288171395,0.7503727224131956,0.0508960529656587,0.1922350965692343,0.2740806063004577,0.3439977529096336,0.5525493628482052,0.21029637701227244,0.28049193827338154,0.26515435221258127,0.18945384473262555,0.20076635781591087,0.4703143251482602,0.10223999974280812,0.3387567311471071,0.23197261763755864,0.14170988225963616,0.4234246994903613,0.1999440649108861,0.24128777630744935,0.3754472928683281,0.22151334464820627,0.3666247392780684,0.006932056972970545,0.1807080491427576,0.22307767735694525,0.15002415919611875,0.010998096341752736,0.11338408695420144,0.21579086339752004,0.3882855150952156,-0.09429731319544898,0.3246708727547726,-0.17800361692628636,0.14295694879817655,-0.11046426715900624,-0.060927507076439166,-0.028153328332434543,-0.19221676934023274,0.03169099814470522,-0.16167533706199688,0.24750369203400596,-0.1458229556247873
0.004932195063188208,-0.20608677323058838,0.11034000928204098,0.04533219777503448,-0.017545869330819606,0.34574013297001277,-0.011010989973275695,0.27391243318005554,-0.317782149831504,0.14192631077559245,0.1033682998975387,0.07018985186052476,0.08457101346612556,0.16028171752817946,0.13894203135085784,0.11765979438762642,0.17229061939103688,0.0508960529656587,1.2631018444976045,0.3751169623038565,0.15174604641425044,0.14972242992456505,-0.11493655419466209,0.11745782513283767,-0.02244106177922116,0.05530658659240875,0.06098940216754183,0.27305255288358443,0.14090255723904804,0.16681160267361378,0.24858312414407804,0.07043306529062401,0.17827561871775374,0.10366813911011907,0.18133452211018733,0.12464175388060446,0.27924170080978156,0.24029065308713016,0.06364305001429778,-0.05236849198145135,0.2189053677451029,0.16686383822120276,0.14079685809001966,-0.003282149669830289,0.050970907220179724,0.1220255415480013,0.08548118046541749,0.031714594858930426,0.25025226348906665,0.8769733109074962,-0.05982957592278331,0.045338377417382794,-0.3034142248740446,-0.1043828363642989,-0.16483824508217965,-0.026071156224198453,-0.11345936545352785,0.2853299032900022,-0.0686992760587923
0.05067620759992424,0.060251058649422706,0.013410967213123457,0.33880270838289894,0.27754919185607513,0.6056966843602698,0.19135622305062208,0.6411261811744557,0.06770743201514388,0.4874501043854633,0.47184401601561016,0.28995460796471784,0.4462909007836872,0.5011496718113212,0.3079105927874347,0.2509251918045012,0.4356384339601387,0.1922350965692343,0.3751169623038565,2.4116479605465173,0.20837428037050568,0.521364049348488,0.690469301254752,0.3980043245271488,0.6050890178006465,0.15455797311901395,0.5403282076120169,0.057938086369153,1.2245335453088226,0.475909733126021,-0.09918076996514247,0.24818633034780954,-0.18016109016956744,0.8046522489266508,0.5843367229093527,0.24106974255532537,0.596053502539093,0.20111728234363235,0.5685139287440716,0.2098962851633959,-0.10221163755533642,0.5698595761511179,0.5047146596736567,-0.012182046080261334,0.5002320183540017,0.245268756382163,0.38328370056412747,-0.14053607764138054,0.5421890235477187,-0.19623464484683606,0.06929862112468368,-0.41580569080615626,0.6132880955275679,-0.06987551441754607,-0.11418703263093888,-0.09698814488636087,-0.25562886817194724,0.26443373976225354,0.10960276789383669
0.16105014356627312,0.11775962818804725,0.17552485580133953,0.2651404998668577,0.2803809749417608,0.3572274171530599,0.2506910012737508,0.27538462707094513,0.12657824729353814,0.18256358802108336,0.2615606222300273,0.2109359584005905,0.2786924056885078,0.24889986256437205,0.21361024607717224,0.1626484741844258,0.2850292928824525,0.2740806063004577,0.15174604641425044,0.20837428037050568,0.6967374343287088,0.4344393414293647,0.30076527543769843,0.3731362181816872,0.22371098393873234,0.3667224730610239,0.1819252156266139,0.29758535807164166,0.18051062823452374,0.2227451812740981,0.3913951810850421,0.2808927808386992,0.5475055087552899,0.17896063733023285,0.11755462822966746,0.2730956953899179,0.5696911334077309,0.5041266245533473,0.37114139238437843,0.09712481578921518,0.3787292555048961,0.30156190024874774,0.3790604253899586,0.06526802821484527,0.1620060588673435,0.12582279058152063,0.29964175451449604,0.03608554645808077,0.6494191652118779,0.35070381059600697,-0.38649327140153217,-0.053155924487392925,0.02612718852502775,-0.037715708688788194,-0.0425648259900337,-0.002210184220388184,-0.2429068656276891,0.11155899006993324,0.09292784788591092
0.2276606435607397,0.19618523728864626,0.42817431573619963,0.4238315219208426,0.40918576420328023,0.5948108913144426,0.4495943339407547,0.4450419548681083,0.21600443137555017,0.4106903630716705,0.45219737405202487,0.2992068965987838,0.6321594122691584,0.4043032526113151,0.14878761270614943,0.3137547356706142,0.579269492056028,0.3439977529096336,0.14972242992456505,0.521364049348488,0.4344393414293647,2.4031304511181286,0.7961250340523168,0.5822094801395387,0.515551893375677,0.30796244716535354,0.4458353094698774,0.3146355394779778,0.6854076093728525,0.45851087546537383,0.20924924299226422,0.5467446046758866,0.6046007932011014,0.47149145732537,0.1332490793641894,0.7878157640812802,0.6079920269410066,0.5167304972894322,0.35995311342868086,0.042203637117475656,0.415359617192673,0.3975053242690364,0.8010433474493571,0.07163410316077329,-0.20588979699739565,0.9078457387389686,0.4463840326446727,-0.8870495275106113,0.45296348873917575,-0.1253615742006027,-0.2863032585306079,-0.3849107929529502,0.18929475159292863,-0.01754650546182348,-0.015671213608619287,-0.022924744838560798,-0.3171166297663885,0.008820722917891656,0.17747935227998038
0.15418828170608753,-0.045391751174425475,0.30916833370793145,0.4797341237230767,0.5931221068596728,0.37777256896049205,0.4034613281804968,0.5485673544146171,0.354397898054817,0.3758685209424332,0.49407733290773087,0.38020904800375255,0.49953992543015613,0.35405456568988064,0.38074001058521,0.35557679115104224,0.39521089709945817,0.5525493628482052,-0.11493655419466209,0.690469301254752,0.30076527543769843,0.7961250340523168,2.1635628399789204,0.7458113926857849,1.021241414022749,0.24659096601835004,0.38008861876325123,0.279103672003109,0.7564262329001232,0.38469185734536915,-0.3509621437206592,0.2930588032894158,0.6764068098275787,0.5991138463041975,0.28548788660410956,0.42168964873560544,0.8076047284170239,0.01572097790257229,0.47500943275612784,-0.21041033032438017,0.5069845856818935,0.37475125000313914,0.26694535886896004,-0.053805549809408854,-0.5371975201953116,0.47218129490534566,0.5014929156979395,-0.1907877150643954,0.8815047555402661,-0.04307750248464942,-0.6690371913304652,-0.35365486342880625,0.6339420270468809,-0.10208276331248602,0.07002032378479534,-0.06691431728690088,-0.34612983842347805,0.04235668230606132,0.2851520709371527
0.06802728746596334,-0.0612350979654018,0.1794146223636456,0.2992652191719333,0.3167088769256497,0.3389706893055774,0.2808821431469415,0.35572066656061924,0.1788651796013629,0.2191007055831057,0.322220027026217,0.2650507344115847,0.3449566853717976,0.28701388881902207,0.2252242164072769,0.24480085387365966,0.33066378453607287,0.21029637701227244,0.11745782513283767,0.3980043245271488,0.3731362181816872,0.5822094801395387,0.7458113926857849,0.9089928809148868,0.5490939443068564,0.39144373219562256,0.25323987242239976,0.5647936323016731,0.1569396303841243,0.5177765870081236,0.2085512451331331,0.33710057003751037,1.0192577439982515,0.1962529624252022,0.34656429546033823,0.2481752852777133,0.9101687201740468,0.4355812087620154,0.21911265216373935,-0.14646110884611258,0.5200473208418138,0.3980371091323709,0.44620015587913026,0.0182725646036514,-0.19926397907514498,0.1707219162787142,0.40784246059396556,0.09878544239336236,1.1484284186010287,0.32406726416160886,-0.7980615723403051,-0.12133756850554257,0.2978329101120466,-0.09676359383774004,0.017930553082118585,-0.09430328208666655,-0.1420628204772964,-0.001176621104559625,0.23240127381589298
0.1727361133971869,0.045024320308844505,0.22572414597999335,0.356944001027631,0.38974001422299603,0.3333519788571659,0.2965381785644329,0.4845261921154119,0.21644440580798296,0.30681110638073383,0.3993400540110479,0.3713902142950371,0.3721582216671288,0.33298208115707834,0.3608565000896498,0.34375962182809344,0.32762612646251965,0.28049193827338154,-0.02244106177922116,0.6050890178006465,0.22371098393873234,0.515551893375677,1.021241414022749,0.5490939443068564,1.5906078174501792,0.21770658603646614,0.4117932785225234,0.2869516184865372,0.6486019152818677,0.570509188682886,-0.2881207332753337,0.2522345336982726,0.39057679985706245,0.5846146558046287,0.46805660343273764,0.28948727487934184,0.8910713150655328,0.2898381795768446,0.5419336708770225,-0.17293405967733033,0.41287179103907173,0.3608339945554247,0.3839720286986178,0.058794230926984686,-0.01966718402081996,0.2743332079972494,0.5087092631213139,-0.056864824317953165,0.6391107115015734,0.12497866410353617,-0.7899546552062343,-0.07996276620950934,0.48767438440479133,-0.06919150643724027,-0.0862873611779793,0.04949848754173342,-0.2372063719150905,0.1710264849477876,-0.03195531069352366
0.20256015632975732,-0.1044465511944905,0.021592989905742457,0.33688536503192534,0.4495867100326706,0.36773089448218454,0.31186351948417085,0.32572935864314645,0.23584820306197932,0.2079610539584137,0.24900857799694714,0.29680993532281913,0.21784542402979853,0.30866581399513,0.1723610951848042,0.24000058099964958,0.2302828006822446,0.26515435221258127,0.05530658659240875,0.15455797311901395,0.3667224730610239,0.30796244716535354,0.24659096601835004,0.39144373219562256,0.21770658603646614,2.206720528991209,0.3045868437917245,0.20415782381328682,-0.33114952067580244,-0.07796416911525308,0.30006176051965733,0.5138601865903648,0.31689712795440583,0.16175303188047438,0.17773469972155181,-0.006131103954334322,0.07779008559536707,0.702798907735785,-0.8116696037681592,0.2900834194486355,0.7414497061993511,0.5252527874138322,0.8401379904414432,0.028509199311433246,-0.1278270026525878,-0.27473309228842446,0.14804700820436562,0.4105270519583207,1.304408747194857,0.27979486940777304,-1.0921672053707245,-0.18291261874570716,-0.012751461268779312,0.02021587680802162,-0.04755433889073314,0.03209459916919982,-0.21450090008555112,0.18321337932023649,0.14962995003478013
0.17837010863755262,0.18596122601758025,0.15761463254327432,0.27843022353540087,0.32852407541062206,0.32656831686175397,0.2528747126572603,0.3424523605146907,0.1539599532051384,0.29780601162307624,0.31830298638057924,0.3052521962196449,0.34981579627255155,0.26115543913325884,0.1868746978340512,0.2636335179400856,0.27114207187765327,0.18945384473262555,0.06098940216754183,0.5403282076120169,0.1819252156266139,0.4458353094698774,0.38008861876325123,0.25323987242239976,0.4117932785225234,0.3045868437917245,0.810305401812842,0.15871133985101557,0.3518607596833143,0.2683441805227061,0.08384105205081233,0.28453895561991777,0.11573260302488562,0.36710509721411444,0.25544506822182556,0.28337512487260247,0.3976212450875473,0.31460851855541533,0.2595422980567717,0.11164287644563425,0.16410421673313944,0.2828356748234759,0.5837952768574832,0.013676011923997257,0.228549078506337,0.09832282656435587,0.25336381072726416,-0.06892852356209828,0.49592824461020235,-0.0615702204800986,-0.22210274592124726,-0.025748118679669505,0.16970477356843844,-0.014132760988800001,-0.042675371014569884,0.006313974140623815,-0.09722180355104197,0.04251955525103082,0.06425397671923333
0.06339353797928339,0.11275270740813195,0.24574744238700044,0.12883114945649887,0.03393405780071874,0.19908751103100314,0.15996729645331656,0.33489470099838997,0.01888050851931241,0.05153582728400968,0.1987533022120719,0.19700018282228657,0.1933684629757322,0.14544279534041904,0.25169923810573186,0.20168272594844744,0.27170073283061397,0.20076635781591087,0.27305255288358443,0.057938086369153,0.29758535807164166,0.3146355394779778,0.279103672003109,0.5647936323016731,0.2869516184865372,0.20415782381328682,0.15871133985101557,1.7965000017186321,-0.10808703445319862,0.38143743169326694,0.46822467297187254,0.1756810784871517,1.142363525688701,0.0701832843134504,1.1211816058754749,0.012064108058667053,1.144737869463661,0.23366771876842013,0.2991506314752229,-0.3226311595294999,0.33428831310298207,0.3293395104206836,0.3000152403616547,-0.01471894131243764,-0.023348351581098742,-0.05551898351687225,0.32905872560130855,0.25096362623114155,1.1023685248037474,0.6109266006760073,-0.6567348251910833,0.8778356550150246,-0.9627151913250174,-0.06659511204451003,-0.019186443861240056,0.020772250651688185,-0.2052910016432022,0.16337934717426783,0.033817159732755654
0.1353236628674115,0.4039407049516383,0.22658026447988028,0.4296097764097116,0.4750110247482891,0.7047428021796998,0.3261194939832613,0.5712224007449994,0.08937276794537974,0.557133906820386,0.5346144295893245,0.31754444314854724,0.6403866235612792,0.437629692568863,0.36964175102033,0.3273434002663626,0.4712920863456946,0.4703143251482602,0.14090255723904804,1.2245335453088226,0.18051062823452374,0.6854076093728525,0.7564262329001232,0.1569396303841243,0.6486019152818677,-0.33114952067580244,0.3518607596833143,-0.10808703445319862,3.465163342256092,0.4483190920219781,-0.01949537837084139,0.26509384257988505,-0.6094362311609537,1.2573552637936618,0.4506243172597568,0.4806461143280632,0.00776457906853086,-0.08068739754074375,1.1634254867929161,-0.02382341537586894,-0.23562544157280016,0.19624669392335078,-0.2678801801074173,-0.06412341669009827,0.015962045602001873,0.45178350629566705,0.5429485073143966,-0.5568404169810207,0.6929505183735605,0.4423300043006144,-0.5167056834849318,-0.4026192310610251,0.13205608332046756,0.08543816288365169,-0.37684252614009883,-0.06507574154562355,-0.3288082931093731,0.3215039325919132,-0.015108273869039191
0.08856806867411107,-0.05030670737746808,-0.4304914164101757,0.13489981199765932,0.03764669306426106,0.20723342941743986,0.1220508921560029,0.38598803787092417,0.016960267728583535,0.23205413960504007,0.2629199166437151,0.14516368852266123,0.23047860175838517,0.2744557705739391,0.17647712675241317,0.20835582906639097,0.20495652224444566,0.10223999974280812,0.16681160267361378,0.475909733126021,0.2227451812740981,0.45851087546537383,0.38469185734536915,0.5177765870081236,0.570509188682886,-0.07796416911525308,0.2683441805227061,0.38143743169326694,0.4483190920219781,2.1949774691590203,0.2682960848923095,0.13331641056502488,0.308875145395083,0.17728772658138983,0.775102247832881,0.28342306463147515,0.988969181019399,0.6370070129531934,0.5193174353127354,-0.027891062883399438,0.7910263310323816,0.35733579959083,0.8485099846149634,0.15727814504364845,0.44408799135945454,0.19902189617278584,0.9601867792063709,0.0965763557415416,1.3540067779323677,0.42016523794712596,-0.771617852635896,-0.3460116014491115,0.5042699483629424,-0.04410273541614324,-0.29571300556848795,-0.0869168494079752,-0.15062471931124624,0.5907312312473758,-0.30682183415457526
0.11761250194007163,0.22918021826832144,0.1633644645648265,0.16482314955900843,0.15018452611479022,0.28860262379324886,0.19497045496181387,0.17998714628343032,0.04759187780919999,0.1501345216117069,0.18071361532658436,0.138262058071441,0.1879113967776327,0.1765350001002044,0.1555011611099866,0.1322235958195468,0.27491831087371416,0.3387567311471071,0.24858312414407804,-0.09918076996514247,0.3913951810850421,0.20924924299226422,-0.3509621437206592,0.2085512451331331,-0.2881207332753337,0.30006176051965733,0.08384105205081233,0.46822467297187254,-0.01949537837084139,0.2682960848923095,1.4845281035654727,0.25448727845075786,0.44160412435827406,0.17079394381977756,0.32540004915151904,0.16715862333866896,0.5409969240914091,0.6644221189991457,0.27960393296742847,0.010158128343044293,0.1689328772736237,0.24944415834859718,0.2969271629628154,0.09456017588613216,0.47775567457526075,-0.042963741252575995,0.2999135564097997,0.11480463839244283,0.5356145317197138,0.4122441074013584,-0.09226619814302914,0.1398178993386262,-0.35785451135375884,-0.008265058552050756,-0.1992823187671997,0.10305733038611448,0.015832617531581154,0.08739833399911709,-0.261744123075027
0.17337688870023596,0.1536171874677528,0.13646635177058583,0.29626190220194343,0.3897699110908935,0.3497008432032446,0.27939303125808723,0.27481239184573536,0.16172849511939758,0.26860497250771453,0.2767631463503103,0.2801017281963489,0.33057928661154884,0.30072223275493226,0.1523801287107001,0.25333648720765417,0.2620491608529002,0.23197261763755864,0.07043306529062401,0.24818633034780954,0.2808927808386992,0.5467446046758866,0.2930588032894158,0.33710057003751037,0.2522345336982726,0.5138601865903648,0.28453895561991777,0.1756810784871517,0.26509384257988505,0.13331641056502488,0.25448727845075786,0.5807898096795583,0.20939640740238852,0.2629442020436712,0.10005129967117328,0.2474690408562122,0.17881431645849194,0.45947380942944166,0.10387176049662106,0.13309954395984375,0.25868123633524015,0.2872722987227622,0.3821845949868202,0.038162200833512835,0.11254519427442805,0.1127084375358029,0.22597647327179637,-0.06781862506475664,0.5640223559314925,-0.06967534337762948,-0.1732219837753749,0.028754948302162044,-0.08677157541569279,0.007138551450132846,-0.15137675957835514,-0.01105520344455278,0.1123712920967178,-0.011171721978522963,-0.0705568101909497
0.12286650936567531,-0.22815045401458556,0.2800119100843308,0.2134300448741723,0.1875693569949613,0.17917756396403367,0.24842432396483327,0.14331039567593976,0.1765271351657995,-0.045334171597432735,0.2054844710737621,0.17454096447530784,0.25759599062385047,0.16736696465401196,0.2096069678460198,0.1184398097938974,0.34802106661953947,0.14170988225963616,0.17827561871775374,-0.18016109016956744,0.5475055087552899,0.6046007932011014,0.6764068098275787,1.0192577439982515,0.39057679985706245,0.31689712795440583,0.11573260302488562,1.142363525688701,-0.6094362311609537,0.308875145395083,0.44160412435827406,0.20939640740238852,2.7354619279228545,-0.46717154459279947,-0.09315371083155678,-0.03820688388290821,1.5257640705560567,0.5410106670934158,-0.0686347327398636,-0.4285973529607198,0.5743730322961319,0.4131333569559881,0.5169264506149087,-0.025064350198964292,-0.6421142069893956,0.014721370262715024,0.30643571044309803,0.43471777064771755,1.6737600110625832,0.7573067879263465,-1.2942701267441283,-0.09026619204854171,0.22430955962044877,-0.21080344413096788,0.33938103461331165,-0.038153465722428254,-0.28739565876186823,-0.18815600833949975,0.47023323402874107
-0.0724983087270696,0.27128547336863623,0.34739403122374646,0.391297992282075,0.468101417083076,0.5027590851002008,0.3098641455651305,0.5651334476215847,0.16977145481341077,0.4542101815690699,0.44680893918560466,0.35420325158518534,0.45660960880018403,0.34881978141569353,0.3185703745917775,0.3513207296997345,0.37847598312290265,0.4234246994903613,0.10366813911011907,0.8046522489266508,0.17896063733023285,0.47149145732537,0.5991138463041975,0.1962529624252022,0.5846146558046287,0.16175303188047438,0.36710509721411444,0.0701832843134504,1.2573552637936618,0.17728772658138983,0.17079394381977756,0.2629442020436712,-0.46717154459279947,1.6094138495845478,0.6265746619619648,0.4433000507250265,0.4067813148567749,-0.00410135717624525,0.8253169017648558,-0.14169606895967682,-0.0081009960493723,0.30577842668356703,0.1959098466399177,0.07917850375430771,-0.22835909374041038,0.40701689027763804,0.4434484366793405,-0.3064844354538772,0.42335727656518113,-0.17974182665715566,-0.059426697645916154,-0.09848711131476733,0.2303107261698952,-0.04329101700592214,-0.2693068142116953,0.037246671142216276,-0.27044329444640675,0.25508003944328733,0.012899991230785838
