0.483884428996951,0.13584164312185296,0.29908597254902897,0.03318937544854323,-0.0011934616470347984,0.08634577422902531,0.11810926626089306,0.03224835598559691,0.13904254471736385,0.11344322951820766,0.06579503138365916,0.0813044182895621,0.04372672331338155,0.09086175232460136,0.11833817967203221,0.07828733382402944,0.08174991959666233,0.05879984268204925,0.08508009859663794,0.0585430718725431,0.07865808409469821,0.1142859750759605,0.04304776278080033,0.07730905174528327,0.08612920700960014,0.08123766199638058,0.04514661381068595,0.0641826806503617,0.13553207344202078,-0.015061557253565417,0.08082280799975265,0.09155257298660878,0.03741837888694454,-0.02636576821447646,0.10043954950971426,0.09854117052745165,0.08400456534230133,0.04245174115353434,0.0007239228888289127,-0.09788419378716749,0.050055222473426655,0.06662173130705384,0.0387923479173548,0.010695719539660805,0.059197225186118835,0.07505462592866267,0.025294514575630492,-0.04140027203015496,0.07683937511825127,-0.011392619760892325,-0.006540556095152078,0.012083743602541058,0.013458129191035883,-0.009009542638354982,0.024512770441578294,0.020126366741637456,0.05467129283742344,-0.015532994922982183,-0.1168059706575376
0.13584164312185296,1.72596788890537,0.6622521098062218,-0.05402018401066111,-0.040101422098764175,0.4208128290181234,0.06713820313359078,0.27800335051693975,0.2866384502482699,0.27275176772671966,0.17072464299108017,0.14565167616315405,0.10483525461766036,0.13898908306908944,0.2199015604725753,0.12235864750630673,0.1952074935584405,0.20871479717194455,0.08213384144907045,0.34586855834377755,0.2627686627670293,0.197696846810058,0.13789878188418347,0.11353067226567021,0.2061837294262213,0.28189002543540964,0.2142205288770823,0.21769200646448608,0.34028284603540443,-0.08006542478832124,0.11039617129826801,0.18796257907361927,0.14047020833872687,0.19551212496350687,0.29558205609194815,0.13573732642295666,0.4073740523763054,0.17046224850075262,0.01868259137979127,-0.21135748317834033,0.13342317757966307,0.19420008026688473,0.31002784417345614,0.06872615522424955,0.278429261115802,0.0659234964918722,0.22065096051527366,0.029792706777142557,0.2755429412091372,-0.07451780584703252,0.11131876449079525,0.2680196687345956,-0.21703545717316486,-0.02775011419327436,-0.22263857171779464,-0.013441972437675795,0.018267370153168382,0.29711638692073383,-0.10392970005207525
0.29908597254902897,0.6622521098062218,1.8088045517536215,0.0681581635075089,-0.3850586241784151,0.5331109454454628,0.20573588275850582,0.46122127307793837,0.6901006580186635,0.48500163911535044,0.30663549668363643,0.27178979905832534,0.18357714456014146,0.29112365766922293,0.4876504344746318,0.2585009379372358,0.4195068923990212,0.21048775263850172,0.5574964541751969,0.38766049177578776,0.32939613649500527,0.4944617119285675,0.21752132852498404,0.25118057854104664,0.35134963307322054,0.43548409731045395,0.2912973019544665,0.3037928312912935,0.762546448484639,-0.08926129982337284,0.08696816233080035,0.3171106199110622,0.2562639037869221,0.24573086028274593,0.6997316024729081,0.3708225780404688,0.8316519646540013,0.21820123329056737,0.04322544417444247,-0.7733824858060816,0.22598015446606703,0.30495804784730646,0.3923956917615313,0.06393389467176738,0.36977775179189676,0.31321077637272415,0.23850232236795868,-0.09063032202824695,0.5805053975906987,0.16654510787914203,-0.018152702015630424,0.2677489819371888,-0.20942618578233013,-0.13144599002533608,-0.15728203444048497,0.029433005436126352,0.0016716660859952001,0.1858256356187867,-0.2693797106394901
0.03318937544854323,-0.05402018401066111,0.0681581635075089,1.339132023201144,0.8228038300743826,0.47950921010249514,0.424619269823137,0.3110497111913947,0.3594104438379214,0.31333288475820753,0.3770918289900565,0.3819035698214682,0.2414343455131473,0.3408604634114732,0.3164791452276926,0.3161176754338279,0.3367133451917755,0.3868429561127945,0.22716981254286736,0.24983229482359198,0.27971182055223526,0.32670495005561173,0.23681022994493026,0.291938030866788,0.2969261274590247,0.40914738250968785,0.23041172950787542,0.36428153920918005,0.2202472733723889,-0.08536988093995357,0.37176019547866274,0.35726693396909964,0.12221313442408441,0.41250407821262386,0.07347430259728024,0.1865505858019661,0.08000425564278829,0.15280397165321613,0.23402375151054788,0.09177984525271858,0.19363707229515015,0.27895695239554474,0.23998786434766908,0.1418549436163019,-0.012607793651142223,0.002118061551679298,0.246829011779847,0.06849856955696555,0.5357456532149041,-0.004256238645774653,-0.031875201226393035,0.23036093258272092,-0.08974651885973099,-0.06373567411375293,0.04145882019415424,0.11941855054035459,-0.04577311805997017,-0.017439234786561807,-0.1008965731580691
-0.0011934616470347984,-0.040101422098764175,-0.3850586241784151,0.8228038300743826,2.0199249210505354,0.5018565643557954,0.38012532463232507,0.3545276367739732,0.32420073160284946,0.41130987403208824,0.4362994344255335,0.44061448648464313,0.3229239552629424,0.378243506394372,0.3714138217973995,0.36853589170321427,0.34679985809598946,0.5411263346408783,0.3031708074731946,0.25203046514693406,0.3131353465688103,0.3088370034395616,0.23484960411406952,0.30402721362809026,0.340008397365784,0.4957500348103742,0.18986039997787507,0.3906547673146109,0.15477192102704226,-0.13485611092065733,0.5175066882837123,0.38983194971456625,0.10219601668423903,0.6942270058346774,-0.07829556120333801,0.158405644119125,-0.06558010154599667,0.13856408545754476,0.3115585019005943,0.2734795652602398,0.2311757271282975,0.32769081375323766,0.14727007007521722,0.11446440859727496,-0.2707063035089014,-0.0805492717010019,0.3184602215481145,0.15384737590756542,0.7394496279897197,-0.043432419365323584,-0.019880868733392176,0.17830046954789688,-0.029088441744157107,-0.0634142701268688,0.11548984392041241,0.04317955388693406,-0.11289916954773703,-0.17080615907949917,0.18909260955109605
0.08634577422902531,0.4208128290181234,0.5331109454454628,0.47950921010249514,0.5018565643557954,1.1235257999329478,0.09267068698002728,0.4742708574556001,0.5612528309670763,0.41930964772907797,0.44533190575934206,0.4613823898751418,0.26680530226849386,0.4401338723829453,0.46848123350566284,0.3825438624602352,0.4349843511393722,0.4069754166801471,0.762724645737322,0.46754187590789154,0.39132032011882234,0.4727446425806934,0.24982688512934614,0.3793444257361093,0.44184126891030295,0.5657786467801689,0.35478559094931933,0.4630517131106204,0.6107910258828825,-0.19671619928324566,0.40615220040954264,0.4790492330705951,0.16080604151869743,0.3534527250813331,0.10669499628180262,0.23374408170924846,0.32804148558557406,0.2456702407093246,0.22218557555118687,-0.027440570218186765,0.13855655134921804,0.3626764896246218,0.3647979133419693,0.14865212351725207,0.24077606418200354,0.06994302216566049,0.4550717646909668,0.02334083363823968,0.68534792221844,0.2143153585515775,-0.06277366012820469,0.24389571026485063,-0.36616996517472844,-0.03570932546336762,0.024927278236462472,0.05623861209886789,0.018125888465736244,0.04651292243831426,-0.16719368169653165
0.11810926626089306,0.06713820313359078,0.20573588275850582,0.424619269823137,0.38012532463232507,0.09267068698002728,0.8726985342570112,0.19756984147235077,0.3322864560888234,0.28767435195282265,0.27985505985950243,0.2852291562628847,0.18782538220916895,0.18128443747999146,0.19521838311959644,0.21162697750885473,0.2984651872756445,0.2383398734695642,-0.023792109381867887,0.11452601081935483,0.23559580804710062,0.2678531576692729,0.19221875444763264,0.21347029607084908,0.21459127075487902,0.2862225765454716,0.19323546790215915,0.27938676440107985,0.1418643717266727,0.10585469464997929,0.21698334635128647,0.18754336656736142,0.159720326982553,0.3782679503335557,0.10877388461144247,0.2368341061152447,0.07063423270613119,0.09473138879761261,0.20528255829460035,-0.09307416191199702,0.18449080809402374,0.21651892036410722,0.1571571883860876,0.06405185830188727,-0.10563393551589449,0.08390931183871213,0.034667250071325484,0.011610324511972605,0.2748077001996426,-0.07660299058950708,-0.05413131249274181,0.053940016199352486,0.19532794423747593,-0.0944417711356887,-0.054608741382106855,0.07285035669926247,-0.12686529643214356,-0.000544728483335405,0.032934625993334986
0.03224835598559691,0.27800335051693975,0.46122127307793837,0.3110497111913947,0.3545276367739732,0.4742708574556001,0.19756984147235077,0.7407009897694418,0.3102844618573175,0.34532623722924366,0.3550450690063885,0.2761303834427338,0.2184270042498533,0.3158010826495194,0.3106934426516369,0.2700623793839167,0.33729713583915255,0.3468456588530127,0.4792671849546962,0.31996501543086825,0.26665685921238713,0.3005728643176668,0.12916007908481658,0.1490098797802067,0.32994400256648954,0.44474060631893186,0.33731676851311393,0.2437679247435213,0.4314056648951682,0.049001907842077363,0.23070394673085065,0.3394850766867507,0.2863268788725171,0.38449423236992003,0.3048350411806388,0.18701442776593552,0.45038397679381487,0.18732898358490246,0.2506608269983169,-0.17303290292956156,0.1797368648951113,0.2802398002228822,0.3043598396371747,0.08657755753313745,0.1422958974858676,0.05600793923364434,0.38829284537860703,0.0916630648675434,0.7141675597856358,0.20702069693866346,-0.01600404246864124,0.19696419495971923,-0.2415762610365826,-0.06767477075465891,-0.14254321041716567,-0.1039541115797592,0.0498888306389396,0.2009349077153706,-0.07132699905325608
0.13904254471736385,0.2866384502482699,0.6901006580186635,0.3594104438379214,0.32420073160284946,0.5612528309670763,0.3322864560888234,0.3102844618573175,1.0004765699297533,0.41262873768538416,0.38048257115868334,0.36559787106815783,0.23525389487502416,0.40904799030674294,0.44802475071896314,0.34481414230560503,0.46346555624589547,0.393453721499217,0.5158912358467888,0.31967323621696114,0.36638217174111937,0.6316087416068566,0.23436256571876934,0.38528817733611237,0.3062575492883526,0.5096561752959836,0.30641364871469684,0.5250673246753276,0.38978084397880175,-0.07728446075018448,0.40416299055842325,0.41927674457673797,0.2247505862671535,0.22332192711294296,0.21826733428563527,0.33149512705416195,0.33666789975032857,0.20479890807285955,0.17024981376251427,-0.13399585430407288,0.2542377024322354,0.34278086838393246,0.327339163586839,0.08421725062447664,0.11629781212724817,0.21208634315421213,0.2661680026218124,-0.06497100717960126,0.597920451663831,-0.008647081888802014,0.00045092295247800974,0.2702207672170523,-0.05361758798478302,-0.1518104940064535,0.15752289878982445,0.25429501678600336,-0.03382974194298768,-0.13619449274432213,-0.2940442927991615
0.11344322951820766,0.27275176772671966,0.48500163911535044,0.31333288475820753,0.41130987403208824,0.41930964772907797,0.28767435195282265,0.34532623722924366,0.41262873768538416,1.0514183993332766,0.37099825369266665,0.3737905309346436,0.20916543985561595,0.3045983792591206,0.4825455235902369,0.2917395577355087,0.41639829957351254,0.44188353814756176,0.5270706250054101,0.19949076737085797,0.25960787836017735,0.34273882762499747,0.2301179558119534,0.22320327848290156,0.338448170099885,0.4034413740981281,0.32502828923002686,0.40380037489690496,0.4460140947188791,0.15377904259403624,0.27758946176533333,0.3035723895895194,0.31852772748910446,0.5458913867261221,0.3664445147996259,0.2651944599073886,0.5106302940908153,0.1432193663184165,0.23629955543665962,-0.3076439667213236,0.23765317809424372,0.27327447128087184,0.2701264264067663,0.06911682080643328,-0.007470401229893009,0.048847437180150416,0.38132527081163115,0.09720241709979734,0.8942351282328781,0.11323951965347374,-0.01831393980871276,0.09317930932075337,-0.010634813077055291,-0.08421365190926187,-0.18910221134778996,-0.005476392571752507,-0.030320352850416465,0.15474630508202003,-0.05330891146834653
0.06579503138365916,0.17072464299108017,0.30663549668363643,0.3770918289900565,0.4362994344255335,0.44533190575934206,0.27985505985950243,0.3550450690063885,0.38048257115868334,0.37099825369266665,0.55051689818227,0.4182523779400619,0.27721665441859156,0.31378648650984364,0.42827670294559117,0.3290590583532897,0.3961473272135531,0.3440687817716009,0.40762595843081934,0.3195034368422158,0.3259258134810906,0.35087114145724096,0.158883045645618,0.2687842504167551,0.32283078359209766,0.4095418115534902,0.3349840210938308,0.4049657358649294,0.3683818692291979,0.05132822301991306,0.3477530101382115,0.32747798771608394,0.23035453558867,0.39189868618580087,0.3350414093306597,0.21832323304611362,0.3004851490175245,0.1760994520415602,0.2569791400452296,-0.07270888784605277,0.26005455711143766,0.3152251188696139,0.28436717218911595,0.07975760198260878,0.024281625751757747,0.07240842550216428,0.3061691883815688,0.08689512269985486,0.7256303356075383,0.02824492369165374,-0.013021968281060092,0.1858096405596949,-0.041729274104471414,-0.10428119155406819,0.006896134291149704,0.052229964303481674,-0.03557458304145229,0.0010911305120592624,-0.07301619507555131
0.0813044182895621,0.14565167616315405,0.27178979905832534,0.3819035698214682,0.44061448648464313,0.4613823898751418,0.2852291562628847,0.2761303834427338,0.36559787106815783,0.3737905309346436,0.4182523779400619,0.6943341497389753,0.23751870120470658,0.34847154703237965,0.3925440553158251,0.3769699353230046,0.35578496508961255,0.36581885995913505,0.4445836458789417,0.25652435665420936,0.31225063454720353,0.36955065251637925,0.2239556109184645,0.25580026340999173,0.3664678255487453,0.4107702455500097,0.31348550718368756,0.24325406700321114,0.4132932476087951,0.00940138943701754,0.2834489527496843,0.35130311359484434,0.15669404721281932,0.3373989828185898,0.19134705816745068,0.3570871128221391,0.10645748047900491,0.16048063088037398,0.19924687432344282,0.00018649250527137041,0.22406251461419316,0.29824562829205553,0.26124532781715604,0.08078305524241335,0.06883947850462188,0.09815491654567136,0.2571658158590148,-0.010037516235031237,0.40789799896106776,-0.04243586870509065,0.0004798451485599269,0.04858323297612211,0.00873250448424915,-0.033563190927456674,0.01152396953526307,0.0798720547517519,-0.12440406461521387,-0.011813915750044052,-0.07907669806809968
0.04372672331338155,0.10483525461766036,0.18357714456014146,0.2414343455131473,0.3229239552629424,0.26680530226849386,0.18782538220916895,0.2184270042498533,0.23525389487502416,0.20916543985561595,0.27721665441859156,0.23751870120470658,0.4320899359920163,0.18904515993071924,0.19466789345106744,0.23866846095227218,0.2500163798637198,0.23692705098129477,0.2397855236433842,0.206079132979998,0.20142473225872218,0.2446816257078832,0.18786956817485473,0.1741609988520374,0.21132622618741936,0.18141573590470186,0.17707474433596773,0.2469263723638223,0.33747839420153775,0.1282941978858684,0.1567117644550861,0.20044553714375157,0.17365610755974392,0.3131638491369673,0.32961319551470997,0.12615109463879662,0.27878309807218027,0.10230531350646226,0.24227208083327348,-0.06467067571281951,0.17975079264335747,0.2013071824021159,0.23613261408871805,0.06883134059335132,0.00637663994421444,0.13684833394557328,0.23942961190685658,0.03965025137637265,0.3795248795697647,0.10917592516616016,-0.009822175854274973,0.11325241710281049,-0.05512628458635866,-0.11214790558662202,0.034046567196047275,0.003805633223251515,-0.07741012230212828,-0.03787654012294077,0.04781051893975251
0.09086175232460136,0.13898908306908944,0.29112365766922293,0.3408604634114732,0.378243506394372,0.4401338723829453,0.18128443747999146,0.3158010826495194,0.40904799030674294,0.3045983792591206,0.31378648650984364,0.34847154703237965,0.18904515993071924,0.6440621465917122,0.43677048185860035,0.4476056848565954,0.36597453730583734,0.25669172944884,0.5082708765655327,0.31380646967547304,0.33913279650347766,0.4345551626892417,0.163732717425436,0.26682421622931973,0.3158065505804704,0.49291735981743545,0.23746838667263748,0.41770999884351867,0.315513886661145,0.05801872971384212,0.2578699269031656,0.5804970774395921,0.16831846336672623,0.23615863011437427,0.29495526938271865,0.27667335353244144,0.3068907827366177,0.19463597376265568,0.08280004093621779,-0.02457589553120689,0.3020742742517677,0.3417674300660343,0.21608305193007615,0.07913961399302102,0.08322911984256308,0.027937656361162726,0.33702910362526295,0.025084481398717086,0.8236087372359625,-0.08611292186912199,-0.019425488127752324,-0.003266294364589376,0.05165620861225753,0.0365338782070351,-0.029014261041938886,0.05153405424949072,0.2512837232779985,0.04397241252463506,-0.2978156162972587
0.11833817967203221,0.2199015604725753,0.4876504344746318,0.3164791452276926,0.3714138217973995,0.46848123350566284,0.19521838311959644,0.3106934426516369,0.44802475071896314,0.4825455235902369,0.42827670294559117,0.3925440553158251,0.19466789345106744,0.43677048185860035,1.0710836386199494,0.38617610564730215,0.42847573841586667,0.21234256715050712,0.5918176003167197,0.4074099155779269,0.37749771194177084,0.421209657610816,0.009169390924278218,0.3326035858664645,0.36357773942549254,0.571600065769365,0.35869375596327946,0.5367534645398012,0.42817191104254015,0.13677472754389383,0.35322773872041385,0.42306188469535316,0.2804224668737464,0.32110800058144995,0.4139853603713175,0.24632148314901667,0.513433657222008,0.22389595709476817,0.10080724713091188,-0.2264234015535996,0.37171556073404166,0.3911223955114069,0.2690121357947784,0.07440335816667035,-0.011279477083988737,-0.05979333076452443,0.31570902060431133,0.12422110943500836,1.2783487745216922,-0.03963518365584168,-0.061214876168342425,0.08664917602052363,-0.00463530711750893,0.025887518094873545,0.08141979750929466,0.14069610994476178,0.016280516844857238,-0.11892408929484999,-0.1005973753367458
0.07828733382402944,0.12235864750630673,0.2585009379372358,0.3161176754338279,0.36853589170321427,0.3825438624602352,0.21162697750885473,0.2700623793839167,0.34481414230560503,0.2917395577355087,0.3290590583532897,0.3769699353230046,0.23866846095227218,0.4476056848565954,0.38617610564730215,0.5641367105667597,0.362579919139449,0.2779348904110436,0.4397336136712498,0.28214115299885734,0.30393697166409456,0.44504274773797464,0.18648425615712788,0.26229844205785097,0.31113326557183824,0.3530194030234956,0.26736847837086847,0.36854376770305436,0.38340672794020775,0.06163722916226441,0.24817298313705383,0.41560801352233223,0.15138242157370957,0.26994010451601885,0.3806766634917598,0.26814540211255244,0.25284548140451885,0.17125363329137425,0.14617013804248194,0.005638054517331245,0.3167475636015314,0.3297743111873252,0.27944873198439407,0.0918572212387893,0.06390124860231221,0.04701962798038565,0.2871719794835102,0.012397955836543396,0.7011103210567463,-0.12917803515613022,-0.022405970398658933,0.010233105251398823,0.06635927824052636,0.007131519997987458,0.0361027544267355,0.039632209842140706,-0.012741612625650623,-0.029214484741327224,-0.046996909939165984
0.08174991959666233,0.1952074935584405,0.4195068923990212,0.3367133451917755,0.34679985809598946,0.4349843511393722,0.2984651872756445,0.33729713583915255,0.46346555624589547,0.41639829957351254,0.3961473272135531,0.35578496508961255,0.2500163798637198,0.36597453730583734,0.42847573841586667,0.362579919139449,0.6721574167976974,0.3086170986750139,0.46724808604280216,0.35179250327944483,0.37666313910415755,0.4375952654043357,0.11269306095943304,0.2678306560955959,0.34774659617498055,0.38827639633430255,0.38349502298715277,0.70338346959163,0.30586176307407115,0.04859293630615289,0.352898613163425,0.3632863176528052,0.29544864341879906,0.39268499751011177,0.37806578857116047,0.24375002726426015,0.4265281921534839,0.21119467552407242,0.2692567886960634,-0.15460753464967095,0.3318662853182767,0.37180185210729927,0.30263628860709085,0.08204578803043797,0.05253834998729312,0.06410972558739181,0.3295964920793155,0.09301308523348518,0.8335062545925193,0.12053698680012766,-0.059241874055458464,0.21777586953853909,-0.06883512878408761,-0.11358251158826034,-0.09257269365496087,0.06017493711017252,-0.04130882976135102,0.08742202233639813,-0.1335253999879874
0.05879984268204925,0.20871479717194455,0.21048775263850172,0.3868429561127945,0.5411263346408783,0.4069754166801471,0.2383398734695642,0.3468456588530127,0.393453721499217,0.44188353814756176,0.3440687817716009,0.36581885995913505,0.23692705098129477,0.25669172944884,0.21234256715050712,0.2779348904110436,0.3086170986750139,1.3284337809705344,0.3686437211089317,-0.04559138628508951,0.24368615865400486,0.35301027641550425,0.3699075641435183,0.16743273462075814,0.3268942038081441,0.20047474975634721,0.31314281149625894,0.4584530423921919,0.37272437682774967,-0.13331783892329163,0.7026806088220856,0.2482731833177745,0.3458092396149259,0.43685263506581956,0.1622968778949647,0.2255218865546729,0.18712665880083656,0.0707451882328539,0.36317968129233524,0.05451758084893139,0.13496865885110781,0.1511702739615673,0.3993861796702655,0.03556335372795218,0.20361357715613282,0.09266797767499174,0.514041560497569,0.0061305603296269015,0.17652320742140806,0.17951957832020995,0.007075937103276084,0.24835573090603355,-0.133524117594279,-0.09880626416167483,-0.020880160120496337,-0.02505820265872646,-0.11495789527760816,0.10237073211277496,0.03226901156968812
0.08508009859663794,0.08213384144907045,0.5574964541751969,0.22716981254286736,0.3031708074731946,0.762724645737322,-0.023792109381867887,0.4792671849546962,0.5158912358467888,0.5270706250054101,0.40762595843081934,0.4445836458789417,0.2397855236433842,0.5082708765655327,0.5918176003167197,0.4397336136712498,0.46724808604280216,0.3686437211089317,1.8512245851360474,0.1859006649439049,0.4534395875542284,0.5118530769753799,-0.10023269609752299,0.2586776494508459,0.4692643724951939,0.522094968156696,0.3450262068055538,0.4527643317873567,0.7148901407559686,0.12739185539338865,0.43698313854020293,0.4981145791031376,0.3302965248482242,0.17768832690039094,0.24687921379920422,0.34865437819750567,0.4906329300762974,0.1639261199296349,0.2709519209108347,-0.22636355043218986,0.22616093427281728,0.38166926646393123,0.20425257248106776,0.039306544204454674,0.10195488320510644,0.07997994494892094,0.29423462706034853,0.029514867362818945,0.9902127186484567,0.5869484213119291,-0.05564081108691891,-0.009072800955339166,-0.3679486638059526,-0.09329317332903551,-0.051891071286845884,0.03606609723658002,0.11489315238806917,0.040410620983047665,-0.2104036077577935
0.0585430718725431,0.34586855834377755,0.38766049177578776,0.24983229482359198,0.25203046514693406,0.46754187590789154,0.11452601081935483,0.31996501543086825,0.31967323621696114,0.19949076737085797,0.3195034368422158,0.25652435665420936,0.206079132979998,0.31380646967547304,0.4074099155779269,0.28214115299885734,0.35179250327944483,-0.04559138628508951,0.1859006649439049,1.0770964620621248,0.19879930968991744,0.3003328829345009,0.3159505647726017,0.32771377937028573,0.2511955793963162,0.38009330893980436,0.45468729953265125,0.42662818651963674,0.2386238463757783,0.3007068050892301,0.09873356445586018,0.2617550137737431,0.2583054680118779,0.2919690964764166,0.3095339423446398,0.20603527061730575,0.6508155692800327,0.42261989129162,0.10241453117576635,-0.05439338975657998,0.28406645934242997,0.36235120392233505,0.6154845648032703,0.16968761625717643,0.40730058430447375,0.07513916792377721,0.22918680569705946,0.11349515795537353,0.4883626422235556,-0.21841346503909906,-0.05721946142588449,-0.02563474699248332,0.2710565491397589,-0.025848403736667736,0.12439914537220656,0.06973732002477079,-0.1354067043267037,-0.01606175121559795,0.023012652587553344
0.07865808409469821,0.2627686627670293,0.32939613649500527,0.27971182055223526,0.3131353465688103,0.39132032011882234,0.23559580804710062,0.26665685921238713,0.36638217174111937,0.25960787836017735,0.3259258134810906,0.31225063454720353,0.20142473225872218,0.33913279650347766,0.37749771194177084,0.30393697166409456,0.37666313910415755,0.24368615865400486,0.4534395875542284,0.19879930968991744,0.7696111726657109,0.33195956700329654,0.35094343950836243,0.2407418721672328,0.32325793764786076,0.526061490997902,0.2844387056286724,0.47799350471562624,0.4143305098425986,0.11573503660082714,0.06685059093895798,0.3622309686419287,0.2893233116929074,0.3564532534009461,0.5748087755366414,0.1825223794699819,0.48932357246703306,0.14548827446953516,0.11299097916208037,-0.17430100682870864,0.41157330088223953,0.4315152795715403,0.2995320794546288,0.08470598438778736,-0.033624393453286154,-0.035370397784891955,0.34991864586960736,0.18036588401650439,1.0967523663648189,0.03424354939626562,0.0020022776275845765,0.17883766493615147,-0.10022686471944534,-0.05169552632249607,0.052985571749771795,0.0412390141208861,-0.040083034589916126,-0.07122133689641431,0.07778225621197676
0.1142859750759605,0.197696846810058,0.4944617119285675,0.32670495005561173,0.3088370034395616,0.4727446425806934,0.2678531576692729,0.3005728643176668,0.6316087416068566,0.34273882762499747,0.35087114145724096,0.36955065251637925,0.2446816257078832,0.4345551626892417,0.421209657610816,0.44504274773797464,0.4375952654043357,0.35301027641550425,0.5118530769753799,0.3003328829345009,0.33195956700329654,0.8391923306707945,0.2373833348644224,0.29594616873825497,0.31844763359819794,0.41396097477293814,0.3587721695542478,0.445132894538999,0.41306813693677724,0.0007749881055149924,0.28094104094129413,0.4321115549010667,0.23025821774728578,0.24850983248723374,0.27910559736379603,0.3640512991969544,0.2617954597223987,0.19644290928949829,0.1430735722684599,-0.08820623242227738,0.29920353625123575,0.34485064316134034,0.30786713302609453,0.09997525512420581,-0.005413109154997748,0.18713439195177453,0.28229758131841776,-0.13986973935605446,0.7777889037114052,-0.08661575853871317,-0.017231839350379658,0.09645200194139428,-0.017011105450403186,-0.06419911350251639,0.06886018827136554,0.12351930707208937,-0.04963278969499305,-0.047295576846911644,-0.15483703962862533
0.04304776278080033,0.13789878188418347,0.21752132852498404,0.23681022994493026,0.23484960411406952,0.24982688512934614,0.19221875444763264,0.12916007908481658,0.23436256571876934,0.2301179558119534,0.158883045645618,0.2239556109184645,0.18786956817485473,0.163732717425436,0.009169390924278218,0.18648425615712788,0.11269306095943304,0.3699075641435183,-0.10023269609752299,0.3159505647726017,0.35094343950836243,0.2373833348644224,3.2831885482403393,0.7493155860231615,0.3592145799450768,0.04118520924444071,0.3239292788310407,0.1794103393402502,0.9131694557986564,0.6037212083852548,-1.3514128708494533,0.022093148089448962,0.5123225708729657,0.8339208553160333,0.8760050862336504,0.03697289849558238,1.0455398551157808,0.04086807866207296,0.15074212227547326,-0.4421260836388379,0.3021783310055407,0.23696428384857324,0.737197915853226,0.14809293109881752,-0.2638889827899103,0.21262736048219674,0.6176207396771825,0.12803834550825802,0.8717949798996543,0.181035410367689,-0.053390850198901475,0.0027806065573928412,0.3677547241087835,0.0023042339535827615,0.23183680978586052,0.03325688715982569,-0.7199355500074867,-0.3732062479649192,0.9590957532098596
0.07730905174528327,0.11353067226567021,0.25118057854104664,0.291938030866788,0.30402721362809026,0.3793444257361093,0.21347029607084908,0.1490098797802067,0.38528817733611237,0.22320327848290156,0.2687842504167551,0.25580026340999173,0.1741609988520374,0.26682421622931973,0.3326035858664645,0.26229844205785097,0.2678306560955959,0.16743273462075814,0.2586776494508459,0.32771377937028573,0.2407418721672328,0.29594616873825497,0.7493155860231615,1.4167213843280262,0.39803180518549336,0.18727638066631166,0.21745470978200598,0.5030423251280475,0.25204149239112505,-0.0038647219740434433,0.659272191252627,0.22677783865824572,0.20801353139384277,0.14815105387825792,-0.08566002061410023,0.2086973643168159,-0.040370648251400056,0.1358466037988632,0.160708082342806,0.09232338359939671,0.1783239534057966,0.23942643943324757,0.18607439132469863,0.09488121840228816,-0.16370722323187564,0.034694485938153746,0.17325475519754463,0.053464039518719815,0.5098972087964692,-0.07418407218522464,-0.04495278147943611,0.16352355137016153,0.07338836478273078,-0.06215779217188895,0.47447751948855676,0.18247036008795048,-0.3041878731545356,-0.7149715664060635,0.5485868765927956
0.08612920700960014,0.2061837294262213,0.35134963307322054,0.2969261274590247,0.340008397365784,0.44184126891030295,0.21459127075487902,0.32994400256648954,0.3062575492883526,0.338448170099885,0.32283078359209766,0.3664678255487453,0.21132622618741936,0.3158065505804704,0.36357773942549254,0.31113326557183824,0.34774659617498055,0.3268942038081441,0.4692643724951939,0.2511955793963162,0.32325793764786076,0.31844763359819794,0.3592145799450768,0.39803180518549336,1.2628607563965055,0.3468474368827003,0.4495761822018386,0.31818734552704087,0.7240290759458602,0.0837039041857464,0.33863516424818163,0.30145376791108563,0.2622650107063319,0.45528764381595566,0.42190663188226724,0.3087371762148219,0.36770108618355385,0.14833766336582083,0.18876857864491706,-0.12219885085938091,0.3467231691287797,0.2962469447516297,0.3565556365182226,0.08316705056827833,0.06712549811169319,0.09046255312599509,0.32873723726110393,0.018159099629858715,0.42070633024498844,-0.15133483963807312,0.09536776841178372,0.08822359446562475,0.003648129659417909,-0.010294485435653884,0.0030094130238713297,0.0023556024713978076,-0.1938264766368489,-0.06109741811791346,0.21981154427777752
0.08123766199638058,0.28189002543540964,0.43548409731045395,0.40914738250968785,0.4957500348103742,0.5657786467801689,0.2862225765454716,0.44474060631893186,0.5096561752959836,0.4034413740981281,0.4095418115534902,0.4107702455500097,0.18141573590470186,0.49291735981743545,0.571600065769365,0.3530194030234956,0.38827639633430255,0.20047474975634721,0.522094968156696,0.38009330893980436,0.526061490997902,0.41396097477293814,0.04118520924444071,0.18727638066631166,0.3468474368827003,1.9388152822493805,0.15945392171965767,0.4674968909777017,0.3184120507163849,0.03357276200642198,0.1617513725908829,0.5493917561151124,0.37482319048845575,0.36955833759865026,0.2032608398215238,0.2387486651127587,0.5943611157363792,0.23419417142903756,-0.4639923523684563,-0.32971146831401976,0.37891748159900274,0.5088738099596584,0.30522918182863196,0.033600544130319376,-0.15830413456449188,-0.23144771907795156,0.30255210926562576,0.27721799653814627,2.0041637372291214,-0.3653216013278426,0.08743097260257356,0.1880303682167322,-0.08404288091704544,0.03222713401622424,0.04805183643219558,0.056316524212608986,-0.0682348851592382,0.02181227696640324,0.006571258429604556
0.04514661381068595,0.2142205288770823,0.2912973019544665,0.23041172950787542,0.18986039997787507,0.35478559094931933,0.19323546790215915,0.33731676851311393,0.30641364871469684,0.32502828923002686,0.3349840210938308,0.31348550718368756,0.17707474433596773,0.23746838667263748,0.35869375596327946,0.26736847837086847,0.38349502298715277,0.31314281149625894,0.3450262068055538,0.45468729953265125,0.2844387056286724,0.3587721695542478,0.3239292788310407,0.21745470978200598,0.4495761822018386,0.15945392171965767,2.203883376117475,0.7531942300162489,0.22916583957070097,0.1781681404134391,0.179783654277788,0.1886964095227528,0.9093865336155434,0.30312324477455116,1.0984671702688729,0.2987986728353196,0.8817978414653653,0.21515816145996203,0.16635417040767683,-0.31172391678024947,0.5024408320989283,0.36180592316554416,0.7562915740063102,0.2126055178071202,-0.2646234780168558,-0.4102711097513189,0.323535216073466,0.4868380187944548,2.798903275911943,-0.13563456653247197,-0.04840064127629055,-0.012226202197779385,0.2721018076190784,0.06911157403728452,0.25902562342192215,-0.08210755210566936,-0.2615884425565824,-0.19912232382771305,0.5133252313240754
0.0641826806503617,0.21769200646448608,0.3037928312912935,0.36428153920918005,0.3906547673146109,0.4630517131106204,0.27938676440107985,0.2437679247435213,0.5250673246753276,0.40380037489690496,0.4049657358649294,0.24325406700321114,0.2469263723638223,0.41770999884351867,0.5367534645398012,0.36854376770305436,0.70338346959163,0.4584530423921919,0.4527643317873567,0.42662818651963674,0.47799350471562624,0.445132894538999,0.1794103393402502,0.5030423251280475,0.31818734552704087,0.4674968909777017,0.7531942300162489,2.255840203392271,-0.0904582898766265,-0.03163935992521097,0.596006343121105,0.4278580432646563,0.6921517499154589,0.450187688818172,0.34761708720408147,0.14248839177272565,0.49017032425512364,0.2371815851689497,0.2641609608101157,-0.01619739483007782,0.5696937660643875,0.3948043734203847,0.3593961903386868,0.10710311375244504,-0.5251642082922083,-0.12568163765201604,0.3201490451932204,0.37286708094906645,1.7767159462153588,-0.05012303196535506,-0.11657735357133078,0.591830113810004,-0.13194894414601246,-0.17405584042660172,0.575763014546007,0.04561356097369103,0.10191286257483088,-0.6253942127980108,0.49852540440748705
0.13553207344202078,0.34028284603540443,0.762546448484639,0.2202472733723889,0.15477192102704226,0.6107910258828825,0.1418643717266727,0.4314056648951682,0.38978084397880175,0.4460140947188791,0.3683818692291979,0.4132932476087951,0.33747839420153775,0.315513886661145,0.42817191104254015,0.38340672794020775,0.30586176307407115,0.37272437682774967,0.7148901407559686,0.2386238463757783,0.4143305098425986,0.41306813693677724,0.9131694557986564,0.25204149239112505,0.7240290759458602,0.3184120507163849,0.22916583957070097,-0.0904582898766265,3.3747167181624538,0.617512630195774,-0.46363062895476703,0.2842129404394562,0.372312491220864,0.549826680210284,0.9294832266906856,0.4285763374006044,1.5466703148439436,-0.019902146264820404,0.3731452053368518,-0.4204488472839106,0.6988860593880497,0.3507397194121922,0.6706267879482842,-0.12714795482846375,0.4640857124902318,0.7260633804800202,0.6870354755148482,-0.1885033801453873,0.9319988147012842,0.4964478336720833,0.026235897152217802,0.0764515740031084,-0.2136347543063591,-0.15785198026450964,-0.17654044573063762,-0.10860655142799945,-0.576042738815043,0.11403928852045757,0.580599272132607
-0.015061557253565417,-0.08006542478832124,-0.08926129982337284,-0.08536988093995357,-0.13485611092065733,-0.19671619928324566,0.10585469464997929,0.049001907842077363,-0.07728446075018448,0.15377904259403624,0.05132822301991306,0.00940138943701754,0.1282941978858684,0.05801872971384212,0.13677472754389383,0.06163722916226441,0.04859293630615289,-0.13331783892329163,0.12739185539338865,0.3007068050892301,0.11573503660082714,0.0007749881055149924,0.6037212083852548,-0.0038647219740434433,0.0837039041857464,0.03357276200642198,0.1781681404134391,-0.03163935992521097,0.617512630195774,3.9152424469864897,-0.7096518337563573,-0.0018385056411646438,1.4374102481574489,0.5230658453227052,1.0487230705902102,-0.12083685603798286,2.659292319921849,0.24975188950443863,0.5199964495954114,-1.3534929930222794,0.1456782073347954,0.21904726658680537,0.6838927722339125,0.033406331625699136,0.13879837073636872,0.2293667471321287,1.5252618787404317,0.25960551832879375,1.3664021776245137,0.48197855762860253,-0.09431512925862083,-0.5917967428223085,0.3498012983042023,-0.1557910719681037,-0.11767433746349143,-0.1326769301508448,-0.06990937275567964,0.11655581820603522,0.1225125786828219
0.08082280799975265,0.11039617129826801,0.08696816233080035,0.37176019547866274,0.5175066882837123,0.40615220040954264,0.21698334635128647,0.23070394673085065,0.40416299055842325,0.27758946176533333,0.3477530101382115,0.2834489527496843,0.1567117644550861,0.2578699269031656,0.35322773872041385,0.24817298313705383,0.352898613163425,0.7026806088220856,0.43698313854020293,0.09873356445586018,0.06685059093895798,0.28094104094129413,-1.3514128708494533,0.659272191252627,0.33863516424818163,0.1617513725908829,0.179783654277788,0.596006343121105,-0.46363062895476703,-0.7096518337563573,3.7657045850413975,0.33377964766432683,-0.08405518977093945,-0.3161073042064539,-1.0234566284432776,0.47836278293537016,-1.4308911210490871,0.21287717449162694,0.44348001870680864,0.8179198956376035,-0.0037071697219378933,0.10450308093200249,-0.24215322459595096,0.044246208011015115,0.26738633279756396,0.09798094780006236,-0.04091533551698262,-0.18511897137857225,-1.2659788099133202,-0.27568199984667036,0.009819337919233877,0.37805260386426875,-0.17826875983701834,-0.16114979044513894,0.184130716833917,0.15759684709378394,0.3346624172025749,-0.16771960374162145,-0.5020818392988722
0.09155257298660878,0.18796257907361927,0.3171106199110622,0.35726693396909964,0.38983194971456625,0.4790492330705951,0.18754336656736142,0.3394850766867507,0.41927674457673797,0.3035723895895194,0.32747798771608394,0.35130311359484434,0.20044553714375157,0.5804970774395921,0.42306188469535316,0.41560801352233223,0.3632863176528052,0.2482731833177745,0.4981145791031376,0.2617550137737431,0.3622309686419287,0.4321115549010667,0.022093148089448962,0.22677783865824572,0.30145376791108563,0.5493917561151124,0.1886964095227528,0.4278580432646563,0.2842129404394562,-0.0018385056411646438,0.33377964766432683,0.8199314942069371,0.18555229688787492,0.17388779992090772,0.21332289106808833,0.29555566184566184,0.2777120958296049,0.18194941424991365,0.11607761907862212,-0.03284449406321266,0.2316849376761599,0.3564172587317546,0.10059008491344158,0.07390433150916235,0.08075061908786256,0.06247886208472722,0.3070496236341241,0.008643667942383871,0.8015122324685178,0.1295252309230147,0.028378441245433435,0.3271395775005882,-0.5251761694375294,0.021396425335423228,-0.06598987413910565,0.04514016965970704,0.5543274209938528,0.07733621059193681,-0.574398383591729
0.03741837888694454,0.14047020833872687,0.2562639037869221,0.12221313442408441,0.10219601668423903,0.16080604151869743,0.159720326982553,0.2863268788725171,0.2247505862671535,0.31852772748910446,0.23035453558867,0.15669404721281932,0.17365610755974392,0.16831846336672623,0.2804224668737464,0.15138242157370957,0.29544864341879906,0.3458092396149259,0.3302965248482242,0.2583054680118779,0.2893233116929074,0.23025821774728578,0.5123225708729657,0.20801353139384277,0.2622650107063319,0.37482319048845575,0.9093865336155434,0.6921517499154589,0.372312491220864,1.4374102481574489,-0.08405518977093945,0.18555229688787492,2.039693180884928,0.282334753426077,0.75748802096432,-0.2759612158997371,2.1817478493752196,0.21586378266896783,0.3116739632412481,-1.1388572567321953,-0.08808043024574888,0.3914299041319864,0.6967290584887144,0.10971962675860869,-0.2923682237009122,-0.4538762145946874,0.9283734696746703,0.6452845719002755,2.8360505761323935,0.7793982465040918,-0.12762130463590318,0.1201804665640407,-0.4794026723037892,-0.1247030390794977,0.20892395426658855,-0.19329429041699256,-0.2904370644366553,-0.21085690330476045,0.7354749077902191
-0.02636576821447646,0.19551212496350687,0.24573086028274593,0.41250407821262386,0.6942270058346774,0.3534527250813331,0.3782679503335557,0.38449423236992003,0.22332192711294296,0.5458913867261221,0.39189868618580087,0.3373989828185898,0.3131638491369673,0.23615863011437427,0.32110800058144995,0.26994010451601885,0.39268499751011177,0.43685263506581956,0.17768832690039094,0.2919690964764166,0.3564532534009461,0.24850983248723374,0.8339208553160333,0.14815105387825792,0.45528764381595566,0.36955833759865026,0.30312324477455116,0.450187688818172,0.549826680210284,0.5230658453227052,-0.3161073042064539,0.17388779992090772,0.282334753426077,3.3008150213504712,0.9597492209696359,0.030898847770791184,1.2604916782866291,0.1878988189638515,0.6706584138719945,-0.8628629045228867,0.49653236492721636,0.3029045731699117,0.6354419429433054,0.1747017071251434,-0.5250672546384264,-0.15470106594036978,0.7723582793959182,0.47073455715246537,2.0913563360182,-0.14772409756745306,-0.08054888153281758,0.1788354330748998,0.3447713472804957,-0.234495670537181,-0.23582103034749616,-0.13601044686775168,-0.45792346130122075,-0.10343204124983726,0.8177616437067688
