0.6714944123806291,0.11879071260783759,0.08452750267455982,0.07215422170573421,0.14417454677853928,0.09587429930045557,0.18299250638952586,0.04910655628016287,0.034009039814045926,0.06488661402813967,0.06734462910622988,0.09064015618263449,0.06287466017608659,0.08741992663033263,0.06149692513987459,0.10256675404247342,0.03251297568432594,0.08799158240024185,-0.015910609308834412,0.020865060351751227,0.042141633919194295,0.07314193696547568,0.030443423693946686,-0.030019985471267316,0.07065553220721754,0.048723679847946004,0.07472864379143086,0.018127924544392503,0.09397172580091953,0.0801638032368536,0.0361024952912134,0.07260155423371452,-0.007973753846955553,-0.1347499037784059,0.07188900389845375,0.0155556422963377,0.009562547721607714,0.031985203952229445,0.008748679506788442,0.032251720127120534,0.07479357024397587,0.03804716912829786,0.01184884576275681,0.0037288033103389235,0.1176504700787643,0.05332133324576326,0.06885988558590007,-0.010457852330969087,0.06842508143984088,-0.0348672356677036,-0.004205588914784429,-0.052990264803257005,0.023216946632288894,0.029637567810964806,0.010887347677489397,-0.005426188728109085,0.011653609122904314,0.031093541070967002,-0.0634324857568949,-0.02010398920109431
0.11879071260783759,2.8170907187705265,0.40874832853862736,-0.0072706737772683105,0.0658464756139796,0.3390118398988094,0.2292223546513345,0.15771011715418834,0.3804634485891754,0.11314897523873522,0.18263532333667987,0.23009144630236697,0.12791327389445709,0.07097742959022284,0.22396274913401157,0.24749895499597652,0.19803541582932632,0.3342928705957762,-0.4287806900484466,0.16053713688635604,0.24469242440223873,0.25731923632327164,-0.07787195611289704,-0.11092880589154763,0.15108002652425193,0.2281061082742709,0.4424631936252913,0.16968598583446387,0.19347655659235732,-0.11911685638673498,0.19480351716785876,0.23722145919647392,-0.051311929044856666,0.11945781914204853,0.1511499415560094,0.21118340886943576,0.14357486409143944,0.11418527312683033,-0.25105685282023305,0.117928578338838,0.2067619649113967,0.2230262751712649,0.19303405863663858,-0.02373419652520833,0.26627427987735747,0.3002680780032371,0.20757913970417424,-0.06302793684446265,-0.08174067623902154,-0.7246502257637191,0.7262529606336383,0.1352446313404309,-0.02934930410852102,0.04776817788666298,-0.08197811873488138,0.0658973890029177,0.09361506366718869,0.08513755339365879,-0.18506805959393663,0.39786984824813565
0.08452750267455982,0.40874832853862736,2.686013948721091,-0.07625192265611283,-0.321655646997505,0.3679971286986688,0.15797964270636475,0.2901803370902493,0.4475760145128216,0.1637541106346477,0.15107427529610956,0.1724960093926265,0.12367620815035103,0.0823165840465811,0.3213468185922709,0.24916283273126008,0.4230477310769519,0.31012310020079636,-0.020535509604673298,0.2743123526281098,0.27616740494660147,0.3570870714498288,0.2526868448711658,0.18707265506676202,0.22240395957703613,0.25644855706626524,0.26228876265611806,0.300605064779887,0.19807019064305714,-0.6691187455935899,0.23619277197727476,0.194598842373562,0.3778239407455906,0.2881233377034672,-0.0046865814678708415,0.23794247176594593,0.5386335057684579,0.1444004632677108,0.03850935439667761,-0.4188173872651587,0.10095358999098707,0.28166887003386504,0.23562519314516256,0.034946596789122174,0.1274278166186839,0.42061872424483543,0.34653097200747834,-0.0706124409480821,-0.3111177627692892,0.19099610148826315,0.036590631561295786,0.0019674660024883786,-0.12144427071734526,-0.10434511856876427,0.023798403888185098,-0.09610582985927288,0.19267704883951697,0.14337397572629101,-0.4767351512718367,0.2929026235406011
0.07215422170573421,-0.0072706737772683105,-0.07625192265611283,0.9652567583896745,0.6104443483009656,0.4225428835817883,0.3160808575722997,0.1420850596288919,0.13505299118942063,0.06457853929489071,0.2080843097898338,0.2548554775529188,0.20285351649388988,0.2514828064264616,0.2187258858974313,0.24854139944986714,0.13706383196484268,0.21416222228481444,-0.10075914929503638,0.25156836864938303,0.16294569018454236,0.18249012794903366,0.30703410682904325,0.19871402091212184,0.18075284375226736,0.2890961213831546,0.07004074483901165,0.12216259733872577,0.3555227128923649,0.017112302250311538,0.09509971478617764,0.1639735447005005,0.01791387399882349,0.38763045398997736,0.259334321609398,0.037775996893117905,0.22606195596496587,0.14878194298787015,0.27149786825523936,0.024199770470232064,0.07150702915015585,0.17057452195311534,0.48403608371700185,0.016649584149878563,0.013024826888250794,0.06572587675242769,0.26478300437246594,0.0017784907384580967,0.2851421674615054,0.117603287570182,-0.38603667221246063,0.2355778705986963,-0.04054193615364172,-0.03685373674966802,0.2486727043053389,0.04651989765429416,-0.7002269696015352,0.31916467816418964,0.11908134455279806,-0.2113976113241305
0.14417454677853928,0.0658464756139796,-0.321655646997505,0.6104443483009656,1.183112657056,0.3258260304046809,0.24677547602756472,0.18116193584913198,0.11420410608537185,0.11420892773763502,0.189360232213866,0.225012791389537,0.19121572318500404,0.20204055512190247,0.18511388201780618,0.19956622255682036,0.018000718283576377,0.2032331253365513,-0.0991589196641275,0.19027413049609276,0.07040668556987704,0.13270536465714033,0.2545280773602425,0.15749601659994006,0.17444300071881094,0.256281465782719,0.11076289441938801,-0.054435668856294445,0.27719724235114757,-0.04748902839948617,0.1003089201773656,0.037408222628833136,-0.08870224274889141,0.4092223581791606,0.23118490875157646,0.06637238918407729,0.12309294863273158,0.10423569373798555,0.24970935783609696,0.174284251217759,0.07185686999638033,0.09727864572624302,0.33274493898553237,0.01710679132899044,-0.008750617276671754,0.046360384477506365,0.1913066392626554,-0.004869479996832668,0.2570458664790067,-0.14040655718818285,-0.29661875941532817,0.3035743143561872,0.15305054962620004,-0.08560971076954103,0.03343723871640881,0.09828447038359879,-0.3876881760385611,0.15333146498039774,0.10821884023609739,-0.5411740773311968
0.09587429930045557,0.3390118398988094,0.3679971286986688,0.4225428835817883,0.3258260304046809,1.1505413987197364,0.2743966042409051,0.11398895418652037,0.20841856699887804,0.12604010532676369,0.3219548340590038,0.3352893690160589,0.18470124750869701,0.26364967900337766,0.3235049997232059,0.28879069584531725,0.2725549858282674,0.21315909339050407,0.08496926519909755,0.3288707782260296,0.2771023487878398,0.2565075768851032,0.11468025376032816,0.13556785822048173,0.2299648152683684,0.4372515138050639,0.324243260848406,0.3240114067484007,0.5807374543421128,-0.2039433835647306,0.19419226211049131,0.4011022821098149,-0.06654509016259988,0.4700158515189433,0.26846015253905653,0.027873427609739335,0.36566723020726694,0.19884555713410015,0.3279172757222971,0.03997559363999656,0.06385930644320624,0.2676662747669007,0.37311529199450555,-0.013139677199800871,0.08076387555137621,0.052451017437930986,0.45362532744706074,-0.03100813149958548,0.47887297517064836,0.678972031550583,-0.7436542609150696,0.032049719821637006,-0.45088672116315637,0.3578558109731046,0.09682603578721094,0.06298980858881693,-0.1639411380667336,0.17512175630974866,-0.13735363696850625,0.38228197702589006
0.18299250638952586,0.2292223546513345,0.15797964270636475,0.3160808575722997,0.24677547602756472,0.2743966042409051,0.846619386054903,-0.09377778396523681,0.23644636647475523,0.07939352058476348,0.16092817642885593,0.27453109180626495,0.14973703168143931,0.08545303213148035,0.14402230530856877,0.24978115550946384,0.1064877723618018,0.23041043045485893,-0.21534337425253886,0.06999628570673473,0.1282354584359023,0.21853996863931963,0.30228301241109007,0.15305130843268291,0.18339191621465284,0.1395997304797613,0.18114139389479914,0.1056141960007043,0.22746854842503386,0.023372963231189738,0.11170104824327859,0.13989140014351578,0.0038446229195986965,0.30122834045120844,0.16584643665721469,0.1570872285522872,0.13538726463222378,0.05377521702296328,0.06889285442567925,-0.04257738892422322,0.049468197330848354,0.12837730217292936,0.22702135849173002,0.011734121004468075,-0.044294333179572785,0.10207806664572577,-0.007680508805455215,-0.04470102344732804,0.11962418244469526,-0.12651216914176347,-0.12882915388654678,0.04623444806863984,0.029727897892714447,0.05652548227715566,0.15413402887300395,0.09982504086322903,-0.038456801255666646,0.07733258967893387,-0.3207750637031071,0.12821474494849783
0.04910655628016287,0.15771011715418834,0.2901803370902493,0.1420850596288919,0.18116193584913198,0.11398895418652037,-0.09377778396523681,1.110072916944235,0.1382267227930084,0.34069180516383185,0.3187730979182102,0.15587903326122787,0.24704511254317982,0.19299568446462653,0.17253161424181732,0.23670685278343914,0.28278877339335545,0.3299791162165448,0.10159597099110704,0.26585044796360147,0.205301361320668,0.22510690474777612,0.2702034742477835,0.115155567272818,0.21181215337903306,0.35072345860878074,0.23639419114394516,0.14464512951093325,0.13653432193839996,-0.15871174861882856,0.12844054460066676,0.15884534271461584,0.2920483605726749,0.3126046746771254,0.08791769511389666,0.016738772202063712,0.35560463099817735,0.1923639467450425,0.22646274066047484,0.1426684149787657,0.13888640303995703,0.21369013820889193,0.3210901766429524,0.0004377664086917569,0.05834398435529878,0.26505609289758847,0.5640835044785045,0.020422696597531924,0.3296641465462247,-0.009326069155335265,0.045930532625434735,0.0941293492852355,0.11113998842531285,-0.14476536270831686,-0.12483329978424262,-0.1590876351891217,8.198889363000276e-5,0.6533761732021383,-0.41649538240057093,0.06014658180177657
0.034009039814045926,0.3804634485891754,0.4475760145128216,0.13505299118942063,0.11420410608537185,0.20841856699887804,0.23644636647475523,0.1382267227930084,0.823471049762015,0.15542793165661592,0.11693561053620764,0.13889118208030327,0.12862953660066662,0.16148025345231676,0.22376931857632376,0.18410889702772892,0.1743002736695775,0.29156884589438986,-0.41817378744389494,0.16855766145741216,0.1818029156243214,0.4278807824782812,0.43298969862380937,0.29762083668520106,0.19350286043171536,0.27476818795468894,0.2162496952244645,0.14246856950097014,0.08202828613599386,0.03405530855750988,0.17282295509118567,0.20046927164075817,0.14531244763186713,0.12582327966795406,0.1708046597821172,0.1402979154933686,0.12985685808684863,0.1258904333658485,-0.053259746865195044,-0.048501648831169246,0.13355788522116074,0.18083842922553542,0.28213789755139035,0.0031538903666720563,0.0477055428793215,0.27361068268047073,0.3365884492919066,-0.05233616384701148,0.35134484009070954,-0.6303397443474509,0.18148738244987608,-0.003085768147071327,0.3261142789168905,-0.03420982777482426,0.03275921693952733,0.20075669943011912,0.006466559382587686,0.11017789755919317,-0.3590582771480401,0.25157691213400835
0.06488661402813967,0.11314897523873522,0.1637541106346477,0.06457853929489071,0.11420892773763502,0.12604010532676369,0.07939352058476348,0.34069180516383185,0.15542793165661592,0.7222167460372788,0.21571279516751615,0.10831580678498054,0.16025860938008865,0.07972729085604328,0.137219011882721,0.12049423861123806,0.19636410245594438,0.26279910653640615,0.058682836877485295,0.07744404098726046,0.13641066614920425,0.16775411280085623,0.2842103841993101,0.1325918559046321,0.14931793309290983,0.17687168274854015,0.26032586947870096,0.18785231874246472,0.14018096084540407,-0.0928761484509053,0.1284205023820753,0.10799303022311614,0.19892720233021005,0.36105910960035315,0.16833290376304152,0.0940134298773947,0.30096777674094377,0.07203874986697957,0.251177834242682,0.15453251580718838,0.17067608959762903,0.14357638697478364,0.06168311559178559,0.008638402723212103,-0.077344408549862,0.2014431429682748,0.4332129870238563,-0.011332429592593707,0.23311569939212914,0.13270866019141975,-0.06384272789430732,-0.04936099229070979,0.0718683731158815,0.032035477364709554,0.007530078171455537,-0.10355684445954887,0.284829663581297,-0.2036130509710045,0.02547443022090543,0.1360670883203078
0.06734462910622988,0.18263532333667987,0.15107427529610956,0.2080843097898338,0.189360232213866,0.3219548340590038,0.16092817642885593,0.3187730979182102,0.11693561053620764,0.21571279516751615,0.5165597891904578,0.3099627124091191,0.219960708466384,0.1506697424455028,0.2819967841959214,0.2402899884534291,0.3589842848084855,0.21701110156887618,0.03753626354042988,0.29042234925521254,0.23663088597574564,0.2020310580133543,0.2096510831450418,0.18186799094319828,0.2198519896062891,0.2528311088802839,0.28199594116753846,0.2725202846279732,0.25009735790081933,-0.01099243585064805,0.17689044999494366,0.17427585585084618,0.16720345548895943,0.2802685917773436,0.28402236920797297,0.10105123886266906,0.33947772747889315,0.17747632761904839,0.19404886297935267,0.10483498111284396,0.16301571632449127,0.24233017362308054,0.2354112672422131,-0.011874491521514749,0.1269289697787877,0.19292509100072622,0.38511177051043693,-0.009432400817200556,0.2198616937050925,0.11085272148660597,-0.1729140034317014,0.004953269568054236,0.01859278053511181,0.07595732784976034,-0.02330563623350359,0.03917736548055097,-0.08813282150900371,0.11666614448285734,-0.12998536026172922,0.1681276319094769
0.09064015618263449,0.23009144630236697,0.1724960093926265,0.2548554775529188,0.225012791389537,0.3352893690160589,0.27453109180626495,0.15587903326122787,0.13889118208030327,0.10831580678498054,0.3099627124091191,0.6644124460725648,0.14594991329802284,0.19644655979397246,0.23934360624901777,0.2818458591223486,0.24359555158168186,0.10411142699415563,0.03589597956500386,0.24965882471027284,0.20616764028899018,0.20844806698819984,0.10862429255829718,0.14395530833740885,0.19858294516058866,0.19496434189337344,0.2625708918625047,0.138903966717861,0.23404082036605522,0.029561680007637085,0.14573964391331784,0.21816637446470624,0.1209030288830364,0.2545228831527464,0.11385286848554559,0.1542131739874959,0.23396118316584671,0.14380755339425302,0.1952879987682534,0.08829773094667805,0.11875820590829873,0.21325882879919558,0.2631134700484944,-0.003235666462891014,0.0741785407835986,0.20500158709971286,0.3057612422649945,-0.020681066395587432,0.2732210257197523,0.09025362402052046,-0.05860710742806898,-0.13539691915494897,-0.06069658259637042,-0.012095145969890557,-0.015471109492634255,0.05094363429472832,-0.1521132667909444,0.31547408190198367,-0.24055014287684248,0.062391222352587275
0.06287466017608659,0.12791327389445709,0.12367620815035103,0.20285351649388988,0.19121572318500404,0.18470124750869701,0.14973703168143931,0.24704511254317982,0.12862953660066662,0.16025860938008865,0.219960708466384,0.14594991329802284,0.3684027822582374,0.14103153045836322,0.06343852542801998,0.16169772881100183,0.1237610334032213,0.15641318536939508,-0.007384252274121197,0.14882190824116612,0.12103864256150207,0.1551634843816869,0.22280568705159537,0.17219653720433709,0.14144483428700436,0.17048271066288004,0.1269206034515673,0.10942912117818314,0.16917247611584807,-0.015549461224273415,0.09138883278244557,0.1253037440089813,0.10464257395485481,0.1965837652906114,0.17308118654422094,0.06290824467067546,0.1716238586273664,0.08972312920614921,0.15284525559616619,0.04220675030114753,0.07975780439600087,0.12482932204752334,0.12322222267402012,0.010488941685469766,0.010002488427540568,0.14119486631611444,0.2187525064826702,-3.729213701448417e-5,0.2010590645754753,-0.04535939615037228,-0.03054765977469611,0.0052370142410335056,0.0777870274145691,-0.08551139195164552,0.041982099701713856,-0.022070748586083013,-0.12288249619050853,-0.22341425818351096,0.31909722429343707,0.02725582515399493
0.08741992663033263,0.07097742959022284,0.0823165840465811,0.2514828064264616,0.20204055512190247,0.26364967900337766,0.08545303213148035,0.19299568446462653,0.16148025345231676,0.07972729085604328,0.1506697424455028,0.19644655979397246,0.14103153045836322,0.5144088518956095,0.2331907299345572,0.20988871894418737,0.22814490023092465,0.1223377205843334,0.015161087072341881,0.2768660193521165,0.192071611894291,0.20034259956851183,0.15426030118050688,0.2103436637811747,0.14691832660191376,0.29432346784748464,0.05713297647452558,0.15954399141020414,0.3086145519968053,0.12961774494139822,0.14337950463765717,0.4068160605088468,0.07519558248727752,0.1572247674962001,0.15041058257616122,0.09347075929682068,0.21203227730480514,0.17276260432729698,0.20443042175803353,0.0547800668939344,0.20367551297846576,0.19316342041542192,0.2824011516883914,0.00878615605821603,0.1039905900721601,0.1603602233945079,0.39072322090163575,-0.008040109680267332,0.4994780315649893,0.21842982986079992,-0.21523775464175401,-0.09194937611347659,-0.03464122642834604,0.10062599193201302,-0.0727798820587542,0.0422100516137062,-0.3075980222838256,0.3030216402224908,-0.020374654043233464,0.0005235620462457325
0.06149692513987459,0.22396274913401157,0.3213468185922709,0.2187258858974313,0.18511388201780618,0.3235049997232059,0.14402230530856877,0.17253161424181732,0.22376931857632376,0.137219011882721,0.2819967841959214,0.23934360624901777,0.06343852542801998,0.2331907299345572,0.7247197878276606,0.2683644655594433,0.45518735815473843,0.33805202895172204,-0.0003870119193235,0.35146831422962743,0.2696888321843199,0.26139828459204056,0.3817209387316022,0.31583020420939506,0.27803588163224013,0.34603656944158284,0.19892080482264152,0.3979706384852074,0.3319823876117129,0.025242841305751874,0.2620670557077489,0.21768268053975162,0.2438572640218793,0.2584438154373622,0.2561311515060019,0.11737942233514415,0.5500269015489422,0.19760996994124314,0.3774679908255788,0.02810646361725911,0.25122775578485124,0.2762973026047495,0.3074151370998055,-0.00468670724882691,0.1653423478216669,0.2533223082509115,0.4743172792678679,-0.006007845989782338,0.4052224848438641,0.8500559211322618,-0.2990461711170488,0.06618830233926265,-0.3857856588276416,-0.02920876678436565,-0.002043399047078687,0.16367563521023443,-0.21938363449417128,0.3224553737836124,-0.3921399483580628,-0.005848943340463027
0.10256675404247342,0.24749895499597652,0.24916283273126008,0.24854139944986714,0.19956622255682036,0.28879069584531725,0.24978115550946384,0.23670685278343914,0.18410889702772892,0.12049423861123806,0.2402899884534291,0.2818458591223486,0.16169772881100183,0.20988871894418737,0.2683644655594433,1.1520858057753893,0.23204106910501024,0.2958224067881565,-0.03873453903466692,0.2218029240211368,0.2770208482085423,0.5537026269136177,0.33211177493683364,0.28074451539509254,0.32278377650703105,0.09544351866341301,0.25424890617634943,0.16031524859923943,0.27645052833640904,0.3238353493842064,0.21672773484531802,0.20138605289033312,0.12023805122548559,0.23780621609397448,0.2454355277972437,0.24485392678196122,0.29217431185834647,0.1486781350108013,0.16472509444946776,0.07978637001796822,0.20378267602972927,0.3110102832385895,0.5360150922187454,0.03182304242784918,0.10932823964272295,0.35165746958611116,0.436584996723576,-0.0677463384741069,0.3274868106179694,-0.5463559845865029,0.14132201618576531,-0.30678469301508515,0.211696869669096,-0.13363241098970097,-0.0015379403611151467,0.11614380754912737,-0.19211233797727154,0.3156836065898536,-0.1981865940306537,0.1404269514750671
0.03251297568432594,0.19803541582932632,0.4230477310769519,0.13706383196484268,0.018000718283576377,0.2725549858282674,0.1064877723618018,0.28278877339335545,0.1743002736695775,0.19636410245594438,0.3589842848084855,0.24359555158168186,0.1237610334032213,0.22814490023092465,0.45518735815473843,0.23204106910501024,1.096679923923102,0.2835650331627161,0.07122038622251452,0.5005157181500407,0.4188450122937428,0.258359523613614,0.26993097130994376,0.260312901183319,0.29854774419816765,0.27604459385429636,0.2642600197059709,0.7728476153513478,0.27523258867733785,0.003356275902199231,0.29168764712993345,0.22827745485783094,0.5016447120737165,0.24257621793488016,0.5424235148521677,0.12571187818731047,0.7767219402410375,0.3094098116235055,0.3259527946076706,0.06532238902590856,0.32739509235520176,0.43375408289708917,0.2040157798246117,-0.009152514234103182,0.420708501563271,0.3525447592453937,0.7131366862003703,0.009011886953259683,0.17583800275626973,0.7824245105425832,-0.19064125653755795,0.04640851703863148,-0.2651330649044944,0.00883470932148552,-0.19220415558362153,0.04551349830218815,-0.10565892458719273,0.223790777881,-0.44789368190520273,0.2566504196414075
0.08799158240024185,0.3342928705957762,0.31012310020079636,0.21416222228481444,0.2032331253365513,0.21315909339050407,0.23041043045485893,0.3299791162165448,0.29156884589438986,0.26279910653640615,0.21701110156887618,0.10411142699415563,0.15641318536939508,0.1223377205843334,0.33805202895172204,0.2958224067881565,0.2835650331627161,0.8311707278856755,-0.23415195239822265,0.14067009005238457,0.22571307055533815,0.29795749148503464,0.7439029606113825,0.2591480809406384,0.2659940157669935,0.38491457571389753,0.14662826116406252,0.2873574789877512,0.2333158481424305,-0.06747850755776728,0.2541280707859938,0.10986350394917901,0.24464605030400424,0.30397688901801784,0.2700002496647046,0.11023334873250419,0.41291856212873723,0.12459641351631245,0.23600993552421504,0.056597292863200435,0.19400579028324086,0.2178579654006948,0.38388476420781226,0.019489998787161945,0.09431275467766573,0.26302253126728,0.44632387096134957,-0.0039239211144945305,0.3056916287988995,0.01443823788242438,-0.013369229053576986,0.14931937604010567,0.04760354069027259,-0.08759536308933932,0.03741694481789548,0.001629930309182363,0.006440474364952754,0.27538106910732013,-0.3602841771732919,0.1038953631685982
-0.015910609308834412,-0.4287806900484466,-0.020535509604673298,-0.10075914929503638,-0.0991589196641275,0.08496926519909755,-0.21534337425253886,0.10159597099110704,-0.41817378744389494,0.058682836877485295,0.03753626354042988,0.03589597956500386,-0.007384252274121197,0.015161087072341881,-0.0003870119193235,-0.03873453903466692,0.07122038622251452,-0.23415195239822265,1.4607611015633177,-0.014785838809587715,0.05066347781497642,-0.12422158416305845,-0.5457645662200846,-0.1721389099625521,-0.046692208427387555,-0.05658583620406892,0.0349806030091513,0.130283969358994,0.03267402013062794,-0.08852228854168097,0.061529742275435825,0.006890435080962586,0.17488415601761534,0.06349720687598659,-0.13948486599337004,1.1729042799835591e-5,0.2793580790518414,-0.02206933486256677,0.49223356429506604,0.07472070335355484,-0.009419841152954403,0.021812443057040713,-0.13438563690612187,0.019238570917828116,-0.0827944905751356,-0.022272337817618164,-0.0967221252281847,0.04736407739586738,-0.04596657760262189,1.2425455685332767,-0.35222990803270554,-0.13285870325130467,-0.5202022466812414,-0.012655638933691156,-0.009146814982616859,-0.14729852231130158,0.04590793680176074,-0.02724636965248581,0.14724490987562536,-0.056035732445544516
0.020865060351751227,0.16053713688635604,0.2743123526281098,0.25156836864938303,0.19027413049609276,0.3288707782260296,0.06999628570673473,0.26585044796360147,0.16855766145741216,0.07744404098726046,0.29042234925521254,0.24965882471027284,0.14882190824116612,0.2768660193521165,0.35146831422962743,0.2218029240211368,0.5005157181500407,0.14067009005238457,-0.014785838809587715,1.2775023440762365,0.31026205712664784,0.23931180194935606,0.286888904831374,0.48531600938096575,0.35729582103385776,0.2977803083390732,0.13812665119131864,0.38488645212600725,0.4008108526822307,0.3198932687176784,0.29542403940787926,0.20291006997585148,0.24350771002254798,0.29789526300358005,0.45538002338028977,0.06734467590544278,0.7941948802859783,0.596678063592003,0.4472931372263655,0.12381229466834935,0.23526898534103616,0.350050224438542,0.6754779788174022,-0.03145873881801485,0.6350633626684862,0.2592885048907683,0.5624545072651979,0.06381165745933204,0.5069315350422631,0.17173216437160843,-0.3533461878281946,0.09567314125751104,0.049778178035947925,-0.08188212717996396,0.055593214412506864,0.08149394338290152,-0.3224204455446898,0.2800608156896803,-0.21770544737979958,-0.01196847542706531
0.042141633919194295,0.24469242440223873,0.27616740494660147,0.16294569018454236,0.07040668556987704,0.2771023487878398,0.1282354584359023,0.205301361320668,0.1818029156243214,0.13641066614920425,0.23663088597574564,0.20616764028899018,0.12103864256150207,0.192071611894291,0.2696888321843199,0.2770208482085423,0.4188450122937428,0.22571307055533815,0.05066347781497642,0.31026205712664784,0.5559968174592651,0.26216207094308486,0.259964741180863,0.2415754150153587,0.20236986490349376,0.2761371705475239,0.22195728612889173,0.36732403076632353,0.23860694926166642,0.08381045721255828,0.23143397881007155,0.23849073421587458,0.2925282884713757,0.21721058781520045,0.28021186626155997,0.16579773483452892,0.4258471209278363,0.21028663682078264,0.2498335013001433,0.14869137165932692,0.26392710264314706,0.4616974985627405,0.38418656009832597,0.0074887264666479054,0.2777727952449289,0.2982079946725683,0.5243340142959311,-0.007517277192768702,0.25234813755337426,0.23425440844362327,-0.02700866002723354,-0.20918942879006322,-0.04408906915663871,0.048577172033863185,0.004014008919767087,0.013014706772501024,-0.1254412843140685,0.18280512247183897,-0.09001856678712564,0.29229373294190175
0.07314193696547568,0.25731923632327164,0.3570870714498288,0.18249012794903366,0.13270536465714033,0.2565075768851032,0.21853996863931963,0.22510690474777612,0.4278807824782812,0.16775411280085623,0.2020310580133543,0.20844806698819984,0.1551634843816869,0.20034259956851183,0.26139828459204056,0.5537026269136177,0.258359523613614,0.29795749148503464,-0.12422158416305845,0.23931180194935606,0.26216207094308486,0.9634602183568286,0.40459827871232645,0.3381045359781139,0.26373964039060055,0.24704408359287608,0.28053482606888924,0.19991377434612156,0.19039724049574772,0.2131783079306816,0.2206046958095251,0.22672331752458627,0.2593948733041363,0.202194745202792,0.18080179433025956,0.24786785090640284,0.28867000840566814,0.16914457950654996,0.1430644412333656,0.026198828762654263,0.18838917958892004,0.2796309829005886,0.5207643881503319,0.04120856391640524,-0.00937687595693179,0.41711171903214245,0.44004425368321265,-0.1280158688219095,0.5882665234137876,-0.43652344164647444,0.08656713259011804,-0.28398240834339306,0.22581677169475597,-0.10315214934813172,-0.006650960452979093,0.12188951673735182,-0.0935029968618554,0.24387694656025266,-0.2549487440389673,0.17620542770507702
0.030443423693946686,-0.07787195611289704,0.2526868448711658,0.30703410682904325,0.2545280773602425,0.11468025376032816,0.30228301241109007,0.2702034742477835,0.43298969862380937,0.2842103841993101,0.2096510831450418,0.10862429255829718,0.22280568705159537,0.15426030118050688,0.3817209387316022,0.33211177493683364,0.26993097130994376,0.7439029606113825,-0.5457645662200846,0.286888904831374,0.259964741180863,0.40459827871232645,2.169420319145442,1.0763724159532915,0.6076124578604972,0.16806529767658987,0.11866943587578449,0.3445863734713962,0.49754093022470564,0.44158558403667003,0.08006046047788254,0.06774786162847536,0.568252888399505,0.33587364061728975,0.3622431994760552,0.08032641780662017,0.6661029679478283,0.1813623537338915,0.5032638330539942,-0.03520920016375395,0.2628610261430903,0.253008962621672,0.43118316358999553,0.029259790126982647,0.01770940027030134,0.3846031497269314,0.8145457819161839,0.049544677486401116,0.8878920939814153,0.12079383894958659,-0.16336572372597172,-0.049001820619617734,0.291548277245399,-0.23795351198537648,0.1805044238716134,0.08217765857355624,-0.12110586967608611,-0.029569740004735466,-0.1046441679710811,0.007046372816709031
-0.030019985471267316,-0.11092880589154763,0.18707265506676202,0.19871402091212184,0.15749601659994006,0.13556785822048173,0.15305130843268291,0.115155567272818,0.29762083668520106,0.1325918559046321,0.18186799094319828,0.14395530833740885,0.17219653720433709,0.2103436637811747,0.31583020420939506,0.28074451539509254,0.260312901183319,0.2591480809406384,-0.1721389099625521,0.48531600938096575,0.2415754150153587,0.3381045359781139,1.0763724159532915,1.3602505107486476,0.470001290336427,0.050161408663207174,0.023965104621840597,0.26972004281791123,0.43789505959870406,0.8284886559152088,0.38735655433048155,0.1754455626843467,0.32150778125617346,0.10161760167985066,0.33049326671918305,0.39372540010470125,0.5474837927177799,0.27315036837777523,0.38847439634411707,-0.08899944895853423,0.35443876723059264,0.23969492927747243,0.33396963842075933,0.0340939033140434,0.17815680199234735,0.4240703667303929,0.6035935621246543,-0.005751102210746908,0.730314450825924,0.12609475238326165,-0.1261521251492638,-0.2285733191371332,0.16976505864781025,-0.19232333609943056,0.08273237997994808,0.18881433479521914,-0.11407557836446013,-0.2563489950683498,0.05411974299042364,0.004418478705799743
0.07065553220721754,0.15108002652425193,0.22240395957703613,0.18075284375226736,0.17444300071881094,0.2299648152683684,0.18339191621465284,0.21181215337903306,0.19350286043171536,0.14931793309290983,0.2198519896062891,0.19858294516058866,0.14144483428700436,0.14691832660191376,0.27803588163224013,0.32278377650703105,0.29854774419816765,0.2659940157669935,-0.046692208427387555,0.35729582103385776,0.20236986490349376,0.26373964039060055,0.6076124578604972,0.470001290336427,1.1209087423675388,0.09098736848243846,0.23976624057286652,0.2319829432672829,0.4661350179143455,0.3796152059372078,0.16925471028975886,0.09647990961169982,0.20808352704458843,0.29909669827099805,0.37743109108978024,0.16438920536369125,0.4615615112060903,0.2095986452615845,0.19666985666728526,-0.0426387009265621,0.1934660217677256,0.2248956821050359,0.37807718317832995,0.03395837863292645,0.18707722488508208,0.38902013734924906,0.45661499032088093,-0.039814742305602724,0.09078765897734158,-0.21697913843222585,-0.035950884671760955,-0.08427372323607431,0.1899831821494345,-0.08364012378118696,0.06671989090202919,0.17173291916952266,-0.09133358176822032,0.09771989945088805,-0.32132295932169197,0.04933641195400272
0.048723679847946004,0.2281061082742709,0.25644855706626524,0.2890961213831546,0.256281465782719,0.4372515138050639,0.1395997304797613,0.35072345860878074,0.27476818795468894,0.17687168274854015,0.2528311088802839,0.19496434189337344,0.17048271066288004,0.29432346784748464,0.34603656944158284,0.09544351866341301,0.27604459385429636,0.38491457571389753,-0.05658583620406892,0.2977803083390732,0.2761371705475239,0.24704408359287608,0.16806529767658987,0.050161408663207174,0.09098736848243846,1.8869427672551018,0.22929375497152446,0.4146156385589419,-0.12845539270577125,-0.8254739852352616,0.2023661121140928,0.24488894197470887,0.2686264573341321,0.43528488671341203,0.3504004779028942,-0.17934409548946684,0.0591540558703263,0.16320796715622837,0.38190601705278093,0.3617047778256881,0.08673211541436626,0.28728353140111373,0.2518096811223265,-0.0802078633584512,-0.17795283355241784,0.09301590910501113,0.21696579816156075,0.05522839536256111,1.1227884464852795,0.5230143710618378,-0.6523603519140551,0.3639312216250493,-0.21971919518214034,-0.02300292545922246,0.04732684243928073,-0.026839560895743672,-0.1899859488860861,0.44518753997887806,-0.16837255524321984,0.0382405357971216
0.07472864379143086,0.4424631936252913,0.26228876265611806,0.07004074483901165,0.11076289441938801,0.324243260848406,0.18114139389479914,0.23639419114394516,0.2162496952244645,0.26032586947870096,0.28199594116753846,0.2625708918625047,0.1269206034515673,0.05713297647452558,0.19892080482264152,0.25424890617634943,0.2642600197059709,0.14662826116406252,0.0349806030091513,0.13812665119131864,0.22195728612889173,0.28053482606888924,0.11866943587578449,0.023965104621840597,0.23976624057286652,0.22929375497152446,1.631940526219228,0.39654893142515507,-0.04908970550888368,-0.06776041833275645,0.21371878428079563,0.16173721181715742,0.384163812214224,0.3030464469437327,0.25119652665513803,0.26151890267056427,0.4362507885550812,0.14660241868418247,0.09680581547509204,0.3059027811363428,0.2040896165864778,0.24562382457837315,0.3613128955861102,-0.11598010481382756,0.023978094910075437,0.39019544645026893,0.26469570208802606,-0.05579263745568111,0.473698934563829,-0.03768704969691718,-0.17414191161626597,0.04996525087906575,0.012619285943540741,0.13940828310599532,-0.04599909601942264,0.12901654844419763,0.1799184487755411,0.16811389240085758,-0.26734301531830434,0.2835035816892136
0.018127924544392503,0.16968598583446387,0.300605064779887,0.12216259733872577,-0.054435668856294445,0.3240114067484007,0.1056141960007043,0.14464512951093325,0.14246856950097014,0.18785231874246472,0.2725202846279732,0.138903966717861,0.10942912117818314,0.15954399141020414,0.3979706384852074,0.16031524859923943,0.7728476153513478,0.2873574789877512,0.130283969358994,0.38488645212600725,0.36732403076632353,0.19991377434612156,0.3445863734713962,0.26972004281791123,0.2319829432672829,0.4146156385589419,0.39654893142515507,1.5803484599702284,0.10641154786502281,0.04933034750390046,0.2539229515515347,0.19521587196204482,0.7906048679992707,0.22536767083138032,0.8954700133044138,-0.0697063985435371,0.790367732575274,0.2370314260936208,0.3738201976788233,0.12058698574721269,0.28320257119347364,0.359787919277852,0.3079320240888204,-0.009962827266717293,0.07418102973315845,0.28443940385161115,0.5336303554431775,0.05797255680503031,0.6338029035230329,1.1132727418491584,-0.558691880789084,0.6361692628426132,-0.7631198458035342,0.09589819697438555,0.21395421034036807,-0.026445436391617037,-0.02432624921385493,-0.017699487854490933,-0.043832859155426,0.3857190194678734
0.09397172580091953,0.19347655659235732,0.19807019064305714,0.3555227128923649,0.27719724235114757,0.5807374543421128,0.22746854842503386,0.13653432193839996,0.08202828613599386,0.14018096084540407,0.25009735790081933,0.23404082036605522,0.16917247611584807,0.3086145519968053,0.3319823876117129,0.27645052833640904,0.27523258867733785,0.2333158481424305,0.03267402013062794,0.4008108526822307,0.23860694926166642,0.19039724049574772,0.49754093022470564,0.43789505959870406,0.4661350179143455,-0.12845539270577125,-0.04908970550888368,0.10641154786502281,2.4773716376504726,0.22842809918942802,0.1327288824056202,0.46195072366104734,-0.2574734035479097,0.42356874777294656,0.32323821052674995,0.24054489290580866,0.23462914691239856,0.16725057223071207,0.5440253640073868,-0.015688147634385773,0.5447243645134413,0.2111350428161874,0.19013122666101406,-0.026460244014447475,0.07997408404100277,0.15450320805239784,0.43049792098412865,-0.040336095835195374,0.4821461455860681,1.054638075164407,-0.5984154044365054,-0.18370046099790305,-0.500666662381497,0.2267338279585399,0.13822822225618753,0.009643964776577892,-0.3181796482378588,0.20587557674200074,-0.160839491284391,0.025288446531429944
0.0801638032368536,-0.11911685638673498,-0.6691187455935899,0.017112302250311538,-0.04748902839948617,-0.2039433835647306,0.023372963231189738,-0.15871174861882856,0.03405530855750988,-0.0928761484509053,-0.01099243585064805,0.029561680007637085,-0.015549461224273415,0.12961774494139822,0.025242841305751874,0.3238353493842064,0.003356275902199231,-0.06747850755776728,-0.08852228854168097,0.3198932687176784,0.08381045721255828,0.2131783079306816,0.44158558403667003,0.8284886559152088,0.3796152059372078,-0.8254739852352616,-0.06776041833275645,0.04933034750390046,0.22842809918942802,4.615153551625196,0.2823171993289056,0.1978803071176805,-0.41651710947962106,-0.7784183103254317,0.6071382235927384,0.9498151470479756,0.07376492194036623,0.2431809557872868,0.10353076330285702,-0.06290525028329022,0.8524136307439113,0.054813241158941525,0.43525451790637576,0.1491259357140066,0.906009440554159,0.6294573600923435,0.6256690409348784,-0.05464703153242812,1.1057820999227863,-0.6107001258226211,0.794063110090464,-1.2195994420460254,0.40133406177832975,0.009343769225722878,0.019414299692835466,0.15695007466825645,-0.23454472520007824,0.14053023530937428,-0.045539169296620226,0.15146612545806787
0.0361024952912134,0.19480351716785876,0.23619277197727476,0.09509971478617764,0.1003089201773656,0.19419226211049131,0.11170104824327859,0.12844054460066676,0.17282295509118567,0.1284205023820753,0.17689044999494366,0.14573964391331784,0.09138883278244557,0.14337950463765717,0.2620670557077489,0.21672773484531802,0.29168764712993345,0.2541280707859938,0.061529742275435825,0.29542403940787926,0.23143397881007155,0.2206046958095251,0.08006046047788254,0.38735655433048155,0.16925471028975886,0.2023661121140928,0.21371878428079563,0.2539229515515347,0.1327288824056202,0.2823171993289056,0.7231428395734315,0.18129592009280282,0.07696755120391509,0.1327049749254534,0.25528763691536405,0.4802908480215783,0.43972119273371857,0.2043746536212203,0.3025137008584473,-0.0013315729149209264,0.33849197724014113,0.22319940961089724,0.2841843949458041,0.028144471787486205,0.20257008457374262,0.3622634562841456,0.3199029400259545,-0.056420607627291244,0.07560400089943058,0.2463004935140673,-0.06765520491938229,-0.05821820798438316,-0.09556348205772877,-0.051017856688071704,0.0376356051003248,0.15380533416724024,0.032694296811388086,-0.015053451100288521,-0.27956815049475686,0.08280978256533489
0.07260155423371452,0.23722145919647392,0.194598842373562,0.1639735447005005,0.037408222628833136,0.4011022821098149,0.13989140014351578,0.15884534271461584,0.20046927164075817,0.10799303022311614,0.17427585585084618,0.21816637446470624,0.1253037440089813,0.4068160605088468,0.21768268053975162,0.20138605289033312,0.22827745485783094,0.10986350394917901,0.006890435080962586,0.20291006997585148,0.23849073421587458,0.22672331752458627,0.06774786162847536,0.1754455626843467,0.09647990961169982,0.24488894197470887,0.16173721181715742,0.19521587196204482,0.46195072366104734,0.1978803071176805,0.18129592009280282,1.0815883980397556,-0.06568741508654485,0.17277020092167714,-0.09743928147814555,0.2767299835285767,0.05093599433875666,0.16304943588014825,0.2209491278189719,0.0009615360434482096,0.2916897401407484,0.21345546016508343,0.09026079919400559,0.004143476847113674,0.019245028759850815,0.2893816262728413,0.40422158859529594,-0.05768684700241344,0.5640208622084949,0.6057326422725787,0.11272033252906488,-0.31751423945991447,-0.519583354963823,0.3159706128110966,-0.10996082263957564,0.03434038940715082,-0.05400268316793301,0.15208901861723004,-0.08253382422501179,0.5377533217373369
-0.007973753846955553,-0.051311929044856666,0.3778239407455906,0.01791387399882349,-0.08870224274889141,-0.06654509016259988,0.0038446229195986965,0.2920483605726749,0.14531244763186713,0.19892720233021005,0.16720345548895943,0.1209030288830364,0.10464257395485481,0.07519558248727752,0.2438572640218793,0.12023805122548559,0.5016447120737165,0.24464605030400424,0.17488415601761534,0.24350771002254798,0.2925282884713757,0.2593948733041363,0.568252888399505,0.32150778125617346,0.20808352704458843,0.2686264573341321,0.384163812214224,0.7906048679992707,-0.2574734035479097,-0.41651710947962106,0.07696755120391509,-0.06568741508654485,2.0709373571312844,0.15941673133648265,-0.23498978595215256,-0.2742499761561998,1.037623364861716,0.22425022714582993,-0.01447225752992641,-0.1069558322300603,-0.2918926896789786,0.32474028474431277,0.11187673060940202,-0.006825915053491568,-0.344432661987665,0.3514956416295649,0.7123229574823612,0.07466163499763813,0.6650865739087893,0.40559618638704825,-0.505829145406317,0.08808418127030931,0.2010232064033883,-0.2786747823340576,0.09958942644562015,-0.1505374304968702,0.002625804845197896,0.19504655098853427,-0.08316602518017255,0.041508948811281136
