0.9419101578986154,0.23253370720680702,0.3432632830074154,0.041864843647095765,0.2604024427274679,0.13746213654712036,0.22918385821603443,0.19473412605934856,0.07401681725952607,0.13417385472799676,0.15820282860275747,0.1719473013093098,0.20237867340599935,0.16192956663173216,0.15762967462510735,0.15613626808266393,0.09924866207666574,0.20551501832548616,0.13035885015027207,0.08155565084923909,0.14586878202559014,0.25150863653300387,0.12393718840607422,0.05610591896298722,0.15222875735463556,0.10831057000709338,0.12956160743919465,0.021300986814001457,0.26857764064064515,0.05996496983108449,0.10502356810210459,0.08505847456350048,0.07576562677526401,-0.05485719509258055,0.20835767316615672,0.1505423788474484,0.08001557075270818,0.08824208373975899,0.17586172064908995,0.04630981909570173,0.13435436802077844,0.08026103122358158,0.10892646655768592,0.04472158477660583,0.0864996082135435,0.1898588150347012,0.13702107035367567,-0.08364074879149759,0.13398816600385155,0.0586265932588252,-0.03656478481320615,-0.056277482999947955,0.009610826215974089,0.0003142943799368897,0.13941112257255894,-0.01685329372771017,-0.18387550228347033,-0.05816941001269405,0.09283826460829599
0.23253370720680702,1.8012367468493253,0.6964113071944796,-0.0013391084688158185,0.04145175129883415,0.327208634907195,0.11969014048481863,0.2101753795352796,0.10236223851492095,0.20289307121090944,0.21392521336026188,0.18498747376497002,0.23205403843343708,0.1254467176287644,0.2213894632196447,0.12222926740923508,0.184357699787564,0.3342301654821812,0.1409079246021333,0.23608518971216771,0.29611751515993945,0.2660560777388527,0.12296865113073596,0.10941830845670245,0.14830056163348132,0.15453097538778263,0.0975033007801488,0.18555784218655025,0.4605108509201813,0.028289539823401683,0.10803505151370818,0.06493876229229195,0.010306496116755402,0.21058216154023052,0.28369955666804014,0.16314699677988329,0.3673011423506429,0.13759713824210582,0.20303783991692564,0.07526674468896309,0.20415273829870964,0.20402031541259855,0.3154229501531507,0.0797208291868696,0.33775020225093305,0.17706942650803403,0.209920978783433,-0.05286296683662211,0.1455023748637592,0.014338751937552413,0.11989165869505687,0.004639801506861609,-0.13422396908125286,0.0064422109149233145,-0.2689277257291384,-0.1058588977446846,-0.38134207668432674,-0.03441791646991374,0.6373918532869127
0.3432632830074154,0.6964113071944796,1.7683559606390846,0.044599702612819335,-0.172498591070418,0.3813627535676026,0.21529934741246645,0.16973349941605184,0.2552935560218347,0.2583933568467931,0.279323084391933,0.2007257480010752,0.24360553249806433,0.06244667913384641,0.2191639108192896,0.08768448896105512,0.2284908751754087,0.27017042861309853,0.20367627902084554,0.1494448326119975,0.2917432919619692,0.33895274813318155,0.1146218549416085,0.1102264034867136,0.17090613454345088,0.14068973557068465,0.09312039391881081,0.2358715555333421,0.5074877327300912,-0.24677619244578383,0.13860047084133925,0.15067084681523027,-0.010464634479245975,0.27875738990075527,0.4066529540722253,0.3563513283385904,0.2058333485995213,0.10358744029257681,0.23463353004049708,-0.10926804284327335,0.21335524304306758,0.22548945931549097,0.11948049208287204,0.07820089245668205,0.265006844641287,0.3379161167489722,0.06929736531857206,-0.17214793455298302,-0.1870803181101145,0.050636033261020875,0.029177232322414735,0.11514917666211118,-0.07126362913567663,-0.061902881542810866,0.09358031642611954,-0.0451411011288784,-0.08918558920812886,-0.2209531240823495,0.20365052484081023
0.041864843647095765,-0.0013391084688158185,0.044599702612819335,1.1311736670479207,0.40218569565735296,0.19253676681709622,0.29284173449226647,0.25513614823781117,0.08210059462740407,0.16741404789601172,0.19423527624328862,0.27355191421992636,0.2818953350598002,0.2383866859825991,0.18367819757472403,0.2817154194376225,0.23789319872708747,0.19747984207534314,0.16856158346597921,0.1698254412962655,0.13040518057504463,0.21524172925231547,0.12285571986152799,0.14699079367765686,0.15151294354697442,0.24374057076844619,0.04032105699049419,0.018004041723793603,0.26334369218679493,0.12690114936452154,0.13548178034602104,0.19099520550680274,0.037900634254903996,0.3712864542998149,-0.2076781476414592,0.16772084442078966,0.2197079888106757,0.11248164728995362,0.20679754753857343,0.06221992652334159,0.10395540601364722,0.08246562789942118,0.15523036674522503,0.0460611209167723,-0.01072680310130008,0.11832850598208902,0.17151600244523527,-0.058827625672380285,0.132367414786204,0.15163892473700863,-0.034942818834355176,-0.10068576642882564,-0.011156031352575507,-0.019975203136909193,-0.12003138855855415,-0.002878116150490912,-0.20819017053950742,-0.05519177442139127,0.3100141618787467
0.2604024427274679,0.04145175129883415,-0.172498591070418,0.40218569565735296,1.2042845899925188,0.14275736789462448,0.2358817424904939,0.28006492118655796,0.05823141002374968,0.1415513105511114,0.17855645514998936,0.2654578172291364,0.35350299635184246,0.23620985925351537,0.23852810123933185,0.34382848442238406,0.1931732024720192,0.260431548891394,0.32355045056904636,0.15500093970157006,0.08832990705637368,0.2767492001801892,0.22243766071035487,0.18274574833083918,0.1263131449895015,0.24533071605109072,-0.03079146208738036,-0.04688260692418954,0.31321601943457783,0.19431762561342025,0.16427790162247696,0.16838363399076778,0.10008878247269953,0.28614664046219923,-0.2253871446618779,0.24289575209120098,0.26669255573916495,0.1332976404439813,0.2088759436299539,0.08780855539724439,0.16496285789835613,0.13263153393741878,0.10239892442878669,0.042069072473795384,-0.14784254756574491,0.16121304909836318,0.22353045649268533,-0.06303966727201098,0.22650966208699877,0.3263786106340796,-0.1261090759208083,-0.2001338648239296,-0.019006151121561607,-0.048212369244104686,-0.12896104249039636,-0.06938478725355789,-0.4057307876171935,-0.21100328805275606,0.7145989100067337
0.13746213654712036,0.327208634907195,0.3813627535676026,0.19253676681709622,0.14275736789462448,0.7574375908502498,0.16122433676373304,0.1968229485137094,0.13894522666374307,0.1337231142749265,0.2181514484038135,0.1980612960856701,0.25672790304297305,0.11258302437528718,0.16626125090126026,0.16818490580131673,0.21004433529745165,0.2324578149808069,0.33451126775273987,0.2672733671209029,0.1441663061098076,0.2985278909228914,0.14793864529099832,0.10614569494325134,0.1597917271147281,0.24477215981494524,0.11982516140716919,0.07879607535349535,0.45443721256537795,-0.011588262647512643,0.10008404557697335,0.19864241873562327,-0.09099379032066926,0.34037754477426974,0.15143004271535265,0.09358543012916919,0.13218855500853588,0.1474174645613127,0.1817037390427581,0.10775123875330764,-0.0034731289752753304,0.10740295349799127,0.37262750791855487,0.08194519970508021,0.16008932322490457,0.13486962550988518,0.15937030349047532,-0.10933654837274365,0.1768006419197236,0.06539480473460328,-0.07304015420094336,-0.03566759412218275,-0.07912595984129947,0.041797147507874555,-0.11561334441825373,-0.044513526596876116,-0.1929408372245546,0.027010555422929506,0.23425693124492147
0.22918385821603443,0.11969014048481863,0.21529934741246645,0.29284173449226647,0.2358817424904939,0.16122433676373304,0.6379930575347177,0.1656189114055242,0.19058567427795345,0.11965366941170748,0.23210067032923817,0.3000889594839611,0.2809049042192452,0.17379743948336684,0.16025134878483124,0.23629251840148793,0.2533025583988608,0.1804402776260571,0.10503681880145058,0.11760109944440339,0.16721124936137782,0.2647239263368513,0.10387892050817536,0.13234290414948924,0.17316822470612672,0.2644911736815135,0.08956525862420911,0.05305066535000186,0.21108045936034042,0.0557720029662461,0.13804728534669952,0.17050237425208212,0.06880971277663939,0.2659057236247538,0.19000100343101603,0.18575715068921664,0.16446683699776984,0.0835245016934623,0.23597096238661616,0.08734100889403368,0.08155887183263537,0.1419125562858061,0.10384306563111553,0.05756857086899224,0.07239775323685727,0.15708575151835422,0.07900642748120017,-0.07512291025310673,0.18390747934536084,0.07895136727491113,-0.04088514190888754,-0.13234094399760113,0.08688554380262782,-0.0028801356784901107,0.01422074000860102,0.06499950184758053,-0.21595545997751095,0.31265489408442365,-0.36378651562093006
0.19473412605934856,0.2101753795352796,0.16973349941605184,0.25513614823781117,0.28006492118655796,0.1968229485137094,0.1656189114055242,0.9891973069095171,-0.06676950902702933,0.1322767450723522,0.32430463633899176,0.1805361809921866,0.32700825164728337,0.20043397720529785,0.18849930994981576,0.2154013604804669,0.3610559583345356,0.3054696020943912,0.22138411430925847,0.38403778615835854,0.15050803462309317,0.2868656858053664,0.2279981512108317,0.21157068659321313,0.27903770291388413,0.3876490317425731,0.3163414744250637,-0.16650199947259006,0.1529836377824665,0.2186835618000303,0.11053301535888493,0.12416617383510291,0.11757285739111294,0.20514880724025905,0.34909776000633175,-0.004928938597462417,0.30815038243922643,0.21093760344071996,0.2659139881019994,0.16615131861255475,0.08021638572332931,0.09739225550765088,0.5658971562050965,0.045714915603503554,0.22285637017533746,0.22793896093751853,0.3213501721620492,0.022424474909484775,0.4976729038240313,0.19774965563315589,-0.0009847545318122319,-0.05709677205797194,-0.029536966536634658,-0.08790328702836706,-0.0536065864203519,-0.15301648754857383,-0.16645823915381128,0.4257271805018465,-0.0376463965927837
0.07401681725952607,0.10236223851492095,0.2552935560218347,0.08210059462740407,0.05823141002374968,0.13894522666374307,0.19058567427795345,-0.06676950902702933,0.7593964243764447,0.11001650093621743,0.14291346936818144,0.16814380679391977,0.14461257063130054,0.19991239868852592,0.1561976300253021,0.14387320959994923,0.21951270599126516,0.08644409447466135,0.09107044351585154,0.11729576887739211,0.1678252530494419,0.12267330831897909,-0.014369422092066741,0.08973225108065064,0.07136678230969289,0.22418210462601737,0.0395926278940192,0.21624355294932762,0.02586613483499623,0.04821192758718746,0.14621295110205657,0.1294152706462251,0.08581554630437123,0.1880341414846967,0.12570223021621,0.12081981413482015,0.1644546636348786,0.08717825053247881,0.1548256530610596,0.020213362745223822,0.056665126413078866,0.10813472719340006,0.10396832921749614,0.05002263180217843,0.15812816589167347,0.10170444699632353,0.07462883165460601,-0.0050453971513820094,0.06251810093736453,-0.06277013708611966,0.03974495694240464,0.07769158865013162,0.059305202086264955,-0.07043090359248175,0.035134682383362086,0.1377049669852893,-0.16928630999432723,0.1556682192963166,-0.17834488744531093
0.13417385472799676,0.20289307121090944,0.2583933568467931,0.16741404789601172,0.1415513105511114,0.1337231142749265,0.11965366941170748,0.1322767450723522,0.11001650093621743,0.6248143984231987,0.18510703388587374,0.13846809521343081,0.19369995769837073,0.14681302089617418,0.20937954047827045,0.15923052452534972,0.20699617838359324,0.20929761186947116,0.10086945323840292,0.11965046218048342,0.10914897176200111,0.1144045459316909,0.09353362004598595,0.10358652410140487,0.11852778464182151,0.11053185100649814,0.07832047606627841,0.12552314091309605,0.18686744057472007,0.12119772626207605,0.15522337909238926,0.0819395795428587,0.04992583875655359,0.30355887244161045,0.06956969630413606,0.19941091545131767,0.28615719446697435,0.0978129624968462,0.17115944768455071,0.002081532526807923,0.20026464863813848,0.1090142962093914,0.13445059903075202,0.05011868630657948,0.007360424992332103,0.12680044269846336,0.2161297973270422,0.0007740971313167117,0.014542585098512292,0.08936841481098383,-0.020474709901198797,0.04429003416364186,-0.0039770855881858524,-0.07877080113408302,0.11080240171992603,0.006276170570405027,-0.1629027985716569,-0.1595179138058658,0.24644907247770534
0.15820282860275747,0.21392521336026188,0.279323084391933,0.19423527624328862,0.17855645514998936,0.2181514484038135,0.23210067032923817,0.32430463633899176,0.14291346936818144,0.18510703388587374,0.4743566676969159,0.2554658186291767,0.3136339640434138,0.1584351463680859,0.20598565804875946,0.19997972076070442,0.335982189257959,0.20101382517933103,0.14118130980459725,0.29458722724085845,0.1820711822930897,0.2425754633961176,0.11732369516243128,0.16192381981084078,0.17696108574425934,0.2522642996155182,0.15188578901706803,0.05765958922247136,0.24325628126909357,0.10329858214563405,0.14577874379642525,0.15539686526832616,0.0743010062692528,0.2021507059150971,0.24909466712181247,0.15195426190061187,0.20991506272058336,0.16392964117842962,0.22212417726010725,0.10431925005208022,0.1222589218263504,0.1301726363806186,0.25756984524873355,0.05959204558140823,0.1378864788392658,0.18368645700341552,0.18859717972414075,-0.040221030349200236,0.14905970315285058,0.04939453651767778,-0.0025902730422070973,-0.05975810776497535,0.0442931496503262,-0.026986670430789058,-0.05291234856296306,-0.05047794825335501,-0.20086735313301463,0.06059494364617047,0.1249361736410906
0.1719473013093098,0.18498747376497002,0.2007257480010752,0.27355191421992636,0.2654578172291364,0.1980612960856701,0.3000889594839611,0.1805361809921866,0.16814380679391977,0.13846809521343081,0.2554658186291767,0.6559592804846127,0.21945928355550004,0.2106969688949758,0.23522776965916767,0.24236511053211018,0.3027376287975843,0.17893723323192065,0.15412746311602946,0.22702883500333318,0.17817583644607937,0.21730290656244666,0.14323872414496006,0.16049918953164352,0.23025231743855615,0.228086811881693,0.19341633994611473,-0.08554655316065009,0.25006101843545037,0.09179007766487332,0.12491083772594784,0.19769007396289293,0.10052560438187896,0.21796699157333146,0.27337842680949226,0.07535886893106326,0.15534738426198716,0.12257251879509524,0.26361143804033077,0.15239066693524653,0.023470628210037522,0.10889505027471666,0.2192491535100026,0.04594274875308698,0.1538067065010798,0.1780641634333025,0.16797182211539327,-0.014081449146139883,0.3295155157240938,0.12683669078239143,0.004020206034080588,-0.13054825565497455,0.026377737589890295,-0.045721431451851924,-0.24120644617763376,0.0577422508404078,-0.22711931422142284,0.1251858900344303,-0.11752469499198834
0.20237867340599935,0.23205403843343708,0.24360553249806433,0.2818953350598002,0.35350299635184246,0.25672790304297305,0.2809049042192452,0.32700825164728337,0.14461257063130054,0.19369995769837073,0.3136339640434138,0.21945928355550004,0.6430015457731791,0.2329331679624278,0.12127808182115356,0.2948387460318009,0.3318297422062697,0.229700492505152,0.2305845353003306,0.26068989778010737,0.18335855824286856,0.37652760598469154,0.12437204191989894,0.19455510639997659,0.17525572319523725,0.22519832487088076,0.15839792961609653,0.09168660846536547,0.4001914595440807,0.0438736681763034,0.15185704554217558,0.20745031237695133,0.10301216649855921,0.24788087259580552,0.14545859028428199,0.231192166125447,0.24117210135908282,0.17417620871413475,0.23775768579595144,0.06946125487140144,0.1965203918760063,0.13189148517826813,0.26388792178853054,0.06861676290901425,-0.06161850615570909,0.24295293767795859,0.176186537999576,-0.0714319845495135,0.29457283977878396,0.23633698746965667,-0.041797415186266895,-0.04316536624515754,-0.02799305327266116,-0.13549727969082034,-0.07488964913551166,-0.08419358112546942,-0.26115620885761204,-0.4667531067998872,0.7638636223252402
0.16192956663173216,0.1254467176287644,0.06244667913384641,0.2383866859825991,0.23620985925351537,0.11258302437528718,0.17379743948336684,0.20043397720529785,0.19991239868852592,0.14681302089617418,0.1584351463680859,0.2106969688949758,0.2329331679624278,0.5800269889493356,0.2136199778399048,0.2944579139583031,0.19327743953164814,0.1111458202554337,0.14005036600919538,0.22842087192355442,0.12041978787113944,0.194683724564457,0.06915272461919349,0.16287235764974312,0.13502887873855374,0.2018808167529622,0.057529641937926014,0.1195392223782772,0.17111927543684316,0.22814622711287308,0.1174022897701172,0.1210956201647873,0.11041498837208995,0.12605865588057247,0.16916522479615406,0.09493880081948297,0.21192825916179212,0.13342935544705306,0.1081308086605184,0.09903995261497202,0.15773622595794096,0.12864693517703849,0.2826720219125136,0.06386735199076708,0.11044784065785228,0.08527559416132208,0.20600531095064062,0.005020673470475149,0.33683555585292635,-0.042227570727487236,0.021427663075247422,-0.08112555295450498,-0.019236921076992174,0.05375604154255405,-0.17087961129313803,-0.009617773683268197,-0.3111272434379733,0.08035660225953038,0.39324711882281316
0.15762967462510735,0.2213894632196447,0.2191639108192896,0.18367819757472403,0.23852810123933185,0.16626125090126026,0.16025134878483124,0.18849930994981576,0.1561976300253021,0.20937954047827045,0.20598565804875946,0.23522776965916767,0.12127808182115356,0.2136199778399048,0.7025175655797027,0.18273567932107176,0.19741637491687059,0.2236567142552787,0.17701099642533416,0.17420079576475248,0.1509673408260747,0.07812297708885911,0.017850556092139758,0.1390404676735451,0.21523625557567314,0.18535771180853053,0.052487588699220586,0.19765272975726025,0.14597007644915858,0.25163268320655735,0.1741077558015091,0.07144809215914907,0.11591151774552816,0.2662148927751355,0.11612626685640717,0.15036714604797424,0.39887835739330246,0.09673305202358722,0.17467894907772905,-0.0020025639427799177,0.16449289726653765,0.17245234437908202,0.14906469722534155,0.04316855011767403,0.13710662939003054,0.1538395488403019,0.24626281988508494,0.031338587234987114,-0.018711670770170014,0.23495464344019243,-0.055000131724874154,0.11565165516056411,-0.1442583186690343,-0.10337271336277049,0.045140170477230054,0.03805325632362923,-0.3796220181803623,0.432860422690675,-0.13736824395260674
0.15613626808266393,0.12222926740923508,0.08768448896105512,0.2817154194376225,0.34382848442238406,0.16818490580131673,0.23629251840148793,0.2154013604804669,0.14387320959994923,0.15923052452534972,0.19997972076070442,0.24236511053211018,0.2948387460318009,0.2944579139583031,0.18273567932107176,0.541156430207355,0.2219178034013577,0.1824126126261875,0.20134826754338134,0.18985047089463414,0.10128105122113908,0.23485779723778746,0.12850148483733934,0.1738437255840604,0.18720737329345488,0.17826021781151882,0.05896497781728019,0.05951666557754433,0.26557079015059903,0.12175330463611338,0.10443805305503906,0.18328898645443645,0.08187007369165576,0.2265573424388748,0.20979408803475563,0.13836316101201857,0.17778202002063392,0.10962182610905122,0.15966060596248433,0.10047848383288065,0.10730069419536331,0.11974774767196154,0.2356605714931261,0.07612053728104436,0.008027730879198903,0.1340722766887985,0.17520877241004143,-0.04615163606871155,0.1630552737040866,0.01864784009256011,-0.009904913523848858,-0.0814846557898909,-0.0022303558088042712,-0.020976853518999486,-0.10019225753298223,-0.017457156340010827,-0.2956422567895522,-0.047984888319656964,0.370810208243415
0.09924866207666574,0.184357699787564,0.2284908751754087,0.23789319872708747,0.1931732024720192,0.21004433529745165,0.2533025583988608,0.3610559583345356,0.21951270599126516,0.20699617838359324,0.335982189257959,0.3027376287975843,0.3318297422062697,0.19327743953164814,0.19741637491687059,0.2219178034013577,0.9656495814522653,0.12368852793250767,0.18110240740127714,0.39848920998510035,0.2490224343049396,0.30672885521381255,0.002317779010431337,0.13838212584977339,0.20237498743792395,0.13279934322144266,0.26539610464978197,0.2007518207628074,0.35502272170931487,0.03764056304711831,0.16891671083863705,0.12496234887286982,0.10339743047875975,0.2123464439600157,0.2008837743875957,0.19013385172492706,0.364346283284194,0.2043619772063578,0.4163791463976608,0.11909858648930567,0.2282566723864229,0.12518101273532223,0.26914367773913256,0.08435019053239765,0.1772585416263663,0.19456415619916026,0.19011727018193558,-0.00433857461878564,0.3881675044908842,0.37252944551412753,0.004568015045020399,-0.11718897522228826,-0.061010362787056294,-0.11767952009327715,0.022797890273796806,-0.0417632638740323,-0.2518045576554298,0.026908132555078474,0.3281766814365796
0.20551501832548616,0.3342301654821812,0.27017042861309853,0.19747984207534314,0.260431548891394,0.2324578149808069,0.1804402776260571,0.3054696020943912,0.08644409447466135,0.20929761186947116,0.20101382517933103,0.17893723323192065,0.229700492505152,0.1111458202554337,0.2236567142552787,0.1824126126261875,0.12368852793250767,0.8784277368306108,0.200086489910929,-0.05618469436549134,0.24260691560757996,0.36833177321272176,0.307974588693561,0.13351509006110768,0.18116714303402767,0.13556106083011354,0.04511257901846539,0.12634563891142078,0.3565666162302076,0.04813988445173306,0.2520183805861643,0.0828388702701033,0.1242563825925001,0.2511033090238799,0.1633944141685284,0.2875469789997625,0.36590913072722836,0.07919324256277184,0.22259943569585078,0.06689542177740136,0.17915201609961298,0.1678211976821676,0.3652915727718057,0.04559224148895765,0.1873773538915681,0.23805640029317313,0.43338782800840925,-0.15955862843707522,-0.2050607879266831,0.21123853686039187,0.08958838805248175,-0.014729836635262589,-0.24897111093378982,-0.08419671599987304,-0.004032103615232089,-0.07086020494081281,-0.2421496947952333,0.17520345388486697,0.02291880186143194
0.13035885015027207,0.1409079246021333,0.20367627902084554,0.16856158346597921,0.32355045056904636,0.33451126775273987,0.10503681880145058,0.22138411430925847,0.09107044351585154,0.10086945323840292,0.14118130980459725,0.15412746311602946,0.2305845353003306,0.14005036600919538,0.17701099642533416,0.20134826754338134,0.18110240740127714,0.200086489910929,0.7068049151746897,0.1370210231575429,0.16026975059815698,0.29498118578754207,0.1315544070302342,0.11268355621610536,0.11814440890633497,0.11324493704688676,0.09552666196386934,0.11198855862999425,0.26724668354530345,0.11915337950880801,0.13467665679090077,0.1465213638055312,0.01571091388748201,0.19652819649907696,0.060166587515272714,0.22907301197835137,0.10844422569068511,0.13390035400817643,0.1520941743364329,0.0548951792465355,0.12244129321965015,0.11739138343526946,0.14881921879753846,0.03453290793730127,0.0839972704161941,0.21418485495101203,0.14171267793527526,-0.12041710018211929,0.007060352962918684,0.10743913762338116,0.07575581633457656,0.09981326329138843,-0.1588404975669776,-0.05509745993463008,-0.040001708558182573,-0.04617724530845782,-0.20156645343068622,-0.0020728204733282646,0.27202148694901435
0.08155565084923909,0.23608518971216771,0.1494448326119975,0.1698254412962655,0.15500093970157006,0.2672733671209029,0.11760109944440339,0.38403778615835854,0.11729576887739211,0.11965046218048342,0.29458722724085845,0.22702883500333318,0.26068989778010737,0.22842087192355442,0.17420079576475248,0.18985047089463414,0.39848920998510035,-0.05618469436549134,0.1370210231575429,1.2020621749017533,0.04702088012563384,0.28680594018080163,0.06543440584308573,0.2797693058038543,0.25273962625312113,0.35145585801223767,0.40438151191524396,0.05259029861226948,0.2355650829495608,0.393727914562834,0.10457583037868233,0.24440025458675077,0.21041041666437676,0.17060982171001596,0.1397095137792062,-0.05618106988103908,0.39015737634344555,0.4607371068800763,0.07587908931545184,0.12371730003505445,0.06343034741192927,0.09470581784779485,0.8725074890256744,0.06084745481605681,0.3782073202210779,0.13440847441632045,0.1621434444202386,0.10213200971940509,0.7660900047537808,-0.12547188505241608,-0.08405663978659111,-0.10431693529763726,0.21365148183586935,-0.019011158170416684,-0.13672947663706392,-0.06108520457764436,-0.11741480650460656,0.027906015803370657,0.2694843891868999
0.14586878202559014,0.29611751515993945,0.2917432919619692,0.13040518057504463,0.08832990705637368,0.1441663061098076,0.16721124936137782,0.15050803462309317,0.1678252530494419,0.10914897176200111,0.1820711822930897,0.17817583644607937,0.18335855824286856,0.12041978787113944,0.1509673408260747,0.10128105122113908,0.2490224343049396,0.24260691560757996,0.16026975059815698,0.04702088012563384,0.7658314848527119,0.24575982628658932,0.14268780521952326,0.10010691680684496,0.10755314227601069,-0.033116072802506294,0.016105980905039202,0.19991095058286917,0.23955005152723072,0.20552644490226357,0.18560306330356108,0.09601917930923506,0.007302990768325447,0.04885221278330263,0.33937621475417545,0.2814492333082896,0.27908778813538243,0.10643607121290427,0.40846124963931035,0.10770746182128621,0.2957148171353284,0.22769931006981436,0.09346309294557076,0.10393171198860868,0.5641748569620841,0.1681218693537896,0.2746595002248302,-0.06608795422015401,-0.05971517809724445,0.13461494494948098,0.08179519010309622,-0.06616575744652967,-0.08453964739906854,-0.025465191885249577,0.01926515820193077,-0.039513263887199876,-0.2307070630664121,0.03453272634236837,0.1826723132260564
0.25150863653300387,0.2660560777388527,0.33895274813318155,0.21524172925231547,0.2767492001801892,0.2985278909228914,0.2647239263368513,0.2868656858053664,0.12267330831897909,0.1144045459316909,0.2425754633961176,0.21730290656244666,0.37652760598469154,0.194683724564457,0.07812297708885911,0.23485779723778746,0.30672885521381255,0.36833177321272176,0.29498118578754207,0.28680594018080163,0.24575982628658932,1.6408135764922784,0.45050035148828044,0.30629567955782866,0.25237638541350194,0.06874099773329409,0.4322130539393057,0.09520526845983235,0.7251073869938139,0.16465587169716203,0.1873629023955419,0.32099813344316247,0.3007760476193055,0.041435745018744495,0.22605965768207578,0.6429831597823067,0.08029051461376725,0.25899506348634904,0.229254652691867,0.13119187015092457,0.28073298209723274,0.2729794225649359,0.39415316337822637,0.09327816424508609,-0.026230873713672512,0.5974557151827,0.30297877491082903,-0.6974134459416492,0.533175612709236,0.054605532920006986,-0.019395904631435413,-0.3709448624484985,-0.0016046363822879467,0.036991659059309505,-0.0972377282458059,-0.07088107777648653,-0.20202805124699605,-0.23283657294995028,0.47992175018536426
0.12393718840607422,0.12296865113073596,0.1146218549416085,0.12285571986152799,0.22243766071035487,0.14793864529099832,0.10387892050817536,0.2279981512108317,-0.014369422092066741,0.09353362004598595,0.11732369516243128,0.14323872414496006,0.12437204191989894,0.06915272461919349,0.017850556092139758,0.12850148483733934,0.002317779010431337,0.307974588693561,0.1315544070302342,0.06543440584308573,0.14268780521952326,0.45050035148828044,1.445714118975249,0.2585264204363926,0.37373670484067745,-0.02495371992798674,-0.15885093917731866,-0.5972557187452167,0.5833862144342914,0.31691224721975597,-0.0748188879995964,0.032222610448624324,0.04479314613048087,0.2689906319325951,0.154683893633225,0.5058383316457782,-0.07916700193368038,-0.005243091834673778,0.16073274602964974,0.0004739300245634651,0.13398724570964896,-0.005896405094519004,0.264642026475468,0.13559741272626122,-0.2584461860975742,0.2628045001304871,0.3440461288401049,-0.29077720688471964,-0.16955225033271862,-0.07569212826851744,0.04025335839960581,-0.24311013571437862,0.06966994480167461,0.023859156071563584,0.06903102529596356,-0.12111826334024109,-0.22577262642434182,0.22663548756309349,-0.013021349258464062
0.05610591896298722,0.10941830845670245,0.1102264034867136,0.14699079367765686,0.18274574833083918,0.10614569494325134,0.13234290414948924,0.21157068659321313,0.08973225108065064,0.10358652410140487,0.16192381981084078,0.16049918953164352,0.19455510639997659,0.16287235764974312,0.1390404676735451,0.1738437255840604,0.13838212584977339,0.13351509006110768,0.11268355621610536,0.2797693058038543,0.10010691680684496,0.30629567955782866,0.2585264204363926,0.6323529702362588,0.27945560724521706,0.16988006825193194,0.04578669612632934,0.019072485679787178,0.11887128094404821,0.5304262318322204,0.12782415948782122,0.3121811200869022,0.5371384528860129,0.09125357921354854,0.2412147272466956,0.18197854040127406,0.2901967591857705,0.19754480048166764,0.1376308494108956,0.04871987612925882,-0.01224480409615653,0.13394548380025545,0.2548119583315043,0.06575874252783635,0.1001193715124421,0.20667599301764783,0.3571334375161894,-0.04042488410320049,0.1854400726061589,0.00815908295189174,-0.003928930006937706,-0.19712381301691626,0.08903646672609836,-0.04013904142931999,-0.003618340593693797,-0.14071264908455003,-0.028166512191006954,-0.0010455046742009378,0.11531217771355796
0.15222875735463556,0.14830056163348132,0.17090613454345088,0.15151294354697442,0.1263131449895015,0.1597917271147281,0.17316822470612672,0.27903770291388413,0.07136678230969289,0.11852778464182151,0.17696108574425934,0.23025231743855615,0.17525572319523725,0.13502887873855374,0.21523625557567314,0.18720737329345488,0.20237498743792395,0.18116714303402767,0.11814440890633497,0.25273962625312113,0.10755314227601069,0.25237638541350194,0.37373670484067745,0.27945560724521706,1.0104364082726582,0.14168994238255725,0.33431970323310584,-0.0937368457473981,0.3029852295673806,0.3420159760818827,-0.00101167346749535,0.10636822419365019,0.24388809444198598,0.310846385365875,0.3341995820282461,0.1456469853648611,0.38228118906621517,0.1533459254663375,0.15538867459854905,0.018112075199383414,0.07013403416976072,0.14250403358512542,0.3672393461722818,0.09138286865702014,0.10534950781669068,0.2667875626593168,0.28964456453488596,-0.05326782137532999,-0.09037843535789998,-0.06851056402600224,-0.03855637929787858,-0.07864418750363954,0.10255056656358151,-0.06405156657751197,0.02497760398898415,0.008393635942656491,-0.14596387922178058,0.15084864566643877,-0.10491972855777354
0.10831057000709338,0.15453097538778263,0.14068973557068465,0.24374057076844619,0.24533071605109072,0.24477215981494524,0.2644911736815135,0.3876490317425731,0.22418210462601737,0.11053185100649814,0.2522642996155182,0.228086811881693,0.22519832487088076,0.2018808167529622,0.18535771180853053,0.17826021781151882,0.13279934322144266,0.13556106083011354,0.11324493704688676,0.35145585801223767,-0.033116072802506294,0.06874099773329409,-0.02495371992798674,0.16988006825193194,0.14168994238255725,1.4602397190897303,-0.25946957196314924,-0.0346461304850316,-0.5151963465586966,0.30711074888864465,0.08136034203387855,0.25720725143041734,0.0022193616093376545,0.27873678041767214,0.1823339881731002,-0.24675432315143425,0.1317733292635513,0.23554441729549275,-0.4706765843408397,0.1127105358691855,-0.14280120166096888,0.18871690898447357,0.7433426256625656,-0.055828845420287786,0.5087440767801226,0.06038327271994587,0.16953872116407312,0.08146577196930704,0.18242430348480515,-0.10518078791386574,-0.0004900473720830274,-0.1617586560530317,0.02400346456798227,0.024041831434841485,-0.12507740624330366,0.019863932246246472,-0.188608606397698,0.7314743770731676,-0.5630625893468542
0.12956160743919465,0.0975033007801488,0.09312039391881081,0.04032105699049419,-0.03079146208738036,0.11982516140716919,0.08956525862420911,0.3163414744250637,0.0395926278940192,0.07832047606627841,0.15188578901706803,0.19341633994611473,0.15839792961609653,0.057529641937926014,0.052487588699220586,0.05896497781728019,0.26539610464978197,0.04511257901846539,0.09552666196386934,0.40438151191524396,0.016105980905039202,0.4322130539393057,-0.15885093917731866,0.04578669612632934,0.33431970323310584,-0.25946957196314924,3.139237155149151,0.5510353743568902,-0.11263307373052762,-0.31567245180966724,0.24838778892549793,0.06908309652686968,0.5845863364247336,-0.13959548294590948,0.3832332163886152,0.12857238046202035,0.36853671293105916,0.22790215919292228,0.28501202973107975,0.298203153167648,0.3437647026579422,0.2340198900411243,0.3588870534229872,0.0799899827775457,-0.1655959330665821,0.2732359727659466,-0.10710092979261293,0.22112647710891584,1.681229781893562,-0.03817828975984053,-0.16740942948432538,0.3331255362402092,0.06689847602397192,-0.11260876220195669,-0.30198292298727786,0.07857740440515008,0.20612121866868016,-0.9798046363427022,0.8458382821175418
0.021300986814001457,0.18555784218655025,0.2358715555333421,0.018004041723793603,-0.04688260692418954,0.07879607535349535,0.05305066535000186,-0.16650199947259006,0.21624355294932762,0.12552314091309605,0.05765958922247136,-0.08554655316065009,0.09168660846536547,0.1195392223782772,0.19765272975726025,0.05951666557754433,0.2007518207628074,0.12634563891142078,0.11198855862999425,0.05259029861226948,0.19991095058286917,0.09520526845983235,-0.5972557187452167,0.019072485679787178,-0.0937368457473981,-0.0346461304850316,0.5510353743568902,1.7391076607210907,-0.1254422101519246,-0.1524498422719093,0.3510093704457669,0.07842131113070552,0.2429629115863879,-0.0301576280723596,0.05715256212184902,0.5319380102597207,0.4919401731021091,0.13491396247774817,0.061511409475446234,-0.018955669915431416,0.5831055684675145,0.4157373217317135,-0.043828226276206354,0.14833721534561423,0.15789552178350527,-0.07261869022446357,-0.02965229237270692,0.09681268658317534,-0.0591972631733476,-0.051848736054586814,-0.0686572481359966,0.589538731614945,-0.41299469649921,-0.03409639292485362,-0.008091400251319877,0.06504253768348554,-0.025486312408660998,-0.29057729999942916,0.38548998194767137
0.26857764064064515,0.4605108509201813,0.5074877327300912,0.26334369218679493,0.31321601943457783,0.45443721256537795,0.21108045936034042,0.1529836377824665,0.02586613483499623,0.18686744057472007,0.24325628126909357,0.25006101843545037,0.4001914595440807,0.17111927543684316,0.14597007644915858,0.26557079015059903,0.35502272170931487,0.3565666162302076,0.26724668354530345,0.2355650829495608,0.23955005152723072,0.7251073869938139,0.5833862144342914,0.11887128094404821,0.3029852295673806,-0.5151963465586966,-0.11263307373052762,-0.1254422101519246,3.719028503220813,-0.5006417228529145,0.004450396999189762,0.29316954486892144,-0.08998951207207147,0.5133175103267238,-0.2506837770443368,0.9805395651412934,-0.3880526524610856,0.034462041710361734,0.5577868882053845,0.031083765030677425,0.7657434387150619,-0.059678113925447966,-0.36532960092119465,-0.012433046786282069,-0.9202838614164506,0.324128306757512,0.10094195816245505,-0.39185700527190254,0.7721830150750703,0.6903493513783043,-0.35272598116549675,-0.08386696984449138,-0.3052333287963515,0.011270914494420421,-0.22715082867858394,-0.06999783889154233,-0.3039694005859683,-0.39073617522030574,0.7883111028283454
0.05996496983108449,0.028289539823401683,-0.24677619244578383,0.12690114936452154,0.19431762561342025,-0.011588262647512643,0.0557720029662461,0.2186835618000303,0.04821192758718746,0.12119772626207605,0.10329858214563405,0.09179007766487332,0.0438736681763034,0.22814622711287308,0.25163268320655735,0.12175330463611338,0.03764056304711831,0.04813988445173306,0.11915337950880801,0.393727914562834,0.20552644490226357,0.16465587169716203,0.31691224721975597,0.5304262318322204,0.3420159760818827,0.30711074888864465,-0.31567245180966724,-0.1524498422719093,-0.5006417228529145,3.15296891213928,0.30371980509374935,0.1238114041614283,0.2669347903997218,-0.11768775740390838,-0.02152559826755249,0.11390488580326792,0.7274823226790235,0.32419023503935473,0.3167974023352579,-0.10423768552081855,0.16423621938266447,0.07273273086756751,0.7632824661577108,0.062281818226351565,0.8876590304277916,0.20234015040464093,1.3723188947411322,-0.0388223571883386,-0.10447540358980469,-0.060579957047327763,0.0032004373729707055,-0.5605587971640585,0.23589127682823766,0.08337565163748308,0.41947200264560053,-0.21930644227188678,-0.3687325399185585,1.3761027436195798,-0.8876754603762395
0.10502356810210459,0.10803505151370818,0.13860047084133925,0.13548178034602104,0.16427790162247696,0.10008404557697335,0.13804728534669952,0.11053301535888493,0.14621295110205657,0.15522337909238926,0.14577874379642525,0.12491083772594784,0.15185704554217558,0.1174022897701172,0.1741077558015091,0.10443805305503906,0.16891671083863705,0.2520183805861643,0.13467665679090077,0.10457583037868233,0.18560306330356108,0.1873629023955419,-0.0748188879995964,0.12782415948782122,-0.00101167346749535,0.08136034203387855,0.24838778892549793,0.3510093704457669,0.004450396999189762,0.30371980509374935,0.8963124392354732,0.1629924456086188,0.2333889623727205,0.1621391963377025,0.046775749424566464,0.41418834031339646,0.45564974324044066,0.20374623144990653,0.2648708452223475,0.015787181402923976,0.2533896843207833,0.1985000729265304,-0.014037921953234734,0.04685949403982862,0.26139035447686937,0.2100785758263664,0.29954445482223746,-0.07902162539814077,-0.29916899938482294,0.2208912389910695,-0.034069150562226494,0.08322676749547891,-0.13083893036575175,-0.05810111131106937,0.044933469304420805,0.029024015735822875,-0.001526795620037516,-0.13234889585049422,0.039509476427961494
0.08505847456350048,0.06493876229229195,0.15067084681523027,0.19099520550680274,0.16838363399076778,0.19864241873562327,0.17050237425208212,0.12416617383510291,0.1294152706462251,0.0819395795428587,0.15539686526832616,0.19769007396289293,0.20745031237695133,0.1210956201647873,0.07144809215914907,0.18328898645443645,0.12496234887286982,0.0828388702701033,0.1465213638055312,0.24440025458675077,0.09601917930923506,0.32099813344316247,0.032222610448624324,0.3121811200869022,0.10636822419365019,0.25720725143041734,0.06908309652686968,0.07842131113070552,0.29316954486892144,0.1238114041614283,0.1629924456086188,0.9003162101001769,0.057332158260164426,0.0722938790593077,-0.027809415588766435,0.2447061317167822,-0.1801136583074714,0.20815201667827393,0.056502753576735155,0.09484737259062495,0.03718075678511146,0.01689283121846945,0.09723462134030593,-0.012860152507411115,0.07820312997650894,0.24358529008772506,0.13042222604180076,-0.17516149329036645,0.06977084325377486,-0.020197249069029092,0.039636477585421256,-0.13484602579477192,0.07918324064189855,-0.0017270103803877894,-0.30721944040964166,0.051493434197017705,0.38985341929833545,-0.34912227707196397,-0.02306871673368401
0.07576562677526401,0.010306496116755402,-0.010464634479245975,0.037900634254903996,0.10008878247269953,-0.09099379032066926,0.06880971277663939,0.11757285739111294,0.08581554630437123,0.04992583875655359,0.0743010062692528,0.10052560438187896,0.10301216649855921,0.11041498837208995,0.11591151774552816,0.08187007369165576,0.10339743047875975,0.1242563825925001,0.01571091388748201,0.21041041666437676,0.007302990768325447,0.3007760476193055,0.04479314613048087,0.5371384528860129,0.24388809444198598,0.0022193616093376545,0.5845863364247336,0.2429629115863879,-0.08998951207207147,0.2669347903997218,0.2333889623727205,0.057332158260164426,1.6991761065209452,-0.3769247440381064,0.07097102287986551,-0.02486459245027325,0.43588147190991094,0.18069389304602113,0.0506045743119651,0.006524834607692774,-0.2967517593675325,0.12772183430411077,0.0008904358464867346,0.09151623231995236,-0.15317208916956548,0.20512914702844068,0.273970839338462,0.15295918803761122,0.49355820061472,0.11892669567949439,-0.030925493083643518,-0.11565511838196835,0.04000807886436017,-0.16067626755098433,0.06832255564590964,0.022948031773513518,-0.04877467632869723,-0.14816043458109943,0.0630690247369939
