2.326349394841363,0.5407037265092015,1.006441540330288,-0.3543439728190585,0.34965972322030786,0.3312566148138063,0.5503415124049802,0.1715713960744435,0.5636332954853072,0.2971931378125831,0.3247310681414109,0.38653543400933615,0.24509745539297348,0.49911607362732135,0.3959310628736572,0.3643920467011798,0.3734608998672524,0.41067217842711634,0.2183154491369455,0.32067290594260733,0.30043596132134803,0.45872545637881806,0.47729843888593526,0.2187803749574836,0.40020167300005843,0.5025583080740036,0.30407134754657944,0.18912948826460876,0.5881763281338209,0.3785850048315209,0.2191385800325691,0.4396212063568409,0.41310016791235715,0.5188532965670736,0.5691151262811103,0.1748967722525817,0.23834718920692072,0.18353467917392594,0.27600334996596904,0.36752484629799015,0.15288950639416868,0.32858279030681914,0.42309308261162143,0.04980497241198515,0.38522073663158446,0.09050264490047058,0.36505671788471505,-0.006893584167711775,0.579879756024358,-0.01124057158848258,-0.20584288260828254,-0.023427906665829657,0.2959133510284952,-0.007584495232464681,-0.24094843875745492,0.019836788696328014,0.053213948335936935,0.4024104724861163,-0.33275984216699067
0.5407037265092015,2.127679164782005,0.9129080092878149,-0.14802918901522702,0.11221993067308748,0.3185714403370873,0.19878051891228168,0.2934444550661869,0.2723895284150689,0.2500795243389681,0.24461692014529443,0.22791297266204008,0.19393348923499096,0.06589532290000322,0.403313493261323,0.13054421449583586,0.2565344856916523,0.5713776837637295,0.24208772203742127,0.26638835474085737,0.2391692138199312,0.1993647962638336,0.3695314597750856,0.07646205933197972,0.277921882280448,0.18111679819394158,0.19736835855716198,0.7331049190387173,0.39796022709824763,0.2642026005535142,0.13140436924104107,0.12557108142548998,0.2524093297599862,0.32254103478326807,0.4488270494510901,0.05004606759609687,0.5475500032772511,0.10607152868799388,0.3074168230349018,0.3214389181248079,0.0990522844553557,0.24640219698659654,0.3200546845175269,0.01691435953632684,0.6513725249061889,0.045742851512871816,0.36835247125779946,-0.013324619424256688,-0.0009225678907352909,-0.22748848131476845,0.32755135096399546,0.3737126346121009,-0.1650371765034413,-0.003747790194738579,-0.0642998019147527,-0.06440844229269918,-0.23229365467751117,0.1748606712339565,0.08151569096407961
1.006441540330288,0.9129080092878149,2.4547694919911596,0.33800444361462106,-0.14141903674118106,0.50246415370583,0.5274506103473068,0.4497911916341584,0.7729910008825767,0.46762376195681343,0.38872896988822414,0.4114731628912598,0.28767774389549755,0.2494972296040797,0.47698269664102755,0.2868451900900895,0.4946644915581436,0.5565042289740371,0.2917503482818737,0.3379756130764905,0.37219827111313714,0.4951603029545476,0.5433415476862264,0.2399167428725471,0.3742683844406292,0.38185837039594783,0.32126664980220837,0.6429506131691946,0.5371955388467611,0.5817100679964622,0.20849727186745612,0.31437252298404683,0.49818889683639056,0.4927548709004851,0.6442889595811758,0.30262951853097736,0.4014835711049469,0.13132194120336813,0.6355584847651236,0.4426062139589473,0.2419482945102776,0.3876463870363357,0.5259870801955013,0.12429291413777191,0.5806788828457924,0.01540988645931934,0.5634730522728901,0.00018603216054225469,0.3965521849321369,-0.017537752782040183,-0.01551401850820821,0.5413798025425278,-0.10175884770830454,-0.15110111358681114,-0.09867420374763933,0.021273358661884123,-0.14321390556376748,0.1731982979836601,-0.11735560665196793
-0.3543439728190585,-0.14802918901522702,0.33800444361462106,2.562549157079283,-0.023575621025813447,0.3089695524573491,0.5773584713296899,0.35726949688834975,0.3418419862586199,0.37347033571852395,0.3367950466761193,0.5135690265469047,0.16607619399354143,0.6154109469663828,0.14238033957747587,0.5175350055943211,0.4707954552441554,0.1376459701701153,0.13649268834931677,0.3005167218680468,0.31499265363308676,0.4177363270126493,0.07278685535309533,0.13325941072456687,0.3150442975803502,0.4456257007216541,0.3523962295964602,-0.03372489614895601,0.4556100868056206,0.2735888616815778,0.20819831570846026,0.5412206216813978,0.35109213118813204,0.30199638248662114,-0.2798541068725368,0.5905217917665164,-0.08519443322735364,0.15495311861110006,0.3523526264360752,0.08379515288365513,0.33577330309051895,0.2648879256658002,0.27157018432025065,0.1963880539233178,0.0990853129316471,0.048505198915795245,0.2576653738871501,0.01602706955899455,0.12552265856493242,-0.2125775623201366,-0.1144721505379331,0.1294037863543623,0.13285376598004733,-0.0941358978384317,-0.28906244520810787,0.06463526129822454,-0.08343682657895757,0.3026090135890622,-0.17390608498907048
0.34965972322030786,0.11221993067308748,-0.14141903674118106,-0.023575621025813447,1.1963842103160336,0.2397562617877548,0.09928699174982632,0.2840431713264839,-0.030009848048672304,0.13052662818207214,0.19810425887930944,0.21325117062238055,0.16307078921380552,0.2072847661779338,0.2895078042420435,0.21960052353609072,0.13198207851115948,0.16874550312124204,0.4661212955139803,0.24925212561072793,0.10670683394527973,0.10958006659725703,0.12880008414798033,0.10155645163654087,0.18218918150991137,0.3040910588990009,0.13537966126050685,0.19023035173302247,0.11389057302328727,-0.21702376326738906,0.18739322024276078,0.15215112045866502,0.05338675174918616,0.24630473025390057,-0.13862305069251318,0.11240701782674292,0.2147268216156033,0.157814498648507,-0.054517720307980334,-0.012329770988324933,0.18082270900915143,0.12292238759088274,0.0417677606633294,-0.020462013069755525,-0.028539477711046646,0.20025408999261013,0.005779119279879581,0.03488775377111767,0.1717991195540395,0.11548302221811409,-0.06148067249054158,-0.374474216876366,0.30791582229086656,-0.0034134957686150517,-0.052508726429703674,-0.07298345502997186,-0.0473132117301353,0.11422928417701475,0.08007692777411372
0.3312566148138063,0.3185714403370873,0.50246415370583,0.3089695524573491,0.2397562617877548,0.7278456065280993,0.24562194134938783,0.3823206996467401,0.21677899094747471,0.2171055959942331,0.29296102914856753,0.2945649409215204,0.17496939805359016,0.1940773766542724,0.2836551467139331,0.2444768455706874,0.2879008921785561,0.2362067653586229,0.428757858765293,0.3648016864933182,0.20646589167471463,0.23860199569556242,0.20880331307858813,0.14158971910464704,0.3070683884130013,0.34565535134265507,0.2148059430523719,0.20032573296176273,0.4291549096267995,0.19333793551614048,0.15740046812371314,0.22206187608313607,0.18411733966821167,0.30278464654192716,0.3121883869105816,0.1465026496581658,0.23153343081141595,0.16849058493498595,0.24348026792289099,0.19437374017980222,0.14998072442870153,0.2068813039199123,0.29440078493998784,0.05716551538816879,0.1987959099759992,0.05452186936940421,0.3389942436674582,0.03128268328594982,0.32498127890617634,0.20227763168414106,-0.22376288151218782,0.18677191063901943,-0.18123828812360407,-0.0471903740187083,-0.07728666631844351,-0.02872696551257332,-0.08534213186481304,0.16140961296161832,-0.03699915892687305
0.5503415124049802,0.19878051891228168,0.5274506103473068,0.5773584713296899,0.09928699174982632,0.24562194134938783,0.5974470346288069,0.19919191532637454,0.3710735486796062,0.28147541732802916,0.2699968733088992,0.3629240057009191,0.17453828943411984,0.2360502440555571,0.2086689049550916,0.27547365850427713,0.32330997147726354,0.2680253817466176,0.11315027488709886,0.12249161479894717,0.22889744075478366,0.31684671403107245,0.27425712254266593,0.14239558653778497,0.26596926630834783,0.2777402044501666,0.21281876923428758,0.002763326611051254,0.4153195193892578,0.24159821298320666,0.15285390095719367,0.25548066518408147,0.29263790622887964,0.313955723098636,0.21062602033283354,0.275279495538016,0.05683744261093421,0.07086321183161465,0.34976437610522343,0.19311221342077026,0.14842245894549863,0.21449774166744215,0.2302792054570456,0.07613048584020754,0.17457054462675822,0.04827390160325005,0.2004334672158016,0.00743719839091861,0.3225596159767198,0.013176111506180076,-0.13035887606223018,0.09751062165360046,0.10445171226729726,-0.07032522274404085,-0.11919870280661929,0.09004860420294415,-0.09180261647635374,0.1658814213345017,-0.17914039490730158
0.1715713960744435,0.2934444550661869,0.4497911916341584,0.35726949688834975,0.2840431713264839,0.3823206996467401,0.19919191532637454,0.956073621740536,0.049470574150782834,0.2283295645766972,0.29512380849048,0.1377936559997981,0.1806200688689698,0.1499530293742407,0.24577325526260224,0.19603263037742577,0.295167910856674,0.3191904029598327,0.37616830065298673,0.39185449961664676,0.1692300591276532,0.14370926598729164,0.2510286044551892,0.10300937938079732,0.31137513015089135,0.33019770764261436,0.191964365040426,0.4494109063050341,0.294653515001241,0.2856380620984054,0.14480828758316683,0.17658829988053804,0.19052993667015483,0.30715590405940835,0.41025657954899597,0.07458720949424841,0.2886862899755256,0.17207331113685942,0.3351866737889431,0.2314881879608054,0.13333865577073947,0.18806563552255864,0.32621424175751745,0.07800269378310602,0.3017807770736844,0.009178465515567967,0.4317941854089038,0.06231311642918729,0.19279972610464444,0.15960852947688312,-0.09451718145637714,0.37609583799235363,-0.14748437785093702,-0.13220578850826617,-0.08174423388584094,-0.04479417366856624,-0.0005349411996729177,0.16646645046974254,-0.07534962964044278
0.5636332954853072,0.2723895284150689,0.7729910008825767,0.3418419862586199,-0.030009848048672304,0.21677899094747471,0.3710735486796062,0.049470574150782834,0.8624030663712395,0.2804988965940857,0.2180017286740066,0.27731390071238443,0.1723481166612088,0.2934316247557661,0.14218542674245097,0.264456663561451,0.36119871632698913,0.3159671235733896,0.03965787124299861,0.13124670346985184,0.2723946769962829,0.5067658895242284,0.36791366918467877,0.2135265446871936,0.19410115404505043,0.291821242244793,0.20970547612349483,0.11305332783689595,0.3712500661932952,0.3032172184265136,0.1583747683673802,0.2970980082242756,0.4175528501874124,0.37097751505133625,0.24789273508624435,0.21430597193348402,0.21733145939449627,0.08143864550878706,0.4007803748573076,0.23525928554040154,0.1691705553996501,0.2640863133025159,0.3667639603745628,0.09557414162693692,0.285451708598357,0.05193778832084542,0.299345884836855,-0.07169502435143302,0.36576196392075117,-0.007809228138697616,-0.10999826262523667,0.11659285611018214,0.09244368422333996,-0.05414054095316987,-0.0010907373255742414,0.1760783352633995,-0.13116046365289316,0.06101010629861098,-0.2096751194962901
0.2971931378125831,0.2500795243389681,0.46762376195681343,0.37347033571852395,0.13052662818207214,0.2171055959942331,0.28147541732802916,0.2283295645766972,0.2804988965940857,0.6023047068759109,0.26236905656808673,0.2782469163029993,0.1828302661919276,0.17727940890305952,0.2786880284749915,0.22448200673094376,0.31789128705569225,0.31477863510954734,0.14821346031808244,0.24160358434734808,0.2256363414777016,0.24620862547762787,0.2994796565320755,0.19006899552474205,0.2323103908389371,0.22897259000416945,0.20851537345805055,0.22852135866483497,0.3409353645329393,0.24693934659448888,0.19456492841099188,0.20012797606200383,0.25520033587688995,0.3084853528901505,0.2594464821567387,0.20467108558965896,0.23577807663372463,0.12189878518769731,0.3340844489687955,0.2213420588028341,0.1884664255408002,0.22123643909817786,0.2745015696195068,0.05922157564491249,0.2860680443667794,0.048514494190111,0.2911864077060958,0.027168695991173004,0.23459215638286463,0.0342032002210147,-0.09001625786919855,0.18099520246615453,0.05202535835474115,-0.06597734651548456,-0.008927800416371512,0.06631531186732542,-0.09552324853877173,0.052794155548231095,-0.086023448947753
0.3247310681414109,0.24461692014529443,0.38872896988822414,0.3367950466761193,0.19810425887930944,0.29296102914856753,0.2699968733088992,0.29512380849048,0.2180017286740066,0.26236905656808673,0.42503077195892885,0.3174508923133379,0.18557289233510912,0.2156741970467757,0.28132922709809133,0.25934271920989727,0.3660081413278613,0.24902092581332055,0.22268250017474542,0.31767222355250585,0.2182311248549426,0.24184873987477717,0.2724123085704446,0.1830135471114505,0.27134946679050687,0.26497884794266713,0.22320729464006003,0.19690007532296946,0.38512238343453215,0.21882663637687128,0.17590297433043026,0.2317575222088708,0.2590648169222849,0.3531744622744709,0.327022307723311,0.1699895088175886,0.1951716908029641,0.15022976319684417,0.3048225787308621,0.2389747760306701,0.11499229448330271,0.2293993966502445,0.2866086033326849,0.05425127364826403,0.32574331811232404,0.051080094250520645,0.2671099448137006,0.027008458167006113,0.2122938990851571,0.032502270287137404,-0.08636518087254237,0.20657622381362023,-8.543719519320179e-5,-0.06193144544296079,-0.060109401738387865,0.001956010672221182,-0.05504015576343887,0.11891593757381982,-0.07668474881768561
0.38653543400933615,0.22791297266204008,0.4114731628912598,0.5135690265469047,0.21325117062238055,0.2945649409215204,0.3629240057009191,0.1377936559997981,0.27731390071238443,0.2782469163029993,0.3174508923133379,0.6494150846592934,0.1530064313951758,0.284394986093601,0.2660842168932489,0.31876545778483606,0.34159449971257433,0.17744095333852705,0.20073411325589396,0.24904755385013688,0.2329207996985597,0.28760203007779916,0.21364237605058084,0.16942813999250494,0.3160708804413462,0.300075001590579,0.2822005358522192,-0.05974060704924929,0.48567380011709393,0.2308784120772758,0.16691859218046232,0.30332846536769903,0.26912435849187466,0.31116876830300344,0.3186043945323937,0.33504126241360366,-0.020644749129313324,0.11460215442020864,0.30660559879702043,0.26229513696505247,0.07118428898215569,0.2318427227626533,0.2324084180047866,0.06185361567150431,0.2875455245927811,0.02590852054169237,0.1999154826154959,0.020196733284161474,0.2513448800626367,-0.09457272098086866,-0.07598306854434903,0.08199849915709001,0.020039549917328883,-0.005583101383269388,-0.06768816020691318,0.028756476809674646,-0.09403678042384964,0.11812038730662858,-0.1592644770521351
0.24509745539297348,0.19393348923499096,0.28767774389549755,0.16607619399354143,0.16307078921380552,0.17496939805359016,0.17453828943411984,0.1806200688689698,0.1723481166612088,0.1828302661919276,0.18557289233510912,0.1530064313951758,0.38027723752052456,0.12578871903322736,0.12623227885647792,0.16604304151291163,0.1291177028080439,0.16927128794200402,0.1471221183139424,0.08761050404571502,0.12617824961530613,0.1718057079405908,0.14487631669360476,0.09320431166128922,0.1490002424628867,0.13748452357592983,0.15304816770191554,0.06675253087972578,0.24018365120758836,0.18234631318999853,0.10025788716354452,0.15380535288195357,0.19281854647990027,0.18978309108799496,0.1860727200663915,0.10858405492717264,0.1065606940804729,0.04496855137348275,0.16958149920488408,0.12924308799964407,0.08534245197144595,0.13423050905830392,0.17202503571191757,0.056896039363769656,0.1062257781691682,0.06278983194885385,0.19157983922873587,0.006249864077521403,0.12533317206820416,0.10024607158706439,-0.012912435570707058,0.025788525485603418,-0.0737610482104566,-0.03855365438308917,-0.0428595309083269,-0.041138863076910316,-0.05044543272843635,0.0906212565682252,-0.004333642210185855
0.49911607362732135,0.06589532290000322,0.2494972296040797,0.6154109469663828,0.2072847661779338,0.1940773766542724,0.2360502440555571,0.1499530293742407,0.2934316247557661,0.17727940890305952,0.2156741970467757,0.284394986093601,0.12578871903322736,0.6467485638246949,0.17796867015242687,0.3924900124674405,0.32129905712484663,0.0984851051285788,0.1516930412242972,0.3710949738211991,0.23105373881604607,0.3357034756356148,0.1097018324409855,0.1520460966561104,0.2539896968112352,0.46060316304390087,0.274791854658677,0.10994024722379987,0.37825240828389745,0.2538398923922551,0.17401658508037796,0.4964163581027795,0.28754710811512757,0.3257051825457169,0.1337577608022081,0.24963236879692274,0.06948817756030125,0.19494668360993703,0.06753770390744832,0.1693343799538782,0.18985252583202555,0.24647235741881673,0.31073481365287514,0.07786762421217684,0.19998543609161787,0.032387147220010196,0.24352437066379362,0.003748396499161069,0.27744871234254753,-0.1434105292331296,-0.17315833478991194,-0.06860590502313378,0.27405007360607264,0.007371375517824657,-0.1854124267700893,-0.014197545366945513,0.03768511757004776,0.24341877868755563,-0.1100249981932353
0.3959310628736572,0.403313493261323,0.47698269664102755,0.14238033957747587,0.2895078042420435,0.2836551467139331,0.2086689049550916,0.24577325526260224,0.14218542674245097,0.2786880284749915,0.28132922709809133,0.2660842168932489,0.12623227885647792,0.17796867015242687,1.0128897981842184,0.16764413224704458,0.2579248883305017,0.32351750766370685,0.2698171492826443,0.3765573393471747,0.2248702221569557,0.1534158771139499,0.31025712066151384,0.24795599462787862,0.326550658612778,0.3458798497763163,0.19409062222088827,0.5092349729987565,0.2983916842323841,0.24501508088554588,0.215603083053854,0.15822747475483484,0.19213686417954573,0.39055129308863396,0.3050258001151828,0.1256163050830236,0.3129266093658481,0.15979284180977246,0.14356363520175705,0.1901165221347401,0.2618376106255297,0.25107938926770845,0.36705064601006454,0.041449697526310204,0.2724434254438391,0.024163979726928984,0.2807963189326337,0.06334654937925066,0.1908169966919131,-0.07626686863997954,-0.17205709295821905,0.24404104168189586,0.13182281892704187,-0.020171084484432358,-0.09810996998921659,0.13532635703160012,-0.2452739923428225,0.16116407482552414,0.015154615256446019
0.3643920467011798,0.13054421449583586,0.2868451900900895,0.5175350055943211,0.21960052353609072,0.2444768455706874,0.27547365850427713,0.19603263037742577,0.264456663561451,0.22448200673094376,0.25934271920989727,0.31876545778483606,0.16604304151291163,0.3924900124674405,0.16764413224704458,0.5413956547368094,0.35870155032712253,0.15025660110686723,0.18206525873006002,0.26717110678861766,0.2300060185367227,0.3741118321552264,0.1759701290205115,0.16344786038791845,0.2558813046313163,0.3501712597304837,0.26965287697862017,0.14911142853274506,0.37959737473699295,0.2622554647653856,0.15085127942357698,0.35372001824767935,0.28449727162446226,0.3012239317574973,0.2792441225404291,0.21975047425366212,0.10132980691971369,0.13418096657873488,0.19029318234809514,0.22221071696752748,0.16525682258679314,0.2552754748810481,0.31097280167924213,0.08616920458676551,0.2234779491089972,0.02751875584668238,0.256290480731459,-0.022080569500313608,0.32595919542537544,-0.13169216645048334,-0.15192033574813552,0.008143685578339529,0.10116456433593293,0.025332010370633616,-0.11553974794989486,-0.013784100012712845,-0.046821391964732846,0.1912425903515319,-0.07850567559721089
0.3734608998672524,0.2565344856916523,0.4946644915581436,0.4707954552441554,0.13198207851115948,0.2879008921785561,0.32330997147726354,0.295167910856674,0.36119871632698913,0.31789128705569225,0.3660081413278613,0.34159449971257433,0.1291177028080439,0.32129905712484663,0.2579248883305017,0.35870155032712253,0.9344941454937868,0.2984350921522356,0.21677202339901783,0.49249946942640555,0.3313266119708672,0.39634792581620415,0.4203726260967521,0.23455810305438513,0.32904781880937306,0.2783667919371364,0.27730289534776426,0.29088387713533553,0.49230853557346077,0.3308037108954364,0.16422686566504321,0.3100586191568958,0.5232744143189714,0.4858213310070686,0.345477514461182,0.07747285433097055,0.49206241000094575,0.22760871753166162,0.4925888882745982,0.31957138207605207,0.2369598104046513,0.3358899199977336,0.4835632468051318,0.07571397715541946,0.5175301471023922,0.008826299930004356,0.39622389078499815,0.05075882810604583,0.5632544406655667,0.21155247858626788,-0.1923350640633649,0.48759330720327565,-0.02446398701806132,-0.1181927912688682,-0.07816948595071425,0.015209501304157663,-0.07388072939692295,0.16499872647138,-0.015888660146521433
0.41067217842711634,0.5713776837637295,0.5565042289740371,0.1376459701701153,0.16874550312124204,0.2362067653586229,0.2680253817466176,0.3191904029598327,0.3159671235733896,0.31477863510954734,0.24902092581332055,0.17744095333852705,0.16927128794200402,0.0984851051285788,0.32351750766370685,0.15025660110686723,0.2984350921522356,0.9057263639539062,0.16761036243499985,0.05266150853817208,0.22778743997048356,0.2382678001160639,0.707623729918467,0.16635405849119458,0.28596193401159736,0.3023826491354717,0.09562879954040211,0.45033198217001297,0.36673079629870614,0.18582110431134105,0.22042531659702458,0.11464078124664012,0.21092669696993596,0.4795523880359056,0.3224333075677867,0.12687925443025508,0.3313527769849894,0.03467892116367893,0.3025854735951116,0.26455118790145493,0.2989808153419269,0.20906169259924623,0.41709637034524544,0.05313971121917298,0.41905437198822143,0.04814689155930838,0.5118032439324455,-0.019485655329612352,0.07833436625230254,0.09634382121865755,0.07863200163700236,0.24090922967136763,0.030199049918979905,-0.046983013513166826,-0.09515090154099688,0.04326072732216516,-0.12073163937750396,0.20046764745496365,-0.07161266666495637
0.2183154491369455,0.24208772203742127,0.2917503482818737,0.13649268834931677,0.4661212955139803,0.428757858765293,0.11315027488709886,0.37616830065298673,0.03965787124299861,0.14821346031808244,0.22268250017474542,0.20073411325589396,0.1471221183139424,0.1516930412242972,0.2698171492826443,0.18206525873006002,0.21677202339901783,0.16761036243499985,0.9228206730996724,0.29343846973373133,0.13386892902503178,0.12558721806915216,0.0826475648628498,0.09918662591389864,0.23472840373780363,0.24055307986496802,0.14701401977226725,0.3865557579123535,0.16135996285468862,-0.022115796388179954,0.20540736505290366,0.17641297941309453,0.125966641644167,0.24824278877537315,0.12418760898613602,0.18505631575498543,0.04734702149863961,0.1581168439403633,0.09480837366196983,0.10415402222394747,0.16738012035220515,0.14588488998489024,0.12416008926358486,0.02452113618616695,0.2118186875905957,0.12569361967814038,-0.02502526066500744,0.049788547132068234,0.07118615901049961,0.09294086510988245,0.2581251813558607,0.38956804949987994,-0.377145421756278,-0.14958200351698103,-0.07423458551173139,-0.03833630400584295,-0.03732185735895535,0.12267903880803335,-0.03472617502796972
0.32067290594260733,0.26638835474085737,0.3379756130764905,0.3005167218680468,0.24925212561072793,0.3648016864933182,0.12249161479894717,0.39185449961664676,0.13124670346985184,0.24160358434734808,0.31767222355250585,0.24904755385013688,0.08761050404571502,0.3710949738211991,0.3765573393471747,0.26717110678861766,0.49249946942640555,0.05266150853817208,0.29343846973373133,1.7686680860772805,0.24325508076055657,0.2479621668204871,0.23776344824345616,0.30088031666773407,0.27541588247058824,0.6487889056946531,0.42791092060823094,1.308377303402626,0.1766997140732931,0.1404448372801982,0.15328085445562648,0.30409088639979565,0.29687432596722035,0.5549462760204356,0.4398149736599161,-0.11363040096916875,1.0118949221771774,0.733845198483282,-0.0449205349000747,0.35273857809009357,-0.15386432568491093,0.41068549229603524,0.6109932743702373,0.020588789259683916,1.0383476375539542,0.08446572201817024,-0.08039560064661204,0.13420202817295201,0.4035359950860732,-0.18310530544112769,-0.18441244570507856,0.10066673141482259,0.25413733275593464,-0.04431831778805742,-0.06836594774717206,0.03949822417990204,-0.12717340107515596,0.12942351726356324,0.07120418874607592
0.30043596132134803,0.2391692138199312,0.37219827111313714,0.31499265363308676,0.10670683394527973,0.20646589167471463,0.22889744075478366,0.1692300591276532,0.2723946769962829,0.2256363414777016,0.2182311248549426,0.2329207996985597,0.12617824961530613,0.23105373881604607,0.2248702221569557,0.2300060185367227,0.3313266119708672,0.22778743997048356,0.13386892902503178,0.24325508076055657,0.615053623262887,0.2742263259699158,0.1627331226733761,0.20856456513226126,0.20182994184453235,0.2188576091437727,0.188085026193505,-0.1352712850976106,0.3483796377927024,0.4463272489556469,0.24976796496393994,0.23988686468908083,0.437477548364364,0.32140916480783366,0.2584822168972892,0.36201328536874583,0.2917600780912233,0.12657545987021754,0.5693174338349422,0.34926449578013646,0.3733516526355739,0.452064580266414,0.49614559473395176,0.10650657891032539,0.6225502758362101,-0.08971853781495308,0.3538967163877846,0.12493488339269186,0.3202497987924731,0.09037117041364663,-0.12093599216371453,0.15368491026610911,-0.037634259708207836,-0.03815422871388063,-0.07955429924431189,0.016855409184795608,-0.20108971179460686,0.17165362873339368,0.019423165601505556
0.45872545637881806,0.1993647962638336,0.4951603029545476,0.4177363270126493,0.10958006659725703,0.23860199569556242,0.31684671403107245,0.14370926598729164,0.5067658895242284,0.24620862547762787,0.24184873987477717,0.28760203007779916,0.1718057079405908,0.3357034756356148,0.1534158771139499,0.3741118321552264,0.39634792581620415,0.2382678001160639,0.12558721806915216,0.2479621668204871,0.2742263259699158,0.6833890040501275,0.33512540497576,0.2016198269457814,0.2307979495438354,0.31898580568030477,0.24353071676982285,0.020265838901678525,0.4510155911469232,0.29950069692452475,0.12456458164535701,0.33341849848948135,0.38963603747736053,0.3588841761861447,0.23557019768729098,0.22609116403397614,0.1997485726489565,0.1346115547564887,0.29344603829142146,0.22814902585576766,0.2190414141167532,0.2827474838153925,0.39063129270259134,0.11591921856182723,0.1545315042975998,0.10758465289473451,0.2727689686602416,-0.12668810899537303,0.6022423762042196,-0.04280715220765846,-0.15017734612647485,0.012462747288939523,0.062302747907517136,-0.028485926933165637,-0.07034045821208777,0.0659676768081,-0.09698758430471054,0.15313554198040416,-0.1158848648946798
0.47729843888593526,0.3695314597750856,0.5433415476862264,0.07278685535309533,0.12880008414798033,0.20880331307858813,0.27425712254266593,0.2510286044551892,0.36791366918467877,0.2994796565320755,0.2724123085704446,0.21364237605058084,0.14487631669360476,0.1097018324409855,0.31025712066151384,0.1759701290205115,0.4203726260967521,0.707623729918467,0.0826475648628498,0.23776344824345616,0.1627331226733761,0.33512540497576,1.9726810744851535,0.42158723774413115,0.3903376240000532,0.08544926121294875,0.1367535961080918,0.4625790451810408,0.6628937612845769,0.46022587735501236,-0.060532388382697776,0.0808231490072478,0.4613072050926502,0.6435028365372605,0.45546751512339534,-0.07535570338274789,0.5209488846994123,0.02077913592098559,0.45344342148448663,0.3699736059313446,0.368018107502309,0.2157420113940132,0.4781464087488598,0.04768093321328621,0.1481646289378836,0.10623744234433007,0.6295978629718109,0.019709165562953938,0.6898119127606795,0.46138902897971756,-0.225274723072829,0.26415095987410575,0.17279176326338574,-0.08212308189017718,0.09421356951357754,0.05822169945797078,-0.18220225613771449,-0.0639241002812439,0.21869458615325746
0.2187803749574836,0.07646205933197972,0.2399167428725471,0.13325941072456687,0.10155645163654087,0.14158971910464704,0.14239558653778497,0.10300937938079732,0.2135265446871936,0.19006899552474205,0.1830135471114505,0.16942813999250494,0.09320431166128922,0.1520460966561104,0.24795599462787862,0.16344786038791845,0.23455810305438513,0.16635405849119458,0.09918662591389864,0.30088031666773407,0.20856456513226126,0.2016198269457814,0.42158723774413115,0.9095655351643919,0.2218330396667217,0.004706785354585555,0.15587972347211093,0.34968560607935906,0.24193086008460246,0.2146719855485189,0.3480972760611609,0.13399657929569192,0.23200725676336925,0.34120300192583103,0.3094850137107366,0.11514413806560606,0.31542402583158835,0.13262993817168245,0.3491313011626912,0.2437169194585325,0.2550487735322784,0.20653063599908608,0.2567919569779074,0.02655214193836836,0.20474959414470778,0.0018300064309521853,0.21352895293188956,0.05784186386519337,0.45519476821838994,-0.0031709483096335153,-0.05740190226055056,0.04516385184572347,0.15391378452998358,-0.06743636408416732,0.41512210735408833,0.05918025072582068,-0.08459381711863614,-0.566635125689274,0.41064599981963656
0.40020167300005843,0.277921882280448,0.3742683844406292,0.3150442975803502,0.18218918150991137,0.3070683884130013,0.26596926630834783,0.31137513015089135,0.19410115404505043,0.2323103908389371,0.27134946679050687,0.3160708804413462,0.1490002424628867,0.2539896968112352,0.326550658612778,0.2558813046313163,0.32904781880937306,0.28596193401159736,0.23472840373780363,0.27541588247058824,0.20182994184453235,0.2307979495438354,0.3903376240000532,0.2218330396667217,1.3444274254194513,0.3178557848313478,0.20871365875091075,0.07277059887132956,0.7907883066503728,0.32621762743101745,0.2617885074452104,0.2546408301791931,0.21359534401488517,0.4796641389346331,0.473942294085101,0.33889557085021377,-0.1383616935627999,0.14062073279783693,0.2182643380848347,0.2647395733305043,0.1883145413160693,0.20997940180242347,0.33762957345509553,0.08630369418166348,0.3283016180915109,0.091951687956253,0.37204074861128783,-0.013009119698606153,-0.18978857456072531,-0.18559896172127313,-0.020063649890010603,0.018262282385411745,0.055461916045363054,-0.010936276282374495,-0.05889672827779802,0.01279090203259096,-0.07687263053515253,0.11944536733365703,-0.07036559761840502
0.5025583080740036,0.18111679819394158,0.38185837039594783,0.4456257007216541,0.3040910588990009,0.34565535134265507,0.2777402044501666,0.33019770764261436,0.291821242244793,0.22897259000416945,0.26497884794266713,0.300075001590579,0.13748452357592983,0.46060316304390087,0.3458798497763163,0.3501712597304837,0.2783667919371364,0.3023826491354717,0.24055307986496802,0.6487889056946531,0.2188576091437727,0.31898580568030477,0.08544926121294875,0.004706785354585555,0.3178557848313478,2.0162350023674,0.3186865848416861,0.19504059357246287,0.5288978242352859,-0.2291105935795276,0.1493349460169322,0.4802523094016571,0.07691125914566435,0.93700324077792,0.4960348824815206,0.36037920187100186,-0.6581271112270933,0.30657503953481235,-0.9774574631676536,0.11939602128660792,0.0552975083424939,0.3152162847894886,0.5176932128012413,-0.01704679453488186,-0.008294264887419592,0.05761416501663067,0.013422340226976215,-0.01091302625912726,0.047421616155259735,0.09052425541749698,-0.4607457041189479,0.02022852739128621,0.10423247564896246,-0.049044837746329895,-0.3424921637534331,0.040957140395985366,-0.20728186506754523,0.5392090965113894,-0.1704314254699873
0.30407134754657944,0.19736835855716198,0.32126664980220837,0.3523962295964602,0.13537966126050685,0.2148059430523719,0.21281876923428758,0.191964365040426,0.20970547612349483,0.20851537345805055,0.22320729464006003,0.2822005358522192,0.15304816770191554,0.274791854658677,0.19409062222088827,0.26965287697862017,0.27730289534776426,0.09562879954040211,0.14701401977226725,0.42791092060823094,0.188085026193505,0.24353071676982285,0.1367535961080918,0.15587972347211093,0.20871365875091075,0.3186865848416861,0.4358371015781039,0.1981623525536696,0.2756735548581206,0.182612513877361,0.13976027852445666,0.2976878193478281,0.26757584609072416,0.3250165693634939,0.25779090152641293,0.17924897347195243,0.20814544904449492,0.18829156860476326,0.15275883438460214,0.20908994431268352,0.019487434087804165,0.22704975706263994,0.3309070993770512,0.06129564372446537,0.355037866388069,0.020126781425624383,0.13384261708026032,0.043099440064502774,0.2628754462645931,-0.06024394748362308,-0.1045802857277172,0.13220882140023169,0.010420723052036167,-0.027399085853981812,-0.06576864920106237,0.005760595561000554,-0.023963097277435046,0.11918889653295478,-0.07030671512055742
0.18912948826460876,0.7331049190387173,0.6429506131691946,-0.03372489614895601,0.19023035173302247,0.20032573296176273,0.002763326611051254,0.4494109063050341,0.11305332783689595,0.22852135866483497,0.19690007532296946,-0.05974060704924929,0.06675253087972578,0.10994024722379987,0.5092349729987565,0.14911142853274506,0.29088387713533553,0.45033198217001297,0.3865557579123535,1.308377303402626,-0.1352712850976106,0.020265838901678525,0.4625790451810408,0.34968560607935906,0.07277059887132956,0.19504059357246287,0.1981623525536696,11.005440166573068,-2.174684706265948,-0.14583284790593484,0.5007818999853145,0.004790844309676491,0.010536051148653245,-0.15748016113093286,0.27361629984463776,-0.5227294504717594,2.3611400375416034,0.6442583099004201,0.15920397055727248,0.09540723421981125,0.917470949234646,0.34547666077249417,0.1907371346484858,0.209205034663582,0.9519454955393947,-0.29566972221644094,0.19408075781966136,0.19575252220602696,0.5933293825326407,-0.8901651040787478,0.26226781914371133,0.47080686426607954,0.6720888843758379,-0.05966222298868794,-0.2696232848520173,0.08271032401052303,-0.17684765017513326,0.14897411521120144,0.35475760144248264
0.5881763281338209,0.39796022709824763,0.5371955388467611,0.4556100868056206,0.11389057302328727,0.4291549096267995,0.4153195193892578,0.294653515001241,0.3712500661932952,0.3409353645329393,0.38512238343453215,0.48567380011709393,0.24018365120758836,0.37825240828389745,0.2983916842323841,0.37959737473699295,0.49230853557346077,0.36673079629870614,0.16135996285468862,0.1766997140732931,0.3483796377927024,0.4510155911469232,0.6628937612845769,0.24193086008460246,0.7907883066503728,0.5288978242352859,0.2756735548581206,-2.174684706265948,3.8675505750768706,0.40219244134855764,0.01904210313351222,0.5172704791620012,0.3246791032157335,1.3888710277848118,0.8014277302570595,0.9045896606344096,-1.6502646573593072,-0.009825113243127709,0.1278586214246529,0.40684333177039883,0.26341788239224306,0.20056799341308182,0.18464233530852212,-0.16875693534759195,-0.3428705681120473,0.15272657383621088,0.6264790424470978,0.03388444357054135,1.00609742978225,0.9042608160259319,-0.9056274355461356,0.36002002780014536,-0.4838192001536715,-0.014281847463867967,-0.25565327074987465,0.057805957496699534,-0.18418339340328174,0.26906167296082006,-0.06893302370285842
0.3785850048315209,0.2642026005535142,0.5817100679964622,0.2735888616815778,-0.21702376326738906,0.19333793551614048,0.24159821298320666,0.2856380620984054,0.3032172184265136,0.24693934659448888,0.21882663637687128,0.2308784120772758,0.18234631318999853,0.2538398923922551,0.24501508088554588,0.2622554647653856,0.3308037108954364,0.18582110431134105,-0.022115796388179954,0.1404448372801982,0.4463272489556469,0.29950069692452475,0.46022587735501236,0.2146719855485189,0.32621762743101745,-0.2291105935795276,0.182612513877361,-0.14583284790593484,0.40219244134855764,3.481742727085206,-0.10419537526864593,0.305750456478886,0.8433196510531249,-0.99401430279523,1.032773806900113,0.3842102879828345,0.6709497695271586,-0.034842220463674,1.2855442522716574,0.7425483608150687,0.774659290226554,0.4491870028841385,0.9979096943425654,0.3924105558761268,0.4378719720360403,-0.5870280802398335,1.8506929006218564,0.19120864628919998,0.5519546674171937,0.5175147793933127,-0.7764337052025898,0.26270414384769586,-0.08031492465280994,0.048539401898107744,0.37425669598551875,-0.21125995890057833,0.049707566962736115,-0.09833402092871624,0.05782006145919496
0.2191385800325691,0.13140436924104107,0.20849727186745612,0.20819831570846026,0.18739322024276078,0.15740046812371314,0.15285390095719367,0.14480828758316683,0.1583747683673802,0.19456492841099188,0.17590297433043026,0.16691859218046232,0.10025788716354452,0.17401658508037796,0.215603083053854,0.15085127942357698,0.16422686566504321,0.22042531659702458,0.20540736505290366,0.15328085445562648,0.24976796496393994,0.12456458164535701,-0.060532388382697776,0.3480972760611609,0.2617885074452104,0.1493349460169322,0.13976027852445666,0.5007818999853145,0.01904210313351222,-0.10419537526864593,1.0912685557822097,0.1998498956641393,-0.04912528602771347,0.0957246840333525,0.19898897156398673,0.6053228253074511,-0.13068781207975444,0.18037077413804756,0.2620017740560868,0.2218382716557997,0.22345081767697306,0.19715014958871543,0.10873199703377322,0.07197839622167487,0.3919196949644533,0.03503646486807008,0.05249408089518949,0.0075368003238308326,-0.4496219901815805,-0.27131200595907234,0.3100180132029485,-0.02404967990295737,0.06740428634869332,-0.040662159927956014,0.12606084375710863,0.02075664420484994,0.07155137538504854,-0.17511014919739118,-0.057253178480218776
0.4396212063568409,0.12557108142548998,0.31437252298404683,0.5412206216813978,0.15215112045866502,0.22206187608313607,0.25548066518408147,0.17658829988053804,0.2970980082242756,0.20012797606200383,0.2317575222088708,0.30332846536769903,0.15380535288195357,0.4964163581027795,0.15822747475483484,0.35372001824767935,0.3100586191568958,0.11464078124664012,0.17641297941309453,0.30409088639979565,0.23988686468908083,0.33341849848948135,0.0808231490072478,0.13399657929569192,0.2546408301791931,0.4802523094016571,0.2976878193478281,0.004790844309676491,0.5172704791620012,0.305750456478886,0.1998498956641393,0.6839493627097526,0.3515911722592948,0.3568629918992081,0.21226958049712058,0.309403844043061,-0.08921505332064497,0.17248665429815668,0.1213009040554572,0.22475092217637005,0.06051144448699204,0.2596091595495586,0.28839083925900283,0.08033571680788716,0.2870219715580807,0.006850508947059143,0.23791757816307896,0.006520351553454391,0.20342081527509984,-0.018323213892906642,-0.09985183551620312,0.30647061625720423,-0.2727610920363457,-0.0057353666083351665,-0.13023241469137778,-0.021017223831150397,0.1475573502195121,0.15113229380627172,-0.19733225017882555
0.41310016791235715,0.2524093297599862,0.49818889683639056,0.35109213118813204,0.05338675174918616,0.18411733966821167,0.29263790622887964,0.19052993667015483,0.4175528501874124,0.25520033587688995,0.2590648169222849,0.26912435849187466,0.19281854647990027,0.28754710811512757,0.19213686417954573,0.28449727162446226,0.5232744143189714,0.21092669696993596,0.125966641644167,0.29687432596722035,0.437477548364364,0.38963603747736053,0.4613072050926502,0.23200725676336925,0.21359534401488517,0.07691125914566435,0.26757584609072416,0.010536051148653245,0.3246791032157335,0.8433196510531249,-0.04912528602771347,0.3515911722592948,2.2050713520340293,0.29454450167026297,0.29767896124396753,-0.5359852985341818,0.9601951786893403,0.11431412472083506,0.5663883305535806,0.3115348691821508,0.02463082143581418,0.4592556049678941,0.610007988560805,0.08003534901444809,0.37687545397155964,-0.19290789240559245,0.6304803205579492,0.2672093573345171,0.9276385332715545,0.5852219431483069,-0.5333574429160655,0.5503662981174356,-0.2018007224899822,-0.25926243712321967,0.003735788546074724,0.037397077517635484,-0.1271089270188381,0.08200125743500379,0.15194455806890547
0.5188532965670736,0.32254103478326807,0.4927548709004851,0.30199638248662114,0.24630473025390057,0.30278464654192716,0.313955723098636,0.30715590405940835,0.37097751505133625,0.3084853528901505,0.3531744622744709,0.31116876830300344,0.18978309108799496,0.3257051825457169,0.39055129308863396,0.3012239317574973,0.4858213310070686,0.4795523880359056,0.24824278877537315,0.5549462760204356,0.32140916480783366,0.3588841761861447,0.6435028365372605,0.34120300192583103,0.4796641389346331,0.93700324077792,0.3250165693634939,-0.15748016113093286,1.3888710277848118,-0.99401430279523,0.0957246840333525,0.3568629918992081,0.29454450167026297,4.398100033306411,0.643832878158738,-0.4395790283645428,0.06668840605421966,0.22334016999945672,-0.26635221773591533,0.05436042262429192,-0.40531659790682406,0.427886938588955,1.0846071342821075,0.08042273498659332,1.4425120895331738,0.30861171462002246,-0.1453262036770547,-0.012974048358404437,0.4071348450994984,-0.28492179967017506,0.4658747348361052,-0.015514959404263392,0.17807471182084647,-0.22405548107888945,-0.41144536155991407,0.21263193886254228,-0.4318883229871505,0.4375760130944775,0.13539918135804685
