0.8620552937723068,0.13805593081997047,0.27897757577942517,0.05094764757929526,0.02345264905800664,0.09100663234139025,0.08198053824469374,0.031574178327508966,0.08002208803989208,0.0898003987281928,0.05847977606001067,0.09101701390074106,0.04382366101481595,0.056734411984512456,0.10313153147399441,0.054105266405529914,0.023615265273231132,0.09354780035080591,0.020174029709085387,0.05957838992522999,0.04363000737183174,0.06327039475774444,0.09783194121198749,0.051537890993031604,0.1071166270242762,0.005566567727420777,0.03346595564132777,0.08700242360539426,0.11250120887199212,0.05488409088094062,0.06510184239790757,0.07114691430544444,0.03716953660863853,0.06930807197002792,0.009460509147272561,0.03184679738151094,0.11425843595987498,0.045107891738942585,0.06637902709728581,0.016730111422917547,0.053286166248735986,0.025054320097024275,0.1231317583736927,0.01769857079879682,0.1544082360637196,0.13890909928756862,0.10403796385718,0.01461821647652876,-0.027331177782034127,-0.04470992954859845,-0.038014131912585285,0.018008404848464717,0.06796210603707359,-0.0067913830503401355,0.28048492393444285,-0.010670240006223795,0.15989989560738338,0.19470544008665147,-0.5814916244520373
0.13805593081997047,1.4469149030749944,0.32521690866796704,-0.11815712261379696,-0.11857897050536956,0.17008762507507058,0.1470049664962926,0.13076092898954378,0.18115851043155223,0.11109280531777338,0.15282138137645376,0.10967804639570305,0.12698086655951066,0.15470656824863296,0.3200221446880592,0.07991620989940787,0.07022188223912111,-0.009079739284615022,-0.030828219405802538,0.1590192077011083,0.12532160215825572,0.08530361258476447,-0.18877854892166201,0.08288801790811175,0.06667590410937357,0.14297605440022998,0.18184789458158243,0.15769164412210634,0.15012039129832241,0.11773915829319138,0.11996007794650104,0.16850267927300494,-0.003265189744577458,0.13809233651442804,0.03154987095824075,0.17774084276214366,0.05533798455935954,0.09732664343615217,-0.06744026366764695,0.011453667982490683,0.11807489869131163,0.09574650891362173,-0.04482141272647849,0.003226608853245206,-0.06281589209804087,0.18103577719391956,0.07218150022604888,0.0912150256242991,0.2957251440212283,-0.48618079255401425,0.4758136194227341,-0.0003901987658815166,-0.05167029746045381,0.06287193666364402,-0.41537211479599806,0.06959467245740909,0.11046404369044907,0.025164688516667966,0.12317234675292499
0.27897757577942517,0.32521690866796704,1.7310869615312652,0.04630761551398241,-0.29066416039278387,0.35550104325482385,0.21361625452268496,0.3998180093807682,0.3278664031078715,0.39206229611926896,0.35979719987279585,0.2848077931218054,0.2608305566179542,0.2707906219468335,0.2755211141178797,0.22178706005431817,0.3221874152167256,0.3419885151373898,0.09811173519971839,0.3690082661849451,0.2985483579715923,0.27331294389295224,0.30643076590266966,0.2759915514267135,0.26713163121259437,0.1957398806580916,0.2732505811492421,0.40971613361613074,0.5500332454749308,-0.011774326999227721,0.2696764782499248,0.2586612652287631,0.20768209410066224,0.43804888310066903,0.2331994087920961,0.7838257038327263,0.22705696092507177,0.1942850951020732,0.26516763241884306,0.07419719125630193,0.34534151538872254,0.30792910426485,0.14556251363997275,0.035272165075091656,0.14418285371705708,0.8033358242405135,0.314914968764903,0.3684926100302441,0.29023573745220327,-0.07660924405153469,-0.04091835567009725,0.21541307337502927,0.017565623394478518,-0.09876215651458752,0.1336344465012645,-0.03504072348467213,-0.009243522355122573,-0.7314626327755523,0.6267156311055923
0.05094764757929526,-0.11815712261379696,0.04630761551398241,0.6671864019740046,0.5002073493824871,0.24581705978266896,0.20190612374335679,0.11734318383346846,0.0809322115722562,0.16556766451903476,0.10410990240449021,0.19908974425216977,0.10812173502138199,0.160860922235323,0.10388642605632699,0.17272903194201153,0.12976797302382695,0.19860621835421402,0.13764353339604835,0.14915082882443617,0.15450235643132412,0.13230960553717735,0.2084042164030954,0.12817658056501186,0.15798126807560237,0.203468353104324,0.0715822520728792,0.012899585114796044,0.20175466708277767,0.06863872671845829,0.12531463289594358,0.1456064484815524,0.09335279342625992,0.17079591767932553,0.0018961942547596968,0.22140122917785,0.18490788325877347,0.07432402389723448,0.21086482595129552,0.10776115744955188,0.07571294633742237,0.1426670109207581,0.13225559333392628,0.017364305766512395,0.0953087940848772,0.2390278630130974,0.18117271383635056,0.13982999109564156,0.192389509491839,0.2341157514708546,-0.29505146269250965,0.07346544970096335,0.07087141960167616,-0.08133106392194248,0.03056302404166815,-0.03391149326380574,-0.06076493624260447,-0.09451135476114046,0.14319918162700684
0.02345264905800664,-0.11857897050536956,-0.29066416039278387,0.5002073493824871,1.1396418954760201,0.25013641466469744,0.1591334047523101,0.07365321742557823,0.030321101793415843,0.10568138090567125,0.07453991302642071,0.19594890134285925,0.10071269986324032,0.15612717847983124,0.121101683348466,0.18358452027258318,0.1033402489015697,0.17581329753929584,0.2664103533927576,0.09351135083518657,0.1491657742876086,0.11232794917273939,0.16236605572152957,0.10591905947356518,0.12509986889736213,0.24244358507997615,0.019482940861488444,-0.10467586137822375,0.14869270820037656,0.01378228164344405,0.12437471112514549,0.12978701964258801,0.10408597744451789,0.0710850265918314,-0.07479951552205502,0.17875636705853018,0.2508518981644055,0.050043828536282246,0.19818712695993665,0.12141085630574493,0.018395031084052035,0.1410344076332108,0.049150496498507,0.011339628713732603,-0.004556594867953364,0.15386459378526682,0.13425827276756966,0.16453492035355655,0.2769245263436927,0.36404133182485365,-0.3794088023417503,-0.09410544295264527,0.1493070830277538,-0.058474446112983955,-0.04317071192850881,-0.08187634338951907,-0.10724994707836118,-0.13202371667396684,0.3278720900396098
0.09100663234139025,0.17008762507507058,0.35550104325482385,0.24581705978266896,0.25013641466469744,0.6025555948034899,0.10386535536142472,0.2554879464841325,0.2089681557829209,0.18923455245291523,0.2008337681090935,0.20656534077115452,0.17779735439138747,0.26515381737438587,0.21838287813050727,0.23145821961899257,0.21746149357652422,0.1438697549866461,0.2031591674188194,0.3820330988701711,0.21849795994710045,0.2029829353369769,0.07870805453840465,0.17543131295553666,0.1850337851976092,0.2598472314027133,0.21640843680407204,0.20003769242836617,0.43695629677992437,0.07613300126022507,0.20310331381144092,0.2685564924845404,0.044302023862674664,0.23546890644305046,-0.06193051097362933,0.267275918766252,0.38692419320484944,0.19294949936964284,0.2842817083446571,0.13325802448663446,0.1569483362506067,0.19107175006954696,0.14342823643839936,0.04574809253796889,0.08766060305002106,0.3472343492705382,0.25169180403854813,0.21907892695164122,0.5144064908586139,0.3759827273561477,-0.4563631754761996,0.10917852710930324,-0.060055506333798546,-0.023622630289795464,-0.04586815274176142,-0.06238709282570677,0.1247284652341944,-0.04435496131851737,0.019188317189195604
0.08198053824469374,0.1470049664962926,0.21361625452268496,0.20190612374335679,0.1591334047523101,0.10386535536142472,0.6578199802015264,0.15009458476671153,0.15962607671288856,0.22192532252376324,0.21252916161488372,0.31523933812942695,0.16001635274347717,0.234878244466096,0.13446720701396123,0.23766019625898355,0.16999350162619015,0.3042163752317287,0.024797718289583732,0.12196815138072852,0.20255391676996579,0.2084109492083484,0.4116411062375394,0.17718639279542517,0.25350715347134695,0.2551312040066263,0.11066477740113159,0.01966760912760399,0.2073172263965522,0.22424539950699732,0.13987352641458023,0.2088629047793586,0.14546131077289073,0.22997569243029864,0.05814713137588269,0.38523979998278673,0.08396263429486708,0.06726626121004556,0.24059170067226604,0.13142079802120646,0.1554707204005728,0.18267994788860853,0.1770640964096966,0.015932146517731293,0.1435078946843526,0.4008383223917841,0.2449725096455782,0.1787572991940577,0.32778241928824875,-0.06327015236652604,-0.11471855854056075,0.10082664319677527,0.16941268432471163,-0.08601105055570404,-0.05722695846791524,0.07601380324102482,-0.027581479023939794,0.055111029137462894,-0.1847283252349469
0.031574178327508966,0.13076092898954378,0.3998180093807682,0.11734318383346846,0.07365321742557823,0.2554879464841325,0.15009458476671153,0.6948606590001059,0.05262664286659731,0.20855610940131805,0.26460891207651155,0.13295746059881008,0.2367047645297769,0.26822527540842156,0.1670486785897371,0.21686940540244504,0.22346446596396125,0.2452198524561576,0.12704930077433202,0.331020214197036,0.1642670011976158,0.14884790358733785,0.18958479245992688,0.18757990500382438,0.23537486234633917,0.18738764900057775,0.2651725535937422,0.19397912019138436,0.35450579889967015,0.24542280694048765,0.1786468610634748,0.2326964210412412,0.12716635730933215,0.25414729266158775,0.15879026829455636,0.2476763449399605,0.2532230622098148,0.16938552083068245,0.24934710981626854,0.15914353801367817,0.2349475896221966,0.168075840178791,0.18793168305709076,0.031133147893478708,0.12985242832597169,0.4709883745972319,0.354744047440767,0.2646780611232552,0.4204628173440585,0.06907273208625932,-0.07199005481354534,0.07475937554433781,-0.056693918096546975,-0.006086220436083829,-0.10346655108731134,-0.1020312883352464,0.10562093214021348,0.0850921020103973,-0.01938167700119461
0.08002208803989208,0.18115851043155223,0.3278664031078715,0.0809322115722562,0.030321101793415843,0.2089681557829209,0.15962607671288856,0.05262664286659731,0.5593089174566132,0.09943697687150724,0.10762502188273072,0.13222097266815652,0.10687964947865046,0.15012425399570833,0.0840273083330917,0.11192935275393769,0.15643833165643134,0.24242823183666623,-0.00412003760433834,0.12013706240702858,0.17614153414057693,0.2758616947384293,0.28167854230906914,0.1560214828142641,0.10609755765852985,0.3451621641604169,0.1307764238568218,0.18962273049648254,0.1533621605821363,0.06400682427836592,0.14662494808277818,0.16777385912529888,0.16263260767573826,0.23824037263605885,0.14468417421634544,0.2076059532998214,0.0470451362378019,0.07549561692418891,0.19059144093340005,0.10264626520561408,0.16965137566576893,0.145107263847044,0.13742813679538998,0.02515336537293533,0.048414145281307386,0.29990677127752585,0.22548932630583515,0.06328663693256875,0.3545410194304124,-0.005676370867119178,-0.050712180738735804,0.004171036406181113,0.07777979252594332,-0.015766904247083133,0.010687142596635732,0.06837857552782727,-0.010600189598737155,-0.17413013117374487,0.08862537999677675
0.0898003987281928,0.11109280531777338,0.39206229611926896,0.16556766451903476,0.10568138090567125,0.18923455245291523,0.22192532252376324,0.20855610940131805,0.09943697687150724,0.5343747460825053,0.14400786224903778,0.1853191809830841,0.16421424482176997,0.18753972429068494,0.1684147855506807,0.1707324852986,0.21411430057733616,0.24869323077107122,0.051951143810911884,0.21845854626597883,0.1613231273394397,0.1418661917787013,0.224513837753449,0.1740539975425109,0.2105212973646803,0.1983288963797117,0.17824787370059297,0.24625408772977803,0.27963686774471885,0.19603770743648277,0.19076716788714876,0.1793210136811588,0.12110616280342322,0.2375621190439171,0.20853584158768934,0.35270758775183597,0.21448643710298393,0.10603590946510484,0.1765326524491219,0.1297485793074704,0.24872189506908512,0.17080365104999606,0.1353444151129055,0.010305766138837928,0.07621728616937534,0.45926575451071744,0.30334148722646087,0.23395111289686438,0.320623180374717,0.011406233211952945,-0.1098601540284653,-0.030005485647158454,0.11847489921997253,-0.004193129216755508,0.052571943689306226,0.10411765968907537,0.05798976005040474,-0.2541813018281652,0.05468087049091369
0.05847977606001067,0.15282138137645376,0.35979719987279585,0.10410990240449021,0.07453991302642071,0.2008337681090935,0.21252916161488372,0.26460891207651155,0.10762502188273072,0.14400786224903778,0.43231626790290506,0.19780467579812044,0.17921419963102964,0.21939060735190757,0.20078902798413986,0.19819520791813905,0.25724554334940286,0.2061829174740368,0.07939097723002154,0.26917515744831216,0.18955132734152913,0.15134317691383006,0.23104647988931093,0.19693748640162184,0.19357191048981584,0.0837317654991166,0.2539551555816781,0.23372009097640417,0.2833195545309145,0.18161884457053662,0.18328637700140846,0.19093685383168824,0.1703440916816128,0.19200972779752457,0.12376231381960583,0.3315793170424592,0.2275200557832236,0.14219966079440322,0.21004821099641038,0.13966536218501419,0.18188013466188593,0.18993269603599627,0.1347304811628628,0.021955087910229983,0.11716310231695033,0.4476867598268378,0.2676999798177145,0.244834706743925,0.24965229464522012,-0.04843356406104587,-0.03795682909895917,0.06965269421211498,0.074367250826242,-0.03064972047283749,-0.07159015005705953,-0.0520301764483969,0.052398947238100256,-0.09920969274935172,0.11361973307193941
0.09101701390074106,0.10967804639570305,0.2848077931218054,0.19908974425216977,0.19594890134285925,0.20656534077115452,0.31523933812942695,0.13295746059881008,0.13222097266815652,0.1853191809830841,0.19780467579812044,0.604667549224908,0.12151957429817413,0.2055073203604263,0.19552771226260335,0.2540955640723952,0.20221521564437397,0.23592967697603098,0.08756832699324625,0.17072421296212795,0.18101095753296856,0.16909746250356764,0.2758083069143672,0.1679104120825609,0.23973224481434816,0.1428869708377214,0.23048740943225954,0.03979268008581402,0.15691761956337041,0.12753505673602847,0.1427707124486671,0.19698835897375064,0.15616498637312254,0.17348826248012583,-0.04279929289281163,0.3032388419521602,0.0734785738674831,0.0972898309903405,0.20692733760687668,0.12810473176806755,0.08783426379200564,0.16181113938447272,0.11503652771867622,0.026829988416295792,0.12424980845642927,0.3525735368950919,0.22870542869470747,0.21846701661047677,0.40589636889330066,-0.1549521225875671,-0.009138561839639351,-0.004618241238026328,0.19236391754119542,-0.023723006634845393,-0.046576309993635545,0.03339535460568107,-0.11448967817490825,-0.02884688835802429,-0.014419609980588617
0.04382366101481595,0.12698086655951066,0.2608305566179542,0.10812173502138199,0.10071269986324032,0.17779735439138747,0.16001635274347717,0.2367047645297769,0.10687964947865046,0.16421424482176997,0.17921419963102964,0.12151957429817413,0.3137593919923002,0.16536697515857585,0.09417271487138172,0.1679540856175268,0.16468298592830793,0.1706263754938459,0.06832996309383882,0.18742372897197868,0.12998047514296465,0.16769060306934516,0.18042944166988822,0.17610659095593395,0.15411675891068152,0.11598777741565663,0.19298033088923275,0.15388773475234516,0.3258908229322797,0.15897035770785722,0.1371670130642481,0.16173212443279583,0.13396152332913933,0.21718338123910325,0.18260986508235935,0.25546638019383994,0.1482566548761961,0.09514285621708835,0.15673927560492168,0.10458358608767679,0.1891978512366523,0.13955079896070827,0.09524824673606505,0.02400900529983768,-0.042737874140235145,0.36906930784383896,0.22962390686843576,0.16645079880443603,0.3132054459320606,0.11135894131319737,-0.06894497613910154,0.029565038850340758,-0.04105459392048715,-0.03135496069345595,-0.019687536249394372,-0.06843023876657367,0.005137530225576203,-0.2056080762500945,0.2777641297936166
0.056734411984512456,0.15470656824863296,0.2707906219468335,0.160860922235323,0.15612717847983124,0.26515381737438587,0.234878244466096,0.26822527540842156,0.15012425399570833,0.18753972429068494,0.21939060735190757,0.2055073203604263,0.16536697515857585,0.4965600347183003,0.22565890594467108,0.3034285229442028,0.17312552076889764,0.1913924047221785,0.09503085428893189,0.3044597045493188,0.20892842778440684,0.20606954141168052,0.2465189040869386,0.23802155268998876,0.21464550256444484,0.3399123360928202,0.12884617837888893,0.1127936000779025,0.2798954359077089,0.2222136316064961,0.19014200235740283,0.36002381001651,0.11961762309372126,0.2219665018032714,0.09671050523429718,0.3271886905251941,0.1989033320329079,0.16112728403311913,0.2472149779797769,0.177492184885516,0.20937078507506662,0.1901850944774186,0.163879241912165,0.026633715470840848,0.07884615428167553,0.42846070810023423,0.3124613254399371,0.2624956446817926,0.5990097857048494,0.01635403374594833,-0.1770662655234503,0.02953002563187172,0.1333279706109963,0.005712945028625724,-0.09453853773563886,-0.006861199607595669,0.12656451871686078,-0.01923337931485632,-0.013101001697497954
0.10313153147399441,0.3200221446880592,0.2755211141178797,0.10388642605632699,0.121101683348466,0.21838287813050727,0.13446720701396123,0.1670486785897371,0.0840273083330917,0.1684147855506807,0.20078902798413986,0.19552771226260335,0.09417271487138172,0.22565890594467108,0.7075425568030947,0.1772951085875073,0.15080211733061172,0.1278777258430058,0.07145661824105894,0.2005986057701795,0.16081720780214534,0.08918858466461682,0.42498932608687345,0.24464491387500398,0.29122934051512644,0.150902156353509,0.2286916624240512,0.14875017936835172,0.1648214009481803,0.24821820682582105,0.1279909311238837,0.18627648850829165,0.22279841108696816,0.19442725894040835,0.06494274104836728,0.2242566121511334,0.2562913934771045,0.11033111811537356,0.17970803515139058,0.13562219327801744,0.1078787177910719,0.16038420771101294,0.15147879942486758,0.03615310208016377,0.06320971551836671,0.39963926720708337,0.2813367368277833,0.32268832076452436,0.4190239961310813,-0.16138525018241937,-0.13801052529401606,0.12062101722319707,0.20815480231571507,0.01104084723269432,-0.053528429483566196,0.06765850272424266,0.020169460108738317,-0.026230782887465495,0.019119808186450243
0.054105266405529914,0.07991620989940787,0.22178706005431817,0.17272903194201153,0.18358452027258318,0.23145821961899257,0.23766019625898355,0.21686940540244504,0.11192935275393769,0.1707324852986,0.19819520791813905,0.2540955640723952,0.1679540856175268,0.3034285229442028,0.1772951085875073,0.48637842872095466,0.21303238886789744,0.16199114869408823,0.1124292495316606,0.231866870984046,0.18633689205436338,0.26200421558290526,0.24127651455288593,0.22892622246418978,0.21720447829550427,0.12410130483608452,0.21594894203255094,0.2184572853119003,0.31039173262213976,0.20119154120248975,0.1567355516212555,0.2523824029335493,0.15594896320888033,0.21682632195840698,0.16403359240308374,0.26023409632654515,0.20647291669317366,0.12322362693743187,0.25131599838012675,0.16367593991831206,0.19789589751459008,0.17194925457082352,0.20623602974125096,0.03391318326521952,0.12227149432235263,0.36337630664571724,0.2840764672466176,0.14207637256521363,0.429326226780797,0.008194892168071517,-0.185295060146042,0.07940117103864065,0.12165469646886276,0.0027753795512086895,-0.019248754414102946,-0.01082128282011048,-0.03703920529110902,-0.06759287641749104,0.11947301675507134
0.023615265273231132,0.07022188223912111,0.3221874152167256,0.12976797302382695,0.1033402489015697,0.21746149357652422,0.16999350162619015,0.22346446596396125,0.15643833165643134,0.21411430057733616,0.25724554334940286,0.20221521564437397,0.16468298592830793,0.17312552076889764,0.15080211733061172,0.21303238886789744,0.7255965071666416,0.14115512615495238,0.10047631993361725,0.2998925982913613,0.2242973020872663,0.19488776097056842,0.21428485068144257,0.21128205280904938,0.2025348005247475,-0.0832023100762068,0.3804802479303554,0.9151378937423212,0.3229505528377074,0.150512327823674,0.2112897693700497,0.141978837895401,0.3240055668398142,0.1638260341613881,0.13341020689298547,0.3573760504254702,0.4636721587647927,0.160458554157071,0.15793571107349355,0.13011739559307198,0.35293349026510745,0.2427402853197366,0.2107001738751135,0.013653917628800673,0.05755185664445762,0.48795272646301013,0.335075268775219,0.2981225824208089,0.37420606712289245,0.03572391370332,-0.16062254739806073,0.06405373938442516,0.08740698408676122,-0.034637622066011016,-0.006785458069473897,-0.04820506897541095,-0.03562556459926243,-0.09814253675285095,0.20699754969823742
0.09354780035080591,-0.009079739284615022,0.3419885151373898,0.19860621835421402,0.17581329753929584,0.1438697549866461,0.3042163752317287,0.2452198524561576,0.24242823183666623,0.24869323077107122,0.2061829174740368,0.23592967697603098,0.1706263754938459,0.1913924047221785,0.1278777258430058,0.16199114869408823,0.14115512615495238,1.3786520743093793,0.09178093906196931,0.004120695914437505,0.2907890613807128,0.2493658910013298,0.7258937520465073,0.1742406557166782,0.31525212570205347,0.7202339126068439,0.206479177916186,-0.12466772112118668,0.27348964636808776,-0.03279808685950641,0.310853577977371,0.216097618159279,0.2610563948599619,0.3617279226861048,0.3142508527857331,0.4048646899145886,-0.1233619575794343,0.02766279722920178,0.34642946358118754,0.3372799086809582,0.32877188042663935,0.28267746807788013,0.1631816895240656,-0.01254396678718551,0.08211656506418873,0.7197437711872753,0.5521870688957242,0.309325728800234,0.41562046390731067,-0.33233121829088536,0.28482886279060654,-0.2393690965419285,0.16622628907151485,0.07498930577642426,0.02659105427230457,0.01707364727384164,-0.059152609953904985,-0.2934773512368031,0.23505399155487847
0.020174029709085387,-0.030828219405802538,0.09811173519971839,0.13764353339604835,0.2664103533927576,0.2031591674188194,0.024797718289583732,0.12704930077433202,-0.00412003760433834,0.051951143810911884,0.07939097723002154,0.08756832699324625,0.06832996309383882,0.09503085428893189,0.07145661824105894,0.1124292495316606,0.10047631993361725,0.09178093906196931,0.5203832943776394,0.04407089806423927,0.11110525449069099,0.07706637353527811,-0.02293561333017197,0.07536950576040614,0.11056895395123884,-0.053848660934426994,0.09450086439047556,0.005165201644707703,0.11456571465012265,0.04115346775143511,0.1133965828976156,0.1021870286975095,0.07752243008450807,0.0711688302123867,-0.05290442190023084,0.2251962336779408,0.1542487743421231,0.034258127286931554,0.22214861313540096,0.05522707247913644,-0.03953462734248766,0.10738124957769261,0.0884173784804816,0.02315234147404385,0.19819773376194494,0.13040608727247827,0.046895426759247315,0.1079097268640035,-0.02721711741526211,0.13837625099539566,0.05949343119735136,0.1941092000921369,-0.2546987677494108,-0.13672028724203836,-0.030572080723321446,-0.05928389708023948,0.03613397991860643,0.0073060243043158,0.03273334303902711
0.05957838992522999,0.1590192077011083,0.3690082661849451,0.14915082882443617,0.09351135083518657,0.3820330988701711,0.12196815138072852,0.331020214197036,0.12013706240702858,0.21845854626597883,0.26917515744831216,0.17072421296212795,0.18742372897197868,0.3044597045493188,0.2005986057701795,0.231866870984046,0.2998925982913613,0.004120695914437505,0.04407089806423927,1.3466549434843202,0.2635436307261427,0.10453190964922816,-0.010870241208128557,0.2458973398958772,0.14495321964153945,0.13668054297974766,0.42980217829127393,0.279980498397298,0.48863196698575123,0.5083822189971262,0.3513100010900772,0.28596617615511194,0.07509857726844667,0.29588302960559143,0.06964037426892887,0.4695911164680367,0.9187259384952344,0.6289272066894032,0.6816480474098819,0.36101196611102526,0.26595065136597357,0.32049362672545434,0.3007145205027908,0.09134016258669657,0.351995742312576,0.5248590675479073,0.3703899475998107,0.6938649724032855,1.0809351519837862,0.19573191260664488,-0.3897656763129514,0.05640719910479749,0.20468410362143852,-0.056969232703045734,-0.03195631020505785,-0.1113595961438035,0.1996923780786852,-0.1288398348494221,0.09526361754120426
0.04363000737183174,0.12532160215825572,0.2985483579715923,0.15450235643132412,0.1491657742876086,0.21849795994710045,0.20255391676996579,0.1642670011976158,0.17614153414057693,0.1613231273394397,0.18955132734152913,0.18101095753296856,0.12998047514296465,0.20892842778440684,0.16081720780214534,0.18633689205436338,0.2242973020872663,0.2907890613807128,0.11110525449069099,0.2635436307261427,0.5851285574050437,0.18341812705735563,0.23263207317139853,0.1779132788474993,0.16089642022503445,0.2541957491174418,0.2198697116870372,0.003666870658597719,0.26639201940005036,0.17928375291609255,0.23862537065305559,0.1910995995712972,0.18988059780035915,0.1928103633111885,0.33258544936301343,0.5963986152403041,0.14475802838540927,0.16613494994271322,0.3164467046147663,0.3202519041503634,0.22841139359442358,0.4679831425656162,0.23113416741752316,0.018016134492313804,0.2920103589444301,0.5144978531999328,0.33089587252462993,0.42358800101743105,0.4576765885564024,0.018444636280737437,-0.0754936670279026,0.02395027233951773,0.04064907191665865,-0.023932816505409425,-0.011260085316518384,-0.023595438999331416,-0.1463481156181483,-0.25452500649788873,0.4208884468389782
0.06327039475774444,0.08530361258476447,0.27331294389295224,0.13230960553717735,0.11232794917273939,0.2029829353369769,0.2084109492083484,0.14884790358733785,0.2758616947384293,0.1418661917787013,0.15134317691383006,0.16909746250356764,0.16769060306934516,0.20606954141168052,0.08918858466461682,0.26200421558290526,0.19488776097056842,0.2493658910013298,0.07706637353527811,0.10453190964922816,0.18341812705735563,0.5015819089360027,0.30232251375478186,0.1920155843436437,0.15450798094374887,0.21003126396628657,0.18827029790894145,0.2022702046111617,0.3186710091748382,0.11208747000663848,0.15103152959333807,0.20910265664700456,0.17932976696553027,0.2834052515757357,0.14673941802656415,0.2582184585942989,0.052797925037764266,0.06826487735219812,0.29605222467405373,0.11123538370358972,0.22148954315372923,0.1525879990790158,0.1924871849173814,0.04444631271251559,0.07043952663095954,0.3351483128201446,0.27270198789968225,-0.10112120656329997,0.4010540841596772,0.054149824283148906,-0.11353470009787865,0.06613771943292417,0.04829466103084273,-0.04785684613911617,0.00021597370866118757,0.017268254965771414,-0.06275653828615782,-0.1788266319937762,0.1995750369901859
0.09783194121198749,-0.18877854892166201,0.30643076590266966,0.2084042164030954,0.16236605572152957,0.07870805453840465,0.4116411062375394,0.18958479245992688,0.28167854230906914,0.224513837753449,0.23104647988931093,0.2758083069143672,0.18042944166988822,0.2465189040869386,0.42498932608687345,0.24127651455288593,0.21428485068144257,0.7258937520465073,-0.02293561333017197,-0.010870241208128557,0.23263207317139853,0.30232251375478186,1.8277523471464572,0.4868298610185142,0.5821950497503614,0.3720465199982132,0.08906405909658276,0.09324602412971354,0.2568709141748973,0.39987517665382316,0.039094567797087344,0.20111429030351077,0.5968241530661719,0.4639027151424636,0.19168794777780676,0.38205034413395267,0.14308611693420936,-0.0015935513889495528,0.5929750781067733,0.34620382157194884,0.20270607269690152,0.24600160704075386,0.35363246636465884,0.08746260691799608,0.13959750977945093,0.8338534292909434,0.6742643871948212,0.4874019912179549,0.6386395826777739,-0.09352297173870504,-0.22653727491611345,0.11430837428656654,0.3739673668290046,-0.084628160859374,0.14641674825637427,0.0711384359427064,-0.16632391698896296,-0.24400310252264082,0.20709901372564868
0.051537890993031604,0.08288801790811175,0.2759915514267135,0.12817658056501186,0.10591905947356518,0.17543131295553666,0.17718639279542517,0.18757990500382438,0.1560214828142641,0.1740539975425109,0.19693748640162184,0.1679104120825609,0.17610659095593395,0.23802155268998876,0.24464491387500398,0.22892622246418978,0.21128205280904938,0.1742406557166782,0.07536950576040614,0.2458973398958772,0.1779132788474993,0.1920155843436437,0.4868298610185142,0.7144244976880295,0.26993458257380887,0.0365750614841011,0.2997790578991463,0.38526180850911496,0.18642419117015308,0.44242624921450996,0.22530897079278991,0.2886574510609729,0.5187670943268814,0.3057775147450967,0.1791483886487484,0.3064680266181253,0.27571504284989984,0.14182757152754397,0.0966936678493894,0.1425252856496526,0.1280213741731148,0.19378617846587418,0.11501291078774487,0.03229055456792806,-0.18162646762520446,0.5698129671019074,0.3980093927121454,0.3880395933170235,0.5641604968440775,-0.12390363169740824,0.0049427719414826725,0.028610745665067844,0.10064150186454897,-0.02014455964346319,0.060163657009285956,-0.07083785959645698,0.0752740300532646,-0.4249288900178287,0.45955201261953504
0.1071166270242762,0.06667590410937357,0.26713163121259437,0.15798126807560237,0.12509986889736213,0.1850337851976092,0.25350715347134695,0.23537486234633917,0.10609755765852985,0.2105212973646803,0.19357191048981584,0.23973224481434816,0.15411675891068152,0.21464550256444484,0.29122934051512644,0.21720447829550427,0.2025348005247475,0.31525212570205347,0.11056895395123884,0.14495321964153945,0.16089642022503445,0.15450798094374887,0.5821950497503614,0.26993458257380887,1.1186719325143513,0.23919444750420163,0.2525017198936966,0.13634999653275925,0.3057264036602888,0.36388562261473445,0.10269214737034307,0.2130093655230612,0.19608973153365827,0.44365464035392826,0.213465668738082,0.2889695446612554,0.10195699875621798,0.0817179841413829,0.32439824806194617,0.13746119373132148,0.21305528162804108,0.16653143846111862,0.28042574574941864,0.0633315930501971,0.22265549031325227,0.5882383812250299,0.3847955746797999,0.18135101363608655,0.015839504772554674,-0.25173391322889915,-0.062397248065483156,0.2308266633619529,0.18574712007282848,-0.07970877814521572,-0.00895842677466916,0.0618440264668721,0.0432634490900196,0.013428358971009798,-0.1472989010734051
0.005566567727420777,0.14297605440022998,0.1957398806580916,0.203468353104324,0.24244358507997615,0.2598472314027133,0.2551312040066263,0.18738764900057775,0.3451621641604169,0.1983288963797117,0.0837317654991166,0.1428869708377214,0.11598777741565663,0.3399123360928202,0.150902156353509,0.12410130483608452,-0.0832023100762068,0.7202339126068439,-0.053848660934426994,0.13668054297974766,0.2541957491174418,0.21003126396628657,0.3720465199982132,0.0365750614841011,0.23919444750420163,3.8939915374647223,-0.6481565617865647,-0.8262599451512012,-0.5239251451986913,-0.4896103273174038,-0.023826971336611887,0.4869863385383242,-0.0045977255099635475,0.49247698354350616,0.6769391365144545,0.2275735299250444,-1.7276024348451817,0.06170966493091127,0.48762423627603385,0.515479529349359,0.3814919850179292,0.1411904150807027,0.2244587132981501,-0.10836944587215441,-0.129578241009029,0.20316932969963958,0.14154506415738127,0.2574139017337775,1.3107891577626951,0.2834400480123917,-0.5177868970189061,-0.012617144661870399,0.11997926884643739,0.05938948169142937,-0.20508859246652678,0.16116991935623934,-0.1154805453786853,-0.0808493890964837,0.06337084967910801
0.03346595564132777,0.18184789458158243,0.2732505811492421,0.0715822520728792,0.019482940861488444,0.21640843680407204,0.11066477740113159,0.2651725535937422,0.1307764238568218,0.17824787370059297,0.2539551555816781,0.23048740943225954,0.19298033088923275,0.12884617837888893,0.2286916624240512,0.21594894203255094,0.3804802479303554,0.206479177916186,0.09450086439047556,0.42980217829127393,0.2198697116870372,0.18827029790894145,0.08906405909658276,0.2997790578991463,0.2525017198936966,-0.6481565617865647,2.9008083570897867,0.4441422583379874,0.16444519262530907,0.5275095881196027,0.4929551131172323,0.1653186270004166,0.5007689405578235,0.20918389437601673,0.5084196683575425,0.3175317357557193,0.6871760782179752,0.2566062735968862,-0.05325170215863223,0.23483979634441757,0.5715275116307724,0.3514139317257469,-0.13236018288262197,0.03154119192458967,-0.7493954763335848,0.9368004943977684,0.42593244016776316,0.6725137132027015,1.0619931154227245,-0.35508765219311283,0.4052775032415458,-0.3295606287605335,0.041222350335295796,0.3136188383540185,0.00411808025233784,-0.15275001810850306,0.11939711332486687,-0.5970052472251538,0.6789599262679954
0.08700242360539426,0.15769164412210634,0.40971613361613074,0.012899585114796044,-0.10467586137822375,0.20003769242836617,0.01966760912760399,0.19397912019138436,0.18962273049648254,0.24625408772977803,0.23372009097640417,0.03979268008581402,0.15388773475234516,0.1127936000779025,0.14875017936835172,0.2184572853119003,0.9151378937423212,-0.12466772112118668,0.005165201644707703,0.279980498397298,0.003666870658597719,0.2022702046111617,0.09324602412971354,0.38526180850911496,0.13634999653275925,-0.8262599451512012,0.4441422583379874,6.056827131330134,0.41586373186159276,-0.32966688663596255,0.33883804000241197,0.07480765202001392,1.2450596342735543,-0.034934547179569495,-0.26489755090632405,0.08295741325158516,0.8673569373977209,0.16556161821415866,-0.6279904525841881,-0.1722385998906468,1.190686652442177,-0.1915041745504782,0.3697299181114961,-0.025822009369498623,-1.0015075281220789,0.40165661003223696,0.11155563608322844,0.30378467942204945,0.4013869688912263,0.1619075259756583,-0.32335546750098687,0.2876769820838034,-0.030179240538546818,0.03095465045898217,0.6782703629036224,0.053637814125242954,0.17898401509985842,0.16304130095066538,-0.08597972330167183
0.11250120887199212,0.15012039129832241,0.5500332454749308,0.20175466708277767,0.14869270820037656,0.43695629677992437,0.2073172263965522,0.35450579889967015,0.1533621605821363,0.27963686774471885,0.2833195545309145,0.15691761956337041,0.3258908229322797,0.2798954359077089,0.1648214009481803,0.31039173262213976,0.3229505528377074,0.27348964636808776,0.11456571465012265,0.48863196698575123,0.26639201940005036,0.3186710091748382,0.2568709141748973,0.18642419117015308,0.3057264036602888,-0.5239251451986913,0.16444519262530907,0.41586373186159276,2.442233159291055,0.26119454010814885,0.2182471689919932,0.18502566510528276,-0.21274155850351906,0.7437873225991763,-0.4535557063795061,1.0103293264083084,0.6674565588782484,0.14300896712131608,0.2860008385516477,0.03709760843405083,0.9017311728416348,0.2300167110832465,0.045708098781095795,-0.06382446460372629,-0.3438990209371138,0.774703858949946,0.4225121157820893,0.14850730075110113,0.5818201101343198,1.0107572921167016,-0.9393244071555796,0.29963096659931954,-0.2663807519845562,-0.07586708687150497,0.023225403212991595,-0.18500472983747998,-0.032685299120681875,-0.4683140683558974,0.6547866064508392
0.05488409088094062,0.11773915829319138,-0.011774326999227721,0.06863872671845829,0.01378228164344405,0.07613300126022507,0.22424539950699732,0.24542280694048765,0.06400682427836592,0.19603770743648277,0.18161884457053662,0.12753505673602847,0.15897035770785722,0.2222136316064961,0.24821820682582105,0.20119154120248975,0.150512327823674,-0.03279808685950641,0.04115346775143511,0.5083822189971262,0.17928375291609255,0.11208747000663848,0.39987517665382316,0.44242624921450996,0.36388562261473445,-0.4896103273174038,0.5275095881196027,-0.32966688663596255,0.26119454010814885,3.103733859436214,0.2756124919540693,0.211907990580897,0.22071069986305653,0.32878488003352363,0.5947076033548463,0.033106272989107205,0.6311499869968317,0.2940396987434027,0.4368652585621461,0.35898481962115963,0.014626915237331733,0.26551069337219196,1.1179836031364754,0.10337928446647056,1.578062570953209,0.9723101325654249,1.1362966774114014,0.4045239690523641,0.23974946472735925,-0.3803652937212291,0.3262532059228831,-0.3736911729764373,0.2646517900496678,0.02037779622640551,-0.14307330639643562,-0.002429158812252626,-0.008024947279798127,1.3285670403560188,-1.2339165732882333
0.06510184239790757,0.11996007794650104,0.2696764782499248,0.12531463289594358,0.12437471112514549,0.20310331381144092,0.13987352641458023,0.1786468610634748,0.14662494808277818,0.19076716788714876,0.18328637700140846,0.1427707124486671,0.1371670130642481,0.19014200235740283,0.1279909311238837,0.1567355516212555,0.2112897693700497,0.310853577977371,0.1133965828976156,0.3513100010900772,0.23862537065305559,0.15103152959333807,0.039094567797087344,0.22530897079278991,0.10269214737034307,-0.023826971336611887,0.4929551131172323,0.33883804000241197,0.2182471689919932,0.2756124919540693,0.9361122461597317,0.2371494349172702,0.20786059351666064,0.1601986515639741,0.22925511857083633,0.7178722955522044,0.25627663882737095,0.22232798272855342,0.1977718819798745,0.2311090266052005,0.21995741921647868,0.2527386680072189,0.029784656675199722,0.0354499034713637,0.08415927783094737,0.7269246569650782,0.3038638497979319,0.41283249186812915,0.13717259205765886,-0.16335320879933904,0.1709429512723319,-0.15054900811251182,0.08572699161374706,-0.012807159732826562,-0.007115751514805096,-0.01345546618483459,0.2915509101611847,-0.3640031847096878,0.10482961114759444
0.07114691430544444,0.16850267927300494,0.2586612652287631,0.1456064484815524,0.12978701964258801,0.2685564924845404,0.2088629047793586,0.2326964210412412,0.16777385912529888,0.1793210136811588,0.19093685383168824,0.19698835897375064,0.16173212443279583,0.36002381001651,0.18627648850829165,0.2523824029335493,0.141978837895401,0.216097618159279,0.1021870286975095,0.28596617615511194,0.1910995995712972,0.20910265664700456,0.20111429030351077,0.2886574510609729,0.2130093655230612,0.4869863385383242,0.1653186270004166,0.07480765202001392,0.18502566510528276,0.211907990580897,0.2371494349172702,0.7188504392600652,0.06360778925880474,0.19743205449061335,-0.07131050685600447,0.440652304747456,0.1315321875253339,0.15726717423213873,0.15523452688957248,0.16420769703818971,0.22322823825914134,0.16811975547155636,-0.031036391337770173,0.0043429167445660066,-0.0925151088503343,0.5550282378421738,0.2857739663530923,0.2726342289755336,0.542462206352922,0.08447700521993087,-0.10048553618557325,0.14598736583081232,-0.1886727205586454,0.03652771674427232,-0.10876188672487026,-0.016778959804846016,0.539395348926764,-0.18398427408497442,-0.2585129358065792
0.03716953660863853,-0.003265189744577458,0.20768209410066224,0.09335279342625992,0.10408597744451789,0.044302023862674664,0.14546131077289073,0.12716635730933215,0.16263260767573826,0.12110616280342322,0.1703440916816128,0.15616498637312254,0.13396152332913933,0.11961762309372126,0.22279841108696816,0.15594896320888033,0.3240055668398142,0.2610563948599619,0.07752243008450807,0.07509857726844667,0.18988059780035915,0.17932976696553027,0.5968241530661719,0.5187670943268814,0.19608973153365827,-0.0045977255099635475,0.5007689405578235,1.2450596342735543,-0.21274155850351906,0.22071069986305653,0.20786059351666064,0.06360778925880474,1.8618699955543352,-0.27403476855248965,0.4274459525210499,-0.0820538292696233,0.3355868872864133,0.08366087418090068,-0.16286225416282418,0.12011280613551466,-0.27124488760238386,0.17192596352603298,0.2909180355240253,-0.005613541492590773,-0.3963949695635442,0.5425632613512195,0.43479093775279676,0.5664250520012669,0.5589989440904191,-0.18362758206734522,0.0117982194444827,0.07386627445087918,0.15548063416741958,-0.05034362036028254,0.3110816780813521,-0.06328281953429755,-0.25457783029642195,-0.4203416546933147,0.7291343153035585
0.06930807197002792,0.13809233651442804,0.43804888310066903,0.17079591767932553,0.0710850265918314,0.23546890644305046,0.22997569243029864,0.25414729266158775,0.23824037263605885,0.2375621190439171,0.19200972779752457,0.17348826248012583,0.21718338123910325,0.2219665018032714,0.19442725894040835,0.21682632195840698,0.1638260341613881,0.3617279226861048,0.0711688302123867,0.29588302960559143,0.1928103633111885,0.2834052515757357,0.4639027151424636,0.3057775147450967,0.44365464035392826,0.49247698354350616,0.20918389437601673,-0.034934547179569495,0.7437873225991763,0.32878488003352363,0.1601986515639741,0.19743205449061335,-0.27403476855248965,2.729755584077952,0.18305239022947364,0.4612970167341351,0.0847510293564109,0.05329731020184523,0.36885084613095664,-0.1333688221990131,0.6796079891336492,0.19599754567723107,0.5359611356308431,0.13144901856966537,-0.06365483528117047,0.16701154133648524,0.44534064476345747,-0.027312002624476604,0.09128893528360676,-0.3791308980844745,0.14477903178283077,0.1254788776910671,0.30351211959585206,-0.2760905127588375,-0.10603176385396253,-0.019052467803026024,-0.23718170736963595,-0.13091023196986173,0.3781850396313784
