0.8365089197653238,0.14354259244421594,0.30470543446829446,0.04855535881265637,0.028990889046735403,0.08561466747508593,0.0663087535567907,0.02756211212307706,0.07762249054353891,0.09166289304384823,0.05744457192017314,0.09559759954951512,0.05188322164640778,0.05283406366469368,0.11427814926808591,0.057369275777712565,0.01716955249274688,0.10942795307779485,0.02330433299596098,0.04934221773335252,0.049050803952309145,0.06724447936358513,0.10497606800842965,0.04767585872908065,0.10122687098386157,0.022515477760973852,0.03628771772777644,0.02232792484441092,0.12687550508516834,0.02009422029257278,0.061996294324711584,0.054280230366038136,0.03786720260595755,0.08733376333470343,0.032142606692056826,0.07257822206035502,0.07344509361494024,0.040403696629000826,0.07904573070204832,0.01594467303635936,0.045566431556426715,0.03172784613129621,0.08392927045921313,0.015103345881519516,0.12354423588717242,0.14686413998114775,0.09310137630546762,0.024165487354838377,-0.01620620703354193,-0.07002659893223559,-0.013161412114440945,0.011861699630861146,0.07444538095104841,-0.011490037278915118,0.22526041024224314,-0.0044492705677841434,0.04132762493902693,0.02787555308983001,-0.2980176630935476
0.14354259244421594,1.4364904331303454,0.31460397039751387,-0.10218333471287637,-0.09573869233696296,0.17455594695421903,0.12686604304242535,0.12300213333652774,0.17516601532181666,0.10380099530295417,0.14383541037011544,0.10668078246015573,0.12426093329984683,0.14767183299147563,0.3162616997312795,0.07589755064256382,0.06296562749591325,-0.00960810032299584,-0.02011114560737057,0.15521056448339404,0.12862584687091524,0.07848488097351546,-0.20178472197084155,0.07333821046753132,0.05523279252204698,0.13125766022209248,0.18036079670097113,0.13478143816752644,0.12944137743972062,0.10336442310525053,0.11300528176107882,0.15373095529862593,-0.004167832416898603,0.13242990957086015,0.055091423245811226,0.15627883657138392,0.03744149602039073,0.09992817441646262,-0.044673723690718016,0.022409077761243297,0.09910026841148901,0.10391553816349418,-0.02761047258878568,0.011336627413256216,-0.015472401993255459,0.1557315537590677,0.06755038484624278,0.08328810617818784,0.2573479593712019,-0.5629627609142301,0.505091391228318,-0.004397733012973275,-0.010492144589658805,0.0434515913337684,-0.3727085609264845,0.036518923890846676,0.05657610525905772,-0.062121358590458024,0.29528019662972316
0.30470543446829446,0.31460397039751387,1.7205818369739656,0.03706485528699607,-0.3201994475375883,0.3589383395311965,0.20212310870483782,0.4106795950976196,0.3447770138278581,0.3989936639878674,0.34766628193669274,0.2754476725165591,0.24554970028435577,0.25364869186443934,0.2694101019159989,0.20707639126417868,0.31281210439282325,0.3352625965176496,0.10030376223346507,0.35772159154904704,0.2736290376166791,0.2692288610492819,0.30472335663703576,0.25878395372549606,0.26959770211546347,0.20741774324310008,0.18997534016728934,0.4318831797302483,0.5116249667959679,-0.016148051703806492,0.266823564133475,0.2545385753934607,0.1711763222919027,0.4415559916938929,0.21499849832798357,0.7548917658993421,0.22250766791113494,0.18592809238659086,0.32449148385204757,0.053394444091740476,0.319533118765383,0.2862481606153299,0.22925082699785385,0.04972763310275528,0.2548218665335875,0.7624856738331327,0.3039899694642054,0.3112742061262536,0.18904268657128367,-0.11607446606574236,-0.0897407526923421,0.36159596966480756,0.03462535943138368,-0.195559607924419,0.1730618680176344,-0.0024564237538990353,0.07014426943620132,-0.503065837933118,0.2551172457492119
0.04855535881265637,-0.10218333471287637,0.03706485528699607,0.6494683147567698,0.46724050930954064,0.2303065781706624,0.23064426712941566,0.10964874955595005,0.07316952620168989,0.17372912987817332,0.10425732845183837,0.19358640132508892,0.10647344795979968,0.17238102146858422,0.1292450399147016,0.18189135642986848,0.12233033485409381,0.21642288956188346,0.11459901121496022,0.13286080067744158,0.153346258311593,0.13395808418087565,0.24233432464255145,0.1305576502558441,0.16802316016124946,0.22659378329487548,0.07624840023063284,0.03138990731871528,0.18985211007161415,0.07783227684913997,0.12394139627123232,0.15309376942711356,0.09525332682940167,0.15743545363393124,0.0295608638386471,0.20961307452922567,0.16267286439429873,0.06828326459446356,0.1965301443636854,0.1320656355356939,0.10271361893406832,0.14240628689645413,0.13012854249262343,0.02072603550157021,0.09161463955268566,0.2518872609625549,0.19403143274816928,0.14697884357821603,0.2366831931133683,0.18868281919495689,-0.2645576325441105,-0.0010108016745174015,0.10329022982927683,-0.018016824574102874,0.018006264690762025,0.02702843113261616,-0.05956123254268425,-0.11836926871193082,0.13209780210854846
0.028990889046735403,-0.09573869233696296,-0.3201994475375883,0.46724050930954064,1.0960824314058923,0.22820090454960573,0.1862483433948619,0.05826400554147409,0.01065377088605413,0.10200163282922074,0.07165854365340486,0.18938373194434488,0.099778649184983,0.1799551065135235,0.1658433045168421,0.20275982349206095,0.08323518756116272,0.20527838136299378,0.2279804627216129,0.0727732898709363,0.14640397306842698,0.11169745556200582,0.20510817023775313,0.10406728286817496,0.13478339021334187,0.26119639779684534,0.07203416319197799,-0.08102672463262764,0.14481303878040402,0.036766191126595175,0.11853491715806948,0.14001550213083083,0.10463213218998861,0.03798604704034319,-0.030563703054117607,0.12376400576198414,0.2257108047514668,0.046256137327918334,0.14124470543165196,0.1707896097588058,0.07792176953300659,0.13724750602370228,0.023670515586777987,0.010395459397343257,-0.02661613733459099,0.17095631777769926,0.16498658707284633,0.18119552716664195,0.3742342078449189,0.28445428134465206,-0.3083539355617592,-0.31201742169739943,0.21266588887731747,0.10783682158176612,-0.04213668589242954,-0.03500031699157337,-0.08801294438067524,-0.08662418260062137,0.2505859505325231
0.08561466747508593,0.17455594695421903,0.3589383395311965,0.2303065781706624,0.22820090454960573,0.5982392231138177,0.10136092488705635,0.24600621720154311,0.19823749378084016,0.1806136212590715,0.1992102370199155,0.1968166060897389,0.17896705217773323,0.2623032564463678,0.23103365623311464,0.23070698991699629,0.20929563316905525,0.14324625286450335,0.19301089093930002,0.3684296765289152,0.21502750433505116,0.19880226441288085,0.08408894200711563,0.16150537203920015,0.17548273285120955,0.2679472135397705,0.20521046658710113,0.1905102055469336,0.4449747982423737,0.05810801735395498,0.19173646711293693,0.25920249607059465,0.03487950863805149,0.2197588616152798,-0.057927651091392356,0.26309718040350893,0.3819528984849612,0.18635622526998974,0.2764803974374456,0.13880227428117584,0.1675933155158068,0.1910806933901532,0.13411618383076554,0.05246309206453418,0.0870036687678835,0.3458638684064644,0.24513063865552298,0.21940474277165342,0.5291792897053508,0.4272493072761208,-0.4848408460802735,0.11070142422027336,-0.08305677319395179,-0.011180282521959137,-0.041786559412968334,-0.053979573284276716,0.09598615837132654,-0.07405084204267363,0.08022273379547218
0.0663087535567907,0.12686604304242535,0.20212310870483782,0.23064426712941566,0.1862483433948619,0.10136092488705635,0.776317442204355,0.16615911494617627,0.1719312102194991,0.2123099241112884,0.2351594446931594,0.3091804851774625,0.16818712812380043,0.22811322781423726,0.08013693390730321,0.24010496976728024,0.2032895217523832,0.3004861619657955,0.015502456647937748,0.12459076617968433,0.21638399213116818,0.22306894902344426,0.4410419815574808,0.206550303573403,0.2485709550127645,0.24589596098688862,0.09657336813209765,0.0733342466211013,0.22014745048580545,0.22066924621135078,0.13746908345978434,0.19612704963032798,0.1829299514391526,0.25345975783951613,0.0390672502363556,0.43131049509934505,0.08377661558915231,0.07013636589031849,0.253663115553516,0.12562099976813126,0.15760183994077437,0.19971945270032726,0.17998292003704539,0.021950025818037403,0.07561394897092266,0.39942263432333613,0.23326741938239576,0.19680642376335356,0.37629257212822703,-0.07368042926727157,-0.15525712707720293,0.13243256282704416,0.25156737162203463,-0.13971673800072862,-0.03674978942059716,0.03996539476213516,-0.10137802324487226,-0.08910909392457846,0.09029894464120404
0.02756211212307706,0.12300213333652774,0.4106795950976196,0.10964874955595005,0.05826400554147409,0.24600621720154311,0.16615911494617627,0.678220116648696,0.06626915438948593,0.193176269895283,0.27625851610370683,0.14405274405888743,0.23039383108696065,0.2500693716712526,0.14389486310708918,0.21002932935904742,0.2323387304254367,0.23087926493604932,0.1150774266831077,0.3181860135779236,0.1630354901518884,0.152349233133172,0.19553377433648106,0.18781075670571443,0.22800635792222612,0.17943559605914752,0.2502585764652038,0.23549098097332183,0.3438760441815064,0.2018617220515628,0.1660694555496659,0.21302112361073017,0.1396986431019184,0.24905803807196905,0.1514070884756819,0.25787825219958904,0.2335935271790508,0.16324079634646876,0.2456824478545189,0.1453432150487403,0.2275967503894327,0.16698902291547016,0.18559370335656453,0.03501762821155576,0.10259930462218077,0.4473021698221191,0.32809473801630223,0.2502565928072284,0.4108288522767569,0.06492615115396144,-0.10914991020264467,0.15221128710656343,-0.038226854708306265,-0.04742840339280613,-0.0636592793502843,-0.08463803106083823,0.030337805865643316,-0.01061345780545008,0.13068567867197403
0.07762249054353891,0.17516601532181666,0.3447770138278581,0.07316952620168989,0.01065377088605413,0.19823749378084016,0.1719312102194991,0.06626915438948593,0.566933158392789,0.10683162536759008,0.10900144534811466,0.13804654154719073,0.10179188180880067,0.15329035803405622,0.0746290545803033,0.11915406607184945,0.1689103884434688,0.2537299841992672,-0.013303515779638946,0.12856496842843623,0.182358249665187,0.2830536115149268,0.30424765204302,0.17278384967433127,0.10533520999982139,0.3478461495862789,0.1314049642103869,0.19848328010992208,0.15358529265116225,0.06077728003446135,0.14641337966920817,0.164893941542113,0.17880066398191347,0.25106983939234334,0.14905444071754312,0.2280516110211014,0.041173795504949054,0.08223107448440731,0.2193684903889307,0.11023224323646538,0.18030964155020715,0.15541812888686543,0.14998620706386234,0.031025773846595578,0.05503065036961393,0.30478007247009176,0.23312395313013234,0.07474834209797175,0.37981226942616114,-0.05812767783405002,-0.05637720789604183,0.0304153141172948,0.1156765495533253,-0.03945648633641107,0.03449534454331724,0.0335663102667478,-0.04536423690265006,-0.2655060633151749,0.243423203847903
0.09166289304384823,0.10380099530295417,0.3989936639878674,0.17372912987817332,0.10200163282922074,0.1806136212590715,0.2123099241112884,0.193176269895283,0.10683162536759008,0.5475297752751067,0.13133899067480678,0.18936701865905115,0.1625837344972903,0.17676619122133969,0.1621808569359167,0.1653761709396599,0.2193354957302255,0.2448072399470988,0.05092101760736849,0.2124044848006693,0.15403713557268855,0.14255420220518422,0.2310529347971672,0.1811963068187585,0.20350745139769516,0.20328381161802284,0.15776142330136209,0.23873671593842427,0.2661144533971573,0.1830378601646613,0.18818767936271677,0.16915465905384805,0.12796449323031636,0.2425581386725449,0.21914474598196357,0.3625823553899458,0.20183872516378265,0.10494767840868433,0.21262503918693476,0.12351549009124216,0.23942090354658296,0.16937935441668114,0.14437657008334795,0.014594845776223261,0.09507744469354702,0.4418608342734035,0.29567577765329145,0.2229919917332415,0.30936316561791993,0.002673631745156534,-0.12383998864200194,0.012945325239242947,0.13487422693411438,-0.052776141551659404,0.06869083956549905,0.0996800810456397,0.021297889647047607,-0.3484007893814121,0.16645186675057713
0.05744457192017314,0.14383541037011544,0.34766628193669274,0.10425732845183837,0.07165854365340486,0.1992102370199155,0.2351594446931594,0.27625851610370683,0.10900144534811466,0.13133899067480678,0.444917705331094,0.19618743084180004,0.18150073396676833,0.2181310895309004,0.19038111026441334,0.20134915655291677,0.262233764499864,0.2038431110147913,0.07906101442262287,0.271211270622527,0.1908186113350325,0.15528759615103044,0.23694856259513353,0.1973366720079773,0.19387895029798677,0.07517492581177626,0.2379614075573625,0.25966706090062625,0.2782201560339916,0.16913987708732914,0.18196741878630782,0.18197630737764764,0.17260201934113212,0.19503984582360293,0.12865197869691164,0.3336418437680864,0.2261329263943148,0.14400601036716923,0.22774733492015925,0.13945446471743195,0.17996394850551065,0.19189140969342705,0.15588540297182568,0.02738902856889832,0.13967009282022078,0.4335102799423623,0.26070831604125566,0.22966386098543642,0.2198387732251834,-0.07851667460648845,-0.054503150986031514,0.10353241202049204,0.10623323909346744,-0.060653894200399565,-0.0512828548263424,-0.03675161679013741,0.014856650247544578,-0.11291339691766841,0.15487464892505068
0.09559759954951512,0.10668078246015573,0.2754476725165591,0.19358640132508892,0.18938373194434488,0.1968166060897389,0.3091804851774625,0.14405274405888743,0.13804654154719073,0.18936701865905115,0.19618743084180004,0.5717220134784965,0.12595488064339477,0.1981943343253692,0.19007699848553317,0.2482643437865494,0.20531957452380017,0.24565969956207642,0.08511940020314264,0.16424205517734822,0.17899669114870434,0.17167364607049476,0.2801924818225625,0.17142945934179787,0.22665432054315945,0.13981953769525252,0.23911683666016126,0.06953311380695,0.15728621384355423,0.11336639039903405,0.14260394029191523,0.18637778183849077,0.16900642630864993,0.17776771639830863,-0.01965772094429729,0.3008382662967461,0.06882976622130027,0.09677020027064732,0.2042732607483562,0.13153413021901983,0.10326055200535855,0.16444216938733475,0.09724586611020844,0.027438472285807678,0.0689550161300428,0.34450108171284916,0.22986953802378587,0.2272036093692345,0.46847758584944527,-0.18734944188219393,0.0173152785609726,-0.02909557640417909,0.19946081201106622,-0.023240446366382117,-0.0430299051502213,0.027454018328188643,-0.13569855299114209,-0.1432619667279919,0.16029001931615633
0.05188322164640778,0.12426093329984683,0.24554970028435577,0.10647344795979968,0.099778649184983,0.17896705217773323,0.16818712812380043,0.23039383108696065,0.10179188180880067,0.1625837344972903,0.18150073396676833,0.12595488064339477,0.3079850147158736,0.16382091342402355,0.09653515852553562,0.17069090836417128,0.16648700249262122,0.16399538619608828,0.0679552931341093,0.1853403314575263,0.12225727048260365,0.1649362311207078,0.17923631939961648,0.17172601657532816,0.159132400686247,0.11323887199319815,0.1757485022023525,0.18096157393426116,0.3144926401665312,0.14007380355297927,0.1339800721867422,0.15992261398421687,0.12508965552330595,0.20604033912862327,0.18439150152801337,0.24469151898027924,0.1531649428228608,0.09496787333094645,0.16886056703842883,0.10463418160569253,0.1895012138189587,0.13352855034093478,0.1059459610819169,0.029655109256507026,-0.014199875708136392,0.3523604609026465,0.21986583312920113,0.14609579400311182,0.2761906056450109,0.11982239346479286,-0.09212197129121541,0.05427434953239471,-0.027372542553903968,-0.04625974804049546,-0.006038976318622426,-0.043121651149399205,0.005299902059223913,-0.18940082293061047,0.2371821271918056
0.05283406366469368,0.14767183299147563,0.25364869186443934,0.17238102146858422,0.1799551065135235,0.2623032564463678,0.22811322781423726,0.2500693716712526,0.15329035803405622,0.17676619122133969,0.2181310895309004,0.1981943343253692,0.16382091342402355,0.4879567980056691,0.21793023055562133,0.2974504412160048,0.1736347532778711,0.19667680888756864,0.0924415920540224,0.300828253532266,0.20990445461594842,0.2060269177868796,0.24107513510043746,0.2313457682637667,0.19292922819567404,0.3369096609843898,0.1411972951995814,0.10639404932186758,0.2771966410759823,0.19411864550744043,0.18441694248057514,0.340280620077165,0.1249313169641111,0.2059670051623182,0.1103354506390075,0.3094166904544782,0.19029562712791057,0.16320059204068652,0.24775195055621188,0.18841630848429744,0.2186907584165423,0.19387149280861,0.14484145744676374,0.028341464786249004,0.07528842134793838,0.4030965642315429,0.3080416794492302,0.26294143842679896,0.6430171618644246,-0.012380988260871452,-0.17425235789864868,-0.029008395684542394,0.1675092625800969,0.03188159080048906,-0.07981963879353919,-0.013157370947882874,0.049948087084799746,-0.11224727683620846,0.15789026059817357
0.11427814926808591,0.3162616997312795,0.2694101019159989,0.1292450399147016,0.1658433045168421,0.23103365623311464,0.08013693390730321,0.14389486310708918,0.0746290545803033,0.1621808569359167,0.19038111026441334,0.19007699848553317,0.09653515852553562,0.21793023055562133,0.7167608998630232,0.16485747657867508,0.14523620747020916,0.13200480487293048,0.0917979093044516,0.20927970964709125,0.1659524803099187,0.0813498210402681,0.39647853167331,0.23375916372186278,0.26504247852869767,0.13353144732052488,0.22159236115919792,0.10418938300273528,0.1665841679082865,0.20881955355616535,0.13172744807894568,0.1640609866474023,0.21301145988343081,0.19159079319905112,0.08055951078113784,0.22603336123116183,0.2649551711565489,0.11766670821967214,0.20864046159645389,0.13637818381269246,0.09184177830838765,0.16891821427378945,0.15060873375509132,0.035644445094381624,0.111361224056225,0.3717679603054381,0.27111185139343236,0.3107601973377633,0.35676924380317593,-0.18538826456370608,-0.13778359509224875,0.11508877408315611,0.2190740548407659,-0.012986407032109508,-0.03792800074047263,0.045615440252983724,-0.05640980783535571,-0.15457882623398922,0.21875578339610838
0.057369275777712565,0.07589755064256382,0.20707639126417868,0.18189135642986848,0.20275982349206095,0.23070698991699629,0.24010496976728024,0.21002932935904742,0.11915406607184945,0.1653761709396599,0.20134915655291677,0.2482643437865494,0.17069090836417128,0.2974504412160048,0.16485747657867508,0.47463678225693073,0.20858617767103516,0.1708379179816457,0.10752288145459223,0.23055853836995155,0.1850834165352398,0.2621871196567964,0.2374198737020189,0.22618183661134125,0.19755723982475193,0.12345994115958568,0.2265600170626858,0.21323760602151842,0.310281803004224,0.16381261472092812,0.15441126184190893,0.23598261622229882,0.1554415934557371,0.20666256469136074,0.17648412229680727,0.2531639299083863,0.20198147360135835,0.12594217846756334,0.25442487363894933,0.1731522849535707,0.21098723931449892,0.17434590416362372,0.18311973090966377,0.035600035336858925,0.11025254738992406,0.34101419806420175,0.2769326682293732,0.14273105748592288,0.4694827804286355,-0.012130026857089889,-0.18522859089684662,0.026048615388394106,0.15191895224049484,0.020747401026863888,-0.0022851519560577963,-0.01960849499271788,-0.08817605557377971,-0.19489542319373618,0.3058633621369057
0.01716955249274688,0.06296562749591325,0.31281210439282325,0.12233033485409381,0.08323518756116272,0.20929563316905525,0.2032895217523832,0.2323387304254367,0.1689103884434688,0.2193354957302255,0.262233764499864,0.20531957452380017,0.16648700249262122,0.1736347532778711,0.14523620747020916,0.20858617767103516,0.7330739986109935,0.1398675105844413,0.1026146684922851,0.3013571702658446,0.2212341754842867,0.20098775326234447,0.2330027583471178,0.2166254609829031,0.20908642846813333,-0.09011600339604295,0.33735758521565495,0.945322663076998,0.3084044122856031,0.1528488721563165,0.2121887097331132,0.13634992087860762,0.32277916803752305,0.170746145399747,0.13006965627349412,0.3622605314693491,0.47809174771865176,0.1581988071694265,0.20667362066217945,0.12178545633970188,0.3487449123252636,0.24164288003931453,0.27166035355052764,0.022098137907332387,0.14334897228126842,0.46844278261466044,0.33476883999437457,0.26871644730663785,0.3214028197181884,0.057730877424256415,-0.2054750744742832,0.17042740451037375,0.08121979058551976,-0.11540420749083187,0.006406973893272734,-0.015716511965745177,-0.0634258140101306,-0.08138780402202607,0.18811814561564466
0.10942795307779485,-0.00960810032299584,0.3352625965176496,0.21642288956188346,0.20527838136299378,0.14324625286450335,0.3004861619657955,0.23087926493604932,0.2537299841992672,0.2448072399470988,0.2038431110147913,0.24565969956207642,0.16399538619608828,0.19667680888756864,0.13200480487293048,0.1708379179816457,0.1398675105844413,1.3756563597929041,0.08312956054504168,0.015864515306384414,0.2969486135969808,0.2610028184513526,0.7369138981471296,0.19546501547398476,0.30928157327837597,0.6933918771876532,0.24210610887820588,-0.11070630265879779,0.2855377853200806,-0.08150707748561244,0.3154538915474964,0.1979508471574976,0.2746877296791597,0.3732221420402861,0.29924299962837286,0.4238079663010273,-0.1141417362840032,0.0379727033621167,0.3517557771958335,0.3326820680968602,0.3457141557300119,0.28130091760369297,0.09922938974360772,-0.021585059737280393,-0.005718568372544744,0.6965258579062057,0.539427482804256,0.30660393009304737,0.48378710007799663,-0.3984417145394841,0.269259004697677,-0.2908433097877381,0.2576040378318119,0.09029522510223158,0.03703423719938511,0.008515375844060391,-0.13799254238254374,-0.5291814459272829,0.558297553384077
0.02330433299596098,-0.02011114560737057,0.10030376223346507,0.11459901121496022,0.2279804627216129,0.19301089093930002,0.015502456647937748,0.1150774266831077,-0.013303515779638946,0.05092101760736849,0.07906101442262287,0.08511940020314264,0.0679552931341093,0.0924415920540224,0.0917979093044516,0.10752288145459223,0.1026146684922851,0.08312956054504168,0.5093228399391722,0.0314338386797343,0.10635860007579499,0.06880339710531663,-0.022558355053238686,0.06919098147920781,0.1229923673121431,-0.06145118021546204,0.07436654292048434,0.03010366970190801,0.10266268413396917,0.050955095442261504,0.10760244757191935,0.09930792560356871,0.07525268979998287,0.06494372344180317,-0.04987120735993128,0.2144230617656811,0.13518949310422584,0.02642111562403975,0.19558504492222756,0.053406444789877695,-0.04436140436127752,0.10090262408018116,0.09677803584815114,0.033309926123632046,0.1785525554224805,0.14293544952749196,0.04298416800976799,0.10906322685641624,-0.048596303630586306,0.10127913046244937,0.09183968716284736,0.19689751170658942,-0.24840367945465108,-0.11962754270952143,-0.033322841522290945,-0.03142178785384954,0.04569727444142465,0.07979538801801841,-0.06870820443665913
0.04934221773335252,0.15521056448339404,0.35772159154904704,0.13286080067744158,0.0727732898709363,0.3684296765289152,0.12459076617968433,0.3181860135779236,0.12856496842843623,0.2124044848006693,0.271211270622527,0.16424205517734822,0.1853403314575263,0.300828253532266,0.20927970964709125,0.23055853836995155,0.3013571702658446,0.015864515306384414,0.0314338386797343,1.33820805799186,0.27158508664650366,0.11237092048662049,0.014789091960970103,0.24906999792473986,0.14410623254175942,0.12730628929609475,0.43991899418213326,0.31513166948485016,0.4903477805666162,0.5035904196456956,0.3580143552965199,0.2692189413184199,0.09074705275432776,0.286312743135131,0.06871271790696064,0.4711729500764959,0.9208639146032545,0.6277961606795612,0.6648552015852017,0.3751231599410581,0.30059529985135675,0.32522039366367267,0.289790047722379,0.09686358474020915,0.35607332041237194,0.5294768654837998,0.3773001288317267,0.6886552009769303,1.09400494110129,0.17934661205766544,-0.3972089458264494,0.018943527545814534,0.2197161930043392,-0.015586989622137956,0.005566407701977828,-0.07686062258559319,0.17204782650331152,-0.16139105189642605,0.12339952080950438
0.049050803952309145,0.12862584687091524,0.2736290376166791,0.153346258311593,0.14640397306842698,0.21502750433505116,0.21638399213116818,0.1630354901518884,0.182358249665187,0.15403713557268855,0.1908186113350325,0.17899669114870434,0.12225727048260365,0.20990445461594842,0.1659524803099187,0.1850834165352398,0.2212341754842867,0.2969486135969808,0.10635860007579499,0.27158508664650366,0.6064897075142753,0.18728215618929353,0.25150321384722396,0.18313733303244747,0.1590123526590854,0.24382129742397346,0.19587821988751608,-0.05606559356050245,0.25747727623932604,0.2088022615119676,0.23861740126250042,0.17439710414264123,0.17501195945696751,0.19339182918112005,0.3089892776465792,0.5976129115866075,0.14382665722481616,0.17062294306897285,0.3408285309179019,0.3484807519710277,0.22656641844401387,0.4867678584499378,0.30011349036780127,0.03152035793649219,0.4132373269789128,0.5276558950839259,0.35263751015587846,0.4412883187192627,0.4777980309863149,-0.02499194490664257,-0.07709402169862471,0.014374924391589754,0.08262234187250182,-0.0236483278473447,-0.04375599559698433,-0.00014950736293098927,-0.19972645841234388,-0.2603195967977951,0.4804357343784767
0.06724447936358513,0.07848488097351546,0.2692288610492819,0.13395808418087565,0.11169745556200582,0.19880226441288085,0.22306894902344426,0.152349233133172,0.2830536115149268,0.14255420220518422,0.15528759615103044,0.17167364607049476,0.1649362311207078,0.2060269177868796,0.0813498210402681,0.2621871196567964,0.20098775326234447,0.2610028184513526,0.06880339710531663,0.11237092048662049,0.18728215618929353,0.5057232426793702,0.3197715364633088,0.20262101920950396,0.1524470354753411,0.2138676349428851,0.1889649671740073,0.21531251840152993,0.3154715316738748,0.0910102759169764,0.1499867862006923,0.20197688721058993,0.18766802012655906,0.28418152659178064,0.14999385940169802,0.26597327842126156,0.051022628224240474,0.07426359896407794,0.31873918834628073,0.1234714840678822,0.2354398850489166,0.1593326261932672,0.1917830081028914,0.051511859842081675,0.06892395046791375,0.32926795350431914,0.27373615951762315,-0.09433150449869158,0.430312220264716,0.012227108856848055,-0.12449193720095754,0.05792183694995165,0.09578010566226293,-0.04950134297262171,0.02184016498321333,0.0030380067919466578,-0.10336011776772064,-0.28476621228251436,0.35803023255151606
0.10497606800842965,-0.20178472197084155,0.30472335663703576,0.24233432464255145,0.20510817023775313,0.08408894200711563,0.4410419815574808,0.19553377433648106,0.30424765204302,0.2310529347971672,0.23694856259513353,0.2801924818225625,0.17923631939961648,0.24107513510043746,0.39647853167331,0.2374198737020189,0.2330027583471178,0.7369138981471296,-0.022558355053238686,0.014789091960970103,0.25150321384722396,0.3197715364633088,1.8375096513444642,0.5184316235009551,0.5694377489769915,0.3607411980721612,0.08663637161443363,0.13463307329069732,0.2682133286799493,0.3426813378324427,0.05173477354357034,0.18153924527640677,0.6221605183040566,0.495236835948203,0.18446757155813706,0.43495290786875984,0.16621079785898538,0.014411430676989936,0.6309027942282902,0.337731736474673,0.21284220025082098,0.2629157424705433,0.34365671237518486,0.08395275702035103,0.08858788749588542,0.8059328651195138,0.6604574012539837,0.48234199940404077,0.6488218464192478,-0.13286444567081487,-0.27075801924163934,0.1420708037676485,0.4453186805683228,-0.13875902047153518,0.19530870220242966,0.05024106735104617,-0.27891402981524027,-0.5110586069497158,0.582239396591166
0.04767585872908065,0.07333821046753132,0.25878395372549606,0.1305576502558441,0.10406728286817496,0.16150537203920015,0.206550303573403,0.18781075670571443,0.17278384967433127,0.1811963068187585,0.1973366720079773,0.17142945934179787,0.17172601657532816,0.2313457682637667,0.23375916372186278,0.22618183661134125,0.2166254609829031,0.19546501547398476,0.06919098147920781,0.24906999792473986,0.18313733303244747,0.20262101920950396,0.5184316235009551,0.7157133614148502,0.27327142732461646,0.05802650220162906,0.281003505030296,0.43424867548142854,0.15757455115514105,0.38064107995003094,0.21488763629869778,0.26105987869200126,0.529996646456566,0.31570220021978074,0.26307481156775625,0.3089190292018815,0.2603501878608698,0.15073624597699856,0.165568552822107,0.17073183567518715,0.14869373741590777,0.20424912483046395,0.17644905636719163,0.043926318674098,-0.09598381141015026,0.5220251200836625,0.3887883795721656,0.3634762562488485,0.5367741261590521,-0.16396082394187406,-0.006051842156890014,0.05713618295959711,0.15151094886969613,-0.06360248067073976,0.1380852587688471,-0.03572044617995377,-0.057543866086251325,-0.5418688281338424,0.6528406394267411
0.10122687098386157,0.05523279252204698,0.26959770211546347,0.16802316016124946,0.13478339021334187,0.17548273285120955,0.2485709550127645,0.22800635792222612,0.10533520999982139,0.20350745139769516,0.19387895029798677,0.22665432054315945,0.159132400686247,0.19292922819567404,0.26504247852869767,0.19755723982475193,0.20908642846813333,0.30928157327837597,0.1229923673121431,0.14410623254175942,0.1590123526590854,0.1524470354753411,0.5694377489769915,0.27327142732461646,1.092825642425785,0.21187025101069992,0.22452311121205232,0.14297640479145207,0.2995466089846206,0.3339477625238724,0.10222563908809444,0.19051044860462257,0.19847909428089555,0.4448830179651606,0.21204508740388056,0.3103926534672477,0.10063782653528963,0.08275525649984643,0.35658781028607334,0.134925264181817,0.19992889759945062,0.16904702030905683,0.2832645396217567,0.06512806051357285,0.24369581575220498,0.5600508882216287,0.3631425887916095,0.16665162644382114,-0.03290817374268968,-0.13422946464083638,-0.005291807320056521,0.2392001663502355,0.11867951143559592,-0.14046059422297813,0.007754762588792678,0.045760536145034565,-0.038610510718541186,-0.09680489995790956,0.050082703852156046
0.022515477760973852,0.13125766022209248,0.20741774324310008,0.22659378329487548,0.26119639779684534,0.2679472135397705,0.24589596098688862,0.17943559605914752,0.3478461495862789,0.20328381161802284,0.07517492581177626,0.13981953769525252,0.11323887199319815,0.3369096609843898,0.13353144732052488,0.12345994115958568,-0.09011600339604295,0.6933918771876532,-0.06145118021546204,0.12730628929609475,0.24382129742397346,0.2138676349428851,0.3607411980721612,0.05802650220162906,0.21187025101069992,3.881958256184509,-0.6169004819348226,-0.8218805088523867,-0.4862265763940788,-0.532610489433128,-0.023384988408811848,0.4861124210512521,0.004052428751876832,0.482865348645143,0.6106547662897194,0.25903038340428924,-1.7047773661238472,0.055330600208537806,0.44676979971419284,0.49548240323342196,0.40731196397562175,0.13453968411072376,0.12229242918480313,-0.11721169976414943,-0.30526725023292994,0.19743532122388752,0.11311912643844131,0.2687515828221605,1.3979152843562033,0.4256281282395679,-0.5721987734406087,-0.03208498969166638,0.02221444774664836,0.09584878902522262,-0.18320262301165202,0.11947894690800227,-0.1306320110861907,-0.33659396273551534,0.37338522808984104
0.03628771772777644,0.18036079670097113,0.18997534016728934,0.07624840023063284,0.07203416319197799,0.20521046658710113,0.09657336813209765,0.2502585764652038,0.1314049642103869,0.15776142330136209,0.2379614075573625,0.23911683666016126,0.1757485022023525,0.1411972951995814,0.22159236115919792,0.2265600170626858,0.33735758521565495,0.24210610887820588,0.07436654292048434,0.43991899418213326,0.19587821988751608,0.1889649671740073,0.08663637161443363,0.281003505030296,0.22452311121205232,-0.6169004819348226,3.0211496055760403,0.41611926400287363,0.13528252778785013,0.45854808574051564,0.48105628334301215,0.15726969697904264,0.46037990482605246,0.10190504402479873,0.5865840123206523,0.1879580674504362,0.6711425129672108,0.2848234119592511,-0.03255801893578228,0.35728685007921096,0.6740542103340216,0.33395072197415127,-0.2077495758730071,0.032191296941665774,-0.5871132723073477,0.8653296384595055,0.44208338558881105,0.6367001445652819,1.1631322630723488,-0.35962337732981764,0.5408102082672502,-0.7655050727826483,0.029941554386894782,0.5847335233765868,0.022417424583602893,-0.1332012814433764,0.024073070215617193,-0.7766320411012345,0.9485153096517488
0.02232792484441092,0.13478143816752644,0.4318831797302483,0.03138990731871528,-0.08102672463262764,0.1905102055469336,0.0733342466211013,0.23549098097332183,0.19848328010992208,0.23873671593842427,0.25966706090062625,0.06953311380695,0.18096157393426116,0.10639404932186758,0.10418938300273528,0.21323760602151842,0.945322663076998,-0.11070630265879779,0.03010366970190801,0.31513166948485016,-0.05606559356050245,0.21531251840152993,0.13463307329069732,0.43424867548142854,0.14297640479145207,-0.8218805088523867,0.41611926400287363,6.158253492198406,0.39661970130021645,-0.3255323706828608,0.3287621293713573,0.08216282288121182,1.3098303285857829,-0.035818987462969076,-0.16437475630613943,0.0014629462860324765,0.906864241662435,0.17366663480422012,-0.45992054819331746,-0.18334859234735548,1.1653138322755239,-0.22844486891102211,0.5506408126965836,-0.014023139011577066,-0.648811817900301,0.29520658637135105,0.13298001586159175,0.2018414962461827,0.2109184756212512,0.25832425001218184,-0.40025939411073386,0.4427257310091424,-0.0632733384712499,-0.12903409736766103,0.8814721881526172,-0.06274867103525684,0.03788562046449344,0.27886913704511535,-0.13551118116838182
0.12687550508516834,0.12944137743972062,0.5116249667959679,0.18985211007161415,0.14481303878040402,0.4449747982423737,0.22014745048580545,0.3438760441815064,0.15358529265116225,0.2661144533971573,0.2782201560339916,0.15728621384355423,0.3144926401665312,0.2771966410759823,0.1665841679082865,0.310281803004224,0.3084044122856031,0.2855377853200806,0.10266268413396917,0.4903477805666162,0.25747727623932604,0.3154715316738748,0.2682133286799493,0.15757455115514105,0.2995466089846206,-0.4862265763940788,0.13528252778785013,0.39661970130021645,2.4254642467966008,0.1817890394640085,0.2009705418296195,0.17699282817124165,-0.2581854674682581,0.6810977075271007,-0.4292263980036133,0.975044633064649,0.6920272481072108,0.14770287309863905,0.33953715497773146,0.08936070953508726,0.9418271425235242,0.23141955299409878,0.05339450233001382,-0.03684909515813418,-0.22128542537874546,0.741562631023097,0.4092452969420168,0.12245662606197666,0.577317263727927,1.177918004004588,-1.0410259597020894,0.26566055507275704,-0.28028305402764464,-0.03845461644394717,0.05480133528239735,-0.1564503102396357,-0.03844355395174292,-0.5370079379211651,0.7000861078238841
0.02009422029257278,0.10336442310525053,-0.016148051703806492,0.07783227684913997,0.036766191126595175,0.05810801735395498,0.22066924621135078,0.2018617220515628,0.06077728003446135,0.1830378601646613,0.16913987708732914,0.11336639039903405,0.14007380355297927,0.19411864550744043,0.20881955355616535,0.16381261472092812,0.1528488721563165,-0.08150707748561244,0.050955095442261504,0.5035904196456956,0.2088022615119676,0.0910102759169764,0.3426813378324427,0.38064107995003094,0.3339477625238724,-0.532610489433128,0.45854808574051564,-0.3255323706828608,0.1817890394640085,3.1461995708630552,0.24207744093608144,0.19186525593803547,0.20149573217783173,0.2505428859379138,0.5512314210959829,-0.07121831543928947,0.637301206910974,0.2957527949149872,0.4520650774892642,0.3728128852461988,-0.02961477082684521,0.27979867017508186,1.296196851133121,0.10557823474806115,1.8083465874422229,0.8941577574551086,1.134668242872616,0.37642996130530665,0.14970579839809284,-0.3789050101630517,0.3385815885333227,-0.3522878765686315,0.27969616548289605,-0.0264638538735288,-0.1385963844317996,0.06188641902615501,-0.0719090615524706,1.7291614439504817,-1.6238728707869445
0.061996294324711584,0.11300528176107882,0.266823564133475,0.12394139627123232,0.11853491715806948,0.19173646711293693,0.13746908345978434,0.1660694555496659,0.14641337966920817,0.18818767936271677,0.18196741878630782,0.14260394029191523,0.1339800721867422,0.18441694248057514,0.13172744807894568,0.15441126184190893,0.2121887097331132,0.3154538915474964,0.10760244757191935,0.3580143552965199,0.23861740126250042,0.1499867862006923,0.05173477354357034,0.21488763629869778,0.10222563908809444,-0.023384988408811848,0.48105628334301215,0.3287621293713573,0.2009705418296195,0.24207744093608144,0.9294341701562986,0.2155365195604783,0.19173433285511632,0.1468200236590367,0.24374302113817067,0.7226883495433097,0.2435931293749362,0.23473574132772415,0.2563563452020768,0.2569813441841896,0.23875500229013474,0.2580147263849644,0.030994759145008655,0.04789912177011124,0.12237150952232148,0.70333839846257,0.29133202047251633,0.4006311521182362,0.13134199868873822,-0.23125545042226955,0.17188644223329427,-0.1543791385906861,0.15100126145945997,-0.018295339231725292,0.026705028736896046,-0.011422742386789569,0.247411236031417,-0.426075420586832,0.19206207516403748
0.054280230366038136,0.15373095529862593,0.2545385753934607,0.15309376942711356,0.14001550213083083,0.25920249607059465,0.19612704963032798,0.21302112361073017,0.164893941542113,0.16915465905384805,0.18197630737764764,0.18637778183849077,0.15992261398421687,0.340280620077165,0.1640609866474023,0.23598261622229882,0.13634992087860762,0.1979508471574976,0.09930792560356871,0.2692189413184199,0.17439710414264123,0.20197688721058993,0.18153924527640677,0.26105987869200126,0.19051044860462257,0.4861124210512521,0.15726969697904264,0.08216282288121182,0.17699282817124165,0.19186525593803547,0.2155365195604783,0.6974842559898365,0.07104749992885069,0.16222790424018524,-0.06909377183612436,0.3974686536170129,0.11349549509974943,0.15307184069986188,0.1547655355260332,0.16285918952986814,0.21790536176663827,0.15571036596394522,-0.05660498610884937,0.010196593259660465,-0.09763686137575324,0.5195259200436965,0.2691814096824188,0.2489558576185571,0.5460597739972377,0.1421276192904078,-0.10685921758995597,0.11912548133220624,-0.223742766078011,0.04822361957738657,-0.08356767058800754,-0.024718530545243814,0.4466671263532824,-0.1973642733934141,-0.15415454484424654
0.03786720260595755,-0.004167832416898603,0.1711763222919027,0.09525332682940167,0.10463213218998861,0.03487950863805149,0.1829299514391526,0.1396986431019184,0.17880066398191347,0.12796449323031636,0.17260201934113212,0.16900642630864993,0.12508965552330595,0.1249313169641111,0.21301145988343081,0.1554415934557371,0.32277916803752305,0.2746877296791597,0.07525268979998287,0.09074705275432776,0.17501195945696751,0.18766802012655906,0.6221605183040566,0.529996646456566,0.19847909428089555,0.004052428751876832,0.46037990482605246,1.3098303285857829,-0.2581854674682581,0.20149573217783173,0.19173433285511632,0.07104749992885069,1.859189380528219,-0.3131897832827597,0.44106741450195147,-0.170431743006735,0.3370277571770003,0.1007483273562655,-0.05876572513638809,0.15275318165341809,-0.25667274812497437,0.15850018050835052,0.41520957385316776,0.012264332427193719,-0.1906514343152441,0.4534995141937943,0.4479245013955105,0.4960282716262166,0.49564664298977623,-0.24001682120310963,0.0018000718142635551,0.10512258047434953,0.2026778560615441,-0.10263530854627873,0.4208595230844052,-0.030474896433857247,-0.3413685669683318,-0.45215213295165374,0.767586420772827
0.08733376333470343,0.13242990957086015,0.4415559916938929,0.15743545363393124,0.03798604704034319,0.2197588616152798,0.25345975783951613,0.24905803807196905,0.25106983939234334,0.2425581386725449,0.19503984582360293,0.17776771639830863,0.20604033912862327,0.2059670051623182,0.19159079319905112,0.20666256469136074,0.170746145399747,0.3732221420402861,0.06494372344180317,0.286312743135131,0.19339182918112005,0.28418152659178064,0.495236835948203,0.31570220021978074,0.4448830179651606,0.482865348645143,0.10190504402479873,-0.035818987462969076,0.6810977075271007,0.2505428859379138,0.1468200236590367,0.16222790424018524,-0.3131897832827597,2.7154256905238965,0.194629019484259,0.46873980064622,0.02329614200959671,0.052765934518988665,0.5072044958316717,-0.11148453231008629,0.6594376942825402,0.202232070674006,0.6269169473953116,0.1745501722360088,0.15061659443623865,0.11716557349698602,0.4215505811716506,-0.07272604550807418,-0.032000009160788295,-0.5710988250544119,0.1646322394948108,0.24861331234312792,0.4669625548649719,-0.40214825965415757,-0.10551051217122018,0.016945732239053997,-0.32173280622389994,-0.21583292229857032,0.51324551148296
