5.735303603481245,0.6663749688057459,0.9484617895427421,1.2640363992100916,2.175905815137111,1.592093471709376,1.948897693804265,1.3582809612248405,1.4026815548682632,1.733799034848591,1.5451351605499903,1.614557836041827,1.5613278694806514,1.598001460448345,1.7304443136326808,1.5111042035271605,1.2554891370190657,1.471681795068023,1.333432765831187,1.4772964964219697,1.1943034138891124,1.1169746284271174,0.6727696381782569,1.2610504708894255,1.6168156020324964,1.3042184947558333,1.4836790525001984,0.8251678833185858,1.5211184521817342,1.2632124338023367,1.4230500392618113,1.5610319907081236,1.0264211245615917,1.1642220470913045,0.7020683782212171,2.0221324828099365,0.8548281335095324,0.9333768269648947,1.7053337055604232,1.371516789722607,1.4778338149075365,1.183440563507902,1.2867399286369896,0.2655699481362006,1.4519787637799282,-0.6070552596889631,0.6373612198779687,0.7745027637377647,2.3751076359753114,-0.19661642232890222,-0.04410285688705658,-0.37223782066411254,0.3740145160002827,0.14035337675537096,0.401102547429148,0.23059232909316058,0.5074992482603684,-0.6689692843130727,-0.668281408177468
0.6663749688057459,2.430835247532945,0.31473672917637174,0.23875371766401782,0.5021288031559193,0.7366845912497388,0.24129262679159288,0.448378734896793,0.2839286748938833,0.3785660741604847,0.3237123821412636,0.38178886567423104,0.3723894471216634,0.30912780435910137,0.32168773627759595,0.29836282865964375,0.20104550638165075,0.48202957396928997,-0.050696452623097805,0.4357724965781004,0.4015696773383743,0.27864275334078253,0.19378894309207867,0.27007181039999345,0.31273573512616976,0.5076382697672372,0.34850752582363964,0.18557625715310241,0.39162736522111896,0.15880234169294377,0.25533316899411246,0.3991333037718137,0.09071970958962225,0.36606400253113713,0.16577456985608452,0.384959081795198,0.04180471534728228,0.22797536301031013,0.2932405293822416,0.4344878316538126,0.2806165031442037,0.3478808641588497,0.28058469008049286,0.020608076098347278,0.4759817878583979,-0.0957443998998288,0.6612653427440921,0.17403881727205567,0.9730993302342718,-0.4704651760253604,0.3856352442601341,0.10857163898564445,-0.10825236883018084,0.06760441646339829,-0.07984761717000806,0.009493015535319428,0.19259734303362602,-0.22549705149949525,0.17723740726254694
0.9484617895427421,0.31473672917637174,3.911263067663864,0.6534838860839741,0.3683780406392365,1.048480437341858,0.7225448308169569,1.20189027510565,1.1504170456562344,0.9541345809879891,0.8877429321872908,0.838410043268467,1.0009601782766846,0.7711304563610853,0.8718931134260586,0.7964925592513927,0.9319182996435686,0.9482121229272604,1.115427427667688,0.8420999043036308,0.6676668916096934,0.7399923086193255,0.11987916824275789,0.9620349464510013,0.5692585222483139,0.8361016624163277,1.013063596743314,0.6500564060770726,0.80606253848099,0.6727449723338409,0.6924970625031914,0.7980479546882591,0.799134949019443,0.8286599756728199,0.5838548168579464,0.9672883769292335,0.6198825302021752,0.5299991832615191,1.0717715609499743,0.6857198182761154,0.7548136735647537,0.6647522124534692,0.8320757542512116,0.08226323306650513,0.8475703422728477,-0.0717916850149606,0.891166778535658,0.476883777304827,1.8442951914793126,0.007228004779893721,-0.036681733179079364,0.12296243326788729,0.062457661132682564,-0.2278975631920215,0.07688401605497072,-0.2524132877831899,-0.042439226374474746,0.03514632971946402,-0.07155340774548812
1.2640363992100916,0.23875371766401782,0.6534838860839741,1.3842555056672035,1.2882240329314087,1.0685563943222791,0.8777953166071683,0.8608890531949797,0.7650523629603514,0.9446899527070473,0.8416888973251724,0.863114308949269,0.9521256188431297,0.7918651788273041,0.8194155433905382,0.8493622920583623,0.7850149134528696,0.895090525392498,0.6834847397166495,0.8030521133314243,0.6270583364185381,0.6986255617744552,0.3512679942374779,0.8334268115695713,0.6494783850876406,0.8053556407460747,0.8254918639654604,0.47356376738157274,0.8111554179915036,0.5892460117280074,0.6653159659925927,0.7956564356715946,0.6334224431346946,0.8742307090666868,0.3068991877711286,0.9570744774401022,0.4663566072971794,0.4980444679810358,0.8780974889786731,0.6661082466660074,0.6979864488810589,0.6344658755895027,0.8846003227415913,0.18427122845274416,0.8229087826089005,-0.2268330166803338,0.726369695860931,0.4467030593072001,1.6257314650423926,0.10150789499619796,-0.0908230806845584,0.02009805136357355,0.010673153238194361,-0.05793947907990002,0.0008137894546473767,-0.10408827370481974,-0.4351128367308773,0.1752837346207396,0.13605906818073027
2.175905815137111,0.5021288031559193,0.3683780406392365,1.2882240329314087,2.546999270746411,1.4052045365527739,1.1375090306614841,0.9817024307436839,0.960288375733266,1.2147473049428532,1.0836796691463886,1.12006662814326,1.1510107226700677,1.0676237678068763,1.2086643771018926,1.0895702769090383,0.8963224683553332,1.0704720280380313,0.8795595465320263,1.0420642573501668,0.8260337996650833,0.7560485545427993,0.5187122402401759,0.9894839756511724,0.929951791324997,0.9746489176609908,1.0391584896179045,0.5363334744574834,1.0064006412060449,0.6803191978225233,0.9458900854373604,1.1152177687048492,0.7002557443897578,1.1423128127414441,0.33601652004171173,1.3912708299747334,0.5836154690046417,0.6497100485261862,1.1965800839833447,0.9683664611774899,0.9576924733612227,0.8345239798208659,0.94743706508196,0.2227865143052192,1.043593192153135,-0.45091016590347893,0.7914021968609167,0.6272744031991816,1.918691119248751,-0.09522278916754849,-0.002679800128664769,-0.15028927406853634,0.18329595485105893,0.06512091587797329,0.10927578416552183,0.07976928797836133,0.35510709823737047,-0.5099622777693651,-0.1699612017332438
1.592093471709376,0.7366845912497388,1.048480437341858,1.0685563943222791,1.4052045365527739,1.8388190871318757,0.9123016531007649,1.0701140455058258,1.00850993952488,1.0896091602660247,1.041924703059471,0.9898323107057572,1.1048444755438807,0.9417437596087248,0.9732867391649613,0.9681512488411861,0.9611267167691944,1.0577532653260007,1.0136360582692814,1.0027632086803928,0.7984089097973424,0.790948854919817,0.2914999744278891,0.9503150210588839,0.8046409725929078,1.0008633037137658,1.0580762071755498,0.6285163552609793,0.9309980990001325,0.6205974767498231,0.8322425258327535,1.016297166725572,0.6959383868011582,0.9961165133563703,0.41356954475630314,1.1501864937221407,0.5883826232023602,0.6238463369425318,1.1073768355355584,0.9222008077844559,0.8663922227234101,0.7882179226496869,0.9340900813048699,0.14788817346204233,1.034929983695939,-0.34621879992673843,1.1583206349161912,0.5453475728341739,2.023022579393526,0.4315160500284221,-0.32695177313545665,-0.06595335054755382,-0.1800245369149599,0.05646616269031653,0.057299726730641536,-0.06969683155094766,0.17508289567041843,-0.13903787309312407,-0.21742862760079862
1.948897693804265,0.24129262679159288,0.7225448308169569,0.8777953166071683,1.1375090306614841,0.9123016531007649,1.3784824108906168,0.7393482612965723,0.9571213520912362,0.9996611500443618,0.9401898776559908,0.9810448782936259,0.9577840489992644,0.8333200519369346,0.90133153086006,0.8936704820161517,0.8273338019350427,0.8379285072662062,0.7881333104845859,0.8444904609577882,0.6854082973977185,0.6425216430306661,0.33843333686477806,0.7803381133435152,0.7857144506640135,0.8287310840562263,0.918675518938224,0.5412527082642047,0.749269987116667,0.6650301292594663,0.8123744510598627,0.8725299075504585,0.6225688403655567,0.7981250190508319,0.4431460662311617,1.1677114415423069,0.4741084032544567,0.5349715666977987,0.9923779211550684,0.7478214625938084,0.8601733472598158,0.689831902033443,0.8225604943843606,0.1645824509417506,0.8536606270868642,-0.4072097099386732,0.15253252858397595,0.521941588995413,1.4579054407507779,-0.007914483353079208,-0.08114363476869817,-0.11590953701258956,0.12752302123713216,0.03330584560078911,0.10260624614978556,0.12220923605060445,0.07124767780733997,-0.22672591650093393,-0.27799853100622307
1.3582809612248405,0.448378734896793,1.20189027510565,0.8608890531949797,0.9817024307436839,1.0701140455058258,0.7393482612965723,1.4353493162682436,0.7947713363309775,0.9265111436296045,0.9731137608387964,0.8982846990163026,0.9958471717924234,0.8441222027849272,0.8253920712956865,0.840181355479323,0.8768540539950189,0.8892688795175565,0.8613607431864473,0.9117843755120033,0.6423526856842652,0.6927953519918824,0.23524065762845367,0.8882362550045488,0.6402553385348163,0.8656200445930872,0.9470626226805678,0.4972768379806396,0.8503311738595085,0.5691382865837364,0.7057238040590039,0.8638746577263069,0.6563659565646233,0.9001821713912733,0.44671496693149654,0.9351184915300745,0.5741413098428354,0.5595443010704827,1.0278073198744357,0.7007440266143984,0.7063161302347328,0.6602920168164093,0.7880202889082484,0.10829325867785451,0.8682268703106886,-0.14540146377366714,1.0213298588561632,0.48569397107054413,1.8820762890970286,-0.03460731566777245,-0.07347719046182735,0.11670141073610325,0.09795522792987012,-0.1571690920207663,-0.062421049625235654,-0.2915497176810071,0.08840714580236209,0.11385028910156059,-0.08566354007106074
1.4026815548682632,0.2839286748938833,1.1504170456562344,0.7650523629603514,0.960288375733266,1.00850993952488,0.9571213520912362,0.7947713363309775,1.300827092452058,0.8943160108664776,0.8775347315686732,0.8197286088840247,0.9184079746983765,0.813208042013679,0.7784679515865256,0.8414838163771732,0.8213809993547402,0.8091057696286457,0.8956741098898383,0.8199500251305645,0.673494616769477,0.6568563019808967,0.22979570832583332,0.8074199961985316,0.6412030175585811,0.8822352561276426,0.8622189271238395,0.5782476978980353,0.6123781234335421,0.6091993325480218,0.7436109263737385,0.8372739931659016,0.6839453228104145,0.7495956961017535,0.48590022192884813,1.0352841042582952,0.5632845711186987,0.5286947378186226,0.9184638407046465,0.6547502234902923,0.7563640684595553,0.6732637578360426,0.865385151928135,0.13395783068512557,0.8884800298773169,-0.2443772414530351,0.5235516972277895,0.5028925207203607,1.6037075763354824,-0.017347369777667702,-0.057521682383220106,-0.00679738192041,0.12258577169783363,-0.08784471895039354,0.08006752585786052,0.08912360594528221,0.060250996970785585,-0.10005675222902845,-0.3124156428880341
1.733799034848591,0.3785660741604847,0.9541345809879891,0.9446899527070473,1.2147473049428532,1.0896091602660247,0.9996611500443618,0.9265111436296045,0.8943160108664776,1.4135728202561073,0.9339154686646124,0.9246968786948911,1.0017383397794548,0.8562301661801918,0.9188658048136221,0.8868936249770112,0.8652411072242195,0.8744154782566744,0.8967519182587389,0.8262436285386277,0.6844361833285285,0.7077524731544999,0.3306542906996882,0.8262091920416866,0.7716474762733149,0.8277057427736703,0.967426943412595,0.5399802847353835,0.8703372494644963,0.6930082240988585,0.7803853544690312,0.876966736139308,0.6052806019778154,0.9166799233609,0.48972722439416744,1.1221055046052695,0.48548514400709275,0.5211039159091029,1.024175003324421,0.7855467199941999,0.8232159809656714,0.6940792218449442,0.8314631759120462,0.18024830994400887,0.8712538781268944,-0.2909314106386096,0.6420564530557651,0.47508800341878066,1.6219443896428487,-0.02726400384634108,-0.03845926677245563,-0.18886007222174295,0.15815687315599658,0.028500959565098915,0.07353515635305173,0.07438803848798169,-0.036292810578400954,-0.4367129563382646,0.14397264685975672
1.5451351605499903,0.3237123821412636,0.8877429321872908,0.8416888973251724,1.0836796691463886,1.041924703059471,0.9401898776559908,0.9731137608387964,0.8775347315686732,0.9339154686646124,1.2330778387459596,0.9351408085233714,1.0232049177166607,0.8252364282614835,0.9160010222019789,0.876316085897118,0.8806556898416656,0.8626678954692961,0.8502101245155518,0.9517247859457431,0.7053055649299564,0.6489454886888776,0.21522854505580497,0.8323165217955738,0.6963396077669567,0.7958126597651669,1.0272758407724067,0.5496384530653455,0.756000562637929,0.6477498300720058,0.7893398442248725,0.8529611637436447,0.6475500805042462,0.8409065216960888,0.4551093088854996,1.0067731599739762,0.5515223657734236,0.5784918642157819,1.0651367538159264,0.8039907878718666,0.8752158109959658,0.7053310720531567,0.797128830146573,0.10998950403181952,0.8680448995046797,-0.27083623060862594,0.6264287398047776,0.47994029268938054,1.5304017681717714,0.05369771527070375,-0.08437491327696249,-0.08313010735012454,0.08284194822670675,-0.011899914240510338,-0.005581691760161813,-0.07124799099483861,0.09511872908462793,-0.061226279548035424,-0.19181866023677452
1.614557836041827,0.38178886567423104,0.838410043268467,0.863114308949269,1.12006662814326,0.9898323107057572,0.9810448782936259,0.8982846990163026,0.8197286088840247,0.9246968786948911,0.9351408085233714,1.1929172374523143,0.8836385009692528,0.8220915176278509,0.8614581572352329,0.8650286864654183,0.7877233216286491,0.7843245479217337,0.7553484856476831,0.8425779079074305,0.6501914055924217,0.6012295729613777,0.32640153030698815,0.7754258342570555,0.7183124017017963,0.8428185738488734,0.9288630937897366,0.45565574355460464,0.7579659842268766,0.5511115561509052,0.7732794878588081,0.8493426303561825,0.5860874797266961,0.8327491872064556,0.40138928295264814,1.0933540519399976,0.4782255946541145,0.5284226611738688,0.9376657948410188,0.7252909436016767,0.7506370568429634,0.6625065607567264,0.7728481792550679,0.10989290433330798,0.9055664428355785,-0.3289437571678764,0.5820418432911187,0.527321241326464,1.6365828746564262,-0.07872484471210194,-0.050554281756775746,-0.08117469330217778,0.17126463633929295,-0.012210430989450903,0.032693133983437345,-0.0011957988315182979,0.031013172484592996,-0.09333574202674631,-0.19782686136777355
1.5613278694806514,0.3723894471216634,1.0009601782766846,0.9521256188431297,1.1510107226700677,1.1048444755438807,0.9577840489992644,0.9958471717924234,0.9184079746983765,1.0017383397794548,1.0232049177166607,0.8836385009692528,1.2952564766693009,0.8886786362098865,0.7417743906372207,0.9379122346398131,0.9001892315716223,0.94869701587077,0.9121234901032188,0.9028878905061156,0.7010341163388456,0.8949599695260081,0.23999712437481158,0.9366761572742865,0.7262462598087347,0.8082875230077683,1.0336127220592926,0.5923645776625353,0.9019205340155011,0.6928492644229797,0.7507564459744407,0.9194833513765485,0.733557188133431,0.9180819102823216,0.44759603473626297,1.0035724080576347,0.5765564993748347,0.5656720752808576,1.044742071777042,0.7109145452818973,0.8171816801868167,0.7034301169253182,0.8989728005046987,0.1723441505727733,0.8100560126783708,-0.11137170413588739,0.7835446645500546,0.3858551063323774,1.7781484310204474,0.17880561527865768,-0.06921685270672365,-0.018044053801704627,-0.02390282669893931,-0.11452988393146157,-0.01649087275285276,-0.1652904984739515,-0.04526751157266239,-0.14569300133426435,0.14221472848460398
1.598001460448345,0.30912780435910137,0.7711304563610853,0.7918651788273041,1.0676237678068763,0.9417437596087248,0.8333200519369346,0.8441222027849272,0.813208042013679,0.8562301661801918,0.8252364282614835,0.8220915176278509,0.8886786362098865,1.0851910518727899,0.9436308736943586,0.9014623498788175,0.7714786350263222,0.7662042845092522,0.782303012012791,0.8675618097202613,0.6880064988945032,0.6430268884070537,0.31587428014905533,0.9032898184666168,0.7130493516050058,0.7542694799107423,0.7086474983997644,0.5300589579113001,0.7497383805945528,0.6575608508683013,0.7092739227500676,0.9799376410042583,0.6423340273835957,0.8541886999900695,0.4473711728403129,1.083554196980457,0.5563502191685964,0.5413958989329757,0.8431895566174312,0.6415314636926346,0.7483402018416969,0.6909887115336671,0.8805369884090706,0.1718038658168937,0.8951249629756469,-0.3089314328244714,0.7487858803175673,0.5056493926393304,1.6625193587293137,0.04878363661880868,-0.08944585768417568,-0.12137602216354605,0.13556273791036152,-0.017513014873089643,0.10299044620900444,-0.07795070387362803,0.1955272264433366,-0.1354647844478702,-0.18731722917403623
1.7304443136326808,0.32168773627759595,0.8718931134260586,0.8194155433905382,1.2086643771018926,0.9732867391649613,0.90133153086006,0.8253920712956865,0.7784679515865256,0.9188658048136221,0.9160010222019789,0.8614581572352329,0.7417743906372207,0.9436308736943586,1.7537713165596243,0.8033305599689409,0.7565719688677376,0.8130460780081084,0.8616813827942547,0.9704961707490701,0.7072611963604987,0.28050862625413436,0.27497605432879485,0.8636377999141502,0.7170545624732216,0.6203872211317399,0.7495657989246947,0.5599102043874774,0.6712426618620797,0.6797580274523758,0.8067030582758689,0.86293982563502,0.6987777880931608,0.8253411876823661,0.42274780484211505,1.1738489244346537,0.6450770511526133,0.5756331652816111,1.0026674508827134,0.7327986655574021,0.901972057050169,0.7049844805381884,0.7139552104251646,0.11489923429635122,0.8012278971963782,-0.4386562764391008,0.386721688042231,0.7029864435150757,1.2212841985937715,-0.1371550068510946,-0.08667271720586574,0.06721568043482636,0.19922706645598903,-0.09005393271741922,0.20471063107266543,0.03688046844500304,0.27963828396693935,-0.18255286097215215,-0.4379126045127097
1.5111042035271605,0.29836282865964375,0.7964925592513927,0.8493622920583623,1.0895702769090383,0.9681512488411861,0.8936704820161517,0.840181355479323,0.8414838163771732,0.8868936249770112,0.876316085897118,0.8650286864654183,0.9379122346398131,0.9014623498788175,0.8033305599689409,1.144886678148187,0.795028410492973,0.7956817814506307,0.8077277437326784,0.8235600256811295,0.6564511206176693,0.6713370498121354,0.258505553892387,0.8475680953879124,0.6367540389909331,0.7053434700539628,0.865641499099495,0.5207951069347522,0.6917191367837773,0.6393833311191186,0.7121159854832864,0.872055561112055,0.6125791049184248,0.8443381350624715,0.4665531701347466,1.0038797613018406,0.5411142632851624,0.5180021893001523,0.9338948400372032,0.6893803115209067,0.7555186666757678,0.6715021241342075,0.8585217862461543,0.1541871746370034,0.87089949102269,-0.24667928000162603,0.6917527426276427,0.4505448273195389,1.5551719870149365,-0.01794467937896621,-0.09436583964314546,-0.05855008587472524,0.15192528111702777,-0.03375796731431191,0.05334005120113887,-0.06960701630072451,0.01829840944976905,-0.09425691154437237,-0.08019325411618454
1.2554891370190657,0.20104550638165075,0.9319182996435686,0.7850149134528696,0.8963224683553332,0.9611267167691944,0.8273338019350427,0.8768540539950189,0.8213809993547402,0.8652411072242195,0.8806556898416656,0.7877233216286491,0.9001892315716223,0.7714786350263222,0.7565719688677376,0.795028410492973,1.1840045760229687,0.7340614824909892,0.8476443018484959,0.8389205899311144,0.6869955740304811,0.6690404001049088,0.18692534651221673,0.7699550257716933,0.6940194778447822,0.7499126056952092,0.9397288260739177,0.6665485296984268,0.6821294887655804,0.58345679602111,0.7432505254346815,0.7777482949505992,0.6303973794295629,0.797435722997047,0.499665812972959,1.030675871252815,0.6435295479605357,0.5501815154642576,0.9153347369901134,0.6211905067343213,0.7540377485681851,0.6860336577156303,0.8266706432495038,0.10852847281216438,0.9912300897677239,-0.20475740518313537,0.740223128005443,0.43467033245773834,1.4115183091610728,0.33795709636844634,-0.13721204251697583,-0.06559026831732781,-0.15498941025089288,-0.04352375705350675,-0.09954795172661295,-0.07784288848981054,-0.0498124782454206,0.01906819759756353,-0.2072189055654181
1.471681795068023,0.48202957396928997,0.9482121229272604,0.895090525392498,1.0704720280380313,1.0577532653260007,0.8379285072662062,0.8892688795175565,0.8091057696286457,0.8744154782566744,0.8626678954692961,0.7843245479217337,0.94869701587077,0.7662042845092522,0.8130460780081084,0.7956817814506307,0.7340614824909892,1.5783224735951458,0.9185313278360207,0.7095835095003523,0.6626744594751816,0.6561927862470107,0.2706479124702651,0.8697296799835281,0.6542790448836732,0.6701188702596501,0.9023649693390773,0.5954615468319004,0.7482815180704946,0.5989052307827368,0.6951478356801092,0.804952474703306,0.6809416774235499,0.838312438843632,0.3528366204724507,1.0395924582780092,0.43088165966230746,0.44504484842169345,0.9280468786815382,0.7197843426379287,0.7500529756940292,0.6287507746481662,0.8028363420182446,0.12461036267083381,0.7296012986247916,-0.18446074744314675,0.6155468925904158,0.4271628169970053,1.3952864113156636,0.1931562031572166,0.08868166429603282,-0.041891604126969295,-0.2579567177791697,-0.07774826701621479,0.10608067850402177,-0.11715160249114469,0.02886607985879673,-0.06656723150543978,-0.06991849808144075
1.333432765831187,-0.050696452623097805,1.115427427667688,0.6834847397166495,0.8795595465320263,1.0136360582692814,0.7881333104845859,0.8613607431864473,0.8956741098898383,0.8967519182587389,0.8502101245155518,0.7553484856476831,0.9121234901032188,0.782303012012791,0.8616813827942547,0.8077277437326784,0.8476443018484959,0.9185313278360207,2.0109496943704572,0.6171527053643918,0.7068414002415082,0.6679994349393032,-0.02027334928772145,0.8990645861940311,0.6177086440945012,0.4706392460691524,0.9596223778074067,0.734461548132526,0.6220888192832517,0.7199469309176256,0.7453026032245328,0.7765633514400098,0.9537709737953379,0.7261978018694962,0.31616040849051685,1.0337883431729267,0.8083260981801573,0.4743028543586045,1.1529939613418536,0.7431003481772768,0.8778090664321349,0.655565703405686,0.8522648204760008,0.10259760554131274,0.6760324352142809,-0.27012756009400624,0.2161194239088958,0.553723400011328,1.118669333594765,0.6668571394946735,-0.20061999012161078,-0.007763015815090475,-0.30153792298710524,-0.17252911978638105,0.15373606556537447,-0.04923258384544076,0.10470113512778781,-0.03791056835120213,-0.22751953399528366
1.4772964964219697,0.4357724965781004,0.8420999043036308,0.8030521133314243,1.0420642573501668,1.0027632086803928,0.8444904609577882,0.9117843755120033,0.8199500251305645,0.8262436285386277,0.9517247859457431,0.8425779079074305,0.9028878905061156,0.8675618097202613,0.9704961707490701,0.8235600256811295,0.8389205899311144,0.7095835095003523,0.6171527053643918,1.9189718502899324,0.6827775672763365,0.4865391460656904,0.14975655323427742,0.9476955232965442,0.7783510434775964,0.5724093770437659,0.8708990359237407,0.5540226633914774,0.7462230614664455,0.9925582396178543,0.940801248333266,0.8109356722821305,0.7783738052145397,0.7783616770164568,0.4611703178568575,0.9973700113443714,1.1340628822473497,1.0099066695000736,1.2508411992104311,0.9271430295154582,1.2798508189447086,0.7628259188594073,0.8734809918274575,0.11575091934616191,1.0146372409818871,-0.3756391625236423,0.4284587085296164,0.6764256192977539,1.548977037679723,-0.17058369143373814,-0.1328136051019931,-0.05407748621843181,0.36401031882679535,-0.07824557036982538,0.12998289223259218,-0.11404930539876362,0.1682283897346987,-0.042895414171825325,-0.2782497028857033
1.1943034138891124,0.4015696773383743,0.6676668916096934,0.6270583364185381,0.8260337996650833,0.7984089097973424,0.6854082973977185,0.6423526856842652,0.673494616769477,0.6844361833285285,0.7053055649299564,0.6501914055924217,0.7010341163388456,0.6880064988945032,0.7072611963604987,0.6564511206176693,0.6869955740304811,0.6626744594751816,0.7068414002415082,0.6827775672763365,0.8762673138279868,0.5621172555411111,0.31112992189879674,0.6646798391212333,0.5856550543453838,0.6651393744669488,0.6904797720580362,0.48446044694008333,0.535230885898154,0.5894854069622737,0.6275178611307091,0.6955550411244263,0.5451808702729346,0.6687176134427838,0.3474389855729407,0.9661447543099029,0.5228546677220117,0.4563779681032432,0.7118411800077864,0.639481495773551,0.7462874854137285,0.7491198329475415,0.7894849126785123,0.12001760678389005,0.8455770184604847,-0.29880241985920103,0.55741464548507,0.4667560128150241,1.2658709150823702,0.07414583313782494,-0.008470851435084243,-0.09656148499052626,-0.012362077132293498,-0.00886642003189285,0.09837769665542112,-0.014296293306432457,0.04697417141036272,-0.08019013892025738,-0.11014370502942356
1.1169746284271174,0.27864275334078253,0.7399923086193255,0.6986255617744552,0.7560485545427993,0.790948854919817,0.6425216430306661,0.6927953519918824,0.6568563019808967,0.7077524731544999,0.6489454886888776,0.6012295729613777,0.8949599695260081,0.6430268884070537,0.28050862625413436,0.6713370498121354,0.6690404001049088,0.6561927862470107,0.6679994349393032,0.4865391460656904,0.5621172555411111,1.612972083771455,0.4892029860132071,0.7431745631934338,0.7148512827265103,0.6055343765810893,0.7531089997977173,0.3740992099844526,1.1002591413215772,0.7566779484138253,0.4509988461131877,0.6955381904263641,0.5624716108069163,0.7535706702976547,0.3221944319370807,0.7119238470426623,0.41681617644076446,0.3600570155896501,0.7442536854868053,0.4176165627788337,0.48948913674705585,0.5274222066323256,1.070946572356955,0.30213489581224223,0.7465610527900163,0.40316542733218946,1.0423768276550192,-0.23478361859271124,1.6455254320621229,0.10710735554387206,0.036201912155974916,-0.13129602186599723,0.026850112207013995,-0.09025677107790664,-0.049187468128054614,-0.13107831873393655,-0.2691939790887251,0.05772462476247139,0.18006812021674745
0.6727696381782569,0.19378894309207867,0.11987916824275789,0.3512679942374779,0.5187122402401759,0.2914999744278891,0.33843333686477806,0.23524065762845367,0.22979570832583332,0.3306542906996882,0.21522854505580497,0.32640153030698815,0.23999712437481158,0.31587428014905533,0.27497605432879485,0.258505553892387,0.18692534651221673,0.2706479124702651,-0.02027334928772145,0.14975655323427742,0.31112992189879674,0.4892029860132071,1.6987266817476918,0.4010743240952016,0.5402791136172835,0.14022199850738734,0.14848023181019337,-0.16893558694953195,0.6677360492653325,0.4035931442741716,0.38273464821889697,0.3210290974375715,0.22798200281931813,0.5616316574513364,-0.2397666844157326,1.2274074900037582,0.3546902978001005,0.1653744227016816,0.5240321661954875,0.3649807808707483,0.2096582180088511,0.3023146652134358,0.4636900110023126,0.475299164895799,0.38311011523770094,-0.20776848078722165,0.24894005612264375,0.3603303444494461,0.7496555829362384,-0.5808866750043857,0.2279604964349716,-0.0950382968739803,0.3451398177801245,-0.01026351240524592,0.015897081121693055,-0.03028897409870352,0.016651936610687243,-0.18021938556831,0.07323959585943819
1.2610504708894255,0.27007181039999345,0.9620349464510013,0.8334268115695713,0.9894839756511724,0.9503150210588839,0.7803381133435152,0.8882362550045488,0.8074199961985316,0.8262091920416866,0.8323165217955738,0.7754258342570555,0.9366761572742865,0.9032898184666168,0.8636377999141502,0.8475680953879124,0.7699550257716933,0.8697296799835281,0.8990645861940311,0.9476955232965442,0.6646798391212333,0.7431745631934338,0.4010743240952016,1.524579306532294,0.5827116680136156,0.5128413308539176,0.7457956832598913,0.6300976023264351,0.8488085470988891,0.9157420873954539,0.7044659071219846,0.9309372429213741,1.0013064077144058,0.974624066710404,0.427268221760056,1.1623263271532545,0.6529905702338499,0.5766104180725707,1.0516753705987982,0.7814330019239647,0.9270359851091302,0.6835607635323213,0.957879248443787,0.2476823179878431,0.6474291372925959,-0.25334204400220517,0.749875141681096,0.5655117879850947,1.9310710493113608,0.028233624950554512,-0.07498503652289663,0.018793408460657354,0.09911595041862604,-0.15943652140757594,0.14669550386813038,-0.3254073022802444,0.12974986762659102,0.027204076287852062,-0.019004499906644205
1.6168156020324964,0.31273573512616976,0.5692585222483139,0.6494783850876406,0.929951791324997,0.8046409725929078,0.7857144506640135,0.6402553385348163,0.6412030175585811,0.7716474762733149,0.6963396077669567,0.7183124017017963,0.7262462598087347,0.7130493516050058,0.7170545624732216,0.6367540389909331,0.6940194778447822,0.6542790448836732,0.6177086440945012,0.7783510434775964,0.5856550543453838,0.7148512827265103,0.5402791136172835,0.5827116680136156,2.122154461316519,0.6687751200374656,0.7345582835781594,0.3864643787830653,1.6155664571057309,0.8810850322889825,0.7678178784921866,0.7017818567697958,0.2811376441927165,0.8705519953913107,0.5998637609576586,1.0581365327851882,0.7089356162850677,0.5061837599221701,0.8128888859432334,0.3968282582273775,0.6997034827744534,0.5777544313039508,0.6593315542014445,0.26613631342923205,0.8967919594139181,0.13189720099902882,0.6862226491059791,0.04387582826557548,0.437509672975661,-0.3573482156140462,0.21334957138213995,-0.10952814263842375,0.25942284457263615,-0.008266197788971388,0.06947899166917745,0.085410359028477,0.1098347165317155,-0.22995780353718295,-0.27851560848876594
1.3042184947558333,0.5076382697672372,0.8361016624163277,0.8053556407460747,0.9746489176609908,1.0008633037137658,0.8287310840562263,0.8656200445930872,0.8822352561276426,0.8277057427736703,0.7958126597651669,0.8428185738488734,0.8082875230077683,0.7542694799107423,0.6203872211317399,0.7053434700539628,0.7499126056952092,0.6701188702596501,0.4706392460691524,0.5724093770437659,0.6651393744669488,0.6055343765810893,0.14022199850738734,0.5128413308539176,0.6687751200374656,2.2284049500235317,0.5527759371726269,0.5689774661869849,0.4590611146912214,0.008870580529479578,0.5112550569287739,0.8382072011756011,0.3922771145039415,0.5971066066331842,0.5396739877017172,0.9130723837339334,0.45465623795824384,0.40476534695906125,-0.31645814658441923,0.2769510411470492,0.26313082316393344,0.6896236426872352,1.1295054342649062,0.02421086706395875,1.3612065449323034,-0.48581691958396556,0.9643701549075056,0.7019992412186226,2.5481072584647473,0.12352954626565237,-0.009391427562852939,-0.035709994832195606,-0.17442631722963794,0.05309385752260481,-0.011804906844892295,0.08679706307904306,-0.15789571412900744,0.060178342788926927,-0.12335900790617449
1.4836790525001984,0.34850752582363964,1.013063596743314,0.8254918639654604,1.0391584896179045,1.0580762071755498,0.918675518938224,0.9470626226805678,0.8622189271238395,0.967426943412595,1.0272758407724067,0.9288630937897366,1.0336127220592926,0.7086474983997644,0.7495657989246947,0.865641499099495,0.9397288260739177,0.9023649693390773,0.9596223778074067,0.8708990359237407,0.6904797720580362,0.7531089997977173,0.14848023181019337,0.7457956832598913,0.7345582835781594,0.5527759371726269,2.5900623648791905,0.6780374911140813,0.5861859589020876,0.8435630936528864,1.047766396504212,0.7814903002226403,0.6942067846865512,0.8581232273385033,0.5274867428581337,1.1681695265625087,0.3133764083987537,0.5879133966534548,1.2786301837844694,1.3261259159430574,1.1965573832698704,0.6940842293968119,0.8709232313071805,-0.0666517823080543,0.9944014361194322,-0.1297451903544846,0.7798275076773021,0.419838685628747,1.8514169880721396,0.14912225518561792,-0.10947396269379213,-0.11110387708096128,-0.01056971624147544,0.031298106613266256,-0.018169432774980794,-0.039470423060789024,0.00675432920810212,-0.15829578797162772,0.01522410872718
0.8251678833185858,0.18557625715310241,0.6500564060770726,0.47356376738157274,0.5363334744574834,0.6285163552609793,0.5412527082642047,0.4972768379806396,0.5782476978980353,0.5399802847353835,0.5496384530653455,0.45565574355460464,0.5923645776625353,0.5300589579113001,0.5599102043874774,0.5207951069347522,0.6665485296984268,0.5954615468319004,0.734461548132526,0.5540226633914774,0.48446044694008333,0.3740992099844526,-0.16893558694953195,0.6300976023264351,0.3864643787830653,0.5689774661869849,0.6780374911140813,1.3201300046781477,0.16589029939561303,0.578789155996079,0.5930221453199193,0.5875064212109974,0.7347868688346906,0.44880475690002264,0.8007081851534001,1.0032606397570156,0.3314018746855815,0.36538514708166636,0.4933569313077038,0.6069093384315298,0.6371900652691559,0.4733399512863134,0.7971757075686681,0.18336159789352083,0.5972663835883868,-0.2701345540850141,0.2947042181142813,0.4865796725293402,0.9109894766537137,0.5989729787631767,-0.08074536900475818,0.27776389533490864,-0.7892415897471243,-0.03354556543578022,0.2881862717289257,-0.020305519587385638,0.08140752404248298,-0.06156436761577542,-0.08680881701815928
1.5211184521817342,0.39162736522111896,0.80606253848099,0.8111554179915036,1.0064006412060449,0.9309980990001325,0.749269987116667,0.8503311738595085,0.6123781234335421,0.8703372494644963,0.756000562637929,0.7579659842268766,0.9019205340155011,0.7497383805945528,0.6712426618620797,0.6917191367837773,0.6821294887655804,0.7482815180704946,0.6220888192832517,0.7462230614664455,0.535230885898154,1.1002591413215772,0.6677360492653325,0.8488085470988891,1.6155664571057309,0.4590611146912214,0.5861859589020876,0.16589029939561303,4.339369050661371,1.3550615323434683,0.5377847594355747,0.800080407817069,-0.011986462602832164,1.5156110379528933,0.6171100415688264,1.0072531141467231,0.8738139356898681,0.3767726925042225,1.2732021444557826,0.4855626305305171,0.7405462192373676,0.5095200309759962,0.16320293754488424,0.2219261595258224,0.5548114678657984,0.3831169194202901,1.441347317541124,-0.22821477354283845,1.8727904442197523,-0.25691969168361106,0.18884703604279068,-0.07506226933129967,0.20303115809345915,-0.04215691848816963,-0.13808685882045676,-0.3607614923483409,-0.005402571440014873,-0.18965043432941248,0.2551353075845611
1.2632124338023367,0.15880234169294377,0.6727449723338409,0.5892460117280074,0.6803191978225233,0.6205974767498231,0.6650301292594663,0.5691382865837364,0.6091993325480218,0.6930082240988585,0.6477498300720058,0.5511115561509052,0.6928492644229797,0.6575608508683013,0.6797580274523758,0.6393833311191186,0.58345679602111,0.5989052307827368,0.7199469309176256,0.9925582396178543,0.5894854069622737,0.7566779484138253,0.4035931442741716,0.9157420873954539,0.8810850322889825,0.008870580529479578,0.8435630936528864,0.578789155996079,1.3550615323434683,2.7950144948568836,0.7408215659310263,0.5683742516410192,0.6444519451453323,0.5956528909398442,1.0197411375950398,0.7995938782573888,0.4174261872799724,0.5675041069858773,1.5728119780667837,1.584404848850466,1.5383476272053114,0.6119448378893482,1.3886668547213459,0.5456087175940352,0.8013593047100241,-0.013293892464449751,0.6890606074893301,0.17391989878779587,1.0312601320014319,-0.2618521724418939,0.11687644620377419,-0.47851589254099763,0.547614316214879,-0.0019036738288082252,0.4248892305380758,-0.05629643726678318,-0.15973740574875248,0.2991838371115425,-0.3558584775578782
1.4230500392618113,0.25533316899411246,0.6924970625031914,0.6653159659925927,0.9458900854373604,0.8322425258327535,0.8123744510598627,0.7057238040590039,0.7436109263737385,0.7803853544690312,0.7893398442248725,0.7732794878588081,0.7507564459744407,0.7092739227500676,0.8067030582758689,0.7121159854832864,0.7432505254346815,0.6951478356801092,0.7453026032245328,0.940801248333266,0.6275178611307091,0.4509988461131877,0.38273464821889697,0.7044659071219846,0.7678178784921866,0.5112550569287739,1.047766396504212,0.5930221453199193,0.5377847594355747,0.7408215659310263,1.4615019379362406,0.717461866126405,0.7131159154667224,0.7401641792801099,0.45008868032105626,1.386600306656849,0.6389361811492029,0.6667663091748579,1.0947539381145677,0.8931715551459369,1.0267625402107285,0.6532668817413586,0.750667183348692,0.20851158671892925,0.8537079497617783,-0.3563594398691388,0.2910608140577048,0.5785231746687397,0.8287787663915585,0.009442648049523735,-0.04999237707056514,-0.15195711742355483,0.1790390000108262,-0.04326682112836874,0.1531675135765326,0.06169142186782064,0.19797292377935005,-0.24742747527720807,-0.2698704335896252
1.5610319907081236,0.3991333037718137,0.7980479546882591,0.7956564356715946,1.1152177687048492,1.016297166725572,0.8725299075504585,0.8638746577263069,0.8372739931659016,0.876966736139308,0.8529611637436447,0.8493426303561825,0.9194833513765485,0.9799376410042583,0.86293982563502,0.872055561112055,0.7777482949505992,0.804952474703306,0.7765633514400098,0.8109356722821305,0.6955550411244263,0.6955381904263641,0.3210290974375715,0.9309372429213741,0.7017818567697958,0.8382072011756011,0.7814903002226403,0.5875064212109974,0.800080407817069,0.5683742516410192,0.717461866126405,1.1558946318093533,0.6187754451838939,0.9106247448022003,0.4008312870739538,1.1129066936789425,0.412136945923552,0.5257887708255475,0.8242391218936919,0.6640995658440685,0.7292142892154274,0.6901389432945803,0.8325945144311411,0.1612226747020179,0.865071872044821,-0.31412886734493134,0.7326581584084743,0.4792451390281043,1.723593808067176,0.16242601929430964,-0.05451890965365679,0.025704380271223966,-0.19606021815145247,0.01237180761507985,0.11570284358515041,-0.09597987128363249,0.3519874842171647,-0.2592295074963664,-0.19305931171377352
1.0264211245615917,0.09071970958962225,0.799134949019443,0.6334224431346946,0.7002557443897578,0.6959383868011582,0.6225688403655567,0.6563659565646233,0.6839453228104145,0.6052806019778154,0.6475500805042462,0.5860874797266961,0.733557188133431,0.6423340273835957,0.6987777880931608,0.6125791049184248,0.6303973794295629,0.6809416774235499,0.9537709737953379,0.7783738052145397,0.5451808702729346,0.5624716108069163,0.22798200281931813,1.0013064077144058,0.2811376441927165,0.3922771145039415,0.6942067846865512,0.7347868688346906,-0.011986462602832164,0.6444519451453323,0.7131159154667224,0.6187754451838939,1.9919261978371485,0.21136140119420777,-0.2572780351847668,0.9628690167241356,0.911491470971535,0.5270214243387219,0.7723405463789104,0.6852208945720332,0.9264205776684183,0.5782937527586557,1.0728874783471336,0.18622246828946337,0.19957731723912905,-0.29551823871491184,0.18210409861850427,0.6565952423153276,1.3197734712741755,0.15835622889391388,-0.11506845867102256,0.0389769567338905,0.0633698430974493,-0.25709019723032395,0.29189046458707335,-0.16955462367117152,-0.055425748294171996,0.09514700600934213,-0.01014986818138493
1.1642220470913045,0.36606400253113713,0.8286599756728199,0.8742307090666868,1.1423128127414441,0.9961165133563703,0.7981250190508319,0.9001821713912733,0.7495956961017535,0.9166799233609,0.8409065216960888,0.8327491872064556,0.9180819102823216,0.8541886999900695,0.8253411876823661,0.8443381350624715,0.797435722997047,0.838312438843632,0.7261978018694962,0.7783616770164568,0.6687176134427838,0.7535706702976547,0.5616316574513364,0.974624066710404,0.8705519953913107,0.5971066066331842,0.8581232273385033,0.44880475690002264,1.5156110379528933,0.5956528909398442,0.7401641792801099,0.9106247448022003,0.21136140119420777,2.236635924334813,0.7682411212650996,1.1720199178399637,0.6118143288164414,0.4389480044781302,1.1319276688331894,0.3479899391650879,0.6854930222296072,0.6674606033500708,0.9112439222855193,0.3673439585108493,0.9727318760784479,-0.12356686678037666,1.1392616512460878,0.38718189772008305,1.4357368897636607,-0.14884717889177856,0.008322299034114574,0.013802193929709845,0.17733912281848935,-0.12565006923655092,-0.07738632468680887,-0.19104885524448928,0.09294258462507955,-0.15942524290657484,0.040887273918986854
0.7020683782212171,0.16577456985608452,0.5838548168579464,0.3068991877711286,0.33601652004171173,0.41356954475630314,0.4431460662311617,0.44671496693149654,0.48590022192884813,0.48972722439416744,0.4551093088854996,0.40138928295264814,0.44759603473626297,0.4473711728403129,0.42274780484211505,0.4665531701347466,0.499665812972959,0.3528366204724507,0.31616040849051685,0.4611703178568575,0.3474389855729407,0.3221944319370807,-0.2397666844157326,0.427268221760056,0.5998637609576586,0.5396739877017172,0.5274867428581337,0.8007081851534001,0.6171100415688264,1.0197411375950398,0.45008868032105626,0.4008312870739538,-0.2572780351847668,0.7682411212650996,2.605527437500342,0.44344410948658247,-0.0819041950097452,0.2281024505017538,0.47480596894377375,0.17866736249791407,0.3542222965148166,0.3406303881220211,0.5111988910790051,0.19970368855465206,0.7913598610585972,0.24381026928778254,0.9020933178704927,0.0647615393562736,0.4737968796803413,-0.35390451676100676,-0.019072939929542832,-0.09165040909882316,0.43102282332675873,-0.03473882631845184,0.09333949858836804,0.07438935892617607,-0.01866759886677062,0.010904469040377106,-0.2646799033080716
