obj_vals,opt_results,opt_runtime,param_1,param_2,param_3,param_4,param_5
0.06779157477828268,1,81.494759323,362.8501217139298,109.10561169963745,86.59447031167328,19.3062110418669,95.1154481335815
