3.829161818506603,1.4818695386845497,2.0484237388743196,0.2600418776173194,1.524892431725281,0.5583920441122222,1.1704469138774667,1.2658173030016897,1.0134783305749804,0.8378061502744761,0.8560573816304897,0.8185955566909277,1.017628787172697,0.9527304409415459,0.8643821787942633,0.9159073051035074,0.644719347063415,1.1214264150442752,1.018454334575357,0.3736817209739396,0.7727856350083162,1.0482253274035003,0.06996304157113135,0.5299503647016595,0.8548270162052273,0.9749365686059465,0.620870278646532,0.53134447517237,1.0903571978747193,0.6264545321019145,0.536788093589039,0.8803788664489334,0.5554097861203395,0.21475225637523257,0.6606753781128472,0.5278058143788757,0.2732705387241478,0.6605094520611515,0.7024294402896013,0.6417122884212778,0.40908348454030463,0.734250230226975,0.9404803862336268,0.20325489596483937,0.8168550773145044,0.5578363781203339,0.9584339972055171,-0.21117528377046318,0.7610406266352667
1.4818695386845497,4.130763071125972,2.136278060635603,0.5407691445535281,0.6157056628396365,0.6760286585072373,0.5664128870970925,0.8316627390276828,0.8404086078491895,0.7509365557844624,0.7304013894452985,0.6985330174108588,0.7795900275884258,0.6356417533843505,0.7173297293279234,0.6398341099699627,0.6455502982874465,1.0895236168421945,0.707701739595479,0.7801377243790034,0.5851638327025926,0.7474722092935521,-0.18233420928869198,0.5037815356057637,0.5901179407762195,0.7917108674540438,0.6486488261883,0.6123541763360644,1.4048952963512509,0.489997032111143,0.4219162921047353,0.6062721957563098,0.47246909848324126,0.6135098728383598,0.754963367156305,0.45650144908951745,0.9982435474806548,0.34348940023530294,0.5695828452604966,0.6007832882635197,0.3515203165994838,0.590683690579814,0.572552706958458,0.0699586427193496,0.6791107200326237,0.41436788877914066,0.8294707619978017,-0.17549441646150923,0.5422037760593648
2.0484237388743196,2.136278060635603,4.044222427916534,0.5541673841153145,0.5690247500678381,0.7467867038271603,0.6681840561473408,1.0674773785476988,1.230047186244206,0.9705378883218021,0.8348990475618722,0.7880508513775125,0.9123322073602268,0.7651560107740548,0.8630772356905008,0.7054328013216631,0.7688176823214397,1.042437969770869,0.7748562766531576,0.7036012477282668,0.835371808722617,0.9305017724625074,0.004452798610667878,0.591193351729016,0.6996798457235297,0.8945210473917227,0.7020346645603143,0.6537475236611694,1.3231536089316407,0.561644854011137,0.5259314897890711,0.7366040433044038,0.48400820401669764,0.9010021502216674,1.0086472770166954,0.6711879363637967,0.5905383504540734,0.1704503664491023,0.8788647173370586,0.6325784658457201,0.587370598055587,0.8590683206305457,0.7950479221418976,0.09330843143430131,0.8617261916578884,0.43959653196640475,1.0730112653157144,-0.19946455365808402,0.6488359050176294
0.2600418776173194,0.5407691445535281,0.5541673841153145,2.944125383302997,0.6362023476247719,0.6652931212332974,0.8302293405719445,0.7071611544099793,0.4413222957727734,0.5110011993422475,0.6823561586091351,0.782540172213328,0.7036682637940155,0.7795013621871407,0.5473236158137889,0.7941533356620509,0.6563855731056866,0.4939553069285799,0.6356449132653818,0.5597546874988244,0.49045080170929534,0.6331672819475394,0.007460727984967195,0.49391738180099654,0.5445099571135285,0.7297509742851186,0.5572678195856752,0.3212771083596896,0.5710423062481415,0.2154424680280275,0.3686581357563756,0.742611452396507,0.4699063948760311,0.7741575407408595,0.08429545223566873,0.43990662866837565,0.4558306338188137,0.3103351351671296,0.47585030987248766,0.30785729589653504,0.28001821055390225,0.48265353785726434,0.6546207339466457,0.14180056576988592,0.49468477988430665,0.3242574404974165,0.5936423092396174,-0.1391972927118432,0.24995802333682127
1.524892431725281,0.6157056628396365,0.5690247500678381,0.6362023476247719,2.346953609311859,0.1330541432204804,0.8163304507285916,0.978234855083118,0.5252635154412794,0.616265461018778,0.6290081361676454,0.6267383287061818,0.7285274432702878,0.5892983434450617,0.6106655382004136,0.705443262237166,0.4882052678537408,0.7447525671723689,1.075514251917634,0.08221031997327463,0.3170943651878131,0.6416602506016337,0.08640732841236183,0.40659453105168963,0.5748584266474749,0.6970095128848559,0.38871454086312024,0.2721616708238793,0.4662862845118973,0.4292597081106569,0.3882094210355574,0.5758024448504272,0.5330176669072109,0.3490304739302967,0.04755095379225599,0.5679228053905727,0.2416371984679766,0.1617127511145341,0.44515500249701084,0.22761839902855802,0.3163922429665355,0.2998998919469044,0.4981235008903186,0.05812398289875523,0.27308975608824293,0.37476346057451443,0.3926579886590631,-0.16049021038704306,0.4070588732950358
0.5583920441122222,0.6760286585072373,0.7467867038271603,0.6652931212332974,0.1330541432204804,1.6621912069203988,0.13099292694744363,0.6833029716942717,0.672131315432508,0.5782904930834644,0.7569545489245225,0.6967271381871857,0.6227124547282832,0.6429980250808618,0.5796816898644522,0.5861490237242314,0.7355549069517295,0.574850982969561,0.8768876576347299,0.8310020390651793,0.793457491957585,0.7043150144887126,-0.11312604821650644,0.5083170544323147,0.5177039016522166,0.6916891506610915,0.5053291501590781,0.46808630826595005,0.7888359492319355,0.12910456288435768,0.3817392439471117,0.6604210544304371,0.3121939134341874,0.7217518289151414,0.7291326593120804,0.0822635982368012,0.4862680123617076,0.6335032427849997,0.6431585395750761,0.5828802207595818,0.27876646685014894,0.7733456433571231,0.9104197858477519,0.17420282441916204,0.969460947679102,0.33033231204000235,1.1334395175660286,-0.08438635943809539,0.5216042358608523
1.1704469138774667,0.5664128870970925,0.6681840561473408,0.8302293405719445,0.8163304507285916,0.13099292694744363,1.1651802013608108,0.6117523284824076,0.4642810041825554,0.4523245162865702,0.5133006046110787,0.5473530741547317,0.611317456764156,0.48380701412701443,0.4544286948084176,0.5752243026688322,0.44066097974968094,0.5381754465951637,0.4551972584476681,0.2479151496615946,0.3566094746171469,0.5469993220065288,0.03688423732085963,0.3546782604464668,0.45182201609348704,0.5727819703427867,0.38695752021830226,0.28614458537418197,0.46914364599604474,0.4041830647775336,0.3023178210930621,0.4853437360157632,0.37797133968413593,0.3761131475645805,0.2206069016697802,0.4679287219912963,0.2477610248678208,0.16619806724387834,0.3980274981850911,0.27079042774938983,0.21437033642847006,0.33825876035224056,0.39276449421709697,0.08271565469724451,0.31940344675838045,0.26007138590869516,0.19732521864828428,-0.124990517789149,0.39847894503215836
1.2658173030016897,0.8316627390276828,1.0674773785476988,0.7071611544099793,0.978234855083118,0.6833029716942717,0.6117523284824076,1.430343509162125,0.559046701541774,0.653420055578347,0.7300318618247302,0.5775814499441533,0.7729844535279836,0.6370525157140263,0.5616305069646097,0.6433507588104578,0.6368146456588635,0.7708939635505966,0.8216598058309156,0.5727636983801359,0.5518323262779881,0.6654307890227293,-0.0636072173087665,0.45448442324735616,0.6188426682609859,0.8585053149049027,0.5104512240635255,0.39655764399450666,0.7258252291276697,0.36695115277666523,0.3584138113683571,0.6301728439478714,0.3441550651156168,0.6183976443816132,0.6359730146256136,0.25969288907438404,0.3775102480311853,0.37723524955637533,0.6214752618422908,0.4927547732288222,0.2768960049683105,0.5368440934768739,0.722946800790346,0.12992047457306058,0.6796894417652956,0.3477601683551821,0.8780445779342024,-0.11898640020353339,0.6004367493658807
1.0134783305749804,0.8404086078491895,1.230047186244206,0.4413222957727734,0.5252635154412794,0.672131315432508,0.4642810041825554,0.559046701541774,1.0735966431315163,0.6155634479200797,0.6341841485993323,0.5883600415477046,0.6427303901059471,0.5892869746064895,0.5945857369355438,0.5396074542177126,0.5955711454094442,0.642526186107042,0.6209080938436187,0.4587973965578796,0.5375221829209014,0.7449412693654681,0.00975246767017992,0.4536663867362048,0.4484780189903346,0.6874059267944581,0.45568851091773477,0.4271727513029528,0.6758111907548707,0.3540950766046612,0.37472111390714824,0.5845601638298368,0.41023567005429545,0.5779491670871911,0.5362357094077213,0.37161820003678864,0.3806591885341889,0.36386178605370006,0.5645043629937663,0.44633135098921684,0.2839528251969781,0.5316040107503932,0.7182878448243235,0.11499988307486242,0.6686585577340818,0.34541061960490155,0.7484185471376575,-0.15393901966899118,0.46787739475269985
0.8378061502744761,0.7509365557844624,0.9705378883218021,0.5110011993422475,0.616265461018778,0.5782904930834644,0.4523245162865702,0.653420055578347,0.6155634479200797,1.1528558946264058,0.6464399144515188,0.6201460029227238,0.6447014069590543,0.5018109076159974,0.5845572282981129,0.5551440740813142,0.6369604939343897,0.698624462608281,0.6143328357244252,0.4740365256272107,0.45813920767545757,0.6000729009827175,-0.014845277049724064,0.4465245949842742,0.47967215114952283,0.5665886136937656,0.47459635137252243,0.41591587649104983,0.7774795835566273,0.36144011181864105,0.39512752128506057,0.5135353522085533,0.3342705192699417,0.727700250816889,0.6315575146188479,0.4161185949413472,0.43489483996131506,0.2211500994417799,0.6347686208932645,0.44204460747856916,0.4303273610732922,0.45181801662096954,0.5645278329763589,0.09964889189740517,0.5002313127435313,0.32052373303453585,0.8410650850380598,-0.12461333267131121,0.5084731412937471
0.8560573816304897,0.7304013894452985,0.8348990475618722,0.6823561586091351,0.6290081361676454,0.7569545489245225,0.5133006046110787,0.7300318618247302,0.6341841485993323,0.6464399144515188,0.9588056175262291,0.7208044223468231,0.723352188412649,0.5779560212700829,0.6574895841401829,0.6336348124438459,0.7295466951215736,0.6492091375761252,0.701600114896085,0.5853383874456751,0.4912799816781444,0.6568198962223457,-0.06900679131556924,0.4723740436379604,0.5346896427860446,0.710966407512433,0.5066167055619281,0.4480353635759824,0.7410991251871526,0.26715827827681304,0.3802124063059996,0.5906909757912759,0.3829714617858505,0.6274682944468509,0.6168603216900957,0.3178263456119349,0.4009762891821779,0.34228438002988865,0.6014389143345098,0.4676904558546364,0.2770030878191029,0.48653633503258187,0.6721147489691651,0.11650238263574604,0.6258930511826347,0.33997448206639264,0.7642087687258782,-0.13240537985139766,0.5000681072372107
0.8185955566909277,0.6985330174108588,0.7880508513775125,0.782540172213328,0.6267383287061818,0.6967271381871857,0.5473530741547317,0.5775814499441533,0.5883600415477046,0.6201460029227238,0.7208044223468231,0.9811774043150311,0.6730198159446565,0.5899220674292202,0.587919827176133,0.6105919523839043,0.6166839631740669,0.538696732500968,0.6535178750814152,0.5034032789496562,0.46890358680024147,0.6082683363172221,-0.007162813375537255,0.43776007265537165,0.5344656283560224,0.6382129956342029,0.5374050017702365,0.3828679305042234,0.688260390959374,0.21736503115710756,0.3870967951832102,0.6052676608550955,0.37669145182165764,0.6148161462599285,0.5155102517391956,0.4000696597748556,0.31340415577739944,0.2869445899917502,0.5787463635015325,0.4314442407236088,0.2727703116020331,0.4643097327032022,0.5931075490766166,0.10630482355519318,0.5306059020677466,0.3247066246922774,0.6738924896042068,-0.12516595006112774,0.45864359192936327
1.017628787172697,0.7795900275884258,0.9123322073602268,0.7036682637940155,0.7285274432702878,0.6227124547282832,0.611317456764156,0.7729844535279836,0.6427303901059471,0.6447014069590543,0.723352188412649,0.6730198159446565,0.9909260575229815,0.6258730441293526,0.543370726116207,0.6388889682184805,0.5843766237294157,0.6672045441551965,0.6551040993198595,0.49203288309447735,0.46569054060635456,0.6829929676022386,-0.05869722285620777,0.4616050490643212,0.5169601972892177,0.6795616181842539,0.5303131332536432,0.4264766014932635,0.7451167300314007,0.2914565304076156,0.3536882935062648,0.6269124409026937,0.4077937098953017,0.5827736524189772,0.5567817698771867,0.33629793818472786,0.3603034986372783,0.2809163918372987,0.5485588470290262,0.42724457535421,0.3008560450242455,0.46146362020596254,0.6568221963381101,0.1265274962195234,0.48003406661846876,0.35230105802894834,0.6913759053637115,-0.14303268448140977,0.5638125089621815
0.9527304409415459,0.6356417533843505,0.7651560107740548,0.7795013621871407,0.5892983434450617,0.6429980250808618,0.48380701412701443,0.6370525157140263,0.5892869746064895,0.5018109076159974,0.5779560212700829,0.5899220674292202,0.6258730441293526,0.8758767553864758,0.5475760359993371,0.6894638214463594,0.5782703353180029,0.5039530527203987,0.6148424313799207,0.5136340172386279,0.48211927436301766,0.6623821416341396,-0.04140668716847599,0.45057611511843393,0.4945840753167039,0.6686217046171361,0.48219281541904935,0.39760993817969414,0.6452817974408919,0.28016441940924736,0.33872081453472236,0.7467343332450709,0.370836537605571,0.45050697706099985,0.47526421811565805,0.27306165634223084,0.31962985652826537,0.4535237719746042,0.4490761383007764,0.42121990095359885,0.3113771069060424,0.4790414647618154,0.7780292670191136,0.13284710759222879,0.6319940004903467,0.3429871804074312,0.7884489592877015,-0.12347650815532074,0.4619585543159657
0.8643821787942633,0.7173297293279234,0.8630772356905008,0.5473236158137889,0.6106655382004136,0.5796816898644522,0.4544286948084176,0.5616305069646097,0.5945857369355438,0.5845572282981129,0.6574895841401829,0.587919827176133,0.543370726116207,0.5475760359993371,0.9903854061660194,0.5586853162319342,0.6375910400538087,0.6016436598735391,0.6330201129959039,0.47467971955242666,0.4114113740055526,0.5648893206491198,-0.059406596867191935,0.4464688007424645,0.5169183976292366,0.6193314503304883,0.41123033891472505,0.4357550355802388,0.6389568107295326,0.42392597749629574,0.35692953601235566,0.5201696104545538,0.3883944801967222,0.5353152132910216,0.5158535429100563,0.37143954286286096,0.4005688736434204,0.3012704922320403,0.4893096648712604,0.391423166843631,0.316057892999676,0.40662166003166783,0.6092877577990845,0.08948478191490186,0.5942201569241973,0.30611816692379906,0.6443531718866228,-0.11085847009859691,0.4273742466010696
0.9159073051035074,0.6398341099699627,0.7054328013216631,0.7941533356620509,0.705443262237166,0.5861490237242314,0.5752243026688322,0.6433507588104578,0.5396074542177126,0.5551440740813142,0.6336348124438459,0.6105919523839043,0.6388889682184805,0.6894638214463594,0.5586853162319342,1.0855216984987037,0.6306401952050193,0.5322933615133408,0.6568206595414844,0.44154070472586376,0.4294123193578368,0.7399911556238749,-0.030129684020407776,0.4542934663472014,0.5404789268564235,0.5664562954219896,0.5254663296546198,0.44882089926690316,0.6827798271201084,0.27813830537743656,0.36672346363437824,0.6537688556484352,0.3648568830845937,0.5056573233196628,0.6078197324251225,0.3424802108880526,0.3492558052490276,0.4071831925488245,0.5238623164748909,0.42555421670180854,0.33737908711017023,0.43222246817750876,0.7712321501742748,0.15265856279405896,0.6082709883127881,0.36540563433911283,0.7225796763799665,-0.16424978550245903,0.44862734220577066
0.644719347063415,0.6455502982874465,0.7688176823214397,0.6563855731056866,0.4882052678537408,0.7355549069517295,0.44066097974968094,0.6368146456588635,0.5955711454094442,0.6369604939343897,0.7295466951215736,0.6166839631740669,0.5843766237294157,0.5782703353180029,0.6375910400538087,0.6306401952050193,1.285758951405332,0.5229302456408412,0.6401498550139206,0.6843961036552085,0.432955742201332,0.6794760757138676,-0.027098682937967616,0.46168855915336565,0.5554025819020756,0.511572407535452,0.4920993916184256,0.4802031692504027,0.8128345549071663,0.23845901778863976,0.4394588064929957,0.539622543003699,0.41477932092130937,0.6841455454880276,0.6179693092778599,0.3537254183611944,0.6105617697259356,0.36186399185869916,0.690909611065851,0.44939306162062714,0.3945158257611957,0.43021167941936406,0.7707230414287748,0.1307244543610713,0.6716234631449562,0.3622160689271514,0.9166180221812229,-0.15040642095187196,0.4319832407139906
1.1214264150442752,1.0895236168421945,1.042437969770869,0.4939553069285799,0.7447525671723689,0.574850982969561,0.5381754465951637,0.7708939635505966,0.642526186107042,0.698624462608281,0.6492091375761252,0.538696732500968,0.6672045441551965,0.5039530527203987,0.6016436598735391,0.5322933615133408,0.5229302456408412,1.3106280162125796,0.6851865096263096,0.28167146879660093,0.5187417364733007,0.6044319234867859,0.032599320132860356,0.4367690486224404,0.5017967017432231,0.7157825883978427,0.329720761038123,0.3882491904938539,0.8240542123060177,0.33894429879457294,0.3435799210016681,0.5010066616690922,0.3520134020935943,0.5230649730031086,0.4949237534809243,0.394332987139658,0.4681265575300787,0.3349398609952168,0.4485907067791689,0.42104423290586274,0.32946253133337994,0.504479386925324,0.5933645192205649,0.09262968705673989,0.5681985788606307,0.33146486332077363,0.7222015044393694,-0.12542957946211272,0.34302956474955937
1.018454334575357,0.707701739595479,0.7748562766531576,0.6356449132653818,1.075514251917634,0.8768876576347299,0.4551972584476681,0.8216598058309156,0.6209080938436187,0.6143328357244252,0.701600114896085,0.6535178750814152,0.6551040993198595,0.6148424313799207,0.6330201129959039,0.6568206595414844,0.6401498550139206,0.6851865096263096,1.265613320122563,0.4320751042143338,0.5906940753610428,0.6909056138599659,-0.06091327447398274,0.4835666213446327,0.5499553639659438,0.6886346282012437,0.4382709339467805,0.4306192606506275,0.6088147056056904,0.4446126175140246,0.4029499752601535,0.6045616406395019,0.4664400243379987,0.5431278794849472,0.4663040042797882,0.36703407804409377,0.3929938963496553,0.3820972252473013,0.5844719932274418,0.40992339468235556,0.3473657778938821,0.5620314981263813,0.7249560855000062,0.10360357873628832,0.7041171783911089,0.3446884672831153,0.7368248861341228,-0.11061218368534012,0.5385285828908953
0.3736817209739396,0.7801377243790034,0.7036012477282668,0.5597546874988244,0.08221031997327463,0.8310020390651793,0.2479151496615946,0.5727636983801359,0.4587973965578796,0.4740365256272107,0.5853383874456751,0.5034032789496562,0.49203288309447735,0.5136340172386279,0.47467971955242666,0.44154070472586376,0.6843961036552085,0.28167146879660093,0.4320751042143338,2.0360145530594695,0.28592607490203364,0.43495156060919105,-0.42650361643300116,0.48220854755804893,0.4119764893695806,0.6215059137799033,0.5889738943719888,0.5477521648746276,0.8579920863515292,0.6901266015966637,0.3310744257921995,0.46664689503364565,0.3500324335697897,0.5473243278857368,0.7456581249782379,0.11610037142790855,0.9916559077819802,0.4193503821738929,0.5296711874709729,0.7285842156227089,0.12173208608283778,0.29368136240767945,0.542364839989909,0.08375196516888617,0.7514753230928588,0.16407308963317568,0.4946607983238901,0.00041003020793225293,0.9619662281389209
0.7727856350083162,0.5851638327025926,0.835371808722617,0.49045080170929534,0.3170943651878131,0.793457491957585,0.3566094746171469,0.5518323262779881,0.5375221829209014,0.45813920767545757,0.4912799816781444,0.46890358680024147,0.46569054060635456,0.48211927436301766,0.4114113740055526,0.4294123193578368,0.432955742201332,0.5187417364733007,0.5906940753610428,0.28592607490203364,1.4928776543987843,0.5003095876690322,-0.04355213559883475,0.32020172750621684,0.3790492366466045,0.6399508676678054,0.30928371265210447,0.4348932620505631,0.44444607344797316,0.15468680654953912,0.29695063435083896,0.5139604128766204,0.17721501632998682,0.39348292303320764,0.8021071743256967,0.06835235835744803,0.13948847165204106,0.5854310199056647,0.498173964072289,0.5452630866888826,0.22860681451985054,1.4305055307507237,0.612257965382259,0.12330508939024189,1.2190538583113384,0.19601668181965876,1.113227151496619,-4.718029034719391e-5,0.01890198284552061
1.0482253274035003,0.7474722092935521,0.9305017724625074,0.6331672819475394,0.6416602506016337,0.7043150144887126,0.5469993220065288,0.6654307890227293,0.7449412693654681,0.6000729009827175,0.6568198962223457,0.6082683363172221,0.6829929676022386,0.6623821416341396,0.5648893206491198,0.7399911556238749,0.6794760757138676,0.6044319234867859,0.6909056138599659,0.43495156060919105,0.5003095876690322,1.2704241499056805,0.14063693802949512,0.48966321546283165,0.5349481958458708,0.5854825587320508,0.5223822857731137,0.4431156431905826,0.7739284525253305,0.3300361852633468,0.445913358051149,0.6619912253677839,0.49036056853915194,0.5231531703046682,0.5230996412648644,0.46684862764755297,0.3752201874476889,0.5549471193138629,0.597354715607514,0.45017236438795966,0.4049290910071288,0.49853706444316487,1.0534148313407794,0.18271237333891285,0.6898699867547451,0.5287910781015395,0.8386681030379716,-0.3158329456457199,0.5972713337064262
0.06996304157113135,-0.18233420928869198,0.004452798610667878,0.007460727984967195,0.08640732841236183,-0.11312604821650644,0.03688423732085963,-0.0636072173087665,0.00975246767017992,-0.014845277049724064,-0.06900679131556924,-0.007162813375537255,-0.05869722285620777,-0.04140668716847599,-0.059406596867191935,-0.030129684020407776,-0.027098682937967616,0.032599320132860356,-0.06091327447398274,-0.42650361643300116,-0.04355213559883475,0.14063693802949512,2.040553387623127,0.007869129450096123,0.3108273366865082,-0.340096458946371,-0.04162657190955002,-0.5453207124459832,0.29702516107345917,0.07636551513838244,0.3405497515645875,-0.048445484903820814,-0.032103858556219125,0.35551795797959795,-0.574728303647212,1.062605853718595,-0.15851373275922223,-0.14216661105606587,0.2286217796923965,-0.14490100905000558,0.4749374040068038,-0.07162952261118169,0.055080087233162794,0.2883711419204734,-0.6612276007021874,0.20607489393886763,0.09535331953690764,-0.0832536224396739,-0.5949368817775958
0.5299503647016595,0.5037815356057637,0.591193351729016,0.49391738180099654,0.40659453105168963,0.5083170544323147,0.3546782604464668,0.45448442324735616,0.4536663867362048,0.4465245949842742,0.4723740436379604,0.43776007265537165,0.4616050490643212,0.45057611511843393,0.4464688007424645,0.4542934663472014,0.46168855915336565,0.4367690486224404,0.4835666213446327,0.48220854755804893,0.32020172750621684,0.48966321546283165,0.007869129450096123,0.7127403177141777,0.37704426521883316,0.4308249394197648,0.3654088039031831,0.4095035749810291,0.4089906049926986,0.6235434440233139,0.3100838672112364,0.4737251070011498,0.5485308706477756,0.4476347626698026,0.4449274805341973,0.36816077806814557,0.5107666484436564,0.26583840727978963,0.436175123391552,0.3953265322140802,0.3118230903408081,0.3109430442948236,0.6019060760901097,0.09568832992229934,0.5257831773066736,0.21874911295193755,0.5383140319136006,-0.055025531500578866,0.5925310558226713
0.8548270162052273,0.5901179407762195,0.6996798457235297,0.5445099571135285,0.5748584266474749,0.5177039016522166,0.45182201609348704,0.6188426682609859,0.4484780189903346,0.47967215114952283,0.5346896427860446,0.5344656283560224,0.5169601972892177,0.4945840753167039,0.5169183976292366,0.5404789268564235,0.5554025819020756,0.5017967017432231,0.5499553639659438,0.4119764893695806,0.3790492366466045,0.5349481958458708,0.3108273366865082,0.37704426521883316,0.9990085808521905,0.5186593882017132,0.4012898956161199,0.24969078521062882,0.6759996688296928,0.3171852244710553,0.34793196756874306,0.47664128438141035,0.2946451105890784,0.5066804443950248,0.37502424527014766,0.4561852006493176,0.29284367756018326,0.2893283163939692,0.4530490609888971,0.32436878016837467,0.2975599298556508,0.3721182795974126,0.5690433368911343,0.15343362761700965,0.45739296398410656,0.33363346151886497,0.6282226934347819,-0.13670118652257301,0.1289583675614265
0.9749365686059465,0.7917108674540438,0.8945210473917227,0.7297509742851186,0.6970095128848559,0.6916891506610915,0.5727819703427867,0.8585053149049027,0.6874059267944581,0.5665886136937656,0.710966407512433,0.6382129956342029,0.6795616181842539,0.6686217046171361,0.6193314503304883,0.5664562954219896,0.511572407535452,0.7157825883978427,0.6886346282012437,0.6215059137799033,0.6399508676678054,0.5854825587320508,-0.340096458946371,0.4308249394197648,0.5186593882017132,1.966822440408615,0.420357266099365,0.4521396894252916,0.07139557624032625,0.45438594789238257,0.21502290799773885,0.7103763115109667,0.4051292064327529,0.35360825593072076,0.5355383087902669,0.10691946494307938,0.03909261501923891,0.5143515002796423,-0.030265911714929823,0.5926287503436303,0.04479681404180496,0.6454207063270572,0.8242992932292296,0.03519976582565883,0.9948930120047671,0.2584107792465819,0.6294960237320195,-0.05413891018861136,0.5222655917849283
0.620870278646532,0.6486488261883,0.7020346645603143,0.5572678195856752,0.38871454086312024,0.5053291501590781,0.38695752021830226,0.5104512240635255,0.45568851091773477,0.47459635137252243,0.5066167055619281,0.5374050017702365,0.5303131332536432,0.48219281541904935,0.41123033891472505,0.5254663296546198,0.4920993916184256,0.329720761038123,0.4382709339467805,0.5889738943719888,0.30928371265210447,0.5223822857731137,-0.04162657190955002,0.3654088039031831,0.4012898956161199,0.420357266099365,1.1513661203586043,0.3989313744247716,0.48870298748446245,0.07961249244837484,0.3543565939786723,0.5063621052527145,0.3907145521345091,0.5434612201519613,0.51498450053244,0.26552527290915,0.45900039258571795,0.1658422461550288,0.45438909848847914,0.40964911757824046,0.21752368474551922,0.3138595471500072,0.602217868306228,0.12059528993615552,0.3879982421344122,0.30141574633869,0.5030699560563323,-0.10974075889516488,0.4948075777261633
0.53134447517237,0.6123541763360644,0.6537475236611694,0.3212771083596896,0.2721616708238793,0.46808630826595005,0.28614458537418197,0.39655764399450666,0.4271727513029528,0.41591587649104983,0.4480353635759824,0.3828679305042234,0.4264766014932635,0.39760993817969414,0.4357550355802388,0.44882089926690316,0.4802031692504027,0.3882491904938539,0.4306192606506275,0.5477521648746276,0.4348932620505631,0.4431156431905826,-0.5453207124459832,0.4095035749810291,0.24969078521062882,0.4521396894252916,0.3989313744247716,1.3105784239000458,0.3279366607317302,0.3493341133633323,0.3202444305182985,0.37027316380471903,0.5898084817747197,0.22140199922002954,1.051052057051634,0.24964603985756373,0.5144764373672306,0.3663504084410281,0.4191293228614187,0.49070479246023774,0.30059789019142547,0.43351390705132364,0.710275983757443,0.1647336202916663,0.9221625541177654,0.10483115995779833,0.4747408030603785,0.0008947264210481477,0.4168190044814341
1.0903571978747193,1.4048952963512509,1.3231536089316407,0.5710423062481415,0.4662862845118973,0.7888359492319355,0.46914364599604474,0.7258252291276697,0.6758111907548707,0.7774795835566273,0.7410991251871526,0.688260390959374,0.7451167300314007,0.6452817974408919,0.6389568107295326,0.6827798271201084,0.8128345549071663,0.8240542123060177,0.6088147056056904,0.8579920863515292,0.44444607344797316,0.7739284525253305,0.29702516107345917,0.4089906049926986,0.6759996688296928,0.07139557624032625,0.48870298748446245,0.3279366607317302,3.5853998260201623,0.0571107886340195,0.3511337765472246,0.627439571064849,-0.1722644287370536,1.0695780388804204,1.0130483238752523,0.8383815348602636,-0.3605979521131414,0.043451459920167225,1.1713194182614357,0.6263348033507478,0.6518704745783162,0.44454845098569995,0.16262891885164865,0.09821752893204182,0.24696849617664182,0.4075908947631083,1.1074309584028106,-0.2660424404577653,0.7568541364183456
0.6264545321019145,0.489997032111143,0.561644854011137,0.2154424680280275,0.4292597081106569,0.12910456288435768,0.4041830647775336,0.36695115277666523,0.3540950766046612,0.36144011181864105,0.26715827827681304,0.21736503115710756,0.2914565304076156,0.28016441940924736,0.42392597749629574,0.27813830537743656,0.23845901778863976,0.33894429879457294,0.4446126175140246,0.6901266015966637,0.15468680654953912,0.3300361852633468,0.07636551513838244,0.6235434440233139,0.3171852244710553,0.45438594789238257,0.07961249244837484,0.3493341133633323,0.0571107886340195,4.235155307786554,0.4423868968142774,0.20674282786910098,0.6068109228214267,-0.1467007058598877,0.33779418060781863,0.6981165709779892,0.6331072030756709,0.18522978051878064,0.7586875739928993,0.6137016683159602,0.3066330455629666,0.10702591037741176,0.6119907123571545,0.0914946169038323,1.0381050211066918,-0.059126492696060635,0.578111090260168,0.16940067305089818,2.0138761137657686
0.536788093589039,0.4219162921047353,0.5259314897890711,0.3686581357563756,0.3882094210355574,0.3817392439471117,0.3023178210930621,0.3584138113683571,0.37472111390714824,0.39512752128506057,0.3802124063059996,0.3870967951832102,0.3536882935062648,0.33872081453472236,0.35692953601235566,0.36672346363437824,0.4394588064929957,0.3435799210016681,0.4029499752601535,0.3310744257921995,0.29695063435083896,0.445913358051149,0.3405497515645875,0.3100838672112364,0.34793196756874306,0.21502290799773885,0.3543565939786723,0.3202444305182985,0.3511337765472246,0.4423868968142774,1.2292568241070065,0.31520929543908144,0.3956312622397797,0.5987833057300502,0.26343688908569207,0.9003100347933113,0.5815604489008289,0.377780183252856,0.5892275206721909,0.2596283650466238,0.5892697665342829,0.27866723394513065,0.48393368352581345,0.14444426901080842,0.362423474055117,0.3598221069827328,0.5439006384526386,-0.10824485282345975,0.030238999131209105
0.8803788664489334,0.6062721957563098,0.7366040433044038,0.742611452396507,0.5758024448504272,0.6604210544304371,0.4853437360157632,0.6301728439478714,0.5845601638298368,0.5135353522085533,0.5906909757912759,0.6052676608550955,0.6269124409026937,0.7467343332450709,0.5201696104545538,0.6537688556484352,0.539622543003699,0.5010066616690922,0.6045616406395019,0.46664689503364565,0.5139604128766204,0.6619912253677839,-0.048445484903820814,0.4737251070011498,0.47664128438141035,0.7103763115109667,0.5063621052527145,0.37027316380471903,0.627439571064849,0.20674282786910098,0.31520929543908144,0.9505456673815348,0.35280154316558304,0.47879730431304085,0.446567076018962,0.26290107326995343,0.19255857718312167,0.471067188890757,0.4248708699147463,0.4168119522350715,0.2776708916072087,0.5111658728728886,0.7154128593305725,0.12329421316080773,0.6093911388647106,0.35317366090645913,0.7949171358734358,-0.1311937458078367,0.43971833177758424
0.5554097861203395,0.47246909848324126,0.48400820401669764,0.4699063948760311,0.5330176669072109,0.3121939134341874,0.37797133968413593,0.3441550651156168,0.41023567005429545,0.3342705192699417,0.3829714617858505,0.37669145182165764,0.4077937098953017,0.370836537605571,0.3883944801967222,0.3648568830845937,0.41477932092130937,0.3520134020935943,0.4664400243379987,0.3500324335697897,0.17721501632998682,0.49036056853915194,-0.032103858556219125,0.5485308706477756,0.2946451105890784,0.4051292064327529,0.3907145521345091,0.5898084817747197,-0.1722644287370536,0.6068109228214267,0.3956312622397797,0.35280154316558304,1.8371298714885262,-0.09480579970640328,-0.3220869643624364,0.29351209706517284,0.7967579262773926,0.10512175507483586,0.13609128043971688,0.18308218761206474,0.22686817364896256,0.15275604045280597,0.8573678857577883,0.05392192531071179,0.5345442042210075,0.17150198458654733,0.2746433107990478,0.001398464806270884,0.5634374727175157
0.21475225637523257,0.6135098728383598,0.9010021502216674,0.7741575407408595,0.3490304739302967,0.7217518289151414,0.3761131475645805,0.6183976443816132,0.5779491670871911,0.727700250816889,0.6274682944468509,0.6148161462599285,0.5827736524189772,0.45050697706099985,0.5353152132910216,0.5056573233196628,0.6841455454880276,0.5230649730031086,0.5431278794849472,0.5473243278857368,0.39348292303320764,0.5231531703046682,0.35551795797959795,0.4476347626698026,0.5066804443950248,0.35360825593072076,0.5434612201519613,0.22140199922002954,1.0695780388804204,-0.1467007058598877,0.5987833057300502,0.47879730431304085,-0.09480579970640328,2.96877102139165,0.8985713430319234,0.8037125619737147,0.9734214686386906,-0.14296102973040622,0.9918178835169439,0.11039310825966278,0.6813636364969824,0.38538055843135643,0.5125671081051411,0.12156967662577454,0.37800731313528524,0.25667269454457575,0.7493367011713817,-0.19911831544470404,-0.04987018272963077
0.6606753781128472,0.754963367156305,1.0086472770166954,0.08429545223566873,0.04755095379225599,0.7291326593120804,0.2206069016697802,0.6359730146256136,0.5362357094077213,0.6315575146188479,0.6168603216900957,0.5155102517391956,0.5567817698771867,0.47526421811565805,0.5158535429100563,0.6078197324251225,0.6179693092778599,0.4949237534809243,0.4663040042797882,0.7456581249782379,0.8021071743256967,0.5230996412648644,-0.574728303647212,0.4449274805341973,0.37502424527014766,0.5355383087902669,0.51498450053244,1.051052057051634,1.0130483238752523,0.33779418060781863,0.26343688908569207,0.446567076018962,-0.3220869643624364,0.8985713430319234,3.3318636560966217,-0.12044049281787403,0.17521992432881092,0.2766255757256878,0.9308684275261779,0.9647434548215348,0.36956951986109937,0.8316789518485097,0.7035863280064212,0.17724895427714465,1.4101587341060866,0.10128176799848118,1.0571557202348116,-0.02110560643979782,0.897524542756416
0.5278058143788757,0.45650144908951745,0.6711879363637967,0.43990662866837565,0.5679228053905727,0.0822635982368012,0.4679287219912963,0.25969288907438404,0.37161820003678864,0.4161185949413472,0.3178263456119349,0.4000696597748556,0.33629793818472786,0.27306165634223084,0.37143954286286096,0.3424802108880526,0.3537254183611944,0.394332987139658,0.36703407804409377,0.11610037142790855,0.06835235835744803,0.46684862764755297,1.062605853718595,0.36816077806814557,0.4561852006493176,0.10691946494307938,0.26552527290915,0.24964603985756373,0.8383815348602636,0.6981165709779892,0.9003100347933113,0.26290107326995343,0.29351209706517284,0.8037125619737147,-0.12044049281787403,2.9710494626915067,0.17800375350743505,-0.16573513067778695,0.5662166071942819,0.16183430691410827,1.100650862190325,-0.0032754500874363273,-0.049743743121239005,-0.05078260228310047,-0.40945853637997753,0.5579460823219677,-0.23887058250427487,-0.31387384309701766,-0.9542429441520007
0.2732705387241478,0.9982435474806548,0.5905383504540734,0.4558306338188137,0.2416371984679766,0.4862680123617076,0.2477610248678208,0.3775102480311853,0.3806591885341889,0.43489483996131506,0.4009762891821779,0.31340415577739944,0.3603034986372783,0.31962985652826537,0.4005688736434204,0.3492558052490276,0.6105617697259356,0.4681265575300787,0.3929938963496553,0.9916559077819802,0.13948847165204106,0.3752201874476889,-0.15851373275922223,0.5107666484436564,0.29284367756018326,0.03909261501923891,0.45900039258571795,0.5144764373672306,-0.3605979521131414,0.6331072030756709,0.5815604489008289,0.19255857718312167,0.7967579262773926,0.9734214686386906,0.17521992432881092,0.17800375350743505,3.3227576899579745,0.5575694519000609,0.28900632731453485,0.23577707036660306,0.24358030319073332,0.1424849675771318,0.7035758146556422,0.14458964841561445,0.5313459294398913,0.32948737040202747,0.38367623602282397,-0.06595097449834769,-0.06254165392730321
0.6605094520611515,0.34348940023530294,0.1704503664491023,0.3103351351671296,0.1617127511145341,0.6335032427849997,0.16619806724387834,0.37723524955637533,0.36386178605370006,0.2211500994417799,0.34228438002988865,0.2869445899917502,0.2809163918372987,0.4535237719746042,0.3012704922320403,0.4071831925488245,0.36186399185869916,0.3349398609952168,0.3820972252473013,0.4193503821738929,0.5854310199056647,0.5549471193138629,-0.14216661105606587,0.26583840727978963,0.2893283163939692,0.5143515002796423,0.1658422461550288,0.3663504084410281,0.043451459920167225,0.18522978051878064,0.377780183252856,0.471067188890757,0.10512175507483586,-0.14296102973040622,0.2766255757256878,-0.16573513067778695,0.5575694519000609,2.4208330921834325,0.09452044236279386,0.8181675299758581,-0.5673510403764954,0.6394277865319071,0.9390243895429495,0.45589639392017406,1.2538204410792126,0.4655731664060304,1.0794178941977635,-0.037800614921483504,-0.24238015128239915
0.7024294402896013,0.5695828452604966,0.8788647173370586,0.47585030987248766,0.44515500249701084,0.6431585395750761,0.3980274981850911,0.6214752618422908,0.5645043629937663,0.6347686208932645,0.6014389143345098,0.5787463635015325,0.5485588470290262,0.4490761383007764,0.4893096648712604,0.5238623164748909,0.690909611065851,0.4485907067791689,0.5844719932274418,0.5296711874709729,0.498173964072289,0.597354715607514,0.2286217796923965,0.436175123391552,0.4530490609888971,-0.030265911714929823,0.45438909848847914,0.4191293228614187,1.1713194182614357,0.7586875739928993,0.5892275206721909,0.4248708699147463,0.13609128043971688,0.9918178835169439,0.9308684275261779,0.5662166071942819,0.28900632731453485,0.09452044236279386,1.9880619748323236,0.5368345120561936,0.42278440710736714,0.46521711584997577,0.6004140495506197,0.2082417866641822,0.8346871879910217,0.19486823738624195,0.9991830085425146,-0.06416241558354661,1.2422759924628084
0.6417122884212778,0.6007832882635197,0.6325784658457201,0.30785729589653504,0.22761839902855802,0.5828802207595818,0.27079042774938983,0.4927547732288222,0.44633135098921684,0.44204460747856916,0.4676904558546364,0.4314442407236088,0.42724457535421,0.42121990095359885,0.391423166843631,0.42555421670180854,0.44939306162062714,0.42104423290586274,0.40992339468235556,0.7285842156227089,0.5452630866888826,0.45017236438795966,-0.14490100905000558,0.3953265322140802,0.32436878016837467,0.5926287503436303,0.40964911757824046,0.49070479246023774,0.6263348033507478,0.6137016683159602,0.2596283650466238,0.4168119522350715,0.18308218761206474,0.11039310825966278,0.9647434548215348,0.16183430691410827,0.23577707036660306,0.8181675299758581,0.5368345120561936,2.377734324829324,-0.5266932926350795,0.5667319051030564,0.2979592305440382,0.16506972985779572,0.9521373041720589,0.11362415694366448,0.8405091391915636,0.025536084652010783,0.9215421692910767
0.40908348454030463,0.3515203165994838,0.587370598055587,0.28001821055390225,0.3163922429665355,0.27876646685014894,0.21437033642847006,0.2768960049683105,0.2839528251969781,0.4303273610732922,0.2770030878191029,0.2727703116020331,0.3008560450242455,0.3113771069060424,0.316057892999676,0.33737908711017023,0.3945158257611957,0.32946253133337994,0.3473657778938821,0.12173208608283778,0.22860681451985054,0.4049290910071288,0.4749374040068038,0.3118230903408081,0.2975599298556508,0.04479681404180496,0.21752368474551922,0.30059789019142547,0.6518704745783162,0.3066330455629666,0.5892697665342829,0.2776708916072087,0.22686817364896256,0.6813636364969824,0.36956951986109937,1.100650862190325,0.24358030319073332,-0.5673510403764954,0.42278440710736714,-0.5266932926350795,3.687983982667075,0.14087223763934065,0.6186356708221787,0.18625147625511443,-0.8866231214568296,0.32620717436205193,0.390051027346956,0.07578428961275188,1.2819828937137703
0.734250230226975,0.590683690579814,0.8590683206305457,0.48265353785726434,0.2998998919469044,0.7733456433571231,0.33825876035224056,0.5368440934768739,0.5316040107503932,0.45181801662096954,0.48653633503258187,0.4643097327032022,0.46146362020596254,0.4790414647618154,0.40662166003166783,0.43222246817750876,0.43021167941936406,0.504479386925324,0.5620314981263813,0.29368136240767945,1.4305055307507237,0.49853706444316487,-0.07162952261118169,0.3109430442948236,0.3721182795974126,0.6454207063270572,0.3138595471500072,0.43351390705132364,0.44454845098569995,0.10702591037741176,0.27866723394513065,0.5111658728728886,0.15275604045280597,0.38538055843135643,0.8316789518485097,-0.0032754500874363273,0.1424849675771318,0.6394277865319071,0.46521711584997577,0.5667319051030564,0.14087223763934065,1.7959879570929072,0.5681046809208339,0.10264097352184645,1.3360279752367352,0.16914001328401612,1.2095607315815988,0.02550088733404396,-0.11055569250378362
