0.6925656469932276,0.1725031784089429,0.351077396630969,0.09526634122519774,0.07113316412089023,0.06687723544509887,0.06656634667239264,0.04867899333381598,0.09586722213745133,0.08781648922221594,0.05754108734248901,0.06799159190604541,0.04132400759975108,0.0341702267682261,0.07469001817893622,0.03250942199339649,0.0557773329927774,0.06563692340483139,0.05484432085076287,0.04371043681433393,0.05703352780882927,0.05410007691268715,0.011343115911854326,0.023647556071213115,0.09466080533604486,0.06007448377029901,0.06992380247844192,0.03245037770855357,0.071437906245507,0.017967432933404796,0.08056612412851206,0.03407214470170127,0.033921561232840285,-0.07414318450026051,0.0032199854487074864,0.10403395134860569,0.0426293575548181,0.04903791163695604,0.06250892469026796,-0.003449503655099951,0.03949759409872868,0.05188647565489908,0.056869345420860945,0.00656822284676297,0.09927999583554274,0.0992789501745328,-0.0070730269919513766,-0.06888769859696668,-0.09735710733086173,0.013450858139777087,-0.015304049430138411
0.1725031784089429,1.9327587590604636,0.6887300080210467,-0.10618195043601955,-0.05898079911639109,0.3292132905075499,0.1506655700091239,0.2631927865084013,0.31731064954111904,0.23593791975690745,0.204643211271302,0.16655926466362547,0.15141605269456407,0.17853544338262842,0.2773593546248325,0.1333613587110569,0.2268097827213398,0.253877924966635,0.003368347066931742,0.38799712782139684,0.19516424454122164,0.19596746044929006,0.05162074819622463,0.11887575526687814,0.28474561853768565,0.37232884891748425,0.3648960928260653,0.32409845259457937,0.3246503844188554,0.009491750712071107,0.2661427592580917,0.1762665684856334,0.06871729470265549,0.2765631512762142,0.21585997104787757,0.20928836236028528,0.4331615291981246,0.24784283886559566,0.2550396437051011,0.0939414377583349,0.24918761398499392,0.18955598765065218,0.2959220242155796,-0.004287233461822441,0.469244562049131,0.15546300304794192,0.22922503493207394,-0.013595113329422544,0.017107502529781368,-0.02345429345583501,-0.025641354068055466
0.351077396630969,0.6887300080210467,2.0799654287886375,0.14211138170846993,-0.4103293085237715,0.3706326014605437,0.0029723147850553478,0.4346436517856622,0.44627352352944927,0.4221335979021439,0.25137497539779186,0.17877024398149607,0.16564388080471978,0.19184178714980998,0.30505179009491634,0.13398326151642936,0.2702368967044883,0.20512220001516174,0.2993579862033334,0.2988838197461791,0.18329282001826785,0.2841855263380305,0.10787696305674557,0.14010905255248274,0.32930786834656234,0.3674772939300423,0.2078760086999205,0.16340542869736766,0.3740985641788035,-0.24910299224003646,0.20214611418337491,0.17355510513886835,0.06160679691555789,0.38458429084592616,0.21870338741350118,0.26706157498331584,0.3211442171499225,0.23497690949718017,0.28774987439555744,-0.09901305997473257,0.22371983287053968,0.17598177366763718,0.19235785505181877,0.02695375932696936,0.3663089802695615,0.43323434193978305,0.257858707361289,-0.11922559437670549,-0.3722295685064198,-0.020623232712316843,-0.059431608500103233
0.09526634122519774,-0.10618195043601955,0.14211138170846993,1.8159967586047214,0.7233048351582093,0.3083062718766481,0.32066187968877036,0.22692213108452158,0.04514174219021901,0.272024408623251,0.18808359130606442,0.30958007205389937,0.14411565580054017,0.23084050234242606,0.17308976626746705,0.2294319898476397,0.22240868923081983,0.23298685212598302,-0.03499103091723172,0.16096392448280966,0.13889718966559483,0.15858209248281227,0.29313023466929444,0.1906699759710019,0.24047936836749043,0.23178314059590796,0.11804977850192805,0.07405151733814544,0.21913957158218572,-0.09436538836708327,0.1420204479926815,0.23825612619239434,0.14979215141556762,0.23833209996304808,-0.23748659292959123,0.14202708857806726,0.06452768340206083,0.11648358252819181,0.13556110613946765,0.04726383823255568,0.11823188324463477,0.14037889350195307,0.050671610004237526,0.008601954038240052,-0.0025304064558967767,0.07783961982651873,0.1702954266228084,-0.0122396894855609,0.1572828332300988,0.016906572598931996,-0.05603122590826942
0.07113316412089023,-0.05898079911639109,-0.4103293085237715,0.7233048351582093,1.8567384794056438,0.20012732239591174,0.4474785639841797,0.3022753842770615,0.04309698359107168,0.1994412311356772,0.19627319211075162,0.30892820631723006,0.17011541846745845,0.279825811659624,0.18365421891446732,0.2911696138211887,0.20195962899641184,0.23177594634379517,-0.05445261257707395,0.17211300119647469,0.1524697355967187,0.16407850574875138,0.30000810971078784,0.21884990272929317,0.17622440981358226,0.23393559873825007,0.12662464574368829,0.0030733807721719276,0.20101081207993277,0.01939554742721555,0.17041585626093617,0.31094827898508254,0.12910480501196334,0.21394922196792474,-0.19372572192554927,0.10399749925562751,0.09697933012382688,0.09974987051418924,0.1391006178097279,0.1915263112027454,0.15534967378647835,0.1715415123115723,0.017961459989808533,0.004277915324601531,-0.0550289737218401,-0.07382460491827278,0.16688320587172903,0.06960177106814029,0.5483044865281373,-0.044049063830710285,0.051956053392913336
0.06687723544509887,0.3292132905075499,0.3706326014605437,0.3083062718766481,0.20012732239591174,0.8471410161660411,0.08151989600164294,0.4455129091220883,0.32820319005799764,0.22196939305530097,0.24301791038972112,0.20808165063624953,0.1669013548429984,0.3403592634565372,0.26573323829310125,0.26532735653521167,0.3107540950962955,0.2137246704245959,0.2139827565090002,0.4188685951926095,0.2436630780440147,0.30207135681723735,0.20894893281537905,0.21497388287538693,0.24952026410903488,0.37940663689504134,0.26507362272490564,0.23778725568883352,0.33565659898117184,-0.11606605162424141,0.19958737481038183,0.35178962814331977,0.04269072328937803,0.38781758179607295,0.029820210892907942,0.07144134525224584,0.3120414702042591,0.25673360561040526,0.32068501692367757,0.21417569833572042,0.22510981898975013,0.23519264159266196,0.27904956043091145,0.021095585879064342,0.38241649959822316,0.03219113051602852,0.4361404383096536,0.13016935598036908,0.35272125425262607,0.017209249285513553,0.019157335995468414
0.06656634667239264,0.1506655700091239,0.0029723147850553478,0.32066187968877036,0.4474785639841797,0.08151989600164294,0.9565148769375518,0.17856926345175703,0.3182378074945645,0.19966890149086236,0.23585821931501144,0.3559001007554006,0.2039976396035965,0.2670065837370798,0.09380020678531852,0.24825421196769926,0.2856551818259975,0.23956412287994067,-0.02783114646253056,0.16912288507577303,0.2247818838160697,0.2975543052360509,0.37255426184061485,0.2749326061397921,0.20596672013180534,0.2056973156015597,0.22874288590940473,0.13198658416378065,0.25193637844528227,0.14784158600008643,0.1661587164982868,0.29763275572275477,0.2181628501870207,0.1864505066343525,-0.029845821692077334,0.22411601803385908,0.13013831258898872,0.13601374851006612,0.1863756839164259,0.15681956667247646,0.2082312736205119,0.21849943908434863,0.15759014912155295,0.010112542634407846,0.07984827450018935,0.017791203284090153,0.06104470467394106,0.017357121989991474,0.4401106127057128,-0.012254613158964743,0.0025153390504544203
0.04867899333381598,0.2631927865084013,0.4346436517856622,0.22692213108452158,0.3022753842770615,0.4455129091220883,0.17856926345175703,1.0224117091939238,0.08550865559843732,0.2809444312517954,0.2258228568111508,0.07259445940805204,0.16867148831780365,0.34534086155251664,0.2501514174362363,0.24858735948919217,0.2678782987810866,0.17391226037789487,0.22134306456012534,0.3867364009085779,0.1948995643398712,0.20695989985199248,0.16051849365350174,0.16843088052610677,0.2231488374259666,0.3374740702131332,0.23310530999186452,-0.14526223807968128,0.3298231740487357,-0.03904534075452321,0.1642138880424784,0.3214226664980403,0.0028116325351299474,0.33714726292045644,0.15457929747332871,0.08264567113021531,0.27893851913177314,0.21894051932293837,0.38816880453977193,0.17302097792240567,0.2056810511729983,0.1814756885070326,0.1937158772655373,0.01238413791054613,0.32803564861001894,0.042669272799023814,0.3569685352753127,0.0735068492062284,0.3553311791151644,0.1159823864529273,-0.018918878977181336
0.09586722213745133,0.31731064954111904,0.44627352352944927,0.04514174219021901,0.04309698359107168,0.32820319005799764,0.3182378074945645,0.08550865559843732,1.0901544706277488,0.09515862511726018,0.13308273376620783,0.18226334200719368,0.18671811123809717,0.3203177587685654,-0.011560716523877447,0.1847745277530987,0.19965933656974694,0.19984740733368,-0.05204086047636172,0.1321196741186746,0.21475041459117614,0.5231798746016484,0.3497688960932471,0.24773631979785027,0.10296393684216462,0.3865807122832309,0.2159919261348811,0.34136457795974795,0.24865340240835176,-0.016195365190414604,0.12386151009991957,0.35723664844504843,0.15933008250984665,0.2901455757996962,0.06032956986996776,0.12349832582976014,0.1448483307104424,0.13725666834414063,0.13877401228217473,0.1436237396150816,0.21850086458895743,0.21826572893290228,0.222311802974763,0.01842468731471758,0.13412054868830772,0.058401099395440824,0.22973482313331095,0.06161961789041919,0.47970877889058466,-0.08781683116179965,0.052942057437327814
0.08781648922221594,0.23593791975690745,0.4221335979021439,0.272024408623251,0.1994412311356772,0.22196939305530097,0.19966890149086236,0.2809444312517954,0.09515862511726018,0.679551410196898,0.19661862977244352,0.2018294556948152,0.1788655077881476,0.19220743359293133,0.3112134096681478,0.1839797428246335,0.2509724537142644,0.21331046618981336,0.0796008857474495,0.18864486269750477,0.11400295677135017,0.17026220043589,0.2429270647775541,0.17515965324166555,0.2767022725981151,0.1930935061814398,0.1961874999368709,0.16345823109591712,0.2948629354040929,0.07188920582694694,0.13487490099161834,0.19675318835597133,0.08051402567663185,0.27801589515969016,0.14818010386004857,0.19260534639037538,0.20686115143479303,0.12592285397754469,0.24023300356746394,0.1109564354107148,0.23715213543713778,0.12381546248579872,0.09678638810537216,0.01667977785884364,0.08836110964277431,0.16423282996871896,0.23602095871266227,-0.027937759514843695,0.23487313721519354,-0.0288831524432975,0.012890388566101738
0.05754108734248901,0.204643211271302,0.25137497539779186,0.18808359130606442,0.19627319211075162,0.24301791038972112,0.23585821931501144,0.2258228568111508,0.13308273376620783,0.19661862977244352,0.6477991942674821,0.30961555185618356,0.21907368273059247,0.16657731508737678,0.2653389391565582,0.22756841590608254,0.29055360338834507,0.2433727298708606,-0.012574911057749199,0.2697817012073271,0.19158407640504438,0.1905996965038747,0.24805661237333565,0.17552875863322404,0.2505203137464923,0.289027744656501,0.20370089915821707,0.17578427595403026,0.30296604621491935,-0.031815842496201056,0.16761227563551825,0.19003322913470191,0.10185132165514213,0.2958277535069302,0.1383130884460664,0.053946099680387265,0.18006908576928843,0.1502442808877169,0.23810988872760525,0.17052995149670405,0.19583647830539716,0.19360230878256993,0.1928856827727828,0.012159795621532623,0.16176580007166386,0.03663364911692359,0.2446302899990953,0.10575143171711116,0.3835417486980931,-0.020166868363831608,0.019183837795855186
0.06799159190604541,0.16655926466362547,0.17877024398149607,0.30958007205389937,0.30892820631723006,0.20808165063624953,0.3559001007554006,0.07259445940805204,0.18226334200719368,0.2018294556948152,0.30961555185618356,0.722627618580697,0.1934740066225507,0.22764724485364654,0.1853478863562769,0.2551030854805349,0.2679825062917305,0.30905445138548737,-0.009926471483681145,0.16907218715334899,0.1830723559822346,0.22279906237861868,0.3525534134435932,0.20750145057703362,0.29833322259192524,0.2923302618049523,0.210686026805481,-0.02816819919062169,0.32633342037156854,-0.002267654154849573,0.16227286278354547,0.2418484451104711,0.16120790488105133,0.24785138385272776,0.10101152299166284,0.2571620573608078,0.07566948796812839,0.13058965064882003,0.2137605014512969,0.17054622189908775,0.1552347891599612,0.18162485097334494,0.16046709054542369,0.012794520681432234,0.14404116376447512,0.09147073141963233,0.17138102120093726,-0.02685235684106266,0.23873334287162576,-0.14467493297853196,0.0203192801059493
0.04132400759975108,0.15141605269456407,0.16564388080471978,0.14411565580054017,0.17011541846745845,0.1669013548429984,0.2039976396035965,0.16867148831780365,0.18671811123809717,0.1788655077881476,0.21907368273059247,0.1934740066225507,0.4217486232883244,0.1844672321154023,0.06259228558965801,0.18005835293828704,0.1686976638218765,0.16486546377048067,-0.011362445334381115,0.12751685966497037,0.14527468138475308,0.2177085192179384,0.2551560401932115,0.16308546549288244,0.1798730978267874,0.23062052036495564,0.15966631128181535,0.1203098035821386,0.25439512381885215,0.02315429376946752,0.07923796154150077,0.19157412050540942,0.11078391375924747,0.21569300436679192,0.12694380182326795,0.07595141439380647,0.08925193309633206,0.08526612492737347,0.20861166440181847,0.12858019280840718,0.16064838405312917,0.14356747791159613,0.14017604894268348,0.016886433932617736,0.06003341614287368,0.049263490306900456,0.18901061395719415,0.04913993384063655,0.36416775405402185,-0.01440136103660281,-0.00022719843698094548
0.0341702267682261,0.17853544338262842,0.19184178714980998,0.23084050234242606,0.279825811659624,0.3403592634565372,0.2670065837370798,0.34534086155251664,0.3203177587685654,0.19220743359293133,0.16657731508737678,0.22764724485364654,0.1844672321154023,0.7670355097329726,0.20704063585169785,0.44086205034533676,0.27737738806221557,0.1824138448353667,0.08652895767131995,0.3010168997090301,0.20541521024984347,0.3484966765027708,0.3255121810228974,0.33792036399630165,0.2876835450478645,0.33710943326554316,0.20055646202415325,0.3327968372998507,0.30682753373337746,-0.006347068552951129,0.2056061237955613,0.7191345552812177,0.16486185761053707,0.28673089594218654,0.0704658435955709,0.1465941338695773,0.23426774340149611,0.23151629422650077,0.17103043852428326,0.21241801499735932,0.30439985436605066,0.22389646799402577,0.2302954422148786,0.014185733773163034,0.17008979273453756,0.02587010482487464,0.31131344205005906,0.09559784391765629,0.688439324583794,0.00027960289073021945,0.025220644870268084
0.07469001817893622,0.2773593546248325,0.30505179009491634,0.17308976626746705,0.18365421891446732,0.26573323829310125,0.09380020678531852,0.2501514174362363,-0.011560716523877447,0.3112134096681478,0.2653389391565582,0.1853478863562769,0.06259228558965801,0.20704063585169785,1.123076442913217,0.2001265214193534,0.31273897034604065,0.18784526128837303,0.1498668579703322,0.41697685558944036,0.16727178764364906,0.04166740172109228,0.20698586030994212,0.20414381185697225,0.23293650021573536,0.18296527712098007,0.17545310985498536,0.45634731118028493,0.19814904026686397,0.06236568013992339,0.1724947895896553,0.2100341767441426,0.09339105535173017,0.2810497209810144,0.17175717734851667,0.0913108662960046,0.4907180347111202,0.23119624035855668,0.2978244328212998,0.18310665821518304,0.30119447045829645,0.19297549563159633,0.1996632619082675,0.007882358302892547,0.2952807314058295,0.08752704949106908,0.299878539731173,0.12419981114598527,0.3729374369607983,-0.0156605914523696,0.03369903989306889
0.03250942199339649,0.1333613587110569,0.13398326151642936,0.2294319898476397,0.2911696138211887,0.26532735653521167,0.24825421196769926,0.24858735948919217,0.1847745277530987,0.1839797428246335,0.22756841590608254,0.2551030854805349,0.18005835293828704,0.44086205034533676,0.2001265214193534,0.6596192239739463,0.3389633045098875,0.19538455105216548,0.10274484899733086,0.2264017176297535,0.18567456347694783,0.35671309257507045,0.2568916875500148,0.2545719122405609,0.15602529421182054,0.20752133088769023,0.20532093625025352,0.23155822873945117,0.2614890453087019,0.027883072182808638,0.19502696124300922,0.43063688644866893,0.12252085455498848,0.2574426791018626,0.1903926726750793,0.08046309324435613,0.27466697913918886,0.17900933597692273,0.21449547234545285,0.23388024311642033,0.25627055580069924,0.2034868718303431,0.2576448663088856,0.02309430016007858,0.19925736312586356,-0.0017702350316028562,0.29041903445134865,0.1309351304390911,0.5813059063362851,-0.026641614993009908,0.03595439168777831
0.0557773329927774,0.2268097827213398,0.2702368967044883,0.22240868923081983,0.20195962899641184,0.3107540950962955,0.2856551818259975,0.2678782987810866,0.19965933656974694,0.2509724537142644,0.29055360338834507,0.2679825062917305,0.1686976638218765,0.27737738806221557,0.31273897034604065,0.3389633045098875,0.8394675093131851,0.15980154047519826,0.0912803135302958,0.390996637873934,0.1866876673750365,0.2848698876902359,0.17702190829256942,0.2533509704680197,0.407991749348984,0.0806944966141298,0.27193289270811877,0.31225739119173695,0.3480228760378797,0.06455612045617809,0.24496803793400102,0.27748202518407206,0.19713692109839598,0.36867136071200995,0.17311105003519317,0.0955979603503194,0.4731882123198779,0.2644719513324355,0.20032325892398972,0.1840282602622998,0.297802508012888,0.1888924560668234,0.2847183602195447,0.017195104857633692,0.24189797453012346,0.09662082307365912,0.39186014632108124,0.1264593182842982,0.5037304768125127,-0.03637887860302741,0.007696412398409445
0.06563692340483139,0.253877924966635,0.20512220001516174,0.23298685212598302,0.23177594634379517,0.2137246704245959,0.23956412287994067,0.17391226037789487,0.19984740733368,0.21331046618981336,0.2433727298708606,0.30905445138548737,0.16486546377048067,0.1824138448353667,0.18784526128837303,0.19538455105216548,0.15980154047519826,0.952795283230826,-0.025692772749091666,0.09461035444758284,0.25271964360424726,0.2602845887712551,0.6950292720924278,0.20475427474188537,0.5048641617982826,0.45731861127461265,0.17833365751907795,0.49865424289118065,0.27242712584832807,-0.009556546864212789,0.40986925957155756,0.17929901059797393,0.2053887628951716,0.36651303286404885,0.1984656877926654,0.14623673645435925,0.2646265866582838,0.10948164552059568,0.3404256673440809,0.2253427127223917,0.28898737836633975,0.2382305086717565,0.32591293610680444,0.002500415271897203,0.2790092071732794,0.07258932411399024,0.30094824227841865,0.09316062944250399,0.42198515899300953,-0.09542870845823037,0.00804092782887599
0.05484432085076287,0.003368347066931742,0.2993579862033334,-0.03499103091723172,-0.05445261257707395,0.2139827565090002,-0.02783114646253056,0.22134306456012534,-0.05204086047636172,0.0796008857474495,-0.012574911057749199,-0.009926471483681145,-0.011362445334381115,0.08652895767131995,0.1498668579703322,0.10274484899733086,0.0912803135302958,-0.025692772749091666,1.482564759028457,0.2525616069462129,0.13138171899148426,0.06060286292917222,-0.42337483004143994,0.016630114118757942,0.09325012485234534,-0.07882696483746897,0.07424227381926152,0.006460528639158906,-0.08310213686360192,-0.054860398505152404,0.33983520007560974,0.012477991716115208,0.05882826422219344,-0.004625532934535907,0.043165611668095655,0.047033649637063114,0.3906081685575051,0.16688287152789166,0.37028295450506216,-0.009521488744215968,0.08166382092522767,0.0987441742637548,0.14787812275178075,0.00837632119564278,0.4414797730761822,-0.03475777230587746,-0.05275851662168468,0.15602961900930618,-0.1607813759732673,0.09105260392005941,-0.07860089168696004
0.04371043681433393,0.38799712782139684,0.2988838197461791,0.16096392448280966,0.17211300119647469,0.4188685951926095,0.16912288507577303,0.3867364009085779,0.1321196741186746,0.18864486269750477,0.2697817012073271,0.16907218715334899,0.12751685966497037,0.3010168997090301,0.41697685558944036,0.2264017176297535,0.390996637873934,0.09461035444758284,0.2525616069462129,1.2244218582230801,0.15260598307178713,0.09332786417217168,0.28184695173906493,0.262473774132131,0.23405159115200466,0.38758979296085383,0.40283896810722997,0.3619341817153859,0.42348076800850587,0.10787715321391678,0.08827341369290473,0.2918986530325765,0.08159251755499423,0.44951763935163935,0.25221397375955146,0.09980609322944457,0.8293357179489438,0.6114290039940603,0.7147250210860825,0.4252557729349846,0.3698906936213275,0.1805571084702994,0.415624607593072,-0.0094272517927786,0.8304172602043107,-0.005066813077237209,0.3577239544577205,0.24335502197588346,0.5672574494335182,0.03075910804633998,-0.01713071332968154
0.05703352780882927,0.19516424454122164,0.18329282001826785,0.13889718966559483,0.1524697355967187,0.2436630780440147,0.2247818838160697,0.1948995643398712,0.21475041459117614,0.11400295677135017,0.19158407640504438,0.1830723559822346,0.14527468138475308,0.20541521024984347,0.16727178764364906,0.18567456347694783,0.1866876673750365,0.25271964360424726,0.13138171899148426,0.15260598307178713,0.5401306374734831,0.204205756994127,0.25944276624032064,0.18034500775718776,0.19112563342227,0.18155273813371972,0.19680346047595657,0.31171005079329456,0.14260439155677035,0.09049603527976227,0.20942871820596723,0.21073765427152302,0.1832093120189222,0.2007139224915192,0.14934655561586252,0.06244083808995818,0.28623332520032535,0.15175523951033867,0.2787105092495342,0.1742703513005717,0.24394739525194312,0.4653945197413808,0.38472167080129377,0.004959871790108486,0.45304168776041026,-0.002448187873972964,0.278643302964379,0.16891634413961354,0.2976656786705245,0.008744163225111581,-0.004911644892743128
0.05410007691268715,0.19596746044929006,0.2841855263380305,0.15858209248281227,0.16407850574875138,0.30207135681723735,0.2975543052360509,0.20695989985199248,0.5231798746016484,0.17026220043589,0.1905996965038747,0.22279906237861868,0.2177085192179384,0.3484966765027708,0.04166740172109228,0.35671309257507045,0.2848698876902359,0.2602845887712551,0.06060286292917222,0.09332786417217168,0.204205756994127,0.9236603935293739,0.3793261318939164,0.2236646079308403,0.07213314502304831,0.27812846145651315,0.17640711191924674,0.19910998787470227,0.2786893023085141,-0.004838097239230509,0.13794294665806162,0.3714429227068892,0.10577474800163045,0.34811792500899635,0.20735441024453394,0.03928171060904652,0.19111020089073893,0.13059159603036224,0.3463209772828258,0.1936094859972004,0.2222564566697467,0.21351918200130787,0.23625498574460604,0.03351813467523357,0.1591217930269118,-0.002837696434950929,0.31024296247751326,0.12290951550468518,0.6127588799289049,-0.07820043994788183,0.025005591263764795
0.011343115911854326,0.05162074819622463,0.10787696305674557,0.29313023466929444,0.30000810971078784,0.20894893281537905,0.37255426184061485,0.16051849365350174,0.3497688960932471,0.2429270647775541,0.24805661237333565,0.3525534134435932,0.2551560401932115,0.3255121810228974,0.20698586030994212,0.2568916875500148,0.17702190829256942,0.6950292720924278,-0.42337483004143994,0.28184695173906493,0.25944276624032064,0.3793261318939164,2.12917599698342,0.56541325716489,0.40451429138537576,0.2937423382898303,0.30079208259737145,0.4365201163534137,0.7135341344257373,0.35629019799682965,-0.6128524836667337,0.3446825332539284,0.472286700853191,0.5698703586899018,0.2336332899980224,0.22399218285865244,0.6151088431050037,0.20072817164135212,0.6938192838334208,0.4509113911324014,0.47030182103193247,0.2658954441951312,0.249328860081201,0.006728393316626717,-0.0072335261770352915,0.2676365668734846,0.5974536260375035,0.12466756008940837,1.16337896536886,-0.11995863184964106,0.027674661002272206
0.023647556071213115,0.11887575526687814,0.14010905255248274,0.1906699759710019,0.21884990272929317,0.21497388287538693,0.2749326061397921,0.16843088052610677,0.24773631979785027,0.17515965324166555,0.17552875863322404,0.20750145057703362,0.16308546549288244,0.33792036399630165,0.20414381185697225,0.2545719122405609,0.2533509704680197,0.20475427474188537,0.016630114118757942,0.262473774132131,0.18034500775718776,0.2236646079308403,0.56541325716489,0.7401604131623812,0.3458857991169784,0.13735320608881235,0.31625763433091364,0.35484174133078544,0.29496606661163405,0.43962149638274345,0.2972765694466692,0.3967463952427073,0.41703980651083916,0.163196223376319,0.23162713872985363,0.37142750853431533,0.26164566305585096,0.213695400459429,0.15779377409062503,0.20931806325484603,0.3645670565499549,0.19822157631989137,0.22839948836478138,0.04294731402569801,0.00426366982267373,0.23683376253822372,0.2746018961498138,-0.038714606388210865,0.5799668450445785,-0.04514081689865794,0.005495268481018771
0.09466080533604486,0.28474561853768565,0.32930786834656234,0.24047936836749043,0.17622440981358226,0.24952026410903488,0.20596672013180534,0.2231488374259666,0.10296393684216462,0.2767022725981151,0.2505203137464923,0.29833322259192524,0.1798730978267874,0.2876835450478645,0.23293650021573536,0.15602529421182054,0.407991749348984,0.5048641617982826,0.09325012485234534,0.23405159115200466,0.19112563342227,0.07213314502304831,0.40451429138537576,0.3458857991169784,3.7067598174694534,0.26468778868321713,0.2228503859856482,0.19807111047143333,1.2378337078445532,0.09045229761736083,0.5682183778483122,0.34406211462636305,0.13370391647901025,0.9880846918341661,0.47802433949279877,0.6774828313360861,-0.14219226766961035,0.17706513675859292,0.7346831393438017,0.22275205972380704,0.36040247628670063,0.1669509432333681,0.02902906141500906,0.057608291606785454,-0.02419578701678463,0.4564018343268429,0.41790066465350645,-0.4237957164054389,0.5515866606395501,-0.0013964858410100741,-0.0425075006352947
0.06007448377029901,0.37232884891748425,0.3674772939300423,0.23178314059590796,0.23393559873825007,0.37940663689504134,0.2056973156015597,0.3374740702131332,0.3865807122832309,0.1930935061814398,0.289027744656501,0.2923302618049523,0.23062052036495564,0.33710943326554316,0.18296527712098007,0.20752133088769023,0.0806944966141298,0.45731861127461265,-0.07882696483746897,0.38758979296085383,0.18155273813371972,0.27812846145651315,0.2937423382898303,0.13735320608881235,0.26468778868321713,2.0104995999594015,0.2756193821546811,0.6270527141002152,0.1580099987863613,-0.7712156627405261,0.33171633467419037,0.3491416542048182,0.03939311609957663,0.43356588485241027,0.11146044847148466,0.08170762384921676,-0.3083882375050778,0.20091461210781364,0.31671685579585657,0.25536722020395947,0.1864206362667891,0.25155719177300423,0.36879447193616216,-0.04861970480574825,0.6171219555642546,-0.2740118564377131,-0.00607876857758739,0.17626420118456582,0.014233553365742469,-0.11659926944488615,0.011615873612467216
0.06992380247844192,0.3648960928260653,0.2078760086999205,0.11804977850192805,0.12662464574368829,0.26507362272490564,0.22874288590940473,0.23310530999186452,0.2159919261348811,0.1961874999368709,0.20370089915821707,0.210686026805481,0.15966631128181535,0.20055646202415325,0.17545310985498536,0.20532093625025352,0.27193289270811877,0.17833365751907795,0.07424227381926152,0.40283896810722997,0.19680346047595657,0.17640711191924674,0.30079208259737145,0.31625763433091364,0.2228503859856482,0.2756193821546811,1.9512362378000825,0.7741433310827864,0.12443877162485707,0.6207568581779659,0.22448983057393673,0.22057640989935084,0.3314857744276811,0.11732508039757712,0.24096341902732787,0.8025891279434385,0.4124822471345267,0.3275101381554698,0.1482320062291169,0.2816375083885025,0.5601725940578227,0.24156047169333372,1.0044071574973348,0.006891736104916787,0.7813031412428458,0.1012970502535285,0.059079480345924335,-0.1286859865970694,0.18132012765733033,0.07811709990747735,0.008421428150725788
0.03245037770855357,0.32409845259457937,0.16340542869736766,0.07405151733814544,0.0030733807721719276,0.23778725568883352,0.13198658416378065,-0.14526223807968128,0.34136457795974795,0.16345823109591712,0.17578427595403026,-0.02816819919062169,0.1203098035821386,0.3327968372998507,0.45634731118028493,0.23155822873945117,0.31225739119173695,0.49865424289118065,0.006460528639158906,0.3619341817153859,0.31171005079329456,0.19910998787470227,0.4365201163534137,0.35484174133078544,0.19807111047143333,0.6270527141002152,0.7741433310827864,3.0831542633928275,-0.36400717087125806,-0.029978948285081006,0.44847320616945235,0.36179339052569015,0.4251362238483207,0.3394852582663175,0.15125891831714072,0.14409216531733499,0.7012431468641778,0.2949501979212306,0.04677861670616702,0.2540475302441923,0.7367025888323858,0.3835570965744582,0.7367327755638291,-0.03229713449962863,0.544050221608835,-0.08478047888413183,0.23236903495190003,0.41877839456239413,0.5826140778197899,0.025632475889644596,0.019460345667943767
0.071437906245507,0.3246503844188554,0.3740985641788035,0.21913957158218572,0.20101081207993277,0.33565659898117184,0.25193637844528227,0.3298231740487357,0.24865340240835176,0.2948629354040929,0.30296604621491935,0.32633342037156854,0.25439512381885215,0.30682753373337746,0.19814904026686397,0.2614890453087019,0.3480228760378797,0.27242712584832807,-0.08310213686360192,0.42348076800850587,0.14260439155677035,0.2786893023085141,0.7135341344257373,0.29496606661163405,1.2378337078445532,0.1580099987863613,0.12443877162485707,-0.36400717087125806,2.5972647549602024,0.3081556073328867,-0.21283846603600062,0.35727993915855494,0.09143853591702696,0.781265724106126,0.39086036937422775,0.6314899518243273,-0.37400347318585275,0.11324388889884986,0.5365505742400849,0.2794100186087757,0.3250448316492555,0.10784795752444162,-0.08044969641278621,-0.013502693223577528,-0.29171302996766674,0.6804834207567535,0.46368532737782286,-0.4512287815013762,0.6914730722161169,-0.07696061029275557,0.0301979754712722
0.017967432933404796,0.009491750712071107,-0.24910299224003646,-0.09436538836708327,0.01939554742721555,-0.11606605162424141,0.14784158600008643,-0.03904534075452321,-0.016195365190414604,0.07188920582694694,-0.031815842496201056,-0.002267654154849573,0.02315429376946752,-0.006347068552951129,0.06236568013992339,0.027883072182808638,0.06455612045617809,-0.009556546864212789,-0.054860398505152404,0.10787715321391678,0.09049603527976227,-0.004838097239230509,0.35629019799682965,0.43962149638274345,0.09045229761736083,-0.7712156627405261,0.6207568581779659,-0.029978948285081006,0.3081556073328867,3.2319161977033195,0.004926881313209733,-0.03545733272110548,0.3221229579922006,-0.4353478580761133,0.8511915062747892,0.9139633105689949,0.8381671756717284,0.21337026600827375,0.13780013826140816,0.2903579959452722,0.6564868218922694,0.08841263416854045,0.8977550816433073,0.22194038999273008,0.2698556245666815,0.9225189676583596,0.37163445354072827,-0.6049135923384791,0.6698319020784624,0.07521762127550753,0.011245573042950714
0.08056612412851206,0.2661427592580917,0.20214611418337491,0.1420204479926815,0.17041585626093617,0.19958737481038183,0.1661587164982868,0.1642138880424784,0.12386151009991957,0.13487490099161834,0.16761227563551825,0.16227286278354547,0.07923796154150077,0.2056061237955613,0.1724947895896553,0.19502696124300922,0.24496803793400102,0.40986925957155756,0.33983520007560974,0.08827341369290473,0.20942871820596723,0.13794294665806162,-0.6128524836667337,0.2972765694466692,0.5682183778483122,0.33171633467419037,0.22448983057393673,0.44847320616945235,-0.21283846603600062,0.004926881313209733,1.7211120776210023,0.23803567032311157,0.14271111741559314,-0.004563680960586901,0.17889772674424312,0.29074089860602875,-0.2201537296198476,0.13372347133252044,-0.1605032574375016,0.03646741491463031,0.19736112792942362,0.2085632742982994,0.2902461516505976,0.04690710624399205,0.27240221690423355,-0.04041156976539832,-0.04605128276050707,-0.008680935267056463,-0.0704993085502701,0.0011198921686022955,-0.018516651302817384
0.03407214470170127,0.1762665684856334,0.17355510513886835,0.23825612619239434,0.31094827898508254,0.35178962814331977,0.29763275572275477,0.3214226664980403,0.35723664844504843,0.19675318835597133,0.19003322913470191,0.2418484451104711,0.19157412050540942,0.7191345552812177,0.2100341767441426,0.43063688644866893,0.27748202518407206,0.17929901059797393,0.012477991716115208,0.2918986530325765,0.21073765427152302,0.3714429227068892,0.3446825332539284,0.3967463952427073,0.34406211462636305,0.3491416542048182,0.22057640989935084,0.36179339052569015,0.35727993915855494,-0.03545733272110548,0.23803567032311157,1.0649322134770993,0.1710154503495564,0.24966089506948946,-0.04961979258968969,0.21229092552618886,0.07409431939744449,0.2374010877820683,0.08422152374198613,0.2262829241660206,0.2972665300414845,0.23503721181988438,0.17389387794650477,0.009358345248182963,0.0835515626572865,0.010876644282639581,0.2573807891507987,0.046695894475763396,0.7685230886357799,-0.009264828962505273,0.05928184469721053
0.033921561232840285,0.06871729470265549,0.06160679691555789,0.14979215141556762,0.12910480501196334,0.04269072328937803,0.2181628501870207,0.0028116325351299474,0.15933008250984665,0.08051402567663185,0.10185132165514213,0.16120790488105133,0.11078391375924747,0.16486185761053707,0.09339105535173017,0.12252085455498848,0.19713692109839598,0.2053887628951716,0.05882826422219344,0.08159251755499423,0.1832093120189222,0.10577474800163045,0.472286700853191,0.41703980651083916,0.13370391647901025,0.03939311609957663,0.3314857744276811,0.4251362238483207,0.09143853591702696,0.3221229579922006,0.14271111741559314,0.1710154503495564,1.672886917440629,-0.06060946654716685,-0.3513143176627641,0.012692907737032551,0.4127200397629191,0.14924546066436717,-0.4553608398409411,-0.02656418002715763,0.10710397446496454,0.2181370508079477,0.49504402032346473,0.045267541336044236,-0.5164785202550302,0.2398920444456585,0.4031074388709281,0.22447937968119672,0.8699517973508747,-0.0713170273422448,-0.03565506223373928
-0.07414318450026051,0.2765631512762142,0.38458429084592616,0.23833209996304808,0.21394922196792474,0.38781758179607295,0.1864505066343525,0.33714726292045644,0.2901455757996962,0.27801589515969016,0.2958277535069302,0.24785138385272776,0.21569300436679192,0.28673089594218654,0.2810497209810144,0.2574426791018626,0.36867136071200995,0.36651303286404885,-0.004625532934535907,0.44951763935163935,0.2007139224915192,0.34811792500899635,0.5698703586899018,0.163196223376319,0.9880846918341661,0.43356588485241027,0.11732508039757712,0.3394852582663175,0.781265724106126,-0.4353478580761133,-0.004563680960586901,0.24966089506948946,-0.06060946654716685,2.5999498837829647,0.5884336890168709,-0.2509642603937221,0.6204436142497398,0.17501140469859555,0.36208230690907145,0.06801617177904344,0.5895813891613052,0.2288766967546152,0.28503533902540856,0.09103023229962927,-0.08912380386466168,0.04223823436995137,1.1367100283143055,0.5851015442594268,1.1802861122199577,-0.08981811075727794,-0.0284542561050275
0.0032199854487074864,0.21585997104787757,0.21870338741350118,-0.23748659292959123,-0.19372572192554927,0.029820210892907942,-0.029845821692077334,0.15457929747332871,0.06032956986996776,0.14818010386004857,0.1383130884460664,0.10101152299166284,0.12694380182326795,0.0704658435955709,0.17175717734851667,0.1903926726750793,0.17311105003519317,0.1984656877926654,0.043165611668095655,0.25221397375955146,0.14934655561586252,0.20735441024453394,0.2336332899980224,0.23162713872985363,0.47802433949279877,0.11146044847148466,0.24096341902732787,0.15125891831714072,0.39086036937422775,0.8511915062747892,0.17889772674424312,-0.04961979258968969,-0.3513143176627641,0.5884336890168709,3.220897017211018,0.18704143614689414,0.5245013755076557,0.10469614695081203,0.9333934674166412,0.5915995715440441,0.4782847816174521,0.13796996022454225,0.3649340092769368,0.06717404451382727,0.6904183287341331,0.1949908573347157,0.5890607368105746,0.20112367190280828,0.7452371312380536,-0.12384090527578268,-0.0062716534181278686
0.10403395134860569,0.20928836236028528,0.26706157498331584,0.14202708857806726,0.10399749925562751,0.07144134525224584,0.22411601803385908,0.08264567113021531,0.12349832582976014,0.19260534639037538,0.053946099680387265,0.2571620573608078,0.07595141439380647,0.1465941338695773,0.0913108662960046,0.08046309324435613,0.0955979603503194,0.14623673645435925,0.047033649637063114,0.09980609322944457,0.06244083808995818,0.03928171060904652,0.22399218285865244,0.37142750853431533,0.6774828313360861,0.08170762384921676,0.8025891279434385,0.14409216531733499,0.6314899518243273,0.9139633105689949,0.29074089860602875,0.21229092552618886,0.012692907737032551,-0.2509642603937221,0.18704143614689414,3.4710406990726614,-0.506517985090658,0.16016751055422337,0.499886247889412,0.28091945723099604,0.6470922305078174,0.013761030397905216,-0.4845951527301313,0.1021068138434525,-0.24014353984844614,1.6115037629780347,-0.6731218686942627,-2.015870210688866,-1.3230928254301215,0.036170689837060455,0.00209744300360574
0.0426293575548181,0.4331615291981246,0.3211442171499225,0.06452768340206083,0.09697933012382688,0.3120414702042591,0.13013831258898872,0.27893851913177314,0.1448483307104424,0.20686115143479303,0.18006908576928843,0.07566948796812839,0.08925193309633206,0.23426774340149611,0.4907180347111202,0.27466697913918886,0.4731882123198779,0.2646265866582838,0.3906081685575051,0.8293357179489438,0.28623332520032535,0.19111020089073893,0.6151088431050037,0.26164566305585096,-0.14219226766961035,-0.3083882375050778,0.4124822471345267,0.7012431468641778,-0.37400347318585275,0.8381671756717284,-0.2201537296198476,0.07409431939744449,0.4127200397629191,0.6204436142497398,0.5245013755076557,-0.506517985090658,4.591532070789181,0.7258551994668793,0.5193108874457112,0.11744665552038897,0.8918373818932024,0.30365331996212136,0.8127554216052053,-0.019337489685412032,1.5045700492131948,0.20324971692208207,1.350187267818047,0.8789351792763361,1.4200290831830356,-0.003610018268399378,-0.030965779506265088
0.04903791163695604,0.24784283886559566,0.23497690949718017,0.11648358252819181,0.09974987051418924,0.25673360561040526,0.13601374851006612,0.21894051932293837,0.13725666834414063,0.12592285397754469,0.1502442808877169,0.13058965064882003,0.08526612492737347,0.23151629422650077,0.23119624035855668,0.17900933597692273,0.2644719513324355,0.10948164552059568,0.16688287152789166,0.6114290039940603,0.15175523951033867,0.13059159603036224,0.20072817164135212,0.213695400459429,0.17706513675859292,0.20091461210781364,0.3275101381554698,0.2949501979212306,0.11324388889884986,0.21337026600827375,0.13372347133252044,0.2374010877820683,0.14924546066436717,0.17501140469859555,0.10469614695081203,0.16016751055422337,0.7258551994668793,0.9661407293168064,0.25924481111851483,0.29936585150909295,0.34605919698384674,0.14636263860710094,0.35477264769390465,0.03629385972207894,0.744193619968882,0.09944658441566494,0.28789348400375236,0.0842345450924179,0.21314867520188172,0.005179961379147026,-0.014825341344146814
0.06250892469026796,0.2550396437051011,0.28774987439555744,0.13556110613946765,0.1391006178097279,0.32068501692367757,0.1863756839164259,0.38816880453977193,0.13877401228217473,0.24023300356746394,0.23810988872760525,0.2137605014512969,0.20861166440181847,0.17103043852428326,0.2978244328212998,0.21449547234545285,0.20032325892398972,0.3404256673440809,0.37028295450506216,0.7147250210860825,0.2787105092495342,0.3463209772828258,0.6938192838334208,0.15779377409062503,0.7346831393438017,0.31671685579585657,0.1482320062291169,0.04677861670616702,0.5365505742400849,0.13780013826140816,-0.1605032574375016,0.08422152374198613,-0.4553608398409411,0.36208230690907145,0.9333934674166412,0.499886247889412,0.5193108874457112,0.25924481111851483,4.3599955932314085,0.9356514931879972,0.2339022417728857,0.2510520399346587,-0.46839793636905597,0.026699168696519,1.3777233288493727,-0.32325072289803464,0.22251257424327395,-0.27815179500786463,1.3788752827387398,-0.05418153891980829,-0.05247490152875692
