0.9057276061247753,0.17452555443901194,0.3189565579081507,0.039241515584035346,0.046532129820478565,0.042628129014700145,0.10746150347975457,-0.024310177834574936,0.04417848169519263,0.06756726144000515,0.014330074296095265,0.0646356012670682,0.020718473123969558,-0.002943489719863162,0.021786538708917485,0.026806425595881526,0.02755554956517592,0.06345936709494446,0.01304701881130611,0.0014826963862215267,0.03909529386381672,0.03179424563529527,0.0028244995589549577,0.004925113763048579,0.007680852588885542,0.019773243902894335,0.03252866368427064,-0.0037134033739163767,-0.0007832935853763735,0.035208327452471384,0.0525978865555586,-0.013941662822231853,0.055432015554205405,-0.10371149988021015,-0.0008483019515249198,0.01472019214461716,-0.004309954816938543,0.010093858001133396,0.01012028858292646,-0.009613974787416076,0.031001635159224862,0.02090464754709244,0.045573973915191524,0.0041487861355010295,0.14461520334453032,0.06523846847242189,0.04254609109457903,-0.0048360317412438234,0.02389500399617952,-0.02036517477313866,-0.009858898500502611,-0.07528681634749926,0.08521388517922053,0.012862817244783789,0.051109563526703025,-0.04377890101150414,0.10655521521694722,0.4064897442631235,-0.5563269133625248
0.17452555443901194,1.3007864258343627,1.1313197600056364,0.044819378104553054,-0.07067067095908301,0.38899557148422603,0.19686893023842114,0.1624597457234705,0.3664625417132033,0.29662724314867644,0.20093108744714047,0.22650140876550331,0.11187526546732966,0.08911711772056616,0.26362312309467173,0.14085319862966075,0.2554442200649041,0.3305806879343787,0.10434689836530624,0.4157498837546315,0.2884414108382878,0.20173093226183808,0.09526473326232168,0.1711235358410368,0.17997501985142442,0.22593663963208513,0.22028467011960448,0.2441347069122573,0.24079995613256394,0.037406442399319374,0.1811014522675641,0.0750308736513593,0.15470057296523257,0.23061472273561964,0.32470170122628467,0.23712514402809673,0.4946591812751187,0.21614317202118213,0.20643300154353772,0.06420605325721793,0.3734512129485683,0.23575197432035547,0.33758954313977707,0.036949333274282584,0.4505053873910033,0.261510088419872,0.18309582301541746,0.0033460772603939536,-0.1939660175251877,-0.164309062653474,0.03649312163032285,0.10304148095594282,0.08654891744264018,-0.037895169278182775,0.05098220763807083,-0.05652925183392576,-0.5026671814868652,-0.05090461663926214,0.498295570360004
0.3189565579081507,1.1313197600056364,2.3663133094740085,-0.00156833425881155,-0.29579502032088956,0.4387776665277029,0.22794346803654025,0.07083826051011322,0.6129468720211262,0.294165343755297,0.1262381639842168,0.2501718688580533,0.09424428898806007,-0.0007112537877580587,0.2546406208973026,0.06390884838524688,0.24538458309373706,0.2483126784189041,0.09795480774301181,0.17652747723733703,0.24902597554781128,0.21460124707139538,0.14548599904800094,0.12490106306334085,0.16639130911152863,0.14783186771801973,0.220752329406583,0.24490176526635532,0.12326733340811577,-0.24383713654759842,0.13723414098392503,0.021436385406191496,0.1836849863829261,0.14023998372086408,0.2843239214115038,0.2967273376531049,0.42654327519844326,0.12689739977433354,0.15499121790940057,-0.07163967363423807,0.33664051317976146,0.17908580546393227,0.15815241498660643,0.06188382611905394,0.454484668329243,0.3418866797875676,0.02228714505608739,-0.03133132318240708,-0.5040051935058153,-0.20774307899130842,0.04237749213364547,0.2756579629360926,0.060242340736971316,-0.10884175969029797,0.11824314855521782,0.03882956531524049,-0.35963791393937217,-0.5300923994019827,0.6148547701183058
0.039241515584035346,0.044819378104553054,-0.00156833425881155,0.7158009672234941,0.4190195263043375,0.29325537112483746,0.23644852615524645,0.2712483323265679,0.04279398945098049,0.10183125306547575,0.2087562540605096,0.2815980834327892,0.1348632187975455,0.16182369451400902,0.1361405175450626,0.21543418139192286,0.1507454479571921,0.12211194838479021,0.21415096626593252,0.12958601689891577,0.12794947053942418,0.1261283011844139,0.06498082173160111,0.08153768708789637,0.1801435001066202,0.16827337774616524,0.1424608617520013,0.03408264476426922,0.2281312416584001,-0.004754932634989774,0.02865214813844033,0.1793468391014014,0.04145764013410829,0.2011020493683249,-0.08609718065226918,0.10357280608418987,0.17345597394046908,0.0756255332269503,0.19199121193349628,0.07556312225349957,0.1134795222105552,0.1155868811852366,0.1797032110182359,0.030799244954785213,0.0810039284154896,0.11158113576580242,0.0783938726102725,-0.0016821218922714485,0.05694443617326033,0.19235592731888043,-0.06877041414587562,-0.023881840226614142,-0.1097042628002577,-0.01185683450540193,-0.0846182725708593,0.07024020484517061,-0.19574088268263284,0.21879022763051986,-0.030459222094340335
0.046532129820478565,-0.07067067095908301,-0.29579502032088956,0.4190195263043375,1.2328883993719775,0.01242782331614735,0.2282884067811809,0.3957760101010647,-0.08841439983050207,0.1781323397181604,0.2307610285304542,0.3258241527140448,0.18536800040097487,0.23022138897724273,0.13556211990065892,0.28081202830618945,0.13648969772428285,0.1326927346951813,0.32968120796152045,0.08871580237455211,0.11141299410521537,0.12261874738931505,0.06453750459443681,0.11598924137342477,0.19209449572545387,0.1757377540857974,0.13258853228411152,-0.06825012928863186,0.30592511169410097,0.007351033595529599,-0.009162253153900691,0.2193974660551618,0.011352129065869826,0.31303069098839853,-0.20292826621429003,0.12165667841924967,0.16810554220868004,0.04697472383407551,0.23204122839667074,0.09583209834215406,0.07792881514043842,0.12262004380004106,0.09479724571348483,0.0129277518402429,-0.07053966520072671,0.10673339373326722,0.08417892185944864,0.00234971006455829,0.19239453905815074,0.3374772103705555,-0.09170887205091596,-0.22993502263681134,-0.03227645744472467,-0.029312775799345173,-0.19078257827412348,-0.05625580777431989,-0.07153155071637873,0.18279436666670287,0.13567639865239378
0.042628129014700145,0.38899557148422603,0.4387776665277029,0.29325537112483746,0.01242782331614735,1.2540290394540086,0.17039352782977316,0.22024240161922898,0.3098045177135559,0.21993300263829663,0.30542977712280445,0.3253546628818939,0.1527542211892014,0.10211989273012437,0.2513247476558372,0.1897939343846303,0.2768392074043265,0.20959539847435346,0.4867166185590125,0.35799382109352335,0.2642827245509034,0.18671886770825266,-0.04541560106853842,0.13275197375430903,0.21429141794487544,0.26612955667755606,0.21067789967378744,0.2533166709404341,0.3412325732542622,-0.02446870108659459,0.14321101110442663,0.15531860827307517,0.044436796629409234,0.23821752958684814,0.2773523937810539,0.10885852451305673,0.3998108339492211,0.17643797396785885,0.34425064519231463,0.17666940222678437,0.2852152810979276,0.21400087511147453,0.3994328081615273,0.03779415775536312,0.418234400415436,0.17975145492821135,0.17033608128088304,0.022616783435518158,0.08844190607567823,0.2522073588875861,-0.11694817384319861,-0.0008915083661865667,-0.24081938764293345,0.03452183237089586,-0.05241864880770841,0.04914856780890784,-0.4209247425416922,0.2963493248090762,0.08060849967064068
0.10746150347975457,0.19686893023842114,0.22794346803654025,0.23644852615524645,0.2282884067811809,0.17039352782977316,1.053130171417413,0.11667255121927245,0.17865221263609557,0.037359537255492535,0.18017494835730807,0.34509470771679573,0.15457875968278625,0.25034646776166575,0.05967368068972521,0.2818225985812469,0.2305721769786076,0.15473832463949105,0.0092586704592925,0.022986353568270466,0.16505586942810302,0.23878575586725367,0.1586206166835091,0.10728623633662183,0.16433336034238763,0.21415105301092405,0.17752745183940097,0.024069730951933422,0.2126514125303661,0.05321607110501762,0.05131639349924357,0.22715593022660552,0.05076797106862125,0.20565523475718564,0.20647642449213338,0.1477238869339345,-0.024343443788163076,0.0347452192823421,0.17378677105616216,0.08719682548325786,0.10159493809679197,0.15924152694045005,0.20443769554274302,0.03846618311651646,0.07990596553623817,0.11160932836677712,0.0473287320698818,-0.02828267688364864,0.21773390682586494,-0.016278579714040318,-0.0474929868992236,-0.3448713461766367,0.2577517740962061,0.07619118499056282,0.03699437896900013,0.0662435725922565,-0.2524346663641611,0.270796983001671,-0.2577015456705928
-0.024310177834574936,0.1624597457234705,0.07083826051011322,0.2712483323265679,0.3957760101010647,0.22024240161922898,0.11667255121927245,1.0237000378076164,-0.09148313548394221,0.06974809341123799,0.29788838969210796,0.10879187543249652,0.19125473236935595,0.1412340772445652,0.1554594267622669,0.19293173635430214,0.24221377930337196,0.2942894993970813,0.30903461973681046,0.3352442468679878,0.16990320948095977,0.134787886845977,0.007846786320306413,0.08833652502487341,0.27513888767825495,0.3260895703916304,0.1866605867157093,0.13159787678303866,0.3310877674115288,0.14198439303378207,0.22454447562115462,0.12534467215559675,-0.002134673214437256,0.3015560034103057,0.2655749358630962,0.11260621188203752,0.4171275674482839,0.1595176313531685,0.3287962257368645,0.17816486866993325,0.16696870562497115,0.17732261958377554,0.3422528802167002,0.033222883976367884,0.3285781757441923,0.22637798125406836,0.27630400086732204,0.02388907462153728,0.1174336378979432,0.17174605879128466,-0.0042160985906484726,0.018512583239872187,-0.015909463071910487,-0.1483932388039524,-0.19398159753544117,0.0745113686057863,-0.05189356556345535,0.44914175962030145,-0.29388453852971524
0.04417848169519263,0.3664625417132033,0.6129468720211262,0.04279398945098049,-0.08841439983050207,0.3098045177135559,0.17865221263609557,-0.09148313548394221,1.0180250741853925,0.17880975942668617,0.10101902471210923,0.23861053947859004,0.06354422116292928,0.17135323440219108,0.24066560396025652,0.054876923518849256,0.18651679611533173,0.15246777528958763,0.03041843172968337,0.14713959992769066,0.20813590952976058,0.2892558880410535,0.25745689065814775,0.13936546137258266,0.15179041617279485,0.18550729439567273,0.15852874417240162,0.1568396450060862,0.12904531941409794,0.043056682198142446,0.08482349013424566,0.1772784842515577,0.21203525577246812,0.10357842707000722,0.16713102563198107,0.21127084288294484,0.2111356910516926,0.11507394779983171,0.1853182782495924,0.050916227825947076,0.22810924869400334,0.15415190908773144,0.23898533797458424,0.0353732415492375,0.18841026998048835,0.19887002341349308,0.10158804987605585,-0.03157628762918454,-0.10956323673661969,-0.345925136967857,0.06567468277005704,0.10747782454587763,0.17660587668184782,-0.014632039212260596,0.05179151143013406,0.17490406132630149,-0.4535884994506174,-0.13545978781488976,0.27635404368752314
0.06756726144000515,0.29662724314867644,0.294165343755297,0.10183125306547575,0.1781323397181604,0.21993300263829663,0.037359537255492535,0.06974809341123799,0.17880975942668617,1.2958464304751798,0.24505700516258014,0.3763602083858043,0.13786379661891673,0.1913525981120211,0.2750546319857941,0.17040666004043986,0.2770257633062935,0.2900910498953727,0.20855942875222344,0.16675831130385763,0.1516081920847209,0.11417063864366986,0.1047039394064611,0.16797205519290015,0.19376429124329883,0.12920403210033804,0.22865775493089846,0.12574086937382223,0.4006903767328989,0.09782082173806382,0.09093883004992213,0.1809557982169982,-0.017377471999270463,0.3548579725920043,0.307659554346873,0.1714677467833714,0.22136214356126274,0.07880395227521632,0.23895183438558373,0.14161652192682048,0.2017426487891389,0.14917918505314182,0.16081042253795644,0.041941792244233916,0.17370242209804024,0.13566582739500868,0.22996891749689338,0.0014867434038212766,0.08742974068430036,-0.14043544904039354,0.05100413230275592,-0.05595629664218828,0.10785210182571243,0.06906411262613234,-0.17307272064599158,-0.03368371229284533,-0.19228201038172674,-0.11385565364890217,0.4321730278680592
0.014330074296095265,0.20093108744714047,0.1262381639842168,0.2087562540605096,0.2307610285304542,0.30542977712280445,0.18017494835730807,0.29788838969210796,0.10101902471210923,0.24505700516258014,0.5842239979028835,0.3203710583334329,0.17872928429172175,0.18625194452368732,0.27818660687315916,0.22547155116505843,0.2609424645156125,0.19677784281220978,0.19930392162983884,0.33199123544046466,0.2273518281556497,0.16726922442103626,0.09734305991058058,0.16123304070704142,0.24741097743711346,0.20828155112530453,0.2268972700412218,0.15935903290275721,0.3728659732405637,0.12719292450013883,0.14873499858919123,0.18156570103411637,0.06667618545662898,0.2976512959954433,0.28408210411597346,0.1950449902504718,0.31001200230615944,0.15837047719491368,0.303572615608041,0.17229188161753917,0.28037017264934205,0.21310037425097667,0.3068205916804782,0.023269180300419988,0.2768614832661908,0.21342460209215877,0.19652509171084298,0.008612246117317184,0.04540463132488517,-0.1087268976556501,0.016167802275974384,-0.01850827802279864,0.08641674861401791,0.010641355922158733,-0.07935728781447861,0.0454063124807578,-0.23368882008387845,0.1738713444767989,0.036710999062483866
0.0646356012670682,0.22650140876550331,0.2501718688580533,0.2815980834327892,0.3258241527140448,0.3253546628818939,0.34509470771679573,0.10879187543249652,0.23861053947859004,0.3763602083858043,0.3203710583334329,0.8364740602226259,0.11311403394154984,0.22973874448557563,0.2327091745052585,0.2628576578486548,0.25359815787572715,0.06649926326151495,0.17665120091872197,0.22507454969511395,0.20031665503937526,0.1766981576839683,0.09193341732258187,0.15092125596650735,0.25548640751289553,0.2631054217607988,0.3103545440657773,0.08501369445721917,0.3225242538796354,0.0196357127964871,0.01709246526473768,0.2227627086314242,0.03927600367082396,0.24668705322209827,0.3031503362210015,0.12368182004117101,0.16157194793679483,0.11351853661315779,0.25403759498928424,0.14839471143313815,0.19314075511985024,0.1975531747037327,0.23616211406452123,0.031452956408266106,0.14628091866244522,0.1276730080090991,0.08046973023269335,0.008539096883521686,0.2409113881113734,-0.10748122930412674,-0.011944613304908142,-0.18460369848874045,0.1585916732199613,0.08302538726369729,-0.03116925649841159,0.028069952383173846,-0.32833851633950856,0.019646823486981053,0.24755812229589969
0.020718473123969558,0.11187526546732966,0.09424428898806007,0.1348632187975455,0.18536800040097487,0.1527542211892014,0.15457875968278625,0.19125473236935595,0.06354422116292928,0.13786379661891673,0.17872928429172175,0.11311403394154984,0.3366215469840228,0.135809698778596,0.08919298103620593,0.16863713160208235,0.1291636519917291,0.14801896272674153,0.14980154183046482,0.09555659639651605,0.1029651919935895,0.18189761617183486,0.06482824506820034,0.0990493326869825,0.13358708386582,0.1324619247427591,0.13424195676649278,0.10140227915209055,0.23033533644465756,0.06842143656472775,0.06802834157945072,0.14043887909788133,0.03835939804879345,0.18551434661803826,0.11310319775250868,0.1240955034073673,0.16298040568975336,0.05608915170027714,0.13066620395067538,0.05786397917022235,0.09890481594907624,0.10780060615040453,0.17758403440632467,0.02410160397815423,0.008774124503648473,0.14646574438098445,0.11990745785133942,-0.009842822791259968,0.14979210707255275,0.1476901948508179,0.03422111426658517,-0.06988225767542991,-0.06740395643556824,-0.07334197235389918,-0.002796429003430275,-0.0012609878326001278,-0.11834297171236252,0.07286045559627699,0.026305693656515042
-0.002943489719863162,0.08911711772056616,-0.0007112537877580587,0.16182369451400902,0.23022138897724273,0.10211989273012437,0.25034646776166575,0.1412340772445652,0.17135323440219108,0.1913525981120211,0.18625194452368732,0.22973874448557563,0.135809698778596,0.7120438728874168,0.2024867089822584,0.29908509027831875,0.20803389058417626,0.11614077403456435,0.08597658929129025,0.16829697289955056,0.18975224104794194,0.20115600381657478,0.1993623043935481,0.2129097489041942,0.22591221451024068,0.18474402522061584,0.14050066454356858,0.06229368717393866,0.35300090068213325,0.09226981194896085,0.006221283763562156,0.5873771170670706,-0.01213586328682403,0.22918346539193435,0.21033359285373435,0.18287200243499221,0.09206985614167885,0.12437195012785998,0.1780882570076104,0.15292935539672667,0.1748083826782476,0.18226664366554274,0.278638700162226,0.03520144771212557,0.09781280177958847,0.13897055816718298,0.14545616824561974,-0.020668457780067106,0.07220496697859839,-0.1245389235690285,0.02178283278440272,-0.16528129004913053,0.1687810482288214,0.07254278407522151,-0.25334224773610525,0.07660795114489602,-0.32531230032708525,0.14840863491753412,0.31043088190514423
0.021786538708917485,0.26362312309467173,0.2546406208973026,0.1361405175450626,0.13556211990065892,0.2513247476558372,0.05967368068972521,0.1554594267622669,0.24066560396025652,0.2750546319857941,0.27818660687315916,0.2327091745052585,0.08919298103620593,0.2024867089822584,0.7341847419317834,0.13536332273947263,0.22904739558488896,0.2696545145386122,0.16590975484481874,0.25578518065279027,0.2270956876884604,0.1027801358206708,0.23059459895320078,0.1390927969911912,0.2830569657026662,0.14998849235949993,0.15120171754352724,0.22961589452350575,0.30116152052889195,0.12782056848374826,0.08798596043566947,0.20391905937356367,0.10870821819861928,0.24533175939516635,0.18097088064875588,0.2062649087279907,0.2723684497789588,0.13006685732534723,0.22459287690341612,0.112888205915814,0.3046186768525175,0.17988520164895408,0.3206750099203068,0.02806659236924306,0.30269638648783653,0.21116267935631827,0.20765880355164942,0.010293653494754723,-0.16098897895647746,0.14788980309011387,-0.1304221733631413,0.3045218479809264,-0.19076210376975927,0.0010615123122294642,-0.05555088725558798,0.14134860731417767,-0.433987897232519,0.19843545302133958,0.055908312020567764
0.026806425595881526,0.14085319862966075,0.06390884838524688,0.21543418139192286,0.28081202830618945,0.1897939343846303,0.2818225985812469,0.19293173635430214,0.054876923518849256,0.17040666004043986,0.22547155116505843,0.2628576578486548,0.16863713160208235,0.29908509027831875,0.13536332273947263,0.7056714407809132,0.24237752316018063,0.12928616071447518,0.1562354678059922,0.17490161914796906,0.2068535414290247,0.28449243439673993,0.11127145989249412,0.1729556662131173,0.2529591211156881,0.2585151473341214,0.21096983804935568,0.1383031508776438,0.3463394018720836,0.1622628653388304,0.06190678124610728,0.22188138440358207,0.020968447532784304,0.21578964766770445,0.42810277542550396,0.14825709511673504,0.23194890441369176,0.12856556065093563,0.1588760919113178,0.15197744771040958,0.1972487601967796,0.23976619443077615,0.34677235401408696,0.03827711748963515,0.15517903568577565,0.13657787195198942,0.1795473493975079,-0.011904851669524628,0.23522719614903242,-0.36998353946907847,-0.0024444000736672995,-0.10270458695063538,0.2789069629698611,0.07077528160659877,-0.021516660484253224,-0.008360375252378472,-0.3439523748018541,0.12787639306931115,0.21904041252190726
0.02755554956517592,0.2554442200649041,0.24538458309373706,0.1507454479571921,0.13648969772428285,0.2768392074043265,0.2305721769786076,0.24221377930337196,0.18651679611533173,0.2770257633062935,0.2609424645156125,0.25359815787572715,0.1291636519917291,0.20803389058417626,0.22904739558488896,0.24237752316018063,0.6503032709093985,0.17524154324366423,0.20134171560253294,0.34670201911487886,0.28246299601956254,0.25068812620457076,0.06735792578728737,0.19201393743874073,0.20464623100474522,0.17611646552965546,0.20489868271075404,0.3347443664325131,0.2176256707462293,0.11530953094633868,0.19844736837524887,0.18766131763665034,0.18425596535297414,0.235924603235547,0.3392093371407329,0.25618209817030807,0.40772105934309544,0.19552547991225072,0.2957994926589497,0.16083424254327225,0.3853332161608915,0.27972038464382326,0.3363119837348337,0.0463229119584129,0.43344411795891635,0.25259052188539,0.1951233545023747,0.0032608162309606032,-0.053031915127616444,0.03240568264334538,0.0023965276674728034,0.03846159870001821,-0.03465484874830059,-0.012861203604393764,-0.10135914627249881,0.037902632140726256,-0.29367101120132655,0.12325253882879718,0.08913948991608343
0.06345936709494446,0.3305806879343787,0.2483126784189041,0.12211194838479021,0.1326927346951813,0.20959539847435346,0.15473832463949105,0.2942894993970813,0.15246777528958763,0.2900910498953727,0.19677784281220978,0.06649926326151495,0.14801896272674153,0.11614077403456435,0.2696545145386122,0.12928616071447518,0.17524154324366423,0.8191795247491227,0.1427779414052634,-0.004297811120318443,0.18653638835525183,0.16138318481789676,0.2981489186811177,0.06581357645101132,0.18161218551282263,0.20027198165390786,0.06424057759701815,0.1538309912377359,0.2762103926576925,0.006576330953722228,0.24133850824561812,0.10285070147230345,0.028286347355042842,0.30684170577691305,0.20601031453424223,0.15356025563696774,0.2545758279716727,0.027519763215170117,0.2081369856209898,0.11169993343084963,0.12294223750052202,0.12202933974004898,0.34876422580033434,0.04483417217349353,0.37851819439778905,0.19295481778557136,0.38361414109853403,-0.015406541795930612,-0.09254641238676202,0.06655578469528596,-0.011914618575931275,0.12844973262099021,-0.04947969306343735,-0.061917313112137023,-0.037491243483989446,0.04873134080256198,-0.1656135149567953,0.39069974064596924,-0.31668431304925176
0.01304701881130611,0.10434689836530624,0.09795480774301181,0.21415096626593252,0.32968120796152045,0.4867166185590125,0.0092586704592925,0.30903461973681046,0.03041843172968337,0.20855942875222344,0.19930392162983884,0.17665120091872197,0.14980154183046482,0.08597658929129025,0.16590975484481874,0.1562354678059922,0.20134171560253294,0.1427779414052634,0.9792120964044638,0.1254218430789924,0.1735329075537342,0.09613025236156864,-0.17701470757112697,0.11607530132541037,0.1724497793918047,0.13693213534456464,0.10917721310879047,0.2567591088130655,0.23746220620830946,0.04933328878784087,0.16988938960079367,0.13103792865802694,0.11301631720223557,0.1866374797660351,0.0386127578326479,0.0913336205401876,0.46261518515818084,0.09791304454056622,0.33136540088494254,0.09291929169671591,0.18503814563347168,0.1399002550741494,0.13528970699402687,0.02086620165433202,0.2571385375014687,0.18130929991459202,0.09747868113345466,0.037541862167469006,0.04973288444938095,0.31294302646704314,0.19150860908982006,0.1747411589984372,-0.4495036725766427,-0.12986558209246807,-0.13484079199456872,0.008809912669909704,-0.1110172814683409,0.14613947256898224,0.09209460825121832
0.0014826963862215267,0.4157498837546315,0.17652747723733703,0.12958601689891577,0.08871580237455211,0.35799382109352335,0.022986353568270466,0.3352442468679878,0.14713959992769066,0.16675831130385763,0.33199123544046466,0.22507454969511395,0.09555659639651605,0.16829697289955056,0.25578518065279027,0.17490161914796906,0.34670201911487886,-0.004297811120318443,0.1254218430789924,1.4916029027201188,0.34531647031056817,0.20177543525560704,-0.09204833353434774,0.2796497108956308,0.2970702244245882,0.4110303809774104,0.3031028974052619,0.33861730021239567,0.23308584460176396,0.5162693634744714,0.44702008671591686,0.09532976782640633,0.32137436104447015,0.19831729093062725,0.38542642480131867,0.328838087587898,1.0692329487460241,0.6272533660933767,0.4387570506058878,0.24859603182798187,0.750750135326608,0.4158720943139686,0.4942253455763997,0.006902253025070621,0.7657973151697819,0.42372171294865435,0.2640973001303007,0.08313757239059684,0.010364203389744659,-0.17169799725138238,-0.038691603556525095,-0.09201745339949867,0.28178908728360086,-0.05158587082296076,-0.007733622149070807,0.03077319929226392,-0.21563057715762693,0.06918848290053059,0.14503227789540693
0.03909529386381672,0.2884414108382878,0.24902597554781128,0.12794947053942418,0.11141299410521537,0.2642827245509034,0.16505586942810302,0.16990320948095977,0.20813590952976058,0.1516081920847209,0.2273518281556497,0.20031665503937526,0.1029651919935895,0.18975224104794194,0.2270956876884604,0.2068535414290247,0.28246299601956254,0.18653638835525183,0.1735329075537342,0.34531647031056817,0.6220476419005986,0.26186639050829974,0.1809631511130921,0.21556570141243586,0.1890577523614657,0.24235437127121087,0.1568494612788088,0.24365874290767564,0.23435962492795406,0.2012270998015595,0.27115541624540745,0.1520518107887618,0.25033095054499,0.2176840257954311,0.2589867599198579,0.4017112751993246,0.5253606613070004,0.18904746848756138,0.3281657378297122,0.18497949623063004,0.6538376511818297,0.3883035221270449,0.5047013893945019,0.04946108358214858,0.8507028280994774,0.3200912830732378,0.22177780972017572,0.005977366785492231,-0.28261795176405097,-0.03624625832001543,0.024849498719243072,-0.07860687668648882,0.11342080069503307,-0.00946544444907313,-0.012132246435327735,0.0227568732053195,-0.41238991668147934,0.24019327104173493,0.09875307110223148
0.03179424563529527,0.20173093226183808,0.21460124707139538,0.1261283011844139,0.12261874738931505,0.18671886770825266,0.23878575586725367,0.134787886845977,0.2892558880410535,0.11417063864366986,0.16726922442103626,0.1766981576839683,0.18189761617183486,0.20115600381657478,0.1027801358206708,0.28449243439673993,0.25068812620457076,0.16138318481789676,0.09613025236156864,0.20177543525560704,0.26186639050829974,0.7884935963807888,0.339226266711542,0.2151444060514302,0.20942178732369487,0.21794543633575333,0.19163995067970838,0.147819650374567,0.19725801263933015,0.22056640568873523,0.10380013844026768,0.16951490048185283,0.21577480603544422,0.20363068509732962,0.20933688201391037,0.313485460621264,0.33823962021072873,0.17127123765419092,0.19764166748797363,0.09199170905414669,0.2940506548800049,0.24590785034191198,0.41968659407776765,0.05479995294015765,0.08149538551085225,0.27987180152689006,0.20507814112169045,-0.08607368211675975,0.4250262282742584,-0.22905636833498474,0.0474507141539908,-0.13010218228843298,0.1957807178208384,-0.022464413055855184,0.07107491683423409,0.013983415063207254,-0.31474831611620674,0.07101781871271663,0.11668676849487189
0.0028244995589549577,0.09526473326232168,0.14548599904800094,0.06498082173160111,0.06453750459443681,-0.04541560106853842,0.1586206166835091,0.007846786320306413,0.25745689065814775,0.1047039394064611,0.09734305991058058,0.09193341732258187,0.06482824506820034,0.1993623043935481,0.23059459895320078,0.11127145989249412,0.06735792578728737,0.2981489186811177,-0.17701470757112697,-0.09204833353434774,0.1809631511130921,0.339226266711542,1.72614648934706,0.285279102180775,0.5284344140956628,-0.13550276177607565,0.07898316855030889,-0.11697038079102696,0.4403902718172266,0.11359374763036642,-0.33473695858215824,0.1682492950757541,0.14320017169280996,0.29633565419641195,-0.10423815161251732,0.4557388763982176,0.3013238623282415,-0.03093347783146264,0.4118315469555227,0.06494582207628181,0.26793567341503693,0.09874969450742137,0.23170232809823044,0.10570891442493964,-0.04574170584129967,0.3019127686917964,0.20671641060892762,-0.05666249345617073,-0.19797840747132894,-0.2239462297260411,-0.011385485390293687,0.09207124418409685,0.19949151650840954,-0.027640825761197006,0.01783080807626889,0.009356042579945876,-0.3544025400115153,-0.31496766353873584,0.5810838098407686
0.004925113763048579,0.1711235358410368,0.12490106306334085,0.08153768708789637,0.11598924137342477,0.13275197375430903,0.10728623633662183,0.08833652502487341,0.13936546137258266,0.16797205519290015,0.16123304070704142,0.15092125596650735,0.0990493326869825,0.2129097489041942,0.1390927969911912,0.1729556662131173,0.19201393743874073,0.06581357645101132,0.11607530132541037,0.2796497108956308,0.21556570141243586,0.2151444060514302,0.285279102180775,0.5974122679992896,0.18504062845918584,0.094863844652839,0.14934896023829594,0.2148599549050849,0.1922301552077248,0.3984281950226304,0.0650697369266043,0.22909493480561538,0.37791892639498137,0.3382754048631605,0.19600735952657558,0.3194856155574621,0.4391731557679064,0.18778647954384456,0.18160530476005807,0.05656418189606112,0.3544064099591305,0.20771848493155096,0.217815898073947,0.03132399731419311,0.060971778952989684,0.21735858105264708,0.23920514251799568,0.008308359010013904,0.1539415063805296,-0.1535221653552313,0.07433195643271431,-0.06356147055765499,0.11108969956776288,-0.01770396960336503,0.10054666600803024,-0.14449893940735412,-0.22968406769799735,-0.49347347892287546,0.8181736061209878
0.007680852588885542,0.17997501985142442,0.16639130911152863,0.1801435001066202,0.19209449572545387,0.21429141794487544,0.16433336034238763,0.27513888767825495,0.15179041617279485,0.19376429124329883,0.24741097743711346,0.25548640751289553,0.13358708386582,0.22591221451024068,0.2830569657026662,0.2529591211156881,0.20464623100474522,0.18161218551282263,0.1724497793918047,0.2970702244245882,0.1890577523614657,0.20942178732369487,0.5284344140956628,0.18504062845918584,1.1892161125687293,0.18449282324690547,0.18261894694609226,0.0541074114880142,0.7500502589894271,0.2343377214808305,-0.21889344203607283,0.18646633591870967,0.026388102373359628,0.29185102259927465,0.19470783622226293,0.2569810433881511,0.5578997733938308,0.15401465784957907,0.28773134146427215,0.11354305078529482,0.2956510931487067,0.20367005516134784,0.32461501491557027,0.06133475370959656,0.32117643991992273,0.38010108601776044,0.2388182759273624,-0.024404014437696162,-0.2685888670594617,-0.21969266076697316,0.06652392311743734,0.010026025885982344,0.16587948882210074,-0.04477770248447841,-0.10032452542617595,0.12168790800555596,-0.2787456057080226,0.06254066523277882,0.1367962235223765
0.019773243902894335,0.22593663963208513,0.14783186771801973,0.16827337774616524,0.1757377540857974,0.26612955667755606,0.21415105301092405,0.3260895703916304,0.18550729439567273,0.12920403210033804,0.20828155112530453,0.2631054217607988,0.1324619247427591,0.18474402522061584,0.14998849235949993,0.2585151473341214,0.17611646552965546,0.20027198165390786,0.13693213534456464,0.4110303809774104,0.24235437127121087,0.21794543633575333,-0.13550276177607565,0.094863844652839,0.18449282324690547,1.4987384215621333,0.14510100636304285,0.259440409991645,0.4163998405544737,0.12349026283332729,0.3149633855857461,0.18711578171968776,0.04477421433750226,0.3020248147232521,0.4383483057045174,-0.023776019568506702,0.371575208594536,0.2350641254462069,-0.23503632221325463,0.06324047237074074,-0.09706173842943024,0.2817112139820879,0.5506153519814662,-0.016712255143076525,0.41480995436433676,0.010557203691306213,0.21046608053504537,0.048982803452966794,0.671092452677846,-0.15318616970178184,0.032732772042233474,-0.02240998187163386,0.028331176889986924,0.00766054984209663,0.060045223942003234,0.036348712531298386,-0.28614013452111836,0.6079851850504143,-0.37342351323415657
0.03252866368427064,0.22028467011960448,0.220752329406583,0.1424608617520013,0.13258853228411152,0.21067789967378744,0.17752745183940097,0.1866605867157093,0.15852874417240162,0.22865775493089846,0.2268972700412218,0.3103545440657773,0.13424195676649278,0.14050066454356858,0.15120171754352724,0.21096983804935568,0.20489868271075404,0.06424057759701815,0.10917721310879047,0.3031028974052619,0.1568494612788088,0.19163995067970838,0.07898316855030889,0.14934896023829594,0.18261894694609226,0.14510100636304285,0.8996598808743186,0.2053375570633006,0.10797503413605894,-0.008677074802802236,0.11580283271671103,0.16949686320472002,0.18663758091806967,0.22078484491677514,0.27015423226696184,0.18501430518287987,0.26335217647166453,0.1625917990598903,0.21743582844706727,0.15121618299761108,0.26413338450802976,0.19301179105306174,0.3082367181648083,0.011250485779812197,0.11161373805563536,0.21099676983936097,0.07079341303246756,0.01413234807420853,0.2627863279635194,-0.12651886473145818,0.01497550094876662,-0.027354113967286642,0.0579871683598371,0.04514600155628286,0.021909294113790424,0.03159854215946503,-0.17937751044400532,-0.0002458792868029823,0.1350380739607658
-0.0037134033739163767,0.2441347069122573,0.24490176526635532,0.03408264476426922,-0.06825012928863186,0.2533166709404341,0.024069730951933422,0.13159787678303866,0.1568396450060862,0.12574086937382223,0.15935903290275721,0.08501369445721917,0.10140227915209055,0.06229368717393866,0.22961589452350575,0.1383031508776438,0.3347443664325131,0.1538309912377359,0.2567591088130655,0.33861730021239567,0.24365874290767564,0.147819650374567,-0.11697038079102696,0.2148599549050849,0.0541074114880142,0.259440409991645,0.2053375570633006,1.2543530664119278,-0.23133519941810923,0.07203973167480537,0.3737896460658302,0.1830222843149556,0.531325832151904,-0.04611421776551503,0.6020500242450063,0.18788446921016827,0.47990541981245605,0.21678592561282245,0.08526691239357108,0.07488034824003983,0.3740760126222959,0.23386527382447792,0.3573631305141019,0.06020031888377178,0.3114828958589386,0.20530535725536156,0.10564642432549211,0.04885867117663438,-0.08170824732958867,0.3144524336230314,-0.047035585378792905,0.9386767927215068,-1.0826641031870061,-0.06297694387385201,0.14447920376477527,0.06517880356238297,-0.20283944400311213,-0.08280403219466159,0.18206806495290792
-0.0007832935853763735,0.24079995613256394,0.12326733340811577,0.2281312416584001,0.30592511169410097,0.3412325732542622,0.2126514125303661,0.3310877674115288,0.12904531941409794,0.4006903767328989,0.3728659732405637,0.3225242538796354,0.23033533644465756,0.35300090068213325,0.30116152052889195,0.3463394018720836,0.2176256707462293,0.2762103926576925,0.23746220620830946,0.23308584460176396,0.23435962492795406,0.19725801263933015,0.4403902718172266,0.1922301552077248,0.7500502589894271,0.4163998405544737,0.10797503413605894,-0.23133519941810923,2.8516342972931623,0.2558696539657967,-0.3870596082148393,0.38560859241032025,-0.581170523933404,0.8023069876042549,0.34874114686952706,0.1623255506429192,0.19837799231848363,0.033488349529833455,0.4061157443240254,0.27222240652431223,0.13631674973257324,0.1916569096783215,0.42717717209019085,0.008047945583453037,0.4672831235497136,0.17441107343255813,0.3842644717659856,-0.023425839907654483,0.626456819342924,-0.20077144105547182,0.1114170262797094,-0.2153118260922979,0.1974787024396931,0.05204075748799442,-0.17580864119750533,-0.0525334402677816,-0.5360298116641736,0.3027733961672921,0.3779371954142797
0.035208327452471384,0.037406442399319374,-0.24383713654759842,-0.004754932634989774,0.007351033595529599,-0.02446870108659459,0.05321607110501762,0.14198439303378207,0.043056682198142446,0.09782082173806382,0.12719292450013883,0.0196357127964871,0.06842143656472775,0.09226981194896085,0.12782056848374826,0.1622628653388304,0.11530953094633868,0.006576330953722228,0.04933328878784087,0.5162693634744714,0.2012270998015595,0.22056640568873523,0.11359374763036642,0.3984281950226304,0.2343377214808305,0.12349026283332729,-0.008677074802802236,0.07203973167480537,0.2558696539657967,3.132285993389514,0.6621402442475733,-0.087203861372561,0.41871768697043493,-0.12774598651287675,0.3225320787162796,0.28014835118001963,0.9547677014890485,0.3875360338337364,0.22203986147474244,0.05401574745163411,0.5577703068923466,0.2261161685613037,0.4571758401573556,0.021124833405558575,0.4490123548064499,0.3163385271585359,1.358834888666487,0.02910573590796012,1.0209184728598801,-0.3610954172928723,0.21531457464036696,-0.8942050434652156,0.8040970365701686,0.03244776325751823,0.3130191159235198,-0.18172811501435884,-0.11675886468544583,0.800090715912623,-0.7619977827270777
0.0525978865555586,0.1811014522675641,0.13723414098392503,0.02865214813844033,-0.009162253153900691,0.14321101110442663,0.05131639349924357,0.22454447562115462,0.08482349013424566,0.09093883004992213,0.14873499858919123,0.01709246526473768,0.06802834157945072,0.006221283763562156,0.08798596043566947,0.06190678124610728,0.19844736837524887,0.24133850824561812,0.16988938960079367,0.44702008671591686,0.27115541624540745,0.10380013844026768,-0.33473695858215824,0.0650697369266043,-0.21889344203607283,0.3149633855857461,0.11580283271671103,0.3737896460658302,-0.3870596082148393,0.6621402442475733,1.9570433547636459,-0.007034660078706487,0.32492685884464245,0.15798183498633456,0.417013539618255,0.2862975977503966,1.0985644805149775,0.3356143835065137,0.20870518400208543,0.0449988291355543,0.40677290471986227,0.28247409515251887,0.30938071244569626,0.05156775810997766,0.702724612775127,0.4049243085977622,0.4446408949549028,0.023677146897462212,-0.17433722370474344,-0.007259735551013877,0.04366645859322154,-0.029922149483153703,0.09247356805444157,-0.12336905030088083,0.08255381202037232,0.1179670775706932,0.29885591437580583,0.08481153423113245,-0.5232506430745724
-0.013941662822231853,0.0750308736513593,0.021436385406191496,0.1793468391014014,0.2193974660551618,0.15531860827307517,0.22715593022660552,0.12534467215559675,0.1772784842515577,0.1809557982169982,0.18156570103411637,0.2227627086314242,0.14043887909788133,0.5873771170670706,0.20391905937356367,0.22188138440358207,0.18766131763665034,0.10285070147230345,0.13103792865802694,0.09532976782640633,0.1520518107887618,0.16951490048185283,0.1682492950757541,0.22909493480561538,0.18646633591870967,0.18711578171968776,0.16949686320472002,0.1830222843149556,0.38560859241032025,-0.087203861372561,-0.007034660078706487,0.9235067232892615,-0.09449102210804017,0.23623664055337001,0.07932605867469605,0.1634607108433881,-0.014327355085203995,0.11930277991670186,0.1843477069144837,0.12850236336405835,0.08082025227414691,0.13448161740740114,0.17217930290442673,0.027570460518700414,-0.009730305190149561,0.12992574510549018,0.045778613647218476,-0.030202881820750226,0.06435557828418972,0.10319435856084513,0.025172968627068103,0.3102955671042886,-0.5174076123524739,0.05161047002108222,-0.26807262120116804,0.12324435604250017,-0.27145692142776245,0.006970184948304315,0.36773731918718006
0.055432015554205405,0.15470057296523257,0.1836849863829261,0.04145764013410829,0.011352129065869826,0.044436796629409234,0.05076797106862125,-0.002134673214437256,0.21203525577246812,-0.017377471999270463,0.06667618545662898,0.03927600367082396,0.03835939804879345,-0.01213586328682403,0.10870821819861928,0.020968447532784304,0.18425596535297414,0.028286347355042842,0.11301631720223557,0.32137436104447015,0.25033095054499,0.21577480603544422,0.14320017169280996,0.37791892639498137,0.026388102373359628,0.04477421433750226,0.18663758091806967,0.531325832151904,-0.581170523933404,0.41871768697043493,0.32492685884464245,-0.09449102210804017,1.7098989701863723,-0.2406146457392197,-0.1895877289574594,0.21006094006758194,0.29781375187077647,0.2132587331092497,-0.13126464207589186,-0.1707437993634287,0.562759382549179,0.20313965976288595,0.16769160182992376,0.02267429976370424,-0.10005379259879187,0.3182247807845971,0.1901669617938125,0.07871352918937903,-0.07309318101371585,-0.14325665222876047,0.12255208804411968,-0.105232902821594,0.2138902618501694,-0.09542156150830082,0.2652750143169151,0.03518040090167901,-0.15803337658871258,-0.12901614989987525,0.04837019514650665
-0.10371149988021015,0.23061472273561964,0.14023998372086408,0.2011020493683249,0.31303069098839853,0.23821752958684814,0.20565523475718564,0.3015560034103057,0.10357842707000722,0.3548579725920043,0.2976512959954433,0.24668705322209827,0.18551434661803826,0.22918346539193435,0.24533175939516635,0.21578964766770445,0.235924603235547,0.30684170577691305,0.1866374797660351,0.19831729093062725,0.2176840257954311,0.20363068509732962,0.29633565419641195,0.3382754048631605,0.29185102259927465,0.3020248147232521,0.22078484491677514,-0.04611421776551503,0.8023069876042549,-0.12774598651287675,0.15798183498633456,0.23623664055337001,-0.2406146457392197,2.711578217549107,0.23889602430504828,0.3616267309842642,0.2978080220101024,0.022733932404660397,0.41717053185846215,0.15719471801696266,0.15791354918893566,0.2318837547243962,0.8586706580137919,0.06395464542926026,0.17895092090069048,0.058153522626030955,0.24660669636963606,0.012070460394349447,0.12465917638344341,-0.13131052563834467,0.06244502012050737,-0.025031044900768695,0.1115962339331612,-0.08788428246052332,-0.09128162525062082,0.02969915493397269,-0.507083076830757,-0.2004503213617188,0.7850823978005587
