1.0147220172841926,0.4870759497871158,0.4736870406578368,0.1378606359537558,0.1978699544162725,0.20911808992535097,0.22423091709736168,0.26586387992702976,0.1055412159754265,0.19545078115281772,0.19909686005406108,0.1972850852897747,0.22507572768489156,0.2068917415637122,0.17526219430390363,0.1645344250719144,0.18008202781764274,0.2144113011837956,0.14236134478923856,0.21864204111802404,0.1909901458753738,0.27316528918531174,0.18531425686062936,0.06480715266222836,0.27497525531944517,0.1762491046390922,0.20341976399860243,0.2250328263410653,0.20377618853517998,0.2117056744257956,0.10813155563344543,0.1808922948203517,0.24778760832778213,-0.08118126936976955,0.21689098578635865,0.1507357544259087,0.1610614667152493,0.13123019766410884,0.2316394924872765,0.20445330793467464,0.23137713696924908,0.18202762934307604,0.24429371384204798,0.014523347944332075,0.09092889978662827,0.4031354562724917,0.29961344315192007,0.019321243594722863,0.4634463723989976
0.4870759497871158,3.0197790741170034,0.961780136820148,-0.08708714297546756,-0.14131935086911196,0.19208132310489617,0.11150660458685324,0.10854415357626013,0.12173672419022104,0.12744932525191124,0.09026888685067977,0.13241849758273455,0.09279589845766557,0.05462023587272546,0.052504984965558305,-0.05590487801471096,0.04999899431210665,0.1550423654528175,-0.05487196002132113,0.20517575960455114,0.19215317205657378,0.10904725893469971,0.028202712379416187,0.011006798439471823,0.08496446998319415,0.17204515704786413,0.10900997798723054,0.15677581785732958,0.062210661139078915,0.15409573538463417,0.04164450197310855,0.06725033568625934,0.14741635000570574,-0.02768340574373131,0.18130430654170507,0.03790228854706217,0.1299761678508627,0.09685828151608465,0.10672888691195917,0.15347652560178607,0.16590520325415126,0.14559770254410132,0.2536131246574968,0.0013730022191884394,0.17540091369968722,0.17002865550490984,0.18961425270673735,0.07948893251858699,0.33525049779522476
0.4736870406578368,0.961780136820148,5.024800735171389,-0.11136340770352805,-0.5305024402574037,0.410905310611508,0.17799020664776904,0.3373597124303367,0.4737729776902465,0.15366026183429699,0.2535613509666118,0.17744988429011935,0.19539861502097575,0.06607977362719114,0.2056194294492593,-0.09923086444143976,0.21467865490527302,0.27333098664950006,-0.033606456521702306,0.2988036330159808,0.27225960431398444,0.2352154134333522,0.27627013547084656,0.24327815789454735,0.15316474159299734,0.31547990480270766,0.18636570771146133,0.31092168776075807,0.26735613593275775,0.30213320014982054,0.09591458481167443,0.08303957890838676,0.21055004711043576,0.2458035890778997,0.4123040311849426,0.13073105662662973,0.32572779272201663,0.0829125631971926,0.28115932057678933,0.280305960858764,0.21765718806824413,0.24809803832243563,0.4434713587583283,-0.016444332247753306,0.2258085058446019,0.44229868732333505,0.441748072940244,0.0803152631708803,0.46198972024050716
0.1378606359537558,-0.08708714297546756,-0.11136340770352805,0.6027263046033426,0.5167182522302963,0.2849123489875054,0.23692762137639514,0.3012781303091839,0.027404266769287967,0.2874773661083181,0.25930391764826655,0.2792693747383363,0.2955364226467049,0.2279616106059528,0.20851775678455556,0.28758920436542074,0.2356954894767351,0.21572331799415218,0.29208318204132366,0.17529975161850594,0.1826827221499926,0.22945933142154137,0.21196063287174952,0.23996031164659973,0.20495913026273233,0.14502998717663615,0.2001391831646325,0.1485385121240444,0.2857484286218047,0.1208277117694648,0.18288110690721943,0.22967434829084984,0.1814466647507589,0.23812448199359187,0.08484351880943297,0.23826414896290884,0.2701048324967969,0.12862984430753865,0.2583358184647591,0.13507547574648376,0.23657449744249923,0.19423386770984497,0.14833071772575285,0.02636214374568623,-0.04247826533037442,0.43516780078713496,0.328120133298758,-0.04005620311473717,0.3644350218536346
0.1978699544162725,-0.14131935086911196,-0.5305024402574037,0.5167182522302963,1.1369546046294046,0.3544882931232962,0.20251393948583588,0.36754462749494876,-0.06467160215679518,0.3679410419305939,0.31700732162825956,0.34444491240833147,0.3758106022463232,0.261432615438548,0.2876665278756091,0.4098845475630405,0.2710414276090331,0.2624122249649782,0.5219710025119834,0.16577855486288884,0.21257706525234393,0.2830317628652818,0.2628225456708449,0.2664469305201105,0.20950530187162644,0.11263309489243141,0.21046230967367296,0.14228400028921565,0.3537868747504087,0.0012549971380077045,0.2203992144517589,0.26758421121271597,0.20955315509049321,0.2790840746147713,0.03394795424660176,0.29222709215212633,0.32062771677603386,0.15070629758539797,0.3085615462751336,0.12965151060289204,0.3192764298841219,0.22912720654978277,0.06997648909165598,0.02394534603718716,-0.16358330800633414,0.5365042102624297,0.37037784609470675,-0.02585908728744443,0.4685939201027072
0.20911808992535097,0.19208132310489617,0.410905310611508,0.2849123489875054,0.3544882931232962,0.6463866618035055,0.1360905070742129,0.39203781213089467,0.08108887953028648,0.30216231969762125,0.34285174393605816,0.2929180753062501,0.3356872147085995,0.2012517597216618,0.2287844567642287,0.23922941426766742,0.3234222544553011,0.2784499342986238,0.3828903879777638,0.2994747338701333,0.2594846092237091,0.37011417154736276,0.309419113419587,0.27872653178878876,0.2678107315252597,0.1945256867583605,0.22567828663447057,0.26557086585963324,0.3927998378820782,0.019767033750885912,0.20579100365839126,0.22033578622546374,0.23085938258160651,0.3052821072134783,0.279364793632287,0.04011196685247599,0.45255519960112656,0.18687973497665847,0.3155960934928151,0.2200656959018456,0.34624335207136836,0.26036672150736273,0.30972273658093036,0.027051265080453305,0.028864026166193484,0.5493179470359612,0.558302637333821,0.23925638455904324,0.588833871735601
0.22423091709736168,0.11150660458685324,0.17799020664776904,0.23692762137639514,0.20251393948583588,0.1360905070742129,0.6272648645796842,0.1790685961111067,0.16830805059956305,0.19589820755541598,0.2372177955415796,0.30083512803699,0.2710649009765673,0.2172425431035986,0.17360705953822708,0.22648268740777272,0.23625295416852268,0.19091736293208625,0.1286104559438937,0.18520788758204565,0.20185849216329166,0.235630214807345,0.13175834619113577,0.23563414901892893,0.213709040027815,0.18871897603461643,0.2163638571030515,0.18952085724205492,0.1736002884828473,0.3561283999249939,0.21352205379849173,0.22118297152392233,0.23174472536153115,0.15404724735393543,0.13066700586618135,0.4387967805141218,0.1743216239853808,0.1122949405412446,0.26707595307253,0.16739455859220415,0.19512356420132299,0.20458236051165857,0.1898978555252359,0.02160091152610661,0.02758567466917359,0.2397801055381962,0.09479313278990824,-0.2552030050269048,0.40602657784541635
0.26586387992702976,0.10854415357626013,0.3373597124303367,0.3012781303091839,0.36754462749494876,0.39203781213089467,0.1790685961111067,0.9258010573576189,0.07399807152726275,0.4583039846370051,0.3964801202525161,0.17368523857163787,0.3852856118724921,0.18956798488998922,0.1842593198213781,0.27007960014285093,0.36468515773101223,0.36610550717404866,0.3101061979337678,0.2916896719114732,0.2501282668222201,0.4194236005520418,0.4033346363948076,0.2734223445573576,0.26971248597799974,0.30375185481728517,0.275436153920572,0.3250164705455372,0.432966220502695,0.11694172233672381,0.18322709787329006,0.20652421666134477,0.16999860597984603,0.3809463070821083,0.493460984379473,-0.052269700720766886,0.45925995078340826,0.17625543263172885,0.4034397732591125,0.3054851332570658,0.30506161358673173,0.2570797197261093,0.29540066898925654,0.01506719691888282,0.04829688490644888,0.7244316096121093,0.766037665320917,0.30541908571775794,0.614433268508656
0.1055412159754265,0.12173672419022104,0.4737729776902465,0.027404266769287967,-0.06467160215679518,0.08108887953028648,0.16830805059956305,0.07399807152726275,0.698042898318065,0.051375496630965016,0.11292369143428516,0.08574984263695799,0.07717026600421466,0.14838996432931775,0.10987993235868306,0.021050470236326235,0.11816910819714618,0.07913295948780838,-0.0594148545082853,0.16414206478765594,0.13681868341054626,0.07067710474349805,0.09573449326582383,0.15766206348829712,0.09059106550894086,0.3018457329879682,0.10992143932626001,0.13754454379369305,0.073469047864875,0.24587710389787304,0.1213204166203959,0.1621403553753136,0.1582799265334941,0.15662629433800507,0.11466625632873405,0.10875341517521932,0.15549887290872438,0.09007008861091938,0.12273301091199708,0.13047095249918503,0.036721385025319825,0.13453710860858267,0.15021795409819483,-0.007993837987899573,0.14218910801490325,0.2738514544135697,0.21765662096107025,-0.05090307261336984,0.06836437158131946
0.19545078115281772,0.12744932525191124,0.15366026183429699,0.2874773661083181,0.3679410419305939,0.30216231969762125,0.19589820755541598,0.4583039846370051,0.051375496630965016,0.8469918007196844,0.36713820789141977,0.32391375900968306,0.3963624657950069,0.21834307427358937,0.2792737067166786,0.31711726026603365,0.3357048656197429,0.30694291003628965,0.29259610592251356,0.193553708838166,0.21271501007056218,0.3221277727364784,0.40515918395819805,0.30452292773185174,0.2622558780385345,0.19129555620910393,0.2638540046982243,0.3016107335553385,0.4315358108356021,0.2882886361976204,0.17102495365645998,0.22613148861250804,0.15856103711120395,0.35182266264901046,0.436926264711083,0.15069670604624036,0.35768686453203696,0.14044932799777618,0.3824249186359144,0.271853186964542,0.31548314764073887,0.22653139718112755,0.1374875250383718,0.007970696663951237,-0.0860700020423555,0.7997231637006236,0.6792384742379192,0.11061351645500098,0.613729328452067
0.19909686005406108,0.09026888685067977,0.2535613509666118,0.25930391764826655,0.31700732162825956,0.34285174393605816,0.2372177955415796,0.3964801202525161,0.11292369143428516,0.36713820789141977,0.5313124646111312,0.3270658476127254,0.4184403900734894,0.22641320668431683,0.2948995161194401,0.2828168778152832,0.38432500383388013,0.2987812986351712,0.26830610879089406,0.3164523136105033,0.27018527487782795,0.31402973425660075,0.28219482771048066,0.30129301551830256,0.28440720187111757,0.25305393752376987,0.28195629224392854,0.36686026629900087,0.36446828477987503,0.22281470904943015,0.2730305703745426,0.23220433675524943,0.2810053165825409,0.2933345642016461,0.4321207273099614,0.18106806048766996,0.4211964875856547,0.19435422535088864,0.3588104933671665,0.27852260209032514,0.3372388927778346,0.2817498586003605,0.24359431469615442,0.010162114333065034,0.021318393292774112,0.6944240589291557,0.5710975753217058,0.09864700257954594,0.5467620370785726
0.1972850852897747,0.13241849758273455,0.17744988429011935,0.2792693747383363,0.34444491240833147,0.2929180753062501,0.30083512803699,0.17368523857163787,0.08574984263695799,0.32391375900968306,0.3270658476127254,0.6120277814833343,0.3114551019324115,0.28643790382447926,0.3024130828968515,0.29216517163882194,0.3136897534950846,0.20220889963545183,0.2556258074668196,0.2489343169756984,0.22980810967407356,0.203491222893924,0.18326372540064856,0.2405227517070649,0.2412629616329241,0.19746969590566668,0.3031359474400913,0.2632545391884477,0.19574741896204312,0.25947989419547945,0.20361924502648204,0.288740552087701,0.26652109984120154,0.20667383770112924,0.2662420743726388,0.2705043442742492,0.2638362588092748,0.1593812611558499,0.3190834129589232,0.22131285632387787,0.26284644738364743,0.24631453066885828,0.20446947263837312,0.02029626172034105,0.004748097162141027,0.470651182414967,0.37523194948111355,-0.03741935988923564,0.6195126916147338
0.22507572768489156,0.09279589845766557,0.19539861502097575,0.2955364226467049,0.3758106022463232,0.3356872147085995,0.2710649009765673,0.3852856118724921,0.07717026600421466,0.3963624657950069,0.4184403900734894,0.3114551019324115,0.7604215932400464,0.3262562265619997,0.15149296875356372,0.3469245496898323,0.3159224199212726,0.2810362778410968,0.30296686358047226,0.24224988981569637,0.26405265335233125,0.4744897211023852,0.30996588224006577,0.30505750419932476,0.35489588792871424,0.2512451250796535,0.3378870403369192,0.3365849719339155,0.5413710152912979,0.22417747445896666,0.215388604427532,0.31533016769086997,0.2532936283454957,0.34164071247139716,0.44456784299990476,0.21668318416487917,0.39014735003544115,0.16526058260900803,0.3708016060209165,0.2780842275733694,0.3523492876949478,0.2753002658630115,0.2579178240439357,0.011354490495788119,-0.08965607973229546,0.7919805762308835,0.6022629965049089,0.05926442345034594,0.597166442430415
0.2068917415637122,0.05462023587272546,0.06607977362719114,0.2279616106059528,0.261432615438548,0.2012517597216618,0.2172425431035986,0.18956798488998922,0.14838996432931775,0.21834307427358937,0.22641320668431683,0.28643790382447926,0.3262562265619997,0.7145224557727772,0.2116664683178174,0.35952455489925195,0.2329606987524098,0.12412681086855072,0.18180185307065924,0.28115312804549125,0.220942436876432,0.21317307913817807,0.15475615297430356,0.23319623883619647,0.31996147736282743,0.2411711875068766,0.3321255489069579,0.2351424180702936,0.2733165263462129,0.30629031410437674,0.152635314442357,0.6293397080945611,0.17354140977215568,0.2731448931043714,0.3379983725536367,0.2461111548075053,0.16668828232659644,0.19611583224379436,0.3078331179259857,0.23626672658065678,0.2964083447193961,0.2506647807735195,0.314608660201902,0.016358656159456673,0.040134444252860245,0.6158784931436866,0.5277933045607995,-0.027292194246326305,0.570532908952927
0.17526219430390363,0.052504984965558305,0.2056194294492593,0.20851775678455556,0.2876665278756091,0.2287844567642287,0.17360705953822708,0.1842593198213781,0.10987993235868306,0.2792737067166786,0.2948995161194401,0.3024130828968515,0.15149296875356372,0.2116664683178174,0.8812050520781372,0.1941618053465215,0.2885314736797765,0.26443978973965304,0.20137809641270513,0.28738797751370365,0.20978302921334274,-0.03232297889115631,0.03674409702913418,0.25219261416134686,0.21043942101065177,0.1754490311163423,0.21207488440714176,0.26940235929839507,0.18106648632815625,0.3646229316665236,0.2840783736363164,0.20264042888372796,0.23416914518893525,0.179704624232198,0.24203724695209688,0.2901726182674477,0.2710189264769522,0.1589364195691811,0.2591413469384434,0.18074329151485047,0.25550161503227836,0.2198435241887144,0.14903502788922235,0.007909900568725103,0.08432175170016346,0.4263447683684035,0.3274815541829003,-0.06985852400405047,0.4426121660578344
0.1645344250719144,-0.05590487801471096,-0.09923086444143976,0.28758920436542074,0.4098845475630405,0.23922941426766742,0.22648268740777272,0.27007960014285093,0.021050470236326235,0.31711726026603365,0.2828168778152832,0.29216517163882194,0.3469245496898323,0.35952455489925195,0.1941618053465215,0.793657267848663,0.29915618751266937,0.23842594627662886,0.29989568956636525,0.13844180856073596,0.21126942182046887,0.29632316569557254,0.25638495407090195,0.2346130426408128,0.28600429981215403,0.11070075638980875,0.32670210456259047,0.3063290710605891,0.44775162460752466,0.06772653776773138,0.12147603371584338,0.3342222167456018,0.11559163347105883,0.28673173719099077,0.49067489717869484,0.16355983644913832,0.28073567564292384,0.10193165687996666,0.3382188193293664,0.24264918946943906,0.3070627511474216,0.2533665829548996,0.2149980105916995,0.05857320935400802,-0.02599574405849637,0.5703667578998367,0.49287582553010445,0.06970698632068617,0.4691490331008898
0.18008202781764274,0.04999899431210665,0.21467865490527302,0.2356954894767351,0.2710414276090331,0.3234222544553011,0.23625295416852268,0.36468515773101223,0.11816910819714618,0.3357048656197429,0.38432500383388013,0.3136897534950846,0.3159224199212726,0.2329606987524098,0.2885314736797765,0.29915618751266937,0.7536938802718067,0.2899579338961519,0.2588469899332296,0.4070813227690427,0.32417616784510095,0.3329131075514031,0.32429509264527,0.28946235241846124,0.3648606421880073,0.14923217967125457,0.30532400226177564,0.6184467511671364,0.30244831008167233,0.15812792685729987,0.2885594057808039,0.21717462201227253,0.5624728787405521,0.22301547077597295,0.5504165496074072,0.143570389530412,0.6275458175371479,0.2482339578994002,0.39284757220733013,0.32575615270491315,0.4711522388006425,0.3672919544813801,0.3335955050250005,0.006157345753551937,0.06650448381435131,0.8279171784199375,0.7147249626064961,0.20311733215053085,0.7306999429836983
0.2144113011837956,0.1550423654528175,0.27333098664950006,0.21572331799415218,0.2624122249649782,0.2784499342986238,0.19091736293208625,0.36610550717404866,0.07913295948780838,0.30694291003628965,0.2987812986351712,0.20220889963545183,0.2810362778410968,0.12412681086855072,0.26443978973965304,0.23842594627662886,0.2899579338961519,0.7748453993800833,0.23167813802214146,0.10935749223453783,0.25440255895968644,0.291907430729351,0.39286058252469486,0.2683852393231095,0.25328829445404705,0.2007568644407997,0.20845152424560293,0.3389578747410065,0.317999043327344,0.13629210521364904,0.3681532069359536,0.10244470200368498,0.2826513813632063,0.2301382990462177,0.3564651344151583,0.1757913159503005,0.37287064176886864,0.10058675782098825,0.290619165650014,0.23372547614804248,0.24285317909698628,0.22016110100817243,0.3304933085780508,-0.01684478023258171,0.11434498238644125,0.5702765374759191,0.49096730824808504,0.04989318775047817,0.37104490602583806
0.14236134478923856,-0.05487196002132113,-0.033606456521702306,0.29208318204132366,0.5219710025119834,0.3828903879777638,0.1286104559438937,0.3101061979337678,-0.0594148545082853,0.29259610592251356,0.26830610879089406,0.2556258074668196,0.30296686358047226,0.18180185307065924,0.20137809641270513,0.29989568956636525,0.2588469899332296,0.23167813802214146,0.6654686686794987,0.13602707826706983,0.2059262833023009,0.3316827937227359,0.18943417686118147,0.22254705142331732,0.1940407260264929,0.04611834197372263,0.18240205853284167,0.20062923327909699,0.273122727483277,0.12495320899939392,0.20723493599918588,0.1808945115038364,0.23234831874342746,0.19561502492180996,0.15262378143879685,0.2360683857081851,0.34658867659300135,0.12534441877674393,0.2898762676003455,0.12822369231419667,0.3226588499526432,0.2023232625970349,0.14433701253950426,0.019060025271606985,-0.08329293563870743,0.4126621762937894,0.3061795899221409,0.04141469319687047,0.492266455780202
0.21864204111802404,0.20517575960455114,0.2988036330159808,0.17529975161850594,0.16577855486288884,0.2994747338701333,0.18520788758204565,0.2916896719114732,0.16414206478765594,0.193553708838166,0.3164523136105033,0.2489343169756984,0.24224988981569637,0.28115312804549125,0.28738797751370365,0.13844180856073596,0.4070813227690427,0.10935749223453783,0.13602707826706983,1.052263492720499,0.2285595392139871,0.23916830039603562,0.14341458215352793,0.2763769098524943,0.3873990447047919,0.3013343012376013,0.33959488165114227,0.4547824100238439,0.24189143196942564,0.6363456826543772,0.274066261336447,0.28207286796106057,0.4408419163281791,0.18181236135942205,0.3727664176699445,0.23904481673322076,0.6702530966357221,0.4849506706001374,0.3123008119262297,0.3700293599296664,0.5070247427457367,0.29968209113739896,0.6013680256598021,0.026519583418818618,0.33550590910028605,0.5023472362223187,0.4842067328060198,0.16706538880536195,0.8512919697045224
0.1909901458753738,0.19215317205657378,0.27225960431398444,0.1826827221499926,0.21257706525234393,0.2594846092237091,0.20185849216329166,0.2501282668222201,0.13681868341054626,0.21271501007056218,0.27018527487782795,0.22980810967407356,0.26405265335233125,0.220942436876432,0.20978302921334274,0.21126942182046887,0.32417616784510095,0.25440255895968644,0.2059262833023009,0.2285595392139871,0.5006090042495701,0.21742740548408382,0.26317066126081656,0.2208530748845215,0.26198641908336406,0.18755825512589014,0.21229074988668675,0.3556812192879053,0.24582542240377586,0.25431893174959647,0.3053601453460497,0.22231974116352943,0.40693316269681395,0.18484003736484603,0.3260391489136809,0.3073407792199237,0.4686068102367237,0.17527875205449073,0.336362473630437,0.2651809661468708,0.5000059278305874,0.4081866154405207,0.3514982440203056,0.006346952570457362,0.14505409811997252,0.6630937728622253,0.535645569277167,0.05063792130796112,0.634095577306537
0.27316528918531174,0.10904725893469971,0.2352154134333522,0.22945933142154137,0.2830317628652818,0.37011417154736276,0.235630214807345,0.4194236005520418,0.07067710474349805,0.3221277727364784,0.31402973425660075,0.203491222893924,0.4744897211023852,0.21317307913817807,-0.03232297889115631,0.29632316569557254,0.3329131075514031,0.291907430729351,0.3316827937227359,0.23916830039603562,0.21742740548408382,1.9468535956092519,0.5400853824676681,0.2582592341842601,0.3132135053438868,0.16417483668494107,0.26143752531407805,0.30474024716899534,0.44910236507608875,-0.0507468411074421,0.07745797133673969,0.17095762707513815,0.2446961421913344,0.21715314766541194,0.4190676530269999,-0.11114364791153894,0.43093516490318745,0.12195076657245557,0.2718722217537457,0.24245685897201844,0.29212732517655904,0.24706708244692197,0.5358165880595562,0.021888398771532272,-0.10692229503851429,0.5581989411266743,0.5716943964511892,0.3483860230219033,0.5164067144173126
0.18531425686062936,0.028202712379416187,0.27627013547084656,0.21196063287174952,0.2628225456708449,0.309419113419587,0.13175834619113577,0.4033346363948076,0.09573449326582383,0.40515918395819805,0.28219482771048066,0.18326372540064856,0.30996588224006577,0.15475615297430356,0.03674409702913418,0.25638495407090195,0.32429509264527,0.39286058252469486,0.18943417686118147,0.14341458215352793,0.26317066126081656,0.5400853824676681,1.9399286697798817,0.4850591935266627,0.48190389108113707,0.047023032244300586,0.16661869317582634,0.36898398524983644,0.7926285413706511,0.3274478260686698,-0.15755730239210392,0.09302231985501028,0.36845476675018485,0.3731800884566967,0.3969374034419182,-0.040524608470575756,0.6550500183135386,0.03703811065816556,0.5344962474161884,0.4247944186329799,0.3955825596028283,0.24752908709881705,0.24293057834544352,-0.050112083262871636,-0.2599143980142847,1.1707130313360372,1.0274876245185163,0.4256186755434032,0.9656066256698168
0.06480715266222836,0.011006798439471823,0.24327815789454735,0.23996031164659973,0.2664469305201105,0.27872653178878876,0.23563414901892893,0.2734223445573576,0.15766206348829712,0.30452292773185174,0.30129301551830256,0.2405227517070649,0.30505750419932476,0.23319623883619647,0.25219261416134686,0.2346130426408128,0.28946235241846124,0.2683852393231095,0.22254705142331732,0.2763769098524943,0.2208530748845215,0.2582592341842601,0.4850591935266627,0.9402765992326277,0.2720744008846688,0.08070906700936248,0.17420652751857393,0.32209787546287955,0.388984964793045,0.5608671454730396,0.4140528644948448,0.20232799174499858,0.3716217598493789,0.07921201265098875,0.26953986835090976,0.5018578917838152,0.23706714404051726,0.1772764722219183,0.4226724366513997,0.2788260994696572,0.29144538115258145,0.22633278470023244,0.2298443936254651,-0.011650654446733995,-0.007293116161131665,0.7366598646990534,0.47448581844803434,-0.23679919502946015,0.7497849673798315
0.27497525531944517,0.08496446998319415,0.15316474159299734,0.20495913026273233,0.20950530187162644,0.2678107315252597,0.213709040027815,0.26971248597799974,0.09059106550894086,0.2622558780385345,0.28440720187111757,0.2412629616329241,0.35489588792871424,0.31996147736282743,0.21043942101065177,0.28600429981215403,0.3648606421880073,0.25328829445404705,0.1940407260264929,0.3873990447047919,0.26198641908336406,0.3132135053438868,0.48190389108113707,0.2720744008846688,1.9346542669302327,0.19830306308555504,0.3080104986579477,0.3630900510884847,1.3473373669817337,0.5397944566827694,0.09795993691157658,0.2789737203568766,0.26931226206917885,0.5409559605711877,0.4073758687253693,0.42090322695712684,0.9209839627790672,0.2901286420561042,0.4110561895904155,0.26705560316230614,0.44915173774284206,0.2892367271120571,0.2975265937101875,0.021544411606769308,0.15794483387270078,0.9834255184190214,0.7454996394141352,-0.1767495446199106,0.33653063673701794
0.1762491046390922,0.17204515704786413,0.31547990480270766,0.14502998717663615,0.11263309489243141,0.1945256867583605,0.18871897603461643,0.30375185481728517,0.3018457329879682,0.19129555620910393,0.25305393752376987,0.19746969590566668,0.2512451250796535,0.2411711875068766,0.1754490311163423,0.11070075638980875,0.14923217967125457,0.2007568644407997,0.04611834197372263,0.3013343012376013,0.18755825512589014,0.16417483668494107,0.047023032244300586,0.08070906700936248,0.19830306308555504,1.529810648225697,0.15610379811608463,0.15108335955525407,0.02376436000563591,0.13920448775952649,0.20077030357368572,0.239781494494776,0.030554103528729108,0.35019398881341923,0.32323740257536815,-0.31133701068119846,0.3269218727374231,0.16882647920543722,-0.23892891388830198,0.18578164422146198,-0.20533451855193194,0.2313159834156281,0.36545527190287075,-0.02306184778892819,0.5077110351423482,0.14934525568540882,0.4216812736251687,0.3046593614131795,-0.1619373185963894
0.20341976399860243,0.10900997798723054,0.18636570771146133,0.2001391831646325,0.21046230967367296,0.22567828663447057,0.2163638571030515,0.275436153920572,0.10992143932626001,0.2638540046982243,0.28195629224392854,0.3031359474400913,0.3378870403369192,0.3321255489069579,0.21207488440714176,0.32670210456259047,0.30532400226177564,0.20845152424560293,0.18240205853284167,0.33959488165114227,0.21229074988668675,0.26143752531407805,0.16661869317582634,0.17420652751857393,0.3080104986579477,0.15610379811608463,1.1606922262801904,0.3687999034335988,0.28192030147631164,0.2200873259697328,0.15925799283495276,0.3967179821664024,0.29245628446041494,0.26181061235725606,0.4370207763718186,0.3331859883373242,0.35017247059053835,0.1946690812923894,0.34938713808835764,0.2643971038964652,0.3275376305303342,0.24917790264549544,0.3395794165325344,0.021863954538410724,0.006517395054035436,0.7946831448184428,0.48395623056795567,-0.06428118014102327,0.5224280407210029
0.2250328263410653,0.15677581785732958,0.31092168776075807,0.1485385121240444,0.14228400028921565,0.26557086585963324,0.18952085724205492,0.3250164705455372,0.13754454379369305,0.3016107335553385,0.36686026629900087,0.2632545391884477,0.3365849719339155,0.2351424180702936,0.26940235929839507,0.3063290710605891,0.6184467511671364,0.3389578747410065,0.20062923327909699,0.4547824100238439,0.3556812192879053,0.30474024716899534,0.36898398524983644,0.32209787546287955,0.3630900510884847,0.15108335955525407,0.3687999034335988,1.477614904148625,0.1531136392293456,0.2616038248634451,0.39825374803119035,0.19476340966308858,1.213030771909637,-0.022910192909100135,1.1661542799665512,-0.01505545994421641,0.8283144702749001,0.29884085355599765,0.4303478446130056,0.49589359452281334,0.5844962615878888,0.3778307548255334,0.2229384800144424,-0.006441108992900878,-0.06451677949068683,1.0762248116186799,0.866512938339935,0.44280148049277235,1.1625885925327608
0.20377618853517998,0.062210661139078915,0.26735613593275775,0.2857484286218047,0.3537868747504087,0.3927998378820782,0.1736002884828473,0.432966220502695,0.073469047864875,0.4315358108356021,0.36446828477987503,0.19574741896204312,0.5413710152912979,0.2733165263462129,0.18106648632815625,0.44775162460752466,0.30244831008167233,0.317999043327344,0.273122727483277,0.24189143196942564,0.24582542240377586,0.44910236507608875,0.7926285413706511,0.388984964793045,1.3473373669817337,0.02376436000563591,0.28192030147631164,0.1531136392293456,4.091788226723559,-0.024009570555539313,-0.47688556467285886,0.26869808024069963,-0.20918265838893038,0.9117397654693477,0.3685808442361709,0.3593123017233713,0.8811452838557762,0.13567195240154178,0.4879571497982557,0.32292416322801615,0.419617656992735,0.24306152218568755,-0.04506697426739207,-0.0784000947193936,-0.04404313997178704,1.458593449892862,1.142401711893093,-0.19786822220393907,0.31432620353993224
0.2117056744257956,0.15409573538463417,0.30213320014982054,0.1208277117694648,0.0012549971380077045,0.019767033750885912,0.3561283999249939,0.11694172233672381,0.24587710389787304,0.2882886361976204,0.22281470904943015,0.25947989419547945,0.22417747445896666,0.30629031410437674,0.3646229316665236,0.06772653776773138,0.15812792685729987,0.13629210521364904,0.12495320899939392,0.6363456826543772,0.25431893174959647,-0.0507468411074421,0.3274478260686698,0.5608671454730396,0.5397944566827694,0.13920448775952649,0.2200873259697328,0.2616038248634451,-0.024009570555539313,4.784964915202737,0.6127675934887357,0.39395280800948096,0.5387986256171069,0.0003627065083110027,0.09273374116466883,1.3702406934739118,0.5181486711759817,0.38442306609212157,0.7894003518812411,0.5235488666039287,0.46657353470228524,0.23328675219106818,0.5398140989039169,0.002295629137671891,0.5076945792647851,0.9113349223947615,0.7202189221199885,-0.9463417858679487,1.9239779554014542
0.10813155563344543,0.04164450197310855,0.09591458481167443,0.18288110690721943,0.2203992144517589,0.20579100365839126,0.21352205379849173,0.18322709787329006,0.1213204166203959,0.17102495365645998,0.2730305703745426,0.20361924502648204,0.215388604427532,0.152635314442357,0.2840783736363164,0.12147603371584338,0.2885594057808039,0.3681532069359536,0.20723493599918588,0.274066261336447,0.3053601453460497,0.07745797133673969,-0.15755730239210392,0.4140528644948448,0.09795993691157658,0.20077030357368572,0.15925799283495276,0.39825374803119035,-0.47688556467285886,0.6127675934887357,1.9857993028916392,0.14428591747175165,0.6419742993328161,0.05976761773428019,0.16604320537572803,0.8807171864025561,0.30880789108936446,0.3029109442903964,0.30468920427295154,0.13335664771521033,0.4000245230207449,0.2761882046861505,0.2087453809523947,0.002787480728259298,0.13435241181143917,0.7143008624453615,0.2927122863211138,-0.5136329128891315,0.34946706494546803
0.1808922948203517,0.06725033568625934,0.08303957890838676,0.22967434829084984,0.26758421121271597,0.22033578622546374,0.22118297152392233,0.20652421666134477,0.1621403553753136,0.22613148861250804,0.23220433675524943,0.288740552087701,0.31533016769086997,0.6293397080945611,0.20264042888372796,0.3342222167456018,0.21717462201227253,0.10244470200368498,0.1808945115038364,0.28207286796106057,0.22231974116352943,0.17095762707513815,0.09302231985501028,0.20232799174499858,0.2789737203568766,0.239781494494776,0.3967179821664024,0.19476340966308858,0.26869808024069963,0.39395280800948096,0.14428591747175165,0.9900814520555711,0.14712421316019966,0.39464290729249324,0.3212224598421481,0.3058517604330754,0.04925911501930419,0.22024621201671976,0.37217031377316817,0.24363944312943184,0.2895594907178041,0.2574128553075346,0.28084143153141555,0.012128732888140085,0.008826125391744537,0.6616946749709981,0.5728362769016797,-0.09919939584820259,0.5954197013771417
0.24778760832778213,0.14741635000570574,0.21055004711043576,0.1814466647507589,0.20955315509049321,0.23085938258160651,0.23174472536153115,0.16999860597984603,0.1582799265334941,0.15856103711120395,0.2810053165825409,0.26652109984120154,0.2532936283454957,0.17354140977215568,0.23416914518893525,0.11559163347105883,0.5624728787405521,0.2826513813632063,0.23234831874342746,0.4408419163281791,0.40693316269681395,0.2446961421913344,0.36845476675018485,0.3716217598493789,0.26931226206917885,0.030554103528729108,0.29245628446041494,1.213030771909637,-0.20918265838893038,0.5387986256171069,0.6419742993328161,0.14712421316019966,2.9250230360509617,-0.5145351630963396,-0.13098654234156493,0.34125055040974583,1.1172572091634074,0.3396567589352228,0.21368949367199586,0.17349915082033185,0.5907261264986703,0.4532074145801361,0.17401393705086368,-0.09015873569430082,-0.5058941772476067,1.1346105641006257,0.6691291689083355,0.008272287567572036,1.6799672922331736
-0.08118126936976955,-0.02768340574373131,0.2458035890778997,0.23812448199359187,0.2790840746147713,0.3052821072134783,0.15404724735393543,0.3809463070821083,0.15662629433800507,0.35182266264901046,0.2933345642016461,0.20667383770112924,0.34164071247139716,0.2731448931043714,0.179704624232198,0.28673173719099077,0.22301547077597295,0.2301382990462177,0.19561502492180996,0.18181236135942205,0.18484003736484603,0.21715314766541194,0.3731800884566967,0.07921201265098875,0.5409559605711877,0.35019398881341923,0.26181061235725606,-0.022910192909100135,0.9117397654693477,0.0003627065083110027,0.05976761773428019,0.39464290729249324,-0.5145351630963396,2.3035786741641324,0.4755842809453813,-0.2699847554012471,1.3190337105913001,0.14462763522950256,0.1736555337601953,0.010846563478142746,0.36706461388330586,0.21892003101356583,0.13467158879450747,0.07588457385449257,-0.19289689387983924,0.3732941956676831,0.8699576482084466,0.5795008567270257,-0.16916057969143108
0.21689098578635865,0.18130430654170507,0.4123040311849426,0.08484351880943297,0.03394795424660176,0.279364793632287,0.13066700586618135,0.493460984379473,0.11466625632873405,0.436926264711083,0.4321207273099614,0.2662420743726388,0.44456784299990476,0.3379983725536367,0.24203724695209688,0.49067489717869484,0.5504165496074072,0.3564651344151583,0.15262378143879685,0.3727664176699445,0.3260391489136809,0.4190676530269999,0.3969374034419182,0.26953986835090976,0.4073758687253693,0.32323740257536815,0.4370207763718186,1.1661542799665512,0.3685808442361709,0.09273374116466883,0.16604320537572803,0.3212224598421481,-0.13098654234156493,0.4755842809453813,2.8430711259945993,-0.7311765428297824,0.35158315726041944,0.19239775566354358,0.5330051269006857,0.830930083260639,0.4373197600894853,0.3478011787556622,0.26526814280574473,0.08479080010551844,0.25428809572947053,0.9714982056639564,1.2186642535776049,1.11953492036554,0.9055694472826021
0.1507357544259087,0.03790228854706217,0.13073105662662973,0.23826414896290884,0.29222709215212633,0.04011196685247599,0.4387967805141218,-0.052269700720766886,0.10875341517521932,0.15069670604624036,0.18106806048766996,0.2705043442742492,0.21668318416487917,0.2461111548075053,0.2901726182674477,0.16355983644913832,0.143570389530412,0.1757913159503005,0.2360683857081851,0.23904481673322076,0.3073407792199237,-0.11114364791153894,-0.040524608470575756,0.5018578917838152,0.42090322695712684,-0.31133701068119846,0.3331859883373242,-0.01505545994421641,0.3593123017233713,1.3702406934739118,0.8807171864025561,0.3058517604330754,0.34125055040974583,-0.2699847554012471,-0.7311765428297824,5.184802906934645,-0.8667993697277305,0.2871900259567234,0.8242859448614794,0.20365791055934193,0.8834890817255496,0.2533966584402542,0.3601801338165278,-0.11951221339084021,-0.37955576024606774,1.733160385329902,-1.241186742203952,-4.30546954993035,-0.15890936660681854
0.1610614667152493,0.1299761678508627,0.32572779272201663,0.2701048324967969,0.32062771677603386,0.45255519960112656,0.1743216239853808,0.45925995078340826,0.15549887290872438,0.35768686453203696,0.4211964875856547,0.2638362588092748,0.39014735003544115,0.16668828232659644,0.2710189264769522,0.28073567564292384,0.6275458175371479,0.37287064176886864,0.34658867659300135,0.6702530966357221,0.4686068102367237,0.43093516490318745,0.6550500183135386,0.23706714404051726,0.9209839627790672,0.3269218727374231,0.35017247059053835,0.8283144702749001,0.8811452838557762,0.5181486711759817,0.30880789108936446,0.04925911501930419,1.1172572091634074,1.3190337105913001,0.35158315726041944,-0.8667993697277305,5.430075362309176,0.4986230368668295,-0.01721650876964912,-0.06994974402020901,1.4225844800186527,0.542980804362535,0.3921149957551583,-0.035378341781329564,0.4715855649978833,1.1439571805929551,1.4642771320777999,1.7451496626119263,0.24887338156368313
0.13123019766410884,0.09685828151608465,0.0829125631971926,0.12862984430753865,0.15070629758539797,0.18687973497665847,0.1122949405412446,0.17625543263172885,0.09007008861091938,0.14044932799777618,0.19435422535088864,0.1593812611558499,0.16526058260900803,0.19611583224379436,0.1589364195691811,0.10193165687996666,0.2482339578994002,0.10058675782098825,0.12534441877674393,0.4849506706001374,0.17527875205449073,0.12195076657245557,0.03703811065816556,0.1772764722219183,0.2901286420561042,0.16882647920543722,0.1946690812923894,0.29884085355599765,0.13567195240154178,0.38442306609212157,0.3029109442903964,0.22024621201671976,0.3396567589352228,0.14462763522950256,0.19239775566354358,0.2871900259567234,0.4986230368668295,0.6502696517954438,0.14759765495855337,0.200626159759742,0.3743737357852637,0.2006841550993227,0.19248121449435346,0.028173346123162402,0.19245041891261475,0.6948716214699664,0.43060264998806985,-0.02471766885652641,0.39997572747676924
0.2316394924872765,0.10672888691195917,0.28115932057678933,0.2583358184647591,0.3085615462751336,0.3155960934928151,0.26707595307253,0.4034397732591125,0.12273301091199708,0.3824249186359144,0.3588104933671665,0.3190834129589232,0.3708016060209165,0.3078331179259857,0.2591413469384434,0.3382188193293664,0.39284757220733013,0.290619165650014,0.2898762676003455,0.3123008119262297,0.336362473630437,0.2718722217537457,0.5344962474161884,0.4226724366513997,0.4110561895904155,-0.23892891388830198,0.34938713808835764,0.4303478446130056,0.4879571497982557,0.7894003518812411,0.30468920427295154,0.37217031377316817,0.21368949367199586,0.1736555337601953,0.5330051269006857,0.8242859448614794,-0.01721650876964912,0.14759765495855337,2.1783986945131963,0.7474443617057753,0.364037075766911,0.2814853225988001,0.17869663312574444,0.09898179558895442,0.13747923845955853,0.6513105446079628,0.6813780454128782,-0.5923127390580258,2.094489389230098
0.20445330793467464,0.15347652560178607,0.280305960858764,0.13507547574648376,0.12965151060289204,0.2200656959018456,0.16739455859220415,0.3054851332570658,0.13047095249918503,0.271853186964542,0.27852260209032514,0.22131285632387787,0.2780842275733694,0.23626672658065678,0.18074329151485047,0.24264918946943906,0.32575615270491315,0.23372547614804248,0.12822369231419667,0.3700293599296664,0.2651809661468708,0.24245685897201844,0.4247944186329799,0.2788260994696572,0.26705560316230614,0.18578164422146198,0.2643971038964652,0.49589359452281334,0.32292416322801615,0.5235488666039287,0.13335664771521033,0.24363944312943184,0.17349915082033185,0.010846563478142746,0.830930083260639,0.20365791055934193,-0.06994974402020901,0.200626159759742,0.7474443617057753,1.7607108595427912,0.18813542218301307,0.2531818460774107,0.047548874287933904,-0.0907637113121288,0.31420843018157785,0.5476305124955532,0.6931094675371443,0.16293651225929207,1.465386155638135
0.23137713696924908,0.16590520325415126,0.21765718806824413,0.23657449744249923,0.3192764298841219,0.34624335207136836,0.19512356420132299,0.30506161358673173,0.036721385025319825,0.31548314764073887,0.3372388927778346,0.26284644738364743,0.3523492876949478,0.2964083447193961,0.25550161503227836,0.3070627511474216,0.4711522388006425,0.24285317909698628,0.3226588499526432,0.5070247427457367,0.5000059278305874,0.29212732517655904,0.3955825596028283,0.29144538115258145,0.44915173774284206,-0.20533451855193194,0.3275376305303342,0.5844962615878888,0.419617656992735,0.46657353470228524,0.4000245230207449,0.2895594907178041,0.5907261264986703,0.36706461388330586,0.4373197600894853,0.8834890817255496,1.4225844800186527,0.3743737357852637,0.364037075766911,0.18813542218301307,2.783131388055979,0.4748568670547525,0.1689003453164799,0.038150781939355234,-0.8136762829118424,1.509279343374413,0.7213295132569723,0.6535381837905595,1.8495767501866538
