0.9541733803181274,0.32887134634534804,0.21021280842620851,0.08210060730005413,0.1780573401712041,0.112121366305551,0.18447298970538542,0.14630806295978252,0.08438076694311553,0.12509777179839926,0.11927000396870836,0.13630868191280335,0.09455496706900951,0.15166163816014028,0.13391858371614274,0.1434207151916788,0.1444985556179585,0.13904109760187885,0.0655478865791457,0.09382883075473447,0.1325115954306574,0.18773387925468762,0.07544135571883889,0.04193211288456729,0.12180484599468575,0.08731490109526903,0.11212714577591092,0.146062117696951,-0.004315737754735581,0.19727527716267124,0.11918215186328002,0.13724353549622254,0.13417285661760742,-0.11049667483618174,0.1667368666690946,0.10159351214117845,0.1188164703451749,0.13128095066656514,0.0991619368924597,0.03740619028737338,0.15895841481228673,0.09322531179573791,0.02363078597798148,0.1488598317942645,0.1284019671107995,0.10699494815965056,0.1752317900201258,0.00121930696606732,0.0512780737148656,0.03262534864067156,-0.013363891062347975,-0.08075990284961371,0.024889757887286576,0.012343170680449144,0.13152452949679316,-0.02493509023284141,0.05935541540650772,-0.09109330149874242,-0.09179843592418718
0.32887134634534804,2.8633208897603377,0.24192776770683713,-0.09824618845840478,0.07399081429875394,0.11924865112007088,0.1068983259901848,0.06827199867297552,0.11576489522475283,0.17882102919632042,0.1406195517181159,0.17326855206954386,0.06945822790338196,0.11563217924464014,0.26364088772095945,0.15070721744591004,0.17579317753685042,0.1517450345465681,0.005359659785903436,0.089567010581273,0.2345452979715155,0.057789929185784954,-0.28143271120713304,-0.13666579159619352,0.12294041155544917,-0.05362474680623337,0.19715113687737382,0.0762554300377487,0.08893419998411815,0.17218712663553395,0.1010785390736172,0.14188969075335672,-0.03363805736726227,0.12264293788636611,0.13162865057128162,0.16751943517302334,0.035269070854249275,0.12750344385231377,-0.043483246324510755,0.032583410369286706,0.1609173211665188,0.08713537820962274,0.0384643861893595,0.15777413042327476,0.22089618000628408,-0.03661587803743966,0.10715921207516887,-0.003040453642943987,-0.16572188920754383,-0.21885666324838088,0.13167556789215237,-0.0211572006252262,-0.03839885218616954,0.07664395181665755,-0.6204632846231273,-0.00018763988424854296,0.003337690852956118,0.31936303470240823,0.10187866101292709
0.21021280842620851,0.24192776770683713,1.7687930950543294,0.23493520908694668,-0.12182972921440396,0.2886833346044022,0.1047558165228897,0.34920636975349423,0.2850556652188682,0.4328059527166782,0.2067803992803501,0.19189815656764192,0.20814755962333628,0.14031109714316006,0.2796406841970695,0.09951922919669708,0.32861629350402605,0.2926835990822629,0.1313109074107221,0.20916375361238296,0.17026030091409897,0.4174535027392921,0.3552882748684529,0.30799346378536274,0.27720085459571264,0.20968384732571815,0.15120997496514543,0.2772881731461872,0.376953285794885,0.15948239416011512,0.2071022740650066,0.1557362291458454,0.2814365144196285,0.2720714812593399,0.24224334423160782,0.275238858796702,0.40698126579721033,0.18201838836779405,0.16054355640111356,-0.2548710876517884,0.22070520638491214,0.16234013004865905,0.10122622236277996,0.2384322441833305,0.17907221853144145,0.5023487462052859,0.27825572996921016,-0.007437604731240797,0.12889147290886196,0.08584300252348902,0.04889162248714253,0.08496397519119461,-0.0429137326007594,-0.1928928775927239,-0.0053970312265520445,-0.13939123933576147,0.06791486127330588,-0.034867319729133726,-0.09306352480703436
0.08210060730005413,-0.09824618845840478,0.23493520908694668,0.938666251427095,0.31644903154227144,0.2891011686862702,0.25716736977323557,0.3179057804003501,0.12859685776876512,0.18871109092505595,0.20776517953102575,0.24059487348761574,0.19351396308830213,0.2585907478480129,0.19235410662766278,0.25688894774644744,0.22825314886196135,0.2873050760130117,0.11729055690942942,0.130691585542356,0.14114043661673176,0.35671873010027727,0.34156218474250555,0.27219354346535346,0.26438785266640213,0.25421343531417184,0.16206394876912034,0.12325690149416983,0.33439000629813537,0.20941927722656298,0.18521530549319826,0.24752624998441952,0.23967511569946595,0.325943700263735,-0.0137901072989489,0.18942653214072405,0.20143305440576084,0.2013537361970172,0.2867859533386624,-0.030869419605666953,0.18513825286919558,0.15205266571330883,0.20327148754329227,0.35452858339893023,0.131153640551093,0.006048953310969315,0.2778449914546419,0.00230268724535634,0.41837143935258014,0.20104200998337105,-0.190407129555166,0.03770321451030175,-0.009820690858882482,-0.08359170134528174,-0.10634535487778143,-0.11143143271746815,-0.027754814348496852,0.17702404263349958,-0.06604069676587918
0.1780573401712041,0.07399081429875394,-0.12182972921440396,0.31644903154227144,0.8445449015256589,0.2529975907577907,0.22579090911501026,0.24604585752615732,0.0724484055595324,0.10077684800615373,0.17901764326983438,0.22088393842543236,0.15383157616970924,0.24117209766445438,0.1766083080278834,0.2819320798680723,0.16173187165788905,0.2168285605905536,0.22223190014155297,0.12494100162687173,0.09742859240295672,0.2600755363167647,0.23598888594998002,0.19467898962033,0.2132026950413248,0.25126162140304537,0.13791748521806835,0.03332997353642169,0.2501749238381228,0.12445466245416321,0.16738929869767563,0.2287518505971526,0.09012248592799306,0.33156593962877723,-0.006133506190318483,0.1794298104364166,0.15857538100791965,0.1683209631675591,0.26620939665739873,0.0916718842648186,0.21896898690625066,0.16629112825267123,0.13802343599604056,0.22040844152630912,0.06649876837973485,0.020040476727942173,0.20225082182555779,0.015404885347487615,0.33127525188531426,0.17336366732642156,-0.16073622080150146,-0.18072529834622975,0.06783116178021663,0.0561814681039872,-0.08709522796590115,-0.0780282601667212,-0.04821489286708961,0.05663143427854896,0.08722142385637123
0.112121366305551,0.11924865112007088,0.2886833346044022,0.2891011686862702,0.2529975907577907,0.6288512841811431,0.08981329126295805,0.42587998378844066,0.15742871434107533,0.14246172837900895,0.23548061021212188,0.22058404138071008,0.18152322958203593,0.2443371012604936,0.2497457717422087,0.2009997413342993,0.2694887271363695,0.24401332443868096,0.1915398723526765,0.22339429004889547,0.21202510406030065,0.3268939780461358,0.24573584640431415,0.24299598431459227,0.2895267727191907,0.20740586197611832,0.1859854400985537,0.2163593324381101,0.393219392382917,0.2780666673896175,0.17766245049012883,0.24723092874995925,0.1325516543105896,0.3234887655942457,0.20775146791573698,0.14768538125717062,0.23805063660273107,0.2061989678788801,0.2780734188848859,-0.050747264181895194,0.11433567883841257,0.17177352928404888,0.2554958328896666,0.27923973154345444,0.15587592181009874,0.011077886340215067,0.2897355769106381,0.009450928685093353,0.4427968725453789,0.34196766026153985,-0.4572358492648313,0.058052228197125764,-0.07087063213751957,0.027361546596087943,-0.07260747220608832,-0.1387431138541831,0.008893091210674116,0.13037403154541774,-0.019872651783718408
0.18447298970538542,0.1068983259901848,0.1047558165228897,0.25716736977323557,0.22579090911501026,0.08981329126295805,0.5681838649092666,0.19671695241663903,0.20382887936473718,0.1506487931688688,0.18880032129513052,0.23387712879977182,0.1523309813675514,0.1982014923492295,0.13431122826274905,0.21004097316782996,0.1932675963162086,0.21130609874311385,0.06164699061280349,0.14134576995889478,0.1695546651161727,0.2640631771963701,0.2685127343876939,0.2034766102879952,0.20594340321467922,0.19158291586203213,0.15476416765806,0.12212453662289154,0.1765185586986512,0.174764076579091,0.16210378173765955,0.1914626141084288,0.16021339136807763,0.22652245163584092,0.13075802063718886,0.16894517578873117,0.12225964447107342,0.11133402627021095,0.22837625649132032,0.0644673793336592,0.21356636591609268,0.13332056336650713,0.1619135825006098,0.196879289717771,0.18598843780686003,0.029632626812702137,0.20042979323162166,0.006754406483127305,0.3257088941234725,-0.002366871705986751,-0.021845291890417184,-0.057289775729606716,0.07274585611533936,-0.029009826485369764,-0.00766064583920315,0.07566969586198379,-0.021835364561976524,0.08378871870990824,-0.19947036333766255
0.14630806295978252,0.06827199867297552,0.34920636975349423,0.3179057804003501,0.24604585752615732,0.42587998378844066,0.19671695241663903,0.7602453112379706,0.0873389831443235,0.1875743463324442,0.2443936700199257,0.08135018573226004,0.23405168288500428,0.20451367935385206,0.18632827716937714,0.16768535441477486,0.2953874298331989,0.3475282340207854,0.20052898313246942,0.1842808838945491,0.2531931919531686,0.32911300847253555,0.33619927504615454,0.22762579819249953,0.2844247011607859,0.2345949937870407,0.14620246802647124,0.2500518845170782,0.3600497142263769,0.3074806802737683,0.18226632025754552,0.19946713774488073,0.23054196131844543,0.3224492465032787,0.21361720557889546,0.15726884899674964,0.31259888541411296,0.190211927697578,0.32431293351537593,-0.03561950401713708,0.21294005206037378,0.16871822452946947,0.2247669603961482,0.3181505852196443,0.2423429444853516,0.06982087840533231,0.34759964729838855,0.014304111919032357,0.34648953687283457,0.33494779022430854,-0.15103987428099352,-0.013693468110309496,-0.056644550014856875,-0.1084115237874266,-0.09388456134802894,-0.23769339056038752,-0.0026546281060995484,0.2402036438105232,-0.025499783799423605
0.08438076694311553,0.11576489522475283,0.2850556652188682,0.12859685776876512,0.0724484055595324,0.15742871434107533,0.20382887936473718,0.0873389831443235,0.5179573131666845,0.13490431952495816,0.12059682194032004,0.13202897697173965,0.11451908475065348,0.18860150699597578,0.17872830292814043,0.10989324280103972,0.15021282983412607,0.17478404521571825,-0.04208196992346582,0.08235061684568888,0.12220362866114569,0.2161534266007266,0.2601929720442988,0.2522071393996014,0.17851806394327005,0.23974875764382136,0.11910121955284059,0.10286618642352342,0.1907959964726257,0.1364051613695686,0.16448781225651368,0.17159123448781743,0.09801925844599396,0.1531144091958582,0.1608417729760553,0.15647290148372844,0.14643735755092205,0.07353900963251514,0.14244260677574877,0.028398793668631284,0.19937155446270133,0.11580700327319986,0.09973658188638318,0.10898227776764408,0.134931109002801,0.13946740439350733,0.1709778856431967,0.006920984823641064,0.3046398789316689,0.007585780486990686,-0.05663748756072891,-0.13202202607031963,0.10146004737959069,0.01620199264432627,0.01801178287022735,0.09063145517571321,0.045247440911752486,-0.08617479986244839,-0.10723056153680109
0.12509777179839926,0.17882102919632042,0.4328059527166782,0.18871109092505595,0.10077684800615373,0.14246172837900895,0.1506487931688688,0.1875743463324442,0.13490431952495816,0.752109208072308,0.10683196189302878,0.23905549429591177,0.15585946483159446,0.18959379552294828,0.20325252020276563,0.18556887450921547,0.21423176796005547,0.25390035935845423,0.03324706353990069,0.16840344407798277,0.1378660781576839,0.2286774448524011,0.24757879434495356,0.18995890544858474,0.2170568047678769,0.24183574888736725,0.19383028413441808,0.2008510619430258,0.20435526141849497,0.22460849384176465,0.20737333542002265,0.22801106773038732,0.11276319112133125,0.33111484842759337,0.26191724580000425,0.23266589628506476,0.1781487856251215,0.14255263903121984,0.30903410334257975,0.11484119477786253,0.3832539706513712,0.15817455975081407,0.14769457183835993,0.2456365514593191,0.2509315188017812,0.1639895320688426,0.31288709125830616,0.019810450688903178,0.1857220599911124,0.1439465495462349,-0.07537198727867314,-0.13048016113556726,-0.040446116245136644,0.09691171252635102,-0.0532279627744094,-0.01914302034974682,0.17184921777522735,-0.0343182531268969,-0.11571387605876356
0.11927000396870836,0.1406195517181159,0.2067803992803501,0.20776517953102575,0.17901764326983438,0.23548061021212188,0.18880032129513052,0.2443936700199257,0.12059682194032004,0.10683196189302878,0.4770296093014354,0.21628761285650472,0.2100292731837886,0.22119375305055916,0.2935712125384335,0.2132204500788848,0.2556540509597627,0.21412099144116606,0.06468121387966573,0.22486384107328225,0.16759443892835352,0.267059524258658,0.2566320177311878,0.2128736835035563,0.2508150702419714,0.24464585288097898,0.18047944598988677,0.19237078457393425,0.2699175419138831,0.23111224584781787,0.16356499915638173,0.2263735817576717,0.1228182069040653,0.2548863573686253,0.2577480375428547,0.18608229931306342,0.14784316819007978,0.1274899865559774,0.23820724690651632,0.05350391148576036,0.23546864166701617,0.1746390702749976,0.17625482799165357,0.17450331270312236,0.14887152860288969,0.13779388449733476,0.2367870354126561,0.015479845696334668,0.259955542848233,0.12531894156460507,-0.18046307238813966,-0.07849264879609863,0.02062492705520861,0.0757725394582562,-0.04527726329873531,-0.058558970282883774,0.02791906812903739,0.07577056986310182,-0.09122040767108605
0.13630868191280335,0.17326855206954386,0.19189815656764192,0.24059487348761574,0.22088393842543236,0.22058404138071008,0.23387712879977182,0.08135018573226004,0.13202897697173965,0.23905549429591177,0.21628761285650472,0.5811280635735318,0.11217189824966747,0.28042595614737975,0.21970726558191261,0.2516032871930586,0.1770071119767642,0.08041803049193558,0.06060815680633745,0.23152871461039126,0.10820234629052425,0.2310704027534445,0.14747025510053446,0.17632251500784552,0.26894720077579015,0.165440582721404,0.2443868900535168,0.13232743932764832,0.21120364388844778,0.22169913393185467,0.1489179093225116,0.28311622391116387,0.06941491495063058,0.27865063278355817,0.2591561093624145,0.1933397110219195,0.027511780076761323,0.12957065842760873,0.21462008555446255,0.06275807453966681,0.18476073537090806,0.15304455961636504,0.19444723133582928,0.20480046922493345,0.1378534694224581,0.005357785013219885,0.18983814643417654,0.014539804071291273,0.36674828763606554,-0.028316749493514076,-0.29147525276451375,-0.0014830517986463405,0.08431526080560667,0.1326524452156022,-0.033573221124361674,0.06555486762936087,0.041636681602600735,0.03181367897872283,-0.1406761180323217
0.09455496706900951,0.06945822790338196,0.20814755962333628,0.19351396308830213,0.15383157616970924,0.18152322958203593,0.1523309813675514,0.23405168288500428,0.11451908475065348,0.15585946483159446,0.2100292731837886,0.11217189824966747,0.3735065116509976,0.16725165123133653,0.11805318832889727,0.14226454376903688,0.17351163935832714,0.1849647606095069,0.09503439075467147,0.09963611386067528,0.16173378367885657,0.2136596630117732,0.25744757949383534,0.2047230078947633,0.17047552382700187,0.20681225088484878,0.11736583139105056,0.14212268127109587,0.21057480120250674,0.16251757193252114,0.13115530745824092,0.1688660670070974,0.14825100178000386,0.20561462759857402,0.13938961713597206,0.13256746229439814,0.16681464635949644,0.09349508471495135,0.2429810240202495,0.02870973353669445,0.1939268089634958,0.1135562715714678,0.09924685852271221,0.19190911638147057,0.07286509701430091,0.1111477123598892,0.18645821561092615,0.011548336367866343,0.2447200308656895,0.15041123139458426,-0.0433104345525261,-0.027343558907039437,-0.009662443092299812,-0.06268825365279118,-0.01560636503111088,-0.08194295780582328,-0.025184111307870793,-0.03243822796828173,0.08989091993390248
0.15166163816014028,0.11563217924464014,0.14031109714316006,0.2585907478480129,0.24117209766445438,0.2443371012604936,0.1982014923492295,0.20451367935385206,0.18860150699597578,0.18959379552294828,0.22119375305055916,0.28042595614737975,0.16725165123133653,0.7032600957385383,0.3245159499865436,0.4010989384010493,0.2816344749092345,0.16711046655487963,0.058038546176347836,0.20888179511341262,0.05456076023896195,0.5663899077121565,0.26308256893722815,0.33256292722030567,0.3172680056014018,0.4777838720887465,0.29605124791148035,0.22505088043451343,0.148604940242219,0.32521766440909006,0.22020118386162424,0.5891619553561784,0.11617900681145617,0.3359347385248239,0.4065399465114613,0.37669011207685044,0.059763116407288146,0.16926791393989252,0.3199575465929117,0.12370143896879748,0.48021758728054664,0.2610248001359837,0.15385136152666373,0.3962397537960092,0.18454131194846699,0.061465801967836825,0.28071695935415963,-0.007914303192679292,0.8088816095595462,0.12806126680056348,-0.21012594950927077,-0.28124068059939134,0.09110838471313135,0.1587329688456283,-0.11105698339461641,-0.03699698934150528,0.25010051771870456,0.025397869119784183,-0.1819582312760526
0.13391858371614274,0.26364088772095945,0.2796406841970695,0.19235410662766278,0.1766083080278834,0.2497457717422087,0.13431122826274905,0.18632827716937714,0.17872830292814043,0.20325252020276563,0.2935712125384335,0.21970726558191261,0.11805318832889727,0.3245159499865436,0.7103495153288636,0.26286487949211224,0.2875247838283004,0.2498827043688258,0.07103075034845655,0.25547612285952936,0.059010443819435425,0.43341189103434036,0.28756242023539647,0.320192956646812,0.3228085267980866,0.35646861265999263,0.24034628024941002,0.29589153473711816,0.3573051921709708,0.2659560345552507,0.22751393564381153,0.32562295154653864,0.16219673276605148,0.3136384391650029,0.3182848705453649,0.24287742106691942,0.23442209238620756,0.13208374924515773,0.328165784131458,0.046624786447708504,0.3093239056314872,0.22007908667566267,0.21578275873501226,0.18157846818382029,0.08644226275980732,0.18924295997221138,0.2769300421818264,0.00018455987805228937,0.5608377516889477,0.302302801351253,-0.3809569841808884,0.06579017856308994,-0.13539952895386628,0.07347247198727265,-0.013254658345266842,-0.009646125417317825,0.08364052129536757,-0.007751997516075654,-0.10740060804144282
0.1434207151916788,0.15070721744591004,0.09951922919669708,0.25688894774644744,0.2819320798680723,0.2009997413342993,0.21004097316782996,0.16768535441477486,0.10989324280103972,0.18556887450921547,0.2132204500788848,0.2516032871930586,0.14226454376903688,0.4010989384010493,0.26286487949211224,0.8358925180092145,0.26190273207337694,0.14307714620104772,0.11077229266261693,0.23047382092220317,0.13347545249391185,0.4142807311677661,0.08990767394698787,0.23375574048729608,0.3173204487014123,0.27898608199001895,0.2880840967890856,0.23368713586676995,0.29800577676614987,0.41675864218205344,0.1969183123307946,0.3863326354604569,0.06058152551341263,0.31945894635102684,0.48122676195987835,0.31255345852879574,0.15304374561482004,0.1660513281258388,0.2740595534730006,0.17534720414643173,0.442085764567794,0.28456257406851987,0.2741270471571971,0.24145252000046272,0.2712579810062362,0.10417486889286907,0.3158617620269462,0.0007713545536465943,0.4558100087849826,-0.18942968644161218,-0.1708564060942498,-0.08415097553482366,0.15446258580879804,0.13391121734906808,-0.0179526398904568,-0.02727716702246045,0.04064673669085241,0.06643814663032681,-0.07623071882015743
0.1444985556179585,0.17579317753685042,0.32861629350402605,0.22825314886196135,0.16173187165788905,0.2694887271363695,0.1932675963162086,0.2953874298331989,0.15021282983412607,0.21423176796005547,0.2556540509597627,0.1770071119767642,0.17351163935832714,0.2816344749092345,0.2875247838283004,0.26190273207337694,0.6281514709842907,0.26409642699206054,0.11960102995848602,0.2134172999896877,0.10977388048802313,0.6198372786550181,0.3378624086478321,0.26653735299001,0.2697697413813343,0.29510295816844245,0.21050827974995986,0.45267717867869967,0.18474515591859803,0.3341267558830712,0.19296474041260225,0.29302662062528945,0.3565815696787015,0.2392447783555992,0.3315279945537474,0.27881545787205364,0.27669985912357375,0.21290528685412494,0.24345788612922087,-0.012525462723208187,0.34648550763726094,0.2804457231361773,0.1600776737358457,0.3630347960651561,0.15093982215889665,0.19611328683894294,0.3477528726830353,-0.005909053170401387,0.51197285215691,0.3908165501559941,-0.12489230836470312,-0.1633926073280848,-0.13953740301040102,-0.0007779975733092434,-0.14497845028703987,-0.11702987821318576,0.05325941817145208,0.13145957042864148,-0.16538094209655668
0.13904109760187885,0.1517450345465681,0.2926835990822629,0.2873050760130117,0.2168285605905536,0.24401332443868096,0.21130609874311385,0.3475282340207854,0.17478404521571825,0.25390035935845423,0.21412099144116606,0.08041803049193558,0.1849647606095069,0.16711046655487963,0.2498827043688258,0.14307714620104772,0.26409642699206054,0.8604326536442924,0.09907378409856658,-0.09041024313053667,0.25376023787346863,0.36716382442886486,0.6613554321359599,0.30500309040646334,0.2695136893955337,0.3849275215420972,0.0719713562538893,0.2621674533027757,0.3828453718215055,0.20921491523430769,0.24574068135837093,0.19181752408832384,0.2904433322608729,0.32623599651485824,0.1373510696848223,0.21944690060226035,0.19958735164938526,0.10717221593625686,0.31968888599200684,0.06719246463741961,0.35424432321559013,0.1353299881867836,0.23628621502011615,0.2688701233779232,0.3850923152445655,0.1739175028819012,0.5015187176802879,8.584356741241077e-5,0.25295265500843295,0.5049967741873052,0.1192276046788474,-0.4082593689227851,-0.1858600793987634,-0.027744561246637288,-0.031732322207254325,-0.08947316550317835,0.047042648169058635,0.26449412696165975,-0.3236820143440605
0.0655478865791457,0.005359659785903436,0.1313109074107221,0.11729055690942942,0.22223190014155297,0.1915398723526765,0.06164699061280349,0.20052898313246942,-0.04208196992346582,0.03324706353990069,0.06468121387966573,0.06060815680633745,0.09503439075467147,0.058038546176347836,0.07103075034845655,0.11077229266261693,0.11960102995848602,0.09907378409856658,0.6554735458922036,0.08178497257574444,0.09396117243098936,0.20602388312492464,0.009923182225432854,0.06784333645200927,0.07480223377526252,0.01608740140589232,0.0417990049797405,0.12847040966692325,0.10262226041084235,0.0930905801943821,0.09156278234624307,0.08168216063275932,0.15503431521234823,0.11636824522530924,-0.051560272600007846,0.13105343293378813,0.17565983079980257,0.15077223242578364,0.18628168677097404,0.007660115325724797,0.10035158136381075,0.07277442640286282,0.04554159622015288,0.15537758720001468,0.08536346688377751,0.15692596187656405,0.10783850106744973,0.00017028299592169378,-0.047298726459305156,-0.09300436866328064,0.24074103626270785,0.26425854049631375,-0.1605801766744163,-0.17664510874196293,-0.04318633055688668,-0.08731131629417423,-0.011157405490437691,0.08917097176929935,0.0014826408035801852
0.09382883075473447,0.089567010581273,0.20916375361238296,0.130691585542356,0.12494100162687173,0.22339429004889547,0.14134576995889478,0.1842808838945491,0.08235061684568888,0.16840344407798277,0.22486384107328225,0.23152871461039126,0.09963611386067528,0.20888179511341262,0.25547612285952936,0.23047382092220317,0.2134172999896877,-0.09041024313053667,0.08178497257574444,1.8494776333325558,0.07554569069393041,0.11875951339416652,-0.0999747769437066,0.13992222636525775,0.2619883664747837,0.3117485318763256,0.48360061234240775,0.42602617302524864,0.10368232991393858,0.2764086001045089,0.23592680307429553,0.19818131899695732,0.4221942232447023,0.27871873067734426,0.35027451479508953,-0.07980607569105017,0.48423312999257234,0.18878066514478764,0.6604196043938094,0.15902679558138308,0.2004595675152039,0.17289479202566274,0.6454119954872983,0.22085769153406298,0.700323394457518,-0.2988458298809772,0.17865927082308317,0.08953717783204496,0.8684244422024626,-0.06483481684892059,-0.5413021483381713,0.38356519757634155,0.04167395915844821,0.08061909074065166,0.056010070759140475,-0.024575164585993153,-0.02348174510584866,0.07491565492705908,-0.018614934190404928
0.1325115954306574,0.2345452979715155,0.17026030091409897,0.14114043661673176,0.09742859240295672,0.21202510406030065,0.1695546651161727,0.2531931919531686,0.12220362866114569,0.1378660781576839,0.16759443892835352,0.10820234629052425,0.16173378367885657,0.05456076023896195,0.059010443819435425,0.13347545249391185,0.10977388048802313,0.25376023787346863,0.09396117243098936,0.07554569069393041,1.8388317776635306,-0.3857073157586787,-0.010202118165202907,-0.28300968865809484,0.23159344308994678,-0.9139746540340884,0.01569849782760539,0.010211203662366507,0.5183916271601285,0.9868189510750458,0.06996781207073481,0.019489268146130136,-0.03417725834268985,0.2848567640045636,0.3417268669564541,-0.042651429853366805,0.3770460656323851,0.25567381111628784,-0.20356764600946162,-0.2490718026120599,0.08064369515374542,0.12123672574798228,0.4409582777338929,0.36869489077793616,1.3417568989703743,-0.3562917826331803,0.680607772046673,0.05691803928795388,-0.9078871123661396,-0.43871092224629304,0.1360291189447973,-0.11281756058300499,0.32318930932979945,0.08311371947313702,-0.07594120503551254,-0.07450748295746368,-0.14968802717887045,0.317757053993312,-0.19881245258264646
0.18773387925468762,0.057789929185784954,0.4174535027392921,0.35671873010027727,0.2600755363167647,0.3268939780461358,0.2640631771963701,0.32911300847253555,0.2161534266007266,0.2286774448524011,0.267059524258658,0.2310704027534445,0.2136596630117732,0.5663899077121565,0.43341189103434036,0.4142807311677661,0.6198372786550181,0.36716382442886486,0.20602388312492464,0.11875951339416652,-0.3857073157586787,2.4106797642215962,0.7078851424436985,0.6000085245075434,0.4746796990689601,0.7692936819755234,0.3986422447861928,0.46138403534890676,0.25543706386195525,0.26911620761177607,0.27522170421083897,0.6181821211847778,0.6356576602479305,0.3146307682401311,0.27151643698544087,0.5207995655519956,0.3110268469081063,0.38263468774034504,0.5333007259745265,-0.01844392020089964,0.515162591445848,0.3980850550197896,0.03380699360246275,0.8870445237006183,-0.5242215318830153,0.5060245629859246,0.3029589293427366,-0.198012853909353,2.424891842965062,0.36230817249078484,-0.21233214608948636,-0.33522942097827924,-0.10836136020891333,-0.05153127169147569,-0.1346997940109843,-0.11288520706731234,0.11910916138759857,0.10259311982470834,-0.20341658145430574
0.07544135571883889,-0.28143271120713304,0.3552882748684529,0.34156218474250555,0.23598888594998002,0.24573584640431415,0.2685127343876939,0.33619927504615454,0.2601929720442988,0.24757879434495356,0.2566320177311878,0.14747025510053446,0.25744757949383534,0.26308256893722815,0.28756242023539647,0.08990767394698787,0.3378624086478321,0.6613554321359599,0.009923182225432854,-0.0999747769437066,-0.010202118165202907,0.7078851424436985,2.1670787312886484,0.8491863142939517,0.5273226017905847,0.3720542942784492,0.058103030778996784,0.3786526373467728,0.9155962274763985,0.3591145553018209,0.08697467278312578,0.20742154754948372,0.530367055169148,0.4543892972376862,0.22716451774718502,0.2402199200008128,0.4712142992098012,-0.10481538391587483,0.7184244832544334,-0.03657707724527759,0.3342435404883385,0.13595488670769723,0.07138188680505737,0.29943989626312406,-0.370350093816867,0.4567891355460053,0.5160366004814585,-0.006057814502234644,1.014731644041763,0.586830591370115,-0.23203960038812968,-0.2357591992401391,-0.011212410272801399,-0.0864249958150745,0.09730720253185567,-0.08677921903532838,-0.0899595459851681,-0.14429539431752259,0.14662046042370863
0.04193211288456729,-0.13666579159619352,0.30799346378536274,0.27219354346535346,0.19467898962033,0.24299598431459227,0.2034766102879952,0.22762579819249953,0.2522071393996014,0.18995890544858474,0.2128736835035563,0.17632251500784552,0.2047230078947633,0.33256292722030567,0.320192956646812,0.23375574048729608,0.26653735299001,0.30500309040646334,0.06784333645200927,0.13992222636525775,-0.28300968865809484,0.6000085245075434,0.8491863142939517,1.3619445522413098,0.38967897430389936,0.42184993183659625,0.11413257078496399,0.3150986898861349,0.7972954466850007,0.3393166673085185,0.3279856552288317,0.2837333036405441,0.4660407728515606,0.18120240781607264,0.15504252228145063,0.5207427412328914,0.3693813825399489,0.05965341004758543,0.546045838552193,0.04549305268939068,0.261270145201213,0.20877262181947878,0.07843411363111165,0.09014815148938114,-0.317326585892177,0.3238992321979723,0.31071065391382857,-0.011121352166158997,1.0310876313600361,0.32656988636669376,-0.4041938148096258,0.03755279202532837,0.019821624162353915,-0.06281588079171102,0.17364962018704563,0.009687437265678082,0.07129961866970234,-0.5790019931526316,0.39984924558954144
0.12180484599468575,0.12294041155544917,0.27720085459571264,0.26438785266640213,0.2132026950413248,0.2895267727191907,0.20594340321467922,0.2844247011607859,0.17851806394327005,0.2170568047678769,0.2508150702419714,0.26894720077579015,0.17047552382700187,0.3172680056014018,0.3228085267980866,0.3173204487014123,0.2697697413813343,0.2695136893955337,0.07480223377526252,0.2619883664747837,0.23159344308994678,0.4746796990689601,0.5273226017905847,0.38967897430389936,0.8809117988604699,0.151882024806269,0.2621633785483893,0.20490978930484516,0.9452028352107591,0.5753143779023407,0.2414540463742483,0.2967793007421147,0.19272162146763697,0.46805129187422756,0.32963229186011056,0.275500540881725,0.3677571482602025,0.2274833674414212,0.36033809165164327,0.01250191690042318,0.33656722906654085,0.2280704648827908,0.37186201184470097,0.26353992933103493,0.24363102197791622,0.26104840831802245,0.4570207967675876,-0.004818726919313415,0.4549539661431261,-0.25321943371150263,-0.3415628807395981,0.10248025632605781,0.19234074401526224,0.0820432822830632,-0.0380592036634035,-0.050425099172511915,0.011983584977800396,0.11540899093646714,-0.12622382638522475
0.08731490109526903,-0.05362474680623337,0.20968384732571815,0.25421343531417184,0.25126162140304537,0.20740586197611832,0.19158291586203213,0.2345949937870407,0.23974875764382136,0.24183574888736725,0.24464585288097898,0.165440582721404,0.20681225088484878,0.4777838720887465,0.35646861265999263,0.27898608199001895,0.29510295816844245,0.3849275215420972,0.01608740140589232,0.3117485318763256,-0.9139746540340884,0.7692936819755234,0.3720542942784492,0.42184993183659625,0.151882024806269,2.525647749214318,0.3610046460264076,0.291038665850136,-0.4102608819351863,-0.8639031442619617,0.36105456155639354,0.5675996605178895,0.13061351769006097,0.38137838454103634,0.2886476560010108,0.3163951199249329,-0.46913009173114956,-0.09379780120793853,0.7562856831123626,0.6770762670171624,0.9298499683382809,0.25117735742062325,-0.04301825114736478,0.16851304592474808,0.17144087534276917,0.1413007929412197,-0.24078602909204552,0.0037535864735279137,1.741090832400811,0.6854623461206824,0.07120371179187174,-0.5060805423969839,-0.35093731316198906,0.05590328377483263,-0.15105054885217492,-0.06104802909338721,0.26795741387361083,0.2915145042119858,-0.45773840176277136
0.11212714577591092,0.19715113687737382,0.15120997496514543,0.16206394876912034,0.13791748521806835,0.1859854400985537,0.15476416765806,0.14620246802647124,0.11910121955284059,0.19383028413441808,0.18047944598988677,0.2443868900535168,0.11736583139105056,0.29605124791148035,0.24034628024941002,0.2880840967890856,0.21050827974995986,0.0719713562538893,0.0417990049797405,0.48360061234240775,0.01569849782760539,0.3986422447861928,0.058103030778996784,0.11413257078496399,0.2621633785483893,0.3610046460264076,0.8897328574902726,0.24295357644251744,0.06065686301276625,0.2375389740427704,0.22393585590043144,0.3394612476439039,0.2361304494383602,0.2988976227849096,0.2941760816571418,0.29466806696287867,0.13421772901144383,0.18937665532389417,0.308806021190704,0.1418956771390846,0.2686207169055983,0.22540606642084046,0.5068040571331591,0.24489156167294565,0.283985555339372,-0.03877470919468997,0.17392063624306936,0.019086817431186044,0.742151946161839,0.014425762745544723,-0.36432685831618633,0.11265011829278976,0.03227670711720319,0.09249790675921753,-0.002460084149699571,0.0051932121463025204,0.11616018892198902,0.10201620638664462,-0.17493482154032572
0.146062117696951,0.0762554300377487,0.2772881731461872,0.12325690149416983,0.03332997353642169,0.2163593324381101,0.12212453662289154,0.2500518845170782,0.10286618642352342,0.2008510619430258,0.19237078457393425,0.13232743932764832,0.14212268127109587,0.22505088043451343,0.29589153473711816,0.23368713586676995,0.45267717867869967,0.2621674533027757,0.12847040966692325,0.42602617302524864,0.010211203662366507,0.46138403534890676,0.3786526373467728,0.3150986898861349,0.20490978930484516,0.291038665850136,0.24295357644251744,1.6818916409602702,-0.2323533306300935,0.33255816525848303,0.22541782440685088,0.2755163755707507,0.9962200359029625,-0.001885544280792931,0.8399469712524672,0.1246226277575873,0.3373301412542195,0.055746502337478986,0.5676824389672183,0.013914789225805907,0.38548729711170926,0.1915439070010734,0.12749132023722445,0.39737405065472786,-0.0037249118273976352,-0.0843704751133857,0.33645135791491115,0.04475997237552369,0.5954997341560425,0.7855382863730332,-0.5841466840486714,0.4463493074502756,-0.6126727255608481,-0.004508504617061113,0.30468310594936693,-0.06782817874936002,0.10546316644202722,-0.2161310897238682,0.16616139513701988
-0.004315737754735581,0.08893419998411815,0.376953285794885,0.33439000629813537,0.2501749238381228,0.393219392382917,0.1765185586986512,0.3600497142263769,0.1907959964726257,0.20435526141849497,0.2699175419138831,0.21120364388844778,0.21057480120250674,0.148604940242219,0.3573051921709708,0.29800577676614987,0.18474515591859803,0.3828453718215055,0.10262226041084235,0.10368232991393858,0.5183916271601285,0.25543706386195525,0.9155962274763985,0.7972954466850007,0.9452028352107591,-0.4102608819351863,0.06065686301276625,-0.2323533306300935,4.05770848400686,1.0068839411816044,0.004703026351783757,0.10056824174056576,-0.10896544974359411,0.8452522391443374,-0.2316126929562934,0.13676565293338866,0.7788949797068763,-0.10474897329386088,0.1743152233108462,-0.13105267985090732,0.08625983209634981,0.10257672410215021,0.4644568537585104,-0.722687038437447,0.3190215994758298,0.7686181926788452,0.7378172536028493,-0.01038196307169653,1.1599566142027757,-0.374517566779519,-0.40253435319492065,0.3512052152152707,0.22777444992121754,0.05681982029662335,-0.1640258406185496,-0.18566478276254314,-0.34892984922205833,0.45023145177184626,-0.0363063090885023
0.19727527716267124,0.17218712663553395,0.15948239416011512,0.20941927722656298,0.12445466245416321,0.2780666673896175,0.174764076579091,0.3074806802737683,0.1364051613695686,0.22460849384176465,0.23111224584781787,0.22169913393185467,0.16251757193252114,0.32521766440909006,0.2659560345552507,0.41675864218205344,0.3341267558830712,0.20921491523430769,0.0930905801943821,0.2764086001045089,0.9868189510750458,0.26911620761177607,0.3591145553018209,0.3393166673085185,0.5753143779023407,-0.8639031442619617,0.2375389740427704,0.33255816525848303,1.0068839411816044,2.970223769268755,0.19989634771976333,0.2705450252949018,0.2613563181575164,0.03076493678225711,0.8105887830825712,0.2766841883918615,0.8576949192578067,0.5767595576195392,-0.0795979530332134,-0.19952630299161694,0.7130515925262476,0.40150083092658295,0.8362421848502993,0.974859825862857,0.8987224851378983,0.06457956948496728,1.4154950290220658,0.0445907387026349,-0.22723485628758133,-0.3434688761464945,-0.2545733795322962,-0.24270839967839655,0.4471863640260275,0.16646029432711973,-0.025891444074777708,-0.18337100552210994,-0.049312310555968804,0.32364226485122044,-0.20221836619658784
0.11918215186328002,0.1010785390736172,0.2071022740650066,0.18521530549319826,0.16738929869767563,0.17766245049012883,0.16210378173765955,0.18226632025754552,0.16448781225651368,0.20737333542002265,0.16356499915638173,0.1489179093225116,0.13115530745824092,0.22020118386162424,0.22751393564381153,0.1969183123307946,0.19296474041260225,0.24574068135837093,0.09156278234624307,0.23592680307429553,0.06996781207073481,0.27522170421083897,0.08697467278312578,0.3279856552288317,0.2414540463742483,0.36105456155639354,0.22393585590043144,0.22541782440685088,0.004703026351783757,0.19989634771976333,0.951162781543679,0.2699291703748771,0.27417406253861437,0.15318055802130162,0.15460490118732428,0.5859604217292488,0.11072609971423891,0.3359234154388631,0.5175929096851307,0.19449313809821747,0.3974690490768328,0.21721413983577523,0.17606429940284485,0.3474721980245835,0.3438726486659395,0.06272196208181828,0.25967587846377316,0.001593555192769395,-0.109486529569639,0.20133378439407165,-0.15410543235360286,-0.06043609634843565,-0.04265439983375319,-0.020810710908992985,0.07196011717609889,0.03654208169755506,0.21292417365100808,-0.2521041345655989,-0.042824518379109264
0.13724353549622254,0.14188969075335672,0.1557362291458454,0.24752624998441952,0.2287518505971526,0.24723092874995925,0.1914626141084288,0.19946713774488073,0.17159123448781743,0.22801106773038732,0.2263735817576717,0.28311622391116387,0.1688660670070974,0.5891619553561784,0.32562295154653864,0.3863326354604569,0.29302662062528945,0.19181752408832384,0.08168216063275932,0.19818131899695732,0.019489268146130136,0.6181821211847778,0.20742154754948372,0.2837333036405441,0.2967793007421147,0.5675996605178895,0.3394612476439039,0.2755163755707507,0.10056824174056576,0.2705450252949018,0.2699291703748771,0.8443568281864617,0.08652982092832456,0.3980422510997106,0.41032718734294266,0.43910374127649476,-0.01903952627132759,0.19629028938425427,0.41036585152397664,0.16004819771645934,0.5328798276306527,0.26720137012500905,0.12435036423548922,0.4379398562825752,0.22527275333819666,0.06676888766317357,0.27339910737784173,-0.01739083102976167,0.8294353846336998,0.18021451115181253,-0.20769118842239384,-0.08444573670844938,-0.14082924473425426,0.1640269362571884,-0.10818033889580556,-0.053700992631576634,0.44607348215483894,-0.012735593925883254,-0.3288196816033126
0.13417285661760742,-0.03363805736726227,0.2814365144196285,0.23967511569946595,0.09012248592799306,0.1325516543105896,0.16021339136807763,0.23054196131844543,0.09801925844599396,0.11276319112133125,0.1228182069040653,0.06941491495063058,0.14825100178000386,0.11617900681145617,0.16219673276605148,0.06058152551341263,0.3565815696787015,0.2904433322608729,0.15503431521234823,0.4221942232447023,-0.03417725834268985,0.6356576602479305,0.530367055169148,0.4660407728515606,0.19272162146763697,0.13061351769006097,0.2361304494383602,0.9962200359029625,-0.10896544974359411,0.2613563181575164,0.27417406253861437,0.08652982092832456,2.5145484231806425,-0.2843733455447414,-0.26066933603303555,0.002735217392013838,0.3435464208042322,0.3185280355446523,0.5237610272254632,-0.18574378652942206,0.1198469591011194,0.1683865064274652,0.3199511566270544,0.6081284498310959,-0.025249359138644973,-0.1970225383849438,0.40913014790594,0.07835059523864625,0.45268928493444444,0.4853504897236368,-0.39808690079459574,0.12088224719325559,-0.04838478562693362,-0.2723574076990025,0.12788622582138495,-0.1423916665178493,-0.16646617544286946,0.2199916405658578,0.002575528308198874
-0.11049667483618174,0.12264293788636611,0.2720714812593399,0.325943700263735,0.33156593962877723,0.3234887655942457,0.22652245163584092,0.3224492465032787,0.1531144091958582,0.33111484842759337,0.2548863573686253,0.27865063278355817,0.20561462759857402,0.3359347385248239,0.3136384391650029,0.31945894635102684,0.2392447783555992,0.32623599651485824,0.11636824522530924,0.27871873067734426,0.2848567640045636,0.3146307682401311,0.4543892972376862,0.18120240781607264,0.46805129187422756,0.38137838454103634,0.2988976227849096,-0.001885544280792931,0.8452522391443374,0.03076493678225711,0.15318055802130162,0.3980422510997106,-0.2843733455447414,2.1415359982917965,0.28319898753453965,0.15969332288381916,0.16140675142968197,0.13751033627361967,0.46252942711329925,-0.07916872252308982,0.5229933891463583,0.23418964524792268,0.6794954077926983,0.5074212965782013,0.4479867411548933,-0.08887274247376668,0.3217106147770785,0.03948098806832718,0.7659347282974777,0.036498313477737895,-0.228658212167462,-0.04042581945463593,0.00026992330491480774,0.11686696990513802,-0.24441045037852027,-0.07596681542500637,-0.06678211175703269,0.216670838943407,0.027728224501162337
