0.9817162401317793,0.3376664166765106,0.21767311209281937,0.0768816211535762,0.17820661938294335,0.11199181120349656,0.19294625163860257,0.15184562149570283,0.08745028210941991,0.12190180377047002,0.1210448797915308,0.13077098852108185,0.094740750562228,0.15039229110155866,0.1330494888683498,0.14659851376093425,0.14562267766048068,0.13114686969511227,0.062439330405387815,0.09356386296028227,0.13340029560186054,0.1861139754520129,0.07335082327693657,0.03982370414883901,0.12508197952379752,0.08714975489931098,0.11266879077022678,0.14323045272712487,-0.004875387115349381,0.19463625964587006,0.11694534867171688,0.13329490636672475,0.12623778019788162,-0.12086547742391023,0.17197201542062637,0.10686251586005999,0.10866939560801461,0.127469915449908,0.09943615731916168,0.045310058572291874,0.16275249994324456,0.09212180047669163,0.004753210562494575,0.14456348974357358,0.12619364843543449,0.11288930192767972,0.16710633369290445,-0.00023470436510081568,0.03587127372350717,0.015621938371863616,-0.00859125707492447,-0.09809800661058785,0.038765812822782686,0.02797606920374762,0.12849927197313377,-0.019814346575824694,0.05401732752743132,-0.09341668532504328,-0.09506420532235943
0.3376664166765106,2.9220997378926024,0.198078962523734,-0.09983278602969527,0.08200450630405755,0.11200974808714702,0.12834238092959127,0.10386884309747726,0.09264374674040941,0.1452209471735321,0.13565218026338244,0.14971540199656477,0.05616188930275427,0.10537639055957125,0.22921596160466606,0.14094951658208243,0.15981516353459957,0.1697824683840521,0.02032760787477376,0.07853062947005862,0.2699568726852379,0.02724777577046381,-0.2860913215668577,-0.16334047904050264,0.12151523995571846,-0.0831288838959785,0.20276596373625588,0.06404201903951114,0.06804855949152212,0.21959487397124572,0.097693333712403,0.13042839461507374,-0.034928056919439406,0.1087854200536299,0.1250484191722463,0.14961436057747154,0.0074975369249851926,0.12949833922449389,-0.10024198619093813,0.06228064078536894,0.17079232580629025,0.08658439206966441,0.09405013394476182,0.16675854914792806,0.3074479133013586,-0.012969076712515744,0.13279306063744192,0.005425798424351472,-0.2213053106155906,-0.19705017912359127,0.26779517088399196,-0.12524711778283712,-0.02403930102267022,0.09755392551475221,-0.6257586514235277,0.010538937083527832,0.03456622712072478,0.5430369152386956,-0.08416469389627998
0.21767311209281937,0.198078962523734,1.736999566860831,0.19513403895466624,-0.11945623144332271,0.27436614663553344,0.12630970970804473,0.3446724514831759,0.3031237060840665,0.4322503001760634,0.2005221770041221,0.1949730940280847,0.18723435241632883,0.12057074552209729,0.24496068298958276,0.06335870073783001,0.2939525249673029,0.27992510437315854,0.09884055182460995,0.2247160359617438,0.15704751230727373,0.3666897334051358,0.3183401219928141,0.2977193418505315,0.2602038639224315,0.2229001922267403,0.1560845091807922,0.2776303691535816,0.35445410390967624,0.11133428318929244,0.20777695483271963,0.148882354164542,0.23847174912626942,0.25979388493731376,0.2573399946539145,0.25176946628763025,0.3737485035652248,0.17052285703221434,0.1544160579910995,-0.19862271668551995,0.2170338576826168,0.16513443640307118,0.15845737287219225,0.1801264539342229,0.19955382677637834,0.478943080886749,0.253664773058248,-0.002390836424579069,0.12654077756299276,0.1291086827575791,0.026473785191138396,0.01197155625413821,-0.0068939940673363054,-0.15120375130030084,0.07071464970570907,-0.02710766275567863,0.0808679312112311,-0.016131697508454623,-0.18993886736819518
0.0768816211535762,-0.09983278602969527,0.19513403895466624,0.8990914628125621,0.275513592088421,0.25212308058380956,0.24051242728791689,0.24257587799621114,0.1391964953859011,0.19771860416487452,0.19379911180925052,0.25110052821562195,0.17351437385052337,0.2524205674741907,0.19329111552675368,0.25872968695798515,0.1937306828988374,0.236721218903851,0.07965548501863237,0.1453479433413912,0.11063081787165922,0.30547916229029864,0.27996173768848653,0.2552938455543247,0.2352379335983794,0.24622840826301226,0.16896717066379383,0.13037978742342696,0.25142820196350246,0.16456100552459965,0.18977979579015716,0.2445883130519151,0.1676632412786186,0.2962341615813672,0.015103351178939123,0.17210684990500588,0.15413752770917696,0.18329132501222253,0.3023326890978629,0.03088149262003735,0.18934455880233916,0.1494683305279221,0.21573351015877043,0.3128313104556602,0.10735061603284243,-0.033513602799674504,0.2301908506939303,0.002129118820625971,0.37239632101294057,0.22120021277707733,-0.257640443136026,0.06884042933660037,-0.057684028396468606,-0.008426475106326317,-0.04141808681767766,0.03356474208021764,-0.03753267016768363,0.034903105075211015,-0.019305518689722936
0.17820661938294335,0.08200450630405755,-0.11945623144332271,0.275513592088421,0.8050830505339239,0.22709080032770698,0.20416695030736612,0.21307733675579882,0.06774256481119433,0.10977979561237591,0.164710869750969,0.21084734438469355,0.15095148987358645,0.2312771065790805,0.18023109209329796,0.2816857370655803,0.14349255138018985,0.19206436208899855,0.21506518034093594,0.117703801892765,0.08420102306967975,0.23147891666309559,0.19594983085697004,0.17366267166257862,0.19564369421400432,0.2379366734024258,0.1406111613230262,0.030206363217460383,0.1951756797043338,0.1122135245445716,0.16619522717364646,0.21840842617471604,0.06707778534321088,0.29822077200932723,0.004339654137659115,0.1736315174412206,0.14944306597100177,0.16203984338979963,0.26445216195651705,0.12025903714550357,0.2200958650054944,0.16427015404085704,0.13045270245305401,0.18876412379871377,0.05737049465343026,0.04541039859438453,0.18475159564938756,0.014550953938320633,0.27603821342961665,0.15884936280702974,-0.13350305183653025,-0.16561014550475014,0.05257846824003443,0.0514365312486567,-0.05781918098869927,-0.04663894078830525,-0.014365049473946621,0.027877393946195986,0.07051796127216857
0.11199181120349656,0.11200974808714702,0.27436614663553344,0.25212308058380956,0.22709080032770698,0.6205785163409343,0.07814158553390872,0.4028230639283965,0.15723188779170796,0.11681588451520196,0.21674913721909814,0.21307399171326133,0.1776679127217249,0.22101951107973414,0.22131103925620416,0.18999576138465846,0.23607478728802353,0.1966002905457422,0.1825617994579164,0.22692242837087154,0.18696345612618093,0.28071921977084774,0.19846534712133723,0.2288316702197395,0.2493679116364052,0.17571947180150915,0.18208954478229603,0.20926440301314994,0.33924463928494525,0.23765450507792737,0.16438106247097242,0.21999032051100245,0.10840030305757145,0.2803298444550677,0.20370554418695216,0.10728823524916169,0.24677540048337804,0.19540349153425965,0.2941162308531574,-0.033550145558347746,0.06471703272970318,0.15837942309612468,0.25116583377751384,0.23315981389724103,0.09878261459626828,-0.014305038528929196,0.24618725469974945,0.00990410853152301,0.44395963744783107,0.3489365552685712,-0.5029429017894641,0.12261358416719977,-0.0750594162590849,-0.008134587544620873,-0.031571798360727016,-0.09025811745532214,-0.0034434138068710866,0.036430114505955076,0.07121103388961214
0.19294625163860257,0.12834238092959127,0.12630970970804473,0.24051242728791689,0.20416695030736612,0.07814158553390872,0.5416103913576508,0.1499108516161691,0.204255095227831,0.16972671741261539,0.19040916777090877,0.23561345179223922,0.15048156223447665,0.2180014204664236,0.15285874482939263,0.23893112421145374,0.1965886692948649,0.17560385585815202,0.04493442164438278,0.15496126795900386,0.16095577958614743,0.2655649426965482,0.23748534340178576,0.19281699369122343,0.20096683897476736,0.21018773797053328,0.16160525494816064,0.1116157354035919,0.1540036722653238,0.18356635177831268,0.15665812392824657,0.21144627883461412,0.1251588176163855,0.22883937467682805,0.1633585293194535,0.18052380335612372,0.0937780971256137,0.1126324140380896,0.23092425966677466,0.0826915529992113,0.24765553869420695,0.14141533889501315,0.15087154400015276,0.22622532037922863,0.21399649233267404,0.022443760748452217,0.18161334074023575,0.007282388945388401,0.3118688317389165,-0.04978986543133359,-0.02863521103161047,-0.07078120666381076,0.07753427499352597,0.02986504850508328,-0.015985469637405995,0.06046975883077723,-0.027193060624865144,0.04348090070200817,-0.1484062705266219
0.15184562149570283,0.10386884309747726,0.3446724514831759,0.24257587799621114,0.21307733675579882,0.4028230639283965,0.1499108516161691,0.7058352087595716,0.09013899576042879,0.18558120234150857,0.23103792071811294,0.09932111657781341,0.2160949256794047,0.18957230557175703,0.16456559394660888,0.15302901350842332,0.24761669106043432,0.2724395673839707,0.15889098276179503,0.18373103807413227,0.21452226709278593,0.2662179812928856,0.24996330608909442,0.21252798970709377,0.254926555699755,0.19151654307592464,0.15533443359020022,0.23961796143568043,0.31578081594378127,0.2667691434670831,0.1675741575662863,0.190817732938664,0.1674687856069658,0.27812476263132285,0.2521003460550969,0.1298926261913428,0.2679198385411807,0.16666688328184806,0.3126065902876103,-0.013213014985621729,0.17414793083898608,0.15366442899033683,0.20327548809165133,0.2510424422206299,0.17756806223935434,0.05760195758901659,0.2915099531864482,0.015692533661440966,0.3434314523991777,0.2684484763995534,-0.2521580945743783,0.046001082737958277,-0.031480557451940026,-0.06607044359965035,-0.05422214725566979,-0.1864274793818801,0.03903981580547473,0.12025783260991432,0.04408336555943415
0.08745028210941991,0.09264374674040941,0.3031237060840665,0.1391964953859011,0.06774256481119433,0.15723188779170796,0.204255095227831,0.09013899576042879,0.5310666546926889,0.12453944438723746,0.12236608221090431,0.12102418829736199,0.11154565800382192,0.2000973201909834,0.1852609982187854,0.13274879302469128,0.1595161261290788,0.16516446605278728,-0.0432827391594437,0.10694707698070915,0.11092135961553035,0.2368981344175798,0.2644186643713429,0.2585280716624516,0.18197526506229098,0.27393537174534666,0.12721758495314944,0.12431006670071112,0.2007302600196228,0.13137159786752464,0.16323268868354726,0.18689862690951053,0.11650192635783116,0.16029634047004745,0.16227743614300785,0.14833066415204169,0.18228383318097285,0.09137798023022055,0.16365980359312832,0.01647914751226144,0.18267032857507715,0.12755381339535193,0.140171832762969,0.11441602974393435,0.13093712861737672,0.11514893136780696,0.16451757161505917,0.005446162270860635,0.3602713029097741,0.0005405114468631147,-0.11324120128087901,-0.021753082740479407,0.08273487695072711,-0.01839602304562805,0.04262672955639858,0.07550790545481054,0.02484096946205792,-0.07812938150390243,-0.08842031275889065
0.12190180377047002,0.1452209471735321,0.4322503001760634,0.19771860416487452,0.10977979561237591,0.11681588451520196,0.16972671741261539,0.18558120234150857,0.12453944438723746,0.7459291867379351,0.10831456215426781,0.2349339425009102,0.1504670224223592,0.18398845064169048,0.18384235240312494,0.18348393736720897,0.20771276534795155,0.27450531388846,0.05354136316619307,0.15739042144589607,0.14562514022839973,0.24753746226091422,0.27091002962291094,0.19784562141180334,0.22447742859227104,0.24353798312397365,0.1842132601721444,0.1721874512016169,0.18958024259106715,0.21793647789104867,0.2179079251200481,0.21000900003776532,0.13762581975527985,0.329435214723296,0.2259045249831868,0.23718501517248466,0.2003050338256393,0.1376330516093393,0.2948516263877314,0.12026653856781924,0.396478258683632,0.16029323449531918,0.1501460552580265,0.2537312135480222,0.26428468430646956,0.1854380931133715,0.31776584873850827,0.016700696918382583,0.16026346062936836,0.06714319389751978,0.07307560108705081,-0.1986694519901568,0.027447804702364218,0.014568450285933822,-0.045814080122908246,0.025269577830080315,0.1161407717870319,-0.047866467914938926,-0.08059366713894324
0.1210448797915308,0.13565218026338244,0.2005221770041221,0.19379911180925052,0.164710869750969,0.21674913721909814,0.19040916777090877,0.23103792071811294,0.12236608221090431,0.10831456215426781,0.4815067126821978,0.21034773163602707,0.2027446187786185,0.21489281691866463,0.2956028304942685,0.2278561403780319,0.23872466968648187,0.21124488323870688,0.06360804871362029,0.22516172271364546,0.16150929334976927,0.24594967503976053,0.24886673442962684,0.20257301639876568,0.24409106915913487,0.24819228862761153,0.18249665900988626,0.1845693592810707,0.23615236397881448,0.21534534198694658,0.1654506893215342,0.21780297028538767,0.10640792956391219,0.24404463644362753,0.26856516193283864,0.17632895474102114,0.14543122990168145,0.12430388816964806,0.270550859656367,0.09416463909509598,0.24271456014856055,0.17400980238220615,0.1752596381812447,0.16070373067557706,0.1530217536262407,0.13527825096681828,0.22761127971034023,0.014898221574893776,0.23060127052667115,0.05461860137207787,-0.164430546519668,-0.04144532435589432,0.01970033021450965,0.06454948747733714,-0.02727088463481494,-0.019335610129007735,0.029127510157979607,0.03707476662110756,-0.06352039269075951
0.13077098852108185,0.14971540199656477,0.1949730940280847,0.25110052821562195,0.21084734438469355,0.21307399171326133,0.23561345179223922,0.09932111657781341,0.12102418829736199,0.2349339425009102,0.21034773163602707,0.5651666060983295,0.12645333785455734,0.2655428584288732,0.2191100778257556,0.2611143897080083,0.17595303266603915,0.10257446557875823,0.07991285302261245,0.23319374007126706,0.1254167703268483,0.2194132961343681,0.17205440043445513,0.16675833698236103,0.2551212926163745,0.1711696516486017,0.23297851726883564,0.12541798131589615,0.18781513732110308,0.21843817683583197,0.14781236044498092,0.26265050962433206,0.07881634456986933,0.28105022641735083,0.2517431820600694,0.17593616948338758,0.04900849518408797,0.1264148509398571,0.2532402609911209,0.081532837893551,0.19302414449413274,0.14803916677685058,0.18779285488112,0.23455991699919748,0.16213059089103124,-0.024523817607959093,0.1942062184251896,0.014225222493226136,0.3226482478649477,-0.010726795505588355,-0.23550797621061278,-0.0029973110564723497,0.05714964129394929,0.09722406154431543,-0.037199163537788196,0.07951388265304046,-0.03086361730771359,-0.028456204731976093,-0.014885055327534001
0.094740750562228,0.05616188930275427,0.18723435241632883,0.17351437385052337,0.15095148987358645,0.1776679127217249,0.15048156223447665,0.2160949256794047,0.11154565800382192,0.1504670224223592,0.2027446187786185,0.12645333785455734,0.3827339815447889,0.15649831072176631,0.12309230167469928,0.1331155339059781,0.15830976928921753,0.1838461713139141,0.09071028053160661,0.10283998883289173,0.15566733244268055,0.20000819077910825,0.23644131997722914,0.19815620461040376,0.1702588936233932,0.21019775689708298,0.12572708027362867,0.14545628962453924,0.21512776819294196,0.14188462051181727,0.13363556139442329,0.16761789155759488,0.13587261471692755,0.20099182100808102,0.14186750021981373,0.12750844231562652,0.1602492258774405,0.08962328730493156,0.2472559337051631,0.046095931037593546,0.1803683077124887,0.1148986520805249,0.12807851824809321,0.1495007478544679,0.06200118315773695,0.11401640225705928,0.17823240253267683,0.009953413367365849,0.2427904168220204,0.14916433664590023,-0.06728835160713008,-0.014949075916652439,-0.0061397422711785415,-0.06895784746356352,0.010677505620867818,-0.030144718038271675,-0.011684226546863383,-0.01768372561613181,0.025077913001186728
0.15039229110155866,0.10537639055957125,0.12057074552209729,0.2524205674741907,0.2312771065790805,0.22101951107973414,0.2180014204664236,0.18957230557175703,0.2000973201909834,0.18398845064169048,0.21489281691866463,0.2655428584288732,0.15649831072176631,0.7156179127523518,0.32125687227448196,0.4347012523177347,0.27677926694749816,0.18057580795163314,0.06825287683024957,0.21548371519611353,0.06761869581635528,0.5663027482824624,0.2841175534234766,0.3270482585866618,0.3225326961911633,0.48220976397495924,0.29229556535390133,0.2131867111667565,0.11908627345727278,0.33618105957152655,0.22225635394905005,0.5857597561918374,0.11705000881422782,0.3324954305543186,0.4289207181954751,0.3750139520889425,0.06270647314073086,0.157168803257082,0.36198048300870794,0.16514044177022963,0.512329893519957,0.2616290457075956,0.12123339293443466,0.4268720562518553,0.23092003749482282,0.04900454738436644,0.2905252904896065,-0.008579795095453185,0.7968252522948138,0.05237611574369806,-0.12948630520167234,-0.3086630162889514,0.09217424387884021,0.15468246336004096,-0.1020626128123674,-0.014900134830081914,0.2325337276704392,-0.022352128008516076,-0.12034801190930745
0.1330494888683498,0.22921596160466606,0.24496068298958276,0.19329111552675368,0.18023109209329796,0.22131103925620416,0.15285874482939263,0.16456559394660888,0.1852609982187854,0.18384235240312494,0.2956028304942685,0.2191100778257556,0.12309230167469928,0.32125687227448196,0.6442253510250443,0.23545757421077554,0.2719866416001989,0.2707406502802146,0.07785211788986539,0.23912856390909024,0.0789208923406581,0.40520816323295467,0.30509253289969895,0.28530380824655766,0.30641356088014765,0.37174909221547653,0.21924030376287773,0.24399749747813623,0.3126327436494405,0.250507546447883,0.21559428217914292,0.30140665683792045,0.1523767849690885,0.29729845885526845,0.2894103345379066,0.23572198060157623,0.20408535606343442,0.11731287582100579,0.3301940744545597,0.10068311953017714,0.3476320640227285,0.2137754538901455,0.19543295923592838,0.1961928958311085,0.16847571468778577,0.17692248983471948,0.27359610784357075,0.0020171240049783497,0.4967317186063114,0.3408569519898366,-0.19241888403788088,-0.15820836292651785,-0.08635369798308587,0.06470259401486758,-0.015262052724579757,0.01727436392869589,0.06421875772864706,0.004775376754395535,-0.10963179005010393
0.14659851376093425,0.14094951658208243,0.06335870073783001,0.25872968695798515,0.2816857370655803,0.18999576138465846,0.23893112421145374,0.15302901350842332,0.13274879302469128,0.18348393736720897,0.2278561403780319,0.2611143897080083,0.1331155339059781,0.4347012523177347,0.23545757421077554,0.8937439903955422,0.24772565074188005,0.12802694888755953,0.09789397792608408,0.2321459806352341,0.1486417442271853,0.3737718212804581,0.08790666362256586,0.21368525942294475,0.2989468710543023,0.2700469591728071,0.2939304645491662,0.2189954539079392,0.22140765900613968,0.42250390151321404,0.19108485545074208,0.40201099910588983,0.020086326971779114,0.31239685506304377,0.529042400681992,0.3080686211578359,0.11336909764954285,0.15784129797678026,0.3224952024242261,0.22231240416879586,0.4624879486878236,0.27997809969740156,0.221610970692039,0.281203677374113,0.294029346136445,0.04826714937763672,0.30847231312525386,0.002635877418966169,0.4029310222922476,-0.2564984498402518,-0.20270327455457465,-0.05531674511796116,0.14494243137056392,0.19807491079073816,-0.017999624658354026,-0.02132873780519366,0.05907298040496478,-0.0627882309806584,0.05273776909466453
0.14562267766048068,0.15981516353459957,0.2939525249673029,0.1937306828988374,0.14349255138018985,0.23607478728802353,0.1965886692948649,0.24761669106043432,0.1595161261290788,0.20771276534795155,0.23872466968648187,0.17595303266603915,0.15830976928921753,0.27677926694749816,0.2719866416001989,0.24772565074188005,0.6021680883721771,0.23687375256632448,0.11953417813763298,0.21530365639868979,0.08128644243909534,0.599039253796678,0.2966835869532573,0.25911644547874907,0.26027250467498275,0.2826764491287844,0.21114961482426584,0.4400988883186045,0.13188730263937878,0.3045551507757797,0.2006433654672781,0.27896615197872376,0.3340828149585009,0.20653964115015463,0.315465606092272,0.2675724584526577,0.2730380269670503,0.20732634857317536,0.25897383313248684,0.048998422462040996,0.3622569287250197,0.28094827119649374,0.16049917702306413,0.3324269403856213,0.14343329999470614,0.20961236634308947,0.3194853534082167,-0.006999440282617845,0.4751407065337781,0.33072272319551493,-0.042143404106397046,-0.16856572183870328,-0.12342825030312186,-0.038051444833569176,-0.11865655575892022,-0.045559609165977094,0.05225676857332393,0.09008258948943716,-0.13191148598204774
0.13114686969511227,0.1697824683840521,0.27992510437315854,0.236721218903851,0.19206436208899855,0.1966002905457422,0.17560385585815202,0.2724395673839707,0.16516446605278728,0.27450531388846,0.21124488323870688,0.10257446557875823,0.1838461713139141,0.18057580795163314,0.2707406502802146,0.12802694888755953,0.23687375256632448,0.8175102028411689,0.08948864573088097,-0.10917667745991579,0.21348140292790616,0.35054748853171075,0.6245780535237696,0.3137752824580029,0.28889999175034997,0.37590903228399297,0.06349603042589813,0.22311443821525423,0.37394518537709726,0.17929392254670434,0.24981468977788251,0.19148517180672597,0.23975327859568482,0.3145595251256752,0.14437885471671094,0.2525254260031476,0.1791751419480704,0.07340218244916635,0.32519537576599655,0.12697305540279882,0.4101875455697917,0.13313563407820347,0.15515679439113636,0.22452340829213321,0.34271588618591886,0.22538130866142975,0.4609657731604898,-0.003996022147121364,0.1890519759207997,0.3820570999733708,0.269720570166767,-0.47324989479871205,-0.11391429496401653,-0.03736161660056758,-0.02828999060891061,-0.06045566813848605,0.04448270882172433,0.08997151049343341,-0.13524532810972467
0.062439330405387815,0.02032760787477376,0.09884055182460995,0.07965548501863237,0.21506518034093594,0.1825617994579164,0.04493442164438278,0.15889098276179503,-0.0432827391594437,0.05354136316619307,0.06360804871362029,0.07991285302261245,0.09071028053160661,0.06825287683024957,0.07785211788986539,0.09789397792608408,0.11953417813763298,0.08948864573088097,0.6484704375624724,0.08658588644285942,0.09095089888904814,0.1930012132943324,-0.030120680984553234,0.0553085268718443,0.06625493033652133,0.011686528443826191,0.05334134521347914,0.1430578810412043,0.08460394055078348,0.09057133414923936,0.09237026085086432,0.09713963727954486,0.11649615134190328,0.11066264912349728,-0.02742072111797354,0.14625078808765832,0.1205251438161266,0.1409203083697717,0.1720926057545196,0.04950339064062934,0.14439749932879942,0.07988338688483221,0.038677361664713965,0.14096654500876965,0.11182439426653884,0.15908356954622738,0.10246372514613711,0.0019468632379476916,-0.07087328528951005,-0.005587963975559927,0.2556577690020537,0.1698926477184272,-0.17497048356419906,-0.09704155226646168,-0.04164827754923881,-0.06537925765943055,0.03123334450790845,0.06549496012463442,-0.016474820653923215
0.09356386296028227,0.07853062947005862,0.2247160359617438,0.1453479433413912,0.117703801892765,0.22692242837087154,0.15496126795900386,0.18373103807413227,0.10694707698070915,0.15739042144589607,0.22516172271364546,0.23319374007126706,0.10283998883289173,0.21548371519611353,0.23912856390909024,0.2321459806352341,0.21530365639868979,-0.10917667745991579,0.08658588644285942,1.8812813198290248,0.030950187893526982,0.13003674068619636,-0.07381461488428133,0.15723054042739165,0.21819023331287787,0.3172674821193159,0.4788403131427404,0.47040494982530195,0.03906002673750663,0.25217440735777097,0.23006276682114618,0.17878703810217966,0.4709659528086397,0.24418611534089418,0.33431304842723125,-0.10662215578587358,0.5444981909989035,0.18303403211170546,0.6722826459691229,0.11195468357166365,0.13305492401893468,0.16993002049987035,0.6675219317921409,0.18981298032923066,0.5867104248615821,-0.30825561963660875,0.1590582887029585,0.0885549546330591,0.9294311455529531,0.031205203536640403,-0.6519930584366294,0.4707738455249868,-0.007526290968561955,0.013900892142205717,0.12075061855136038,-0.01293440301644616,-0.046852223646383744,0.03686776047701079,0.023571300395989595
0.13340029560186054,0.2699568726852379,0.15704751230727373,0.11063081787165922,0.08420102306967975,0.18696345612618093,0.16095577958614743,0.21452226709278593,0.11092135961553035,0.14562514022839973,0.16150929334976927,0.1254167703268483,0.15566733244268055,0.06761869581635528,0.0789208923406581,0.1486417442271853,0.08128644243909534,0.21348140292790616,0.09095089888904814,0.030950187893526982,1.7777104295838595,-0.41898076470894347,-0.008579647482619666,-0.229828498211236,0.19493381772616175,-0.9529524508876123,0.004264365520027177,-0.0017071694933190433,0.4106808430155701,0.9460500411951336,0.09238745112334609,0.014053841822249802,-0.08980387833995016,0.24530853746870537,0.3721749276525675,-0.028947777357441536,0.34731611603819335,0.2252122118290559,-0.15265124032811409,-0.16369413523353427,0.11367581131493165,0.10470507709637498,0.3530836534634939,0.31471069801177354,1.1838458014690556,-0.26971354135197373,0.6285974842586018,0.05576031469715595,-1.032574618327753,-0.4410448346473033,0.1533062430578456,-0.09010237755523517,0.3100725327150171,0.0968598700999045,-0.06551284922502972,-0.03636892456677008,-0.15434153428230063,0.18965123466560807,-0.0451370792599862
0.1861139754520129,0.02724777577046381,0.3666897334051358,0.30547916229029864,0.23147891666309559,0.28071921977084774,0.2655649426965482,0.2662179812928856,0.2368981344175798,0.24753746226091422,0.24594967503976053,0.2194132961343681,0.20000819077910825,0.5663027482824624,0.40520816323295467,0.3737718212804581,0.599039253796678,0.35054748853171075,0.1930012132943324,0.13003674068619636,-0.41898076470894347,2.409365781564421,0.6546863033631365,0.5589994924761303,0.43631647151534714,0.8247829411065748,0.3908944005095841,0.4286137985956498,0.09777690135854925,0.2304549971193406,0.2752418739023783,0.610484790365352,0.5963841935482354,0.2787574748270395,0.22202850896815965,0.4821865556158366,0.2710368098894834,0.38659519758668665,0.5307206721654752,0.057511054151589386,0.5719745265903227,0.41589375011448987,0.09191012387649265,0.9381876887437931,-0.433342090062336,0.4727289902559769,0.27603606551075005,-0.19648025629086194,2.4205508226770527,0.3813104467429581,-0.05421273022191188,-0.4543395388149052,-0.09931062758618538,-0.07166394418348843,-0.12059547166588629,-0.05494947249596495,0.14605979243056857,0.0871344658192995,-0.21272244897312523
0.07335082327693657,-0.2860913215668577,0.3183401219928141,0.27996173768848653,0.19594983085697004,0.19846534712133723,0.23748534340178576,0.24996330608909442,0.2644186643713429,0.27091002962291094,0.24886673442962684,0.17205440043445513,0.23644131997722914,0.2841175534234766,0.30509253289969895,0.08790666362256586,0.2966835869532573,0.6245780535237696,-0.030120680984553234,-0.07381461488428133,-0.008579647482619666,0.6546863033631365,2.128952353735869,0.7877879404430311,0.541557985558019,0.43027367734740973,0.06938104374120595,0.311175424550302,0.9222853571776509,0.3644236081473842,0.05601742640348646,0.2236836786006013,0.4516996472181548,0.46390387168145863,0.26736611886602835,0.21595502714474415,0.4177035658469234,-0.10125916252581625,0.7433610847565232,0.05897712991283176,0.3983004314432013,0.14909786805065026,0.14696478718134973,0.3030569289153598,-0.1655982414997448,0.4082559318272283,0.5069049303990382,0.0014744374394805011,1.034836424872424,0.4221039692163725,-0.12697944567760153,-0.3440754576192257,0.07569830283764761,-0.030657937376688114,0.11408979118397983,-0.04526202644513147,-0.050407673031134914,-0.15703948060618914,0.09722438393812984
0.03982370414883901,-0.16334047904050264,0.2977193418505315,0.2552938455543247,0.17366267166257862,0.2288316702197395,0.19281699369122343,0.21252798970709377,0.2585280716624516,0.19784562141180334,0.20257301639876568,0.16675833698236103,0.19815620461040376,0.3270482585866618,0.28530380824655766,0.21368525942294475,0.25911644547874907,0.3137752824580029,0.0553085268718443,0.15723054042739165,-0.229828498211236,0.5589994924761303,0.7877879404430311,1.2737135480628472,0.3577607126756263,0.4584508177159039,0.10221239742008995,0.25865671517338534,0.7662138864832906,0.36813715570219624,0.29762238125681084,0.28325642056546746,0.44989686338817625,0.19401138419031788,0.12568524539576634,0.4661811025489691,0.3598764802644661,0.10357518703324596,0.5240218713208799,0.052196014769366285,0.2839653831044082,0.2223920629811055,0.19492990526681628,0.1850450614100608,-0.05112822219220881,0.23315904574473104,0.3447430237330731,0.003663564868993296,1.0748476271547078,0.31514022674353975,-0.295905166033607,-0.07949219257676973,0.057075927265174936,-0.08562161644941052,0.1406894512143865,-0.021065653243907734,0.0956146012000876,-0.4550223350334367,0.2675060163199211
0.12508197952379752,0.12151523995571846,0.2602038639224315,0.2352379335983794,0.19564369421400432,0.2493679116364052,0.20096683897476736,0.254926555699755,0.18197526506229098,0.22447742859227104,0.24409106915913487,0.2551212926163745,0.1702588936233932,0.3225326961911633,0.30641356088014765,0.2989468710543023,0.26027250467498275,0.28889999175034997,0.06625493033652133,0.21819023331287787,0.19493381772616175,0.43631647151534714,0.541557985558019,0.3577607126756263,0.8280850344794861,0.23467256651039625,0.22908218147105927,0.19252288785576518,0.8551052447533107,0.5097586819003997,0.22747206657714877,0.29633695884188505,0.1491216260629824,0.44324295094952165,0.32337350427841877,0.27633665643615474,0.3184685740978028,0.17919453017032064,0.39375105135089566,0.09944790364716684,0.4062874377503379,0.22115532539987653,0.2950390288968606,0.26194020028120113,0.3010250576305852,0.2614047439056737,0.42500412221210143,-0.0034785669539156615,0.40932466612415097,-0.003431743885422276,-0.12967445401468564,-0.16344747367627135,0.10584781772003789,0.0831764017551003,-0.02730114676700162,-0.017405742162714368,0.02110419594184082,0.041700637778028876,-0.06723867938116017
0.08714975489931098,-0.0831288838959785,0.2229001922267403,0.24622840826301226,0.2379366734024258,0.17571947180150915,0.21018773797053328,0.19151654307592464,0.27393537174534666,0.24353798312397365,0.24819228862761153,0.1711696516486017,0.21019775689708298,0.48220976397495924,0.37174909221547653,0.2700469591728071,0.2826764491287844,0.37590903228399297,0.011686528443826191,0.3172674821193159,-0.9529524508876123,0.8247829411065748,0.43027367734740973,0.4584508177159039,0.23467256651039625,2.6235491764947882,0.37257848844897035,0.3102031412759298,-0.3138444580919665,-0.8976118676826651,0.36929346430471083,0.5726763133024904,0.14384363399099734,0.38573210538249336,0.2906506746083047,0.3853215350878495,-0.44522259520191504,-0.14097898051617058,0.7447045149157039,0.6740746878113743,0.9368810203310906,0.2667824497203684,-0.07858082628699525,0.06328479420672829,0.11251607421369823,0.20844547141629022,-0.26294163315292224,-0.01202215951713192,1.7987832358201332,0.5512251772132896,0.15188413486236335,-0.45411172626064455,-0.32627938086638125,0.028646563225507463,-0.05765823846335494,0.011181533455933375,0.2850977475873496,0.2224992546173447,-0.48061818207357826
0.11266879077022678,0.20276596373625588,0.1560845091807922,0.16896717066379383,0.1406111613230262,0.18208954478229603,0.16160525494816064,0.15533443359020022,0.12721758495314944,0.1842132601721444,0.18249665900988626,0.23297851726883564,0.12572708027362867,0.29229556535390133,0.21924030376287773,0.2939304645491662,0.21114961482426584,0.06349603042589813,0.05334134521347914,0.4788403131427404,0.004264365520027177,0.3908944005095841,0.06938104374120595,0.10221239742008995,0.22908218147105927,0.37257848844897035,0.8771744493675855,0.23685197310261932,0.007436595257349633,0.21093578989426204,0.21371912077371422,0.32283438597415826,0.23691813186038677,0.2884538603580033,0.28641852800164863,0.2926839549043259,0.15579731730089294,0.177052695009432,0.34773271639124814,0.1443239296576219,0.26714448713792915,0.21909381861431304,0.4563066073048429,0.25276935129956657,0.24683632930432878,-0.06260786385163149,0.15465609465750427,0.018038181079886865,0.7247657500771005,0.048680635413114966,-0.3506033194974014,0.13033583756266187,0.01151426361087665,0.055959962640177316,-0.004480813998875843,-0.008685319665365232,0.06821122461244127,-0.004114092057612224,-0.006847034789392982
0.14323045272712487,0.06404201903951114,0.2776303691535816,0.13037978742342696,0.030206363217460383,0.20926440301314994,0.1116157354035919,0.23961796143568043,0.12431006670071112,0.1721874512016169,0.1845693592810707,0.12541798131589615,0.14545628962453924,0.2131867111667565,0.24399749747813623,0.2189954539079392,0.4400988883186045,0.22311443821525423,0.1430578810412043,0.47040494982530195,-0.0017071694933190433,0.4286137985956498,0.311175424550302,0.25865671517338534,0.19252288785576518,0.3102031412759298,0.23685197310261932,1.6478288622636794,-0.19858265950382023,0.3080875824912984,0.19938717549561288,0.2538731868517724,1.0120022587664002,-0.05416134920191833,0.7848730939961069,0.08923248952011596,0.4242150722683972,0.1135234089398827,0.6503679086297282,0.054128360160434194,0.3538180704873631,0.19750127247122168,0.16207577522555783,0.3679697668721843,0.0761252664675173,-0.10942858285561796,0.3173870679702284,0.04835398020984894,0.6086176578370072,0.7107445218602855,-0.5429268625269412,0.5100079465239954,-0.5750934405810507,-0.12628404548529237,0.34329086286800803,-0.10444817915747362,0.11077651070855682,-0.30844330322980396,0.24596488644019188
-0.004875387115349381,0.06804855949152212,0.35445410390967624,0.25142820196350246,0.1951756797043338,0.33924463928494525,0.1540036722653238,0.31578081594378127,0.2007302600196228,0.18958024259106715,0.23615236397881448,0.18781513732110308,0.21512776819294196,0.11908627345727278,0.3126327436494405,0.22140765900613968,0.13188730263937878,0.37394518537709726,0.08460394055078348,0.03906002673750663,0.4106808430155701,0.09777690135854925,0.9222853571776509,0.7662138864832906,0.8551052447533107,-0.3138444580919665,0.007436595257349633,-0.19858265950382023,4.189679609564055,0.8177898422230457,-0.06299071973015588,0.09326458968761328,-0.1276622082052359,0.8068880981880107,-0.2366905407842334,0.07210589914830373,0.7353022124813697,-0.23787113138422777,0.29040961856906156,-0.015326230475267835,0.0712335333450636,0.041088799673754756,0.27000289716353426,-0.912894624889311,0.3583750114807064,0.7065896083543249,0.638038743066261,-0.004224082329419282,1.2805297516093133,0.10486030029627229,-0.17275103721224355,0.09317045949417978,0.11314440841074792,-0.06060604049239911,-0.09042897554494952,-0.09828852697538035,-0.3184516078996984,0.2953778404701969,0.06805884108257798
0.19463625964587006,0.21959487397124572,0.11133428318929244,0.16456100552459965,0.1122135245445716,0.23765450507792737,0.18356635177831268,0.2667691434670831,0.13137159786752464,0.21793647789104867,0.21534534198694658,0.21843817683583197,0.14188462051181727,0.33618105957152655,0.250507546447883,0.42250390151321404,0.3045551507757797,0.17929392254670434,0.09057133414923936,0.25217440735777097,0.9460500411951336,0.2304549971193406,0.3644236081473842,0.36813715570219624,0.5097586819003997,-0.8976118676826651,0.21093578989426204,0.3080875824912984,0.8177898422230457,3.0322274771576936,0.21212478494811574,0.25175220095140044,0.21790508151754254,-0.007400264891036328,0.8040549769584767,0.2053991275951061,0.7967941746232369,0.5661800068347976,-0.08831841121214815,-0.12813658909745454,0.7659223605760943,0.39874740692842586,0.9244840136383823,1.0302347605891549,0.8895166364427415,0.08526548635713965,1.4127502947045432,0.055894501884995514,-0.32444971575033704,-0.2960613301375415,-0.1553517498340015,-0.3234665254491376,0.41327462318333114,0.17814323492318587,-0.01912373778965012,-0.14579471851315887,-0.0547729748067995,0.3175552649640376,-0.14728299907865544
0.11694534867171688,0.097693333712403,0.20777695483271963,0.18977979579015716,0.16619522717364646,0.16438106247097242,0.15665812392824657,0.1675741575662863,0.16323268868354726,0.2179079251200481,0.1654506893215342,0.14781236044498092,0.13363556139442329,0.22225635394905005,0.21559428217914292,0.19108485545074208,0.2006433654672781,0.24981468977788251,0.09237026085086432,0.23006276682114618,0.09238745112334609,0.2752418739023783,0.05601742640348646,0.29762238125681084,0.22747206657714877,0.36929346430471083,0.21371912077371422,0.19938717549561288,-0.06299071973015588,0.21212478494811574,0.9666926791456051,0.2652336327202642,0.26771021342398515,0.15579488687314846,0.11393996855429332,0.5825928900802056,0.08563469615010891,0.3572948397668109,0.4824781591187062,0.1935590848139277,0.4358470394418198,0.23110363206953752,0.212827386791249,0.42235165471753994,0.42368404906154367,0.0415663773505304,0.2686415199708088,0.004447352687290859,-0.16702460619784484,0.21570767629326126,-0.06177228105736389,-0.135312756116648,-0.03267092940347743,-0.028437987149332187,0.04309103042279595,0.02435414243097188,0.19928244958992075,-0.23282114552778493,-0.038163855100918534
0.13329490636672475,0.13042839461507374,0.148882354164542,0.2445883130519151,0.21840842617471604,0.21999032051100245,0.21144627883461412,0.190817732938664,0.18689862690951053,0.21000900003776532,0.21780297028538767,0.26265050962433206,0.16761789155759488,0.5857597561918374,0.30140665683792045,0.40201099910588983,0.27896615197872376,0.19148517180672597,0.09713963727954486,0.17878703810217966,0.014053841822249802,0.610484790365352,0.2236836786006013,0.28325642056546746,0.29633695884188505,0.5726763133024904,0.32283438597415826,0.2538731868517724,0.09326458968761328,0.25175220095140044,0.2652336327202642,0.8355685220706333,0.09323517743921739,0.38800438858710834,0.4111843908795546,0.4445798672329439,-0.0175420638254356,0.16549859507915402,0.4411902407220419,0.19094624709309954,0.5508792652619449,0.258201905402666,0.04435368459871687,0.4459882961845448,0.23823444783253386,0.07423278849630124,0.2609099310936284,-0.02006430459295298,0.8163632039683297,0.07267783431195156,-0.061460535439699954,-0.11261642488065292,-0.12640893144632337,0.1159272021683861,-0.09502002155418457,-0.035175234030722535,0.42706265404423566,-0.06325758094192986,-0.26047298081548315
0.12623778019788162,-0.034928056919439406,0.23847174912626942,0.1676632412786186,0.06707778534321088,0.10840030305757145,0.1251588176163855,0.1674687856069658,0.11650192635783116,0.13762581975527985,0.10640792956391219,0.07881634456986933,0.13587261471692755,0.11705000881422782,0.1523767849690885,0.020086326971779114,0.3340828149585009,0.23975327859568482,0.11649615134190328,0.4709659528086397,-0.08980387833995016,0.5963841935482354,0.4516996472181548,0.44989686338817625,0.1491216260629824,0.14384363399099734,0.23691813186038677,1.0120022587664002,-0.1276622082052359,0.21790508151754254,0.26771021342398515,0.09323517743921739,2.521389664314667,-0.3155398544366671,-0.23012916746935258,-0.04188839478173092,0.35856491637610194,0.30334933354016447,0.6025514145492941,-0.1372281198076661,0.1262230315164893,0.17013913694105717,0.3051698561929367,0.5722160211990261,-0.012806023812221354,-0.24130824798715825,0.3825502567491424,0.0910065847507011,0.5866263802838657,0.5608450711040237,-0.466463400625707,0.09043090069949265,-0.03341904695195871,-0.25973236645305037,0.20376259338886082,-0.10033340571033152,-0.11825066872409114,0.1020433396547662,0.03884576690662942
-0.12086547742391023,0.1087854200536299,0.25979388493731376,0.2962341615813672,0.29822077200932723,0.2803298444550677,0.22883937467682805,0.27812476263132285,0.16029634047004745,0.329435214723296,0.24404463644362753,0.28105022641735083,0.20099182100808102,0.3324954305543186,0.29729845885526845,0.31239685506304377,0.20653964115015463,0.3145595251256752,0.11066264912349728,0.24418611534089418,0.24530853746870537,0.2787574748270395,0.46390387168145863,0.19401138419031788,0.44324295094952165,0.38573210538249336,0.2884538603580033,-0.05416134920191833,0.8068880981880107,-0.007400264891036328,0.15579488687314846,0.38800438858710834,-0.3155398544366671,2.1433002443517744,0.3084146822241493,0.14974427742965976,0.1491406940154437,0.09255103083813342,0.4867217402282075,-0.03578329136876389,0.5336449017303111,0.21405433314449518,0.632408128890073,0.4710793919406229,0.4118867306195951,-0.059422272633720595,0.29281705739384584,0.038161668549503085,0.7153430224978946,0.07733780530734442,-0.1099414524794822,-0.0981062767542859,-0.012318374710006588,0.075090945474863,-0.21808232644179987,-0.002210361315278202,-0.08258434410684548,0.128458827693331,0.09038411829694924
