2.3614782348359347,0.2584799788286768,0.5488531237869372,0.046547004371011606,-0.005140514663270152,0.08789114862284592,0.08226076598640394,0.05599990540868063,0.08792550666855058,0.10272342224566017,0.08729605479008587,0.1161774785042695,0.0132690027698309,0.034468279568832125,0.20912666771654326,-0.01079390876285805,0.029564635999702406,0.20047380309405152,0.030218935235150853,0.13176956370973136,0.0801639378522432,0.0652938975117314,0.1823533124026454,-0.5465472369773446,0.06248465247882425,0.21732676771323634,0.08196169932711704,-0.02243142046938963,0.022030237307603735,0.07126266049761427,0.1769701761567649,0.025030412097865985,-0.008324233272392859,-0.12627884407749174,0.02876216155925899,0.03822972589738937,0.006834431835574153,0.23903268628279192,-0.01958483887808861,0.049864812664835174,0.06820517438270678,0.06180083565423663,0.18260255373070192,0.05542110170752571,0.2687197005193769,0.17980698221463937,0.04386343865376596,-0.049730944610058316,-0.3038853579430441,-0.003027044243792178,-0.05398460786008984,0.26790516749029364,0.01838900312731919,-0.02168562714176272,0.12907480438795788,0.03530442680376422,0.19338972948446234,0.30123294431860786,-0.6987291550016235
0.2584799788286768,2.353376116437585,0.8335120417331124,-0.08558208899565493,0.03178379030975644,0.2404078397504268,0.051703629610896126,0.2593466710275719,0.11084548847519268,0.31228980756800895,0.13439671875087378,0.11656018860291512,0.06881476141147784,0.16061629420360402,0.21509456559747772,0.09153419643899606,0.21659102377808975,0.4149359711256715,0.07372332802180895,0.3501707331187364,0.19351238245184835,0.10436536873350594,0.024373211898778117,0.15124160057748376,0.17146426757639974,0.22384345123271074,0.1316846957539603,0.15982549786848135,0.3617305934264468,0.1366627828023344,-0.04589173308738524,0.17869181508667464,0.15539050482932856,0.25540687666434797,0.10757156609002193,0.14100375955838798,0.32642269431074167,0.2537877293963645,0.1341251844470895,0.03082562147259324,0.1651918975839533,0.1911973069988429,0.14636848546769116,0.00939345419091325,0.12571842788649742,0.20726000008966514,0.260970064270582,-0.0014797286815785868,0.18192312090727564,-0.017508404643600598,0.031055042141559266,0.22753483351350887,-0.10141807386663451,-0.10071964370972722,-0.256973072223652,-0.18013704468207212,-0.37915558698280966,0.09790526201588166,0.5173063087588994
0.5488531237869372,0.8335120417331124,1.8628994840908748,0.0020535308796273528,-0.11616586944857689,0.2570013487585392,0.08580946981227332,0.3578738603618331,0.254968652322886,0.45838144636341793,0.21491827693270216,0.20765246962565756,0.11137155241354088,0.1663388061433806,0.31483726313638166,0.05964282413264889,0.26728140629187486,0.3584936297768876,0.07765969795148493,0.25289895734598894,0.23014087407413805,0.19421725232294573,0.08198779315287781,0.2292213504048606,0.33026402556638634,0.21593067403082794,0.13069747015094188,0.14364078052048096,0.39515225073924665,-0.04484549559743235,0.03700198908335738,0.15381277347111474,0.15019857223688762,0.32062556321485436,0.15556446267832008,0.2614330564658876,0.45301655340769825,0.31711698218927115,0.2352360776946637,-0.05276183016665088,0.14223610836425843,0.229293252217147,0.10166114727554143,0.019206472088089795,0.3079201003971051,0.47733270613580575,0.3761204970214047,-0.13007757255910554,-0.1490126563934543,0.11196851167616628,-0.056120063968982885,0.30147972109056304,0.004251005975051194,-0.21557329592363234,0.051101908320110155,0.002706244308308401,-0.1935062783092678,-0.2695457462759612,0.2996376745940389
0.046547004371011606,-0.08558208899565493,0.0020535308796273528,1.7094453974476473,0.2877207167479784,0.2921785823626722,0.024007441054178673,0.25408586204640143,-0.08064789061810308,-0.02895217498680109,0.14618826024718368,0.19421769371117675,0.06234803039536878,0.11175873472596391,0.08455919797670364,0.19380767743563745,0.07447515762954506,0.03350093756814305,0.15712415098920932,0.18290155640112518,0.07367953135764937,0.060908555488312345,0.09905496082837709,0.09256548680179327,0.11083036170948615,0.06437768333283171,0.09249913794301518,0.014129860538679226,0.14800327268265556,0.07414286592111163,0.043867561229529166,0.13209623206470483,0.0002613945042268647,0.22351458985637895,-0.10320436292503522,0.05851481169273958,0.0757730655201743,0.14465987203244038,0.171645841549423,0.01277549730365689,0.056768163115579244,0.06038792621196928,0.11808740799965661,0.19917853223147355,-0.03377065616456166,-0.003359643183997556,0.1267354550074082,0.002207313354028634,0.06850864994909024,0.034307871209373994,-0.12547768111945326,-0.07078318108035003,-0.07840954510882385,0.01792922965190608,-0.07470646038139372,-0.06289254921172618,0.017621545686564523,0.07490539958591963,0.028115931587256806
-0.005140514663270152,0.03178379030975644,-0.11616586944857689,0.2877207167479784,0.7988899272674553,0.29935928374412607,0.16970532780508674,0.23008619727098414,0.029878427474946123,0.07928370348696898,0.1114491356784089,0.16713323970045402,0.07991483814693477,0.14606743205780437,0.11264632711100747,0.1885556690256712,0.09431755344708996,0.10106392565504364,0.27283051632706024,0.11399110493673568,0.07461191925805938,0.1131162999600051,0.06999368684988733,0.15711237227892144,0.08187033014149978,0.15615274060483073,0.08994646605350774,-0.03958829210313912,0.16081203157238094,0.043302591991548185,0.03872678384048752,0.12374195718112935,0.04118950101807734,0.16443708927697248,-0.02060788065394768,0.08867357079983301,0.0728464276410234,0.0813760343877333,0.089778424273752,0.05301661706916154,0.06899079713450784,0.0754494814024196,0.06563370121825295,0.04716867886209129,-0.08481567405547201,0.004701571562806514,0.13254489428444025,-0.002459912570305971,0.29177001502588307,-0.04218562963299815,0.170168758746743,-0.40563715288346236,0.23426846423349085,0.03470389654634424,-0.038572703998177145,-0.07026650182922044,-0.17428617228269785,0.038400932151708755,0.22043055667157935
0.08789114862284592,0.2404078397504268,0.2570013487585392,0.2921785823626722,0.29935928374412607,0.6701978000733176,0.10214699616411196,0.3035332851704979,0.10930394771685777,0.11057927597403393,0.16436045146016695,0.18199118881694754,0.06730205083970284,0.15768406385635333,0.08321663534804791,0.17343321520303998,0.1667800918260506,0.1319284015743322,0.19510403826615497,0.23149884240511698,0.09164269930194122,0.15463414434670034,0.07360317153947811,0.0889695464576726,0.03776793605358583,0.14359000952338716,0.11490024303957207,0.09024748427060694,0.2477823251016789,-0.033476713487771786,0.08899455022325557,0.18024799053418775,-0.016824607423923364,0.28150838857021127,0.09125203587448794,0.04271498813195292,0.05640209977740929,0.09347005310350436,0.19515975536285565,-0.0031679348321680106,-0.08721057811088406,0.07680061939372182,0.16369682582591039,0.07107754985836104,0.010802214643573779,0.09866111630394886,0.32295741174966514,-0.0831184255482597,0.27868558815938266,0.33508129958276056,-0.8140319174131545,0.2125333000997111,-0.18906198367350807,0.05716596198512505,-0.006478235076345402,-0.05688422576881855,-0.14985756202294803,0.07168819768346785,0.0966380054388421
0.08226076598640394,0.051703629610896126,0.08580946981227332,0.024007441054178673,0.16970532780508674,0.10214699616411196,0.7442106837414701,0.1317757658162171,0.2917250723481344,0.18556601205115308,0.21643215738045793,0.2734421373266746,0.10521814327983293,0.20830274645334754,0.18894399949669718,0.26365014931600467,0.22863479425151545,0.1344755223194849,0.0019360499252451238,0.08463258779995768,0.15397116274194905,0.23682442906787163,0.07369184617138567,0.23944435330355454,0.20768652121842682,0.2495947096208,0.16968273671431852,0.10890084230718342,0.10759802186857448,0.134767070167883,0.1438194075624696,0.20653586487596262,0.09526883393450968,0.20299740088640886,0.18798544510523219,0.1868441358102612,0.1082796931606603,0.13878456192808047,0.17864625106194126,0.053222239023236605,0.15491841330401637,0.1612006519114366,0.19034115996118026,0.05596038674113366,-0.06461660430456426,0.015232431959959445,-0.0018957619134224641,-0.03672394692982406,0.3358416410449392,-0.12530435704443973,-0.1189730191224645,-0.03556509696021434,0.13401817628480947,0.01425108884242863,0.14078677055802324,0.18214380754112444,-0.1451487814331936,0.018092494962459613,-0.23860520728126416
0.05599990540868063,0.2593466710275719,0.3578738603618331,0.25408586204640143,0.23008619727098414,0.3035332851704979,0.1317757658162171,0.7332878033762722,0.050493268418954525,0.165805068192045,0.18458063289454243,0.12153906413094864,0.08513316011992002,0.20521322801829536,0.08191463363553728,0.14464189580297956,0.20329509127568432,0.22192138053912255,0.14931255477064376,0.21827087757554653,0.13662567280411406,0.12164369534617976,-0.024372940731075977,0.18856162395719273,0.13513674890376615,0.2070553514546387,0.1260192577760464,0.15117154736102933,0.1999413419392317,0.06323153178613107,0.018715734215449736,0.1967310323005043,0.14536797218630607,0.2226449159299796,0.14095246349718588,0.06493745145020909,0.23421002599267174,0.16042307107383247,0.2533881201435282,0.036574286479579186,0.08953729031706913,0.1306416732496453,0.13141214360862996,0.04502211990240961,0.023050327025724678,0.10299723514828485,0.32381962770132683,0.029204998202387655,0.3866572762426791,0.17080424875334227,-0.2573269577214863,0.14750047963466145,-0.04254392628643602,-0.07857210593120671,0.025271741281289072,-0.1487040368144274,-0.10389162259355061,0.006696245818337076,0.2183945755458033
0.08792550666855058,0.11084548847519268,0.254968652322886,-0.08064789061810308,0.029878427474946123,0.10930394771685777,0.2917250723481344,0.050493268418954525,0.5970687636523068,0.04673420661239182,0.14118555590707665,0.1437152121245794,0.052061678362295624,0.14057403345606193,0.1203731452997023,0.10190128926924585,0.1805591844022488,0.07821556083079562,-0.07581542097761727,0.07545492031958921,0.14551441403885224,0.24106331258891858,0.060530698496088435,0.15544974768647274,0.10528893262168121,0.2776260525549289,0.11224579346275897,0.08398451960353255,0.060608620776385916,0.021705706270384262,0.13291695431537914,0.14889940063336457,0.1053894273683669,0.16426521496869875,0.11547008624459701,0.12700375802254688,0.12264615508298038,0.14538257216638686,0.10865133319406879,0.024354317913916228,0.09371831337577291,0.14152821458856252,0.1499226628084032,0.023733826100189783,0.009153208347960308,0.09695159957094113,0.10517233333922188,-0.06204868675037499,0.1813644101862967,-0.06031476561366464,-0.14615132224760843,0.026228449948846703,0.07262154231011192,-0.009739490646101731,0.12030846549194572,0.11305997087689663,-0.14386591215849942,-0.05267711689358887,-0.10360569934201483
0.10272342224566017,0.31228980756800895,0.45838144636341793,-0.02895217498680109,0.07928370348696898,0.11057927597403393,0.18556601205115308,0.165805068192045,0.04673420661239182,0.686864464586036,0.11751770156616778,0.1610360116113475,0.10865415422070457,0.2007611514112573,0.28521825298645626,0.11888585873374422,0.20835942880642225,0.30443544364013525,0.053686584437589606,0.11449454959504585,0.1588268142729651,0.11190086331601916,-0.002033776857428865,0.28218764950682984,0.27671043095661757,0.1509853698943357,0.13449408339037955,0.14285397502564615,0.2727245283869909,0.1778725799222579,0.049745035050216456,0.1831750057324272,0.15466641827453578,0.22411691490736851,0.17794570511917265,0.13845437770634697,0.3288148592802836,0.15640631446382794,0.15363531622199506,0.02250238892209831,0.2084262904176611,0.17071686056173865,0.1406472029653815,0.031156389368907033,0.04046483774209275,0.09346121942342885,0.24523528467838174,0.026054383086009852,0.35428909897297844,-0.0030385234490782694,0.010260943779340285,0.03753236821945911,0.05614056603766027,-0.03740163168872562,0.08224438824827712,0.059486058158503295,-0.18363435918032062,-0.12229090853712281,0.15114999126429243
0.08729605479008587,0.13439671875087378,0.21491827693270216,0.14618826024718368,0.1114491356784089,0.16436045146016695,0.21643215738045793,0.18458063289454243,0.14118555590707665,0.11751770156616778,0.3738752054447593,0.20566497980359408,0.10235509136713626,0.1294784125401593,0.2086843583734004,0.17634950624332035,0.21839235108001845,0.14808430573303463,0.037328894951152145,0.18706051942939947,0.12863671906399776,0.14635775681273902,0.07493053640196416,0.1618494684351043,0.1070305762055035,0.1995254797934215,0.14556948638784659,0.11195944393383564,0.14321124030969945,0.08889218842394286,0.12873101831696726,0.13802255281482317,0.0748232539162424,0.16218844981539024,0.15689229627209714,0.13475254372592269,0.0978609879361323,0.12325496631769518,0.1725968663349213,0.06477439678716468,0.11060828717834456,0.1328807866330106,0.13842417554093767,0.027622316502314264,-0.0018922484857253382,0.0644404639920308,0.11477120805122859,-0.03339078858908248,0.22499646041114243,0.005818196969167229,-0.1619268954791162,0.06288033210582945,0.02457494050140749,0.035406082727406814,0.049957656710177385,0.02828027565439748,-0.11418936184053495,-0.025751763382858627,0.010247181055879486
0.1161774785042695,0.11656018860291512,0.20765246962565756,0.19421769371117675,0.16713323970045402,0.18199118881694754,0.2734421373266746,0.12153906413094864,0.1437152121245794,0.1610360116113475,0.20566497980359408,0.5616756237098642,0.08321320508790768,0.15666041852584486,0.26104582007475896,0.24503175632875476,0.1595296137039023,0.010706827345399636,0.05267367945287743,0.16086722010543456,0.09644889377057127,0.16507440499570694,0.11789222558811704,0.1428362597948803,0.10266750074390228,0.18429458192064596,0.1884822673363537,0.07377829048878043,0.03765065959459382,0.059439482332379945,0.1135269517021767,0.17183213736299133,0.02966946284741391,0.1846295846519272,0.13830984783448375,0.1721568116469977,-0.04992713263962406,0.1204879981720222,0.1832705733007076,0.06799589904221083,0.1058326674035846,0.10267449858994147,0.1492601019693569,0.05355934190632341,-0.11161641005536553,0.059952318480907624,0.11198968375134384,-0.061888701463559306,0.36040799940223095,-0.1605280632897252,-0.09707826085370581,-0.03396494324582523,0.08025030010377983,0.06496637460117187,0.07851376972273474,0.1539858568991023,-0.12165508761193433,-0.030957364604271353,-0.10912410898088667
0.0132690027698309,0.06881476141147784,0.11137155241354088,0.06234803039536878,0.07991483814693477,0.06730205083970284,0.10521814327983293,0.08513316011992002,0.052061678362295624,0.10865415422070457,0.10235509136713626,0.08321320508790768,0.2675529935943665,0.0699137993944259,0.024226679542872685,0.10128607006918172,0.1012857540252793,0.08852105008944065,0.04417508509465706,0.011446199602650985,0.0794466255057312,0.11648536700675875,0.030989029683848326,0.16545527486400505,0.18834063794646008,0.046824319568475575,0.08621255485139817,0.05978728709285052,0.21297303767892928,0.11232040084929826,-0.015072634382836634,0.06672770450116694,0.0768715238850885,0.10319552413563703,0.09130260808888081,0.09088791046467519,0.1526684261231043,0.02956578249507115,0.12835043692289363,0.01768213038864483,0.08327555422733147,0.0812374231646598,0.07232751716795198,0.024020279264875283,-0.018101783693322063,0.09172854076297231,0.097771235430559,-0.021696202922854967,0.151704417969635,0.05020926487032069,0.012069285594836755,-0.035560661261596946,0.02677183470326023,-0.06088375808219618,0.058268624816261654,-0.01039732845577538,-0.057797284512709865,-0.03488778737728407,0.029468725591330378
0.034468279568832125,0.16061629420360402,0.1663388061433806,0.11175873472596391,0.14606743205780437,0.15768406385635333,0.20830274645334754,0.20521322801829536,0.14057403345606193,0.2007611514112573,0.1294784125401593,0.15666041852584486,0.0699137993944259,0.5660413896394442,0.30932796908868254,0.3599392022629489,0.21080070163408954,0.19963957091854162,0.06554209737881037,0.14166736049834996,0.16463143059811658,0.2664232786440848,0.1690186584955013,0.2803198180395154,0.08150952245757237,0.22768653245311402,0.17798079248859291,0.11396006630308023,0.13784492999617384,0.2254751751845515,0.10770431523364178,0.4903334112665024,0.16744174845640766,0.206283113894291,0.1710498547313064,0.21144497239766566,0.08716341527203841,0.24013434954039667,0.10260333999866852,0.07861162709906128,0.17288623819459356,0.17675891973085492,0.22651020315194806,0.06915784179916332,-0.0456447988352844,0.06075642715680967,0.24337928407097173,-0.061727405714750626,0.48651699301626233,-0.09285176312157858,-0.13023463091669246,-0.013688846234800923,0.12459986229298774,0.09180353244013861,-0.15100358543602904,0.03409929205718875,-0.24378522882485898,0.09440224331843636,0.23297511103636365
0.20912666771654326,0.21509456559747772,0.31483726313638166,0.08455919797670364,0.11264632711100747,0.08321663534804791,0.18894399949669718,0.08191463363553728,0.1203731452997023,0.28521825298645626,0.2086843583734004,0.26104582007475896,0.024226679542872685,0.30932796908868254,1.1057704122296745,0.22772608639894912,0.15601953337714516,0.37266751948486465,0.0525195014585304,0.2029121286086102,0.22603334785016793,0.1482268572549281,0.16539300741920246,0.3298971152678224,0.10067697292620813,0.1983110792212956,0.20387311020069138,0.09280017856320166,0.1694554825077806,0.26109490740245145,0.19412857545984888,0.2645513461957778,0.20273191845283675,0.19585350386333905,0.11434682525336677,0.19758007149903528,0.23810521785576763,0.2684769720107705,0.1226696983613706,0.06307380298351208,0.22893688320848662,0.21800221968410038,0.252290135047835,0.03421095688399171,0.05108948712686321,0.12832063228341886,0.230345620221555,0.02398457568072721,0.4217925217288367,-0.1185804961679023,-0.1307857006313068,0.27621066743491773,0.15899958051465662,-0.0769231629914746,0.0428961055411313,0.12661648328712427,-0.42866020609526756,-0.008857566948576812,0.25894582233653435
-0.01079390876285805,0.09153419643899606,0.05964282413264889,0.19380767743563745,0.1885556690256712,0.17343321520303998,0.26365014931600467,0.14464189580297956,0.10190128926924585,0.11888585873374422,0.17634950624332035,0.24503175632875476,0.10128607006918172,0.3599392022629489,0.22772608639894912,0.794807244917845,0.2619132150082585,0.12441977701793354,0.10348935806862407,0.16992531121789303,0.17151824109658653,0.38228663747078057,0.08181931969887245,0.27978035075222285,0.08675245340880577,0.15889486588364352,0.24323675688864882,0.21684944179803559,0.22043313107830145,0.2857908189329108,0.0916803288814225,0.3545588890300409,0.1452553674703121,0.21859803813894088,0.300389317808804,0.2376919330761512,0.09218015551016687,0.2136924126375255,0.19220559081243968,0.1168058908605146,0.20274441459123282,0.18844096087069323,0.2524460556850905,0.07458536189454977,-0.09142358165742835,0.05661866354739846,0.20097913441999382,-0.09975470940042981,0.5593758891959923,-0.20473664748738477,-0.14309477858937455,-0.011055671615896807,0.055227603958369335,0.09993836440289246,0.061041277386397,0.037925957613267065,-0.38626212817722705,-0.022637484334315703,0.317038345730943
0.029564635999702406,0.21659102377808975,0.26728140629187486,0.07447515762954506,0.09431755344708996,0.1667800918260506,0.22863479425151545,0.20329509127568432,0.1805591844022488,0.20835942880642225,0.21839235108001845,0.1595296137039023,0.1012857540252793,0.21080070163408954,0.15601953337714516,0.2619132150082585,0.6775728857236801,0.17400052978789365,0.05382341807138889,0.24502804799381997,0.21191746923720392,0.2590335215119886,0.042510261415553884,0.1739762887564729,0.20894751239305842,0.22424510750981924,0.19083684197414796,0.2637537962860468,0.17223887010471833,0.17518208349857578,0.12651071667605965,0.21928094530633302,0.19200920363078636,0.20737694813255958,0.24533395340828623,0.19422816802287302,0.31248455620316745,0.26509937785320103,0.2485060857158066,0.08099566884575493,0.18394071228801942,0.24120655907239547,0.20935999769812105,0.05421998055930214,0.14882086839435438,0.12550490497738068,0.25373484326958345,-0.03871907009377097,0.26465514191233347,0.14742495008043963,-0.25594311166784417,0.22120356753617848,-0.04165297170718512,-0.002368048014662372,-0.041243758615804565,-0.0288637799786717,-0.20449401177794294,0.0406521228617631,0.04600884842502256
0.20047380309405152,0.4149359711256715,0.3584936297768876,0.03350093756814305,0.10106392565504364,0.1319284015743322,0.1344755223194849,0.22192138053912255,0.07821556083079562,0.30443544364013525,0.14808430573303463,0.010706827345399636,0.08852105008944065,0.19963957091854162,0.37266751948486465,0.12441977701793354,0.17400052978789365,0.8532633452696208,0.09613966051215492,0.006358221229957681,0.20100437075021035,0.14938039057929736,0.04091097876604517,0.30235618315131413,0.2137687191338397,0.24802684488014187,0.11595279724740368,0.13934269338630928,0.26815219400638185,0.17457875225555405,0.0266909758030599,0.1737505962369371,0.18461535851259317,0.16109284718856592,0.12085279663985615,0.12424116607383741,0.2935249357387775,0.17766124268646152,0.04366924862027292,0.021927156579557565,0.19789117555256233,0.18842669028497927,0.1589626473214367,0.0172613454930438,0.058040370670277446,0.11077728858112341,0.23003950549188773,0.03895659610942102,0.33183660071450977,0.013930830583126316,0.009077196729551665,0.20537064014837894,-0.031560602812027765,-0.11695692220506819,0.02752029347108424,-0.03232612831925526,-0.22901480443389005,0.04545217264644933,0.16400819761715726
0.030218935235150853,0.07372332802180895,0.07765969795148493,0.15712415098920932,0.27283051632706024,0.19510403826615497,0.0019360499252451238,0.14931255477064376,-0.07581542097761727,0.053686584437589606,0.037328894951152145,0.05267367945287743,0.04417508509465706,0.06554209737881037,0.0525195014585304,0.10348935806862407,0.05382341807138889,0.09613966051215492,0.6075109725029507,0.14897905011675813,0.05266155299308464,0.04872056088863642,-0.017862359146602464,0.02720558901339354,0.026818826556300853,0.01648238774807596,0.05844477400949681,0.07706208300129186,0.1628100847881132,0.0419077552741493,0.02949897370887098,0.09439517282965662,0.013347806162145596,0.08499990045841851,-0.04375379630536505,0.09109686729515049,0.06747002590396727,0.08541854371101032,0.045398189987262784,0.029302351945235987,0.058094894601373105,0.04672164270608341,0.020941412255610675,0.0053669685033027525,0.00985346258147394,0.03987074893649371,-0.006516391754329154,-0.006809596950189861,0.03654564612601701,0.046220368640864894,0.28712929317070096,0.11027931383892967,-0.23886326528558524,-0.044715324025444356,-0.09849779557146028,-0.06967579406736917,-0.05347996594500032,0.10716843048349567,0.12111825172907434
0.13176956370973136,0.3501707331187364,0.25289895734598894,0.18290155640112518,0.11399110493673568,0.23149884240511698,0.08463258779995768,0.21827087757554653,0.07545492031958921,0.11449454959504585,0.18706051942939947,0.16086722010543456,0.011446199602650985,0.14166736049834996,0.2029121286086102,0.16992531121789303,0.24502804799381997,0.006358221229957681,0.14897905011675813,1.2822999788657077,0.1409459400448904,0.01758505214217337,0.38180071951273614,0.049724222651031054,-0.1560445782718921,0.13684355209369317,0.24104706444240626,0.0026275867984888422,0.3102371951804927,0.1458326960343858,0.5109762907358915,0.1724107299702614,-0.043120303099573876,0.3737728577513311,-0.06818018492136155,0.2251117122961381,0.22132147137725613,0.34256358470877274,0.2257740562721736,0.24020348495260163,0.1939954203888419,0.17795223167073662,0.31186388682232313,0.030567082605482306,0.09034884932224858,0.19950333263405293,0.06042013891693748,-0.033301146623117193,0.10683029213055384,0.16679790995587077,-0.39341418196087163,0.41201850831828074,-0.11220440864599746,-0.04930336905735102,-0.026806451622241687,-0.047540298221352265,-0.048987441510954265,-0.00941870806951061,0.08096171482140212
0.0801639378522432,0.19351238245184835,0.23014087407413805,0.07367953135764937,0.07461191925805938,0.09164269930194122,0.15397116274194905,0.13662567280411406,0.14551441403885224,0.1588268142729651,0.12863671906399776,0.09644889377057127,0.0794466255057312,0.16463143059811658,0.22603334785016793,0.17151824109658653,0.21191746923720392,0.20100437075021035,0.05266155299308464,0.1409459400448904,0.5637606126594344,0.17916688132077854,0.027374387075188338,0.21931474152355065,0.22122791004619355,0.15773130474524236,0.1551060390788423,0.18448740686845252,0.17081839934829565,0.29085033650036757,0.2432418861887744,0.16501022393756787,0.3031479931438265,0.15193678413741346,0.19081441006280433,0.1902547670160226,0.43962264703256987,0.29092875185520467,0.23997040590863636,0.1383632144128263,0.22461887477486406,0.4479025207515192,0.2692173761614821,0.05411443807903355,0.29830530359854945,0.09143264839098895,0.31043726813285855,0.0572822518269426,0.3069789798891693,0.010014702116605545,-0.054934711038329025,0.05511147068694637,0.05817267856298636,-0.06950919758231659,0.08534758765576084,0.006011415288450296,-0.252365377689975,-0.014229768498024226,0.2027230293269461
0.0652938975117314,0.10436536873350594,0.19421725232294573,0.060908555488312345,0.1131162999600051,0.15463414434670034,0.23682442906787163,0.12164369534617976,0.24106331258891858,0.11190086331601916,0.14635775681273902,0.16507440499570694,0.11648536700675875,0.2664232786440848,0.1482268572549281,0.38228663747078057,0.2590335215119886,0.14938039057929736,0.04872056088863642,0.01758505214217337,0.17916688132077854,0.730510003908939,0.16431399006635136,0.23295239832246345,0.07204183692170558,0.13751089318323617,0.18771666547989463,0.1264589248174636,0.16402520893136097,0.16733200333922849,0.15029182635971064,0.2702633998139049,0.18038431064255628,0.19187081796604866,0.13927572030760826,0.27456016016817153,0.06261403962383673,0.22678542859037007,0.2041402067261914,0.053480240907431545,0.10031566361705821,0.17764209076067142,0.20480746004335504,0.07522540563269725,-0.049940905338708,0.23415922537789813,0.23411970497065582,-0.26304462289811453,0.373425403626575,-0.0898439677145786,-0.12647706217084412,-0.15879841220596885,0.08223980321511934,0.04056578459965204,0.08527941060621357,0.05356436663116233,-0.2571723131819714,-0.08833497440872436,0.15500532810930667
0.1823533124026454,0.024373211898778117,0.08198779315287781,0.09905496082837709,0.06999368684988733,0.07360317153947811,0.07369184617138567,-0.024372940731075977,0.060530698496088435,-0.002033776857428865,0.07493053640196416,0.11789222558811704,0.030989029683848326,0.1690186584955013,0.16539300741920246,0.08181931969887245,0.042510261415553884,0.04091097876604517,-0.017862359146602464,0.38180071951273614,0.027374387075188338,0.16431399006635136,1.9172556352430457,0.09012125002206921,-0.12043029663016176,-0.11443952718459117,0.05157412327256067,-0.6092540601598578,0.2563794988385991,0.08858015650505145,0.3872487106570239,0.06749776826794031,-0.37594952577435126,0.4349886511705287,-0.383410778388551,0.5526920519588989,-0.2743359127103322,0.033867424565704234,0.18223283013780195,0.2099824437216819,0.06334313916007707,0.067619005207095,0.20707664616570964,0.1556577747094425,-0.1678723543694339,0.4344730965598181,-0.0500446179846356,-0.3550301595658669,-0.5231515618755246,-0.006107291718568021,-0.1743193784398144,0.018044299896706247,0.23448417609171923,-0.020876316573349228,-0.04132706391514286,0.09879335745030199,-0.11852127122943429,-0.03567671715846607,0.01718393425418831
-0.5465472369773446,0.15124160057748376,0.2292213504048606,0.09256548680179327,0.15711237227892144,0.0889695464576726,0.23944435330355454,0.18856162395719273,0.15544974768647274,0.28218764950682984,0.1618494684351043,0.1428362597948803,0.16545527486400505,0.2803198180395154,0.3298971152678224,0.27978035075222285,0.1739762887564729,0.30235618315131413,0.02720558901339354,0.049724222651031054,0.21931474152355065,0.23295239832246345,0.09012125002206921,1.8834117644627506,0.8202815779567695,0.017097607941817826,0.1386129127083644,0.17085727029727024,0.32527904672739294,0.5175000441754536,-0.20129639717916903,0.23721735553438297,0.37790694210676806,0.2799298989669208,0.1648649512870376,0.29626350048647127,0.636708918112693,0.2201578187330814,0.36797907615826353,0.07140976624251173,0.3194259764207636,0.2508614431911753,0.3397437266920172,0.06485113127063818,0.016163488078573374,0.11250011586645838,0.4391716675141994,0.05326445552041017,1.0238167706065515,-0.19265396970569756,0.16761101163842332,-0.34033670018781614,0.27818986712269217,-0.09787155491787074,0.026816135807810514,0.06488629778071549,-0.28171189909393934,-0.10698353699582201,0.4375355562316605
0.06248465247882425,0.17146426757639974,0.33026402556638634,0.11083036170948615,0.08187033014149978,0.03776793605358583,0.20768652121842682,0.13513674890376615,0.10528893262168121,0.27671043095661757,0.1070305762055035,0.10266750074390228,0.18834063794646008,0.08150952245757237,0.10067697292620813,0.08675245340880577,0.20894751239305842,0.2137687191338397,0.026818826556300853,-0.1560445782718921,0.22122791004619355,0.07204183692170558,-0.12043029663016176,0.8202815779567695,2.6792029612571127,-0.201096913645397,0.21475584995474545,0.178877779032638,1.0504876395050204,0.8876761773740492,-0.7962653863500874,0.0907392089353363,0.26895125843843903,0.48501492797764906,0.21902471142739738,0.3949303702757074,1.3997133684816299,0.3017901693579052,0.6711305635098955,-0.023059088792683893,0.4649713704120236,0.29102553533359926,0.5038734221720368,0.10239286834742306,0.5089455304775722,0.26890954604142747,0.3474494156606939,-0.03499268331877444,-0.46816897972198274,-0.260142600370667,0.6502355485866179,-0.5719763618572328,0.25656934348236266,-0.16283606309609738,0.06515106606204264,0.02808083583125911,-0.11148864124033384,0.09087092239391599,-0.04752672761866828
0.21732676771323634,0.22384345123271074,0.21593067403082794,0.06437768333283171,0.15615274060483073,0.14359000952338716,0.2495947096208,0.2070553514546387,0.2776260525549289,0.1509853698943357,0.1995254797934215,0.18429458192064596,0.046824319568475575,0.22768653245311402,0.1983110792212956,0.15889486588364352,0.22424510750981924,0.24802684488014187,0.01648238774807596,0.13684355209369317,0.15773130474524236,0.13751089318323617,-0.11443952718459117,0.017097607941817826,-0.201096913645397,1.7303592619786987,0.07801478901154939,0.1235153701586266,-0.23150342419325987,-0.0757303749415942,0.17822756417864904,0.24587604635760407,0.10157624510230381,0.011649555306139595,0.27883663380077267,-0.04676483012764415,-0.27466034592129795,0.28853434739358663,-0.9275080486086699,-0.003926530222645283,0.544118998860234,0.20416253421671038,0.20825788611036827,0.023786698881028936,-0.4919942238822424,-0.2529181595483,0.008553691518816348,0.262744993588282,1.2544773947890053,-0.42904897686586646,0.14534021930671595,-0.039191811081568495,0.1510848704957489,0.14632110400069837,-0.04689252655094402,0.031016584476679265,-0.06958770121554725,0.23795404824999655,-0.2643990196231863
0.08196169932711704,0.1316846957539603,0.13069747015094188,0.09249913794301518,0.08994646605350774,0.11490024303957207,0.16968273671431852,0.1260192577760464,0.11224579346275897,0.13449408339037955,0.14556948638784659,0.1884822673363537,0.08621255485139817,0.17798079248859291,0.20387311020069138,0.24323675688864882,0.19083684197414796,0.11595279724740368,0.05844477400949681,0.24104706444240626,0.1551060390788423,0.18771666547989463,0.05157412327256067,0.1386129127083644,0.21475584995474545,0.07801478901154939,0.6930989481293506,0.18832789068975675,0.12951838916408664,0.2872992603195767,0.16240529525037325,0.2379253400633901,0.1956216363987333,0.20023995618578336,0.17877450037372256,0.26372584746603034,0.2419372274216971,0.23737824457887632,0.22943024271486168,0.10072118244881267,0.24356247055927155,0.17632694831599904,0.38825697288750755,0.023441077248584356,-0.05955509273291716,0.12194944280356892,0.13987864796598928,-0.03960991824488123,0.44173475231659987,-0.02656315953523466,-0.09131357015150858,0.13853576605831808,-0.01614885223661372,0.009354176177458286,0.10497998800539395,0.024912052165765704,-0.1646619312460858,-0.07163692682952029,0.1415972272644892
-0.02243142046938963,0.15982549786848135,0.14364078052048096,0.014129860538679226,-0.03958829210313912,0.09024748427060694,0.10890084230718342,0.15117154736102933,0.08398451960353255,0.14285397502564615,0.11195944393383564,0.07377829048878043,0.05978728709285052,0.11396006630308023,0.09280017856320166,0.21684944179803559,0.2637537962860468,0.13934269338630928,0.07706208300129186,0.0026275867984888422,0.18448740686845252,0.1264589248174636,-0.6092540601598578,0.17085727029727024,0.178877779032638,0.1235153701586266,0.18832789068975675,1.5581299945876914,-0.22430155602441834,0.23058014399924098,0.0537363602129732,0.28275129154199863,0.8479992086985678,-0.15986248277154833,0.8189958702063157,0.08951941927081791,0.5141309973228031,0.20289575955886893,0.17441574603448332,0.07047551401538658,0.18662287384452617,0.19557981269512217,0.16781125187859453,0.07984990690377726,0.03630863811443867,-0.19769768591964973,0.145601002567735,0.17149767013962045,0.5840924398333863,0.2431104116956114,-0.05386876911736169,0.5926261862079846,-0.9292663637074444,0.05165115336868943,0.13904278528010308,-0.04680101040145108,-0.11675575874829641,-0.04197116471614033,0.3410916607079929
0.022030237307603735,0.3617305934264468,0.39515225073924665,0.14800327268265556,0.16081203157238094,0.2477823251016789,0.10759802186857448,0.1999413419392317,0.060608620776385916,0.2727245283869909,0.14321124030969945,0.03765065959459382,0.21297303767892928,0.13784492999617384,0.1694554825077806,0.22043313107830145,0.17223887010471833,0.26815219400638185,0.1628100847881132,0.3102371951804927,0.17081839934829565,0.16402520893136097,0.2563794988385991,0.32527904672739294,1.0504876395050204,-0.23150342419325987,0.12951838916408664,-0.22430155602441834,2.8021734845923274,0.5495736831811618,-0.37949234251267405,0.12874205853866835,-0.12800195274788637,0.7520741408841356,-0.28586546154016845,0.3676530677859261,0.8820148558929867,-0.1622258538190855,0.46251003599085033,-0.08308691596083746,0.5353507730311625,0.1663688824072904,-0.012549317815736628,-0.10113284000125121,-0.15023603798729984,0.2425215610859267,0.11416551645559575,-0.11875149508207992,0.28080199686570495,0.16044880061673367,0.0030765277644307773,-0.012971698277838117,-0.04898218041090611,-0.1350350041556238,0.04978318640565448,-0.17941015081691306,-0.4080272112675657,-0.09395770167619932,0.5018438931446266
0.07126266049761427,0.1366627828023344,-0.04484549559743235,0.07414286592111163,0.043302591991548185,-0.033476713487771786,0.134767070167883,0.06323153178613107,0.021705706270384262,0.1778725799222579,0.08889218842394286,0.059439482332379945,0.11232040084929826,0.2254751751845515,0.26109490740245145,0.2857908189329108,0.17518208349857578,0.17457875225555405,0.0419077552741493,0.1458326960343858,0.29085033650036757,0.16733200333922849,0.08858015650505145,0.5175000441754536,0.8876761773740492,-0.0757303749415942,0.2872992603195767,0.23058014399924098,0.5495736831811618,2.2572995604207797,-0.15081297785606348,0.24481608546426006,0.3059967628978143,0.09032842077955111,0.33306227940499017,0.35861947858527893,0.7942272119726159,0.4883151950351259,0.6176277651975991,0.1194004624524022,0.7414713237431322,0.3474929455811388,0.9551782866165417,0.21314716186928973,0.42214460664827913,0.04604934719388054,0.5049611948298518,0.1578236921740078,0.9624568049492134,-0.21563963785943172,0.12643855964131973,-0.03574779269075432,0.17110232266766662,-0.024347841563942787,-0.17746243975034037,-0.10544928957603018,-0.3009815291509955,0.7380111243138181,-0.11691360106180645
0.1769701761567649,-0.04589173308738524,0.03700198908335738,0.043867561229529166,0.03872678384048752,0.08899455022325557,0.1438194075624696,0.018715734215449736,0.13291695431537914,0.049745035050216456,0.12873101831696726,0.1135269517021767,-0.015072634382836634,0.10770431523364178,0.19412857545984888,0.0916803288814225,0.12651071667605965,0.0266909758030599,0.02949897370887098,0.5109762907358915,0.2432418861887744,0.15029182635971064,0.3872487106570239,-0.20129639717916903,-0.7962653863500874,0.17822756417864904,0.16240529525037325,0.0537363602129732,-0.37949234251267405,-0.15081297785606348,2.1831217987402085,0.09670040527597888,0.08865708422746252,0.04946225827563939,0.05508294714345649,0.16809737601929262,-0.3125004222779871,0.28374017171742577,-0.02993562619526277,0.11786987681128558,-3.226471565599995e-5,0.20558440579932083,0.07685617184242284,0.13378504525413273,0.09091943911698917,-0.02612066342778101,-0.044746080183169265,-0.02807766233607153,0.04971289072667693,0.261635981096784,-0.6227014842127234,0.5948460830264692,-0.1473901914130673,0.012119877585480254,0.08578023393802311,0.251672507944365,0.3380065450904942,-0.250719980945481,-0.35756881640923355
0.025030412097865985,0.17869181508667464,0.15381277347111474,0.13209623206470483,0.12374195718112935,0.18024799053418775,0.20653586487596262,0.1967310323005043,0.14889940063336457,0.1831750057324272,0.13802255281482317,0.17183213736299133,0.06672770450116694,0.4903334112665024,0.2645513461957778,0.3545588890300409,0.21928094530633302,0.1737505962369371,0.09439517282965662,0.1724107299702614,0.16501022393756787,0.2702633998139049,0.06749776826794031,0.23721735553438297,0.0907392089353363,0.24587604635760407,0.2379253400633901,0.28275129154199863,0.12874205853866835,0.24481608546426006,0.09670040527597888,0.8237040916554396,0.23111630680804346,0.22117932054108785,0.17159960968044385,0.20873987399955723,0.08978040126080024,0.2833256563343547,0.0940807886079965,0.06688128731439583,0.17701723035383993,0.18062804215448178,0.28033612631706867,0.06802922667379967,-0.07064680446367332,-0.0017478101722856452,0.18258443767475643,-0.0478706139019982,0.5055546738044634,9.768137576333469e-6,-0.03292396587296424,0.24554370530043762,-0.34650112902678926,0.11688050655527023,-0.13812944596811197,0.0323880650606563,-0.2225758366682773,0.10057097102820226,0.22056297881580827
-0.008324233272392859,0.15539050482932856,0.15019857223688762,0.0002613945042268647,0.04118950101807734,-0.016824607423923364,0.09526883393450968,0.14536797218630607,0.1053894273683669,0.15466641827453578,0.0748232539162424,0.02966946284741391,0.0768715238850885,0.16744174845640766,0.20273191845283675,0.1452553674703121,0.19200920363078636,0.18461535851259317,0.013347806162145596,-0.043120303099573876,0.3031479931438265,0.18038431064255628,-0.37594952577435126,0.37790694210676806,0.26895125843843903,0.10157624510230381,0.1956216363987333,0.8479992086985678,-0.12800195274788637,0.3059967628978143,0.08865708422746252,0.23111630680804346,1.832653181711308,-0.2932264430067086,0.2013727737056875,-0.1582964056329729,1.0088997931905517,0.37979370252891964,0.1513386485171093,-0.010803326905983162,-0.06780356554449314,0.28968170608384847,0.3218691588385529,0.07616482225842268,0.13656985119220696,-0.07618170520551215,0.6322230179922149,0.2864412713879406,0.9240499413795933,-0.03329626187352313,-0.06877189702426384,0.1669035060316811,-0.0052444386379360145,-0.17929322573509654,0.09558512601200941,-0.11795156229000447,-0.2552084813848283,-0.07476741634639393,0.5201480595991586
