4.0922754736822675,1.3045681176387043,1.2446186018751806,0.732262835981437,1.0116595038267147,0.6215438824921087,0.6691907446930985,0.6456069248326386,0.4183768084621589,0.6529345888955935,0.5497510118179609,0.6447975674201365,0.6798409024339644,0.49307388755244513,0.7046069906714086,0.547261629733849,0.31485052423452203,0.7689598306631951,0.3909252491540755,0.5015225343020608,0.4798424892152514,0.5082782739506777,0.49333977109635707,0.24629258911604887,1.054912274204176,0.37390888390237376,0.4606974740345532,0.15790885174885852,0.7845116832424974,0.42522303335160844,0.5170195820227598,0.42257813453336535,0.12817218398096744,0.18896129613712362,0.2721722770309254,0.6849510926881268,0.46809416241780916,0.2507126539073421,0.610095911953408,0.07809185874903783,0.4048660485850409,0.2843467928651835,0.3033500474863165,0.11697704160654268,0.17725347916417375,0.5617019436791493,0.5481851661746521,-0.09197362103809757,0.1617987020336338,0.043349395264330924,0.023624335423669724,0.46126886413329066,0.02541270754849785,-0.20692414732997821,0.3716081913451591,0.06187030294348367,-0.30526101142910583,-0.32618442123093777,0.18524890786574796
1.3045681176387043,3.3390906402047875,0.8757010110089501,0.3264588915450225,0.5355866477089526,0.48370436855406346,0.5201033486790362,0.3767277142729887,0.4615080298082225,0.43935447364605834,0.3932898694245916,0.5266093831025298,0.43578171967980067,0.3949450925424201,0.7666447197723207,0.42697621127706115,0.23667945928705295,0.31872834626442464,0.014348001823663583,0.38591221723618585,0.4485274867106434,0.3579101635438731,-0.1290289971440464,0.25556553575328106,0.5307637538630648,0.44555112180411643,0.34103038279990294,0.3601633590370548,0.48682010245495677,0.43842031874350573,0.4509885221117789,0.29731397615170296,0.22340570106670996,0.19879407186581322,0.3659482288941974,0.3711197064720262,0.7023012335053889,0.3545385043250266,0.38549855421155577,0.23247759263911827,0.3555716297954906,0.35697207412559423,0.3381555541751751,0.15031529224670934,0.5036721250082135,0.3384012161083559,0.4067511750839306,-0.027325951866816887,0.3746893191527155,-0.03220357415840475,0.16617010004265462,0.45511215974394353,-0.08342233256805393,-0.1284812117419615,-0.34141892093269643,0.09586165370218393,-0.3144019704530224,0.2949956028841024,-0.0186542298561884
1.2446186018751806,0.8757010110089501,4.253545653748042,0.5119838979569713,0.14734458040909335,1.230378889650134,0.6697325856154458,0.9345860244350299,0.9733800915943198,0.8981334372845298,0.9443019397998126,0.8152707774390646,0.9257173231465788,0.6548950545745339,0.5597043807307732,0.7021950035172366,0.8723976395647423,0.8154933082990063,1.3250523980816278,0.9359499339545256,0.6305846304463969,0.8336324680784374,0.6189137290250855,0.5726097792982874,0.5382566283528609,0.5737697563847834,0.6631226879630553,0.36928591273981837,1.0523575775774725,0.9920689137473492,0.6098985088352852,0.6030937259878597,0.38747430300699803,0.5591481410918454,0.45301974682408586,0.9963826542828148,0.8326402198494641,0.6563407369298552,0.6965518586651166,0.2669812486743072,0.6315629844344384,0.6255421043605167,0.6740387666455941,0.3171921628629701,0.24313898498937728,0.7675236723245085,0.8661298638417364,-0.10297443188419798,0.6263830983953101,0.36579869084771144,-0.11029172628046074,0.04876510562645898,0.08897769665476635,-0.44156937937402835,-0.11304779720318733,0.007394796877594296,-0.45629694193441755,0.14554806600729903,0.17831288585093424
0.732262835981437,0.3264588915450225,0.5119838979569713,1.3113571901639283,0.6124346872547654,0.5025903132655166,0.3275704155739755,0.4102112651690037,0.30292708124662915,0.3827083871456981,0.36117568792932886,0.3676496359268636,0.4309636797507884,0.32109936129348576,0.3256637939791175,0.3590520382516262,0.3009259955972458,0.46197954296723565,-0.04359489188136771,0.31685928267914804,0.265820346880872,0.3097904024377926,0.3605512259976802,0.21853990031456302,0.3172603904480002,0.27668833815520716,0.27221416642302665,0.16570043897003453,0.3846506542069666,0.2688479846079861,0.270219163298837,0.2596523781620138,0.08581923488297778,0.3328558628218252,0.2109140728742115,0.3527290145918419,0.3777180663928006,0.2837508967418335,0.3332977832372411,0.08263620484612355,0.2462659536301482,0.21272390200506863,0.31227397406764396,0.2514076267980774,0.10025561360153597,0.25867357219176046,0.3722893657914716,-0.01585668068208676,0.35245947912906406,0.2348705876038082,-0.07834286948287311,0.5094436812190543,-0.20073622952172585,-0.14870733794801175,-0.11128337461470325,-0.0118809476949676,-0.26502666909194345,0.14568031850815155,0.10017300704476874
1.0116595038267147,0.5355866477089526,0.14734458040909335,0.6124346872547654,1.4317007789337577,0.30184894476337404,0.38141189593471697,0.4023975490657988,0.22744030246953312,0.29069886353822594,0.30984998338409475,0.3684175597748552,0.4721603635630337,0.33171849971595013,0.3602864114944461,0.36081737961454635,0.1821342228577228,0.3814418307031216,0.04520743231939018,0.2193786935170483,0.25522622918195886,0.26760304424143283,0.3194391688683135,0.2078070062379604,0.37112132952613,0.3236421038819461,0.2425242440736011,0.13737720446431292,0.3364354353540718,0.07097298488190014,0.24530532929008275,0.27025926164483277,0.18516558162882904,0.37445792490088287,0.13708467056033125,0.37050352735175707,0.32933802541944474,0.1923605738418677,0.17958874210618492,0.022582390988589666,0.14738759890438877,0.22016911850935966,0.19620647370143518,0.17131995631243752,0.03182991263672367,0.2394606777124066,0.28024350869746645,-0.03260481720346559,0.2369218315651146,0.09706991146313458,-0.06882402638223727,0.36745387623021075,-0.09164581173888557,-0.05915554886964967,-0.07446196464901564,-0.05124572546095782,-0.2840484546426049,0.007883690191731674,0.2868058167062731
0.6215438824921087,0.48370436855406346,1.230378889650134,0.5025903132655166,0.30184894476337404,1.3925720022870631,0.44108821661910735,0.6820574775477961,0.5744472089014272,0.41002480295131094,0.6118657041582365,0.5941469493746205,0.6148158380759865,0.5268394191266882,0.41631019260471275,0.5712929476785821,0.6539369655676119,0.48995612389770526,0.5635654925128013,0.6679713027290026,0.4783990145512793,0.5860114449165252,0.30494819999659495,0.3621653787314632,0.5002547512469857,0.6493928823012091,0.4702906744970275,0.2531773357344169,0.7745967702480505,0.39187603437124047,0.43335573094234503,0.5197776686306724,0.12082439530813227,0.46933624231374566,0.28719689361911654,0.6317056927252045,0.37580831374449847,0.46603993910104335,0.44654604700704353,0.26415582552737565,0.242780271768786,0.5328486602345419,0.46058399072290146,0.16685016258468108,0.284769687117677,0.4509839274114784,0.44344257450043995,-0.07868153749519778,0.27274700108918754,0.3191960894022132,-0.18701632034711188,0.13707129013457672,-0.13343776558016662,-0.20579746547913266,-0.2314895696380073,0.0030437804552843786,-0.25226449745910673,0.34779520627712635,-0.087908740460571
0.6691907446930985,0.5201033486790362,0.6697325856154458,0.3275704155739755,0.38141189593471697,0.44108821661910735,0.7943202773205723,0.3035887027740669,0.4848510680104269,0.3572960951460326,0.3967171536118706,0.5472085918262055,0.4464700774349686,0.46968715736995353,0.2521081557565767,0.4725166249247557,0.3869085551370438,0.35746712687622334,0.3822179021546525,0.3825098029351687,0.34899764394635957,0.4616740239458589,0.38402817223037355,0.34253060187448264,0.30298743984669463,0.31839723343187765,0.3279678593531733,0.21182652154002876,0.44475746263662586,0.442908867451571,0.28296555306083343,0.3718711196831787,0.28710157929410535,0.30084668036855655,0.20982996692222744,0.47582385051373965,0.4139042389426264,0.3059371964349958,0.38294757287637565,0.09367577565268881,0.3022319751975948,0.3310390491127735,0.3270239264810585,0.2456464740472635,0.10127982895706741,0.35963074204405815,0.4276036145188298,-0.06835677487429502,0.5591810628750955,0.009194488136933989,-0.09881943359239552,0.09980258679378233,-0.0036122047563065867,-0.11822575477822977,-0.052027936090494255,0.0761329891837536,-0.12964527775645313,0.16669580703270667,-0.27536112340309915
0.6456069248326386,0.3767277142729887,0.9345860244350299,0.4102112651690037,0.4023975490657988,0.6820574775477961,0.3035887027740669,1.0824203190422035,0.4200599192700346,0.4383988421500104,0.5390830651486926,0.337110604500802,0.5830931366163032,0.48890271934983515,0.25439968702867377,0.4587994778075117,0.5238171157263312,0.5134320313505432,0.4411056590262864,0.534584615314928,0.3270006530998017,0.4245849497750389,0.38125775989883737,0.3057069986293186,0.3507209392523029,0.4129072017412175,0.38253351274350383,0.14731109106102097,0.6033249024696984,0.5053842505432222,0.3392127730782776,0.349806853272387,0.14431433027601046,0.395346491031408,0.2624728273208113,0.5285774501050341,0.46311703500104867,0.33979487979468487,0.3403064559046306,0.18307154242869236,0.3522629839363238,0.36992234649403627,0.4149176678170693,0.19124420623150723,0.0676524257631761,0.40331105400740547,0.4941562808593279,-0.05056895710891872,0.4870053502685315,0.18924783877605286,-0.06557176151753616,0.07336801223573522,0.026115764790738433,-0.2451412517368514,-0.14359452463247926,-0.08228686244934176,-0.28381181187008075,0.23493071799966422,0.21957751123359046
0.4183768084621589,0.4615080298082225,0.9733800915943198,0.30292708124662915,0.22744030246953312,0.5744472089014272,0.4848510680104269,0.4200599192700346,1.1718627658783358,0.3449039673633004,0.3907877893803002,0.3803480560096625,0.43529268601328436,0.44822273812481744,0.08692929867252007,0.37760451970566317,0.4281683921992488,0.42372042375097463,0.4570477280185819,0.41421705783907636,0.35471752444456145,0.7059175341500872,0.42216780934732373,0.3916761581800324,0.04949370236547378,0.3095060255289335,0.3219249074401752,0.29202110191609937,0.4030734640008926,0.6450594488471011,0.35676177081977944,0.35094073262134035,0.35110052974731887,0.2462033888326966,0.3055246728577846,0.4033847196448621,0.5766104080975077,0.41297074546495416,0.539383487425735,0.11480236049571402,0.3927475900817185,0.29148355925393077,0.4171845946991753,0.3830223831318297,0.07526182614919047,0.32019804377637723,0.5134088464315978,-0.0322344735965485,1.052163030992079,0.04685525969375144,-0.10065011557008079,0.07825796743327675,-0.01655692360918053,-0.1933622170681667,-0.06758653842972492,0.12925549008972587,-0.15141722222013082,0.10839694270094723,-0.16522338049145713
0.6529345888955935,0.43935447364605834,0.8981334372845298,0.3827083871456981,0.29069886353822594,0.41002480295131094,0.3572960951460326,0.4383988421500104,0.3449039673633004,0.7272208066855218,0.3694615265204698,0.33917286449186596,0.4113765967876957,0.33350414919073373,0.2680560722660488,0.33210001290772995,0.3678529813365435,0.3773722726582652,0.3047562352210832,0.4064077340665225,0.2437943018594786,0.3456122201741286,0.3251386429653353,0.2692976884180676,0.25458312239426606,0.21806912194682423,0.2876417636449261,0.1531508762318416,0.4619606265591392,0.5631539477913323,0.2655999573801342,0.25619662125474124,0.0825460184624177,0.369748748988686,0.39776655287909607,0.411226888581143,0.4764097035146775,0.2552601347817942,0.3331686423033941,0.14843014948759184,0.3766420608721152,0.2534850460675534,0.34312254752558696,0.22520246744101954,0.06973128369024129,0.34745692582933446,0.49573518678241785,-0.052586737419885975,0.436189470190958,0.005367525525234673,-0.008721092255754894,-0.15099470542188229,0.18554735531706193,-0.16994966167745829,-0.002941397287861158,0.020773521959802685,-0.15545794341013167,0.014747630203897553,0.07629155672554566
0.5497510118179609,0.3932898694245916,0.9443019397998126,0.36117568792932886,0.30984998338409475,0.6118657041582365,0.3967171536118706,0.5390830651486926,0.3907877893803002,0.3694615265204698,0.6874889471182315,0.395145348774052,0.5623450639829065,0.4034272541414299,0.29915814530256984,0.426890260152201,0.49347583120731464,0.4349174914117937,0.3999241036309971,0.5159678267662196,0.3395486687706537,0.4010594183938917,0.36511879453970963,0.32467135540852726,0.30089130235729644,0.3364544166739265,0.3566531749193854,0.19654345025517422,0.5780202274641921,0.49307090800574865,0.3110493319893677,0.34737734043983887,0.2093532732485998,0.3712831143824217,0.27299537003897206,0.538690256973581,0.4413302037968792,0.3381518832586508,0.304639117418216,0.15652682081837094,0.31813021319195567,0.35908347528071055,0.3698368242210995,0.18226813540262662,0.0957436488884784,0.3975267177885621,0.4619683184083207,-0.06457115431667845,0.4302442718005699,0.12653765850789636,-0.07182493536258222,0.032932010157536065,0.0585645884929693,-0.19184478814528966,-0.12521549844051993,-0.022952726151249728,-0.228007341347284,0.17792575051273107,0.07463359058140308
0.6447975674201365,0.5266093831025298,0.8152707774390646,0.3676496359268636,0.3684175597748552,0.5941469493746205,0.5472085918262055,0.337110604500802,0.3803480560096625,0.33917286449186596,0.395145348774052,0.8600487968726109,0.38910172229789286,0.3931615797594339,0.3755757667473516,0.4618660589996178,0.3856456020242646,0.31128276466633586,0.34235543055348044,0.4196329489220693,0.33661146485467747,0.39510929497837377,0.29584227915678846,0.30772171698474154,0.323531533362691,0.3542563477125572,0.38641714946951966,0.11941971190523092,0.4040208853449582,0.3467106414531107,0.2845488893588101,0.4166396470686486,0.21781037103325487,0.2698040122249472,0.13790087963678538,0.4588678350748858,0.2955151048164439,0.3097020284162183,0.35988196746026463,0.13891189264303558,0.2522487047835564,0.36536574127569094,0.2862562367689277,0.1564456952362513,0.1600627826734992,0.35438124565646445,0.39094090223292616,-0.06678841857707275,0.3575999280333794,0.04505713271930902,-0.08569496333241748,0.1110903255324367,0.10293865771556122,-0.11198033624102698,-0.14104046466411185,0.11674124712296027,-0.06435685177617514,0.1827018160871214,-0.3400459485061035
0.6798409024339644,0.43578171967980067,0.9257173231465788,0.4309636797507884,0.4721603635630337,0.6148158380759865,0.4464700774349686,0.5830931366163032,0.43529268601328436,0.4113765967876957,0.5623450639829065,0.38910172229789286,0.9549105447389202,0.4396952470928435,0.14732636837710555,0.4467452916494968,0.3800082521310968,0.46544567571017426,0.4800932181951291,0.44422829262121,0.31781164988223265,0.45096302663864213,0.47788542394310096,0.3652512666903397,0.38102731876092133,0.3506677158632237,0.40922147505694845,0.17763393869779673,0.6728014826486162,0.49640515900635235,0.2752710351864923,0.4347639744994675,0.23272151134678612,0.4442500239158704,0.2893863772431842,0.6234455237519736,0.34297650678061126,0.3006329028159478,0.25786845235025213,0.11739620083646685,0.29208670060985686,0.3642106963413264,0.36400600816310874,0.2520098221567529,-0.049267468025847784,0.4331036904535655,0.4539945864345444,-0.08028618679003657,0.4757985189740222,0.07779024583647756,-0.11028714403642499,0.12162952497527284,0.08760116498836104,-0.17414886859153206,-0.14509486926261625,-0.07526712247378645,-0.232133593302924,0.1646573155288193,0.1296713417389526
0.49307388755244513,0.3949450925424201,0.6548950545745339,0.32109936129348576,0.33171849971595013,0.5268394191266882,0.46968715736995353,0.48890271934983515,0.44822273812481744,0.33350414919073373,0.4034272541414299,0.3931615797594339,0.4396952470928435,0.7577112917817963,0.2699180628665703,0.5382897923742547,0.3857202630919795,0.3265367743821281,0.4071447672260542,0.3614263326864279,0.3469002820581867,0.45064551666143793,0.3507972754470316,0.3480038575088411,0.31398199923281206,0.3587793814961795,0.3073766381636771,0.2703135507014122,0.4564891614843957,0.5613249797517086,0.2721502754970255,0.3394446410201035,0.22087574736943885,0.32027632141670637,0.3434881202896609,0.3908332829673995,0.4545732054039962,0.3773146527664084,0.3519713147222255,0.17363038125197733,0.38223106952438235,0.3380290655864028,0.4140485252782751,0.33628516451339263,0.10294246920405355,0.29290571963066075,0.4822744556454857,-0.06173582298388545,0.7106904504515582,0.09585072343432882,-0.10568978916644724,0.056064645366299716,-0.0710829803888039,-0.07644868053618617,-0.23276279184136198,0.010488277223850723,-0.22850946031415822,0.31622237587990304,0.053257866357731706
0.7046069906714086,0.7666447197723207,0.5597043807307732,0.3256637939791175,0.3602864114944461,0.41631019260471275,0.2521081557565767,0.25439968702867377,0.08692929867252007,0.2680560722660488,0.29915814530256984,0.3755757667473516,0.14732636837710555,0.2699180628665703,1.0257476663264353,0.34008024561085265,0.31794620001956186,0.32921439186943785,0.06170989437144935,0.3623942129064148,0.30175979545126863,0.18502186680925933,0.25270909067746,0.2525832758455657,0.2887829307929098,0.2678228348080913,0.2226783332475069,0.22251339094309172,0.3137202643839059,0.4490958366513508,0.2671556418886224,0.16702580084939062,0.1858011469393644,0.24967759041357568,0.3223148547167706,0.3184157221902582,0.5117756295686867,0.3123642530155607,0.2542232071128368,0.11844378193172751,0.3265639571701179,0.27048431436493686,0.3140137218633271,0.2215471540714741,0.22205950666811933,0.2910174207706425,0.37824317890062353,-0.06595844735350631,0.17428151354631757,-0.11184176673010211,-0.03617388114226713,-0.11526517455257933,0.15955058322612317,-0.059054887162027905,-0.12428990286235946,0.07688175454884406,-0.2805657500571184,0.1733466788563043,0.0572864439703011
0.547261629733849,0.42697621127706115,0.7021950035172366,0.3590520382516262,0.36081737961454635,0.5712929476785821,0.4725166249247557,0.4587994778075117,0.37760451970566317,0.33210001290772995,0.426890260152201,0.4618660589996178,0.4467452916494968,0.5382897923742547,0.34008024561085265,0.7375669856721894,0.47563672060972856,0.3816501837659369,0.3832814330341931,0.4393845821093918,0.3411300991546604,0.5114470113104964,0.31318185139932936,0.3344573208285103,0.2960375254685568,0.37236292213444194,0.36487425850691096,0.25077368396704,0.4973227809416406,0.5112414543413722,0.30826598630199475,0.3773697178096513,0.19911485690653208,0.3578027201229419,0.3269002506614478,0.4519634133728884,0.4593790275640618,0.36385224518988685,0.35899485127207187,0.18607413656057545,0.3531109422945206,0.4159961975438768,0.41562138372800156,0.23802574069067392,0.1612915443996194,0.3339561955922687,0.48626347658127217,-0.0624750135122605,0.5125798251668121,0.10638626590082252,-0.10683536447921071,0.034518836423012414,-0.03938942530620063,-0.12260569375424812,-0.18322511917125098,0.015436855781549796,-0.281295245260828,0.2704362795600388,0.06067716777627208
0.31485052423452203,0.23667945928705295,0.8723976395647423,0.3009259955972458,0.1821342228577228,0.6539369655676119,0.3869085551370438,0.5238171157263312,0.4281683921992488,0.3678529813365435,0.49347583120731464,0.3856456020242646,0.3800082521310968,0.3857202630919795,0.31794620001956186,0.47563672060972856,1.1234342286072745,0.5389459567741517,0.48844723271150015,0.6250724451786469,0.39497495905974667,0.4638179399616789,0.37391319122619165,0.36820784311832,0.35371477229768195,0.26646992297004374,0.35148595420322215,0.2931130839199394,0.6211365711944766,0.6451872758794328,0.40881016670151943,0.31238177364035685,0.33853247205734166,0.37910299505050826,0.2685707412401493,0.554777618833236,0.7978896078438262,0.414533843154103,0.43640714440696793,0.17296452418381325,0.43269916262525926,0.3860328989588077,0.44427630441295896,0.2531857533866335,0.2246433260521885,0.4882552362276928,0.6530052611184773,-0.08778370243425378,0.4692493129713493,0.15772365044058573,0.0036361250369730345,-0.46935555672165086,0.03733442246438491,-0.259586791407806,-0.1096698350345627,-0.008039236326258544,-0.2411527732579099,0.18755883140257157,0.09892107239050311
0.7689598306631951,0.31872834626442464,0.8154933082990063,0.46197954296723565,0.3814418307031216,0.48995612389770526,0.35746712687622334,0.5134320313505432,0.42372042375097463,0.3773722726582652,0.4349174914117937,0.31128276466633586,0.46544567571017426,0.3265367743821281,0.32921439186943785,0.3816501837659369,0.5389459567741517,1.138462771640045,0.3749043246662711,0.4070684351318761,0.3420606632378125,0.4107096870601661,0.6090332561185683,0.22951898733171627,0.342752772412001,0.33172360750637825,0.2984139558406593,0.1762733434052698,0.584861611860625,0.3315884329346799,0.5087037057150325,0.30839029652284045,0.09654690251234506,0.411209700749796,0.20424044473637554,0.5898869153936026,0.622288644551441,0.26386647999761537,0.3556604883192243,0.08311445362061429,0.4037435720956769,0.2539441584382933,0.35921651879039024,0.22670509332274455,0.09537377109231335,0.5089009225814558,0.5956123698757935,-0.07263040040649082,0.2474968349368692,0.0248041890895611,0.2413633217786582,-0.31682346786304455,-0.14335115095154438,-0.30070026352224566,-0.03112099617197097,-0.013148762249944997,-0.21333754463158253,0.09699186725801921,0.05667421965022843
0.3909252491540755,0.014348001823663583,1.3250523980816278,-0.04359489188136771,0.04520743231939018,0.5635654925128013,0.3822179021546525,0.4411056590262864,0.4570477280185819,0.3047562352210832,0.3999241036309971,0.34235543055348044,0.4800932181951291,0.4071447672260542,0.06170989437144935,0.3832814330341931,0.48844723271150015,0.3749043246662711,2.32327334384046,0.42582638685784285,0.33525798441327204,0.49809686039952455,0.20490379798834474,0.2841677195909039,0.3538148193401378,0.347883610271877,0.3412136547243571,0.2893641114134761,0.6110959973675373,0.398297061603094,0.3219087784153062,0.37245533503880307,0.2842359382093785,0.20615082503354248,0.01616589775326765,0.6264248337013268,0.2227635335807632,0.4176837176334748,0.17247050964172697,0.12970383878396088,0.2985849501662119,0.35082173998950494,0.33428893227901807,0.023348429762873647,0.1809714338578359,0.4632176337669421,0.37671953995352153,-0.10752823857688538,-0.22257316440095634,0.5996915458703688,-0.1286321253496111,0.16576570429646836,-0.40431328395443644,-0.1924509247574589,-0.0990897542059935,0.013960834506601705,-0.09882927635706434,0.21049675414377508,-0.11007821160756127
0.5015225343020608,0.38591221723618585,0.9359499339545256,0.31685928267914804,0.2193786935170483,0.6679713027290026,0.3825098029351687,0.534584615314928,0.41421705783907636,0.4064077340665225,0.5159678267662196,0.4196329489220693,0.44422829262121,0.3614263326864279,0.3623942129064148,0.4393845821093918,0.6250724451786469,0.4070684351318761,0.42582638685784285,1.696323632689877,0.2761977648360193,0.3485642069071909,0.40258377569077913,0.4623496955204448,0.12587676066178827,0.5614646703328429,0.46147070874849283,0.2786349471022424,0.7717681215588683,0.8828287539972275,0.4107389369091466,0.39060561229041785,0.1381969910787594,0.5831291157306425,0.6219806271843829,0.6218524071003741,0.8632430741147789,0.6010280833161922,0.4732980057970442,0.42504732905301984,0.6443384550363213,0.712534670983009,0.5220457455904782,0.08023220879075553,0.3331696943802588,0.5866968488907387,0.7147677096081794,-0.12072513737375053,0.8902891410690539,0.07627733373475748,-0.1141611204785596,-0.05483784306742108,0.19971207409984423,-0.26707439518596543,-0.10400006283208088,0.018470717689524404,-0.10115831504852815,0.1953089710181148,-0.12540572384765464
0.4798424892152514,0.4485274867106434,0.6305846304463969,0.265820346880872,0.25522622918195886,0.4783990145512793,0.34899764394635957,0.3270006530998017,0.35471752444456145,0.2437943018594786,0.3395486687706537,0.33661146485467747,0.31781164988223265,0.3469002820581867,0.30175979545126863,0.3411300991546604,0.39497495905974667,0.3420606632378125,0.33525798441327204,0.2761977648360193,0.6988389949003334,0.33412844292396326,0.3017110043790588,0.36652937076065795,0.2759880315770603,0.3139051885126268,0.2584541707041657,0.3245021550285868,0.3643096492349122,0.522526600596071,0.357895600835659,0.3314593576697437,0.3799833403143357,0.19589968893412196,0.24816472352664884,0.5008490570797299,0.46846240414125967,0.41629738243998665,0.5067169502487275,0.14901638254346236,0.38850157905732985,0.34557066025657457,0.3094393532704305,0.3367604866118817,0.30555964379876044,0.3389697319347204,0.4754184136173083,-0.06134880051334363,0.3628735614775219,0.09295082619643524,-0.11300457220505097,-0.0034405767489736156,-0.04179227749065329,-0.10880798017416375,-0.13670543390344284,0.018679542733923204,-0.14870662400485843,0.1669146154511214,-0.06928816683373845
0.5082782739506777,0.3579101635438731,0.8336324680784374,0.3097904024377926,0.26760304424143283,0.5860114449165252,0.4616740239458589,0.4245849497750389,0.7059175341500872,0.3456122201741286,0.4010594183938917,0.39510929497837377,0.45096302663864213,0.45064551666143793,0.18502186680925933,0.5114470113104964,0.4638179399616789,0.4107096870601661,0.49809686039952455,0.3485642069071909,0.33412844292396326,1.094760937993802,0.35744300874874474,0.3726074311465914,0.06479961523546089,0.33838612499434745,0.3397273042662922,0.2651764751040664,0.432879323626042,0.5818596929596552,0.3388644795988147,0.43366106952830014,0.24895754631846334,0.30351366793426277,0.337654574911775,0.40085134708477904,0.5007992909691223,0.4469974128713504,0.5598305896657455,0.15423839866780903,0.37180775533495003,0.30623826866171494,0.469747800797347,0.3886548257964236,0.1290515722573493,0.31005049999349116,0.5138196769145993,-0.040333915135441,0.8173011459000095,0.19718891072637493,-0.12049760352344144,-0.1710695717362854,-0.006805989347952386,-0.14786512373008803,-0.10645090017337808,0.0768054469078534,-0.1837283409375749,0.18231988942320254,-0.11884945238080355
0.49333977109635707,-0.1290289971440464,0.6189137290250855,0.3605512259976802,0.3194391688683135,0.30494819999659495,0.38402817223037355,0.38125775989883737,0.42216780934732373,0.3251386429653353,0.36511879453970963,0.29584227915678846,0.47788542394310096,0.3507972754470316,0.25270909067746,0.31318185139932936,0.37391319122619165,0.6090332561185683,0.20490379798834474,0.40258377569077913,0.3017110043790588,0.35744300874874474,1.644666387180538,0.5718499119825157,0.05199875611838065,0.08123184942330401,0.235215090096701,0.05087349823774154,0.5532567531423217,0.8636952369424189,-0.044318195214374044,0.30345820653595595,0.4508838543381755,0.4384034371322727,0.1866799482910838,0.670780490168991,0.5401724989051911,0.3506424229973245,0.35947991265118495,-0.06649795141774248,0.5191223910160929,0.19962629197683004,0.34797880263826636,0.7207107850866121,-0.38265863333927574,0.49314487771198623,0.6600392902874709,-0.14665391461988905,0.9690094720390915,-0.4536882359068543,-0.06525169146545132,-0.3455544238468199,0.32879708080308834,-0.11958422362573973,-0.13719213210239284,-0.03244215753280101,-0.11271594088437065,0.183056442603714,-0.06531505207216814
0.24629258911604887,0.25556553575328106,0.5726097792982874,0.21853990031456302,0.2078070062379604,0.3621653787314632,0.34253060187448264,0.3057069986293186,0.3916761581800324,0.2692976884180676,0.32467135540852726,0.30772171698474154,0.3652512666903397,0.3480038575088411,0.2525832758455657,0.3344573208285103,0.36820784311832,0.22951898733171627,0.2841677195909039,0.4623496955204448,0.36652937076065795,0.3726074311465914,0.5718499119825157,0.7557181461993759,0.16998114497209554,0.20723938757201654,0.275380142622696,0.3747859409967224,0.3325690311407859,0.9958866373466538,0.25918664152720683,0.37356675229658853,0.6903709254533058,0.3295697506106206,0.38871022086337176,0.5626759459380751,0.7168146386430204,0.6393070654537666,0.4151915652081871,0.15511755739262514,0.4037571539134302,0.43720765044054527,0.5121040915280106,0.5806340703167745,0.2139774708689345,0.43251690540718396,0.6106807767819877,-0.1186936533038043,0.8404612276851856,-0.18561166408014357,-0.2332716170947125,-0.2348210722549166,0.3098526669537349,-0.07970261530768381,-0.2250961065447424,-0.0007629814965736739,0.04045100475884699,0.28857211350695366,-0.28970963694442176
1.054912274204176,0.5307637538630648,0.5382566283528609,0.3172603904480002,0.37112132952613,0.5002547512469857,0.30298743984669463,0.3507209392523029,0.04949370236547378,0.25458312239426606,0.30089130235729644,0.323531533362691,0.38102731876092133,0.31398199923281206,0.2887829307929098,0.2960375254685568,0.35371477229768195,0.342752772412001,0.3538148193401378,0.12587676066178827,0.2759880315770603,0.06479961523546089,0.05199875611838065,0.16998114497209554,2.861117512929391,0.31412006975570633,0.32547360117865354,0.114588147000974,0.7264771024978737,-0.014900186744123294,0.4006725872708866,0.27827902254061754,0.10548337704364753,0.39749157970874543,0.07596657725304473,0.6172521542281524,-0.016660258304253526,0.3692547030289676,0.05300001484235078,0.06247927162618414,-0.11103119823541928,0.16000926737144897,0.2880082962815554,-0.06504574491919031,0.35222399150850503,0.5301926802509609,0.20876667082020794,-0.1488829659299941,-0.8574812962819313,0.1420972194314958,0.016229043118108914,0.580421237140571,-0.03433629294717529,-0.10159236016400468,-0.0071678595399200925,-0.01385257214385327,-0.08914729047100912,0.01987090411182874,0.011325019271083632
0.37390888390237376,0.44555112180411643,0.5737697563847834,0.27668833815520716,0.3236421038819461,0.6493928823012091,0.31839723343187765,0.4129072017412175,0.3095060255289335,0.21806912194682423,0.3364544166739265,0.3542563477125572,0.3506677158632237,0.3587793814961795,0.2678228348080913,0.37236292213444194,0.26646992297004374,0.33172360750637825,0.347883610271877,0.5614646703328429,0.3139051885126268,0.33838612499434745,0.08123184942330401,0.20723938757201654,0.31412006975570633,1.8914262664674593,0.31772355999643864,0.24464773923636,0.4139792220361634,-0.45359272388841154,0.3586922266391312,0.582065586894129,-0.0044347433576995,0.4371466157541681,0.2558533973238711,0.5942739534506715,-0.4088748902862317,0.12926270100337123,-0.02409933220332555,0.3326327638044568,0.1285119461586624,0.681874998438629,0.05733523681914391,-0.3010177898699952,0.03182400207250424,0.23220058772715596,0.0951632894474271,-0.0847980119742429,0.224334513998685,0.264660601648218,-0.2852570318450717,-0.14872013706265413,-0.2874459389670707,-0.059500376431122465,-0.271577690323086,-0.019759919706642502,-0.1440119483730433,0.28612605269204594,-0.12068393743275936
0.4606974740345532,0.34103038279990294,0.6631226879630553,0.27221416642302665,0.2425242440736011,0.4702906744970275,0.3279678593531733,0.38253351274350383,0.3219249074401752,0.2876417636449261,0.3566531749193854,0.38641714946951966,0.40922147505694845,0.3073766381636771,0.2226783332475069,0.36487425850691096,0.35148595420322215,0.2984139558406593,0.3412136547243571,0.46147070874849283,0.2584541707041657,0.3397273042662922,0.235215090096701,0.275380142622696,0.32547360117865354,0.31772355999643864,0.7777015328446752,0.20160832262223669,0.4206338936816755,0.39428780825483906,0.2970815034783488,0.3524243889200579,0.18499248608876476,0.31083902867853813,0.25370019285512374,0.5880413514312127,0.32448273547334566,0.3215716358981111,0.19554490524838494,0.20134209659661448,0.25253244583104717,0.3884841578451985,0.39346403483567877,0.04396030793751965,0.16167263236986412,0.3933958278094091,0.33902994921408336,-0.07143856964152222,0.34166504911121987,0.17076214177538435,-0.12662372473645594,0.21498848808576188,0.017886529505727607,-0.12317987968952132,-0.05667853956475722,0.010835460385429506,-0.04268874283284418,0.09444403711153496,-0.07263580178596539
0.15790885174885852,0.3601633590370548,0.36928591273981837,0.16570043897003453,0.13737720446431292,0.2531773357344169,0.21182652154002876,0.14731109106102097,0.29202110191609937,0.1531508762318416,0.19654345025517422,0.11941971190523092,0.17763393869779673,0.2703135507014122,0.22251339094309172,0.25077368396704,0.2931130839199394,0.1762733434052698,0.2893641114134761,0.2786349471022424,0.3245021550285868,0.2651764751040664,0.05087349823774154,0.3747859409967224,0.114588147000974,0.24464773923636,0.20160832262223669,1.2558122602409174,0.0927409230175576,0.697107855342639,0.33639966230218155,0.1541294384434985,0.5160595033389903,0.1545186353166142,0.8156711719498734,0.3223867499282179,0.6688383741481033,0.6174043779351692,0.2606000709124888,0.1977994655957205,0.38278496538444745,0.30437725405543686,0.47738775336724465,0.5612484499887817,0.5114457049085748,0.19960588654564568,0.39959460094898,-0.07641554673709361,0.31114032478001424,-0.012943620727746994,-0.19420636198536845,0.5462248432786403,-0.7281904748295999,0.08707363463805488,-0.1584715613933186,0.042285502641218754,-0.10916414186883118,0.20939156849554233,-0.06847922205078032
0.7845116832424974,0.48682010245495677,1.0523575775774725,0.3846506542069666,0.3364354353540718,0.7745967702480505,0.44475746263662586,0.6033249024696984,0.4030734640008926,0.4619606265591392,0.5780202274641921,0.4040208853449582,0.6728014826486162,0.4564891614843957,0.3137202643839059,0.4973227809416406,0.6211365711944766,0.584861611860625,0.6110959973675373,0.7717681215588683,0.3643096492349122,0.432879323626042,0.5532567531423217,0.3325690311407859,0.7264771024978737,0.4139792220361634,0.4206338936816755,0.0927409230175576,2.1620500799794033,0.5871840704365763,0.20505268845241595,0.454279121235955,0.05566881232889672,0.7170703323580703,0.2584779848110622,1.0728596185034573,0.06547846510464633,0.09529492782914767,-0.021089467727082128,0.2583137503488101,0.25137143205265955,0.44276397269025364,0.2744517022420482,-0.40424932373647665,-0.23810050352757015,0.6328885185246078,0.5883861411040149,-0.21708121886258908,0.5829532136588536,0.3562158006534435,-0.24860895351923937,-0.16939956847503335,-0.10426788281876787,-0.24725566085069398,-0.06122536560219803,0.017612007550324393,-0.2399186025795474,0.049501031510547286,0.1412496971192822
0.42522303335160844,0.43842031874350573,0.9920689137473492,0.2688479846079861,0.07097298488190014,0.39187603437124047,0.442908867451571,0.5053842505432222,0.6450594488471011,0.5631539477913323,0.49307090800574865,0.3467106414531107,0.49640515900635235,0.5613249797517086,0.4490958366513508,0.5112414543413722,0.6451872758794328,0.3315884329346799,0.398297061603094,0.8828287539972275,0.522526600596071,0.5818596929596552,0.8636952369424189,0.9958866373466538,-0.014900186744123294,-0.45359272388841154,0.39428780825483906,0.697107855342639,0.5871840704365763,3.999639670433396,0.382643492861708,0.25464171325560464,0.5300653925937796,0.15378504710320126,1.6678116119267916,0.5112993789891708,1.6091578831360298,1.144849039085982,1.0860833381312123,0.4682754585762626,1.605150598776029,0.6250605811944834,1.4475069503789524,1.5312400612413843,0.43053560887138537,0.7072868931628512,1.5563921988037857,-0.20063668164020484,2.008969407312038,-0.5592132018472424,-0.19674855963780907,-0.9139392715246437,0.9417621063192132,-0.19988829044760692,-0.23604943737942613,0.03110882561245812,-0.16931575942961496,0.830289598572326,-0.4932223798001097
0.5170195820227598,0.4509885221117789,0.6098985088352852,0.270219163298837,0.24530532929008275,0.43335573094234503,0.28296555306083343,0.3392127730782776,0.35676177081977944,0.2655999573801342,0.3110493319893677,0.2845488893588101,0.2752710351864923,0.2721502754970255,0.2671556418886224,0.30826598630199475,0.40881016670151943,0.5087037057150325,0.3219087784153062,0.4107389369091466,0.357895600835659,0.3388644795988147,-0.044318195214374044,0.25918664152720683,0.4006725872708866,0.3586922266391312,0.2970815034783488,0.33639966230218155,0.20505268845241595,0.382643492861708,1.0579619327854228,0.3134023906176816,0.23488171718730397,0.19205088571566117,0.31415602668062254,0.6497237335467193,0.5567135863568439,0.4867200205678771,0.32381205134500163,0.17604916441580443,0.28500898526210133,0.3529175374165621,0.41567052398048804,0.1663422700901433,0.5363504201028736,0.46062417657987836,0.43198593088687187,-0.04787119646908917,-0.13736200308145075,0.22984116705761326,0.06040363326134548,-0.1214154084917984,-0.03633820537507498,-0.23646936316459288,-0.04601195872285705,0.03134568309079386,-0.013688103314784837,0.07824569369441352,-0.15294273055559177
0.42257813453336535,0.29731397615170296,0.6030937259878597,0.2596523781620138,0.27025926164483277,0.5197776686306724,0.3718711196831787,0.349806853272387,0.35094073262134035,0.25619662125474124,0.34737734043983887,0.4166396470686486,0.4347639744994675,0.3394446410201035,0.16702580084939062,0.3773697178096513,0.31238177364035685,0.30839029652284045,0.37245533503880307,0.39060561229041785,0.3314593576697437,0.43366106952830014,0.30345820653595595,0.37356675229658853,0.27827902254061754,0.582065586894129,0.3524243889200579,0.1541294384434985,0.454279121235955,0.25464171325560464,0.3134023906176816,0.7438241694646297,0.17689130992357333,0.30670920121666706,0.1213447358452835,0.6055203721150942,0.04944543310177878,0.27828621813932497,0.16614637214337136,0.167393210445136,0.23298915445784002,0.42129113244706523,0.16725429949726525,0.09520740263379597,0.08191331762020741,0.39651265404921204,0.36668503638329836,-0.10711221676742994,0.4342248130998668,0.07482397298357452,-0.11189982740765529,0.02978512740213385,-0.017377414610296685,-0.09993499370952853,-0.12786295475079604,-0.03878998235130024,0.3621767811805809,0.09448218916777375,-0.45062431038042555
0.12817218398096744,0.22340570106670996,0.38747430300699803,0.08581923488297778,0.18516558162882904,0.12082439530813227,0.28710157929410535,0.14431433027601046,0.35110052974731887,0.0825460184624177,0.2093532732485998,0.21781037103325487,0.23272151134678612,0.22087574736943885,0.1858011469393644,0.19911485690653208,0.33853247205734166,0.09654690251234506,0.2842359382093785,0.1381969910787594,0.3799833403143357,0.24895754631846334,0.4508838543381755,0.6903709254533058,0.10548337704364753,-0.0044347433576995,0.18499248608876476,0.5160595033389903,0.05566881232889672,0.5300653925937796,0.23488171718730397,0.17689130992357333,1.9634050541057413,-0.09444222416276782,-0.5555745484229445,0.36118784132424936,0.8216963436938113,0.6030284040326656,0.29529205181739887,-0.2033802392221572,-0.08071348201715392,0.36723060791659845,0.1804212371935444,0.5701987671637868,0.049576978117591694,0.32644679822136763,0.4527339367240258,-0.13934867434430417,0.8646078574164551,-0.44362267590495363,-0.3987966491564176,-0.18610683313204449,0.3166095837343838,0.0332286658899215,-0.29099583163956727,-0.03500411762534309,-0.07765987223611398,0.29892841430884665,-0.2007810518352094
0.18896129613712362,0.19879407186581322,0.5591481410918454,0.3328558628218252,0.37445792490088287,0.46933624231374566,0.30084668036855655,0.395346491031408,0.2462033888326966,0.369748748988686,0.3712831143824217,0.2698040122249472,0.4442500239158704,0.32027632141670637,0.24967759041357568,0.3578027201229419,0.37910299505050826,0.411209700749796,0.20615082503354248,0.5831291157306425,0.19589968893412196,0.30351366793426277,0.4384034371322727,0.3295697506106206,0.39749157970874543,0.4371466157541681,0.31083902867853813,0.1545186353166142,0.7170703323580703,0.15378504710320126,0.19205088571566117,0.30670920121666706,-0.09444222416276782,1.9211317103723624,0.7660285736717471,0.5095796597477347,0.6767727990992364,0.43287506639297707,-0.38064089920337585,0.13375265778823311,0.1555204869789206,0.46164985362877076,0.5973381860526686,0.15085071026852467,-0.09571554761533191,0.38407688631725106,0.5139255267972331,-0.07743464899358733,0.2907492192850126,-0.04851865339021049,-0.09518228685395083,-0.3644198115760186,0.29437410125632396,-0.18155372843454082,-0.1206403317426252,-0.004048088599402606,-0.21408400502222863,0.04270220504103148,0.26394438944813786
