0.6183333932662027,0.13983672063165203,0.3267928202254716,0.05331358276675833,0.11802832022327234,0.07737915903052861,0.19536936712716607,-0.006312807800954969,0.0766106578057014,0.10927395263449796,0.06993538604004787,0.12018317387331724,0.02911774039374007,0.09129150082302938,0.10797900531729253,0.049837592201237214,0.027404066175111996,0.08929680108104902,0.08492492348702799,0.0838713496521614,0.06437359397466605,0.11355418116920214,0.06189605673169882,0.04840084190909197,0.0778093402851026,0.08081611086879989,0.06579372522664077,0.04593944797913316,0.057128034282114964,0.03668498953214503,0.07061022522306556,0.07330947094710806,0.0534934194332132,-0.06450395900734952,0.03223519443179845,0.11173909429329361,0.03788835842063334,0.057209731249338404,0.006706310654543324,0.013023092233657848,0.0522219890521949,0.0565844643534841,0.03199660814612389,0.028172218275482525,0.09753864388568761,0.12569624431066467,0.08323469013549811,-0.015368724078562272,0.15342390039987305
0.13983672063165203,2.0832870752404284,0.7075502633147736,0.008276638020652188,-0.02144571950104459,0.2899129192137836,0.10375713356815874,0.2734919370391746,0.10639514817727852,0.2209848308046326,0.15185900771394648,0.20552998275799506,0.053172069499327845,0.01580844904164804,0.21651783955119153,0.15026129388081233,0.11987184594030602,0.424347470895678,0.07647331126770894,0.35234499648998513,0.24681006184551094,0.1272761159562576,0.05914064955690745,0.08918653114137651,0.21730383498989772,0.02494182010964498,0.28160210315437406,0.1613303629894925,0.19453229175929448,0.13894673992662065,0.2777712780927972,0.045167858140525666,0.03894854346606246,0.1588415933901501,0.2230321321728743,0.3023672513726248,0.24337090985207993,0.19136201929650493,0.17663299658216108,0.11884693010919385,0.18331655777817257,0.20788813852773835,0.32055387946367453,0.034585573153337185,0.359256944765959,0.3240378890557669,0.23303609704084985,-0.027520637290131607,0.050749344442200514
0.3267928202254716,0.7075502633147736,1.976829553253309,0.09587732203933408,-0.01705098671165918,0.5033413551113884,0.1877265346814492,0.4296884990021098,0.3242911765849556,0.4897968715971453,0.35390935684935226,0.3901790049140174,0.0880406475810655,0.1542154341981673,0.3549722860998912,0.12002333596661444,0.37065799356002843,0.3060880961379356,0.2553898903538146,0.3717181724204231,0.2456647772347844,0.28165241721442985,0.22286335033885232,0.1912769136149954,0.3258959319253254,0.24990808787963062,0.27023604960099085,0.1477387336378141,0.581321882376592,-0.11478100454134235,0.169848218482637,0.1742492085485168,0.08740635416364122,0.34261378708666135,0.20170699255671465,0.4897478368496145,0.37060184739398677,0.23971199231318702,0.06898012753575851,-0.011990304989256155,0.19683022529592778,0.23837797474829264,0.1273064396197455,0.08469486768129621,0.3377510774458718,0.496445040018296,0.42346029949114533,-0.05319097670451377,0.44575907305311324
0.05331358276675833,0.008276638020652188,0.09587732203933408,0.6847408221822846,0.37810064464466864,0.19270801620240416,0.26689247457183646,0.1066230473491929,0.11951278101764765,0.03724836618304424,0.09310592158526343,0.14110762309054697,0.060141062988804325,0.1574195586371099,0.08311028328680249,0.17737173944453088,0.09595407030268338,0.07863961208236568,0.18890613203332596,0.13487425599106723,0.07325017345224348,0.08415346191428275,0.05957910327927819,0.10002232488885335,0.11812924693296631,0.11251637289716528,0.0956830812181876,0.05244039066476873,0.1347180340939396,0.06384925627880056,0.07629074162366259,0.15462702537929934,0.0037839979388565063,0.20452908091187025,0.10092599389383008,0.12695850499273678,0.14145916991818683,0.08610003083300091,0.07491573868838304,0.03782347806808234,0.09336555166887342,0.08150073395435589,0.09732373237463404,0.05630878330128071,0.058187744778941626,0.104136690067186,0.11032505193603366,-0.00630984937890869,0.11380879899824474
0.11802832022327234,-0.02144571950104459,-0.01705098671165918,0.37810064464466864,1.0079589888827014,-0.07748932057424562,0.2554352139585798,0.0609446013770782,0.10138235946264564,0.02657931315971834,0.036985513408437934,0.10971712277146169,0.05659273773869781,0.11662006341505457,0.09103177622234697,0.20063953357797878,0.03902245414999334,0.06658884149995276,0.311675122432658,0.09798840331543984,0.06893200902168005,0.07229782342079599,0.036555038453079634,0.0866595920724539,0.09034429895537455,0.08224455927858244,0.07366579244103391,0.06538567432049862,0.05074347493063964,0.107149894956557,0.12976025840551914,0.10661858033333144,0.011098843530401789,0.2567242105039407,0.12492650696897974,0.12825762355094816,0.30472166975298304,0.07490285136095691,0.07623802810054153,0.041821756156072504,0.17005907235985057,0.10301583908671617,0.08124242657475828,0.04480020797944008,0.04900642256486406,0.10689760405614121,0.15128130073239895,-0.0012927442808165878,0.1907786850766463
0.07737915903052861,0.2899129192137836,0.5033413551113884,0.19270801620240416,-0.07748932057424562,1.1183765107518437,0.11801107930999691,0.23308625600267394,0.14561623938751278,0.03921576296253427,0.218917926013563,0.1613453659732825,0.07940929706014484,0.1270724989889409,0.16346860911164396,0.2089070529935042,0.20193596481452228,0.14659586079617298,0.37535833146252573,0.2651718016124066,0.1400688362620353,0.19194463064228937,0.1082840772203803,0.1086595460012655,0.23116186690343687,0.27219492541419726,0.1732435710945111,0.051317069895743916,0.46497345742700935,0.06052688317733836,0.03229467208816391,0.1687640553639007,-0.11422458652062749,0.20312882872335675,0.15921063260692023,0.20402953443942687,0.04522065325794531,0.1403134458175058,0.14322840757317973,0.08815742071210388,-0.0009292850515314615,0.1265536512754683,0.28496780845672304,0.05190571181634115,0.2813351142311803,0.16141287735328752,-0.015587499721173459,-0.01651972894472399,-0.4788153039563213
0.19536936712716607,0.10375713356815874,0.1877265346814492,0.26689247457183646,0.2554352139585798,0.11801107930999691,0.7121327562630456,-0.018022888926508333,0.20860697157907268,0.07776601669050515,0.1048631798815859,0.22239869947972932,0.05656075353653751,0.02422606436060121,0.04611952018508471,0.12297105253431427,0.03206932014970122,0.12456281780978272,0.13600031699974924,0.10465694084095654,0.06622868542665862,0.11999630252749043,0.0586341169461725,0.0715781306237264,0.10216448771298688,0.09349820252745804,0.09694185608690513,0.05036653008603296,0.08144825370426366,0.038081529301927326,0.06459506468238181,0.0794279624230081,0.0021140925870639835,0.19025810445703667,0.09411540417777181,0.15133676942043553,0.1248287050369388,0.06854120990056427,0.050408154932624176,0.01996851908176247,0.06647590801362338,0.07208929056831884,0.09806434071098886,0.048751705820910485,0.04017132986781205,0.08381580794629083,0.025751469194952508,-0.008408688025537792,0.01831973935763351
-0.006312807800954969,0.2734919370391746,0.4296884990021098,0.1066230473491929,0.0609446013770782,0.23308625600267394,-0.018022888926508333,0.9738920302568457,0.039468513193054354,0.12595752660575507,0.22762845048211885,0.17560832800001047,0.060084414313598865,0.19151786292315773,0.13714830911340037,0.21176370611879908,0.4604421059064337,0.14040710025712005,0.11117985809256047,0.320849877312874,0.11817297175877264,0.15836531587351277,0.1072027270357043,0.12522202554891224,0.27763762453088797,0.1506524450302819,0.19614940395029523,0.04366098424461541,0.2731399331657644,0.03888154612449966,0.08155938161747142,0.1453632318046919,0.056488727833496837,0.2258775880467413,0.07323600014489459,0.19033335119261177,0.16307951355757064,0.16444795035857848,0.16185515087969649,0.07709451534716309,0.10765399696448658,0.10250557979715277,0.22596566292864914,0.02489304099312021,0.13236439334325562,0.23186569278684016,0.28731331386361664,-0.019583985701095406,0.3245151874193306
0.0766106578057014,0.10639514817727852,0.3242911765849556,0.11951278101764765,0.10138235946264564,0.14561623938751278,0.20860697157907268,0.039468513193054354,0.8843812090107857,0.10088969219718746,0.09917002623252698,0.110655811466057,0.036654126610959396,0.1691361071157115,0.016198907070088222,0.14821363618533667,0.18352552813436945,0.11720860915259479,0.10068449456154638,0.14861979003596912,0.12337373547141167,0.049116139152683,0.025296378644063252,0.1410376878211938,0.042641098466199526,0.16582938522921364,0.10748769659031294,0.12584086111164106,0.134822671725976,0.11024433435647596,0.1746590648825509,0.1613311291121943,0.18006277586178795,0.029188879664870052,0.07274219144949057,0.1662815432540686,0.2544146316426627,0.11448470558735979,-0.03500798675089271,-0.005837703492900588,0.08947293220783949,0.11439383596344588,0.0611270331325735,0.03678526803793624,0.19087756257281493,0.17731857780138224,0.2666321037452887,-0.012788087189062608,0.7412534381686812
0.10927395263449796,0.2209848308046326,0.4897968715971453,0.03724836618304424,0.02657931315971834,0.03921576296253427,0.07776601669050515,0.12595752660575507,0.10088969219718746,0.6676000758203894,0.09434212251082945,0.14325985594914178,0.039711137341896435,0.0816855106801666,0.2530756554072846,0.06228592716352015,0.13215913563281959,0.21237778589508036,0.028029465667828463,0.03957314703144532,0.08077424765963641,0.0744417969675874,0.1543373586812396,0.0807539855545232,0.139468092181631,0.049070415965028355,0.13420925088818075,0.07127403955763312,0.2244528142143208,-0.0008782931261360267,0.1177422657438674,0.08934136734637832,-0.025635092938230766,0.29798775166691066,0.18061020922227444,0.2372884973607192,0.2635384843985188,0.05574456819626767,0.07525060026757933,0.033744335005400944,0.19039855036614772,0.08260647835552141,-0.00741300268976297,0.05481700318931198,0.04121825519884523,0.23363162069659732,0.33183959977787564,-0.020362859229840286,0.4646826601850026
0.06993538604004787,0.15185900771394648,0.35390935684935226,0.09310592158526343,0.036985513408437934,0.218917926013563,0.1048631798815859,0.22762845048211885,0.09917002623252698,0.09434212251082945,0.3654890992588079,0.1841746231663478,0.08492367778872377,0.13194853241055618,0.17702285920228752,0.1424408765201559,0.29356180829242834,0.09624830204373626,0.09069762259762998,0.2745697389921898,0.14171430006461322,0.08890144735834904,0.08585774626863737,0.1233143829532773,0.15454692132286063,0.1469846395410559,0.1558682397010015,0.07306360778805533,0.22419656793744785,0.008899564204067914,0.08074051943369874,0.13454558254757118,0.1077827804082361,0.135517670689541,0.0457264194536871,0.1683391595966312,0.1401882014190439,0.14610732797873255,0.07257930511687645,0.05115540375396129,0.09822459745354573,0.13416904862338436,0.1654263853204663,0.019410387958072567,0.12168682528265157,0.2000424391832853,0.23151470251012232,-0.014686661505511756,0.31347790379066004
0.12018317387331724,0.20552998275799506,0.3901790049140174,0.14110762309054697,0.10971712277146169,0.1613453659732825,0.22239869947972932,0.17560832800001047,0.110655811466057,0.14325985594914178,0.1841746231663478,0.6585145369962484,0.06262269639709989,0.1646249728527124,0.22708701001600273,0.1686474568261753,0.17185123065418154,0.1270743377565305,0.09591245176612116,0.24267955539422756,0.09908617352546976,0.13042173619050018,0.1486353474589199,0.11886759307964755,0.24635926203411554,0.14514884689428437,0.20703401895015067,0.020335655063565935,0.18155628837762078,-0.10039917794427089,0.0346654935246437,0.19768514989968036,0.08555573777703242,0.17673495791899635,-0.003535295065337144,0.28718073817334105,0.005972144990655732,0.13588342890388552,0.027921681215351844,0.03782698682639908,0.04307158546748194,0.09563668785277137,0.08430926967836275,0.0024985196484584426,0.0266296567708305,0.2191460027234593,0.1702349986974088,-0.03058492385568741,0.29401515970236997
0.02911774039374007,0.053172069499327845,0.0880406475810655,0.060141062988804325,0.05659273773869781,0.07940929706014484,0.05656075353653751,0.060084414313598865,0.036654126610959396,0.039711137341896435,0.08492367778872377,0.06262269639709989,0.18771037610100694,0.054198013590292284,0.03393368898642261,0.0646999852977115,0.04773786157683153,0.05529806434977472,0.060903432767418185,0.06106381935426506,0.05455799993864677,0.1355506899320322,0.04051069287166602,0.044664040612977,0.053423896890584056,0.08378772534305715,0.0572736204350952,0.031553514581077566,0.1011872709494626,0.013119531087449779,0.03197060228396132,0.05784593965807247,0.03070328032736174,0.06930682558479684,0.04821398241453083,0.05671989119198814,0.006614385575946008,0.03337339250060974,0.08389330611068987,0.035124316599999664,0.04238738716405918,0.05529575388028435,0.062063927896165605,0.023880617439054373,-0.019803034994206235,0.07502973365745258,0.06725743948476307,-0.004264059736722885,0.09930620332775297
0.09129150082302938,0.01580844904164804,0.1542154341981673,0.1574195586371099,0.11662006341505457,0.1270724989889409,0.02422606436060121,0.19151786292315773,0.1691361071157115,0.0816855106801666,0.13194853241055618,0.1646249728527124,0.054198013590292284,0.6194306257865301,0.1355677179032874,0.2579235854444882,0.23952661091769265,0.03887760556218744,0.11148676472703588,0.25138314624052016,0.11337824783542393,0.17527491018679975,0.10009749447398121,0.16866737421768088,0.1588802085732719,0.13066848639748058,0.12328230873826761,0.043296625461233626,0.12756076367997965,0.0004441762554905688,0.15837439581542745,0.4607595756996066,0.08819089757549191,0.13842509052906013,0.02768512340346469,0.14766243814277952,0.02052711759457234,0.15867185305446085,0.03324689105950102,0.05194391580283983,0.13064779425455533,0.10327268991883248,0.07171339656119623,0.01133751673031657,0.03881985740924053,0.22397709687308728,0.37904055256709146,-0.017977368491646512,0.8222037367339118
0.10797900531729253,0.21651783955119153,0.3549722860998912,0.08311028328680249,0.09103177622234697,0.16346860911164396,0.04611952018508471,0.13714830911340037,0.016198907070088222,0.2530756554072846,0.17702285920228752,0.22708701001600273,0.03393368898642261,0.1355677179032874,1.2286104659096562,-0.06718937541813558,0.12529132447885258,0.1958741791214496,0.10000094411710168,0.2399892677399946,0.22423791711668664,-0.09025455943678114,0.11215690725044473,0.1506276708864613,0.24894166616027777,0.26914239172381804,0.1615896195018859,0.16554641517765625,0.2363361514830164,0.1715070030027987,0.18480934998494888,0.11415358175847735,0.06926490494794477,0.2122970171147004,0.19826633053271422,0.30238510006799935,0.3921422097854454,0.129917487628555,0.17645965317167261,0.11266635478432617,0.21302278081750742,0.27060208920413686,0.2726681100646566,0.03609895846930178,0.41512907906184315,0.2828244092745677,0.27455673297402755,-0.020395423213396182,0.20073888667465994
0.049837592201237214,0.15026129388081233,0.12002333596661444,0.17737173944453088,0.20063953357797878,0.2089070529935042,0.12297105253431427,0.21176370611879908,0.14821363618533667,0.06228592716352015,0.1424408765201559,0.1686474568261753,0.0646999852977115,0.2579235854444882,-0.06718937541813558,1.0513821840801907,0.2426427279369409,0.09356494687545251,0.17215673210892393,0.30726667107955896,0.09470498481799274,0.21962169721118846,0.061686066425785537,0.15338155523456382,0.23095468200099267,0.1235318022579732,0.1940246871690477,0.1221719685119103,0.3341389609186897,0.14682482986532225,0.08176740187765454,0.17288670844039933,0.016094776914892993,0.2243735421925432,0.25776325441243325,0.18288038432309595,0.20549204847372246,0.17332181893171403,0.17294104748767475,0.1571696069298813,0.1877234689744527,0.08560169777963704,0.2945326042555083,0.023291413952168594,0.11166759054291547,0.1912249363374931,0.2568142299615502,-0.009717813577163434,0.40913320418697596
0.027404066175111996,0.11987184594030602,0.37065799356002843,0.09595407030268338,0.03902245414999334,0.20193596481452228,0.03206932014970122,0.4604421059064337,0.18352552813436945,0.13215913563281959,0.29356180829242834,0.17185123065418154,0.04773786157683153,0.23952661091769265,0.12529132447885258,0.2426427279369409,1.2070731430359058,-0.0016650958677266179,0.1097940801070532,0.5245977340348115,0.24817848622556757,0.0005627793358675491,0.1477104503926035,0.2415230593143483,0.30179746439778143,-0.0628848783202802,0.27202837354571563,0.16840671660901535,0.2982732929080373,0.12121979462457572,0.12139927536598258,0.17526214972781007,0.38466922950929283,0.17146497041441683,-0.03645727998569558,0.27858511600972113,0.5054602694480712,0.3001810520607402,-0.08276573268863707,0.027395572671781266,0.2587439171696693,0.20744538588798409,0.27731765500724737,0.03374785294898664,0.19498680116419848,0.3833636978500059,0.647541914014845,-0.02180019976473651,1.101433001875745
0.08929680108104902,0.424347470895678,0.3060880961379356,0.07863961208236568,0.06658884149995276,0.14659586079617298,0.12456281780978272,0.14040710025712005,0.11720860915259479,0.21237778589508036,0.09624830204373626,0.1270743377565305,0.05529806434977472,0.03887760556218744,0.1958741791214496,0.09356494687545251,-0.0016650958677266179,0.6948228696168467,0.05620452480290444,0.06302236898548895,0.13859358758760051,0.12983026761134178,0.40210593321140836,0.08765483200999032,0.1635618299539714,0.21950795034191659,-0.017724490821217156,0.0284114142365739,0.11316813222938982,0.08292652246947872,0.1719522135129346,0.02262211543936525,-0.07373737452987277,0.19605008871820495,0.12524757598716094,0.3217928789944996,0.13059965701963702,0.050984481620494904,0.1638742641923865,0.10291366939709508,0.09886373696564299,0.10768331673054053,0.39664278009372533,0.07102804303400287,0.2867539673915328,0.18891272540844475,0.14599691561659237,-0.027702663013285642,0.15172167027861277
0.08492492348702799,0.07647331126770894,0.2553898903538146,0.18890613203332596,0.311675122432658,0.37535833146252573,0.13600031699974924,0.11117985809256047,0.10068449456154638,0.028029465667828463,0.09069762259762998,0.09591245176612116,0.060903432767418185,0.11148676472703588,0.10000094411710168,0.17215673210892393,0.1097940801070532,0.05620452480290444,0.6061953022478983,0.14241347278686398,0.10447747259772566,0.1951540860508626,0.035756744797261666,0.08923236272648111,0.1314862673696583,0.10620610855494911,0.09018749670969722,0.06462008300803694,0.21450483330895964,0.12730848992464194,0.07701171068389213,0.11321628914454569,0.00038602276174415405,0.14581972708349467,0.10011416558900785,0.14435051813264546,0.1654708915993588,0.09414718887587087,0.09502301471733021,0.057243314774941705,0.10829314307776598,0.10513167360434449,0.16274643071554384,0.03380099053321101,0.14945817843685041,0.1385830017479083,0.07509339552442211,-0.009124762388547647,-0.12510282369136427
0.0838713496521614,0.35234499648998513,0.3717181724204231,0.13487425599106723,0.09798840331543984,0.2651718016124066,0.10465694084095654,0.320849877312874,0.14861979003596912,0.03957314703144532,0.2745697389921898,0.24267955539422756,0.06106381935426506,0.25138314624052016,0.2399892677399946,0.30726667107955896,0.5245977340348115,0.06302236898548895,0.14241347278686398,1.2854110488966546,0.09921698888031998,0.08582165124577137,0.2539554887979715,0.24420250880090497,0.2519658956249435,0.26722945615528076,0.37048050848515274,0.13452106079855888,0.1793362553901012,0.3796248869579152,-0.021698030483444708,0.2212461546026366,0.1966834958041734,0.23285198004355287,0.012075735223178171,0.26471679900084394,0.6029669395548822,0.5604765541645436,0.058484607060565415,0.09123761296026547,0.2208022954800215,0.06519960927155004,0.880880534393154,0.09146617236984154,0.3513411607896326,0.30359159850080736,0.35828589587738974,-0.02223681525548569,0.5088300417612267
0.06437359397466605,0.24681006184551094,0.2456647772347844,0.07325017345224348,0.06893200902168005,0.1400688362620353,0.06622868542665862,0.11817297175877264,0.12337373547141167,0.08077424765963641,0.14171430006461322,0.09908617352546976,0.05455799993864677,0.11337824783542393,0.22423791711668664,0.09470498481799274,0.24817848622556757,0.13859358758760051,0.10447747259772566,0.09921698888031998,0.4717578596209712,0.05291020848040409,0.09682015842335752,0.14406681933394277,0.1511036521505028,0.053598229939444776,0.09436533565875961,0.17318452311538318,0.15457037694345446,0.20325068034536622,0.25071023947135873,0.0752583770038839,0.20926158430431704,0.012297918620266366,0.08807618380949325,0.28170588051242335,0.2912518798788064,0.1032243574918362,0.13943917452347074,0.15539621629091235,0.23839022396426057,0.46750571453828743,0.32336151509202016,0.010036957605386402,0.617616411914546,0.32103184481515495,0.45095285022913817,-0.018228076575151134,0.5656776157734563
0.11355418116920214,0.1272761159562576,0.28165241721442985,0.08415346191428275,0.07229782342079599,0.19194463064228937,0.11999630252749043,0.15836531587351277,0.049116139152683,0.0744417969675874,0.08890144735834904,0.13042173619050018,0.1355506899320322,0.17527491018679975,-0.09025455943678114,0.21962169721118846,0.0005627793358675491,0.12983026761134178,0.1951540860508626,0.08582165124577137,0.05291020848040409,2.509907777747753,0.3614302426570176,0.02153622849881636,0.20186225930482513,0.12316974683891478,0.10900896766061578,-0.17224355999981927,-0.4261104739747126,-0.40448678036487506,-0.06055811148905608,0.15961695375397286,-0.10324773681232997,0.08250386027513124,-0.18050537129424946,-0.05747454800059681,-0.13274087565314113,0.002396882223795039,0.11170553941955945,0.05359210088215007,-0.036338593574703856,0.09149476822786794,0.10922285313457952,0.08813335940640984,-0.1756739250230995,-0.029979824028623762,0.0885402781788687,0.0006064836717334829,0.5656351044452714
0.06189605673169882,0.05914064955690745,0.22286335033885232,0.05957910327927819,0.036555038453079634,0.1082840772203803,0.0586341169461725,0.1072027270357043,0.025296378644063252,0.1543373586812396,0.08585774626863737,0.1486353474589199,0.04051069287166602,0.10009749447398121,0.11215690725044473,0.061686066425785537,0.1477104503926035,0.40210593321140836,0.035756744797261666,0.2539554887979715,0.09682015842335752,0.3614302426570176,1.451246011559861,0.18952487200421866,0.29848666788151174,0.12803860158220887,0.1122977940206802,-0.20202901268006565,0.3677304889925549,0.19965693339905627,-0.346793315903519,0.08224888228472188,0.0323032538331997,0.34022052605568315,-0.29441911011676664,0.6909236133999197,0.23013391850868262,0.10024594181719376,0.030898290189245677,-0.035338486788016245,0.1277307607562349,0.04291225348435444,0.4923011579065251,0.2550957568707243,-0.1218655190077329,0.2248007687122678,0.14660181413271586,-0.06906620492505172,0.6388726955093718
0.04840084190909197,0.08918653114137651,0.1912769136149954,0.10002232488885335,0.0866595920724539,0.1086595460012655,0.0715781306237264,0.12522202554891224,0.1410376878211938,0.0807539855545232,0.1233143829532773,0.11886759307964755,0.044664040612977,0.16866737421768088,0.1506276708864613,0.15338155523456382,0.2415230593143483,0.08765483200999032,0.08923236272648111,0.24420250880090497,0.14406681933394277,0.02153622849881636,0.18952487200421866,0.478208126523724,0.1780482351536945,-0.006732758041447648,0.17159488404572526,0.1860628778253355,0.1356749994205155,0.42639641341441775,0.06940320402144891,0.2222769179210831,0.3644661552396663,0.07435208018320416,0.03946791407592837,0.31037447948304264,0.3401522430598261,0.17024045397160506,0.049009910987329056,0.015762708172577196,0.20577856351559515,0.14332448590670394,0.18781421552650823,0.08748095491107688,0.0851476825443179,0.2716580421222323,0.2735838830797703,-0.02256646085443387,0.5563825755467338
0.0778093402851026,0.21730383498989772,0.3258959319253254,0.11812924693296631,0.09034429895537455,0.23116186690343687,0.10216448771298688,0.27763762453088797,0.042641098466199526,0.139468092181631,0.15454692132286063,0.24635926203411554,0.053423896890584056,0.1588802085732719,0.24894166616027777,0.23095468200099267,0.30179746439778143,0.1635618299539714,0.1314862673696583,0.2519658956249435,0.1511036521505028,0.20186225930482513,0.29848666788151174,0.1780482351536945,0.9928607684697608,0.11036269919170345,0.18120603916078826,0.06269778637939241,0.40120990907397697,0.12221940321818554,0.03968904999285897,0.14417476555923808,0.06422317648682999,0.3208227145962592,0.09896547817128286,0.3363168796583977,0.25553314150033735,0.15256428200256797,0.18216012896764774,0.10147980879791522,0.1422281031190449,0.13999504156840048,0.2853734737835033,0.040481737507299484,0.14575683429579453,0.34884517793564673,0.2839554190480645,-0.03809201555669318,0.3027602554203519
0.08081611086879989,0.02494182010964498,0.24990808787963062,0.11251637289716528,0.08224455927858244,0.27219492541419726,0.09349820252745804,0.1506524450302819,0.16582938522921364,0.049070415965028355,0.1469846395410559,0.14514884689428437,0.08378772534305715,0.13066848639748058,0.26914239172381804,0.1235318022579732,-0.0628848783202802,0.21950795034191659,0.10620610855494911,0.26722945615528076,0.053598229939444776,0.12316974683891478,0.12803860158220887,-0.006732758041447648,0.11036269919170345,1.7525174602088438,0.19369981176157983,0.05283607255547497,0.43804617913180577,-0.316018605675311,-0.19652057397677494,0.10754315080133663,-0.003953431030443813,0.05173751530078439,0.0829233109720208,0.1669725352734709,-0.09898859246893582,0.07455900204193944,0.048293720885124736,0.09909506842998606,-0.3200565087053846,0.1505838032295498,0.4570965672881581,-0.037673958409990514,0.8356344648919545,-0.055683415534875096,-0.13740884447138685,-0.023102603563717006,-0.5636224678511269
0.06579372522664077,0.28160210315437406,0.27023604960099085,0.0956830812181876,0.07366579244103391,0.1732435710945111,0.09694185608690513,0.19614940395029523,0.10748769659031294,0.13420925088818075,0.1558682397010015,0.20703401895015067,0.0572736204350952,0.12328230873826761,0.1615896195018859,0.1940246871690477,0.27202837354571563,-0.017724490821217156,0.09018749670969722,0.37048050848515274,0.09436533565875961,0.10900896766061578,0.1122977940206802,0.17159488404572526,0.18120603916078826,0.19369981176157983,0.72869335444856,0.16541398700720755,0.18194735816960345,0.1242687497387877,-0.011137032146499257,0.17973445628826704,0.1693303274962008,0.13855834212253368,0.163737113941293,0.26487999558828756,0.2720359263534039,0.19240890660310178,0.06602727145307856,0.06917478640649882,0.17342875256804322,0.12604277914090314,0.2526519737235523,0.07448843286060282,0.12418114563780315,0.2708578572077146,0.1892457463674954,-0.019172738047242833,0.24346072677858221
0.04593944797913316,0.1613303629894925,0.1477387336378141,0.05244039066476873,0.06538567432049862,0.051317069895743916,0.05036653008603296,0.04366098424461541,0.12584086111164106,0.07127403955763312,0.07306360778805533,0.020335655063565935,0.031553514581077566,0.043296625461233626,0.16554641517765625,0.1221719685119103,0.16840671660901535,0.0284114142365739,0.06462008300803694,0.13452106079855888,0.17318452311538318,-0.17224355999981927,-0.20202901268006565,0.1860628778253355,0.06269778637939241,0.05283607255547497,0.16541398700720755,0.9437966734351133,-0.1117813859110823,0.590063160828848,0.2617353928628798,-0.07314578090092332,0.34489735522505804,-0.07090740370513518,0.8423596679228823,0.3675889130904995,0.4719155643813016,0.14018671344405426,0.20864262622141877,0.19949166243301086,0.3884961523002496,0.24867221457173946,0.10311685946349262,0.22453356662703983,0.4024039824672434,0.29321601093330135,0.15557680376341093,-0.0038997049689514516,0.26822713733534476
0.057128034282114964,0.19453229175929448,0.581321882376592,0.1347180340939396,0.05074347493063964,0.46497345742700935,0.08144825370426366,0.2731399331657644,0.134822671725976,0.2244528142143208,0.22419656793744785,0.18155628837762078,0.1011872709494626,0.12756076367997965,0.2363361514830164,0.3341389609186897,0.2982732929080373,0.11316813222938982,0.21450483330895964,0.1793362553901012,0.15457037694345446,-0.4261104739747126,0.3677304889925549,0.1356749994205155,0.40120990907397697,0.43804617913180577,0.18194735816960345,-0.1117813859110823,3.8242208934035693,0.321704543097486,-0.6175485173114889,0.1253767638618678,0.26020629291859054,0.6478045005852026,-0.26978472743443616,0.6619661104496971,0.5268849101876949,0.06537906701469269,-0.02326632299202188,-0.07557514007291197,0.07422293026074682,0.06454855757291583,0.07124359793723258,-0.21366759446247277,0.06910558148113313,0.3201663235337115,0.4880054911362616,-0.07862117911493968,0.9982371745107348
0.03668498953214503,0.13894673992662065,-0.11478100454134235,0.06384925627880056,0.107149894956557,0.06052688317733836,0.038081529301927326,0.03888154612449966,0.11024433435647596,-0.0008782931261360267,0.008899564204067914,-0.10039917794427089,0.013119531087449779,0.0004441762554905688,0.1715070030027987,0.14682482986532225,0.12121979462457572,0.08292652246947872,0.12730848992464194,0.3796248869579152,0.20325068034536622,-0.40448678036487506,0.19965693339905627,0.42639641341441775,0.12221940321818554,-0.316018605675311,0.1242687497387877,0.590063160828848,0.321704543097486,3.8596942783249886,-0.08689629377714554,-0.22516266675659813,0.2009228713867732,-0.2995273227034682,0.8109656742900144,0.6359387693986204,1.1711293037718093,0.2663453277461531,0.4441986885386051,0.2095318089019127,0.8315842227850875,0.25088922587361556,1.7246324563440856,0.2961067657322394,0.7939411767909107,0.47526615288951446,0.11938566936951568,-0.04867669687335294,-0.06268957886572805
0.07061022522306556,0.2777712780927972,0.169848218482637,0.07629074162366259,0.12976025840551914,0.03229467208816391,0.06459506468238181,0.08155938161747142,0.1746590648825509,0.1177422657438674,0.08074051943369874,0.0346654935246437,0.03197060228396132,0.15837439581542745,0.18480934998494888,0.08176740187765454,0.12139927536598258,0.1719522135129346,0.07701171068389213,-0.021698030483444708,0.25071023947135873,-0.06055811148905608,-0.346793315903519,0.06940320402144891,0.03968904999285897,-0.19652057397677494,-0.011137032146499257,0.2617353928628798,-0.6175485173114889,-0.08689629377714554,2.1926405871357733,0.24352993148099986,-0.028560725550782658,-0.03362791092469423,0.5945162528115342,0.32131869860988027,-0.7098506888063506,0.1294471789886614,0.3791209511493256,0.35541468706429924,0.28537204932445737,0.24721453339804425,-0.4099821167632548,-0.06947126663849712,0.07820970046313777,0.6184066228554147,0.4672220284153486,-0.028319085738799914,0.20968905850207295
0.07330947094710806,0.045167858140525666,0.1742492085485168,0.15462702537929934,0.10661858033333144,0.1687640553639007,0.0794279624230081,0.1453632318046919,0.1613311291121943,0.08934136734637832,0.13454558254757118,0.19768514989968036,0.05784593965807247,0.4607595756996066,0.11415358175847735,0.17288670844039933,0.17526214972781007,0.02262211543936525,0.11321628914454569,0.2212461546026366,0.0752583770038839,0.15961695375397286,0.08224888228472188,0.2222769179210831,0.14417476555923808,0.10754315080133663,0.17973445628826704,-0.07314578090092332,0.1253767638618678,-0.22516266675659813,0.24352993148099986,1.0902323867944754,0.04678718832021452,0.2662050347159164,-0.09781162321454749,0.0669973289520698,-0.3695517262337277,0.17232800801643794,0.08792402572244318,0.030507453216564437,0.052152912685680876,0.045018783223804856,-0.12776698277790435,-0.02620325207326728,-0.19718205877627554,0.283722510146025,0.44874150561759957,-0.023662532205114425,0.7614364375327788
0.0534934194332132,0.03894854346606246,0.08740635416364122,0.0037839979388565063,0.011098843530401789,-0.11422458652062749,0.0021140925870639835,0.056488727833496837,0.18006277586178795,-0.025635092938230766,0.1077827804082361,0.08555573777703242,0.03070328032736174,0.08819089757549191,0.06926490494794477,0.016094776914892993,0.38466922950929283,-0.07373737452987277,0.00038602276174415405,0.1966834958041734,0.20926158430431704,-0.10324773681232997,0.0323032538331997,0.3644661552396663,0.06422317648682999,-0.003953431030443813,0.1693303274962008,0.34489735522505804,0.26020629291859054,0.2009228713867732,-0.028560725550782658,0.04678718832021452,2.175760438951589,-0.5169775034365371,-1.1346577895965133,0.01662975675459163,0.43495096625952884,0.19434290382074565,-0.3892218464318049,-0.4310520079747817,-0.2785228891308327,0.21722141803942585,-0.13937503750751845,0.06011278715313116,-0.12880676218951997,0.1637091943477133,0.5091074459145714,0.0018306228420790888,1.427343443032954
-0.06450395900734952,0.1588415933901501,0.34261378708666135,0.20452908091187025,0.2567242105039407,0.20312882872335675,0.19025810445703667,0.2258775880467413,0.029188879664870052,0.29798775166691066,0.135517670689541,0.17673495791899635,0.06930682558479684,0.13842509052906013,0.2122970171147004,0.2243735421925432,0.17146497041441683,0.19605008871820495,0.14581972708349467,0.23285198004355287,0.012297918620266366,0.08250386027513124,0.34022052605568315,0.07435208018320416,0.3208227145962592,0.05173751530078439,0.13855834212253368,-0.07090740370513518,0.6478045005852026,-0.2995273227034682,-0.03362791092469423,0.2662050347159164,-0.5169775034365371,1.925593455809698,0.46056450417398154,0.31016849541616165,0.6585806726074513,0.15644356971752676,0.2976191933899926,0.01796600481568922,0.3162754221978545,0.031855709021706494,0.11220912076960682,0.12629826273519207,-0.38797489179984096,0.06806254552542641,0.33200363961125134,0.01471464165442574,0.10983803256057989
0.03223519443179845,0.2230321321728743,0.20170699255671465,0.10092599389383008,0.12492650696897974,0.15921063260692023,0.09411540417777181,0.07323600014489459,0.07274219144949057,0.18061020922227444,0.0457264194536871,-0.003535295065337144,0.04821398241453083,0.02768512340346469,0.19826633053271422,0.25776325441243325,-0.03645727998569558,0.12524757598716094,0.10011416558900785,0.012075735223178171,0.08807618380949325,-0.18050537129424946,-0.29441911011676664,0.03946791407592837,0.09896547817128286,0.0829233109720208,0.163737113941293,0.8423596679228823,-0.26978472743443616,0.8109656742900144,0.5945162528115342,-0.09781162321454749,-1.1346577895965133,0.46056450417398154,3.0095357079916254,0.2615745313246498,0.17271176748291478,0.030370889302191142,0.6807879254534615,0.7963549500271649,0.8044231472268231,0.18777652618860521,0.1029657267573444,0.3101053454416534,0.5505372427330286,0.39569152698387516,0.10927479755177533,0.02038943518318728,-0.43924576480860117
0.11173909429329361,0.3023672513726248,0.4897478368496145,0.12695850499273678,0.12825762355094816,0.20402953443942687,0.15133676942043553,0.19033335119261177,0.1662815432540686,0.2372884973607192,0.1683391595966312,0.28718073817334105,0.05671989119198814,0.14766243814277952,0.30238510006799935,0.18288038432309595,0.27858511600972113,0.3217928789944996,0.14435051813264546,0.26471679900084394,0.28170588051242335,-0.05747454800059681,0.6909236133999197,0.31037447948304264,0.3363168796583977,0.1669725352734709,0.26487999558828756,0.3675889130904995,0.6619661104496971,0.6359387693986204,0.32131869860988027,0.0669973289520698,0.01662975675459163,0.31016849541616165,0.2615745313246498,2.8108038588552855,0.13471155626382283,0.24644518387045652,0.17073688316864105,0.3086246961338441,0.42780618712762425,0.2796187672056487,0.009793197912871823,-0.18350857766663106,0.12093095173999302,0.9019018462029121,-0.3404213398235202,-0.24506958257219597,0.7716338087137561
0.03788835842063334,0.24337090985207993,0.37060184739398677,0.14145916991818683,0.30472166975298304,0.04522065325794531,0.1248287050369388,0.16307951355757064,0.2544146316426627,0.2635384843985188,0.1401882014190439,0.005972144990655732,0.006614385575946008,0.02052711759457234,0.3921422097854454,0.20549204847372246,0.5054602694480712,0.13059965701963702,0.1654708915993588,0.6029669395548822,0.2912518798788064,-0.13274087565314113,0.23013391850868262,0.3401522430598261,0.25553314150033735,-0.09898859246893582,0.2720359263534039,0.4719155643813016,0.5268849101876949,1.1711293037718093,-0.7098506888063506,-0.3695517262337277,0.43495096625952884,0.6585806726074513,0.17271176748291478,0.13471155626382283,4.99946615578475,0.35398921997694993,-0.577179130930843,-0.3959369461052902,0.9944284698713729,0.2987336412035423,1.1878760173051448,0.3871517415896555,1.5231870217770427,0.14863020062006277,0.8296207745266975,0.08158160823666162,1.4327470844487926
0.057209731249338404,0.19136201929650493,0.23971199231318702,0.08610003083300091,0.07490285136095691,0.1403134458175058,0.06854120990056427,0.16444795035857848,0.11448470558735979,0.05574456819626767,0.14610732797873255,0.13588342890388552,0.03337339250060974,0.15867185305446085,0.129917487628555,0.17332181893171403,0.3001810520607402,0.050984481620494904,0.09414718887587087,0.5604765541645436,0.1032243574918362,0.002396882223795039,0.10024594181719376,0.17024045397160506,0.15256428200256797,0.07455900204193944,0.19240890660310178,0.14018671344405426,0.06537906701469269,0.2663453277461531,0.1294471789886614,0.17232800801643794,0.19434290382074565,0.15644356971752676,0.030370889302191142,0.24644518387045652,0.35398921997694993,0.6613988267556934,0.06489340121041072,0.06780044995307889,0.16678871888676491,0.07475136331188578,0.38668537459282465,0.08099802161069375,0.14458368824243045,0.3070134694292353,0.31852281832781143,-0.026402746395470734,0.44644070473285646
0.006706310654543324,0.17663299658216108,0.06898012753575851,0.07491573868838304,0.07623802810054153,0.14322840757317973,0.050408154932624176,0.16185515087969649,-0.03500798675089271,0.07525060026757933,0.07257930511687645,0.027921681215351844,0.08389330611068987,0.03324689105950102,0.17645965317167261,0.17294104748767475,-0.08276573268863707,0.1638742641923865,0.09502301471733021,0.058484607060565415,0.13943917452347074,0.11170553941955945,0.030898290189245677,0.049009910987329056,0.18216012896764774,0.048293720885124736,0.06602727145307856,0.20864262622141877,-0.02326632299202188,0.4441986885386051,0.3791209511493256,0.08792402572244318,-0.3892218464318049,0.2976191933899926,0.6807879254534615,0.17073688316864105,-0.577179130930843,0.06489340121041072,2.020328728491106,0.6784244981295274,0.20666939440127258,0.1591605653485476,0.18209831266072138,0.16323137010912328,0.17515861603824814,0.2451465046462449,-0.0040748413908523054,-0.01103949808585776,-0.56376539501806
0.013023092233657848,0.11884693010919385,-0.011990304989256155,0.03782347806808234,0.041821756156072504,0.08815742071210388,0.01996851908176247,0.07709451534716309,-0.005837703492900588,0.033744335005400944,0.05115540375396129,0.03782698682639908,0.035124316599999664,0.05194391580283983,0.11266635478432617,0.1571696069298813,0.027395572671781266,0.10291366939709508,0.057243314774941705,0.09123761296026547,0.15539621629091235,0.05359210088215007,-0.035338486788016245,0.015762708172577196,0.10147980879791522,0.09909506842998606,0.06917478640649882,0.19949166243301086,-0.07557514007291197,0.2095318089019127,0.35541468706429924,0.030507453216564437,-0.4310520079747817,0.01796600481568922,0.7963549500271649,0.3086246961338441,-0.3959369461052902,0.06780044995307889,0.6784244981295274,1.4074025584522725,0.22192844431356729,0.18060973917736328,0.18368242591072667,-0.22876091632673576,0.48410593680636677,0.6163777322251215,0.1848656734836403,-0.01960603604536239,-0.27452880389412254
0.0522219890521949,0.18331655777817257,0.19683022529592778,0.09336555166887342,0.17005907235985057,-0.0009292850515314615,0.06647590801362338,0.10765399696448658,0.08947293220783949,0.19039855036614772,0.09822459745354573,0.04307158546748194,0.04238738716405918,0.13064779425455533,0.21302278081750742,0.1877234689744527,0.2587439171696693,0.09886373696564299,0.10829314307776598,0.2208022954800215,0.23839022396426057,-0.036338593574703856,0.1277307607562349,0.20577856351559515,0.1422281031190449,-0.3200565087053846,0.17342875256804322,0.3884961523002496,0.07422293026074682,0.8315842227850875,0.28537204932445737,0.052152912685680876,-0.2785228891308327,0.3162754221978545,0.8044231472268231,0.42780618712762425,0.9944284698713729,0.16678871888676491,0.20666939440127258,0.22192844431356729,2.296625236944215,0.3298130687892469,-0.10634907395303168,0.2755953028743772,-0.3541172991452033,0.8355930657533045,0.5907877385708603,-0.026376997735351338,0.7509608875608142
