0.6164715643783719,0.139455361902265,0.3195370695045185,0.04912400580394101,0.1120045945185652,0.07167922860721035,0.1846831317946172,-0.00858683312588233,0.08105840341025261,0.11574027562738015,0.07327163189151309,0.1251812581209207,0.030529150106529415,0.10167175586713832,0.12218149034076992,0.05072121137147369,0.03201349545697002,0.08689801996906511,0.08252397651709314,0.08777013551303517,0.06836886472170219,0.11000917214701093,0.06787374538225265,0.051310297337829505,0.07915679076945778,0.08334811541891007,0.06508266528983625,0.04454255199001866,0.054191542940703274,0.04066972975051423,0.06996979082175014,0.07653239858899877,0.05429416027726823,-0.06526854664647483,0.03154370447043113,0.11282022403663312,0.04479795553373675,0.06028810433780202,0.009020215889671288,0.01726163745310406,0.059074214312325485,0.0625639575551229,0.05189869545323498,0.028046347386309522,0.11159742697640868,0.1287087807008545,0.09579385496482243,-0.015101825391446133,0.1819826846060101
0.139455361902265,2.094789780502122,0.6986111019322028,0.0065357501851639995,-0.02615763533920579,0.28506126709476715,0.08668174353409724,0.25560727829928326,0.10356656464237524,0.23454574241987525,0.1548535129178945,0.2171378351673123,0.0566139665374708,0.03429618361279502,0.24834993856045764,0.14939061177905344,0.11978750385367623,0.42106892321756006,0.07207040201319154,0.3524080238670206,0.24852247476990752,0.0966924587893365,0.055196652225897466,0.08567738000163531,0.2118804432157424,0.033993426491880585,0.276582603658337,0.15639861213708905,0.20386874990839296,0.13430010327223293,0.2775170617451966,0.05977250553790204,0.04407993388313571,0.1632471692089753,0.2233875686780654,0.3015861458984906,0.2428568117380705,0.19579322835829147,0.17584968962704767,0.12081061927594726,0.1850164452695597,0.21363287792072028,0.3262300310562571,0.030421883192087475,0.3726240626412318,0.323574031758293,0.2445434810454808,-0.027039427740213333,0.07371238850852868
0.3195370695045185,0.6986111019322028,1.9328540526722011,0.08030569145368012,-0.0290656092292509,0.46873259404896295,0.13445637781928355,0.3908570702987317,0.2973159051693186,0.48632939438904343,0.34938943120796684,0.40227817247475744,0.09604246049400807,0.1974709337177177,0.42362216767998506,0.13361281849814136,0.377824210033829,0.28886891925394664,0.241744577048241,0.377825552970496,0.2560809769501994,0.2624399021039096,0.22668831765382746,0.19091564814951315,0.32759067302250405,0.2444939177984873,0.2628507999590609,0.1494162858428839,0.5709771026694574,-0.09047060446800663,0.1713613310153161,0.19128468348968342,0.10751442255620257,0.3316565377279333,0.19504574433306315,0.481977305769517,0.3791066814552206,0.23945063062638677,0.06980470208910206,-0.005753688070936211,0.21333476233000645,0.25404416071989094,0.1645484586124497,0.07985960359301153,0.3494375690514083,0.505637151320877,0.45469033842062,-0.05220148984197441,0.5149423907515044
0.04912400580394101,0.0065357501851639995,0.08030569145368012,0.7021174195629795,0.3865258794410451,0.22145679342139085,0.279982715587628,0.124013234995266,0.16683954830237172,0.06297170272752615,0.11061040462994116,0.15596809904729314,0.06089172722938111,0.1765389546239959,0.07232789861130753,0.17402178292034814,0.10657439013167887,0.06611709683645892,0.20507108935390234,0.13013090292001964,0.072264423679176,0.0817671232561644,0.06964605497056134,0.10412669186980028,0.1224050217451633,0.11794474864626858,0.09915095108120167,0.04967281719969478,0.14981521997345376,0.06222771729738856,0.0685375410765812,0.16310532869964797,0.0026600833584066084,0.22647316216953617,0.09857859264934611,0.13660487019739298,0.15061021818957554,0.08302857644753953,0.07155029277738637,0.03247337613787501,0.09447163005329827,0.07839848183504505,0.07258603183024925,0.05711279794833713,0.03539458110081062,0.1001254519321242,0.10296381324995692,-0.006470173645247381,0.1275879603485456
0.1120045945185652,-0.02615763533920579,-0.0290656092292509,0.3865258794410451,1.0093064789718014,-0.0580163469902899,0.2632192012921698,0.07644888893446611,0.14543529633080976,0.05971366385485633,0.05620931641515898,0.12627596410114028,0.05741736896026402,0.13307021644972697,0.08116750655198407,0.1970501132195286,0.05396456234253474,0.0591808196330261,0.32296008716753005,0.09720945579644262,0.06727744427510943,0.07484565900826719,0.05613059951921143,0.09229834990567491,0.09719320393100304,0.0892478807842819,0.08017028657971456,0.06535242178971698,0.07487212342710296,0.10576262179839614,0.12099961130898869,0.11768566106833336,0.01925766959279578,0.284016718900737,0.12406551702324789,0.15029771776241987,0.31929871990485564,0.07204193321734535,0.07017932127639974,0.03443629946276324,0.17118159315346848,0.09731291192533321,0.031127985342535327,0.046205615261348774,0.00868990066012663,0.11018996678678708,0.14932183721633724,-0.002798792566885652,0.23036758684035955
0.07167922860721035,0.28506126709476715,0.46873259404896295,0.22145679342139085,-0.0580163469902899,1.1660211050295006,0.13868074908506092,0.2638253320107979,0.21043405923613379,0.06742523328707174,0.24007943308203197,0.17581704286533206,0.0797903290176632,0.15609132554328045,0.14718375653380336,0.2051768249009447,0.21514102786076558,0.13074296145488076,0.40057678676158076,0.25818018629484907,0.1431002123103152,0.16969387498065044,0.10205548025943358,0.10895737301465797,0.22977288374542473,0.2824233435133074,0.17758378284458765,0.04383970957611055,0.47544390926172,0.06743552126116024,0.02831312671941916,0.183713446118962,-0.12420361969071268,0.22473088129619245,0.16108294595593392,0.1963015631834382,0.05244819286328632,0.14244144214097568,0.14471521977717153,0.08863533615555336,0.0030795762747016326,0.13438961864565627,0.31049680958785286,0.05184456452701349,0.2951754356262624,0.1501968655323766,-0.021681333708361596,-0.01455370882002281,-0.4953270580720576
0.1846831317946172,0.08668174353409724,0.13445637781928355,0.279982715587628,0.2632192012921698,0.13868074908506092,0.6917029056848141,-0.011343385146266318,0.2569995611922012,0.11126049632949203,0.1287627871323496,0.2552048312478875,0.0626505067637796,0.07780590610090848,0.053304896103375396,0.1264197107092827,0.049557683432970116,0.09388688430641279,0.1526236433504145,0.10230923662062848,0.06322910176315746,0.11408073195910742,0.07239708254838936,0.0788454124608797,0.11162582926285676,0.09417642696279209,0.10448370340579272,0.04689839815589095,0.09872015767912333,0.034828629624263266,0.05102760860975726,0.09874324352439612,0.009260194588353844,0.21606902623615934,0.08683870981998651,0.1657033881697969,0.13554828079053802,0.06754693070484712,0.0451237147495848,0.01582109670365763,0.07372928319100136,0.06539322315822298,0.05601523320613496,0.04561234816191807,-0.0005541624242203954,0.07829511780202784,0.02266312218509253,-0.008521958827076223,0.0736752232920427
-0.00858683312588233,0.25560727829928326,0.3908570702987317,0.124013234995266,0.07644888893446611,0.2638253320107979,-0.011343385146266318,0.9799407205279677,0.053277192282266454,0.12845550975826353,0.23645528547790234,0.1860830049679216,0.06184227941035417,0.22281523802897052,0.1277075362432687,0.22500996418923533,0.4674813776985856,0.12148730103560507,0.12982264297473925,0.32097528145693294,0.11520430133755631,0.1587526325296628,0.10347404835023913,0.12596434969302445,0.2816300640166133,0.15222676206829555,0.1969726694306596,0.03777118842288134,0.28283824985523187,0.03871534522244961,0.07306056274619858,0.16090277998308916,0.05106755106870614,0.23803250437141305,0.07039484148986504,0.1869774992196078,0.15878973950383587,0.16511899251140275,0.16130084350002696,0.07692133858679652,0.1066804715926596,0.09848687357788592,0.21655149869579182,0.022550986823273923,0.11798452335856678,0.22171124870462014,0.2742533054761438,-0.01863723416651203,0.3160154783682761
0.08105840341025261,0.10356656464237524,0.2973159051693186,0.16683954830237172,0.14543529633080976,0.21043405923613379,0.2569995611922012,0.053277192282266454,0.9592235127604282,0.11276205529475682,0.10830441037118954,0.12540902036999646,0.037547922421028605,0.18206181984023476,-0.049380158992440866,0.12405714951958742,0.16724149527022347,0.07875848584803022,0.13525544045119034,0.11749525892877041,0.1045130671991404,0.04175241686477206,0.008572047040578176,0.1341692053262309,0.03209856171284776,0.15789077155443917,0.10448850953453255,0.11250165332636353,0.13103919387798454,0.10021193404216812,0.1579098318053189,0.14995232313519666,0.15422297190458126,0.044757760480573686,0.06927034005153095,0.15304011302277754,0.24844140444976778,0.09776042361764918,-0.04411631634901439,-0.01939318325668932,0.07640058381503206,0.09568251124001269,0.029518393440075164,0.0358606036251271,0.15610064183067354,0.14321813369631323,0.211785460721125,-0.009811902009088833,0.677221915727021
0.11574027562738015,0.23454574241987525,0.48632939438904343,0.06297170272752615,0.05971366385485633,0.06742523328707174,0.11126049632949203,0.12845550975826353,0.11276205529475682,0.6453107059931381,0.08021140939200277,0.13096467902139106,0.037769815041069126,0.06872504084705348,0.22555107163803,0.05848354549802132,0.12307742978457922,0.2060521942499992,0.05086615477552894,0.03359245082028694,0.07532543014281666,0.08873761401760367,0.15576566789109017,0.07099931419322456,0.13850201422930053,0.0397291890055503,0.12574150646732946,0.06881602724738155,0.2244840445724908,0.01643071132423834,0.10539710573554477,0.0718817709883564,-0.03014152932967228,0.3059775956530681,0.1828631874744013,0.23233200852346272,0.28011741208470464,0.04669480047981597,0.07498560858207996,0.027423341074365042,0.18569378695102048,0.07440334032614412,-0.01605344886528743,0.0586675563625594,0.025356079968768954,0.22081917084455546,0.3028293276596379,-0.018992305332696326,0.42066812801479253
0.07327163189151309,0.1548535129178945,0.34938943120796684,0.11061040462994116,0.05620931641515898,0.24007943308203197,0.1287627871323496,0.23645528547790234,0.10830441037118954,0.08021140939200277,0.35579224587831493,0.17347189934397667,0.08413548859142367,0.1264425137796281,0.16768937684107646,0.14178261253747895,0.28462050223483165,0.09340410838836688,0.10343949953886436,0.2671340104206514,0.13870426220126136,0.08938830721077902,0.0775532773233739,0.11910844469281925,0.15259603714343423,0.14888286883451632,0.15290817219380784,0.07119548131903869,0.22707134744494484,0.014553309466000091,0.08067822375702932,0.13085686518049447,0.10060618514850145,0.13783467881450795,0.048745668229292424,0.16184439924221178,0.13685264567718067,0.14248793164685084,0.07530854366405264,0.04914270393225602,0.09336332587744255,0.1314794146717053,0.16071341055690125,0.02061902083759363,0.12082354603674533,0.1898667639037532,0.2105738541106424,-0.013917835174155577,0.26263412678155795
0.1251812581209207,0.2171378351673123,0.40227817247475744,0.15596809904729314,0.12627596410114028,0.17581704286533206,0.2552048312478875,0.1860830049679216,0.12540902036999646,0.13096467902139106,0.17347189934397667,0.6530971624683024,0.06049789143357797,0.14260753154537018,0.22045753386996456,0.15857174405716598,0.15700795986223953,0.12709713522997085,0.10357777866131561,0.22729864743594874,0.09692875303145494,0.13012210590850007,0.14224503960385618,0.10979799949355223,0.24471616336209848,0.14050875384005848,0.19988445825465978,0.019198348651909853,0.17856901058710586,-0.09375942272116601,0.027654375136618975,0.1778194652678248,0.07411679797863117,0.1803998479622333,0.0011340963805224025,0.27950220415211874,0.014847914890737094,0.12576352043644126,0.02990516273356969,0.03328294432774312,0.038827831806754066,0.09276744272592638,0.08594511820687514,0.004662978213560054,0.028057328451546286,0.20775183005828507,0.14783629265300138,-0.029562589608657534,0.2380360138490112
0.030529150106529415,0.0566139665374708,0.09604246049400807,0.06089172722938111,0.05741736896026402,0.0797903290176632,0.0626505067637796,0.06184227941035417,0.037547922421028605,0.037769815041069126,0.08413548859142367,0.06049789143357797,0.1873742414243369,0.046628032308530805,0.03129757668497848,0.06135231375400082,0.04536657360096411,0.057533547876075015,0.060718793797715845,0.05741572704018012,0.054526979971728465,0.13724575581728093,0.03970390226465329,0.04351056228998753,0.05335062727789366,0.08156030599910713,0.057265385096497416,0.032918271265916475,0.10326771046608783,0.01215908395617377,0.03306878324718969,0.05382900993688415,0.03141845227342868,0.0695057301306465,0.04953077204402736,0.057913436495239855,0.005567565985891995,0.031143801170895744,0.08313665686414266,0.03307882140359317,0.04153557726880105,0.05430320871987421,0.04598473757424111,0.025025853679993142,-0.027182001948152443,0.07581527542625476,0.06340875651298934,-0.004648559784079082,0.0891877201305018
0.10167175586713832,0.03429618361279502,0.1974709337177177,0.1765389546239959,0.13307021644972697,0.15609132554328045,0.07780590610090848,0.22281523802897052,0.18206181984023476,0.06872504084705348,0.1264425137796281,0.14260753154537018,0.046628032308530805,0.5845828739326322,0.09697997095448281,0.25155622542787587,0.2280422623648697,0.05300233872703513,0.12412897752066389,0.24438505866204702,0.11366574534687643,0.19030225420969468,0.09090275407242458,0.1664197210814572,0.1548346983202011,0.12936110416979504,0.11877022706351135,0.04366368392075108,0.11562226825893121,-0.0009835624536482731,0.1645521578882716,0.4429428047157549,0.05995047138191268,0.1387483282293002,0.03811145614947805,0.13938475331182107,0.02106398566164578,0.15214251440412224,0.03861805905635254,0.05168996732230445,0.12676610907858143,0.1037584877481593,0.08888138915434474,0.016269260612580543,0.05503206396428958,0.21920732902529347,0.361350976741697,-0.017237386690294704,0.7536864413591147
0.12218149034076992,0.24834993856045764,0.42362216767998506,0.07232789861130753,0.08116750655198407,0.14718375653380336,0.053304896103375396,0.1277075362432687,-0.049380158992440866,0.22555107163803,0.16768937684107646,0.22045753386996456,0.03129757668497848,0.09697997095448281,1.2462852125209545,-0.06656568925131827,0.10690466266966171,0.21957323927407849,0.09153408047407081,0.24619172764478814,0.22716557912527618,-0.08062622220018932,0.1102281042436721,0.14030916591975523,0.2506350981464648,0.2738555192940459,0.1613170396663449,0.16050831854555256,0.2476923158369157,0.1589362116112907,0.18802503204316448,0.11478911347356931,0.07773764482119594,0.2033599293180887,0.1947922305114766,0.29889201507193863,0.36957573274049227,0.13243976606983252,0.18047774540390382,0.1104245742015904,0.20130133399002692,0.269692686650158,0.2659227709792635,0.03440165445832838,0.42097672962245025,0.2901073428465101,0.2767722221834878,-0.022120905816463237,0.14784357256102482
0.05072121137147369,0.14939061177905344,0.13361281849814136,0.17402178292034814,0.1970501132195286,0.2051768249009447,0.1264197107092827,0.22500996418923533,0.12405714951958742,0.05848354549802132,0.14178261253747895,0.15857174405716598,0.06135231375400082,0.25155622542787587,-0.06656568925131827,1.079895185933201,0.2545952116499001,0.11118330319311943,0.1688027989511997,0.32170914010291735,0.10412757004134342,0.23524385512941295,0.06705299341157193,0.1553157961509282,0.23891153148180572,0.13203518956722882,0.2012409400178009,0.12512085257770872,0.3451854375303107,0.15761280950442977,0.08679912268413781,0.1860247955489944,0.022002101876300317,0.22502185047249815,0.2634754547818603,0.1854666918049508,0.20643317618800822,0.17970205017180704,0.17726042879306683,0.16226497900067946,0.19041370991847678,0.09403172713289953,0.31675408959156237,0.024949227024670166,0.12425729810524412,0.20484414109145083,0.27167689608950607,-0.010944873027999865,0.40576400217161757
0.03201349545697002,0.11978750385367623,0.377824210033829,0.10657439013167887,0.05396456234253474,0.21514102786076558,0.049557683432970116,0.4674813776985856,0.16724149527022347,0.12307742978457922,0.28462050223483165,0.15700795986223953,0.04536657360096411,0.2280422623648697,0.10690466266966171,0.2545952116499001,1.2042146161343548,0.010413801691536918,0.1161716194136236,0.5302419463606969,0.24578889866883846,0.014924543416478175,0.1407181453395111,0.2415321008754059,0.301285557073116,-0.05510665591500956,0.276364108306001,0.16947278889773884,0.3051051953056249,0.12328288935536674,0.13274347598566205,0.18378969642180415,0.3824606781566574,0.17221804677608946,-0.033309788502518506,0.283354723249574,0.4891922061918671,0.3006480495739338,-0.0828436715864727,0.024975681758916537,0.25087541491344917,0.20427826641950492,0.26178383343664646,0.03424570805335177,0.18091464149093262,0.3839474698351553,0.6256750742413013,-0.02333669425228509,1.0320597909849534
0.08689801996906511,0.42106892321756006,0.28886891925394664,0.06611709683645892,0.0591808196330261,0.13074296145488076,0.09388688430641279,0.12148730103560507,0.07875848584803022,0.2060521942499992,0.09340410838836688,0.12709713522997085,0.057533547876075015,0.05300233872703513,0.21957323927407849,0.11118330319311943,0.010413801691536918,0.7102720306598396,0.05416711948733421,0.08234373416505576,0.1409550410501076,0.13243026029486848,0.4134906912592909,0.09218591316254174,0.1707265891817752,0.2299090380696693,-0.014582542609158845,0.026015575074630853,0.1345203264507169,0.08363140137236848,0.182010785649299,0.045362868412695934,-0.0486514868633389,0.19442527144601066,0.11237771704685338,0.3365385387567975,0.11036819640570836,0.06459515800981508,0.16302231028750594,0.10386222157187987,0.0966317531967794,0.10731891764914495,0.3726819733601802,0.0682063412804344,0.27490559107484847,0.1960548570657948,0.15296708744015827,-0.03030828052199714,0.15887766850619928
0.08252397651709314,0.07207040201319154,0.241744577048241,0.20507108935390234,0.32296008716753005,0.40057678676158076,0.1526236433504145,0.12982264297473925,0.13525544045119034,0.05086615477552894,0.10343949953886436,0.10357777866131561,0.060718793797715845,0.12412897752066389,0.09153408047407081,0.1688027989511997,0.1161716194136236,0.05416711948733421,0.6173490749927382,0.13557198011368074,0.10484597180277355,0.18138771362097092,0.033874399177778555,0.09123766326553796,0.13141291453236773,0.11394326719255847,0.09539873176819388,0.06452255810819303,0.22806712575876126,0.12738713411478883,0.08057773832463894,0.12544432003034903,-0.00377534161739049,0.1655544716283539,0.108776301229291,0.15122879103286146,0.16818162072057502,0.09227326715290901,0.09288982970201543,0.054774588528954865,0.10875477870012573,0.10836884060175384,0.14264586094634893,0.034178177501003756,0.13667589598509608,0.1383076901545006,0.06995268815518614,-0.009348002549427126,-0.13298603929780856
0.08777013551303517,0.3524080238670206,0.377825552970496,0.13013090292001964,0.09720945579644262,0.25818018629484907,0.10230923662062848,0.32097528145693294,0.11749525892877041,0.03359245082028694,0.2671340104206514,0.22729864743594874,0.05741572704018012,0.24438505866204702,0.24619172764478814,0.32170914010291735,0.5302419463606969,0.08234373416505576,0.13557198011368074,1.3055949532442148,0.10698633418577815,0.08027157970874242,0.24271699108377826,0.2362172021341749,0.24641804019667543,0.28305454937118835,0.37586407884310097,0.12943768838891254,0.18074919900261216,0.3775364375831951,-0.017235514169114733,0.23465251243355661,0.1944617340223711,0.22706138872116444,0.022944717642630817,0.2593405202414547,0.6103039427960681,0.5809192125942031,0.06598199123015627,0.1050170568663027,0.2274301462924438,0.08149443088306897,0.9236612839631252,0.09290393550491148,0.41617012001462395,0.3115812277081117,0.38803999207157497,-0.021322960005031324,0.5421197880895684
0.06836886472170219,0.24852247476990752,0.2560809769501994,0.072264423679176,0.06727744427510943,0.1431002123103152,0.06322910176315746,0.11520430133755631,0.1045130671991404,0.07532543014281666,0.13870426220126136,0.09692875303145494,0.054526979971728465,0.11366574534687643,0.22716557912527618,0.10412757004134342,0.24578889866883846,0.1409550410501076,0.10484597180277355,0.10698633418577815,0.46070024220053524,0.0486741988613185,0.09281478654246768,0.14656209256941172,0.15337922818499886,0.07225178743726908,0.10010024541639288,0.1676024941321181,0.1878882169528511,0.18554167316876607,0.2549868705415467,0.09242632119909855,0.22100395670577655,0.01693526100409542,0.08104617822799044,0.2962132217050943,0.2596432645746776,0.11473576328623133,0.1415996720757116,0.15195803111638628,0.224998843599494,0.45367248943913346,0.2793122049916376,0.004809621320992343,0.5937166883794887,0.3127334461877324,0.4243006643052544,-0.021044309278550388,0.48941185932537157
0.11000917214701093,0.0966924587893365,0.2624399021039096,0.0817671232561644,0.07484565900826719,0.16969387498065044,0.11408073195910742,0.1587526325296628,0.04175241686477206,0.08873761401760367,0.08938830721077902,0.13012210590850007,0.13724575581728093,0.19030225420969468,-0.08062622220018932,0.23524385512941295,0.014924543416478175,0.13243026029486848,0.18138771362097092,0.08027157970874242,0.0486741988613185,2.472092111358497,0.3231712444428011,0.026852815597657332,0.19566601388322763,0.10646832358828515,0.12004055160969028,-0.15332324589251936,-0.39975658291375604,-0.40525288926907055,-0.02150925196757813,0.18795641623462211,-0.07331198380039479,0.08499122618921746,-0.1660010521078355,-0.04627341293013481,-0.15773099531676757,0.0066294644854035375,0.10000657842713391,0.044430161798922424,-0.04090120195800117,0.08084393936597703,-0.004088476035239126,0.09019788654406881,-0.23995590878206816,-0.007991672126950221,0.09802857410130615,-0.0018720066848866063,0.5930889940516562
0.06787374538225265,0.055196652225897466,0.22668831765382746,0.06964605497056134,0.05613059951921143,0.10205548025943358,0.07239708254838936,0.10347404835023913,0.008572047040578176,0.15576566789109017,0.0775532773233739,0.14224503960385618,0.03970390226465329,0.09090275407242458,0.1102281042436721,0.06705299341157193,0.1407181453395111,0.4134906912592909,0.033874399177778555,0.24271699108377826,0.09281478654246768,0.3231712444428011,1.4082316113404958,0.17452456626438775,0.284341751702333,0.10867647737538876,0.11491798144625943,-0.19391350069701668,0.3791343106848178,0.2016231023146991,-0.3210750071330148,0.09074813063215202,0.03452836977326008,0.3452945131002181,-0.26538991578424365,0.695743387522692,0.22554018886979205,0.10159631998869892,0.03302470750774957,-0.03417131415572039,0.13489523308787194,0.03759568686212025,0.40569795617575805,0.25533397432896643,-0.15956777154603233,0.24064361744792137,0.13958278744383992,-0.07022475575691195,0.6154305108237219
0.051310297337829505,0.08567738000163531,0.19091564814951315,0.10412669186980028,0.09229834990567491,0.10895737301465797,0.0788454124608797,0.12596434969302445,0.1341692053262309,0.07099931419322456,0.11910844469281925,0.10979799949355223,0.04351056228998753,0.1664197210814572,0.14030916591975523,0.1553157961509282,0.2415321008754059,0.09218591316254174,0.09123766326553796,0.2362172021341749,0.14656209256941172,0.026852815597657332,0.17452456626438775,0.48681913157876994,0.17416790860575415,-0.024559450308556236,0.1689530356653322,0.1849965813384144,0.13026924485871427,0.4322043892404867,0.11215197264169495,0.23847414394648195,0.38856514257046265,0.053803720972605246,0.013500735252181154,0.2916322189678644,0.2842771681163681,0.16028665197532752,0.03531515511846732,0.0003770850456935795,0.18888596744772657,0.1408935408801529,0.1417195968624292,0.08548977291854888,0.04171256664113228,0.27954113086956955,0.2791005536548857,-0.0231365076503292,0.5544765081862897
0.07915679076945778,0.2118804432157424,0.32759067302250405,0.1224050217451633,0.09719320393100304,0.22977288374542473,0.11162582926285676,0.2816300640166133,0.03209856171284776,0.13850201422930053,0.15259603714343423,0.24471616336209848,0.05335062727789366,0.1548346983202011,0.2506350981464648,0.23891153148180572,0.301285557073116,0.1707265891817752,0.13141291453236773,0.24641804019667543,0.15337922818499886,0.19566601388322763,0.284341751702333,0.17416790860575415,0.9945224519653865,0.10066742711316956,0.18542739521360777,0.06856821986640706,0.409188588913831,0.1308771861679921,0.051416446899674416,0.15121550013342255,0.07086656398100626,0.3252846961835343,0.11010547197559957,0.3371761188633046,0.2491871733710408,0.14813381870451728,0.1796902983435138,0.09741611700164783,0.14120490877778968,0.13945015315979561,0.2528707143600002,0.041588631079327525,0.11594043124536983,0.358924776781916,0.27778430511770424,-0.03933442463577627,0.2689548591885856
0.08334811541891007,0.033993426491880585,0.2444939177984873,0.11794474864626858,0.0892478807842819,0.2824233435133074,0.09417642696279209,0.15222676206829555,0.15789077155443917,0.0397291890055503,0.14888286883451632,0.14050875384005848,0.08156030599910713,0.12936110416979504,0.2738555192940459,0.13203518956722882,-0.05510665591500956,0.2299090380696693,0.11394326719255847,0.28305454937118835,0.07225178743726908,0.10646832358828515,0.10867647737538876,-0.024559450308556236,0.10066742711316956,1.7614455997806162,0.19349665755177178,0.04291625117758726,0.41033369471689407,-0.30178972095548556,-0.21401545730234217,0.09788369618731796,-0.03066552271898211,0.03362567293001052,0.08788682407202413,0.12886389005108678,-0.07015464670632504,0.09532018947193185,0.061041847443692995,0.12065431389731973,-0.3029456518898399,0.18303722466984115,0.6373130165841467,-0.03502659306684912,0.9716937686426166,-0.06335826267325495,-0.10266253284262439,-0.017521811548367877,-0.5485426157847085
0.06508266528983625,0.276582603658337,0.2628507999590609,0.09915095108120167,0.08017028657971456,0.17758378284458765,0.10448370340579272,0.1969726694306596,0.10448850953453255,0.12574150646732946,0.15290817219380784,0.19988445825465978,0.057265385096497416,0.11877022706351135,0.1613170396663449,0.2012409400178009,0.276364108306001,-0.014582542609158845,0.09539873176819388,0.37586407884310097,0.10010024541639288,0.12004055160969028,0.11491798144625943,0.1689530356653322,0.18542739521360777,0.19349665755177178,0.7344889048838589,0.16947035057554322,0.18286636495861036,0.14265470604596936,-0.01681681676855807,0.17644479728337537,0.1708413347606043,0.14110513550363274,0.17287088533984893,0.2669802041791082,0.2871615968976387,0.19352325257382252,0.06745176431878941,0.07089276022050459,0.1785817904765418,0.13227831793162773,0.2716980861135285,0.07815778148257795,0.1269860292475875,0.27446081616016754,0.18126890632587014,-0.019725078318256126,0.20425435719062615
0.04454255199001866,0.15639861213708905,0.1494162858428839,0.04967281719969478,0.06535242178971698,0.04383970957611055,0.04689839815589095,0.03777118842288134,0.11250165332636353,0.06881602724738155,0.07119548131903869,0.019198348651909853,0.032918271265916475,0.04366368392075108,0.16050831854555256,0.12512085257770872,0.16947278889773884,0.026015575074630853,0.06452255810819303,0.12943768838891254,0.1676024941321181,-0.15332324589251936,-0.19391350069701668,0.1849965813384144,0.06856821986640706,0.04291625117758726,0.16947035057554322,0.9477882199133694,-0.09255831700958357,0.5836839583024573,0.2679727101310445,-0.056406522960369083,0.38425286238298256,-0.048224328643175135,0.8410292769193,0.3740186699423995,0.44951030114522017,0.12835176130232973,0.1968465990300298,0.1824285345104161,0.3766313879433063,0.2360172982335167,0.0017149471649958125,0.22458154426531837,0.307648341757928,0.30059716767005945,0.1512882490555393,-0.005627528763691688,0.28288368909293343
0.054191542940703274,0.20386874990839296,0.5709771026694574,0.14981521997345376,0.07487212342710296,0.47544390926172,0.09872015767912333,0.28283824985523187,0.13103919387798454,0.2244840445724908,0.22707134744494484,0.17856901058710586,0.10326771046608783,0.11562226825893121,0.2476923158369157,0.3451854375303107,0.3051051953056249,0.1345203264507169,0.22806712575876126,0.18074919900261216,0.1878882169528511,-0.39975658291375604,0.3791343106848178,0.13026924485871427,0.409188588913831,0.41033369471689407,0.18286636495861036,-0.09255831700958357,3.761103972136806,0.3800266415687612,-0.6340729772817696,0.07683885580745509,0.201489590151333,0.6568924918442227,-0.21200986080799986,0.6624669626426977,0.6222577719401325,0.04597177579527317,-0.015103705776609586,-0.05492471585785352,0.12238678559795058,0.10855197159359803,0.22315786730120651,-0.20348337899390317,0.1177567271521685,0.3465605203108764,0.4837245643456259,-0.07829795634444323,0.9101711658642003
0.04066972975051423,0.13430010327223293,-0.09047060446800663,0.06222771729738856,0.10576262179839614,0.06743552126116024,0.034828629624263266,0.03871534522244961,0.10021193404216812,0.01643071132423834,0.014553309466000091,-0.09375942272116601,0.01215908395617377,-0.0009835624536482731,0.1589362116112907,0.15761280950442977,0.12328288935536674,0.08363140137236848,0.12738713411478883,0.3775364375831951,0.18554167316876607,-0.40525288926907055,0.2016231023146991,0.4322043892404867,0.1308771861679921,-0.30178972095548556,0.14265470604596936,0.5836839583024573,0.3800266415687612,3.7946478248670084,-0.09837990081090212,-0.21888547455740853,0.18719659493008625,-0.24746876405282162,0.8719175966579177,0.7136101161697812,1.1994268538102697,0.28592180980519366,0.4364515007912076,0.2119191487198863,0.8383728339758435,0.224281121708972,1.501356661012086,0.29668477670845866,0.7376121201810162,0.48365908858049134,0.09567681049916345,-0.05499057670380084,-0.022547725084055684
0.06996979082175014,0.2775170617451966,0.1713613310153161,0.0685375410765812,0.12099961130898869,0.02831312671941916,0.05102760860975726,0.07306056274619858,0.1579098318053189,0.10539710573554477,0.08067822375702932,0.027654375136618975,0.03306878324718969,0.1645521578882716,0.18802503204316448,0.08679912268413781,0.13274347598566205,0.182010785649299,0.08057773832463894,-0.017235514169114733,0.2549868705415467,-0.02150925196757813,-0.3210750071330148,0.11215197264169495,0.051416446899674416,-0.21401545730234217,-0.01681681676855807,0.2679727101310445,-0.6340729772817696,-0.09837990081090212,2.2489666932876142,0.2570318195642458,-0.007144319874112751,-0.056736573744281815,0.5554146678638029,0.3291160216680448,-0.7810081385124984,0.11136367199942471,0.35280605965996603,0.33577010598573714,0.2605594758154289,0.2393399093235276,-0.49360327097558543,-0.07245257873177689,-0.0020233691592549748,0.6315637674639032,0.47802470926488155,-0.030975941889449448,0.26852169164248796
0.07653239858899877,0.05977250553790204,0.19128468348968342,0.16310532869964797,0.11768566106833336,0.183713446118962,0.09874324352439612,0.16090277998308916,0.14995232313519666,0.0718817709883564,0.13085686518049447,0.1778194652678248,0.05382900993688415,0.4429428047157549,0.11478911347356931,0.1860247955489944,0.18378969642180415,0.045362868412695934,0.12544432003034903,0.23465251243355661,0.09242632119909855,0.18795641623462211,0.09074813063215202,0.23847414394648195,0.15121550013342255,0.09788369618731796,0.17644479728337537,-0.056406522960369083,0.07683885580745509,-0.21888547455740853,0.2570318195642458,1.0620048105451005,-0.003357710772238775,0.25867271377513207,-0.07745265913386108,0.07166695083639285,-0.3468388048964807,0.16789738872125198,0.09847111018783883,0.04727632366418905,0.07505085502483369,0.0657473582532597,-0.05712604597258851,-0.019770430326932747,-0.1566951385050142,0.29388072705495505,0.4448185958769044,-0.02348571594765058,0.7098716032432716
0.05429416027726823,0.04407993388313571,0.10751442255620257,0.0026600833584066084,0.01925766959279578,-0.12420361969071268,0.009260194588353844,0.05106755106870614,0.15422297190458126,-0.03014152932967228,0.10060618514850145,0.07411679797863117,0.03141845227342868,0.05995047138191268,0.07773764482119594,0.022002101876300317,0.3824606781566574,-0.0486514868633389,-0.00377534161739049,0.1944617340223711,0.22100395670577655,-0.07331198380039479,0.03452836977326008,0.38856514257046265,0.07086656398100626,-0.03066552271898211,0.1708413347606043,0.38425286238298256,0.201489590151333,0.18719659493008625,-0.007144319874112751,-0.003357710772238775,2.105227125489028,-0.5138107541927976,-1.0832928968654707,0.07270524649112711,0.4800566171686104,0.18021487664818908,-0.38676212618609557,-0.41636439275083265,-0.24021470136577333,0.2284258162353313,-0.18322391554152875,0.06930076424389187,-0.14668881559701408,0.19016410360887698,0.4789188419038168,-0.0023905583999463288,1.3893764618162392
-0.06526854664647483,0.1632471692089753,0.3316565377279333,0.22647316216953617,0.284016718900737,0.22473088129619245,0.21606902623615934,0.23803250437141305,0.044757760480573686,0.3059775956530681,0.13783467881450795,0.1803998479622333,0.0695057301306465,0.1387483282293002,0.2033599293180887,0.22502185047249815,0.17221804677608946,0.19442527144601066,0.1655544716283539,0.22706138872116444,0.01693526100409542,0.08499122618921746,0.3452945131002181,0.053803720972605246,0.3252846961835343,0.03362567293001052,0.14110513550363274,-0.048224328643175135,0.6568924918442227,-0.24746876405282162,-0.056736573744281815,0.25867271377513207,-0.5138107541927976,1.9653797793696184,0.4891022608581086,0.32133464051110644,0.7221249036719138,0.13472477363522417,0.29614908626634584,0.008022056991015835,0.3290385232326693,0.032294134740498,0.10365219773307492,0.13178958176880143,-0.43910429774757864,0.07630536424477255,0.3087907883519402,0.014347608678256471,0.0566639644522543
0.03154370447043113,0.2233875686780654,0.19504574433306315,0.09857859264934611,0.12406551702324789,0.16108294595593392,0.08683870981998651,0.07039484148986504,0.06927034005153095,0.1828631874744013,0.048745668229292424,0.0011340963805224025,0.04953077204402736,0.03811145614947805,0.1947922305114766,0.2634754547818603,-0.033309788502518506,0.11237771704685338,0.108776301229291,0.022944717642630817,0.08104617822799044,-0.1660010521078355,-0.26538991578424365,0.013500735252181154,0.11010547197559957,0.08788682407202413,0.17287088533984893,0.8410292769193,-0.21200986080799986,0.8719175966579177,0.5554146678638029,-0.07745265913386108,-1.0832928968654707,0.4891022608581086,3.0275217154732466,0.2808916787467837,0.2201122998798807,0.02764121502732932,0.689650252227544,0.7934424654686754,0.8095689294164651,0.17444536282119583,0.053147665054004645,0.3085588236618563,0.48162998283875796,0.4074613409166009,0.10508868448761423,0.018276179886889867,-0.42535005351868105
0.11282022403663312,0.3015861458984906,0.481977305769517,0.13660487019739298,0.15029771776241987,0.1963015631834382,0.1657033881697969,0.1869774992196078,0.15304011302277754,0.23233200852346272,0.16184439924221178,0.27950220415211874,0.057913436495239855,0.13938475331182107,0.29889201507193863,0.1854666918049508,0.283354723249574,0.3365385387567975,0.15122879103286146,0.2593405202414547,0.2962132217050943,-0.04627341293013481,0.695743387522692,0.2916322189678644,0.3371761188633046,0.12886389005108678,0.2669802041791082,0.3740186699423995,0.6624669626426977,0.7136101161697812,0.3291160216680448,0.07166695083639285,0.07270524649112711,0.32133464051110644,0.2808916787467837,2.789217507458647,0.16694697720530402,0.2135412681515106,0.13968746349457814,0.2802484464467195,0.4114938544079966,0.28561395066729817,0.014674965323255296,-0.17770246854678584,0.05150847219830074,0.9307001336159063,-0.31680592718662637,-0.24460890400080276,0.7945673032913542
0.04479795553373675,0.2428568117380705,0.3791066814552206,0.15061021818957554,0.31929871990485564,0.05244819286328632,0.13554828079053802,0.15878973950383587,0.24844140444976778,0.28011741208470464,0.13685264567718067,0.014847914890737094,0.005567565985891995,0.02106398566164578,0.36957573274049227,0.20643317618800822,0.4891922061918671,0.11036819640570836,0.16818162072057502,0.6103039427960681,0.2596432645746776,-0.15773099531676757,0.22554018886979205,0.2842771681163681,0.2491871733710408,-0.07015464670632504,0.2871615968976387,0.44951030114522017,0.6222577719401325,1.1994268538102697,-0.7810081385124984,-0.3468388048964807,0.4800566171686104,0.7221249036719138,0.2201122998798807,0.16694697720530402,5.08950404435643,0.36515027342276557,-0.5683181842077162,-0.4030952858996949,0.9932293047707711,0.2651351880669693,1.1079401167289893,0.38402186988725423,1.4815514124074454,0.1422366002943991,0.8065093440487284,0.08054682705098126,1.4378113075483532
0.06028810433780202,0.19579322835829147,0.23945063062638677,0.08302857644753953,0.07204193321734535,0.14244144214097568,0.06754693070484712,0.16511899251140275,0.09776042361764918,0.04669480047981597,0.14248793164685084,0.12576352043644126,0.031143801170895744,0.15214251440412224,0.13243976606983252,0.17970205017180704,0.3006480495739338,0.06459515800981508,0.09227326715290901,0.5809192125942031,0.11473576328623133,0.0066294644854035375,0.10159631998869892,0.16028665197532752,0.14813381870451728,0.09532018947193185,0.19352325257382252,0.12835176130232973,0.04597177579527317,0.28592180980519366,0.11136367199942471,0.16789738872125198,0.18021487664818908,0.13472477363522417,0.02764121502732932,0.2135412681515106,0.36515027342276557,0.6725916593267842,0.07442295107675194,0.08327744633250891,0.17109289382904475,0.10061568912086431,0.5575738329062891,0.0794860381115332,0.24516954014520045,0.29756743891514537,0.3363816080333465,-0.022983075594497596,0.4139718091013885
0.009020215889671288,0.17584968962704767,0.06980470208910206,0.07155029277738637,0.07017932127639974,0.14471521977717153,0.0451237147495848,0.16130084350002696,-0.04411631634901439,0.07498560858207996,0.07530854366405264,0.02990516273356969,0.08313665686414266,0.03861805905635254,0.18047774540390382,0.17726042879306683,-0.0828436715864727,0.16302231028750594,0.09288982970201543,0.06598199123015627,0.1415996720757116,0.10000657842713391,0.03302470750774957,0.03531515511846732,0.1796902983435138,0.061041847443692995,0.06745176431878941,0.1968465990300298,-0.015103705776609586,0.4364515007912076,0.35280605965996603,0.09847111018783883,-0.38676212618609557,0.29614908626634584,0.689650252227544,0.13968746349457814,-0.5683181842077162,0.07442295107675194,2.0428552671834197,0.6997752068981129,0.21135945194374434,0.16963961964906885,0.2313456731565839,0.16096237883562217,0.2169602364858892,0.24561685600634142,0.02968361617002465,-0.006913414552514625,-0.5054647901916887
0.01726163745310406,0.12081061927594726,-0.005753688070936211,0.03247337613787501,0.03443629946276324,0.08863533615555336,0.01582109670365763,0.07692133858679652,-0.01939318325668932,0.027423341074365042,0.04914270393225602,0.03328294432774312,0.03307882140359317,0.05168996732230445,0.1104245742015904,0.16226497900067946,0.024975681758916537,0.10386222157187987,0.054774588528954865,0.1050170568663027,0.15195803111638628,0.044430161798922424,-0.03417131415572039,0.0003770850456935795,0.09741611700164783,0.12065431389731973,0.07089276022050459,0.1824285345104161,-0.05492471585785352,0.2119191487198863,0.33577010598573714,0.04727632366418905,-0.41636439275083265,0.008022056991015835,0.7934424654686754,0.2802484464467195,-0.4030952858996949,0.08327744633250891,0.6997752068981129,1.4276256319251415,0.21883081145446948,0.18527576300050208,0.2410805313058398,-0.23461035295081456,0.5253456333804801,0.6142670243870366,0.20955845511711516,-0.01669779251105568,-0.25099487498399864
0.059074214312325485,0.1850164452695597,0.21333476233000645,0.09447163005329827,0.17118159315346848,0.0030795762747016326,0.07372928319100136,0.1066804715926596,0.07640058381503206,0.18569378695102048,0.09336332587744255,0.038827831806754066,0.04153557726880105,0.12676610907858143,0.20130133399002692,0.19041370991847678,0.25087541491344917,0.0966317531967794,0.10875477870012573,0.2274301462924438,0.224998843599494,-0.04090120195800117,0.13489523308787194,0.18888596744772657,0.14120490877778968,-0.3029456518898399,0.1785817904765418,0.3766313879433063,0.12238678559795058,0.8383728339758435,0.2605594758154289,0.07505085502483369,-0.24021470136577333,0.3290385232326693,0.8095689294164651,0.4114938544079966,0.9932293047707711,0.17109289382904475,0.21135945194374434,0.21883081145446948,2.2784429060585834,0.3159103333905408,-0.1251724539713787,0.27249980719325584,-0.38346551507396376,0.833893547759711,0.5954004336747057,-0.025319652518045962,0.7486260219006095
