0.9891758420108535,0.35078048680044155,0.2501966137617245,0.06920414175775293,0.15382015951814093,0.10585510113551398,0.17951947217110312,0.14526434740645247,0.10256136165707222,0.14488101294712533,0.11539432103083956,0.1280634711672856,0.10704520649030243,0.1337773223638581,0.1328048153239978,0.12814867657469928,0.14194619865005215,0.12967310450013983,0.059334357340932946,0.09194952762655759,0.12630480202647018,0.17597399193410226,0.06248373131118794,0.023215693171345732,0.1152105409972612,0.10274770013057524,0.11080554474061396,0.14806000730349822,-0.019956367355423367,0.1744165434467143,0.11864794505883461,0.12224679129594625,0.1426107593170896,-0.12253697329034131,0.15019449182793618,0.10819959840515964,0.13306139523955524,0.14163598450770834,0.09415237546582603,0.04291074691832775,0.1504068491797232,0.09903461133327655,0.05072911319169488,0.11108392123090594,0.11404039100406128,0.1329361057988883,0.15929155546076307,-0.00041456052035577904,-0.014340034582084911,0.055418374545256645,0.0021175846344347144,-0.0591477169551482,0.015062139475044338,-0.02186326866033541,0.1411500484434744,-0.012878529641583219,0.03695787775017845,-0.09033638159065659,-0.09189915714868264
0.35078048680044155,2.959770580279436,0.23958943820096212,-0.1082142556509061,0.07051920801015504,0.1257401383558299,0.11384240279054618,0.11817082506324933,0.09372319777659702,0.1526489422691937,0.11613086748579145,0.12700070088414026,0.07038110791666961,0.07259418773207685,0.2195134101446665,0.11338378287907758,0.16025349428044666,0.16832532900605562,0.03099226712820254,0.05430962648419209,0.2707250924329111,0.029048357214798735,-0.29881897424105996,-0.15177369627859869,0.09611436882372361,-0.12694983474790403,0.18396359469495346,0.08516919970760059,0.07354544743891583,0.2165647227695307,0.09830454549283428,0.10145253181277054,-0.011954677777235755,0.10858657732173137,0.09229623555715744,0.11970757972202159,0.060799345453903725,0.13434258618223227,-0.12158252590789889,0.0005725288915020782,0.1325681386768054,0.07877735150381167,0.08518290725437445,0.19548330395924782,0.2489887555383039,-0.015074929654739715,0.13015199369046215,0.006540580127041745,-0.2088820771711351,-0.09450361870552437,0.2558833088585751,-0.050515981876676705,-0.08103087311036931,0.015973161106722044,-0.6488732027408968,-0.06418656281398938,-0.08886015614818789,0.5042902841160658,0.1199927922315886
0.2501966137617245,0.23958943820096212,1.8795641503093452,0.21893677059588315,-0.13330546844566,0.31531617351863916,0.17467150784453903,0.3831234099805082,0.3110503183286858,0.423689292895266,0.23535725054672654,0.20096366518582431,0.1743123031287008,0.15002451019899501,0.22065375904876722,0.10380927523510586,0.3309487049800572,0.2831658945394582,0.12480992561160033,0.26191199725496894,0.1647424568543029,0.42163923883969645,0.32233876668808714,0.27827734034091756,0.2871586302899479,0.23502860234977124,0.1721684275842019,0.28038806663024485,0.362283787535131,0.1352388469455185,0.231649597155895,0.15281449961011737,0.3230220282916471,0.28025240721520767,0.2194886673695172,0.30119275400861056,0.44911406440880364,0.2140516726579489,0.13654675758389803,-0.2877097122540231,0.19182959585207576,0.18811237666163308,0.20058481572669604,0.18078961935276808,0.24314536509524937,0.4631144930694527,0.2698348382625604,-0.007133809455646568,0.11926608705082885,0.09592688014002053,0.043348081241149444,0.11788612574187832,0.04595035930497595,-0.2959514128635504,0.031274422978200024,-0.06630394180468506,-0.05109936265603744,0.0226752262685391,-0.10871031612462964
0.06920414175775293,-0.1082142556509061,0.21893677059588315,0.8975884482558809,0.25562667935516825,0.2539211225269095,0.21323003538272348,0.23751389152275798,0.1454832284060234,0.2210076065006859,0.1998116518251956,0.2542509473204454,0.19095939708133317,0.25372725329181534,0.20956132207447692,0.2647498799687405,0.20152001865454264,0.24503633798994948,0.07570987892356225,0.14729040119116352,0.11688307163960623,0.3195643439995585,0.291179405069727,0.24868711749615327,0.24721564829516418,0.2552280050371687,0.17305420718636877,0.14304639378914302,0.2891201065203367,0.1918102717099184,0.18601485707786228,0.24666167103518916,0.19020507932928984,0.3127400052258717,0.02952115009403132,0.17991712471059282,0.1696485763634076,0.18195786352747273,0.2988151939096835,0.010250556366698435,0.19617026920919964,0.15395744993405558,0.22131145627671592,0.3292279579703968,0.11584137651028306,-0.019840670634590208,0.24980821528983316,0.0031279350773725807,0.387931345963157,0.23225810729036525,-0.2539535992741283,0.06231518886581169,-0.06660332912921267,-0.011406363337063056,-0.036034941973977073,-0.002176656430446988,-0.05185106461751451,0.019420744053477552,0.031075115121080743
0.15382015951814093,0.07051920801015504,-0.13330546844566,0.25562667935516825,0.7847611231879347,0.20370556339622112,0.15585006172875618,0.17565988783332087,0.07614435679825245,0.1509030285451151,0.15640218971339775,0.2179725593052488,0.17436261616729912,0.21859797700498587,0.21050412684896705,0.27283036165395286,0.13865249014095368,0.19822597653186744,0.20400465442547777,0.11379357235650403,0.08601406865674104,0.22633376173209996,0.19035490402731456,0.1391428320329845,0.19795875835550705,0.2790180372584949,0.13771078020917174,0.04412782512599217,0.22854934356150944,0.11573125305331615,0.15226587589613183,0.22026410737854055,0.0688175226477808,0.3078216836165615,0.018799804579416216,0.18194840307084711,0.1260306735940157,0.15045062199980921,0.25542267078906183,0.12871511488367282,0.24405968941345893,0.16578019223093426,0.131694770081661,0.19397339071558217,0.0860771092621622,0.051006341611547545,0.19005735051774214,0.016735666759580634,0.2654094688371152,0.1891098984629216,-0.11736741056935439,-0.20479397924242948,0.005746600161429075,0.09405757721795405,-0.0796092027132937,-0.028573525663970693,-0.03430338895513471,0.008948141002065422,0.09428610736692972
0.10585510113551398,0.1257401383558299,0.31531617351863916,0.2539211225269095,0.20370556339622112,0.6222405056555558,0.06783165823343518,0.3786728055181168,0.17028728656261397,0.1392772067014346,0.21785566930488318,0.22551286381611893,0.1861201068353549,0.2188950714188504,0.23380681359638633,0.1919995448234093,0.24481036569192047,0.19453822449766553,0.1862261915396581,0.23577203109074285,0.18604704822861673,0.30596828222478967,0.18414733007077072,0.1995229566149643,0.2629501601447977,0.19916466031170688,0.18427302593479333,0.2094261690594381,0.3585778858056829,0.24981751671251395,0.17131235192974006,0.22079405395655288,0.1350316124988577,0.2979377051882063,0.18414045308556318,0.13256537589744077,0.25274105585979506,0.21046476632442523,0.26408505307542557,-0.07217572790566754,0.06479683365027251,0.16701507938509247,0.27946437614155956,0.2531269397978667,0.12008829071689264,0.0008000916840590567,0.24995018551068626,0.008561606449881309,0.4292844191617783,0.34988752972219694,-0.4837855208741777,0.14798329474530358,-0.09076730457171676,-0.034747960928647154,-0.08577323462627887,-0.05694578259037049,-0.07501822711040047,0.09147003745398764,0.040102343386125
0.17951947217110312,0.11384240279054618,0.17467150784453903,0.21323003538272348,0.15585006172875618,0.06783165823343518,0.47302435752796373,0.14105655150657467,0.21151451214695566,0.1880971093207564,0.18395991038985848,0.22218925735195108,0.18581149043009154,0.20406762544915355,0.18178774719156762,0.2280828180256815,0.21120822456734376,0.19281849269879744,0.05199864383934235,0.15673849788844468,0.14289579099137192,0.2911197061259626,0.26033636312989167,0.2040719687401379,0.2030414489988491,0.22683573558700737,0.16046164940463759,0.15062022254569318,0.1894640315150033,0.180837174629568,0.15740912851617497,0.2010014360105475,0.1740563904885005,0.23390773748587218,0.159320321484039,0.18118828851620136,0.1573193615690992,0.10027429063232934,0.2455948344442,0.05490351851796534,0.24137546067466278,0.1446170426664627,0.15406377102229213,0.19488734957593631,0.17915690281985025,0.07250670684595073,0.19648041057414475,0.00577864331790993,0.3527748846645694,0.04083525538367095,-0.0022092003406397344,-0.03511394931262283,0.0309022327203116,-0.05373948872023131,0.04345315909334377,0.028992516897374504,-0.014180771640100578,-0.026172363609473066,-0.09159529487269305
0.14526434740645247,0.11817082506324933,0.3831234099805082,0.23751389152275798,0.17565988783332087,0.3786728055181168,0.14105655150657467,0.6448984834726141,0.09786766449476622,0.22259143949889706,0.25179283040927425,0.1429009190443115,0.21930988153695175,0.23160390848014983,0.20049801232377565,0.19206434160303074,0.26373796913839537,0.26336219947925205,0.15449019382770512,0.21073216181105825,0.20864361834748982,0.31078887157834056,0.2338250124208615,0.17186506940597482,0.28437468925823073,0.2560806450913841,0.1723312041088132,0.23512868767416958,0.31755683855346745,0.28499920247326077,0.17743540535788588,0.2247255383232626,0.18512490969046808,0.31230838414253237,0.2603727768968851,0.19031146239411606,0.2340899754821501,0.17975328032090412,0.28247447938081777,-0.029676440357262773,0.21773632826566752,0.1783790498008907,0.23371266857594056,0.2866130710903724,0.25538469611967424,0.06920450572979202,0.2939349103989677,0.014045896616136993,0.3313310405997944,0.21611122228716514,-0.18885181166477907,0.015377205587302135,-0.02214615389028517,-0.06344106316932613,-0.16092911216240877,-0.11938380730954043,-0.06842629130794324,0.22645092589256569,-0.03585980802426209
0.10256136165707222,0.09372319777659702,0.3110503183286858,0.1454832284060234,0.07614435679825245,0.17028728656261397,0.21151451214695566,0.09786766449476622,0.5416787518135994,0.10481659218173106,0.1257294959049476,0.1190606283332864,0.1041798669031153,0.21403160838473925,0.1892578963774335,0.1454261005556616,0.16844103917261918,0.15671030082462414,-0.04060001864325886,0.1172674038324855,0.10519853199617692,0.2521911383390344,0.25942324120984483,0.26318662817106286,0.1861974345534452,0.2603349751174116,0.13315692918351976,0.12498945200091484,0.2083200409251742,0.1514604958724774,0.1654311247277182,0.18912975872306143,0.12925620953818498,0.16241217623545964,0.16186120183114064,0.15262402286315144,0.2074733586059011,0.09712545193182953,0.16582933681981918,0.006863247280184801,0.1819932160805627,0.13159002852572552,0.14174507083273355,0.10979996263892589,0.1205381790322056,0.12769361453801298,0.17149641135867977,0.006030008673213361,0.3916378931895862,-0.0034354704777603356,-0.12665714056058675,-0.017269848664147974,0.09291780368762773,-0.02792016552687814,0.10374360960372062,0.05829356096137033,0.06306459555350684,-0.13246665110792646,-0.07705368038722642
0.14488101294712533,0.1526489422691937,0.423689292895266,0.2210076065006859,0.1509030285451151,0.1392772067014346,0.1880971093207564,0.22259143949889706,0.10481659218173106,0.7444083911358559,0.12040306632821153,0.2449860163115485,0.12909592918097315,0.21029318791061022,0.17671662654659676,0.19698121037796215,0.2139626288974523,0.268606118604215,0.06486997343813572,0.17868988205459954,0.1539286110179519,0.2594327582282147,0.25018713813778876,0.18048989864388376,0.23031998275979995,0.2342767574229461,0.19319537493655786,0.1773548045444652,0.19589071009764653,0.24860688842901815,0.2142935923506655,0.2268822311339905,0.14958806791176735,0.345280761450129,0.23524822577162738,0.25032527432163826,0.20176325720351634,0.15789564249873864,0.28492635085758594,0.11114816988755664,0.40096568699900764,0.17215116724176183,0.1607002594881175,0.2821589304189879,0.28979421654572657,0.16777949645087822,0.33008300369196375,0.020722801875735403,0.1801906293820579,0.035348564962131276,0.05331131125658372,-0.21622827458073662,0.05184705856655732,0.03535580952384518,-0.05394373616006148,-0.029334372321145354,0.11426139750990538,-0.02486164405875098,-0.04481857740302869
0.11539432103083956,0.11613086748579145,0.23535725054672654,0.1998116518251956,0.15640218971339775,0.21785566930488318,0.18395991038985848,0.25179283040927425,0.1257294959049476,0.12040306632821153,0.49664536777933144,0.20981659404785197,0.20811292225990483,0.19914700046898426,0.28951677626853767,0.20068278906556325,0.25062765171355217,0.22867724018422445,0.07244537606400904,0.23907136342055985,0.1589421592391451,0.26124464432508415,0.25294034991534764,0.1875453992154166,0.24766779627388677,0.26158738568714435,0.18206121751043025,0.20452125610944508,0.2620488713581022,0.207970849593163,0.17197178013561176,0.2051466521695263,0.15829946095527578,0.24563349898329556,0.2311758927582965,0.18273168121080052,0.19569037497446837,0.13781744247614588,0.2576112905963065,0.05620233369071815,0.22056494345769836,0.17646426482701136,0.20238939020237365,0.13606567076923887,0.14855630879940737,0.13413034954572306,0.24087507018669813,0.01344362572522384,0.23847035647746795,0.10256041841935883,-0.15631240171905136,0.013520616151184384,0.0037222909148150103,-0.01510978680071946,-0.021445551371151676,0.004611877997941081,-0.0007588935817826661,0.017462672995373452,-0.039867885540675274
0.1280634711672856,0.12700070088414026,0.20096366518582431,0.2542509473204454,0.2179725593052488,0.22551286381611893,0.22218925735195108,0.1429009190443115,0.1190606283332864,0.2449860163115485,0.20981659404785197,0.5585893290567939,0.13403414688733728,0.2431300586415337,0.2167224136565913,0.21435720714807602,0.17879193403799648,0.11099764283640291,0.08656003787115904,0.23862110227210614,0.12513294746733333,0.22273128980317297,0.1720489372471212,0.16936513669058803,0.2524156224546582,0.14093833964137248,0.2273375344149662,0.14585519780726644,0.21695474506700776,0.2436592319663611,0.14889574869152133,0.2455666990384349,0.10999204935594827,0.2887425847247351,0.2309821591186755,0.1595003465145585,0.1033575802424965,0.13840438425802462,0.24632262631330093,0.04661780037883105,0.16627474141878107,0.14392470166115412,0.21188032363240264,0.24250862061764142,0.11764610567711653,-0.0014195638078047727,0.2162514071171012,0.017300074168421546,0.34191212275496424,0.039387510995800304,-0.26253809054856747,0.03882669364082676,0.03289855384507485,0.06271514628887415,0.0033532669774232085,0.042527921292776126,0.0056148453342452906,-0.06007919907029871,0.02109994334625065
0.10704520649030243,0.07038110791666961,0.1743123031287008,0.19095939708133317,0.17436261616729912,0.1861201068353549,0.18581149043009154,0.21930988153695175,0.1041798669031153,0.12909592918097315,0.20811292225990483,0.13403414688733728,0.38521686321607834,0.1656035183491365,0.12424142612064482,0.14903027424828946,0.16186596523884358,0.1891531967457776,0.09531715932305473,0.11077082345467089,0.17170524222515562,0.2087658252371687,0.233556858798783,0.16379783170639706,0.18257820888083967,0.23184978399744735,0.12733595378061616,0.12426035573702296,0.2220906286287222,0.15151919461055843,0.12654366336660536,0.1699441504897917,0.1349456260414309,0.21246750179540047,0.13043795517666634,0.14196580873858283,0.13874612146599413,0.09592080758178045,0.25001899254523224,0.05052342546944008,0.196595497641722,0.12129733308601419,0.13403763326957405,0.17077263711788623,0.11861334470942385,0.08027412087119971,0.182196617321534,0.009738792057285842,0.23487866879233366,0.11562709862672026,-0.05479545153645961,-0.048329437718162185,0.009354364416031647,-0.043743213728084124,-0.018694631409702112,-0.013276961812061772,-0.055927301496772754,-0.0195221624365232,0.04991388657001879
0.1337773223638581,0.07259418773207685,0.15002451019899501,0.25372725329181534,0.21859797700498587,0.2188950714188504,0.20406762544915355,0.23160390848014983,0.21403160838473925,0.21029318791061022,0.19914700046898426,0.2431300586415337,0.1656035183491365,0.6391636235143728,0.27323623235091865,0.34327350918286637,0.2547138017224753,0.1987374510102905,0.06858786011455417,0.20577708057986793,0.07175844411036737,0.5208196848811607,0.26593782064545324,0.30688508982239776,0.28968637867087327,0.4521013550015116,0.27625252068878875,0.2344472965746402,0.10716694194847595,0.31020822473259513,0.23086579292556544,0.5319365043311256,0.15297470401405824,0.31388798535824947,0.3456435030900488,0.32736799679153583,0.1279289422196003,0.18732682469923936,0.3205579939604865,0.13134191694259884,0.4493388461975599,0.24776751215595455,0.20474525709478364,0.3850313386070605,0.19794105133332415,0.03424233241501062,0.2994846927540731,-0.0036912668346144014,0.745702735252197,0.1676530835907716,-0.15194130093488759,-0.20224074635562936,0.023133600290454828,0.060280121314115816,-0.06748433814748572,0.010298426594967358,0.22363006883884107,-0.03165416563547317,-0.08700837691417064
0.1328048153239978,0.2195134101446665,0.22065375904876722,0.20956132207447692,0.21050412684896705,0.23380681359638633,0.18178774719156762,0.20049801232377565,0.1892578963774335,0.17671662654659676,0.28951677626853767,0.2167224136565913,0.12424142612064482,0.27323623235091865,0.6074535068322403,0.19966346784268738,0.24700266006824503,0.26817184764012614,0.06972078489224702,0.23178901982725097,0.10898308387632152,0.3582307477201324,0.28070913990083374,0.24770102599428984,0.2956873864263053,0.33186636700426275,0.20965192674119076,0.22841298126446619,0.34890176834838155,0.26868672680530975,0.2043451125486425,0.266576453413178,0.15769796018314144,0.29355067196066764,0.2639752597830103,0.2130872847310724,0.2060594707724827,0.13234268042632633,0.2981669699173007,0.07954504903420616,0.310893690762061,0.1980240735545196,0.21797485652925394,0.18907522935496834,0.1735955055125494,0.13218935777204704,0.2833234414625441,0.007369600023974619,0.45558658276072717,0.31343251049035026,-0.2632289325665635,-0.12386007138370903,-0.07297018390204589,0.09785554556011249,0.000720750178351043,0.027174174206072942,0.05461133960506484,-0.01422693764582651,-0.07162987396408026
0.12814867657469928,0.11338378287907758,0.10380927523510586,0.2647498799687405,0.27283036165395286,0.1919995448234093,0.2280828180256815,0.19206434160303074,0.1454261005556616,0.19698121037796215,0.20068278906556325,0.21435720714807602,0.14903027424828946,0.34327350918286637,0.19966346784268738,0.8382905250285071,0.26057766185227815,0.17551079290652216,0.12464993669141829,0.21848660538451103,0.14673624518083367,0.377774212806508,0.0917212779740068,0.1967781825859458,0.28133646129518936,0.2701768132371662,0.26753214774895806,0.2825788483571124,0.28288355367309903,0.3938298902769612,0.19797764253272812,0.35153036898469264,0.1057330379889581,0.2994303531902277,0.44905242241876353,0.2867948794575555,0.21170918884219309,0.17067217024076325,0.28802244429669044,0.14521098677921995,0.38734531191807,0.2695032855795643,0.26563369487780525,0.23270937271982625,0.2475934468666105,0.04992981056644278,0.3278890519383229,1.6394187948273755e-5,0.40935053811769334,-0.04420538050267865,-0.2126053383373306,0.05809284822455882,0.020983500972043507,0.060136532481887855,-0.015461597760165167,-0.0012874770781732036,0.040278544587644405,-0.055015687170417195,0.06164850906511425
0.14194619865005215,0.16025349428044666,0.3309487049800572,0.20152001865454264,0.13865249014095368,0.24481036569192047,0.21120822456734376,0.26373796913839537,0.16844103917261918,0.2139626288974523,0.25062765171355217,0.17879193403799648,0.16186596523884358,0.2547138017224753,0.24700266006824503,0.26057766185227815,0.6174047850865458,0.26091984266578666,0.12171405302372569,0.22344756297613072,0.10852272135384694,0.6056619841699458,0.30662091964440213,0.22654111031504687,0.2723832257693048,0.29744652237227104,0.2142486287580588,0.45440551128494644,0.17583990766231605,0.3192891946240972,0.2027760708680761,0.2620985890999475,0.38234225333478855,0.2143322865281513,0.3079098071949033,0.2798117344875846,0.29090742515702117,0.21890144213379734,0.23238643953559157,0.005399331694848235,0.34722312938691585,0.282031098005236,0.18697484246585866,0.32084662526188057,0.20143078052410102,0.1548848214436283,0.3426742335169983,-0.008463874946303442,0.4617272353578796,0.3394117627554674,-0.0620380095922675,-0.14176283707091705,-0.12523696487649333,-0.061685924079092735,-0.12978350822466683,-0.01727874242408689,-0.04396373462926354,0.0752600849144874,-0.06776672618510865
0.12967310450013983,0.16832532900605562,0.2831658945394582,0.24503633798994948,0.19822597653186744,0.19453822449766553,0.19281849269879744,0.26336219947925205,0.15671030082462414,0.268606118604215,0.22867724018422445,0.11099764283640291,0.1891531967457776,0.1987374510102905,0.26817184764012614,0.17551079290652216,0.26091984266578666,0.8579697831990359,0.10669135026343692,-0.09844779605418325,0.21885463466355604,0.39096533689971574,0.6396916817303162,0.287878509639058,0.29656868274146514,0.4594798734043636,0.07973582211528846,0.2431300850842662,0.3634140287244722,0.15923622644242016,0.2590712318412397,0.21319843440205336,0.2709145833829388,0.30594411927278414,0.14437073697411357,0.2933296439843993,0.1621445956879619,0.09033326507916974,0.3532771006459955,0.16728753285762255,0.4640415820417764,0.15783761078825528,0.16703446886682763,0.19673023339546236,0.4207564068982191,0.20435716202403445,0.47410007511985713,-0.009177668155705246,0.18751507919749982,0.40788454562123777,0.30469862710142526,-0.49078420821716473,-0.1331781470968174,-0.060627916851192155,-0.05923093669650478,-0.03877157838627088,0.0012084765237607169,0.1276475677063987,-0.15821767563636374
0.059334357340932946,0.03099226712820254,0.12480992561160033,0.07570987892356225,0.20400465442547777,0.1862261915396581,0.05199864383934235,0.15449019382770512,-0.04060001864325886,0.06486997343813572,0.07244537606400904,0.08656003787115904,0.09531715932305473,0.06858786011455417,0.06972078489224702,0.12464993669141829,0.12171405302372569,0.10669135026343692,0.6559701812178433,0.0845058947104689,0.11555601557970276,0.18950119970573628,-0.023745016222102944,0.031111609863422953,0.07693371098340862,0.04593649405451479,0.060931695302450996,0.1418236621329939,0.08621280836184235,0.08847986670798753,0.09469166085424251,0.1056054987992314,0.12163022157331915,0.11413726721998989,-0.009724563703175584,0.16053066072251254,0.09401111673846485,0.1427870589719187,0.16067550363458416,0.041251252239006296,0.14738395071701385,0.08292368598057231,0.04970231979857651,0.14909406109940862,0.18490898661592473,0.11652961730437272,0.10925753344822342,0.0011645120553528095,-0.09650319720196454,-0.027323936623924176,0.26150615283580464,0.1683324633778197,-0.17597607430777512,-0.0860143255556858,-0.08323838233745086,-0.048689769930275704,-0.015422495027840155,0.1051121717705459,-0.02699146124876799
0.09194952762655759,0.05430962648419209,0.26191199725496894,0.14729040119116352,0.11379357235650403,0.23577203109074285,0.15673849788844468,0.21073216181105825,0.1172674038324855,0.17868988205459954,0.23907136342055985,0.23862110227210614,0.11077082345467089,0.20577708057986793,0.23178901982725097,0.21848660538451103,0.22344756297613072,-0.09844779605418325,0.0845058947104689,1.8854577257205962,0.00691702873960483,0.12740662804285216,-0.05705272489271932,0.16837738518671086,0.23838194333350843,0.34447287713849156,0.4804859623893443,0.5030701061701867,0.09869265090013005,0.21443209279183487,0.23712861741568833,0.18795589688394476,0.5033900063126621,0.24985797333163864,0.35106929019132543,-0.0782362312430579,0.5567718795701796,0.15202771725976702,0.7031506693642762,0.09584421508095574,0.11866023337779533,0.16136120329567274,0.5693698917391937,0.1574560707458272,0.5034884231300453,-0.2893839426523267,0.14715600998176648,0.08510549571750539,0.9629697765353633,0.06776669098790906,-0.6880736936598392,0.5147048770880958,-0.01738481858535926,-0.014957362414809845,0.11614349914841139,0.0035637262657457753,-0.018894811169793177,-0.008172039271820279,0.02797689982743656
0.12630480202647018,0.2707250924329111,0.1647424568543029,0.11688307163960623,0.08601406865674104,0.18604704822861673,0.14289579099137192,0.20864361834748982,0.10519853199617692,0.1539286110179519,0.1589421592391451,0.12513294746733333,0.17170524222515562,0.07175844411036737,0.10898308387632152,0.14673624518083367,0.10852272135384694,0.21885463466355604,0.11555601557970276,0.00691702873960483,1.7547789007762304,-0.3758041814327814,0.013508039223003646,-0.14213671085155985,0.19599715896404699,-1.003139074618702,-0.006423901101825696,0.03747997854890803,0.4043065974674661,0.9562798048242619,0.1257303918452767,0.02334596369205066,-0.10392693282086314,0.24941521726416824,0.39093192344501754,-0.00866165392170032,0.39356471008044996,0.2091776303896482,-0.11271401105138473,-0.17313853055997525,0.13034485626945408,0.11087673891119881,0.26067447974208824,0.3545014468847168,1.002536175419214,-0.13918185948579456,0.6261539696730253,0.04817435714304698,-1.0467042179705395,-0.3679840228895495,0.1508464148950349,-0.040194770087608474,0.2730486193361003,0.056949827707209445,-0.12026846994195557,-0.04820709910882133,-0.1843504742670786,0.2482439249222253,-0.07423568858145277
0.17597399193410226,0.029048357214798735,0.42163923883969645,0.3195643439995585,0.22633376173209996,0.30596828222478967,0.2911197061259626,0.31078887157834056,0.2521911383390344,0.2594327582282147,0.26124464432508415,0.22273128980317297,0.2087658252371687,0.5208196848811607,0.3582307477201324,0.377774212806508,0.6056619841699458,0.39096533689971574,0.18950119970573628,0.12740662804285216,-0.3758041814327814,2.3986750588594736,0.6574100204818658,0.4942811352776359,0.4532012133411078,0.823670202225016,0.4020590372218611,0.4658286407464267,0.18256208785804362,0.24532664250950298,0.2802906137297139,0.5877464919816691,0.6800556995948395,0.28872528923152874,0.21557031455310646,0.4986573225640246,0.2942253283178553,0.4140039941665799,0.48201856364670104,-0.022296109283233997,0.5082928218845606,0.3995098622428765,0.12697058595732683,0.9018878632206933,-0.3548862320557536,0.35070457567780466,0.3106255120040736,-0.1986373483514478,2.3921212960654956,0.44324694676522874,-0.1427373697189361,-0.38656843365390997,-0.14818222078125806,-0.09211638068717899,-0.13220836656958573,-0.02322784235579072,0.03350213160967156,0.07279126344377515,-0.11838453700958507
0.06248373131118794,-0.29881897424105996,0.32233876668808714,0.291179405069727,0.19035490402731456,0.18414733007077072,0.26033636312989167,0.2338250124208615,0.25942324120984483,0.25018713813778876,0.25294034991534764,0.1720489372471212,0.233556858798783,0.26593782064545324,0.28070913990083374,0.0917212779740068,0.30662091964440213,0.6396916817303162,-0.023745016222102944,-0.05705272489271932,0.013508039223003646,0.6574100204818658,2.101093870245778,0.6941028501331218,0.5306935641742938,0.4569388390519921,0.07645529362357714,0.2719674354104162,0.8681242966576446,0.3858403252921923,0.04979135662945636,0.19730039459022325,0.48414924425682615,0.45832587543567793,0.19157799979787424,0.20584471737718288,0.43438928766864643,-0.036880045021558665,0.6829852824543283,0.04222142021655524,0.39438458939778015,0.16656996841484414,0.3165109123348872,0.2965970700337647,-0.03335646738431908,0.3727710887723114,0.5339932081092715,0.0077607746865395845,0.9892776866758566,0.4115483735655096,-0.08588725760013997,-0.32281828867877393,0.08175972686990432,-0.08399925007886604,0.11160171697055762,0.03627183663991507,-0.09795820108905723,-0.11808128383201649,0.012432000423105537
0.023215693171345732,-0.15177369627859869,0.27827734034091756,0.24868711749615327,0.1391428320329845,0.1995229566149643,0.2040719687401379,0.17186506940597482,0.26318662817106286,0.18048989864388376,0.1875453992154166,0.16936513669058803,0.16379783170639706,0.30688508982239776,0.24770102599428984,0.1967781825859458,0.22654111031504687,0.287878509639058,0.031111609863422953,0.16837738518671086,-0.14213671085155985,0.4942811352776359,0.6941028501331218,1.262338381658148,0.3127273741169615,0.27790266268269787,0.11176656957065453,0.1444137702734029,0.5583974005841774,0.5079018331750762,0.31854652622546803,0.24597118724915903,0.36655264083431377,0.21238207870724254,0.07209702514953258,0.3086586789166041,0.35894007602599504,0.1960940441285797,0.2771921203597779,-0.06380013599221877,0.1638111754983115,0.2144536771161126,0.5880041907395186,0.37535479117723225,0.12276834418473759,0.16587874999262037,0.4079772015016747,0.030356978165737004,1.0624757794682715,0.19153863689057446,-0.28343606967952334,-0.06201917413855766,0.0995303657755639,-0.05309163797998594,0.17184569354142065,0.08930009176821598,0.16870488710642015,-0.3078500477785538,-0.035175576624935034
0.1152105409972612,0.09611436882372361,0.2871586302899479,0.24721564829516418,0.19795875835550705,0.2629501601447977,0.2030414489988491,0.28437468925823073,0.1861974345534452,0.23031998275979995,0.24766779627388677,0.2524156224546582,0.18257820888083967,0.28968637867087327,0.2956873864263053,0.28133646129518936,0.2723832257693048,0.29656868274146514,0.07693371098340862,0.23838194333350843,0.19599715896404699,0.4532012133411078,0.5306935641742938,0.3127273741169615,0.8511058173976319,0.2335313921903372,0.23041986249805246,0.22935479683362853,0.954555781826464,0.5486101425983916,0.22719947664887455,0.27670134829739157,0.24222809344227367,0.45316519328626964,0.28904683976335954,0.2980858177803017,0.38468459830869345,0.21056441024931816,0.364329597029884,0.020311467431880306,0.35788613150794996,0.2254246844932919,0.33518570734224024,0.23496927544314788,0.26647542029328536,0.2530219182450959,0.4523196503482871,-0.003954972511861534,0.4088854232805502,0.025627882983528527,-0.2265432416026111,-0.035439109906137314,0.08680823035008314,0.024149833781229285,-0.030293565321336462,-0.016155061550450864,-0.035728587116046866,0.033443231878962636,-0.011027323711828905
0.10274770013057524,-0.12694983474790403,0.23502860234977124,0.2552280050371687,0.2790180372584949,0.19916466031170688,0.22683573558700737,0.2560806450913841,0.2603349751174116,0.2342767574229461,0.26158738568714435,0.14093833964137248,0.23184978399744735,0.4521013550015116,0.33186636700426275,0.2701768132371662,0.29744652237227104,0.4594798734043636,0.04593649405451479,0.34447287713849156,-1.003139074618702,0.823670202225016,0.4569388390519921,0.27790266268269787,0.2335313921903372,2.9950525420343252,0.37464154017536455,0.39001784007117346,-0.21371662089006294,-1.1591935146352603,0.30874543880376304,0.5728132234565784,0.2620315794724345,0.312703401310195,0.22013005277366707,0.5028271794465088,-0.49985265938010265,-0.16280372822566955,0.9841632092002444,0.9086742563903298,1.0943574699166454,0.2999922214142599,-0.26545401071633307,-0.2497478915264955,0.29961363932795515,0.08157827226367698,-0.32877431191715567,-0.025648984936374526,1.771681431180643,0.7646289758248637,0.2516355614026763,-0.5335585738783019,-0.4526260115034421,-0.06478033413201467,-0.013256711319138071,-0.03836550434658989,0.21169422833433577,0.006298680579521399,-0.1474509873323195
0.11080554474061396,0.18396359469495346,0.1721684275842019,0.17305420718636877,0.13771078020917174,0.18427302593479333,0.16046164940463759,0.1723312041088132,0.13315692918351976,0.19319537493655786,0.18206121751043025,0.2273375344149662,0.12733595378061616,0.27625252068878875,0.20965192674119076,0.26753214774895806,0.2142486287580588,0.07973582211528846,0.060931695302450996,0.4804859623893443,-0.006423901101825696,0.4020590372218611,0.07645529362357714,0.11176656957065453,0.23041986249805246,0.37464154017536455,0.8867412791187321,0.26100618406636333,0.01747466198422989,0.1929555395516024,0.2249590070999816,0.3224425699118122,0.26268208491171896,0.2891452612724903,0.2603792919470959,0.28694912338640943,0.18082207463764105,0.17681713260279838,0.3384707313720891,0.12237982160470111,0.23779349854127665,0.21604518760316418,0.4621759402999946,0.2506198183014812,0.20555535739038772,-0.052213459893751125,0.15785098583442428,0.01678701505162689,0.7697774001484263,0.11610715510822639,-0.35898692972238655,0.17477513024802102,-0.03244059927766726,0.010701479336261121,0.010425222905408356,0.012402580353971916,0.1168720349013586,0.0024898589499293454,-0.06277449169522385
0.14806000730349822,0.08516919970760059,0.28038806663024485,0.14304639378914302,0.04412782512599217,0.2094261690594381,0.15062022254569318,0.23512868767416958,0.12498945200091484,0.1773548045444652,0.20452125610944508,0.14585519780726644,0.12426035573702296,0.2344472965746402,0.22841298126446619,0.2825788483571124,0.45440551128494644,0.2431300850842662,0.1418236621329939,0.5030701061701867,0.03747997854890803,0.4658286407464267,0.2719674354104162,0.1444137702734029,0.22935479683362853,0.39001784007117346,0.26100618406636333,1.6623505043510522,-0.17625066635913342,0.3825706872130073,0.21015118236755623,0.2856141701296505,1.0765295910425952,-0.025322036643564198,0.8188448244327279,0.1627794943377443,0.36639819294900566,0.15160030993373425,0.5862959698095729,0.025976442568571314,0.42033659113254285,0.2207849344824811,0.22129678544188897,0.41451350270175996,0.28456099441501426,-0.1962033007448356,0.3718792901283477,0.05286923877819695,0.608182214103234,0.5799484576499232,-0.5459862775789966,0.4774645934234374,-0.5436746840499742,-0.04592123461336939,0.2725085881801974,-0.028134574805423897,0.130356088998894,-0.234405847661648,0.11258626707563436
-0.019956367355423367,0.07354544743891583,0.362283787535131,0.2891201065203367,0.22854934356150944,0.3585778858056829,0.1894640315150033,0.31755683855346745,0.2083200409251742,0.19589071009764653,0.2620488713581022,0.21695474506700776,0.2220906286287222,0.10716694194847595,0.34890176834838155,0.28288355367309903,0.17583990766231605,0.3634140287244722,0.08621280836184235,0.09869265090013005,0.4043065974674661,0.18256208785804362,0.8681242966576446,0.5583974005841774,0.954555781826464,-0.21371662089006294,0.01747466198422989,-0.17625066635913342,4.570876073660682,1.015009993539293,-0.08208847804604395,0.08553045754881884,0.07145881293893944,0.8592134634515769,-0.2691385300738445,0.2626906590053336,0.7581413086487341,-0.1791422801644361,0.2172824143336227,-0.13831200529489235,0.1368383711245637,0.0798260009512693,0.2692958632840674,-0.9972748565414892,0.41931745378730156,0.685091066822984,0.7184500060327178,-0.00986566113298271,1.2223593968792164,-0.011351610300108185,-0.37245726813870506,0.20825816049314438,0.11151968013172191,0.04404882712271256,-0.18264863101012863,-0.04662662660676123,-0.5551681413616032,0.2499508948222085,0.2407976431693268
0.1744165434467143,0.2165647227695307,0.1352388469455185,0.1918102717099184,0.11573125305331615,0.24981751671251395,0.180837174629568,0.28499920247326077,0.1514604958724774,0.24860688842901815,0.207970849593163,0.2436592319663611,0.15151919461055843,0.31020822473259513,0.26868672680530975,0.3938298902769612,0.3192891946240972,0.15923622644242016,0.08847986670798753,0.21443209279183487,0.9562798048242619,0.24532664250950298,0.3858403252921923,0.5079018331750762,0.5486101425983916,-1.1591935146352603,0.1929555395516024,0.3825706872130073,1.015009993539293,3.2271275570557303,0.27395983345912894,0.25044008594050876,0.29543708403467095,0.06514953351865148,0.8773932859431378,0.22898220155243829,0.9048744676829309,0.5361220081253778,-0.23851188287947958,-0.39813243095645023,0.6056836733824054,0.3568710413355943,0.8313161298588359,1.1723461096874526,0.5525087441556746,0.1506492898484683,1.4720156138990808,0.050050641253195624,-0.30085523126167935,-0.27214821395083416,-0.3661140049315148,-0.17962612183768098,0.4392524232183879,0.18054106434187694,-0.1277950185849572,-0.09305490328894178,-0.16986721923269288,0.39350080281311955,-0.1523255070542714
0.11864794505883461,0.09830454549283428,0.231649597155895,0.18601485707786228,0.15226587589613183,0.17131235192974006,0.15740912851617497,0.17743540535788588,0.1654311247277182,0.2142935923506655,0.17197178013561176,0.14889574869152133,0.12654366336660536,0.23086579292556544,0.2043451125486425,0.19797764253272812,0.2027760708680761,0.2590712318412397,0.09469166085424251,0.23712861741568833,0.1257303918452767,0.2802906137297139,0.04979135662945636,0.31854652622546803,0.22719947664887455,0.30874543880376304,0.2249590070999816,0.21015118236755623,-0.08208847804604395,0.27395983345912894,0.9970529291323944,0.27818621092160517,0.29428320675880987,0.17114458747968875,0.13372867212634332,0.5546950303169613,0.12002729622470247,0.3719204485696695,0.3848219058362634,0.09092197449217124,0.36494847388679574,0.2266044278737437,0.2983155801059016,0.4920943544150047,0.4633513068627682,0.003307950727387944,0.3130938037229302,0.011761538992323049,-0.09326138823857377,0.21481826372450746,-0.08759694839418064,-0.09738909641719955,-0.03235567386953245,-0.05610522716088787,0.08195751521644816,0.022077507987567635,0.27666707377642125,-0.2156470691793257,-0.1208863515902964
0.12224679129594625,0.10145253181277054,0.15281449961011737,0.24666167103518916,0.22026410737854055,0.22079405395655288,0.2010014360105475,0.2247255383232626,0.18912975872306143,0.2268822311339905,0.2051466521695263,0.2455666990384349,0.1699441504897917,0.5319365043311256,0.266576453413178,0.35153036898469264,0.2620985890999475,0.21319843440205336,0.1056054987992314,0.18795589688394476,0.02334596369205066,0.5877464919816691,0.19730039459022325,0.24597118724915903,0.27670134829739157,0.5728132234565784,0.3224425699118122,0.2856141701296505,0.08553045754881884,0.25044008594050876,0.27818621092160517,0.8038791462281779,0.1336025432105726,0.37131914900264273,0.3501807287723856,0.4232607823312476,0.025414556918027187,0.2101101049476367,0.4092456530508145,0.19100049294810134,0.535739857104077,0.26280091082889745,0.14294073151623046,0.40894061456677105,0.2598666328563864,0.040042214351476126,0.2808857343985459,-0.015757605527362144,0.7584306440911093,0.14900363088076823,-0.08649651786911955,-0.03201189022179362,-0.19065017381359953,0.06358201455004901,-0.058290668008789084,-0.020259703316138505,0.39524524101925285,-0.07793063185035205,-0.1891492449879841
0.1426107593170896,-0.011954677777235755,0.3230220282916471,0.19020507932928984,0.0688175226477808,0.1350316124988577,0.1740563904885005,0.18512490969046808,0.12925620953818498,0.14958806791176735,0.15829946095527578,0.10999204935594827,0.1349456260414309,0.15297470401405824,0.15769796018314144,0.1057330379889581,0.38234225333478855,0.2709145833829388,0.12163022157331915,0.5033900063126621,-0.10392693282086314,0.6800556995948395,0.48414924425682615,0.36655264083431377,0.24222809344227367,0.2620315794724345,0.26268208491171896,1.0765295910425952,0.07145881293893944,0.29543708403467095,0.29428320675880987,0.1336025432105726,2.682969633452762,-0.29259033906856646,-0.19848931966375546,0.13764963640826244,0.37239902805123704,0.3034434024925032,0.6288281454938534,-0.20961363150975248,0.18814218073456818,0.18782197335413617,0.16781490892971682,0.526828746734788,0.04647760459212915,-0.2759159923326323,0.435696276702296,0.08054505941506888,0.6118687900475135,0.48676242585791113,-0.5304502954956579,0.12558107533148674,-0.004630967782802741,-0.23926745878714847,0.115732560680186,-0.062396417897014014,-0.19434375827736639,0.0682920896617333,0.0879983707691295
-0.12253697329034131,0.10858657732173137,0.28025240721520767,0.3127400052258717,0.3078216836165615,0.2979377051882063,0.23390773748587218,0.31230838414253237,0.16241217623545964,0.345280761450129,0.24563349898329556,0.2887425847247351,0.21246750179540047,0.31388798535824947,0.29355067196066764,0.2994303531902277,0.2143322865281513,0.30594411927278414,0.11413726721998989,0.24985797333163864,0.24941521726416824,0.28872528923152874,0.45832587543567793,0.21238207870724254,0.45316519328626964,0.312703401310195,0.2891452612724903,-0.025322036643564198,0.8592134634515769,0.06514953351865148,0.17114458747968875,0.37131914900264273,-0.29259033906856646,2.2434774974814555,0.2984285467155037,0.14427138069728504,0.22211939601476105,0.13128277649188197,0.4394139550192168,-0.12168133362653548,0.47606700014194514,0.2275604751600162,0.7752877615114584,0.5114047846855132,0.2944996122044891,-0.034240835572117725,0.31449301395527784,0.03663877383744523,0.6735798838122443,0.11208663702821038,-0.21520352291590344,-0.0045334241897712155,-0.016189783727271083,0.0473369105115066,-0.24212124799032692,-0.028961066563300303,-0.1800471855615754,0.18731828950596996,0.1606199387383467
