0.7558544810752232,0.18777010418794762,0.20174742935842863,0.01786492127568782,0.06200890828338768,0.0650907426055322,0.1483102069572042,0.10325618769172464,0.09287413256719448,0.07383741576170014,0.07756191844604751,0.07537571683538526,0.04144085858409725,0.11642369913337236,0.0917192796041552,0.07014410390832534,0.004232980681085247,0.09735136774114107,0.042367931352484,0.03899209542797301,0.063676189760408,0.06462529550513478,0.0671286025799839,0.0324639064152206,0.08478407202722167,0.010318997234119732,0.04219365108909915,-0.02279775889197736,0.14951941478791642,0.056426625166684286,0.05651683761896196,0.0334838414453729,0.03365416147171455,0.0646137593830978,0.0833884193194672,0.034419401185386424,0.04305791051781935,0.037540734636193576,0.1160966670963778,0.03480172944331179,0.02036048344846242,0.018350870918559112,0.042394719762886494,0.04457691328094885,0.025085870398410776,0.04133689520560399,0.07379247287800898,-0.023890389776542106,0.08472365393503259,-0.0698885418455615,-0.00490419196390822,-0.009098945273094084,0.052543486718661665,0.011250734388429313,0.05066882027491057,0.016331520845914573,-0.04440969667691993,-0.00031235988466112057,-0.01810953646878852,0.02744141447038588
0.18777010418794762,4.001726184693338,0.08142700288492837,-0.18834151978690616,-0.007002124072718333,0.22230913931297383,-0.037545640723627975,0.0927598838362312,0.06591917501232554,0.08268174141834204,0.08862838987547358,0.08542072873915697,0.049427856328700635,0.06371906501799161,0.13610035078015592,0.07553484792388285,0.11473100775416513,0.37983059366813937,-0.1426906980070841,0.30989083913668974,0.15771762149354487,-0.01530311471738645,-0.10212653843360221,-0.13462240618460503,-0.03439219889353825,-0.14297383624497925,0.22198582196158628,0.2811430414767149,0.11921144797864906,-0.0459083779131802,0.1517205156322926,0.05532994452345766,0.10558165245357647,0.01490891877206208,-0.002312519405649347,0.060103479791530454,0.03668132457579407,0.15527549694806278,0.12259441868554015,0.16654857821177055,-0.023329909988761652,-0.017597329727135683,0.1609631480827517,0.07869940538876197,0.17440762920818734,0.03499677095505643,0.142995203576799,-0.08364318088087742,0.1068813477714349,-0.3152336829728789,0.17933766557495695,0.2664516985386269,-0.13433779840923163,0.15296864535731253,-0.41359564061384163,-0.019120172064104893,0.01211528718604334,-0.022188559712393658,0.4385731126405104,0.15886546025139114
0.20174742935842863,0.08142700288492837,1.9705885992473704,-0.0643431495253474,-0.5110923138807922,0.3739305090853594,-0.12758977241195818,0.3453364012565745,0.4866535876697701,0.4020027833295858,0.23083145531908597,0.13619796465829337,0.09095449009253108,0.1749137844067613,0.2251850722064951,0.09272313507719004,0.19259893505658027,0.08321713631247502,0.24450272642985219,0.2688400375166684,0.08900560069316205,0.3233327376900016,0.09615840788144482,0.26349357469661133,0.19770280654972594,0.1024853823360028,0.12559516798007958,0.11119960579800753,0.4593059868497007,0.39123159252565864,0.20088583635285553,0.050134269979397364,0.1114021317125504,0.18704828095164808,0.4591922063541856,0.20367313499220702,0.29045135326675786,0.1550884628888431,0.40432662370955286,0.1648449113253982,0.10430066421705596,0.18958981688078216,0.17315487756066708,0.12183306976809961,0.21751456837318728,0.159179366186894,0.24024738017678543,-0.0763790751746745,0.2752611585961727,-0.23122806921314887,-0.03470995936447396,-0.06524107025975971,0.13722830816672738,0.11390314454228019,0.11526363407716653,0.0028360910647213574,-0.07503284200676152,-0.2753455946687318,0.1775897420133561,0.39632810311783856
0.01786492127568782,-0.18834151978690616,-0.0643431495253474,1.1941994241586045,0.5606797210163321,0.23701103371592874,0.26356294432351945,0.26179448862656185,0.0356063170717955,0.10426555151418126,0.1395703548084458,0.19520946234555756,0.10580147044423802,0.2938912332926453,0.196742331803259,0.2201062898495705,0.10053496826717956,0.1926182123040675,-0.038661915322029165,0.10239849139173182,0.08267431776601301,0.006624760303674172,0.1643203775919712,0.07679349103117267,0.05160740139006678,0.0962399876021655,0.061961121913984674,-0.011702260929890773,0.060081320509134055,0.04635822059852042,0.09547936209459625,0.015956268076327346,0.01715727722642834,0.12123813751876378,0.15867382900391028,0.06774593459324983,0.0905022663426087,0.06900195419140413,0.20237989077737203,0.07040961731257034,0.06108483041371958,0.07771619690213122,0.08118389549996119,0.14316554004019022,0.04614285917019301,0.055829551564046655,0.11691012439474882,-0.010664309459290509,0.05696064308413744,0.0799190117250261,-0.04559894667458647,0.08515971958305267,-0.030113121826165174,-0.08753248122437984,0.02685193959838643,-0.05866436838427316,-0.4325344299098524,0.38060282210512386,-0.019670999473694453,-0.1313995299071559
0.06200890828338768,-0.007002124072718333,-0.5110923138807922,0.5606797210163321,1.203713917549346,0.14384861881917013,0.2314496186004271,0.21511574918597612,-0.06949984930306106,0.021343034391188186,0.10663970601145656,0.14816041995633772,0.09118308727561926,0.18621861112449348,0.15177875864949944,0.16341717662707,0.03270451018726384,0.2087369937912145,-0.09280355993458086,0.003751880253241501,0.10593503547691488,-0.11229007470394405,0.12985111537986335,-0.03744521776710926,0.006682123639010718,0.1304324628737935,0.02560621403767717,-0.07969949686375057,-0.015379049036619949,-0.11297665487275513,0.0505423851026999,0.08132891092191709,-0.0247059809507246,0.08058231855848315,0.013061336366284308,0.042278402394601795,0.0007992164674997852,0.010757574019465626,0.07310166140371392,0.07079514283582604,0.04708994928516213,0.06073397838945869,-0.05021747368984343,0.06881633692829717,0.009812796180936972,0.03331717836720169,0.04358617285448682,-0.00878256403929787,-0.0025153997057764566,0.05653721185923786,0.10340892802066037,-0.002204071783717559,0.07588475891398731,-0.07192722769792195,-0.08254699617700724,-0.07336183236595475,-0.2314308364982506,0.3137230741167584,-0.024519583722255628,-0.378002216793823
0.0650907426055322,0.22230913931297383,0.3739305090853594,0.23701103371592874,0.14384861881917013,0.8908821342326962,-0.19438429872918936,0.4161531779668912,0.26898307384746767,0.122546008166013,0.1622177175904167,0.1689346355392318,0.09618717589589366,0.33095839233215146,0.1397958950585696,0.21908172826390507,0.15765681221040811,0.1247609199241863,0.0031959322926882,0.15035395963877335,0.09482770559050953,0.11503845147840237,0.10892993963964556,0.08050299557326489,0.11143696018850302,0.17522645983224222,0.12323717328804192,0.09112002150426941,0.23291634066262915,0.11888913233326062,0.08638833894671576,0.07927299979155512,-0.10576023243511344,0.17733606192362647,0.2607485964007067,0.0052268010342005735,0.05797479900256643,0.08031487227356365,0.2554200388337694,0.14624775711797786,-0.04173138648400111,0.07719098569644113,0.15501708062834485,0.20735771191150196,0.06353502045183004,-0.04645529799527344,0.12410778501003364,-0.02405895592818204,0.25540349243857413,-0.18786935056119908,-0.23471538778494033,-0.008273025643442298,-0.08042330246766141,0.3159643245687465,-0.09207587674233986,-0.08898968285063172,-0.09268583568032936,0.2856590040033592,0.011044382487031127,0.3472179960141002
0.1483102069572042,-0.037545640723627975,-0.12758977241195818,0.26356294432351945,0.2314496186004271,-0.19438429872918936,0.8374190621718784,0.005715980776553431,0.12684137799244266,0.07902695940315227,0.14151711540622272,0.18559848580068602,0.09439185084016749,-0.030287545181665817,0.10988764908233269,0.08665637951447756,0.053445860262799016,0.1884900963448726,0.06492147699758928,0.0541728843342166,0.08135620195850023,0.0888626631241529,0.0804478253067988,0.039739125828115396,0.05853989335624911,0.09276804025915183,0.06722806935319217,-0.02960304026778269,-0.023861556558881454,-0.004251363237381686,0.09659998620782684,0.07817381972536414,0.1151844249667829,0.04141150831813501,-0.013302343905897459,0.10393016291954085,0.05438553845247855,0.05152822255916631,0.12300399181390968,0.0023077094252561235,0.06249623101929765,0.030307176350408156,0.03954276585101478,0.024021541249430397,0.029525215042756212,0.09551421794600737,0.08524277358389669,-0.01849889232284819,0.0685751628385893,0.04742567098565029,0.055279629027742284,0.028467617757691868,0.10509829104338694,-0.17553211721764103,0.016358957330580536,0.1343131728921548,-0.06339770144996146,-0.04911583057183301,-0.10299681983723798,-0.08680410805083437
0.10325618769172464,0.0927598838362312,0.3453364012565745,0.26179448862656185,0.21511574918597612,0.4161531779668912,0.005715980776553431,0.7543179446906433,0.07597088391571927,0.15688977086752548,0.1661287018954724,0.007859938527463717,0.10791952082865884,0.27741349083124356,0.09961467151898094,0.15440086286601534,0.13264070031432373,0.1594521581442574,0.0270928685970384,0.14684869216138569,0.16753466041216428,0.14271376557917637,0.14317143577487096,0.016888470779072875,-0.021351965753767015,0.18482693749498985,0.09190438985333092,-0.013576960326150961,0.11442627811974845,0.28411691349332585,0.0656874722071349,0.06875078074507289,0.014375377157813694,0.08265401987667306,0.20611519195814507,0.03169797378605443,0.14091625544121728,0.08485466046982476,0.3276937148023158,0.19742504271192216,0.04742402971790787,0.08797556916118314,0.1542146029983283,0.1772648109798746,0.13535605481931148,0.013188695233483759,0.21204389203207058,-0.003513779424756048,0.3033531248867823,-0.027798744054600585,-0.0701324849038075,-0.10411761220561427,0.07069336770637845,0.10836335425127348,-0.08431597455008391,-0.21174323580529858,-0.08901384641677247,0.34940509501758943,0.03399479809337212,0.1690280322570265
0.09287413256719448,0.06591917501232554,0.4866535876697701,0.0356063170717955,-0.06949984930306106,0.26898307384746767,0.12684137799244266,0.07597088391571927,0.6965625155820451,0.058713708918609574,0.14382388481330066,0.1689446559534345,0.06365802229445575,0.14620950774788655,0.17469248969005313,0.12695192269084868,0.10755922623991165,0.11000442027952438,0.0672893596145392,0.155093669792827,0.05119292342199596,0.04877223020486569,0.023427686947446263,0.10644401488701731,0.07969249622402273,0.17168728951006007,0.09180401021756872,0.09807202830810577,0.11547194549018419,0.0847851446528277,0.1559743593931476,0.0534835575365581,0.02875481173249237,0.12360673287967304,0.15610209371228928,0.1193371944530743,0.10396430259396866,0.1017846365956957,0.1907721971064963,0.04513904947420349,0.01624619903207756,0.06132385442364746,0.0822056385453942,0.05091005963593756,0.12137624444565656,0.07998033604752179,0.0961748679895251,-0.0643272509994219,0.16916052409992097,-0.3010058863517594,-0.011360707669490051,0.11491930844211963,0.13584844456664033,0.1134107947261355,0.021546988257757527,0.1954473851805058,-0.04767042285695605,-0.0822288817403732,-0.09928290555287103,0.2726244305720526
0.07383741576170014,0.08268174141834204,0.4020027833295858,0.10426555151418126,0.021343034391188186,0.122546008166013,0.07902695940315227,0.15688977086752548,0.058713708918609574,0.5658241672430792,0.08143311336171358,0.09375206023406295,0.08120822160572044,0.10542158728575572,0.09144041004330666,0.10327786841678056,0.09841506870843272,0.15964223440376277,0.07189034663065455,0.01952029864053847,-0.036242773194346385,0.12998938630674325,0.14391077677138653,0.12410093837771595,0.10198205804194513,0.027838205242550863,0.07328304158226989,0.004287579626772303,0.17020758946699246,0.15919388459644596,0.11108191623316539,0.041065207587471245,0.04302423013870701,0.08396489849279037,0.20200951046057355,0.1305828060919419,0.09729289162826893,0.0298078361349505,0.20119205175058752,0.06578250203157517,0.10260971753482212,0.07641160162542904,0.03463664046456078,0.10626518694403737,0.02518599238146412,0.079531133573059,0.1538891419115383,-0.06066657976586332,0.10376805377386097,-0.1284768130473386,0.0033806208987433506,-0.0920012011860059,0.11158470588905306,0.11810599579375368,0.056939406857339434,-0.0023068044290567103,-0.019163638893448194,-0.2864151465694772,0.21710017345223492,0.12267913858916202
0.07756191844604751,0.08862838987547358,0.23083145531908597,0.1395703548084458,0.10663970601145656,0.1622177175904167,0.14151711540622272,0.1661287018954724,0.14382388481330066,0.08143311336171358,0.39412461104623114,0.18786040771878237,0.10999894832452527,0.133040136341707,0.23681893060078016,0.1388083252663252,0.16147822731299752,0.09948142567762666,-0.02014543334983221,0.22122011122528534,0.14495672859114442,0.04250339278285287,0.042791537137979854,0.09516774823379609,0.05368188818154398,0.11419870859036947,0.11521062333374912,0.08096748907366909,0.09170090948992338,0.057525390914136734,0.14547489992097853,0.07837335074591029,0.010684968430794662,0.1081913964905065,0.19175400886132077,0.10922158760638484,0.09206464385451271,0.1173219198593091,0.19405989954044311,0.11702916169925694,0.07154829693071235,0.10647728832305475,0.09349379917520165,0.07776287084635607,0.13189306703709266,0.06825444077169904,0.07995637491332608,-0.03233203010824848,0.12360240980987092,-0.15224403548673654,-0.014993930966012169,0.07334886925259537,0.10065164265158433,0.045077709066335396,-0.03731196414129973,0.003781375616296698,-0.07098696623878296,0.0846350832447074,-0.03701752047561854,0.10976707430429007
0.07537571683538526,0.08542072873915697,0.13619796465829337,0.19520946234555756,0.14816041995633772,0.1689346355392318,0.18559848580068602,0.007859938527463717,0.1689446559534345,0.09375206023406295,0.18786040771878237,0.5781893801823528,0.07439195082143409,0.1300186287141743,0.13250230248704112,0.2028613324603938,0.10243195704674667,0.16836885681487201,0.028038518850583463,0.08838260950442563,0.013004918326460502,0.03878277442713142,0.10037567444048387,0.1050391778141367,0.15542503569267743,0.11820311799469042,0.13909666683059727,-0.04148267544990653,0.1390723571979399,-0.09365550158988914,0.09417949171513416,0.11627841170749176,0.06255089339816283,0.10976182572075122,0.06390910526933251,0.06371142238843978,-0.04366263635398186,0.06333638526056441,0.11689194587160781,0.0314673749110022,-0.025573540350028186,0.030281465719931448,0.08332298836489316,0.023862615911338328,-0.016565622611206227,0.06568397996729426,0.04012367039967331,-0.021886368640118514,0.20600521385473064,-0.1272810175541223,-0.0273567614997596,0.04555688492398669,0.052358437828127,-0.01089015199144502,-0.0320550080942777,0.12539133524909568,-0.14023119607582407,0.0396004109793466,-0.07202659350952571,0.022822903876811382
0.04144085858409725,0.049427856328700635,0.09095449009253108,0.10580147044423802,0.09118308727561926,0.09618717589589366,0.09439185084016749,0.10791952082865884,0.06365802229445575,0.08120822160572044,0.10999894832452527,0.07439195082143409,0.2873066643635526,0.08218396222460808,0.0034361090576892437,0.10001196600967388,0.12198773561728302,0.0644713582314906,0.063834624396324,0.08304344843268954,0.06478106687052328,0.18546339023288477,0.060406316792885856,0.07576632066747355,0.05154760901986293,0.025191690527642308,0.08910269961137275,0.050241561695701556,0.10503046167933487,0.050576674161329875,0.07327699582376174,0.09291955914907962,0.037075347523559954,0.07359445806808981,0.12604173155967796,0.0590633444065862,0.07074965651652651,0.04728599858195692,0.16191291312602327,0.06707788426367842,0.055403384455180005,0.06474133884000531,0.07584330026855979,0.1160376742349029,0.01576368486246084,0.04462682627117954,0.05760933952155497,-0.006766193483022843,0.10933477286595106,0.036244453084442234,0.013856169738989118,-0.07052239767348574,-0.010254151654705826,-0.015965597527362124,-0.04233504811030289,-0.03640811445220509,0.0037487660957984128,-0.01112342196402194,0.05182602955143396,0.05006104263914143
0.11642369913337236,0.06371906501799161,0.1749137844067613,0.2938912332926453,0.18621861112449348,0.33095839233215146,-0.030287545181665817,0.27741349083124356,0.14620950774788655,0.10542158728575572,0.133040136341707,0.1300186287141743,0.08218396222460808,0.6116100141704013,0.2415370651475422,0.2949278360094303,0.11824787587994869,0.030839694770260058,-0.0010019394211375518,0.16398794993591917,0.041112972554473944,-0.05401711365939633,0.03772024446030797,0.09228022190223575,0.053880855788277594,0.07914817818440169,0.0943451701806482,0.10889051603576382,0.16018821016028162,0.1383005382195399,0.10453260612302122,0.010517784975432575,-0.002524240014827374,0.10437580018895255,0.23306908444446428,0.04308891730259909,0.08476526206351816,0.09509701720100835,0.1668877899178152,0.1125786630942426,0.09205339653260361,0.08735429840284936,0.12437299453163757,0.1338669160583475,0.022204190169942847,0.01093931721858194,0.08537947391202862,-0.0034363757183682353,0.3287511899432336,-0.14160681446384193,-0.09480672495231543,0.043872651683993284,0.0039802793739349175,0.12793029858526928,-0.06856029681695588,-0.022020909104528183,-0.2780646331250057,0.3777318496077196,-0.0033680474162700383,0.09466235117306303
0.0917192796041552,0.13610035078015592,0.2251850722064951,0.196742331803259,0.15177875864949944,0.1397958950585696,0.10988764908233269,0.09961467151898094,0.17469248969005313,0.09144041004330666,0.23681893060078016,0.13250230248704112,0.0034361090576892437,0.2415370651475422,0.8036464682061657,0.16330781538333555,0.19713447991718747,0.030550943290163012,0.05057553167902752,0.283534634448966,0.18903246517522895,-0.12764782454203005,-0.027015914361557116,0.1451501755375891,0.03167414220299533,0.06078064860863484,0.10805501217397227,0.22993605612758963,0.12597116994557894,0.17037118189664444,0.19111683874462598,0.008369416575544212,0.07919018203584255,0.1146264470892485,0.1875442037462145,0.17270591358869475,0.20488767314085657,0.159022685519122,0.18001784308954102,0.10145875642372561,0.16225120205741778,0.16073939310776317,0.08883255886275611,0.06660682127832356,0.13852476433690478,0.11933787864216407,0.1071454365814502,-0.045474249835944204,0.23939144463546727,0.1033891472649453,-0.0857207168245242,0.23709591011960524,-0.1260117905542902,-0.025578499153623677,-0.03974522527588747,0.10261675160533053,-0.27601170645097634,0.18806657742885846,-0.0030166487858337607,-0.01433197507133753
0.07014410390832534,0.07553484792388285,0.09272313507719004,0.2201062898495705,0.16341717662707,0.21908172826390507,0.08665637951447756,0.15440086286601534,0.12695192269084868,0.10327786841678056,0.1388083252663252,0.2028613324603938,0.10001196600967388,0.2949278360094303,0.16330781538333555,0.5827987446251596,0.19482485479531209,0.014426694237438868,0.010435104087603963,0.179417686494948,0.06977503927421991,0.07879781509132093,0.05509245090059175,0.13802435067464164,0.04506765577690476,0.023779363094077893,0.1549217852683603,0.10462911982918989,0.20678818432795446,0.04434688118609844,0.11144395115752705,0.09931760113884697,0.0163363609495385,0.12328564566905184,0.2067971947533758,0.070651637247839,0.07893454353735274,0.11039191749665896,0.18177604993264249,0.10009297895616456,0.08913178897566786,0.09872701255621294,0.1477630128295724,0.131413258302038,0.03863110009029083,0.027419853147173264,0.03548114606104483,-0.0035772252967431572,0.27357177381459197,-0.2684718541379592,-0.08892686963346824,0.024008880222745936,0.08941223816655386,0.07397723721835645,-0.07260637523963194,0.00782026171951714,-0.18853756815019945,0.18297466816091243,0.022172010292179287,0.06478298346856999
0.004232980681085247,0.11473100775416513,0.19259893505658027,0.10053496826717956,0.03270451018726384,0.15765681221040811,0.053445860262799016,0.13264070031432373,0.10755922623991165,0.09841506870843272,0.16147822731299752,0.10243195704674667,0.12198773561728302,0.11824787587994869,0.19713447991718747,0.19482485479531209,0.7999423156865494,-0.03211449518625944,0.051424596763272525,0.31814760230066286,0.11792945481303328,0.3241995213442309,-0.0655439760016256,0.13541125494443443,0.27944162209788603,0.1633082427675221,0.1829924558405604,0.3113691351836294,0.17069011955686075,-0.07894990993269944,0.15789556655076195,0.12177241977799164,0.047172983731663225,0.17531070092582052,0.15454529162813854,0.1696572080872927,0.2038484814864592,0.19997585893054798,0.03729391163430812,0.033358908680110495,0.1934444935443909,0.2206268573645042,0.17958748280170675,0.13259470573702192,0.14116199176516514,0.08346498509283479,-0.04770408158181781,-0.0024989561225696863,0.014803551298951464,0.00850510933947638,-0.06460390529811927,0.03205229878374042,0.01935991525680095,0.012569691543256495,-0.17568100351289925,0.014975925864253439,-0.0579097334184869,0.016831103369085127,-0.023356850393837163,0.0871490820501259
0.09735136774114107,0.37983059366813937,0.08321713631247502,0.1926182123040675,0.2087369937912145,0.1247609199241863,0.1884900963448726,0.1594521581442574,0.11000442027952438,0.15964223440376277,0.09948142567762666,0.16836885681487201,0.0644713582314906,0.030839694770260058,0.030550943290163012,0.014426694237438868,-0.03211449518625944,0.9779500880899299,-0.02909570005252161,-0.17752927725724993,0.023086044432559547,0.026912614349596912,0.3890459803250238,-0.004512703481746801,0.0022938935968406238,0.04503009443421969,-0.030345871346224202,-0.0917392769927364,-0.012937580300435812,-0.058712444204769725,0.20413918357222838,0.015106609010492352,0.019847177380208195,0.04703953961120131,0.0582542100203489,0.1628068996536737,-0.02458117138522448,-0.021643675551224473,0.24910255613892168,0.09484381317606587,0.0691790632647724,-0.03440324578935814,0.12002304617028625,0.1721750649382497,0.1096022286208838,0.16134731875799174,0.39514376531790024,-0.12368133289112146,-0.15992562780063255,-0.04571944780263532,0.12434967342755522,0.047867019453229354,0.006853175583385234,0.05344047109193194,-0.07814699590479537,0.03275776922431379,0.0025190966514021746,0.11701951193636893,-0.07871105703299898,0.018286664983103388
0.042367931352484,-0.1426906980070841,0.24450272642985219,-0.038661915322029165,-0.09280355993458086,0.0031959322926882,0.06492147699758928,0.0270928685970384,0.0672893596145392,0.07189034663065455,-0.02014543334983221,0.028038518850583463,0.063834624396324,-0.0010019394211375518,0.05057553167902752,0.010435104087603963,0.051424596763272525,-0.02909570005252161,0.79401994526951,-0.10733486483059568,0.1676682016180893,0.16338854202067313,-0.13144548849517107,0.09368545455122412,0.2120468631357067,-0.006573809764700794,0.012993074365981818,0.14748376875264377,0.1306093525733161,0.1019062951846404,0.04904065609003712,0.05732488469987336,0.1344905409988193,0.059190999658135714,0.03274347228184944,0.01774711730862687,0.2470456531390045,-0.009617901496918681,0.12840013118211274,-0.03535861165120986,0.06506601289206312,0.06306965168345957,-0.029459427569880604,0.03195603123140603,0.05026542612778185,0.023140862684301638,0.04824702653428764,0.10709276858034318,-0.021567567653087257,0.35532649664399285,0.0441976665462112,-0.052084704388722584,-0.2203461516519099,-0.11726967140405617,0.09961941547781662,0.029040345325773948,0.011614753020363414,-0.08300837338219515,-0.02553249154432541,0.038706290732354674
0.03899209542797301,0.30989083913668974,0.2688400375166684,0.10239849139173182,0.003751880253241501,0.15035395963877335,0.0541728843342166,0.14684869216138569,0.155093669792827,0.01952029864053847,0.22122011122528534,0.08838260950442563,0.08304344843268954,0.16398794993591917,0.283534634448966,0.179417686494948,0.31814760230066286,-0.17752927725724993,-0.10733486483059568,1.3727157769852294,-0.06765301766425728,0.01609239077997476,-0.2621866149520738,0.2165037570721063,0.0988838160528001,-0.018829378562332386,0.335702044199858,0.34971558614480036,0.02981735962368651,0.414887871063386,0.29552746448296896,0.05537246380108643,0.4453494460416524,0.11063157659670148,0.05438090789448795,-0.031129829185990884,0.7787715630877626,0.5867114082815137,0.41982063696780986,0.18474946125945454,0.05975260908163925,0.16292759683339444,0.5790761951144111,0.16205730695715198,0.5405114573205665,0.11054672031918898,0.1633643419447763,0.1510035269072645,0.6679971985175002,-0.2602944972660702,-0.1667681452784091,0.11116699580800385,0.1406884349415617,-0.08403450707809626,-0.04403190948368462,-0.01683598841017059,-0.11786125523468248,0.16286843464660014,0.037127406098299606,0.059938462797007354
0.063676189760408,0.15771762149354487,0.08900560069316205,0.08267431776601301,0.10593503547691488,0.09482770559050953,0.08135620195850023,0.16753466041216428,0.05119292342199596,-0.036242773194346385,0.14495672859114442,0.013004918326460502,0.06478106687052328,0.041112972554473944,0.18903246517522895,0.06977503927421991,0.11792945481303328,0.023086044432559547,0.1676682016180893,-0.06765301766425728,1.1244702229646237,0.15117375016315096,0.03478487746102187,0.0415983636497396,0.07400977575994666,0.21660619679188878,0.03594370021810442,0.1172991460192952,0.10296892225763682,-0.08140542214499441,0.01966956842426595,0.23880707616610117,-0.13564692728704564,0.18554177020856072,0.11617069845959692,0.12138632251392295,-0.1424224430679726,0.05254614659338511,-0.12797022045669085,0.1663296862346245,0.17472350088488658,0.19640270473569302,0.01060630989857547,0.019705300486576104,0.14081569833521249,-0.003352790704562619,-0.03839076708550497,-0.0006432682936997615,-0.034786739015365664,0.11747322472359317,-0.019226980505865507,0.09190022291600017,-0.10375735857762261,0.020894903358303293,-0.1530051115602581,-0.067433924280081,0.04476207070639731,-0.036026133158545616,0.18596286701113773,0.061814944564107355
0.06462529550513478,-0.01530311471738645,0.3233327376900016,0.006624760303674172,-0.11229007470394405,0.11503845147840237,0.0888626631241529,0.14271376557917637,0.04877223020486569,0.12998938630674325,0.04250339278285287,0.03878277442713142,0.18546339023288477,-0.05401711365939633,-0.12764782454203005,0.07879781509132093,0.3241995213442309,0.026912614349596912,0.16338854202067313,0.01609239077997476,0.15117375016315096,2.200049354011231,0.26286464256783854,0.239891896439989,0.12508430988062394,0.154314976124345,0.18483717783961812,-0.004412156173315462,0.16970169017832856,-0.0256656309107895,-0.012004146421339748,0.3966474648146129,0.1362422998312597,0.10235416240052801,-0.05879924165903285,0.06440404687158754,0.08596449166107187,0.029756226849394607,0.06915463791254896,-0.05358963246252094,0.03783763646408839,0.18816570152469464,0.24012924085707288,0.24326011452495297,-0.11773296806119116,0.06020829800200243,-0.0015758163846351979,0.05822566122091951,-0.04503555703276421,-0.1003321791280819,-0.04234756780303215,-0.46076064949351786,-0.026701243836652486,-0.14652773496996727,-0.13130562821328573,-0.049216487454769316,0.07018206963938464,-0.22917102909535658,0.18546585492377773,0.08253495150496817
0.0671286025799839,-0.10212653843360221,0.09615840788144482,0.1643203775919712,0.12985111537986335,0.10892993963964556,0.0804478253067988,0.14317143577487096,0.023427686947446263,0.14391077677138653,0.042791537137979854,0.10037567444048387,0.060406316792885856,0.03772024446030797,-0.027015914361557116,0.05509245090059175,-0.0655439760016256,0.3890459803250238,-0.13144548849517107,-0.2621866149520738,0.03478487746102187,0.26286464256783854,1.1391319962966693,0.37696414420515073,0.24692286059701382,-0.22195851039000575,-0.027640981480079464,-0.517839562393721,0.26520997048235184,0.12319683418593178,-0.02633053085254559,-0.011938112978888683,0.024029520049638386,0.22623348983990293,0.069562715876134,0.2096989400404539,0.06208522675848002,-0.06954580079169094,0.46222201790513345,0.10171906860706645,0.031292936660822106,0.0441020279715699,0.01979048484320466,0.4814296027148412,-0.10240449549224019,0.08837150855670875,0.2284484492035218,-0.05375912449917979,0.0692927854660844,0.04515875363425378,0.0756312436720097,-0.15168910442683814,-0.07376794052765885,0.04757784396485843,-0.09825060979465731,-0.06006958965507785,-0.06184033606928318,-0.12099913880959058,0.2818160512017168,0.013035929123458339
0.0324639064152206,-0.13462240618460503,0.26349357469661133,0.07679349103117267,-0.03744521776710926,0.08050299557326489,0.039739125828115396,0.016888470779072875,0.10644401488701731,0.12410093837771595,0.09516774823379609,0.1050391778141367,0.07576632066747355,0.09228022190223575,0.1451501755375891,0.13802435067464164,0.13541125494443443,-0.004512703481746801,0.09368545455122412,0.2165037570721063,0.0415983636497396,0.239891896439989,0.37696414420515073,1.0824372537545996,0.4733685389952755,-0.14359526220836077,0.10452524839774015,0.02922413273135843,0.040259656816584055,0.18124824114372656,0.30118653729441736,0.06578945248327304,0.08630146626075072,0.06909019621019837,0.07245574739492748,0.31987850152186503,0.023684295972106542,0.1308706522043013,0.2881605012382384,0.08996395027126759,0.1161243291729027,0.11447885741028953,0.025506374055982228,0.19206023189714003,-0.012816320102229044,0.19272212163819352,0.0886480625189754,-0.1719671322270265,0.2908519505807985,-0.08851668051657097,-0.0055563925279582815,-0.016837648772755617,-0.007737064864825224,-0.01545814866053613,0.009147810392752642,0.0774515629859859,-0.06169250282491191,-0.40307124948612916,0.3900286978416407,0.08218726231059549
0.08478407202722167,-0.03439219889353825,0.19770280654972594,0.05160740139006678,0.006682123639010718,0.11143696018850302,0.05853989335624911,-0.021351965753767015,0.07969249622402273,0.10198205804194513,0.05368188818154398,0.15542503569267743,0.05154760901986293,0.053880855788277594,0.03167414220299533,0.04506765577690476,0.27944162209788603,0.0022938935968406238,0.2120468631357067,0.0988838160528001,0.07400977575994666,0.12508430988062394,0.24692286059701382,0.4733685389952755,1.7863606559408955,0.1906278337312866,0.16196006718741546,0.04572464222273902,0.6223669832173995,-0.06970038987496639,0.07115618303336435,0.09635441998113502,-0.030121700871354386,0.4504079945467845,0.1934540060716055,0.23787126762065194,0.08082917498348494,0.07280528827152408,-0.03688578453241936,-0.07581348058063679,0.20650439582534497,0.17212724949521332,0.09667370320194232,0.17213808725010776,-0.003902058340263049,0.20234884721396587,-0.03137557608558809,-0.16599130145169697,-0.33896340525911184,-0.22920995202699146,0.10857359803331074,-0.019440297847957363,0.033861657972466354,0.010680864204020942,0.02207398019334023,0.138591150464377,0.020894310587939845,-0.26075870753897773,0.02029971253228204,0.03780326568612563
0.010318997234119732,-0.14297383624497925,0.1024853823360028,0.0962399876021655,0.1304324628737935,0.17522645983224222,0.09276804025915183,0.18482693749498985,0.17168728951006007,0.027838205242550863,0.11419870859036947,0.11820311799469042,0.025191690527642308,0.07914817818440169,0.06078064860863484,0.023779363094077893,0.1633082427675221,0.04503009443421969,-0.006573809764700794,-0.018829378562332386,0.21660619679188878,0.154314976124345,-0.22195851039000575,-0.14359526220836077,0.1906278337312866,1.6703287507151938,0.06459820438393186,0.1037534527122621,-0.19833712535359407,0.01838431683567065,-0.008991965303452289,0.3705777419040771,0.017940265898827083,0.1525402040737355,0.10732835992070716,0.09119264449571764,-0.13159153551537459,0.04931683085347296,-0.6226848780755025,0.050345954179738105,0.337608391259226,0.172296399292988,0.1811782340175428,-0.2743371375435192,-0.14694272514440831,0.05447326401600088,-0.008929582814872593,0.10704035218689477,0.27954616716795516,-0.08216005479800316,-0.05372801934824295,-0.08505499978017164,0.15657508197102668,0.06045887362884425,-0.10265505385286891,-0.005003529325434264,0.07405974635244138,0.046788310007932,-0.031811927127627836,0.09435600901333499
0.04219365108909915,0.22198582196158628,0.12559516798007958,0.061961121913984674,0.02560621403767717,0.12323717328804192,0.06722806935319217,0.09190438985333092,0.09180401021756872,0.07328304158226989,0.11521062333374912,0.13909666683059727,0.08910269961137275,0.0943451701806482,0.10805501217397227,0.1549217852683603,0.1829924558405604,-0.030345871346224202,0.012993074365981818,0.335702044199858,0.03594370021810442,0.18483717783961812,-0.027640981480079464,0.10452524839774015,0.16196006718741546,0.06459820438393186,0.506595081218579,0.17764328233786963,0.04931749113435991,0.09620605469825068,0.14387811755896102,0.16404357287764398,0.17123970161508104,0.07080759171838907,0.12889500676622134,0.11442489825547017,0.1512955285628472,0.17977869700996738,0.11753828543866411,0.10562326674319472,0.11172065329770797,0.13628862647042697,0.3381260925514471,0.08504185012099638,0.10864614511331039,0.0489323206971397,0.037384621980903386,0.014863353216209305,0.3300025087996075,-0.10753088452618195,-0.07553823114648833,-0.003736162980078152,0.064959040479124,0.008609416986911684,-0.05875830832766636,0.010098892566762887,0.025595843786444285,0.04375168700453712,-0.002101421835427485,0.06871964369629531
-0.02279775889197736,0.2811430414767149,0.11119960579800753,-0.011702260929890773,-0.07969949686375057,0.09112002150426941,-0.02960304026778269,-0.013576960326150961,0.09807202830810577,0.004287579626772303,0.08096748907366909,-0.04148267544990653,0.050241561695701556,0.10889051603576382,0.22993605612758963,0.10462911982918989,0.3113691351836294,-0.0917392769927364,0.14748376875264377,0.34971558614480036,0.1172991460192952,-0.004412156173315462,-0.517839562393721,0.02922413273135843,0.04572464222273902,0.1037534527122621,0.17764328233786963,1.4291536970129812,-0.2720006595142178,-0.038453604550929076,0.30488582619651555,0.07871706554673864,0.05830067057163034,0.07097336901728579,0.035162886430338894,0.41128436327179463,0.14398912777471648,0.22921419395114326,-0.012145068805937059,-0.0563772444029174,0.4431674087304404,0.15169372195280387,0.07725489768243844,0.40649572403076506,0.000719643120381845,0.031101722488357617,-0.10476625989150481,-0.12085717681740316,-0.04659621722262271,-0.37705903437932425,-0.06671847515161464,0.6088468320030769,-0.373567166354107,0.04899025956150033,-0.07138971201202535,0.04587681335682312,0.04294305785469525,0.11148518235722521,0.06351203323263205,0.0991032147552335
0.14951941478791642,0.11921144797864906,0.4593059868497007,0.060081320509134055,-0.015379049036619949,0.23291634066262915,-0.023861556558881454,0.11442627811974845,0.11547194549018419,0.17020758946699246,0.09170090948992338,0.1390723571979399,0.10503046167933487,0.16018821016028162,0.12597116994557894,0.20678818432795446,0.17069011955686075,-0.012937580300435812,0.1306093525733161,0.02981735962368651,0.10296892225763682,0.16970169017832856,0.26520997048235184,0.040259656816584055,0.6223669832173995,-0.19833712535359407,0.04931749113435991,-0.2720006595142178,3.4590791875742326,-0.16113464260486166,-0.028747220915846323,0.11534930299047857,0.2969755419477761,0.5976704415236617,0.06355914094118773,0.37311003744906246,0.15193957361246963,-0.0599474489230033,0.2115329781132024,0.05637113851491852,0.11868124548507668,0.09716805575376133,-0.12311326927506024,-0.3188584490837806,-0.2705100542320522,0.35254886402929964,-0.07417650637348293,-0.2689690606226505,0.5416685627703945,0.03166822210911959,0.15897703497475338,-0.025705513758181833,-0.15254763020699813,0.011962875210857003,0.05440807707349166,0.07425196545763557,-0.0972680262358136,-0.13426457181293683,-0.03439268465703207,0.06644056122564695
0.056426625166684286,-0.0459083779131802,0.39123159252565864,0.04635822059852042,-0.11297665487275513,0.11888913233326062,-0.004251363237381686,0.28411691349332585,0.0847851446528277,0.15919388459644596,0.057525390914136734,-0.09365550158988914,0.050576674161329875,0.1383005382195399,0.17037118189664444,0.04434688118609844,-0.07894990993269944,-0.058712444204769725,0.1019062951846404,0.414887871063386,-0.08140542214499441,-0.0256656309107895,0.12319683418593178,0.18124824114372656,-0.06970038987496639,0.01838431683567065,0.09620605469825068,-0.038453604550929076,-0.16113464260486166,2.9967016755711544,0.10676425484758793,-0.02846447234733696,0.6200130232736529,-0.41224367976144816,0.5106202826860091,0.29986208403649234,0.5920160548320268,0.23108266640815117,0.6413729061111877,0.44530897990948376,0.08206918495207959,0.15329956520484947,0.3985753891936698,0.15798802734084574,0.43493409978755987,0.3749764914629928,1.3596500599186723,-0.32514038119115185,0.90463975102502,-0.04172967765306578,-0.07053998497590268,-1.082037525531385,0.5960961664319132,0.08526388696474103,0.18766568884256637,-0.32234461356804156,-0.23306013788059324,0.3389538665488767,0.24174119888683798,0.11772525938782949
0.05651683761896196,0.1517205156322926,0.20088583635285553,0.09547936209459625,0.0505423851026999,0.08638833894671576,0.09659998620782684,0.0656874722071349,0.1559743593931476,0.11108191623316539,0.14547489992097853,0.09417949171513416,0.07327699582376174,0.10453260612302122,0.19111683874462598,0.11144395115752705,0.15789556655076195,0.20413918357222838,0.04904065609003712,0.29552746448296896,0.01966956842426595,-0.012004146421339748,-0.02633053085254559,0.30118653729441736,0.07115618303336435,-0.008991965303452289,0.14387811755896102,0.30488582619651555,-0.028747220915846323,0.10676425484758793,0.85139336276427,0.052400550479616774,0.11709071816020176,0.025927027322517976,0.1835581975524081,0.3888643914008891,0.1936545724312002,0.2275948007282882,0.2779820711205986,0.08936539222691853,0.22635317097969748,0.13767223743973306,0.030073634181380003,0.1202198394705104,0.20815002933561544,0.24596147829241205,0.14845207722158413,-0.1920146017450498,-0.025520877303757433,-0.07196064155589912,-0.011537175550539331,0.07335794650459015,0.08876991914532402,-0.007129935708233402,0.044424613380862676,0.08807005979621209,-0.015677702444623826,-0.061928619424250604,-0.015916499234285127,0.07933415054094177
0.0334838414453729,0.05532994452345766,0.050134269979397364,0.015956268076327346,0.08132891092191709,0.07927299979155512,0.07817381972536414,0.06875078074507289,0.0534835575365581,0.041065207587471245,0.07837335074591029,0.11627841170749176,0.09291955914907962,0.010517784975432575,0.008369416575544212,0.09931760113884697,0.12177241977799164,0.015106609010492352,0.05732488469987336,0.05537246380108643,0.23880707616610117,0.3966474648146129,-0.011938112978888683,0.06578945248327304,0.09635441998113502,0.3705777419040771,0.16404357287764398,0.07871706554673864,0.11534930299047857,-0.02846447234733696,0.052400550479616774,0.7703406063244682,0.11394188865918341,0.1422103190576338,-0.16578487171591647,0.10048004303478451,-0.11347922908138562,0.09563498175298954,-0.11853204664807764,-0.010427728855855157,0.07392314110020154,0.03794774643234878,0.03845084268229295,0.019308467854915412,-0.08491783302241583,0.0543518153442272,-0.019603993504771978,-0.011586451437133886,0.0949546306237154,0.02692335954797835,-0.014622231056845326,-0.0770072795327318,0.015683719561425325,0.005444842769085357,-0.17101807650041784,-0.03524923238663309,0.37443682104134224,-0.16743253637980804,-0.06659197441110794,-0.0006806400196751967
0.03365416147171455,0.10558165245357647,0.1114021317125504,0.01715727722642834,-0.0247059809507246,-0.10576023243511344,0.1151844249667829,0.014375377157813694,0.02875481173249237,0.04302423013870701,0.010684968430794662,0.06255089339816283,0.037075347523559954,-0.002524240014827374,0.07919018203584255,0.0163363609495385,0.047172983731663225,0.019847177380208195,0.1344905409988193,0.4453494460416524,-0.13564692728704564,0.1362422998312597,0.024029520049638386,0.08630146626075072,-0.030121700871354386,0.017940265898827083,0.17123970161508104,0.05830067057163034,0.2969755419477761,0.6200130232736529,0.11709071816020176,0.11394188865918341,1.8027835367866154,-0.3275731871742399,-0.5479947414373079,0.14165148874434813,0.3942192237553364,0.28994491397079525,0.12578863182459024,-0.05014081708434146,-0.4094724991416656,-0.015273931479918743,0.17582059133626773,0.01348931006030106,-0.17083569391843317,0.3425777193526189,0.37400755135662267,-0.22838203846807587,0.7470030661925434,0.3918412269206645,0.000744145242113248,-0.23044596862359384,-0.10803623583108549,-0.34908179755795565,-0.09825071964467237,0.014509217757410554,-0.10541129184459375,-0.025176428413272625,0.23489820762906127,-0.20592671693857473
