1.0103272680845434,0.18485902991618414,0.37729179985236827,0.14752525871775868,0.23442044500715206,0.2149993063980421,0.18420286243773049,0.1827699405532686,0.10467739505867535,0.12829800868159583,0.15762035636579977,0.1788820088475096,0.10855059875742953,0.10642230634214267,0.16642042081841202,0.16428561558146595,0.11151681511973972,0.1761745806998958,0.14130597208786402,0.09378134067247287,0.1308439539826508,0.14643386245320525,0.14146855120938415,0.047953795715375336,0.23259544319295475,0.10194289773357199,0.12292809458570078,0.0028547716338728412,0.2564417500625351,0.05230417929060868,0.07428211520255762,0.13941435879574895,0.07291646197320598,0.06667866240358228,0.10409125720308492,0.14703294428334981,0.12835653016698428,0.0850152818177164,0.17797343952343403,0.07621831815668889,0.0583074819118158,-0.07311851369916368,0.1323212389912245,0.0953115231350921,0.029737523372453365,0.2660052857080748,0.12572230338336293,0.006827065039970031,0.059744155097359176,0.017641352247441275,-0.15032615730253057,0.05930918024161404,0.07668716956113826,-0.01481927874507315,0.1292925290886076,-0.0019918217612479978,0.07442437593475906,0.021583730685058915,-0.23393282104984833
0.18485902991618414,2.4081856566381794,0.3031164919236008,-0.54705647080523,0.026017609214210594,0.23358197691787602,0.3989992797413477,0.09413558261148089,0.3019989016214628,0.031135041888191002,0.1069896681867285,0.13472215948216784,0.08765553137683754,0.05098446217503904,0.24417681042167458,0.033606137697531006,0.097098350102334,0.08191122032606958,0.03659794455545259,-0.03403382074002485,0.18797190163427527,0.1356245814547653,-0.028539317999800834,0.018465841165140127,0.06615860517776034,0.2790073145388829,0.07054907922596945,0.19979553145909013,0.20659081691940173,-0.05799084718802574,0.029580790401239107,0.12365061972927009,0.07101615665586648,0.10155703626254169,-0.0907666180633866,0.14959962290721548,-0.03235413835830602,0.00980681162147166,-0.11527353930629823,-0.006856026336179975,0.015168274282795454,0.13724782210718378,0.05517925359346375,-0.05524542217505556,-0.15667840342478245,0.15246766285640387,0.02049065086728741,0.00585151460402721,0.16658094924171685,-0.3295206695427783,0.5022964169973461,-0.11940290738290253,-0.013889364972793226,0.003603424981071308,-0.25291591269361546,0.06643148401460398,0.0894819725914783,0.3328726624631952,-0.213509650720951
0.37729179985236827,0.3031164919236008,2.4790938305153922,-0.044054601087703205,0.016609541349071347,0.49672100019360077,0.07589496585405556,0.3275625330804321,0.3662557130377263,0.22651819410301083,0.11562716548061225,0.3205148304123096,0.1637224411777448,0.23207959275065324,0.35256684419166057,0.31606063821916125,0.30880827430049224,0.24721267655864415,0.2514450116461365,0.28160926607267384,0.30533439331801854,0.3356070778999047,0.10312811643427937,0.20933421935114296,0.24989635411712482,0.4625935416996832,0.2708188040845092,0.3698760129509396,0.4330572683840972,-0.16541160326413593,0.2548796453916598,0.39778772568275794,0.16916844127223665,0.3398953782345207,-0.07065375801842498,0.6311118716284738,0.11307547629639395,0.19068455797129868,0.21355581527155454,-0.1749357845008115,0.24596868848440048,0.5723283858355809,0.10042546294521545,0.026432325217937584,0.30619664864783136,0.6613790895748705,0.13047234297530053,0.02008793732570631,-0.43584183371884316,-0.002629600036069635,-0.13356208131850206,0.11983513012523739,0.09972416327588084,-0.16876552348953824,0.26134158760843745,0.0400893519369095,0.36824242484083414,-0.14106157030314467,-0.45125358975765945
0.14752525871775868,-0.54705647080523,-0.044054601087703205,2.2316902541775425,0.4683095763916294,0.4893735436006761,-0.2782432344152907,0.49816583557462346,-0.026487383884732582,0.47700729393968216,0.4251830297128908,0.34126882219826393,0.2308831025750941,0.3509626108335482,0.23068734823543924,0.36089734843764926,0.3363952852233754,0.26348276969855755,0.2394148388534254,0.42218859345062715,0.267102480841504,0.17178849327991416,0.20860711378370253,0.2653755860757723,0.30815175568809855,0.34480108559842976,0.283684311430166,0.05469579304445354,0.36194342657330236,0.16272487069883917,0.210503324990504,0.3216426339655471,0.08762499644721333,0.3730217018957018,0.350859178194632,0.2817089300308846,0.3198661154870675,0.22987041506225336,0.5415127645452037,0.2616358696647907,0.21286600891552557,-0.12575382816067313,0.19659845374502555,0.2962368968258705,0.1287270696368494,0.22178386873823522,0.2677535840669461,0.02701337531478324,0.22448993159460415,0.3806387801970983,-0.5172624676881686,0.28999642758374267,-0.027997259720118146,-0.14847361311863022,-0.0996140541581397,-0.14280770809474744,-0.04837136657107025,-0.10484926650708896,0.2143070329131576
0.23442044500715206,0.026017609214210594,0.016609541349071347,0.4683095763916294,1.1185024941492434,0.3688943387242874,0.2647667747304917,0.3026800001440949,0.07801530502205911,0.27889062831839206,0.28512630111553766,0.2976235271270209,0.2084775089258118,0.31994546462694506,0.2590751196160859,0.37475924929536925,0.28522758868449954,0.14985168000751053,0.4826206265706317,0.14873661698127227,0.23603330085963534,0.22658041112290014,0.12433413479791022,0.22331649366748385,0.2559547635917943,0.3481796812948334,0.21956207817281465,0.15820406826458525,0.2927900356785785,0.13174337040995657,0.1762526696341331,0.2703781938424147,0.18492103651375602,0.1897395150802414,0.15036522486485665,0.26836826786523477,0.180582707013015,0.1063403498602993,0.3256709832092114,0.14178952423200586,0.21149447720184436,0.13001881786928376,0.11472374554405218,0.1554042913547221,-0.10345253138883137,0.23547558905975272,0.16999350473129016,0.04373747268617983,0.25001712532687853,0.1885453720954892,-0.14018395099621403,-0.1417290790262268,0.06491045567012581,0.027043607956343165,-0.09995950417756276,-0.06224720350866738,-0.07331441949670565,-0.01567336246914557,0.15744232390877788
0.2149993063980421,0.23358197691787602,0.49672100019360077,0.4893735436006761,0.3688943387242874,1.0517843855912736,-0.04725719695099472,0.5329458596018815,0.3804012716470608,0.34774559808670935,0.4121567424060988,0.4202989478470357,0.2553716451482519,0.44719852832386664,0.38398673427234603,0.4436414399545288,0.4622523990778059,0.18860392853690636,0.458828069295492,0.34947206758248944,0.3533620961715633,0.38122853250305105,0.13282147050500784,0.2845499177261975,0.34296232204914523,0.6486046772611668,0.33817729309996003,0.28927463674498965,0.5751148834588717,0.06219234744804134,0.2382951969214571,0.4971650128975162,0.08683002628046879,0.38162930596123396,0.23814149618159025,0.4356841409278448,0.19150264252549476,0.21273547784592262,0.5025216950714891,0.18620391016778412,0.16670066869167002,0.020933251850331475,0.21623133440007455,0.22723182424870353,-0.004820329389141893,0.39506183557109004,0.21244768702690056,0.02566026706300087,0.48151492944251584,0.3970150820063241,-0.6960748949599326,0.27777726813814974,-0.04227453078598224,-0.03988042200449252,-0.0471066057722817,-0.045117240418589485,0.27117804366747356,0.008928876309167926,-0.20100339526333166
0.18420286243773049,0.3989992797413477,0.07589496585405556,-0.2782432344152907,0.2647667747304917,-0.04725719695099472,1.5742754423600593,0.061846700092237056,0.3709137755956638,0.03461888337639972,0.310260499253129,0.312002160162544,0.182068483350633,0.272521040734955,-0.00605792435324178,0.3428756449795243,0.3075875449631714,0.195741010435306,0.10236908103340635,-0.05998310484476824,0.1461234434254491,0.31574842105714773,0.37650419353993264,0.1847697450554857,0.19951789213303006,0.045309968371417125,0.15624051678861117,0.010632287141985127,0.27468546984692405,0.02263852762427763,-0.010972883583787254,0.19295786061587067,0.25573092694792005,0.2508671986413617,-0.017136232391564768,0.16000600731466652,0.09895754268223748,-0.01335528794256697,0.12776938854257117,0.087168555073676,-0.028874740601722345,-0.029907047770689987,0.2548062320715676,0.1149389583752871,-0.40958664211688256,0.26732631730419126,0.1391469796809723,0.018617972269443,0.5287373692198684,-0.045510993008338184,0.1858144021588779,-0.08014947997958166,0.07270610873498165,-0.07545326950882539,-0.03652324214325604,0.10907483197302137,0.10765548888196702,0.20205368700415002,-0.3262385706325092
0.1827699405532686,0.09413558261148089,0.3275625330804321,0.49816583557462346,0.3026800001440949,0.5329458596018815,0.061846700092237056,0.870271656651807,0.1372012809594035,0.3947361358447402,0.4318910413457651,0.320997246850123,0.27676853392629525,0.5124398414076897,0.31911188307281024,0.462077954570226,0.46048707889281876,0.285547228545261,0.3100901929008783,0.3418887608489257,0.2666643501743412,0.3044635038083579,0.25238052430226443,0.25302859410764234,0.37610492275039187,0.4113388540177758,0.3082955935292335,0.09950012378701488,0.5010405347780518,0.1858277050242259,0.18651109183519532,0.3832498618480332,0.1684714345796468,0.3569757512114883,0.24117787938486265,0.3530528634099284,0.29948158474139835,0.21162128189854326,0.4617993326233592,0.2127951929189645,0.1840990684618444,-0.028621251579858793,0.28811192043878237,0.20351111978140518,-0.031194340211269492,0.3916883000558567,0.2945299969710147,0.02363303938887038,0.5568551014870262,0.2305168510261428,-0.3619876107049527,0.18988696124418253,0.07048635549997938,-0.14010800274912374,-0.08987980088787959,-0.09779898121324036,0.19277839248135817,0.21185989481685363,-0.21678056819918565
0.10467739505867535,0.3019989016214628,0.3662557130377263,-0.026487383884732582,0.07801530502205911,0.3804012716470608,0.3709137755956638,0.1372012809594035,0.9479011216090417,0.0841585694508207,0.16805747176691993,0.2816046883534369,0.1785060564815347,0.37689594481948824,0.1520331042724795,0.24652780444870936,0.2875759968667201,0.2058889220749055,0.16510494559425878,0.14324464952505858,0.2219205000022111,0.48498745704990476,0.21731574736682926,0.21948486490863905,0.13331662725168017,0.3989019915945367,0.20109739607241447,0.22128849175519466,0.23266556621615916,0.020502040134065747,0.24592483564026094,0.3639889036558341,0.198822715109007,0.3136640776575725,0.051832395277389455,0.3043178213962173,0.17167776046015337,0.09805058058097131,0.25724032804967756,0.08663742182645233,0.07257150270570141,-0.014224074925182064,0.1685762863431023,0.14090242085461158,-0.22917432163521156,0.3230099224908981,0.17617030177510082,-0.001655101797631377,0.7996630246738938,0.07280984242242584,-0.15313609230869527,0.17273205533783836,-0.03038839066247912,-0.07591986177163491,0.05710816714727345,0.14082177803174453,0.42411840653838395,-0.007141621285650979,-0.46476323211046977
0.12829800868159583,0.031135041888191002,0.22651819410301083,0.47700729393968216,0.27889062831839206,0.34774559808670935,0.03461888337639972,0.3947361358447402,0.0841585694508207,0.7478956279342609,0.2586213048633882,0.24441672962436128,0.26125690150650427,0.3827478204712992,0.25615351714511253,0.2712812560478302,0.3316292716189184,0.28403696150603536,0.22675837327864348,0.44035423008715774,0.24876792770556286,0.20810690915182534,0.16747486538595088,0.2374443279636049,0.26680103733428207,0.30354931113445943,0.2483832022503437,0.09931076065144526,0.35008475690891283,0.23696102585594206,0.2885083718733095,0.2695315411772116,0.14022779182530995,0.3532929009183213,0.3479084475725931,0.3098791986136288,0.4405931536594046,0.22433043134864283,0.4802203204692883,0.2437158046568919,0.27922157107060896,0.017689568198817094,0.24674429653886804,0.1475958352898683,0.10361791038018046,0.34363354841375193,0.34862478554281573,0.02999375216488931,0.40966136940730535,0.186843749727405,-0.31381078855524114,0.15105903214003288,0.05456161385517346,-0.10432429788135368,0.16496390752661277,-0.04898246206999537,0.020212059626775254,-0.2403429769777762,0.16069176587398773
0.15762035636579977,0.1069896681867285,0.11562716548061225,0.4251830297128908,0.28512630111553766,0.4121567424060988,0.310260499253129,0.4318910413457651,0.16805747176691993,0.2586213048633882,0.7777331964160195,0.3791934937717999,0.24264850053144157,0.3860365154684805,0.2599679554723052,0.3972796470665061,0.3842531056284343,0.2609043257151883,0.1944720172905141,0.2917964242155806,0.228543922836404,0.2693487714631753,0.24514062832432817,0.26906174944915623,0.2837453493310306,0.29551798327918527,0.29056273576560165,0.05537148262309962,0.41090832998509913,0.13639741175292658,0.20128763402369398,0.32073681679895544,0.1089281910124324,0.2606691798496141,0.25141486922272155,0.34180681790389567,0.18311220272276305,0.16434661120604002,0.3648750603573469,0.21928321617624807,0.13350837790477793,-0.063964939485512,0.20442108927400823,0.13768575418643356,0.024241955129870478,0.28886024703958474,0.21685374191606874,0.024468747893347728,0.2977511505363252,0.09512228382031286,-0.29158429494415317,0.145570222509806,0.08581549212177729,-0.05558111031582875,-0.060716533273756756,-0.0373484885629463,-0.012112314963749314,0.06149530506644886,-0.0533579637097186
0.1788820088475096,0.13472215948216784,0.3205148304123096,0.34126882219826393,0.2976235271270209,0.4202989478470357,0.312002160162544,0.320997246850123,0.2816046883534369,0.24441672962436128,0.3791934937717999,0.6169068306619199,0.19016337095977656,0.3897510535550525,0.2576476208100599,0.4500292937196819,0.3844093243706041,0.23674839134291353,0.2491641499686292,0.18976678475469808,0.23019010353586758,0.3368982634565168,0.25653118028541716,0.2540722152367484,0.30503149977173044,0.23750830902414188,0.3090191253490294,0.05397390307501512,0.3858568542854719,0.11606929860750205,0.14282009681014388,0.3777395345795681,0.11182999619926333,0.30105469425721954,0.1800339838166499,0.38112539153478775,0.13021926698535896,0.12425940112013863,0.346607374043175,0.17213985503710666,0.17432368730046655,-0.0010501553819812354,0.11930684554715949,0.15356978340843658,-0.015081288501686926,0.29187844926549616,0.21952088089471045,0.02672218891624962,0.4559507981332269,0.12126185552263224,-0.134891377699224,0.015903200487699817,-0.022539820655030476,-0.012644801260777518,-0.005259098015447814,0.05060803881869811,0.07880410826487588,-0.057733217624134206,-0.19362181224524316
0.10855059875742953,0.08765553137683754,0.1637224411777448,0.2308831025750941,0.2084775089258118,0.2553716451482519,0.182068483350633,0.27676853392629525,0.1785060564815347,0.26125690150650427,0.24264850053144157,0.19016337095977656,0.38439974388981046,0.21352658058243604,0.07915474108491632,0.25292110627702585,0.25639326493485903,0.2111888077154065,0.15712307021067398,0.19989681289980524,0.14542936197448114,0.23985160285546647,0.21285329398518502,0.1833386719320371,0.19612789092812918,0.13921002073680797,0.2028759095203476,0.03794704173896052,0.32352091437904373,0.13146191768877039,0.10802897444595022,0.21970824464967903,0.11653778263610534,0.25394450921280254,0.22931492448310106,0.2189701076643755,0.23745986441786354,0.09485509563435067,0.2932412744949789,0.15873467232096444,0.13177107450643263,0.00024584080657493205,0.12706446291455575,0.17102965075053247,-0.017907423817392378,0.21962321267643978,0.19321136616011192,0.02827234818249967,0.29634286254728587,0.21679083616130213,-0.061237976979753035,-0.062106160976201086,-0.06529094491330259,-0.037041887928103145,-0.013899203157316515,-0.028865639175936562,-0.027971740534483938,-0.24466809583089308,0.26076596639583965
0.10642230634214267,0.05098446217503904,0.23207959275065324,0.3509626108335482,0.31994546462694506,0.44719852832386664,0.272521040734955,0.5124398414076897,0.37689594481948824,0.3827478204712992,0.3860365154684805,0.3897510535550525,0.21352658058243604,1.024403289813184,0.27148620011873054,0.5690889356127694,0.5036346698669945,0.256263720543948,0.3259211354452603,0.281794844784674,0.3161823982751963,0.43943702338799046,0.24043793827526871,0.2719441506883792,0.3263460716946136,0.3971246163520399,0.29860091982090237,0.20519713996381458,0.45568200725770747,0.2841425646671538,0.2992008536564442,0.4645425653641638,0.19739581085182034,0.2733486487623451,0.26907514260175663,0.4441954732712159,0.24121354935098463,0.17039294621295062,0.41811254661319314,0.22799886644976025,0.2842939063102232,-0.036742197920843864,0.15265287991873297,0.2304338481494521,-0.12649979274292064,0.3439817041318833,0.3216665416191126,0.020486314530378084,1.1420763794750484,0.04219182347836223,-0.3302860070380698,0.14391682724694405,0.14951038571953476,-0.02612686255405948,-0.07133028855151374,-0.010660365868648668,0.2663602301727934,0.04847429888030892,-0.15303120374409074
0.16642042081841202,0.24417681042167458,0.35256684419166057,0.23068734823543924,0.2590751196160859,0.38398673427234603,-0.00605792435324178,0.31911188307281024,0.1520331042724795,0.25615351714511253,0.2599679554723052,0.2576476208100599,0.07915474108491632,0.27148620011873054,0.9170750596811966,0.14913496597573345,0.29789169529186493,0.17804699010423955,0.2565163335240031,0.22684391360815798,0.26216183127733983,0.16088117025150847,0.10999197966423849,0.22936359065567075,0.26949840330831887,0.4282062517802619,0.19717708368995268,0.26400260635667233,0.27673440026429647,0.2745976030145637,0.2835544977414423,0.2956496034976346,0.18814955074578465,0.17909869000851647,0.09880676352585857,0.3751425635739926,0.19334372516252002,0.2046891832872307,0.19228455096073457,0.025920962205495588,0.2718166381964158,0.18685507912054722,0.07712268849913279,0.08175043376830347,-0.03966585636275724,0.37289717849457926,0.2231240655705318,0.016497093658725804,0.14520414094998074,-0.02771762783022129,-0.37243649489643266,0.24889937424202,0.12031075836700718,-0.003030792344842993,-0.021279458879357074,0.0007054887464928789,0.2071323486859185,-0.02153423688980865,-0.08519600286658806
0.16428561558146595,0.033606137697531006,0.31606063821916125,0.36089734843764926,0.37475924929536925,0.4436414399545288,0.3428756449795243,0.462077954570226,0.24652780444870936,0.2712812560478302,0.3972796470665061,0.4500292937196819,0.25292110627702585,0.5690889356127694,0.14913496597573345,1.046222704292729,0.4176475796142652,0.2653570051475392,0.33317144503570334,0.29240996348813725,0.29888746229784346,0.5218187340145415,0.19972972194691285,0.30499271920860077,0.3318318859817152,0.23532840381389664,0.47844555223284635,0.2645902318323727,0.5303392631220729,0.33278565827762635,0.19292187377063424,0.48434967923853456,0.1762447517137199,0.39261587031360634,0.3142595306650119,0.41288457722299476,0.2279890838366533,0.23471426755369273,0.47651676157328304,0.18672627995159882,0.39184844628121335,-0.030076109880492616,0.3301516933495953,0.28020267781285907,-0.12146258553069193,0.28935434317009445,0.3167881950966002,0.010486830373258945,0.7794262240366523,0.03900597615300834,-0.2842051115249898,0.1583037869452666,0.0847140076336021,-0.06566853091673036,-0.05974108862463812,-0.020761681828068822,0.027829345870365223,0.1367249029927218,-0.1727793601216108
0.11151681511973972,0.097098350102334,0.30880827430049224,0.3363952852233754,0.28522758868449954,0.4622523990778059,0.3075875449631714,0.46048707889281876,0.2875759968667201,0.3316292716189184,0.3842531056284343,0.3844093243706041,0.25639326493485903,0.5036346698669945,0.29789169529186493,0.4176475796142652,0.8318028393966916,0.29721964086093555,0.2802391792057703,0.182819869977759,0.2956486880613859,0.39714001804489757,0.32150188111466915,0.25199688630388467,0.33761335638195944,0.2980996818744535,0.2376170947444694,0.18443012554163885,0.5097889304720238,0.14882811283763317,0.1979213886746637,0.38139075095138925,0.19759066143715046,0.34960132125946153,0.2337709479263957,0.40856227940195106,0.2696711416005118,0.15640742415850387,0.32234649910121244,0.1637363004088925,0.18806600750299407,0.023020657687887025,0.17396469421974017,0.22287942722150755,0.0004716751104169591,0.366876344800655,0.2606608862240077,0.0033719762530701547,0.4712926980753347,0.14174732970174084,-0.29948403148405567,0.09544714591209157,0.07291532520049654,-0.013306721980113576,-0.11466456039320283,-0.07437255806020444,0.11152063479981926,0.07013193070973768,-0.022491455994957048
0.1761745806998958,0.08191122032606958,0.24721267655864415,0.26348276969855755,0.14985168000751053,0.18860392853690636,0.195741010435306,0.285547228545261,0.2058889220749055,0.28403696150603536,0.2609043257151883,0.23674839134291353,0.2111888077154065,0.256263720543948,0.17804699010423955,0.2653570051475392,0.29721964086093555,0.8643322386380079,0.11214003357090774,0.0946926243263372,0.18947079155539107,0.29804936784469677,0.40667283890924705,0.1429913707067244,0.257424219186226,0.1106983532331027,0.1583381771270245,0.015602562609921006,0.2633893969661366,-0.009670326090223617,0.31971635179809493,0.2052694771937355,0.1627243328004963,0.3136326645353641,0.17994390075664304,0.2676567559711381,0.3456796291922356,0.09111697502459362,0.2595297264720842,0.14472265072107476,0.10776249981694944,0.026193208486037727,0.14817732267995348,0.13092635774139513,0.033496021639004094,0.2892140684727653,0.3461334527384533,0.012921294223798736,0.3338406465211996,-0.023305965611357952,0.026193197440371734,0.12053363360130027,0.0010354702256182968,-0.11960296191943728,-0.02014740053825703,-0.011616611134622737,0.026198836504465205,-0.03530374203298945,-0.022616389796651246
0.14130597208786402,0.03659794455545259,0.2514450116461365,0.2394148388534254,0.4826206265706317,0.458828069295492,0.10236908103340635,0.3100901929008783,0.16510494559425878,0.22675837327864348,0.1944720172905141,0.2491641499686292,0.15712307021067398,0.3259211354452603,0.2565163335240031,0.33317144503570334,0.2802391792057703,0.11214003357090774,0.8836466443069062,0.11491272245985512,0.24941654382770723,0.25347867410202135,-0.013537204995425397,0.19871754709117545,0.2753490761078964,0.2817704932389255,0.20049801564277045,0.3449564829365712,0.25070805529154117,0.09631379919376583,0.20314194661735613,0.31206968076962316,0.20370824793057313,0.17086013184034965,0.06586818882362276,0.2967932268970886,0.13293922597538396,0.11039828665640569,0.40597679088731453,0.1131252871013309,0.19762411738083613,0.13695972957927738,0.004714009382905105,0.110324806738034,-0.01183227556091126,0.23389433783044697,0.1337445717135347,0.03864415129914518,0.22054486138196747,0.16232881808435617,0.09113393379776269,0.08975682467745279,-0.2236469566736938,-0.062363192059184336,-0.023125035068479002,-0.029741463749643565,0.18355611498824878,-0.16794646785587594,0.02925991529866176
0.09378134067247287,-0.03403382074002485,0.28160926607267384,0.42218859345062715,0.14873661698127227,0.34947206758248944,-0.05998310484476824,0.3418887608489257,0.14324464952505858,0.44035423008715774,0.2917964242155806,0.18976678475469808,0.19989681289980524,0.281794844784674,0.22684391360815798,0.29240996348813725,0.182819869977759,0.0946926243263372,0.11491272245985512,1.709894984716862,0.35093663074093223,0.03481529931281607,-0.25972979670861956,0.3178044597737815,0.1266058194486409,0.6539077464670022,0.46280116514805425,0.38926851170610655,0.35562047049714707,0.3415226130753323,0.623675019729192,0.3926770286962196,0.2671710293948986,0.3983228198769635,0.3332004105443744,0.29199014364729403,0.7195426002466095,0.789160436312708,0.9054824139299186,0.4242395299113582,0.5731025213525324,0.32867460262867776,0.5155707594138077,0.13354123520638744,0.35957915084821374,0.5469284695077774,0.40182038579564205,0.10844544345308543,0.2379635974090546,0.2965884082708095,-0.5401142321682307,0.27115257645926966,0.09951294740824411,-0.1827837039749434,0.19285885258214955,-0.06884089025264849,0.21338451835737784,-0.14681211919145268,-0.06126103397849774
0.1308439539826508,0.18797190163427527,0.30533439331801854,0.267102480841504,0.23603330085963534,0.3533620961715633,0.1461234434254491,0.2666643501743412,0.2219205000022111,0.24876792770556286,0.228543922836404,0.23019010353586758,0.14542936197448114,0.3161823982751963,0.26216183127733983,0.29888746229784346,0.2956486880613859,0.18947079155539107,0.24941654382770723,0.35093663074093223,0.778201629310549,0.26094972735815053,0.03424757272461475,0.2660579297179821,0.14465766330367377,0.6272391372896596,0.2365938716818002,0.38927965235837175,0.347091221705225,0.14398121591256965,0.383473607934315,0.3987475700495126,0.2789602888089948,0.17021803197512994,0.11966445243457155,0.4601315124821085,0.0018064309481651782,0.2154156983677543,0.3491431434459904,0.18794092345477043,0.34290665744679016,0.2068399519965434,0.08444432982540147,0.0902646220547836,-0.08810355535012458,0.34732531525713906,0.18028161255769856,0.02151002532987201,0.262987711483335,0.13982203158907006,-0.2594191989875984,0.15091234953746355,-0.001206410187518954,-0.0631740409540191,-0.061755648473896425,-0.026231197010649097,0.0448464174803597,-0.04867304449031284,0.07951058209703003
0.14643386245320525,0.1356245814547653,0.3356070778999047,0.17178849327991416,0.22658041112290014,0.38122853250305105,0.31574842105714773,0.3044635038083579,0.48498745704990476,0.20810690915182534,0.2693487714631753,0.3368982634565168,0.23985160285546647,0.43943702338799046,0.16088117025150847,0.5218187340145415,0.39714001804489757,0.29804936784469677,0.25347867410202135,0.03481529931281607,0.26094972735815053,0.9577509641871691,0.28841454061582433,0.28173589230059476,0.17162929753461684,0.2860598931527311,0.2850431516048162,0.16742561999153618,0.3734437825735528,0.11436953908978499,0.2541381200148183,0.503012190925282,0.19963581128002877,0.3626926597858259,0.12161198367116582,0.4198152732526825,0.09528309065035027,0.10051999815493139,0.39548257586852137,0.11893970957833923,0.18076344095986488,0.0031574734998134177,0.08615856309071325,0.23428008698456115,-0.27130448569317295,0.27525332268405417,0.23770088443356385,-0.0474230694420689,1.1240935691700298,0.11214797054432304,-0.13487716797735325,0.0069208634546805035,0.018358205238881462,-0.057535416237914264,-0.027351906828585786,0.04655020519884494,0.28584244307332995,-0.14274909619079307,-0.14163119098255578
0.14146855120938415,-0.028539317999800834,0.10312811643427937,0.20860711378370253,0.12433413479791022,0.13282147050500784,0.37650419353993264,0.25238052430226443,0.21731574736682926,0.16747486538595088,0.24514062832432817,0.25653118028541716,0.21285329398518502,0.24043793827526871,0.10999197966423849,0.19972972194691285,0.32150188111466915,0.40667283890924705,-0.013537204995425397,-0.25972979670861956,0.03424757272461475,0.28841454061582433,1.3936409365224933,0.324855012122187,0.47668375190502016,-0.2594738589662981,0.057204658082674234,-0.5578301902938542,0.5255023601059818,0.3283419817541856,-0.3738082237040499,0.08625969173273722,0.20769765255019268,0.32757009307578433,0.21981269351059068,0.2450958308793601,0.5016928061500171,-0.09861719434007161,0.4634494606510878,0.23435284761683722,-0.03988115030884516,-0.22969342892752834,0.14702755010362306,0.3751227798631451,-0.15409129282699566,0.32220227882216756,0.33023048867218896,0.02597876203761867,0.48109469215880757,0.39278854171357963,-0.16608048561312638,-0.08041269778139908,-0.02296421655193484,-0.11139525779518301,-0.15010523231683576,0.005347041467507877,-0.1304241481288253,-0.2855739643094533,0.3832906775090895
0.047953795715375336,0.018465841165140127,0.20933421935114296,0.2653755860757723,0.22331649366748385,0.2845499177261975,0.1847697450554857,0.25302859410764234,0.21948486490863905,0.2374443279636049,0.26906174944915623,0.2540722152367484,0.1833386719320371,0.2719441506883792,0.22936359065567075,0.30499271920860077,0.25199688630388467,0.1429913707067244,0.19871754709117545,0.3178044597737815,0.2660579297179821,0.28173589230059476,0.324855012122187,0.7273186544616861,0.25529249292671186,0.22401182835733852,0.25412227463275566,0.1717139400286875,0.22260744613548,0.3909067699492351,0.3842202076136213,0.41395304604479766,0.3328761423569189,0.19955192817328543,0.13819117206287143,0.4454736940483302,0.2124373699677201,0.19742083903237415,0.344752386734826,0.13705035015991684,0.2858626908595766,0.10004116059767923,0.02046649591983577,0.20076765896284926,-0.16347395340777804,0.401993889003606,0.2588148413899713,0.03794277216023638,0.32591067647254074,0.11262792832970309,-0.1640638720672903,0.05670670748607609,0.031595675342219603,-0.05919360551040866,0.11006156941101448,-0.011098477057648331,0.3752415751701965,-0.7417547088495224,0.3564435471165462
0.23259544319295475,0.06615860517776034,0.24989635411712482,0.30815175568809855,0.2559547635917943,0.34296232204914523,0.19951789213303006,0.37610492275039187,0.13331662725168017,0.26680103733428207,0.2837453493310306,0.30503149977173044,0.19612789092812918,0.3263460716946136,0.26949840330831887,0.3318318859817152,0.33761335638195944,0.257424219186226,0.2753490761078964,0.1266058194486409,0.14465766330367377,0.17162929753461684,0.47668375190502016,0.25529249292671186,1.1768030017922633,0.10153069521891456,0.21075347927136154,-0.008767008094513055,0.5847903917886867,0.31357616351162054,-0.03215693224663721,0.2870126637655782,0.11838391876034988,0.39248014869323516,0.3105639276166318,0.3528101801897463,0.341800756128131,0.12794480450957788,0.395613116231207,0.18655003272663914,0.18996114965300265,-0.03262294123401673,0.169728447718778,0.21827810741736456,-0.02900627981350451,0.4318828841369552,0.2974654051610938,0.02175458376868272,0.25732115692185875,0.090074186939616,-0.09305894745441355,0.03886672492623121,0.02280921869734173,-0.08373399816354589,-0.008398310374604609,-0.030898365758126253,0.17815398197872268,-0.22848500714450712,0.06132306377733284
0.10194289773357199,0.2790073145388829,0.4625935416996832,0.34480108559842976,0.3481796812948334,0.6486046772611668,0.045309968371417125,0.4113388540177758,0.3989019915945367,0.30354931113445943,0.29551798327918527,0.23750830902414188,0.13921002073680797,0.3971246163520399,0.4282062517802619,0.23532840381389664,0.2980996818744535,0.1106983532331027,0.2817704932389255,0.6539077464670022,0.6272391372896596,0.2860598931527311,-0.2594738589662981,0.22401182835733852,0.10153069521891456,3.2762657863156646,0.32913740252330803,0.7977199126510527,0.3304338209295075,-0.757783573674317,0.399991396103387,0.9085759807343735,0.1678341572618917,0.18013366560849753,0.028827714759726637,0.6229235865831708,-0.9760699461647558,0.32217372769781677,0.5874494833000073,0.2218345372521354,0.3139714460025978,0.40755529981752164,-0.048699435983234354,0.03704518192364149,-0.49207542788021313,0.2701417225774228,-0.24171955696018818,0.019902022743862068,0.40659541535542576,0.41463133554550397,-0.9576639099799764,0.4399178444147678,0.058217014870868125,-0.12727335467231754,0.03176879213401933,0.045784406595646886,0.5984708823652132,-0.08523650065258555,-0.3454473273561977
0.12292809458570078,0.07054907922596945,0.2708188040845092,0.283684311430166,0.21956207817281465,0.33817729309996003,0.15624051678861117,0.3082955935292335,0.20109739607241447,0.2483832022503437,0.29056273576560165,0.3090191253490294,0.2028759095203476,0.29860091982090237,0.19717708368995268,0.47844555223284635,0.2376170947444694,0.1583381771270245,0.20049801564277045,0.46280116514805425,0.2365938716818002,0.2850431516048162,0.057204658082674234,0.25412227463275566,0.21075347927136154,0.32913740252330803,0.548993403795588,0.24149368017971368,0.32602983741259906,0.18653079195436986,0.2623359159929314,0.40738031602583524,0.16469626623261674,0.2969498034244505,0.2207414279517852,0.40026589744269647,0.2080675421875292,0.2625261581510723,0.3993813646451485,0.1860105361931654,0.2860517392037806,0.07386387158857591,0.2790034125045272,0.14333905477036726,-0.0005620766507277163,0.32971661924163165,0.21311076012626207,0.034307518707254715,0.37023522819892735,0.11502981555127169,-0.23722394829601604,0.12819931684605662,0.03236216002570124,-0.07361834287164362,0.04984630752080186,-0.01608528768557252,0.20554478148583852,-0.07344127561336514,-0.1467589484835467
0.0028547716338728412,0.19979553145909013,0.3698760129509396,0.05469579304445354,0.15820406826458525,0.28927463674498965,0.010632287141985127,0.09950012378701488,0.22128849175519466,0.09931076065144526,0.05537148262309962,0.05397390307501512,0.03794704173896052,0.20519713996381458,0.26400260635667233,0.2645902318323727,0.18443012554163885,0.015602562609921006,0.3449564829365712,0.38926851170610655,0.38927965235837175,0.16742561999153618,-0.5578301902938542,0.1717139400286875,-0.008767008094513055,0.7977199126510527,0.24149368017971368,2.417631927502987,-0.17314666308735305,-0.0016242531441988692,0.6148843219364732,0.44207726668633,0.3523486523349869,0.00933280475243667,-0.05625949312049956,0.6241944073842433,-0.2576047472428518,0.2688245780606571,0.08079248034862525,-0.09194468264714654,0.49076705652996194,0.42096874202764956,-0.08882116750482724,0.2394282483162333,0.01219823452255303,0.18283701826680784,-0.07881703612054637,0.04072985760442417,-0.1534468315187549,-0.4847829815323586,-0.21651321160544748,0.6790230739468496,-0.10488473138000202,0.023626446036705336,-0.0034120743066923297,0.015232684928206881,0.5460605324046038,-0.2950722265597569,-0.08846437818665165
0.2564417500625351,0.20659081691940173,0.4330572683840972,0.36194342657330236,0.2927900356785785,0.5751148834588717,0.27468546984692405,0.5010405347780518,0.23266556621615916,0.35008475690891283,0.41090832998509913,0.3858568542854719,0.32352091437904373,0.45568200725770747,0.27673440026429647,0.5303392631220729,0.5097889304720238,0.2633893969661366,0.25070805529154117,0.35562047049714707,0.347091221705225,0.3734437825735528,0.5255023601059818,0.22260744613548,0.5847903917886867,0.3304338209295075,0.32602983741259906,-0.17314666308735305,2.1100337971717167,0.2682728867445738,-0.2417002170935111,0.3501569981755437,0.07144437562290319,0.4463321887019971,0.34079993275293796,0.6070654683801696,0.36941756689703736,0.12535019826335764,0.5111812870541869,0.3415246303006913,0.08195678263136097,-0.24346817047606464,0.4367501475595237,-0.005972120303521817,0.08628850059777196,0.710763387935083,0.3408042451554481,0.004669785105525644,0.5209975142021183,0.7504549823129575,-0.7679382874785723,0.2081702570499945,-0.17180280650195556,-0.07042437252185921,-0.0982180254731171,-0.06863550342055787,-0.18463335229608113,0.18515643152843456,0.044516228903604176
0.05230417929060868,-0.05799084718802574,-0.16541160326413593,0.16272487069883917,0.13174337040995657,0.06219234744804134,0.02263852762427763,0.1858277050242259,0.020502040134065747,0.23696102585594206,0.13639741175292658,0.11606929860750205,0.13146191768877039,0.2841425646671538,0.2745976030145637,0.33278565827762635,0.14882811283763317,-0.009670326090223617,0.09631379919376583,0.3415226130753323,0.14398121591256965,0.11436953908978499,0.3283419817541856,0.3909067699492351,0.31357616351162054,-0.757783573674317,0.18653079195436986,-0.0016242531441988692,0.2682728867445738,2.7250632395996006,0.0646632768111365,-0.04443677509120729,0.3027477199700621,0.04322090829030345,0.7153183494111016,0.23991637279628278,0.9804967706000872,0.3179880375246512,0.2176711183380528,0.11205994368505433,0.8430663538586984,0.40137049978988093,0.5955517410985225,0.3441433604132658,0.4858331964044405,0.4515388219356077,0.9692502945386239,0.056598943437007096,0.43597719658653034,-0.1463738266512119,-0.029490995967132127,-0.2529133755860356,0.19733622000927278,0.1381736316650549,0.13990592342412092,-0.11280281439655901,-0.3016468749238164,0.21191472786190527,0.047942857942482084
0.07428211520255762,0.029580790401239107,0.2548796453916598,0.210503324990504,0.1762526696341331,0.2382951969214571,-0.010972883583787254,0.18651109183519532,0.24592483564026094,0.2885083718733095,0.20128763402369398,0.14282009681014388,0.10802897444595022,0.2992008536564442,0.2835544977414423,0.19292187377063424,0.1979213886746637,0.31971635179809493,0.20314194661735613,0.623675019729192,0.383473607934315,0.2541381200148183,-0.3738082237040499,0.3842202076136213,-0.03215693224663721,0.399991396103387,0.2623359159929314,0.6148843219364732,-0.2417002170935111,0.0646632768111365,1.5705664070451464,0.4518231440560791,0.26211302597254466,0.09345563112036125,0.09665724897500477,0.5173900902184372,0.03139672345063792,0.3591854308108213,0.1808355505929872,0.09139834476334956,0.3671830121763688,0.3012488839507959,-0.028484913194667234,0.0215043031538366,0.06186662585709546,0.42225385581310143,0.2156724070554553,0.043324571746221834,0.1500458075640118,-0.23626992312191816,-0.08668678618201946,0.32367624587968197,0.05828295695567974,-0.04203640498994591,0.3208455018097676,0.025093130176712955,0.7383073627075885,-0.49332354142576307,-0.2666809194404174
0.13941435879574895,0.12365061972927009,0.39778772568275794,0.3216426339655471,0.2703781938424147,0.4971650128975162,0.19295786061587067,0.3832498618480332,0.3639889036558341,0.2695315411772116,0.32073681679895544,0.3777395345795681,0.21970824464967903,0.4645425653641638,0.2956496034976346,0.48434967923853456,0.38139075095138925,0.2052694771937355,0.31206968076962316,0.3926770286962196,0.3987475700495126,0.503012190925282,0.08625969173273722,0.41395304604479766,0.2870126637655782,0.9085759807343735,0.40738031602583524,0.44207726668633,0.3501569981755437,-0.04443677509120729,0.4518231440560791,1.046009166208835,0.13665107598308496,0.30480595688309775,0.07275051343925483,0.715838084015134,-0.2567307038774053,0.2345740726957225,0.5320001746417296,0.21950871391865023,0.27422948179699835,0.0927717943584813,-0.1632484825151765,0.17632719672998542,-0.27891137332900967,0.5099829378336468,0.14615952608544147,0.019571813244762676,0.7642287588771399,0.1322285019629534,-0.23983282885472695,0.1195931975154499,0.0501932475166446,-0.08045876181165512,0.07272926781513704,-0.031895690374893905,1.240663070084851,-0.7401290125644296,-0.3269680843728708
0.07291646197320598,0.07101615665586648,0.16916844127223665,0.08762499644721333,0.18492103651375602,0.08683002628046879,0.25573092694792005,0.1684714345796468,0.198822715109007,0.14022779182530995,0.1089281910124324,0.11182999619926333,0.11653778263610534,0.19739581085182034,0.18814955074578465,0.1762447517137199,0.19759066143715046,0.1627243328004963,0.20370824793057313,0.2671710293948986,0.2789602888089948,0.19963581128002877,0.20769765255019268,0.3328761423569189,0.11838391876034988,0.1678341572618917,0.16469626623261674,0.3523486523349869,0.07144437562290319,0.3027477199700621,0.26211302597254466,0.13665107598308496,1.2040579700605603,0.05535655277817856,-0.23072658735032395,0.2525481191878994,0.47079092652510623,0.19320699691035412,0.10437315514645149,-0.071911106742976,0.1688309622023461,0.07005816772506158,0.19984730715412968,0.10102118519242316,-0.34727159825437837,0.32262333988386044,0.26023383714985704,0.0502823352110187,0.35477329558374654,0.07058281795300236,-0.12200780613669304,0.15554644599495712,0.004261293377808549,-0.1487021083208407,0.039778634055200345,-0.027207862874082285,-0.054034594446529235,-0.12439589212798084,0.22045651319178045
0.06667866240358228,0.10155703626254169,0.3398953782345207,0.3730217018957018,0.1897395150802414,0.38162930596123396,0.2508671986413617,0.3569757512114883,0.3136640776575725,0.3532929009183213,0.2606691798496141,0.30105469425721954,0.25394450921280254,0.2733486487623451,0.17909869000851647,0.39261587031360634,0.34960132125946153,0.3136326645353641,0.17086013184034965,0.3983228198769635,0.17021803197512994,0.3626926597858259,0.32757009307578433,0.19955192817328543,0.39248014869323516,0.18013366560849753,0.2969498034244505,0.00933280475243667,0.4463321887019971,0.04322090829030345,0.09345563112036125,0.30480595688309775,0.05535655277817856,1.4725836495417104,0.44352796669302136,0.20001222263095347,0.724940001663883,0.2079312032070026,0.340090688760415,0.0751036577899571,0.22097585843446618,-0.16126413198904274,0.4468379658581001,0.33813368820815515,-0.3033848346125223,0.19392717165959208,0.40879139092563127,0.05099886129371538,0.9702763246951251,-0.006150716774703973,-0.2353136961052216,0.14954012073138476,0.15707346626949803,-0.14608741682760773,-0.12871521080381032,0.012550373395842163,-0.03457477977305904,-0.18890207250287186,0.29715842886830307
