2.378236379607537,0.5638156520523592,0.6219159279869709,0.4483293746650952,0.5994919835327345,0.3579872317243845,0.43157839738035414,0.5103754503529543,0.28449938222271626,0.3057021503498425,0.3775187270314572,0.33528641358377637,0.3309763892854883,0.24442490364587124,0.36559545987286446,0.23948816100480724,0.30313276169114556,0.3867332905301131,0.38915813131056365,0.16514181659742252,0.2954423822617086,0.2903592319745285,0.17524080001334832,0.006802336559153724,0.31526412996356,0.4001596185567814,0.5759646849526491,0.29968610969633575,0.22510424041625401,0.056015975325572565,0.33317156528639963,0.1758206785286636,0.2951055376102579,-0.5590366500385987,0.23938526874079505,0.27391129780123336,0.4047872119519005,0.24791024657251434,0.30843509001258845,0.2055615444725236,0.37900128664703187,0.22776178872019112,-0.030688153419645155,0.15156331094072137,0.009573773113777169,0.6447944099031113,0.25599344735052226,0.03367059719326592,-0.1782542765184279,0.27512466165096033,-0.08948672210860907,0.044038767050139586,-0.039988222944901064,-0.01908342680206042,0.16956510135060607,-0.08144190586689487,0.11285509771240976,-0.07208070595212746,-0.1110894237763944
0.5638156520523592,3.383984073337799,1.2597016203151492,0.48048461690331934,0.46012072360177964,0.4231286804775095,0.3758639533646711,0.6863228953158681,0.32514221488852174,0.478817943976373,0.4085195370942744,0.28613424724674164,0.4846237851802436,0.24419852225750038,0.2815652792344366,0.5040103259212175,0.4237065374093052,0.6711179582816139,0.3658053037766493,0.5299211636952191,0.5757828715790273,0.4401593632886386,0.27153330624398536,0.34252020596633526,0.3744495066736212,0.20707353317316432,0.2597663974719276,0.1188460606803467,0.7129327804426553,0.22016112161875695,0.3125765386984356,0.21232550243949447,0.22714600157922357,0.524813856991659,0.5747583936979599,0.6735078101354323,0.6338630231996097,0.32811705108020006,0.43019230325563623,0.03948627828323784,0.46772899264253764,0.48114894003003333,0.9690286417928629,0.4205018706076147,0.7996660213920902,0.47108295066040634,0.47159976127242786,0.08157174101300674,-0.36852477973151204,-0.09661353945761629,0.03934325733611177,-0.16719505657528247,0.06649664421445566,-0.038543232562311965,-0.3245247570188164,-0.36696153171391394,-0.5635338902389033,0.48582102076852995,0.3880154879076831
0.6219159279869709,1.2597016203151492,2.6176301912605533,0.29016928217272714,0.25561584852479824,0.43411432738487993,0.3464977480088166,0.629920900487679,0.6824006621938303,0.47792554468725423,0.41832780113421325,0.3210588994581432,0.4641722901712521,0.26937369584909776,0.32070109640917793,0.3341141874149177,0.4242961207743228,0.5430740759350413,0.3866320117416952,0.3967485343151484,0.42150586531030637,0.5393141813719329,0.23419061303699035,0.2697544502931756,0.37975765066851164,0.5888513717361958,0.2913162912476625,0.21795206665653966,0.771976088545311,-0.318660986614953,0.3874931551632571,0.283140615244422,0.25410567005219326,0.5762304556644539,0.31048349253501456,0.8813482762522751,0.499732488648732,0.3076332906306041,0.15572566351145375,-0.37702366469468684,0.3984994203335735,0.3977903203377162,0.5667498328273223,0.3576094429584579,0.7181707128761038,0.7539365979036742,0.26706559632533927,0.048773660529748165,-0.35869614569866504,-0.0915808150068429,0.1341208094366432,0.09612768054468122,-0.08666389590269556,-0.16885846827068332,0.060733246178535524,-0.017077549928295428,0.10198481099373373,-0.028271468774498636,-0.29068169736993904
0.4483293746650952,0.48048461690331934,0.29016928217272714,1.1526096832115267,0.6083928210034457,0.4144025416442157,0.45065266668547826,0.4370677426962627,0.2373778107469912,0.3133137089646852,0.3288095170127003,0.3693337271057109,0.3744717325658795,0.312702391438447,0.22946314173781313,0.4095877071284568,0.3262116872797495,0.333227115440386,0.4053821422687976,0.2725211195435693,0.2972909421714419,0.3355147772588851,0.27116493937691055,0.3009963907339355,0.29468905641523374,0.2758896095958111,0.18543975379324235,0.0799993036273279,0.4115417874362215,0.20318965510760195,0.16438188699312892,0.30278875953552065,0.29441217721048146,0.3040713350213422,0.09037394231579643,0.40110559290009773,0.29309191456892775,0.18377392809613982,0.2947503721320304,0.10116529655829488,0.32709389181061527,0.25877741642136554,0.31861830985764267,0.15621800011351755,0.14265585824151492,0.3122744030863143,0.3032568797317488,0.05126860711306468,0.10049723154184688,0.1258754476975565,-0.07425073167540398,-0.03829291321653429,0.004771759011486493,-0.03009360660164917,0.012372671552879862,-0.11901349272341637,-0.3496886962182576,0.15327132857931136,0.12006597209045598
0.5994919835327345,0.46012072360177964,0.25561584852479824,0.6083928210034457,1.4982012109807696,0.3978986369093073,0.4382021762194205,0.48812085681113415,0.27615980234019305,0.33230379739968235,0.37932861168043935,0.4049187508868677,0.44160847555301025,0.38795479470370026,0.30246519642201414,0.5283914832481377,0.34385431317496334,0.4049836435995094,0.7151642084534181,0.2529487972585636,0.3067978591836894,0.42119012075157414,0.3687293658271666,0.34223765508277787,0.3552080661613292,0.45359558111587894,0.24252253316230893,0.15849018756619798,0.45705350487359553,0.21420492386403087,0.2557237380330251,0.35720953113022236,0.39605953698018515,0.3695701395756821,0.012361046575736147,0.5155583809153786,0.36258793147701585,0.1932223233381434,0.3903708705252468,0.14691699469184305,0.424820322583792,0.2878631429054345,0.12301216317321567,0.1581434004633129,-0.06823108113208692,0.42364612401251484,0.34692592223402063,0.056181068766350026,0.2517764157637286,0.31831406082449387,-0.05784506580067214,-0.04600925014111889,-0.01801522630537476,-0.14670803117077624,-0.21082660621760674,0.0324747258198656,-0.18250363904422096,0.23007822726440286,-0.013334170758755568
0.3579872317243845,0.4231286804775095,0.43411432738487993,0.4144025416442157,0.3978986369093073,0.8572658675629049,0.33980420417945356,0.4547875515544937,0.3506567127149185,0.28089814942445646,0.3539547030184623,0.3500443054439926,0.38599991264903255,0.35302802232937924,0.18926051218618006,0.4063244860745485,0.4100844205011014,0.360062973383622,0.4878366132220667,0.4339695519063146,0.3589073716568376,0.41930395638289875,0.2913970956159477,0.311619006530606,0.3213444128062686,0.3390524756543835,0.2154769612299094,0.19366002590176357,0.504338717210314,0.14704181029369492,0.25135435363549385,0.36216161923120294,0.19087168911190275,0.47025428337078234,0.297602104353744,0.3612260418551488,0.29804115045091983,0.2656639528719388,0.3332167770931246,0.15001583705451924,0.40835525373478804,0.3168091030194354,0.6750982885015242,0.27410274007172103,0.3613737015031046,0.2873710771578233,0.33839966241905184,0.04695864022239225,0.1397773088558401,0.17947020674468234,-0.16417528905374115,-0.05937711524067014,-0.11214229426221546,0.05133896680556657,-0.16731951973680512,-0.01824157470559247,-0.10302060251865285,0.19828035538571087,-0.04163385772638773
0.43157839738035414,0.3758639533646711,0.3464977480088166,0.45065266668547826,0.4382021762194205,0.33980420417945356,0.8690409978744276,0.4238434960301863,0.4831687473153919,0.28746241387861093,0.397067685334825,0.46661324827038286,0.4572481171940801,0.369950546003962,0.24565903377409598,0.384382230462157,0.3951233943404009,0.3534708515684625,0.301946173907699,0.27906279255931815,0.33911742423327257,0.44739643957231023,0.2869017047638746,0.3536239612238134,0.34746026272244984,0.4218525928196294,0.23509097019765965,0.12187997054867507,0.4225297559272098,0.21010361097242083,0.23582270004118508,0.3587916462189406,0.3283336208652622,0.4360305381958658,0.2386246229894063,0.49381028746677647,0.20828348345258357,0.19144320951348445,0.3700472894753395,0.10518972612309643,0.3473969420172963,0.2926417951518799,0.3046667007890343,0.21265739679867726,0.1330561724320849,0.3214196015509301,0.3022199552808688,0.06731282042815673,0.4264549656730097,0.03536285615212853,-0.09481512396777655,-0.07899232919715035,0.09347698257001652,-0.06352172332158018,0.0781380554547666,0.06281416597163722,-0.12055409374008577,-0.012527596781679676,-0.18124414557838261
0.5103754503529543,0.6863228953158681,0.629920900487679,0.4370677426962627,0.48812085681113415,0.4547875515544937,0.4238434960301863,1.0123117892101832,0.3054834622508819,0.35789750021287003,0.4283303077691036,0.23085582051837045,0.5073522488530544,0.37178403160219553,0.18036955537206678,0.3668015773484045,0.4052700550083729,0.5069737927960024,0.37939545745124464,0.43145548075659684,0.35035312529784796,0.3918562936661828,0.2676615081178663,0.3295564534886798,0.36982469373426874,0.46832347894670495,0.3040304207544972,0.12090364892312984,0.5543640711135179,0.15568328632729345,0.23685770655186345,0.34769056765225953,0.11851617076268263,0.503673896826423,0.4808780422720779,0.41027720975860127,0.3761735304054542,0.2486887861937575,0.4174826429947402,0.1512106938007126,0.38045723149531685,0.32741138522313634,0.6749713505195014,0.3136184552139918,0.5130032380721006,0.3449157872531805,0.4297272603787905,0.06386627531467194,0.14381414099079587,0.12632683287379576,-0.030133031369714246,-0.13343915148922988,0.025499475844765113,0.03634982061681656,-0.0833859010307322,-0.21343327898653497,0.017418096444533293,0.16230626748514676,0.04767856041672227
0.28449938222271626,0.32514221488852174,0.6824006621938303,0.2373778107469912,0.27615980234019305,0.3506567127149185,0.4831687473153919,0.3054834622508819,1.0493791421628564,0.20265482196126972,0.2840178875317006,0.26969021283396866,0.40115279787698493,0.29605261785265446,0.1304010271192166,0.24066223776492668,0.3453438776967763,0.3184566294744188,0.24478453420504426,0.25076479041355987,0.30857286524363753,0.5857128500947697,0.24548721431847031,0.2914051738157914,0.2380054401845158,0.6571994269221145,0.18385217126757739,0.23720050343366825,0.43812466138078193,0.03537199942643943,0.2925881033283268,0.3094241669111311,0.3158386513574475,0.475717367746555,0.19140370223479813,0.4869728044405496,0.2349387051595577,0.19692488391431315,0.2698866669632505,-0.025917425011834194,0.3384154334757688,0.2674331614017191,0.35240662843926507,0.2544335207141316,0.16827160077165543,0.29060261903235496,0.255309817903547,0.0236000457006958,0.6335175791096509,-0.02290547215982364,-0.05246696952546239,-0.014365928864112159,0.03195985806410807,-0.08281736595867113,0.0604904298504638,0.22594844142273132,-0.06263991602527158,-0.10050497646830944,-0.24367091952695236
0.3057021503498425,0.478817943976373,0.47792554468725423,0.3133137089646852,0.33230379739968235,0.28089814942445646,0.28746241387861093,0.35789750021287003,0.20265482196126972,0.7915094677762098,0.31310042995759585,0.3047727456669277,0.39044418835835537,0.271948841801728,0.3608541472852088,0.30944622371458147,0.3153396818375589,0.42886173873494976,0.24099386892811234,0.33723060168942787,0.2899144915886445,0.30859625401488033,0.20089933935383694,0.2873590097161472,0.3163873745918282,0.3488920769656515,0.37482140099583133,0.30446406257472214,0.47882539636592053,0.26674474285963423,0.23592521091106367,0.2459488222265277,0.13784470123693948,0.43633233369106944,0.4480521169869287,0.44839840236564044,0.33679995767416676,0.18250573530311198,0.38516384931306114,0.14214707385359285,0.4482583033218585,0.28440164462096035,0.4140434278567444,0.203320316701017,0.35441935984743,0.38329834486097125,0.42809664949057985,0.06716302796212748,0.08720367420303345,-0.018516251332661077,-0.04264025119938151,-0.09044481931655665,0.08370658869859841,0.0058719632342392105,0.17515119923573969,-0.09179274104953584,-0.12136684930715055,-0.16316057893163452,0.14712175151788348
0.3775187270314572,0.4085195370942744,0.41832780113421325,0.3288095170127003,0.37932861168043935,0.3539547030184623,0.397067685334825,0.4283303077691036,0.2840178875317006,0.31310042995759585,0.6037223094599604,0.41428135359921375,0.4198573625195235,0.28871881163560237,0.38546175091754686,0.3498903101858062,0.3670760380453631,0.39534532169641334,0.30234243151424317,0.3423010042411771,0.33449440676611536,0.3369858395932609,0.27747591722053216,0.29503907644014254,0.34897815107328706,0.3155304273190329,0.3401047879231147,0.2012601915996018,0.45864274975684266,0.21000622257353635,0.2696339725925862,0.26850237092064716,0.18101197373386557,0.4280953379332262,0.445184807867631,0.44047197617324657,0.2683334706705173,0.20042033113105512,0.3728208150722984,0.15638295245956815,0.3897875635819474,0.3096310808700736,0.46988343846162134,0.2385385994586067,0.30895859576986184,0.3703736638735557,0.35831011391865075,0.06778805755063384,0.039811075435139606,-0.02155779634903417,-0.03351509700321992,-0.047535275340786436,0.07855900627861982,-0.017123824958045875,0.021197934198331943,-0.025359361332753533,-0.09573800569575565,0.01719444703754411,-0.04131603414107645
0.33528641358377637,0.28613424724674164,0.3210588994581432,0.3693337271057109,0.4049187508868677,0.3500443054439926,0.46661324827038286,0.23085582051837045,0.26969021283396866,0.3047727456669277,0.41428135359921375,0.7455615440908888,0.33410719534992855,0.33974191046159313,0.3775299004539324,0.3023898219476185,0.3250603385067664,0.23435700534425288,0.31915937846614884,0.24454018282509873,0.27763020103659314,0.28649030003857767,0.2684344034441373,0.2822134339861134,0.3519716887796646,0.2657460390272895,0.2548070841698162,6.980391132933404e-5,0.3122892568506531,0.18258349049315176,0.19299733211183104,0.321205720719509,0.2815039660376346,0.34385869890450627,0.18903315864057593,0.40922057266803613,0.12768556829405947,0.16713167816198138,0.26574988503126273,0.10379835772136578,0.32810194653657876,0.24421074624386227,0.2305552230341587,0.14911119465130693,0.06635099884247735,0.3517829432059699,0.269727632058167,0.0748372873808304,0.19215563317784673,-0.014210895676846783,-0.044963945242345885,0.01523183352472938,0.08658079756397963,-0.09276134432026477,-0.029586484218996147,0.11568142692080467,-0.07300168939267278,0.06969754737383282,-0.3069144831467713
0.3309763892854883,0.4846237851802436,0.4641722901712521,0.3744717325658795,0.44160847555301025,0.38599991264903255,0.4572481171940801,0.5073522488530544,0.40115279787698493,0.39044418835835537,0.4198573625195235,0.33410719534992855,0.7173380740115671,0.350172241565618,0.1803700133735998,0.4623057226531479,0.38172783214638606,0.43617369098128855,0.3307637479105419,0.36490357086169806,0.36358379037152777,0.4623202469350127,0.3005071966022584,0.3684761865782188,0.3460086099418854,0.47540575464512075,0.2228533054942619,0.17738902354413583,0.6043136521053374,0.23115315040708856,0.23955541780330772,0.31610662427673775,0.23125533184531977,0.5004817648681829,0.5113691636143006,0.4862138025113222,0.31261797208408076,0.20966068611146782,0.4655679576092206,0.15337012111694323,0.38260636066711906,0.33531580761416013,0.5592006542958443,0.31518061665314656,0.33345546380650465,0.32539417199961335,0.4052452760465987,0.05727109262960552,0.3072602656318201,0.003350978399752099,-0.041741063815484786,-0.09666543116356842,0.108636239300461,-0.06547988615033982,0.08370122049056221,-0.1258891194145831,-0.14482260305048053,-0.12895105137256213,0.18159339638094585
0.24442490364587124,0.24419852225750038,0.26937369584909776,0.312702391438447,0.38795479470370026,0.35302802232937924,0.369950546003962,0.37178403160219553,0.29605261785265446,0.271948841801728,0.28871881163560237,0.33974191046159313,0.350172241565618,0.6847854351713424,0.39878954367119585,0.36422838549778663,0.3012656354104924,0.315089620888322,0.34580674174284504,0.27595702129779026,0.282526840112184,0.34854597604162463,0.2845201562108177,0.3577291625079581,0.3228214968566693,0.42261606559026726,0.28385920938535164,0.3124204447527605,0.3373675161670949,0.14440379066984713,0.19201208443269419,0.619699055920548,0.20373359978768524,0.3907359536592496,0.24101188464172932,0.36163394071499494,0.16690588109830945,0.18246607624169614,0.2276999080880758,0.13027843863807345,0.41371236087694574,0.2514860439304149,0.2811621995855753,0.19290809260667283,0.07809605070851708,0.24734385387115554,0.33648735832832927,0.06944694887942805,0.5126326772433332,0.198685512903492,-0.08688359097812119,0.03314008161175554,-0.07179068730931296,-0.005989918816787663,-0.12388357959564618,0.015731834892737752,-0.08776349234613877,0.13124380754701362,-0.012111010133971338
0.36559545987286446,0.2815652792344366,0.32070109640917793,0.22946314173781313,0.30246519642201414,0.18926051218618006,0.24565903377409598,0.18036955537206678,0.1304010271192166,0.3608541472852088,0.38546175091754686,0.3775299004539324,0.1803700133735998,0.39878954367119585,1.2484097045789757,0.1411396938850089,0.279348299373267,0.4507152337855155,0.2858483389263059,0.21176549834944206,0.24942563897391795,0.1589213576624779,0.3744950536569432,0.28281165340263853,0.4435457593089652,0.2884952902257745,0.5771706169659703,0.6357177129177443,0.2841970115648999,0.15235210558226148,0.2343628897928903,0.32952934639448883,0.3157005247236472,0.32899099396406867,0.21216913474396254,0.34217128381812945,0.3299584705928063,0.13781503157142558,0.3205417258712855,0.09291778395534556,0.44955425968375196,0.22955332874574672,0.08229933779919114,0.05647764092641115,-0.050279695373127736,0.44163620473505505,0.3633658023090684,0.08282786626267412,0.09503628243157183,0.05344968727636184,-0.04119055946835004,0.3091972947363069,0.04645573313400737,-0.2539342736095877,0.15203395032620778,0.08326557804400551,-0.26133119801178806,-0.06282324041605702,0.12165149104331717
0.23948816100480724,0.5040103259212175,0.3341141874149177,0.4095877071284568,0.5283914832481377,0.4063244860745485,0.384382230462157,0.3668015773484045,0.24066223776492668,0.30944622371458147,0.3498903101858062,0.3023898219476185,0.4623057226531479,0.36422838549778663,0.1411396938850089,1.33750517795869,0.40739239887422213,0.4735834308026976,0.45752948236381435,0.3930661675912946,0.3781199306625158,0.6676927684727202,0.24312820994784878,0.3451848127984416,0.4684994125242333,0.4002325316131895,0.3433347970927622,0.2896506667384688,0.7073974777008449,0.3357056275863556,0.2949416009354881,0.32635545607992683,0.080848360477322,0.6303167702790355,0.7722026345076273,0.5036256141930825,0.24581496899235925,0.24070342417507903,0.6193309789548651,0.3001558538284305,0.4354863183341553,0.39246938487377075,0.7627390843046007,0.48441879887058764,0.4099468703885322,0.216569930892629,0.45188140227734747,-0.013164349107026817,0.36904282939368716,-0.3911307964123264,-0.019965516409567598,-0.046214762594636444,0.11967001908958415,-0.040709089807624506,-0.09856976037754815,-0.014574235732271134,-0.25230007807747407,0.13578044310557907,0.10262748782653598
0.30313276169114556,0.4237065374093052,0.4242961207743228,0.3262116872797495,0.34385431317496334,0.4100844205011014,0.3951233943404009,0.4052700550083729,0.3453438776967763,0.3153396818375589,0.3670760380453631,0.3250603385067664,0.38172783214638606,0.3012656354104924,0.279348299373267,0.40739239887422213,0.672850288727948,0.4116090637961694,0.3336196435797113,0.40791083471748907,0.37288252898235863,0.4330639689990952,0.2755748812151619,0.3236805329102284,0.3382016421774142,0.25484502521613667,0.4535962740463105,0.4648106630616882,0.4666944383718865,0.23734386637777052,0.31790145388544366,0.2785889612776356,0.26229700577903103,0.4516241700562322,0.41972008429608476,0.4493180297761424,0.41437455439540843,0.24839854281994744,0.3869533935268984,0.1644251515808331,0.4466758968986204,0.3533658925845015,0.6324817158810913,0.2501771222725063,0.4042344893147099,0.3353028417478411,0.4234306303527111,0.06336085500140072,0.1745606298471137,0.13366997226365218,-0.08292250894113422,-0.010710758150533474,0.012162564116936496,-0.03344257927081432,-0.05936049418453018,-0.025719646780060414,-0.13661146053278506,0.09901518532285866,-0.019056970678807406
0.3867332905301131,0.6711179582816139,0.5430740759350413,0.333227115440386,0.4049836435995094,0.360062973383622,0.3534708515684625,0.5069737927960024,0.3184566294744188,0.42886173873494976,0.39534532169641334,0.23435700534425288,0.43617369098128855,0.315089620888322,0.4507152337855155,0.4735834308026976,0.4116090637961694,0.9656232462359845,0.33401088331081535,0.30244688362359734,0.38799136745084273,0.44390682385368424,0.4364237058973989,0.34699812457387313,0.4119528053431391,0.5384786777723275,0.48124126492020125,0.5900983838100736,0.5711317486941407,0.09198872767851884,0.2970185008562337,0.2795863437855324,0.25686374455350997,0.5159506374160899,0.5314700019728833,0.4314673658332468,0.43207637335547777,0.18268333820861735,0.4732257563156863,0.19406739976655754,0.446560675718448,0.3416849825008963,0.6810658179997916,0.23270167573842593,0.42361860997226086,0.3627464922900265,0.5443643967540732,0.03831729218911587,0.21672262921591948,0.10887041817301278,-0.0051175806401230275,0.05400588733588755,-0.054708047604278505,-0.12817828174982376,0.014003691840091426,-0.112608206429611,-0.1248150875380737,0.09273138175715123,0.07852605449368817
0.38915813131056365,0.3658053037766493,0.3866320117416952,0.4053821422687976,0.7151642084534181,0.4878366132220667,0.301946173907699,0.37939545745124464,0.24478453420504426,0.24099386892811234,0.30234243151424317,0.31915937846614884,0.3307637479105419,0.34580674174284504,0.2858483389263059,0.45752948236381435,0.3336196435797113,0.33401088331081535,0.9385855332769578,0.18548992394252342,0.2801617241401409,0.3904718999815001,0.23684818832815033,0.28184868980490685,0.30753528111364775,0.3024733616962757,0.28205351273279955,0.2599263439935454,0.4137812033306462,0.15969376288284057,0.22545860914287205,0.3410163596790383,0.2863536884471155,0.31281411432118006,0.10004359787497476,0.4518425199243101,0.26668298472349117,0.16863155893643045,0.2595211459407514,0.10265029877371505,0.4075597859869061,0.2576972318459351,0.23692546041164567,0.13752160585878212,0.09460578524032849,0.4000984237737642,0.2529650261604944,0.014178881807531308,0.021391844496045774,0.17150635579609183,0.07723349707192274,0.22013664061233618,-0.25698958869897576,-0.156509380598693,-0.14868298022440837,0.015468336829876535,-0.12668657646062717,0.18097511930895646,-0.02037141832343078
0.16514181659742252,0.5299211636952191,0.3967485343151484,0.2725211195435693,0.2529487972585636,0.4339695519063146,0.27906279255931815,0.43145548075659684,0.25076479041355987,0.33723060168942787,0.3423010042411771,0.24454018282509873,0.36490357086169806,0.27595702129779026,0.21176549834944206,0.3930661675912946,0.40791083471748907,0.30244688362359734,0.18548992394252342,1.1790847981722692,0.35070276420479735,0.2943525317364472,0.15332011835366685,0.30411873324119254,0.2842049608334115,0.18974974428239147,0.3314912865746968,0.2747284765651166,0.5975144602046794,0.5423819855228184,0.4361598134341559,0.2630534694374366,0.033103834555497993,0.6234705319605212,0.5620404342938562,0.5145649093642719,0.5075366396832641,0.5433288287841115,0.634165805797476,0.22410014875245782,0.2754585152181167,0.367899647695339,0.9977274524177643,0.3508406149289145,0.9538632172554387,0.19887195582533565,0.42826442862003955,0.13267384480733313,0.10270320330331606,-0.1098160782245383,-0.12808250115894626,-0.15638121002391847,0.18253399063744785,-0.008231868691748075,0.021255644370059064,-0.10144886623004398,-0.08440268953249941,0.014888750085109655,0.07731427254584382
0.2954423822617086,0.5757828715790273,0.42150586531030637,0.2972909421714419,0.3067978591836894,0.3589073716568376,0.33911742423327257,0.35035312529784796,0.30857286524363753,0.2899144915886445,0.33449440676611536,0.27763020103659314,0.36358379037152777,0.282526840112184,0.24942563897391795,0.3781199306625158,0.37288252898235863,0.38799136745084273,0.2801617241401409,0.35070276420479735,0.6201030388441285,0.3589303027723157,0.17910362022026474,0.30127646113183276,0.2845648314896178,0.1763636536643935,0.21980111062502206,0.1830159053524299,0.422814477576173,0.3357319802860776,0.3292155799861883,0.2498895860729909,0.24549302996899058,0.3864948910282235,0.49628146923195793,0.5132605147033111,0.42511326098081115,0.23945604806574577,0.3372307912728503,0.1728229129735837,0.4824861319885538,0.46726036747512906,0.8686699682955052,0.26018767155117406,0.627162926191419,0.30494736863822025,0.40831724985577916,0.09370608743137962,-0.08687148472406092,-0.01900937435704297,-0.02281670902715413,-0.04569826615755585,0.01957177470369853,-0.009274637356770091,0.03854564189383989,-0.08683228198101475,-0.1816214549178923,-0.012613688835339105,0.12623199319290623
0.2903592319745285,0.4401593632886386,0.5393141813719329,0.3355147772588851,0.42119012075157414,0.41930395638289875,0.44739643957231023,0.3918562936661828,0.5857128500947697,0.30859625401488033,0.3369858395932609,0.28649030003857767,0.4623202469350127,0.34854597604162463,0.1589213576624779,0.6676927684727202,0.4330639689990952,0.44390682385368424,0.3904718999815001,0.2943525317364472,0.3589303027723157,0.9806037204735999,0.2603021178743275,0.3212038570723918,0.3218261480679198,0.5608569828972371,0.3980011942198249,0.3318964933319913,0.6164524966077375,0.17653219220173086,0.3616216379042883,0.34871418331206344,0.19090234570000789,0.6032354028758389,0.4935127308504382,0.5746857081725907,0.23163363616567553,0.25024151048518495,0.5812315719532675,0.16124282517978492,0.4564457124558501,0.343537410070548,0.5054884871229711,0.4890969204844197,0.21719481992423154,0.30924785560879886,0.39002822316240243,-0.08965097648625862,0.7643276449257674,-0.07762451063050103,-0.06517752544681256,-0.12378014126630661,0.01833595735146865,-0.04428143844753246,-0.03252319421312631,0.06227310513322504,-0.12550066534430415,0.035901171084413576,-0.069382335577128
0.17524080001334832,0.27153330624398536,0.23419061303699035,0.27116493937691055,0.3687293658271666,0.2913970956159477,0.2869017047638746,0.2676615081178663,0.24548721431847031,0.20089933935383694,0.27747591722053216,0.2684344034441373,0.3005071966022584,0.2845201562108177,0.3744950536569432,0.24312820994784878,0.2755748812151619,0.4364237058973989,0.23684818832815033,0.15332011835366685,0.17910362022026474,0.2603021178743275,2.256228136743761,0.31593624613953464,0.5616257522603686,0.2878969679382523,-0.33689710943108814,0.04323001170851607,0.49892375544828316,0.21447759414692538,0.22093373051085888,0.19192874929022485,0.4551418742717546,0.39626809899430626,0.0950323609899237,0.438509792925724,0.21294934702623142,0.048547250321751,0.3844883343795718,0.1210288706704439,0.3368058267219289,0.17714171141381974,0.10728120553265458,0.2373683226337707,-0.35437376527430126,0.39296213553940085,0.49624374358573925,0.05182798947174719,0.013551351831169645,0.41058147030029324,-0.11219555677626203,0.09718516774658441,0.1135224361889739,-0.19858195478634705,-0.1996744175287183,0.10956420961520406,-0.26424454299671557,0.21075322764133564,0.027154021299250358
0.006802336559153724,0.34252020596633526,0.2697544502931756,0.3009963907339355,0.34223765508277787,0.311619006530606,0.3536239612238134,0.3295564534886798,0.2914051738157914,0.2873590097161472,0.29503907644014254,0.2822134339861134,0.3684761865782188,0.3577291625079581,0.28281165340263853,0.3451848127984416,0.3236805329102284,0.34699812457387313,0.28184868980490685,0.30411873324119254,0.30127646113183276,0.3212038570723918,0.31593624613953464,0.677447583738148,0.3167650411904031,0.07377841645266306,0.2282722078849897,0.212162211809083,0.3462717102554244,0.4524895093053461,0.1582804769669158,0.37958756127227955,0.6595444046922834,0.2879650742713395,0.28613876174641034,0.3434488545508633,0.4960727694363289,0.20491865824855057,0.2918174886768835,0.07147298716492304,0.44524632023792315,0.29850274284586026,0.44772099697401735,0.13390300862246665,0.13649141822143943,0.37566864290449453,0.4285357005242318,0.12768722260897744,0.27957263319730097,0.05473589891067055,-0.11368768007785776,0.060804238152680844,0.047801064484839416,-0.09353490461467102,0.034840113719572734,-0.10022602110009361,-0.1763273489061147,-0.06073603241606119,0.1872467569689362
0.31526412996356,0.3744495066736212,0.37975765066851164,0.29468905641523374,0.3552080661613292,0.3213444128062686,0.34746026272244984,0.36982469373426874,0.2380054401845158,0.3163873745918282,0.34897815107328706,0.3519716887796646,0.3460086099418854,0.3228214968566693,0.4435457593089652,0.4684994125242333,0.3382016421774142,0.4119528053431391,0.30753528111364775,0.2842049608334115,0.2845648314896178,0.3218261480679198,0.5616257522603686,0.3167650411904031,0.9526106396746431,0.35376879675742584,0.3599996129311514,0.2716703124712221,0.6630014784006869,0.30303204838517067,0.20706060088439193,0.26873430667582254,0.21379607838804862,0.5702756301306475,0.4398350839046346,0.4498811328931406,0.29922584243176586,0.19048149673304507,0.517993431208878,0.137360305945883,0.34323108365579036,0.2868018898227407,0.45699581417381735,0.32991955900665887,0.24606774365278306,0.3681952167224739,0.44244181902259083,0.0723362452560577,0.070108684893987,-0.4899774404113048,-0.044532380270509445,0.1443078281327918,0.2778751506253259,-0.11575372437117794,-0.0007584939389235449,0.07483852239689247,-0.10987213811386144,0.027332732929972025,-0.04310839682287259
0.4001596185567814,0.20707353317316432,0.5888513717361958,0.2758896095958111,0.45359558111587894,0.3390524756543835,0.4218525928196294,0.46832347894670495,0.6571994269221145,0.3488920769656515,0.3155304273190329,0.2657460390272895,0.47540575464512075,0.42261606559026726,0.2884952902257745,0.4002325316131895,0.25484502521613667,0.5384786777723275,0.3024733616962757,0.18974974428239147,0.1763636536643935,0.5608569828972371,0.2878969679382523,0.07377841645266306,0.35376879675742584,2.5697267181534316,0.027827461267750316,0.6144832342714164,0.7038167480591823,-0.4819484663524526,0.12267314860271361,0.39651692024832424,-0.23724588036330752,0.7373881387819126,0.32898326473377476,0.5362121426625017,-0.26739724398502474,0.0601059581855424,0.3659011422378591,0.21947377680233765,0.3554216000708699,0.17407368052813302,0.12619113291637585,0.1967073538611046,0.10704050683551068,0.12398808542371287,0.17445313240646226,-0.023572265215274883,1.2039972837246302,0.05735678386919054,-0.0287353406336415,-0.11886827613803264,-0.015460144833762316,-0.05300516283432435,-0.030333115652106783,0.16302219645001328,0.16096779276837062,0.005369798046638753,-0.27065822777200316
0.5759646849526491,0.2597663974719276,0.2913162912476625,0.18543975379324235,0.24252253316230893,0.2154769612299094,0.23509097019765965,0.3040304207544972,0.18385217126757739,0.37482140099583133,0.3401047879231147,0.2548070841698162,0.2228533054942619,0.28385920938535164,0.5771706169659703,0.3433347970927622,0.4535962740463105,0.48124126492020125,0.28205351273279955,0.3314912865746968,0.21980111062502206,0.3980011942198249,-0.33689710943108814,0.2282722078849897,0.3599996129311514,0.027827461267750316,3.8637669915535158,1.464499852257823,0.10773692550948429,0.14668895491221645,0.5577933552287572,0.2874977846027166,0.1819931405572125,0.36294328886716354,0.7611511001304603,0.31198189394915865,0.5046755622762253,0.22900319119265977,0.545790506539574,0.41196633748419303,0.6508984468036464,0.29584518914769636,0.2911527137992378,0.14698037078596982,0.059975810222929554,0.8033309435952029,0.3863790189296262,0.12958706805790132,0.5383333019345429,0.0844154486062298,-0.2930395195937287,0.335083433237267,0.020974248817152676,-0.09450877854875486,0.417165705625534,-0.006385960924591357,-0.011138017263839981,-0.1957948138782942,0.06697845831029865
0.29968610969633575,0.1188460606803467,0.21795206665653966,0.0799993036273279,0.15849018756619798,0.19366002590176357,0.12187997054867507,0.12090364892312984,0.23720050343366825,0.30446406257472214,0.2012601915996018,6.980391132933404e-5,0.17738902354413583,0.3124204447527605,0.6357177129177443,0.2896506667384688,0.4648106630616882,0.5900983838100736,0.2599263439935454,0.2747284765651166,0.1830159053524299,0.3318964933319913,0.04323001170851607,0.212162211809083,0.2716703124712221,0.6144832342714164,1.464499852257823,3.6601853221880303,0.22615663608878883,-0.21469373210543566,0.35433894941194116,0.27564007239475324,0.20761534999514658,0.32952785765829873,0.43591047866451704,0.00020943284908605189,0.5133771544838863,0.14738288630450916,0.5240780576238631,0.2771902161954628,0.6748221545041503,0.17230396253481212,0.12156521323767484,0.128683355201145,0.03717878960882067,0.176803139684593,0.34325309585327124,0.03445059603438435,0.746116076507673,0.13883384580600827,-0.21087297532628876,0.27865953131089927,-0.04751558777537435,-0.10453115595209235,0.41722228995552635,-0.009629490870561216,-0.07120207936014668,-0.23383409615535392,0.5590435500766916
0.22510424041625401,0.7129327804426553,0.771976088545311,0.4115417874362215,0.45705350487359553,0.504338717210314,0.4225297559272098,0.5543640711135179,0.43812466138078193,0.47882539636592053,0.45864274975684266,0.3122892568506531,0.6043136521053374,0.3373675161670949,0.2841970115648999,0.7073974777008449,0.4666944383718865,0.5711317486941407,0.4137812033306462,0.5975144602046794,0.422814477576173,0.6164524966077375,0.49892375544828316,0.3462717102554244,0.6630014784006869,0.7038167480591823,0.10773692550948429,0.22615663608878883,2.749695660314542,0.2772961489836354,0.020059929714604713,0.29981834077358593,0.01751026656764762,0.9166199804018413,0.545761705348759,1.1158543788940176,0.2660140570586013,0.15710774087500826,0.2700365719040422,0.12371220495439136,0.24669278205002587,0.41811079369877285,1.0317736765659276,0.07913968771737193,0.8371097150415985,0.44923284764737015,0.5987697688177204,0.06007879290875,0.402631108995051,-0.4758031299037055,0.0946077628844973,-0.08746156759707627,0.1292114479921224,-0.014791800587953121,-0.04629908392550208,-0.02230716118950556,-0.3275518325887847,0.03911387037202489,0.2216403302144874
0.056015975325572565,0.22016112161875695,-0.318660986614953,0.20318965510760195,0.21420492386403087,0.14704181029369492,0.21010361097242083,0.15568328632729345,0.03537199942643943,0.26674474285963423,0.21000622257353635,0.18258349049315176,0.23115315040708856,0.14440379066984713,0.15235210558226148,0.3357056275863556,0.23734386637777052,0.09198872767851884,0.15969376288284057,0.5423819855228184,0.3357319802860776,0.17653219220173086,0.21447759414692538,0.4524895093053461,0.30303204838517067,-0.4819484663524526,0.14668895491221645,-0.21469373210543566,0.2772961489836354,2.555271733907661,0.3660868683000468,0.07956385096816222,0.0709246890275011,0.26555264027297953,0.6773650884863137,0.6214720916556312,0.905333772144043,0.40092710519442054,0.3677330202904524,0.06772424029512093,0.41060241324829916,0.43912908401289835,1.3148615369595336,0.3922435408157806,1.2270988008400454,0.26472235071714934,0.8850455087719216,0.126833360176976,-0.2832212625269003,-0.3346053390063558,-0.04503214666379464,-0.12672441987334834,0.2632504661929991,0.03477680806542895,0.2262173788034654,-0.1943556384627892,-0.2313782693423061,-0.0322524167473638,0.1690176292964518
0.33317156528639963,0.3125765386984356,0.3874931551632571,0.16438188699312892,0.2557237380330251,0.25135435363549385,0.23582270004118508,0.23685770655186345,0.2925881033283268,0.23592521091106367,0.2696339725925862,0.19299733211183104,0.23955541780330772,0.19201208443269419,0.2343628897928903,0.2949416009354881,0.31790145388544366,0.2970185008562337,0.22545860914287205,0.4361598134341559,0.3292155799861883,0.3616216379042883,0.22093373051085888,0.1582804769669158,0.20706060088439193,0.12267314860271361,0.5577933552287572,0.35433894941194116,0.020059929714604713,0.3660868683000468,1.1941466976277473,0.15471799457333454,0.21393560713422266,0.31617411290294645,0.44067243024196867,0.7373453458965451,0.3393972114261767,0.3362468897719106,0.48033718049878676,0.1787093501205041,0.43937532665356416,0.3366749439352824,0.43647269336114414,0.37614097259889434,0.4783662175955114,0.3286499429751635,0.34702764116331697,0.07423876378925445,-0.29108874924624306,0.09311619997091046,-0.05759851312985747,0.0034186312655609323,-0.013539076066529281,-0.06754454525581374,0.04568152588294449,0.07946620406567152,0.12432424567468053,-0.060652471347834656,-0.17804260973503286
0.1758206785286636,0.21232550243949447,0.283140615244422,0.30278875953552065,0.35720953113022236,0.36216161923120294,0.3587916462189406,0.34769056765225953,0.3094241669111311,0.2459488222265277,0.26850237092064716,0.321205720719509,0.31610662427673775,0.619699055920548,0.32952934639448883,0.32635545607992683,0.2785889612776356,0.2795863437855324,0.3410163596790383,0.2630534694374366,0.2498895860729909,0.34871418331206344,0.19192874929022485,0.37958756127227955,0.26873430667582254,0.39651692024832424,0.2874977846027166,0.27564007239475324,0.29981834077358593,0.07956385096816222,0.15471799457333454,0.8690089071651447,0.1592822691150301,0.35817945906432525,0.12419080462084164,0.3780570010174254,0.0590243491353713,0.17940564233964393,0.0852077552894269,0.09463057676911704,0.3891030571560112,0.22318761295642436,0.1998101325102685,0.13886568558375206,0.06305763006874704,0.22175277924109732,0.28687828712240726,0.062414030443993004,0.5366255788120552,0.27254123747018083,-0.0834831141277874,0.18865511227265547,-0.35916515683358846,0.07596840105373853,-0.12031855450364509,0.035483114632069,-0.054004408635011936,0.11056966017618332,-0.07687405775828421
0.2951055376102579,0.22714600157922357,0.25410567005219326,0.29441217721048146,0.39605953698018515,0.19087168911190275,0.3283336208652622,0.11851617076268263,0.3158386513574475,0.13784470123693948,0.18101197373386557,0.2815039660376346,0.23125533184531977,0.20373359978768524,0.3157005247236472,0.080848360477322,0.26229700577903103,0.25686374455350997,0.2863536884471155,0.033103834555497993,0.24549302996899058,0.19090234570000789,0.4551418742717546,0.6595444046922834,0.21379607838804862,-0.23724588036330752,0.1819931405572125,0.20761534999514658,0.01751026656764762,0.0709246890275011,0.21393560713422266,0.1592822691150301,2.6148331700783283,-0.4631067212969761,-0.8180539299218245,-0.03706746610722596,0.8165710011737403,0.12278937408183145,0.045570228892997534,-0.19058666357595874,0.3626293727263397,0.16929937873001766,-0.1618273740627135,-0.4062078644572005,-1.0042588304809674,0.7150736161236216,0.30237864488549726,0.3066008504043392,0.3417580213549165,0.3425601704437954,-0.30659848213690355,0.3391873833712373,0.1447304794869637,-0.5046248077264454,0.02413031461796978,0.09623295251499134,-0.21692139647297493,-0.1348073802761148,0.13503702464577003
-0.5590366500385987,0.524813856991659,0.5762304556644539,0.3040713350213422,0.3695701395756821,0.47025428337078234,0.4360305381958658,0.503673896826423,0.475717367746555,0.43633233369106944,0.4280953379332262,0.34385869890450627,0.5004817648681829,0.3907359536592496,0.32899099396406867,0.6303167702790355,0.4516241700562322,0.5159506374160899,0.31281411432118006,0.6234705319605212,0.3864948910282235,0.6032354028758389,0.39626809899430626,0.2879650742713395,0.5702756301306475,0.7373881387819126,0.36294328886716354,0.32952785765829873,0.9166199804018413,0.26555264027297953,0.31617411290294645,0.35817945906432525,-0.4631067212969761,1.9382310871718686,0.8602937031827521,0.7088916812037559,0.05713956962133219,0.2229835813901026,0.6299937135110116,0.09482811754018536,0.5981536182800308,0.4127675221571551,1.1456324007053953,0.7001584273800204,0.8387527283935529,0.02883895266526345,0.4948345576646692,0.009866621450595406,0.526562464916194,-0.5490917361908173,0.04706265570803581,-0.25609824692284083,0.31647300018310587,-0.0008136710035966386,-0.0933161888126423,0.10377001798877025,-0.2619718010859024,0.14967214572198712,0.0050449201516617305
