0.5871162556910717,0.21384667084210085,0.24984568112680047,0.13153085723212982,0.17200943164601035,0.12072642208832504,0.16561352016572292,0.15097336450221088,0.10375182481171417,0.10212849562094521,0.11740995061435494,0.12368654664721272,0.1311064644400646,0.13410001831713717,0.1194345352334379,0.13014231133957718,0.11187512863670658,0.1273728728050782,0.12488182691275872,0.11389729356480752,0.12018952151596972,0.1316418798935631,0.09073198707322881,0.08441656522495404,0.10559093626981568,0.12336229838950588,0.11260919128374881,0.10587191233194597,0.11669416756294175,0.05673801824198446,0.10159773224210056,0.10221033348938173,0.10849746078095024,-0.009372326608590578,0.09700448456856695,0.07940283839067733,0.1954387950156841,0.14041061710793193,0.11417285500748148,0.05309721434368073,0.09667679724354926,0.10388360753167533,0.11934859101551945,0.027794044836529065,0.07261146244200371,0.12600437004869833,0.09330214691136607,-0.01183824488550593,0.1038862818438535,0.12537399392738038,-0.05822142710476377,0.010936339433654022,0.0054286419424548135,-0.03816137519006514,0.06356150609993423,-0.02348570341195263,-0.023177828772961154,-0.042250495383986064,0.03703538251102402
0.21384667084210085,2.0790380259906973,1.1269853371694978,0.4181259035412391,0.2249428270982622,0.32099758210433854,0.29165495289902355,0.3353203342816486,0.31205958890066415,0.3739456169609388,0.35586621351758335,0.3182162391754024,0.373274357644165,0.26880662211569484,0.30781640611288386,0.30730255389225203,0.45702547080963835,0.2861131400484866,0.2962725462014029,0.5366395396529403,0.33300215395495464,0.3232788170405747,0.21469883097833567,0.21510980965899612,0.24055499169633052,0.40410006564892736,0.2885139461338579,0.39685421418860173,0.594333790740231,0.18611311353640939,0.1450641608297528,0.181843476084901,0.3491601244796904,0.46387468740822313,0.2713564446077015,0.26277009797340034,0.7538313704312862,0.3443845771013454,0.33291753066537644,0.051275364418251576,0.4305016884377064,0.30971563252073636,0.3523470578928986,0.0846989169495743,0.4005397400250669,0.364152739054152,0.41512993751087884,-0.01185742024063448,0.3439455613268734,0.10884245312619124,-0.01610926643975288,0.0004550724673008164,0.05123218566947221,-0.1690043557930059,-0.20919650341969914,-0.23348282963245362,-0.7468960098148876,1.0239315764041252,-0.08791499732702646
0.24984568112680047,1.1269853371694978,2.1836281987581447,0.507990369898296,0.09818060346429708,0.3758998039502741,0.3283704714699356,0.34541588815043023,0.521706650913303,0.47025185219544374,0.41696975991324864,0.37549552122019786,0.4045950318536944,0.1610516594748233,0.3823179465435032,0.22174390882566972,0.46619991929547444,0.2615010346118028,0.43571242592751547,0.42772025965191357,0.3740643565505504,0.3294124791903401,0.09678383216300537,0.24032181443473905,0.325292817114508,0.3613785672222824,0.3041551225309279,0.384565251269513,0.43513336720194434,-0.17183513633035602,0.3653606979580824,0.24344462367563469,0.3912633200244412,0.4385493188305538,0.22905565532810915,0.316907239572544,0.514929669624023,0.6185335685139453,0.35669798523402807,-0.012036667774494116,0.35512396525610307,0.3230338144367344,0.3528436138175481,0.12658490066747421,0.4436659854934484,0.562877978249091,0.6054834315946983,-0.07354128882376565,-0.02618832414644245,0.14403093898081087,0.00964771765953173,0.3341653897625496,-0.023930901928472515,-0.3024713622414145,-0.08610930757229106,0.0580482356054127,0.027251429136373264,0.7860257648713501,-0.9927312483377015
0.13153085723212982,0.4181259035412391,0.507990369898296,1.7391849356908162,0.28416200930023233,0.29169954105301893,0.3619016335542704,0.29317698128625874,0.23245819457427133,0.35315952902324776,0.3216508637163022,0.3961784226163043,0.40290247845349675,0.34669441240811893,0.33926397947068676,0.3586998977435456,0.39445074558088633,0.4631398164014337,0.22775019588943085,0.2490920772915594,0.323494797260257,0.40034524846738445,0.34708210045563354,0.2585784816200325,0.2874058191959363,0.359874581331548,0.2855181837153113,0.3551357854043604,0.37081338243707124,0.09810738026518837,0.2930746391424766,0.31372171458686143,0.3606655838815889,0.4163627414130263,0.2011574674855924,0.21370872545774153,0.5520251694641192,0.3841884561330015,0.3676436254741167,0.07555643685346063,0.28680365084133114,0.2688774631539073,0.40684497219300714,0.10589631255226013,0.21292074914449585,0.3646765985192604,0.45561523504498097,-0.02181809918645367,0.20753181609201987,0.40066267035057657,-0.1645769501180742,0.279167995734197,-0.2051330067658688,-0.33022707781062943,-0.14345159255792447,-0.004896335443849316,-0.228884930027166,0.5773258812327021,-0.3948761082640225
0.17200943164601035,0.2249428270982622,0.09818060346429708,0.28416200930023233,0.8612692337478515,0.32539628364489265,0.23738609457618295,0.391717309693208,0.16896042984840187,0.13747679800397283,0.2113811658285631,0.19141116391401167,0.29490300134878017,0.19542907359605535,0.19253640355692447,0.25935939240338435,0.21478054354371345,0.2175147503421878,0.40507791755159456,0.22345684035689745,0.24083264715104402,0.2763377143459028,0.1226014279433084,0.1712829107494518,0.21987141343845534,0.19860368147922955,0.18097968695105676,0.10130875064811865,0.33882407818110993,0.08649114658570184,0.17022759557611242,0.19821770330154517,0.13759365595484532,0.4001918105995127,0.14437887502105065,0.1899905251537479,0.351297186893184,0.1649875722932812,0.3421599916018258,0.08197237559994874,0.14510867267042896,0.21916579243766174,0.1836764615272065,0.0477257664727158,0.11878787827240034,0.1939006597463903,0.24967957794651488,0.004685120717555363,0.23809606147875223,0.2973723876431811,-0.07213287751742217,-0.1395756799381017,0.06617329875811843,-0.13799170632860508,0.059781334112872946,-0.04145918214164363,-0.21599653777905345,0.07402653859467515,0.09426589877423291
0.12072642208832504,0.32099758210433854,0.3758998039502741,0.29169954105301893,0.32539628364489265,0.6325284194574005,0.21180657355263588,0.4655200027657695,0.2447512085579973,0.18227105081377099,0.26481595680978576,0.2343953396979322,0.2969759258778243,0.22635109811305396,0.2578518317476203,0.2835578796599082,0.2968903947071114,0.22608053179658466,0.3363446878212446,0.2759110949426765,0.29421395349307444,0.3314110499854256,0.18012592334503139,0.21278709601309642,0.2604632937298983,0.2959813093114277,0.24516971621903252,0.2143324853191432,0.4053627130217522,0.08521459458313266,0.19143896560358892,0.31013085999286005,0.1524105588121849,0.36306843048827925,0.07668391535216931,0.18321949908048651,0.46282730273776196,0.2924636959755882,0.3200300483952173,0.04773734982534025,0.1139754116984155,0.22921310155785157,0.26986051767051067,0.06436334797456748,0.1475047980792456,0.2049432871531109,0.39558367986389975,-0.018705526008926724,0.45130244132817016,0.2493423514789625,-0.3199391536046887,0.05803271070645112,-0.040372318094289844,-0.09999630128353694,-0.013495177756174523,0.007096390017693627,-0.18113982606643986,0.327421704747117,-0.1959372454206665
0.16561352016572292,0.29165495289902355,0.3283704714699356,0.3619016335542704,0.23738609457618295,0.21180657355263588,0.6055613222044116,0.2035236444577366,0.3486634454013194,0.182822881405681,0.2810045677373964,0.3752318104520581,0.3138377387292215,0.21517420694217088,0.2204296430017804,0.3013812376561874,0.2992175045531252,0.23433895502851426,0.2471166632739828,0.25241458641816417,0.2914821594604332,0.32469308179764494,0.16742102619856125,0.21163133727926012,0.24078595685962895,0.2876763588372261,0.24888326220278242,0.22898683290710606,0.3107403048745229,0.09789336070375332,0.2314183010839648,0.29295137647068464,0.22708271780249975,0.3406462201029781,0.13496252018059032,0.24675047015308157,0.2903730276918566,0.22962698361225775,0.30817536582653193,0.08480771917785958,0.22385010142729286,0.21472029727100642,0.29239002001413383,0.04899603214186997,0.2293717904255585,0.2690051570670221,0.20724889325182536,-0.03381630218202259,0.2601581853670448,0.036261914993581106,-0.06997844658798877,0.043207232056998175,0.024291092832695184,-0.1305803444988396,0.17836039592843342,0.08206261028233894,-0.21763268715429532,0.18183345318300592,-0.32324015424227953
0.15097336450221088,0.3353203342816486,0.34541588815043023,0.29317698128625874,0.391717309693208,0.4655200027657695,0.2035236444577366,1.003872285532295,0.11052089171934461,0.2083431966513175,0.2363927684013039,0.04710570221619385,0.3070697688541085,0.23686973935989966,0.24335332495919884,0.2840694091510188,0.28783955191467264,0.2646454548334033,0.34297694770477577,0.2655895994223238,0.28765690086489937,0.3286159831561569,0.16082706338228675,0.16898476775859458,0.26242917103914354,0.31541333979529085,0.2191552577800478,0.04545915031161141,0.3656435769790391,0.17667590918677942,0.21696152207231337,0.09482699338171828,0.14202730357500035,0.41105714888082046,0.23226115424425153,0.212733399530835,0.38052550074748603,0.23744644436591142,0.43317551952440997,0.11610515224136692,0.14685189360538228,0.2500178135632871,0.30591089522303916,0.06855243970487253,0.21472560412845682,0.2368491512668088,0.3518174857387142,-0.007220476975460544,0.3058920981216091,0.2468157007667531,-0.13598683316605223,-0.04033392207914894,0.05620872275060054,-0.21987210600749446,-0.09188448633368737,-0.0022705508674971914,-0.14307497813625225,0.49236108438810616,-0.3091884029155377
0.10375182481171417,0.31205958890066415,0.521706650913303,0.23245819457427133,0.16896042984840187,0.2447512085579973,0.3486634454013194,0.11052089171934461,0.7764340071296757,0.20503388271959633,0.25305511528146135,0.2807050616403271,0.2717051490975871,0.22268436877582895,0.30407869736841503,0.23978075833826917,0.3305374262679439,0.16716644080555312,0.28519592364627977,0.278018239899828,0.2734639541879964,0.21413710661468272,0.09490356391252952,0.25874482227467205,0.20838197449846282,0.31462029608746317,0.2519410860736483,0.42281917503773503,0.24292952567839757,0.05915564607677531,0.3031661981279997,0.38754133534593044,0.25750674484139824,0.22241759166534472,0.0930799843769462,0.265909830436863,0.30077751469737324,0.2658817483431596,0.25621327461867915,0.06063712646797371,0.25832844194087196,0.20683005137140065,0.2080003540080585,0.04691506300019928,0.12234198293497472,0.27955149418836994,0.13861724624810046,-0.038723606250316824,0.07515961807495668,-0.041976360281612786,-0.08039989907959998,0.11670804479106366,0.06611799790030608,-0.1333138010164611,0.11383344813598231,0.2021241168202626,-0.1765355118088909,-0.19903559903104742,0.023808954134095308
0.10212849562094521,0.3739456169609388,0.47025185219544374,0.35315952902324776,0.13747679800397283,0.18227105081377099,0.182822881405681,0.2083431966513175,0.20503388271959633,0.5473098016374595,0.23630487045539345,0.18329890759840636,0.29286995936022114,0.1824661100286481,0.2463928660247427,0.210138026819318,0.3090058577468639,0.2096598051845962,0.1994729057352911,0.19530372278453906,0.18790125282161949,0.24838664664024251,0.2343249505316855,0.19619229701701082,0.24188215294344534,0.19198519746786546,0.19220706345909205,0.2819894931375179,0.3555133418558588,0.11765549130698477,0.1461659321368914,0.1222275323520586,0.21943773111080153,0.39319132630018977,0.25510284950787737,0.20840635434436247,0.3023724262561182,0.14512020255063987,0.30867392392253834,0.11698018740757493,0.3533917155320747,0.22395134849000412,0.2434238954217778,0.064726376214974,0.18122589949308474,0.2598374030578008,0.42700324893741215,-0.02970926931113419,0.1393113005936974,0.07948016956129568,-0.020185608192266644,0.006731094795904203,-0.020144905692942233,-0.0673705015201301,0.016986038073451826,-0.05081214276960481,-0.0694704266376886,0.059261060476053506,-0.023028828275460534
0.11740995061435494,0.35586621351758335,0.41696975991324864,0.3216508637163022,0.2113811658285631,0.26481595680978576,0.2810045677373964,0.2363927684013039,0.25305511528146135,0.23630487045539345,0.5773505399043624,0.3169480319796244,0.3942812621652412,0.2018232868974323,0.3577193850750746,0.32154005707310473,0.39368125633139683,0.1646098855465246,0.20027716098482123,0.37617130378531216,0.26557665732545854,0.25169228222705864,0.10013936115006067,0.21781438814490447,0.23358962342917797,0.2698636513362121,0.27789371959679565,0.3333591112224294,0.40038839331476406,0.11072185769377217,0.22941877257850055,0.2523031961995633,0.19315285566643098,0.3536648049728249,0.2908966904537543,0.29034268247028966,0.3100920694114226,0.2359409923187821,0.3381613871881105,0.12642040037636312,0.2949041303049398,0.2721803669221513,0.2195379206196014,0.04581994997894185,0.2130905937834841,0.3025098593842332,0.2227443874139769,-0.04316261778960466,0.09166195401982942,0.059976375388420024,-0.11907073519472351,0.02472174511576019,0.10256903684053675,-0.06255579670517716,0.008673492822466586,0.013282940766700018,-0.18463343703276638,0.14728733486656825,-0.09097945279445215
0.12368654664721272,0.3182162391754024,0.37549552122019786,0.3961784226163043,0.19141116391401167,0.2343953396979322,0.3752318104520581,0.04710570221619385,0.2807050616403271,0.18329890759840636,0.3169480319796244,0.6696797838206527,0.27782676841558257,0.23781351663325184,0.2154068920321934,0.3229513423778084,0.2868570309655819,0.28876329019845165,0.18717107346476936,0.20802337872815746,0.2633781819368981,0.30648807427408825,0.24477740569480172,0.20523112355655818,0.23254459284857776,0.3093635193629851,0.2816158748430567,0.15695778912977565,0.31512862385590157,0.024583791841310355,0.18308746595357772,0.2934536327158426,0.24081607897608026,0.3112410828965475,0.12728713840188527,0.18945070197442218,0.3384337923195133,0.23831735090794615,0.23199482594899912,0.09013888804136899,0.2242828843953451,0.20810902171835363,0.2871898394281059,0.04888484361717605,0.2121493672540548,0.23201353488705473,0.3304478770659421,-0.028717462667841115,0.3916804376223951,0.08177939537995564,-0.12908742598997325,0.0239428338583195,0.015060525278106713,-0.04107457072068575,0.006956795999756546,0.011554449720032011,-0.13044736038222401,0.13622061940909527,-0.19223287779241718
0.1311064644400646,0.373274357644165,0.4045950318536944,0.40290247845349675,0.29490300134878017,0.2969759258778243,0.3138377387292215,0.3070697688541085,0.2717051490975871,0.29286995936022114,0.3942812621652412,0.27782676841558257,0.7274043761068157,0.27894220136888764,0.22867283594208634,0.37696843631792804,0.41199816657006993,0.19705101867626307,0.33953894258514994,0.3066131461738424,0.3015521386554709,0.5430115354894656,0.1676402039105327,0.25289703890024545,0.2932753837493193,0.2865172665197222,0.31443718636696055,0.31633188187103645,0.47818401853453774,0.1862088208369048,0.21086817879040254,0.24138198468802993,0.21092860006814793,0.42432804582843336,0.3899250670184113,0.33600181156803977,0.3046145666358654,0.24970364188715555,0.4326822559311546,0.16129309771870706,0.3139674644099751,0.31049625803653697,0.38323322684877287,0.08145894516795989,0.20229482860703302,0.34841100347068105,0.2352837987440458,-0.03949988754613056,0.189613929979357,0.14298147516764176,-0.04940375640992313,0.019395959555697954,0.035327478534504846,-0.17490740564177654,-0.006838504398291484,-0.056501260342322786,-0.18924517736134272,0.1727500578042058,-0.03712258548335805
0.13410001831713717,0.26880662211569484,0.1610516594748233,0.34669441240811893,0.19542907359605535,0.22635109811305396,0.21517420694217088,0.23686973935989966,0.22268436877582895,0.1824661100286481,0.2018232868974323,0.23781351663325184,0.27894220136888764,0.7291669513683644,0.3118666773206453,0.4227362562754385,0.3535191498556148,0.09016003887426849,0.1409436083006072,0.30580129122063715,0.17302104915801506,0.22020814769975872,0.22471447056953117,0.25022748944313844,0.2719458527589825,0.31528590542275,0.2236706620955572,0.40467407965411795,0.3193810203641984,0.21510611933982576,0.07339145110187678,0.173533682036072,0.2156514484796316,0.27736247017193993,0.221568653779783,0.1306252970815504,0.4812788727325051,0.21223994621861722,0.17463026723382674,0.12005944000933692,0.33709301669380703,0.26508341242590694,0.3630829156827899,0.06047835712293152,0.08359259998006166,0.15302544090763803,0.27340635544750924,-0.006140582768966902,0.5924638649559405,0.18754660820738547,-0.1960682632014548,0.05169291411646331,-0.031044841608619245,0.02112950889018205,-0.26437268253251756,-0.08348416052146904,-0.16377366630045045,0.1619854466896744,0.341449882341986
0.1194345352334379,0.30781640611288386,0.3823179465435032,0.33926397947068676,0.19253640355692447,0.2578518317476203,0.2204296430017804,0.24335332495919884,0.30407869736841503,0.2463928660247427,0.3577193850750746,0.2154068920321934,0.22867283594208634,0.3118666773206453,0.8287977272291324,0.32377887692227564,0.4023815559487524,0.09211648480409675,0.20649485556791036,0.444574891529562,0.23780140033837552,-0.02529437519668038,0.059610582440953755,0.23107161550299737,0.23110183206163187,0.2530911606316756,0.24299330375412803,0.5209274932753084,0.32424869040231663,0.14287568134223608,0.23436636527691496,0.2633680090063899,0.2546227644934384,0.30813372073647954,0.2123308175716614,0.20633055082908935,0.46037005043366325,0.25560053822799195,0.2882545107636714,0.07011523653312209,0.31103690031874826,0.26062706241485084,0.12183011076087129,0.0331079752526647,0.10312542600381486,0.2555613251523296,0.23744036128201793,-0.023176309479223382,0.22677113739572302,0.22575571769988864,-0.258275627584322,0.30925770486614274,-0.12449024924222031,-0.09386052517835723,0.057038837990808035,0.10759499809482324,-0.32101976124246745,0.09367841992639624,0.046562097957528616
0.13014231133957718,0.30730255389225203,0.22174390882566972,0.3586998977435456,0.25935939240338435,0.2835578796599082,0.3013812376561874,0.2840694091510188,0.23978075833826917,0.210138026819318,0.32154005707310473,0.3229513423778084,0.37696843631792804,0.4227362562754385,0.32377887692227564,0.9785084675582468,0.4007097970781056,0.13150057928692985,0.2015266721307587,0.3020236851211555,0.2585265159045548,0.31578045174185393,0.17442550193935785,0.2366777886210865,0.23308474147950528,0.3151326665305559,0.3065590491097954,0.3587092437422491,0.38186047827661734,0.24425431803607411,0.13706797509557378,0.11787577552033457,0.17351209468720782,0.3379245456088013,0.4291443005192757,0.21590633473229495,0.368150460079822,0.2381866368359538,0.3256150638336543,0.20763806233184412,0.3404013443999961,0.3191630056807651,0.3749551148214658,0.05881592482762896,0.17308345972177686,0.2081907119687608,0.2539538096995055,-0.01718208451182346,0.33932817808905125,0.05270283575494761,-0.2272694066046183,0.09276807190104139,0.11597277422496693,-0.03756216781612649,-0.1394612210163819,-0.07880189203972507,-0.2854632533001434,0.212683845490766,0.22875535777209874
0.11187512863670658,0.45702547080963835,0.46619991929547444,0.39445074558088633,0.21478054354371345,0.2968903947071114,0.2992175045531252,0.28783955191467264,0.3305374262679439,0.3090058577468639,0.39368125633139683,0.2868570309655819,0.41199816657006993,0.3535191498556148,0.4023815559487524,0.4007097970781056,1.0470402339285036,0.09615814658501956,0.2426014068154178,0.5120572404890714,0.2887676097826952,0.2907457384876522,0.13428686038765483,0.3204393091667884,0.3484558006070598,0.28910605603553674,0.3595802230937802,0.8617549703420472,0.4741711759512719,0.19818571152995693,0.270931396824992,0.38602202494760063,0.3359857294105508,0.42103038763375733,0.3480946089650732,0.3261699120182425,0.7111185318472125,0.38215918149942274,0.35729406376762,0.13521628239001238,0.502535285076711,0.5044556835132736,0.30725303349702393,0.05991846031430302,0.28963921375650775,0.38756211063171275,0.3363421073790228,-0.04171692183071779,0.2688087780771537,0.19903837466356092,-0.14771445644755318,0.01696470479502569,-0.010978244429786373,-0.13108672811746594,-0.22005784968090636,-0.029069163186187272,-0.2512838727854642,0.06834535613816647,0.2216968427944737
0.1273728728050782,0.2861131400484866,0.2615010346118028,0.4631398164014337,0.2175147503421878,0.22608053179658466,0.23433895502851426,0.2646454548334033,0.16716644080555312,0.2096598051845962,0.1646098855465246,0.28876329019845165,0.19705101867626307,0.09016003887426849,0.09211648480409675,0.13150057928692985,0.09615814658501956,1.2065881376279712,0.24814244683908163,-0.26494642596059353,0.3541753013588295,0.49917555685214027,0.6586437457670649,0.12868176549681962,0.17223133462105047,0.34579321390366236,0.12215328818763023,0.2787252469315035,0.2660642754747998,0.009171642376748154,0.37036526463823005,0.2274904573835173,0.21937286565586667,0.2897236372424375,0.031195567757592135,0.22139584753096397,0.31517575473148307,-0.0724232960335237,0.1988797493596255,0.05105207434062956,0.25300746286789066,0.07665448184068989,0.46603729274025135,0.06363955462110453,0.36579956308582984,0.20722705895373,0.23074242589913918,-0.02120179095762019,0.13327991517166154,0.07356130762660601,0.2551955029486603,-0.327451584231078,-0.21032759878765264,-0.10958952658765786,0.13925172866580002,0.057140254798031836,-0.12287209393597548,0.26616643613796154,-0.35914276349741603
0.12488182691275872,0.2962725462014029,0.43571242592751547,0.22775019588943085,0.40507791755159456,0.3363446878212446,0.2471166632739828,0.34297694770477577,0.28519592364627977,0.1994729057352911,0.20027716098482123,0.18717107346476936,0.33953894258514994,0.1409436083006072,0.20649485556791036,0.2015266721307587,0.2426014068154178,0.24814244683908163,0.8717594599671704,0.24016317111495472,0.3171931249685071,0.3007640776050222,-0.07735006843856898,0.14172739310220145,0.25976825721915064,0.15087754961784383,0.2016851310543753,0.21305495655253603,0.27030450106099563,0.04743758324994354,0.31495260700952926,0.1825058262005217,0.1943886043662822,0.34562533730860084,0.1802700829694716,0.22353006217260366,0.29544365856392146,0.3077349807655792,0.4022829313883116,0.09596438555767393,0.16691720858870324,0.20924595057205952,0.3096139905796381,0.07354477190929884,0.2951072024972489,0.27999986788115006,0.2944314221196698,0.01452796982698675,-0.061200072078745664,0.12337065394516726,0.10791004866582857,0.2473672658425961,-0.1661149769829653,-0.25568604556307395,0.10428831852907992,0.08784632880388714,-0.10850061923813267,0.1841894159991039,-0.30667660637072675
0.11389729356480752,0.5366395396529403,0.42772025965191357,0.2490920772915594,0.22345684035689745,0.2759110949426765,0.25241458641816417,0.2655895994223238,0.278018239899828,0.19530372278453906,0.37617130378531216,0.20802337872815746,0.3066131461738424,0.30580129122063715,0.444574891529562,0.3020236851211555,0.5120572404890714,-0.26494642596059353,0.24016317111495472,1.2925095304481513,0.10237665427785399,-0.03477948969830797,-0.23237320420942423,0.26137029569753534,0.27588747177295125,0.32463818296294067,0.4111444527199327,0.5438482185252652,0.3996698552902814,0.18882636989241924,0.25928146060301704,0.2992608971707898,0.35006991209384297,0.37188584891182574,0.27996874481381173,0.09965976254097077,0.7407581362646167,0.48366182106182665,0.3866306523330109,0.1732144428743169,0.371526420612694,0.27502658270790614,0.2734740775134579,0.002632796143300717,0.31029179206173335,0.3126105434284853,0.3459289066551989,0.030607232646256984,0.5384783755568981,0.1787324227672348,-0.28739583103822897,0.3448197587474567,0.09284223609473105,-0.13649648899229927,-0.0052691465054013975,0.015347321010520085,-0.20721031062421497,0.036682429533476855,0.0973440520474352
0.12018952151596972,0.33300215395495464,0.3740643565505504,0.323494797260257,0.24083264715104402,0.29421395349307444,0.2914821594604332,0.28765690086489937,0.2734639541879964,0.18790125282161949,0.26557665732545854,0.2633781819368981,0.3015521386554709,0.17302104915801506,0.23780140033837552,0.2585265159045548,0.2887676097826952,0.3541753013588295,0.3171931249685071,0.10237665427785399,0.693017377522093,0.40846266209896487,0.23570244718863875,0.16316518247990708,0.24246642523737877,0.14261570686398398,0.18031409861407302,0.23144689304180882,0.3781545648785915,0.07983310516704399,0.27350857312518234,0.15399889282026513,0.19487463148877016,0.3401162775245855,0.3546547819372581,0.25139388282479236,0.2934748796324898,0.2832352098029428,0.39690971854134344,0.17208940863474606,0.23933208267975123,0.3048705622372625,0.4279936672443899,0.08979170099050791,0.44130483697846984,0.23588238643413226,0.312622611226745,-0.020289289908579533,0.06355607519398351,0.08626378702861127,-0.03395951031400477,0.06532350797636169,-0.05427324662068659,-0.128686872324327,0.1374562749388323,0.02759754111218967,-0.28575613641803443,0.2801879789684035,-0.23072680511106286
0.1316418798935631,0.3232788170405747,0.3294124791903401,0.40034524846738445,0.2763377143459028,0.3314110499854256,0.32469308179764494,0.3286159831561569,0.21413710661468272,0.24838664664024251,0.25169228222705864,0.30648807427408825,0.5430115354894656,0.22020814769975872,-0.02529437519668038,0.31578045174185393,0.2907457384876522,0.49917555685214027,0.3007640776050222,-0.03477948969830797,0.40846266209896487,1.3165764655055265,0.7225087549687149,0.27685386011555335,0.35004887185123673,0.21534863747232172,0.25802881527693977,0.09880646680994913,0.5562129520045112,0.1530103100332793,0.0988091077716534,0.27129484534500814,0.2022170436777337,0.46795774466238493,0.32744377671726566,0.25036749774801315,0.25308936520660197,0.26367616027036817,0.46485967625530944,0.1780857710159956,0.19588058478213635,0.31064608569706054,0.7467311742504962,0.10928887455343618,0.22942479403335797,0.29126972065670526,0.27174909578192946,-0.02030245159711226,0.2428195890302683,0.12486499598396544,-0.019104160667080993,-0.15845800872571783,0.002428433447251675,-0.16093541502211586,0.013342509011247004,-0.09599916457451145,-0.2148309938994211,0.15227098240985926,0.013562143948589097
0.09073198707322881,0.21469883097833567,0.09678383216300537,0.34708210045563354,0.1226014279433084,0.18012592334503139,0.16742102619856125,0.16082706338228675,0.09490356391252952,0.2343249505316855,0.10013936115006067,0.24477740569480172,0.1676402039105327,0.22471447056953117,0.059610582440953755,0.17442550193935785,0.13428686038765483,0.6586437457670649,-0.07735006843856898,-0.23237320420942423,0.23570244718863875,0.7225087549687149,1.8811983739574665,0.4441592193888728,0.4342557110581068,0.07138227698293191,0.13638403148191047,0.11242061815476184,0.6408668597886389,0.17846852066324176,-0.3617493519202368,0.3158543954765557,0.36402453702238546,0.42426654671000863,-0.043646497653553294,0.12761382817889852,0.3105831389151112,-0.14698948871877282,0.3777770581598694,0.06739345768783943,0.13596976188046705,0.10612786310397895,0.3485763697006452,0.05448209007876665,-0.17428717346549294,0.16026230395705152,0.23558911138439084,0.020945582047365057,0.6231587065171708,0.24403824703178367,-0.152763574989168,-0.3613636752217306,0.03911324139740443,-0.01013532898750617,0.05651560817927711,-0.18698074812146756,-0.3783841583320953,-0.17896850710217976,0.6303183919910497
0.08441656522495404,0.21510980965899612,0.24032181443473905,0.2585784816200325,0.1712829107494518,0.21278709601309642,0.21163133727926012,0.16898476775859458,0.25874482227467205,0.19619229701701082,0.21781438814490447,0.20523112355655818,0.25289703890024545,0.25022748944313844,0.23107161550299737,0.2366777886210865,0.3204393091667884,0.12868176549681962,0.14172739310220145,0.26137029569753534,0.16316518247990708,0.27685386011555335,0.4441592193888728,0.6414867936464231,0.2728713113341789,0.15794758182907492,0.25501118383083304,0.33244358611697705,0.33790274289250327,0.3001711442275674,0.19796431575469833,0.5423374275637095,0.3547675493173244,0.20968551180854944,0.15721947231469313,0.31581767976828573,0.4746412388783146,0.3152528188712786,0.2546909171074894,0.06285413673783682,0.2029844221473455,0.2574248206480496,0.22863292668204743,0.06517025921245385,-0.005787585006808976,0.2932308203406014,0.1554737491010146,-0.05703466426190186,0.33783707208105307,0.16233745768845942,-0.2560632527704039,0.0319362804403538,0.08303554790318889,-0.08997495240792468,0.06390967982017333,-0.05668362241848105,-0.08897500753972232,-0.6045734164617717,0.6326730962403826
0.10559093626981568,0.24055499169633052,0.325292817114508,0.2874058191959363,0.21987141343845534,0.2604632937298983,0.24078595685962895,0.26242917103914354,0.20838197449846282,0.24188215294344534,0.23358962342917797,0.23254459284857776,0.2932753837493193,0.2719458527589825,0.23110183206163187,0.23308474147950528,0.3484558006070598,0.17223133462105047,0.25976825721915064,0.27588747177295125,0.24246642523737877,0.35004887185123673,0.4342557110581068,0.2728713113341789,1.4814881924608918,0.02322503874608004,0.27367302541940414,0.15172774792647833,0.803083877904197,0.3767080050454064,-0.04189049909329869,0.1806918008103305,0.19035397180494742,0.6575604073281687,0.4033810958561844,0.33005075791364846,0.3933508997722919,0.3853338963798889,0.5205782726196352,0.1430889315053028,0.2897127164294613,0.3431199740814584,0.3216651607090523,0.1136526911602251,0.2628076048928098,0.46413150532683,0.3599683321806375,-0.13841940209223705,-0.020253483700129343,0.09479248782094843,-0.10826495471713589,-0.000801007747527325,0.11636689291159699,-0.08024911827259912,-0.05742433933519542,0.14428669022536794,-0.05233289788442723,0.01897198593419119,-0.1351918977647276
0.12336229838950588,0.40410006564892736,0.3613785672222824,0.359874581331548,0.19860368147922955,0.2959813093114277,0.2876763588372261,0.31541333979529085,0.31462029608746317,0.19198519746786546,0.2698636513362121,0.3093635193629851,0.2865172665197222,0.31528590542275,0.2530911606316756,0.3151326665305559,0.28910605603553674,0.34579321390366236,0.15087754961784383,0.32463818296294067,0.14261570686398398,0.21534863747232172,0.07138227698293191,0.15794758182907492,0.02322503874608004,1.3845673036651547,0.20090993141113042,0.5006533903126963,0.019018545360119203,-0.009943503222520708,0.2980456073471678,0.31165540519764673,0.2830037292663297,0.2889101075941535,0.07946684723770761,0.1279506603261628,0.25278366287271414,0.11449494522509049,-0.11182919922441874,0.04510743564265577,0.4649728135071114,0.18013836975449776,0.35877309497528603,0.014595434306997212,0.24446636654939818,0.14635004948611677,0.15697903414230122,0.013649977999929671,0.6995813819564558,0.22234007294539596,-0.1797146404145733,-0.010218337709200533,-0.21383849828996623,-0.03390524155687484,-0.08164333068518653,0.028787053715210852,-0.0955229315716185,0.5193584925730312,-0.3976396036368381
0.11260919128374881,0.2885139461338579,0.3041551225309279,0.2855181837153113,0.18097968695105676,0.24516971621903252,0.24888326220278242,0.2191552577800478,0.2519410860736483,0.19220706345909205,0.27789371959679565,0.2816158748430567,0.31443718636696055,0.2236706620955572,0.24299330375412803,0.3065590491097954,0.3595802230937802,0.12215328818763023,0.2016851310543753,0.4111444527199327,0.18031409861407302,0.25802881527693977,0.13638403148191047,0.25501118383083304,0.27367302541940414,0.20090993141113042,0.8939699370626719,0.4578748012803448,0.30296942487919415,0.10737456381162126,0.22602823660174182,0.5292751016603021,0.3747519344798672,0.2481225972818188,0.09488433603306182,0.2857551154068643,0.49496687012115026,0.3174314804613341,0.2576206216922465,0.09362759040970339,0.3222734654117784,0.24637646435381608,0.26475722067717117,0.020353754133244098,0.04828773665491299,0.3864509606791344,0.13923621053782653,-0.060657636735945084,0.37403019148032923,0.12273191217355446,-0.228809032476932,0.15202500454413528,0.08742750566142374,-0.11610566000699916,0.03551487551351091,0.010703643949127272,-0.10830371222942352,-0.16067887256332408,0.1929783082041355
0.10587191233194597,0.39685421418860173,0.384565251269513,0.3551357854043604,0.10130875064811865,0.2143324853191432,0.22898683290710606,0.04545915031161141,0.42281917503773503,0.2819894931375179,0.3333591112224294,0.15695778912977565,0.31633188187103645,0.40467407965411795,0.5209274932753084,0.3587092437422491,0.8617549703420472,0.2787252469315035,0.21305495655253603,0.5438482185252652,0.23144689304180882,0.09880646680994913,0.11242061815476184,0.33244358611697705,0.15172774792647833,0.5006533903126963,0.4578748012803448,2.2747403763099463,0.22455146007822738,0.1286055129029987,0.38152971475463127,0.6669491123959191,0.5093485694240107,0.2475844442217734,0.04586639759323015,0.2527726251011913,0.7249528738547927,0.10143414551029827,0.1683762984019894,0.016842607677224588,0.8978480655070014,0.2669363156881085,0.22242516908103424,0.009571524527986331,-0.028913139404748312,0.3517079430878545,0.05034921716299933,-0.0036875492991142213,0.566385224886138,0.054386877533189826,-0.16770434036449006,0.27652514467766215,-0.18297593965243542,-0.09621852085831639,0.11511300496096735,0.060925309826479736,-0.2750221021624326,-0.20779300792526734,0.5630060440316159
0.11669416756294175,0.594333790740231,0.43513336720194434,0.37081338243707124,0.33882407818110993,0.4053627130217522,0.3107403048745229,0.3656435769790391,0.24292952567839757,0.3555133418558588,0.40038839331476406,0.31512862385590157,0.47818401853453774,0.3193810203641984,0.32424869040231663,0.38186047827661734,0.4741711759512719,0.2660642754747998,0.27030450106099563,0.3996698552902814,0.3781545648785915,0.5562129520045112,0.6408668597886389,0.33790274289250327,0.803083877904197,0.019018545360119203,0.30296942487919415,0.22455146007822738,2.06875377944066,0.26878345000588083,-0.22142107682907317,0.3755109889391981,0.07517542807620366,0.9595483269736576,0.4300198508951445,0.7988942893480138,0.020989375509331883,-0.1661333650500094,0.7455746111455462,0.14888741289075078,0.6341317614345537,0.27531733933384683,0.06598543298699017,0.012072224672000219,0.24256384149164897,0.4345743469509664,0.14066082357247825,-0.17274108447195044,0.46545564310544196,0.22942191520945882,-0.17097154773225912,-0.3039455007651004,0.08180605679260529,0.012561667363531613,-0.08012244369184515,-0.10744417779407259,-0.5549566701685347,0.056171838331272955,0.47182049056924164
0.05673801824198446,0.18611311353640939,-0.17183513633035602,0.09810738026518837,0.08649114658570184,0.08521459458313266,0.09789336070375332,0.17667590918677942,0.05915564607677531,0.11765549130698477,0.11072185769377217,0.024583791841310355,0.1862088208369048,0.21510611933982576,0.14287568134223608,0.24425431803607411,0.19818571152995693,0.009171642376748154,0.04743758324994354,0.18882636989241924,0.07983310516704399,0.1530103100332793,0.17846852066324176,0.3001711442275674,0.3767080050454064,-0.009943503222520708,0.10737456381162126,0.1286055129029987,0.26878345000588083,2.822740586660355,0.10255821372157531,0.0836037582808197,-0.1191766225023482,0.04901400437307396,0.5521048025281208,0.8179301178680909,0.15071307810226714,0.1453743819138647,0.6418092462354547,0.23481704776081413,0.4716254483161584,0.27273776683855444,0.4161919597444749,0.1651444874850676,0.34576686470796536,0.34692585209378624,-0.08293196971498935,-0.18822885455924837,0.3520957278382326,-0.28887419782995055,-0.007257582117203446,-0.5592703626029524,0.4556750889216055,-0.012805219990494304,0.02342394322418919,-0.2913542553148012,-0.3850651073916394,0.6975078160158923,-0.025144765216664988
0.10159773224210056,0.1450641608297528,0.3653606979580824,0.2930746391424766,0.17022759557611242,0.19143896560358892,0.2314183010839648,0.21696152207231337,0.3031661981279997,0.1461659321368914,0.22941877257850055,0.18308746595357772,0.21086817879040254,0.07339145110187678,0.23436636527691496,0.13706797509557378,0.270931396824992,0.37036526463823005,0.31495260700952926,0.25928146060301704,0.27350857312518234,0.0988091077716534,-0.3617493519202368,0.19796431575469833,-0.04189049909329869,0.2980456073471678,0.22602823660174182,0.38152971475463127,-0.22142107682907317,0.10255821372157531,1.3298931948879305,0.3230484970544122,0.22947804039560832,0.034567087391190875,0.35076497861302214,0.29979706458518285,0.6430432145820696,0.5843002156204392,0.17904518443282122,0.09352124804873677,0.23972275972240348,0.33559216894407595,0.3876369833722395,0.12265961259139241,0.4542241471966481,0.3797058327718029,0.2546490941548028,-0.0580915830791377,-0.2435175106976785,0.09968145435476916,-0.03477430789475982,0.14574312310434567,-0.07048966721364996,-0.22092721636296428,0.18325831554772665,0.2575365507610647,0.24326574319494843,-0.18091487806758538,-0.4701437959972427
0.10221033348938173,0.181843476084901,0.24344462367563469,0.31372171458686143,0.19821770330154517,0.31013085999286005,0.29295137647068464,0.09482699338171828,0.38754133534593044,0.1222275323520586,0.2523031961995633,0.2934536327158426,0.24138198468802993,0.173533682036072,0.2633680090063899,0.11787577552033457,0.38602202494760063,0.2274904573835173,0.1825058262005217,0.2992608971707898,0.15399889282026513,0.27129484534500814,0.3158543954765557,0.5423374275637095,0.1806918008103305,0.31165540519764673,0.5292751016603021,0.6669491123959191,0.3755109889391981,0.0836037582808197,0.3230484970544122,2.65532520664542,0.466228419179584,0.0553207244914277,-1.2667721747825702,0.5126978366791729,0.5653625955242232,0.4535561154437996,-0.04004542864281992,-0.333174196049421,0.05826080873885561,-0.0025612193297826647,-0.16192175676339907,-0.019258475521544433,-0.5021748337513593,0.4799397233509637,-0.15691167107181977,-0.16918807087283644,1.0006893594689645,0.3038264593464644,-0.3811756421359202,0.10554347344448334,-0.0009337682199790983,-0.17125334236607087,0.008117534022285829,0.1785374868850777,-0.022602461331557317,-0.7642840546154587,0.442838625308518
0.10849746078095024,0.3491601244796904,0.3912633200244412,0.3606655838815889,0.13759365595484532,0.1524105588121849,0.22708271780249975,0.14202730357500035,0.25750674484139824,0.21943773111080153,0.19315285566643098,0.24081607897608026,0.21092860006814793,0.2156514484796316,0.2546227644934384,0.17351209468720782,0.3359857294105508,0.21937286565586667,0.1943886043662822,0.35006991209384297,0.19487463148877016,0.2022170436777337,0.36402453702238546,0.3547675493173244,0.19035397180494742,0.2830037292663297,0.3747519344798672,0.5093485694240107,0.07517542807620366,-0.1191766225023482,0.22947804039560832,0.466228419179584,1.4519060353765838,0.12641761263667678,-0.16453394850206454,-0.1372948038878304,0.8634156436769264,0.4663419704557526,0.009871380637560752,-0.08308059286864079,-0.0539599197169408,0.24977275209512956,0.3041917164831016,0.0764500172766072,-0.08152252519934648,0.2921499503716161,0.6611761604289872,0.006601190948182999,0.6042547899087254,0.46036733674503044,-0.35199262138184156,0.29328327691722567,-0.11449675427182557,-0.20912124970150886,0.17917515906078174,-0.033978666933974236,-0.18535221070296734,-0.032732563695733366,0.03486596187970262
-0.009372326608590578,0.46387468740822313,0.4385493188305538,0.4163627414130263,0.4001918105995127,0.36306843048827925,0.3406462201029781,0.41105714888082046,0.22241759166534472,0.39319132630018977,0.3536648049728249,0.3112410828965475,0.42432804582843336,0.27736247017193993,0.30813372073647954,0.3379245456088013,0.42103038763375733,0.2897236372424375,0.34562533730860084,0.37188584891182574,0.3401162775245855,0.46795774466238493,0.42426654671000863,0.20968551180854944,0.6575604073281687,0.2889101075941535,0.2481225972818188,0.2475844442217734,0.9595483269736576,0.04901400437307396,0.034567087391190875,0.0553207244914277,0.12641761263667678,1.8222994539466213,0.37277957691118896,0.3930797452562022,0.2693735407686932,-0.0473398945569235,0.6379190674048691,0.05413865723255567,0.52337895818859,0.3300500617766227,0.4194976342126733,0.09858010651250315,0.4253344235032956,0.27380372918363427,0.6136235457679817,-0.01849754211906395,0.4113930958238265,-0.1539908807348439,0.08737013788192274,-0.12258705758960169,0.10841103307083641,-0.12307823101604125,-0.01820720502726419,0.01326041802750289,-0.4343451230376735,0.43589199794169764,-0.12310772267532366
