0.5558139626225062,0.1770522852435209,0.3571999340595292,0.045129715491884916,0.02885975187328425,0.06047121433033199,0.052723314305876935,0.060150031190778136,0.10204079723808329,0.10554307313465967,0.045879966153838346,0.07051760094390024,0.05758490068532341,0.05540668707909903,0.09444631557129998,0.05954301368986317,0.017147518694955115,0.09529154102925874,0.052878270304751944,0.028995329654277355,0.05275984208949272,0.08547658519463036,0.05575228549849528,0.016999696039415407,0.08506993118914456,0.06018122203227725,0.09314126794750603,-0.010190750773579749,0.046368727770537785,0.04886064889434573,0.0722742348429604,-0.01677317682393395,0.03995255470804723,-0.04532101299410498,0.054412392171960484,0.0477282417950487,0.0439318182699816,0.031159270585750413,0.06318469429194433,0.04826790460651726,0.052699167185342316,0.04420723614057895,0.04459872752380585,0.020853533421409057,0.05584797153519913,0.05332691456336833,0.05819246491697034,-0.0046455194454752815,0.06525068570120367,-0.01917512738265549,0.037260410371231234,0.021493854923288414,0.013911613198437893,-0.014792384263854815,0.04261898162898457,-0.018965487823971835,0.03946853276662108,-0.03485527327575123,-0.044790940107183624
0.1770522852435209,1.2319605291388822,0.7546775250185694,-0.04917957209289494,-0.044125178948665834,0.24134126223321764,0.1257052946019247,0.27239979494974464,0.28978146266379545,0.23078252840183858,0.14248899447034877,0.15443327566781792,0.19172348452104215,0.15645932583317468,0.19529825828374975,0.15294924215233474,0.1037029474700605,0.31138381644073043,0.1355502506890825,0.24411179401569957,0.1922128117620717,0.21727649496367285,-0.05092056345889409,0.13104612280054023,0.13818505987357116,0.2344539038634439,0.2926592739039721,0.18839017991203186,0.1923448377516156,0.22697798281368,0.08160647852777661,0.09897525660515304,0.1034315708048861,0.10599160194708458,0.043823719980328614,0.17437610734443668,0.2979028036556253,0.1439428282109378,0.1523241802002749,0.09489252030356331,0.17032606130553007,0.18006002480799502,0.21662739421201227,-0.027091912356179245,0.2061811191080896,0.1480352973682622,0.20548084738567948,0.00111892000479632,0.17237356037607626,-0.056327871083016005,0.15538596398073415,0.13599370209440206,-0.04150532423258029,-0.11358750902079034,-0.10747245021385042,-0.026683926547924116,-0.08868912290849328,0.15040820655368586,-0.007737243042396115
0.3571999340595292,0.7546775250185694,2.008073250155089,-0.029315815543108203,-0.26210665552076745,0.280821412995182,0.09701209567485634,0.4401521300406097,0.46504213064057787,0.47906920670196274,0.16948673739146625,0.17171916619843336,0.23550137802311433,0.21565905072726346,0.22841807494997904,0.18090035710080168,0.26744660553519817,0.28299297794709893,0.13097162881908922,0.13966202971254188,0.18879180632068837,0.3119142799158153,0.12672897643310527,0.20023077897783526,0.2109884875301458,0.24579878940172425,0.368151573131533,0.15679647193711033,0.19498121895343665,0.24202609982168877,0.1597674298107528,-0.02084339603078473,0.17416740346479864,0.11687655252914492,0.10238060130285456,0.2670995789969904,0.20845044394440104,0.07787499243149965,0.22368476986013133,0.09662392633477594,0.15466384832781677,0.20286969430848653,0.1871908218110676,0.07078149839777052,0.07016562475082752,0.23402408989748708,0.22213275123837511,-0.007839523502808724,0.22218415651732334,-0.06696213050113581,0.1425332468761445,0.24097630668830988,-0.021205018846249528,-0.15659239624541607,0.022830980291433222,0.068882800302756,-0.017473679080824617,-0.05457593027918712,-0.13270226925651027
0.045129715491884916,-0.04917957209289494,-0.029315815543108203,0.8859954744113572,0.4631005049758826,0.31381071565131907,0.2360696166073747,0.2229059025299096,0.14476348126975166,0.0974702265618938,0.20883969993428778,0.2608447544771889,0.2487014359261151,0.2342822542017086,0.14302645830451766,0.260257591524922,0.15631908975387362,0.11663556970887155,0.2832746948489028,0.13744741643287256,0.1407397889613775,0.19913822802292067,0.06360165458144162,0.22902909963661156,0.16158706524566,0.18557210706674568,0.04888607076774405,0.11983012847093844,0.1994593399339881,0.02776254073619245,0.12643389359477716,0.22884146093068589,0.07371694465982284,0.17014209910861602,0.04901695856243744,0.08248197756807873,0.15110257814484626,0.07990244606769167,0.1967655199998808,0.023543990028907735,0.1016146533567105,0.14664894713023652,0.11214086236635006,0.21045863822183522,-0.0176651118539864,0.055239027965506,0.09653877226811931,0.0016878443781966968,0.10774990638938345,0.12493209969215498,-0.17857968040309313,0.0070280379510469886,-0.002571417041798071,-0.0012628691285054051,0.1568334306481298,0.09706872278793831,-0.04934544405244589,-0.08709924899077381,-0.018081773286939065
0.02885975187328425,-0.044125178948665834,-0.26210665552076745,0.4631005049758826,1.0553620561018309,0.3017226661887392,0.2565882337814588,0.2422886248996852,0.11515163225871655,0.2897640032718195,0.2728618416072892,0.3363038235743957,0.29462217413796304,0.2428112467422469,0.23465470430763236,0.31964754743267115,0.1770545498088688,0.1989247655184209,0.495249211469441,0.10970779411784502,0.17911451107753643,0.21718694518964363,0.06349703000213332,0.21115187951484507,0.19326188147737933,0.2020101276444435,0.03195497757851902,0.11124066092905939,0.225416229528223,0.005852051519827844,0.18074057659966894,0.34671403645831994,0.083373094690145,0.24517366906931884,0.06766398895937685,0.1362167429465789,0.2282869392791564,0.06905006040667507,0.25571587136953217,0.028567030693919953,0.1466322282821937,0.18430939186515546,0.017548439067068874,0.22329283405445083,-0.054590262446145156,0.03677821579574827,0.12278829067809355,0.0086774369076318,0.1347876152931517,0.17577659034549645,-0.18431501542550516,-0.1371489785153657,0.06350116020413636,0.026904552164019904,0.02634783888503369,-0.08940019599341927,0.0785593475642402,-0.08515446697373244,0.15831972157410995
0.06047121433033199,0.24134126223321764,0.280821412995182,0.31381071565131907,0.3017226661887392,0.7783500831420045,0.19832973931769693,0.5114559165457311,0.3503486180186523,0.20874625100871388,0.344403653292775,0.34953793502102853,0.36636309695413166,0.3396684499686048,0.22730261229288967,0.36411688458132263,0.337394661507547,0.2396598569622449,0.43564009144532434,0.2847743254602555,0.25125476663160035,0.3555369883970143,0.02430928448546115,0.2895637364346955,0.2546947937156901,0.36586194772432695,0.23408964010150515,0.27306293179498514,0.372037939601864,0.18091973738804815,0.22665890070267836,0.3328761956423071,0.07737236305607456,0.3152707425501819,0.02899819125570573,0.19934872173614568,0.3550108882730462,0.1728308864880838,0.36325740144015733,0.06527423624485854,0.13196438744835032,0.24325218565839413,0.24329392858593757,0.2285810575459899,0.13383312732668828,0.18167985217308383,0.2240677666291215,-0.01282483518622366,0.1639796650469234,0.22870232051090372,-0.38270329622919674,0.1437944277422199,-0.05364753016419989,-0.095541978645766,0.0457853628753654,-0.028081953616545967,0.02611268802625998,0.006040663023636113,0.0080323761577352
0.052723314305876935,0.1257052946019247,0.09701209567485634,0.2360696166073747,0.2565882337814588,0.19832973931769693,0.6682974296918973,0.20851107983946177,0.39895156900356404,0.13801081326649808,0.2538016004493154,0.3587415925628287,0.2782033536315331,0.2851233304810255,0.06982428624871322,0.28086603734167476,0.22589590831734277,0.17302883308868067,0.21264907403192576,0.22611493185154113,0.18789885901445647,0.32286099512661703,0.1071655035211853,0.22262313098635983,0.18368146765345075,0.25643812888590367,0.1636523484785668,0.08137611020255639,0.20700675804594104,0.10235196633012501,0.11097123948346227,0.1849120792314087,0.13931473472184627,0.1704420754715663,0.01803926665147729,0.17439888483772756,0.15506701805174178,0.15481771710237874,0.22772656893044294,0.07560752286779371,0.14016802131746156,0.18570326580967314,0.09831449488328667,0.10310515466416306,0.03190995653104551,0.05580228646287634,0.13460147582535084,-0.008139056353841332,0.32976945534132635,0.04015410000617064,-0.06228329813286056,0.035865424091591665,-0.007251349972778673,-0.005560547997393999,0.007534976203089341,0.046366300207408895,-0.07143468291562019,-0.02612293036124295,-0.06380428227582036
0.060150031190778136,0.27239979494974464,0.4401521300406097,0.2229059025299096,0.2422886248996852,0.5114559165457311,0.20851107983946177,0.7971213161589344,0.17483504452616686,0.319686839679198,0.30943103022568436,0.19322824648652248,0.35032836167637404,0.30776475821678156,0.17150984938381175,0.335685533680172,0.4112754370371425,0.25391663678124704,0.322755283219862,0.2544416982429245,0.20007550380904457,0.2678486549258374,0.09908844003105031,0.2339536905990914,0.2699473054860455,0.29231050404003905,0.26861495032232363,0.17531261546483543,0.3182411334659445,0.22326817209340308,0.20102267647854188,0.13590424412756788,0.09143454366566822,0.28424788379793325,0.13127365408603636,0.19121493955440944,0.4149831391972748,0.14084656536162712,0.37596127415910763,0.10069149741445015,0.16713124987378664,0.1933229095734127,0.2244169308390943,0.1905738720879754,0.12318849182168591,0.13389921392416648,0.2329863045232925,0.0077968038041180176,0.2057318628700431,0.18550171024861242,-0.2371254351313124,0.09677848684989519,-0.04052701840746888,-0.1108484376489821,0.05496709412130599,-0.06670211668392073,0.10488640522530836,-0.03016431922283646,0.01972312153576783
0.10204079723808329,0.28978146266379545,0.46504213064057787,0.14476348126975166,0.11515163225871655,0.3503486180186523,0.39895156900356404,0.17483504452616686,1.0199030378114697,-0.1898199568998878,0.14649615735218094,0.1690351033037494,0.28222087606379875,0.33931697831921387,-0.01111113248961596,0.2791106698629839,0.22679682047927635,0.157965694920187,0.2833345095483164,0.28222896225136235,0.24340290263649303,0.5808660922667448,0.035121944346541666,0.23326440295356912,0.09932812255456828,0.34999347614820836,0.17705246940364977,0.2369074177417653,0.15686848409224108,0.2379666831630876,0.1415842219666148,0.31537856777686596,0.2592380479260023,0.18763790494497445,-0.013086795481144444,0.188634532135341,0.12572902937557415,0.2074639005077652,0.2748648277450809,0.060177333346689676,0.12331563881983144,0.2522202930819118,0.16847877779299145,0.1856046538643685,-0.01674202444887236,0.24398522963568253,0.21317212907537675,-0.03950131175341476,0.5142585773324361,0.05274144673996101,0.0016968473902548467,0.25384044887229046,-0.02963897511055331,-0.14245581202259577,-0.0058526485943288156,0.04120226481158763,-0.08361876897181537,0.043898060086158194,-0.10174004097106418
0.10554307313465967,0.23078252840183858,0.47906920670196274,0.0974702265618938,0.2897640032718195,0.20874625100871388,0.13801081326649808,0.319686839679198,-0.1898199568998878,1.3672528544801439,0.3351416507943869,0.4866435896269338,0.22193953289658752,0.11597334263484121,0.4842323755370529,0.15006286224813908,0.3092752349196024,0.37458725260949477,0.2545268067343446,-0.023172785145346934,0.10214089710216,0.01617540868020464,0.2867828679557618,0.24647704812389268,0.2922951961045788,0.11508498968296446,0.2850723084705894,-0.051382505154578824,0.2723211519572758,0.07455290244319746,0.1687024163503499,0.0004573031012668031,0.0558072996317177,0.19478047710574956,0.17679278531104933,0.2309177236334218,0.286851034730588,-0.005612626208989253,0.202020449393753,0.08291986660179335,0.15379646122574822,0.08760188691726273,0.02731154884531651,0.09136393166934588,-0.0026301631022444863,0.06807798229530758,0.1900507537417271,0.034486284541047275,-0.04286733006338535,-0.029317405468176846,-0.025497262444628122,-0.02457711174573254,-0.001837281086364027,0.035617418926724265,0.02782951808011087,0.015335665592979929,0.15601592935862474,-0.3436317922703727,0.097788266925453
0.045879966153838346,0.14248899447034877,0.16948673739146625,0.20883969993428778,0.2728618416072892,0.344403653292775,0.2538016004493154,0.30943103022568436,0.14649615735218094,0.3351416507943869,0.7073000169979735,0.3814799933815729,0.3904749789131238,0.15684221702174167,0.19642286857621508,0.2997409002520253,0.35272165965116264,0.22084821215095085,0.27335496281978827,0.29818687272914823,0.22574427147378975,0.22792648287595746,0.08176326859771901,0.26727214002918975,0.17332945249095377,0.26809435353487043,0.18545326634336576,0.12033929445279776,0.3211920225638425,0.07869922200669646,0.1931371934580443,0.1850628775915397,0.07492420353526828,0.2214866285767984,0.18288848157480941,0.18768416786764727,0.22218872306403087,0.16486689092775644,0.32393139987778097,0.1271408413464848,0.19043015156139068,0.2162996784074327,0.10225193044422248,0.1070025852241806,0.09218521228890457,0.052199532405621175,0.1827013807232358,0.01995153345911319,0.25331322440183035,0.07273946846600993,-0.11295050772673638,0.0909164281248056,-0.023694834100151333,0.009162298479823743,0.043960239182423685,0.006533322945138742,0.061240343478120116,-0.1336079222457431,-0.041722794828424406
0.07051760094390024,0.15443327566781792,0.17171916619843336,0.2608447544771889,0.3363038235743957,0.34953793502102853,0.3587415925628287,0.19322824648652248,0.1690351033037494,0.4866435896269338,0.3814799933815729,0.756954052439821,0.2918819196069768,0.28186966236906974,0.2731873616001557,0.2851562558664752,0.22609696264152843,0.19461185471257078,0.31497099993914635,0.19032513896481965,0.17642771806614563,0.22675124283361947,0.07188016511034187,0.254518523018076,0.2517986902908543,0.26072683153323684,0.22129774982809777,0.1231793304408945,0.2539863851273745,0.05008244499341333,0.14933497369485182,0.23883635949251297,0.08757704998576184,0.19878118755215332,-0.007151290401732113,0.2326899357345694,0.13371457472610485,0.1276149772593213,0.22776377643886694,0.06955810504906676,0.1128903244665021,0.1794219125165105,0.056965012393229916,0.06813736903848289,0.03528798909042411,0.06569225936022957,0.1293134279682998,0.0033138859386281686,0.17077456620977413,0.03344794555327812,-0.09865996815442689,0.08216785241042965,-0.001973444326787826,-0.0005281518454983756,0.0037308751719689233,0.06171886171667983,0.006689022252352089,-0.15724066210316376,0.010767129443064273
0.05758490068532341,0.19172348452104215,0.23550137802311433,0.2487014359261151,0.29462217413796304,0.36636309695413166,0.2782033536315331,0.35032836167637404,0.28222087606379875,0.22193953289658752,0.3904749789131238,0.2918819196069768,0.7423733422554728,0.28900111264455874,0.03336219515404551,0.35496014745849563,0.37571903533509227,0.2637761937600924,0.3091499919008471,0.2642288951003347,0.25311419693585663,0.3263736444851993,0.14923023623684095,0.2554970559122896,0.1974467128257481,0.2621019893705099,0.18346544624269293,0.13603519139550593,0.322927707968876,0.18336669488609136,0.19946603502532595,0.22824542882958276,0.1485220475341307,0.26165062815281326,0.17445494201637854,0.16820516040050992,0.3451517665181841,0.13518988542356167,0.38206600302433635,0.08962284877169463,0.19493579345971168,0.233884821962233,0.2027743177980983,0.23892510045628076,0.04393978716601852,0.16770251101668499,0.24259722695961933,0.009792704677575259,0.27631025686265,0.25662512746052335,-0.10310358222750227,0.10619009941276773,-0.13125396164608574,-0.151972550017722,0.09442328220634363,-0.042048480090591776,0.02045292549275417,-0.05426450324520376,-0.0042058422063829745
0.05540668707909903,0.15645932583317468,0.21565905072726346,0.2342822542017086,0.2428112467422469,0.3396684499686048,0.2851233304810255,0.30776475821678156,0.33931697831921387,0.11597334263484121,0.15684221702174167,0.28186966236906974,0.28900111264455874,0.9737856174028718,0.21995089398099774,0.40329075869154757,0.2946617663869572,0.13697276901975206,0.25795520874402056,0.2792046861875694,0.22270832814518307,0.3583605859463642,0.07737105860587173,0.31735986435771885,0.31076009766699036,0.3695577629895624,0.24318127685541943,0.15532980117333192,0.25566796112438595,0.14163435244956465,0.12223872429665193,0.15633108356553424,0.16605257882449906,0.1512700623950992,0.19668151896626546,0.18470030009328747,0.2945661120278489,0.18257706195653872,0.147477575510505,0.12396120267205188,0.25676708992807323,0.23679628858414747,0.21301385715448934,0.13114132906481793,0.04875146815195406,0.07895487357432265,0.17478472908677883,-0.001993339942375572,0.3490362503615534,0.06344674401673249,-0.0635545848852103,-0.01645253054095555,-0.04401132141187434,0.00878825078589655,0.04619646785849675,0.054350038441556996,0.020547892836818387,-0.15801210016470502,0.23135801223766772
0.09444631557129998,0.19529825828374975,0.22841807494997904,0.14302645830451766,0.23465470430763236,0.22730261229288967,0.06982428624871322,0.17150984938381175,-0.01111113248961596,0.4842323755370529,0.19642286857621508,0.2731873616001557,0.03336219515404551,0.21995089398099774,0.9475628639261174,0.03848591821548586,0.17726147614318574,0.22181782498143995,0.2078163186940586,0.12817073103756685,0.14303950743417118,0.03393065744916793,0.15736739759156407,0.25608493586829584,0.25559632577327956,0.20950934720050546,0.24786074326370755,-0.027085284152699264,0.19800396322595537,0.1166225935539658,0.21310421267659282,0.08806467832586748,0.07787316297905252,0.14427549304599044,0.06442920706283355,0.1620579716747577,0.30355061942155953,0.06199351190978167,0.1180022476973877,0.05327420269821259,0.11610760008191291,0.13275790844567012,0.1333349063408167,0.007094002262306936,0.1179137475742519,0.07356995292832971,0.14543885213951835,0.031226306452169596,-0.04476728900783609,0.06430834827120482,-0.09382305324634851,0.0683201292178556,-0.0034852598481568413,-0.04819767539073335,0.06629361076988471,0.12517592037832298,-0.0402726340418561,-0.1887362496820703,0.04236234850262444
0.05954301368986317,0.15294924215233474,0.18090035710080168,0.260257591524922,0.31964754743267115,0.36411688458132263,0.28086603734167476,0.335685533680172,0.2791106698629839,0.15006286224813908,0.2997409002520253,0.2851562558664752,0.35496014745849563,0.40329075869154757,0.03848591821548586,1.0572260958196544,0.28510062391729724,0.20684868005572193,0.3133123081547789,0.23841733190388484,0.21437426077123398,0.58208361194173,0.07413507049216309,0.2830674945349803,0.27398257945306087,0.18823798323754523,0.14442888935258272,0.23030059544798126,0.30371907021788713,0.10022106342306848,0.12154726023304499,0.15407101707671067,0.1137653365905762,0.21313849512246985,0.2737670152367849,0.21964389876429066,0.21101476259802915,0.15221738410127023,0.33566943897603263,0.12226693001173197,0.2491624235735413,0.2712502694009603,0.13936570949670696,0.2749743743155382,-0.0445246855460137,0.19688677878227995,0.1954655334693389,-0.05791726639565935,0.44640050784667223,-0.011344645572655163,-0.182560285260095,0.1497645073582127,0.07886505422151792,-0.01869434793747777,0.10459141902762305,-0.0018746104277461992,0.12084291177548079,-0.2544607484159035,0.10467768469155962
0.017147518694955115,0.1037029474700605,0.26744660553519817,0.15631908975387362,0.1770545498088688,0.337394661507547,0.22589590831734277,0.4112754370371425,0.22679682047927635,0.3092752349196024,0.35272165965116264,0.22609696264152843,0.37571903533509227,0.2946617663869572,0.17726147614318574,0.28510062391729724,1.139679376353225,0.13041328638386576,0.22689919837515768,0.38781765976385324,0.2852827494259496,0.25137437848032895,0.22064932061643694,0.2375402698832719,0.41153343906213324,0.2265382554561583,0.30663839671819804,0.04601251127761742,0.44250410966648823,0.08148872631764556,0.3107989886567624,0.07320885720075693,0.12318592991420256,0.27799556026905375,0.2487696078073052,0.2519355126540898,0.5131000337087738,0.22471724553560632,0.3182227707685333,0.1574785380365211,0.2723064348802336,0.24631889815789493,0.22462081207081086,0.10560413664191229,0.22534210568974805,0.10181316044893572,0.2284073092005095,0.027661086125673008,0.17059307825418848,0.22985226910861623,-0.1539381575218994,-0.11660934841284817,-0.13715974519129498,-0.05065623108846105,0.06500349838820808,-0.024949808923424344,0.05440142744137901,-0.11521362479150071,0.029173659126025608
0.09529154102925874,0.31138381644073043,0.28299297794709893,0.11663556970887155,0.1989247655184209,0.2396598569622449,0.17302883308868067,0.25391663678124704,0.157965694920187,0.37458725260949477,0.22084821215095085,0.19461185471257078,0.2637761937600924,0.13697276901975206,0.22181782498143995,0.20684868005572193,0.13041328638386576,0.8401146266309827,0.220149976662228,-0.0036069177845414672,0.1878314244284542,0.1858409164579896,0.2834751940291231,0.26202951707520744,0.15203009708143062,0.2238399514706261,0.04467517716517876,-0.011127596771015793,0.24302066187681298,0.025705908145343737,0.0881433708368917,0.013144512254882364,0.10971720545128749,0.15231923832085298,0.08602804901863063,0.05268996336259558,0.3686047092624091,0.007376429186251507,0.18770690939062679,0.04508771931424184,0.1254168634158525,0.13426731643760845,0.25272386431566063,0.19673767277673096,0.09362422897271722,0.24774510488590315,0.293955799936738,-0.002783721169684239,-0.036942487156615564,0.13132464635912824,0.08097497994009911,0.0022210006647094193,-0.17278756825280492,-0.10947692375693752,0.004147342919523003,-0.03954926570925056,-0.09678011249838292,-0.018450276643657573,0.14974257689206952
0.052878270304751944,0.1355502506890825,0.13097162881908922,0.2832746948489028,0.495249211469441,0.43564009144532434,0.21264907403192576,0.322755283219862,0.2833345095483164,0.2545268067343446,0.27335496281978827,0.31497099993914635,0.3091499919008471,0.25795520874402056,0.2078163186940586,0.3133123081547789,0.22689919837515768,0.220149976662228,0.6955537680079723,0.1305243828828078,0.21784613189560553,0.30103724342492394,-0.01440388719848218,0.21900554977058598,0.2686933035667716,0.2239851975934445,0.13361290300152034,0.29884041249481924,0.24003515762408545,0.15979151549051074,0.19739958753515843,0.39528937205006304,0.16645740198823253,0.2476521854421449,-0.011025306509978402,0.18026775586893753,0.21757978606953454,0.10256247479225311,0.3210372916535569,0.031000358659192255,0.13190645171626403,0.21692024517651737,0.08481345423717634,0.20921650697153876,-0.028903872368630047,0.13679001126080975,0.18928862555898884,0.010085317044269473,0.22531444640024062,0.1444527002033888,-0.016619843750615267,0.2673506722867848,-0.19929432801978725,-0.11309832581523624,-0.008282867502454895,-0.05049226057707385,0.03801692760363964,0.004623777428227737,0.04671228599999993
0.028995329654277355,0.24411179401569957,0.13966202971254188,0.13744741643287256,0.10970779411784502,0.2847743254602555,0.22611493185154113,0.2544416982429245,0.28222896225136235,-0.023172785145346934,0.29818687272914823,0.19032513896481965,0.2642288951003347,0.2792046861875694,0.12817073103756685,0.23841733190388484,0.38781765976385324,-0.0036069177845414672,0.1305243828828078,1.013775781451958,0.14112707859837964,0.25741264834360833,-0.0656670872919077,0.24728918649003734,0.17689896256605406,0.22849213035784832,0.1979628217552793,0.13265396072594934,0.3545771202194574,0.4447519061650846,0.04941623395120756,0.21812141059395543,0.03435571747395686,0.2680378282800746,0.2687680288265124,0.14884555038883696,0.6821515569323813,0.48919368835482674,0.35188770367731004,0.2535873885272089,0.30306890456325797,0.1604699271287874,0.3489609333839227,-0.07008172547377303,0.4846819515719442,0.06271355323228368,0.29258904456339496,0.03956567294763058,0.45383026096747225,0.045125795830742256,-0.178095921833952,0.04684528374339488,0.04026266222241043,-0.025130953191470035,0.1714342909720735,-0.0017163813584725387,0.0594631360733241,-0.057980406100972194,-0.04374353591660521
0.05275984208949272,0.1922128117620717,0.18879180632068837,0.1407397889613775,0.17911451107753643,0.25125476663160035,0.18789885901445647,0.20007550380904457,0.24340290263649303,0.10214089710216,0.22574427147378975,0.17642771806614563,0.25311419693585663,0.22270832814518307,0.14303950743417118,0.21437426077123398,0.2852827494259496,0.1878314244284542,0.21784613189560553,0.14112707859837964,0.4317677504812766,0.22915116738018312,0.13900287201681596,0.17150911844461425,0.17370487814414642,0.26359070787358235,0.1690924776417887,0.11416165361384532,0.2074294036720681,0.0765488343334274,0.3128545951437254,0.22761916239066476,0.15437921619893116,0.1182997058241886,0.11208094712896678,0.19752885938467898,0.18283295342348674,0.12159399598510916,0.21344462787955978,0.09740710184702742,0.20968158273819337,0.35169483209721053,0.19897859053949615,0.1549436075017173,0.19805849495160668,0.12183946201234971,0.18113285601991738,0.027379933316269228,0.0696154151569465,0.114320347539337,-0.07388691890955539,0.07577891965657721,-0.06570578982776414,-0.06565540096804384,-0.11641357916953066,0.001436382501045765,-0.21171529853648685,0.14558774057759188,0.046138565414815036
0.08547658519463036,0.21727649496367285,0.3119142799158153,0.19913822802292067,0.21718694518964363,0.3555369883970143,0.32286099512661703,0.2678486549258374,0.5808660922667448,0.01617540868020464,0.22792648287595746,0.22675124283361947,0.3263736444851993,0.3583605859463642,0.03393065744916793,0.58208361194173,0.25137437848032895,0.1858409164579896,0.30103724342492394,0.25741264834360833,0.22915116738018312,0.8165958637456615,0.06757881634619446,0.254642296388764,0.17893662285905254,0.2568635015658846,0.15894226664383965,0.26826136536356987,0.2124075600446858,0.22854484290918609,0.09857435796528745,0.2661123751928324,0.23751256184412137,0.20208193040880004,0.17640617794718877,0.22943635257967138,0.14767058620712395,0.19897796850259195,0.32860078922036784,0.10282105682258663,0.21035719369777933,0.2728708015046695,0.15226680105685056,0.3012608797645699,-0.11820991315455263,0.3148988152005401,0.23892399954693305,-0.09468453231030674,0.6501861039857663,0.041224231500199014,-0.08216710816774779,0.1651168467276568,0.028296712065016858,-0.09034312911626971,0.028224750619957124,0.01456304801630822,0.018516671089782732,-0.10345437570095932,0.0125967049439358
0.05575228549849528,-0.05092056345889409,0.12672897643310527,0.06360165458144162,0.06349703000213332,0.02430928448546115,0.1071655035211853,0.09908844003105031,0.035121944346541666,0.2867828679557618,0.08176326859771901,0.07188016511034187,0.14923023623684095,0.07737105860587173,0.15736739759156407,0.07413507049216309,0.22064932061643694,0.2834751940291231,-0.01440388719848218,-0.0656670872919077,0.13900287201681596,0.06757881634619446,1.3406160677925205,0.22570867209878756,0.28100741277938956,-0.11488227752728558,0.04779280469267643,-0.7685507032726844,0.35041970999407146,0.12342134163249403,0.2344445543007078,-0.09654987656014459,0.13633539290309815,0.2518211481453323,0.2568556396659786,0.13063656274372698,0.44867040949674014,-0.049864062838418266,0.36678684707783893,0.12834120988884487,0.0718531650256381,0.05772875153988269,0.16707738269919636,0.43744743983361817,-0.02589006108680439,0.16290730593114322,0.2344437315531697,0.06270864837209024,-0.06123664787347484,0.281420374493232,-0.14622683446108178,0.08691313025544298,-0.1005227192524102,-0.05547853194370072,0.14196871498922736,0.05903943243042953,0.07954836279847875,-0.3663709960858294,0.17935099470041888
0.016999696039415407,0.13104612280054023,0.20023077897783526,0.22902909963661156,0.21115187951484507,0.2895637364346955,0.22262313098635983,0.2339536905990914,0.23326440295356912,0.24647704812389268,0.26727214002918975,0.254518523018076,0.2554970559122896,0.31735986435771885,0.25608493586829584,0.2830674945349803,0.2375402698832719,0.26202951707520744,0.21900554977058598,0.24728918649003734,0.17150911844461425,0.254642296388764,0.22570867209878756,0.8448632842528369,0.2326570355605234,0.20165571484248815,0.120181748683856,0.04148649628953983,0.341362653631537,0.08171533622754307,0.09552260855109941,0.12496941206125142,0.18922493451343494,0.08605857933932773,0.19669603070953642,0.1751456685994243,0.2611311603905543,0.1261103051039456,0.18059541155417774,0.08089739858781306,0.15366928008423394,0.1620900264441402,0.17982777015550477,0.1478284186067493,0.016028099891987235,0.16436654635264503,0.17258447629626997,0.0011710277217855175,0.12003191946766295,0.09199199062458657,-0.16499613434760949,0.16023963006951195,-0.038190048008880595,-0.04857206599311156,0.373457858719078,0.17160140517225805,0.02874276970494042,-0.6877550962833815,0.4286912562250743
0.08506993118914456,0.13818505987357116,0.2109884875301458,0.16158706524566,0.19326188147737933,0.2546947937156901,0.18368146765345075,0.2699473054860455,0.09932812255456828,0.2922951961045788,0.17332945249095377,0.2517986902908543,0.1974467128257481,0.31076009766699036,0.25559632577327956,0.27398257945306087,0.41153343906213324,0.15203009708143062,0.2686933035667716,0.17689896256605406,0.17370487814414642,0.17893662285905254,0.28100741277938956,0.2326570355605234,1.175361341403519,0.11567277223606716,0.2657697973217951,-0.06487148150486866,0.46686565804311053,0.04633955222173474,0.43385355114152246,0.1736361208706878,0.04484095074037649,0.33701181119088924,0.11990948119965225,0.30060029497790797,0.1247268035453059,0.09570793516842872,0.22100285432121666,0.11394391181434124,0.15424241154262613,0.1534240072786593,0.08032307257786199,0.07568294923017319,-0.06123901077591394,0.07309427349685393,0.12194399717230987,0.008285141360341372,0.1415428557906189,-0.006489904814086075,0.12449477038364759,0.139516937286175,0.012425111847376855,-0.05505430033952146,0.034147496085184095,0.032693529097027434,0.08446136914300689,-0.2514637730018645,0.13264730730604082
0.06018122203227725,0.2344539038634439,0.24579878940172425,0.18557210706674568,0.2020101276444435,0.36586194772432695,0.25643812888590367,0.29231050404003905,0.34999347614820836,0.11508498968296446,0.26809435353487043,0.26072683153323684,0.2621019893705099,0.3695577629895624,0.20950934720050546,0.18823798323754523,0.2265382554561583,0.2238399514706261,0.2239851975934445,0.22849213035784832,0.26359070787358235,0.2568635015658846,-0.11488227752728558,0.20165571484248815,0.11567277223606716,1.2846452682512475,0.3218604644010497,0.17827419080403958,0.04651367032224117,-0.07049271229475194,0.3169721963113004,0.21956618089571767,0.29991807674830057,0.036541577188415414,-0.10879589936107238,0.1426728116221315,-0.18765748647328825,0.15019420691910512,-0.20661078461434898,0.01914656712385958,0.030935117982156087,0.28974664133587724,0.1807076552519805,-0.13259502529002257,-0.01107296434854044,0.02646373470161966,0.04762687003450969,0.0035750888016304705,0.11633400131752544,0.03608989769826036,-0.09070556122548763,-0.06494887255279608,-0.08141551973527093,-0.023257409252621753,-0.032094063429984124,-0.0048771692220463386,-0.11570229523238347,0.15047966630694695,-0.04289762824036052
0.09314126794750603,0.2926592739039721,0.368151573131533,0.04888607076774405,0.03195497757851902,0.23408964010150515,0.1636523484785668,0.26861495032232363,0.17705246940364977,0.2850723084705894,0.18545326634336576,0.22129774982809777,0.18346544624269293,0.24318127685541943,0.24786074326370755,0.14442888935258272,0.30663839671819804,0.04467517716517876,0.13361290300152034,0.1979628217552793,0.1690924776417887,0.15894226664383965,0.04779280469267643,0.120181748683856,0.2657697973217951,0.3218604644010497,1.7393208245203498,0.02487959902195583,0.11155749558902754,-0.03807179911756038,0.3117424035164989,0.08823737567719747,0.23379843204321443,0.03199237470758056,0.05747905075880153,0.6447353063293988,0.23703388080003016,0.2671309184872749,0.018442069133547657,0.2229348674920398,0.2435234689233869,0.2092124761359448,0.3568031616071878,-0.5376398106997943,0.2893516916207766,-0.1585996022510218,-0.031473730100092884,0.02922264952266926,0.23729650907034097,-0.014701472241222634,-0.09356810478843525,0.10355421679582423,0.056118037545330124,-0.03128742370337455,0.1320549663516862,-0.06747199961784517,0.1276506794595739,-0.2545992645518739,0.12187139929462744
-0.010190750773579749,0.18839017991203186,0.15679647193711033,0.11983012847093844,0.11124066092905939,0.27306293179498514,0.08137611020255639,0.17531261546483543,0.2369074177417653,-0.051382505154578824,0.12033929445279776,0.1231793304408945,0.13603519139550593,0.15532980117333192,-0.027085284152699264,0.23030059544798126,0.04601251127761742,-0.011127596771015793,0.29884041249481924,0.13265396072594934,0.11416165361384532,0.26826136536356987,-0.7685507032726844,0.04148649628953983,-0.06487148150486866,0.17827419080403958,0.02487959902195583,2.6768084742775518,-0.5010134208148889,-0.023777058039699685,0.18687861310246862,0.3946220727012812,0.06709979476649472,0.14235564627620131,0.10048056588908061,0.7174430364263744,0.013959161920364154,0.1823874145847777,0.004041973534026252,-0.1804977727569571,0.5169285633943705,0.21273181965320365,-0.07544210194381748,0.8067558543800517,-0.2530892548869458,0.2784968946103006,-0.2635979308772766,0.015066740359607755,-0.5401245673816115,-0.3672755379656839,0.06816129400109822,0.4119697937460865,-0.25745956903000183,-0.0700991589707576,-0.18671390416318456,-0.042837350118038416,0.10487672903425566,0.11146997394285706,-0.018947635089876763
0.046368727770537785,0.1923448377516156,0.19498121895343665,0.1994593399339881,0.225416229528223,0.372037939601864,0.20700675804594104,0.3182411334659445,0.15686848409224108,0.2723211519572758,0.3211920225638425,0.2539863851273745,0.322927707968876,0.25566796112438595,0.19800396322595537,0.30371907021788713,0.44250410966648823,0.24302066187681298,0.24003515762408545,0.3545771202194574,0.2074294036720681,0.2124075600446858,0.35041970999407146,0.341362653631537,0.46686565804311053,0.04651367032224117,0.11155749558902754,-0.5010134208148889,2.0586844524662293,0.38943668341933424,-0.4335236606301719,0.21511427497596924,0.006255459134659187,0.5577176140112047,0.2729381637642844,0.06599101830007914,0.2490986353620493,0.12516211884899836,0.40222974643183373,0.19267274239685914,0.2309114147181054,0.17382702717841242,0.298785594994524,-0.17255441235294197,-0.10197306472383669,0.0449272247217526,0.39685813759486993,0.008765696341061153,0.7637459358194646,0.321309425647513,-0.28110031928130536,0.021311442327964978,-0.1736649150995566,0.10473051562679514,0.13760005029687888,0.030102879794300357,-0.15300757272313853,-0.003490284625070198,0.037087713777983075
0.04886064889434573,0.22697798281368,0.24202609982168877,0.02776254073619245,0.005852051519827844,0.18091973738804815,0.10235196633012501,0.22326817209340308,0.2379666831630876,0.07455290244319746,0.07869922200669646,0.05008244499341333,0.18336669488609136,0.14163435244956465,0.1166225935539658,0.10022106342306848,0.08148872631764556,0.025705908145343737,0.15979151549051074,0.4447519061650846,0.0765488343334274,0.22854484290918609,0.12342134163249403,0.08171533622754307,0.04633955222173474,-0.07049271229475194,-0.03807179911756038,-0.023777058039699685,0.38943668341933424,3.4137122413690735,-0.2040117615140907,0.848123178112759,0.28601480954677533,0.39571004664388476,0.38612224636653936,-0.13750143384374336,0.7487930161302015,0.17333437686078934,0.6841965006467411,0.2951451360200923,0.18633866430158363,0.1180729904702512,0.6304578334030565,0.2501558169740001,0.1253470214943463,0.27756385985882176,1.1747312072415528,0.10101409110557112,1.418042255963124,0.011718740814895602,-0.050726393559215176,-0.011049437761761318,0.0944234373207709,-0.13138094159078803,0.24747760715599604,-0.23199364021128904,-0.06522670602071799,0.8593933045354276,-0.35627601253853547
0.0722742348429604,0.08160647852777661,0.1597674298107528,0.12643389359477716,0.18074057659966894,0.22665890070267836,0.11097123948346227,0.20102267647854188,0.1415842219666148,0.1687024163503499,0.1931371934580443,0.14933497369485182,0.19946603502532595,0.12223872429665193,0.21310421267659282,0.12154726023304499,0.3107989886567624,0.0881433708368917,0.19739958753515843,0.04941623395120756,0.3128545951437254,0.09857435796528745,0.2344445543007078,0.09552260855109941,0.43385355114152246,0.3169721963113004,0.3117424035164989,0.18687861310246862,-0.4335236606301719,-0.2040117615140907,3.017019353806784,0.5155193892123269,-0.030314070265738794,0.14652170309739007,-0.06158032718030926,0.4968016110978988,-0.0920617821831107,0.024341262575979628,0.20576188704633408,-0.06028057064711103,0.1031697918851639,0.23647973402496472,-0.08716017806074519,0.4166057913982495,0.08148233551546319,0.1807454055456154,-0.044648991273805,0.01259406127578205,-0.7231428794778438,0.07264408988392242,-0.14885138509329998,0.2132475160441954,0.18687670848308097,-0.34887585765082413,0.009059869651673396,0.025334598542471706,0.5195631437210119,-0.664946544724387,0.1272524579438641
-0.01677317682393395,0.09897525660515304,-0.02084339603078473,0.22884146093068589,0.34671403645831994,0.3328761956423071,0.1849120792314087,0.13590424412756788,0.31537856777686596,0.0004573031012668031,0.1850628775915397,0.23883635949251297,0.22824542882958276,0.15633108356553424,0.08806467832586748,0.15407101707671067,0.07320885720075693,0.013144512254882364,0.39528937205006304,0.21812141059395543,0.22761916239066476,0.2661123751928324,-0.09654987656014459,0.12496941206125142,0.1736361208706878,0.21956618089571767,0.08823737567719747,0.3946220727012812,0.21511427497596924,0.848123178112759,0.5155193892123269,3.413668407167847,0.31191473852231794,0.6239270446726376,-0.5629121610879488,0.43309475042500134,-0.18497608630895143,0.13028540574309994,0.34777793291394205,-0.1727994410395682,0.018277563800798164,0.2876601630250047,-0.21580509804367787,0.07748241412697995,-0.36662850993071117,0.1662540924490631,0.35553377864123326,0.016797532172201583,0.29446642604835405,0.04298696907050898,-0.1576656497819367,0.5324097883566007,-0.08084063325782873,-0.20325229964778066,-0.30113063328346623,0.11449699639083014,0.08999234049383813,-0.021231921099974047,-0.07473114331919042
0.03995255470804723,0.1034315708048861,0.17416740346479864,0.07371694465982284,0.083373094690145,0.07737236305607456,0.13931473472184627,0.09143454366566822,0.2592380479260023,0.0558072996317177,0.07492420353526828,0.08757704998576184,0.1485220475341307,0.16605257882449906,0.07787316297905252,0.1137653365905762,0.12318592991420256,0.10971720545128749,0.16645740198823253,0.03435571747395686,0.15437921619893116,0.23751256184412137,0.13633539290309815,0.18922493451343494,0.04484095074037649,0.29991807674830057,0.23379843204321443,0.06709979476649472,0.006255459134659187,0.28601480954677533,-0.030314070265738794,0.31191473852231794,1.7398947347665723,-0.09711522001863568,-0.17423424058844067,-0.2019333366399023,-0.008643271370968377,0.052475354981564915,-0.16620458149424858,-0.17116361246102332,-0.41972379713750846,0.19515749042723388,0.2207173725532504,0.21440850296506397,-0.7486480152251136,0.10144138582951819,0.31613132576509134,0.15242611670621697,0.40335063541143895,0.09418942168618512,-0.1305863264259763,0.4101935482168881,-0.19166039207047042,-0.1856694359833496,0.19988717561993652,0.033093492341516054,-0.04635893911563861,-0.1083364648567959,0.1743436140510158
-0.04532101299410498,0.10599160194708458,0.11687655252914492,0.17014209910861602,0.24517366906931884,0.3152707425501819,0.1704420754715663,0.28424788379793325,0.18763790494497445,0.19478047710574956,0.2214866285767984,0.19878118755215332,0.26165062815281326,0.1512700623950992,0.14427549304599044,0.21313849512246985,0.27799556026905375,0.15231923832085298,0.2476521854421449,0.2680378282800746,0.1182997058241886,0.20208193040880004,0.2518211481453323,0.08605857933932773,0.33701181119088924,0.036541577188415414,0.03199237470758056,0.14235564627620131,0.5577176140112047,0.39571004664388476,0.14652170309739007,0.6239270446726376,-0.09711522001863568,1.7016798831969049,0.19480955119365229,0.2097479878873807,0.6997787285729091,0.142750451594462,0.43691315508830686,-0.13047819817170864,0.18206980931936748,0.13015370522247083,0.20808897082116218,0.5098452325536418,-0.5765108274554877,0.03381655417044359,0.3018720619568124,0.05676835624886648,0.30737372374282307,0.08343906162010564,-0.21567524883577693,0.19499281742159066,0.06918106437638702,-0.16630960820916313,-0.015828407121094852,-0.03820074583552766,0.11755233907101707,-0.024699681395297917,-0.037389622377627774
