4.993122758631058,0.474319084411237,0.28211280012908974,0.21604407537552595,1.2067927643675553,0.2342261583152177,0.44988514489283954,0.2721968405805035,-0.04740409604561277,0.308135231646755,0.3284513290208242,0.3973720004515937,0.17077681533078076,0.32773035622613095,0.3469968902963356,0.34121808001459,0.19563419707938226,0.2432382194001727,0.2659033070096359,0.11113592070375086,0.31307471879514137,0.17516520646921632,0.1421432509242103,0.08621989396489092,0.37334302467968006,0.23344254028736489,0.17734231490865904,0.04092062844778136,0.38024967661977754,0.5670786950594916,0.254175525060308,0.1844297352049091,0.20679670163163447,-1.3512014013576006,-0.16010432077982983,0.2635448222048298,-0.584344594658711,0.17404041229064166,0.21238870210271776,0.5388546256909263,0.4056535453133211,0.045886341799375625,0.02755863081324991,0.0033867159899956005,0.33336763756170673,0.7330207419359219,0.43764071244488206,0.04023670450110558,0.18168435454176984,0.07080373112013522,-0.19423769816531053,0.15174323049093644,-0.09533945435974317,0.10481056917344449,-0.3335198875922321,-0.09073402423157095,-0.2303304507775407,0.5119980640603086,-0.013104114738119793
0.474319084411237,7.0827181939374695,0.4454216514260677,0.6100713560678859,0.24769910353161698,-0.24171534363387043,0.6887391902093988,0.12410626344291449,0.4788015800944762,0.33660113369600425,0.20507232193432096,0.3352088703646795,0.23467349774892415,0.19535096938313076,0.6083176387185281,0.21886024536234303,-0.07517599801996899,0.7896175579268622,0.2598934834930653,0.06365470828230742,0.4789694183708933,0.3656576479386386,-0.2531645725700306,0.11674052829873456,0.12003639855888368,-0.04153785047133808,0.3946834880090487,0.3936082608478839,0.20105842910064764,0.1838653655167815,0.37546780687664155,0.18775448550247872,0.40120552451002484,0.2431023930614095,0.22601828693737794,0.27761208853587055,0.290579518888244,0.10842955097295606,0.4562234426427319,0.06891766576302177,0.25979976017159134,0.18661519466121773,0.16227969729354996,-0.012267712141201625,0.09587472452953431,0.1425481982482737,0.4738045292902824,-0.017549924301501388,0.43310074194761494,0.050914622213328986,0.05480222262791212,0.153449127593248,-0.25961894473424935,-0.15299052420345066,-0.06488131931797632,0.16061220752058533,-0.15989721238152838,-0.27125915135903733,0.20222930299340935
0.28211280012908974,0.4454216514260677,2.9143325942762437,-0.09169443973737777,-0.019838986359437517,0.45293296492963975,0.2984275269991566,0.22602254519145187,0.4824791560575374,0.25195512047538415,0.4144844143721801,0.3671042790812288,0.13560897091775054,0.32170695610131184,0.38223267802346644,0.1807667288603254,0.36138143093034925,0.26384024683639007,0.47642535373117284,0.5610066829950161,0.32605371865517196,0.41086101302834266,0.132237344505183,0.34546871527765005,0.26948028718498745,0.24959178920925665,0.20335300506518114,0.22874171358582784,0.7741401026114751,0.5912453733292816,0.3082873392631218,0.28085784166685307,0.18032648936115195,0.2993664005546908,0.5362770302613813,0.3850988470021448,0.2751982796253788,0.26636060155825503,0.4643095704841564,0.30907387831576505,0.3623662307375367,0.37594261352181124,0.2789836341578506,0.0276554512024437,0.22785829071225075,0.23023952802679912,0.46966548447066847,-0.019501180197251982,0.5982529552304724,-0.16273746037770306,0.05114607398520968,-0.10017311270310142,0.23082803398536367,-0.16175692002453224,-0.1924053174610315,-0.09589432564412798,-0.0254500770559956,0.22043412769588275,-0.05348869297027405
0.21604407537552595,0.6100713560678859,-0.09169443973737777,1.841894327873946,0.28406755756446583,0.30044037465532475,0.19575261077710093,0.45724676107192497,0.22857493475409638,0.295493547285082,0.2542762998461608,0.26223211949839204,0.13343717084344137,0.32769308057353647,0.26167472738321995,0.29825659099896035,0.13929682133602334,0.413652171676678,-0.019451421589525897,0.23157411507435177,0.18427987773766102,0.22897328336056108,0.29789419129839334,0.14428765336397886,0.28740290416374686,0.24130558420524473,0.20245466554699063,-0.1299015399388225,0.20053653711030925,-0.057887403074091716,0.19307138960743314,0.264034092874207,0.08817350834267663,0.2925570237422923,-0.4035512672848205,0.17966466702761877,0.2398504835696486,0.1373755222421878,0.21356788588014214,0.03978819295880652,0.09656089399999013,0.19987121601906868,0.2366690562587725,0.0567648252238638,0.19780171291351784,0.1358038550757459,0.24034208166285995,-0.062233303953691116,0.08490853805713056,0.127375717684685,-0.07638649414196916,0.4644274135014083,-0.15807411751885783,-0.2773521500206753,-0.08453569931277335,0.02686838642814164,0.1055783560804749,0.34629006433134774,-0.4625303700450243
1.2067927643675553,0.24769910353161698,-0.019838986359437517,0.28406755756446583,1.8263359417270315,0.2678675417388127,0.33488271442309453,0.21933991072276587,0.17042597352209787,0.1865038352214834,0.25084825671039684,0.36709694621016165,0.17944165086016628,0.30551615277876876,0.29745384571970257,0.3871812575995483,0.13284988503605188,0.22459696623477918,0.07743400503803592,0.27157432439228774,0.18121822754681133,0.2704987639681167,0.3254394561364755,0.15919451673337737,0.3093844842484245,0.33521217831659567,0.20821180070431664,-0.09239029525447259,0.32451678408674367,0.04476927592346043,0.2097117303491742,0.2505125474690111,0.09163105749671634,0.21759741028247345,-0.3671047104326299,0.26895149651989897,0.20285270449637008,0.19221227150670556,0.05356545235423062,0.06400186152464474,0.19283062724044392,0.2586321527963476,0.21722608952581426,0.026598367176518197,0.1461978397503762,0.3704325128006737,0.20569915430379895,-0.03032388772829861,-0.18482808350191957,-0.08441957005009196,-0.09590755133137462,0.2591855018091541,-0.07915035824346732,0.07247347009730788,-0.222768136032423,-0.026642081514610765,-0.25522982423003254,0.2753366237875853,0.02378561597644226
0.2342261583152177,-0.24171534363387043,0.45293296492963975,0.30044037465532475,0.2678675417388127,0.9869241834999815,0.06883628157103974,0.3860994478011313,0.14512275606837646,0.14058926367223568,0.36524011271163115,0.351859032634803,0.11802200476065998,0.38720120856537654,0.23103687275122903,0.2847582472750899,0.2583636222189004,0.21910170413580732,0.15435561876645723,0.490164978365361,0.2609829637739506,0.26767506588962536,0.19514803785730447,0.2237934843094722,0.3505573645562537,0.326706126623952,0.24915343536178383,-7.095596495974949e-5,0.5179575037375443,0.2140567129248958,0.2376016141532749,0.3196406250245438,-0.0463700945366206,0.3012862131205339,0.10693438369755355,0.2274462516860871,0.17347395529183754,0.23611605694014354,0.2609192103759688,0.17263416695021983,0.1342215988913479,0.29335127236313185,0.2891979002596211,0.04456007336239002,0.29646101983991335,0.16902980543327256,0.26101040477278403,-0.029760034634755194,0.22170360474294792,0.012394962528073287,-0.25634055526674454,0.1967266505086697,0.06167007590007018,-0.0389049623984221,-0.20510622936294412,-0.025902891623206557,0.0577390484917185,0.5234046544566533,-0.5007097665454422
0.44988514489283954,0.6887391902093988,0.2984275269991566,0.19575261077710093,0.33488271442309453,0.06883628157103974,0.7654447353233232,0.10680693775863508,0.3066925327744815,0.21475336907786519,0.2775956246338423,0.357748702039543,0.13724974299056597,0.2475783514675967,0.22002653489704738,0.2308253358973067,0.2040061905121042,0.2523442018786738,0.11513944682774056,0.2976859605528687,0.2448951873633302,0.2893520743347292,0.1653754029844747,0.1906064932788692,0.22382708526923098,0.20291002281744144,0.22958771025727262,0.11338750829579025,0.21699338085347641,0.17468307008414768,0.23340423418310086,0.22774582747230163,0.14445902340612732,0.2686701054909559,0.07697397406572837,0.24889804093012005,0.21718535425612365,0.16358532689417096,0.26481692224658704,0.13145879998694635,0.21507552800105587,0.23963293675905434,0.2377275024466969,0.039719874609956164,0.12680991964541438,0.11619471001134186,0.28076513004054343,-0.010044657157903692,0.36553573346533746,-0.11531549919465257,-0.13577917427610356,0.16308179932483602,-0.03275517483417135,0.009855024260014679,-0.05699719578700925,0.13747320969119697,-0.003536991734111485,0.09421111771812754,-0.24759160352249082
0.2721968405805035,0.12410626344291449,0.22602254519145187,0.45724676107192497,0.21933991072276587,0.3860994478011313,0.10680693775863508,0.676056037122759,0.11597301996012223,0.23995730255529638,0.28847830525119245,0.1946513936383595,0.1546783277566507,0.3061562518302848,0.17422432398241855,0.21842002386257592,0.2646813861822968,0.2922583811242948,0.14774642140493718,0.3209842406140408,0.1653720193788394,0.15884891372456472,0.18173564766451633,0.155596219916554,0.2802544395118371,0.26106503560212635,0.2006296787077956,-0.0028150250377204835,0.29643227769267566,0.17965749828812166,0.19745155936242556,0.20535336019964168,0.022655285705299087,0.24837769887360805,0.10564264194830034,0.17161882817914,0.16540284043478262,0.16431515237180505,0.2701632137042159,0.16477831308847307,0.18118740160159838,0.19847009616797254,0.23391674153565126,0.043022325056664694,0.12499388244105655,0.07014028770462963,0.27331543351250687,0.0007606279644406266,0.32218086977551047,0.00038325571471890465,-0.008533123789730973,0.11304724405167053,0.0817160916564209,-0.16875128980890225,-0.05517850291390816,-0.04659364848952588,0.05396106702214625,0.34503663062800577,-0.27621633107222227
-0.04740409604561277,0.4788015800944762,0.4824791560575374,0.22857493475409638,0.17042597352209787,0.14512275606837646,0.3066925327744815,0.11597301996012223,0.7737957309378173,0.14789938162054223,0.12967826851898703,0.16408542360232423,0.12640242104437996,0.23466004668472995,0.17021186884802808,0.13517086464014588,0.12004397326151979,0.25509752192103763,0.06841104239614583,0.19676654931206924,0.20641942177260617,0.3919252349125192,0.17207409140902896,0.18228228724039516,0.09635094687953917,0.2734290142742316,0.15398535803055283,0.056796704435198624,0.1998673580538641,0.1811004814302157,0.17332559549016413,0.17578787893718503,0.17396585938789313,0.19874257913491997,0.047401455868837636,0.20076655486229245,0.195106654661558,0.12723641695457047,0.20503772065112702,0.180309471304528,0.17939431577119938,0.21411532811117764,0.2455655272301373,0.03525655258174628,0.15765278880777142,0.07979549676392451,0.2458155805983537,-0.03751864563151132,0.46047418526397893,-0.2875763412012845,0.3579418475441965,-0.07082905960523068,0.12446874502833105,-0.12718629982769272,0.18144546434006104,0.1862463604873233,-0.0749244381270832,-0.08881733269868584,-0.19327613446261982
0.308135231646755,0.33660113369600425,0.25195512047538415,0.295493547285082,0.1865038352214834,0.14058926367223568,0.21475336907786519,0.23995730255529638,0.14789938162054223,0.5410901726682559,0.21483162330911945,0.1954179945451694,0.13680592651341142,0.18276648560023248,0.19456090837289663,0.1826951191767089,0.2606277494059736,0.26115679471946585,0.12032529913202611,0.2822513021436808,0.17135219159497814,0.16674630238966465,0.14519022221259256,0.14633533324128128,0.18807593120052277,0.14691006611101473,0.18570466236943745,0.0713650279988992,0.25031375896422875,0.25162696193506257,0.20140200268031494,0.16667510485152673,0.08473300921380116,0.2698305610662418,0.12192682101173957,0.20722706502317734,0.24515775369277956,0.14600999266261064,0.25094641649547084,0.18894500726919328,0.2562444349539729,0.19540700088467472,0.19481071643825018,0.047401167699840874,0.05451601694466563,0.08663243255759721,0.34405244611092006,0.022679912490563173,0.22943860250895262,0.005508124212643624,0.06739785995147482,-0.1694939494836102,0.0633980926911045,0.007688249897225675,0.13105024082939903,0.00139824623553746,-0.0026283356664444585,-0.12324454209277211,0.06387943433888786
0.3284513290208242,0.20507232193432096,0.4144844143721801,0.2542762998461608,0.25084825671039684,0.36524011271163115,0.2775956246338423,0.28847830525119245,0.12967826851898703,0.21483162330911945,0.5623717848453448,0.3248578781965726,0.12164350070313551,0.28142600983040383,0.24690953345499683,0.23433161505122094,0.2917984881948292,0.24472930815107188,0.13713369025985797,0.3928293347042665,0.20510954468206632,0.20215631460061848,0.1701706874345849,0.18352366970342945,0.2584423410272611,0.2564161224355399,0.22181666791874685,0.04540415363050198,0.3401035435325978,0.18941308952181446,0.2278396771857298,0.24533209247926852,0.030384371762734463,0.2595756330537154,0.16453910730578064,0.2338753205744371,0.1537115723804671,0.19416357456118005,0.27061697896499687,0.16362570393098222,0.20667088424267427,0.23622180521421557,0.20090475502976535,0.032091555511797334,0.15379892601559422,0.15743076524931898,0.2687722977251463,0.0028914908218876335,0.3121119163930747,-0.04473049807448301,-0.012428156971444051,-0.007360587711183363,0.12194866895583677,-0.03588869800468621,-0.23055968233282054,-0.0007603772235560178,0.05043452160098475,0.3372615714481901,-0.298818449923186
0.3973720004515937,0.3352088703646795,0.3671042790812288,0.26223211949839204,0.36709694621016165,0.351859032634803,0.357748702039543,0.1946513936383595,0.16408542360232423,0.1954179945451694,0.3248578781965726,0.5104153354639827,0.12141438631084209,0.32995846999472905,0.25855805220946154,0.2861244871331187,0.2648047781647032,0.15999831182540838,0.1324396766210371,0.35096641376258386,0.2245434656248118,0.24184444766837998,0.13535816860124822,0.19510333067414096,0.30249749958263894,0.25583579964742587,0.2640154911751363,0.09049058935581118,0.3242960291965777,0.16693525195795628,0.2390855310805402,0.2865933357417373,0.06078329295960346,0.25255622804790145,0.16757748434323883,0.2712509871288772,0.1061548759133582,0.181111995407391,0.24193934871674372,0.13771375010215808,0.18625450820644626,0.25152937437756745,0.2010272029410074,0.026451784791102877,0.1755633365132329,0.12350257241891158,0.23511539521367536,-0.02101152719224873,0.22751130629220254,-0.14622507314889854,-0.10951495740479875,0.15130044972071194,0.052244372917603615,0.01825135589766485,-0.21246900435837923,0.0504749249662236,0.02521552611255055,0.3043949201909625,-0.4047599623446347
0.17077681533078076,0.23467349774892415,0.13560897091775054,0.13343717084344137,0.17944165086016628,0.11802200476065998,0.13724974299056597,0.1546783277566507,0.12640242104437996,0.13680592651341142,0.12164350070313551,0.12141438631084209,0.24077668976595767,0.1152651811493726,0.09734665046029858,0.12585435381443713,0.12609915376265696,0.14351183824551436,0.08085991228128007,0.1495124682878985,0.11117929801361928,0.1356393921908895,0.09431039371996663,0.10242036858877387,0.12190770939103238,0.12062843550824444,0.1139536044525966,0.04290394140437555,0.1826186002601546,0.1210716109621954,0.1076626057999357,0.13000594522872028,0.05799454129834523,0.1281999701933583,0.06412710110233136,0.12675954627254557,0.09003978764232602,0.08079494701166967,0.11929201263610605,0.0738847185674266,0.121938355887586,0.12415921714378916,0.10035696292419204,0.025177021672807276,-0.0007488578545820506,0.07497974671499633,0.15661087811137617,-0.0025569236137879415,0.12828011894435573,-0.007314625914995077,-0.008363457510843943,-0.028511716188313625,0.030205349247428823,0.011966937980345482,-0.02655959826130195,-0.008347981786222662,-0.053134686967858696,-0.010780422245772293,0.05993448160301342
0.32773035622613095,0.19535096938313076,0.32170695610131184,0.32769308057353647,0.30551615277876876,0.38720120856537654,0.2475783514675967,0.3061562518302848,0.23466004668472995,0.18276648560023248,0.28142600983040383,0.32995846999472905,0.1152651811493726,0.8282351693180089,0.3008662224943342,0.40429057169951427,0.19379904485979021,0.20943111657353175,0.13475603988604776,0.39214167162516556,0.22876489838789463,0.26947353565935905,0.18227391280051414,0.20581393107726437,0.3463916459288528,0.3064245011058377,0.246259703240176,0.08732511984599091,0.34823155890462293,0.2614443284542189,0.24236602916239816,0.25309611558791917,0.0760051697809066,0.21892600714212537,0.16587057531547628,0.2632508967243597,0.14411168450708217,0.2105514999927549,0.2199168230700674,0.2065586960453859,0.2540250662237792,0.2830429350977259,0.32291985079777924,0.039752040232666,0.188621761109998,0.0871175225282854,0.28110598961680994,-0.01109457154072339,0.2890848273109378,-0.09966644955911415,0.04515973205676218,0.12353070699255268,0.05698267204161197,-0.07030523948076386,-0.14998652627366693,-0.011047544584206731,-0.11188323119287412,0.44096501435944263,-0.250296268458241
0.3469968902963356,0.6083176387185281,0.38223267802346644,0.26167472738321995,0.29745384571970257,0.23103687275122903,0.22002653489704738,0.17422432398241855,0.17021186884802808,0.19456090837289663,0.24690953345499683,0.25855805220946154,0.09734665046029858,0.3008662224943342,0.7161022140305813,0.2274576133715435,0.05439253773614296,0.3670088367193315,0.21868997919196093,0.20290774649019674,0.19031133083875756,0.22065383124810992,0.2606724133283363,0.14703942544965157,0.3209291756784226,0.18669869185711963,0.1653058158529883,0.10600338138635705,0.3663019152565406,0.16869777225063462,0.20093061014831873,0.18652162952604007,0.08593064949569866,0.19991513268032607,0.03053123668812269,0.26070360590161806,0.06958962099547057,0.10640329400389321,0.15665164222847391,0.13344210807310197,0.1945272562868132,0.17319190118996747,0.17568095252518462,0.03334584283252783,0.05538562062561543,0.30721189255258896,0.2882627819078945,-0.02341917918042484,0.09297389787343152,0.0449094042184522,-0.05192987157643497,0.23598765192600207,-0.20527993298675395,-0.05629337776891029,-0.06200639638353013,0.05343818188139138,-0.08966296167472156,0.15013465421046687,-0.1042440740784004
0.34121808001459,0.21886024536234303,0.1807667288603254,0.29825659099896035,0.3871812575995483,0.2847582472750899,0.2308253358973067,0.21842002386257592,0.13517086464014588,0.1826951191767089,0.23433161505122094,0.2861244871331187,0.12585435381443713,0.40429057169951427,0.2274576133715435,0.6791758177480127,0.19330573878751484,0.19246114687109447,0.19303590001181203,0.3055646392916368,0.17322344185682118,0.35512087886151666,0.14022078279834962,0.19855968123085188,0.329356683081379,0.22499647657425406,0.27023918791697765,0.11566266708139576,0.3745132648851871,0.3005643857791023,0.2366354770271309,0.2670408874469139,0.04883723022851718,0.25214535111338243,0.2624257438818439,0.271799588201282,0.18254935999278077,0.17677791262779338,0.21106261970110293,0.16001073902333235,0.25179729738539636,0.29272001026343447,0.2728415924754833,0.03790685450479233,0.11913546052217194,0.04942850611990572,0.28237694166969585,-0.03945870420229979,0.31782620305310716,-0.15504367807344557,-0.03379719056370259,0.1430818503901659,0.09938394599598388,-0.018235446039876188,-0.08891155607136003,0.04347896018692863,-0.11482924018607461,0.3172724543274615,-0.2772245453596837
0.19563419707938226,-0.07517599801996899,0.36138143093034925,0.13929682133602334,0.13284988503605188,0.2583636222189004,0.2040061905121042,0.2646813861822968,0.12004397326151979,0.2606277494059736,0.2917984881948292,0.2648047781647032,0.12609915376265696,0.19379904485979021,0.05439253773614296,0.19330573878751484,0.9833900143762735,0.04537418955270227,0.21256162042088317,0.3386521612925747,0.2094747114874829,0.17634047690781038,0.08812939484871747,0.19380542086011382,0.21571846344045892,0.16817646843553366,0.21238994975025474,0.14948722641245352,0.2417073956614073,0.2631866136099165,0.2205838339463413,0.20078686287610867,0.12682041457701135,0.23739251044362858,0.2282754553958637,0.2228842489540687,0.261540049065548,0.1584508792463845,0.39358545924658817,0.19995086345414267,0.2270101440628539,0.21932052619171055,0.2525002992580254,0.05331714402820691,0.09208141586924642,0.04532146077372541,0.26830415424997983,0.014042847048494456,0.2160857598425052,0.22593825585067673,-0.1454665895131038,-0.3042672942894305,0.04136309132571485,0.05910233531239432,0.11172600895721,-0.1957536646084037,-0.08849814924951543,0.0908806371901615,0.21289929203286065
0.2432382194001727,0.7896175579268622,0.26384024683639007,0.413652171676678,0.22459696623477918,0.21910170413580732,0.2523442018786738,0.2922583811242948,0.25509752192103763,0.26115679471946585,0.24472930815107188,0.15999831182540838,0.14351183824551436,0.20943111657353175,0.3670088367193315,0.19246114687109447,0.04537418955270227,0.6827842773608704,0.14894831062639055,0.1935982440336866,0.20473812961503865,0.23529023269525007,0.3554120965552069,0.1288559316874903,0.263403971894855,0.23508594425316198,0.1413541478652305,0.014689042977766522,0.2684955734016513,0.08891612042772938,0.2259394841244586,0.19148356914369802,0.07124661852516792,0.256732809900024,-0.07294096970408678,0.2575913411053816,0.13520698078987226,0.12031365151718303,0.14555311936345192,0.1584145477572512,0.21216898145611854,0.19357192636720538,0.20460915695296855,0.04588599670731632,0.07228554476379304,0.2146191953652559,0.3875290421561576,-0.03252574528202248,0.09161179695611679,-0.08218169520111737,0.25787255908667095,0.0336469699260046,-0.1360120592710334,-0.13098486344456817,0.04016194968439378,0.09652972946382607,0.027458304078080156,0.1382078881843725,-0.3021993106148502
0.2659033070096359,0.2598934834930653,0.47642535373117284,-0.019451421589525897,0.07743400503803592,0.15435561876645723,0.11513944682774056,0.14774642140493718,0.06841104239614583,0.12032529913202611,0.13713369025985797,0.1324396766210371,0.08085991228128007,0.13475603988604776,0.21868997919196093,0.19303590001181203,0.21256162042088317,0.14894831062639055,1.2746826609049013,0.06802007703435087,0.16516238475418457,0.20866081651996163,0.07994346349633692,0.15014853330656805,0.16923562949234564,0.04288235855785424,0.11781582097101041,0.19359576029459571,0.3706623092121731,0.33702395601444224,0.17517435530953537,0.1394833352692256,0.12755994494170217,0.06152069096237983,0.17192590084642428,0.2555473408008935,0.05198897386747231,0.08476017104938488,0.21426643623594596,0.12549359852995712,0.2915674003014574,0.0889097300763732,0.10865482914706819,0.02171275821481311,-0.06501522704112424,0.44828698023874264,0.26158790198882403,0.006997013560660026,0.35269252258278966,0.36779922973312107,-0.2862871865065234,0.09023783591141851,-0.2201616431892237,-0.05324366543269423,-0.08776119061971276,-0.008667420492133112,-0.04241555351606788,0.0949299170833442,0.09644425328344801
0.11113592070375086,0.06365470828230742,0.5610066829950161,0.23157411507435177,0.27157432439228774,0.490164978365361,0.2976859605528687,0.3209842406140408,0.19676654931206924,0.2822513021436808,0.3928293347042665,0.35096641376258386,0.1495124682878985,0.39214167162516556,0.20290774649019674,0.3055646392916368,0.3386521612925747,0.1935982440336866,0.06802007703435087,1.6278271662728583,0.1921606122112397,0.18428013003481963,0.14090674474636022,0.2286377213856775,0.2645167814066544,0.33325863442158893,0.41416491176906656,0.034196560191292406,0.39337258771555894,0.49420279620011287,0.36918677808061406,0.2873770918104381,-0.059251607775835685,0.5619071453954151,0.2954828440354588,0.2876207075163144,0.7507578054262034,0.6573250625458206,0.3129523808450996,0.3563823706886365,0.3876370756731572,0.5622587740501442,0.5539884862915517,0.04267244923513188,0.5695441237959409,0.30014893594097447,0.45240594538249107,0.09073183538096426,0.18794149676274882,-0.08724183324468836,-0.18325998512742683,0.013619488790604779,0.28684745244403054,-0.011917647296683298,-0.06502111397210114,-0.015881838287954964,0.013974069835098387,0.24165309811443036,-0.2620160215595809
0.31307471879514137,0.4789694183708933,0.32605371865517196,0.18427987773766102,0.18121822754681133,0.2609829637739506,0.2448951873633302,0.1653720193788394,0.20641942177260617,0.17135219159497814,0.20510954468206632,0.2245434656248118,0.11117929801361928,0.22876489838789463,0.19031133083875756,0.17322344185682118,0.2094747114874829,0.20473812961503865,0.16516238475418457,0.1921606122112397,0.6269920938108056,0.1882119343877779,0.08472620044569602,0.17238476666354663,0.18927892569707816,0.16378620304873537,0.1622545231538643,0.1574927946135024,0.26901600524040453,0.2895140031576544,0.248520232305525,0.20149937440611349,0.18797457155257646,0.09821701928044627,0.17180367322145243,0.2871138121076482,0.21245092326584236,0.14227811783011451,0.379336484343517,0.27927752437465114,0.2713394119150174,0.2592695433025263,0.24923541857827547,0.0428932562332219,0.44722810537772373,0.1256776370316759,0.3219515627491716,0.010708803953032857,0.1435681002963844,0.07025792225260398,-0.11341720766573773,0.04317245234076723,0.03134150342714439,-0.05116927384297884,-0.024627168138778445,0.025638319467565805,-0.1277520651146563,0.15581539959184032,-0.11638157628877209
0.17516520646921632,0.3656576479386386,0.41086101302834266,0.22897328336056108,0.2704987639681167,0.26767506588962536,0.2893520743347292,0.15884891372456472,0.3919252349125192,0.16674630238966465,0.20215631460061848,0.24184444766837998,0.1356393921908895,0.26947353565935905,0.22065383124810992,0.35512087886151666,0.17634047690781038,0.23529023269525007,0.20866081651996163,0.18428013003481963,0.1882119343877779,0.8467923537239191,0.17811043658310405,0.21433359704798885,0.17675788646501125,0.19670166016681556,0.23929376914796446,0.06974116233403675,0.4584187535756989,0.2706620477314861,0.21806342898259942,0.2853647888139436,0.1376422061851047,0.24726623861369906,0.1361023853610902,0.3068368802056736,0.17117706297395907,0.14759329307237581,0.28494085723885454,0.14889024114182398,0.20185294231951942,0.23098734874579102,0.30980787860380815,0.0342312577969654,0.09538947717724328,0.22749315697191808,0.2699449648218391,-0.14140729102380936,0.7072767160300272,-0.06676988351654083,-0.004687407071117921,-0.045169334819938574,0.15163309481115964,-0.052543555084149554,-0.007253682647008734,0.1264584614058127,-0.07054402322388151,0.1168283251571492,-0.2770939135735852
0.1421432509242103,-0.2531645725700306,0.132237344505183,0.29789419129839334,0.3254394561364755,0.19514803785730447,0.1653754029844747,0.18173564766451633,0.17207409140902896,0.14519022221259256,0.1701706874345849,0.13535816860124822,0.09431039371996663,0.18227391280051414,0.2606724133283363,0.14022078279834962,0.08812939484871747,0.3554120965552069,0.07994346349633692,0.14090674474636022,0.08472620044569602,0.17811043658310405,1.252814052911753,0.13202474213299456,0.3896524702028827,0.20890704198860863,0.03740707376771601,-0.36443177662198173,0.370592688801872,0.05678133675341999,0.03148311015461334,0.17139454501304016,-0.1282349071704827,0.2332718423143664,-0.4534652314307336,0.4332004338015146,-0.17087426614004053,0.017846642953901832,-0.01966263430449828,0.24408985670331135,0.17766546242409856,0.12956822909479354,0.13891678805583152,0.12616996771149455,-0.12294932217124183,0.37628487434628616,0.25222503627578857,-0.10897112256463927,-0.3036354051324663,-0.32776079315838097,0.23479909375333907,0.0833766570275612,0.035524826055664455,-0.04552484251565844,-0.010129551380664181,0.017322094720692124,-0.0390692462250115,0.14653647591957472,-0.10000195296962748
0.08621989396489092,0.11674052829873456,0.34546871527765005,0.14428765336397886,0.15919451673337737,0.2237934843094722,0.1906064932788692,0.155596219916554,0.18228228724039516,0.14633533324128128,0.18352366970342945,0.19510333067414096,0.10242036858877387,0.20581393107726437,0.14703942544965157,0.19855968123085188,0.19380542086011382,0.1288559316874903,0.15014853330656805,0.2286377213856775,0.17238476666354663,0.21433359704798885,0.13202474213299456,0.518290100251272,0.2118369539352212,0.15178017074688863,0.20065131265579886,0.2033665191866735,0.2778826397615282,0.4821841001993702,0.2170646677813265,0.27384489911043935,0.37618700810222017,0.1770210399327706,0.22194840935583493,0.252948409861379,0.24178541742970847,0.13882677659932247,0.2561150892627701,0.09206295214827083,0.2225291528821533,0.2711355114641918,0.20221677094589402,0.05655358913364249,-0.004339753762363972,-0.13037658342171277,0.34367583914840666,0.0009388235824428191,0.49735520638182956,-0.14326708480758993,-0.053816632320210674,0.07210904493128777,0.15590516045274352,-0.07231253393961519,-0.04033508597024512,-0.01950959562602901,0.05883636085491009,0.031076719624266717,-0.07276908377751348
0.37334302467968006,0.12003639855888368,0.26948028718498745,0.28740290416374686,0.3093844842484245,0.3505573645562537,0.22382708526923098,0.2802544395118371,0.09635094687953917,0.18807593120052277,0.2584423410272611,0.30249749958263894,0.12190770939103238,0.3463916459288528,0.3209291756784226,0.329356683081379,0.21571846344045892,0.263403971894855,0.16923562949234564,0.2645167814066544,0.18927892569707816,0.17675788646501125,0.3896524702028827,0.2118369539352212,1.4347627079091114,0.3107897618558912,0.22037536504468327,0.0018605730235230489,0.6113813497350445,0.21995844461896838,0.332562561600068,0.27569798102317516,0.046952189548280766,0.2977255281125843,0.09418722234599057,0.34571599234517225,0.08040350000660615,0.175167294355729,0.09875527061292044,0.14439103657116245,0.23759637433045666,0.2289599862519893,0.16514996170564114,0.051605019257727466,0.04530329751644918,0.12095360983769235,0.31590019085937415,-0.06983197188150876,-0.26537408856668493,-0.6359872233088002,0.15264617770670838,0.3953376977989427,0.16444250858710224,-0.0320514151453897,-0.0881901961199625,-0.022720257921344113,-0.009104776670861067,0.29093475251039397,-0.2348432689348499
0.23344254028736489,-0.04153785047133808,0.24959178920925665,0.24130558420524473,0.33521217831659567,0.326706126623952,0.20291002281744144,0.26106503560212635,0.2734290142742316,0.14691006611101473,0.2564161224355399,0.25583579964742587,0.12062843550824444,0.3064245011058377,0.18669869185711963,0.22499647657425406,0.16817646843553366,0.23508594425316198,0.04288235855785424,0.33325863442158893,0.16378620304873537,0.19670166016681556,0.20890704198860863,0.15178017074688863,0.3107897618558912,1.3820700431479438,0.2079846746924078,0.10358192861104239,0.08462813752014778,-0.20577246481873973,0.14693241257974363,0.3521216197827522,0.0534721066778039,0.16314644154195562,0.0674053371499452,0.25375041146205635,-0.18954153510404617,0.23797737812844308,-0.5592503548082108,0.21918426966885543,0.3168838478029604,0.4091642512586661,0.19678177981240114,-0.007601106108376295,0.006551901565639589,0.0716895044815432,0.05495353250857055,0.014985601635681252,-0.08392387099821783,-0.5918331129107426,0.5599214202780227,0.08674774902905817,-0.08816779432255724,0.021411618170397884,-0.12377309291083374,0.022706984447721817,-0.0625904710150061,0.3149955155429136,-0.2817526586395095
0.17734231490865904,0.3946834880090487,0.20335300506518114,0.20245466554699063,0.20821180070431664,0.24915343536178383,0.22958771025727262,0.2006296787077956,0.15398535803055283,0.18570466236943745,0.22181666791874685,0.2640154911751363,0.1139536044525966,0.246259703240176,0.1653058158529883,0.27023918791697765,0.21238994975025474,0.1413541478652305,0.11781582097101041,0.41416491176906656,0.1622545231538643,0.23929376914796446,0.03740707376771601,0.20065131265579886,0.22037536504468327,0.2079846746924078,0.753682915619992,0.1757018908363124,0.1866898873249871,0.2904865785629358,0.28561497959346227,0.25533017380922185,0.14251946825487785,0.2773819758860879,0.29902887267061046,0.29999628234593406,0.2610937094561604,0.23025930761285351,0.22447028118229576,0.16704327998027096,0.257174542968846,0.27839988758258843,0.3350139613425169,0.01623300528319408,0.09945812235184612,-0.005508105728037275,0.24239242762590704,0.004827347353318391,0.49454237222434694,-0.09359961218896701,-0.10848822670376741,0.11837129639490444,0.13038838825063218,-0.01673472854722194,0.0003046042514846086,0.05827046077340938,0.07383187910519327,0.09468801216819997,-0.24783011931861576
0.04092062844778136,0.3936082608478839,0.22874171358582784,-0.1299015399388225,-0.09239029525447259,-7.095596495974949e-5,0.11338750829579025,-0.0028150250377204835,0.056796704435198624,0.0713650279988992,0.04540415363050198,0.09049058935581118,0.04290394140437555,0.08732511984599091,0.10600338138635705,0.11566266708139576,0.14948722641245352,0.014689042977766522,0.19359576029459571,0.034196560191292406,0.1574927946135024,0.06974116233403675,-0.36443177662198173,0.2033665191866735,0.0018605730235230489,0.10358192861104239,0.1757018908363124,1.105782869338685,-0.22365558283604367,0.1976675516316772,0.22174033928419837,0.057150515419819414,0.6445740242708249,-0.028855695560476506,0.8183506794256894,0.17054892240746924,0.24746803933176414,0.08272870138203531,0.11642846599496284,0.03357033621421057,0.11112538749365938,0.1707654214616811,0.15093899960892918,0.07026930681021219,-0.07896467038619574,-0.7026924603467678,0.11638147974757702,0.04466905210388442,0.36498832260146397,0.11530168937448439,-0.06497987944006349,0.5089576508383442,-0.7472048717710886,0.05992217517526655,0.06986154496181239,0.026957161999759678,-0.005157657936856579,-0.14388013418480897,0.07965498069663797
0.38024967661977754,0.20105842910064764,0.7741401026114751,0.20053653711030925,0.32451678408674367,0.5179575037375443,0.21699338085347641,0.29643227769267566,0.1998673580538641,0.25031375896422875,0.3401035435325978,0.3242960291965777,0.1826186002601546,0.34823155890462293,0.3663019152565406,0.3745132648851871,0.2417073956614073,0.2684955734016513,0.3706623092121731,0.39337258771555894,0.26901600524040453,0.4584187535756989,0.370592688801872,0.2778826397615282,0.6113813497350445,0.08462813752014778,0.1866898873249871,-0.22365558283604367,3.121811409160987,1.0410791040045537,0.24142682685640393,0.29571336704924434,-0.35007802378271885,0.439206106883079,0.23235039619213893,0.357240448170928,0.6464821649807512,0.03658469851945319,0.5389026205449887,0.4132650910890716,0.5764142876450575,0.10067351268312673,0.15344056110800386,-0.08563641718224023,0.26985064908368195,0.7579070351874043,0.6261737865035962,-0.06285041619879692,0.8816525205534916,-0.13980779255422685,-0.09106186898874824,-0.11530234860443801,0.367897565740536,0.01622472886680858,-0.11909355553849475,-0.0960128261828833,-0.15567557942546648,0.43977230666112815,-0.17603870623335105
0.5670786950594916,0.1838653655167815,0.5912453733292816,-0.057887403074091716,0.04476927592346043,0.2140567129248958,0.17468307008414768,0.17965749828812166,0.1811004814302157,0.25162696193506257,0.18941308952181446,0.16693525195795628,0.1210716109621954,0.2614443284542189,0.16869777225063462,0.3005643857791023,0.2631866136099165,0.08891612042772938,0.33702395601444224,0.49420279620011287,0.2895140031576544,0.2706620477314861,0.05678133675341999,0.4821841001993702,0.21995844461896838,-0.20577246481873973,0.2904865785629358,0.1976675516316772,1.0410791040045537,2.9081931074566216,0.3557851691715207,0.1187440665600265,0.16782483509353968,-0.2375424639583099,0.8675982478107738,0.2676994820003923,0.5810473022655726,0.24622812529986204,0.9940996380337288,0.7088995749764199,0.9132993383909774,0.5091965647389465,0.7658255086434383,0.15281621246854954,0.3707303928890284,-0.6658848537470083,1.3395407372625197,0.21231666583555361,2.02650045955976,-0.2842821952107621,0.018952514597360633,-0.4956512197753415,0.7356004153660717,-0.021095577783928364,0.2140677527595382,0.006453988568677058,-0.18460498789271884,0.0769447166391364,0.09536078314127962
0.254175525060308,0.37546780687664155,0.3082873392631218,0.19307138960743314,0.2097117303491742,0.2376016141532749,0.23340423418310086,0.19745155936242556,0.17332559549016413,0.20140200268031494,0.2278396771857298,0.2390855310805402,0.1076626057999357,0.24236602916239816,0.20093061014831873,0.2366354770271309,0.2205838339463413,0.2259394841244586,0.17517435530953537,0.36918677808061406,0.248520232305525,0.21806342898259942,0.03148311015461334,0.2170646677813265,0.332562561600068,0.14693241257974363,0.28561497959346227,0.22174033928419837,0.24142682685640393,0.3557851691715207,0.7356175281378997,0.2279847980107684,0.23478414549556473,0.24280869520605922,0.2789553708101205,0.48889510463960467,0.4352885535831504,0.27347200469933197,0.3302008193149227,0.09979060001968951,0.3622277742678772,0.25798903137523554,0.19929713963935847,0.031651673506527395,0.22544458032546885,0.11896946576980534,0.36191058517503366,-0.02884891049181164,0.03582515790818476,0.02759463741046495,-0.0955458155013018,0.049770477031598516,0.09611784507182361,-0.06173323686430937,-0.017294810440335342,0.05357246904817217,0.06060571088190162,0.06378443775731976,-0.24873929661604022
0.1844297352049091,0.18775448550247872,0.28085784166685307,0.264034092874207,0.2505125474690111,0.3196406250245438,0.22774582747230163,0.20535336019964168,0.17578787893718503,0.16667510485152673,0.24533209247926852,0.2865933357417373,0.13000594522872028,0.25309611558791917,0.18652162952604007,0.2670408874469139,0.20078686287610867,0.19148356914369802,0.1394833352692256,0.2873770918104381,0.20149937440611349,0.2853647888139436,0.17139454501304016,0.27384489911043935,0.27569798102317516,0.3521216197827522,0.25533017380922185,0.057150515419819414,0.29571336704924434,0.1187440665600265,0.2279847980107684,0.6522301117456342,0.044721820629081775,0.2451821176159825,0.09377180359493154,0.3017204387284193,-0.07506835466751029,0.17093433771062053,0.1323568965266621,0.09189638798149131,0.19089060010297604,0.29355738622230704,0.10089343179822795,0.01937116249997329,0.020113086841742928,-0.0003080076671494123,0.21993501072406288,-0.06648558456581039,0.18921760699643006,-0.11237137785018346,-0.019471265087942675,0.17909054304309724,0.0005451955847619083,-0.02039155146200481,-0.1022222321989078,-0.0681169115503311,0.36116426115602596,-0.03745320951782642,-0.28009609011970954
0.20679670163163447,0.40120552451002484,0.18032648936115195,0.08817350834267663,0.09163105749671634,-0.0463700945366206,0.14445902340612732,0.022655285705299087,0.17396585938789313,0.08473300921380116,0.030384371762734463,0.06078329295960346,0.05799454129834523,0.0760051697809066,0.08593064949569866,0.04883723022851718,0.12682041457701135,0.07124661852516792,0.12755994494170217,-0.059251607775835685,0.18797457155257646,0.1376422061851047,-0.1282349071704827,0.37618700810222017,0.046952189548280766,0.0534721066778039,0.14251946825487785,0.6445740242708249,-0.35007802378271885,0.16782483509353968,0.23478414549556473,0.044721820629081775,1.4095853521904682,-0.16930615526490536,0.028080615478676962,0.15446341692872467,0.5365413256214092,0.09030978296880075,0.15731947148834272,-0.10821432015847472,0.001553340720639719,0.2333336166104059,0.1679474900005594,0.08011467801805189,-0.058797867215408736,-0.1798056327357893,0.24073323019718562,0.015442246325547741,0.13169813097674188,0.007873736052236313,-0.09236319993837484,0.1519807417559284,-0.03902933121152326,-0.17542564838911895,0.13584735426651995,-0.03422841516133215,-0.08850973465637745,-0.18502139303682352,0.2163793442115963
-1.3512014013576006,0.2431023930614095,0.2993664005546908,0.2925570237422923,0.21759741028247345,0.3012862131205339,0.2686701054909559,0.24837769887360805,0.19874257913491997,0.2698305610662418,0.2595756330537154,0.25255622804790145,0.1281999701933583,0.21892600714212537,0.19991513268032607,0.25214535111338243,0.23739251044362858,0.256732809900024,0.06152069096237983,0.5619071453954151,0.09821701928044627,0.24726623861369906,0.2332718423143664,0.1770210399327706,0.2977255281125843,0.16314644154195562,0.2773819758860879,-0.028855695560476506,0.439206106883079,-0.2375424639583099,0.24280869520605922,0.2451821176159825,-0.16930615526490536,2.21185804202252,0.23708536772868496,0.2037831882080626,1.2028500770332,0.22615208744344112,0.2325579497621196,-0.3634749298003964,0.07132172745010841,0.3404290442092575,0.417859755196291,0.08834497564138737,-0.1383844129868503,-0.26382655493744755,0.11761268212344732,-0.03416346236842,0.0639737188760073,-0.15745387588047727,-0.14113209531037066,0.024873325903561637,0.20323974923320484,-0.04311091503014107,-0.008244483925741336,0.057427779388944125,0.07879176945148328,0.010472746495424253,-0.19982655638593555
