1.0024514691895179,-4.448253882106519e-6,-3.1626182260262485e-6,-6.427643740118558e-6,-1.0638141507329812e-5,-1.9780769911655297e-5,-4.73486106835245e-5,-5.305312127150729e-5,-2.3522334167938014e-5,2.9484775667864802e-5,6.050422743927304e-5,5.8060698798773874e-5,3.9975967121633756e-5,2.714128158290723e-5,1.758953949864222e-5,9.338398672552293e-6,2.3647774027149858e-6,-2.338873381876608e-6,-2.0396838437055485e-6,-4.750402433997165e-6,-6.233556557280972e-6,-8.335061426709763e-6,-8.00300317412252e-6,-6.657917975245356e-6,-5.6804399196760716e-6,-3.987636119350441e-6,-3.179073079809121e-6,-2.381985531148196e-6,-1.439777242149877e-6,-1.1579192686670194e-6,-8.49554679446781e-7,-6.280104976486863e-7,-3.613307898853648e-7,2.5603510125466367e-9,3.400915133475318e-7,4.974047077053426e-7,4.73082040487557e-7,6.655505132710275e-8,-5.279921021803724e-7,-8.273838637926503e-7,-1.3020700760040768e-6,-2.0689797852394107e-6,-3.09172511215994e-6,-2.223490531871378e-6,-1.517483000959929e-6,-1.0493050189337967e-6,-6.96384288058202e-7,-4.638268906299582e-7,-3.004316737260402e-7,-6.848402652928561e-7,-6.361229667946291e-6,-9.320543850280647e-6,-8.196113322861885e-6,3.257793029522317e-6,-1.233312317527006e-5,-2.2742065947364035e-5,-1.960902388746189e-5,-1.2938883585281634e-5,-2.0635942696735423e-5
-4.448253882106519e-6,1.0024512774115688,-1.1738509118464614e-5,-1.4759436543904185e-5,-2.1863976788817352e-5,-3.900257909206369e-5,-7.743631215658592e-5,-6.137016168128254e-5,-1.691305408619445e-5,4.7225904132099e-5,8.623629866397787e-5,8.311272808761022e-5,5.7615552318409835e-5,3.855894261966412e-5,2.503989411637088e-5,1.3091607406398794e-5,2.896730915955454e-6,-4.0840149810280675e-6,-3.489837628786228e-6,-7.151326581300749e-6,-9.134776314539368e-6,-1.2153925191753869e-5,-1.1699933100396264e-5,-9.801703024740187e-6,-8.397812603775421e-6,-5.931028903467395e-6,-4.745762891477792e-6,-3.5774638918790673e-6,-2.203233844222568e-6,-1.8079653753134072e-6,-1.3842375822685026e-6,-1.0133846697798517e-6,-5.813945703218494e-7,-9.289361151335407e-9,5.063945978366144e-7,7.687989672964068e-7,7.537374120535906e-7,1.8005105925686979e-7,-6.793576535718588e-7,-1.1209258841132638e-6,-1.8247932306589924e-6,-2.9878618643941024e-6,-4.561355491255842e-6,-3.2718571131052825e-6,-2.2283713673273767e-6,-1.53845055204555e-6,-1.0191716929158583e-6,-6.775784510673431e-7,-4.376085507185734e-7,-4.5459321495605954e-7,-8.13149993203809e-6,-1.1658986487606867e-5,-8.78444769964443e-6,4.636174817688872e-6,2.273836512801499e-5,2.6593194483588716e-5,2.2117695572508413e-5,2.701201566371086e-5,2.0995487014247918e-5
-3.1626182260262485e-6,-1.1738509118464614e-5,1.0024378339687432,-3.702713688595216e-5,-6.840774199158656e-5,-0.0001086397826043276,-0.00013730007752791473,4.5599278233488876e-5,0.00010172734974060202,8.250983911274418e-5,8.340551120688233e-5,8.096792230865927e-5,5.4351084092394264e-5,3.454419001725405e-5,2.2119958009222823e-5,1.2162581197503556e-5,7.287841657768335e-7,-6.867551752681566e-6,-6.187508478314746e-6,-9.643117592221277e-6,-1.1824124746914264e-5,-1.556964597249043e-5,-1.5099879459422309e-5,-1.2853978542166881e-5,-1.1140452881813467e-5,-7.966992788818568e-6,-6.45576588764494e-6,-4.959147799746795e-6,-3.2050816435379443e-6,-2.7472491092811432e-6,-2.2428496779085805e-6,-1.5976828708580284e-6,-8.508459827644617e-7,3.4245100558784736e-8,8.07240655782503e-7,1.2535489517503147e-6,1.268122034183676e-6,5.223451971096898e-7,-6.167107510117145e-7,-1.203185355119788e-6,-2.1787647756666653e-6,-3.8033907338142113e-6,-6.068407992135754e-6,-4.332039511333881e-6,-2.9370282361793554e-6,-2.022362695518097e-6,-1.3371154678801095e-6,-8.882364944726312e-7,-5.731268945097127e-7,2.6950529233943686e-6,-2.2827260517137213e-6,-6.233400648866827e-7,1.0436367431689456e-5,6.139791665610641e-6,4.657940857383245e-5,5.761407264278112e-5,4.9007697275219924e-5,5.3337569617209216e-5,4.5048695440436113e-5
-6.427643740118558e-6,-1.4759436543904185e-5,-3.702713688595216e-5,1.0023596491267706,-0.000217217812758727,-0.0003330380675821774,-0.00031678053089192034,0.0004097546223847801,0.0004977839164029587,0.00019382946776417325,5.939640541526916e-5,5.034452804083281e-5,2.3413085408844694e-5,-8.710086789426588e-7,1.489914681023213e-7,4.0498764498380384e-7,-7.257585155803477e-6,-1.588311628693342e-5,-1.3107121715878184e-5,-1.5131343704649966e-5,-1.6746877676280894e-5,-2.1558293364153532e-5,-2.122220466630972e-5,-1.8676268275129778e-5,-1.653731123072946e-5,-1.2108305789310135e-5,-1.0029044685295703e-5,-8.006668823241133e-6,-5.7131064334797615e-6,-5.399649954234779e-6,-4.995588272759954e-6,-3.4369787924375578e-6,-1.7976479836007141e-6,1.1725767583078796e-7,1.538007318231085e-6,2.631508085393092e-6,2.79742687833942e-6,1.8229018896531462e-6,1.8998583268619237e-7,-6.487861916027876e-7,-2.2162065087083393e-6,-4.9488856255830255e-6,-9.094401470455048e-6,-6.408997083085632e-6,-4.305541854417749e-6,-2.9529274016533266e-6,-1.9465872964716066e-6,-1.291715852689195e-6,-8.316701255611291e-7,1.3335367934838886e-5,2.081646253902371e-5,4.144241449633846e-5,7.648498575734696e-5,7.455936114216059e-6,-1.1128356585420426e-5,2.6270754368517188e-5,1.1514691528870854e-5,1.3847988562786841e-5,3.508122356770664e-5
-1.0638141507329812e-5,-2.1863976788817352e-5,-6.840774199158656e-5,-0.000217217812758727,1.0019619051475233,-0.0007769951342468407,-0.0007443291911330985,0.0009502386902147313,0.0011799958348613485,0.0004773456136320942,0.0001512414744847864,0.0001092217717128028,6.263141971941051e-7,-8.438342311509572e-5,-6.507319152650083e-5,-3.127148106746553e-5,-2.6862147315129108e-5,-3.1000906403512266e-5,-2.9190370474841404e-5,-2.4532240784381435e-5,-2.4221480322063716e-5,-3.0065781069137113e-5,-3.038963357820886e-5,-2.812036281194059e-5,-2.560473393067512e-5,-1.9195818349723007e-5,-1.61303954337515e-5,-1.3373592367698366e-5,-1.062340329992656e-5,-1.1334704470805521e-5,-1.2053398908692782e-5,-8.121732773134852e-6,-4.200679557230145e-6,2.7188613836959325e-7,2.957742900716363e-6,5.64626031685781e-6,6.2152150262647786e-6,5.1979052746996425e-6,2.9156840650385277e-6,1.7640191380548692e-6,-9.253060446115726e-7,-6.116974412531133e-6,-1.5024281366668417e-5,-1.0404378252739701e-5,-6.904234169496713e-6,-4.707014453334714e-6,-3.09545366079875e-6,-2.051596479369939e-6,-1.3184791967396434e-6,3.307877198183891e-5,6.497775594345288e-5,0.00012199809095704128,0.00020295753114357506,1.3527004010856744e-5,-0.00013955961240225874,-1.671911865377057e-5,-4.483936450050502e-5,-5.0145837012934666e-5,4.8877838276946745e-5
-1.9780769911655297e-5,-3.900257909206369e-5,-0.0001086397826043276,-0.0003330380675821774,-0.0007769951342468407,1.001142086484348,-0.0016191303535919074,0.0007268796858504325,0.0014673586858201407,0.001042392505287741,0.0009119998929634968,0.0008237559896107699,0.0002893405071312718,-0.00017875333026452707,-0.00017783597541981054,-0.00010345594249814445,-5.655785321901023e-5,-6.410323514968886e-5,-5.885738658793676e-5,-4.1125221383435574e-5,-3.4884743185064264e-5,-4.041593513908999e-5,-4.2544825332204866e-5,-4.244403230582181e-5,-4.014165376305038e-5,-3.100467268959479e-5,-2.6474866388818945e-5,-2.3095193544592654e-5,-2.0892231245725543e-5,-2.5413305845804902e-5,-3.07435193964335e-5,-2.070977394874076e-5,-1.1318674183490643e-5,1.9257092085339545e-7,5.4952974527587325e-6,1.2478554685401899e-5,1.4336445310793367e-5,1.4171996316983073e-5,1.1362460620455827e-5,1.0074965747899632e-5,5.357991676223448e-6,-4.883098136713221e-6,-2.525132324767575e-5,-1.71846041023386e-5,-1.1304170350847891e-5,-7.711689474170246e-6,-5.083858703052358e-6,-3.3777646380944513e-6,-2.17066708903394e-6,4.932751113736524e-5,9.468221617420259e-5,0.00017717409633884998,0.0003064095367651509,2.01291114365136e-5,-0.00018734964414605207,4.08646781320468e-5,-8.021858634645245e-6,-2.8981713365583424e-5,0.0001183326518615796
-4.73486106835245e-5,-7.743631215658592e-5,-0.00013730007752791473,-0.00031678053089192034,-0.0007443291911330985,-0.0016191303535919074,0.9980933126467448,-0.00020426366120018032,-0.0022341852759578877,0.0034150930420920214,0.0021446073061501757,0.004133162428195364,0.0019374438604790529,-0.0005321491425750792,0.00017665288503374043,-0.000624736946443521,0.00014446316568609535,-0.0002172725315826969,-0.00019157314308349414,-6.672333875781381e-5,-5.03722182076156e-5,-4.95026545789393e-5,-5.6248532095092116e-5,-6.344117529874285e-5,-6.361076315016095e-5,-5.1196705537665416e-5,-4.474620759080735e-5,-4.1271109783377185e-5,-4.173319784568695e-5,-5.556717158195797e-5,-7.926935717135844e-5,-5.6698375193833384e-5,-2.4310888843673007e-5,-4.160299699124797e-6,1.2563231662022825e-5,2.483561959219034e-5,3.449203240115418e-5,3.468800564773566e-5,3.496113143380898e-5,3.3077379826890773e-5,2.5799807687294184e-5,4.3384792790991934e-6,-4.205695180069975e-5,-2.8718071836928833e-5,-1.8989632794571405e-5,-1.2977118550102897e-5,-8.58452153093205e-6,-5.723102099989772e-6,-3.680885058428377e-6,3.228131419240068e-5,2.393682126778912e-5,5.5866600424057644e-5,0.00017654872777128942,4.000740415535663e-5,-9.544684692961035e-5,0.00025233734472675977,0.00016694847748338022,0.00012067387237919888,0.00025564092596074147
-5.305312127150729e-5,-6.137016168128254e-5,4.5599278233488876e-5,0.0004097546223847801,0.0009502386902147313,0.0007268796858504325,-0.00020426366120018032,0.9889380371383012,-0.002607106034943122,-0.003037730971675863,0.008419177451165738,0.00604643280713873,0.0037795772479600827,0.0010585130631335536,-0.001500247043524644,0.00026771984313421894,-0.0005320641728058389,-7.68774777897191e-5,0.0001134866819948195,-3.756702758830359e-5,-6.847447229363458e-6,2.8073542107968074e-6,-3.1892232989377547e-6,-1.5770664763576373e-5,-1.961197178929256e-5,-1.6880737532691062e-5,-1.119476713028598e-5,-5.609064589302073e-6,-7.019587782287976e-7,-1.823647273476232e-6,2.511741429720747e-7,8.514401721041378e-6,-1.669977862722318e-5,-3.70408879586921e-6,-1.742448523133148e-5,-6.838745397945733e-6,-1.494660788312913e-5,-1.930925718059385e-6,-6.943493763445497e-6,-1.0592391782113673e-6,-1.426983909846683e-6,2.4873987693098415e-6,-3.9565486191481685e-6,-2.6761399786085716e-6,-3.85315936917778e-6,-4.106503028262895e-6,-3.2890607580559086e-6,-2.394481214148475e-6,-1.601703259785926e-6,-0.00011458365740133654,-0.00033373547863571504,-0.0005856236858232917,-0.0008082991651969104,3.71479178755254e-5,0.00024733049306947027,0.0004952093078390383,0.0004090628491448986,0.00036554742247505177,0.00031839292274905796
-2.3522334167938014e-5,-1.691305408619445e-5,0.00010172734974060202,0.0004977839164029587,0.0011799958348613485,0.0014673586858201407,-0.0022341852759578877,-0.002607106034943122,0.9876285590292272,0.002963654492602618,0.001139577193561211,0.007538327525776146,0.005169955778152055,-2.3375037165766845e-5,-6.22686847236142e-5,-0.0007921332061327032,0.0002061181455118007,0.00013300512733457827,-0.00013384862970302128,9.949105451769975e-5,5.437923285443132e-5,5.9801415150885015e-5,4.545786026526991e-5,2.7815129670350396e-5,1.746638061449714e-5,1.1116900407250065e-5,1.1370041199520518e-5,1.4320578415885552e-5,1.854434464617184e-5,2.5807697716463417e-5,2.8278800376619056e-5,-1.552808256827068e-5,-2.278403064289546e-6,-2.2062000037808688e-5,-1.1729117515614789e-5,-2.717277724255738e-5,-1.3148487554294477e-5,-2.0595249445019624e-5,-7.963021946395982e-6,-8.320166502587427e-6,1.6962634464889361e-6,1.1445672784527357e-5,3.7412994355385486e-5,1.3918342691991407e-5,5.452986266676052e-6,2.3461978357576036e-6,1.0283212160724538e-6,5.063266131906463e-7,2.6473701127234024e-7,-0.00012515013982377987,-0.000340387290477495,-0.0006001458863199446,-0.0008941302296368543,8.515128218657483e-5,0.0002689834294448096,0.00020925958622418776,0.0001696638365753427,0.0001691205504355392,0.00010971012890252486
2.9484775667864802e-5,4.7225904132099e-5,8.250983911274418e-5,0.00019382946776417325,0.0004773456136320942,0.001042392505287741,0.0034150930420920214,-0.003037730971675863,0.002963654492602618,0.9896566437640457,-0.00426213781590633,0.003030337477708048,0.0061710100356870655,0.001113717609979118,-0.0007148999719822573,0.00036344317840145823,0.0005416667644104093,6.407547299637602e-5,0.0005602625513143175,0.0001325937047428069,0.00011976371179928679,0.00010731419237782867,8.461784390250326e-5,5.868272644552532e-5,4.4897638660145786e-5,2.9755379033607288e-5,2.57736516251085e-5,2.3071224299281432e-5,2.0862521128413962e-5,2.167634821198488e-5,2.8234798079375458e-5,3.8625092897868655e-5,-6.43803477272289e-6,1.499836027845062e-6,-2.4460117232645225e-5,-1.760325203052754e-5,-3.2552455738170966e-5,-1.5181893929738854e-5,-1.7571088538734648e-5,-6.542826219952671e-6,-9.521726161900429e-7,1.7526801453664395e-5,3.619765048189187e-5,2.3739553287230963e-5,1.3719855012271663e-5,7.864770573811638e-6,4.588599631351006e-6,2.8170183214735293e-6,1.7365997559132412e-6,-2.0627967826184386e-5,-3.6885506077049506e-5,-7.780855835333594e-5,-0.00013097771847024717,0.00014819041594528516,9.767818590897201e-5,-0.0001763956573704292,-0.00011976214393345444,-7.66980225398433e-5,-0.00028895844712114156
6.050422743927304e-5,8.623629866397787e-5,8.340551120688233e-5,5.939640541526916e-5,0.0001512414744847864,0.0009119998929634968,0.0021446073061501757,0.008419177451165738,0.001139577193561211,-0.00426213781590633,0.9908751868317456,-0.0031163181333963203,-0.00036294843621236683,0.0020242207124261313,0.0007177177772665333,0.0012564949590944331,0.00023432579572466622,0.0009543400351663754,-2.919752109157938e-5,0.0002948903294492815,0.00017225518277612045,0.000138813205554883,0.00010371244599816613,7.683441770205588e-5,5.8566957183965215e-5,4.0501753098783046e-5,3.211133303433039e-5,2.9023395149537463e-5,2.9186328132397435e-5,4.037820965651639e-5,5.37357978388369e-5,1.1479472347571874e-6,1.9273987687688455e-5,-2.5814167080204378e-5,-1.046716399540756e-5,-3.84129952820379e-5,-2.3932860816533767e-5,-3.2360249938824556e-5,-1.6779578284318363e-5,-1.4929193817317044e-5,9.348369112280075e-7,2.2063945851131445e-5,6.508917579523442e-5,3.5958844634720824e-5,1.9697807482729866e-5,1.1706691549041254e-5,7.097126803386021e-6,4.473907480625597e-6,2.7912071845561744e-6,3.933058052902622e-5,0.0001382645000666616,0.00023168459771475273,0.00029044888884823184,-1.621123930466993e-5,-0.00017904808442271126,-0.0005445405759151114,-0.00044621564354882444,-0.00037595419478202993,-0.00046492063148425824
5.8060698798773874e-5,8.311272808761022e-5,8.096792230865927e-5,5.034452804083281e-5,0.0001092217717128028,0.0008237559896107699,0.004133162428195364,0.00604643280713873,0.007538327525776146,0.003030337477708048,-0.0031163181333963203,0.9844346344857795,-0.010660751395615781,0.0006198197987729329,0.0059274644072451095,0.0014375848256190514,0.0008828105589855364,-0.0006561416862668476,0.0006624575345024716,0.00014271767616104634,0.00015312806392100864,0.000134367117920019,0.00010897359387764785,7.953140409678026e-5,6.329063503354522e-5,4.119267744131094e-5,3.095154948216424e-5,2.2719243707436668e-5,1.4764815370295829e-5,1.5904846886462822e-5,3.2487828971606084e-5,3.4452515052564815e-5,-2.1106237417809643e-5,3.851826801294829e-6,-2.2614900753191345e-5,-1.2115484018752051e-5,-2.677640560030441e-5,-1.5855055636485355e-5,-1.78535777515149e-5,-5.193009704975261e-6,3.144862069044e-6,3.327711701749722e-5,7.834470728167899e-5,4.438250719941341e-5,2.591823443128917e-5,1.5475987008387388e-5,9.408191255691077e-6,5.8880775254083166e-6,3.6704612678087657e-6,3.909231140355663e-5,0.00012205546783178814,0.0002424446166144377,7.193397653241808e-5,-0.0006126274780715171,-0.00015740848194728877,-0.0004024092757151452,-0.00033941562552999567,-0.0002835826583881605,-0.00026680937628269447
3.9975967121633756e-5,5.7615552318409835e-5,5.4351084092394264e-5,2.3413085408844694e-5,6.263141971941051e-7,0.0002893405071312718,0.0019374438604790529,0.0037795772479600827,0.005169955778152055,0.0061710100356870655,-0.00036294843621236683,-0.010660751395615781,0.9876038233588671,0.000534121859006088,0.004849912922432867,0.0037777944284671217,-0.0014216546563335754,0.0003936250738147583,-0.0005798948431290316,0.00012938916414422316,0.00010412916483595465,0.00010460340477715272,8.664706862088831e-5,6.797662814833874e-5,5.321841369845892e-5,3.539865689003906e-5,2.3902432558171196e-5,1.7744917202148916e-5,1.3733600529696141e-5,2.255271399663019e-5,4.150819716497749e-5,-5.172399638479142e-6,2.2207419009480473e-5,-2.261799030813126e-5,1.0386432895016401e-7,-2.5686991017115756e-5,-1.1261231838958519e-5,-2.2798661111387674e-5,-1.0458219407441023e-5,-8.905838888986041e-6,5.794253657501489e-6,2.8623589388339132e-5,6.874352830646355e-5,4.348627104534957e-5,2.5000441345771613e-5,1.5124283811358849e-5,9.335141526283356e-6,5.911707154646193e-6,3.7010186684655045e-6,2.2047448159794676e-5,7.555519957950457e-5,0.00020979364696704198,-7.517078384891052e-5,-0.000798301443355792,2.538246867724399e-5,-1.0013477087763352e-7,8.113248283403926e-6,2.313074704613415e-5,8.052464444261187e-6
2.714128158290723e-5,3.855894261966412e-5,3.454419001725405e-5,-8.710086789426588e-7,-8.438342311509572e-5,-0.00017875333026452707,-0.0005321491425750792,0.0010585130631335536,-2.3375037165766845e-5,0.001113717609979118,0.0020242207124261313,0.0006198197987729329,0.000534121859006088,0.997910535796763,-0.00039472767836048117,-0.0021484519505034173,0.0012790605966566213,-0.0004871242469628412,0.0008804910419261664,0.0001766430240775085,0.0001340489260778195,8.889905009569135e-5,7.184621107163069e-5,5.449808469311993e-5,4.5690592576477184e-5,2.914113017734226e-5,2.0524039147303063e-5,1.4268754122923626e-5,8.327291383716592e-6,1.2349390108905748e-5,3.326723454283906e-5,2.529551803027584e-5,-3.274272315509256e-5,3.928596934444025e-6,-2.0262029902997945e-5,-6.709903419382085e-6,-1.8648775955801388e-5,-1.7609048210913262e-5,-2.154903532814837e-5,-1.1564559457960854e-5,-3.109513991539351e-6,3.123286972542343e-5,8.990166000107275e-5,4.826923730440007e-5,2.7239013169115715e-5,1.5853726840997964e-5,9.5357995448064e-6,5.912085897777611e-6,3.67069708530694e-6,1.1637761986329908e-5,0.00012227871698778492,0.00018273835585854654,0.00031847948533272386,0.0002537306841005608,8.359492129183788e-5,0.00016596748047549106,0.00015298655401407708,0.000149481691677053,0.00013955741561466937
1.758953949864222e-5,2.503989411637088e-5,2.2119958009222823e-5,1.489914681023213e-7,-6.507319152650083e-5,-0.00017783597541981054,0.00017665288503374043,-0.001500247043524644,-6.22686847236142e-5,-0.0007148999719822573,0.0007177177772665333,0.0059274644072451095,0.004849912922432867,-0.00039472767836048117,0.9930991987553303,-0.001961592431290566,-0.0003783314965506493,0.001892554035610284,0.000170588046355609,0.0003549750091961464,0.00014257856390350332,5.842126477217391e-5,3.7622904845315476e-5,3.473975816307909e-5,2.9677929052976986e-5,2.0585925290882194e-5,1.2833507413326434e-5,1.0588527418809777e-5,1.2046948251938194e-5,2.526806266617924e-5,5.069720003013942e-5,4.620884584214595e-6,2.6125026261331774e-5,-1.836004113689006e-5,2.0408900406265843e-7,-2.6050202649591138e-5,-1.5476155354673718e-5,-2.9739118735044977e-5,-2.1197983178393026e-5,-2.041804399307274e-5,-6.758284253502193e-6,1.5241433262827655e-5,5.928488646349692e-5,3.5610148051830066e-5,1.9922433167158026e-5,1.1904657348084685e-5,7.334524630903819e-6,4.654852599918808e-6,2.91614140813127e-6,6.091789942132527e-6,0.00014519331739171459,0.000131665397530822,0.0006006393903294527,0.0009568596186035329,7.696487022193187e-5,0.00014748589356365722,0.00014110333726794264,0.00013816231087206433,0.00013455724147134945
9.338398672552293e-6,1.3091607406398794e-5,1.2162581197503556e-5,4.0498764498380384e-7,-3.127148106746553e-5,-0.00010345594249814445,-0.000624736946443521,0.00026771984313421894,-0.0007921332061327032,0.00036344317840145823,0.0012564949590944331,0.0014375848256190514,0.0037777944284671217,-0.0021484519505034173,-0.001961592431290566,0.9996489579823494,0.0008530072729566558,-0.0004933488093949176,0.000714980066431317,0.00013254765011198462,5.4586140779847654e-5,-2.285290577442714e-5,-1.2380447094813788e-5,5.187773178673579e-6,1.4343424538031365e-5,1.1776312728854465e-5,9.86542714689086e-6,8.587628003160155e-6,9.133417828398801e-6,1.480229868966682e-5,2.51149610787117e-5,2.9602736913204427e-5,-1.5424544178408474e-5,7.873911113551815e-6,-1.6278960964587756e-5,-6.896574230389555e-6,-1.989371127747552e-5,-1.8217759727808914e-5,-2.3077304351303006e-5,-1.5600304469624527e-5,-1.0621824998253737e-5,1.0450398346153284e-5,4.8465250882324224e-5,2.4710562748537472e-5,1.3693050219385354e-5,8.002345111649587e-6,4.856671233842218e-6,3.0585632469407513e-6,1.9158232564375794e-6,3.4451872354128265e-6,6.35981583981233e-5,6.26148420538041e-5,0.00022332533625143684,0.0003314823080005402,4.424091112480392e-5,6.962442819080375e-5,6.862009337505417e-5,6.751564369960217e-5,6.807695945622797e-5
2.3647774027149858e-6,2.896730915955454e-6,7.287841657768335e-7,-7.257585155803477e-6,-2.6862147315129108e-5,-5.655785321901023e-5,0.00014446316568609535,-0.0005320641728058389,0.0002061181455118007,0.0005416667644104093,0.00023432579572466622,0.0008828105589855364,-0.0014216546563335754,0.0012790605966566213,-0.0003783314965506493,0.0008530072729566558,1.001020014631314,0.0002030744847940414,-0.00044013038211166946,5.90538465553742e-5,-2.1865495861764916e-5,-6.773295309676503e-5,-4.41526749502036e-5,-1.1912040392832707e-5,5.399220897980483e-7,3.56713317387919e-6,1.1213818766889722e-6,3.0887236515579047e-7,3.4676462741999506e-6,1.205095115080554e-5,1.8518677010881087e-5,-2.151560423393969e-6,2.7700217554722337e-5,-9.731337107037565e-6,2.893641845578236e-6,-1.5394802310452838e-5,-7.970717142287935e-6,-1.2048676179568731e-5,-4.782149798918016e-6,-4.845047912845943e-6,1.2261609301788804e-6,2.687200019987537e-6,1.3495663751272153e-5,7.221736677201231e-6,4.410307314192137e-6,3.3065785181216628e-6,2.3525672371134924e-6,1.6451941036559127e-6,1.0767643814314804e-6,4.652930868588702e-6,-2.8769587036518066e-6,1.0643850300942598e-5,-6.785380188529191e-5,-0.0002083307807912467,1.687512025229507e-5,1.0729406338672177e-5,1.4565535001286808e-5,1.6171249880203153e-5,1.9022610067151312e-5
-2.338873381876608e-6,-4.0840149810280675e-6,-6.867551752681566e-6,-1.588311628693342e-5,-3.1000906403512266e-5,-6.410323514968886e-5,-0.0002172725315826969,-7.68774777897191e-5,0.00013300512733457827,6.407547299637602e-5,0.0009543400351663754,-0.0006561416862668476,0.0003936250738147583,-0.0004871242469628412,0.001892554035610284,-0.0004933488093949176,0.0002030744847940414,1.00140537829623,-4.126094199667974e-5,-0.00023193742792786384,-0.00011349053581290355,-7.436348286954146e-5,-3.994624018878823e-5,-1.7520725809120557e-5,-6.052783562317966e-6,-3.0456010793394386e-6,-4.044006431778019e-6,-8.866721076436878e-6,-1.485715139025086e-5,-2.3283231671498866e-5,-4.16526764976184e-5,6.000096312681096e-6,-2.0877176311502336e-6,2.5725611761806877e-5,1.218165397574635e-5,3.1923382803899133e-5,2.206815662156029e-5,2.9566389777862477e-5,2.2070270304551596e-5,2.0598062680621264e-5,8.994019853517018e-6,-9.611156412078398e-6,-4.205857692575665e-5,-1.943246076986196e-5,-7.326220207959429e-6,-2.232518713746919e-6,-4.778778057615602e-7,5.04647195456502e-8,1.4800818450595622e-7,4.92768736725061e-6,-1.6602773052896356e-5,-1.7669540771432387e-5,-0.0001045386580824888,-0.0002021388613173233,-1.0175600981787164e-6,-2.4899486983687283e-5,-2.9240271803094756e-5,-3.171093120799088e-5,-3.0670622936365315e-5
-2.0396838437055485e-6,-3.489837628786228e-6,-6.187508478314746e-6,-1.3107121715878184e-5,-2.9190370474841404e-5,-5.885738658793676e-5,-0.00019157314308349414,0.0001134866819948195,-0.00013384862970302128,0.0005602625513143175,-2.919752109157938e-5,0.0006624575345024716,-0.0005798948431290316,0.0008804910419261664,0.000170588046355609,0.000714980066431317,-0.00044013038211166946,-4.126094199667974e-5,1.001522386639292,-0.00045641109812777266,-0.000188701022072352,-4.3390961828930036e-6,1.6459367611477137e-5,6.5109685064745094e-6,-1.825691645228599e-8,-1.4180331092749538e-6,-6.096686905846908e-6,-1.584579761487298e-5,-3.087775371447535e-5,-5.176927575414384e-5,-8.778287639548142e-5,-2.835987093169722e-5,3.0097669327745474e-5,3.29103884205075e-5,5.2758863503530295e-5,6.113011942692102e-5,6.672419342110474e-5,6.570149396763249e-5,6.31277352301228e-5,4.737573301920578e-5,2.578115221284402e-5,-2.6673462019524198e-5,-0.00011713022837434594,-5.128026198701941e-5,-2.0791479436876794e-5,-7.88376694840851e-6,-3.0340772508769838e-6,-1.2259100672553465e-6,-5.497563487935653e-7,3.904337589316777e-6,-1.1513134441009864e-5,-1.716825517154746e-5,-5.727874980707359e-5,-0.00011418690154972159,-1.9837306162024153e-6,-8.787375425639756e-6,-1.6399177113481277e-5,-2.3666996602544854e-5,-2.4449604922765033e-5
-4.750402433997165e-6,-7.151326581300749e-6,-9.643117592221277e-6,-1.5131343704649966e-5,-2.4532240784381435e-5,-4.1125221383435574e-5,-6.672333875781381e-5,-3.756702758830359e-5,9.949105451769975e-5,0.0001325937047428069,0.0002948903294492815,0.00014271767616104634,0.00012938916414422316,0.0001766430240775085,0.0003549750091961464,0.00013254765011198462,5.90538465553742e-5,-0.00023193742792786384,-0.00045641109812777266,1.0020611786862632,-0.00016649207951513953,-9.688632905202579e-6,5.698858534338677e-6,-2.4459787908797177e-6,-5.308538614109779e-6,-2.2662161621328562e-6,-7.184716246861681e-7,-3.5870603347045068e-6,-9.134834649444957e-6,-2.0633927273594437e-5,-4.3833884556695176e-5,-6.736033324675e-6,1.3149599646071549e-5,2.0125683098058327e-5,2.1582723145582628e-5,2.8854902247112568e-5,2.6467157073687945e-5,3.211822656819994e-5,2.892615199598804e-5,2.16288775356047e-5,7.964294049728315e-6,-2.2421381381853274e-5,-7.493823068497921e-5,-3.6845685658854506e-5,-1.7201495565000826e-5,-8.13405369218576e-6,-4.142746354504101e-6,-2.2691958059329087e-6,-1.3076117061233103e-6,1.5452902559756697e-6,-1.1615601354395187e-5,-1.7237452770361725e-5,-3.0048493935457437e-5,-3.618633706168264e-5,-1.3894010652294233e-5,-2.3208588975226912e-5,-2.5612747373451183e-5,-3.1434747040122895e-5,-2.7348876243096473e-5
-6.233556557280972e-6,-9.134776314539368e-6,-1.1824124746914264e-5,-1.6746877676280894e-5,-2.4221480322063716e-5,-3.4884743185064264e-5,-5.03722182076156e-5,-6.847447229363458e-6,5.437923285443132e-5,0.00011976371179928679,0.00017225518277612045,0.00015312806392100864,0.00010412916483595465,0.0001340489260778195,0.00014257856390350332,5.4586140779847654e-5,-2.1865495861764916e-5,-0.00011349053581290355,-0.000188701022072352,-0.00016649207951513953,1.0023609748642022,-5.0251836341568e-5,-3.2865023542805486e-5,-1.983253680739281e-5,-1.1891591833655512e-5,-3.4152935703352445e-6,2.2417027496963625e-6,4.936496606914939e-6,5.677319384002481e-6,1.5152663585760388e-6,-1.0285058849115336e-5,1.910215907463133e-7,4.167295139206917e-6,7.454554279819559e-6,5.898786914321261e-6,9.104202964771881e-6,8.330309130144473e-6,9.292429170684852e-6,6.904468538639396e-6,1.0836258093561244e-6,-6.287402135235794e-6,-2.2039010936135552e-5,-4.767809693890911e-5,-2.5339796645274812e-5,-1.3369004286565618e-5,-7.323053475915698e-6,-4.232961597921328e-6,-2.5406227975214414e-6,-1.5447316735289962e-6,5.278131764666596e-7,-1.1828867168222137e-5,-1.6339616619275182e-5,-1.6826673280848884e-5,-4.542186352120222e-6,-2.3391296073382465e-5,-4.6990667004207e-5,-4.076402898258716e-5,-4.2387847170693994e-5,-3.4760760582233465e-5
-8.335061426709763e-6,-1.2153925191753869e-5,-1.556964597249043e-5,-2.1558293364153532e-5,-3.0065781069137113e-5,-4.041593513908999e-5,-4.95026545789393e-5,2.8073542107968074e-6,5.9801415150885015e-5,0.00010731419237782867,0.000138813205554883,0.000134367117920019,0.00010460340477715272,8.889905009569135e-5,5.842126477217391e-5,-2.285290577442714e-5,-6.773295309676503e-5,-7.436348286954146e-5,-4.3390961828930036e-6,-9.688632905202579e-6,-5.0251836341568e-5,1.002378088497012,-6.282585672751556e-5,-3.498330320361272e-5,-1.9598539782033813e-5,-7.686881945691978e-6,-5.78859592385618e-7,4.491985012526361e-6,8.834819284879051e-6,9.014782775734713e-6,4.771587005158938e-6,5.395460198853101e-6,2.615253917802397e-6,2.2098106120606556e-6,-8.501517441782641e-7,-1.3705035414875148e-6,-2.6146716431064363e-6,-3.2419672548355934e-6,-5.389651370328807e-6,-9.022593583990145e-6,-1.2493953174038266e-5,-1.9807926939092894e-5,-3.0392942244729973e-5,-1.7940145138263303e-5,-1.0636585675261403e-5,-6.497041354103953e-6,-4.039205059586021e-6,-2.536700019697811e-6,-1.579783170393568e-6,2.8054505518276557e-8,-1.4272814346369392e-5,-1.894162455632296e-5,-1.4247982778625083e-5,9.375061397864043e-6,-2.676662774226978e-5,-6.215080974496396e-5,-5.09905352440535e-5,-4.989728048669249e-5,-4.0901347415153354e-5
-8.00300317412252e-6,-1.1699933100396264e-5,-1.5099879459422309e-5,-2.122220466630972e-5,-3.038963357820886e-5,-4.2544825332204866e-5,-5.6248532095092116e-5,-3.1892232989377547e-6,4.545786026526991e-5,8.461784390250326e-5,0.00010371244599816613,0.00010897359387764785,8.664706862088831e-5,7.184621107163069e-5,3.7622904845315476e-5,-1.2380447094813788e-5,-4.41526749502036e-5,-3.994624018878823e-5,1.6459367611477137e-5,5.698858534338677e-6,-3.2865023542805486e-5,-6.282585672751556e-5,1.0024088703227907,-3.0276527041009582e-5,-1.8808367099239706e-5,-9.345438851641583e-6,-4.047879023132298e-6,1.5272180662653978e-7,4.448731607507295e-6,5.627125182831835e-6,4.41078788666817e-6,3.7077085415137196e-6,1.481315293615446e-6,-4.801005715948892e-8,-2.3037511817806367e-6,-3.594275035799867e-6,-4.567598624596271e-6,-4.7360126727364895e-6,-6.0196163020470366e-6,-7.409452095972109e-6,-8.812882487824695e-6,-1.2430346676211551e-5,-1.7584634065419825e-5,-1.130473930275256e-5,-7.170598917364775e-6,-4.62415453280007e-6,-2.9636475816115675e-6,-1.8937954079099153e-6,-1.188763871988418e-6,8.389086568521186e-8,-1.2868604429074687e-5,-1.6861697092172563e-5,-1.1529470921151217e-5,1.3436734281979344e-5,-1.8050478556949705e-5,-4.3699699985290254e-5,-3.420359776076394e-5,-3.5730044140527535e-5,-2.9851309991142455e-5
-6.657917975245356e-6,-9.801703024740187e-6,-1.2853978542166881e-5,-1.8676268275129778e-5,-2.812036281194059e-5,-4.244403230582181e-5,-6.344117529874285e-5,-1.5770664763576373e-5,2.7815129670350396e-5,5.868272644552532e-5,7.683441770205588e-5,7.953140409678026e-5,6.797662814833874e-5,5.449808469311993e-5,3.473975816307909e-5,5.187773178673579e-6,-1.1912040392832707e-5,-1.7520725809120557e-5,6.5109685064745094e-6,-2.4459787908797177e-6,-1.983253680739281e-5,-3.498330320361272e-5,-3.0276527041009582e-5,1.0024386874887736,-1.557091574875435e-5,-1.0180727610103947e-5,-7.764216898485985e-6,-5.368972559062467e-6,-2.254899183492047e-6,-9.761973780708423e-7,-4.6919024648883613e-7,1.917851888924858e-7,-7.293255180612134e-8,-6.210171322210938e-7,-1.7005878506790753e-6,-1.891842960684314e-6,-2.0672923982740103e-6,-1.955997309944716e-6,-2.4623253292533878e-6,-2.2241868688790237e-6,-2.5397247623503267e-6,-4.419248510982849e-6,-7.741572768080524e-6,-5.1325392700826144e-6,-3.3168351488240544e-6,-2.19398195224451e-6,-1.4171626668174745e-6,-9.046602738541508e-7,-5.647978090960355e-7,4.89631414857145e-7,-9.73471295977828e-6,-1.2693200955563495e-5,-8.796147641175387e-6,1.3151087479364659e-5,-6.372875758511693e-6,-1.8823802651952423e-5,-1.3030762455227761e-5,-1.7862281166415728e-5,-1.6309213300519702e-5
-5.6804399196760716e-6,-8.397812603775421e-6,-1.1140452881813467e-5,-1.653731123072946e-5,-2.560473393067512e-5,-4.014165376305038e-5,-6.361076315016095e-5,-1.961197178929256e-5,1.746638061449714e-5,4.4897638660145786e-5,5.8566957183965215e-5,6.329063503354522e-5,5.321841369845892e-5,4.5690592576477184e-5,2.9677929052976986e-5,1.4343424538031365e-5,5.399220897980483e-7,-6.052783562317966e-6,-1.825691645228599e-8,-5.308538614109779e-6,-1.1891591833655512e-5,-1.9598539782033813e-5,-1.8808367099239706e-5,-1.557091574875435e-5,1.0024458580590758,-1.1093613207169885e-5,-1.0821440971178694e-5,-9.724833245474142e-6,-7.02169150218728e-6,-5.280757762875615e-6,-3.7900634992539635e-6,-1.2213104993119757e-6,2.531339499725272e-7,-1.5640416051017983e-6,-3.401265496695757e-6,-3.604617462213918e-6,-3.305384166272191e-6,-1.4677156787619663e-6,-3.2151382369267715e-7,2.3447558136371328e-6,3.7857722633310557e-6,3.2460627704535247e-6,4.5674788082279965e-7,1.1349962235177867e-7,4.272819123309082e-8,-1.7941779334424855e-8,-2.002282556861835e-8,9.027557665173447e-9,1.9042231062420995e-8,8.084220166256185e-7,-7.442603548298282e-6,-9.612587380730913e-6,-7.001206223500088e-6,1.2955381346905092e-5,1.9194846430477476e-6,-3.978446125504834e-6,-1.1227594841735647e-6,-8.90059883971408e-6,-9.606166855874904e-6
-3.987636119350441e-6,-5.931028903467395e-6,-7.966992788818568e-6,-1.2108305789310135e-5,-1.9195818349723007e-5,-3.100467268959479e-5,-5.1196705537665416e-5,-1.6880737532691062e-5,1.1116900407250065e-5,2.9755379033607288e-5,4.0501753098783046e-5,4.119267744131094e-5,3.539865689003906e-5,2.914113017734226e-5,2.0585925290882194e-5,1.1776312728854465e-5,3.56713317387919e-6,-3.0456010793394386e-6,-1.4180331092749538e-6,-2.2662161621328562e-6,-3.4152935703352445e-6,-7.686881945691978e-6,-9.345438851641583e-6,-1.0180727610103947e-5,-1.1093613207169885e-5,1.002448394368325,-1.3412440726773066e-5,-1.4206803840816516e-5,-1.2409141234537233e-5,-1.0597313458471145e-5,-8.796522632114229e-6,-2.8629001465390484e-6,1.2554532844936254e-6,-3.269054488759985e-6,-6.8661339929829824e-6,-7.3994107565487675e-6,-6.554030869036742e-6,-1.1531993792767405e-6,2.856550521560806e-6,9.296767138813684e-6,1.330049930368755e-5,1.3909322513643704e-5,1.024934525944956e-5,6.44542857430428e-6,4.160921534911236e-6,2.6923557531099946e-6,1.729262303799747e-6,1.1641859489702227e-6,7.61556611126344e-7,5.558031143517589e-7,-4.886612031816268e-6,-6.122091529540803e-6,-4.5371804819014025e-6,1.045505324697525e-5,8.999994648373142e-6,7.519827540930278e-6,7.620814138608316e-6,-3.563853408076247e-6,-6.245811037350616e-6
-3.179073079809121e-6,-4.745762891477792e-6,-6.45576588764494e-6,-1.0029044685295703e-5,-1.61303954337515e-5,-2.6474866388818945e-5,-4.474620759080735e-5,-1.119476713028598e-5,1.1370041199520518e-5,2.57736516251085e-5,3.211133303433039e-5,3.095154948216424e-5,2.3902432558171196e-5,2.0524039147303063e-5,1.2833507413326434e-5,9.86542714689086e-6,1.1213818766889722e-6,-4.044006431778019e-6,-6.096686905846908e-6,-7.184716246861681e-7,2.2417027496963625e-6,-5.78859592385618e-7,-4.047879023132298e-6,-7.764216898485985e-6,-1.0821440971178694e-5,-1.3412440726773066e-5,1.0024409155788374,-2.2620442176694806e-5,-2.298316668395381e-5,-2.241686951556133e-5,-2.1804908100923397e-5,-9.111171442815834e-6,2.3512473106234738e-6,-4.86030072819522e-6,-8.790347259016465e-6,-8.971235104857902e-6,-6.913491153748321e-6,4.207520906315826e-6,1.1352619175288605e-5,2.164726698200782e-5,2.7262960036613315e-5,2.688681363790233e-5,1.8549930680748733e-5,1.159886128011475e-5,7.587260785154819e-6,4.986714589090079e-6,3.2363599675465283e-6,2.161985450513901e-6,1.4058001271527555e-6,-6.806406407067412e-7,-4.9351740328194294e-6,-5.845259638100666e-6,-2.6518181124945277e-6,8.495469806691005e-6,1.5183840745574886e-5,1.4474413689616044e-5,1.1673525392974454e-5,-1.8158493850156324e-6,-6.677525195119544e-6
-2.381985531148196e-6,-3.5774638918790673e-6,-4.959147799746795e-6,-8.006668823241133e-6,-1.3373592367698366e-5,-2.3095193544592654e-5,-4.1271109783377185e-5,-5.609064589302073e-6,1.4320578415885552e-5,2.3071224299281432e-5,2.9023395149537463e-5,2.2719243707436668e-5,1.7744917202148916e-5,1.4268754122923626e-5,1.0588527418809777e-5,8.587628003160155e-6,3.0887236515579047e-7,-8.866721076436878e-6,-1.584579761487298e-5,-3.5870603347045068e-6,4.936496606914939e-6,4.491985012526361e-6,1.5272180662653978e-7,-5.368972559062467e-6,-9.724833245474142e-6,-1.4206803840816516e-5,-2.2620442176694806e-5,1.002427923918899,-3.839432572468994e-5,-4.3781684764132766e-5,-4.840617362110378e-5,-2.562372124643178e-5,-1.4660811110962486e-6,-6.797157318444012e-6,-5.641654090039917e-6,-2.312435443067388e-6,2.3113319125587838e-6,1.9781873934212967e-5,2.9195760796545328e-5,4.172286426980461e-5,4.5974607783461584e-5,4.0422739141244e-5,2.0658801968062306e-5,1.2546524641339719e-5,8.346585059587434e-6,5.541665597099096e-6,3.6378918609018805e-6,2.411845003074896e-6,1.5646847673855522e-6,-5.04647935328673e-6,-8.94199706496389e-6,-1.0283081920639683e-5,4.0691100156594146e-8,2.5597479688137795e-6,2.0072201846931534e-5,2.290852343480791e-5,1.7821105073362985e-5,4.1765933992345174e-6,-2.9887096429535303e-6
-1.439777242149877e-6,-2.203233844222568e-6,-3.2050816435379443e-6,-5.7131064334797615e-6,-1.062340329992656e-5,-2.0892231245725543e-5,-4.173319784568695e-5,-7.019587782287976e-7,1.854434464617184e-5,2.0862521128413962e-5,2.9186328132397435e-5,1.4764815370295829e-5,1.3733600529696141e-5,8.327291383716592e-6,1.2046948251938194e-5,9.133417828398801e-6,3.4676462741999506e-6,-1.485715139025086e-5,-3.087775371447535e-5,-9.134834649444957e-6,5.677319384002481e-6,8.834819284879051e-6,4.448731607507295e-6,-2.254899183492047e-6,-7.02169150218728e-6,-1.2409141234537233e-5,-2.298316668395381e-5,-3.839432572468994e-5,1.0024016690877466,-7.929575964919857e-5,-9.485641730817986e-5,-5.8122118438730215e-5,-2.7406878521953818e-5,-2.8484260165339023e-6,1.8273433656225803e-5,3.336118924346777e-5,4.15593013231966e-5,5.270700627630719e-5,5.7928375304991625e-5,6.464763348305091e-5,6.0248702048137394e-5,4.489699851168661e-5,6.040343189089276e-6,4.974334810008988e-6,4.241102836917857e-6,3.046505292379293e-6,2.1536594210160795e-6,1.3958795574060353e-6,9.045178811969007e-7,-1.12434264051278e-5,-1.5049486374617494e-5,-1.706547946219749e-5,4.309211733723621e-6,-4.3566033431361935e-6,2.1958767166136016e-5,3.0977130163151374e-5,2.5085743545849865e-5,1.624067958077948e-5,6.145836868351031e-6
-1.1579192686670194e-6,-1.8079653753134072e-6,-2.7472491092811432e-6,-5.399649954234779e-6,-1.1334704470805521e-5,-2.5413305845804902e-5,-5.556717158195797e-5,-1.823647273476232e-6,2.5807697716463417e-5,2.167634821198488e-5,4.037820965651639e-5,1.5904846886462822e-5,2.255271399663019e-5,1.2349390108905748e-5,2.526806266617924e-5,1.480229868966682e-5,1.205095115080554e-5,-2.3283231671498866e-5,-5.176927575414384e-5,-2.0633927273594437e-5,1.5152663585760388e-6,9.014782775734713e-6,5.627125182831835e-6,-9.761973780708423e-7,-5.280757762875615e-6,-1.0597313458471145e-5,-2.241686951556133e-5,-4.3781684764132766e-5,-7.929575964919857e-5,1.0023213384485417,-0.0001809786098553633,-7.026386980672124e-5,-8.492706408005422e-5,-6.07541095753951e-6,6.247000357432576e-5,7.528652000033081e-5,7.911496948938516e-5,9.059085999675215e-5,9.358581344012145e-5,9.778136412635982e-5,8.547659125876546e-5,6.01325303221138e-5,-1.9391055687160593e-6,-1.8039369972440057e-6,-5.703287577260361e-7,-3.775444840375021e-7,-7.942052345299537e-8,-1.6952988228144783e-7,-1.2222542075174885e-7,-1.161060670004732e-5,-1.4879270889876544e-5,-1.6223979825239293e-5,8.213432105909726e-6,2.2535699359821968e-6,2.0463523783500944e-5,3.582190282621955e-5,2.955822444312347e-5,2.723378329401615e-5,1.5233277591089998e-5
