0.8653179326498559,0.13137192095976935,0.2317816171458604,0.07654434078080201,0.12125071398084233,0.055757666307841056,0.08750053276605041,0.02649152964733487,0.054432914359970636,0.13266803899331173,0.06535161339127041,0.07984717399491967,0.05542602400874986,0.053112475705126415,0.08626145932522279,0.05551816768414652,0.060631836000851,0.08398958404302206,0.10317711520439436,0.043346205939903786,0.04402226392901465,0.058882651225275834,-0.003128566052734199,0.04453361574898294,0.051015868411253724,0.05258531171325341,0.04886683435002445,0.06343113061214393,-0.02131826286207039,0.11280169939690934,0.10256481846592173,0.0638831445049217,0.10918671336520827,-0.09579294389805108,0.012120941539340502,0.04284770889133256,0.023741797286961974,0.12949814255651376,0.051810815218309915,0.015408864103109198,0.06483391258707685,0.03215471201391747,0.07680300560146373,0.0179334433320802,0.06566981108577075,0.09183444047938098,0.10143842413369293,-0.006016199492566804,0.023301987437688278,-0.02737962166622297,0.01246999205780539,0.019342113469768944,0.003901682477933631,-0.009120391720710294,0.046913646228944825,0.012910620420571233,0.03869574937827868,0.3469349591174674,-0.49795964885826505
0.13137192095976935,3.075074179375474,0.21591246761669686,-0.05632652122073903,0.11309686039041522,0.24496903057543118,0.15741891844934444,0.06347526644559608,0.11406686059638829,0.21402648657284615,0.17219439556349508,0.15294352409757409,0.09191995546773765,0.17240189139388895,0.4486647790666136,0.12452868890476769,0.23421416820374333,0.3048871205582405,-0.25758302435439884,0.1885464626260937,0.17355155982486667,0.10980634981342183,-0.13113763414943594,0.06513360988978005,0.33116405542823096,0.048467880290547105,0.2013141480756686,0.2406665557769588,0.35751225164452977,0.027243892376309833,0.26111449616123655,0.06873430588496916,0.09676869097505131,0.19192638715780153,0.15583897303051192,0.18181114290058698,0.43167505204409823,0.12477922642765721,0.06414632779229763,0.011079476877593421,0.20412765576451028,0.17044972620972398,-0.10831920672326881,-0.004415597152400706,0.06415965910784255,0.05863901248583037,0.16299428745572117,-0.016559738495815834,-0.05217251677182952,-0.15015024121793027,0.25859785963669574,0.192582082868488,-0.1860915390547355,-0.003152261384241804,-0.4225939172481905,-0.02076551223335663,-0.15830342704138645,-0.3667545196643857,0.8902976809465272
0.2317816171458604,0.21591246761669686,1.7743412293416059,0.15636324713825533,-0.21072933335431565,0.32876279505461914,0.28913798885360553,0.2828057744093683,0.5383515508444339,0.44728048533921133,0.26994721286086737,0.2650021033240175,0.20550623354053396,0.24580072869489453,0.21955382720727143,0.22929364000934832,0.33144240599260727,0.2940677618882484,0.505571679564278,0.2410488166214079,0.2573433302306202,0.396472220400204,0.12517874845249552,0.21496146167579494,0.2744453178782568,0.3539184676070379,0.20640709083047093,0.3198957035809754,0.2822046816710994,0.07913852730622246,0.2766014348151656,0.1726110443547377,0.2970191442695114,0.20618755168589728,0.27616339055822137,0.3738239750910493,0.4119461366597038,0.3250605179769834,0.23347225619657275,-0.005321583967314633,0.3433733305221558,0.25199987190398837,0.17958639533994325,0.09952306295749955,0.12322536231348737,0.36474431461477796,0.19703651854792703,-0.04487977907014017,-0.08392898012011428,0.13586158517199184,-0.06380743281008244,0.10362959192403332,-0.04048961450394183,-0.11815162881013279,0.14747880722716436,0.1015595328849393,-0.2897217714767324,-0.37916459943541714,0.3279715924393667
0.07654434078080201,-0.05632652122073903,0.15636324713825533,1.2070537548914735,0.4583060166297191,0.3664505480880716,0.21226102713840583,0.28531527664266293,0.0884029521865785,0.18532102997575836,0.22672934366628633,0.26107822407283604,0.19807686538423608,0.2695217481192943,0.24491037976300561,0.2694277752466542,0.1372710647153454,0.27153481102723637,-0.0028202913652046998,0.1777049294896056,0.15596261937708505,0.18290557131116497,0.21055596959174794,0.12956728271574008,0.2720462128843733,0.31232017127909817,0.13245932700972052,0.05320722232898077,0.2826165094524855,0.05000783659961013,0.15728912725799632,0.14561135025188324,0.058132539134573585,0.2992662041608233,-0.0625599020706277,0.195055686586529,0.20661622496511942,0.1611431425089018,0.10782893048907512,0.07299087290839906,0.1497434565054491,0.15545817508122362,0.2119209920809847,0.055410239391553096,0.020942100113294677,0.13441026341980056,0.16723257181635115,-0.017552002362823425,-0.01039144443885673,0.13851131398213343,-0.04029575730982181,0.11686145229986457,-0.12062939987092816,-0.05207404244202513,0.054568799809070895,-0.016781354282753812,-0.26702687865988567,0.04713742582781462,0.1507808696976255
0.12125071398084233,0.11309686039041522,-0.21072933335431565,0.4583060166297191,1.1171768266337556,0.2889488545652935,0.2553590450579053,0.42071540770826554,0.1587049874313921,0.11192094906100966,0.22916557308390154,0.25487237201277924,0.24955153384242584,0.3140452742638765,0.22524330901851555,0.30761545187966377,0.11167948061605822,0.24663274769343838,0.029989788915914768,0.18730168146110565,0.16015783727400904,0.2285892164380746,0.22457439326482354,0.1557000138837197,0.266407907070596,0.40332297998259514,0.14038983754080264,-0.007471204433357817,0.3200642838490346,0.03247028341372803,0.128813355995335,0.18389201261427288,-0.018042207646983787,0.3866371762259149,-0.01490393105464518,0.15768509906854722,0.10515964236303761,0.14138841694337875,0.08520500581451002,0.0923297270523216,0.12057565804079892,0.15889050817904615,0.2055158938948341,0.04976712844933993,-0.093253682242442,0.07422589277203775,0.14790158520442104,-0.002734410004505404,0.47164841255014844,0.04784993287361998,-0.009115330429774186,0.021448249227958297,-0.028548736090382415,-0.02507842630813485,-0.017844051892085315,-0.14747748822555667,-0.2583543578259934,0.22609848114580172,0.15049410242231817
0.055757666307841056,0.24496903057543118,0.32876279505461914,0.3664505480880716,0.2889488545652935,0.9163181539977242,0.2747263286195402,0.4673794113361156,0.285931177476351,0.21770144023623897,0.31646009667404973,0.2569905939145135,0.25851007429305684,0.29260557835220985,0.24919451088207933,0.302614449838609,0.2560644873999606,0.32910975316794966,0.3331872186296393,0.26995306517713746,0.26278586754602995,0.3121779582834135,0.11128432611790512,0.18630356247546084,0.36110326220219163,0.504116162092943,0.20750215629733273,0.16895139435594902,0.3242118126137309,0.08967952450625202,0.3005574852505045,0.22031047323802172,0.13078623964529587,0.3166630720685225,0.16886076658331545,0.2050433731458206,0.22952446604048404,0.2893936346104462,0.14504626547961885,0.08940677323458063,0.2340054918869805,0.23934098906756032,0.2738454811783556,0.07725757784584833,0.016922451210708286,0.16586333035169307,0.20363821415050518,0.0007513067944306736,0.5536186592524059,0.12742656040918626,-0.08248574011727842,0.03334256564731133,-0.048962255066416376,-0.04065566528690677,-0.06314186151237847,-0.03908630591511153,-0.3054090069441682,0.3216960779997333,-0.004706211313972847
0.08750053276605041,0.15741891844934444,0.28913798885360553,0.21226102713840583,0.2553590450579053,0.2747263286195402,0.5955697583723644,0.15051965214603716,0.48232353159882135,0.20867854335287622,0.24532501731280273,0.31366971870056637,0.23062987009876804,0.32227172560236905,0.10774441646379634,0.309197946150391,0.24094783797282643,0.21676366007340042,0.3126006653018848,0.18702187950041088,0.22935908724794238,0.39536051858711424,0.15282202855845445,0.18016447963039653,0.24201916116712918,0.36998972684202625,0.1959685744147336,0.17424840892288299,0.2287557747375024,0.17658186086255015,0.17864560438784866,0.21354411462179085,0.16679148449832423,0.2464644196356933,0.15387421196721168,0.24242601684281875,0.24373474131817224,0.26376950532537474,0.20934219918519437,0.10363243821198413,0.2537900413430878,0.220523069055716,0.26103296680328664,0.08982566993827326,0.03844927103234674,0.15187957836543245,0.20314470959062875,-0.022413289400315516,0.31440440079543475,0.04699736835445546,-0.028349085782749393,0.009157408772559399,-0.027679141173950227,-0.00689488436259607,0.031043031674673472,0.0820991343399003,-0.2618269995925991,0.04526910853619473,0.01638995738627968
0.02649152964733487,0.06347526644559608,0.2828057744093683,0.28531527664266293,0.42071540770826554,0.4673794113361156,0.15051965214603716,1.1653310734473734,0.01091108154121347,0.1450692585698518,0.32524195625561547,0.22682438453581508,0.2908973370190109,0.2755992916408026,0.2599084127252924,0.2946220641039479,0.2794047845892783,0.36418129570954644,0.2899106345239782,0.2534067539616822,0.24392170549151912,0.16900512323384462,0.12010743993518429,0.16092290863263123,0.3425397780745473,0.6043894977195412,0.215891186018856,0.17288572618571715,0.233331167397357,0.14456803595759782,0.28533447011339647,0.17449008819533435,0.06371174395905482,0.3082377462222109,0.31180300832227803,0.12719436887245578,0.13392359744170665,0.24678510720799993,0.13293786749888836,0.07627723703241467,0.1506729737901829,0.22244638131587294,0.336261340388055,0.05578360161022991,0.04569930102390622,0.15307031616462208,0.2533258083624462,0.028416534317628875,0.5371286154884004,0.16155010314194845,-0.06689927496694287,0.07347172603235301,-0.008171720561755948,-0.12835137571033522,-0.09419751050559347,-0.07812804928284056,-0.3236762262222664,0.6929879268658464,-0.3303074218656917
0.054432914359970636,0.11406686059638829,0.5383515508444339,0.0884029521865785,0.1587049874313921,0.285931177476351,0.48232353159882135,0.01091108154121347,1.0601346232011117,0.22966821867247886,0.2050000755193293,0.2671155582647869,0.22081441532249627,0.3971798021824798,-0.027137655027469416,0.32850348562193593,0.29043471232209034,0.18004493472378882,0.5413160023639284,0.17720680831790786,0.2776055393635194,0.6686118547714199,0.1232748575671924,0.23734606792295013,0.17715703036364383,0.43712663975872695,0.20639219652463356,0.28124322613618324,0.12193497116105154,0.2231671283650928,0.23064988753408935,0.2552063522177451,0.364454130592062,0.10405104900784669,0.16179445749263957,0.3132481966084764,0.2792401360371001,0.399475747914185,0.25323127573181214,0.12354772014538104,0.3552623164108533,0.26142966160128256,0.31168212735362877,0.12337573902042097,-0.0018471354051303515,0.252889944482173,0.2065538966708941,-0.053479892412368016,0.03816683174675227,0.03973701267507255,-0.026336150858515022,0.034621212993261256,-0.020271160365630887,-0.02221298404993282,0.15882034895584293,0.1292189838507409,-0.30721976616424707,-0.14327125432048793,0.106497103898432
0.13266803899331173,0.21402648657284615,0.44728048533921133,0.18532102997575836,0.11192094906100966,0.21770144023623897,0.20867854335287622,0.1450692585698518,0.22966821867247886,0.7280081822065814,0.22923527938030341,0.23492282286495472,0.15364482846245917,0.1836160371322345,0.22062949189530295,0.18614362586546965,0.17350437933545168,0.2429076908152998,0.22189611873239307,0.10022486893718771,0.12447297994818628,0.21804045508680384,0.2052637007658703,0.15261818793091886,0.19903580731569262,0.1941213328126001,0.17149638276038773,0.12835495667970764,0.24240581739561678,0.16046161815378668,0.12132924450755901,0.16634963833193966,0.09223348221729454,0.30750615608918813,0.16400979677021107,0.24073597748104333,0.2381779117429655,0.14848974039492532,0.2039263133927356,0.047737438739874224,0.2659937333730336,0.1407416001067846,0.11844308683193089,0.08445729791690544,-0.029172559057763288,0.16451166990503982,0.2223555307528482,-0.019505149378276805,0.15475671981178335,-0.032200523680630956,0.0021319096432802793,0.011573611928304984,0.015386581430053198,-0.01977597293694399,0.0686696242421855,0.08869909171071558,-0.07683972938792083,-0.3439865724925909,0.2009016954308732
0.06535161339127041,0.17219439556349508,0.26994721286086737,0.22672934366628633,0.22916557308390154,0.31646009667404973,0.24532501731280273,0.32524195625561547,0.2050000755193293,0.22923527938030341,0.4944501210849653,0.3242716315994064,0.24813573568010736,0.2734960748177272,0.23232152741070816,0.27852335741107936,0.3257291907541035,0.23322460921773794,0.1860513986893767,0.2692501643998276,0.22806388371645492,0.2414195025885911,0.12015789700692961,0.19262302216799906,0.2733132366873554,0.353688349382092,0.21778195486632904,0.2196507753315496,0.2317161120429862,0.1878263112092076,0.23799477656624382,0.19440983085455246,0.1431815887336115,0.2515793997724834,0.28298392760976915,0.20283777847867657,0.24196492177549764,0.2622434692352728,0.1869899049785172,0.10396331834176459,0.20554732656215044,0.23412911006881965,0.23215249794520532,0.07871665587652824,0.13287466162068082,0.15982654510593886,0.22003903677170705,-0.009089148665695095,0.08666311715972554,0.04728316190617104,-0.02495663863524594,0.03476489552778614,-0.005469167095928115,-0.032335252434299584,-0.07590403303105334,-0.01031803644579003,-0.2362739314757258,0.14278821699531924,0.03983998420164496
0.07984717399491967,0.15294352409757409,0.2650021033240175,0.26107822407283604,0.25487237201277924,0.2569905939145135,0.31366971870056637,0.22682438453581508,0.2671155582647869,0.23492282286495472,0.3242716315994064,0.5423740294504036,0.23307212119013337,0.36105590754531086,0.17869817332945906,0.32978817628505563,0.2995265742063618,0.17193738052489968,0.23561373669913527,0.20637939510555492,0.21594565810658015,0.2985730350292187,0.15205654528171103,0.19412226233107988,0.2725238136144906,0.3576563477152454,0.2430665242107097,0.17315286519160827,0.2745512803462736,0.19652933992783436,0.14695397845901112,0.21771100474620614,0.10823719718550084,0.2707091282929079,0.24628997516978812,0.27974752791128366,0.2076890655206334,0.2406434642474387,0.1902655148465003,0.09510570746654204,0.23692181195709533,0.22242579005712831,0.23589791223147222,0.07033251960026769,0.07588936792484074,0.13079051752009588,0.19402321175122794,-0.01395914132212475,0.5117248667745904,0.029825493684173573,-0.025428112705786148,-0.0023022669888212,0.008505496385573014,-0.0036186370350671667,-0.026066872157809756,0.03113438574931387,-0.3002273229781164,0.15851088855550838,-0.030243038301807124
0.05542602400874986,0.09191995546773765,0.20550623354053396,0.19807686538423608,0.24955153384242584,0.25851007429305684,0.23062987009876804,0.2908973370190109,0.22081441532249627,0.15364482846245917,0.24813573568010736,0.23307212119013337,0.47261102084319756,0.25187223867773184,0.07282682713345381,0.2691066697132187,0.2000590997570654,0.17917423964799192,0.3020492674943426,0.1551226889406422,0.16745620378545978,0.2475870009891196,0.12251685168160185,0.19158352688518984,0.22923014732667174,0.3013780331156119,0.19615391626399942,0.1582534486492941,0.21624603833903686,0.15977950737247484,0.16920654084252454,0.21060448111095278,0.13406014225744095,0.23033018918872492,0.2031818804851381,0.17075919438154818,0.16749117500631153,0.22304206130210252,0.1394334999403475,0.06835901187251296,0.17965857163248594,0.1679254656662516,0.22348443189653286,0.08091156756973776,-0.010182724381463715,0.153941320710281,0.17591807148933125,-0.004436752504543107,0.2472916663362529,0.08805419950858603,-0.03879891765261953,0.031342922938115705,0.008974891761699303,-0.0631899018688696,-0.023907915625911703,-0.03384912234699553,-0.17174186662028926,0.15365398186002843,0.007178195736000389
0.053112475705126415,0.17240189139388895,0.24580072869489453,0.2695217481192943,0.3140452742638765,0.29260557835220985,0.32227172560236905,0.2755992916408026,0.3971798021824798,0.1836160371322345,0.2734960748177272,0.36105590754531086,0.25187223867773184,0.9839486007744322,0.3636855822852171,0.4915124511453232,0.32308100901168124,0.17217840409497803,0.20093432899815802,0.19398993139452583,0.2676638497610392,0.41564459122642256,0.21805299630117436,0.24836364140622894,0.5015021889532963,0.4562780528350998,0.18239501983567996,0.21852660470680285,0.3412112423012377,0.3490362637203535,0.13142204930181578,0.1578329634064656,0.12168008901330812,0.28758968830672926,0.3255831646633937,0.2789163155230342,0.25914741143581665,0.267387191965114,0.10323563485595423,0.11153743506826187,0.3131378733096112,0.2800511910057001,0.40928742798179,0.10024344152956356,0.01950802485592693,0.0846317069642769,0.2608175528730719,-0.015405211470357151,0.5543383571616759,0.00714022086961983,0.012543901333622076,-0.11492735128381003,0.005465808025908091,0.06882574742803053,-0.15883902288192228,-0.012025073172451578,-0.6006543100412858,0.5216001037978432,0.13671043536501837
0.08626145932522279,0.4486647790666136,0.21955382720727143,0.24491037976300561,0.22524330901851555,0.24919451088207933,0.10774441646379634,0.2599084127252924,-0.027137655027469416,0.22062949189530295,0.23232152741070816,0.17869817332945906,0.07282682713345381,0.3636855822852171,1.0655468255361058,0.16484480526739062,0.22997447808149662,0.3391021628328707,-0.040855392046347735,0.2868727107264573,0.18666916839769754,0.06545552255194927,0.12408357659109524,0.10426250730623256,0.4079532392736811,0.3122838497440249,0.10828426876976464,0.2209137342526885,0.31023131706513923,0.2275094530479596,0.23724047916752966,0.04106962489091036,0.08620460601280606,0.29093109941001083,0.1977427947785663,0.17519161029187563,0.23899812642719925,0.11260335913507062,0.010990223698290466,0.05669873118220747,0.17507768628312914,0.19485759341050313,0.2729696402293065,0.029196782125237956,0.005111797658937279,0.14944283568785652,0.2807820145852754,0.005667791759323241,0.015591596357459816,0.17990949534943082,0.027732200391292684,0.06600452457308897,-0.17074136268704404,-0.08864324136223517,-0.11701385359651671,0.06766605975942415,-0.4222452105278177,0.2738915056035254,0.1575873458618708
0.05551816768414652,0.12452868890476769,0.22929364000934832,0.2694277752466542,0.30761545187966377,0.302614449838609,0.309197946150391,0.2946220641039479,0.32850348562193593,0.18614362586546965,0.27852335741107936,0.32978817628505563,0.2691066697132187,0.4915124511453232,0.16484480526739062,0.8064322182566641,0.2884495021412381,0.17351142912125947,0.27935390589326636,0.16060664106943698,0.22164432697861922,0.5407344541034139,0.14123051080675583,0.24163032745708155,0.31866986266083774,0.4912966791967681,0.25049665448153013,0.22490280030516344,0.2728147358016486,0.2653151235526559,0.17715170068298725,0.2707826616161749,0.1032281026719543,0.3030659103871006,0.399615224429979,0.2307082320704466,0.13770616748736594,0.2928262191929062,0.09176608379069386,0.1228322214608838,0.22849953337271522,0.2379157191910724,0.3998485355215846,0.11850025522927893,-0.02796682821788718,0.10167322181260482,0.22421549899062754,-0.026550231090073876,0.5431944343668441,-0.0024818546454820943,-0.04809932222771857,-0.02462841876090689,0.0420370691758904,0.013736968802911994,0.020382546983343894,-0.02731516850316904,-0.46234587985885023,0.22254034357224814,0.15123352098121512
0.060631836000851,0.23421416820374333,0.33144240599260727,0.1372710647153454,0.11167948061605822,0.2560644873999606,0.24094783797282643,0.2794047845892783,0.29043471232209034,0.17350437933545168,0.3257291907541035,0.2995265742063618,0.2000590997570654,0.32308100901168124,0.22997447808149662,0.2884495021412381,0.9294246122148465,0.20442790179238943,0.3316620436953057,0.29015934776310254,0.3850920405931965,0.28646103148002466,-0.018271715945666577,0.2738725165447064,0.2710901589439238,0.38893047804868713,0.22537702557479258,0.6170090811794151,0.12973183388194237,0.28344950901229155,0.38832987049411827,0.20131577298510434,0.3758411329275722,0.14931740803922547,0.49179750098090136,0.32318309475082296,0.5463675005276969,0.42166598581149356,0.22785262965511877,0.10664965047284734,0.3799446993074567,0.4379572556181933,0.23185867103704996,0.11027929461379539,0.43888633778848596,0.20077963040887994,0.2647389988319542,0.004729146107424824,0.05457698013220477,0.3480322478957636,-0.013107166498430502,0.011666798379484434,-0.3130730055703351,-0.05559708843037533,-0.43108290716042624,0.022838727825975985,-0.26999333230199535,0.41370055747522694,-0.11941687718338007
0.08398958404302206,0.3048871205582405,0.2940677618882484,0.27153481102723637,0.24663274769343838,0.32910975316794966,0.21676366007340042,0.36418129570954644,0.18004493472378882,0.2429076908152998,0.23322460921773794,0.17193738052489968,0.17917423964799192,0.17217840409497803,0.3391021628328707,0.17351142912125947,0.20442790179238943,0.891812726512149,0.1305306091650258,0.06210161653310579,0.2345670932585305,0.19529170039856675,0.3010507806910803,0.11017885276827119,0.39458104590491316,0.49366663672211897,0.09713124897251177,0.22175992055500074,0.23330034463555202,0.05423719889115039,0.4988805335428655,0.16239100943761808,0.13961802536136939,0.3407183331181255,0.12952298227839826,0.23209845919886027,0.2626987968908364,0.2333940005798256,0.007317027538755456,0.07846270874856572,0.1710838860216137,0.21026849980696813,0.3529188640853524,0.0852483798217632,0.05331720044701144,0.19508282209399042,0.46821893853769964,-0.009879601352600464,-0.18011599937594783,0.15736170106264274,0.09426262611105117,0.04580121013458317,-0.24060789621599155,-0.12727166216074645,0.04333012578959969,0.04720942759894775,-0.2285590493195433,0.09319118635093039,0.04115159764776977
0.10317711520439436,-0.25758302435439884,0.505571679564278,-0.0028202913652046998,0.029989788915914768,0.3331872186296393,0.3126006653018848,0.2899106345239782,0.5413160023639284,0.22189611873239307,0.1860513986893767,0.23561373669913527,0.3020492674943426,0.20093432899815802,-0.040855392046347735,0.27935390589326636,0.3316620436953057,0.1305306091650258,2.320263010504819,0.32221163240336714,0.32781992157184126,0.4282938883060416,-0.28688135955242106,0.2529274556457366,0.23857664491420597,0.39452760160564826,0.20758831094903554,0.49571445575712936,-0.03052178340137033,0.3347343552965789,0.4732012961107287,0.2852509128135351,0.5053039926120543,0.08458495428527293,0.2171918550492841,0.18410162069842764,0.34834191783367435,0.5845526597675814,0.33971163401072035,0.08813000223912537,0.3915857835385572,0.2514296661783691,0.5307470693064007,0.0823157414211773,0.0860928805328963,0.40290287867338465,0.2399053507893161,0.02402887967126601,0.08148789915607657,0.5241683971334636,-0.14561006501974766,0.2044224048190501,-0.33168192010655156,-0.16318496202767782,-0.0023577055385644455,0.10832018333070198,-0.12115353180310515,0.776604391842927,-0.7534622727110604
0.043346205939903786,0.1885464626260937,0.2410488166214079,0.1777049294896056,0.18730168146110565,0.26995306517713746,0.18702187950041088,0.2534067539616822,0.17720680831790786,0.10022486893718771,0.2692501643998276,0.20637939510555492,0.1551226889406422,0.19398993139452583,0.2868727107264573,0.16060664106943698,0.29015934776310254,0.06210161653310579,0.32221163240336714,1.5005154191036054,0.15669076555938202,0.1613117823859033,0.07305591623365044,0.24869514954865937,0.27689625719392547,0.16504584721333893,0.2891653719781282,0.24839113393892837,0.43210856396920816,0.27517412309424466,0.20211531075677006,0.14827255996523872,0.26367956461741,0.28873092670807016,0.014731643210988453,0.12880992789650625,0.798447913538522,0.41561047456338784,0.4457243379727039,0.2457957571779333,0.24330198171788006,0.17496769691200723,0.42132586032932345,0.005166577120141334,0.6081565764240144,0.2601105393598734,0.1805558363622384,0.037778794914816186,0.6561230717192679,0.10890986369799333,-0.10136441287181873,0.2880954099837016,-0.1097004451186451,-0.07109472427606861,-0.04597866710776045,-0.016082029013823333,-0.11614961834714196,0.2665343636361982,-0.1471748025913948
0.04402226392901465,0.17355155982486667,0.2573433302306202,0.15596261937708505,0.16015783727400904,0.26278586754602995,0.22935908724794238,0.24392170549151912,0.2776055393635194,0.12447297994818628,0.22806388371645492,0.21594565810658015,0.16745620378545978,0.2676638497610392,0.18666916839769754,0.22164432697861922,0.3850920405931965,0.2345670932585305,0.32781992157184126,0.15669076555938202,0.6974654067162888,0.2620688943505705,0.18217659516107043,0.26639287974807874,0.2207154091501056,0.2554727043462108,0.15811918634393166,0.26785681806509953,0.17085559552170881,0.4181286845547282,0.3143390448523203,0.1631852036946956,0.3178468062307328,0.19978190344884186,0.22564764814800753,0.36937955770408826,0.5047933201557323,0.4029548627514213,0.2865483299559438,0.2301836102109106,0.44668266872470747,0.5770933085849638,0.3799762210541556,0.12730763167653503,0.34418562369189004,0.19337637390075033,0.340739163420434,0.013875260170043254,0.10474167924762828,0.12066580323449635,-0.024963383565603875,-0.11290562895133825,0.032375450756308585,-0.044491527570355564,-0.04973771873500093,-0.0052604714688288656,-0.3056233209538407,0.24938184018723586,0.10467283334797771
0.058882651225275834,0.10980634981342183,0.396472220400204,0.18290557131116497,0.2285892164380746,0.3121779582834135,0.39536051858711424,0.16900512323384462,0.6686118547714199,0.21804045508680384,0.2414195025885911,0.2985730350292187,0.2475870009891196,0.41564459122642256,0.06545552255194927,0.5407344541034139,0.28646103148002466,0.19529170039856675,0.4282938883060416,0.1613117823859033,0.2620688943505705,0.8263472992272068,0.16519871538404413,0.26183884733150015,0.23032754157559368,0.4528045275542727,0.24257729451645896,0.23856487131780302,0.23674806675785134,0.27428306940845076,0.20442931703750525,0.2979583358630633,0.2513229483506758,0.22662154571176443,0.2536838621450794,0.3133756955457786,0.22575315871267226,0.3807337668148746,0.19192299087778722,0.13148507526430886,0.3207491049199223,0.26331908116945785,0.398603230126232,0.13720791156680495,-0.04845037955068044,0.20062385495350069,0.23891039893427743,-0.05977628847078064,0.49280734239146967,0.0491619326151835,-0.050239533922227984,-0.04083231857603674,0.034804169651881274,-0.002094105718065326,0.11134943349032088,0.05139537986212617,-0.37392944973585085,0.01359980873608997,0.12085215790232794
-0.003128566052734199,-0.13113763414943594,0.12517874845249552,0.21055596959174794,0.22457439326482354,0.11128432611790512,0.15282202855845445,0.12010743993518429,0.1232748575671924,0.2052637007658703,0.12015789700692961,0.15205654528171103,0.12251685168160185,0.21805299630117436,0.12408357659109524,0.14123051080675583,-0.018271715945666577,0.3010507806910803,-0.28688135955242106,0.07305591623365044,0.18217659516107043,0.16519871538404413,1.8593835747325385,0.3656960404120126,0.13470782312475202,-0.4187077537704571,0.06463910099041183,-0.33426331349457544,0.9268513857179456,0.5146967164128899,-0.7280307665392719,-0.007802987903099184,-0.0639497942553802,0.5160859399957696,-0.3696892097069566,0.5196600835336306,0.6590245656052388,-0.21464276151861372,0.6941976883169683,0.17304014049214267,0.2827470129902086,0.1920786923316912,0.10523025575973761,0.21387324595936733,0.2260955963958804,0.15804597201102458,0.4182461895307279,-0.040125212312556786,0.4039460491493109,-0.21211467896862768,-0.043525149932085415,-0.16850855246612187,0.289428613033489,0.0053439026574707916,-0.06257320177547156,-0.07611514763810151,-0.12325578670487766,-0.19428945233240924,0.4230752661688431
0.04453361574898294,0.06513360988978005,0.21496146167579494,0.12956728271574008,0.1557000138837197,0.18630356247546084,0.18016447963039653,0.16092290863263123,0.23734606792295013,0.15261818793091886,0.19262302216799906,0.19412226233107988,0.19158352688518984,0.24836364140622894,0.10426250730623256,0.24163032745708155,0.2738725165447064,0.11017885276827119,0.2529274556457366,0.24869514954865937,0.26639287974807874,0.26183884733150015,0.3656960404120126,0.7474460526944572,0.08787911648525705,0.1344059583054573,0.20193084168848896,0.29698842117821983,0.25334715806416924,0.5686405462759156,0.2040692465288078,0.28618733130113877,0.5861366638996087,0.22865182051079844,0.19490803612365803,0.4449377645630224,0.5604389030357105,0.3606850634161871,0.26098420146914697,0.0912695740942989,0.48040825913944407,0.2871867659595735,0.24320196348518872,0.1511943236921877,-0.056610695137005215,0.21631150512961062,0.34973068768496535,-0.0005075532771576913,0.26793664448491417,0.03158495754697658,-0.09657152946912664,-0.1046205141978516,0.16808408124262103,-0.05177822665837792,-0.19174254987482642,-0.21226978836096408,-0.004080446493757498,0.062123227635080616,0.37304139743211434
0.051015868411253724,0.33116405542823096,0.2744453178782568,0.2720462128843733,0.266407907070596,0.36110326220219163,0.24201916116712918,0.3425397780745473,0.17715703036364383,0.19903580731569262,0.2733132366873554,0.2725238136144906,0.22923014732667174,0.5015021889532963,0.4079532392736811,0.31866986266083774,0.2710901589439238,0.39458104590491316,0.23857664491420597,0.27689625719392547,0.2207154091501056,0.23032754157559368,0.13470782312475202,0.08787911648525705,2.2054750805247862,0.4262304071883648,0.20286631931808213,0.12592942152665326,1.063418593719743,0.1667743062707294,0.5962701848770107,0.15587441363881113,-0.16417394854258222,0.659190468812296,0.38050533659900243,0.2780076012970659,0.26441365140575945,0.27501823825921673,0.10141649667816907,0.10698644951647716,-0.01977991760512996,0.22899262517428914,0.43967922978147955,0.050617522908921075,0.34490285246447205,0.3139833178050721,0.29981711051325044,-0.08500153783614117,-0.31295543088803424,0.06444742412135432,0.01550979613094075,0.06159988774540098,-0.02751765737977697,-0.05148837911911499,-0.10808189142221349,-0.03603907187873697,-0.42442857177910953,0.27083804804527334,0.16947960304375137
0.05258531171325341,0.048467880290547105,0.3539184676070379,0.31232017127909817,0.40332297998259514,0.504116162092943,0.36998972684202625,0.6043894977195412,0.43712663975872695,0.1941213328126001,0.353688349382092,0.3576563477152454,0.3013780331156119,0.4562780528350998,0.3122838497440249,0.4912966791967681,0.38893047804868713,0.49366663672211897,0.39452760160564826,0.16504584721333893,0.2554727043462108,0.4528045275542727,-0.4187077537704571,0.1344059583054573,0.4262304071883648,2.9233234579967387,0.2980467946537943,0.5532857933115674,-0.3186025006736674,-0.22916122852144272,0.9563039372438432,0.5626429301609189,0.12432486904456964,0.3358814591121395,0.9785827616509738,0.09249649188874458,-0.7635745825016027,0.6142873701644006,-1.1495497155675611,0.08312865420346364,0.3165656848220217,0.2794578500663196,0.7398337703824274,0.067320703779013,-0.8235199552460556,0.0541028568955411,0.14090650416512207,0.04696584992319511,0.8626321718828627,0.3056901698927569,-0.02445384392790831,-0.24619772083770491,-0.23430305157436873,-0.044971145466551,0.3327491156222028,-0.028633680707595307,-0.672704382123513,0.5642994152141011,-0.1588266454005161
0.04886683435002445,0.2013141480756686,0.20640709083047093,0.13245932700972052,0.14038983754080264,0.20750215629733273,0.1959685744147336,0.215891186018856,0.20639219652463356,0.17149638276038773,0.21778195486632904,0.2430665242107097,0.19615391626399942,0.18239501983567996,0.10828426876976464,0.25049665448153013,0.22537702557479258,0.09713124897251177,0.20758831094903554,0.2891653719781282,0.15811918634393166,0.24257729451645896,0.06463910099041183,0.20193084168848896,0.20286631931808213,0.2980467946537943,0.8604536932740132,0.21728749843211637,0.14821243209688884,0.1756840881884837,0.2014996514420716,0.23314714447187293,0.18221253201455578,0.19248510008999942,0.2792860435410217,0.22061313945413194,0.24122896174730804,0.31057488133131317,0.14137728508599717,0.12839498755210102,0.24881650094321756,0.18173146987506972,0.25833630811089886,0.04964475319431485,0.05962673290118984,0.1748006788327084,0.14681573329465503,-0.005262885805886907,0.5011515923453779,-0.019251107177725137,-0.04556840904830535,0.04671603436382691,0.04859448447631487,0.009545735124893448,0.03038656608490308,-0.0193416740267727,-0.08502726196771436,-0.03699336358455226,0.06767649056458272
0.06343113061214393,0.2406665557769588,0.3198957035809754,0.05320722232898077,-0.007471204433357817,0.16895139435594902,0.17424840892288299,0.17288572618571715,0.28124322613618324,0.12835495667970764,0.2196507753315496,0.17315286519160827,0.1582534486492941,0.21852660470680285,0.2209137342526885,0.22490280030516344,0.6170090811794151,0.22175992055500074,0.49571445575712936,0.24839113393892837,0.26785681806509953,0.23856487131780302,-0.33426331349457544,0.29698842117821983,0.12592942152665326,0.5532857933115674,0.21728749843211637,1.3868058002270107,-0.2528016491644636,0.25360407150781805,0.6830113692425354,0.1768268208550355,0.814905768067098,-0.1450453066710267,0.8930412100282996,0.13180505950339483,0.45019411882231825,0.5042140622413803,0.011837792298520075,0.12109109346367364,0.3674811042434743,0.2776860079962417,0.4264440018329996,0.15933073193019523,-0.0159325046433215,0.10418332300397094,0.24987845911424478,0.05577183265395108,-0.13316372773645202,0.533366360539905,-0.043311068444136736,0.5159019940357863,-0.9299238214609484,-0.10710951768546803,0.09055662154552005,0.04908467492662373,-0.2542340598539509,0.14442904128303105,0.18293854174385862
-0.02131826286207039,0.35751225164452977,0.2822046816710994,0.2826165094524855,0.3200642838490346,0.3242118126137309,0.2287557747375024,0.233331167397357,0.12193497116105154,0.24240581739561678,0.2317161120429862,0.2745512803462736,0.21624603833903686,0.3412112423012377,0.31023131706513923,0.2728147358016486,0.12973183388194237,0.23330034463555202,-0.03052178340137033,0.43210856396920816,0.17085559552170881,0.23674806675785134,0.9268513857179456,0.25334715806416924,1.063418593719743,-0.3186025006736674,0.14821243209688884,-0.2528016491644636,3.1104090827795186,0.21515481292773658,-0.7282930787242596,0.08177490838577853,-0.6344086874906285,1.1463403419638611,-0.0784383864364051,0.5729913045845373,0.6616614761341564,-0.45313363464478423,0.5848824266881348,0.07628952926341967,-0.10642579498685852,0.1685649641040761,-0.06392354828229345,-0.0675839782108629,0.5374532421154514,0.16115376011858976,0.2764435352454227,-0.13515194938605934,1.3326086606302885,0.34203885434125014,-0.2505175710919657,-0.005169486794642289,-0.1599038944296616,0.06047413491012833,-0.23841183214785316,-0.19728719790297602,-0.2991026051402073,-0.3399420687857779,0.8569295898859136
0.11280169939690934,0.027243892376309833,0.07913852730622246,0.05000783659961013,0.03247028341372803,0.08967952450625202,0.17658186086255015,0.14456803595759782,0.2231671283650928,0.16046161815378668,0.1878263112092076,0.19652933992783436,0.15977950737247484,0.3490362637203535,0.2275094530479596,0.2653151235526559,0.28344950901229155,0.05423719889115039,0.3347343552965789,0.27517412309424466,0.4181286845547282,0.27428306940845076,0.5146967164128899,0.5686405462759156,0.1667743062707294,-0.22916122852144272,0.1756840881884837,0.25360407150781805,0.21515481292773658,2.533173735968786,-0.0184718864371266,0.16192049301612155,0.5298162657235862,-0.08981354929535865,0.23146354032838837,0.5120135396518964,0.7941508524059944,0.5619675597940688,0.5486291224414084,0.21612739345637813,0.8163016238780323,0.43327827426285287,1.0530791529002892,0.3010328089568709,0.3346819835901485,0.15674065197546322,1.2501918799550245,0.012255857051056468,0.01775034632534094,-0.030502001886044832,-0.08565150944489792,-0.3089164030416496,0.32663427165515113,0.07401208418568046,-0.12439674010845339,0.03095818282160904,-0.16477858972352166,1.5893867149922,-1.2401221532632463
0.10256481846592173,0.26111449616123655,0.2766014348151656,0.15728912725799632,0.128813355995335,0.3005574852505045,0.17864560438784866,0.28533447011339647,0.23064988753408935,0.12132924450755901,0.23799477656624382,0.14695397845901112,0.16920654084252454,0.13142204930181578,0.23724047916752966,0.17715170068298725,0.38832987049411827,0.4988805335428655,0.4732012961107287,0.20211531075677006,0.3143390448523203,0.20442931703750525,-0.7280307665392719,0.2040692465288078,0.5962701848770107,0.9563039372438432,0.2014996514420716,0.6830113692425354,-0.7282930787242596,-0.0184718864371266,2.2111418595082597,0.36404477091371806,0.7447698569964131,0.01414076765099929,0.5279985583895963,0.2512632176745523,-0.05179276689023177,0.8812621650750978,-0.4802686448812143,0.051999047640437314,0.3223878889099565,0.295990955532655,0.47961360285722004,0.11696493594224744,-0.2506316315617511,0.29860849719127713,0.25193247752270703,0.009021512561823318,-1.0026724033814343,0.26741930692999355,0.04502980593290311,0.15538286978750973,-0.24520578770532162,-0.1668758478316262,0.08157340812545755,-0.025960286982440076,-0.11451654744388162,0.0989917488155798,0.07076678276068397
0.0638831445049217,0.06873430588496916,0.1726110443547377,0.14561135025188324,0.18389201261427288,0.22031047323802172,0.21354411462179085,0.17449008819533435,0.2552063522177451,0.16634963833193966,0.19440983085455246,0.21771100474620614,0.21060448111095278,0.1578329634064656,0.04106962489091036,0.2707826616161749,0.20131577298510434,0.16239100943761808,0.2852509128135351,0.14827255996523872,0.1631852036946956,0.2979583358630633,-0.007802987903099184,0.28618733130113877,0.15587441363881113,0.5626429301609189,0.23314714447187293,0.1768268208550355,0.08177490838577853,0.16192049301612155,0.36404477091371806,0.6975074133987267,0.16716353519665275,0.27915814392308314,0.2905606371702899,0.19496863405897286,-0.11826749477980975,0.3733350720153931,0.005916896517554885,0.070561570201035,0.16774479273669068,0.1613177884462042,0.19566121211015214,0.09825616183738929,-0.13754521670273182,0.16190298387396396,0.1811675990670944,-0.02033086440662214,0.29808318393801786,-0.01692245978890922,-0.0016284294926661865,-0.055512781477125926,0.053567487375585345,-0.03178789495836359,-0.14954351759458945,-0.01875106900366839,0.3348021832191526,-0.015839901613130078,-0.24567930950198336
0.10918671336520827,0.09676869097505131,0.2970191442695114,0.058132539134573585,-0.018042207646983787,0.13078623964529587,0.16679148449832423,0.06371174395905482,0.364454130592062,0.09223348221729454,0.1431815887336115,0.10823719718550084,0.13406014225744095,0.12168008901330812,0.08620460601280606,0.1032281026719543,0.3758411329275722,0.13961802536136939,0.5053039926120543,0.26367956461741,0.3178468062307328,0.2513229483506758,-0.0639497942553802,0.5861366638996087,-0.16417394854258222,0.12432486904456964,0.18221253201455578,0.814905768067098,-0.6344086874906285,0.5298162657235862,0.7447698569964131,0.16716353519665275,2.1560780010004206,-0.5994389364577929,-0.3240976524859829,0.26504894732752093,0.8668715807711205,0.6513886318717008,0.15672585471461242,0.024842334458379866,0.7555554010954794,0.31802876938412894,0.2793697193927856,0.2068591067927424,-0.44417552308400277,0.42968751331369937,0.3359771499889657,0.05754313422188361,-0.7770099459847101,0.17207475875420034,-0.07299444031734373,-0.01913823482895942,0.04869043319796781,-0.20779007437346717,0.12288592435012362,0.03535725252132535,-0.126986023783392,-0.17965076606937821,0.4343087558717515
-0.09579294389805108,0.19192638715780153,0.20618755168589728,0.2992662041608233,0.3866371762259149,0.3166630720685225,0.2464644196356933,0.3082377462222109,0.10405104900784669,0.30750615608918813,0.2515793997724834,0.2707091282929079,0.23033018918872492,0.28758968830672926,0.29093109941001083,0.3030659103871006,0.14931740803922547,0.3407183331181255,0.08458495428527293,0.28873092670807016,0.19978190344884186,0.22662154571176443,0.5160859399957696,0.22865182051079844,0.659190468812296,0.3358814591121395,0.19248510008999942,-0.1450453066710267,1.1463403419638611,-0.08981354929535865,0.01414076765099929,0.27915814392308314,-0.5994389364577929,1.7675874480038505,0.3413100939394029,0.19348026410383823,0.5776953604631146,-0.09279521762682771,0.1333151495028579,-0.008144719812782277,-0.11774783080819992,0.23341624164734404,0.30368304832028253,0.08099957844045821,0.21069285230578944,0.0460660342629599,0.17658029852908935,-0.013330548042198118,1.1134129405628712,0.12845375170875314,-0.11193023854519052,-0.0401541969368074,0.0034249446061825396,-0.026430881064874887,-0.1696090007651299,-0.07583845110431685,-0.20523357578509197,-0.25200836649569386,0.5696894308251716
