0.9650244404863775,0.2515932755994365,0.35981213140793045,0.06311249607753176,0.2701647530838104,0.16585050154310294,0.2527771183991592,0.211925440923559,0.10708912400858607,0.15585350780276752,0.1600591214026784,0.16666152721069086,0.1678184120244758,0.12586989461273435,0.1483480974173575,0.1352138251520298,0.10066141257337623,0.20446569026030365,0.1376538376360131,0.08596235952382328,0.1489715522445015,0.22977956287604226,0.14612431004129559,0.052051457940329185,0.15315642737742932,0.11792862755139889,0.10257444056014559,-0.0029689958464010836,0.24258622088556558,0.036034162902897966,0.09204184703222032,0.07399549961630893,0.05138631961513243,-0.012774211814500606,0.1985383925119547,0.12423242933860726,0.0977130220000745,0.08638493964316364,0.16995614179862678,0.04218941884233707,0.10746485862855373,0.08308613737048566,0.1409865580748084,0.040839609732541755,0.1036050400570925,0.19110489918413778,0.12440226549784722,-0.06846066811935295,0.06084077276752262,0.053547793840116514,-0.03437288638540591,-0.06892185303610712,0.032542635357898475,-0.008390101519951716,0.1339421150105524,-0.006523586669005996,-0.1535201439350258,0.11642652595164978,-0.15487142532166454
0.2515932755994365,1.867483335947817,0.6915842208235635,0.07778267128353014,0.08165316299666249,0.3381197654626148,0.1427611608564447,0.24747782888004766,0.11622884336194012,0.22377356304892074,0.21904909482526544,0.18844684170670373,0.22556122533124887,0.1170958068050066,0.23853658918003437,0.1373809643357308,0.19753037201333218,0.32417453570314403,0.15230686749179667,0.23963831954426118,0.29204380965786614,0.1866270386827847,0.09159940260315153,0.08500671465301315,0.16987409035203058,0.18321805146123496,0.03458525985573582,0.1565983734869235,0.420985498069954,0.07196198836799948,0.11818473881998871,0.08224992455076538,0.031700960106423356,0.2872359489342648,0.23646450962462337,0.13839650877271178,0.41490944937149016,0.16168137552278108,0.21592944944585946,0.027981125083581946,0.15768033081851326,0.17770359953726683,0.23494382895221322,0.06490239944226328,0.3207040714330126,0.20348071033621895,0.22730305031056708,-0.02753259539668197,-0.08089431845025316,0.04360884804389857,0.11832316949907247,0.0660667921868106,-0.1324701137039779,-0.06817281819163494,-0.35856231722904924,-0.16730514925817788,-0.4165713485273365,0.3668454551311466,0.23515898381903222
0.35981213140793045,0.6915842208235635,1.740827938618196,0.07276751471120993,-0.18161612719625866,0.3735005094606523,0.22979492649503286,0.18764337412566134,0.31216562156608524,0.24401107699598756,0.2715699788662748,0.22924625798576412,0.20216344821624962,0.1141420976530203,0.2715832717574616,0.12750114982196364,0.2353603570863202,0.2627343709055256,0.2091177693515839,0.17855241642092587,0.2748300346698492,0.30272371031784323,0.0888639004280472,0.08265125813686339,0.18054459461092187,0.1584627269732551,0.08385111122008754,0.2330926067434299,0.45752152986341393,-0.20989690937898497,0.1444717803063416,0.155281105097377,0.009605330023901976,0.31098369599515197,0.4171380020816221,0.3193170616256669,0.24183425400591962,0.11130359516345455,0.18161635441244486,-0.15069615916346069,0.16139051297736884,0.22070278726501136,0.14298197471216095,0.0629515133364502,0.29287462176301854,0.3555870947609642,0.08689276708852854,-0.14833221981404845,-0.2028434818107478,-0.012963907239059706,0.047719472053640334,0.14619862368121117,-0.052907884692323576,-0.09829042330753969,0.08989414819606378,0.002640328873645914,-0.10466381719278517,0.14139799672547382,-0.2193933947372948
0.06311249607753176,0.07778267128353014,0.07276751471120993,1.219394120404343,0.43497229545971877,0.23302175248483,0.32450307229514586,0.3206789104262971,0.12343600374670269,0.24308494444093343,0.24834174135777243,0.2975784597221822,0.2858024778380164,0.19157065767857215,0.14221604645812994,0.25657903472608146,0.27745134229923474,0.20653341719246046,0.16025208625032278,0.19640207913523905,0.14719148282407135,0.179285066662082,0.15972693887839812,0.163845460884645,0.16269315766125314,0.2771271315333008,-0.02280419085432301,-0.04239069354240642,0.23603835295894948,0.14371497395213453,0.1258044116105962,0.19386541734930351,0.0010645498304969476,0.46374244456958486,-0.24533569559953333,0.11699858179324012,0.26612984594723443,0.12928980951888777,0.23084023710589854,0.0561100702106361,0.08459132029975737,0.06583923548651138,0.17440308746016148,0.043267199452029156,0.020590190205961378,0.1190180506697499,0.19497608130956612,-0.010921448584564484,0.010522986810996662,0.16437745850440347,-0.029149923658237903,-0.13736536582423012,0.01592795205345212,-0.03689474342323712,-0.14246598721308454,-0.11804279928931109,-0.24110977039876946,0.18773992720016375,0.1084432871168105
0.2701647530838104,0.08165316299666249,-0.18161612719625866,0.43497229545971877,1.2570739086509675,0.14447573833824284,0.2374195946405241,0.2707446939396461,0.08059036115962434,0.20123508507565935,0.1956990725367483,0.26274336241950863,0.35228955536697926,0.1999660462066655,0.21437526046557726,0.33699688655181687,0.1925131656770504,0.2566980128779513,0.3246515336653108,0.15520630082056064,0.1063563852754471,0.2415553894126043,0.23265565575764938,0.199175499505016,0.12725802901866826,0.25742740701401284,-0.0962734382195237,-0.06328894069344375,0.2940732037759673,0.22976421215828735,0.16918312466612295,0.1999948250599282,0.08932195895575692,0.3192862008486139,-0.29020917627123993,0.22339716030565643,0.2776823088176514,0.14980707882798175,0.22655586128736913,0.10288080746843052,0.19384922677584163,0.1265965298836469,0.07094147904319516,0.03921308160258136,-0.137926588400159,0.16226548401942847,0.24441182314464807,-0.02206922910904104,0.049835035409381855,0.35420807881557226,-0.12297459525740714,-0.2561198078176494,-0.013431220470918211,-0.043987101549187974,-0.2760154983748542,-0.09988772642918785,-0.37937134835122327,-0.1679747338813186,0.6475077221202835
0.16585050154310294,0.3381197654626148,0.3735005094606523,0.23302175248483,0.14447573833824284,0.7778076818452166,0.1905186604909374,0.2376213192563034,0.1919391384432191,0.17733181212725027,0.22334428206273543,0.21109231174960483,0.2245298461012798,0.09166021469200894,0.16377443588850224,0.1431318177287971,0.21969365976907426,0.22662427427371098,0.31556723977141427,0.2527254026966675,0.13932331215889793,0.23848829123572537,0.14197145497888902,0.1034254141718249,0.16479662377358914,0.2680530922425376,0.1273259354414517,0.07658438618481372,0.3893076587463368,-0.06210004603442157,0.10775083608462785,0.20654550898071852,-0.07955785561664049,0.4097673235633707,0.13241872156132803,0.04993135957795527,0.18420220319902408,0.14030846673471467,0.18860201028592508,0.09014517302530643,-0.052758148520721485,0.09114159905767115,0.313947088139043,0.07144087278291553,0.15453280495506985,0.14941899187735277,0.1358818287981861,-0.05654993666396756,0.17280956749630688,0.10723504825738006,-0.06766766200839947,0.013291346427601812,-0.07825076563496891,-0.014107370965861836,-0.1485075965554275,-0.036767760927395594,-0.15259095949171436,0.2804223266706609,-0.11467587076105512
0.2527771183991592,0.1427611608564447,0.22979492649503286,0.32450307229514586,0.2374195946405241,0.1905186604909374,0.6877714788509005,0.21647658295473216,0.2596815725823561,0.1812899876013297,0.25536972847741585,0.3340088612554174,0.27196132208420093,0.17077429082364248,0.16912784667625935,0.23332215280429436,0.27522821585995677,0.19235505936407785,0.08455219729603926,0.11447735221141846,0.16300775005107615,0.2344405869734961,0.12605715793876193,0.12905319959078743,0.17045293572005804,0.29078789003498035,0.061514164910526206,0.043721716189363456,0.1733369894731935,-0.00024558047797146066,0.11488826781508357,0.159092320892925,0.033127931733195906,0.3423612047479879,0.21817370030917485,0.11046917677521649,0.22943503330221426,0.06605271308348433,0.23968699995552084,0.09167193484112066,0.05784944220749733,0.1603347455746318,0.1955248110605587,0.05510306877997568,0.11352797989785603,0.13513835463856788,0.06716987941078713,-0.011220530543644025,0.2115604652000263,0.11607159707695523,-0.037280147871633335,-0.16232560898511197,0.08382151116211004,-0.015324201071651937,0.05457043297804869,0.0575028819945463,-0.19708691699941225,0.47009543471601883,-0.5483739294113725
0.211925440923559,0.24747782888004766,0.18764337412566134,0.3206789104262971,0.2707446939396461,0.2376213192563034,0.21647658295473216,0.9988834409087841,-0.10577471940014281,0.20787423141978684,0.3209525265525333,0.19842664966906812,0.3271964814236895,0.19508664448903212,0.18669004487371327,0.24935246047180343,0.3633747262525538,0.3309796684880032,0.2077006219632766,0.3219871075643996,0.1573488313886541,0.28402442365400526,0.2444993883186352,0.18074101947399612,0.32403364136307833,0.40079620146043987,0.31621929397347354,-0.12501811430819337,0.1646920939370987,0.14394758422093334,0.11842909945107148,0.164456122188136,0.15921308436361842,0.29075441215605546,0.34136439042361993,-0.013821459492290031,0.3246109388865618,0.1928104312592229,0.30150377506042136,0.17435923489469335,0.034058334807562374,0.09094192746820452,0.4778510935400807,0.04775481615042794,0.20780025218659326,0.23799296283326918,0.29195911535638586,0.0017735835990361258,0.4426464726280504,0.23562803446693964,0.011103378465238076,-0.06412539375460663,-0.02902661584043161,-0.12280210041920793,-0.271403312778389,-0.14374048844213966,-0.15075680943532088,0.47727042793167507,-0.12338145099275818
0.10708912400858607,0.11622884336194012,0.31216562156608524,0.12343600374670269,0.08059036115962434,0.1919391384432191,0.2596815725823561,-0.10577471940014281,0.7355206138555687,0.07987349543788964,0.16693560424807963,0.237243029340065,0.15682408843338377,0.2220173355984708,0.1548540592043489,0.1550293206158633,0.199179599698784,0.09083189607569324,0.09393754542642187,0.12205350351567505,0.15598745951272183,0.17204846844535238,0.03279384565755904,0.08308334578029503,0.05821044511106929,0.1926216846961502,0.03188060676742021,0.1814694152202425,0.11519756277325184,0.009010107992700644,0.12083041697938597,0.11036013656351776,0.030901245734278056,0.18848756725655016,0.13589548999804685,0.14113479719270852,0.15285072527731486,0.06564189426384164,0.1091864418214525,-0.0021610924118524444,0.05721509744754211,0.11428716450736687,0.14434927053429514,0.04442879197720225,0.13506526809183234,0.09680106011001649,0.05641730690944546,-0.0366137517750148,0.18061360496164838,-0.0971624524652517,0.020829857835794437,0.039387691206017976,0.07036372123702002,-0.0419554797787263,0.1472300458241195,0.1775469855144483,-0.1625150815793127,0.0681764725662526,-0.1575878291907066
0.15585350780276752,0.22377356304892074,0.24401107699598756,0.24308494444093343,0.20123508507565935,0.17733181212725027,0.1812899876013297,0.20787423141978684,0.07987349543788964,0.5527628893342653,0.17542569487655316,0.14783137172893634,0.22805741724178902,0.16441190120500535,0.20782446419330178,0.19483714318989798,0.23237689925494812,0.2601856732107059,0.15165615453762957,0.16761211460834727,0.13088992389638432,0.19606304126599655,0.1401415469638723,0.11031110908550397,0.15810875245656056,0.12688964188103605,0.07033934789606418,0.08982754836021806,0.25025889204603063,0.19575685186355365,0.16419844776381273,0.09755984715419216,0.042578832506388775,0.33525529339178467,0.07103230366773676,0.24242695625175706,0.30553041701208555,0.12853367100530516,0.1845888710027263,-0.0033406550491475603,0.19463776020550325,0.10749659654334183,0.19966039965751223,0.04531402484960265,0.04518819604054512,0.15544847022446812,0.27265716324129985,-0.0601968137565567,-0.026091910168611166,0.07616385345392547,-0.02303559678082561,0.00046148119727163606,-0.014794919850657092,-0.07308430641728517,0.10560973691794844,-0.04019872715455747,-0.208053694475249,0.04011886716883026,0.0957359660962972
0.1600591214026784,0.21904909482526544,0.2715699788662748,0.24834174135777243,0.1956990725367483,0.22334428206273543,0.25536972847741585,0.3209525265525333,0.16693560424807963,0.17542569487655316,0.4989069603281526,0.28962989515385745,0.3560715420067502,0.18892956633221883,0.24863553760545581,0.22426202740520462,0.3191153751068043,0.20596809029341498,0.13637392090696954,0.3236584198052096,0.16506333254460748,0.2411349788457733,0.10146097469959632,0.17219995169777327,0.17724789463524007,0.2943389646165359,0.07056894585224156,0.010268305083110217,0.28332680061434445,0.11252173365671073,0.1568560766140253,0.19480568176375967,0.03217715253276126,0.2834370867238685,0.22265046491526871,0.1530768750284352,0.176088932048678,0.1664574175737706,0.20940687503664898,0.10712667690014345,0.11548615081867421,0.11193342680219982,0.17544495661276133,0.048867133672975176,0.10335380617693721,0.1487981814272123,0.198765549645441,-0.03902064884978067,0.04435720598229752,0.019809132670135742,-0.008338337242528282,-0.07360863317260465,0.023943368523395712,0.0056799825992169374,-0.13369721091962583,-0.03220921534157281,-0.242312621097624,0.040967460760326625,0.1551393946227504
0.16666152721069086,0.18844684170670373,0.22924625798576412,0.2975784597221822,0.26274336241950863,0.21109231174960483,0.3340088612554174,0.19842664966906812,0.237243029340065,0.14783137172893634,0.28962989515385745,0.6832850413358285,0.2426889927878426,0.18648808736997735,0.27334439850894376,0.2562443627335281,0.3122969767365245,0.1942593622001854,0.13310104600939066,0.2658812516999493,0.15381825822159584,0.2093897761615231,0.14017374053271014,0.2007603600778072,0.21419931891203278,0.3021655849692934,0.08850798288798886,-0.15843833151547895,0.289407180460032,0.0750141906159677,0.12247185023795801,0.22867477108058723,0.027607398194919332,0.3484678187964768,0.2793887611416926,0.056117038730897545,0.12912964623984663,0.12345712188594528,0.2546340000529044,0.154599770021028,0.0232787651617007,0.09793986269467174,0.13498285032939727,0.036784201758306004,0.14782019589751952,0.12570341802479554,0.17557901065096423,0.016805745919445295,0.24354664452605532,0.09919568623934867,-0.0057852909736236255,-0.14887431770659648,0.0047270378650940996,-0.006595175955818442,-0.1803321523574668,0.07109558374025578,-0.2507277694761359,0.07611830912051719,-0.06619881366123025
0.1678184120244758,0.22556122533124887,0.20216344821624962,0.2858024778380164,0.35228955536697926,0.2245298461012798,0.27196132208420093,0.3271964814236895,0.15682408843338377,0.22805741724178902,0.3560715420067502,0.2426889927878426,0.6765279702797914,0.22918889429076938,0.1498200966242222,0.33045273715938644,0.3462682791818874,0.23137138056497186,0.2085935811137379,0.2877585140167793,0.16523873432308414,0.3896793077628137,0.1013086336465701,0.19690180990320896,0.16931693567902273,0.25127625686389904,0.11197423136981599,0.04973803577964975,0.4270294481507539,0.06030911729909674,0.15818772375232104,0.26199161312527997,0.1094044314845463,0.34629025959782794,0.14088675824664473,0.1933858276133868,0.2094701823228275,0.16479245898060052,0.24799029400172207,0.11921959783831121,0.21355629261686154,0.10348655120383245,0.11545217501252261,0.06399605723675356,-0.10897026674530694,0.18092550990004527,0.18867255754587467,-0.0208979838393629,0.23925553022512933,0.20293767902753593,-0.023466373785063166,-0.10306837407989612,-0.060815036307547365,-0.075246973190527,-0.24241721147802828,-0.0847444221718662,-0.28746668093404926,-0.546276062908861,0.8674541529239199
0.12586989461273435,0.1170958068050066,0.1141420976530203,0.19157065767857215,0.1999660462066655,0.09166021469200894,0.17077429082364248,0.19508664448903212,0.2220173355984708,0.16441190120500535,0.18892956633221883,0.18648808736997735,0.22918889429076938,0.4768754347549594,0.16244180610781614,0.2608782379341998,0.18614707674213052,0.10771601125749632,0.13085724716412167,0.20240370767114166,0.12225097383033037,0.2010897943605081,0.07749495219887534,0.1225779842139679,0.13209380572555182,0.17654071181235803,0.07639627628031835,0.08028691300161916,0.21155739918701907,0.21917649686481147,0.11725456878603623,0.1371025150357168,0.11893223900675731,0.08062123354722374,0.14535869937124477,0.13260174147877057,0.15441072575105994,0.1158674225913497,0.13597218883529633,0.09968437580695383,0.17392474923260254,0.10222642755155789,0.15498096495187483,0.061729896053510945,0.04483901900335881,0.08936645690182998,0.20032928230036828,-0.026037947766282956,0.293227485678543,-0.01865863330923913,0.006609630614566154,-0.11890267241779992,0.005609952045037787,0.06371641256940712,-0.21327149306158805,0.003424568956411513,-0.23677402492039332,-0.06693616800881051,0.45447200282787603
0.1483480974173575,0.23853658918003437,0.2715832717574616,0.14221604645812994,0.21437526046557726,0.16377443588850224,0.16912784667625935,0.18669004487371327,0.1548540592043489,0.20782446419330178,0.24863553760545581,0.27334439850894376,0.1498200966242222,0.16244180610781614,0.6599105593417619,0.17583740806523707,0.19579299750142007,0.2413296929000296,0.1879225396232921,0.17357212873516584,0.18904708628288258,0.10736380040278891,0.05092617895684908,0.1342585412014994,0.24152840483467342,0.2120193453854049,0.054871132529797785,0.14636217788574613,0.1943516885865432,0.31472620779577737,0.18861664532544933,0.0980913629767676,0.1065655229456964,0.177461220852755,0.18224972202687661,0.2297537599311593,0.3472892664597536,0.1415519537583615,0.20143696465841585,-0.003529827569907101,0.18206589519259136,0.20007244191657608,0.10149614868008475,0.03644674782297636,0.18989082238748692,0.21935084619532855,0.3002552061659261,-0.07702781818951797,-0.25097652051071734,0.21024882189678548,-0.06164194728724088,0.03470656205144403,-0.10828645785114943,-0.062230930614156466,0.021130541469701867,0.029268730287905886,-0.34052487681070653,0.2936595912809225,-0.040486491212839225
0.1352138251520298,0.1373809643357308,0.12750114982196364,0.25657903472608146,0.33699688655181687,0.1431318177287971,0.23332215280429436,0.24935246047180343,0.1550293206158633,0.19483714318989798,0.22426202740520462,0.2562443627335281,0.33045273715938644,0.2608782379341998,0.17583740806523707,0.5630064632344902,0.2720987050502059,0.22429876825699838,0.21080491945794977,0.18997542946554608,0.14079284782913043,0.24799059577521876,0.10924711679007158,0.1786134613790827,0.20454396161744556,0.18964678511763813,0.04288590346205498,0.08936439761646754,0.31095796938098524,0.17066177697135188,0.12435041891644381,0.22706016659807857,0.11206169066023487,0.25203317365638733,0.23142725014105303,0.1807714650339393,0.1643902453334396,0.13787941959097297,0.23850396285865066,0.11453883605444588,0.19056022699262645,0.11319983628373682,0.19666615106990573,0.08148999800983239,0.07134361303209442,0.13621143554175527,0.23133503995090549,-0.042571098701615136,0.07626672213240802,0.07390559149835313,-0.000980504659083115,-0.08597196596473614,-0.029334021936378837,-0.03570456530254304,-0.18220013063287507,-0.02341607754924009,-0.2706192198405976,-0.22623098184431317,0.5527870099070805
0.10066141257337623,0.19753037201333218,0.2353603570863202,0.27745134229923474,0.1925131656770504,0.21969365976907426,0.27522821585995677,0.3633747262525538,0.199179599698784,0.23237689925494812,0.3191153751068043,0.3122969767365245,0.3462682791818874,0.18614707674213052,0.19579299750142007,0.2720987050502059,0.934753060449237,0.17032028647641914,0.1811632324798659,0.3846431083233651,0.24805037332701732,0.3684287394819687,0.026656903327914063,0.1545016763807652,0.22953499702742847,0.14856062811090082,0.13102400401099984,0.2089892001418766,0.4221542970362641,-0.002410839310771543,0.19418105165958477,0.19099767523764447,0.11758693338640645,0.30249921458266243,0.24397891110163786,0.22129914613926843,0.34437561182297177,0.22053668306163624,0.45080091553273494,0.14342251789172838,0.21626588399183744,0.08926509930672966,0.13990327870934793,0.07586453272341993,0.23808068944186142,0.21773610751682917,0.17390595286328625,-0.04894104059816706,0.41221278373582076,0.3333374477795988,0.023456673549853646,-0.12575786505219777,-0.09196380532027941,-0.08998078393152838,-0.1042810328400074,-0.038217889768884336,-0.2443246653269011,-0.044855572061479415,0.406459891475905
0.20446569026030365,0.32417453570314403,0.2627343709055256,0.20653341719246046,0.2566980128779513,0.22662427427371098,0.19235505936407785,0.3309796684880032,0.09083189607569324,0.2601856732107059,0.20596809029341498,0.1942593622001854,0.23137138056497186,0.10771601125749632,0.2413296929000296,0.22429876825699838,0.17032028647641914,0.9575610117425992,0.21365100799274506,-0.07799915725933335,0.270765180498909,0.37577837294739935,0.29540658408708087,0.13883169511056337,0.2052129411700615,0.16191125006763796,0.028782291281865036,0.18120517928368254,0.3654963719108768,0.046790161613942644,0.3026760708699639,0.12015114344827534,0.17414786784602465,0.30491602437497944,0.19578324291058746,0.3179604641424007,0.4154158135993515,0.10384390534170337,0.28837844582420596,0.08878896700171328,0.18096359413662852,0.16815660523960102,0.31373448390903813,0.036201416190079584,0.25058911034464026,0.279695064910184,0.4657757572772893,-0.17365718903600644,-0.22335512908759922,0.24251362755679218,0.11447886152487172,0.016706265377777113,-0.2889764717588321,-0.13860304248915134,-0.07560448248754058,-0.04257839380046313,-0.22027219705611129,0.2089345873255776,-0.0626883925066037
0.1376538376360131,0.15230686749179667,0.2091177693515839,0.16025208625032278,0.3246515336653108,0.31556723977141427,0.08455219729603926,0.2077006219632766,0.09393754542642187,0.15165615453762957,0.13637392090696954,0.13310104600939066,0.2085935811137379,0.13085724716412167,0.1879225396232921,0.21080491945794977,0.1811632324798659,0.21365100799274506,0.6964717142864878,0.09699966863095799,0.17020233093662188,0.24045447567810802,0.0992647850902607,0.09918240500947098,0.10483309186693403,0.12773204777184669,0.06409316432485127,0.15290653870582605,0.2225957094042459,0.11629681761082566,0.15049859205863242,0.14838118909680148,0.02188171747030706,0.2027103574893026,0.051954589588482,0.21772312908724434,0.13374759871137074,0.14038181793197685,0.18638394883910966,0.06287322862764079,0.14114460907903523,0.11912086206276733,0.12393835919883342,0.03142025772082742,0.12561079242392126,0.21666047705625227,0.1466968584805157,-0.09262655224643526,-0.04164114105991787,0.1306707486163398,0.08952090783574523,0.15205403392321343,-0.1845727133770766,-0.08458480214335642,-0.09224709833316201,-0.038361832214333806,-0.1881620938788425,-0.01559393275558208,0.27141430440834935
0.08596235952382328,0.23963831954426118,0.17855241642092587,0.19640207913523905,0.15520630082056064,0.2527254026966675,0.11447735221141846,0.3219871075643996,0.12205350351567505,0.16761211460834727,0.3236584198052096,0.2658812516999493,0.2877585140167793,0.20240370767114166,0.17357212873516584,0.18997542946554608,0.3846431083233651,-0.07799915725933335,0.09699966863095799,1.1985876918433263,0.028685885251615688,0.23718983098841007,0.007314851441739539,0.2835583567511771,0.20951170208998862,0.37297800574165796,0.3255301581556898,0.009914818860392095,0.2416057209649241,0.3245043590545191,0.12898206196103829,0.27724228519297567,0.16505248805738543,0.2218596334852317,0.09496716845219468,-0.030233444961110568,0.3438613345926097,0.46751745139362144,0.11637874860685077,0.1425450386927321,0.07393171046088176,0.05864920977639715,0.6838210759203539,0.053727681628913226,0.3532535783608531,0.1209431137340484,0.11816683116366113,0.1070400736799514,0.7210171135988247,-0.1060898658904043,-0.08535473933871114,-0.062313649965486065,0.2094483316629525,-0.03261096918565596,-0.22039547105409127,-0.019607829894073774,-0.10714226542451288,-0.14212211604799008,0.36988349495968526
0.1489715522445015,0.29204380965786614,0.2748300346698492,0.14719148282407135,0.1063563852754471,0.13932331215889793,0.16300775005107615,0.1573488313886541,0.15598745951272183,0.13088992389638432,0.16506333254460748,0.15381825822159584,0.16523873432308414,0.12225097383033037,0.18904708628288258,0.14079284782913043,0.24805037332701732,0.270765180498909,0.17020233093662188,0.028685885251615688,0.7687917437697316,0.21795390046244312,0.12277251291820375,0.11363271831936751,0.11029246596615741,-0.010483270827473403,-0.05217853086509844,0.22866161206967625,0.24616836513476975,0.26039404021101537,0.21686628788586323,0.1129670435750967,0.024099908086750114,0.06823574004918448,0.3147263754431769,0.283665999117245,0.2963086126140663,0.11370197177030462,0.4399259045543839,0.09299760462674511,0.2889101277199994,0.21254043136485676,0.06305124802632926,0.09563668215302698,0.5774109137241572,0.17783376167085513,0.3027418741803746,-0.06813452061346043,-0.1550874207314067,0.16322353799113704,0.08369147390961656,-0.027964758419994507,-0.11356700021384362,-0.05512623639193539,-0.019025177216465267,-0.04470286575467649,-0.2524033155565079,0.13816123740169406,0.1086770178789779
0.22977956287604226,0.1866270386827847,0.30272371031784323,0.179285066662082,0.2415553894126043,0.23848829123572537,0.2344405869734961,0.28402442365400526,0.17204846844535238,0.19606304126599655,0.2411349788457733,0.2093897761615231,0.3896793077628137,0.2010897943605081,0.10736380040278891,0.24799059577521876,0.3684287394819687,0.37577837294739935,0.24045447567810802,0.23718983098841007,0.21795390046244312,1.619343469760516,0.3568498085661073,0.34417498781052386,0.21297044633973697,0.09077357162706821,0.4900948341460825,0.1922430807713258,0.6739778170575522,0.07093009452599709,0.2567788304101752,0.3657868737036716,0.38787108066801446,0.09630987405534917,0.21600405414626733,0.6391285870518477,0.12827637823322222,0.21637048322658836,0.32658108325912444,0.1440225124703959,0.2762061930824655,0.23479981727639354,0.18096417716544932,0.08442340879820454,-0.1361515832240318,0.6161387965864457,0.25454710708143996,-0.6239460981960058,0.7537582902139383,0.17922989746528348,-0.012403667745891234,-0.26257423919858885,-0.041531572341506014,-0.06272230883279199,-0.15550794859883696,0.025240212277907337,-0.13612665256564688,-0.3691079211113141,0.49703006386180143
0.14612431004129559,0.09159940260315153,0.0888639004280472,0.15972693887839812,0.23265565575764938,0.14197145497888902,0.12605715793876193,0.2444993883186352,0.03279384565755904,0.1401415469638723,0.10146097469959632,0.14017374053271014,0.1013086336465701,0.07749495219887534,0.05092617895684908,0.10924711679007158,0.026656903327914063,0.29540658408708087,0.0992647850902607,0.007314851441739539,0.12277251291820375,0.3568498085661073,1.3342714523374295,0.22847791914563076,0.31156065912577463,0.023777203997191118,-0.12221528965265377,-0.5371293831942582,0.49938984150695903,0.3206596404160897,-0.0026618370100739996,0.07888923888249569,0.06735987258339067,0.2770040111148154,0.017025488314015385,0.4673997405479857,-0.06367825262681158,-0.04035371516843209,0.23635375155270053,-0.0065208858913965015,0.09765092442520182,-0.04532413495437974,0.11867758786754787,0.1171879721067038,-0.31824808232352275,0.26784037452890913,0.32797521299020094,-0.2315091246977751,-0.08232549219438222,0.02666829295001936,0.03669140705159206,-0.1775664303425091,0.07906989401707994,-0.05008483799612654,-0.007411236007455558,-0.04285529929226426,-0.19291664988698926,0.34390084433026874,-0.238019081927383
0.052051457940329185,0.08500671465301315,0.08265125813686339,0.163845460884645,0.199175499505016,0.1034254141718249,0.12905319959078743,0.18074101947399612,0.08308334578029503,0.11031110908550397,0.17219995169777327,0.2007603600778072,0.19690180990320896,0.1225779842139679,0.1342585412014994,0.1786134613790827,0.1545016763807652,0.13883169511056337,0.09918240500947098,0.2835583567511771,0.11363271831936751,0.34417498781052386,0.22847791914563076,0.6870760291542328,0.2562502389398913,0.2074346838449852,0.07544135384615899,0.041735629357280604,0.1096720919204828,0.6043309456492371,0.22137353314149352,0.41891008859834356,0.5305510054338104,-0.017350456800446914,0.0716470831093742,0.2045114059308255,0.2039746125301406,0.19822647349129896,0.1831091021035938,0.07536520358935124,-0.0013725744086550498,0.09601019729150606,0.2031122445692278,0.058792374116800904,0.09976229361889631,0.23381762544074666,0.3780330327275844,-0.049470431809166486,0.3029008022199461,0.059341271070225535,0.0033898652894744185,-0.20390121913493237,0.0777947502940116,-0.046183561735775265,-0.16703798961621943,-0.05103252569309784,0.03149979843324313,-0.05097076132537352,0.06261661752706935
0.15315642737742932,0.16987409035203058,0.18054459461092187,0.16269315766125314,0.12725802901866826,0.16479662377358914,0.17045293572005804,0.32403364136307833,0.05821044511106929,0.15810875245656056,0.17724789463524007,0.21419931891203278,0.16931693567902273,0.13209380572555182,0.24152840483467342,0.20454396161744556,0.22953499702742847,0.2052129411700615,0.10483309186693403,0.20951170208998862,0.11029246596615741,0.21297044633973697,0.31156065912577463,0.2562502389398913,1.0050406757414472,0.18185491688301533,0.3512767202364434,-0.05082013590982169,0.2692031233162909,0.37550531362462064,0.02900380551338601,0.13220647385658896,0.2719750540671873,0.31545092590787,0.32934876269985797,0.12458463488841652,0.41594973267425417,0.15205239909093687,0.23150818143508978,0.024083706716134884,0.06181135107480297,0.15287347634525264,0.3311959328560705,0.09339747736702224,0.14438890458217427,0.28005166176159374,0.3147790959659683,-0.04752096058064752,-0.1118417173193571,0.01784519917129858,-0.026814946301766594,-0.08775536864721704,0.08139488344451798,-0.08458842013095651,0.009102333148256899,-0.05340575576287887,-0.15453546978270533,0.18740969404506844,-0.06618384114082276
0.11792862755139889,0.18321805146123496,0.1584627269732551,0.2771271315333008,0.25742740701401284,0.2680530922425376,0.29078789003498035,0.40079620146043987,0.1926216846961502,0.12688964188103605,0.2943389646165359,0.3021655849692934,0.25127625686389904,0.17654071181235803,0.2120193453854049,0.18964678511763813,0.14856062811090082,0.16191125006763796,0.12773204777184669,0.37297800574165796,-0.010483270827473403,0.09077357162706821,0.023777203997191118,0.2074346838449852,0.18185491688301533,1.475684271925269,-0.2733780084123979,-0.10371724672669673,-0.48885033442788983,0.2885260462032644,0.07789889698797006,0.2752844253482122,0.012468271634918284,0.3371183522511341,0.20039909901332087,-0.22203390095888198,0.1377631822775789,0.2512174850086309,-0.4771490116873781,0.09526391017783523,-0.15742674037253362,0.20531213877437668,0.690637155094526,-0.05338931000511194,0.5181504578926885,0.07920430008364479,0.18412331696254158,0.06059134709776724,0.08932249486604825,-0.07871344877829749,0.0017607676114209053,-0.19850908510571647,0.02828858988138796,-0.0015819312591142493,-0.15839084850708926,-0.0265108158634699,-0.2057400814328045,0.763469531352259,-0.601719907093796
0.10257444056014559,0.03458525985573582,0.08385111122008754,-0.02280419085432301,-0.0962734382195237,0.1273259354414517,0.061514164910526206,0.31621929397347354,0.03188060676742021,0.07033934789606418,0.07056894585224156,0.08850798288798886,0.11197423136981599,0.07639627628031835,0.054871132529797785,0.04288590346205498,0.13102400401099984,0.028782291281865036,0.06409316432485127,0.3255301581556898,-0.05217853086509844,0.4900948341460825,-0.12221528965265377,0.07544135384615899,0.3512767202364434,-0.2733780084123979,3.365275138347583,0.6497536088757988,-0.12119816054284821,-0.42752429320149443,0.23854752941024507,0.07372924018370976,0.7262902529368096,-0.07080288257522234,0.4656359742767774,0.13587818079756317,0.3611489286211302,0.13938110145721586,0.27529432106732676,0.27888422503416943,0.2839191796878882,0.2248584718737688,0.18033024851741175,0.09206696562450531,-0.3865041621077133,0.3076999143194321,-0.1960664619282759,0.2109427308840192,1.9757671110790687,-0.04058424648883425,-0.18239053858671211,0.4289811945202056,0.06520514489839281,-0.14771610100771165,-0.2227984219113619,0.13350328514301749,0.3506625339827133,-1.002885121205165,0.7760788602245791
-0.0029689958464010836,0.1565983734869235,0.2330926067434299,-0.04239069354240642,-0.06328894069344375,0.07658438618481372,0.043721716189363456,-0.12501811430819337,0.1814694152202425,0.08982754836021806,0.010268305083110217,-0.15843833151547895,0.04973803577964975,0.08028691300161916,0.14636217788574613,0.08936439761646754,0.2089892001418766,0.18120517928368254,0.15290653870582605,0.009914818860392095,0.22866161206967625,0.1922430807713258,-0.5371293831942582,0.041735629357280604,-0.05082013590982169,-0.10371724672669673,0.6497536088757988,1.848056206255482,-0.06997669908873434,-0.15311446112130433,0.38163035505657783,0.07870650380726184,0.3456155260033952,-0.09367270668712054,0.15270589033211138,0.6397111284499875,0.518041349797714,0.12531041781772959,0.130575082943847,-0.019969117175481565,0.6092259738760458,0.4179952306436225,-0.158396208565032,0.15773400928613596,0.12320069327355414,0.01949346571158345,-0.018503021393422466,0.013334563072702034,0.04008646865324559,-0.035230401899007134,-0.0630739865574015,0.6113979207931136,-0.42802810933156676,-0.04833694343412214,0.06321611218426353,0.056309867278221064,0.05497636524118289,-0.2419171656385027,0.3124121895173104
0.24258622088556558,0.420985498069954,0.45752152986341393,0.23603835295894948,0.2940732037759673,0.3893076587463368,0.1733369894731935,0.1646920939370987,0.11519756277325184,0.25025889204603063,0.28332680061434445,0.289407180460032,0.4270294481507539,0.21155739918701907,0.1943516885865432,0.31095796938098524,0.4221542970362641,0.3654963719108768,0.2225957094042459,0.2416057209649241,0.24616836513476975,0.6739778170575522,0.49938984150695903,0.1096720919204828,0.2692031233162909,-0.48885033442788983,-0.12119816054284821,-0.06997669908873434,3.600869914163695,-0.5927195168231153,0.024870771311310134,0.31116281879297397,-0.1172081807494131,0.543165545338848,-0.1768281756908878,0.8931598878728203,-0.27756638669079625,0.03190850057172668,0.652012443335706,0.1387375188826393,0.8130305221374206,-0.036016231046133315,-0.2870413777845758,-0.012419169491571413,-0.8768279067579833,0.29172340729801205,0.07114473083702094,-0.25840979086960164,0.8663869782103752,0.7866854227237698,-0.3389953389443983,-0.0312903582197685,-0.38299224784659197,-0.010855871897641613,-0.3309864451406169,0.0010232770511275418,-0.3329140518065376,-0.47033298917724475,0.8379806444993388
0.036034162902897966,0.07196198836799948,-0.20989690937898497,0.14371497395213453,0.22976421215828735,-0.06210004603442157,-0.00024558047797146066,0.14394758422093334,0.009010107992700644,0.19575685186355365,0.11252173365671073,0.0750141906159677,0.06030911729909674,0.21917649686481147,0.31472620779577737,0.17066177697135188,-0.002410839310771543,0.046790161613942644,0.11629681761082566,0.3245043590545191,0.26039404021101537,0.07093009452599709,0.3206596404160897,0.6043309456492371,0.37550531362462064,0.2885260462032644,-0.42752429320149443,-0.15311446112130433,-0.5927195168231153,3.2074721788824343,0.33865684131749324,0.04990709862839091,0.1630358173774806,-0.18782716740303387,-0.056414951306221484,0.2424045220543019,0.7719486865030233,0.33428994267895185,0.4043544897846542,-0.08718612623976311,0.2670067919710371,0.12057454290558003,0.7118438349305036,0.08240800198304227,0.8859662116235003,0.2282896037937369,1.401944696040833,-0.09755787786727974,-0.4947081502399996,0.044234971584251076,-0.014502187532222061,-0.4859940109762483,0.21356921034805487,0.05389883300743687,0.2083496584993174,-0.22292364656692837,-0.5261703008905884,1.3763110789399116,-0.7508013595617445
0.09204184703222032,0.11818473881998871,0.1444717803063416,0.1258044116105962,0.16918312466612295,0.10775083608462785,0.11488826781508357,0.11842909945107148,0.12083041697938597,0.16419844776381273,0.1568560766140253,0.12247185023795801,0.15818772375232104,0.11725456878603623,0.18861664532544933,0.12435041891644381,0.19418105165958477,0.3026760708699639,0.15049859205863242,0.12898206196103829,0.21686628788586323,0.2567788304101752,-0.0026618370100739996,0.22137353314149352,0.02900380551338601,0.07789889698797006,0.23854752941024507,0.38163035505657783,0.024870771311310134,0.33865684131749324,0.933691893359003,0.14776398168398727,0.20469185573792373,0.12450945179451912,0.0693572180548052,0.4727930635703185,0.5080665674408367,0.21501166169629155,0.30258948297253235,0.03331887453126813,0.29821441193865894,0.22339786142707974,0.07053544818686044,0.05370020666600285,0.2961307010444374,0.24240130049234915,0.3362832383880282,-0.10739824576451308,-0.2547490810685629,0.2466196259379646,-0.033307503173422855,0.08728748770392654,-0.16971208402854607,-0.05995733126481996,0.07207054177796184,-0.0016874222528981608,-0.010855090339439419,-0.16977931116982262,0.13138077182789346
0.07399549961630893,0.08224992455076538,0.155281105097377,0.19386541734930351,0.1999948250599282,0.20654550898071852,0.159092320892925,0.164456122188136,0.11036013656351776,0.09755984715419216,0.19480568176375967,0.22867477108058723,0.26199161312527997,0.1371025150357168,0.0980913629767676,0.22706016659807857,0.19099767523764447,0.12015114344827534,0.14838118909680148,0.27724228519297567,0.1129670435750967,0.3657868737036716,0.07888923888249569,0.41891008859834356,0.13220647385658896,0.2752844253482122,0.07372924018370976,0.07870650380726184,0.31116281879297397,0.04990709862839091,0.14776398168398727,0.8821114066441196,0.0350159642114531,0.13681898384181382,0.04114905130621572,0.23940106761676339,-0.13570583393271138,0.19871230866223943,0.09441224653822931,0.136597858318135,0.07601303977308953,0.04783733379493623,0.14551344879041664,0.009519865003156514,0.06276213457435216,0.22597473271367732,0.125573627957094,-0.13019742942009077,0.2144639949477845,0.027087096006846837,0.040798936939589296,-0.13520715193051075,0.03965642040437298,-0.0011080405102069323,-0.26923210620429705,-0.018254051846404093,0.3070720167959063,-0.5251226876148448,0.30721189870871846
0.05138631961513243,0.031700960106423356,0.009605330023901976,0.0010645498304969476,0.08932195895575692,-0.07955785561664049,0.033127931733195906,0.15921308436361842,0.030901245734278056,0.042578832506388775,0.03217715253276126,0.027607398194919332,0.1094044314845463,0.11893223900675731,0.1065655229456964,0.11206169066023487,0.11758693338640645,0.17414786784602465,0.02188171747030706,0.16505248805738543,0.024099908086750114,0.38787108066801446,0.06735987258339067,0.5305510054338104,0.2719750540671873,0.012468271634918284,0.7262902529368096,0.3456155260033952,-0.1172081807494131,0.1630358173774806,0.20469185573792373,0.0350159642114531,1.817065581918391,-0.3605355079385522,0.19737450713618473,-0.02675082255455794,0.5169875737989104,0.1373326564364272,0.09061841947463596,0.023738587589523144,-0.319188567349929,0.19039926360447867,0.03238520306827268,0.12026025943727706,-0.19397287244599698,0.23187848227169622,0.24493054590482924,0.13921327932610766,0.7230002139028024,0.15685715940543812,-0.029008507844327052,-0.12941714020396936,0.0008353188678868,-0.1727195148322888,0.04671168603038933,-0.020880569222638194,-0.06747763709517059,-0.2777317302028956,0.3215528383194074
-0.012774211814500606,0.2872359489342648,0.31098369599515197,0.46374244456958486,0.3192862008486139,0.4097673235633707,0.3423612047479879,0.29075441215605546,0.18848756725655016,0.33525529339178467,0.2834370867238685,0.3484678187964768,0.34629025959782794,0.08062123354722374,0.177461220852755,0.25203317365638733,0.30249921458266243,0.30491602437497944,0.2027103574893026,0.2218596334852317,0.06823574004918448,0.09630987405534917,0.2770040111148154,-0.017350456800446914,0.31545092590787,0.3371183522511341,-0.07080288257522234,-0.09367270668712054,0.543165545338848,-0.18782716740303387,0.12450945179451912,0.13681898384181382,-0.3605355079385522,2.0806025067342797,-0.09833471643044979,0.11685286012184432,0.7547742081092744,0.09445990910629821,0.19948831444876694,-0.1257592266831018,0.07265986817666707,0.21214746550832436,0.32241036557745617,0.08682162870666993,-0.2563146446122543,-0.034438029309533595,0.12195516976980028,0.033941888930526284,-0.1954950264500791,0.07631117212848691,-0.10818594311998057,-0.0189145593280155,0.054959336838636755,-0.0972801823695803,-0.2214068967369582,-0.03433806384390181,-0.4454854434889366,0.31918759333384406,0.03068726488170792
