1.1852805786606542,0.5699032384716172,0.35889200060558785,-0.06015276411137501,0.29210771424357906,0.22048821260038423,0.29911127786374386,0.24065053548435314,0.1283813364441408,0.1867176512490601,0.20490282519160263,0.19595335524194818,0.19734283790685755,0.21943065179586146,0.2075738903704566,0.19536718655954252,0.1856906054117671,0.20335727338905843,0.05123148149635372,0.18350561555599457,0.24109916170912057,0.16774222732943372,0.12649143325850012,0.05931833890212201,0.21070964159135716,0.1763993736093707,0.16428556196769614,0.11703700195561542,0.23987770250086896,-0.0023504252904258346,0.1626670912727567,0.09939904804639857,0.0863070234555666,0.04221072463274074,0.18885323282132757,0.18963550809403798,0.1308827817367517,0.14358340402138486,0.17481425889302232,0.1469665835801003,0.19807011136537075,0.20286678478493278,0.20571584130644702,0.03803171136070924,0.15960226532044114,0.3069077193758068,0.2744321277864872,0.014674051897583133,0.2461186793438077
0.5699032384716172,4.748717591731018,0.5409543412140967,-0.6734583336939084,0.1902783322826748,0.4926697599952748,-0.01810048325298428,0.015021165937470304,0.1146815866030744,0.15367452615346,0.09370990672103596,0.11105031328310919,0.09491428113810343,0.07776544224236273,0.037439299613963514,0.055253340463792426,0.02412629289522756,0.12426381737376699,-0.25701366626366645,0.300691804117725,0.3767776282573634,0.07828550596476556,-0.014536383164238074,-0.05020401201841379,0.05961531024994264,0.15135939829550843,0.1170682895132934,0.11795474063463145,0.16227400115307672,-0.3236278776750993,0.13524999636015445,0.10553217488464596,-0.03764588868818545,0.1217759859303254,0.2724830622283665,0.07068277038659104,0.1467365089442496,0.2037179634794864,-0.007343004906656899,0.14167565852499145,0.15553602977506487,0.2620117677040551,0.22799285047404333,0.014802009104252629,0.33438482719670626,0.1882572376012653,0.39758214168337475,0.06314866720218604,0.12154936167127753
0.35889200060558785,0.5409543412140967,2.711942249332995,0.22333085848998566,-0.004910694473127817,0.6405037535889424,0.1274406028109473,0.3106982745421517,0.23960001246133744,0.521233673142585,0.4256683775861287,0.4300236920995288,0.4405413683067067,0.38014197969624874,0.36355692649112903,0.4236763112548227,0.5350914209297366,0.2766487238313541,0.28119715675678253,0.38498598146173707,0.4198553535257541,0.3627094562243407,0.12948215338898578,0.23150019691684712,0.3661987937718165,0.3323390267500103,0.3790591084140256,0.3645173321723249,0.5274621819841286,-0.4541053267271265,0.31114405268072043,0.3304234855933684,0.23921392176084852,0.41633156681167616,0.47696032654162823,0.5033679436288174,0.4433553607401548,0.3143612844755956,0.19422904590921491,0.1159781089932608,0.4894943915102149,0.398076587370075,0.3407255698937658,0.1001962771613448,0.3216851650144731,0.7924554103808412,0.7236262560380959,0.005787319241278558,0.6146342508009057
-0.06015276411137501,-0.6734583336939084,0.22333085848998566,3.0347278494295757,0.6128698368121739,0.46595600292231937,0.7217257791491212,0.8468051914629591,0.36844515382186244,0.5359435074878023,0.4397580392765892,0.5511610440729767,0.40662853861723136,0.6402684544461483,0.3388264176327332,0.5814394301836299,0.5783528202889363,0.3234964831086337,0.15057081515612367,0.3622959267839524,0.32879186365329827,0.438359506611306,0.4025309097245363,0.426907376793701,0.4107272255776033,0.4873383780624532,0.3977981097356087,-0.04344326524136474,0.5176005101954612,0.18878401807778064,0.2597813201653868,0.4685117319722845,0.25885315199037895,0.556095267784125,-0.34076020879064783,0.36083702666240003,0.4162251459963627,0.24709690681653687,0.3515552163421644,0.17184558388212373,0.3234164548104473,0.3308363324777631,0.40245426312455124,0.04031826386760546,0.0487102391837113,0.5018848346526643,0.7654474338757273,-0.06936966020605181,0.5014316844260209
0.29210771424357906,0.1902783322826748,-0.004910694473127817,0.6128698368121739,1.7200447565094739,0.5201592396722208,0.40860863405453374,0.5005687200148475,0.23628157431773275,0.29734529056219366,0.3659767631786631,0.4442750794280061,0.3447848181351936,0.34555801206054404,0.3217268039589704,0.3779500527763838,0.34610854342302577,0.3169566441762189,0.04475075232845052,0.29957816617496513,0.29718382944514765,0.300067833769374,0.3063265197896558,0.2666978773916668,0.30153566405646365,0.39285655097109534,0.2866137176411438,-0.05458006102517633,0.38231846761042837,-0.188915373466834,0.23217459423071837,0.4338589677404158,0.1553214432378034,0.4218222243562534,-0.24666035984045062,0.30509417019111285,0.24315389830396378,0.18944811671127967,0.196002271242973,0.12973150682436346,0.243545931349542,0.28923635452269986,0.15287163741906606,0.025835044526482585,-0.11398522621170992,0.3887765292007214,0.5596909688281141,-0.0429246093784559,0.29103730706178493
0.22048821260038423,0.4926697599952748,0.6405037535889424,0.46595600292231937,0.5201592396722208,1.0827883197278432,0.0600186135547529,0.3703227861492421,0.23311227776152818,0.27619602322962195,0.36272810584594595,0.3975229588034659,0.35855372257821094,0.436968088028498,0.23511293450820056,0.3988519754303844,0.42486303716637674,0.24053956089850848,0.16303935339356362,0.4113679037370249,0.41079570530768617,0.355691332442168,0.19723992816628047,0.23242764458109577,0.3228531388505865,0.36506341951433907,0.31957896027204186,0.10526993485217696,0.48147556393781854,-0.20050941332586042,0.22209240826391824,0.42317294643918174,0.056064718470282514,0.4773525653056214,0.1530600857716522,0.21390262366838503,0.3239577927338785,0.28613479137356684,0.20474868579616406,0.1961167205097822,0.2842903635104063,0.362832937604544,0.41308282302618426,0.0565354691268602,0.2752427004864039,0.4502751293785125,0.8499719651596447,0.1379088653201273,0.20158752371501557
0.29911127786374386,-0.01810048325298428,0.1274406028109473,0.7217257791491212,0.40860863405453374,0.0600186135547529,0.9173361171777762,0.3504114353208629,0.23001467253750243,0.29735156406147006,0.3003037207001915,0.32245007223420435,0.25847887451662366,0.16505979825909178,0.2392005007706611,0.2309266801195612,0.319558050533759,0.2663640201968112,0.07865021522841885,0.23395562204204534,0.23477878612034436,0.24803955022819738,0.2275881396063095,0.240554464152661,0.22074024780896054,0.22931085929896247,0.2336260418729436,0.05724673497183766,0.27135110115181443,0.19689407561470218,0.19613539601403565,0.22724576866444465,0.20387789300623993,0.23221784249945468,-0.04081004590149158,0.28784708055482705,0.21431318824968904,0.14730407109666552,0.25619044784825246,0.1455792822279222,0.19613798661626694,0.2161908337522657,0.20831384111920317,0.03257619001613411,0.0513869935168313,0.34304715147694037,0.17356677483466687,-0.0465431946173978,0.3624761999200025
0.24065053548435314,0.015021165937470304,0.3106982745421517,0.8468051914629591,0.5005687200148475,0.3703227861492421,0.3504114353208629,1.1559269458017984,0.16431726244931083,0.4840066688679465,0.3245199208526346,0.26192406041577726,0.3108793032443819,0.46681230346176084,0.20005513399152072,0.3659656390920196,0.4612710932892496,0.23472299602314572,0.16647156780257175,0.36954467821500625,0.2592673789310364,0.27745579967614464,0.19131302265822855,0.2141784901174368,0.3531006539542142,0.3787834108253943,0.2697057371669563,0.10689971861237559,0.41135405662904,0.12070012664753237,0.20988844923559108,0.20208355442750622,0.06853773831496542,0.42540630212108277,0.2564045345835339,0.13257716450930068,0.42335109683825195,0.21553641739920212,0.3715173878640358,0.22206034064377114,0.3558539847606355,0.2668411698254946,0.4068008598663546,0.06046954735923082,0.22772682672270822,0.3996691464039714,0.7459781006088666,0.17064793491344277,0.43939516129238915
0.1283813364441408,0.1146815866030744,0.23960001246133744,0.36844515382186244,0.23628157431773275,0.23311227776152818,0.23001467253750243,0.16431726244931083,0.8169154452294897,0.13545132396149895,0.1613943924949976,0.15901922178871722,0.15372015244285742,0.20360005835323025,0.14034325397380182,0.13034752925368723,0.17331154705669824,0.12240073306417569,-0.043952399826442994,0.1901926828520985,0.1962792274003348,0.31672731187807673,0.1955612427221616,0.22723117702318962,0.1118253781134886,0.4019207172624732,0.16398180734454917,0.05989291566482,0.19429468316203657,0.014760843466506064,0.15365550635435934,0.27757397508829734,0.15747906159811373,0.2613380456811731,0.004071001410851573,0.16925812432913218,0.20115281471063562,0.14884795623989894,0.09780026970007714,0.08788929316554356,0.19259585631986909,0.18823055613143855,0.17116724579758394,0.037660039014212894,0.02979177386695729,0.25697152116569233,0.29962751562546397,0.04659957400783444,0.722051516996796
0.1867176512490601,0.15367452615346,0.521233673142585,0.5359435074878023,0.29734529056219366,0.27619602322962195,0.29735156406147006,0.4840066688679465,0.13545132396149895,0.7800843370404863,0.2688973001916911,0.2789337732554119,0.29094436542409463,0.3058259208551749,0.2653716037690403,0.28460199392354624,0.3536067383868435,0.20068023216239975,0.10254682600717203,0.23477723022591915,0.2224261672631629,0.24341160265899514,0.20215824401012608,0.206892809592749,0.27773289880266283,0.25945212967017467,0.2352377843135532,0.11342012967799198,0.39223551294181136,0.025240658995705982,0.1732669820679658,0.2165064646567266,0.10818846500833512,0.34720430548455283,0.18006406069293399,0.24200764895892232,0.33061105927282397,0.15617373759989306,0.22570017081804816,0.14407433703952907,0.3294848741130585,0.22523566811857337,0.24081774460398545,0.053938273428296324,0.08677570961692503,0.39392825978766804,0.6132938961653532,0.037188371740373434,0.39395161514179083
0.20490282519160263,0.09370990672103596,0.4256683775861287,0.4397580392765892,0.3659767631786631,0.36272810584594595,0.3003037207001915,0.3245199208526346,0.1613943924949976,0.2688973001916911,0.60666762935287,0.3503134446946703,0.4864425987328854,0.2599295399786492,0.3322959860151448,0.3265500190168647,0.40433817670963046,0.2819870321410796,0.10213518448150624,0.3566560799119115,0.2910024170611862,0.28031729332987604,0.17939541150378716,0.24835564283320466,0.2719848083707555,0.294140434731813,0.32162794136657513,0.1744397503506922,0.399852819701927,0.033392673976797356,0.23956125151230923,0.3009827192614272,0.19689386835791417,0.3034766161553519,0.19199376102960647,0.3028256711519032,0.28730324755699943,0.21198656527736204,0.29169013019570206,0.1919869077228508,0.2997959104706072,0.289022604298082,0.3150398022032194,0.0540254538892589,0.12937335060208413,0.4614445240513338,0.46469669653885565,0.02208092315183287,0.4600086748247243
0.19595335524194818,0.11105031328310919,0.4300236920995288,0.5511610440729767,0.4442750794280061,0.3975229588034659,0.32245007223420435,0.26192406041577726,0.15901922178871722,0.2789337732554119,0.3503134446946703,0.6458474321158658,0.30278000013057044,0.2903023437784081,0.2864025304197601,0.3363669445319253,0.37900252767080067,0.3437795231286925,0.11619483978963634,0.2611903025701317,0.29167280280644453,0.24616340127436914,0.21959442660116588,0.22774680586720886,0.29287155112041724,0.29640670904061667,0.32240269869525245,0.1286541025767709,0.2915655921918282,-0.04816451588665084,0.23480462210696795,0.3238267453884172,0.19083217482908588,0.28099816758872814,0.12320371358592204,0.33209956994140344,0.17132196145175282,0.19145909197586475,0.20788813855892055,0.1707037084437109,0.22769308188751708,0.27352151472209785,0.29465905752039107,0.03724964249174968,0.1379827059831429,0.4382614565672498,0.4681417872679836,-0.007842836662574406,0.2930471537072263
0.19734283790685755,0.09491428113810343,0.4405413683067067,0.40662853861723136,0.3447848181351936,0.35855372257821094,0.25847887451662366,0.3108793032443819,0.15372015244285742,0.29094436542409463,0.4864425987328854,0.30278000013057044,0.7022124723277836,0.2869547217755168,0.2042025734492871,0.34817750207661574,0.36162229346520713,0.2765647789781805,0.16634850894345973,0.2861118609007513,0.28413845489944745,0.35101331079823245,0.17848512322354426,0.2722176684210322,0.25691816326690853,0.3005104190462687,0.3374276464188267,0.1886377355070782,0.41976468554486035,0.03164040886365392,0.21992533048569893,0.3199825735224663,0.21816920347231897,0.2920235054516535,0.21316957441156756,0.30856409778341043,0.269203934855844,0.1714674847504104,0.28891669822390803,0.17959255958631734,0.2899501228213889,0.28347557939870915,0.3222188563085286,0.06464466466919377,0.09338665066562515,0.44893139940275845,0.45057706083439875,0.014148656776904484,0.49745391608132195
0.21943065179586146,0.07776544224236273,0.38014197969624874,0.6402684544461483,0.34555801206054404,0.436968088028498,0.16505979825909178,0.46681230346176084,0.20360005835323025,0.3058259208551749,0.2599295399786492,0.2903023437784081,0.2869547217755168,0.6451576379023332,0.2888246717070274,0.4351352288694729,0.3559040590579279,0.14508452870469077,0.15911084972057715,0.2773942599419304,0.28491039767175785,0.26638790393336437,0.17347105366688695,0.24419113496130673,0.2965619843179988,0.34885070745689495,0.2591291480483822,0.16073010071543756,0.34790890955075565,0.04989644580647276,0.18348999934195018,0.28913928886820656,0.12978334151165982,0.3163560582442126,0.2294026945254073,0.22351798595746947,0.3016170576708618,0.2029422782446597,0.19835829282698733,0.16945755733313722,0.32171066848268026,0.28641077020386757,0.3212102221751571,0.052203440513814446,0.13982822805357706,0.4117289876651766,0.6182517031531858,0.08824450646483203,0.5134928802102694
0.2075738903704566,0.037439299613963514,0.36355692649112903,0.3388264176327332,0.3217268039589704,0.23511293450820056,0.2392005007706611,0.20005513399152072,0.14034325397380182,0.2653716037690403,0.3322959860151448,0.2864025304197601,0.2042025734492871,0.2888246717070274,0.9466369157955694,0.3124455653710004,0.3603626867091363,0.1737368214781437,0.12387554754340943,0.38901139380192373,0.26521099441921747,0.09770418366094717,0.13431182408517786,0.27608021758148743,0.27848895215993635,0.2056344506340239,0.262080355187498,0.24913480219841386,0.35187169803873775,0.3204184824393731,0.24829361476779652,0.25219400197597175,0.2460887493179952,0.23908292894856764,0.2325218560300798,0.35942419451793095,0.32014518039100154,0.2401686431057412,0.25251596080876965,0.18212751773402946,0.3708207477452181,0.28330766927712714,0.24591916137717026,0.04639139756330568,0.09462556409520266,0.5460782715926117,0.4489683590665616,0.025651537517649516,0.4862842806105785
0.19536718655954252,0.055253340463792426,0.4236763112548227,0.5814394301836299,0.3779500527763838,0.3988519754303844,0.2309266801195612,0.3659656390920196,0.13034752925368723,0.28460199392354624,0.3265500190168647,0.3363669445319253,0.34817750207661574,0.4351352288694729,0.3124455653710004,0.7337688405050437,0.4638531293031247,0.23675911693583213,0.20343985846643137,0.27214898685175387,0.32685899635493154,0.34695562651206996,0.1741785470917644,0.23733413602512324,0.2860849003030219,0.2697581941487392,0.33408025492956694,0.2347309418528932,0.4061772935694302,0.037327629467512814,0.22218249386246627,0.29995788084318686,0.14672380040430488,0.31807477270894713,0.3601865026641477,0.31628476446826587,0.3166470503784944,0.20371868522910436,0.26278537487358833,0.20926914062491186,0.3569524909257314,0.34106993758210585,0.3594906789868579,0.05722370658699717,0.16136170450412532,0.4654888449681027,0.569157720539761,0.03495647142058744,0.4093617244400747
0.1856906054117671,0.02412629289522756,0.5350914209297366,0.5783528202889363,0.34610854342302577,0.42486303716637674,0.319558050533759,0.4612710932892496,0.17331154705669824,0.3536067383868435,0.40433817670963046,0.37900252767080067,0.36162229346520713,0.3559040590579279,0.3603626867091363,0.4638531293031247,0.9590343517981529,0.20799863427222215,0.15730642075800655,0.4897403796704412,0.3371294252316691,0.3410214849214888,0.17269015666080512,0.2495269142352319,0.39721806461741516,0.23169733574284707,0.35434361441860646,0.2532508015642681,0.5035637821118493,0.03810355496819425,0.29364173024185847,0.2740976236722994,0.20613561057710864,0.38773526634962974,0.3217579751829674,0.3482457339904493,0.5002876575871884,0.3143768556232263,0.3602913551362696,0.24736262870165418,0.4057779822678585,0.34955612747419296,0.41367478465577284,0.06653862952005914,0.2659687803124535,0.5708937492404801,0.7538733019705844,-0.0023786730909205436,0.44029363881550065
0.20335727338905843,0.12426381737376699,0.2766487238313541,0.3234964831086337,0.3169566441762189,0.24053956089850848,0.2663640201968112,0.23472299602314572,0.12240073306417569,0.20068023216239975,0.2819870321410796,0.3437795231286925,0.2765647789781805,0.14508452870469077,0.1737368214781437,0.23675911693583213,0.20799863427222215,1.0559654426898166,0.05667596552567185,0.11155920434251537,0.27635091450339055,0.2701655085114332,0.4038947145625298,0.24965373421434345,0.2645669027546195,0.3064166842777114,0.2497871384141325,0.18521344173354762,0.25137196047224725,-0.008027395094899591,0.30720499131497897,0.23216792472960993,0.30087893698813384,0.18135719215149035,0.12443174455423714,0.3358692568674591,0.13125625841601093,0.13258941978619623,0.1648185815550903,0.1721061978661923,0.15108663204948097,0.21766172428790373,0.4483014071237065,0.05272030326248162,0.25952880701517844,0.41182737070712533,0.37978129958934115,0.004050018304072979,0.30847967358755063
0.05123148149635372,-0.25701366626366645,0.28119715675678253,0.15057081515612367,0.04475075232845052,0.16303935339356362,0.07865021522841885,0.16647156780257175,-0.043952399826442994,0.10254682600717203,0.10213518448150624,0.11619483978963634,0.16634850894345973,0.15911084972057715,0.12387554754340943,0.20343985846643137,0.15730642075800655,0.05667596552567185,1.0667904454833734,-0.014049576467541671,0.1513023221006927,0.13677943341423784,-0.1669113161133371,0.11211824497583218,0.1783326133726807,-0.024933047499918252,0.08544685761202388,0.21172082607176101,0.11592522077937224,0.3176074486164445,0.09436452017302661,0.07422660878616058,0.1546476272707184,0.04658966355944422,0.21472896367961208,0.08619807079973091,0.09325150389941346,0.018427932759279494,0.24335146417973222,0.05334372218497299,0.10740252483948254,0.12648976686635016,0.07455870301173871,0.02849887333002711,0.030200698332997444,0.2638020576237245,0.010030778407313447,0.23535594716376532,-0.24094181753948518
0.18350561555599457,0.300691804117725,0.38498598146173707,0.3622959267839524,0.29957816617496513,0.4113679037370249,0.23395562204204534,0.36954467821500625,0.1901926828520985,0.23477723022591915,0.3566560799119115,0.2611903025701317,0.2861118609007513,0.2773942599419304,0.38901139380192373,0.27214898685175387,0.4897403796704412,0.11155920434251537,-0.014049576467541671,1.368132443886983,0.218312314147059,0.08743993631799446,0.018681229994803986,0.2918248337730093,0.27575613797695675,0.22256198887136538,0.4181283140653697,0.2474908459592907,0.5202927389848475,0.44644035605049354,0.43618590117644335,0.36652668323013265,0.18705448801612054,0.47552575684679127,0.30689545813735064,0.21270895453206307,0.8301296860237856,0.7001638579275721,0.556742998192428,0.4110210769093132,0.5012777121161491,0.33646332764522285,0.817936946091672,0.05084628893480642,0.7840182585915186,0.6780774262256608,0.5835859604868647,0.33285244824334154,0.8106605605274717
0.24109916170912057,0.3767776282573634,0.4198553535257541,0.32879186365329827,0.29718382944514765,0.41079570530768617,0.23477878612034436,0.2592673789310364,0.1962792274003348,0.2224261672631629,0.2910024170611862,0.29167280280644453,0.28413845489944745,0.28491039767175785,0.26521099441921747,0.32685899635493154,0.3371294252316691,0.27635091450339055,0.1513023221006927,0.218312314147059,0.7545826633843878,0.26278847244095893,0.11085415996963041,0.13106600896616494,0.22341872484633377,0.22511960336022802,0.2430373168667294,0.25030485164335126,0.292852180816559,-0.10288395410381052,0.2313713988694733,0.2213582574570713,0.2031484727304391,0.214017896790337,0.3120330264841,0.29908672850527346,0.24118990356209213,0.2044696576315557,0.14322107159684802,0.22849599078179847,0.2754856585032277,0.5200201512304264,0.29074329989105635,0.030161455339984992,0.27411563978497394,0.4207771793895558,0.6057707617014012,0.01349734454038017,0.14712153267868122
0.16774222732943372,0.07828550596476556,0.3627094562243407,0.438359506611306,0.300067833769374,0.355691332442168,0.24803955022819738,0.27745579967614464,0.31672731187807673,0.24341160265899514,0.28031729332987604,0.24616340127436914,0.35101331079823245,0.26638790393336437,0.09770418366094717,0.34695562651206996,0.3410214849214888,0.2701655085114332,0.13677943341423784,0.08743993631799446,0.26278847244095893,0.8125343185849182,0.34454488756677654,0.2467796300901855,0.18064262085101357,0.2812209792100195,0.25657893518141245,0.08246709982729941,0.4166323466117006,-0.11559562467967262,0.16230006567142394,0.424255148373126,0.11349812880492115,0.37893140515692275,0.1283982641224028,0.28822765807642947,0.14068637427614017,0.13531210172468244,0.24805173445542786,0.1299840466549232,0.24099095555713457,0.24869585745332506,0.23904946935114776,0.07991137719602408,-0.04234774337355745,0.34705609579592,0.4520020987580576,0.007611276836189083,0.3144266133308865
0.12649143325850012,-0.014536383164238074,0.12948215338898578,0.4025309097245363,0.3063265197896558,0.19723992816628047,0.2275881396063095,0.19131302265822855,0.1955612427221616,0.20215824401012608,0.17939541150378716,0.21959442660116588,0.17848512322354426,0.17347105366688695,0.13431182408517786,0.1741785470917644,0.17269015666080512,0.4038947145625298,-0.1669113161133371,0.018681229994803986,0.11085415996963041,0.34454488756677654,1.4096479125054935,0.4137877100092989,0.32651342367418207,0.12754625008841444,0.16017590417544317,-0.06354143665749211,0.49805658390365076,0.12381591920933005,0.02861951985770928,0.2924035423698343,0.27032487620022416,0.3001409519332198,-0.17802551950732662,0.46566274101280114,0.2490162513918907,0.06165912168830885,0.2788222099469661,0.16736362079810552,0.19799001026515656,0.13975167714984718,0.236366879257202,0.1566378586340158,-0.17806912142880058,0.41092888591304527,0.5096405998653484,0.01351476763913289,0.5769200329672144
0.05931833890212201,-0.05020401201841379,0.23150019691684712,0.426907376793701,0.2666978773916668,0.23242764458109577,0.240554464152661,0.2141784901174368,0.22723117702318962,0.206892809592749,0.24835564283320466,0.22774680586720886,0.2722176684210322,0.24419113496130673,0.27608021758148743,0.23733413602512324,0.2495269142352319,0.24965373421434345,0.11211824497583218,0.2918248337730093,0.13106600896616494,0.2467796300901855,0.4137877100092989,0.8191491064242489,0.27629543315841937,0.16717020555191892,0.26605753869110993,0.2666648150232304,0.3691834258995251,0.5767760388513951,0.22551040257254384,0.5846148258320389,0.6119010537368056,0.13901878709655682,0.030406657287896408,0.669844632848642,0.2485866526419179,0.21027195729761808,0.2793327992924436,0.13196082090356043,0.24245824809906902,0.21798289802655527,0.15837218622281207,0.060407257209864465,-0.043349758398486926,0.6154834456352077,0.5072387606706379,-0.2861458298305126,1.0100439901971896
0.21070964159135716,0.05961531024994264,0.3661987937718165,0.4107272255776033,0.30153566405646365,0.3228531388505865,0.22074024780896054,0.3531006539542142,0.1118253781134886,0.27773289880266283,0.2719848083707555,0.29287155112041724,0.25691816326690853,0.2965619843179988,0.27848895215993635,0.2860849003030219,0.39721806461741516,0.2645669027546195,0.1783326133726807,0.27575613797695675,0.22341872484633377,0.18064262085101357,0.32651342367418207,0.27629543315841937,1.1248688397732904,0.197997826892684,0.2599203749577159,0.12338531566917968,0.784138159293918,0.22065407891084246,0.23212232547918457,0.289263683713998,0.10013618617241826,0.480211445638935,0.19652005170470133,0.29130484107268906,0.4628559971481896,0.20999834869390635,0.30920624784278133,0.15506734698557392,0.3300227303848836,0.23559956266590004,0.3445731978196947,0.08522201226172658,0.16718171056229592,0.5874154973079665,0.5503889741435353,-0.12445699630645796,-0.07429085500270119
0.1763993736093707,0.15135939829550843,0.3323390267500103,0.4873383780624532,0.39285655097109534,0.36506341951433907,0.22931085929896247,0.3787834108253943,0.4019207172624732,0.25945212967017467,0.294140434731813,0.29640670904061667,0.3005104190462687,0.34885070745689495,0.2056344506340239,0.2697581941487392,0.23169733574284707,0.3064166842777114,-0.024933047499918252,0.22256198887136538,0.22511960336022802,0.2812209792100195,0.12754625008841444,0.16717020555191892,0.197997826892684,1.5584257889326654,0.2511385028103076,0.10083264577099255,0.09017160439980793,-0.36342533839514557,0.2550114065260965,0.3656522631921079,0.0770283307094541,0.4760174247044813,0.17203738058920867,-0.09605339766971721,0.22030332403045533,0.18151381992108392,-0.2531587735075,0.13602348043466747,0.4579047632469176,0.2680219197517905,0.4131703008967084,0.021156659123555663,0.03633308138233951,0.31803436459136103,0.37896432319506373,0.4727085021643293,1.1324168814366122
0.16428556196769614,0.1170682895132934,0.3790591084140256,0.3977981097356087,0.2866137176411438,0.31957896027204186,0.2336260418729436,0.2697057371669563,0.16398180734454917,0.2352377843135532,0.32162794136657513,0.32240269869525245,0.3374276464188267,0.2591291480483822,0.262080355187498,0.33408025492956694,0.35434361441860646,0.2497871384141325,0.08544685761202388,0.4181283140653697,0.2430373168667294,0.25657893518141245,0.16017590417544317,0.26605753869110993,0.2599203749577159,0.2511385028103076,0.5865255333502855,0.19636386273012846,0.3275572440526873,0.07856632240846988,0.27478119853355604,0.45907678349829406,0.2181188074539048,0.2941305419646453,0.20579633848235085,0.44066463092790537,0.25968293513391855,0.2708640695801766,0.2609808298029658,0.2095269579973714,0.32465218065191914,0.2761233442821092,0.44982309978188045,0.02107640758336542,0.21507587696816785,0.5265306846511109,0.4254823101697604,-0.03476648971971441,0.5355462945119985
0.11703700195561542,0.11795474063463145,0.3645173321723249,-0.04344326524136474,-0.05458006102517633,0.10526993485217696,0.05724673497183766,0.10689971861237559,0.05989291566482,0.11342012967799198,0.1744397503506922,0.1286541025767709,0.1886377355070782,0.16073010071543756,0.24913480219841386,0.2347309418528932,0.2532508015642681,0.18521344173354762,0.21172082607176101,0.2474908459592907,0.25030485164335126,0.08246709982729941,-0.06354143665749211,0.2666648150232304,0.12338531566917968,0.10083264577099255,0.19636386273012846,1.1026351088299977,0.07852986605447873,0.04827533281790775,0.29724772716018877,0.06482026452575358,0.7485472441157643,-0.17508314988421922,0.8344928571080861,0.5380529525288993,0.37050977935050217,0.1991295203048359,0.15923299113859346,0.21938834828013667,0.4286256251402362,0.30152414007331924,0.10885131099869959,0.10172851920913878,-0.006520316927080946,0.5789734103986511,0.3166730013704017,-0.009976509584239884,0.939328640172771
0.23987770250086896,0.16227400115307672,0.5274621819841286,0.5176005101954612,0.38231846761042837,0.48147556393781854,0.27135110115181443,0.41135405662904,0.19429468316203657,0.39223551294181136,0.399852819701927,0.2915655921918282,0.41976468554486035,0.34790890955075565,0.35187169803873775,0.4061772935694302,0.5035637821118493,0.25137196047224725,0.11592522077937224,0.5202927389848475,0.292852180816559,0.4166323466117006,0.49805658390365076,0.3691834258995251,0.784138159293918,0.09017160439980793,0.3275572440526873,0.07852986605447873,2.4817255376397314,0.13347750029400424,0.14651094225083036,0.23364996763105758,-0.02226605696934223,0.7450894504382719,0.16636419678033942,0.5609513457818858,1.0396143179842217,0.20092479994538595,0.33688133095826467,0.20546606222690364,0.7349598544146568,0.3078779661529898,0.24823260779240083,0.04751487000656714,0.10124565174122754,0.692844267271736,0.7371864828728532,-0.30014215596527416,1.310309972042065
-0.0023504252904258346,-0.3236278776750993,-0.4541053267271265,0.18878401807778064,-0.188915373466834,-0.20050941332586042,0.19689407561470218,0.12070012664753237,0.014760843466506064,0.025240658995705982,0.033392673976797356,-0.04816451588665084,0.03164040886365392,0.04989644580647276,0.3204184824393731,0.037327629467512814,0.03810355496819425,-0.008027395094899591,0.3176074486164445,0.44644035605049354,-0.10288395410381052,-0.11559562467967262,0.12381591920933005,0.5767760388513951,0.22065407891084246,-0.36342533839514557,0.07856632240846988,0.04827533281790775,0.13347750029400424,3.8249031771580793,0.2299065214053956,0.07475840967984498,0.1745275026713377,-0.2900355525339138,0.04610591753856441,0.20961493379945964,0.38236851037589814,0.2564896103968156,0.7969612004867587,0.2183171260610347,0.007420334859097659,-0.0047005606539439896,0.4716697310557408,0.07988384648471002,0.7552521056284329,0.28593114051535967,0.3848530989532183,-0.01697628679110325,-0.011795160581441306
0.1626670912727567,0.13524999636015445,0.31114405268072043,0.2597813201653868,0.23217459423071837,0.22209240826391824,0.19613539601403565,0.20988844923559108,0.15365550635435934,0.1732669820679658,0.23956125151230923,0.23480462210696795,0.21992533048569893,0.18348999934195018,0.24829361476779652,0.22218249386246627,0.29364173024185847,0.30720499131497897,0.09436452017302661,0.43618590117644335,0.2313713988694733,0.16230006567142394,0.02861951985770928,0.22551040257254384,0.23212232547918457,0.2550114065260965,0.27478119853355604,0.29724772716018877,0.14651094225083036,0.2299065214053956,0.9703291465806313,0.2122446290093471,0.41491846587255865,0.07210608914756357,0.17482435678865557,0.5886348477688845,0.2765388896803078,0.3355387359113488,0.24788530104716547,0.1782673598287441,0.288804031446808,0.2607492710225542,0.26604089704068073,0.06163482283358173,0.28419302203816177,0.6399251422324873,0.46609573436844753,-0.10207216821034484,0.3960657577930711
0.09939904804639857,0.10553217488464596,0.3304234855933684,0.4685117319722845,0.4338589677404158,0.42317294643918174,0.22724576866444465,0.20208355442750622,0.27757397508829734,0.2165064646567266,0.3009827192614272,0.3238267453884172,0.3199825735224663,0.28913928886820656,0.25219400197597175,0.29995788084318686,0.2740976236722994,0.23216792472960993,0.07422660878616058,0.36652668323013265,0.2213582574570713,0.424255148373126,0.2924035423698343,0.5846148258320389,0.289263683713998,0.3656522631921079,0.45907678349829406,0.06482026452575358,0.23364996763105758,0.07475840967984498,0.2122446290093471,1.645816579583515,0.1945522173995114,0.4834901506191301,-0.007983180198707819,0.6907151019418908,-0.2589869542094109,0.2965080321349115,0.2114107990281722,0.09728212210244222,0.31900653932868717,0.29326526576541456,0.2202131351295721,0.025800938184917802,-0.051198702375962725,0.6804118167388137,0.5762970441197542,-0.29391897905275555,0.33778830901290646
0.0863070234555666,-0.03764588868818545,0.23921392176084852,0.25885315199037895,0.1553214432378034,0.056064718470282514,0.20387789300623993,0.06853773831496542,0.15747906159811373,0.10818846500833512,0.19689386835791417,0.19083217482908588,0.21816920347231897,0.12978334151165982,0.2460887493179952,0.14672380040430488,0.20613561057710864,0.30087893698813384,0.1546476272707184,0.18705448801612054,0.2031484727304391,0.11349812880492115,0.27032487620022416,0.6119010537368056,0.10013618617241826,0.0770283307094541,0.2181188074539048,0.7485472441157643,-0.02226605696934223,0.1745275026713377,0.41491846587255865,0.1945522173995114,1.7512796182564496,-0.5274274260883629,-0.10182348462781235,0.8011737992508976,0.399039981351158,0.20642697860739198,0.18173534421967366,0.14652941990276913,0.1808136316189954,0.292876681967661,0.03455473921412337,0.04950395512557566,-0.33215369139544354,0.8228346068308998,0.5168033682174165,-0.5663559382191993,1.2894531471244504
0.04221072463274074,0.1217759859303254,0.41633156681167616,0.556095267784125,0.4218222243562534,0.4773525653056214,0.23221784249945468,0.42540630212108277,0.2613380456811731,0.34720430548455283,0.3034766161553519,0.28099816758872814,0.2920235054516535,0.3163560582442126,0.23908292894856764,0.31807477270894713,0.38773526634962974,0.18135719215149035,0.04658966355944422,0.47552575684679127,0.214017896790337,0.37893140515692275,0.3001409519332198,0.13901878709655682,0.480211445638935,0.4760174247044813,0.2941305419646453,-0.17508314988421922,0.7450894504382719,-0.2900355525339138,0.07210608914756357,0.4834901506191301,-0.5274274260883629,2.1456812144865323,0.22960946306042615,-0.35745755958935993,1.0669743941271437,0.14564464539289798,-0.023961339939477792,-0.010741260216832402,0.5592998072805704,0.23384827395807192,0.5112407226857103,0.14215821006395624,-0.031752977812293595,0.07735010875309686,0.6018452440746983,0.768415085886336,-0.17318743773026846
0.18885323282132757,0.2724830622283665,0.47696032654162823,-0.34076020879064783,-0.24666035984045062,0.1530600857716522,-0.04081004590149158,0.2564045345835339,0.004071001410851573,0.18006406069293399,0.19199376102960647,0.12320371358592204,0.21316957441156756,0.2294026945254073,0.2325218560300798,0.3601865026641477,0.3217579751829674,0.12443174455423714,0.21472896367961208,0.30689545813735064,0.3120330264841,0.1283982641224028,-0.17802551950732662,0.030406657287896408,0.19652005170470133,0.17203738058920867,0.20579633848235085,0.8344928571080861,0.16636419678033942,0.04610591753856441,0.17482435678865557,-0.007983180198707819,-0.10182348462781235,0.22960946306042615,2.122357525311452,0.0626972404848182,0.3362016371696574,0.17201002240350188,0.23116419079148975,0.40565046450296116,0.540765767290216,0.34602454680983624,0.44621423683966543,0.13740181273261087,0.5139868699851416,0.4231628723122958,0.35910847177940514,0.6122495781095358,0.8241021562656544
0.18963550809403798,0.07068277038659104,0.5033679436288174,0.36083702666240003,0.30509417019111285,0.21390262366838503,0.28784708055482705,0.13257716450930068,0.16925812432913218,0.24200764895892232,0.3028256711519032,0.33209956994140344,0.30856409778341043,0.22351798595746947,0.35942419451793095,0.31628476446826587,0.3482457339904493,0.3358692568674591,0.08619807079973091,0.21270895453206307,0.29908672850527346,0.28822765807642947,0.46566274101280114,0.669844632848642,0.29130484107268906,-0.09605339766971721,0.44066463092790537,0.5380529525288993,0.5609513457818858,0.20961493379945964,0.5886348477688845,0.6907151019418908,0.8011737992508976,-0.35745755958935993,0.0626972404848182,3.271885854681904,-0.28418800119434207,0.2197202140084594,0.3874602191019654,0.22591454737009758,0.5765687399958516,0.35672721262700147,-0.8901542738790128,-0.024961614396279447,-0.511892948338757,1.433450840958598,0.2829748682401221,-1.9997681448922586,1.4670890336533808
0.1308827817367517,0.1467365089442496,0.4433553607401548,0.4162251459963627,0.24315389830396378,0.3239577927338785,0.21431318824968904,0.42335109683825195,0.20115281471063562,0.33061105927282397,0.28730324755699943,0.17132196145175282,0.269203934855844,0.3016170576708618,0.32014518039100154,0.3166470503784944,0.5002876575871884,0.13125625841601093,0.09325150389941346,0.8301296860237856,0.24118990356209213,0.14068637427614017,0.2490162513918907,0.2485866526419179,0.4628559971481896,0.22030332403045533,0.25968293513391855,0.37050977935050217,1.0396143179842217,0.38236851037589814,0.2765388896803078,-0.2589869542094109,0.399039981351158,1.0669743941271437,0.3362016371696574,-0.28418800119434207,3.569887822314869,0.5600087368796763,0.01161587585751215,0.12270598307040934,1.0815584297327938,0.36808158509476524,0.6471280016243457,0.19912599804026487,0.4159209193631049,0.6681529317777003,1.0872582073393398,1.0727847239974553,1.8329827572719495
0.14358340402138486,0.2037179634794864,0.3143612844755956,0.24709690681653687,0.18944811671127967,0.28613479137356684,0.14730407109666552,0.21553641739920212,0.14884795623989894,0.15617373759989306,0.21198656527736204,0.19145909197586475,0.1714674847504104,0.2029422782446597,0.2401686431057412,0.20371868522910436,0.3143768556232263,0.13258941978619623,0.018427932759279494,0.7001638579275721,0.2044696576315557,0.13531210172468244,0.06165912168830885,0.21027195729761808,0.20999834869390635,0.18151381992108392,0.2708640695801766,0.1991295203048359,0.20092479994538595,0.2564896103968156,0.3355387359113488,0.2965080321349115,0.20642697860739198,0.14564464539289798,0.17201002240350188,0.2197202140084594,0.5600087368796763,1.00285024568161,0.2563779878431998,0.28510220592974744,0.3828247894128099,0.265240633397357,0.5613053812168666,0.1271927107756019,0.5942404965928986,0.5711461235510606,0.5849141468070519,0.0906667295245547,0.5336816895646329
0.17481425889302232,-0.007343004906656899,0.19422904590921491,0.3515552163421644,0.196002271242973,0.20474868579616406,0.25619044784825246,0.3715173878640358,0.09780026970007714,0.22570017081804816,0.29169013019570206,0.20788813855892055,0.28891669822390803,0.19835829282698733,0.25251596080876965,0.26278537487358833,0.3602913551362696,0.1648185815550903,0.24335146417973222,0.556742998192428,0.14322107159684802,0.24805173445542786,0.2788222099469661,0.2793327992924436,0.30920624784278133,-0.2531587735075,0.2609808298029658,0.15923299113859346,0.33688133095826467,0.7969612004867587,0.24788530104716547,0.2114107990281722,0.18173534421967366,-0.023961339939477792,0.23116419079148975,0.3874602191019654,0.01161587585751215,0.2563779878431998,1.8589380457940006,0.48638242909458096,0.14616249724692257,0.17010192200302152,0.4116157778810539,0.12103463729901963,0.5279484406355515,0.5139824809664816,0.3338023604622954,-0.17653727138152944,0.16839707462481462
0.1469665835801003,0.14167565852499145,0.1159781089932608,0.17184558388212373,0.12973150682436346,0.1961167205097822,0.1455792822279222,0.22206034064377114,0.08788929316554356,0.14407433703952907,0.1919869077228508,0.1707037084437109,0.17959255958631734,0.16945755733313722,0.18212751773402946,0.20926914062491186,0.24736262870165418,0.1721061978661923,0.05334372218497299,0.4110210769093132,0.22849599078179847,0.1299840466549232,0.16736362079810552,0.13196082090356043,0.15506734698557392,0.13602348043466747,0.2095269579973714,0.21938834828013667,0.20546606222690364,0.2183171260610347,0.1782673598287441,0.09728212210244222,0.14652941990276913,-0.010741260216832402,0.40565046450296116,0.22591454737009758,0.12270598307040934,0.28510220592974744,0.48638242909458096,0.9354837960114489,0.09074985420155227,0.2483826948875931,0.5903493707412902,-0.006773567739900753,0.6121924595285219,0.4988186259288403,0.32503832979338787,0.18914583094735185,0.2090261849800339
0.19807011136537075,0.15553602977506487,0.4894943915102149,0.3234164548104473,0.243545931349542,0.2842903635104063,0.19613798661626694,0.3558539847606355,0.19259585631986909,0.3294848741130585,0.2997959104706072,0.22769308188751708,0.2899501228213889,0.32171066848268026,0.3708207477452181,0.3569524909257314,0.4057779822678585,0.15108663204948097,0.10740252483948254,0.5012777121161491,0.2754856585032277,0.24099095555713457,0.19799001026515656,0.24245824809906902,0.3300227303848836,0.4579047632469176,0.32465218065191914,0.4286256251402362,0.7349598544146568,0.007420334859097659,0.288804031446808,0.31900653932868717,0.1808136316189954,0.5592998072805704,0.540765767290216,0.5765687399958516,1.0815584297327938,0.3828247894128099,0.14616249724692257,0.09074985420155227,2.456454191669025,0.34778768422320083,0.13025330610754657,0.22117584045236988,-0.817517806139851,1.0170225485934032,0.8373108530197227,0.299375738266424,1.2013076730793546
