1.6450688584866324,0.4568876184504262,1.1240318135883074,0.03227239775872289,0.2238959675812353,0.25421393502090656,0.5004222702813665,0.3539626245570768,0.11435250635219686,0.37784823163024944,0.334167270008324,0.36758465814994845,0.20796640298936508,0.41827316007922266,0.3661595833090213,0.2448389752616299,0.2520635836289627,0.35842531748172923,0.14365645027947027,0.16669981768876319,0.2852361968235481,0.594249982784069,0.366321797146787,0.05692358406735627,0.4410228811519231,0.047556299205522706,0.18666086257146158,0.14122117008408697,0.2468682533706481,0.26777275952271495,0.3659769656378938,0.03795858498735482,0.09979200607627657,0.0013017447011027118,0.3914070322790121,0.300779475472351,0.1894411012575204,0.35086612539139406,0.5019327828325458,0.32600100373590957,0.3479724825947635,0.24764457987746236,0.30695857458633835,0.4207958776989582,0.1792879285106746,0.09995733299901012,0.2626921172658207,-0.020215654319641403,0.7823403431441637,-0.2142839599100684,0.006015247065777354,-0.15205160107110377,0.14973854848129112,0.053214228428268,-0.10619479480766558,-0.012126324281649866,0.09472309812302329,0.29129345607280266,-0.3922021091389684
0.4568876184504262,2.0515528309690296,0.5450072989336999,-0.0643494384766412,-0.041324644967839566,0.16457671425178008,0.22003642725347275,0.1987913704313266,0.08896904678147108,0.21230911201381164,0.1760989335510729,0.16051241925233498,0.09186874679578516,0.10157983883877482,0.3092026635240966,0.04933161093618544,0.14653920977757845,0.23878543623839818,0.0029349129836189303,0.09431419008875332,0.1870738530699199,0.1973124207061804,-0.22778312339530074,0.055880447458109626,0.1798806356094573,-0.15159507136059674,0.1856579546495593,0.3669433678540044,0.14339999259079053,0.03984945034624005,0.16149043099956767,0.19203228875531989,0.06901045844503712,0.04948302674053443,0.11790930975881607,0.07148997171305636,0.16743730780979085,0.14113641353153422,0.17123889912120613,0.13423245609590997,0.2035819277892525,0.12739425455325698,0.1604803002273756,0.08783996020042897,0.13089928071328494,0.016036950711081775,0.13491351318462663,0.011300327832003779,0.33664368165818714,-0.1452167852555681,0.17615127916882914,0.12454296908581622,-0.10927460148546023,-0.02816998675745007,-0.19203652716750189,-0.029177237707021214,-0.023403059356389682,0.23346247911472748,-0.036424243530677636
1.1240318135883074,0.5450072989336999,2.910745950165654,0.016958444168547106,-0.1740265161274619,0.46904706349128,0.3705724328217173,0.6585606289329292,0.19668076762923453,0.6553874800539227,0.48600521430655,0.4631919707792628,0.30875550132938434,0.35000334423698876,0.36893371092262994,0.1916015465716028,0.40293508887820145,0.46607343125646045,0.21013413800922126,0.32146449805616145,0.36653809198902837,0.6485449873537403,0.3234566253368344,0.23737459219472462,0.4630093793956829,0.14564971190521178,0.2563676044044498,0.3012588850046062,0.5739684843605461,0.25892006647455523,0.33914450529026885,0.14100802697429102,0.11916170035352859,0.218449344682032,0.6627356186251533,0.26198531484212706,0.32974524922580317,0.4884575314356658,0.6772367782002026,0.41025610248775046,0.3749654907339492,0.336554035703,0.5780330309205017,0.5123695407352712,0.38478353177239627,0.1286877901199601,0.44166171627460427,0.0021400967116883872,0.7861813356598557,-0.20302030516236108,0.05398058910695847,0.006204994335403937,0.051408803758698454,-0.0016153187298374278,0.035215511755077054,-0.09699329820097512,0.028434700117036135,0.10457893478219046,-0.18271454288032293
0.03227239775872289,-0.0643494384766412,0.016958444168547106,0.7748831215707762,0.3027124682730319,0.18009306711362433,0.16321503103761725,0.13579628679978115,0.06338940979240394,0.10337389288267018,0.13152543830974495,0.17146691859240237,0.12411727496083266,0.24506366576553942,0.12968097832370723,0.1956421724468218,0.15776479882875497,0.1541033925403231,0.09666789746067311,0.09671995442627128,0.11924777376472098,0.19276664199102003,0.12572162702824033,0.15972487014752781,0.12576978345194706,0.13558374110136875,0.13817779238898978,0.0906459716715126,0.09024564746475053,0.02796099475678555,0.10724847670333375,0.2678506720289549,0.05347857261902999,0.2034431160221668,0.10523514700446265,0.08825288560951698,0.08574178471040764,0.18960286241976704,0.09450716121094187,0.0830711610637016,0.13321991525213836,0.12064580591188179,0.22140948239600478,0.1880596643455898,0.05615994436528264,0.021600493993352413,0.11052395666489064,0.00418548250986825,0.1056100402416724,0.21570458937392906,-0.09983198751362587,0.018892936486403267,-0.1068716369500421,-0.012355981244996693,-0.017026179438355948,0.058358173819025035,-0.13846571386717585,0.05818358457004641,0.003616109889136917
0.2238959675812353,-0.041324644967839566,-0.1740265161274619,0.3027124682730319,0.9981610881922655,0.1934193526800461,0.10708967484489293,0.0019126085705122684,-0.05279874612322594,0.029298413923166847,0.09692523124092589,0.133114355705449,0.1024099891136039,0.18885904410046517,0.19104824871776613,0.229416242407957,0.04897037807544534,0.07469710123313623,0.27085134340082045,0.13023448269485863,0.10326036916409331,0.20319606734915593,0.1183423346076301,0.14049455407924974,0.1177653091029961,0.09412366947434762,0.12617800751150146,-0.016971886037205855,0.03721319206547937,0.15304917125979334,0.12990210524549267,0.27900784263194456,0.01210468619367657,0.24929787237311804,0.12856688598469376,0.10564054084865762,0.0659899871415684,0.16774658022154915,0.09972538944447255,0.07031849212289608,0.1824025867760991,0.11738315768201081,0.1292279117508386,0.18603427486460958,-0.023813967784009897,0.005907815860200124,0.09335084293563478,-0.0003717295721483654,0.23402568920842162,0.07414954331749363,-0.18138282203753647,-0.2860247786733705,0.2359044937398054,0.04400910508318718,0.006277983727673458,0.01938604180059698,-0.1752612027189099,0.011081736308572291,0.14075838231561943
0.25421393502090656,0.16457671425178008,0.46904706349128,0.18009306711362433,0.1934193526800461,0.5826154039977803,0.06239073016510602,0.25885436847697746,0.08031831652131317,0.10663401461639452,0.19429871716647648,0.22275848479102048,0.15096044241344567,0.21343660171612855,0.19392654615694743,0.16181140438210326,0.19966295587963273,0.15816466849855879,0.24358855408551305,0.27927738440853217,0.17233597279829596,0.29481544147199656,0.07399947500582238,0.17397114453101747,0.18383897212564212,0.14153171870770406,0.17480636158856241,0.1834112911013061,0.16246530986407046,0.052332202115386674,0.1710931947068931,0.3109398681632849,0.02753957977586888,0.20916995586372883,0.2001269159419375,0.09161404745108911,0.10897645734484528,0.2779950371184589,0.21812737756566056,0.16125315084634326,0.22106140752348655,0.16237541689719037,0.3238096659770623,0.24857987615348523,0.09773501711620788,0.005251987892234963,0.2094150411690096,0.009396640171798079,0.4183144166907913,0.2133177544891318,-0.24565694383408831,-0.05543580442749798,-0.1127877271728109,0.035556527714431754,-0.0404195655143574,-0.055402339236349615,-0.07231770389272353,0.1005463573217433,0.03425569113699609
0.5004222702813665,0.22003642725347275,0.3705724328217173,0.16321503103761725,0.10708967484489293,0.06239073016510602,0.5616715296818596,0.11401269858275973,0.11001825564092264,0.1561000582384854,0.2030337986489204,0.2497329056842902,0.14289324860231314,0.06260347883878814,0.11637136378402936,0.1708882531243714,0.17422387953730678,0.20142958351691725,0.012751169041698745,-0.0014874804869509553,0.1572382831120397,0.3391831615605736,0.1793127509360933,0.09620362346651688,0.1905001949347173,0.07208922184998784,0.12409774729625965,0.08782743902843357,0.15423292140696734,0.11357812043197099,0.1669812499457617,0.13570299604715888,0.15123592712801648,0.08099063708924584,0.08340976058577283,0.21837672771852726,0.07657090754059388,0.18861656369150184,0.19592101656563568,0.10363608741469751,0.12350190340239348,0.13328691136280346,0.09865123488098813,0.21081901917095897,0.029375831672140404,0.058348217385514684,0.06564940103607096,-0.013634059375001858,0.3178569088690544,-0.053005984731616516,-0.03127755621434395,-0.07856550530681632,0.11504091561718803,-0.01659116049326055,-0.0661216006747469,0.059828091958295214,-0.012166779050870484,0.12555450393437764,-0.21149675974992613
0.3539626245570768,0.1987913704313266,0.6585606289329292,0.13579628679978115,0.0019126085705122684,0.25885436847697746,0.11401269858275973,0.6850005944711207,-0.009171941159195165,0.23827502460895494,0.25410554938535834,0.17117023859709923,0.19520479626605947,0.2257853778644574,0.1322947864293445,0.1589378898080413,0.22854107265110502,0.21263635930391867,0.13410993558808082,0.2307159165500836,0.1551752447382873,0.2312783723264617,0.09278452974555255,0.12092471982220648,0.2206513017153367,0.16651961647057018,0.14707684817561142,0.20094287786834372,0.1933520382290604,0.05023145876807406,0.1552296250465287,0.10408478230581719,-0.06061677575527857,0.14202578525231513,0.3606077728919786,0.06413139523285974,0.12044840360732677,0.20552652599053514,0.3657765907994165,0.21593743456819697,0.1654077318843094,0.1504773492591338,0.3158434316598869,0.24605351681084398,0.20965272156032078,0.012781978790813851,0.23829421510038093,0.01642543287620943,0.42962667173897606,0.025396791365010725,-0.03625140843853353,0.08781459894724845,-0.11074944153700088,0.007960310512021795,-0.1010693551115841,-0.26791375056994143,0.16722135300496402,0.19644372309314168,-0.018899900863665355
0.11435250635219686,0.08896904678147108,0.19668076762923453,0.06338940979240394,-0.05279874612322594,0.08031831652131317,0.11001825564092264,-0.009171941159195165,0.5469768614587012,0.02840290700612237,0.05667389907861299,0.06433837034731248,0.04742376674454027,0.05312867040745881,0.01160210572399403,0.04912203214118922,0.1233660112984647,0.10255054192054247,-0.02018448926280658,-0.011108319980673086,0.08070333966348237,0.14853200897026714,0.09312982174623094,0.05232581061100851,0.0009205403998303374,0.1686697253521697,0.06208520692687842,0.06822100487497502,0.062149924941366924,0.05693907733345787,0.03585951677927233,0.07217316006539673,0.19625470136108342,-0.03464943527285956,-0.11721531605387094,0.10258366071259721,0.08309315683495633,0.15215377668175795,-0.02343861321380471,0.029419908328404392,-0.02174143576992282,0.05981406373526596,0.14023683255639283,0.07091721727455953,0.1294904531242961,0.11549814638693855,0.06324591890992579,-0.011572158692303729,-0.18417963287735092,-0.006333766788004652,0.08035380683994474,0.0655066301866313,0.009634036029028289,-0.05864718271196745,-0.057493794173043074,0.17345792409539032,0.04994626167817946,0.1304195231284549,-0.4147332105372409
0.37784823163024944,0.21230911201381164,0.6553874800539227,0.10337389288267018,0.029298413923166847,0.10663401461639452,0.1561000582384854,0.23827502460895494,0.02840290700612237,0.7182509581938665,0.16353206559378805,0.15495802380529525,0.14204576665908028,0.18466120294234006,0.18012969963896455,0.18221904151591004,0.23756782897346476,0.250143378827769,0.054068556992145786,0.07407588957376213,0.15967835421127954,0.30839282965160186,0.1922510132566239,0.13445382735839675,0.21134060336448574,0.050174795056346,0.15936230495840886,0.11518664880764246,0.2163947164066209,0.2171384819704481,0.18276550715453374,0.12845205957440536,0.019022518563759538,0.21326374927272815,0.37340612771952914,0.11603850917182747,0.2100355264666094,0.1850538228725202,0.36558792347081104,0.21519349895809134,0.24676454965586705,0.17179234967950302,0.26646911026211706,0.293235737037523,0.1462227071932134,0.05166235782737279,0.27991526249201776,0.005953826189323469,0.447026210858287,-0.10632125426024124,0.058693400996118,-0.14916678642429482,0.08435257166293487,0.006734041463574652,0.01457861849506892,-0.03083537874061505,0.011811270001871993,0.0071204140024762235,-0.04818551132204765
0.334167270008324,0.1760989335510729,0.48600521430655,0.13152543830974495,0.09692523124092589,0.19429871716647648,0.2030337986489204,0.25410554938535834,0.05667389907861299,0.16353206559378805,0.37886936683354144,0.29199579396474123,0.1582930156189133,0.16404771321549796,0.21628257888590646,0.15859602496460676,0.23830637268451849,0.17815354926608026,0.08609481881395274,0.18504782198558237,0.17882683090312593,0.23644566293913902,0.13265439435294496,0.13556555849117843,0.20098955163678053,0.13059820233294145,0.1615730824386491,0.14089128939216766,0.1983536035144885,0.047988792481874924,0.1997608598352752,0.16181382792684282,0.04898466493993572,0.15300031950708745,0.30183215634646154,0.14095408160101847,0.1175591868706789,0.22738678221710765,0.24822670160915605,0.15587907993080669,0.17143047450000987,0.17064607992647,0.26998583331844045,0.223456023906111,0.17331312296076207,0.0635247783994126,0.14960727796233686,0.01353150594393563,0.19403588536439306,-0.03255959577761693,-0.014111697967694592,0.004936811871316856,0.05652230010347331,-0.02901443886885439,-0.03828755370851818,-0.047682707164361404,-0.0222796986599823,0.08741301191368023,-0.0656135801080601
0.36758465814994845,0.16051241925233498,0.4631919707792628,0.17146691859240237,0.133114355705449,0.22275848479102048,0.2497329056842902,0.17117023859709923,0.06433837034731248,0.15495802380529525,0.29199579396474123,0.5669254086978454,0.14359525038751933,0.19189385468726283,0.15132729357822047,0.2029076149261575,0.24045618423765247,0.21024107660007954,0.10807677951959535,0.12372730278975516,0.16245893630487312,0.2896870386207547,0.16931932170608757,0.1294418510644578,0.23967926068905546,0.08064264648716123,0.19313407513201172,0.1258682699699688,0.21418744042080218,-0.07488053567247244,0.16728057438450367,0.2667276878773069,0.08666835094830029,0.16238635854049763,0.12573642166268525,0.22732955172618421,-0.0026534863718501948,0.24445087244787175,0.15821052371100316,0.13881820121748908,0.1651434857806563,0.14987303594527704,0.19919481810156658,0.2082316969130966,0.08122275917799222,0.0686237670232143,0.09933809733631462,0.0002985831517500457,0.23988911588634876,-0.0641613770968908,-0.018832038085782904,-0.04767251845219919,0.060316888319049626,0.004924457563774558,-0.07492531515260045,0.06331980858618108,-0.06843530048767264,0.13129991275543285,-0.2161661784228716
0.20796640298936508,0.09186874679578516,0.30875550132938434,0.12411727496083266,0.1024099891136039,0.15096044241344567,0.14289324860231314,0.19520479626605947,0.04742376674454027,0.14204576665908028,0.1582930156189133,0.14359525038751933,0.3015993196999071,0.11500357979652512,0.037791921585345244,0.15705623360482687,0.14550781123939,0.15176193106637606,0.09242180312026839,0.08254551819930157,0.14460546537463478,0.21343949993729358,0.12179101137435147,0.12297557331878707,0.1361748099940123,0.15246770776289836,0.1174436128423471,0.12282675956309734,0.20162238032630825,0.06460963322209216,0.10482820148786232,0.052293970286884046,0.07900517063276702,0.10874594288717095,0.24699306469835516,0.07038553682904256,0.154173364945035,0.15439366933969875,0.23172134685899773,0.1336019461995215,0.10563070349164037,0.13475719465561906,0.2574448053138244,0.23777201934742312,0.10450626847007431,0.022670276019238267,0.12816596175268768,0.010695964277149403,0.18826589299284652,0.009990152222356725,-0.035175842609725255,-0.027730246539068585,0.011260893860288015,-0.016181414896524936,0.13803533122936562,-0.08573566231921272,-0.11818071388222735,-0.1662103728697513,0.28183197934061993
0.41827316007922266,0.10157983883877482,0.35000334423698876,0.24506366576553942,0.18885904410046517,0.21343660171612855,0.06260347883878814,0.2257853778644574,0.05312867040745881,0.18466120294234006,0.16404771321549796,0.19189385468726283,0.11500357979652512,0.578489955102873,0.25784273395368085,0.21997209149247726,0.2151530559596821,0.1283336655215117,0.12335219226954673,0.20287509574718166,0.15716781551675402,0.2809339836321726,0.18094470633097742,0.13219736216953404,0.22593021617417788,-0.0014146500601011185,0.15462222793187086,0.13638816653962635,0.05472086730941322,0.12679492361245318,0.18863084517704964,0.21581597206878247,-0.014926780805566302,0.16467204668811966,0.26445315823994875,0.08187815941191458,0.11516079046819917,0.2540749540900755,0.17632609707770472,0.19671037438313016,0.2878406816716976,0.16295634912727813,0.32147163098961523,0.2944026838264241,0.08946125006991504,0.001231521292129813,0.19654812437666633,0.00960818399505672,0.4091994179752636,0.023162865615038886,-0.04205735464237892,-0.05713799718081683,-0.06478611802363901,0.06700805997738742,-0.0938035803576189,-0.012399535535282903,-0.0931544027495773,0.16324566071470592,0.000661961899484431
0.3661595833090213,0.3092026635240966,0.36893371092262994,0.12968097832370723,0.19104824871776613,0.19392654615694743,0.11637136378402936,0.1322947864293445,0.01160210572399403,0.18012969963896455,0.21628257888590646,0.15132729357822047,0.037791921585345244,0.25784273395368085,0.8995033575345845,0.02293236204270032,0.15383162655341376,0.05626702204558193,0.11116064923175331,0.29848140950082075,0.15064380423344625,0.1525306637647224,0.09503511190268639,0.1825440570058947,0.20184425960950517,-0.0018096017177090282,0.14327285770812187,0.06912165282992984,0.1016193045947288,0.2924174854389447,0.21802885360395236,0.22346394093032926,0.06874436673798173,0.20668632452584543,0.25266364047380724,0.13302987539054145,0.2381257474353601,0.12252752765734366,0.21662747672507776,0.09167238395188916,0.28955975162409586,0.15963096066174884,0.1566160086316318,0.10246100496919229,0.0650664092732697,0.08177530323319882,0.19450180168335432,0.029239703222789723,0.28025276462825066,0.05500703650979334,-0.05680824761680908,0.03721768290203282,0.009763365948552344,-0.06499252726313155,-0.09814338030362935,-0.013812400355137415,-0.14086122434909515,0.18780563124718422,0.01009662520311054
0.2448389752616299,0.04933161093618544,0.1916015465716028,0.1956421724468218,0.229416242407957,0.16181140438210326,0.1708882531243714,0.1589378898080413,0.04912203214118922,0.18221904151591004,0.15859602496460676,0.2029076149261575,0.15705623360482687,0.21997209149247726,0.02293236204270032,0.893083086463335,0.2320119758142996,0.19423491762269843,0.11514434547636236,0.024199879938857683,0.17958589858280366,0.38277620780730065,0.19644460879090497,0.1967353869302772,0.21314791334457703,0.20570469895876242,0.2402007336785949,0.2636669996907589,0.20525020932835705,0.09092490809444519,0.13451332951290462,0.33567391985939454,0.007446832650976052,0.24237798349649645,0.3512844967346242,0.09515185408919609,0.08312280854394472,0.31906668095347296,0.2407838364466006,0.2297637111207091,0.1980092806577031,0.20905444150111582,0.48228128863594366,0.49751109489099954,0.19558934269905226,-0.024796072444913473,0.1798260161986635,-0.002742923995635552,0.2761014936551533,-0.2818530246479174,-0.05007238528601712,-0.20051509757887218,0.1509325963548994,0.08474031833398044,0.033280550457353154,-0.06367593873788925,-0.14363724793169239,0.010554825931565655,0.16053650129596386
0.2520635836289627,0.14653920977757845,0.40293508887820145,0.15776479882875497,0.04897037807544534,0.19966295587963273,0.17422387953730678,0.22854107265110502,0.1233660112984647,0.23756782897346476,0.23830637268451849,0.24045618423765247,0.14550781123939,0.2151530559596821,0.15383162655341376,0.2320119758142996,0.8182101112347432,0.11108375759466198,0.056169586120574745,0.23576478210816185,0.25144006432226507,0.4761666714318025,0.17274613404508235,0.15582815695617275,0.3292580423524708,-0.054844446882357234,0.21506240323168718,0.4347259512238491,0.22330413694811474,0.04623091163718505,0.29413599829884124,0.23135238427931334,0.22422300573675488,0.16625673955574433,0.2112954789331193,0.18339760842728672,0.21097576796316594,0.5004168862701858,0.14180965546259208,0.19364830183305629,0.3141266631259204,0.2627572102878447,0.5678479146792358,0.44928615584001297,0.21647347083276036,0.056996880655637655,0.18972601311450668,0.018373416420434847,0.30699968660656873,0.27280184486563647,-0.06122827250909696,-0.05978224648000911,-0.20485987850735674,0.0005751642878951122,-0.18321100608513133,-0.020320222169601096,-0.08530089422791752,0.18419338553548317,-0.07530763590023482
0.35842531748172923,0.23878543623839818,0.46607343125646045,0.1541033925403231,0.07469710123313623,0.15816466849855879,0.20142958351691725,0.21263635930391867,0.10255054192054247,0.250143378827769,0.17815354926608026,0.21024107660007954,0.15176193106637606,0.1283336655215117,0.05626702204558193,0.19423491762269843,0.11108375759466198,1.0211840061840025,0.09170295405792017,-0.19800652992555362,0.2459589047997845,0.2840620566754025,0.3124192283259647,0.14824255520058585,0.17594387079260443,0.47357118427383216,0.05703899791241269,0.05731171781641192,0.30217928271453603,-0.08988498552502001,0.02471128346496801,0.020659019039191547,-0.0688064620081217,0.15124540036681758,0.3523755441714926,0.027675354159825957,0.20632315990985678,0.09679666439241555,0.2768097586162743,0.2674845540055859,0.04121305286750167,0.19608089226141648,0.541045314897816,0.2621345557319833,0.36934567162172594,0.05909448589897039,0.3392790936237566,-0.01990407825151016,0.19621239830772755,0.32268139602203033,0.2171038322785313,-0.2368482781680056,-0.3966536823075769,0.0036900419452604327,0.02746033631973808,-0.02747354132701784,0.0063593568227487685,0.020589892740906245,-0.016206588257528125
0.14365645027947027,0.0029349129836189303,0.21013413800922126,0.09666789746067311,0.27085134340082045,0.24358855408551305,0.012751169041698745,0.13410993558808082,-0.02018448926280658,0.054068556992145786,0.08609481881395274,0.10807677951959535,0.09242180312026839,0.12335219226954673,0.11116064923175331,0.11514434547636236,0.056169586120574745,0.09170295405792017,0.49990023396168015,0.16136472801822677,0.08107324829682247,0.153097162629633,0.03859331302165119,0.08881066187489675,0.1391218886229078,0.038747033910331685,0.06965113957068773,0.11468021803253658,0.08490801367798967,0.03178402182842186,0.12082385735274727,0.1369909496592191,0.01773586148279271,0.1235223932050037,0.08044691818056465,0.1088088269800047,0.03274460234028666,0.14299142330627895,0.13267260308294027,0.054449451716571694,0.12894468951505833,0.0767598370643572,0.06838398934748734,0.09458206391531138,0.012682973948731247,0.02788089992387701,0.03506697071068168,0.003277288585134608,0.2055841195092371,0.12379539500655513,-0.03344562593320715,0.15227084435248367,-0.17844093407288647,-0.026067811444013243,-0.009894459524140376,-0.0442015731652692,-0.05906420069965721,0.03405074623693349,0.08493647504109536
0.16669981768876319,0.09431419008875332,0.32146449805616145,0.09671995442627128,0.13023448269485863,0.27927738440853217,-0.0014874804869509553,0.2307159165500836,-0.011108319980673086,0.07407588957376213,0.18504782198558237,0.12372730278975516,0.08254551819930157,0.20287509574718166,0.29848140950082075,0.024199879938857683,0.23576478210816185,-0.19800652992555362,0.16136472801822677,1.2889887092429337,0.0897537543710086,-0.1001134640421777,0.037793114889469216,0.14348494167346568,0.20453306193940682,0.4098908199297499,0.2722323817760614,0.09486341221060735,0.4107248781495123,0.1165256288938303,0.28866339188156426,0.33284230746058074,-0.07891018708737513,0.3319221939370663,0.3522831425054444,0.2802436878812989,0.017012908591855617,0.23389946574972253,0.3327265754401103,0.2624755043261146,0.2515298440661951,0.20437238023227092,0.04601637578044626,-0.053829272997587316,0.23976002895960247,0.04543265880921639,0.0023879351896542297,0.0840060548434329,0.06478421937113547,-0.08771212061705255,-0.21081842932789788,-0.023251258867925714,0.24949582886646338,-0.014945185028978476,-0.02271727827658523,-0.07942334372133726,-0.015656751723949657,0.04934659723996118,0.03732189536625112
0.2852361968235481,0.1870738530699199,0.36653809198902837,0.11924777376472098,0.10326036916409331,0.17233597279829596,0.1572382831120397,0.1551752447382873,0.08070333966348237,0.15967835421127954,0.17882683090312593,0.16245893630487312,0.14460546537463478,0.15716781551675402,0.15064380423344625,0.17958589858280366,0.25144006432226507,0.2459589047997845,0.08107324829682247,0.0897537543710086,0.5056637428907924,0.36976911149037134,0.20803687075235908,0.1858282960175729,0.2060038413410685,0.018707789019589433,0.1446943617863545,0.1890775429982144,0.12264734274378926,0.23210613506099284,0.27271873529526347,0.13734709864838374,0.18537163011266453,0.11611663897080811,0.3573355987046793,0.06222631839519353,0.3939645849414021,0.44033226385158764,0.24551139417055534,0.2936596679423524,0.34118306107336116,0.3488551497055168,0.7113676069451424,0.41162736883676115,0.445258128490516,0.004174874132788049,0.25970078259879836,0.051972539429338195,0.2887420157174148,0.0688217330959763,-0.010817452599509381,-0.10219901249246646,-0.0039885066224560565,0.006804143215353879,0.024982777813246784,-0.05402970099420926,-0.16482267785369253,0.03402192443191724,0.17806197290505107
0.594249982784069,0.1973124207061804,0.6485449873537403,0.19276664199102003,0.20319606734915593,0.29481544147199656,0.3391831615605736,0.2312783723264617,0.14853200897026714,0.30839282965160186,0.23644566293913902,0.2896870386207547,0.21343949993729358,0.2809339836321726,0.1525306637647224,0.38277620780730065,0.4761666714318025,0.2840620566754025,0.153097162629633,-0.1001134640421777,0.36976911149037134,2.1265198808881185,0.37198885227272027,0.3670423852732594,0.2794085123084961,-0.28653366194541413,0.28491874373157516,0.5440982567044682,0.18013133771791104,0.5069764799291006,0.47713621551307583,0.5224511759374885,0.5603607552771863,0.2449363172961343,0.18442062440571602,0.3203781670276671,0.44927859617784355,0.997750359074768,0.6019883841449993,0.3634180073654528,0.6719260661654378,0.3710460128840108,0.7727243170610946,1.07697064215304,-0.18565012119070398,0.133447675353333,0.4527625106789825,-0.21461840190694298,2.4952486158471023,-0.22347020872830173,-0.19623702938882998,-0.28985641993742206,0.14996351969958074,0.04364375871966223,-0.01750595210358845,0.016306838037804264,-0.012847705123397715,0.015444651575797353,0.013970460471773076
0.366321797146787,-0.22778312339530074,0.3234566253368344,0.12572162702824033,0.1183423346076301,0.07399947500582238,0.1793127509360933,0.09278452974555255,0.09312982174623094,0.1922510132566239,0.13265439435294496,0.16931932170608757,0.12179101137435147,0.18094470633097742,0.09503511190268639,0.19644460879090497,0.17274613404508235,0.3124192283259647,0.03859331302165119,0.037793114889469216,0.20803687075235908,0.37198885227272027,1.4967836939788908,0.1345637242670893,0.25641371529710494,0.059997517571873764,0.04330091774308777,-0.6230048646604469,0.3015655968285867,0.0348782329823761,0.17534641724950242,-0.08952361937168114,0.06563977690333957,0.23650397756886415,0.18159358232728126,0.38716482929881585,-0.0879686169142109,0.2357890171535215,0.16363770019808146,0.2369799496899871,0.18334916504875853,0.1876301912391612,0.21952677088634642,0.5319909186776788,-0.14967243841873262,0.16007298503048648,0.1124497704330856,-0.013102374687607438,0.0806354913469118,0.14519700530487195,0.04119075026199411,-0.14817017822382952,-0.059932934568648066,0.05586384013541771,-0.0286683527861143,-0.01971096979777824,-0.1734757181100925,0.03735300614721684,0.04882362702500747
0.05692358406735627,0.055880447458109626,0.23737459219472462,0.15972487014752781,0.14049455407924974,0.17397114453101747,0.09620362346651688,0.12092471982220648,0.05232581061100851,0.13445382735839675,0.13556555849117843,0.1294418510644578,0.12297557331878707,0.13219736216953404,0.1825440570058947,0.1967353869302772,0.15582815695617275,0.14824255520058585,0.08881066187489675,0.14348494167346568,0.1858282960175729,0.3670423852732594,0.1345637242670893,0.6586637589615784,0.13164409000422553,0.04012467303875506,0.20550406398698648,0.15670840505279868,0.14247373052480897,0.4446858989352714,0.11006365277411904,0.4933071507670947,0.3195214961630417,0.250221087396942,0.20690734284346035,0.0901912731944485,0.316594898553604,0.30712693814028247,0.16225536593541062,0.14862449351562648,0.26436046594531154,0.200768716280019,0.4128180657923523,0.3046463935915374,0.07692343131243282,0.01583396203710267,0.29589170680553856,0.027320105630685335,0.4022032165530656,-0.00858377932792687,-0.11484435598024273,-0.11836625923356783,0.12108300559267005,-0.012362779926416843,0.12509204582484956,-0.0910337639847011,-0.12756090187553118,-0.18388684387969528,0.39104330631848655
0.4410228811519231,0.1798806356094573,0.4630093793956829,0.12576978345194706,0.1177653091029961,0.18383897212564212,0.1905001949347173,0.2206513017153367,0.0009205403998303374,0.21134060336448574,0.20098955163678053,0.23967926068905546,0.1361748099940123,0.22593021617417788,0.20184425960950517,0.21314791334457703,0.3292580423524708,0.17594387079260443,0.1391218886229078,0.20453306193940682,0.2060038413410685,0.2794085123084961,0.25641371529710494,0.13164409000422553,1.1010939191753337,0.06331226508830577,0.17471844900978573,0.21637998700254202,0.5201235219966089,-0.0842774232211198,0.36050340930845287,0.2709420240164953,0.029449218985987104,0.27313854939752236,0.3026016267571633,0.26954662485982217,0.04358995370626689,0.32496164000417266,0.37512320770464197,0.21166512731460288,0.1986778922159189,0.1953938599355504,0.3139671612302428,0.3169700485003185,0.26619218226859037,0.04771738363475485,0.10951137316307605,0.019848106027150304,0.21275965895140037,-0.29582907728269847,0.14128089727775484,0.12401730578999308,0.07933886537289064,-0.012527251383320857,-0.04772093152730058,-0.04029679590792429,-0.050379548303841386,0.07814287203682618,-0.020582030526365563
0.047556299205522706,-0.15159507136059674,0.14564971190521178,0.13558374110136875,0.09412366947434762,0.14153171870770406,0.07208922184998784,0.16651961647057018,0.1686697253521697,0.050174795056346,0.13059820233294145,0.08064264648716123,0.15246770776289836,-0.0014146500601011185,-0.0018096017177090282,0.20570469895876242,-0.054844446882357234,0.47357118427383216,0.038747033910331685,0.4098908199297499,0.018707789019589433,-0.28653366194541413,0.059997517571873764,0.04012467303875506,0.06331226508830577,3.0630341472342666,0.11987226517368726,-0.1508148746667703,0.4714098901061338,-0.3735205746098604,-0.1906869184721243,0.07508417578397374,-0.36662785531403436,0.21616709992109678,0.47208304753384267,0.13468231691640506,-0.09204769804158862,-0.13168088548636167,0.24780826766394215,0.11523893878609866,-0.5908928026309166,0.14315226211137722,0.1901539942926705,-0.24932935951203003,1.0064038296123183,0.11163048544765751,-0.0016931031590562658,-0.03717441738466904,-1.1357686218554863,0.3230119757842682,0.05878254405808804,-0.25353606332152373,-0.18529663561714524,-0.09876746294222394,0.22742150409676928,-0.04410457598739279,0.19705497175744213,-0.18898361753171808,-0.17700539157339468
0.18666086257146158,0.1856579546495593,0.2563676044044498,0.13817779238898978,0.12617800751150146,0.17480636158856241,0.12409774729625965,0.14707684817561142,0.06208520692687842,0.15936230495840886,0.1615730824386491,0.19313407513201172,0.1174436128423471,0.15462222793187086,0.14327285770812187,0.2402007336785949,0.21506240323168718,0.05703899791241269,0.06965113957068773,0.2722323817760614,0.1446943617863545,0.28491874373157516,0.04330091774308777,0.20550406398698648,0.17471844900978573,0.11987226517368726,0.692204349897437,0.2354803790138534,0.06706871903261263,-0.0180031672352796,0.2524526291455342,0.6550440216276742,0.04749883556735366,0.26035641091507383,0.1838001399066823,0.17912861056551718,0.02619980518269713,0.3821926979353984,0.09852726464637197,0.18810517667167503,0.2629684778513653,0.18531634592365132,0.4929054619001057,0.24727347925899984,0.1894688413608058,0.06310757958959796,0.08454560579932904,0.012153178947617806,0.1011643098059884,-0.05379632169802816,-0.10973270060573935,-0.029341642160028696,0.1840742275080636,-0.009357407152606072,-0.005391034646133553,0.010124738003238225,-0.02384282362429078,0.018354838344225348,-0.010812263704964983
0.14122117008408697,0.3669433678540044,0.3012588850046062,0.0906459716715126,-0.016971886037205855,0.1834112911013061,0.08782743902843357,0.20094287786834372,0.06822100487497502,0.11518664880764246,0.14089128939216766,0.1258682699699688,0.12282675956309734,0.13638816653962635,0.06912165282992984,0.2636669996907589,0.4347259512238491,0.05731171781641192,0.11468021803253658,0.09486341221060735,0.1890775429982144,0.5440982567044682,-0.6230048646604469,0.15670840505279868,0.21637998700254202,-0.1508148746667703,0.2354803790138534,2.4417354478280795,-0.18184423177109227,0.09182850379779128,0.4411168165960354,0.4240901469816449,0.2691356571428049,-0.06625783432583317,-0.10181372358864306,0.23396905424126388,0.16948710551668342,0.6785093056173271,0.16373705847083647,0.22996509754324593,0.36890583401713867,0.1686905914060378,0.9663957803914539,1.0780114796405875,0.37916487363551665,-0.31006141038173,0.030804233823912078,0.053607828603250585,0.1903549293794223,-0.3494759602632308,-0.0014632695145499182,0.5623491704469619,-0.583895748125338,0.087856912603289,0.26513611071590126,-0.09060714129578001,0.08140265159132067,-0.18362800085534678,0.3959319720365817
0.2468682533706481,0.14339999259079053,0.5739684843605461,0.09024564746475053,0.03721319206547937,0.16246530986407046,0.15423292140696734,0.1933520382290604,0.062149924941366924,0.2163947164066209,0.1983536035144885,0.21418744042080218,0.20162238032630825,0.05472086730941322,0.1016193045947288,0.20525020932835705,0.22330413694811474,0.30217928271453603,0.08490801367798967,0.4107248781495123,0.12264734274378926,0.18013133771791104,0.3015655968285867,0.14247373052480897,0.5201235219966089,0.4714098901061338,0.06706871903261263,-0.18184423177109227,3.3891033312247516,-0.4957589945161168,-0.6105995050300277,-0.38039180260841016,0.1331500707887464,0.584012431944877,0.5814263694338683,0.3005837278268667,0.0877019224406401,-0.16780773956563777,0.3960517238626077,-0.039951819470707486,-0.4694266150496188,0.17782480138792703,0.2857389127715136,-0.25504764399307756,0.45028255893194,0.3619570765748231,0.12567671947003856,-0.04493617630311489,-0.004638272677714983,-0.24077206809222965,0.19079899070787215,-0.04805466458683545,0.031151064514967405,-0.14257151412654337,0.07366886937765027,0.019390615831058146,-0.15282487884560783,-0.155140191534608,0.07637229369204074
0.26777275952271495,0.03984945034624005,0.25892006647455523,0.02796099475678555,0.15304917125979334,0.052332202115386674,0.11357812043197099,0.05023145876807406,0.05693907733345787,0.2171384819704481,0.047988792481874924,-0.07488053567247244,0.06460963322209216,0.12679492361245318,0.2924174854389447,0.09092490809444519,0.04623091163718505,-0.08988498552502001,0.03178402182842186,0.1165256288938303,0.23210613506099284,0.5069764799291006,0.0348782329823761,0.4446858989352714,-0.0842774232211198,-0.3735205746098604,-0.0180031672352796,0.09182850379779128,-0.4957589945161168,4.342595709724167,0.15133152998671728,-0.551286870995301,0.5891315759155459,-0.07779906262126368,1.1535115485398326,-0.1482379203532919,1.559143004131739,0.06840233935931574,0.7314021597774727,0.49087745748733214,0.5564118128752267,0.3218184643709763,0.9966268150193993,0.46608157616290236,0.4962924213971795,-0.23590972858944215,1.6019794643880239,0.11456046408568897,1.7741753570943917,-0.4239992149202131,-0.27933051916737467,-0.8530740202297502,0.7619054013535405,0.11876388877028639,0.3569753774968813,-0.01663091700689032,-0.1505902249032653,0.020109489273749316,0.20270033845012433
0.3659769656378938,0.16149043099956767,0.33914450529026885,0.10724847670333375,0.12990210524549267,0.1710931947068931,0.1669812499457617,0.1552296250465287,0.03585951677927233,0.18276550715453374,0.1997608598352752,0.16728057438450367,0.10482820148786232,0.18863084517704964,0.21802885360395236,0.13451332951290462,0.29413599829884124,0.02471128346496801,0.12082385735274727,0.28866339188156426,0.27271873529526347,0.47713621551307583,0.17534641724950242,0.11006365277411904,0.36050340930845287,-0.1906869184721243,0.2524526291455342,0.4411168165960354,-0.6105995050300277,0.15133152998671728,1.6480113433487595,0.44880286435623545,0.17409623768959792,0.09278253047288168,0.31252405429710617,0.5659260483443388,0.20110211308906317,0.4916825997853096,0.4431523187582612,0.22916668560630635,0.7099177477670329,0.26923026134303635,0.022892531861095588,0.5004316250658392,0.03106306295750743,-0.042378698061611667,0.0724752277443354,0.04481836512154419,0.5990825589729208,0.0352142019845927,-0.16604901640958855,0.12221771976838333,0.06795989932866214,-0.031755059091538376,0.06667866932429502,-0.05536346384317048,0.03807921398187498,0.004245036962519528,-0.008023581417584112
0.03795858498735482,0.19203228875531989,0.14100802697429102,0.2678506720289549,0.27900784263194456,0.3109398681632849,0.13570299604715888,0.10408478230581719,0.07217316006539673,0.12845205957440536,0.16181382792684282,0.2667276878773069,0.052293970286884046,0.21581597206878247,0.22346394093032926,0.33567391985939454,0.23135238427931334,0.020659019039191547,0.1369909496592191,0.33284230746058074,0.13734709864838374,0.5224511759374885,-0.08952361937168114,0.4933071507670947,0.2709420240164953,0.07508417578397374,0.6550440216276742,0.4240901469816449,-0.38039180260841016,-0.551286870995301,0.44880286435623545,3.2870884435000405,-0.20668835490277676,0.8321234887306521,-0.5680703046266308,0.2524258404909526,-0.7130379959121054,0.7652938284328245,-0.2937111916492367,0.13800561628124,0.5582786492828169,0.13826834758784012,0.20458414831939975,0.44545556608165965,-0.19123750648699467,-0.045107204503112834,-0.11226984220959994,-0.05504860313177499,0.23847340610467707,0.014158234019083926,-0.129168713337884,-0.13191588119981995,0.2609942979861867,0.08960070536981263,-0.2847521302167804,0.15207190687864378,-0.07073659288884736,0.13100113679283307,-0.1730405368065315
0.09979200607627657,0.06901045844503712,0.11916170035352859,0.05347857261902999,0.01210468619367657,0.02753957977586888,0.15123592712801648,-0.06061677575527857,0.19625470136108342,0.019022518563759538,0.04898466493993572,0.08666835094830029,0.07900517063276702,-0.014926780805566302,0.06874436673798173,0.007446832650976052,0.22422300573675488,-0.0688064620081217,0.01773586148279271,-0.07891018708737513,0.18537163011266453,0.5603607552771863,0.06563977690333957,0.3195214961630417,0.029449218985987104,-0.36662785531403436,0.04749883556735366,0.2691356571428049,0.1331500707887464,0.5891315759155459,0.17409623768959792,-0.20668835490277676,1.966125128817301,-0.38707074972878885,-0.980114441903105,0.11011442258698957,0.7758058394993425,0.48538802232291645,-0.36259588484863825,-0.18363022448180852,0.06738528388252957,0.12260556198482195,0.42035197330161683,0.15708434870044297,-0.2788143007583207,0.17333973186121265,0.2068358922891268,0.09465157792723036,0.1115319956224556,0.09055173063288521,-0.12874612372736804,0.11028964831366996,-0.020378333543565993,-0.18514932337102355,0.17383206733365397,0.2180120984370032,-0.18460029831859268,-0.19182551050832208,0.17060169719344281
