2.7255972362522245,0.9603369417850065,0.7892656819678612,0.4778490197721167,0.7417829118381745,0.5572542556271992,0.744534388679211,0.6368685155647796,0.5120842508840917,0.5747031648073684,0.629065888908968,0.6097190875300667,0.4130974951319672,0.6187962341308602,0.5620006536729399,0.5636008028124988,0.5487834025533844,0.5507260087893642,0.5925264534955438,0.47839731296971466,0.5970425448307717,0.5215292967001797,0.2189293602354169,0.2751689786749664,0.6431435126756608,0.36319105198299734,0.5975781376576814,0.3531991753673181,0.6209337081048433,0.23461706883584768,0.6404986677095564,0.4168974774827675,0.2813486051197078,-0.4666556719661706,0.4271900378932979,0.6773609469558199,0.7303999373181839,0.823062018455429,0.590648120134138,0.38261671569942884,0.5124162485297052,0.5114699537825477,0.4825956987573571,0.08890973576087915,0.6392800895501205,0.6879243688167108,0.35824880363383604,-0.29169998005743525,0.3656047473484699,0.23850853945642395,-0.1387410981158609,0.03478640035744593,0.08843120363847527,-0.06654072369208648,0.29641714423763704,-0.214856360058379,0.25128204490946787,0.029811996866157875,-0.33789617916656917
0.9603369417850065,2.788425011376082,1.1158612349940125,0.26542963835803945,0.16784506925933673,0.36829993963989305,0.4716393588177191,0.48242158288882003,0.5006115595349148,0.3485173945341299,0.4833394449634555,0.40483802244272166,0.3147830984226374,0.4332382549971962,0.4932527196108652,0.27069011633256357,0.33306535767817547,0.5416457988475804,0.451683175285766,0.511768420171508,0.5382451882599564,0.3600408985296576,0.07186566214973131,0.24310961840315023,0.4126832215425491,0.35590524195342854,0.39544334443564816,0.44241238871390426,0.6487962261173071,0.039996685370124914,0.496783753623988,0.3694548498860203,0.25194799113693656,0.2241151902290309,0.5381558309678465,0.4385588504167288,0.8501991052377199,0.5890508579275332,0.43983926094715403,0.0023639990222957545,0.4863215077040136,0.43454910998344737,0.49688662988756965,0.05442909705778601,0.7208540392682836,0.509813553219119,0.28538852726095015,-0.08708979414410713,0.13157476039401397,0.25118270101250806,0.0072537053861493886,0.3909610630491498,-0.10445031916644949,-0.24461173165883274,-0.345117450066858,-0.22097874510111196,-0.08493282456764396,0.3792614294416691,0.014586250848889747
0.7892656819678612,1.1158612349940125,2.0805299385666687,0.06766312139621906,-0.29882985640547316,0.40888086785315675,0.2894059748991055,0.3909249619427028,0.5943243586216043,0.32300963865295795,0.41677239041884406,0.32823116216024983,0.25082754299114657,0.3992807291006424,0.42158017632417916,0.1883180907319503,0.3741871972848193,0.4197763451022079,0.42482931038692734,0.33411949084940157,0.45813069652311433,0.39572175244257035,0.14943942429020193,0.24333677735303055,0.3857506081481813,0.25809386003516793,0.2932089959942977,0.4603747887339482,0.633101424054334,-0.18144749735293852,0.438273384343943,0.34255903525173687,0.24305009786217457,0.3179403910121722,0.6445290207423073,0.4195256811034377,0.6209691618636084,0.4878943421103262,0.4208952761186429,-0.2654458374289319,0.47525754524897307,0.36365763789339056,0.43418489762574897,0.09792293034818866,0.521364143292618,0.5959508778244847,0.16924053766827915,-0.2076427011934255,0.12601336428515852,0.05709512332566244,-0.06617531246029115,0.4016528925171862,-0.07366994539091991,-0.328446783959554,-0.056190865184232774,-0.044874133818293895,0.07421291839546779,0.04717830218370507,-0.2541987791174215
0.4778490197721167,0.26542963835803945,0.06766312139621906,1.0759423374520602,0.7570027019154857,0.449138668799521,0.44226838686691944,0.43632540969530054,0.24179944522050692,0.4155042056968997,0.38755627410580773,0.4530743742132748,0.2585456365627372,0.40989227969788306,0.3067860438509634,0.45759107825507017,0.3639201788818791,0.31313765326021864,0.32517013924666904,0.31339309930878323,0.3177506398871532,0.3277195518251303,0.23772711033239793,0.27015213563668444,0.35671090269260525,0.2773622601547024,0.37606100278252835,0.06549789727638385,0.4308873896871791,0.14903808111878578,0.3220258477266395,0.3680851051565452,0.15702564608201097,0.3008473848896149,-0.03601486481592651,0.43497955119927867,0.25318673013096304,0.446536812444927,0.4054385235507083,0.373651128823174,0.218334440008847,0.28257809652276694,0.31389596043798407,0.04924282428263054,0.334469128248786,0.33485231714733,0.2504847965678257,0.027896629254410523,0.1560795632900686,0.05502872384798959,-0.016383659982679294,0.03532248479257339,0.057122738210271695,-0.018533730842705154,0.14231318856195033,-0.08919237372426993,-0.013389821212202743,0.009420215878609722,-0.028652105082434504
0.7417829118381745,0.16784506925933673,-0.29882985640547316,0.7570027019154857,1.446411553927904,0.4994448732331953,0.5117676089842966,0.47106385851617255,0.23480312054964408,0.535905955135148,0.4024296967998502,0.5220513843202725,0.31373817118708275,0.4008759658874636,0.3594512308309443,0.5600607754994128,0.38152161269335916,0.3413557095911155,0.3249445756825271,0.342776666729122,0.31547203630631554,0.355422703084402,0.30953862429682727,0.3082454951798179,0.39883933356617673,0.2873827685766896,0.4289730785747639,-0.008323037112730585,0.43682257359271054,0.2535039588009731,0.3579985724313283,0.3591091401028624,0.131443748354872,0.18435189664594617,-0.11758556550968532,0.527179343220582,0.22141927156468724,0.5060556525165536,0.45546269174036796,0.5709628671676837,0.21910297721930586,0.3040579949328169,0.25434621965475007,0.05083920614412706,0.293079890579519,0.3403313634801396,0.2969801788063677,0.046085092387849344,0.2736640372124776,0.15539699360423503,0.004082510580118034,-0.06727770024461377,0.12647230845199423,0.08027974667494228,0.19615236441191097,-0.07564656565238984,0.023619976138435195,-0.09778814193731279,0.008855071504349452
0.5572542556271992,0.36829993963989305,0.40888086785315675,0.449138668799521,0.4994448732331953,0.9128532414395016,0.14023283112310697,0.5119936462434339,0.4023941832815921,0.32989622053105544,0.4338036795242171,0.41501220433182584,0.2909146749014553,0.46124048824978287,0.3652204591372629,0.41681751976708414,0.42907568916399325,0.35514955816895694,0.4305576228866569,0.43354059436506337,0.4064127498559338,0.3917210825747999,0.15706688661529555,0.29836279625029627,0.37696747762920263,0.3625749453699459,0.470256260535833,0.25099656220344974,0.5222805555826061,0.1520758144975539,0.3989992618471146,0.43456464460079125,0.10927388547340458,0.36006663089301244,0.308716980689884,0.43581335901857887,0.4200714557193299,0.5107425751554815,0.47451591034917506,0.27673012610953907,0.28671901259374166,0.3454613507373243,0.43463193287298707,0.058935602395642196,0.5426210842262033,0.3605746778544155,0.3327555632840494,0.05531046362436527,0.32979781062876623,-0.04185365666344522,-0.11171228123366432,0.11885850155308442,-0.04713902360359249,-0.06410141885468951,0.05795364507804656,-0.09412940897199652,0.013759487176216998,0.09247276210263888,-0.17684012450841752
0.744534388679211,0.4716393588177191,0.2894059748991055,0.44226838686691944,0.5117676089842966,0.14023283112310697,0.9657263072131285,0.26914655107202257,0.32743081437212923,0.410941744699378,0.3673600833037581,0.4386556010638862,0.2350776264643227,0.2754125661472112,0.2969343344721158,0.3201851642878696,0.3600369828509298,0.3396243457380815,0.3112164694196973,0.24180002460535777,0.34867800352222383,0.33480527241880753,0.3161612748010293,0.260495075899455,0.35757918096794533,0.1955567960562857,0.338588854104536,0.1422310342021877,0.4090660250023925,0.16009535084311877,0.3336470552556924,0.25214802057562163,0.266946655376463,0.1828531047882192,0.07092309903774842,0.47176863147179315,0.32022163600468395,0.40378111468178574,0.4139831910150273,0.2662459559274948,0.26339922224508483,0.2962705633754801,0.27202069412597724,0.06225067721621568,0.28465691148103744,0.39385455632749733,0.1987596569934775,-0.03893976101488815,0.1879595046862901,0.028685488335841846,-0.026073668063956966,0.05901398848482467,0.08554352278559224,-0.08014132198468366,0.021935245250606843,-0.011321271650333616,0.0998127931617161,0.014697942807197372,-0.14853246125148117
0.6368685155647796,0.48242158288882003,0.3909249619427028,0.43632540969530054,0.47106385851617255,0.5119936462434339,0.26914655107202257,0.8767632473879368,0.2699274891568689,0.503551689259338,0.523912313292968,0.3526719814452391,0.33674364695879705,0.46015119203541255,0.37913634859359396,0.41081392972597497,0.4283262544295685,0.46873199805545934,0.44592469123981876,0.3647221555915286,0.37919025016315006,0.35633307574640655,0.217357417570013,0.280464930341431,0.43858954510768705,0.3792411190803734,0.5080470416521643,0.25216915078147895,0.425360503408727,0.2019050203677318,0.42784782415869804,0.3772558978536923,0.09705448033148989,0.3710166720007005,0.4126560112897289,0.45563707866722086,0.4985429483506994,0.5059746459354243,0.539914529273757,0.2113405406023711,0.4034964510296899,0.33022498179517107,0.4473645711357681,0.07168060395476263,0.4723845263986965,0.44139199067629215,0.37497933470297434,-0.048039845414131886,0.2937244053735377,0.21533683004214968,-0.053242275794237875,0.25075307666922675,-0.030133278935083597,-0.18828150728206097,0.011669445438286347,-0.25100302005953334,0.07931864983074648,0.15797546998416745,-0.06009969102585721
0.5120842508840917,0.5006115595349148,0.5943243586216043,0.24179944522050692,0.23480312054964408,0.4023941832815921,0.32743081437212923,0.2699274891568689,0.9507545084365036,0.2338407678695185,0.2736486136769286,0.31523543615888916,0.22224494913953616,0.3282416318059194,0.361693224643071,0.17040452910649243,0.2727183074379751,0.2867477428093363,0.24365032913455648,0.3306677493839858,0.3349036703339544,0.42472287756548255,0.2716726155365823,0.2744530666600262,0.2945453768153992,0.3450554276237352,0.3216379491041905,0.22823556762088515,0.34585087976206014,0.14686016009674366,0.3149045263661089,0.3239550041505933,0.27761493860775843,0.3511019856796082,0.2167817448466814,0.39878281160286727,0.30604214641348776,0.3357435194408959,0.3840665158459181,0.10947009469971021,0.2616854422062681,0.28173865500031253,0.34261372830454917,0.07353524224314834,0.3847415097311147,0.3994129771025326,0.2419414069615752,-0.0018577498106483827,0.15211995252268268,-0.2088854520316875,0.005014265913986434,0.17325029553946494,0.10136131533779577,-0.1530833005355547,0.06292017698444335,0.07622248116303923,0.1364252233233065,-0.008575029462539544,-0.3937183632137884
0.5747031648073684,0.3485173945341299,0.32300963865295795,0.4155042056968997,0.535905955135148,0.32989622053105544,0.410941744699378,0.503551689259338,0.2338407678695185,1.173067743654578,0.37115302944360823,0.4175498584836807,0.289157065513965,0.34653011182503296,0.34304166183610346,0.4566284651013316,0.46590803108997525,0.42179763284571875,0.42989997603790775,0.1680304893909037,0.3290515110567067,0.36167323466090856,0.3433251097718814,0.29321765892254525,0.3865198914330459,0.2753167392627036,0.48177193065359514,0.18033355563184147,0.4794957622076202,0.21685948548335707,0.37243242206599286,0.3155368270610574,0.07466361022875996,0.3398710325871438,0.3188899993171288,0.5287971846920343,0.3353500578686363,0.4236679507847768,0.507397211075891,0.371225479376248,0.47352977023384557,0.30698391858128554,0.3408067629877528,0.09469541469475239,0.34074116401356785,0.44481163881392816,0.3292500808867619,-0.1394071461279238,0.4303528491810194,0.10704055303983688,-0.027389148140349324,-0.12946260949136335,0.031198925166457368,0.036482558111269,0.23422186358543115,0.04108942527923794,0.28653768786756323,-0.25084545798796193,-0.1920667310287304
0.629065888908968,0.4833394449634555,0.41677239041884406,0.38755627410580773,0.4024296967998502,0.4338036795242171,0.3673600833037581,0.523912313292968,0.2736486136769286,0.37115302944360823,0.8981343555668324,0.39288019195640517,0.28171871938374343,0.42500051455115595,0.4673429301151523,0.36776848923383837,0.38150676638991543,0.4450802999293648,0.33896998630265135,0.4271820337496073,0.3901101853162196,0.3025756219148367,0.24439950045353828,0.2772341565028076,0.4240683088899948,0.3034553846657335,0.3952227398633418,0.2472449157078544,0.4977844776194472,0.10254374012207321,0.40989139198437274,0.3655717888731754,0.15279792281625507,0.28704057387975485,0.35217008770593483,0.4512016488924524,0.41559251113337675,0.45317423927929934,0.4986955173335786,0.2061362172341488,0.3525694015745355,0.3356682460407054,0.3599574183429023,0.05972191751478725,0.434007069733113,0.4254517409591723,0.28670352266266586,-0.019313127692341062,0.1101653494124718,0.030711149126152394,-0.021939947164967832,0.1860669870620204,0.0556822495925468,-0.11286514242688422,-0.10735167656840751,-0.08928087301927964,-0.010509961313095135,0.18242735844016902,-0.12658212117400433
0.6097190875300667,0.40483802244272166,0.32823116216024983,0.4530743742132748,0.5220513843202725,0.41501220433182584,0.4386556010638862,0.3526719814452391,0.31523543615888916,0.4175498584836807,0.39288019195640517,0.7238999585394759,0.25061968818069086,0.39780489565745536,0.36728635056887443,0.40011692098894,0.39154819747523995,0.3102210070413055,0.3756285280107069,0.3117320820434729,0.358375156288605,0.33432947985449823,0.21543071821197884,0.2467810876067852,0.3963570682335176,0.31805336994197186,0.4516574181079946,0.16246616595876662,0.4675926053703471,0.09469683327402453,0.3533460138008422,0.3668694275275358,0.11603566540649983,0.2712260557521348,0.29677160321215096,0.46611325170333706,0.29256460354251984,0.42006229044982435,0.4354484827488489,0.29232599741450765,0.37915005126690576,0.32215249980987554,0.3421571532223556,0.04502400117783942,0.47906932401975055,0.3555572456259762,0.21766841302321857,-0.010094309631745341,0.3328110932301755,0.026337645032282544,-0.04400009411603301,-0.05440850695631517,0.08905157030865637,0.021385981572220984,0.03746042487333713,0.076824407941107,-0.04004880270946918,0.05034253699771382,-0.30617479908719675
0.4130974951319672,0.3147830984226374,0.25082754299114657,0.2585456365627372,0.31373817118708275,0.2909146749014553,0.2350776264643227,0.33674364695879705,0.22224494913953616,0.289157065513965,0.28171871938374343,0.25061968818069086,0.42501719923051395,0.24878093023483344,0.2221181771157586,0.27129545955736056,0.27182088832283774,0.29406822367455376,0.2602138313222442,0.23621059002090097,0.23152439859468732,0.30386058521099035,0.15159669324483138,0.20991556609404705,0.26789168342222086,0.24138122778265758,0.26929269161973424,0.18690999957278742,0.31832967580885124,0.10440527821811223,0.2554163648710015,0.23199803449675507,0.16535372863415815,0.17882869502502724,0.20939286498438647,0.284032935563397,0.30255971624952166,0.2944160089798378,0.27093275592715615,0.15864747975108154,0.24066256378560602,0.21218701599712445,0.25242188337392635,0.0586879884327209,0.2139710081943289,0.2856685589463615,0.21068461245804307,-0.026491827908347115,0.22124474425710033,0.020606345738127994,-0.03712859693773717,-0.0066663843705666494,-0.012372896237577006,-0.04693748979484899,0.11371306715720148,-0.07697357307904826,0.03398107271927835,-0.09519510280055005,0.024956445588499306
0.6187962341308602,0.4332382549971962,0.3992807291006424,0.40989227969788306,0.4008759658874636,0.46124048824978287,0.2754125661472112,0.46015119203541255,0.3282416318059194,0.34653011182503296,0.42500051455115595,0.39780489565745536,0.24878093023483344,0.7734187075508956,0.3474372285042619,0.42554565225634483,0.3615941390363464,0.2915946301797777,0.36995623383443244,0.4105901403617217,0.3699590727678242,0.3453376133967514,0.14844621834343433,0.29189050178368176,0.3519968925795732,0.3262580278907228,0.4185191816543001,0.2563462804146381,0.4705057022677399,0.15588842886619014,0.39617899790257255,0.6104509722882429,0.119087748414148,0.25568822126886004,0.3654306521280678,0.4278866830475034,0.428067886273704,0.5073567204246907,0.4136307246302355,0.20856448225334664,0.3991449064797647,0.3380034867331073,0.42501278245107865,0.059397658205930855,0.47438601354400883,0.40183383923758065,0.2519024946544954,-0.024821085342060734,0.20383713725186595,0.07963081976378861,-0.04878651932795868,0.12652642023594352,0.018745363933273116,-0.0996304133010896,-0.10166575424761673,0.0025276808521781,-0.08193770241616286,0.23733512576846683,-0.19325466580008724
0.5620006536729399,0.4932527196108652,0.42158017632417916,0.3067860438509634,0.3594512308309443,0.3652204591372629,0.2969343344721158,0.37913634859359396,0.361693224643071,0.34304166183610346,0.4673429301151523,0.36728635056887443,0.2221181771157586,0.3474372285042619,0.7229223869682483,0.23817374331501792,0.35088818062979577,0.4113697996359683,0.3387471231455522,0.3380769660589519,0.3571539592032855,0.214453342007142,0.2664876937836119,0.265782737987357,0.41946119814297633,0.2152922931561849,0.3845438456601847,0.29185093127515616,0.4921454668118961,0.16704563659967128,0.3816674684865142,0.3217511088408317,0.1628708440895793,0.25662314805186776,0.3083169419499195,0.4578850723274914,0.42903793980200483,0.3366833987217975,0.4823030941003816,0.19490515092580676,0.4081542267044735,0.3085510185325952,0.3389516770091606,0.07458722047456072,0.37830064739120584,0.42269431088078396,0.2944884929267331,-0.10150346697378437,0.20306969583954387,0.45786508392967634,-0.040317002030006904,0.22437021148752725,-0.1613952435695128,-0.049778264284056975,0.027242449293836412,-0.03022815026439587,0.036550558515254156,0.027466767038976936,-0.10921977794264988
0.5636008028124988,0.27069011633256357,0.1883180907319503,0.45759107825507017,0.5600607754994128,0.41681751976708414,0.3201851642878696,0.41081392972597497,0.17040452910649243,0.4566284651013316,0.36776848923383837,0.40011692098894,0.27129545955736056,0.42554565225634483,0.23817374331501792,0.9487028268520067,0.4324015505998966,0.35979152913749024,0.41162303156076324,0.28726004800028,0.3464948282884987,0.47403723158240985,0.1812435634336024,0.2694611601541112,0.4177050761319595,0.2568587553992265,0.4334968173627665,0.24975982138608468,0.455599898175432,0.15181733665644329,0.3642080418476197,0.3483206899400186,0.09486826120962957,0.22102182309828217,0.487428402326405,0.4018649094900914,0.3609440477024068,0.4019546407224008,0.4048678950061855,0.3120186792676044,0.3984394474500163,0.3501125492733104,0.41642840762718275,0.07822888716657786,0.43847692164125185,0.35007132178048495,0.2769355463559219,-0.039891174500751914,0.21373747781533567,-0.07904319164588587,-0.0674986884232813,-0.010335599116698999,0.12737981757105254,0.0470339288532949,0.18960852630151973,-0.0277688773583582,-0.02629175592666093,-0.09765331869236968,-0.054789250040597766
0.5487834025533844,0.33306535767817547,0.3741871972848193,0.3639201788818791,0.38152161269335916,0.42907568916399325,0.3600369828509298,0.4283262544295685,0.2727183074379751,0.46590803108997525,0.38150676638991543,0.39154819747523995,0.27182088832283774,0.3615941390363464,0.35088818062979577,0.4324015505998966,0.8207438177052572,0.40377842234622224,0.4828403277731492,0.3007598822492421,0.39919634218218725,0.37474177177177775,0.2417697211669529,0.2890133846944529,0.40237226314051494,0.22905172565196222,0.4973481270723196,0.3542175983271191,0.5352609490813981,0.1040266916056904,0.4224274796017351,0.3382956935902656,0.29052892402281666,0.27496353635330933,0.3422535252159986,0.4606369403745586,0.5107938545420931,0.4463361603615103,0.4877069320358481,0.2564796390581656,0.39997396413914993,0.35261721762905224,0.43505835832150663,0.08825595047667362,0.41641011339690703,0.4193104450706651,0.2895971027134529,-0.05497151274826661,0.35211392025753674,0.024274253250165804,-0.06332482075606766,-0.09301831192005476,-0.09375449541816046,-0.037503751663425546,0.1644112900647486,-0.06853963479125812,0.04512140217242858,-0.09034198040291784,-0.004649118209471069
0.5507260087893642,0.5416457988475804,0.4197763451022079,0.31313765326021864,0.3413557095911155,0.35514955816895694,0.3396243457380815,0.46873199805545934,0.2867477428093363,0.42179763284571875,0.4450802999293648,0.3102210070413055,0.29406822367455376,0.2915946301797777,0.4113697996359683,0.35979152913749024,0.40377842234622224,0.8997005470646997,0.3883152352503258,0.15128281116554385,0.4121105779641226,0.34154943439933916,0.3915005687464232,0.26216354131917025,0.4427759334319131,0.3014689398875429,0.4565128222596938,0.39146299418058556,0.4705584587522877,0.10843849095907085,0.5250515225109962,0.29012414411060583,0.21814170997028504,0.33231206882086783,0.40685268543162273,0.5313073156331239,0.5433886124082499,0.3899523527149258,0.45420054182154707,0.14021805861177983,0.48639842751944784,0.3292946973912308,0.46021007273764114,0.0908180322560539,0.4946374091559655,0.48147149600854744,0.46830007336784407,-0.16438581024771212,0.04426082986933317,0.1834587141111159,0.038745633597441605,0.12632497616593732,-0.2277416557324297,-0.13482853403466757,0.021442767494588743,-0.18511613737253685,0.055549649884696885,0.06469462253797603,-0.031496714613855566
0.5925264534955438,0.451683175285766,0.42482931038692734,0.32517013924666904,0.3249445756825271,0.4305576228866569,0.3112164694196973,0.44592469123981876,0.24365032913455648,0.42989997603790775,0.33896998630265135,0.3756285280107069,0.2602138313222442,0.36995623383443244,0.3387471231455522,0.41162303156076324,0.4828403277731492,0.3883152352503258,1.5709343338489092,0.07381635671695486,0.4791341814785168,0.35712730832778333,-0.09718303672288621,0.27719749651247944,0.23022078720624814,0.23405078930217468,0.5445153751686068,0.5050842017069277,0.3052061965773285,0.2562281933012926,0.5260041802034982,0.3464251927500462,0.37127817822208825,0.14849421687879205,0.41001022787785313,0.461238807583333,0.849092923774135,0.5729031560384819,0.5963997036461527,0.14902182298016475,0.4311137042610844,0.4332563637317243,0.42102132739185,0.08144922250040415,0.4612294397945037,0.3726132679371547,0.30303560425280285,0.22585058031703542,0.5720447584590451,0.7877551070857371,-0.14915935998815577,-0.014119942022180185,-0.3123972463688772,-0.16875535275905534,-0.11603274453804252,-0.1107174934360014,0.07282838080021259,0.1645928575698053,-0.05411555206279907
0.47839731296971466,0.511768420171508,0.33411949084940157,0.31339309930878323,0.342776666729122,0.43354059436506337,0.24180002460535777,0.3647221555915286,0.3306677493839858,0.1680304893909037,0.4271820337496073,0.3117320820434729,0.23621059002090097,0.4105901403617217,0.3380769660589519,0.28726004800028,0.3007598822492421,0.15128281116554385,0.07381635671695486,1.1763172378693127,0.26673480128400423,0.23654030122920516,0.059620324891302735,0.255278296337253,0.3881897968442728,0.21578131258123193,0.39098471938083174,0.22894835802254132,0.47884340724044444,0.20788298018264006,0.2896186446476041,0.3274831179589282,0.24830562089131136,0.23922524577176346,0.28688609542116617,0.23377452371505125,0.599799447569881,0.43737578179262876,0.45600244975755694,0.25288973819764593,0.11780060670780054,0.25388808182620404,0.5008224853930462,0.011829145609680791,0.652907000962348,0.2529262073852483,0.1959775914487125,0.3223519064949842,0.2589175574308415,-0.06919473900846086,-0.05875472819603885,0.25287431777300706,0.1639944758829738,-0.10266361328142351,0.03231834492749841,-0.029623706766665606,-0.06429749057673916,0.11314436054882877,-0.10625014929354361
0.5970425448307717,0.5382451882599564,0.45813069652311433,0.3177506398871532,0.31547203630631554,0.4064127498559338,0.34867800352222383,0.37919025016315006,0.3349036703339544,0.3290515110567067,0.3901101853162196,0.358375156288605,0.23152439859468732,0.3699590727678242,0.3571539592032855,0.3464948282884987,0.39919634218218725,0.4121105779641226,0.4791341814785168,0.26673480128400423,0.6798501067491243,0.342365935417894,0.20994046207681674,0.23626327975101868,0.312208890907389,0.18642815001587767,0.46747687089310536,0.38146439715260666,0.5361698790078852,0.16141734934022778,0.47344018817805855,0.3286718873651082,0.24667462458619807,0.23608020450977155,0.44097980531660225,0.522033325294875,0.5055982429845187,0.5138081794097187,0.5350362876147373,0.22948412822124614,0.4559705669605566,0.49619307791533934,0.47401914717754556,0.07992952396000685,0.667969824379615,0.40983220926747177,0.2989571658750701,-0.07213748943878,0.18259947423461173,0.1695728117013266,-0.054110380489373985,0.11282899164424794,-0.06793966811092406,-0.09446580871800479,-0.06750330374519228,-0.07151773592590507,-0.05050670787519018,0.1631565441061108,-0.12380029934375175
0.5215292967001797,0.3600408985296576,0.39572175244257035,0.3277195518251303,0.355422703084402,0.3917210825747999,0.33480527241880753,0.35633307574640655,0.42472287756548255,0.36167323466090856,0.3025756219148367,0.33432947985449823,0.30386058521099035,0.3453376133967514,0.214453342007142,0.47403723158240985,0.37474177177177775,0.34154943439933916,0.35712730832778333,0.23654030122920516,0.342365935417894,0.8370639878150377,0.2995852619191573,0.2534346418138106,0.3519199153214109,0.2735471216637415,0.42646351325344845,0.2342398732874543,0.4279360221556667,0.10763707668864049,0.3174414104244079,0.3035235333901327,0.2041662803429169,0.26823578722904345,0.3403262285055508,0.4056344241629522,0.3425247101742607,0.35042663909981536,0.3840283921942473,0.1751809479819215,0.3096141599250453,0.31843444795329995,0.3940423188678547,0.09437252774422336,0.32507689473428536,0.3834904558265178,0.24743131704239155,-0.009214498167041101,0.13549823145777073,-0.13811538830180278,-0.04416236942597352,0.017827839151196862,0.09655819365237474,-0.08504855761566586,0.13256512639085044,-0.017489179702014107,0.021827211120749635,-0.08837570173253938,-0.112911242909851
0.2189293602354169,0.07186566214973131,0.14943942429020193,0.23772711033239793,0.30953862429682727,0.15706688661529555,0.3161612748010293,0.217357417570013,0.2716726155365823,0.3433251097718814,0.24439950045353828,0.21543071821197884,0.15159669324483138,0.14844621834343433,0.2664876937836119,0.1812435634336024,0.2417697211669529,0.3915005687464232,-0.09718303672288621,0.059620324891302735,0.20994046207681674,0.2995852619191573,1.1941806680032128,0.30070339325410717,0.4965050039895787,0.04872925688914114,0.2196345825175575,0.025494533619890607,0.5036887429930791,0.2623880276544986,0.12911972723454035,0.12829450400113265,0.21742466140989405,0.3266751839547115,0.04743496330676951,0.5491644199001753,0.12830435951770486,0.042143106702107434,0.468997119770522,0.16845037574007773,0.25530317684956816,0.15946570778525557,0.19990269011973685,0.17012995847093942,-0.01478410617363354,0.3877420021137702,0.3067124723143199,0.024842461992211268,0.07567915226761852,-0.18941465482584147,0.03409394824255474,-0.02376176148461729,0.15792196881990295,-0.03702233707233124,0.17814556574592696,5.4077434138028625e-5,0.09848671198245063,-0.249107120392526,0.032672357135350466
0.2751689786749664,0.24310961840315023,0.24333677735303055,0.27015213563668444,0.3082454951798179,0.29836279625029627,0.260495075899455,0.280464930341431,0.2744530666600262,0.29321765892254525,0.2772341565028076,0.2467810876067852,0.20991556609404705,0.29189050178368176,0.265782737987357,0.2694611601541112,0.2890133846944529,0.26216354131917025,0.27719749651247944,0.255278296337253,0.23626327975101868,0.2534346418138106,0.30070339325410717,0.6204459184488136,0.3260810132661525,0.1501081322669794,0.3152024810781235,0.25547773813753666,0.29182720326464606,0.43424427163597495,0.34189441025436235,0.3330994314195369,0.3577308723044885,0.11960807123864427,0.17665913793107063,0.46068663691029915,0.4312020193902291,0.3507722398096103,0.32496772985355293,0.1628131037657683,0.28943198543033927,0.23492137334286217,0.2769546583016375,0.09684741409976007,0.06777482010060243,0.42142897645013644,0.3282770651962101,-0.1494139738052963,0.4215825545883019,0.03967991392948382,-0.07978421726953254,0.09007289947328811,0.031530630612268004,-0.09388579192426048,0.2058748966669074,-0.07500181313212405,0.11105463797295297,-0.2365569868946767,0.1058597897182173
0.6431435126756608,0.4126832215425491,0.3857506081481813,0.35671090269260525,0.39883933356617673,0.37696747762920263,0.35757918096794533,0.43858954510768705,0.2945453768153992,0.3865198914330459,0.4240683088899948,0.3963570682335176,0.26789168342222086,0.3519968925795732,0.41946119814297633,0.4177050761319595,0.40237226314051494,0.4427759334319131,0.23022078720624814,0.3881897968442728,0.312208890907389,0.3519199153214109,0.4965050039895787,0.3260810132661525,1.59154615803762,0.34910642498755134,0.5167907019533242,0.22669922807465334,0.5714219258316815,0.27941478815161347,0.40739514832190166,0.2755215382392614,0.1895978753700234,0.3535672281062082,0.36510510368192195,0.6040174904801767,0.3190614677877897,0.33809066653247555,0.3622765144589226,0.15969649979399206,0.428885530606919,0.28530300268995834,0.472875265196397,0.11214591541635474,0.37919217791657156,0.7122274961497062,0.34452787314282785,-0.36420627381401327,-0.5976054845475154,-0.12235484379130653,0.04781399818808662,0.16666179683846133,0.13323544939152035,-0.06927162119247617,0.14013746463692758,-0.08386078492042061,0.02759892015084836,-0.025836174855898945,-0.08974692165932206
0.36319105198299734,0.35590524195342854,0.25809386003516793,0.2773622601547024,0.2873827685766896,0.3625749453699459,0.1955567960562857,0.3792411190803734,0.3450554276237352,0.2753167392627036,0.3034553846657335,0.31805336994197186,0.24138122778265758,0.3262580278907228,0.2152922931561849,0.2568587553992265,0.22905172565196222,0.3014689398875429,0.23405078930217468,0.21578131258123193,0.18642815001587767,0.2735471216637415,0.04872925688914114,0.1501081322669794,0.34910642498755134,1.5064990054380756,0.12152569348470016,0.20723103825361247,-0.20783341329337515,0.09434667047296502,0.309562515399031,0.3297056171254286,0.05178262584675175,0.3838889136349281,0.3068854848807631,0.06289198174868758,0.2686902173296297,0.3532430172264956,-0.21295689996391123,0.1580004969330675,0.46786781993900983,0.2661029187466587,0.3799628357483259,0.018824744884315382,0.5780405454350088,0.1724211803573055,0.21795889348473058,0.14728851102269958,0.32384181864689165,-0.42459109056390526,-0.07835453806459101,-0.253403841718453,-0.03996439876325758,0.03337308790774429,-0.03089599488911246,-0.03673188548439397,-0.0017537306142760471,0.3577094272362743,-0.4515133273842156
0.5975781376576814,0.39544334443564816,0.2932089959942977,0.37606100278252835,0.4289730785747639,0.470256260535833,0.338588854104536,0.5080470416521643,0.3216379491041905,0.48177193065359514,0.3952227398633418,0.4516574181079946,0.26929269161973424,0.4185191816543001,0.3845438456601847,0.4334968173627665,0.4973481270723196,0.4565128222596938,0.5445153751686068,0.39098471938083174,0.46747687089310536,0.42646351325344845,0.2196345825175575,0.3152024810781235,0.5167907019533242,0.12152569348470016,2.521580239140754,0.5715147824098691,0.5198267196480553,0.48204512732095883,0.6956890237071193,0.4128098769611764,0.3188366996970672,0.5399519566570207,0.635869636412692,1.1561200814711976,0.7290271216261224,0.8834664220701804,0.7139990959319997,0.545776818655463,0.9174295695458428,0.4939664361673038,1.0401755909459611,0.019783142176513682,0.6516146587675389,0.5748787039814823,0.44125571537766456,-0.20598442662769476,1.5320141284313222,0.4232132105971762,-0.21884456444396555,0.42047773956562684,-0.08476908944110827,-0.1305196918899593,0.2865398952213167,0.030758872356108264,0.018560682974784828,-0.06503019136597296,-0.17062898098192028
0.3531991753673181,0.44241238871390426,0.4603747887339482,0.06549789727638385,-0.008323037112730585,0.25099656220344974,0.1422310342021877,0.25216915078147895,0.22823556762088515,0.18033355563184147,0.2472449157078544,0.16246616595876662,0.18690999957278742,0.2563462804146381,0.29185093127515616,0.24975982138608468,0.3542175983271191,0.39146299418058556,0.5050842017069277,0.22894835802254132,0.38146439715260666,0.2342398732874543,0.025494533619890607,0.25547773813753666,0.22669922807465334,0.20723103825361247,0.5715147824098691,1.151778660867764,0.2713748835639005,0.22389624426439853,0.4791519134191447,0.28628372825050924,0.5739858209355859,0.15870627483704375,0.8410221168137384,0.36831045729714007,0.7334049894047503,0.3640004704372297,0.31730026224684577,-0.006726504752435131,0.5523175185269331,0.3933143637339188,0.527975656558618,0.14798120275105067,0.32807429479942846,0.4166102650478318,0.30298119266700807,-0.10934814860754424,0.5174094758467275,0.25585570958121256,-0.13326908642858434,0.5914413851782934,-0.6763016870843546,-0.1590618121158815,0.01007476368295381,-0.03443059317517375,-0.0133581036940265,0.018782372278271234,0.011047665570021832
0.6209337081048433,0.6487962261173071,0.633101424054334,0.4308873896871791,0.43682257359271054,0.5222805555826061,0.4090660250023925,0.425360503408727,0.34585087976206014,0.4794957622076202,0.4977844776194472,0.4675926053703471,0.31832967580885124,0.4705057022677399,0.4921454668118961,0.455599898175432,0.5352609490813981,0.4705584587522877,0.3052061965773285,0.47884340724044444,0.5361698790078852,0.4279360221556667,0.5036887429930791,0.29182720326464606,0.5714219258316815,-0.20783341329337515,0.5198267196480553,0.2713748835639005,2.8363349346073448,-0.30350268786762047,0.24457551401491678,0.4771821612302461,0.18833945612535619,0.5315731527972068,0.2516087631921363,0.944817784101083,-0.07150359908271636,0.33173084716957546,0.8581815111912333,0.35154800265376984,0.41212980544330563,0.3721246044442526,0.2459214148480546,-0.04198957828923899,0.3893768126372642,0.5580959823964904,0.13122897457045,-0.16263193032458154,0.9147963607573222,0.44386104227146783,-0.12462360859710155,0.27314995243992635,-0.19435319525163908,-0.035419896267802994,-0.1131878701038177,0.10244388739452662,-0.10047400928959455,-0.11732983350182141,0.05284654373913257
0.23461706883584768,0.039996685370124914,-0.18144749735293852,0.14903808111878578,0.2535039588009731,0.1520758144975539,0.16009535084311877,0.2019050203677318,0.14686016009674366,0.21685948548335707,0.10254374012207321,0.09469683327402453,0.10440527821811223,0.15588842886619014,0.16704563659967128,0.15181733665644329,0.1040266916056904,0.10843849095907085,0.2562281933012926,0.20788298018264006,0.16141734934022778,0.10763707668864049,0.2623880276544986,0.43424427163597495,0.27941478815161347,0.09434667047296502,0.48204512732095883,0.22389624426439853,-0.30350268786762047,2.938895932326304,0.23221114190699038,0.1342723801500925,0.16374863187797795,0.06783902211340408,0.32473802189333983,0.661662790377859,0.8761666379752702,0.3581689340516641,0.4995742771998773,0.21455862159878306,0.700881160781589,0.1867173083386268,0.5416120629269457,0.1709682534920299,0.19524377194207204,0.7164704623830856,1.2951515142207781,-0.7646628497855149,0.3602808638312334,0.3715224736239465,-0.1919423644336199,-0.17792432337708078,0.13429570436070215,-0.0022790915421718144,0.18059845877099412,-0.1848637537210224,0.28148107829457314,0.348765958659306,-0.5856645999052371
0.6404986677095564,0.496783753623988,0.438273384343943,0.3220258477266395,0.3579985724313283,0.3989992618471146,0.3336470552556924,0.42784782415869804,0.3149045263661089,0.37243242206599286,0.40989139198437274,0.3533460138008422,0.2554163648710015,0.39617899790257255,0.3816674684865142,0.3642080418476197,0.4224274796017351,0.5250515225109962,0.5260041802034982,0.2896186446476041,0.47344018817805855,0.3174414104244079,0.12911972723454035,0.34189441025436235,0.40739514832190166,0.309562515399031,0.6956890237071193,0.4791519134191447,0.24457551401491678,0.23221114190699038,1.3400385164570394,0.3948960460088719,0.2861686549402215,0.18228388291657646,0.4189939378933142,0.811867101428996,0.7307303640202438,0.7037281334764363,0.48335844199760575,0.2127087677656511,0.5236447607104092,0.4240934147935367,0.483949513425982,0.09070462758415233,0.5345954195518117,0.6627515298694026,0.3601616197975417,-0.2325821910830263,0.018557093782659302,0.44684127663386713,-0.076551845368429,0.337780503759197,-0.23817257409933937,-0.18261457301801565,0.10400684318791696,-0.117783877073457,0.14417305700566843,-0.04330032986194016,-0.09554189072564594
0.4168974774827675,0.3694548498860203,0.34255903525173687,0.3680851051565452,0.3591091401028624,0.43456464460079125,0.25214802057562163,0.3772558978536923,0.3239550041505933,0.3155368270610574,0.3655717888731754,0.3668694275275358,0.23199803449675507,0.6104509722882429,0.3217511088408317,0.3483206899400186,0.3382956935902656,0.29012414411060583,0.3464251927500462,0.3274831179589282,0.3286718873651082,0.3035235333901327,0.12829450400113265,0.3330994314195369,0.2755215382392614,0.3297056171254286,0.4128098769611764,0.28628372825050924,0.4771821612302461,0.1342723801500925,0.3948960460088719,1.0824265047876913,0.07480627919397471,0.3697315874452008,0.2824163028953634,0.4273196989889264,0.2872783638139531,0.5758234448766596,0.36367127071982136,0.2091222777961538,0.4056910201683524,0.30677001274301463,0.3642540625166277,0.05608316180442286,0.4276351340400054,0.4449364894677695,0.22881160522031546,-0.07268644865936101,0.04273007561449192,-0.02775228817370733,-0.008284367156612455,0.2959561226264533,-0.2412690785526693,-0.10351589852290298,-0.1834779735471624,0.0633151533779624,-0.052201137858902784,0.21650472213310137,-0.23142479762498824
0.2813486051197078,0.25194799113693656,0.24305009786217457,0.15702564608201097,0.131443748354872,0.10927388547340458,0.266946655376463,0.09705448033148989,0.27761493860775843,0.07466361022875996,0.15279792281625507,0.11603566540649983,0.16535372863415815,0.119087748414148,0.1628708440895793,0.09486826120962957,0.29052892402281666,0.21814170997028504,0.37127817822208825,0.24830562089131136,0.24667462458619807,0.2041662803429169,0.21742466140989405,0.3577308723044885,0.1895978753700234,0.05178262584675175,0.3188366996970672,0.5739858209355859,0.18833945612535619,0.16374863187797795,0.2861686549402215,0.07480627919397471,1.7431618247418055,-0.09209987903738458,-0.35171393818920954,0.23620796635042393,0.617154877770746,0.21231346146460742,-0.05344916746904252,-0.08809906708408503,-0.23547387860684132,0.2531366705492524,0.3187554687553692,0.12817412397055353,-0.3374195166220568,0.34456765924867544,0.20246288557563014,0.22196114893844476,0.4940171927790308,-0.23314506374110025,-0.146732799551009,-0.01805473875145467,0.14746767625080598,-0.2525222731780687,0.26232442186708754,0.017159746428310283,0.03384887489386891,-0.18686262469925688,0.12379723398042451
-0.4666556719661706,0.2241151902290309,0.3179403910121722,0.3008473848896149,0.18435189664594617,0.36006663089301244,0.1828531047882192,0.3710166720007005,0.3511019856796082,0.3398710325871438,0.28704057387975485,0.2712260557521348,0.17882869502502724,0.25568822126886004,0.25662314805186776,0.22102182309828217,0.27496353635330933,0.33231206882086783,0.14849421687879205,0.23922524577176346,0.23608020450977155,0.26823578722904345,0.3266751839547115,0.11960807123864427,0.3535672281062082,0.3838889136349281,0.5399519566570207,0.15870627483704375,0.5315731527972068,0.06783902211340408,0.18228388291657646,0.3697315874452008,-0.09209987903738458,1.9930002154854987,0.4789396750074252,0.32671297934780524,0.056655039828203954,0.031886989041436865,0.46615791339965945,-0.015475121319177132,0.6331077954935285,0.2180387590593786,0.5668157017994038,0.12496361677558869,0.4509328570422178,0.27200483618202154,0.32337241063699285,0.13926872081585218,0.05191397030893436,-0.4288628189663303,0.10430933259008252,0.22370597203096065,0.02177273048387241,-0.14346099722202965,-0.36530157263503565,0.1805077706761481,-0.2944556892509136,0.2474459995359387,-0.0940962143392315
