1.557987887081413,0.27856552713106314,1.0000076384822292,-0.03680725234137318,0.23671759736725964,0.2233334840120784,0.36408723474297033,0.24077187505643982,0.3275184539817203,0.31366394853452373,0.24608888808262874,0.340784919572842,0.14384290993136112,0.27957784810980424,0.21772164034653516,0.23838854331674272,0.1631740915448907,0.35239013411961295,0.23532241051789168,0.16559705712952225,0.2695482666100578,0.2655150287165622,0.14126366736427196,0.05589740430350712,0.24131100524700744,0.18992357195004347,0.2306457783469053,0.10119593654011856,0.17374703040839484,0.2820054033802653,0.17529984107243193,0.230617666461777,0.24990226081667866,-0.12191429126707835,0.09671674498637171,0.15228155600222354,0.10618547363772626,0.17048211675279273,0.14769586970531562,-0.07430308233587063,0.18112868158421128,0.12838356436723694,0.42718196784722146,0.06158430417822673,0.4145187830016382,0.3675837585431855,0.2796982968100124,0.018687009491556734,0.26213231018024946,-0.14037871768187735,0.10841557017452091,-0.04997288861529012,0.12201314103446474,-0.10326748023176356,0.4202009606072901,0.09861858350190032,0.09524905930483461,1.0196953402319948,-1.743849748673999
0.27856552713106314,1.8864195050903618,0.3293873496770364,-0.303158804419628,0.03571988634634971,0.2173850964577522,0.10709356696299402,0.07434206737695798,0.20150331122355106,0.1420592943737,0.06748891133120534,0.029786326273039468,0.0815277085716906,0.04415076095461618,0.12429963289569625,0.01786800892979868,0.04923968677215921,0.0886814258289227,-0.06404305575824235,0.14491512603345022,0.22716881153242524,0.042030366999507955,-0.12833569754702384,0.05128907206761244,0.036892032951651305,0.04871061628870826,0.03795361269613342,0.09632422505543257,0.08971407547213242,0.006334480335352227,0.0700328959964371,0.06586584200665385,-0.011976757754998898,0.014389723827278201,0.1412916718672903,-0.014395445837805809,0.05390621357633553,0.07486185695405861,-0.014044184951876119,0.06514738653786444,0.007946762483589956,0.05339355277810684,0.11210731535244035,-0.042789568500658674,0.2911261522222806,0.07355621172579663,0.15928492472003278,0.0049570392863722825,0.14370905517544869,-0.1692206044606319,0.14852529780981621,0.1081518031674642,-0.10509354759821542,-0.047421824793118156,-0.21975596226232794,0.09266998294378286,0.01864235976352417,0.14925316532567134,-0.05639004751396762
1.0000076384822292,0.3293873496770364,3.640914739159415,0.41827036509846477,0.22407603181250793,0.4645888112536191,0.2921075056406686,0.8134852353748644,0.6415138781440549,0.6788052731628909,0.5820316449663957,0.5969871073474152,0.4925066225262882,0.5272582022501733,0.3988538844304587,0.5301002489042007,0.5595514738692572,0.719946985188551,0.49329399951797737,0.38582628048975354,0.42229583559716394,0.5462607704492091,0.3342600255140896,0.578957077137996,0.5012215408228933,0.6043228249298864,0.47759957095484895,0.37085204145913003,0.7064582691335988,-0.2562202092126289,0.37232323975384135,0.41888222370536415,0.4649189772641574,0.3882977471840637,0.4580350561998587,0.6548637781645469,0.6569921141727955,0.2955492041284079,0.28907322549091186,-0.35673344669789414,0.7578840300726933,0.40490266968153815,0.4737855845070367,0.22724775144108308,0.8354200978983576,0.9482496126442339,0.6085910109000624,-0.054624527490942,-0.32428502072812065,-0.03008484909131538,0.3969419334218349,0.020837489211851277,0.14155385499463294,-0.40368835200604414,0.0368589607901468,0.15320220123855058,-0.2445007748579796,-0.039403100807829515,-0.33307502754993595
-0.03680725234137318,-0.303158804419628,0.41827036509846477,1.4283737792039133,0.3215528013400158,0.3736943214603373,0.27454124914454264,0.36879809768981947,0.19904908732584237,0.29071834364091165,0.40710164077716926,0.43729129622086355,0.26011775209951615,0.38420855608261734,0.2728659600396395,0.3864108778184071,0.3502139078515355,0.3647913293093921,0.31331947527423015,0.3034116863371455,0.24369960807036295,0.27401204225248926,0.22345508036410172,0.33531815498573275,0.3265671071633446,0.3546676345676312,0.26725322784152783,0.17246838964585082,0.40346509812651626,0.1704994042127447,0.08018828384309004,0.3383768158284798,0.23867552165767073,0.45283776732385184,0.1376137298250387,0.29725436562521773,0.3835817109982873,0.2134929690377542,0.25058480633757757,-0.021660128869660806,0.4384132837138702,0.2433226733566748,0.25890235831172353,0.3143244938356373,0.4166504616672471,0.37591726488881466,0.36242855099941,0.07669193238508394,-0.07445782935310284,-0.0343484376601849,0.05828463960477925,-0.06869511508263262,0.0714846842890478,-0.0364791140821455,-0.2771561221340415,-0.02463620998473098,-0.06754380107520047,0.23892925115193656,-0.1884826608232533
0.23671759736725964,0.03571988634634971,0.22407603181250793,0.3215528013400158,0.892185407922758,0.39069738399854104,0.18709210639424464,0.2989316667275,0.2644900321884671,0.2711250868313212,0.26420524411081847,0.292281516569374,0.2286875174977167,0.285696504129598,0.25872471960553023,0.33511517512966504,0.26289265523377553,0.29194529800579044,0.4509489973202671,0.22149374050768603,0.217250269566546,0.2625694109209963,0.20614225582102308,0.2925328345353578,0.25778588953162485,0.34466090233782404,0.17677770258024064,0.12197031430465165,0.39778043276674446,0.21337053649139023,0.12933334152358628,0.2631465423536091,0.2101095213408131,0.3545777667736099,0.0941309743888502,0.240877556918063,0.3697306700819278,0.2020739972626097,0.2281016453981735,0.11509920235773771,0.42043725120796854,0.26062411304333727,0.21919397758247816,0.11826485294292971,0.33172536825173715,0.4300019648218327,0.42300721583520007,0.14975190240863057,0.264857483149074,0.076595172587663,0.08158951213443548,-0.2058634189151029,0.08736862755655948,0.015077563889636627,-0.0760400571825899,-0.024110819980549893,-0.09317439152636964,0.38228930519243914,-0.3522134675045636
0.2233334840120784,0.2173850964577522,0.4645888112536191,0.3736943214603373,0.39069738399854104,0.6746848037235244,0.17913978998620864,0.3481376699141398,0.2998929757753283,0.33106049721825115,0.3112919972075718,0.29691588854988415,0.2692159350465291,0.33119737191464416,0.27016474123257794,0.3230544817693555,0.3156760218700925,0.3032836894723392,0.439030261974154,0.31697872264742605,0.29866254388968444,0.3526153207965054,0.15214891988977983,0.36928288844185575,0.28555495276616477,0.3602501611390987,0.22922245992018375,0.22864416308534044,0.4951870129109946,0.21597067461250094,0.14382020730675038,0.311010339511728,0.21677451543032303,0.34334038560583524,0.21821736280329063,0.20010784319373853,0.3595573259419214,0.2437401851086927,0.2977480221189731,0.08969501677224309,0.36393179986001145,0.2618913592227083,0.3275594931776712,0.1449551945376435,0.3896048589430608,0.41165142195590665,0.537270155494606,0.12839854484683313,0.5099544613815532,0.11360501921060558,-0.10430643606565264,-0.08253114513816472,-0.04973254833101183,0.017717711672505625,-0.10398574329638163,0.0002297411342643535,-0.09466879416892453,0.3210312538165606,-0.26196174373648673
0.36408723474297033,0.10709356696299402,0.2921075056406686,0.27454124914454264,0.18709210639424464,0.17913978998620864,0.5309823023262473,0.11263454468102027,0.3243414681164141,0.23132227059605232,0.24097528246028313,0.2933208307271488,0.19157453213944514,0.14087574842403866,0.16265041822129817,0.18093835750235548,0.17564587390657085,0.280545632678373,0.15905109810159754,0.16174053013042983,0.2381941910525932,0.2563642636133285,0.17321270813254977,0.23541017546250298,0.1912476026715381,0.13805613319779922,0.16340655641218618,0.09427796116638885,0.25350761992859927,0.22760216881585615,0.09763731491342827,0.1473536068033361,0.187557262920325,0.1389209404652291,0.051741774023134235,0.1921575409695439,0.19031114046333208,0.12147435472093149,0.12822197246070893,-0.03805581909030206,0.13962148260848356,0.12686756763977378,0.2200031597584948,0.11000255042600696,0.2525785848244934,0.20843715820964082,0.12212326347341353,-0.04137300505546754,0.017820587616833132,-0.1141761195647697,0.028345925059643923,-0.032504578427843205,0.051411112113887956,-0.06339501074022508,0.038190698531903114,0.09103675228289111,-0.08334641053792485,0.35272154362427466,-0.5423700257726498
0.24077187505643982,0.07434206737695798,0.8134852353748644,0.36879809768981947,0.2989316667275,0.3481376699141398,0.11263454468102027,0.8760447831220656,0.1624535205767113,0.34752730007525556,0.3910555217431127,0.3615849927785238,0.2891219723832722,0.39001350977356763,0.23028339050467717,0.36481237999395133,0.37155520278206283,0.34810534114969655,0.37531142257233646,0.3379809365288873,0.1914412100952383,0.26355699321766923,0.1222589932019586,0.28107231852688175,0.35681982922658045,0.5078978712900876,0.29544510292225756,0.2302982879750965,0.3566329622283663,0.127808634063878,0.10947890775210148,0.34858266312496,0.21348073830793035,0.36100647245532375,0.35003873628887927,0.1998181685146486,0.38379045346562557,0.24171974425245168,0.285750239436569,0.09128972032545636,0.49249000815665783,0.2861661508090799,0.41624591725101723,0.11879358013659973,0.507966123490004,0.4662340914324502,0.5885039882758945,0.18831745099703687,0.418216316140463,-0.020040108900421735,0.07946578285701575,0.03551712762136216,0.055143955141181054,-0.08873954336682172,-0.07498911752464084,-0.06012657205880237,0.037814336741339515,0.529575775873873,-0.6257233628995178
0.3275184539817203,0.20150331122355106,0.6415138781440549,0.19904908732584237,0.2644900321884671,0.2998929757753283,0.3243414681164141,0.1624535205767113,0.8131508750902886,0.1857345180981977,0.2260404977033848,0.20332294315190533,0.2546586648161892,0.21424560073410573,0.1959107339478996,0.1911071320801498,0.1942034968801297,0.25648842049423237,0.24070083282702934,0.24753848034736853,0.26172256006385597,0.30122262859685245,0.2086324275413466,0.3931506712184487,0.20431571089666922,0.3276860222074609,0.181680469763344,0.10975126010818978,0.309412316507468,0.22545522479672306,0.1890016707130382,0.18817150841842936,0.26568307152232395,0.13093858006400466,0.07974300111323371,0.2686599801485385,0.28118246358572313,0.17541109551016518,0.1514724419044905,-0.008888682137904261,0.2549678455763434,0.18766832393069477,0.24447910914173387,0.10989608971160685,0.410833094724113,0.42031052689205267,0.25007601520881023,-0.020060323567550914,-0.15602014871040532,-0.15472952680458943,0.12831373942120572,-0.1381250980474096,0.17734958845436746,-0.08929551371943642,-0.0421430868549224,0.14213367103998722,-0.09554308226305913,0.29027090589373333,-0.4424741043342039
0.31366394853452373,0.1420592943737,0.6788052731628909,0.29071834364091165,0.2711250868313212,0.33106049721825115,0.23132227059605232,0.34752730007525556,0.1857345180981977,0.8428502286017825,0.3056006099364655,0.3400220898315432,0.2618953575950712,0.26451348635398714,0.26882080597172714,0.3128356637666708,0.29164841300372085,0.32482056423612676,0.2874704302007614,0.15087559057673863,0.19123332561658302,0.3063256795736524,0.31319264932888446,0.3566069513308482,0.3102757039561849,0.34831407909577916,0.211886602384978,0.185191092085472,0.5067026627285476,0.04771426735239134,0.2017891020696595,0.2521717945826744,0.11870275953051419,0.41579403409904714,0.3028077628703829,0.25846473456776325,0.35063714893956377,0.15526307583185958,0.19988041893877054,0.07003606414219542,0.5297236325058021,0.25348432102830676,0.2442194628122118,0.15786637181053523,0.2601485207614333,0.4647270338575269,0.4741512872574626,0.1451516079073048,0.3493698502184826,0.001311093261403083,0.06763076286560289,-0.10496755778658372,0.03196786878993831,0.015003640573153183,0.0969525650511732,0.14328483999308494,-0.07382251444211838,0.005757001316059424,-0.2718666194147159
0.24608888808262874,0.06748891133120534,0.5820316449663957,0.40710164077716926,0.26420524411081847,0.3112919972075718,0.24097528246028313,0.3910555217431127,0.2260404977033848,0.3056006099364655,0.6556764936394487,0.43783367485715985,0.3048512670325245,0.31067650046138984,0.3312928952122422,0.3306443003049083,0.3780958310206915,0.35943259744585804,0.2947368258196172,0.3499218295118883,0.2900948304763613,0.23107909455597164,0.13242245155635216,0.319195993490227,0.30856128812645384,0.39574736841576225,0.26224411028360056,0.21358265112810695,0.41216405831466507,0.1784228785130227,0.11244291275793043,0.27314438601073265,0.2030811489448181,0.2844463383016511,0.3380379067673505,0.28130425161530387,0.3215037205310834,0.22132014355464144,0.20946944964159608,0.08184223118425743,0.4480776428155174,0.2763011453842855,0.30038733188402694,0.09511447009424033,0.4989108297307616,0.46979711315153366,0.4030819057659738,0.11198086828903837,-0.0022473055247572956,-0.0808500974198601,0.09656556127938568,-0.09462019139713952,0.1514315014809547,-0.027493987717667586,-0.14440255417565087,0.00934216901331655,-0.14033348149176475,0.3072993265713581,-0.3089071389525594
0.340784919572842,0.029786326273039468,0.5969871073474152,0.43729129622086355,0.292281516569374,0.29691588854988415,0.2933208307271488,0.3615849927785238,0.20332294315190533,0.3400220898315432,0.43783367485715985,0.743616962803964,0.2539545774095436,0.3315572039505647,0.259026106336926,0.38171457512810314,0.37160312680410446,0.42669881750515565,0.32582759259990834,0.2545295150189303,0.2872362826205319,0.25427766540672647,0.13252752266850848,0.18683507294374613,0.34765771595347233,0.31814221398268094,0.30561220165001945,0.1591826692897293,0.283668871332859,0.17960052887835568,0.0907315982912305,0.30863480317502706,0.18026248090743324,0.30873638933471015,0.26792407743242846,0.26721336800561546,0.20798081953303835,0.19315079650600703,0.1975202555740322,0.023387480601313834,0.3854537159930164,0.22748956051209868,0.34585610103174136,0.11612129153739793,0.540864962907512,0.3967276634575494,0.4149020509077682,0.10021675603938238,0.2987518073574878,-0.17329202791151915,0.1456455123290682,-0.08568506120384817,0.11636402737770747,-0.03620118261891361,-0.04284211830337484,0.10179631750077957,-0.12863842124357144,0.5194616654997084,-0.8549913139981415
0.14384290993136112,0.0815277085716906,0.4925066225262882,0.26011775209951615,0.2286875174977167,0.2692159350465291,0.19157453213944514,0.2891219723832722,0.2546586648161892,0.2618953575950712,0.3048512670325245,0.2539545774095436,0.4737531844185394,0.2099294550445463,0.1681186895802019,0.23685516667767426,0.2674054305682291,0.29388196596568256,0.2516992257675368,0.2329276131729025,0.1949957643873059,0.36386743989071146,0.14186217043288374,0.34673962581746837,0.21660975809256822,0.3087714610886198,0.21359445923802473,0.1941002130963547,0.46770614982321956,0.09506381117675759,0.06454693815129213,0.1976823700191534,0.2063000874263108,0.22051311134620727,0.24267876844219502,0.25818708978589827,0.26951062041686663,0.15126956269923933,0.20566456319453946,0.04653250293175748,0.3550972059794931,0.20314847621025683,0.20858265979103813,0.10753568564262747,0.24114085014585973,0.37619302657106435,0.2977679543661777,0.012108148957860243,0.11829031703592251,0.03979920590372605,0.04216502081815102,-0.09433512808362475,0.04438939894768058,-0.04766108179909348,-0.06256034889336216,-0.04239754730414499,-0.2611398558285222,-0.06805006800951646,0.28313018751000274
0.27957784810980424,0.04415076095461618,0.5272582022501733,0.38420855608261734,0.285696504129598,0.33119737191464416,0.14087574842403866,0.39001350977356763,0.21424560073410573,0.26451348635398714,0.31067650046138984,0.3315572039505647,0.2099294550445463,0.49671537230360985,0.2859321300137427,0.3591115253879115,0.3009688246641586,0.27206428254599074,0.31099657805188635,0.30469031434409743,0.19442094305204813,0.23203906247618394,0.1286521731985233,0.2752705650849481,0.29523328226944984,0.44008196221988727,0.24779211602330592,0.18283476503925092,0.28215877169852066,0.18225645716888011,0.12301912899157791,0.3864974708493032,0.19438649897161778,0.2899374946367849,0.2808901343495251,0.2258152065724393,0.2602881621519608,0.21195236794921904,0.2546643047360568,0.11799125557656001,0.4558886618559285,0.25604443662944265,0.3108431195330341,0.12397721575985729,0.4483068550867259,0.43340499348926254,0.48238830501393537,0.1575508384681991,0.373268179159685,-0.022671449767006968,0.0573618518447105,-0.10951156311105026,0.12852151571887332,-0.022274817194359336,-0.1352232443677411,0.003317233857653277,0.03573957852891504,0.36613527338453566,-0.44996920800426
0.21772164034653516,0.12429963289569625,0.3988538844304587,0.2728659600396395,0.25872471960553023,0.27016474123257794,0.16265041822129817,0.23028339050467717,0.1959107339478996,0.26882080597172714,0.3312928952122422,0.259026106336926,0.1681186895802019,0.2859321300137427,0.7232765127983364,0.28409379940476504,0.3158381940037263,0.3141770206911416,0.2772394032220859,0.26586908816913274,0.24273927194652828,0.03712437796807584,0.0851857182054649,0.29645882490633374,0.29789621833272417,0.32556625669039346,0.18845487158032137,0.29922192274001624,0.3500521699356698,0.23750290518188533,0.15874940849552882,0.24523109216383301,0.1941002240240453,0.27464462384711397,0.31046041801411506,0.20612666289136178,0.3343140002740468,0.1472219945714237,0.19669163239031268,0.09696621234928146,0.41591492565245414,0.2514138429195664,0.2381724316948679,0.08020399255514614,0.36629578371341964,0.4024849403638686,0.37838433681034045,0.17124857090902648,0.1261903320597653,0.08863563462590064,-0.0023393620621249577,0.09576043422452801,-0.1198430568046712,-0.016104078298471623,-0.11116588569386991,0.042693024146418415,-0.0812446256513613,0.2403073345668985,-0.1598608479685421
0.23838854331674272,0.01786800892979868,0.5301002489042007,0.3864108778184071,0.33511517512966504,0.3230544817693555,0.18093835750235548,0.36481237999395133,0.1911071320801498,0.3128356637666708,0.3306443003049083,0.38171457512810314,0.23685516667767426,0.3591115253879115,0.28409379940476504,0.74414431714251,0.4000359217982602,0.33145085638851013,0.39132058423438987,0.2780220735556403,0.2278671104207497,0.24120940765562154,0.08770275939627922,0.26003875467666754,0.3683396143549849,0.3240604933403928,0.2915818220966274,0.28151156619693385,0.4118001568875716,0.16096466415406416,0.08599281110467677,0.3163284090740375,0.16793715586351812,0.3575757499008046,0.4351750878476584,0.23569434007416296,0.3373598012372276,0.18054056497432003,0.21806679035622714,0.11004575538879428,0.48677055085316284,0.319496179938907,0.3531534761516007,0.13394224218808737,0.45479134703005153,0.4187859870805743,0.4504637643820247,0.15252610027672706,0.2508916198309193,-0.15194331136675918,0.08391799409330443,-9.72683274199116e-5,0.0625919615329943,-0.019441381653513026,-0.03246994075577468,0.032637132321724965,-0.15595923686787286,0.3156193537569435,-0.33795528274673536
0.1631740915448907,0.04923968677215921,0.5595514738692572,0.3502139078515355,0.26289265523377553,0.3156760218700925,0.17564587390657085,0.37155520278206283,0.1942034968801297,0.29164841300372085,0.3780958310206915,0.37160312680410446,0.2674054305682291,0.3009688246641586,0.3158381940037263,0.4000359217982602,0.8993928300952384,0.24188605316549142,0.3876636407074455,0.3978991636013549,0.3592614067728256,0.1958595207218308,0.025386197114003965,0.205984603302086,0.29340880411712056,0.2720479642511506,0.28487115156122517,0.5046854948360263,0.3760439956776584,0.15607626463670204,0.11762696504210078,0.27850642348597365,0.32367218704841033,0.3351317137859823,0.5206310629257842,0.2903174437997562,0.5758799708936202,0.2737464272387016,0.1732420195442697,0.09951136814553642,0.6011034454881031,0.4461099392840642,0.2830039197246659,0.13831064516452,0.7064710505425548,0.49605006468536217,0.5485725344091511,0.23257007075855915,0.11509690405343428,0.10409262850514008,0.10435283630824549,-0.04113266393342799,-0.09115125633927212,0.01114057281411822,-0.37466928512151854,-0.05828236485391632,-0.13400125544809313,0.2860288338602169,-0.12782229360024513
0.35239013411961295,0.0886814258289227,0.719946985188551,0.3647913293093921,0.29194529800579044,0.3032836894723392,0.280545632678373,0.34810534114969655,0.25648842049423237,0.32482056423612676,0.35943259744585804,0.42669881750515565,0.29388196596568256,0.27206428254599074,0.3141770206911416,0.33145085638851013,0.24188605316549142,1.691138564247686,0.4364217729867292,-0.033090890800404456,0.3613264457404248,0.4210179029939305,0.18161192454455813,0.35869289141220956,0.25340775441344443,0.3737671385005847,0.2640726355327051,0.34785511367891325,0.3877799748696482,0.0364344496385091,0.16291382659853473,0.26490121760474283,0.3399129556772015,0.2644052468995183,0.24660119591899055,0.35254550410372465,0.1574037401931636,0.058203816705091026,0.36052567146124187,0.009999416965462934,0.30180952739738326,0.0780197525020498,0.4776141942812279,0.08030677080816354,0.7462672248322759,0.41059786518340835,0.3454423975054505,-0.15781916234453014,-0.09857512496359092,0.15817691898309827,0.4014951097442802,-0.08443598270068171,-0.29318591242517666,-0.18435884395628582,0.028871233684295422,0.0070264526734885495,-0.23486011504494378,0.38658611192668385,-0.4172467681259738
0.23532241051789168,-0.06404305575824235,0.49329399951797737,0.31331947527423015,0.4509489973202671,0.439030261974154,0.15905109810159754,0.37531142257233646,0.24070083282702934,0.2874704302007614,0.2947368258196172,0.32582759259990834,0.2516992257675368,0.31099657805188635,0.2772394032220859,0.39132058423438987,0.3876636407074455,0.4364217729867292,1.025837209348413,0.1125371907331208,0.3822636120347618,0.34754308032924214,0.0615670997554018,0.2733997431451329,0.2599742968128576,0.26864279534494767,0.2259222828392678,0.3732773972072738,0.4380514021287408,0.35196531089178357,0.1693446197616296,0.31704678726012137,0.36335921700161017,0.278190308460404,0.24295047804669967,0.3044004221551959,0.3929563930727464,0.20869025237570168,0.3201561135690566,0.13112487824260846,0.4887929055690096,0.279347415279925,0.2822024304930639,0.11647488175087316,0.5279416122149784,0.5140380742009573,0.4576727245383288,0.13885172711839983,0.2839019214359984,0.1195432989765819,0.22810892849769895,0.09656745703798059,-0.2465751898914967,-0.10666038204604819,-0.14151242768154862,-0.03870305811714812,-0.11205853008672703,0.43880644444855527,-0.3189843260105941
0.16559705712952225,0.14491512603345022,0.38582628048975354,0.3034116863371455,0.22149374050768603,0.31697872264742605,0.16174053013042983,0.3379809365288873,0.24753848034736853,0.15087559057673863,0.3499218295118883,0.2545295150189303,0.2329276131729025,0.30469031434409743,0.26586908816913274,0.2780220735556403,0.3978991636013549,-0.033090890800404456,0.1125371907331208,1.1105609308231115,0.05389291957270188,0.14075616843216787,0.04802893702691563,0.4281467845535557,0.28229022413585536,0.44863800874076404,0.3456625873267192,0.25132327394383236,0.20953355579445265,0.47248569294923987,0.04420252773720299,0.24239835125924647,0.31898212136324827,0.20480513294598376,0.29684852209597656,0.147743286058498,0.6319903398880702,0.45649577981353484,0.2914800561132284,0.08604239572364202,0.29536066323677646,0.3361824689788853,0.5470939748407051,0.13883422675899945,0.5684476813529983,0.3624835048862896,0.38613695647450624,0.2577116072576944,0.3174676740814553,-0.0516459819395992,-0.206669962509108,-0.006776341477351422,0.2195045973344987,-0.023664116152857555,-0.10602407839997947,-0.08496799044711278,-0.10768314795054044,0.41401298095552036,-0.267231684055548
0.2695482666100578,0.22716881153242524,0.42229583559716394,0.24369960807036295,0.217250269566546,0.29866254388968444,0.2381941910525932,0.1914412100952383,0.26172256006385597,0.19123332561658302,0.2900948304763613,0.2872362826205319,0.1949957643873059,0.19442094305204813,0.24273927194652828,0.2278671104207497,0.3592614067728256,0.3613264457404248,0.3822636120347618,0.05389291957270188,1.019658955993361,0.2695436990521684,0.16559794681884726,-0.13885145908559007,0.22367398892786075,-0.3232026138242528,0.1676808712084352,0.2697196947872683,0.3412997175135008,0.36346308916737985,0.1381411229763939,0.18549449105810467,0.1731278880540427,0.25380380976297084,0.4499386353249553,0.15815067335696198,0.29884551097419465,0.14152289268574783,0.16788719186934556,0.05023216118526035,0.24684757662333837,0.22420198379341802,0.24899409408782228,0.1352758229095116,0.7810483872880454,0.2505524115372917,0.46231954948661785,0.049941061776198115,0.2139713137330133,-0.16621486361709614,0.22361206180351664,-0.07697892147025671,0.017555978993599328,-0.013638341332166905,-0.2124438027089662,-0.004570895354724867,-0.20825355189956302,0.37190509773030417,-0.20290383358587413
0.2655150287165622,0.042030366999507955,0.5462607704492091,0.27401204225248926,0.2625694109209963,0.3526153207965054,0.2563642636133285,0.26355699321766923,0.30122262859685245,0.3063256795736524,0.23107909455597164,0.25427766540672647,0.36386743989071146,0.23203906247618394,0.03712437796807584,0.24120940765562154,0.1958595207218308,0.4210179029939305,0.34754308032924214,0.14075616843216787,0.2695436990521684,1.3139823174049625,0.456429214860862,0.28693001635430787,0.27182361003704236,0.11655588995738242,0.2467944854521436,0.1122709712982866,0.5604871708768465,0.1651940112004301,0.10046002587926026,0.24359932165629147,0.2943654163689427,0.21630302438066495,0.1388354402122789,0.3536965277104405,0.20571181261604377,0.17974096356322655,0.3369349020285036,0.023078932743671163,0.22366700802321693,0.19313492084059633,0.30079300657263985,0.18706853631879528,0.10905175323513605,0.426901375422205,0.38092316927686753,-0.31512177804461267,0.6417655667400868,0.028858681390098378,0.0215327206435803,-0.2545631298410767,0.1039704572062076,-0.09986027519391981,0.06407309705117394,-0.011586798136818857,-0.30372298747677673,0.07562718447086253,0.0010687757096770017
0.14126366736427196,-0.12833569754702384,0.3342600255140896,0.22345508036410172,0.20614225582102308,0.15214891988977983,0.17321270813254977,0.1222589932019586,0.2086324275413466,0.31319264932888446,0.13242245155635216,0.13252752266850848,0.14186217043288374,0.1286521731985233,0.0851857182054649,0.08770275939627922,0.025386197114003965,0.18161192454455813,0.0615670997554018,0.04802893702691563,0.16559794681884726,0.456429214860862,1.5589358852103372,0.3914837097541066,0.4143676606435148,0.10342964709231581,0.1260730375369023,-0.14509250374051963,0.6377378127685703,0.24604513890844337,0.25878722237231017,0.08987901087706435,0.25178495014510877,0.3639034913016651,-0.07295811116185767,0.417167001498093,0.40478392515055334,0.028883165706627655,0.3762551342760849,-0.04367358907916001,0.46047118855717184,0.1276465065449003,0.08972134014469584,0.2963233612167585,-0.14917281060441834,0.4978281722306847,0.3652246064981595,0.08455340529350194,0.35843515139740323,-0.07142832843746283,0.035230152097746034,-0.3251225415747205,0.3489325910443798,-0.06031568627823454,0.10186816511446613,0.027861441110616367,-0.11240449588712516,-0.05852053072840145,-0.019231046685748904
0.05589740430350712,0.05128907206761244,0.578957077137996,0.33531815498573275,0.2925328345353578,0.36928288844185575,0.23541017546250298,0.28107231852688175,0.3931506712184487,0.3566069513308482,0.319195993490227,0.18683507294374613,0.34673962581746837,0.2752705650849481,0.29645882490633374,0.26003875467666754,0.205984603302086,0.35869289141220956,0.2733997431451329,0.4281467845535557,-0.13885145908559007,0.28693001635430787,0.3914837097541066,1.930675823453757,0.30017132464854607,0.9380149529640556,0.15649539408235308,0.28344322283656065,1.0053669221501813,0.33463341898219723,0.18235672219964463,0.21406678974723786,0.5269424425642802,0.006722887283365877,0.15608503893825193,0.623913434045685,0.46357941631574856,0.21510960633372175,0.3149868175653263,0.025054252874589077,0.5905914715643398,0.26962464586269025,0.1876352707048552,0.1338806008271467,0.2018880864736981,0.7310387059638606,0.2812020873191973,-0.051727852640987955,-0.10927742025854337,0.11112751515714123,-0.03890549160270782,-0.09962417007614408,0.12738557753967358,-0.12601617200288592,0.011728946549270513,0.05269026621863675,-0.15994624084863854,-0.40278640470743693,0.5291071378976838
0.24131100524700744,0.036892032951651305,0.5012215408228933,0.3265671071633446,0.25778588953162485,0.28555495276616477,0.1912476026715381,0.35681982922658045,0.20431571089666922,0.3102757039561849,0.30856128812645384,0.34765771595347233,0.21660975809256822,0.29523328226944984,0.29789621833272417,0.3683396143549849,0.29340880411712056,0.25340775441344443,0.2599742968128576,0.28229022413585536,0.22367398892786075,0.27182361003704236,0.4143676606435148,0.30017132464854607,0.7576801436288791,0.21313801212514977,0.25992255417826543,0.13632321611212458,0.636631679669505,0.2796038500595139,0.11690420350055063,0.24935694383654405,0.18886034918455177,0.41903115884684417,0.3048744267422827,0.2673575645290442,0.41745005576409566,0.20208774313278305,0.191627618726374,0.036644629148175366,0.4517403225994319,0.2630479482814317,0.332438000673426,0.14714294936086852,0.24476832134811408,0.5158472053017988,0.4773905389508637,0.12854794341823642,0.29057131827086496,-0.4723983912137319,-0.02401014959503634,0.06658526818879731,0.2715715140652738,-0.013603820374484451,-0.014665622314591814,0.035599255683724004,-0.08089507241182592,0.30030256312921577,-0.40225382048858915
0.18992357195004347,0.04871061628870826,0.6043228249298864,0.3546676345676312,0.34466090233782404,0.3602501611390987,0.13805613319779922,0.5078978712900876,0.3276860222074609,0.34831407909577916,0.39574736841576225,0.31814221398268094,0.3087714610886198,0.44008196221988727,0.32556625669039346,0.3240604933403928,0.2720479642511506,0.3737671385005847,0.26864279534494767,0.44863800874076404,-0.3232026138242528,0.11655588995738242,0.10342964709231581,0.9380149529640556,0.21313801212514977,3.3395125404568957,0.29564531404331873,0.22100827818519816,-0.11315464873865334,-0.2365402919719063,0.332022908920507,0.46402113197374606,0.08421291168107982,0.27295992353231613,0.39925316627261814,0.2508317555626586,0.0029929501058700773,0.24312229134209923,0.4598456731182423,0.641464357955673,1.1058542309726893,0.47443275154209114,0.560886492086604,0.042441604376172656,1.396669456009226,0.6854983528623237,0.58430547272567,0.4149146573823828,-0.017572986073893432,0.18309132524206106,0.2559759787858093,-0.33705221287227494,-0.04939608624821993,-0.04689633194773885,-0.10684732588185057,0.049680347906249776,-0.2715037907724401,0.9697822821178675,-0.8528825202810527
0.2306457783469053,0.03795361269613342,0.47759957095484895,0.26725322784152783,0.17677770258024064,0.22922245992018375,0.16340655641218618,0.29544510292225756,0.181680469763344,0.211886602384978,0.26224411028360056,0.30561220165001945,0.21359445923802473,0.24779211602330592,0.18845487158032137,0.2915818220966274,0.28487115156122517,0.2640726355327051,0.2259222828392678,0.3456625873267192,0.1676808712084352,0.2467944854521436,0.1260730375369023,0.15649539408235308,0.25992255417826543,0.29564531404331873,0.9326729712481012,0.267002713599087,0.2201550582367158,0.20285472505295207,0.0395929702828468,0.22998660513813993,0.33684961477534825,0.16973491873643706,0.24283184038703434,0.37988795405858033,0.32884268248368936,0.19147089897303915,0.18471084411735805,0.005328293148140788,0.31404100392997253,0.2506430897577457,0.6237131341750053,0.13587421844923445,0.5326946117495323,0.2563379038311082,0.20198628534960397,0.029044611320534385,0.01033888784777558,-0.07367912436007468,-0.05752997162598387,0.07040496261106369,0.09129495096441524,-0.06807963165384788,0.09391762987884371,-0.029952592246039987,-0.1254914670260221,0.25303726481448774,-0.277439722824691
0.10119593654011856,0.09632422505543257,0.37085204145913003,0.17246838964585082,0.12197031430465165,0.22864416308534044,0.09427796116638885,0.2302982879750965,0.10975126010818978,0.185191092085472,0.21358265112810695,0.1591826692897293,0.1941002130963547,0.18283476503925092,0.29922192274001624,0.28151156619693385,0.5046854948360263,0.34785511367891325,0.3732773972072738,0.25132327394383236,0.2697196947872683,0.1122709712982866,-0.14509250374051963,0.28344322283656065,0.13632321611212458,0.22100827818519816,0.267002713599087,1.205038480841103,0.26671198286988057,0.07339414720317072,0.20191504858945522,0.21826229708682066,0.5190247159885717,0.09112609056350521,0.8911099741883977,0.16159850965707045,0.5385889238942985,0.16690636716612686,0.19522122232310396,0.16146700622184137,0.4800141153030346,0.3092640122206664,0.30008041417492487,0.17036819656791316,0.4496028000626271,0.27146524501080227,0.3145570469810431,0.2198724695681537,0.19176113131712333,0.27176706400755946,-0.035186423703407604,0.5468531927996595,-0.6982096004004653,-0.0172227241056121,0.0731713674929029,-0.0747229445028217,-0.08687780417107292,-0.17386562598564115,0.466979010848162
0.17374703040839484,0.08971407547213242,0.7064582691335988,0.40346509812651626,0.39778043276674446,0.4951870129109946,0.25350761992859927,0.3566329622283663,0.309412316507468,0.5067026627285476,0.41216405831466507,0.283668871332859,0.46770614982321956,0.28215877169852066,0.3500521699356698,0.4118001568875716,0.3760439956776584,0.3877799748696482,0.4380514021287408,0.20953355579445265,0.3412997175135008,0.5604871708768465,0.6377378127685703,1.0053669221501813,0.636631679669505,-0.11315464873865334,0.2201550582367158,0.26671198286988057,3.9228414643308165,-0.07013008082164959,-0.1791024070614791,0.28031307513047515,0.4173863554181518,0.5469792602760178,0.009022117518797935,0.7055257933372517,0.7644997786791915,0.06997177811754768,0.09465642208019454,-0.0912434632344383,1.1454670132367264,0.27342926620255753,0.038862163327063284,0.04387536282409915,-0.3248248236751539,0.9341304749456497,0.4996558485062538,-0.06876782106920448,-0.00171192289455972,-0.03176214448854087,-0.017738668471484892,0.14318108926680143,-0.13065937235998035,0.07624747152241232,-0.029536113410176704,-0.11429520661581745,-0.3274617180635731,-0.15895590622453287,0.42135700490510664
0.2820054033802653,0.006334480335352227,-0.2562202092126289,0.1704994042127447,0.21337053649139023,0.21597067461250094,0.22760216881585615,0.127808634063878,0.22545522479672306,0.04771426735239134,0.1784228785130227,0.17960052887835568,0.09506381117675759,0.18225645716888011,0.23750290518188533,0.16096466415406416,0.15607626463670204,0.0364344496385091,0.35196531089178357,0.47248569294923987,0.36346308916737985,0.1651940112004301,0.24604513890844337,0.33463341898219723,0.2796038500595139,-0.2365402919719063,0.20285472505295207,0.07339414720317072,-0.07013008082164959,3.0629289747231114,-0.29241392743805744,0.10555146382564679,0.6450746988322983,-0.3082991924453727,-0.0847845907833149,0.2241957843569439,0.6565649465330216,0.2666401244368007,0.24928290995681204,-0.0234840310499748,0.11313590357527344,0.1328129611984275,0.63777113934796,0.18120002402846225,0.6003180215632373,0.44251384705223,0.5975788387168235,0.11889259075500298,1.0507892634142257,-0.420751773850374,-0.13090210964402688,-0.37298747041240876,0.45717169033877897,0.057686926401149266,-0.11927904347458396,-0.2655169990639487,-0.3124851555012979,1.662362450929155,-1.13652006904849
0.17529984107243193,0.0700328959964371,0.37232323975384135,0.08018828384309004,0.12933334152358628,0.14382020730675038,0.09763731491342827,0.10947890775210148,0.1890016707130382,0.2017891020696595,0.11244291275793043,0.0907315982912305,0.06454693815129213,0.12301912899157791,0.15874940849552882,0.08599281110467677,0.11762696504210078,0.16291382659853473,0.1693446197616296,0.04420252773720299,0.1381411229763939,0.10046002587926026,0.25878722237231017,0.18235672219964463,0.11690420350055063,0.332022908920507,0.0395929702828468,0.20191504858945522,-0.1791024070614791,-0.29241392743805744,1.827598145484728,0.17837423146809003,0.21070982327289065,0.07838532813428757,0.18330585320091114,0.2563229618835459,-0.021434510309062252,0.22140763115961673,0.3424282665859828,0.13596727387398994,0.0235763584881052,0.16955228629978822,-0.006384650851946513,0.0986955159333359,0.19495327951980246,0.39454160757405093,0.3080294724322845,0.051518557882623696,0.2635018744423464,0.27711967293941214,-0.02400934821628281,0.21103574284790705,-0.23642092112425242,-0.11226995027944883,0.1429486992987098,0.266184693247453,0.2672752482526163,-0.5474793421916729,0.04790790735468556
0.230617666461777,0.06586584200665385,0.41888222370536415,0.3383768158284798,0.2631465423536091,0.311010339511728,0.1473536068033361,0.34858266312496,0.18817150841842936,0.2521717945826744,0.27314438601073265,0.30863480317502706,0.1976823700191534,0.3864974708493032,0.24523109216383301,0.3163284090740375,0.27850642348597365,0.26490121760474283,0.31704678726012137,0.24239835125924647,0.18549449105810467,0.24359932165629147,0.08987901087706435,0.21406678974723786,0.24935694383654405,0.46402113197374606,0.22998660513813993,0.21826229708682066,0.28031307513047515,0.10555146382564679,0.17837423146809003,0.5656725673655534,0.13843317000192573,0.3448981689704805,0.24841541334134576,0.22201510887671946,0.1686990225193692,0.20322787841374165,0.2675672020365626,0.1659458996783871,0.4527311615320717,0.23195956445753838,0.22178143014831678,0.10583054982594275,0.4295502080710051,0.3926519319211304,0.4497750109439515,0.13939769854555878,0.38663899815694064,0.02026091605623057,0.07419474745555246,0.05085331418500271,-0.15227629649724023,0.006487075959921751,-0.1867737024088452,-0.013271796263025326,0.2617460911108716,0.20723889655761044,-0.4493049793644509
0.24990226081667866,-0.011976757754998898,0.4649189772641574,0.23867552165767073,0.2101095213408131,0.21677451543032303,0.187557262920325,0.21348073830793035,0.26568307152232395,0.11870275953051419,0.2030811489448181,0.18026248090743324,0.2063000874263108,0.19438649897161778,0.1941002240240453,0.16793715586351812,0.32367218704841033,0.3399129556772015,0.36335921700161017,0.31898212136324827,0.1731278880540427,0.2943654163689427,0.25178495014510877,0.5269424425642802,0.18886034918455177,0.08421291168107982,0.33684961477534825,0.5190247159885717,0.4173863554181518,0.6450746988322983,0.21070982327289065,0.13843317000192573,1.836230467101155,-0.18788756348638402,-0.46944459578008474,0.28331117432196296,0.685989928457739,0.2253854849255214,0.20925402067998758,-0.19386331527788156,0.0627602364846345,0.22200703491796825,0.34382515954643605,0.16931727678651803,0.31082014338924646,0.5698958740206139,0.45840157901567224,0.05877495549350124,0.26904701516224583,0.24006001081962258,-0.017623242845818166,0.007629244648519873,0.06570324866971415,-0.2629663989191448,0.05767610641495167,-0.182468194363377,-0.24746713486073602,0.4718290798251456,-0.1887237403366995
-0.12191429126707835,0.014389723827278201,0.3882977471840637,0.45283776732385184,0.3545777667736099,0.34334038560583524,0.1389209404652291,0.36100647245532375,0.13093858006400466,0.41579403409904714,0.2844463383016511,0.30873638933471015,0.22051311134620727,0.2899374946367849,0.27464462384711397,0.3575757499008046,0.3351317137859823,0.2644052468995183,0.278190308460404,0.20480513294598376,0.25380380976297084,0.21630302438066495,0.3639034913016651,0.006722887283365877,0.41903115884684417,0.27295992353231613,0.16973491873643706,0.09112609056350521,0.5469792602760178,-0.3082991924453727,0.07838532813428757,0.3448981689704805,-0.18788756348638402,1.8348755044437393,0.36383947205371153,0.06707922719002285,0.8717356650062581,0.14360934254430782,0.14740249013819334,0.03443345986894652,0.6179588730963369,0.35509199920106116,0.21119857120974725,0.19322141371377552,0.24717074480163365,0.1732049254188611,0.6670573042514435,0.31400565566532657,0.28470826200553423,-0.13245405026507062,-0.013315416005514582,0.01804383944409773,0.0030701162081218035,0.06005419732464152,-0.24616795690860147,0.02248025020489861,-0.025511376888454628,-0.05615931694380676,0.10227385610313565
