1.55783187834101,0.24854938493436488,0.9412267883723358,-0.04853482846075775,0.25563535949423116,0.24703690325276406,0.3545836505935076,0.2685491909161186,0.3269447496049237,0.368940423655991,0.2792262043512061,0.36134982639456276,0.1427084164150874,0.30918312386439323,0.24016391613456492,0.2654680756184464,0.22261870294484795,0.3268852515588113,0.24363662971674308,0.18575359115882445,0.2576958850687842,0.23642185504665272,0.14252403482186524,0.0756014566851236,0.2595106315332486,0.2747551754939241,0.2359607045728566,0.09828800499045628,0.17773623126882848,0.3392952031007994,0.18786122669434796,0.27172661912567164,0.2190271017658184,-0.09330033521814274,0.17249490337504894,0.164915681674704,0.07821729918478816,0.17416001959405428,0.14959155365754395,-0.04728884380977206,0.25897294843552904,0.14743970319794658,0.4215389327472649,0.06405695687143476,0.4758751940090151,0.4200651386607018,0.3241479989679688,0.07621403580924899,0.2915252969531023,-0.12388446076824677,0.08338898064353502,-0.1343711173639941,0.17550537309615427,-0.016139754803426987,0.2083968894645431,0.1309944092829186,0.11103858140007411,1.3136495998190687,-2.030807869588307
0.24854938493436488,1.8485052017393173,0.2538799433481181,-0.2949050432256488,0.06074001916601606,0.25051865782118743,0.09528152049201027,0.09394650732780024,0.19042229455452334,0.1744738907034292,0.09261528791706516,0.034933172675388285,0.09563493065108611,0.06212270229448255,0.1415667194568357,0.06411430552552154,0.10376499460226758,0.10367763868333565,-0.0355118462324789,0.1565234919265099,0.219835302764913,0.03902628460503258,-0.12976688685629106,0.08250866344901656,0.050330050203621454,0.10796134748032768,0.05433780951844423,0.15142254287362972,0.12738481330792,0.009545993532163689,0.08982573050010424,0.1030809785728463,-0.040504777531425305,0.04113579032950408,0.23074435478985084,0.00684815958558837,0.040878240490551804,0.07725599008095363,0.00010747106478061588,0.11587486052777686,0.08434512827750731,0.08131976993263984,0.10106315857397954,-0.03332743101024364,0.3116989975197896,0.10551519236518037,0.1782200579210227,0.04507197235375443,0.1733763210163688,-0.09421872119849446,0.12225192911645377,0.09939499680422874,-0.1662875045685794,0.03364606223244614,-0.26968362304028265,0.0889974817925276,0.0031803413550189697,0.113818297870597,0.011319962353499743
0.9412267883723358,0.2538799433481181,3.4353761798258864,0.3733323127492606,0.2295067804986015,0.4879837266068848,0.23980410018496032,0.8051585972166917,0.5993708665839684,0.7178819510812731,0.5894314921094264,0.5788306934027251,0.4795927499697063,0.5375729318026112,0.4036960265444711,0.5707407608827929,0.6072442097852008,0.6808491107596747,0.47677478054167594,0.4033245745160966,0.40445379517118096,0.5165656641568662,0.35086838631074574,0.5793389966768266,0.5439154481969156,0.6235476071630267,0.48051686505894364,0.4085679820265875,0.7479090767831169,-0.21589397025035573,0.3454458329168552,0.4381318449941675,0.3733458164896597,0.42652317163846154,0.5770901064708746,0.6416710472005756,0.604934968956046,0.29056333048544525,0.2365903734288226,-0.26770088188348357,0.8607448094262001,0.43359061634619833,0.4790654663533825,0.23498223305935448,0.8261577323613296,0.9898817931547166,0.6368133287178318,0.038489998261948606,-0.3197924461674131,-0.1660542966228454,0.31987788523351274,-0.05206373684988743,0.24130367218195684,-0.19382992834551202,-0.01582731321135548,0.1421713515621716,-0.23820823977913547,0.03529195714443426,-0.38076573604722685
-0.04853482846075775,-0.2949050432256488,0.3733323127492606,1.4295089617456762,0.315041306163866,0.3813503138680057,0.261959169931888,0.3466099153657791,0.16802202582730538,0.2737444638522068,0.38126136118296466,0.4187488533422215,0.25931703850861115,0.3687521380190583,0.27114119371121786,0.3879308254456833,0.3457536790264002,0.3607012168981261,0.30317060441273963,0.28976324201808207,0.23543515939990575,0.2613514313572128,0.20522738905572654,0.33059879151305765,0.3128862018927049,0.2964721524374296,0.2645709787165765,0.19465041739273983,0.41230401226427177,0.15235241728070154,0.08168542479178219,0.3198330537996461,0.2184365200324046,0.4382017178656564,0.1701084178705949,0.27939876675266906,0.3719399644339014,0.19862657860764352,0.2348295430397287,-0.0031846098802561606,0.4306562310967782,0.24085549514736596,0.24392087413407607,0.32160914049744155,0.3562919284974576,0.35752362307088786,0.33466313171227474,0.08816115672352592,-0.06906204915834334,0.008794788082727415,0.028387319028498302,-0.0705495333439332,0.04085467445641175,0.006010062727584998,-0.2346728250677203,-0.05229663327765112,-0.10091347229671825,0.12029067339691141,0.0141358913596394
0.25563535949423116,0.06074001916601606,0.2295067804986015,0.315041306163866,0.8812339834170481,0.38237063183849057,0.18458008136541212,0.28178743085796476,0.2560067771867873,0.27649991787880945,0.26099241803557244,0.2965111819465415,0.22565403916480473,0.2785637353168802,0.25130259079556344,0.3397995076656849,0.25822699753463313,0.25354375205624574,0.4245996254767858,0.21704496625116562,0.20807795067139218,0.2373583433274662,0.18563058403347446,0.27416209763677496,0.2580432852886861,0.3082239945791124,0.17302127244479398,0.08924652485020683,0.3843662568236703,0.22586077190738552,0.13200409970977559,0.2508240191785446,0.18798494820228814,0.33967066917546074,0.13091259825477605,0.22510852710257342,0.323860106950465,0.19560450573186025,0.20281109294737654,0.12353721531725391,0.4162140294007971,0.25547456179523237,0.20395114122347427,0.12040045821689588,0.3078698190820237,0.43344257422032156,0.4199128995104649,0.16673606837540228,0.2933361776097385,0.015388527869529635,0.06397805097657565,-0.23680732114494749,0.18806708997556693,0.0499546791875955,-0.12071015709458027,-0.011157258332184759,-0.10392789448928141,0.3855810110647078,-0.3324053849119878
0.24703690325276406,0.25051865782118743,0.4879837266068848,0.3813503138680057,0.38237063183849057,0.6827903900818213,0.18177057845133782,0.3446492967026944,0.3005683551909388,0.3379989433840001,0.31261440209446695,0.29466428889662766,0.26765835116896697,0.3267081809153405,0.26635590477561594,0.33406367813158533,0.3182682113461497,0.28899597870789606,0.42922360427758455,0.3127860735270633,0.2913468898490243,0.3233488295816862,0.11239974617050218,0.35328662523939613,0.2731003780776909,0.34070553670020487,0.22947364040076385,0.22304302338819873,0.47174524609636703,0.20775444786347977,0.14444616182774983,0.31050295240332765,0.2021903993898228,0.3266820024853336,0.23481139035892284,0.18591742793687396,0.335051983077908,0.2381865669606823,0.2804357879462529,0.0845970351343971,0.34732004298550456,0.25746235700331305,0.32120519425050925,0.14640931664219775,0.36623202055094717,0.40245974723276423,0.5165633339266333,0.13482016121307722,0.5082735579479701,0.08175733272495264,-0.10840448668952571,-0.0731566185510307,-0.019678506593930188,0.02043380143382171,-0.1335209964470994,-0.003030018463530877,-0.09801409703068678,0.3210484192010105,-0.23641691355358785
0.3545836505935076,0.09528152049201027,0.23980410018496032,0.261959169931888,0.18458008136541212,0.18177057845133782,0.5274952905937186,0.0962446298801797,0.3113366935751429,0.24922681867830568,0.26275459622044217,0.285784475384156,0.19419178992169153,0.13767870244312339,0.17511646353076563,0.1994302375459452,0.2091153215953911,0.2564080630876436,0.1588381880727759,0.16728253749550076,0.23088799076548586,0.22086368797401298,0.14919340639347986,0.24489382503693402,0.17938473602862764,0.1713713279879265,0.16574931494448292,0.10562776371094786,0.25072225140349436,0.23989580799644264,0.10277063223099327,0.16678548808683397,0.1739144483698872,0.14041672084134632,0.09961991141476778,0.19787138726024228,0.17538102226184116,0.11941487538338084,0.11668067779789039,-0.008894645544359779,0.17915313420822657,0.14163782362441635,0.2039134582919434,0.10731257879123608,0.2600111384604821,0.2243114607659874,0.12208398369283698,-0.006332915592036347,0.03373558381720141,-0.07592361992017536,0.018722199327081412,-0.0416855985127973,0.08510715116520512,-0.014656674715767046,-0.039753990570087806,0.08286736957121368,-0.0853817080275391,0.39129094451680035,-0.5364697089389029
0.2685491909161186,0.09394650732780024,0.8051585972166917,0.3466099153657791,0.28178743085796476,0.3446492967026944,0.0962446298801797,0.8375436371016185,0.14575078546346332,0.34001980905086704,0.3924097629822696,0.3551885588408577,0.27285053252147334,0.3785745067750188,0.22526468682616863,0.36718204084153816,0.37368177968109256,0.34694166327702375,0.3642984765449179,0.3312199974760134,0.1844647223506023,0.24789783687167233,0.12677263823776713,0.2930522678972871,0.3528718574644931,0.48819800892540843,0.28993742839422815,0.23012929835327342,0.3465850488387797,0.12475128704854453,0.11292026738479663,0.3394566336908195,0.20075966307437973,0.3459590014817269,0.3704946643340512,0.19632726446707977,0.35643236177352644,0.2295666227757189,0.2678134877043042,0.08792046976167474,0.49025352166856345,0.2782519974091182,0.4074332464387324,0.11409942346216381,0.48110731699339804,0.4708956210556869,0.5804312589866086,0.1965450514926586,0.43371381408720394,-0.06866346701478457,0.06821136699176607,0.04675373787231081,0.11070440399737749,-0.07429570144031176,-0.1274384960679122,-0.06484356834655632,0.032221825262906324,0.5547975182036248,-0.6065797037139036
0.3269447496049237,0.19042229455452334,0.5993708665839684,0.16802202582730538,0.2560067771867873,0.3005683551909388,0.3113366935751429,0.14575078546346332,0.8090858577381206,0.1971774960288658,0.24653888113522326,0.1732019600620537,0.24700816732260483,0.20867559629136054,0.20093445683723224,0.21620782427662905,0.2246017077777559,0.23523798153756037,0.2498373691737509,0.2645926442888801,0.26077420791144784,0.2762947970524993,0.19922995697386667,0.413126473206104,0.20188465927801708,0.3622075130295875,0.19250050472186575,0.13798317501820673,0.30450934461583823,0.24485546865457278,0.20070845898630413,0.2086371942194677,0.27634037173621895,0.12847626932888395,0.13345927737221563,0.27363071794655136,0.28902901242223283,0.183277763472669,0.1467918100504306,0.004273938486033165,0.2735932235118312,0.20478737820727655,0.25477218626566356,0.10170278405957572,0.39893504428665705,0.4330882181190092,0.25082541296923755,0.002623781694690367,-0.13522536610468017,-0.18363043073822816,0.09292108140383509,-0.046366026752544635,0.2262302566320992,-0.09318375366588184,-0.09524985584458176,0.11214841847548675,-0.09877960230198397,0.32080156335733206,-0.40897306796736294
0.368940423655991,0.1744738907034292,0.7178819510812731,0.2737444638522068,0.27649991787880945,0.3379989433840001,0.24922681867830568,0.34001980905086704,0.1971774960288658,0.9243704786347235,0.32307488299196346,0.3463484949222444,0.24173057901925202,0.2717786888274418,0.27576467289606305,0.32436942666926805,0.3112553349683779,0.2956055453901513,0.28001467871636004,0.15177850556608924,0.18710060822467106,0.2734801217319909,0.3094886034557725,0.3499786954686627,0.31564423918433404,0.3758899720028599,0.19616522386284826,0.15187641778578662,0.46757538376973057,0.06696546577583909,0.2220760739274224,0.26881938753622625,0.08820082024224266,0.4358475683242608,0.32402465006323256,0.2578016431460793,0.3206022461192498,0.16127577270688867,0.18740468246437766,0.07222815027970099,0.5586613516302021,0.25549847500774325,0.23270159826837014,0.15872126637266024,0.29831624295754344,0.4966689475183024,0.504992684467958,0.17132313674934277,0.3470717469798934,-0.06994953573576235,0.08467411711631376,-0.15748194510846233,0.12095604823760471,0.031578535100528694,-0.015170761039407111,0.18925322233272135,-0.043062492754231775,0.1384715378054733,-0.47163348685383916
0.2792262043512061,0.09261528791706516,0.5894314921094264,0.38126136118296466,0.26099241803557244,0.31261440209446695,0.26275459622044217,0.3924097629822696,0.24653888113522326,0.32307488299196346,0.6396715836291558,0.4161647152865555,0.285435542254156,0.29914287927953365,0.323259446757262,0.3161690167437596,0.36124123442726763,0.34999556223810746,0.28488206917149717,0.3390355101360114,0.28660946507707313,0.2271274130964012,0.15165540051735185,0.3390234978363411,0.3078822710778919,0.364165283429982,0.25654532238773214,0.20187084958566964,0.4033270404584688,0.17445066478496568,0.13118385505183283,0.25527868319151337,0.20512958984872737,0.2835888555163101,0.3309026440364959,0.2721437148728651,0.32227469860677893,0.21607394786722106,0.1876888791224566,0.07043643636376433,0.427149646705338,0.26673299245832416,0.30468240774741345,0.09456204255551098,0.45365843064332934,0.47060888618231633,0.3967237947889314,0.10844506974925225,-0.010280543097755666,-0.15418419352074855,0.0899493902018312,-0.06140560646364915,0.20166970222313294,-0.04772183225069275,-0.15158885914975923,0.014203695558606793,-0.1377949261570499,0.32829615736710227,-0.31378058026564937
0.36134982639456276,0.034933172675388285,0.5788306934027251,0.4187488533422215,0.2965111819465415,0.29466428889662766,0.285784475384156,0.3551885588408577,0.1732019600620537,0.3463484949222444,0.4161647152865555,0.7468851689938921,0.24271309500078556,0.33825306152100687,0.2773884386693485,0.3707563993920489,0.3810361424188857,0.4148633093832797,0.30894420565675107,0.24746254003969687,0.2807546186032459,0.23177742168563442,0.13205725866580476,0.17620396899079172,0.3446197833655374,0.2697060435255355,0.29755770014010235,0.1382395110519435,0.2654930712641304,0.1970410584473867,0.08103849947604863,0.2881509724268898,0.17410503818426779,0.3088202314202391,0.26996406784414634,0.2611812970239178,0.20418359467143113,0.18161216624265047,0.18274654806154958,0.013125890172599831,0.3863960911949558,0.21983355320807138,0.3323815910711141,0.11733777833036299,0.5180581496385079,0.4036697746976976,0.4159359872410748,0.11173785054116742,0.2713526643054761,-0.1437365696846349,0.12780790911369846,-0.1773283635804944,0.1809416699391645,-0.008971887486736463,-0.07995433211393754,0.07292743594327487,-0.16867632254629447,0.6012652313208,-0.8719138689086451
0.1427084164150874,0.09563493065108611,0.4795927499697063,0.25931703850861115,0.22565403916480473,0.26765835116896697,0.19419178992169153,0.27285053252147334,0.24700816732260483,0.24173057901925202,0.285435542254156,0.24271309500078556,0.46587990431368187,0.1993528954273512,0.16900060305920211,0.23089988115343146,0.2508722393254397,0.2981788363635147,0.24153598184540545,0.22434648186961131,0.19327550714729136,0.35516871285170964,0.13551677969488754,0.3404735949331168,0.21567530646535588,0.27392670618006837,0.21265703171129546,0.19362061371676992,0.46604370723067573,0.0737295638727292,0.05768989305288956,0.18262210334362847,0.20423312843498584,0.21603176296193352,0.22816832743808008,0.24310590782826136,0.26759561553284017,0.14518187294160553,0.18530364938149746,0.05029253005694654,0.33374507721119534,0.19788787001614075,0.2173527982890129,0.10792814429818695,0.20859106796621452,0.35952153346204924,0.2847074204417645,0.010993870611046067,0.11917759544819632,-0.014393908624850507,0.044290553131076264,-0.06495210961758119,0.069925964901892,-0.054067369841435106,-0.038302067728239846,-0.04749174394975352,-0.25730861316973325,-0.129261267345095,0.36998501387103877
0.30918312386439323,0.06212270229448255,0.5375729318026112,0.3687521380190583,0.2785637353168802,0.3267081809153405,0.13767870244312339,0.3785745067750188,0.20867559629136054,0.2717786888274418,0.29914287927953365,0.33825306152100687,0.1993528954273512,0.5085242048409568,0.3075787967458945,0.3531594259960877,0.31125047029937375,0.2753091641261344,0.3066046627086172,0.3012307942714441,0.206169340507887,0.2219331509936041,0.12902482135979995,0.26861989848768414,0.30093030841624935,0.38815137487214607,0.2428022967420654,0.1813769860065291,0.27327446272327005,0.18739170645002734,0.1312212654106262,0.3724984060968162,0.1906250559882883,0.28787172327532495,0.294766637577399,0.2235823716474324,0.2575559846080677,0.2065910973756004,0.24256198985794014,0.10919295890737814,0.4562799422284419,0.25125394923794797,0.3022208528031608,0.12418110293241573,0.44916837695675793,0.44187372457293833,0.48809414910605337,0.16024416133237976,0.34572878839747023,-0.04617809458062857,0.058692076305820705,-0.13519215321702138,0.15413787368949405,-0.014465745693994269,-0.16901130494480524,0.013589052354740803,0.01631623797755557,0.38728134299064915,-0.4491026414558564
0.24016391613456492,0.1415667194568357,0.4036960265444711,0.27114119371121786,0.25130259079556344,0.26635590477561594,0.17511646353076563,0.22526468682616863,0.20093445683723224,0.27576467289606305,0.323259446757262,0.2773884386693485,0.16900060305920211,0.3075787967458945,0.7508734030457866,0.2526400626323672,0.3327155625571405,0.32421712423478916,0.2851190557844222,0.25659536715594494,0.2602412391183222,0.030494567614209694,0.0929362134216507,0.2893041832996082,0.30196818563737027,0.27720230675894875,0.18060673914873862,0.2978062094097675,0.35285952490232503,0.24019300755430886,0.15681675054245556,0.2331172243593601,0.19265007455541497,0.2754515007296918,0.2762468614243735,0.2308856576299485,0.3478615427301789,0.14522070579490454,0.2164959478343083,0.09392050099549178,0.4346780886385035,0.24004318277283548,0.19994578484856737,0.08283293992489757,0.41104895476281433,0.4170758640971517,0.3775098808714586,0.16114069572981168,0.04228615051188025,0.1821098534172201,0.04996944940439092,0.03802003563756834,-0.15244566779401925,-0.014362918530906743,-0.18975848201749643,0.05443145605724562,-0.08948352276990272,0.2659548158968044,-0.16648708099112466
0.2654680756184464,0.06411430552552154,0.5707407608827929,0.3879308254456833,0.3397995076656849,0.33406367813158533,0.1994302375459452,0.36718204084153816,0.21620782427662905,0.32436942666926805,0.3161690167437596,0.3707563993920489,0.23089988115343146,0.3531594259960877,0.2526400626323672,0.7029510400747286,0.38086216346625307,0.2961205392668383,0.37193224512163925,0.2654660609867455,0.23371815154850234,0.23736399649468215,0.08329812178423773,0.2453145209274869,0.34705378433403394,0.24606492726424423,0.27520025761997724,0.2463876574264084,0.40619055770147533,0.15140939154461291,0.07714058108423791,0.2917471047680317,0.16035583358641017,0.3493045050826282,0.3882269995071734,0.23663522697447198,0.3348884676814094,0.17562540121936449,0.17214893785628999,0.07363637517724356,0.4527848704421706,0.2976910727524109,0.31656290924000385,0.13943295605045505,0.41177778900770157,0.4111965935822487,0.4181374100652765,0.1325897577493089,0.155813570223988,-0.18782018351262555,0.06979615394685378,-0.03402341244350383,0.11171080192092166,-0.003542190765043465,-0.09606481109566589,0.009602701359282543,-0.14154608596910986,0.30518613330596855,-0.28615802822466274
0.22261870294484795,0.10376499460226758,0.6072442097852008,0.3457536790264002,0.25822699753463313,0.3182682113461497,0.2091153215953911,0.37368177968109256,0.2246017077777559,0.3112553349683779,0.36124123442726763,0.3810361424188857,0.2508722393254397,0.31125047029937375,0.3327155625571405,0.38086216346625307,0.8832605973089642,0.21729117946786394,0.37877171918308605,0.3731002883645988,0.36721512367187636,0.18048636641795415,0.033250841856950854,0.20788884560194185,0.30654186631103386,0.1803504155749749,0.27106707436343397,0.4833313224644496,0.3620766719303544,0.12187488714366874,0.1515898343153417,0.25501796419358436,0.29005485623167054,0.33669076906981876,0.4925039859814019,0.298273163739975,0.5644620023933612,0.263897213153941,0.15636845710950573,0.08502500521496896,0.5918159924525691,0.42232770923261925,0.23017433714712446,0.14035771587747156,0.665937808206041,0.5000093598109212,0.5313861797074451,0.2184768077656084,0.07000752405558537,0.06780726425001421,0.12069130101519236,-0.03159397783272008,-0.07557165072861247,0.005149097369663899,-0.445699288064911,0.017990282801072666,-0.11000769273634278,0.2620131031376833,-0.1515741520315302
0.3268852515588113,0.10367763868333565,0.6808491107596747,0.3607012168981261,0.25354375205624574,0.28899597870789606,0.2564080630876436,0.34694166327702375,0.23523798153756037,0.2956055453901513,0.34999556223810746,0.4148633093832797,0.2981788363635147,0.2753091641261344,0.32421712423478916,0.2961205392668383,0.21729117946786394,1.6280795925188871,0.3935339778430101,-0.020673047591635272,0.36576506254019664,0.4108141775822119,0.194369563536188,0.35188936352641276,0.28185174052247136,0.28362969952263095,0.26265120459857344,0.3274297460250873,0.4107203646577736,0.06846377974262753,0.0899854000371504,0.22933507929391625,0.33838432994065337,0.24721866293479336,0.17381368227314234,0.359623694555839,0.18772860581568573,0.05371064725773457,0.3458941022926609,-0.019086814530434735,0.2762532920070367,0.0625339794309188,0.4629067866888386,0.0836064234394527,0.6792928158003488,0.403216444050642,0.300901818514228,-0.1754317066068145,-0.2175327447867759,0.07799789750793253,0.36714804370009996,-0.1017549159410639,-0.21971070988822508,-0.17144897817037366,-0.002506029848465364,-0.07245733674019439,-0.26703074667934507,0.3945676285810579,-0.26973239209546757
0.24363662971674308,-0.0355118462324789,0.47677478054167594,0.30317060441273963,0.4245996254767858,0.42922360427758455,0.1588381880727759,0.3642984765449179,0.2498373691737509,0.28001467871636004,0.28488206917149717,0.30894420565675107,0.24153598184540545,0.3066046627086172,0.2851190557844222,0.37193224512163925,0.37877171918308605,0.3935339778430101,1.0114654616033985,0.10510113541265957,0.3905750627519353,0.3251933449195415,0.062046498118765454,0.2678875901110891,0.27111053659654577,0.18611034995419448,0.2162868395448403,0.36146698467266347,0.44815835446470853,0.3604897648299557,0.15905665986256606,0.2930401984609067,0.3499579149753738,0.2608729358739323,0.21688941868282935,0.311622248124091,0.387747148946663,0.20204258262495495,0.3085252360958017,0.12580243267102198,0.47708562145798766,0.26564679401024816,0.24260421477650568,0.11513030588009955,0.4887123404837297,0.5132792678529241,0.42642998720540254,0.13096889257203306,0.2210085436016985,0.08416293299134697,0.2227842330281199,0.12428912826804546,-0.19509627991914574,-0.08744671724195242,-0.1910504235395864,-0.03526396674614949,-0.10394423484438375,0.409189530793721,-0.2471880644835772
0.18575359115882445,0.1565234919265099,0.4033245745160966,0.28976324201808207,0.21704496625116562,0.3127860735270633,0.16728253749550076,0.3312199974760134,0.2645926442888801,0.15177850556608924,0.3390355101360114,0.24746254003969687,0.22434648186961131,0.3012307942714441,0.25659536715594494,0.2654660609867455,0.3731002883645988,-0.020673047591635272,0.10510113541265957,1.101078076333226,0.0600099306750706,0.15930344850471395,0.07726766852583712,0.4463868740093773,0.2706630352642398,0.4380850069048787,0.3411117932532762,0.24431060091174725,0.2135641303515018,0.4539925872437213,0.0623659939221254,0.22443307118584185,0.3271629179748283,0.1911409957205789,0.27933118020256614,0.13663956925250895,0.637912943138577,0.4451419749253937,0.27349167852658096,0.08835378914872255,0.2883959447883161,0.33561071420481253,0.5604147908835155,0.1427109428189448,0.5604749925237585,0.3580672098422208,0.392565828157426,0.258021647667731,0.33862705509057867,-0.0427344718083643,-0.19064369391325206,-0.058082155945837544,0.2330547187704504,-0.02395123870964711,-0.05915098966785814,-0.06209394483405732,-0.11223009781023643,0.3813109104344803,-0.23687881341808692
0.2576958850687842,0.219835302764913,0.40445379517118096,0.23543515939990575,0.20807795067139218,0.2913468898490243,0.23088799076548586,0.1844647223506023,0.26077420791144784,0.18710060822467106,0.28660946507707313,0.2807546186032459,0.19327550714729136,0.206169340507887,0.2602412391183222,0.23371815154850234,0.36721512367187636,0.36576506254019664,0.3905750627519353,0.0600099306750706,1.0584855137747322,0.31076904754184476,0.23436055388520288,-0.09753021565791846,0.2526681716813036,-0.40074786813115976,0.16943745372171407,0.27156604219195585,0.3757269938645681,0.38467481051783803,0.16512023874023343,0.1675706853030062,0.19860790356745195,0.2521670894317604,0.4569274572668811,0.18745536207162147,0.3219920274290035,0.14287131004559445,0.1700427099619123,0.06276806667899681,0.2675888592890684,0.2300796079291592,0.24075846987526978,0.14973074014015592,0.7586959241025037,0.28950389708557944,0.47427683907240686,0.04569462353455897,0.21499569240515046,-0.1973735997864712,0.22213990121498056,-0.11718687516826104,0.07286795721813716,-0.0011617688735500885,-0.26885216148820196,0.013815737691586874,-0.23387261702058562,0.32962311247239434,-0.09380680281775973
0.23642185504665272,0.03902628460503258,0.5165656641568662,0.2613514313572128,0.2373583433274662,0.3233488295816862,0.22086368797401298,0.24789783687167233,0.2762947970524993,0.2734801217319909,0.2271274130964012,0.23177742168563442,0.35516871285170964,0.2219331509936041,0.030494567614209694,0.23736399649468215,0.18048636641795415,0.4108141775822119,0.3251933449195415,0.15930344850471395,0.31076904754184476,1.341631138102689,0.49109617275712464,0.26870175008028535,0.2837579390670333,0.056783521579266104,0.2360603491939632,0.09252949057902521,0.563932102099489,0.18868295638352706,0.07087502249706694,0.2214918611496742,0.30630517258644796,0.19386852288172257,0.11984231932699997,0.33709739579748876,0.22651816862092208,0.1856972991164114,0.30980658550452483,0.04332990303315835,0.22624495999106628,0.20192940707028148,0.32265217701203897,0.19621088433612655,0.13141093690168956,0.42450490819913417,0.39926870521384356,-0.3025434762905247,0.6673563362940744,-0.07956779878857032,0.03159517780212223,-0.29821613029652966,0.2019470360954471,-0.07242798738046184,0.05031099611557548,-0.04343359262804586,-0.3260784259837663,0.05442301183330911,0.12862882484458527
0.14252403482186524,-0.12976688685629106,0.35086838631074574,0.20522738905572654,0.18563058403347446,0.11239974617050218,0.14919340639347986,0.12677263823776713,0.19922995697386667,0.3094886034557725,0.15165540051735185,0.13205725866580476,0.13551677969488754,0.12902482135979995,0.0929362134216507,0.08329812178423773,0.033250841856950854,0.194369563536188,0.062046498118765454,0.07726766852583712,0.23436055388520288,0.49109617275712464,1.6037271698571065,0.3565581599302114,0.42707228154153953,0.09128707184150038,0.10646041346446403,-0.15724425927318708,0.6230122526154184,0.2758163130639444,0.25662227425090295,0.09222770736050848,0.2762786154673823,0.35906291227257514,-0.10010013439931265,0.4088518573644978,0.45477055204156486,0.055318114445728726,0.3953361751478427,-0.019579940447523685,0.497617909784889,0.14113591760160646,0.1015005397750472,0.30079306057047434,-0.004578270355268548,0.5085701614284834,0.4413795809557209,0.10559249084943838,0.41706124307768466,-0.042990365251595934,0.09045294455609643,-0.36730704957867777,0.3663059300805322,-0.06432755041761888,0.031546228552299445,0.019073107168299012,-0.11612406896194095,-0.0009034767698795431,-0.026884877812828688
0.0756014566851236,0.08250866344901656,0.5793389966768266,0.33059879151305765,0.27416209763677496,0.35328662523939613,0.24489382503693402,0.2930522678972871,0.413126473206104,0.3499786954686627,0.3390234978363411,0.17620396899079172,0.3404735949331168,0.26861989848768414,0.2893041832996082,0.2453145209274869,0.20788884560194185,0.35188936352641276,0.2678875901110891,0.4463868740093773,-0.09753021565791846,0.26870175008028535,0.3565581599302114,1.8642060335575457,0.28920239559456734,0.915730094104733,0.1275967526501371,0.26486362316750695,0.9497144118994312,0.344316904954711,0.1407727946001603,0.22653034634863267,0.5100428808221048,0.014443323729231695,0.1183444446388665,0.610666578460435,0.4957966685387839,0.23864489113174497,0.305194444533612,0.028609688075969735,0.5745188879062133,0.2646773068481195,0.15441398896542294,0.12350064604834114,0.28899748333965625,0.7021393129798977,0.30050166911226805,-0.05287232831058375,-0.13586805192956636,0.0428317787681089,0.005721033150599913,-0.07965730584659958,0.16463771669597627,-0.14896854671300694,-0.12293508099606974,0.019829875640700507,-0.09715725573854873,-0.36328331973839045,0.5510472211760115
0.2595106315332486,0.050330050203621454,0.5439154481969156,0.3128862018927049,0.2580432852886861,0.2731003780776909,0.17938473602862764,0.3528718574644931,0.20188465927801708,0.31564423918433404,0.3078822710778919,0.3446197833655374,0.21567530646535588,0.30093030841624935,0.30196818563737027,0.34705378433403394,0.30654186631103386,0.28185174052247136,0.27111053659654577,0.2706630352642398,0.2526681716813036,0.2837579390670333,0.42707228154153953,0.28920239559456734,0.7193735213467167,0.1968582434024615,0.23801143079145995,0.13567639964957504,0.6230114735230449,0.24738486354436898,0.13089313449228354,0.24159404717904384,0.20635348222153918,0.40447654170836617,0.2612489472499596,0.2874389431726921,0.455901457349514,0.19740825533594325,0.20172802745216575,0.03512114190419846,0.4775141891648422,0.25949298788763003,0.29139891566227777,0.14789523448731398,0.32227867779866365,0.5236040050263064,0.4897076628207759,0.12106912896791859,0.23054123778463415,-0.23070767965481112,0.05380005089991024,-0.07500719876222421,0.21428764067619302,-0.024995013021964146,-0.08550580061871436,0.026632383270091847,-0.09319280083632923,0.3020996691312918,-0.35402933606748316
0.2747551754939241,0.10796134748032768,0.6235476071630267,0.2964721524374296,0.3082239945791124,0.34070553670020487,0.1713713279879265,0.48819800892540843,0.3622075130295875,0.3758899720028599,0.364165283429982,0.2697060435255355,0.27392670618006837,0.38815137487214607,0.27720230675894875,0.24606492726424423,0.1803504155749749,0.28362969952263095,0.18611034995419448,0.4380850069048787,-0.40074786813115976,0.056783521579266104,0.09128707184150038,0.915730094104733,0.1968582434024615,3.5143783071849732,0.2848421265928396,0.18744604246185465,-0.16427033439421307,-0.2627857668716849,0.31372592066854316,0.4431543407479331,0.006404820185815158,0.2482932585010012,0.37596659663663157,0.17853676865078316,-0.014431278304056463,0.23351042263121322,0.44832933476807707,0.6708902522439971,1.1068811174754227,0.47073973161117283,0.6024028963776396,0.02202653628147532,1.4166151330039536,0.6189860347994256,0.5879647010014231,0.45210999477246017,0.05897242798801911,0.11794211353056765,0.21517950607178335,-0.25588065165240714,-0.026644698647421177,-0.0330457488903069,0.12320131624425913,0.0709096524204346,-0.28411869708925197,0.9798605080211492,-0.9679474307048813
0.2359607045728566,0.05433780951844423,0.48051686505894364,0.2645709787165765,0.17302127244479398,0.22947364040076385,0.16574931494448292,0.28993742839422815,0.19250050472186575,0.19616522386284826,0.25654532238773214,0.29755770014010235,0.21265703171129546,0.2428022967420654,0.18060673914873862,0.27520025761997724,0.27106707436343397,0.26265120459857344,0.2162868395448403,0.3411117932532762,0.16943745372171407,0.2360603491939632,0.10646041346446403,0.1275967526501371,0.23801143079145995,0.2848421265928396,0.9293376368210705,0.26342398509101045,0.20560483485130687,0.18929789243182163,0.009629487524221887,0.2175136382244753,0.3298449166193804,0.16759179799693893,0.2184271922344887,0.3660069505940755,0.3453614284735477,0.1852509446270046,0.16145268100523863,-0.0013830194694654562,0.29795095789364895,0.24591001696268328,0.6309946257865781,0.13246784233814765,0.5372647428304178,0.2344620721968818,0.18930699924749542,0.02905413614538362,-0.03581003803442765,-0.07334740094223106,-0.04925545022888323,0.05114931681908408,0.10036471825453082,-0.06829931076415086,0.09925915244496275,-0.059722777494328076,-0.13007485587521747,0.26618268021721064,-0.23537602010347924
0.09828800499045628,0.15142254287362972,0.4085679820265875,0.19465041739273983,0.08924652485020683,0.22304302338819873,0.10562776371094786,0.23012929835327342,0.13798317501820673,0.15187641778578662,0.20187084958566964,0.1382395110519435,0.19362061371676992,0.1813769860065291,0.2978062094097675,0.2463876574264084,0.4833313224644496,0.3274297460250873,0.36146698467266347,0.24431060091174725,0.27156604219195585,0.09252949057902521,-0.15724425927318708,0.26486362316750695,0.13567639964957504,0.18744604246185465,0.26342398509101045,1.2156510611835007,0.26293783308449226,0.04237484312277948,0.13883072575567884,0.1978657852266041,0.4866815693224706,0.09087909028766136,0.8356728848653655,0.19663269510694328,0.5854957985305184,0.1681511869453004,0.18198278260588305,0.13522981393760566,0.4678543395398879,0.29301659757956666,0.26849858017127354,0.16983351799331248,0.452427605874287,0.250657539140468,0.2527081604751491,0.17790185703295885,0.01267655812318657,0.2109104280127893,0.0015117958884037612,0.6319990387834472,-0.7233531814280062,-0.05412050874077425,0.012051724448958363,-0.08982612252552184,-0.044779472247494394,-0.22007148451141129,0.5675225129155025
0.17773623126882848,0.12738481330792,0.7479090767831169,0.41230401226427177,0.3843662568236703,0.47174524609636703,0.25072225140349436,0.3465850488387797,0.30450934461583823,0.46757538376973057,0.4033270404584688,0.2654930712641304,0.46604370723067573,0.27327446272327005,0.35285952490232503,0.40619055770147533,0.3620766719303544,0.4107203646577736,0.44815835446470853,0.2135641303515018,0.3757269938645681,0.563932102099489,0.6230122526154184,0.9497144118994312,0.6230114735230449,-0.16427033439421307,0.20560483485130687,0.26293783308449226,4.031335240184228,-0.057048209142382414,-0.2250194721456216,0.2644864732957816,0.4346513505790833,0.550021148988437,-0.010242677373901823,0.6936375491041231,0.8027218475443423,0.0816269448453443,0.11061728441966551,-0.04539629360673145,1.1694363430896566,0.27091344228195346,0.0019197758158272797,0.04750983959768089,-0.21487373840518334,0.9138136782980912,0.5405104216132521,-0.06614517891018827,-0.000794781146372912,0.057312016889444234,0.06954917405113675,0.071850899387893,-0.14791878021344737,0.0773429313183076,-0.054438630358396495,-0.1603585801039391,-0.32948683962594916,-0.258966321447939,0.6483446542777216
0.3392952031007994,0.009545993532163689,-0.21589397025035573,0.15235241728070154,0.22586077190738552,0.20775444786347977,0.23989580799644264,0.12475128704854453,0.24485546865457278,0.06696546577583909,0.17445066478496568,0.1970410584473867,0.0737295638727292,0.18739170645002734,0.24019300755430886,0.15140939154461291,0.12187488714366874,0.06846377974262753,0.3604897648299557,0.4539925872437213,0.38467481051783803,0.18868295638352706,0.2758163130639444,0.344316904954711,0.24738486354436898,-0.2627857668716849,0.18929789243182163,0.04237484312277948,-0.057048209142382414,3.0183129385455896,-0.2062031086049105,0.0949556661652157,0.6614930738052717,-0.33532742368190027,-0.08713046492994234,0.17790419769620452,0.6631489941899935,0.2590971005842053,0.2615256387392984,0.017216007495070348,0.11393902856690141,0.14058199113884218,0.6648082981652947,0.18344369658210985,0.6237604147140453,0.4303724671519764,0.6390132567153713,0.14710205196908374,1.18730327212486,-0.19997177975185051,-0.1030814743278712,-0.48591714984977546,0.41467496915011587,0.07727497643245314,0.014800243912559154,-0.15870017226565375,-0.2880416335834957,1.6315516508276198,-1.2532654109206678
0.18786122669434796,0.08982573050010424,0.3454458329168552,0.08168542479178219,0.13200409970977559,0.14444616182774983,0.10277063223099327,0.11292026738479663,0.20070845898630413,0.2220760739274224,0.13118385505183283,0.08103849947604863,0.05768989305288956,0.1312212654106262,0.15681675054245556,0.07714058108423791,0.1515898343153417,0.0899854000371504,0.15905665986256606,0.0623659939221254,0.16512023874023343,0.07087502249706694,0.25662227425090295,0.1407727946001603,0.13089313449228354,0.31372592066854316,0.009629487524221887,0.13883072575567884,-0.2250194721456216,-0.2062031086049105,1.7959525729955241,0.19326396826450523,0.1843469822041994,0.08297609849371804,0.17158734934585182,0.2719168262656842,-0.06513562803861919,0.24027061027798016,0.3357402769945057,0.12602413512327382,0.03909881342255508,0.16136234534270366,-0.06072483529036757,0.09907652034173617,0.2738437126725445,0.4259378978158637,0.3195466934832437,0.06074179634271811,0.17092440658050587,0.1374867078550069,-0.006143018893982209,0.18333059175711025,-0.10542238419143937,-0.06294433923616367,-0.09891268298193678,0.25014941765564147,0.28184329095606925,-0.3624348077613786,-0.09567736550280442
0.27172661912567164,0.1030809785728463,0.4381318449941675,0.3198330537996461,0.2508240191785446,0.31050295240332765,0.16678548808683397,0.3394566336908195,0.2086371942194677,0.26881938753622625,0.25527868319151337,0.2881509724268898,0.18262210334362847,0.3724984060968162,0.2331172243593601,0.2917471047680317,0.25501796419358436,0.22933507929391625,0.2930401984609067,0.22443307118584185,0.1675706853030062,0.2214918611496742,0.09222770736050848,0.22653034634863267,0.24159404717904384,0.4431543407479331,0.2175136382244753,0.1978657852266041,0.2644864732957816,0.0949556661652157,0.19326396826450523,0.5507810258042329,0.11550312698615141,0.32951773874717044,0.24162128578048114,0.21540540162404384,0.14695443528289048,0.19211592328580734,0.2535083725314529,0.14738601455424946,0.43434843975129933,0.21454428083104624,0.1937478716578878,0.10375195264978335,0.38639868444333936,0.3825715508730147,0.42103747671412717,0.13060010301065395,0.3522653387186863,-0.012098716445558726,0.06271985753912103,0.07097828956425224,-0.12738440386112124,0.007422761708863511,-0.1850081780084069,0.008285410204523946,0.2686373445886184,0.19664838974557428,-0.4649364492400487
0.2190271017658184,-0.040504777531425305,0.3733458164896597,0.2184365200324046,0.18798494820228814,0.2021903993898228,0.1739144483698872,0.20075966307437973,0.27634037173621895,0.08820082024224266,0.20512958984872737,0.17410503818426779,0.20423312843498584,0.1906250559882883,0.19265007455541497,0.16035583358641017,0.29005485623167054,0.33838432994065337,0.3499579149753738,0.3271629179748283,0.19860790356745195,0.30630517258644796,0.2762786154673823,0.5100428808221048,0.20635348222153918,0.006404820185815158,0.3298449166193804,0.4866815693224706,0.4346513505790833,0.6614930738052717,0.1843469822041994,0.11550312698615141,1.84500971421988,-0.1933104546532249,-0.46101687659608537,0.24474649166372683,0.6965619691366011,0.23103416026969611,0.20984133969558097,-0.14353893990913527,0.0398640956168625,0.22778051185900952,0.3728125821000745,0.16461152486962827,0.28381878268207295,0.5640418671157266,0.4748305458434957,0.07836849051474215,0.29928612417159384,0.12471978133138979,-0.0159641225230451,-0.00636349194654357,0.17727286488507643,-0.24080715552447138,0.14245070653540845,-0.1767969181110714,-0.2505196108720059,0.4176394812807663,-0.09860310349537729
-0.09330033521814274,0.04113579032950408,0.42652317163846154,0.4382017178656564,0.33967066917546074,0.3266820024853336,0.14041672084134632,0.3459590014817269,0.12847626932888395,0.4358475683242608,0.2835888555163101,0.3088202314202391,0.21603176296193352,0.28787172327532495,0.2754515007296918,0.3493045050826282,0.33669076906981876,0.24721866293479336,0.2608729358739323,0.1911409957205789,0.2521670894317604,0.19386852288172257,0.35906291227257514,0.014443323729231695,0.40447654170836617,0.2482932585010012,0.16759179799693893,0.09087909028766136,0.550021148988437,-0.33532742368190027,0.08297609849371804,0.32951773874717044,-0.1933104546532249,1.8227953554849219,0.354932891527031,0.08297581101862443,0.8640205442453276,0.13554872032295198,0.10732258641399742,0.02588197016230518,0.6441432021876228,0.34436504032030063,0.17656529518676192,0.19466859552447355,0.2477199002685477,0.18237286011389137,0.6497919627885911,0.31290275876693985,0.20881706177771195,-0.09521855189791201,0.006296514389080845,-0.00865444623722007,0.029867754808043576,0.07579371071473916,-0.2749091266754591,0.014688777817394291,-0.034113150533593775,-0.11748952473718513,0.18396269153018732
