0.5525900214305721,0.16868997510485956,0.314539928209936,0.08021628734609859,0.10713187774566155,0.09730870029687907,0.17450168957761913,0.10689456471956418,0.1310628579968517,0.13063237731880187,0.09705564397166609,0.10722423066494151,0.06950912510219674,0.12295181775558807,0.08429088924749333,0.10294817640160094,0.08098277099704161,0.11635931906754007,0.11052371716996415,0.09426550767662156,0.11732306459746314,0.10581835068256445,0.061694108238093036,0.08352458852561807,0.09677891231201974,0.08319633655247206,0.09220326847149171,0.06704044658534893,0.10396153660537819,0.0818058753763919,0.11967357282356683,0.10621105457292095,0.11047197666914356,-0.0688071525525864,0.0786757071169333,0.15465046946326533,0.027577252145725786,0.07963798570794123,0.12595227720816546,0.1269562732773135,0.11750365464374563,0.1101353616073145,0.1056733488675537,0.023015767497959774,0.0576711292470823,0.15334734280417586,0.09716129004401301,0.0025654969826024773,0.16382316307104866,-0.02354316135712831,0.05268968752782271,-0.03237648794918871,0.035818280421513526,-0.03150140545889021,0.06810521751809402,-0.004276599981351394,0.040237761344611225,0.007143656110416497,-0.05906730644921001
0.16868997510485956,2.0160178538109337,0.8957445537526086,0.1668810861345096,0.0910581619041243,0.2703905771553272,0.16039628477684015,0.3701136178034499,0.2576409317243729,0.2623566936163585,0.2795790641769776,0.24468349666777897,0.15908589118234387,0.207280828854171,0.3538276644389278,0.22924740245036174,0.3148389381279239,0.34785938348607076,0.21708778535558085,0.37000492643357574,0.24673603199342195,0.21689302801841312,0.0758962675323397,0.08300934051492184,0.31656235417689893,0.23977855772697138,0.2538900129544067,0.12254909032642465,0.4857507707421853,0.28265779370234306,0.19796866930718465,0.14031838679403527,0.22965396146095693,0.2896648842091702,-0.01697807011098138,0.3168502685731007,0.40487892282513904,0.22513479509986617,0.27193111254011354,0.1637249540141534,0.21180778966207506,0.2449697146221742,0.2126870702666895,0.021871962877375754,0.17652575781579885,0.529652788891999,0.3183416352707873,0.038012179535597636,0.33419164539127705,-0.2700080440649845,0.3387125146651445,-0.11637692406193374,0.14671881358336358,-0.1658291662417886,-0.372309500970592,-0.17994851689840943,-0.40356782678825415,0.3170758889360993,0.3625189668627084
0.314539928209936,0.8957445537526086,2.251325115361546,0.16006904422261103,-0.23384480860858636,0.3270732425837951,0.16120355092012417,0.41560373729503647,0.512296817307841,0.42696892858090346,0.3232141040236894,0.26996814657946494,0.17252116143205026,0.21622628827494053,0.29171656310630584,0.1881943600212499,0.3128393468672197,0.2560521404778118,0.2130871935480849,0.34125147575950904,0.29275253072151775,0.30038279768887166,0.108872834429014,0.2387116303837227,0.2625081610762544,0.2888459539150662,0.21781039645515285,0.17683653282414413,0.3540329405003036,0.2368844746820389,0.2890941782958866,0.18732324478566637,0.2702684652512944,0.15641430730693553,0.3079058822254213,0.3463580831911352,0.16555579154449365,0.24163235242856848,0.32604552314751745,0.22828522515193259,0.1735434252301281,0.27725696830100405,0.21682589465721752,0.04689422948153659,0.17381512164555965,0.3615835210215138,0.25603861058308025,0.03275441665297825,0.31735488076937274,-0.1818228203681467,0.18189366988434255,0.19919779105634527,0.045612064823248824,-0.27429730100388905,0.0016318898564125716,-0.09301797187735249,-0.2128048019712411,-0.12007129946886137,0.25544404679647004
0.08021628734609859,0.1668810861345096,0.16006904422261103,0.9112740197519797,0.5151163918907838,0.3748185568140337,0.3624242033165834,0.3512892349129111,0.2661449641491018,0.27707966336097894,0.24716501099430033,0.29698634663330037,0.14301875359418095,0.28313235800979714,0.2291391252541224,0.2692975015365542,0.23265032740164307,0.28869481487870374,0.31421127655419046,0.2840306985384639,0.2621188789032887,0.2765103701200898,0.28962913283734626,0.1989194102835909,0.26890479329447786,0.3730076695987363,0.18165727825535602,0.04605641004193537,0.2760658935257242,0.16647690041933294,0.19856777197744335,0.2186791005040034,0.19458619000599156,0.48608946768637945,-0.10920276379669056,0.36823888768984303,0.3587828954979757,0.19860137601667044,0.17085153413339657,0.049482952321953544,0.17426916632302752,0.25312441920541223,0.20130709191140786,0.10341720380470884,-0.08169072373430358,0.21045642982176485,0.22915099724334245,0.028722928876669832,0.2401647979449537,0.2219161655835642,-0.16175177959065695,-0.1481837156684675,0.18849786313381944,-0.17110155862821613,-0.0049522929292172444,-0.029997636765442575,-0.25545625947362366,0.1750262358277358,-0.01617705442665436
0.10713187774566155,0.0910581619041243,-0.23384480860858636,0.5151163918907838,1.1713636327308738,0.5095088379038512,0.18010088314186817,0.36025410089714144,0.25396590433969096,0.17782950298194602,0.23305226771136453,0.249409102567237,0.1576322605492075,0.3000077819255788,0.218517892931753,0.269327817032407,0.20563665705316525,0.29398736196742037,0.5800769465649572,0.23254471371622698,0.23514507943643462,0.2953780231161082,0.2878124390422595,0.18351840480874515,0.23407512065170824,0.3861288694739953,0.14392310954917173,0.02589941800237474,0.24455272191259478,0.17754216405880135,0.1855501611229363,0.26290661942332516,0.2165040137345068,0.5513231896275543,-0.24229480111900095,0.4202883323266657,0.43356968863954737,0.1859721682072996,0.11872787590310258,-0.027614501444785437,0.20244921703043967,0.2322597492312796,0.14334563486650842,0.07127196008477536,-0.1922769787148665,0.30075023638731513,0.2385734165199162,0.023762477018778795,0.2770362587747527,0.4701014616936674,-0.19046476504371274,-0.36039106627423767,0.2269853406341383,-0.15815683333466252,-0.1423217143878435,-0.07872536885564181,-0.08246997863454175,0.19597044845341813,0.012812491365790551
0.09730870029687907,0.2703905771553272,0.3270732425837951,0.3748185568140337,0.5095088379038512,0.8417609120893051,0.06348599700598785,0.5186293666404649,0.3789761643067646,0.25872853660313333,0.32405993035769,0.30050370375875285,0.18902997556996445,0.3468088355419277,0.26731559147631434,0.30427356873254885,0.2665176399316711,0.3224136033680067,0.49241071087863725,0.3518551524501074,0.31292539824850046,0.3572158628869258,0.25985115455298474,0.2470325477775153,0.3133856516798761,0.46227300038132907,0.24359980832541483,0.12338233692845749,0.4212165830612585,0.28069689323858815,0.22080155761133768,0.32308187756634255,0.24290376113368115,0.4575670150564805,-0.2054333093073266,0.47343723963375917,0.4660517644123081,0.24616741767848963,0.24467435461208614,0.04497234230411319,0.2758200526107753,0.29729404304542356,0.22988769764698286,0.06467372939063996,-0.1385815013990523,0.41613706999483774,0.3100957404971176,0.019987300682133953,0.5180517071033273,0.3091130979959981,-0.40197433832523916,-0.12337148577136418,0.08521339031547293,-0.024553623445286086,-0.13650252319020295,-0.06085762801676101,-0.07807542233267302,0.21825539982626216,-0.022079576346702448
0.17450168957761913,0.16039628477684015,0.16120355092012417,0.3624242033165834,0.18010088314186817,0.06348599700598785,0.7595366759106178,0.15709193366036323,0.30034579895842967,0.2370946296963468,0.16615481176965985,0.2699572802239291,0.10890114897316977,0.12579350953125262,0.11451672840417851,0.18246853844870853,0.19271642951415296,0.23831076875218002,0.1294255584739523,0.2319328133088853,0.22364580883667592,0.24114492257436562,0.24133943112927544,0.1625189301310781,0.20594350697407798,0.24008069567187915,0.18756876098673778,0.10708946851394985,0.18109908554143966,0.01455972450550477,0.20735265186964977,0.1652947325656811,0.10468731215499923,0.34404904324286645,-0.0805449644018058,0.27902815790291424,0.24666303072122212,0.14057283325067804,0.17734041165771258,0.11988658971399446,0.115657874335292,0.20972187120226862,0.20675093699644698,0.08486747213650268,0.01931285360223046,0.11388062921527732,0.11388139432200547,0.020096340620065448,0.2081423240805183,-0.05301793677655084,-0.0016544494384951184,0.023438393979869722,0.01185498615988138,-0.08341393565965066,0.19343873532182282,0.13529363676276573,-0.08745045727809106,-0.03207242875919555,-0.22867329156012817
0.10689456471956418,0.3701136178034499,0.41560373729503647,0.3512892349129111,0.36025410089714144,0.5186293666404649,0.15709193366036323,1.0771204027416128,0.13335331795474833,0.27424570110620633,0.30583210090718804,0.19787690851126313,0.15418561162502548,0.31492630238655006,0.2692722418957552,0.26269286096843597,0.24304665317688032,0.35808850992419017,0.30638147317700914,0.3955884341283189,0.291016165725195,0.21827510045381024,0.27478051141708804,0.15068281233377695,0.3327411382723053,0.47441231739254736,0.22445537931848783,-0.05091580827361435,0.3819914218866339,0.47536058240163176,0.15669879128341271,0.24228875163122565,0.2493501577861958,0.4750080812456064,-0.040417364316578934,0.4189010989925937,0.43063621756915277,0.2443869701840572,0.28651929920035885,0.15986411735330025,0.23747001029351714,0.29686236382739184,0.2528983543979139,0.07250401653900139,-0.03389603855063987,0.3458947710908377,0.4156874259731959,0.03298903164747295,0.562536454267714,0.2951656477430238,-0.1654730671028011,-0.3895191010647443,0.38450130269448674,-0.13117644313490032,-0.15603905679114424,-0.20671096306536682,-0.12729047544014588,0.3884520601794867,0.016886745345144602
0.1310628579968517,0.2576409317243729,0.512296817307841,0.2661449641491018,0.25396590433969096,0.3789761643067646,0.30034579895842967,0.13335331795474833,0.9243808345998558,0.22946773298481984,0.19844944267016565,0.2267937286423462,0.14983804733142536,0.23695227129310908,0.06470812278074332,0.1941178771509406,0.2131552818680313,0.2732076443463414,0.33473344396764887,0.1819265225928269,0.29843816530504547,0.46891774276962317,0.22409068147674846,0.2610319089904207,0.13346029532481818,0.3892015933615672,0.19427977886323342,0.2117817364800378,0.14451052375949158,0.0748361160293411,0.2772323678930738,0.24685114053099072,0.23647802889251246,0.1964448885519282,0.02986876831541889,0.3958840465119683,0.2014479738083574,0.1710324115789385,0.24193406618851973,0.16867069853565175,0.17613515577178748,0.2633482681098066,0.2287056260856538,0.05447811621425629,0.027623848519945426,0.35428419069522754,0.1795697435242866,0.025970646087970957,0.3756416466131998,-0.02255080421287671,-0.005639913490223908,0.04955976099267586,-0.06685894389690447,-0.06525957192992338,0.18332475967576944,0.1737142813154984,-0.11987621707218761,-0.2265747555569038,-0.0007438906342628549
0.13063237731880187,0.2623566936163585,0.42696892858090346,0.27707966336097894,0.17782950298194602,0.25872853660313333,0.2370946296963468,0.27424570110620633,0.22946773298481984,0.7497146824298629,0.26891515292129575,0.3356744088208488,0.14878196412889505,0.20610529660856983,0.29595545062288764,0.21860230474830186,0.21369774702707325,0.2972232122454374,0.1912073962103167,0.3445489097979613,0.24642798358146803,0.22057316145744923,0.24326288556063816,0.17689154487237224,0.29104525121723374,0.2771934134476787,0.27243634415015183,0.11990138045807208,0.4112105742256919,0.12834247545802183,0.19420012415127605,0.22122218501786586,0.08753358977137866,0.44808024931365564,0.11397541114290297,0.35447503127221214,0.343320945579722,0.1897953346787669,0.22026998541109089,0.15520765598047237,0.1877426830149071,0.24708945636079718,0.22597701921140728,0.06620779478257596,0.03733276017561587,0.39815900411050226,0.22471842498181602,0.03535844205668289,0.29369165243532985,-0.0463923106867075,-0.04348411411905268,-0.06292077479261492,0.02685340373223068,0.05463768971408603,0.16851445135209875,0.07848565574580288,-0.07425353903421444,-0.15266636593116176,-0.03565437041568643
0.09705564397166609,0.2795790641769776,0.3232141040236894,0.24716501099430033,0.23305226771136453,0.32405993035769,0.16615481176965985,0.30583210090718804,0.19844944267016565,0.26891515292129575,0.44937943528401664,0.2855305734826561,0.22754894719222948,0.2328887040935026,0.25492455224982596,0.2506644712368625,0.32681428598554335,0.23992999825286931,0.24727977429081452,0.3089142540307516,0.22955058172213075,0.2270444664623536,0.20627858349471617,0.1910142876452887,0.27070335461627343,0.2864466655294652,0.24581866772180622,0.18620081950094816,0.3528850190300865,0.07034474420243438,0.20453913063071294,0.23647207833840858,0.14493920564916926,0.3137631597032981,0.05266320751172152,0.38190642644287337,0.24829585939742202,0.1874312227546349,0.2238689803797733,0.11584949491501147,0.1790170664549168,0.23484295403120936,0.1998937880841887,0.055159598206659624,0.0236982526812173,0.37301310127963105,0.16457209887402832,0.024721671414371798,0.21795398045693898,0.034858029470406456,-0.04418598763195843,-0.03153899620464368,0.05717638707070043,-0.034043044351066455,-0.11384687058578724,-0.0288891311465907,-0.0642201196803042,0.14442289226849697,-0.06621850852957689
0.10722423066494151,0.24468349666777897,0.26996814657946494,0.29698634663330037,0.249409102567237,0.30050370375875285,0.2699572802239291,0.19787690851126313,0.2267937286423462,0.3356744088208488,0.2855305734826561,0.6756153305705435,0.1673170860037696,0.2593816674662778,0.2981461233116709,0.3282394322353521,0.3112303599751153,0.20117041100039576,0.2581230964742037,0.2969220561916681,0.2264835158925371,0.23650612088138043,0.22030102398995421,0.17331524184275138,0.3243989588248208,0.31234143270281395,0.3168508052804285,0.13389989979274206,0.23335194929451408,-0.0285001370617514,0.20513488832727805,0.2901336081050046,0.10156462613932055,0.3829508970840169,-0.1559178906626796,0.3786997911333812,0.22744604037038899,0.18612605599087753,0.21610029535481842,0.06301532620402372,0.13977153590725766,0.2225540849157785,0.20467978558425753,0.05076195369512361,-0.0022685784427975814,0.4137245652055222,0.10077194971947666,0.022993559998950523,0.3198552185733713,-0.2377109974587518,-0.056339966683232316,0.08615834421791664,0.025128201226986575,0.021328403130050473,-0.09183438755777674,0.11454046489388361,-0.11244243193163192,0.140888585373923,-0.27704181671734673
0.06950912510219674,0.15908589118234387,0.17252116143205026,0.14301875359418095,0.1576322605492075,0.18902997556996445,0.10890114897316977,0.15418561162502548,0.14983804733142536,0.14878196412889505,0.22754894719222948,0.1673170860037696,0.44103155170655683,0.14363962615489434,0.0982258637928965,0.1736662478823778,0.1788839808047383,0.16111283685650613,0.17236722822162556,0.15887883888788717,0.1522383089110004,0.21930308330642706,0.16073694708579014,0.14626660081071274,0.1899802966713793,0.163837037674922,0.20294786662123177,0.13986357601958946,0.3817386587970704,0.03450901835631352,0.10265921669365025,0.19815334847126564,0.088474969840192,0.17483854557635078,0.20435315694065004,0.24932615975800326,0.0970516889251682,0.09915248367251425,0.16053385030657738,0.11340897184468449,0.11093779859485504,0.1548251449364392,0.17617627726113658,0.05726899486206288,0.0024979045942310836,0.28477720920389943,0.10102959168230417,0.010966230953725866,0.18775128461739163,0.04887513267396999,-0.05432135654936697,0.0200082832072264,-0.07442782887203667,0.03322957919205177,-0.040420967923006736,-0.014253721881112336,0.007791828086018256,0.08116028644466583,-0.07650058473823593
0.12295181775558807,0.207280828854171,0.21622628827494053,0.28313235800979714,0.3000077819255788,0.3468088355419277,0.12579350953125262,0.31492630238655006,0.23695227129310908,0.20610529660856983,0.2328887040935026,0.2593816674662778,0.14363962615489434,0.5010826747474272,0.24685313156395286,0.3444632868829119,0.2120676448668476,0.22557745801521498,0.2649697497962861,0.2632482725893667,0.2244202080080688,0.2659179745641022,0.2589852856413623,0.19400390581548188,0.27517831278908544,0.3164325924655259,0.19718373974225908,0.08936472665652351,0.28105240568120776,0.19694543036454593,0.13536195361274506,0.31878954247291985,0.15798968873227387,0.2978292654219534,-0.03666848938706203,0.39193980533275485,0.2515236343059223,0.1815198158641791,0.20454333681726897,0.1203192312054562,0.23268441080184704,0.22613331282508908,0.20209455100947438,0.059635711274907924,-0.03661839576559396,0.41596476853128317,0.22052460256354894,0.011117763914847999,0.5280863475260172,0.04355325137313409,-0.03327126390344549,-0.19403264317931973,0.1491541096334227,0.0075391325443620125,-0.20851637712885748,-0.03342872213587359,-0.04920425367408852,0.227457720813674,-0.016339604147810886
0.08429088924749333,0.3538276644389278,0.29171656310630584,0.2291391252541224,0.218517892931753,0.26731559147631434,0.11451672840417851,0.2692722418957552,0.06470812278074332,0.29595545062288764,0.25492455224982596,0.2981461233116709,0.0982258637928965,0.24685313156395286,0.9379738786220477,0.2749918207530348,0.21401572022675394,0.38613510806520285,0.22489762191820437,0.29145842965869334,0.21160247947857735,0.12179306962022246,0.38809103994203603,0.18612203008537131,0.4014807879469882,0.31883947792578726,0.22090286078323376,0.15116951195628275,0.3682328324822501,0.19370845211479912,0.20812188913851362,0.19731392861477778,0.11692186956870802,0.39639716776065675,-0.09722177422653867,0.44639404293291934,0.25660671824444603,0.15431910637282373,0.10504343057718762,0.10430429653918696,0.14926905836922028,0.21781442406563026,0.17329187475138627,0.046965222491919,-0.038779959070375784,0.4691867277778835,0.2894354956294712,0.024963058395498155,0.24956572762013332,-0.09890237054725924,0.01905478212596778,0.04333960428850732,-0.07621793005124877,0.024320372378960328,-0.08913844915707698,0.08707317985404008,-0.20909618867117621,0.09682444894288676,0.09585074342873454
0.10294817640160094,0.22924740245036174,0.1881943600212499,0.2692975015365542,0.269327817032407,0.30427356873254885,0.18246853844870853,0.26269286096843597,0.1941178771509406,0.21860230474830186,0.2506644712368625,0.3282394322353521,0.1736662478823778,0.3444632868829119,0.2749918207530348,0.5125820033016754,0.30171481615185947,0.2582909525174754,0.27411717522140866,0.26519519071714964,0.23249063195441427,0.30403181012049285,0.2421167254874298,0.1885906404067801,0.3222758019595246,0.2813195175247659,0.2675804466403151,0.2075401943946104,0.3528645864117458,0.02670536997693577,0.19970448495061593,0.2930514149226932,0.10083518383099668,0.3336779522950693,0.03899600730779912,0.37592585015161895,0.23929463761485,0.1757573079925699,0.21441389208243383,0.12755221462552493,0.20550290499644108,0.24075810262394834,0.26724338877596937,0.07565579448360168,0.01893435876778092,0.35950399966490176,0.15373743816025623,0.009270687989936143,0.3644383495859874,-0.0868754984046191,-0.04493231278957788,0.01237362831002285,-0.01779739897082812,0.02524495630669658,-0.17267848218535864,0.07578258122931641,-0.12815308751091942,0.3321535885340993,-0.19339620866571325
0.08098277099704161,0.3148389381279239,0.3128393468672197,0.23265032740164307,0.20563665705316525,0.2665176399316711,0.19271642951415296,0.24304665317688032,0.2131552818680313,0.21369774702707325,0.32681428598554335,0.3112303599751153,0.1788839808047383,0.2120676448668476,0.21401572022675394,0.30171481615185947,0.8200219184768421,0.11672555445129262,0.2350123146703846,0.43001348837586895,0.28761651008923894,0.211872044035316,0.05520406853707641,0.21045361321412995,0.29208802858052746,0.19034941990308335,0.31040069276484816,0.5782792111904765,0.29100352759736353,-0.022708621103390135,0.30128243697182683,0.2315513908701236,0.2593699435716819,0.2995809848224466,0.14219301326502867,0.4490250881199918,0.5076018030858378,0.25591359628590343,0.369872744477089,0.10167224650706101,0.2907682074591562,0.3187707371255658,0.2500502788028521,0.07509469695699275,0.1444626368132356,0.3995932195117812,0.07075797782575376,0.03296056025899598,0.21730089719924356,0.1854727408224955,-0.03996294951888589,0.048210470914575435,-0.11819232481355071,-0.03666093692852349,-0.21084791430399583,-0.036169856150304984,-0.08428910491591335,0.13867794073612874,-0.04695543019110079
0.11635931906754007,0.34785938348607076,0.2560521404778118,0.28869481487870374,0.29398736196742037,0.3224136033680067,0.23831076875218002,0.35808850992419017,0.2732076443463414,0.2972232122454374,0.23992999825286931,0.20117041100039576,0.16111283685650613,0.22557745801521498,0.38613510806520285,0.2582909525174754,0.11672555445129262,0.9746230906657914,0.3257624524772949,0.14444967601873326,0.29285716361188535,0.2967838242253603,0.6241695016417766,0.22604795155151722,0.37678762362253854,0.4948559805065041,0.16773893544690244,0.05171474623273213,0.4327827482867387,-0.017091363477940272,0.3850502513903956,0.2493442534192884,0.07367192968058678,0.37156892858173085,-0.13906236749815565,0.5116641109510071,0.17886580888404402,0.13258057102158916,0.02263625077807557,0.24501211157355912,0.17974065118962687,0.2721973297414694,0.230779640499833,0.06190294004932977,0.026441139314075972,0.4813804358934821,0.4631720627013272,0.018915692952962856,0.07605714249239054,0.1662247041560797,0.31302869175146353,-0.2003992007409644,-0.3142517909253633,-0.016130639362741166,0.019367799347801945,0.2038341587227538,-0.03718518178593523,0.27371412181136995,-0.3924108390343364
0.11052371716996415,0.21708778535558085,0.2130871935480849,0.31421127655419046,0.5800769465649572,0.49241071087863725,0.1294255584739523,0.30638147317700914,0.33473344396764887,0.1912073962103167,0.24727977429081452,0.2581230964742037,0.17236722822162556,0.2649697497962861,0.22489762191820437,0.27411717522140866,0.2350123146703846,0.3257624524772949,0.8531963514581298,0.18115432729579847,0.21926830446769954,0.34640975401936747,0.20873390733781025,0.21304333379498214,0.26602655229349026,0.2805907138609484,0.16235510374794057,0.21604164090904518,0.19987233812729668,-0.018999128947804367,0.31620809356179813,0.28033744511485,0.15505893970441248,0.3398247654230275,-0.18305832458213062,0.40500945497413726,0.14100562209330167,0.17654872461931054,0.1104007079948478,0.0408515093183424,0.1682344842440223,0.19644816444350646,0.1533645171709523,0.044077396130428124,-0.05070830421009244,0.32768618371488917,0.15845792189403973,0.015490754175887111,0.051348454009109104,-0.03411155508248551,0.16011300842543338,0.33610106114386357,-0.28613430615870117,-0.16967034932506683,-0.11954368580312562,0.029935217879458985,-0.04357540805949892,0.1643223776877209,-0.09792465919212431
0.09426550767662156,0.37000492643357574,0.34125147575950904,0.2840306985384639,0.23254471371622698,0.3518551524501074,0.2319328133088853,0.3955884341283189,0.1819265225928269,0.3445489097979613,0.3089142540307516,0.2969220561916681,0.15887883888788717,0.2632482725893667,0.29145842965869334,0.26519519071714964,0.43001348837586895,0.14444967601873326,0.18115432729579847,1.2432542683399614,0.3263692616529857,0.10677355516304296,0.22104784438868175,0.19450999682070177,0.3029999500034012,0.41802048693748556,0.39430621201451,0.22082227092365045,0.5407778178519892,0.676288075132228,0.19424135251390376,0.2798939388130712,0.20227878567561985,0.5771231334343081,0.10877123317517884,0.4529316079376163,0.797065952743104,0.5456756823642788,0.4313479019321323,0.38887084252570425,0.4352241152898163,0.3820635744825031,0.4613086436934863,0.11272649250145197,0.2051523872189839,0.6935827350251582,0.4333487166193499,0.041651071850949926,0.9680677494296207,-0.04654755730417799,-0.1745975584924455,-0.22574239846873229,0.2985619480305815,0.026419306938832515,-0.052680122323865555,-0.08125777607249651,-0.06944232317819843,0.039365453638269036,0.03389391225585242
0.11732306459746314,0.24673603199342195,0.29275253072151775,0.2621188789032887,0.23514507943643462,0.31292539824850046,0.22364580883667592,0.291016165725195,0.29843816530504547,0.24642798358146803,0.22955058172213075,0.2264835158925371,0.1522383089110004,0.2244202080080688,0.21160247947857735,0.23249063195441427,0.28761651008923894,0.29285716361188535,0.21926830446769954,0.3263692616529857,0.5856863854378349,0.23221223643097968,0.21366172724646296,0.1970765089964371,0.24222719557364528,0.3198400101940026,0.23357899618298497,0.19235819922646608,0.20856334810665964,0.22637978686044674,0.3016352130401975,0.23919619216029586,0.4109605666583223,0.24832679897219345,0.3377805710693567,0.5577704950906918,0.4702397380277025,0.24705569527898075,0.41675377731204305,0.2961643170989104,0.3675085224886321,0.5049990348353015,0.330331197890303,0.047834096548747346,0.12600888548567124,0.4269163234182883,0.27659491670428243,0.0418943865977135,0.41031145698711546,0.19071301353887535,-0.10804093962713446,-0.15481785699132108,0.08888316408537605,-0.04828425195271527,0.13568865100434252,0.025392751744849625,-0.14594852180641718,-0.0023466059168298957,0.03112430310345966
0.10581835068256445,0.21689302801841312,0.30038279768887166,0.2765103701200898,0.2953780231161082,0.3572158628869258,0.24114492257436562,0.21827510045381024,0.46891774276962317,0.22057316145744923,0.2270444664623536,0.23650612088138043,0.21930308330642706,0.2659179745641022,0.12179306962022246,0.30403181012049285,0.211872044035316,0.2967838242253603,0.34640975401936747,0.10677355516304296,0.23221223643097968,0.8904259334019057,0.3024333867385766,0.1696528754656497,0.20367929442374982,0.27202666745062776,0.21684870096962855,0.1393922981461589,0.3366474538379913,-0.06298109072016654,0.19504030920861365,0.3160207855784369,0.13506854158254575,0.3511626016371055,-0.005546057501536144,0.2994936688747938,0.18746460179708566,0.14066116201446824,0.2686159923228531,0.09159952635103566,0.13611240880688785,0.21624678957502816,0.3105676496162865,0.09140295623208033,-0.012610334428371282,0.28296300534385177,0.12299444222092082,0.0166973344325341,0.31574741155384184,-0.05691564837065838,-0.02537629611115799,0.04347176977801631,-0.14850283806916098,-0.02756819608243684,-0.023653210104309957,0.10607007041968687,-0.10416174876991034,0.12418696274562022,-0.15504083804457144
0.061694108238093036,0.0758962675323397,0.108872834429014,0.28962913283734626,0.2878124390422595,0.25985115455298474,0.24133943112927544,0.27478051141708804,0.22409068147674846,0.24326288556063816,0.20627858349471617,0.22030102398995421,0.16073694708579014,0.2589852856413623,0.38809103994203603,0.2421167254874298,0.05520406853707641,0.6241695016417766,0.20873390733781025,0.22104784438868175,0.21366172724646296,0.3024333867385766,1.8115713407676892,0.2643762851249145,0.3900649066216242,0.15465790007285507,0.1923445282512106,-0.4113032071409648,0.5690228795673707,0.3295319328673546,-0.2575460850662916,0.21459469452531502,0.1248453741566002,0.4846949729776185,-0.36458870747833344,0.8329246969026189,0.37221306733203813,0.09890020676244872,0.26424997730955835,0.2661400020817802,0.28228227354336577,0.2307592218986027,0.20885312214441012,0.17306403011196206,-0.30019160240881637,0.879681319255586,0.47100498014765985,-0.004539179612285282,0.36061568400213034,0.05765408630099477,0.12289838933140924,-0.3066698094152071,0.10957503363671003,0.12847200711531553,-0.03480808004241209,0.10498101095198868,-0.08683817927589237,0.08538520837876191,-0.12612522740323867
0.08352458852561807,0.08300934051492184,0.2387116303837227,0.1989194102835909,0.18351840480874515,0.2470325477775153,0.1625189301310781,0.15068281233377695,0.2610319089904207,0.17689154487237224,0.1910142876452887,0.17331524184275138,0.14626660081071274,0.19400390581548188,0.18612203008537131,0.1885906404067801,0.21045361321412995,0.22604795155151722,0.21304333379498214,0.19450999682070177,0.1970765089964371,0.1696528754656497,0.2643762851249145,0.8872334087533676,0.22372553563894812,0.09717976272235745,0.15970485160188408,0.17240530916394664,0.175912608933303,0.11050282525511626,0.5839082493351708,0.17461787269084714,0.12666482202173693,-0.0006077417581661819,0.011337863158449712,0.3327564151388292,-0.0059652051654112736,0.15016074605776403,0.12432710495453243,0.15054661026767982,0.21357850271980253,0.18056432961909408,0.06754628435714206,0.06923621599993154,0.0024613501412929085,0.2851757983822132,0.16272405799684272,0.027030434806802783,0.25227035927235764,-0.09788120817063979,0.02073229809532127,0.05262442479554224,0.051909926578701956,-0.01591623694288951,-0.004735874139959577,0.0910697548926562,0.020486309782137783,-0.1633793554618665,-0.027661487408510294
0.09677891231201974,0.31656235417689893,0.2625081610762544,0.26890479329447786,0.23407512065170824,0.3133856516798761,0.20594350697407798,0.3327411382723053,0.13346029532481818,0.29104525121723374,0.27070335461627343,0.3243989588248208,0.1899802966713793,0.27517831278908544,0.4014807879469882,0.3222758019595246,0.29208802858052746,0.37678762362253854,0.26602655229349026,0.3029999500034012,0.24222719557364528,0.20367929442374982,0.3900649066216242,0.22372553563894812,1.1910617321178851,0.2911498987873123,0.2883852450327832,0.12976652741855804,0.7131079235322157,-0.055200954588163764,0.5191889750613029,0.28632114741094405,-0.032205284065284646,0.546726435854337,-0.182695508601792,0.5032852798142444,0.10884809869570249,0.1948491381960489,0.14050075302272272,0.05751523245641214,0.10264081556956069,0.23787565092894583,0.16182958080761317,0.09056051290976226,-0.026929387686191904,0.39212498468224727,0.15896444685798852,-0.0043838632078090235,-0.0988472102788757,-0.39630583746799936,-0.022505023942267416,0.21576033929468783,-0.07004959835923402,0.05788048384820788,-0.13354583559250305,0.025700872227181953,-0.059998156278632746,0.2134253511357723,-0.1587377483907728
0.08319633655247206,0.23977855772697138,0.2888459539150662,0.3730076695987363,0.3861288694739953,0.46227300038132907,0.24008069567187915,0.47441231739254736,0.3892015933615672,0.2771934134476787,0.2864466655294652,0.31234143270281395,0.163837037674922,0.3164325924655259,0.31883947792578726,0.2813195175247659,0.19034941990308335,0.4948559805065041,0.2805907138609484,0.41802048693748556,0.3198400101940026,0.27202666745062776,0.15465790007285507,0.09717976272235745,0.2911498987873123,2.171231383336184,0.26923621899928835,0.16380003050258118,0.03878770011614532,-0.10053676107610089,0.46836960064318395,0.46333320551059093,0.05129850227078021,0.6032990302970024,-0.12126752813208516,0.5554195515249472,-0.42332386823592827,0.30508193734579203,-0.8224071902982543,0.10505680183546039,-0.16916757728568152,0.3247664165906647,0.14724615081336562,0.013044536272463166,-0.16670318322318323,0.23485128005954167,0.16136535625708714,0.03905233828431104,0.4057984452978297,0.4958194970256059,-0.2474715112528754,-0.2135402206690436,-0.2694156678732241,-0.13105327968206051,-0.0606235491027481,0.017100830046354494,-0.2273478672112546,0.17628944302686345,0.084990866153529
0.09220326847149171,0.2538900129544067,0.21781039645515285,0.18165727825535602,0.14392310954917173,0.24359980832541483,0.18756876098673778,0.22445537931848783,0.19427977886323342,0.27243634415015183,0.24581866772180622,0.3168508052804285,0.20294786662123177,0.19718373974225908,0.22090286078323376,0.2675804466403151,0.31040069276484816,0.16773893544690244,0.16235510374794057,0.39430621201451,0.23357899618298497,0.21684870096962855,0.1923445282512106,0.15970485160188408,0.2883852450327832,0.26923621899928835,0.7690127539643319,0.29765966000089444,0.293889938864562,0.033797074414693026,0.19718580166810698,0.2808522937701782,0.17337907554244442,0.297068883034545,0.1302891952365177,0.48789494247054,0.32868458802126094,0.22565750829717263,0.241488701796229,0.19070433099007988,0.2156368546694952,0.24864987486807574,0.4009134033830967,0.04448137968210167,0.06979904354346306,0.5906606103750482,0.11354718727376516,0.022355182141947056,0.4364522558518992,-0.14011025032109503,-0.12116789392664894,0.07200987167101598,-0.053806899258559644,0.15159499190375583,-0.0526797835253227,0.07522194213900643,0.020748276699730322,0.16485899832626277,-0.2466510263046452
0.06704044658534893,0.12254909032642465,0.17683653282414413,0.04605641004193537,0.02589941800237474,0.12338233692845749,0.10708946851394985,-0.05091580827361435,0.2117817364800378,0.11990138045807208,0.18620081950094816,0.13389989979274206,0.13986357601958946,0.08936472665652351,0.15116951195628275,0.2075401943946104,0.5782792111904765,0.05171474623273213,0.21604164090904518,0.22082227092365045,0.19235819922646608,0.1393922981461589,-0.4113032071409648,0.17240530916394664,0.12976652741855804,0.16380003050258118,0.29765966000089444,2.113850111629875,0.006766743881964301,-0.4137911393877782,0.4529739360271462,0.22302926566316897,0.29752182689640644,0.08039344884690598,0.25580476750750764,0.607330773170707,0.19185399630226105,0.1510562205750172,0.05854157459340725,0.03982937124315556,0.11268719104881654,0.15514927133683043,0.23126329986732116,0.15405912356230872,0.06005925201949721,-0.15598530009587322,-0.1660298609891567,0.05652964635199542,-0.18806115135432874,-0.128238496139245,-0.13054013181754798,1.0201753209733853,-0.9170271968529841,0.04266974882159696,0.20596131472728618,0.11378867482089339,0.09562337175688955,-0.16366418945963823,0.09614934211676303
0.10396153660537819,0.4857507707421853,0.3540329405003036,0.2760658935257242,0.24455272191259478,0.4212165830612585,0.18109908554143966,0.3819914218866339,0.14451052375949158,0.4112105742256919,0.3528850190300865,0.23335194929451408,0.3817386587970704,0.28105240568120776,0.3682328324822501,0.3528645864117458,0.29100352759736353,0.4327827482867387,0.19987233812729668,0.5407778178519892,0.20856334810665964,0.3366474538379913,0.5690228795673707,0.175912608933303,0.7131079235322157,0.03878770011614532,0.293889938864562,0.006766743881964301,2.6558352615814385,0.19073265122991354,-0.12694886661641777,0.30926840680808576,-0.32047921780786115,0.6275781182545241,-0.42252961127035,0.35861964886202075,0.2510196827023229,0.13017813923515006,0.359426919423793,0.0522535988306987,0.2806167880395083,0.21873631079301986,0.1510783742290356,0.06924368059291393,-0.13809722693387533,0.46312770940689674,0.29827301109380755,-0.11767782074066527,0.6693170382220176,0.2863765329874152,-0.549286115363134,-6.480089630456047e-5,-0.3183820487002201,0.33981676022651214,-0.15015342159021855,-0.10310250797256797,-0.04906956025093112,0.2687309857115666,-0.08258194344227
0.0818058753763919,0.28265779370234306,0.2368844746820389,0.16647690041933294,0.17754216405880135,0.28069689323858815,0.01455972450550477,0.47536058240163176,0.0748361160293411,0.12834247545802183,0.07034474420243438,-0.0285001370617514,0.03450901835631352,0.19694543036454593,0.19370845211479912,0.02670536997693577,-0.022708621103390135,-0.017091363477940272,-0.018999128947804367,0.676288075132228,0.22637978686044674,-0.06298109072016654,0.3295319328673546,0.11050282525511626,-0.055200954588163764,-0.10053676107610089,0.033797074414693026,-0.4137911393877782,0.19073265122991354,5.227421309699164,-0.6017415010842762,-0.053286896746657195,0.9549885055997318,0.05670716089786946,0.3392333910915561,0.6779115361812721,1.4503073982475094,0.38208611982082785,1.2535631403208982,0.7693452496303543,0.5966011356556173,0.2590787439607228,0.5626764611263402,0.1623845818601112,0.38684172246606363,0.7317612926151876,2.597839192131021,0.06130495322566358,2.473377585467042,0.33330536219190504,-0.3827244871761303,-1.8338849561048005,1.6446270552200102,-0.07402280921807707,-0.07093323783786135,-0.33526076967676105,-0.16532011419068623,0.021695125716127826,0.38281164853368094
0.11967357282356683,0.19796866930718465,0.2890941782958866,0.19856777197744335,0.1855501611229363,0.22080155761133768,0.20735265186964977,0.15669879128341271,0.2772323678930738,0.19420012415127605,0.20453913063071294,0.20513488832727805,0.10265921669365025,0.13536195361274506,0.20812188913851362,0.19970448495061593,0.30128243697182683,0.3850502513903956,0.31620809356179813,0.19424135251390376,0.3016352130401975,0.19504030920861365,-0.2575460850662916,0.5839082493351708,0.5191889750613029,0.46836960064318395,0.19718580166810698,0.4529739360271462,-0.12694886661641777,-0.6017415010842762,2.454990408085694,0.22344534355547288,-0.07095896285439218,0.026866547186669077,0.010421888190345348,0.2882823953088033,-0.6398069895066028,0.27096764347951097,-0.3657925133249507,0.09319736202159047,-0.09888175031106113,0.24468110156607972,-0.0005797586616344563,0.07733065588642528,0.3116023910190595,-0.13486662559262172,-0.13575598133192462,0.06352288453414774,-0.8386180774656411,-0.30213875135069534,0.32964709443503737,0.45002776497569313,-0.3661701417349227,-0.17449826510573455,0.0018997240659794018,0.18092018413655903,0.039928865949836294,-0.005611812425904557,-0.27329964324013484
0.10621105457292095,0.14031838679403527,0.18732324478566637,0.2186791005040034,0.26290661942332516,0.32308187756634255,0.1652947325656811,0.24228875163122565,0.24685114053099072,0.22122218501786586,0.23647207833840858,0.2901336081050046,0.19815334847126564,0.31878954247291985,0.19731392861477778,0.2930514149226932,0.2315513908701236,0.2493442534192884,0.28033744511485,0.2798939388130712,0.23919619216029586,0.3160207855784369,0.21459469452531502,0.17461787269084714,0.28632114741094405,0.46333320551059093,0.2808522937701782,0.22302926566316897,0.30926840680808576,-0.053286896746657195,0.22344534355547288,0.6344934618257463,0.07907840886402306,0.34359086858947124,-0.10779105126686264,0.47013288182787555,0.06432132734830127,0.20262275303546115,0.08892474636937141,0.08646457868682181,0.15820469842545357,0.22890870444605876,0.15753318910296624,0.03968065921967047,-0.0562795708777428,0.4166509972638274,0.09995834936207199,0.00035735610146597275,0.3731769797397117,0.012197031479904785,-0.059101377596631054,0.14054624940484242,-0.2580288795272111,0.09241734460947057,-0.1501619357238326,-0.006651106714373712,0.2685915239776649,0.10164180336553659,-0.28054574486893225
0.11047197666914356,0.22965396146095693,0.2702684652512944,0.19458619000599156,0.2165040137345068,0.24290376113368115,0.10468731215499923,0.2493501577861958,0.23647802889251246,0.08753358977137866,0.14493920564916926,0.10156462613932055,0.088474969840192,0.15798968873227387,0.11692186956870802,0.10083518383099668,0.2593699435716819,0.07367192968058678,0.15505893970441248,0.20227878567561985,0.4109605666583223,0.13506854158254575,0.1248453741566002,0.12666482202173693,-0.032205284065284646,0.05129850227078021,0.17337907554244442,0.29752182689640644,-0.32047921780786115,0.9549885055997318,-0.07095896285439218,0.07907840886402306,1.8929625262090988,-0.10659199632163001,0.519789883607163,0.5545629133476151,1.1741317279997427,0.26849545424646726,0.5688213811279873,0.08946660429815678,0.34888229562004236,0.3963770964136401,0.35171215322334237,-0.0048773960232209165,-0.20241539032294803,0.5609293660088228,0.5460408744597514,0.008948405597283184,1.0947326909670045,0.7212287056439288,-0.43823731558947104,-0.24312382963289653,0.4004308445192177,-0.3402472998286645,0.07931457012755973,-0.1757728835089046,-0.18493541786367193,-0.0511192137204453,0.39345069653981385
-0.0688071525525864,0.2896648842091702,0.15641430730693553,0.48608946768637945,0.5513231896275543,0.4575670150564805,0.34404904324286645,0.4750080812456064,0.1964448885519282,0.44808024931365564,0.3137631597032981,0.3829508970840169,0.17483854557635078,0.2978292654219534,0.39639716776065675,0.3336779522950693,0.2995809848224466,0.37156892858173085,0.3398247654230275,0.5771231334343081,0.24832679897219345,0.3511626016371055,0.4846949729776185,-0.0006077417581661819,0.546726435854337,0.6032990302970024,0.297068883034545,0.08039344884690598,0.6275781182545241,0.05670716089786946,0.026866547186669077,0.34359086858947124,-0.10659199632163001,2.3348129079264885,-0.36003048279366195,0.42010733054299226,1.216971098264834,0.23303653956560935,0.039405378030920805,-0.28328631352401684,0.03440351424309097,0.2908839312908753,0.2759886566609639,0.18804820835540945,-0.48292217290915923,0.10153086405915746,0.23563102248283863,0.07157276214712427,0.40157563133209195,0.13137410811755992,-0.4030471904520785,-0.08332392009096595,0.1252245105227023,-0.11445731327743289,-0.09817859399181397,-0.012150785340027845,-0.15621492757025998,0.18337581441808204,-0.04389705194997054
