3.520939215396622,1.4788414909351664,1.9458550825655017,0.34353515306369153,1.4517498272590077,0.5219085026127758,1.2068760724246166,1.278608102246567,0.9800006036682173,0.7377054240863389,0.8307042687785026,0.7831961696545193,0.9603194855709418,0.879772101705705,0.843114363145019,0.8734142254551663,0.6656883652051327,1.0577417744104884,0.9532215226537376,0.4247828772690026,0.7603041850868217,1.0189748915889538,0.16665365507433974,0.4780244682260715,0.8419962164640987,0.901970249973563,0.5862570180129478,0.3337370984314651,1.0222556421610343,0.6662184802546629,0.5593914140542358,0.7165793505282826,0.558071924776076,0.3474187449471843,0.5866871397071212,0.5904422577221202,0.3757187375566533,0.7452644386989433,0.7980545339158757,0.47944433772693984,0.43227461458233074,0.7232587385999248,0.8454843710536157,0.18599372029186856,0.7614613833170439,0.645421951649428,1.0141890952604498,-0.15462336573920746,0.7157010305806162,-0.03531534413947194,-0.07631651555054662,-0.05418998398566142,0.4046476713868706,-0.2503973437245951,-0.02880558825598675,0.06641368578697168,-0.41974043871543865,1.019524694823677,-0.8209573776989145
1.4788414909351664,4.1284528278818255,2.128337679020155,0.6621368815773352,0.7093763001463886,0.721246960757824,0.6196696641523751,0.9309945644830463,0.8417004207764799,0.7556562510829281,0.8079562814222903,0.7955510673858106,0.9296595828651849,0.6840157249376613,0.7548518597411847,0.7515231437703936,0.760636154673165,1.129536487471881,0.8508741945623359,0.8013214372252652,0.6761623083417021,0.8409553507387759,-0.07332862453213343,0.5701890542042872,0.6743486154908043,0.8022233831759208,0.6556977275708943,0.5662887103319423,1.3482849077455106,0.6180246931670366,0.45565735909444977,0.5791174164927939,0.6155775905960488,0.7681570679877715,0.8089805478544629,0.5590393518716011,0.8255267413556869,0.4394000017153599,0.7328237108058462,0.6458298374869718,0.37507673222073046,0.6756802463314832,0.6619089257482008,0.07684281570978123,0.9437678818988536,0.5952250078591858,0.9302603539984786,-0.1563420660040496,0.323830187994008,-0.3228006388598744,0.4660515131348811,-0.028713006258470324,0.18320653029620135,-0.2771682429876166,0.01601674398771829,-0.2522735779489156,-0.8007699824150475,0.5346053517645326,0.31709365626090613
1.9458550825655017,2.128337679020155,3.772831824533847,0.5885542724567273,0.5052790049343456,0.6968805353951535,0.7167565518114025,1.0844328008856887,1.2115464073400433,0.8829982349019125,0.8262127044641702,0.7836826664734116,0.9118867882055823,0.7408466529669682,0.8652171771483042,0.7131241649148496,0.7831542764846633,1.0554450947098089,0.8193101653208915,0.6408272736341696,0.8678195621684323,0.9446636899233248,0.09719908167481238,0.5597969585283675,0.7341879763744296,0.8350814088952658,0.6713580873660433,0.5502734326047438,1.072923663426266,0.5039695807488069,0.5450346567652657,0.6826365720268788,0.49814816715744614,1.0005558688548544,1.057477678951096,0.7211267547707876,0.385364782867862,0.32105745394936125,0.9348390277286497,0.5533712257722848,0.5688579290147252,0.8849897971788616,0.8571361762527738,0.07832751962472809,1.180884807335423,0.6203808168778568,1.1284789066895866,-0.15683669320056223,0.4248545177340127,-0.466900940577978,0.4454762255670151,0.16006973727013982,0.28530268374254714,-0.3317847181180783,-0.3473051442837918,0.05584087457708927,-0.15947612744519818,0.4026504393140555,-0.4312082865862504
0.34353515306369153,0.6621368815773352,0.5885542724567273,2.6603644094060312,0.7108028835662022,0.6713681660146813,0.843436073559125,0.7393457929268641,0.4615557665914065,0.49491786569259444,0.6749334585197917,0.7837638319897553,0.7352969220437657,0.7270861532800007,0.5703000369414539,0.7769138627824237,0.6676125427541905,0.5206146865369792,0.6909392553248481,0.5399981759423389,0.5278881738944048,0.6627039019212928,0.03030970934478648,0.5220262402392493,0.5518760295149193,0.7418647522982029,0.5213313107067065,0.3613663258125372,0.5828186885333716,0.30186437909748826,0.3934160731518784,0.6970309523022012,0.5583373662146838,0.7429131454717962,0.07002783282055071,0.4707629025551946,0.5975844220763453,0.4086632822609137,0.5162772005213493,0.21268530411438635,0.34275492653545653,0.521041348282035,0.6300174733345282,0.12406693056194314,0.4586813112370583,0.36814790470694586,0.6298212627085208,-0.09854190424168631,0.3328683862600938,0.15317269321489324,-0.16343319910696064,0.2727229094231298,-0.20179711864644703,-0.15432132189628164,-0.06868405124155685,0.004141603915694304,-0.2836419764980951,0.014725702707888614,0.20491461878493597
1.4517498272590077,0.7093763001463886,0.5052790049343456,0.7108028835662022,2.262280756595989,0.18849492479799212,0.8643499703130778,0.989538199787971,0.48343379203442927,0.5868155354169309,0.615707229480079,0.6277715970281117,0.7245058549953721,0.5468985376983738,0.5999480644433878,0.6807663962261232,0.5374989780131969,0.7100623941289355,1.0189328638516684,0.16493005322177515,0.3315040098865531,0.6383299791531704,0.11737231667935914,0.4026537121980756,0.5520268747230934,0.6703262346187525,0.35945615781249457,0.2047426540214475,0.5956452831452644,0.5437449202217647,0.4156294357896934,0.47475179714807464,0.6027263407213618,0.3285639747204761,-0.11868616620202292,0.5776817120388291,0.5732573292445622,0.2753461743418399,0.5461468068881362,0.14956165159443405,0.37080530198746103,0.3126106736145477,0.38670859131971086,0.0644462482800828,0.085005328769892,0.38463898809979025,0.4589336431438633,-0.11867108149687719,0.48940233425768237,0.5790325995835011,-0.29506989455767196,-0.132361337359988,-0.0886477622511365,-0.10998474305728195,0.29706651184997623,-0.06551704388562382,-0.49058619135913695,0.6023151434210371,-0.17287986623550142
0.5219085026127758,0.721246960757824,0.6968805353951535,0.6713681660146813,0.18849492479799212,1.4900551557181894,0.1767847101489518,0.6389615408172548,0.6186631461587272,0.5189633984096343,0.7039391750571955,0.6749295434627458,0.6403894431397099,0.5969517899382016,0.5677342204639205,0.5816977063545363,0.6959507855189273,0.5544437581729081,0.8412390402877458,0.7583485508847303,0.7508939310898136,0.6937737740080514,-0.07958683542004913,0.5234275422797546,0.5033609852047948,0.6849154593954722,0.4655149962514516,0.486873978767758,0.7433626751753277,0.19181754657633596,0.36558700733498106,0.6140258445650877,0.388264373277687,0.6838349740791949,0.6568478053940446,0.13813806516067573,0.5183302864372366,0.6268474290321399,0.6094167753156614,0.46931013875460165,0.29229663633795583,0.7380782437257531,0.8334903789544629,0.15421608677402024,0.856851907529674,0.3478381533968465,1.039852217089145,-0.055089863847141936,0.5651143221730027,-0.00018113742414767932,-0.08242391666783754,0.22583294206854765,-0.14493538741989348,-0.11011917550726798,-0.13643597209069563,0.028202815814000623,-0.2699219852303266,-0.19741720109789487,0.43430572465998657
1.2068760724246166,0.6196696641523751,0.7167565518114025,0.843436073559125,0.8643499703130778,0.1767847101489518,1.213959021297958,0.6874776467507356,0.5142613575593135,0.4324601288436588,0.5300012078139381,0.5616590358500084,0.6119295532218664,0.4488462817529344,0.5006854819298441,0.567425580424637,0.48878329308004925,0.572363842802078,0.4936302742511452,0.28230815117171,0.4057783477600899,0.5873078624411278,0.09750274881603814,0.34591673025258907,0.4814339860534426,0.5745065855038433,0.37381133092760543,0.23871704666282376,0.4868339944436067,0.4564349381579488,0.36820424216161013,0.41298665670018186,0.43742747788699665,0.43726419193091215,0.18461238053522958,0.5327682868707103,0.45810848148025496,0.2919435420910555,0.4941731495000986,0.1632760081560614,0.27121925084026616,0.38650191339267564,0.3761945814712172,0.07826834832520652,0.32762592299478727,0.3421975455464675,0.3227628338055373,-0.09618210069647018,0.36669705600833685,0.1423146657853909,-0.1627144702306871,0.07862601442797781,0.04255979570069352,-0.17910253086028646,0.17819560383718877,0.10268616923164155,-0.28413445868519704,0.5207097577087414,-0.6348051331495125
1.278608102246567,0.9309945644830463,1.0844328008856887,0.7393457929268641,0.989538199787971,0.6389615408172548,0.6874776467507356,1.400716816267484,0.5636779378936212,0.6002885175647157,0.7073999100402332,0.5835326677402136,0.7473989951607203,0.6023936089064534,0.5713739573575556,0.6334659356638496,0.6570549273310539,0.7696893204493496,0.8237806019588,0.5412631441729271,0.5712234261097887,0.6729264564891316,0.007258483464920387,0.4118925200339505,0.6214171607573582,0.8075395344259295,0.479992395076645,0.29879436643960955,0.7064624860202368,0.39140462300122675,0.3855160033410126,0.5475704180487371,0.38360815492883427,0.6368291571393317,0.5180229775326906,0.3148004640126397,0.43751432284268027,0.48021103574128476,0.6933645865308875,0.3800269686671189,0.3025074801009854,0.5557431217100509,0.6443120541915736,0.11300650739919939,0.6616875345002742,0.4396288679950376,0.9089734449146684,-0.08064157430687945,0.5457934702377104,0.09705902358263695,0.01622021840068607,0.035084277523289686,0.07561434405838864,-0.22012884748011316,-0.049548642817698656,-0.013509248452844543,-0.29669922921275155,0.8117859478011384,-0.5805996653188762
0.9800006036682173,0.8417004207764799,1.2115464073400433,0.4615557665914065,0.48343379203442927,0.6186631461587272,0.5142613575593135,0.5636779378936212,1.0427428040672784,0.571382645034877,0.617987132647841,0.5797871435465771,0.6507334608343298,0.5497841311230848,0.6108189643995642,0.5284351156368725,0.5837199477244146,0.6556515569551781,0.6206361265305975,0.4388249693493051,0.5385082617471147,0.7429946963672466,0.055965144583856444,0.45377325580450023,0.4633386881842115,0.6512419744108008,0.44158242162365285,0.40064114987501553,0.55240389376543,0.34518802892867645,0.3935110427808325,0.5258314948618973,0.44046880742627176,0.6352098228178636,0.5645853304088534,0.42318055322551884,0.35664697398026457,0.39075193585783685,0.5847325411567591,0.41028147722263375,0.2838577816109808,0.5294601963502549,0.7355839292421176,0.10656551385825154,0.7937899715986576,0.4096264909952542,0.7490202027972103,-0.12949484105354275,0.42098558150984083,-0.19166055964451928,0.17811022673381666,0.07831221740628413,0.10448982316571861,-0.15001417496016448,0.02029082318086651,0.16948364984979103,-0.1874884564899814,-0.10834877796513506,-0.008625363111519995
0.7377054240863389,0.7556562510829281,0.8829982349019125,0.49491786569259444,0.5868155354169309,0.5189633984096343,0.4324601288436588,0.6002885175647157,0.571382645034877,1.0469486677077462,0.5950734973975329,0.5802217192607647,0.627225019633859,0.44647774550377844,0.5500049914927888,0.5088583712246284,0.60009000096138,0.6495226814948194,0.5865682700113956,0.4353312179357708,0.42818497583024273,0.5630185386081081,0.013705466528961381,0.43912026775134133,0.4456760989519811,0.5079441089491195,0.42395278902902883,0.3973164935923884,0.6868517158294957,0.3718638504504711,0.3845853995245959,0.45447499303740996,0.3719887845393378,0.6746762169875288,0.5468536257298353,0.4279796750769152,0.46517571469399394,0.22779672753024258,0.6149253105883018,0.4173040919600338,0.4204754359675026,0.41841094713483007,0.5208201766549315,0.08826025103496342,0.5027715898328488,0.32174813351483655,0.7722491086280224,-0.10705806150411468,0.4139119069720365,0.09257229373803608,0.07579748443464265,0.010858848724365855,-0.07415233982043427,-0.061644747524854014,0.1652040032091497,-0.01326885118359283,-0.14378265851374955,-0.2275188762396579,0.2745451332527852
0.8307042687785026,0.8079562814222903,0.8262127044641702,0.6749334585197917,0.615707229480079,0.7039391750571955,0.5300012078139381,0.7073999100402332,0.617987132647841,0.5950734973975329,0.8952522468858274,0.6960517228532287,0.7296388650019312,0.5474383137299011,0.6391825716466545,0.620653297367108,0.7012813703825814,0.6330337605919903,0.6855596350844892,0.559299502849581,0.5035027774051852,0.6584067064780574,-0.020054185186091637,0.47190099780709643,0.5254074363187233,0.6715020181698041,0.4706729335349081,0.41202802727164173,0.6803597309205931,0.319090066571593,0.38076701949849623,0.5260020362887693,0.42442373727854416,0.6405251639570877,0.6017762542762228,0.36587749244422313,0.408794444657477,0.37413116026279325,0.617427755177666,0.4162585557515459,0.2946079921771645,0.49731819571473324,0.6646370044493191,0.11032233096133266,0.6917911469089518,0.38043181414649585,0.762107186982421,-0.1105582476368259,0.4441391901008357,-0.05687222021572646,0.06555986097876432,0.026991138254431803,0.07624454215619417,-0.10430869088886163,-0.04091422895928914,0.03976756483464482,-0.32890611053125024,0.006319184213075493,0.1746184241554739
0.7831961696545193,0.7955510673858106,0.7836826664734116,0.7837638319897553,0.6277715970281117,0.6749295434627458,0.5616590358500084,0.5835326677402136,0.5797871435465771,0.5802217192607647,0.6960517228532287,0.9344588941766403,0.697420467724235,0.556663885091252,0.6025977776340269,0.6139305274984153,0.6176488683810618,0.5482787899765607,0.6788582448644941,0.4893118400547615,0.49857489561590745,0.6295265460632354,0.02374870723884892,0.4647400955946586,0.5375460374245719,0.6406933196409551,0.5044169555845203,0.41846117321972887,0.645100823331218,0.29744487482339554,0.39760881617022703,0.5630555860271373,0.45975346865604294,0.621290375207604,0.4945911384743377,0.42872284058669863,0.3924916033356906,0.3478817633796284,0.582095426995928,0.36843073947380395,0.3078289172705016,0.49297493407922494,0.6021269828442534,0.09709294602542409,0.5572403408864208,0.35776319472384566,0.6849369465831296,-0.09393751131814239,0.45612966156909357,-0.023464138585934123,-0.03591315789314759,0.2579107344752193,-0.12776566661751085,-0.12596788272359766,0.03842303453983456,0.02207888274180748,-0.3434932689034659,-0.043725255461365756,0.24787362995151843
0.9603194855709418,0.9296595828651849,0.9118867882055823,0.7352969220437657,0.7245058549953721,0.6403894431397099,0.6119295532218664,0.7473989951607203,0.6507334608343298,0.627225019633859,0.7296388650019312,0.697420467724235,1.0549550988741048,0.6328023322970346,0.5836329177675902,0.6814276164203432,0.630125441239509,0.6674721073254859,0.6760287084312516,0.5474501447721185,0.4955999701910282,0.7395172013095529,0.0036518477310670968,0.5531943872696925,0.542371063870759,0.6635490737071899,0.5198131668062826,0.42413391616733753,0.7304724395009803,0.4295781047120709,0.3904130765802703,0.5862363506893606,0.5546868552504784,0.6404618362377847,0.5892653289054858,0.43727345961411274,0.4927804024081979,0.382375746246387,0.6363712265871381,0.3842011447149636,0.37676811576662766,0.4930591460845419,0.717286228985327,0.13302583651871427,0.5455641543181625,0.4489657481426338,0.7592096057470509,-0.10617796579946626,0.583916002716215,-0.03860114479121677,0.004250015111856821,0.032710253840926594,0.12315535871193702,-0.18752981291743143,0.017105852262232595,-0.006566672494242182,-0.4096230876378905,-0.5327859350305778,0.7934683511346606
0.879772101705705,0.6840157249376613,0.7408466529669682,0.7270861532800007,0.5468985376983738,0.5969517899382016,0.4488462817529344,0.6023936089064534,0.5497841311230848,0.44647774550377844,0.5474383137299011,0.556663885091252,0.6328023322970346,0.8066805374817659,0.5129382776294418,0.6551122421454595,0.5332375304443574,0.46650299376829296,0.5775593403719107,0.49870738642524665,0.4676227853435671,0.638327250991384,-0.007999039515018218,0.4541278016775004,0.47296261340931744,0.6249676424397805,0.44551029579439827,0.34214942395500114,0.5777219770733619,0.3205209254567486,0.31371154861895095,0.6637967635896959,0.389702537758386,0.4706070964067537,0.4851187590569431,0.2924221881501542,0.28351328868571285,0.45632989630430426,0.44839392974153985,0.3535888057375671,0.31635712209675604,0.4654391345004259,0.7478702659364077,0.12420429818792326,0.6139153039079163,0.36310717850889795,0.7497352765722416,-0.09132605581243577,0.4996163994690418,-0.15114497572269206,0.00715207424365157,0.04997812935558597,0.1651968190822679,-0.09307583164950538,-0.24810029976838244,0.019404260386642773,-0.22241457091188307,-0.13685043634905553,0.42585324061888125
0.843114363145019,0.7548518597411847,0.8652171771483042,0.5703000369414539,0.5999480644433878,0.5677342204639205,0.5006854819298441,0.5713739573575556,0.6108189643995642,0.5500049914927888,0.6391825716466545,0.6025977776340269,0.5836329177675902,0.5129382776294418,0.9786993772105975,0.558027697287019,0.6326712312441158,0.6248109039890278,0.6643211163080112,0.43625537129598746,0.4567832506455793,0.5917394584722557,-0.008133028452964094,0.46577745441806434,0.5245820381583031,0.6252095920101298,0.4014948779414499,0.47136224696315804,0.595501817204198,0.4441491198909232,0.3978426897373091,0.5000433396021542,0.4632856436122848,0.544907850712308,0.480017057413164,0.4326399826465506,0.5047020844003803,0.39086089692099824,0.5215828544943073,0.2939592094907783,0.37922182869119075,0.45037850441527905,0.592853445052574,0.07193853276881858,0.6152646346757845,0.33472366735048414,0.6778122146157243,-0.07124009838639501,0.4673299512103381,0.16520324831471858,-0.13366643571327497,0.4465826317842282,-0.21255277003325085,-0.14306393907162177,0.022476243130121698,0.12192555545125996,-0.2921468661781284,-0.036994293652907184,0.060442817436296974
0.8734142254551663,0.7515231437703936,0.7131241649148496,0.7769138627824237,0.6807663962261232,0.5816977063545363,0.567425580424637,0.6334659356638496,0.5284351156368725,0.5088583712246284,0.620653297367108,0.6139305274984153,0.6814276164203432,0.6551122421454595,0.558027697287019,1.0339417672105176,0.6229096899591371,0.5320803516885754,0.6559204889205706,0.4602526572797698,0.45614836826027383,0.7474511740765468,0.006091172997425181,0.4847081366935614,0.5429559910119379,0.5820078705679143,0.4979124344949276,0.4396066803707302,0.6532620623963921,0.37024707536912443,0.3640605628328354,0.5999049126371869,0.4472883767080186,0.539605696743512,0.6072881316735481,0.3693524829554683,0.39247955766333337,0.45359254868053817,0.536566057542521,0.3529331946705559,0.35683401774558976,0.46167017377545627,0.7736050342052843,0.14621450677944922,0.5901936064206385,0.4053135726258752,0.7355084683315051,-0.12175468006281281,0.5038555157931925,-0.15924399415609797,-0.06767027711181545,0.1851401523117134,0.04559936515960534,-0.13696583035660456,-0.08268938892208845,0.005257681706230511,-0.36128069771014854,-0.06510972965065576,0.37620038845779824
0.6656883652051327,0.760636154673165,0.7831542764846633,0.6676125427541905,0.5374989780131969,0.6959507855189273,0.48878329308004925,0.6570549273310539,0.5837199477244146,0.60009000096138,0.7012813703825814,0.6176488683810618,0.630125441239509,0.5332375304443574,0.6326712312441158,0.6229096899591371,1.1988170188901761,0.5752338222176775,0.6643594263346003,0.628220796442035,0.459204314632373,0.6874535092703689,0.021697961707475132,0.47017827747980395,0.5457687467464868,0.5101906240295003,0.4559062176994543,0.44533174678525195,0.7852468464094933,0.29492565537719734,0.4501174634562782,0.4860125425131159,0.48485602437899566,0.6746865166545584,0.5408003250208681,0.40754301333102017,0.6621837027734522,0.4163795208350693,0.7445729907740923,0.39096188104928903,0.4078513061059654,0.4558374359971629,0.7158657393971304,0.12034499400207774,0.6998794136290536,0.4208257314562979,0.9107660142015698,-0.11670693974615706,0.4051509861280043,0.19389114390494716,0.05622011008307071,0.01684252337320172,-0.06201751576650766,-0.1558924324166756,0.09200812721249128,0.006633420715212827,-0.3290789184396836,0.04965629453834784,0.10870236335601212
1.0577417744104884,1.129536487471881,1.0554450947098089,0.5206146865369792,0.7100623941289355,0.5544437581729081,0.572363842802078,0.7696893204493496,0.6556515569551781,0.6495226814948194,0.6330337605919903,0.5482787899765607,0.6674721073254859,0.46650299376829296,0.6248109039890278,0.5320803516885754,0.5752338222176775,1.2787433261912895,0.7330656005146294,0.2623868355994424,0.5484350422505851,0.6275469781970928,0.06849967295228104,0.4277321415324253,0.5075514178139352,0.6678830916393088,0.31581768853392556,0.388681275120984,0.7288577395625525,0.29717765137377233,0.3755872528854143,0.4596182428661857,0.39335524501653585,0.5713795470225428,0.4714831707235872,0.4385370348409748,0.4580759533046174,0.3904720480571022,0.5381484217016739,0.4103652193647207,0.3233338527802495,0.5321549146621046,0.5988474630663608,0.08061303373407559,0.7894098890624389,0.4257530819134676,0.7557427422204895,-0.10867923168297115,0.2257822320163874,0.08335000635868528,0.33551498608270136,-0.03242666743292411,-0.10539941476857283,-0.1855744903685122,0.04000336722145078,0.08684372171274063,-0.2307164979426212,0.17656010262090022,-0.20769872908737483
0.9532215226537376,0.8508741945623359,0.8193101653208915,0.6909392553248481,1.0189328638516684,0.8412390402877458,0.4936302742511452,0.8237806019588,0.6206361265305975,0.5865682700113956,0.6855596350844892,0.6788582448644941,0.6760287084312516,0.5775593403719107,0.6643211163080112,0.6559204889205706,0.6643594263346003,0.7330656005146294,1.2714418358702801,0.3720076997526993,0.6317462902908991,0.7019247562605059,-0.020716239270484705,0.49468620989400847,0.5619560298182886,0.6904626447284586,0.4248925061411147,0.49743256491786314,0.5649367122142646,0.40460371941878276,0.42433396642256355,0.5961219916773839,0.5268262332040035,0.5627708892428112,0.4087273545404015,0.4044829723293014,0.40086756039267396,0.45374061848017005,0.6081308176252338,0.36411077046956536,0.3742953217763728,0.6037088114532945,0.6934739191655755,0.07470534841949454,0.811075937079163,0.39549172139809674,0.7453505035053469,-0.07700189301423968,0.4789575862376097,0.14114841413888324,0.1505557983152388,0.41135581212188926,-0.37833246928405573,-0.1804367427098161,-0.07965482287467214,0.026346296570419966,-0.3012312320080797,0.15957041263549449,0.07545700232169023
0.4247828772690026,0.8013214372252652,0.6408272736341696,0.5399981759423389,0.16493005322177515,0.7583485508847303,0.28230815117171,0.5412631441729271,0.4388249693493051,0.4353312179357708,0.559299502849581,0.4893118400547615,0.5474501447721185,0.49870738642524665,0.43625537129598746,0.4602526572797698,0.628220796442035,0.2623868355994424,0.3720076997526993,1.886246040390255,0.2525997520282304,0.4667428116202792,-0.32497067812949637,0.5053211264924461,0.40909139155828195,0.607343939203393,0.556102360182983,0.4237773407922252,0.7974875621641068,0.8228311861085147,0.31385772140469614,0.3833315653469107,0.4561813596394839,0.5436317037427623,0.6850037943979703,0.13961307159718261,1.0107769982151094,0.4134877223326732,0.528648088573125,0.6581424289686715,0.12511979176167845,0.2689880638226637,0.5868804494379801,0.11880147585221558,0.5086019772176464,0.21247535189311167,0.5033058713802699,0.018111814328400658,1.036962764420698,-0.3142175441769053,-0.1739146212404072,-0.17153549063780799,0.3949036226866102,-0.09511532385219011,0.4075457647192902,-0.037355636410702796,-0.3934418878317955,-0.18404165805626213,0.5046918199823036
0.7603041850868217,0.6761623083417021,0.8678195621684323,0.5278881738944048,0.3315040098865531,0.7508939310898136,0.4057783477600899,0.5712234261097887,0.5385082617471147,0.42818497583024273,0.5035027774051852,0.49857489561590745,0.4955999701910282,0.4676227853435671,0.4567832506455793,0.45614836826027383,0.459204314632373,0.5484350422505851,0.6317462902908991,0.2525997520282304,1.3686663533157566,0.5209820870829874,-0.025729810839315505,0.32857361492740184,0.40597979661514977,0.6445627129033319,0.304215423553304,0.46144101958639516,0.45656158736556257,0.11632192114831108,0.3046570864509991,0.5065669920845196,0.20960774719421324,0.46786512073031794,0.7810210584962453,0.16537446174741507,0.10846781866007733,0.5744633152784466,0.5030220586333444,0.4009959443760648,0.24263022427806727,1.3148819923477293,0.5268009409687809,0.08197237782813066,1.1867294977451859,0.26295179451447187,1.031335626866098,-0.0008172660971814259,-0.011405647483493913,-0.03978715125034532,0.045969210087747174,0.32912757801120945,-0.15500987557663737,-0.1331429563176167,-0.4170356121026766,0.06268717014489397,-0.1807350550079745,0.15518548820735598,-0.08409284722498366
1.0189748915889538,0.8409553507387759,0.9446636899233248,0.6627039019212928,0.6383299791531704,0.6937737740080514,0.5873078624411278,0.6729264564891316,0.7429946963672466,0.5630185386081081,0.6584067064780574,0.6295265460632354,0.7395172013095529,0.638327250991384,0.5917394584722557,0.7474511740765468,0.6874535092703689,0.6275469781970928,0.7019247562605059,0.4667428116202792,0.5209820870829874,1.2214032212576043,0.15364451102823948,0.5267014337153199,0.5546405142367673,0.6130942122305112,0.5069274177724455,0.4358413108417253,0.732469118195502,0.39916524934022246,0.4494674092702502,0.6079602343469727,0.569877098774622,0.5960446370379092,0.5513800047169964,0.5053378686065488,0.43790733501431206,0.5809200116852998,0.633775123803215,0.3768266494031587,0.40430879537048586,0.5219277730048824,1.010399134774146,0.17343700676060445,0.6905277162608824,0.5861917113528238,0.8490345351759566,-0.2575878965573559,0.6251496441945021,-0.17644980256346318,0.01286785079982132,0.08072215218081287,0.07893263555045436,-0.18402902315733766,-0.049568049408418344,0.07548650941136081,-0.33534956838021385,-0.13088031448794765,0.284973188439677
0.16665365507433974,-0.07332862453213343,0.09719908167481238,0.03030970934478648,0.11737231667935914,-0.07958683542004913,0.09750274881603814,0.007258483464920387,0.055965144583856444,0.013705466528961381,-0.020054185186091637,0.02374870723884892,0.0036518477310670968,-0.007999039515018218,-0.008133028452964094,0.006091172997425181,0.021697961707475132,0.06849967295228104,-0.020716239270484705,-0.32497067812949637,-0.025729810839315505,0.15364451102823948,1.7868178671847794,0.03638514012152066,0.30724338231187487,-0.29556838072628616,-0.0019945716726701024,-0.522557516971592,0.2589912976058783,0.1406069821688284,0.34926480504402563,-0.04810336671079497,0.03539964752414832,0.3340770561308354,-0.48833130385161283,0.9858470029537242,-0.04913289489852807,-0.0358831772080429,0.2894221175638652,-0.1314101950967044,0.48063083568789994,-0.05184584058347409,0.059043321799544156,0.24708843650226875,-0.5814377829879699,0.23898021313955894,0.14475662693849467,-0.05048384648202,-0.49239161905531476,0.06684922235994406,-0.07746090835215794,0.1124222599915619,0.20976557145894242,-0.11399175375458298,0.21571207093134157,-0.027411563595791492,-0.059353782480669255,0.05875161573085997,-0.10451992003219
0.4780244682260715,0.5701890542042872,0.5597969585283675,0.5220262402392493,0.4026537121980756,0.5234275422797546,0.34591673025258907,0.4118925200339505,0.45377325580450023,0.43912026775134133,0.47190099780709643,0.4647400955946586,0.5531943872696925,0.4541278016775004,0.46577745441806434,0.4847081366935614,0.47017827747980395,0.4277321415324253,0.49468620989400847,0.5053211264924461,0.32857361492740184,0.5267014337153199,0.03638514012152066,0.7517451511924332,0.39097472917428744,0.43962398264760705,0.36797397629382134,0.4376751775654997,0.39106620140086024,0.670843296971842,0.3241127069489846,0.47090771853018654,0.6527636559890909,0.42792700387743793,0.4289563214926536,0.4076755818457926,0.6154420805591234,0.3468950490579999,0.44645227379597663,0.3471097557636235,0.3697462544156604,0.32547346233913055,0.6337569188756539,0.10027839470929281,0.4405201826135167,0.26429653825547134,0.549464446017159,-0.022209153939138408,0.6664879597367903,-0.03473148419088141,-0.14321797558827515,0.26696313781216086,-0.03585836945845497,-0.12730156669604367,0.1075076966799373,0.004468398807728267,-0.20509705796714048,-0.8061855685552107,0.9264477505080457
0.8419962164640987,0.6743486154908043,0.7341879763744296,0.5518760295149193,0.5520268747230934,0.5033609852047948,0.4814339860534426,0.6214171607573582,0.4633386881842115,0.4456760989519811,0.5254074363187233,0.5375460374245719,0.542371063870759,0.47296261340931744,0.5245820381583031,0.5429559910119379,0.5457687467464868,0.5075514178139352,0.5619560298182886,0.40909139155828195,0.40597979661514977,0.5546405142367673,0.30724338231187487,0.39097472917428744,0.9291687577592467,0.5211874986105003,0.3917873827636711,0.25207328000204793,0.5984388177365535,0.3763372087495119,0.3609509138230867,0.4416868373091783,0.3653116169086611,0.526327789364251,0.3848392234249234,0.4655205396394846,0.33301048914376136,0.3614228513468308,0.4711182009345306,0.26243454828463975,0.32263113794415854,0.40176049102051986,0.5854138541433344,0.13845882060175982,0.46850077252169636,0.3787559861272094,0.648223818773912,-0.09478665915924132,0.17879202682656697,-0.15389207473927732,-0.04939748258710632,0.2725796742808913,0.034558506686895495,-0.1581903160457087,0.041438286050079716,0.016754038655261847,-0.2431917546109423,0.09864754964771695,0.016887433545693945
0.901970249973563,0.8022233831759208,0.8350814088952658,0.7418647522982029,0.6703262346187525,0.6849154593954722,0.5745065855038433,0.8075395344259295,0.6512419744108008,0.5079441089491195,0.6715020181698041,0.6406933196409551,0.6635490737071899,0.6249676424397805,0.6252095920101298,0.5820078705679143,0.5101906240295003,0.6678830916393088,0.6904626447284586,0.607343939203393,0.6445627129033319,0.6130942122305112,-0.29556838072628616,0.43962398264760705,0.5211874986105003,1.809826173386142,0.40539611282132043,0.510841209973095,0.1278257640979773,0.49265340966321136,0.22608781549214688,0.6604107106144509,0.4627551874304426,0.39746348259990816,0.5192948360894413,0.11623847060122282,0.1808037549728837,0.53976957637323,-0.006110684604486844,0.4521563842024588,0.07711000565834733,0.6561180927715862,0.8077516556818071,0.042989950333248816,0.8364123248992675,0.27718568629088414,0.6331044982304194,-0.031149762318770084,0.6119184734517497,-0.22376280140921187,-0.21186538420675335,0.35432637419009994,-0.19457892625927278,-0.10885517218649698,-0.11696758538158429,0.07636686136084905,-0.31623521794681486,0.19865487311835806,0.04971507916708095
0.5862570180129478,0.6556977275708943,0.6713580873660433,0.5213313107067065,0.35945615781249457,0.4655149962514516,0.37381133092760543,0.479992395076645,0.44158242162365285,0.42395278902902883,0.4706729335349081,0.5044169555845203,0.5198131668062826,0.44551029579439827,0.4014948779414499,0.4979124344949276,0.4559062176994543,0.31581768853392556,0.4248925061411147,0.556102360182983,0.304215423553304,0.5069274177724455,-0.0019945716726701024,0.36797397629382134,0.3917873827636711,0.40539611282132043,1.0155221076305916,0.35719457870682186,0.40378533622243973,0.1758218846101288,0.3427778382832663,0.4462460553500924,0.4290548625358041,0.5162420418485222,0.4728648968991999,0.25893720600810116,0.450750786165966,0.22163545071972304,0.43624208642832996,0.3625634035701695,0.23381510600139818,0.3088352995062088,0.6138503846705698,0.11516015726928512,0.35747539791742516,0.3075566666512901,0.5015907964872308,-0.06555828661094391,0.5467279717718466,-0.16063122328114743,-0.04884763280991543,0.2078151061735633,0.06844293686929348,-0.10931629475565159,0.1442676566064023,0.01502781864677262,-0.1993506147188653,-0.03374377793087821,0.18879510665319202
0.3337370984314651,0.5662887103319423,0.5502734326047438,0.3613663258125372,0.2047426540214475,0.486873978767758,0.23871704666282376,0.29879436643960955,0.40064114987501553,0.3973164935923884,0.41202802727164173,0.41846117321972887,0.42413391616733753,0.34214942395500114,0.47136224696315804,0.4396066803707302,0.44533174678525195,0.388681275120984,0.49743256491786314,0.4237773407922252,0.46144101958639516,0.4358413108417253,-0.522557516971592,0.4376751775654997,0.25207328000204793,0.510841209973095,0.35719457870682186,1.425073220173848,0.2845409661049282,0.28057987061846973,0.29762623150766443,0.4402232149854284,0.5953152241990922,0.2250934285252448,0.9750872625644752,0.22340073900601373,0.483767091434092,0.31126461620082957,0.2673061603878526,0.3921919806310257,0.29746958641548016,0.4635070730346746,0.6576174227170939,0.11396145324229164,0.8871190024125863,0.0482322330348726,0.3938297201620337,-0.0035726843396156607,0.3735366120194071,-0.05338678855249703,-0.0999192344053846,0.7953154649601419,-0.8175887467753179,0.01592687034887128,-0.12058352311599319,0.08677238961272776,-0.08136466799464744,-0.6015083116524249,0.5340337241930456
1.0222556421610343,1.3482849077455106,1.072923663426266,0.5828186885333716,0.5956452831452644,0.7433626751753277,0.4868339944436067,0.7064624860202368,0.55240389376543,0.6868517158294957,0.6803597309205931,0.645100823331218,0.7304724395009803,0.5777219770733619,0.595501817204198,0.6532620623963921,0.7852468464094933,0.7288577395625525,0.5649367122142646,0.7974875621641068,0.45656158736556257,0.732469118195502,0.2589912976058783,0.39106620140086024,0.5984388177365535,0.1278257640979773,0.40378533622243973,0.2845409661049282,3.2342772828453765,0.25811363548593236,0.3461107075139323,0.5109438649627942,-0.011184762326137921,0.8782045474423048,0.7681268938233536,0.7403971321897717,0.0509467133993527,0.18430589286828422,1.1316840205103746,0.44390500753091877,0.6603265328494534,0.46579657928004214,0.19330326777560558,0.11531813323578172,0.14996093266724972,0.37825885240509544,1.0932898279710976,-0.19754004227627472,0.7451664054270295,0.549666288651073,-0.4329716757612026,-0.10869856365888425,-0.08608733998161293,-0.0461115781447704,0.15684284904546286,-0.12898076111815546,-0.5418567685970118,0.4077599785129273,0.05827309682533339
0.6662184802546629,0.6180246931670366,0.5039695807488069,0.30186437909748826,0.5437449202217647,0.19181754657633596,0.4564349381579488,0.39140462300122675,0.34518802892867645,0.3718638504504711,0.319090066571593,0.29744487482339554,0.4295781047120709,0.3205209254567486,0.4441491198909232,0.37024707536912443,0.29492565537719734,0.29717765137377233,0.40460371941878276,0.8228311861085147,0.11632192114831108,0.39916524934022246,0.1406069821688284,0.670843296971842,0.3763372087495119,0.49265340966321136,0.1758218846101288,0.28057987061846973,0.25811363548593236,3.967776702058998,0.4646072932843183,0.17065784163778625,0.7883809159143491,-0.020656716875088695,0.27325860303537114,0.7249084587495126,0.9298486626734669,0.24613568847078146,0.7493264914307313,0.4895855907345532,0.36396135094944454,0.08012181476411719,0.5221061109352775,0.11509975106994336,0.3936873067572646,0.006591007300109038,0.5652950475738392,0.17806855799271526,2.042199878814205,-0.13640419759526135,-0.6373041683851876,0.22820423632614292,0.29571418219960005,-0.13211154920883197,0.7545217009787496,-0.15265063779215016,-0.5905077571764844,-0.061043701594152296,0.583256541071613
0.5593914140542358,0.45565735909444977,0.5450346567652657,0.3934160731518784,0.4156294357896934,0.36558700733498106,0.36820424216161013,0.3855160033410126,0.3935110427808325,0.3845853995245959,0.38076701949849623,0.39760881617022703,0.3904130765802703,0.31371154861895095,0.3978426897373091,0.3640605628328354,0.4501174634562782,0.3755872528854143,0.42433396642256355,0.31385772140469614,0.3046570864509991,0.4494674092702502,0.34926480504402563,0.3241127069489846,0.3609509138230867,0.22608781549214688,0.3427778382832663,0.29762623150766443,0.3461107075139323,0.4646072932843183,1.1339235591834302,0.29385479710998763,0.45635428575938214,0.5631191184668451,0.20901890054494154,0.8907800628715874,0.68097525820959,0.4338186390434655,0.6186236743830251,0.18487990354796494,0.6151530288747307,0.28601821039850744,0.4227578796353545,0.11775158917303497,0.3107791498003273,0.3711227569331212,0.5532038223310012,-0.06824440500551271,0.0819614249026301,0.2529713690650239,-0.16147829886408,0.30633465851038394,-0.07533919413001072,-0.13573010314432638,0.22886768047064965,0.04216461255123271,-0.13835631781575633,-0.07294593887775522,-0.03602193429692356
0.7165793505282826,0.5791174164927939,0.6826365720268788,0.6970309523022012,0.47475179714807464,0.6140258445650877,0.41298665670018186,0.5475704180487371,0.5258314948618973,0.45447499303740996,0.5260020362887693,0.5630555860271373,0.5862363506893606,0.6637967635896959,0.5000433396021542,0.5999049126371869,0.4860125425131159,0.4596182428661857,0.5961219916773839,0.3833315653469107,0.5065669920845196,0.6079602343469727,-0.04810336671079497,0.47090771853018654,0.4416868373091783,0.6604107106144509,0.4462460553500924,0.4402232149854284,0.5109438649627942,0.17065784163778625,0.29385479710998763,0.8858048433246657,0.35498361519290617,0.44927760198756866,0.4456828350937001,0.25863440369326945,0.17260515152777423,0.4652552443281968,0.34988417840626934,0.302344864055748,0.3047125722360551,0.5058715530410156,0.6672322095972417,0.08891776947578059,0.6150875854080277,0.3253571232917483,0.7133123346520521,-0.09469015442916641,0.4210281630931912,-0.055374458205213875,-0.04795691229337426,0.46955758501119305,-0.2861279576762701,-0.07107409497338517,-0.35634237614926667,0.04121054807019744,0.034970941507146906,-0.3876230483754196,0.39849256841998676
0.558071924776076,0.6155775905960488,0.49814816715744614,0.5583373662146838,0.6027263407213618,0.388264373277687,0.43742747788699665,0.38360815492883427,0.44046880742627176,0.3719887845393378,0.42442373727854416,0.45975346865604294,0.5546868552504784,0.389702537758386,0.4632856436122848,0.4472883767080186,0.48485602437899566,0.39335524501653585,0.5268262332040035,0.4561813596394839,0.20960774719421324,0.569877098774622,0.03539964752414832,0.6527636559890909,0.3653116169086611,0.4627551874304426,0.4290548625358041,0.5953152241990922,-0.011184762326137921,0.7883809159143491,0.45635428575938214,0.35498361519290617,1.857290140240201,0.026418131507648518,-0.2772443587911691,0.38080964174367893,1.0440535219130929,0.24830073795526875,0.26221792841219677,0.14085237105699772,0.3293499008336378,0.1917200480603853,0.8431479679518864,0.07186821966904326,0.2802447257755041,0.24716187003967993,0.3668203127707378,0.0482461156472428,0.7707038395955109,0.08436967272148413,-0.36722970172748653,0.4267748852214275,-0.10825956612451125,-0.22133790855215627,0.5717854505303693,-0.04615801296862988,-0.42533669975195615,-0.5241791430474324,0.7966440280712949
0.3474187449471843,0.7681570679877715,1.0005558688548544,0.7429131454717962,0.3285639747204761,0.6838349740791949,0.43726419193091215,0.6368291571393317,0.6352098228178636,0.6746762169875288,0.6405251639570877,0.621290375207604,0.6404618362377847,0.4706070964067537,0.544907850712308,0.539605696743512,0.6746865166545584,0.5713795470225428,0.5627708892428112,0.5436317037427623,0.46786512073031794,0.5960446370379092,0.3340770561308354,0.42792700387743793,0.526327789364251,0.39746348259990816,0.5162420418485222,0.2250934285252448,0.8782045474423048,-0.020656716875088695,0.5631191184668451,0.44927760198756866,0.026418131507648518,2.7327091509413814,1.02026502021574,0.7893712323137156,0.7692824484169409,-0.04593690175931937,0.9808205737294852,0.16696866534062352,0.598011038149198,0.46412913882361834,0.6780059285859164,0.1346579781705554,0.7745381182794281,0.3971068226891912,0.8104022064915442,-0.18820544134740314,-0.12145960231413468,-0.535550081700442,0.39909869844504536,-0.22078910966684484,0.34672469633656006,-0.16127495019026797,-0.21872086958460238,0.11058790010862257,-0.2934550161315014,-0.060722781976802885,0.07922406107685062
