3.4435347109437195,1.4164554894267862,1.8761970841935542,0.3479848668635328,1.4279893440279892,0.5121770106290063,1.1771196576484946,1.2423509261151393,0.9594680949493969,0.7360978208280814,0.8211310718466147,0.7605635123005344,0.9229204701918277,0.8766102061976824,0.8203113453584683,0.8559549642028818,0.6663781558129924,1.016063703937212,0.9327984963718531,0.45081454014405953,0.7525194833877118,1.0019506885749443,0.1875608159120083,0.4559198183092666,0.8303601738175097,0.8543698981853473,0.5823051553645209,0.3132701075694556,0.9879804079881921,0.653278776112966,0.5613931176387628,0.6982659593555783,0.5504322725025058,0.3077472976964221,0.5291050553164351,0.5778770239257923,0.39339951643612275,0.7713087280071611,0.7867726820781541,0.49601874748330343,0.42965950725554014,0.7155661848427499,0.8793938201347539,0.19702973522323644,0.7557254163327883,0.6431968322823097,1.0174254932332818,-0.15732160115979715,0.6895345738098441,0.0031068068041807664,-0.06529289413114975,-0.07179944008118012,0.4053885406027492,-0.2459049438960208,0.06471947288120161,0.06724628757993673,-0.3869843408456614,1.165371031860461,-1.0189587966351477
1.4164554894267862,4.101576570668989,2.1169605836803504,0.6977247883690365,0.7103659068475067,0.7212352483377472,0.6141684330259095,0.898230962513717,0.8591515816960096,0.7663627781415128,0.8104356991265789,0.7859597396128698,0.9175098942760248,0.6851610627279048,0.7521246597610284,0.7395876452513599,0.7685014331910388,1.088103616520036,0.8335243365518462,0.8335288771460686,0.6748368768499096,0.840113628893935,-0.060435818195146006,0.5930202148807326,0.6580657397151147,0.7875758074810424,0.6494207084220082,0.5632608079971425,1.3224043825067633,0.5997756647911447,0.46015062747204455,0.5758668403410907,0.6247027096318825,0.7745838702004022,0.7874684652330051,0.5761535184204841,0.8643223277599554,0.4413053389867347,0.7355678564773337,0.6323785521564458,0.3785681864818128,0.6781049688682043,0.6850070709716444,0.08554091387834195,0.9306365039474371,0.5946349168297416,0.9307193166296033,-0.16171879042050627,0.3560528280863313,-0.2970387890547181,0.4520664960107942,-0.08083436915692507,0.21891826298398837,-0.27786939025762547,-0.08728958456514073,-0.2361470725316571,-0.7427545738370965,0.24579955139455686,0.568462096877759
1.8761970841935542,2.1169605836803504,3.7213494272286587,0.6273727332610559,0.5065233257429371,0.6876813988808456,0.7099308918112981,1.0402605804055038,1.195069092249521,0.8796360798291885,0.8116791194364172,0.7745465747143548,0.8902406841069265,0.7318144734243801,0.8618650290400607,0.698165545945778,0.7843726999896216,1.0169623913635955,0.7972880938693304,0.6767833594493057,0.8481824817511711,0.928766921928999,0.11350650179109176,0.5674273221746468,0.7224248780878842,0.7978893292034684,0.6658979254799391,0.5371009275755455,1.0606179982968071,0.5135245321343433,0.5525151910637387,0.6585338535232315,0.5118267713970209,0.9712039171860689,0.9805756115364156,0.7219864515615325,0.45055175270869596,0.32879016498170843,0.9272599019603468,0.5561202219722721,0.5617252510348366,0.8663896842948751,0.861326260511804,0.09010446885990761,1.116600414374679,0.6135909250926674,1.1196073655815537,-0.16292823303029136,0.4436504612007959,-0.39653033610826766,0.42160983649931,0.09965801807914809,0.28326827359746437,-0.33156966463656357,-0.2290692999659529,0.05044728933980835,-0.1495439428664115,0.45322843660798445,-0.5121862725272037
0.3479848668635328,0.6977247883690365,0.6273727332610559,2.691310565628741,0.7367364416379183,0.6662737773455326,0.8634775245383617,0.7455444249911397,0.48570783100150866,0.511934828351834,0.6860712341772963,0.7896674310390999,0.7128699924325017,0.7359506212587881,0.5620181558243815,0.7743517093335612,0.6779668163256439,0.49730974223902724,0.690398845505823,0.5795743216829113,0.5239570962112046,0.6714592169355843,0.04851924573570183,0.5350065554627634,0.5632341297655069,0.7409114737445884,0.5260130403513987,0.34083133682399913,0.5836916435408924,0.3009954265978094,0.39826429246750145,0.6879400831765493,0.5741433200857247,0.7588683308105437,0.03977781947996903,0.4871116417763357,0.6162101540848861,0.4019271046566553,0.5146303716410168,0.20479343817429785,0.32501512050672227,0.5154632152245268,0.6193944757766137,0.12562416966846288,0.40501706874986404,0.37818009372328204,0.6248575457537467,-0.108904886946013,0.345402319255351,0.09189827276810167,-0.1639957960066346,0.22562881608890495,-0.1411416238338982,-0.18208122097248608,-0.027759445076274123,0.0025013011274087884,-0.2806325367461573,0.017940807381192185,0.1795460330277757
1.4279893440279892,0.7103659068475067,0.5065233257429371,0.7367364416379183,2.2891798598354547,0.19518306582951053,0.864699239425548,0.9987076293903485,0.49392766058581333,0.6005734914389733,0.631665770997989,0.6164130757557843,0.7110504822106889,0.5552883812603154,0.5938510648115817,0.6805115160530141,0.5575341731599939,0.6866075740434033,1.025999923982624,0.19883605727691014,0.3296293164098881,0.6440752475182498,0.13215793962480923,0.4060211758525279,0.546110989986405,0.655697639177362,0.3613528344398432,0.19097742905233953,0.5963040865345649,0.5236001783418792,0.4226812228057824,0.4651377632327696,0.6150214778837504,0.3267454377436686,-0.1508954780092574,0.5913165194346208,0.5944397814557887,0.27280167095006363,0.5369785290546542,0.149507563681906,0.3699138184084733,0.30900495573119696,0.3911185422415416,0.06667127631230366,0.05768139384533844,0.39285872736436517,0.4567744502335293,-0.1224238765098193,0.47604098583885296,0.5948661427663363,-0.28584847904470223,-0.17997111739717964,-0.056156960883083695,-0.1244407715039598,0.3577013703798666,-0.07917991649932647,-0.4908610286485003,0.6092418583677194,-0.1955821240886924
0.5121770106290063,0.7212352483377472,0.6876813988808456,0.6662737773455326,0.19518306582951053,1.4815378365259915,0.17386504699644795,0.6276415720447542,0.6185321124198137,0.5076378961256173,0.6910563701702805,0.6655682944447179,0.6204617360375434,0.5899166881726001,0.5535257927132202,0.5718503353013744,0.6849574264494854,0.5380822218864865,0.8323409238673954,0.7728582105427989,0.7451558952036454,0.6918519936135261,-0.06525818677768806,0.5293112822325506,0.5038944748764456,0.6783346504560025,0.460762685511522,0.48021372236321547,0.7392618957302197,0.21354045428588547,0.3640228251461448,0.6044326936091484,0.40025388031971465,0.679364406586784,0.6402102761606681,0.14506451945127577,0.5316754382895119,0.6208203641950791,0.6031355323751655,0.47711060944505057,0.2810177480689603,0.7325326966264887,0.839214476744438,0.15545931164218274,0.8276809705141361,0.33575091954429814,1.025593434973706,-0.06408715519407636,0.5655467665166675,-0.006503208853860053,-0.09431438383760898,0.19552147466520167,-0.13322591136567327,-0.10224571560717162,-0.09429421930088801,0.022833331501553995,-0.2877479029566635,-0.33703740329497445,0.597483615020855
1.1771196576484946,0.6141684330259095,0.7099308918112981,0.8634775245383617,0.864699239425548,0.17386504699644795,1.2006991599939507,0.6788230967517606,0.5140401825176663,0.44227572337125604,0.53544105146267,0.5627001502129821,0.5906758024906263,0.4578766467884959,0.49216768156630947,0.5647683443086545,0.49269891709495356,0.5500762989074988,0.48714672809526144,0.3169285923814443,0.3942797962103701,0.5872733177051974,0.1092965056101882,0.34710566088812433,0.4869400426843546,0.5599740956326517,0.3778050847187375,0.22730489151777034,0.48745895227087366,0.4496532598764402,0.3671247378291739,0.40161729724044654,0.4435367193878332,0.4320760929429002,0.1536088836324269,0.5325044745697887,0.470032606510082,0.28879784901969224,0.47870903101864587,0.1601013507357285,0.2506853047787141,0.37388553918440687,0.36434850176421923,0.08270266749514368,0.27991782885265837,0.3462399131523893,0.32268995889255236,-0.10378860961502312,0.3749767228674294,0.10361567913037541,-0.16156307480484333,0.05084308890580022,0.06757703786226146,-0.1965123107730965,0.2476223655105477,0.10092646383777712,-0.2801736979468121,0.5871105995752797,-0.7288984949836884
1.2423509261151393,0.898230962513717,1.0402605804055038,0.7455444249911397,0.9987076293903485,0.6276415720447542,0.6788230967517606,1.3785494729045566,0.5531118581320957,0.6012573832292827,0.7019989044097631,0.5658455466143565,0.7278989017498992,0.6050879469704917,0.5540336841821867,0.6233120312744971,0.6542341992546631,0.7376713692489989,0.8058073048512002,0.5720251676563781,0.5509237979772748,0.6645827383983417,0.020394404341336575,0.4076487361763672,0.6085725479487504,0.7712043796851215,0.4769528562166554,0.27309078367999523,0.6935898584793635,0.3841028886259894,0.38755031176790516,0.5287001906686202,0.38645710869026895,0.6118309199551947,0.46523404790448564,0.32154579051575877,0.47355098682083174,0.47757377868771844,0.675892817200936,0.38589458020503437,0.29689109538412783,0.5343361518400541,0.633627378668127,0.11865392009571056,0.599370410536752,0.43940390223912146,0.8907293712990169,-0.09271171113796776,0.5290831627558805,0.12570262628860054,0.016761624169462884,-0.06069816144730397,0.11880601240696342,-0.21760031515592143,0.04865215380970261,-0.01641654931538274,-0.2841232202843458,0.8404158017425589,-0.6466089076511963
0.9594680949493969,0.8591515816960096,1.195069092249521,0.48570783100150866,0.49392766058581333,0.6185321124198137,0.5140401825176663,0.5531118581320957,1.0356311083049694,0.5652096129703601,0.6102073151685076,0.5802421626568611,0.6496339790006151,0.5489438579677329,0.6080963297296,0.5266319038337629,0.5788625328139753,0.643790920396268,0.6142016524735303,0.4624892056928588,0.5322336929453308,0.7432122379644915,0.06231913601460704,0.47056682528401056,0.46267620712434393,0.6415656616105017,0.43714923103480946,0.39849802597623124,0.5576640403536774,0.3656199077721687,0.3899315590792644,0.5130017434902076,0.4591938277378389,0.6267168843433367,0.5391923934246786,0.4293901190676143,0.3862508819216206,0.38855015494390177,0.5794389121082095,0.41631626284187323,0.27128139953856334,0.5222920990258456,0.7318981243435547,0.11162957245964769,0.755876518310724,0.408407418936821,0.740717682242795,-0.1364131749179072,0.4344052548531562,-0.18155730124492145,0.17212608345758387,0.015604007888262784,0.11939610911806099,-0.14752936032179145,0.057778470994841305,0.15574785006486014,-0.22016476798061552,-0.2707863351755135,0.19642007001667222
0.7360978208280814,0.7663627781415128,0.8796360798291885,0.511934828351834,0.6005734914389733,0.5076378961256173,0.44227572337125604,0.6012573832292827,0.5652096129703601,1.028952800991984,0.5837976601364732,0.5739603914338395,0.6287579045247016,0.43985396879590855,0.5532601176754232,0.5054096356762213,0.5897063502022728,0.6400928272390015,0.5745012534400907,0.44746775346277573,0.4234731787540332,0.5635017564821062,0.01302703916072156,0.4467831337411997,0.4415532291851251,0.5076839036645762,0.418373903426166,0.3954847882416588,0.690792638027196,0.38326881123166456,0.3765124121718142,0.43992574466722506,0.3806407345255095,0.6668309745767959,0.5299361736406577,0.42264668552983364,0.4835438961059517,0.21323590547540594,0.5931745908837694,0.41187770277289254,0.39845350511674066,0.4132525695172991,0.5118148867081429,0.09075033064577316,0.45618336373700125,0.3143905172838235,0.7580168047622783,-0.10997425133607296,0.4331477700561999,0.06497341935001823,0.05109926619249213,-0.03886507022029408,-0.05467589688677896,-0.05508312607864949,0.1968179408779238,-0.02468522056751443,-0.16910975291195868,-0.3206873304524591,0.40297652134510104
0.8211310718466147,0.8104356991265789,0.8116791194364172,0.6860712341772963,0.631665770997989,0.6910563701702805,0.53544105146267,0.7019989044097631,0.6102073151685076,0.5837976601364732,0.8834854809308829,0.6877850378371078,0.7186709261999061,0.5409996347846012,0.6275285708648558,0.6111495663699751,0.6935154351892965,0.6237566150316235,0.6763758741237608,0.5711965227746754,0.5000680193109103,0.65498542345795,-0.008875788430499415,0.4769050689185727,0.5208935976416138,0.6634734377361313,0.46367472647799624,0.400399968354289,0.6816713833115136,0.3282150534003814,0.37716820186152994,0.5112189398893756,0.43285943872894617,0.6249166686079153,0.5630744802296832,0.36906438222570914,0.4290390714795962,0.3697257096421387,0.6090353972672161,0.4151043642501678,0.2806087681279246,0.49223346960543074,0.6509156958739206,0.11254731437103889,0.645032048670948,0.37556947109143596,0.7491865302596289,-0.11391146897295898,0.4514870084658976,-0.030605601035361776,0.04993629488164242,-0.020281590261854606,0.08764233163096485,-0.10193139312127242,0.0014725608299410225,0.024935095587650398,-0.3474286553996773,-0.05416512135016198,0.2705828764603728
0.7605635123005344,0.7859597396128698,0.7745465747143548,0.7896674310390999,0.6164130757557843,0.6655682944447179,0.5627001502129821,0.5658455466143565,0.5802421626568611,0.5739603914338395,0.6877850378371078,0.9302496332377249,0.6762465731803686,0.549969706431667,0.5884491024580473,0.6065205281961524,0.6072686248611079,0.534993036973548,0.6651857818858863,0.5029301117485884,0.4997633558942702,0.6296961454171072,0.03230326004207452,0.4727922093131819,0.5405693100787011,0.6391674981398895,0.4993467405575776,0.4179651351251242,0.6334031815609641,0.2996880588469026,0.3897615434195124,0.5517831603024753,0.46244479244974046,0.620355744973997,0.48552854220617875,0.4196024747772815,0.3818456750622196,0.3391076034399202,0.5643248994588739,0.3741222976974513,0.2806107052774842,0.49380928104792404,0.6137469944650077,0.1024280989349626,0.5355458929197531,0.34881442119520806,0.6775628637995301,-0.10089798952435779,0.46684836890075077,-0.1079799608143369,-0.030644320257972424,0.2385550356887858,-0.10829306286636027,-0.12535610454321644,0.05595855382275959,0.018287329649658637,-0.3458120116936449,-0.15157428245977814,0.3747796087821027
0.9229204701918277,0.9175098942760248,0.8902406841069265,0.7128699924325017,0.7110504822106889,0.6204617360375434,0.5906758024906263,0.7278989017498992,0.6496339790006151,0.6287579045247016,0.7186709261999061,0.6762465731803686,1.0055920837826013,0.6154838804639077,0.5686351054612624,0.6606203381968856,0.628408419010376,0.6492679798972213,0.6561961485155633,0.5603244881025032,0.48933594148662524,0.7263038692856699,0.01936215343378795,0.5489939007105881,0.5294310183804788,0.6466525600774706,0.5053063204881456,0.4120492960106111,0.7285257758140177,0.42933476246594116,0.38615048290695486,0.5584352097579918,0.5494736310303037,0.6233806261355785,0.5488952746583237,0.43080205028944074,0.5024661186208288,0.3744784056116326,0.63019208971592,0.3975623291706464,0.35933073120731723,0.4847220529627672,0.7109674945416355,0.1362278057528401,0.5122342565709265,0.43144841596037453,0.756513561275196,-0.11196859890655791,0.579065397658013,0.007737405131240275,0.005737065772030947,-0.02071370782148168,0.12095366007053932,-0.17510715316741435,0.09302010173976172,-0.03314348120285516,-0.4378204438971404,-0.5532303182389509,0.8804611563618591
0.8766102061976824,0.6851610627279048,0.7318144734243801,0.7359506212587881,0.5552883812603154,0.5899166881726001,0.4578766467884959,0.6050879469704917,0.5489438579677329,0.43985396879590855,0.5409996347846012,0.549969706431667,0.6154838804639077,0.8001055786428578,0.501516082147134,0.646395923747676,0.5294803819404916,0.4600614662905713,0.577021217347206,0.5010962198335166,0.474833545318274,0.6361591335386371,0.005316239725797797,0.45795331542365436,0.47267647246646066,0.6190840623757241,0.4389929841143579,0.3349247472847578,0.562423582858531,0.320317532875704,0.3165934027177052,0.6568521130262408,0.39390680878426493,0.45539619890296695,0.45149612863074656,0.29668602749282197,0.29837604039197585,0.4756415747292506,0.4551363624111949,0.35989671237904425,0.3134838604356626,0.4711490101960027,0.7583426234331568,0.1265967715168138,0.6080962946479241,0.36344177716649856,0.7475020691395365,-0.09116765829677985,0.4979911612221301,-0.10725789622199128,0.0061886405045734755,0.05340471663834166,0.15155196674353885,-0.09812374242005285,-0.2245578744628172,0.015520851308823242,-0.22584553060873583,-0.20157901036866638,0.5019705641879972
0.8203113453584683,0.7521246597610284,0.8618650290400607,0.5620181558243815,0.5938510648115817,0.5535257927132202,0.49216768156630947,0.5540336841821867,0.6080963297296,0.5532601176754232,0.6275285708648558,0.5884491024580473,0.5686351054612624,0.501516082147134,0.983081481660466,0.5586438627872706,0.6235933262356544,0.6208168230420552,0.6467369086114554,0.4503831010408302,0.4474362548982278,0.5914384108767703,-0.0026874037241082925,0.4817672426426459,0.5239285831631559,0.6276834622357088,0.39385115195386317,0.47792005815355665,0.5940026053485765,0.4664313609168635,0.39397246230678135,0.4845897374122585,0.48362922100391453,0.5393873082732917,0.47680395020946087,0.43573000190774086,0.5228070351606365,0.3749769135139677,0.5029017526359392,0.2941111786224385,0.36741657232022473,0.44155393353943345,0.6019893338006844,0.07714126637572626,0.5664310418232338,0.32719211616436983,0.6694882277062636,-0.07374614766565464,0.5014395397245691,0.12737529316014032,-0.16153944750992977,0.425669552675929,-0.18945479464089293,-0.14468041256045144,0.06850874750326874,0.11786770435800818,-0.311691068007609,-0.22704807896131318,0.2764702142387865
0.8559549642028818,0.7395876452513599,0.698165545945778,0.7743517093335612,0.6805115160530141,0.5718503353013744,0.5647683443086545,0.6233120312744971,0.5266319038337629,0.5054096356762213,0.6111495663699751,0.6065205281961524,0.6606203381968856,0.646395923747676,0.5586438627872706,1.0256728077983064,0.6212393290052727,0.5286607933766071,0.6493220698352087,0.4730140522771397,0.4543814943748537,0.7449782407303115,0.019397832487547652,0.49282130381311195,0.5463388075968202,0.5760203050167514,0.492220105116687,0.43619079970395214,0.6487051177575532,0.37742424127724705,0.36603968480758625,0.587367649876179,0.4544219878502497,0.5350081713147845,0.5830868487149805,0.3747370327512351,0.40871767434920486,0.4582600836125767,0.5450644739478944,0.36599967643399506,0.3447681114299541,0.4579941382150827,0.7860476143986745,0.15089609162823073,0.5792642034049587,0.3980561831120857,0.7321854482109392,-0.1261369693560026,0.5173230752588962,-0.12928202049877485,-0.060239035792111734,0.15542070924286064,0.04471044187566766,-0.13898079468750463,-0.020235858684356775,0.00808127125706354,-0.378871561083184,-0.18612304053743778,0.5091007937412041
0.6663781558129924,0.7685014331910388,0.7843726999896216,0.6779668163256439,0.5575341731599939,0.6849574264494854,0.49269891709495356,0.6542341992546631,0.5788625328139753,0.5897063502022728,0.6935154351892965,0.6072686248611079,0.628408419010376,0.5294803819404916,0.6235933262356544,0.6212393290052727,1.1866279067831964,0.5728095522051938,0.6526971390057199,0.6456601394632826,0.45087105950787215,0.6895488897828634,0.03405487527666398,0.4773116225440447,0.5387096182054885,0.5149281019886043,0.4525551874547282,0.43679240909419037,0.7933720905109982,0.30591141818348405,0.4462992416173176,0.4759525519331975,0.4982917632240576,0.6656116620338904,0.5180623815137072,0.4210509987078106,0.6814062353573852,0.3980307755171858,0.728780349269504,0.39192390734465127,0.3928105630392997,0.446802128956101,0.7028714343238434,0.12333221625450096,0.6306953618009387,0.4156613696978211,0.8894486848114814,-0.1258162835029155,0.4219192111604381,0.18488618597237044,0.0326388459380507,-0.04194921245826017,-0.02698097960122346,-0.15177596910211733,0.14035802496173666,-0.004487029183053763,-0.3569692159647125,-0.08400248660929553,0.27702876756880684
1.016063703937212,1.088103616520036,1.0169623913635955,0.49730974223902724,0.6866075740434033,0.5380822218864865,0.5500762989074988,0.7376713692489989,0.643790920396268,0.6400928272390015,0.6237566150316235,0.534993036973548,0.6492679798972213,0.4600614662905713,0.6208168230420552,0.5286607933766071,0.5728095522051938,1.2597223818416006,0.7043555909966223,0.28122127738881986,0.5245657684241951,0.6183053055226371,0.07585486402633909,0.41894321229333537,0.4858191044289693,0.6460837445696679,0.31310006476176594,0.37431795246299127,0.728509867735097,0.29508187684108494,0.3759175765821879,0.4406408181370986,0.39670793120399533,0.5592991082958501,0.45126478275664433,0.43144434717479124,0.4784805460382114,0.37777685833616215,0.5231081234858669,0.4159351490604216,0.31055916745962187,0.5101408232419395,0.5980045276922235,0.08599685652849763,0.7329477900162186,0.4200004142211529,0.751799847353321,-0.11592030248350718,0.24067477942632304,0.10309125136846246,0.3252668599116509,-0.1036463083890921,-0.07443207815240643,-0.18643111319039138,0.13753451297629504,0.08695091894582267,-0.2400834925346399,0.23624782474105255,-0.27225335550227947
0.9327984963718531,0.8335243365518462,0.7972880938693304,0.690398845505823,1.025999923982624,0.8323409238673954,0.48714672809526144,0.8058073048512002,0.6142016524735303,0.5745012534400907,0.6763758741237608,0.6651857818858863,0.6561961485155633,0.577021217347206,0.6467369086114554,0.6493220698352087,0.6526971390057199,0.7043555909966223,1.2497586613827991,0.3940967784148473,0.6171052282983417,0.6972005947441683,-0.01395257094890394,0.4962290599565994,0.5462886287265554,0.6767209324216517,0.4170271553835543,0.4739643058677641,0.5550213775865389,0.40315147637545,0.4201540889463636,0.5798799428039552,0.5366591644113203,0.5422193600453634,0.38414841691458346,0.39793985301343976,0.41680368888414704,0.44416982628835794,0.5871648442356899,0.36672989319314825,0.3593545042741998,0.5912759945534236,0.7045245437365535,0.08132637770875507,0.7620222593494057,0.39421567048245487,0.7341971808455688,-0.08613922829436763,0.4829947345983043,0.12767214155496717,0.14187206751693582,0.3029937033518418,-0.31123627283063926,-0.18028000758366491,-0.030428186040600047,0.021519108729533668,-0.3103046136308985,0.08439213052595947,0.1566700635363689
0.45081454014405953,0.8335288771460686,0.6767833594493057,0.5795743216829113,0.19883605727691014,0.7728582105427989,0.3169285923814443,0.5720251676563781,0.4624892056928588,0.44746775346277573,0.5711965227746754,0.5029301117485884,0.5603244881025032,0.5010962198335166,0.4503831010408302,0.4730140522771397,0.6456601394632826,0.28122127738881986,0.3940967784148473,1.8932290833477132,0.26321855820073314,0.4838036075693494,-0.31314308585771855,0.5289286855794453,0.4371217140423741,0.6270121526614063,0.564249604384619,0.4433997449231609,0.8181950651010189,0.8275700002839299,0.3195369861695222,0.38956446669166256,0.47074989045687793,0.577445404533643,0.6876548784734561,0.16685899324666417,1.031284063463872,0.42184684344245,0.5601438565761396,0.6489192552912266,0.12003114909971382,0.2828788049780597,0.5831983519203938,0.12010665877332004,0.5138508644504715,0.2097355603774153,0.5125014307628526,0.01634546947457788,1.0699188248027713,-0.28486480188941593,-0.19490091582157348,-0.09827931717836394,0.36060260101556607,-0.10872659099701774,0.3872035844642208,-0.04315473035520003,-0.41793506117648416,-0.4229004138249689,0.7716266287992978
0.7525194833877118,0.6748368768499096,0.8481824817511711,0.5239570962112046,0.3296293164098881,0.7451558952036454,0.3942797962103701,0.5509237979772748,0.5322336929453308,0.4234731787540332,0.5000680193109103,0.4997633558942702,0.48933594148662524,0.474833545318274,0.4474362548982278,0.4543814943748537,0.45087105950787215,0.5245657684241951,0.6171052282983417,0.26321855820073314,1.360897870469917,0.5136450634871191,-0.046935272621629276,0.3227898469296736,0.3934038420609713,0.6287721995245965,0.30021996785368493,0.45402346011221867,0.44125064666256275,0.13022920757107898,0.30067948865987965,0.5071944420948791,0.2127462689302487,0.44327384332659103,0.7763626643968552,0.14693312836879896,0.12195594174612172,0.5964403476622169,0.5053645792880198,0.4213459501998519,0.23849714962623614,1.3116897930505256,0.5547414313405195,0.08670416088749167,1.191875827417136,0.2689097055290317,1.038690208551907,-0.010830949865989252,-0.021893139543573515,-0.05012876160177882,0.05262225813844915,0.25829690568981856,-0.1305423291071272,-0.12710868534959724,-0.4110854215942438,0.05647667849106185,-0.18667471250592946,0.11993181409274879,-0.040420262016357913
1.0019506885749443,0.840113628893935,0.928766921928999,0.6714592169355843,0.6440752475182498,0.6918519936135261,0.5872733177051974,0.6645827383983417,0.7432122379644915,0.5635017564821062,0.65498542345795,0.6296961454171072,0.7263038692856699,0.6361591335386371,0.5914384108767703,0.7449782407303115,0.6895488897828634,0.6183053055226371,0.6972005947441683,0.4838036075693494,0.5136450634871191,1.2180770795103122,0.15999703618114522,0.5359240832501956,0.5558215182376097,0.6038029150869992,0.5037150874585199,0.4347555991729714,0.7402386745628747,0.41000659641243103,0.4516935823385736,0.5980049826067925,0.5797725074408315,0.594188710170937,0.5304040247709,0.5143229790690723,0.46352648163759436,0.5876703763616848,0.6480029211970696,0.3894727367661091,0.3937095166096346,0.5137460960075352,1.01506412799917,0.1770469438040471,0.6657055278844555,0.5787754765483999,0.8472569584181944,-0.2661730164797327,0.6407310368465089,-0.1285218086568592,0.007995226691874724,0.04642004769674164,0.07323529083956852,-0.18422801033595532,0.00041765233663448203,0.06893341968656098,-0.3612990648587159,-0.2688656857975764,0.4504018450881945
0.1875608159120083,-0.060435818195146006,0.11350650179109176,0.04851924573570183,0.13215793962480923,-0.06525818677768806,0.1092965056101882,0.020394404341336575,0.06231913601460704,0.01302703916072156,-0.008875788430499415,0.03230326004207452,0.01936215343378795,0.005316239725797797,-0.0026874037241082925,0.019397832487547652,0.03405487527666398,0.07585486402633909,-0.01395257094890394,-0.31314308585771855,-0.046935272621629276,0.15999703618114522,1.7827769472398376,0.03980837127586738,0.3147397438351978,-0.2785841986017161,0.005251103925874633,-0.5209220486373249,0.2957162349888218,0.12416298249549433,0.3444129778374312,-0.04163358302010152,0.05433923676626326,0.3436764076269485,-0.4957481959497377,0.9934700998488535,-0.04622978729155675,-0.05945987547653879,0.2970400348353263,-0.14558493721532123,0.465313536529638,-0.07268982034280856,0.037183862381293786,0.24890830932102484,-0.6663525335860806,0.2506512337544127,0.12765549419258998,-0.05062333168418507,-0.4250136052864838,0.07422064427709446,-0.09267154174074513,0.09517979801793423,0.21637068412791577,-0.13265737841864184,0.22015291746929583,-0.024480072761392246,-0.07262952570137857,0.007803333167944291,-0.04073254028600457
0.4559198183092666,0.5930202148807326,0.5674273221746468,0.5350065554627634,0.4060211758525279,0.5293112822325506,0.34710566088812433,0.4076487361763672,0.47056682528401056,0.4467831337411997,0.4769050689185727,0.4727922093131819,0.5489939007105881,0.45795331542365436,0.4817672426426459,0.49282130381311195,0.4773116225440447,0.41894321229333537,0.4962290599565994,0.5289286855794453,0.3227898469296736,0.5359240832501956,0.03980837127586738,0.7940383420742774,0.4030639986566034,0.4565008568851862,0.3654016446196985,0.4594578491127259,0.40880947006407026,0.7022396771842638,0.32128211420466063,0.47096270378898974,0.6926661355059256,0.47286447513826196,0.4521852613048866,0.42860642051743736,0.6220069830120977,0.3084327085155273,0.44990933157830676,0.33267927489914084,0.35736976352870026,0.3181906438627862,0.6346806869535412,0.09795465223296249,0.43263741331179545,0.25457439380121927,0.5435743432400548,-0.028450504629750264,0.7050915002982024,-0.05179029783581207,-0.1505889217065277,0.25531563212121905,-0.02550719118854059,-0.1277920805041736,0.08047526489927594,-0.001466199071736567,-0.24866520943658368,-1.2044178457143027,1.3748959928469808
0.8303601738175097,0.6580657397151147,0.7224248780878842,0.5632341297655069,0.546110989986405,0.5038944748764456,0.4869400426843546,0.6085725479487504,0.46267620712434393,0.4415532291851251,0.5208935976416138,0.5405693100787011,0.5294310183804788,0.47267647246646066,0.5239285831631559,0.5463388075968202,0.5387096182054885,0.4858191044289693,0.5462886287265554,0.4371217140423741,0.3934038420609713,0.5558215182376097,0.3147397438351978,0.4030639986566034,0.9469861232781196,0.5302827176181739,0.3968551133580776,0.2540048511015627,0.6055840074877221,0.3981290096756675,0.35465103373696377,0.4341090813194997,0.3790872678998673,0.5330742914630877,0.37982047805362273,0.46148599553573,0.3446305978678365,0.3555822485646051,0.4575475882721065,0.24804096072932463,0.30238719881700954,0.3915517726543526,0.588311155054426,0.14588054915613474,0.38293356877746343,0.36654020744757176,0.6354820266528114,-0.0973479831624528,0.2387321139509746,-0.2617439730944519,-0.13555369710228904,0.33705509869902117,0.06473282274904374,-0.1635427275938053,0.08806539527746708,0.018513237641909878,-0.2554966439582335,0.009823598007256785,0.1148950921001415
0.8543698981853473,0.7875758074810424,0.7978893292034684,0.7409114737445884,0.655697639177362,0.6783346504560025,0.5599740956326517,0.7712043796851215,0.6415656616105017,0.5076839036645762,0.6634734377361313,0.6391674981398895,0.6466525600774706,0.6190840623757241,0.6276834622357088,0.5760203050167514,0.5149281019886043,0.6460837445696679,0.6767209324216517,0.6270121526614063,0.6287721995245965,0.6038029150869992,-0.2785841986017161,0.4565008568851862,0.5302827176181739,1.7755410250484671,0.4001149067251587,0.5017281483546675,0.14437491063068061,0.5036739712340251,0.23129752963882141,0.6450616272709372,0.46372278607568396,0.3925559626755622,0.4974432913451299,0.14112161977502655,0.20330363664108267,0.5433482900107998,0.005732834846771701,0.4555660670762356,0.0742470599178505,0.638398976390252,0.7750593927999353,0.042353782921869254,0.7979095074055051,0.26691060928943905,0.6226832481107046,-0.04312739763487204,0.6053855537084321,-0.15970808357989502,-0.2265616587384869,0.34444609879470595,-0.19011958220326838,-0.10696942488872971,-0.08807071392200955,0.07695014614310412,-0.31732698915229623,0.03265228303587731,0.21047531243228418
0.5823051553645209,0.6494207084220082,0.6658979254799391,0.5260130403513987,0.3613528344398432,0.460762685511522,0.3778050847187375,0.4769528562166554,0.43714923103480946,0.418373903426166,0.46367472647799624,0.4993467405575776,0.5053063204881456,0.4389929841143579,0.39385115195386317,0.492220105116687,0.4525551874547282,0.31310006476176594,0.4170271553835543,0.564249604384619,0.30021996785368493,0.5037150874585199,0.005251103925874633,0.3654016446196985,0.3968551133580776,0.4001149067251587,1.0104756091406708,0.35007083705021014,0.40802977633591364,0.169108319966115,0.3384541297830187,0.4320339165521224,0.4243160663447889,0.5119614049332152,0.45116185641468337,0.2530067197806018,0.4544405375960931,0.2183336588772634,0.43363709586133414,0.36660224642529515,0.21242136648291807,0.30476078002319085,0.6143477743578055,0.12044030459116974,0.32612359615510256,0.3022024950413756,0.49416221202785615,-0.06990719588142362,0.555139909015161,-0.1704573013771725,-0.04922744891060689,0.17843495149307173,0.08044347164603347,-0.10805960873278823,0.18635216891285739,0.006041855695966927,-0.2102914341814735,-0.030272813688831127,0.20966598128443692
0.3132701075694556,0.5632608079971425,0.5371009275755455,0.34083133682399913,0.19097742905233953,0.48021372236321547,0.22730489151777034,0.27309078367999523,0.39849802597623124,0.3954847882416588,0.400399968354289,0.4179651351251242,0.4120492960106111,0.3349247472847578,0.47792005815355665,0.43619079970395214,0.43679240909419037,0.37431795246299127,0.4739643058677641,0.4433997449231609,0.45402346011221867,0.4347555991729714,-0.5209220486373249,0.4594578491127259,0.2540048511015627,0.5017281483546675,0.35007083705021014,1.414165256908848,0.2900494695184107,0.31514784954075037,0.2985074362344946,0.42232487988197304,0.6060845658403495,0.23648430991942146,1.0032202953652343,0.23067587805753995,0.5122827566099237,0.3065022911607677,0.2688086629963094,0.39771904825297794,0.2818847628116438,0.45610458332813414,0.6606999016765055,0.11490137435786787,0.8763382274834393,0.033933366640760965,0.3993645226379585,-0.0062343100151685624,0.3981556001274999,-0.05855546460083026,-0.12161859538038218,0.7117371053631477,-0.7334843368632705,0.019916518978391855,-0.09910798945536824,0.08303302523589338,-0.11448129765776827,-0.8523406971981259,0.816708478880928
0.9879804079881921,1.3224043825067633,1.0606179982968071,0.5836916435408924,0.5963040865345649,0.7392618957302197,0.48745895227087366,0.6935898584793635,0.5576640403536774,0.690792638027196,0.6816713833115136,0.6334031815609641,0.7285257758140177,0.562423582858531,0.5940026053485765,0.6487051177575532,0.7933720905109982,0.728509867735097,0.5550213775865389,0.8181950651010189,0.44125064666256275,0.7402386745628747,0.2957162349888218,0.40880947006407026,0.6055840074877221,0.14437491063068061,0.40802977633591364,0.2900494695184107,3.247549670540881,0.2566479830264099,0.3482762791246718,0.49593787578193826,0.003298689087466075,0.9004222617777,0.7506221050585693,0.7675924474658544,0.0711763841046238,0.13491959654632651,1.10728127825362,0.4412258664900923,0.6459743851606197,0.4510525932150679,0.1743860190867371,0.1188318404701382,0.05017820785077432,0.35850208508083165,1.057101374757048,-0.20274475360291022,0.7706515149989884,0.5205791083526373,-0.4597418016431231,-0.11651115072465765,-0.09385022783542805,-0.04056978220949638,0.2672819246966912,-0.1286846220762037,-0.5493592561377236,0.3340154378451088,0.12942477469380562
0.653278776112966,0.5997756647911447,0.5135245321343433,0.3009954265978094,0.5236001783418792,0.21354045428588547,0.4496532598764402,0.3841028886259894,0.3656199077721687,0.38326881123166456,0.3282150534003814,0.2996880588469026,0.42933476246594116,0.320317532875704,0.4664313609168635,0.37742424127724705,0.30591141818348405,0.29508187684108494,0.40315147637545,0.8275700002839299,0.13022920757107898,0.41000659641243103,0.12416298249549433,0.7022396771842638,0.3981290096756675,0.5036739712340251,0.169108319966115,0.31514784954075037,0.2566479830264099,3.914312114351129,0.45115292946809954,0.1690462459994336,0.758554086050108,-0.01908753835818905,0.32761597220138794,0.7237494022012353,0.9219580161570331,0.27070241045983656,0.760189504927588,0.48506930550651034,0.3543917793357386,0.10307730015490751,0.5436891572594756,0.12451892920602507,0.46584410178179314,0.006240712871146909,0.5911249796830789,0.17416524592085303,2.0506287259910843,-0.15610797145796695,-0.6327857278765384,0.24618072183974593,0.2758030532433275,-0.13120029563346033,0.6102060869036994,-0.12553084865509145,-0.5719895835558299,-0.5367668132611807,1.0191298638031958
0.5613931176387628,0.46015062747204455,0.5525151910637387,0.39826429246750145,0.4226812228057824,0.3640228251461448,0.3671247378291739,0.38755031176790516,0.3899315590792644,0.3765124121718142,0.37716820186152994,0.3897615434195124,0.38615048290695486,0.3165934027177052,0.39397246230678135,0.36603968480758625,0.4462992416173176,0.3759175765821879,0.4201540889463636,0.3195369861695222,0.30067948865987965,0.4516935823385736,0.3444129778374312,0.32128211420466063,0.35465103373696377,0.23129752963882141,0.3384541297830187,0.2985074362344946,0.3482762791246718,0.45115292946809954,1.1237128326931958,0.28965178197204555,0.46836907308845116,0.5519149273331707,0.19893187812662916,0.8796436637686326,0.6886711697260648,0.42256484306212616,0.6007425302057051,0.17249377660191328,0.590881903844542,0.28305551873525886,0.4265050478973583,0.12105538913759659,0.2869548979731003,0.3744968988607912,0.5531465794643591,-0.06726645183644643,0.11395795845438775,0.26638918810234535,-0.15893026393814694,0.2545063640185932,-0.06563049787269498,-0.14809726987749866,0.22272694112943014,0.03557349431859562,-0.14756142763175387,-0.12748954041934388,0.039806516810179236
0.6982659593555783,0.5758668403410907,0.6585338535232315,0.6879400831765493,0.4651377632327696,0.6044326936091484,0.40161729724044654,0.5287001906686202,0.5130017434902076,0.43992574466722506,0.5112189398893756,0.5517831603024753,0.5584352097579918,0.6568521130262408,0.4845897374122585,0.587367649876179,0.4759525519331975,0.4406408181370986,0.5798799428039552,0.38956446669166256,0.5071944420948791,0.5980049826067925,-0.04163358302010152,0.47096270378898974,0.4341090813194997,0.6450616272709372,0.4320339165521224,0.42232487988197304,0.49593787578193826,0.1690462459994336,0.28965178197204555,0.8701278780303267,0.3488240978313006,0.42236746174998996,0.4248551862055006,0.25088702229537874,0.17833701786874895,0.4777407587999548,0.3438504944917464,0.314010417626231,0.29490025280336024,0.5065693085326094,0.6798713670723232,0.09352444989818282,0.6111157534338635,0.3191376343954181,0.7096062189126198,-0.09593247108724058,0.41004268346008726,-0.03497038629129566,-0.04156940348478301,0.40823640940019595,-0.25361137515733156,-0.06578780990089064,-0.3431919307757972,0.034527948735327114,0.032696040833781664,-0.4361420507290109,0.4635318061127168
0.5504322725025058,0.6247027096318825,0.5118267713970209,0.5741433200857247,0.6150214778837504,0.40025388031971465,0.4435367193878332,0.38645710869026895,0.4591938277378389,0.3806407345255095,0.43285943872894617,0.46244479244974046,0.5494736310303037,0.39390680878426493,0.48362922100391453,0.4544219878502497,0.4982917632240576,0.39670793120399533,0.5366591644113203,0.47074989045687793,0.2127462689302487,0.5797725074408315,0.05433923676626326,0.6926661355059256,0.3790872678998673,0.46372278607568396,0.4243160663447889,0.6060845658403495,0.003298689087466075,0.758554086050108,0.46836907308845116,0.3488240978313006,1.8626042896104635,0.014289057197754423,-0.29529809983676647,0.4205090461160238,1.0708549593339465,0.27315205845638907,0.2778303077436758,0.1408922259068148,0.3479377572587203,0.19523797619483874,0.8383165431825896,0.07370763533622826,0.24230802496956383,0.2525381643655613,0.3730437560830428,0.043854456314319,0.8025504289487346,0.1913786014451569,-0.38246811309365886,0.45290579663676594,-0.1293101527070725,-0.24998657695904644,0.5577586462650418,-0.049583617994157406,-0.46184397570686536,-0.9263594619214773,1.2375541271788377
0.3077472976964221,0.7745838702004022,0.9712039171860689,0.7588683308105437,0.3267454377436686,0.679364406586784,0.4320760929429002,0.6118309199551947,0.6267168843433367,0.6668309745767959,0.6249166686079153,0.620355744973997,0.6233806261355785,0.45539619890296695,0.5393873082732917,0.5350081713147845,0.6656116620338904,0.5592991082958501,0.5422193600453634,0.577445404533643,0.44327384332659103,0.594188710170937,0.3436764076269485,0.47286447513826196,0.5330742914630877,0.3925559626755622,0.5119614049332152,0.23648430991942146,0.9004222617777,-0.01908753835818905,0.5519149273331707,0.42236746174998996,0.014289057197754423,2.725144670794557,0.9783457596962726,0.7853580331140675,0.7987878507427865,-0.06795646030140651,0.9570671407997763,0.1647203209646805,0.5465704113123064,0.43715102177997794,0.6321290556706053,0.14326393361503742,0.6675428858816072,0.3682821103709379,0.7807990077194059,-0.19312128691336083,-0.046071452101701375,-0.5863909793539902,0.3579848375483325,-0.26032690493889643,0.3483122642831793,-0.14921757361104418,-0.10218120966645158,0.10444234821600502,-0.323361989243381,-0.23406685255165938,0.2772389685301161
