0.740365894095343,0.18150317118270917,0.21820287301799562,0.058873789834194494,0.014059571783509459,0.060818417064345646,0.07527780988486549,0.03486182256729042,0.09796682716031559,0.07651883389556276,0.05843709306242136,0.06898388563026156,0.03703188190460639,0.0636017135610324,0.08902479547310804,0.05589261305733708,0.027557848033366004,0.08930201462196985,0.07637313278091667,0.05310953661258614,0.06968196048154394,0.0791617129157048,0.08124671299309738,0.03646595407092312,0.08098166814400037,0.04992184117730326,0.0888015251005972,0.01432381692740739,0.13347876438296513,-0.012901224509837233,0.05928732809519321,0.06374267098379324,0.030129160356514535,0.09029133387141211,0.074032235185781,0.06834292064344914,0.028972157935859482,0.03129482405752237,0.04512072817926938,0.014686075948076534,0.07377967308353811,0.061177610502739704,0.09195135321208964,0.01765817758110034,0.09367226818411788,0.09910689693268657,0.04340514873878495,-0.018017562228828964,-0.01323378885946144,-0.0570326893902111,0.006957202170561702,-0.011274917241444513,0.05702021829937387,-0.002211690093975469,0.13704315192902664,0.0009060590503252513,0.07011041637900016,-0.08990612097414132,-0.10558763797118083
0.18150317118270917,2.522053965970727,0.9344208769345482,0.2756201621044265,0.2708102426161446,0.13011264556641597,0.689257100814058,0.32229414183782235,0.4673305359407971,0.5380925089347793,0.3788028937138855,0.3611327847721316,0.23411031349662365,0.3146875113253633,0.5995382892746411,0.2936262526224522,0.4249124113645301,0.6040558420534294,0.33530981587670927,0.4317594093702515,0.4506079690563202,0.33941829872450463,0.13684228604699808,0.2784307578038687,0.2939320533968299,0.5641369031842387,0.6707447784481361,0.5704045593482149,0.5890342300952279,0.016549473396814104,0.35404816901223274,0.2873022874693607,0.4709681074638679,0.366692188659529,0.2616749252509279,0.3941734727924836,0.6156821023674401,0.2547894912006088,0.09445313457125698,0.06879632157696083,0.5314674575343353,0.4190251324155156,0.46560092769252304,0.12835014891112406,0.3387933945578157,0.4545918196407271,0.24729127092980635,-0.043170026688737984,0.04379489983576393,-0.16526036540835198,-0.057855255785557565,0.19707493032651924,0.14373061400269704,-0.08049538587424394,-0.4745390714641954,-0.07528110060464333,-0.2511897436369975,0.627395361576315,0.09065862463417547
0.21820287301799562,0.9344208769345482,2.1992855504116866,0.1464208175189262,-0.3103723537919653,0.5655830124584408,0.2706044121655119,0.48501688543054394,0.7082475230642731,0.5115362795052502,0.4034805222245369,0.35708699203832384,0.25276446335731556,0.34323699075565917,0.4333480365881178,0.28999126728846875,0.46250330589854516,0.43714743593987554,0.4948087741616684,0.36547328034425736,0.37239687117089665,0.46752824312293917,0.3063469557253814,0.2987878188830017,0.31625660135761724,0.5385716475986614,0.6984219704883114,0.5524880187753415,0.5557045426509151,-0.29710777865893717,0.33120862994845257,0.347216166056881,0.3726593242498915,0.44339612304353426,0.4108702638170035,0.3682893241081078,0.3250259241454728,0.21802422536788726,0.15045762831562223,-0.06166322508724645,0.44911951503094444,0.35607540553961664,0.5659451537149673,0.23849299367227658,0.5223884887844283,0.5150918232180968,0.07172591991764198,-0.06391708858724748,-0.21469419994628566,-0.0021743765235287117,-0.012226182688648763,0.05207255566078839,0.09833895553084691,-0.10386671942328682,0.06164596235665561,0.04699589330747605,0.06251794281951589,-0.15019106567436283,-0.0816844625881058
0.058873789834194494,0.2756201621044265,0.1464208175189262,1.0905235169144203,0.6890479108172106,0.37849071778795623,0.39233184129377274,0.35964466187835703,0.22692175155146233,0.28058505788103116,0.2774384007497663,0.32863122309848564,0.18712951772351724,0.25952806671176,0.30026070131675187,0.28955643580313056,0.3182527790833994,0.32955312031635886,0.1554619319900902,0.31827915882720115,0.2251521799055386,0.2419294139858493,0.3499970268081716,0.2544422585362316,0.27734927369574136,0.31168372402929195,0.17168857709925878,0.4017466030960571,0.38889437961439177,0.08634909085189638,0.20379149619905748,0.25135911069204325,0.2522595544973621,0.27346767377018705,-0.07263989220972679,0.29258932651671615,0.30792810046831537,0.19008077813430016,0.1989279208136804,0.06093791392782088,0.1926593202639449,0.21767252857289798,0.12893186976486457,0.0632233336340353,-0.020444213367053123,0.2614066795907926,0.2221382266626811,-0.03729060520344054,0.19282188947706463,0.05356163810559962,-0.14684516865215577,0.18456308827515386,0.014404177200617235,-0.09202245771300889,-0.08883661554821572,-0.05463360154791827,-0.1102266631811011,0.29700561709054624,-0.05209167711198653
0.014059571783509459,0.2708102426161446,-0.3103723537919653,0.6890479108172106,1.6591677231539277,0.2257145677516435,0.590002677974628,0.3575165060964393,0.1593821985297501,0.36694911605709024,0.30443383041078836,0.3634994324081089,0.22701371810489046,0.3236633598450045,0.3619548704473139,0.36889353096842037,0.33429818755161533,0.38977461310015155,0.13604521333309433,0.3642234891813689,0.2514720639621425,0.24278582313018948,0.4796162510588715,0.2975245476867094,0.31991334274451927,0.31141125525211494,0.037465568774868355,0.37496083611145276,0.45520247008324993,0.13561660878539952,0.20310382896705806,0.3090290157846933,0.2686964114442546,0.3326246647075493,-0.11837350322688672,0.2820593866591595,0.33425853375514253,0.21804494901594637,0.23117242924218595,0.14351782256036455,0.23021084193914196,0.24584670229444108,0.025129120880235806,0.027549299017521445,-0.18449357131381797,0.274445797917982,0.2603475074001674,-0.031225427973447732,0.5328595346474102,-0.0008331215513473104,-0.16370566131303163,0.14297448073750918,0.07451634340362358,-0.0397516592174114,-0.20237997756925594,-0.11012039651091146,-0.08868502344482028,0.3433564813550043,0.04175284064636811
0.060818417064345646,0.13011264556641597,0.5655830124584408,0.37849071778795623,0.2257145677516435,1.2572112245793787,-0.13724384510609872,0.6081887665894687,0.4882423746226878,0.08062309424100138,0.3951299436608157,0.31267462962365467,0.24844860824514828,0.33465729610165956,0.3901875288596308,0.2806048993460804,0.4169562340912982,0.2643627330103668,0.28199727970635075,0.47789767893488283,0.3136588922171623,0.3635791392791772,0.2190403309927819,0.2778550494801287,0.3430694158016401,0.44447179186433494,0.31412368795637263,0.5475002702203576,0.5051237152153253,0.04880806457836771,0.23935784776940283,0.34327391192130313,0.08618875225420415,0.42560932733633483,0.30552497740165446,0.21923417239713103,0.26475231699295904,0.27105156696633087,0.32698964746941606,0.13777140777128868,0.1636460284093255,0.29289045192176943,0.3071200796043316,0.1762570469413388,0.2163053807135044,0.2729419729053838,0.19696974494190175,-0.01744447648442736,0.4717760491503029,0.09658683328559485,-0.14277747775986005,0.08392418271445272,0.04583397769169518,-0.10453091563605321,0.006968339639450868,-0.04098894131103655,0.08531427279959497,0.09834008802386598,-0.14165488067361892
0.07527780988486549,0.689257100814058,0.2706044121655119,0.39233184129377274,0.590002677974628,-0.13724384510609872,1.3537379940256813,0.12138783110066678,0.39741497707122136,0.508393869454355,0.34208304428500996,0.4545628310159467,0.2085778303732733,0.3287965277233253,0.20255556974337108,0.3422523682219666,0.3505927775276827,0.42541190396462014,0.2652819783679311,0.3694331115338076,0.3226687809032168,0.38356317453329886,0.5919650007670411,0.3683783457724027,0.3401043870492521,0.39252029530247107,0.3530512037926842,0.3427887349888349,0.4763338448225811,0.08428547480800949,0.26586276053891705,0.3183506561690166,0.5114121925880769,0.30509819805548105,0.11301695825260528,0.2948319704866022,0.4270959345220853,0.21337923449190047,0.15416557985298177,0.09750711132129602,0.36952050484299787,0.31558182031867144,0.34632747126629343,0.07955809890301475,0.10366610809059072,0.3657588845271488,0.21624067898434177,-0.02435961135977977,0.35905888496005833,0.05066111577151574,-0.14493414167038443,0.11123894625110452,0.0421484895518328,-0.0688251930952813,-0.18518758398747612,0.06426107519653187,-0.13487212470308213,0.2845491996188813,-0.11293600918271883
0.03486182256729042,0.32229414183782235,0.48501688543054394,0.35964466187835703,0.3575165060964393,0.6081887665894687,0.12138783110066678,0.9593088804174426,0.25745267575556563,0.33226948859897676,0.3658951436634652,0.2246167074882666,0.2372796507264414,0.29071155305705665,0.3499162400049744,0.2730518495882136,0.4497443840968052,0.35169424725901394,0.25452807121976667,0.40811469638412107,0.2863273873456377,0.2652198588089359,0.30488910777360334,0.2821559708287894,0.35491488233746615,0.38555298575201824,0.33053924653677325,0.5465461339465344,0.39553688923167296,0.1371330498472663,0.2484613337765003,0.2783713727563172,0.24214331919318785,0.3415585581366015,0.33220130181649676,0.21258739907283059,0.36993276144570675,0.23256998376078852,0.4032817735038126,0.16045596524838163,0.2582968362583121,0.28123837456758255,0.29852821782738237,0.15347590724614402,0.20618639927619578,0.30294281512240206,0.24220574522518565,-0.007200828321863878,0.5075832433248257,0.10256120587730645,-0.13823270181761083,0.14306217304209054,0.0846880701474633,-0.1332908255639138,-0.08873621349112748,-0.15966533513137726,0.09274453637136146,0.22418734933057144,-0.059837229724980665
0.09796682716031559,0.4673305359407971,0.7082475230642731,0.22692175155146233,0.1593821985297501,0.4882423746226878,0.39741497707122136,0.25745267575556563,0.9983336762316093,0.22766458334289427,0.30959084609876647,0.2973901144649633,0.24030848533404583,0.3976038812110953,0.16012739217648786,0.2888248418664056,0.3854010856444802,0.3516743519397232,0.4057550580489419,0.3724411451414777,0.33730710401777586,0.5594417982764553,0.44674261965683354,0.33789967609842225,0.25585688600009787,0.5354756962641462,0.483042253786379,0.455038075264647,0.4339491599941408,-0.07181511035808291,0.2713313326549353,0.36894566027916065,0.42433753434590815,0.3754752917661656,0.21547725609199933,0.2888396077914954,0.2785215581816077,0.21470378333094234,0.14756710155905173,0.07568467367752815,0.30516017653019234,0.32120702280865315,0.4850594518357427,0.12322346522572586,0.2764533645102787,0.3709643800319902,0.15741743370807115,-0.017744114419807125,0.10252880252222393,0.01833018892482489,-0.008937791435553373,0.0023090773877805022,0.19985365088882612,-0.1780019371535717,0.013743941279203887,0.13818393099218906,0.028620401367404597,-0.00234135777934645,-0.20371269919346738
0.07651883389556276,0.5380925089347793,0.5115362795052502,0.28058505788103116,0.36694911605709024,0.08062309424100138,0.508393869454355,0.33226948859897676,0.22766458334289427,1.1075607339453166,0.19484632103526398,0.29255447693505976,0.15392274820050403,0.26598127687992634,0.4040332693508792,0.3066642957675822,0.43530139246531385,0.44386591533834235,0.23891966390862396,0.24575983657027695,0.22981723422338352,0.2700456281863868,0.4733967506403216,0.26848928294491725,0.33259227415273185,0.30238168592674597,0.40905682612686134,0.4146564510169396,0.43068117409636053,0.10322055339715723,0.24276283741703655,0.24730542818140916,0.2645389139388032,0.3246944388288696,0.24669787174276098,0.3007720010569758,0.2657765139093953,0.14194821915447273,0.17706273544309578,0.09694010596510064,0.42653392508005045,0.24403445943296148,0.3036183700632037,0.11793800471855938,0.1891921817037747,0.33919320142442666,0.22040391697439937,-0.05151636531249222,0.24861314481424626,-0.0904992343383366,-0.08861891134411663,-0.11003860057980219,0.2525477319632649,0.08857369626003815,-0.12006139423690262,-0.02654306541230353,0.07156762836614305,0.11038431849453909,-0.08529452719642132
0.05843709306242136,0.3788028937138855,0.4034805222245369,0.2774384007497663,0.30443383041078836,0.3951299436608157,0.34208304428500996,0.3658951436634652,0.30959084609876647,0.19484632103526398,0.6167903630031992,0.3633280440133334,0.21442671925592802,0.28004886279983665,0.33582301318877134,0.27350903159895174,0.3749760117161119,0.32007692133412274,0.21770404802668847,0.4347606172004004,0.30636458518034676,0.27698488156374773,0.3127241237117083,0.260182743085513,0.2783678200543009,0.3969201774155577,0.30838542787073664,0.4071962488988586,0.4123544125860176,0.03424805959655422,0.2463911900892441,0.27176074003601286,0.240050800317079,0.3346664708630201,0.3339838575806544,0.2119056038962355,0.2825900020259288,0.2325124188527729,0.25305780889428287,0.1570884636571311,0.2776649492255525,0.2960082696555346,0.32419394755463976,0.12194719842538143,0.2747073438266266,0.29485878500458157,0.18110493241591902,-0.01099258162503322,0.23152256418132136,-0.08067607058829418,-0.06238467400330098,0.07166832000227642,0.1639973172530526,-0.056906504513191236,-0.057232469726978985,-0.005105286145025532,-0.039746393114858565,0.1566685197939621,-0.10807318878091428
0.06898388563026156,0.3611327847721316,0.35708699203832384,0.32863122309848564,0.3634994324081089,0.31267462962365467,0.4545628310159467,0.2246167074882666,0.2973901144649633,0.29255447693505976,0.3633280440133334,0.6587376356781132,0.2110558746114998,0.31919639417358003,0.3044413213355979,0.3130380598898883,0.34221737141438446,0.26565161719868835,0.2405714878045238,0.3556654541079023,0.25797835281346465,0.2867508191698468,0.3232871296047899,0.2594727468016481,0.3180952203801231,0.36042793390459676,0.287008513436616,0.29585985542400317,0.42177990527821846,0.01944394362123748,0.22380947548298466,0.3107778740048592,0.26048336260994565,0.34151786727019545,0.2775761316363547,0.2178492951461336,0.22895245625183058,0.1998517950996297,0.2104273053838772,0.12005233500394863,0.2561806883126488,0.2584678371625163,0.2697929108867754,0.1071291197169618,0.17493467585914194,0.29152707062703315,0.11626228328941973,-0.012840778647988141,0.4928144862590922,-0.031127608355751013,-0.05257081800953754,-0.010311529702034425,0.12110144614031297,-0.05543523355451273,-0.051196671205868974,0.10706841642195705,-0.10457769637422132,0.13510887742128427,-0.2150696093344653
0.03703188190460639,0.23411031349662365,0.25276446335731556,0.18712951772351724,0.22701371810489046,0.24844860824514828,0.2085778303732733,0.2372796507264414,0.24030848533404583,0.15392274820050403,0.21442671925592802,0.2110558746114998,0.38070174538543083,0.2653328943944371,0.10923175715151189,0.24238270782896815,0.23931915285626568,0.19509343694704606,0.2299853859572792,0.2026288784881892,0.19062016470786775,0.26638597811051584,0.210194666505734,0.221730388383134,0.18460968670742406,0.2310235254440936,0.20971254573691553,0.24878076600235693,0.3089008815004808,0.059079063126371636,0.16215919615891897,0.24384525028189202,0.22660524167120558,0.24709301814872542,0.20685403104275946,0.14570891759656682,0.20181314817012247,0.11769487221096424,0.18518784015836717,0.08755711663339188,0.20291520082969686,0.1908177959485103,0.23692062839643183,0.10056457891922821,0.11377315086899652,0.21773442545238464,0.123849347657568,-0.006370877056832855,0.31032531018913667,0.14336587389416447,-0.028336281347011605,-0.10874166778409967,0.058679141531965476,-0.060937326995594156,-0.01964148641526023,-0.023220761681708283,0.004358900395740092,0.016009492130268813,0.00040330865049588503
0.0636017135610324,0.3146875113253633,0.34323699075565917,0.25952806671176,0.3236633598450045,0.33465729610165956,0.3287965277233253,0.29071155305705665,0.3976038812110953,0.26598127687992634,0.28004886279983665,0.31919639417358003,0.2653328943944371,0.8320280176211755,0.2506131336814738,0.465126364856817,0.35178596000122087,0.2679386149438704,0.2660309669778489,0.42092890809247036,0.34461406932669847,0.4033676125086333,0.3715482912417711,0.37146751328793026,0.3127782411613767,0.5066995142085712,0.3026933846106229,0.30289765822971726,0.5125997485238831,0.09670602743759248,0.2233998368800494,0.5906577826476094,0.23648277134843676,0.5502717799714413,0.3380660228168815,0.2469351290563826,0.14402740175036918,0.2510699064813879,0.09513763681427498,0.14807186065909206,0.42284190910151875,0.3399449511882774,0.4509286005033079,0.09326671760874371,0.1706265671690219,0.3466652821699715,0.1356977665976887,-0.0236616799759324,0.6688353632786661,-0.2259650800055636,-0.07544492550928814,-0.48441838699161693,0.8475524390457881,-0.05735504059864527,-0.1121490879184851,-0.01659153855092197,0.14235490716284677,-0.003782367460289856,-0.025754635238776975
0.08902479547310804,0.5995382892746411,0.4333480365881178,0.30026070131675187,0.3619548704473139,0.3901875288596308,0.20255556974337108,0.3499162400049744,0.16012739217648786,0.4040332693508792,0.33582301318877134,0.3044413213355979,0.10923175715151189,0.2506131336814738,1.0535706372214237,0.24271838568585077,0.3753217485125978,0.44894467481613093,0.18788915718906296,0.4359908634066738,0.3155352278630588,0.15640024206126593,0.4764005592354477,0.30950936350590563,0.4099339158529556,0.33159941467218057,0.2998817565456965,0.5310912920960421,0.4694636593598446,0.307921698448359,0.26950065903933357,0.21854642459098053,0.23860193627562548,0.39517351205748097,0.24531096918420398,0.3353513343855944,0.3818251346256604,0.2334601557523232,0.25132067620310916,0.12028844224006087,0.39430915080573925,0.30503299020341945,0.25259187129075605,0.10313087428557255,0.10069402020354172,0.36917720916982544,0.3374388006679709,-0.05476567522622727,0.418181296095747,-0.23801388127393736,-0.18228617587711382,0.19478569368570728,0.3340598614653867,-0.04494915038123987,-0.1043225155241292,-0.02736837763676398,-0.053995485958953926,0.2497217132093179,-0.02652176172215644
0.05589261305733708,0.2936262526224522,0.28999126728846875,0.28955643580313056,0.36889353096842037,0.2806048993460804,0.3422523682219666,0.2730518495882136,0.2888248418664056,0.3066642957675822,0.27350903159895174,0.3130380598898883,0.24238270782896815,0.465126364856817,0.24271838568585077,0.7070506232431454,0.3819675785117452,0.30819561252412797,0.3564966297152388,0.3167958783493058,0.3077030619043876,0.42621751432882665,0.37176405647466504,0.2926727113312057,0.32395181049678173,0.33669070541749996,0.2692710111575421,0.41989238903919707,0.4770992441153143,0.09915209528860662,0.21111173773610833,0.39519671498639125,0.2453729949064247,0.4139950709992999,0.39417772928800776,0.18362748940563695,0.2375864746982371,0.18895848931734308,0.19870395557410944,0.16218972768179976,0.37603097684530146,0.3128863812329141,0.3806403378238721,0.12635710307183826,0.18482265119194832,0.2884195488493889,0.17587759282951568,-0.007207544045065383,0.513528240837229,-0.11655922927645479,-0.09028861323638351,-0.10849585445293333,0.29076343452185643,-0.04009863087068499,-0.0713136002396779,-0.008803611155655451,-0.011873601031784486,0.08494771543190585,-0.021070284092738818
0.027557848033366004,0.4249124113645301,0.46250330589854516,0.3182527790833994,0.33429818755161533,0.4169562340912982,0.3505927775276827,0.4497443840968052,0.3854010856444802,0.43530139246531385,0.3749760117161119,0.34221737141438446,0.23931915285626568,0.35178596000122087,0.3753217485125978,0.3819675785117452,1.000482492260637,0.3810279304439826,0.298565735878339,0.6107916154343631,0.3450376612399246,0.38940402829219456,0.385964644714031,0.3185326609417437,0.4408631651377191,0.4416440502851406,0.35225788301509126,1.1329775962994868,0.5040309691639805,0.04209696212426038,0.29361952385847956,0.29392452996492924,0.5104125872082211,0.3097844396614314,0.3061809640679043,0.1330291918933111,0.6245973949241881,0.3344985057654887,0.2774109043454623,0.1396979363821421,0.402597010440584,0.366658672431361,0.40037223585895193,0.12270516576888989,0.22896727418406362,0.3531264091851441,0.2108807125238548,0.02080991366133887,0.6585523873371121,0.18608772659503264,-0.2450449467910571,-0.011894112596377751,0.3007413352796974,-0.11185906054691763,-0.1500924390299107,-0.03520577819149064,-0.059423456026872545,0.2446494979572652,-0.010697949306550353
0.08930201462196985,0.6040558420534294,0.43714743593987554,0.32955312031635886,0.38977461310015155,0.2643627330103668,0.42541190396462014,0.35169424725901394,0.3516743519397232,0.44386591533834235,0.32007692133412274,0.26565161719868835,0.19509343694704606,0.2679386149438704,0.44894467481613093,0.30819561252412797,0.3810279304439826,0.9502411536079359,0.30514880483659007,0.22840272292147312,0.3629780570969585,0.3501390631416053,0.6243513593226839,0.2829164957436425,0.35244969691432515,0.49075420280547766,0.1977621083913791,0.557446657778734,0.49261994913205537,0.09681495597036203,0.3419367852515202,0.23809744661489368,0.3134420417028132,0.4326426466936426,0.24241967415748186,0.3238647425046632,0.4526305484117656,0.1547272687487356,0.16262076797323088,0.13381811572664062,0.5002950521698767,0.33355400393632867,0.4171808389603222,0.048927611036165684,0.2294795233286372,0.39357199038647767,0.47774455611346367,-0.039742974089852744,0.07039177590054115,-0.029721410410043347,-0.05480552834449025,0.10647798147439323,0.19400819448863546,-0.10473256430146073,-0.14068934583637524,-0.033554305844375465,-0.09871784381954167,0.3188670305181721,-0.05354715953024235
0.07637313278091667,0.33530981587670927,0.4948087741616684,0.1554619319900902,0.13604521333309433,0.28199727970635075,0.2652819783679311,0.25452807121976667,0.4057550580489419,0.23891966390862396,0.21770404802668847,0.2405714878045238,0.2299853859572792,0.2660309669778489,0.18788915718906296,0.3564966297152388,0.298565735878339,0.30514880483659007,1.50424266212614,0.29190534682218405,0.30027199609038124,0.42547105621382014,0.20122956951985585,0.312955383142485,0.2569295820917372,0.23266730543969114,0.19902436336022788,0.3998531385107267,0.3781272938413349,0.4671528450259446,0.33306288263042816,0.2629288651513712,0.3863372810660687,0.27804465170658244,0.16508054350726548,0.436853197226402,0.48161613918246066,0.19868195553913764,0.31538019289420915,0.04986966030733422,0.4263476284780276,0.28139553204590084,0.21101753967946715,0.09344951644294562,0.09186949389961359,0.43743521619299613,0.39518439516915727,-0.06650183696098666,0.33255193250196025,0.853579127910033,-0.07435894873006124,-0.21877186317220704,-0.3384904570684425,-0.20086536246657533,0.02798760684678002,0.010755779357040439,-0.007322905819819106,0.04267828579687078,-0.09947262416044722
0.05310953661258614,0.4317594093702515,0.36547328034425736,0.31827915882720115,0.3642234891813689,0.47789767893488283,0.3694331115338076,0.40811469638412107,0.3724411451414777,0.24575983657027695,0.4347606172004004,0.3556654541079023,0.2026288784881892,0.42092890809247036,0.4359908634066738,0.3167958783493058,0.6107916154343631,0.22840272292147312,0.29190534682218405,1.3006546043454734,0.3443954904722618,0.33974311183134587,0.4704580570081471,0.4120752099648985,0.43860931537927844,0.4615951502951057,0.3648554633656112,0.9010341100016194,0.6238262807492693,0.26417832539280733,0.25631252439712704,0.3742282339037008,0.40141817615598197,0.334679281698259,0.36159243202593433,0.056657959418608045,0.6453288654336304,0.6162819247863889,0.2894360191175591,0.25072308999860143,0.32185923104684244,0.38569037235787507,0.6644289731904945,0.14661944383217945,0.3765744278985516,0.3988039960718469,0.19869545373564126,0.008803572404984666,0.9755098468243399,-0.13226072796963906,-0.2214801086963043,0.12558839043308226,0.3325420977354179,-0.11493448075497718,-0.08092902392325405,-0.038296129457455495,0.014869122784472978,0.1988467785661836,-0.050704386708187214
0.06968196048154394,0.4506079690563202,0.37239687117089665,0.2251521799055386,0.2514720639621425,0.3136588922171623,0.3226687809032168,0.2863273873456377,0.33730710401777586,0.22981723422338352,0.30636458518034676,0.25797835281346465,0.19062016470786775,0.34461406932669847,0.3155352278630588,0.3077030619043876,0.3450376612399246,0.3629780570969585,0.30027199609038124,0.3443954904722618,0.620083494941609,0.3142069829886714,0.3362436997854584,0.2831075600220758,0.2964157345722575,0.4327272496380752,0.32013430562437684,0.34456603193242547,0.40030456608716064,0.151128734378618,0.2858200417432536,0.31162058832192224,0.29531429830807004,0.4596340706304996,0.4823011637974053,0.22925224724797452,0.44063006646331315,0.22265851344871812,0.16183407892152268,0.19065877864574832,0.4552601396371086,0.5025344307814511,0.4123292911778336,0.10508943437281329,0.33506152669385075,0.3353753651645407,0.2649709756498745,0.007288503099261997,0.38838963840926877,0.02168769638949776,-0.08564398950395409,-0.06997943901208133,0.21366906117145376,-0.07203979021022153,-0.07939071564658558,-0.04049783609433548,-0.008200549371598071,0.12051925349176117,0.005160183411479625
0.0791617129157048,0.33941829872450463,0.46752824312293917,0.2419294139858493,0.24278582313018948,0.3635791392791772,0.38356317453329886,0.2652198588089359,0.5594417982764553,0.2700456281863868,0.27698488156374773,0.2867508191698468,0.26638597811051584,0.4033676125086333,0.15640024206126593,0.42621751432882665,0.38940402829219456,0.3501390631416053,0.42547105621382014,0.33974311183134587,0.3142069829886714,0.868644431561806,0.4868638818938967,0.30528150488834105,0.30387075753895826,0.3926186194995591,0.34833418213708456,0.3456715098544642,0.4964229810291927,-0.015529807527794084,0.21192827268951206,0.37466291637292903,0.3338476177182339,0.4018750062054833,0.3504084077195656,0.14175106982810065,0.2800844739980783,0.1974141656763543,0.17329101151170168,0.12945347726529333,0.32163486951549675,0.3111370112640713,0.5471538639147219,0.12859047533527432,0.24751665588691696,0.3194971948686488,0.16054910834700434,0.005731035691805676,0.36918765252184704,0.037138814615056595,-0.03431927431491088,-0.12409102622004739,0.1750805150595487,-0.12401847446272184,-0.05578495490100219,0.05505575305854606,-0.042129547662138646,0.09090192464735238,-0.09829804708245099
0.08124671299309738,0.13684228604699808,0.3063469557253814,0.3499970268081716,0.4796162510588715,0.2190403309927819,0.5919650007670411,0.30488910777360334,0.44674261965683354,0.4733967506403216,0.3127241237117083,0.3232871296047899,0.210194666505734,0.3715482912417711,0.4764005592354477,0.37176405647466504,0.385964644714031,0.6243513593226839,0.20122956951985585,0.4704580570081471,0.3362436997854584,0.4868638818938967,1.8967651917156099,0.6147689043597175,0.5953582177769988,0.2532656068218609,0.3394559329628876,0.434619927217566,0.7756472626098626,0.3486402956649586,0.1984493208385168,0.29491035173527164,0.5953934288669533,0.526948253235604,0.2935561442956676,0.31361997739410563,0.4438855795903806,0.2258997512080765,0.3734997505774911,0.19123984624403323,0.43123510015716665,0.34831425777766095,0.5398015909982723,0.1599521388323488,0.049264960631077215,0.5247041429104093,0.44772594965438695,-0.040901018332373085,0.6028238998103175,-0.05117675037166198,-0.1461172089263706,-0.15578770537844794,0.6755836530346424,-0.1683905631584298,-0.046281338600103715,-0.025088755981716768,-0.08177116439129405,0.18137029263628882,-0.010767518811101936
0.03646595407092312,0.2784307578038687,0.2987878188830017,0.2544422585362316,0.2975245476867094,0.2778550494801287,0.3683783457724027,0.2821559708287894,0.33789967609842225,0.26848928294491725,0.260182743085513,0.2594727468016481,0.221730388383134,0.37146751328793026,0.30950936350590563,0.2926727113312057,0.3185326609417437,0.2829164957436425,0.312955383142485,0.4120752099648985,0.2831075600220758,0.30528150488834105,0.6147689043597175,0.9722085706325581,0.34519467484308136,0.22530009746100918,0.37713724147077105,0.4229054448434808,0.5053574101701515,0.6804308758396429,0.3880444128883644,0.35303316067744,0.7653827689369983,0.3145674310971565,0.15417398991080844,0.5522424887590316,0.5559052082988292,0.2557067772086812,0.3943856302060107,0.0795760459531659,0.32222975363991263,0.31009051491302064,0.28748987059537123,0.13975940787343666,0.0427380466920719,0.44751122668211096,0.4710731733206975,-0.0669663438524798,0.6161120208681101,0.21610711085229917,-0.19962432373542444,-0.0779604144297091,0.28494131966672803,-0.20115205959047835,-0.027065790546940277,-0.13427055174151073,0.09331865818930893,-0.008149120219143555,0.09692063450635813
0.08098166814400037,0.2939320533968299,0.31625660135761724,0.27734927369574136,0.31991334274451927,0.3430694158016401,0.3401043870492521,0.35491488233746615,0.25585688600009787,0.33259227415273185,0.2783678200543009,0.3180952203801231,0.18460968670742406,0.3127782411613767,0.4099339158529556,0.32395181049678173,0.4408631651377191,0.35244969691432515,0.2569295820917372,0.43860931537927844,0.2964157345722575,0.30387075753895826,0.5953582177769988,0.34519467484308136,0.9614723123097872,0.21719829137760455,0.2326308495652065,0.5243331680473117,0.6062305296459685,0.27430965380698125,0.2176691055435204,0.2816338378587206,0.3224346420855745,0.45096705355326394,0.35007567528376016,0.18969572790649528,0.42489165823285246,0.2447902074196779,0.3692398690036463,0.17832016681983862,0.33062557771527534,0.2995080573049778,0.3421627804339164,0.1274671860057531,0.20432241478020216,0.39397422596148834,0.2835856511942351,-0.02347817329786569,0.677150122896274,-0.2207840286442282,-0.06664337756768093,0.09845954698787512,0.2922491534176871,-0.09724697328544364,-0.018835854305676508,0.003536159035176079,0.06287955274329951,0.046363440479402634,-0.0770050762393645
0.04992184117730326,0.5641369031842387,0.5385716475986614,0.31168372402929195,0.31141125525211494,0.44447179186433494,0.39252029530247107,0.38555298575201824,0.5354756962641462,0.30238168592674597,0.3969201774155577,0.36042793390459676,0.2310235254440936,0.5066995142085712,0.33159941467218057,0.33669070541749996,0.4416440502851406,0.49075420280547766,0.23266730543969114,0.4615951502951057,0.4327272496380752,0.3926186194995591,0.2532656068218609,0.22530009746100918,0.21719829137760455,1.7005109831693552,0.49662166180873146,0.3952476418205925,0.03714138507920814,-0.11351866795778542,0.24377237341137636,0.45280644168863593,0.2455136122849101,0.35712061101559217,0.3935279072956116,0.19893430335124465,0.12830096635670202,0.24658274325854843,-0.6109128562596863,0.018047116047439343,0.5697007057298905,0.43160216942026924,0.6989094448300572,0.03187527316238221,0.2213003741116511,0.3433134746191036,0.07659297988614616,-0.011544533998326754,0.02506073235188406,-0.19339799169420321,-0.1854296408883217,0.007299350248143727,0.35126950959063336,-0.021003293873098593,-0.1987331063789381,0.024326031877890595,-0.15271546242840228,0.4492477462051405,-0.20192602075245897
0.0888015251005972,0.6707447784481361,0.6984219704883114,0.17168857709925878,0.037465568774868355,0.31412368795637263,0.3530512037926842,0.33053924653677325,0.483042253786379,0.40905682612686134,0.30838542787073664,0.287008513436616,0.20971254573691553,0.3026933846106229,0.2998817565456965,0.2692710111575421,0.35225788301509126,0.1977621083913791,0.19902436336022788,0.3648554633656112,0.32013430562437684,0.34833418213708456,0.3394559329628876,0.37713724147077105,0.2326308495652065,0.49662166180873146,2.3322404111601847,0.09221010298133069,0.2620421126060436,-0.13154176831779144,0.31003799304190177,0.3017581266442725,0.6944989308761116,0.15457045912253717,0.48278716989617776,0.5162868852743568,0.21314866494576903,0.146033815142141,0.03282089461267787,0.03601794125622752,0.326349638727466,0.36050127437351337,1.0352171642074781,0.3183432459542109,0.5014896748020392,0.37747116136994296,-0.05227178397435505,-0.020319611334190267,-0.19308522389242688,-0.09497241946224967,-0.1424066889533299,-0.011258328625247081,0.32397424455571106,-0.064809046388811,0.010531366366483936,0.050299283460708985,0.08950483992008236,0.021105349160987198,-0.09631304361257734
0.01432381692740739,0.5704045593482149,0.5524880187753415,0.4017466030960571,0.37496083611145276,0.5475002702203576,0.3427887349888349,0.5465461339465344,0.455038075264647,0.4146564510169396,0.4071962488988586,0.29585985542400317,0.24878076600235693,0.30289765822971726,0.5310912920960421,0.41989238903919707,1.1329775962994868,0.557446657778734,0.3998531385107267,0.9010341100016194,0.34456603193242547,0.3456715098544642,0.434619927217566,0.4229054448434808,0.5243331680473117,0.3952476418205925,0.09221010298133069,5.59225396094723,-0.03068210034951273,0.1439058176873215,0.4499105399095227,0.2673789829080337,1.1171808341982423,-0.1327254935818176,-0.04188997825206881,-0.18820808031546699,1.4890236440213767,0.48040903849966116,0.3391672912407823,-0.05916245650883869,0.7145898090528593,0.3695456934017535,0.16273558529465598,0.07991584993762754,-0.4604389214391202,0.22213501134949787,0.317940535962154,0.15041607546025373,1.5886367408361866,-0.08597409822979044,-0.7469492550767455,1.1601112429707747,0.06540001335503894,-0.26581235389832325,0.37628813559245056,-0.04181862461161684,0.09713593394518201,-0.2794264397905584,0.5890184846177644
0.13347876438296513,0.5890342300952279,0.5557045426509151,0.38889437961439177,0.45520247008324993,0.5051237152153253,0.4763338448225811,0.39553688923167296,0.4339491599941408,0.43068117409636053,0.4123544125860176,0.42177990527821846,0.3089008815004808,0.5125997485238831,0.4694636593598446,0.4770992441153143,0.5040309691639805,0.49261994913205537,0.3781272938413349,0.6238262807492693,0.40030456608716064,0.4964229810291927,0.7756472626098626,0.5053574101701515,0.6062305296459685,0.03714138507920814,0.2620421126060436,-0.03068210034951273,3.193524824788524,-0.18681498797958818,0.22802848842705256,0.5278589735583454,0.24608203510933263,0.9769360262491437,0.3480684281174701,0.6424049409011362,-0.09898752704594255,0.29389543979073973,0.5862021590540393,0.32356892942303334,0.5358717254239329,0.3733180736430044,0.27337129029314544,0.047420048046724714,0.30556869857710184,0.6991283134957954,0.1100781443562507,-0.1994623447279807,0.8221314876963383,0.35454373066565614,-0.12579746049128177,-0.2166056153968213,-0.0055961860014518035,0.014235389441065142,-0.2929821765349223,0.021734781671958987,-0.13168880495679608,0.37351728885570956,-0.1209408876102827
-0.012901224509837233,0.016549473396814104,-0.29710777865893717,0.08634909085189638,0.13561660878539952,0.04880806457836771,0.08428547480800949,0.1371330498472663,-0.07181511035808291,0.10322055339715723,0.03424805959655422,0.01944394362123748,0.059079063126371636,0.09670602743759248,0.307921698448359,0.09915209528860662,0.04209696212426038,0.09681495597036203,0.4671528450259446,0.26417832539280733,0.151128734378618,-0.015529807527794084,0.3486402956649586,0.6804308758396429,0.27430965380698125,-0.11351866795778542,-0.13154176831779144,0.1439058176873215,-0.18681498797958818,3.426346745050224,0.42745278235843737,-0.055523409286058874,0.3802153930642022,-0.09878270670154615,-0.01731265693552012,1.2273477890469229,0.85915544255839,0.2151526459075318,0.8152464305948429,0.05271093323237456,0.6059276498992275,0.18438470927685596,-0.19685092861914763,0.17849910162564306,-0.2126127599741502,0.4420676064796535,1.5612023410078264,-0.2676414556233948,0.7243868350898062,0.39724120286260794,-0.34921110756360463,-0.6645345958486302,0.7348484411919058,-0.11073556761396948,-0.022558731799350768,-0.3391209109369387,-0.1963395078169805,0.7176460577955084,-0.19381550187721178
0.05928732809519321,0.35404816901223274,0.33120862994845257,0.20379149619905748,0.20310382896705806,0.23935784776940283,0.26586276053891705,0.2484613337765003,0.2713313326549353,0.24276283741703655,0.2463911900892441,0.22380947548298466,0.16215919615891897,0.2233998368800494,0.26950065903933357,0.21111173773610833,0.29361952385847956,0.3419367852515202,0.33306288263042816,0.25631252439712704,0.2858200417432536,0.21192827268951206,0.1984493208385168,0.3880444128883644,0.2176691055435204,0.24377237341137636,0.31003799304190177,0.4499105399095227,0.22802848842705256,0.42745278235843737,0.8729728984169144,0.21698795952589134,0.419864575201489,0.34276389246253,0.1053553515632241,0.7082330689307567,0.5619232045305979,0.22250692260996935,0.3460609715256465,0.05229155837138953,0.4353540273780441,0.29266844912377993,0.1087561419860945,0.11914186535763258,0.07991198625463884,0.4213421290344663,0.3992911491975198,-0.09066791945885987,0.2448195966393813,0.21129458550102112,-0.15132814389513577,0.12604315434344665,-0.0149437385445912,-0.1241143783821147,0.04692142912921234,0.005218182610960966,0.058292549601502604,-0.018553153571785642,-0.03954266917315995
0.06374267098379324,0.2873022874693607,0.347216166056881,0.25135911069204325,0.3090290157846933,0.34327391192130313,0.3183506561690166,0.2783713727563172,0.36894566027916065,0.24730542818140916,0.27176074003601286,0.3107778740048592,0.24384525028189202,0.5906577826476094,0.21854642459098053,0.39519671498639125,0.29392452996492924,0.23809744661489368,0.2629288651513712,0.3742282339037008,0.31162058832192224,0.37466291637292903,0.29491035173527164,0.35303316067744,0.2816338378587206,0.45280644168863593,0.3017581266442725,0.2673789829080337,0.5278589735583454,-0.055523409286058874,0.21698795952589134,0.7325941845203602,0.17967334185816702,0.514952943980946,0.3185081842303739,0.1686476544202463,0.07677141161706061,0.23262641721943567,0.09012436599267415,0.1529161413832678,0.3473477634581492,0.3016312262999498,0.4018069573052748,0.08814843506728286,0.19564279580326996,0.3095589537641991,0.054571581421936785,-0.020357990705463295,0.6543748330077441,-0.08786291099343325,-0.015719262147554806,0.25927613860381554,-0.18090200657003222,0.0007898444792577386,-0.053464162996041675,-0.01705953672566997,0.33907500874134716,-0.24021704393375123,-0.03394743447903981
0.030129160356514535,0.4709681074638679,0.3726593242498915,0.2522595544973621,0.2686964114442546,0.08618875225420415,0.5114121925880769,0.24214331919318785,0.42433753434590815,0.2645389139388032,0.240050800317079,0.26048336260994565,0.22660524167120558,0.23648277134843676,0.23860193627562548,0.2453729949064247,0.5104125872082211,0.3134420417028132,0.3863372810660687,0.40141817615598197,0.29531429830807004,0.3338476177182339,0.5953934288669533,0.7653827689369983,0.3224346420855745,0.2455136122849101,0.6944989308761116,1.1171808341982423,0.24608203510933263,0.3802153930642022,0.419864575201489,0.17967334185816702,2.1994568832825685,-0.2533952263528892,-0.22567245713085302,0.2570823066267856,1.117706433593007,0.24358179963738663,0.25137069821463554,-0.11239562295149572,-0.01661133971298038,0.33901852730296655,0.3181022523039034,0.08485553374895623,-0.2071734494058877,0.412658264463359,0.4248146545750561,0.0564373237970449,0.9051737293372122,0.6387116131875822,-0.42810005319248035,0.03775296805079532,0.22999318750854467,-0.4415475401301997,0.010158491455308765,-0.015486102580384084,-0.15486474997162739,0.14138355530434796,0.17504842618484157
0.09029133387141211,0.366692188659529,0.44339612304353426,0.27346767377018705,0.3326246647075493,0.42560932733633483,0.30509819805548105,0.3415585581366015,0.3754752917661656,0.3246944388288696,0.3346664708630201,0.34151786727019545,0.24709301814872542,0.5502717799714413,0.39517351205748097,0.4139950709992999,0.3097844396614314,0.4326426466936426,0.27804465170658244,0.334679281698259,0.4596340706304996,0.4018750062054833,0.526948253235604,0.3145674310971565,0.45096705355326394,0.35712061101559217,0.15457045912253717,-0.1327254935818176,0.9769360262491437,-0.09878270670154615,0.34276389246253,0.514952943980946,-0.2533952263528892,2.7131893308778006,0.4781391777854187,0.29279250746706587,0.38213095456194596,0.1943334470209855,0.3853905837345182,0.115407358785751,0.7739897384648622,0.4400492718433034,0.4353853003713801,0.1711707964506519,0.32503807102604165,0.40123407105863174,0.29154621814026194,0.03928880480100274,1.2506132703564574,-0.48947294323190566,0.09146672963345276,-0.44717806393334625,0.9041711917709786,-0.09518758946596223,-0.19082600419841372,0.05825315602989951,-0.0715686948014751,0.18347794209022728,-0.05943962900008686
