1.1810867417155344,0.35965006959709045,0.6570398181874083,0.053020111594912045,0.05513681980065469,0.2295869959338767,0.33476723395392916,0.167692716590245,0.2727087193150928,0.17094500515837668,0.22926322356570397,0.2627922436625083,0.18276083249023942,0.21775519798004597,0.2091684994040198,0.19301403324648844,0.12348624581002507,0.2573683691140513,0.10450459085454149,0.08638624774216527,0.23464473623023724,0.22095682647666737,0.1003976420441946,0.046126847353058026,0.37759087866204255,0.2486201351235617,0.24650797017775514,0.12794984351441915,0.36705203439301753,-0.0970772165590198,0.208674147211256,0.3804773225336601,0.08344100359986761,0.2820610511873668,0.23376214685430155,0.278527737099057,-0.08141910292722462,0.06854530827348039,0.15724239246381036,0.10080713995186574,0.2438081218922416,0.13317139177998108,0.10822843754051464,0.017668943966508466,0.4506489253849497,0.15526022109480545,0.10204662606758515,-0.018817924938749175,0.1754522130999627,-0.136911689687526,0.0028535710291690106,-0.05937315812783995,0.07677950594622134,0.057407609582995976,-0.0889254027549595,-0.3187975557576019,0.5316428515082909,0.25693870927099616,-0.41546731351761323
0.35965006959709045,1.883700455829502,1.3379704728317747,0.21142767755379224,0.02078900577146325,0.4658112228904749,0.29528945520310224,0.43043073129599396,0.3776608128180514,0.39871324154137605,0.41412358923769776,0.37732556690651914,0.39976217749817766,0.261743970312838,0.36834556617835745,0.33590426481807445,0.4540480822777638,0.5459669377862063,0.233544495373562,0.498796225653996,0.4996897401758607,0.35234461153308066,0.22721717900669625,0.1615432403469488,0.6437597536353175,0.47428954160061293,0.5463835065487274,0.4708720065823552,0.7337053911508099,-0.16247563545608443,0.3978575132426798,0.2903667094048294,0.31617471391401736,0.7173024624763787,0.5292479855126078,0.45757591912644663,0.39852700790482387,0.24740118935493136,0.3213951000186215,0.2366743552415113,0.5506124433439111,0.3747778344530451,0.5072099299148701,0.05621844826217996,1.076672931911337,0.20749635059818403,0.28111884415678073,0.00476548687565209,-0.12494795555861454,-0.06972682840640247,0.08964819370576153,0.13983848315306902,-0.10573635073005003,-0.051674331965102405,0.05011171677469956,-0.29784561799464476,-0.3788291687183787,0.19032632266292837,0.3400389286678845
0.6570398181874083,1.3379704728317747,2.7440771694819106,0.22198195527839112,-0.02171926710970286,0.7504810301996931,0.4990331752639585,0.6644751734846213,0.7262992686927806,0.7289762440009451,0.6761905854490815,0.593855572021907,0.5928269191572838,0.39906568048626617,0.6063503909488073,0.4448253971714706,0.5871756238326619,0.7112424653002878,0.40556598791913756,0.42831683869511805,0.6178050250279712,0.5437957696064872,0.376391689137238,0.4409882924590204,0.7878576621366986,0.6787225910294028,0.7979925581323872,0.5390610394903533,0.9160494303787688,-0.5810412213384142,0.6137348452874973,0.5380268108867624,0.24072946058884215,1.1196414715047975,0.6899964317509887,0.7074516857327264,0.3332281763379664,0.22636017071816322,0.48579903328956153,0.16867756874231413,0.7178210670097303,0.45413849834808295,0.5261876084033491,0.12915340034969577,1.3624259948915065,0.490474356929595,0.24796325716059492,-0.04410976571576834,-0.30271482167061237,-0.037044108607723635,-0.01973075435306766,0.3319865446251725,-0.13509923971366997,-0.08571498958723651,0.16116959099030703,0.2850729889055929,0.014815048584642363,-0.26964629364276627,-0.345296076769424
0.053020111594912045,0.21142767755379224,0.22198195527839112,1.3986403856213563,0.48724784073428573,0.37564179363139766,0.47405074662538965,0.38347989029351576,0.24576311094581238,0.19650641296900023,0.3099606591648278,0.36812974712453517,0.4185063793963685,0.38875056721391743,0.32973336253270674,0.4460801980925625,0.3759012343405603,0.25735757226320904,0.28598821521705653,0.20401577150595815,0.30705791377105296,0.32022753386306146,0.2040028439273626,0.21227413925678068,0.22732156630367925,0.38787637039320955,0.2522482580064772,0.21279993798510677,0.36531384376907755,0.07086758532701096,0.22609620135326944,0.24179850393054514,0.22882857951808622,0.30372793138045523,0.08949965592589189,0.36076429193529036,0.16264792486035226,0.12414120431941575,0.31484503005899184,0.15600131934803338,0.2522354363661925,0.25323451740948416,0.04193516356393187,0.054760131875201214,0.3578179745450209,-0.0006285086011498593,0.22127827240751535,-0.01711741921521484,0.09505489220551268,0.11340855973195851,-0.054454032689262966,0.026260335477877254,-0.06116837148732314,-0.015360331602904306,0.09103320398635024,0.11978765250045093,-0.4510489225791992,0.28049437196420246,-0.12489037127366565
0.05513681980065469,0.02078900577146325,-0.02171926710970286,0.48724784073428573,1.262919361185704,0.3041617458052922,0.36328815377168894,0.24208351194522076,0.17454153785398255,0.11476371944956501,0.23086290387464753,0.31804363648731676,0.3633379011940456,0.2771262028112943,0.32249271843778576,0.38985349707356887,0.288049289161547,0.18991463171724604,0.45513656497755944,0.189319018414727,0.19668417882843617,0.27559589329615775,0.16471943943514952,0.22737631054128343,0.082490623241497,0.29409938684500503,0.17001024105193274,0.14081821214121032,0.19740529461698506,0.23729212349234766,0.22856008725727017,0.3081055839791358,0.2809328252338916,0.018974910673433557,-0.026546055579598868,0.3222764001083103,0.30819032866302437,0.1473426086304017,0.3231517292222815,0.1278709790110395,0.13700122052540928,0.25416147764856734,-0.19866590738270426,0.028524624014878836,0.08753192179583517,0.01346855397752515,0.2293616065494614,0.011735849049308609,0.33912369409558596,0.2967938369296024,-0.1243421371461937,-0.175790471864112,0.07650375209071437,-0.02857762868275651,0.08177729957824194,0.03426961936188624,0.014997561366756802,-0.04996773729000973,-0.1079647778205347
0.2295869959338767,0.4658112228904749,0.7504810301996931,0.37564179363139766,0.3041617458052922,0.9569502392780379,0.28232025626408863,0.39808607630558823,0.3612965755160741,0.13713709473737284,0.3877578774910883,0.41116555340240696,0.4009770783764719,0.2895062389885292,0.38883984773280844,0.34302740580645613,0.4038526109280359,0.35200357444115943,0.48484623600638,0.3879655052950958,0.35645751239688317,0.3315285424321419,0.1886023352196965,0.24912609948866565,0.3949373062211734,0.4649847997459413,0.30916210318963155,0.31902965978372155,0.5915938131528183,-0.11317400020690603,0.29629595067222236,0.3901009122873253,0.08748441388778645,0.47771311814720535,0.37437919720907625,0.25511508798364135,0.2811021446962232,0.2084468036268836,0.39654222550323037,0.2174305477174195,0.2004863426857185,0.27337718206636424,0.38567012403209394,0.07152579706450482,0.7272305986604573,0.1464203554730376,0.27862947912719466,0.009685423394352986,0.27213751084203813,0.3221193300491985,-0.2570891449101545,0.17852192894027466,-0.23661366499955955,-0.028526524533038302,0.13167676357615446,0.03682406747813033,0.06570799632606407,-0.03415747207426841,-0.2831299892652733
0.33476723395392916,0.29528945520310224,0.4990331752639585,0.47405074662538965,0.36328815377168894,0.28232025626408863,0.8937691679687042,0.3081878416625276,0.33274320967327353,0.27252925117393567,0.3878504938544454,0.4551222323731406,0.41819961949094353,0.339076267451096,0.3305161297877258,0.4386468503410458,0.40904015964862195,0.31055633362574325,0.20323224039305807,0.1425275710602793,0.3206109389341035,0.36943979801829874,0.22085739610811086,0.2077872859301937,0.3418995464629762,0.41351961415423966,0.3432926836646876,0.2540567254954942,0.3960576459507513,0.014437031791523702,0.2810390113915145,0.4037728209765274,0.2200846706389267,0.3907461754147486,0.3147968669483779,0.43053430634588424,0.045764801468310586,0.10101367706197473,0.30748462603822585,0.1628289447739245,0.3089485885869757,0.2859205250379683,0.0062551000266326965,0.031005045448246414,0.44003165861215005,0.09626991853411339,0.11162825329459936,-0.02244818563458794,0.3120860574213905,-0.041319106907190775,-0.030189754899800633,-0.018401569757051022,0.09516423666462791,-0.004449704843708315,0.023269894136968186,0.03541611528898583,0.038898866252018695,0.15364026519553975,-0.3899054240264731
0.167692716590245,0.43043073129599396,0.6644751734846213,0.38347989029351576,0.24208351194522076,0.39808607630558823,0.3081878416625276,0.9291715755058289,0.2366515044276397,0.35144851880510397,0.3552740576161413,0.14383427978807362,0.44271562582102947,0.3420578121911156,0.29704392943783237,0.3293668954919478,0.4804126539313642,0.30688897661974845,0.2976196643966522,0.4167597753252831,0.3091689599256201,0.2977342184990328,0.11724517252886758,0.1628307844435112,0.2551203764272925,0.43714743271654205,0.41445105509838287,0.2999476650568361,0.3988939960571502,0.00794333559088106,0.27813299157654114,0.3056311168771956,0.1830565398576947,0.5139247031580771,0.4032009294017617,0.18452694730927452,0.33812446807364765,0.21166157289863474,0.46866718030459054,0.18420814080258546,0.38873758529440433,0.2694911380207972,0.4041315534419881,0.04365972643286583,0.6947485791383523,0.122516494131419,0.31118489746047573,0.02832790267903494,0.37483148562575785,0.1399423171499097,-0.05524272855039229,0.22405571318468023,-0.10767197142536065,-0.10803400740091697,-0.016186865637916062,0.0476132165643993,0.01563726850743209,0.22590662575660658,-0.376270811525857
0.2727087193150928,0.3776608128180514,0.7262992686927806,0.24576311094581238,0.17454153785398255,0.3612965755160741,0.33274320967327353,0.2366515044276397,1.2118773585649034,0.19431467390774074,0.2974741164514502,0.30942092646393154,0.2948470016886193,0.2703588275496869,0.4253379568200793,0.21656273779666976,0.30427901827587156,0.28218791759663303,0.20752267395570387,0.34414120809204574,0.3182252305423341,0.5158447210708259,0.23728456898179465,0.303935581793682,0.38988145326240425,0.5457692660954204,0.4386678817035724,0.3424705344474714,0.2955280962316732,-0.010343254173560539,0.33173608092848894,0.3773104191606006,0.3578337983971312,0.6603607227116502,0.36009229630899026,0.3455618444094161,0.31144557768772013,0.20008629520796037,0.2908862472274075,0.14245416492004792,0.26217795573209723,0.31700722820728927,0.30530639454201924,0.04880048013719244,0.623490043230257,0.3084414643267267,0.18041499632083932,-0.028333643505525193,0.2648051783698093,-0.2549629041025492,-0.09368570774895832,0.30736109832632,0.16548181044424823,-0.22212988847830553,0.1819290973087495,0.18084189913786583,0.09698313586650523,-0.03660318815061702,-0.5070977738154695
0.17094500515837668,0.39871324154137605,0.7289762440009451,0.19650641296900023,0.11476371944956501,0.13713709473737284,0.27252925117393567,0.35144851880510397,0.19431467390774074,0.9259798243386345,0.29410804519923756,0.27845877194837654,0.33752521229779076,0.3365330146644378,0.3059354323460471,0.3033219717275181,0.36107877850568276,0.3683857592155834,0.07993113844447991,0.20161216857501263,0.2260866502890697,0.2653609784479566,0.2531084036115471,0.24885347861324666,0.31264716837468814,0.2727592978552034,0.4303917653035592,0.3124870579348745,0.38832120662580794,0.0867651629716489,0.3166843090569067,0.25159052641650814,0.19923420041889173,0.4833238352159672,0.38176312777041327,0.3871838394107379,0.25487877784209984,0.11770914320163951,0.25844997922133334,0.1399901179773946,0.525091691758182,0.24869247475092057,0.22804262165206524,0.044399222143510504,0.46612206519929494,0.10522414551238944,0.3309291038118261,0.0010875511220745395,0.1278775190104948,0.03457442735537718,0.03790543874595652,-0.0544652192527063,-0.022886107228452378,0.01622981397383617,0.032056371387890414,0.16265008456144123,-0.027569079368343484,-0.10398461861560392,-0.10324390045429994
0.22926322356570397,0.41412358923769776,0.6761905854490815,0.3099606591648278,0.23086290387464753,0.3877578774910883,0.3878504938544454,0.3552740576161413,0.2974741164514502,0.29410804519923756,0.6433470752591146,0.4064529279915696,0.36928891277776527,0.29863243785823157,0.4570909599371981,0.3662322889514256,0.45223786891124873,0.28775792400749794,0.20792697112259564,0.3613291566236768,0.34663581270078964,0.29632315184095653,0.17543613276048398,0.2534380236212306,0.3887114699973314,0.3947057164821866,0.3466306844477347,0.32212338857767564,0.4714608515673912,-0.010153085257684307,0.3196075627088933,0.34383399235725765,0.18296341166870483,0.4163400899228826,0.40996677013491767,0.33982889585763937,0.20400090231428417,0.18893464347869968,0.3300566622059327,0.20790634507199202,0.39335669852788163,0.3133236351695475,0.22594232877867235,0.05241054052979518,0.6488580980906014,0.1121638958936124,0.2321965183811333,-0.0016760513260662474,0.06888546471899361,0.026895089779087434,-0.07950880438800861,-0.0014991360915417367,0.0018908495935103377,0.03504347244227604,0.047410183857838024,0.08214684151049297,-0.009102373418320818,0.027887166113767927,-0.2547490527601809
0.2627922436625083,0.37732556690651914,0.593855572021907,0.36812974712453517,0.31804363648731676,0.41116555340240696,0.4551222323731406,0.14383427978807362,0.30942092646393154,0.27845877194837654,0.4064529279915696,0.7013346498062438,0.35758433619908936,0.284538735941252,0.35530996067676685,0.3736856091458929,0.31409318052737595,0.34185391698842577,0.2400504217400927,0.16961295899659634,0.2929600519216551,0.31317148218751023,0.24755487071666776,0.24522702236412117,0.38668018217616573,0.3856823032006079,0.2770582541253164,0.19209886603872606,0.43895521054004266,-0.05748290228291558,0.30121379606831583,0.40614975187412944,0.15856400530635756,0.4045721002657179,0.2711643249115783,0.48890711176097684,0.003995145361770434,0.11258498718786995,0.26624563163787884,0.16341159412567363,0.27192202957187794,0.24758762364892697,0.07370724393779889,0.04148066245198462,0.4326461614093493,0.12087275506931539,0.18030183757048568,-0.01636396175299344,0.1266026461802536,-0.07884771057685039,-0.030501694394926046,-0.009250335949827224,0.05661251439384538,-0.021196411672302056,0.11505393583618094,0.00800040261806645,0.032026750596633596,-0.04292636869584625,-0.20807453083443542
0.18276083249023942,0.39976217749817766,0.5928269191572838,0.4185063793963685,0.3633379011940456,0.4009770783764719,0.41819961949094353,0.44271562582102947,0.2948470016886193,0.33752521229779076,0.36928891277776527,0.35758433619908936,0.6966501774276291,0.3689419534362043,0.31924769778330453,0.42501175056863366,0.423730370928722,0.29427106084385507,0.32074646447336747,0.25039251467540635,0.3293094765126593,0.39190098412328683,0.2035000484623368,0.2583824691169363,0.2959887221740958,0.3777647095178743,0.28854305691177073,0.30512379422241415,0.4526558072769224,0.04065977480652728,0.2765107957003029,0.3942368543630943,0.22935535896229817,0.47261278359321546,0.34922782162283134,0.31479104039013006,0.22144020815031323,0.14914561224908301,0.4032913794861939,0.1550926248532306,0.3178683808263695,0.2824391817427908,0.16342177961081697,0.06263120784483028,0.384229700099602,0.17428458661308238,0.2597876734286219,-0.005666133742246703,0.3533576844964249,0.1328142622130809,-0.05441080596965157,0.14108074960082287,-0.08064269818980563,-0.12855880807685047,0.1159759466657249,-0.007392796095389999,-0.047417896701533464,-0.09134005908088055,-0.05547370345981524
0.21775519798004597,0.261743970312838,0.39906568048626617,0.38875056721391743,0.2771262028112943,0.2895062389885292,0.339076267451096,0.3420578121911156,0.2703588275496869,0.3365330146644378,0.29863243785823157,0.284538735941252,0.3689419534362043,0.7013412439745799,0.38130901414804885,0.4706142311623617,0.37596837519244897,0.18881402419220464,0.2420053537435685,0.27453311973382394,0.2663187810076379,0.33904468248091585,0.14250713182788208,0.22417592665563246,0.2754979200736164,0.34474115653791343,0.25216203362486067,0.3462000081683653,0.3618635737963964,0.20473707308785957,0.25070137850941476,0.3408249146020053,0.21093587122507954,0.28780753908863166,0.3579143051290187,0.3005659044873989,0.23771697371409792,0.15725004160930028,0.24275875175005696,0.18212734856621207,0.4096043164166424,0.2916032725952658,0.17028721689881895,0.05365247559033824,0.4104835437710574,0.019552687138451704,0.3160811094008375,0.006009446836821843,0.41108838437629197,0.0734109593420181,-0.014659727075072442,-0.03955119869753387,-0.10801401016826344,0.05256880894395111,-0.00777259886436148,-0.048912315264220324,0.026455687850458806,0.0050757083165086396,-0.0014519716602649575
0.2091684994040198,0.36834556617835745,0.6063503909488073,0.32973336253270674,0.32249271843778576,0.38883984773280844,0.3305161297877258,0.29704392943783237,0.4253379568200793,0.3059354323460471,0.4570909599371981,0.35530996067676685,0.31924769778330453,0.38130901414804885,0.9590128130358275,0.3491910617808267,0.5283591116371285,0.23728569457910242,0.31071440059747385,0.43626833484163635,0.3654437767825926,0.28010949843547744,0.08625293657991724,0.2832384172458816,0.33162020408238646,0.395641601613708,0.3209879920714065,0.48567069389242074,0.4425518543882447,0.11487596043044297,0.36151327867289,0.3203713447636809,0.2746232571937003,0.3809176246406219,0.41912411596125254,0.3437176975955887,0.42659387850757885,0.21819054575369606,0.3073490177168103,0.20767486381814437,0.42968659123695535,0.3726605132457906,0.22587676363468048,0.0460955886400146,0.7516160631855698,0.12696735859420885,0.2708575860228214,0.015354195213633886,0.07164507915682577,0.4861558425321419,-0.16247046822378336,0.12035331226014778,-0.2775334698347837,0.0070975073350244755,0.09667562781242484,0.14896150634585473,-0.03197722266828667,-0.0015371190468368287,-0.3211350839589491
0.19301403324648844,0.33590426481807445,0.4448253971714706,0.4460801980925625,0.38985349707356887,0.34302740580645613,0.4386468503410458,0.3293668954919478,0.21656273779666976,0.3033219717275181,0.3662322889514256,0.3736856091458929,0.42501175056863366,0.4706142311623617,0.3491910617808267,0.7655277000166352,0.45300280736876514,0.18310320653518464,0.30314859159362106,0.31405245362959056,0.28041756200769896,0.41346558555310187,0.08703812254527382,0.23083002563952218,0.2774719150917663,0.32070251357791346,0.28479716069545796,0.3216288174194484,0.4195404643823659,0.24895207987102302,0.2878908732529895,0.39217309828924257,0.2038750697005333,0.3549782474171437,0.4508524137668632,0.37435562529627664,0.20681785734931543,0.1773282458291216,0.3511562799076044,0.19160777215558605,0.39683373932615446,0.3526629818417954,0.18536004464522324,0.07193804262435456,0.42590205745105786,0.08519686661670771,0.30152637880127386,-0.008090512176518547,0.3633985236997745,-0.16724541900901363,-0.034774220753750154,1.336265540166492e-5,0.09199852981509272,-0.01374401549293609,0.04909245351196397,-0.030113610312974975,-0.07497462648141075,0.032091367325843806,-0.06475303267967339
0.12348624581002507,0.4540480822777638,0.5871756238326619,0.3759012343405603,0.288049289161547,0.4038526109280359,0.40904015964862195,0.4804126539313642,0.30427901827587156,0.36107877850568276,0.45223786891124873,0.31409318052737595,0.423730370928722,0.37596837519244897,0.5283591116371285,0.45300280736876514,1.2679452611358477,0.1478901244974516,0.360673597081891,0.6771068919380435,0.3906109271691734,0.3716830615898066,0.01302623191625849,0.27933537907156464,0.6132579984953381,0.3358080233018156,0.40993745901391376,0.7135303245529111,0.5405678509705739,0.26791433097699274,0.41775194013236233,0.34153340902653534,0.4184142537557496,0.5335580734354647,0.6252456351189245,0.3797527417558822,0.6562593368436989,0.3508376961526527,0.4094956206658986,0.2880584710942639,0.536385436679419,0.5347108705740967,0.4452906089525594,0.05041350791854895,1.0473950214040382,0.1924396889997129,0.39995576200346206,0.033822407830431465,0.12785663902575412,0.5205135071601732,-0.02338541671854984,0.17233523226253447,-0.3953073511451718,-0.11612873769748387,-0.0028258663885704586,0.030795561370817806,-0.05682114321343156,0.05846417769784665,-0.2745322757700375
0.2573683691140513,0.5459669377862063,0.7112424653002878,0.25735757226320904,0.18991463171724604,0.35200357444115943,0.31055633362574325,0.30688897661974845,0.28218791759663303,0.3683857592155834,0.28775792400749794,0.34185391698842577,0.29427106084385507,0.18881402419220464,0.23728569457910242,0.18310320653518464,0.1478901244974516,1.0434112893091294,0.15286282628829417,-0.0687398077780986,0.4121565306550232,0.2672535490179747,0.741021474683103,0.2698809095162122,0.4277927836984208,0.39410214944824407,-0.0562526872375772,0.26069272520377307,0.5694016562449203,-0.24033857398982292,0.3265931206605826,0.2523230917542532,0.13257218663023138,0.5651731841378088,0.19371392882027783,0.2731605660571624,0.19377536215512836,-0.022817286979016953,0.28236869212756516,0.20276995058201855,0.37735089504385616,0.1414372772233732,0.35148689340922656,0.058160085883605814,0.6716082286364811,0.19686331330031343,0.41128970540711257,-0.02183454701301965,-0.014971523333096374,0.4979337993606661,0.022244594696504947,-0.02412454187925433,-0.3701163513850265,-0.04722864253990259,0.16836815373567754,0.3101200790439744,-0.09054503935925269,0.09119808406823005,-0.5591496000456582
0.10450459085454149,0.233544495373562,0.40556598791913756,0.28598821521705653,0.45513656497755944,0.48484623600638,0.20323224039305807,0.2976196643966522,0.20752267395570387,0.07993113844447991,0.20792697112259564,0.2400504217400927,0.32074646447336747,0.2420053537435685,0.31071440059747385,0.30314859159362106,0.360673597081891,0.15286282628829417,0.8670010578021278,0.21813204998075778,0.2792900805871275,0.270123027813003,-0.018780356063830942,0.17765698067831948,0.12307019278166036,0.207842480479848,0.14511434618993108,0.2828858753828014,0.24400378083487265,0.080055115175399,0.23732879168540816,0.2495467386242585,0.19944841849194014,0.2604090205937124,0.14095086918703856,0.2740755576555506,0.2960188995080769,0.15425078966304678,0.3998950968982365,0.08904358191267227,0.11475780672856335,0.2327124445189032,-0.02402211684890424,0.06541983836596553,0.3375115667443705,0.12912332783736016,0.13205799989214626,0.020300149007902,0.19147898032065885,0.25709276494211475,0.066621594988458,0.38976055729490394,-0.31932307132463217,-0.17680965621659134,0.015555467327602823,0.06242952264524089,-0.01921780937811663,0.010647344941634305,-0.1350259391977098
0.08638624774216527,0.498796225653996,0.42831683869511805,0.20401577150595815,0.189319018414727,0.3879655052950958,0.1425275710602793,0.4167597753252831,0.34414120809204574,0.20161216857501263,0.3613291566236768,0.16961295899659634,0.25039251467540635,0.27453311973382394,0.43626833484163635,0.31405245362959056,0.6771068919380435,-0.0687398077780986,0.21813204998075778,1.5288649374509384,0.20427814595511987,0.2892469919681615,-0.19575604480074976,0.26237894454933836,0.6485653872494713,0.4111808598317633,0.5513884704537307,0.5154902672195323,0.4437047583236755,0.5228956607769308,0.4297525820734546,0.2995964243936654,0.4408766018684406,0.456266135053571,0.5909345681503719,0.1588745588371615,0.9704432872329829,0.7101831295628047,0.43458351514667004,0.41999954944803625,0.45720857333809867,0.5502044958096292,0.9363550308591898,-0.0034642536004081547,1.3142373952739899,0.09422718872904128,0.3008295867974733,0.12936526073766888,0.571328772012833,-0.17234377682563773,-0.19212417902967777,0.007968801650091287,0.2300965156165378,-0.07208973455073117,0.10379110042964923,-0.034869770507876964,0.14183840855268678,-0.07379389067971284,-0.1703358033249827
0.23464473623023724,0.4996897401758607,0.6178050250279712,0.30705791377105296,0.19668417882843617,0.35645751239688317,0.3206109389341035,0.3091689599256201,0.3182252305423341,0.2260866502890697,0.34663581270078964,0.2929600519216551,0.3293094765126593,0.2663187810076379,0.3654437767825926,0.28041756200769896,0.3906109271691734,0.4121565306550232,0.2792900805871275,0.20427814595511987,1.0609863755627404,0.30970957061234017,0.33524155393947314,0.19176333097112003,0.44124639305111274,0.28217728377712015,0.16192853728481152,0.40120198269805807,0.49490697434456693,-0.026924442868504078,0.2585897369122129,0.36443654828817534,0.22072213386461362,0.5052034133861639,0.3527605304333489,0.2753883222794435,0.24484552099275608,0.12262014273982327,0.2700524238969576,0.34737488812463324,0.4647648580994837,0.3322130465383447,0.28191838331203367,0.08070995145849766,1.2735302573628353,0.007916940788569473,0.28907094620999946,-0.016308879288632495,0.01199545820276573,0.24620074853228296,-0.02329860305386006,0.09672144106871292,-0.23284746544007262,0.019061293860179778,0.047211739986630426,0.07367928266800758,-0.09663912376308169,0.11440773196892645,-0.2681513072005891
0.22095682647666737,0.35234461153308066,0.5437957696064872,0.32022753386306146,0.27559589329615775,0.3315285424321419,0.36943979801829874,0.2977342184990328,0.5158447210708259,0.2653609784479566,0.29632315184095653,0.31317148218751023,0.39190098412328683,0.33904468248091585,0.28010949843547744,0.41346558555310187,0.3716830615898066,0.2672535490179747,0.270123027813003,0.2892469919681615,0.30970957061234017,0.8356397399338298,0.29024344267851837,0.2671219233866172,0.42961667278930094,0.34619073564648134,0.28174744630133686,0.3010021180479045,0.36191734187380065,0.16560867327877507,0.25879709247441635,0.42942060072516175,0.3407547143656102,0.5382096199013017,0.3374893065798663,0.30474225188349846,0.30207343464081615,0.18930622198893488,0.3417375096526198,0.16968378908761675,0.2734013300414364,0.3394494347244028,0.22022417316195458,0.10106563104736481,0.3045680937658836,0.3033650826065335,0.2809320889957556,-0.07913636087535102,0.7531656496431433,-0.19622979669973525,-0.048085401198192844,0.12957752196695352,0.10965264825563206,-0.17102171386095533,0.12700050614613306,0.032773979191758076,0.03205374407759979,-0.036466572279603614,-0.23427174306220763
0.1003976420441946,0.22721717900669625,0.376391689137238,0.2040028439273626,0.16471943943514952,0.1886023352196965,0.22085739610811086,0.11724517252886758,0.23728456898179465,0.2531084036115471,0.17543613276048398,0.24755487071666776,0.2035000484623368,0.14250713182788208,0.08625293657991724,0.08703812254527382,0.01302623191625849,0.741021474683103,-0.018780356063830942,-0.19575604480074976,0.33524155393947314,0.29024344267851837,1.627506266779188,0.46159230184028616,0.41876045808051,0.05050166674528584,0.06928485645639383,0.167462961804116,0.5635516178224739,-0.011869880675904465,-0.05810069069587716,0.10372282363241463,0.28013307295310447,0.5564173908680499,0.0668172902011289,0.0854200103777799,0.31886087180334216,-0.10763054524715292,0.3656943513062835,0.2384413175240095,0.189514914520697,0.09139348324601079,0.25771142642554856,0.05366693994028114,0.23526700028765032,0.17072970973706444,0.4308391567350844,0.001990139086098876,0.306618062426003,0.3509746021525858,-0.2012669216797545,0.01644143007115042,-0.07235609476450668,-0.054478000687876296,0.26205721154373157,0.32857751111376765,-0.21256347234119916,-0.17813719737318115,-0.1610932279146461
0.046126847353058026,0.1615432403469488,0.4409882924590204,0.21227413925678068,0.22737631054128343,0.24912609948866565,0.2077872859301937,0.1628307844435112,0.303935581793682,0.24885347861324666,0.2534380236212306,0.24522702236412117,0.2583824691169363,0.22417592665563246,0.2832384172458816,0.23083002563952218,0.27933537907156464,0.2698809095162122,0.17765698067831948,0.26237894454933836,0.19176333097112003,0.2671219233866172,0.46159230184028616,0.7592691460777222,0.38146805859525745,0.18654003656193296,0.29098646284106666,0.26883217705063805,0.3660407483147417,0.16863052915149968,0.36457174269950043,0.19174656689578826,0.2606266122938854,0.32622421310594385,0.21753932639971962,0.4126821104359746,0.30068052591682626,0.14866723394629366,0.28326408747955967,0.15463332855463077,0.2946714528851264,0.2418751522440262,0.22453741839312738,0.05444685287340557,0.35433146188173437,0.13203314609690128,0.2817383814038792,0.00011548952130765536,-0.008645847331683942,0.07620903126405595,-0.12898590855576447,0.12356523030979957,0.012896976576114336,-0.09811961859739379,0.29567178944264405,0.37079524868372093,-0.06340563898757388,-0.4944891519227234,-0.05739529414818039
0.37759087866204255,0.6437597536353175,0.7878576621366986,0.22732156630367925,0.082490623241497,0.3949373062211734,0.3418995464629762,0.2551203764272925,0.38988145326240425,0.31264716837468814,0.3887114699973314,0.38668018217616573,0.2959887221740958,0.2754979200736164,0.33162020408238646,0.2774719150917663,0.6132579984953381,0.4277927836984208,0.12307019278166036,0.6485653872494713,0.44124639305111274,0.42961667278930094,0.41876045808051,0.38146805859525745,2.69676041949288,0.44770899581631307,0.3151867998227655,0.4265947556804239,0.9960963712922992,0.10040112388359183,0.5740212808070058,0.4096592408243816,0.1787323010207253,0.9720304512438972,0.7128144031321406,0.6400631432289859,0.08548248291369984,0.3238845971330539,0.2928209933830556,0.40215723760697775,0.6868975108334564,0.42558534775135043,0.8762593324105656,0.0584768737441546,1.3051506222916207,0.1994157726189383,0.3668618141297203,-0.02772655775861779,0.0017815019617351572,-0.37451554857751523,0.07186823510481227,-0.12331350551990754,0.13483943361665143,0.04065419291955501,0.11466877722061118,0.02733174734419533,0.0845395803734076,-0.04934235521117318,-0.28999566415941075
0.2486201351235617,0.47428954160061293,0.6787225910294028,0.38787637039320955,0.29409938684500503,0.4649847997459413,0.41351961415423966,0.43714743271654205,0.5457692660954204,0.2727592978552034,0.3947057164821866,0.3856823032006079,0.3777647095178743,0.34474115653791343,0.395641601613708,0.32070251357791346,0.3358080233018156,0.39410214944824407,0.207842480479848,0.4111808598317633,0.28217728377712015,0.34619073564648134,0.05050166674528584,0.18654003656193296,0.44770899581631307,1.517138672518519,0.5811442304053034,0.49559854063358993,0.24988604528952202,-0.17694366621851462,0.41187512253231096,0.5601253474495491,0.39817210070747544,0.5385288908975349,0.4472961302616926,0.453725871091196,-0.00826639277490111,0.21370031855458846,-0.16521721340147935,0.2409366641864474,0.5344239410579511,0.4141800514859588,0.5428588029601699,-0.02966644417378872,0.983103198058225,0.0339037825389687,0.1564111520817401,0.01573315918544781,0.07090850021372781,0.2866399167421371,-0.11961651019442987,-0.08513162573329211,-0.2127451624552261,0.0003536554838647631,0.12148421305403766,-0.05118580492148971,0.10882938599698894,0.0770149127680056,-0.31054188301779834
0.24650797017775514,0.5463835065487274,0.7979925581323872,0.2522482580064772,0.17001024105193274,0.30916210318963155,0.3432926836646876,0.41445105509838287,0.4386678817035724,0.4303917653035592,0.3466306844477347,0.2770582541253164,0.28854305691177073,0.25216203362486067,0.3209879920714065,0.28479716069545796,0.40993745901391376,-0.0562526872375772,0.14511434618993108,0.5513884704537307,0.16192853728481152,0.28174744630133686,0.06928485645639383,0.29098646284106666,0.3151867998227655,0.5811442304053034,1.7211147328293646,0.42545232052925314,0.1521839857172712,0.08709185495948459,0.3534292966608247,0.30020480898465407,0.4764985739196302,0.3387243780919754,0.47215306089035397,0.5234530200813249,0.3159472339671448,0.28344784744608653,0.16651133924867811,0.22692065157012148,0.5990875688788299,0.4153256150834604,0.7343163712252773,-0.005760446086520959,1.018380255683128,-0.011017236685937905,0.11898764518651551,0.055449344188780794,0.014685165678132524,-0.36123151056066116,-0.14381837063792902,0.08426754791233522,0.31840343135603194,0.007646178044202367,0.03816669558582694,0.3406762583965145,0.011412092513337576,0.18262626253692937,-0.5878688600067461
0.12794984351441915,0.4708720065823552,0.5390610394903533,0.21279993798510677,0.14081821214121032,0.31902965978372155,0.2540567254954942,0.2999476650568361,0.3424705344474714,0.3124870579348745,0.32212338857767564,0.19209886603872606,0.30512379422241415,0.3462000081683653,0.48567069389242074,0.3216288174194484,0.7135303245529111,0.26069272520377307,0.2828858753828014,0.5154902672195323,0.40120198269805807,0.3010021180479045,0.167462961804116,0.26883217705063805,0.4265947556804239,0.49559854063358993,0.42545232052925314,1.5157958519493058,0.3204898777798738,0.3696254771370237,0.35701426776539763,0.30451095653720633,0.7689795932361841,0.48708570146990454,0.9353141806825142,0.19178394412705368,0.720540636406472,0.26222366945538517,0.19436383734860913,0.3189578813857177,0.6291132567106812,0.5207808120667405,0.5242123419101606,0.04048432278842889,1.0158767274283655,0.09004591200143872,0.4299427164924988,0.0759668332301666,0.2656136186052298,0.886486013415548,-0.1884316873783114,0.46531281390220774,-0.8766098065658791,-0.057468319608040073,0.10982953766368932,0.055366839226920365,-0.013911332704194805,-0.029707027126580045,-0.15556616172853285
0.36705203439301753,0.7337053911508099,0.9160494303787688,0.36531384376907755,0.19740529461698506,0.5915938131528183,0.3960576459507513,0.3988939960571502,0.2955280962316732,0.38832120662580794,0.4714608515673912,0.43895521054004266,0.4526558072769224,0.3618635737963964,0.4425518543882447,0.4195404643823659,0.5405678509705739,0.5694016562449203,0.24400378083487265,0.4437047583236755,0.49490697434456693,0.36191734187380065,0.5635516178224739,0.3660407483147417,0.9960963712922992,0.24988604528952202,0.1521839857172712,0.3204898777798738,2.6385312312457576,0.01589528955575336,0.3317637861404118,0.437055108677825,-0.01218662166569227,1.001622944600363,0.66702041743538,0.6500101218918567,-0.12885672057264233,0.1467875594546633,0.6544909989048601,0.32427763943534027,0.9286528127766273,0.28120362497628504,0.7092076530789205,0.0027291238121003756,1.02216804168091,0.43036463670482616,0.45219865980816415,-0.03300682161835921,0.1536327457151933,0.464075744054177,-0.21248647150682273,-0.09202613499665895,-0.23979563755045585,0.07719862382016816,0.12384272726394019,-0.037683207222392635,-0.06266751682953277,0.008637200590703024,-0.14315007992643725
-0.0970772165590198,-0.16247563545608443,-0.5810412213384142,0.07086758532701096,0.23729212349234766,-0.11317400020690603,0.014437031791523702,0.00794333559088106,-0.010343254173560539,0.0867651629716489,-0.010153085257684307,-0.05748290228291558,0.04065977480652728,0.20473707308785957,0.11487596043044297,0.24895207987102302,0.26791433097699274,-0.24033857398982292,0.080055115175399,0.5228956607769308,-0.026924442868504078,0.16560867327877507,-0.011869880675904465,0.16863052915149968,0.10040112388359183,-0.17694366621851462,0.08709185495948459,0.3696254771370237,0.01589528955575336,3.761896762555883,0.12569943483040913,0.13928547457219728,0.40920655585355886,-0.3358452009048861,0.5885326788008403,0.5235290806467007,0.6055459690769839,0.3342257051009614,0.6389421049876945,0.119731654194818,0.7941683922946143,0.3204321593356326,0.4127737392077201,0.07721656020027481,-0.0588902441668328,0.02139557828413311,1.5395825372831708,0.1047941423280432,0.8972138638201105,-0.2717912871890403,0.032107189344042365,-0.5642553892488442,0.45753221085748497,0.044703131046378144,0.255559487327801,-0.11478914092218591,0.12091471380235252,0.046571544701552864,-0.2623017883282092
0.208674147211256,0.3978575132426798,0.6137348452874973,0.22609620135326944,0.22856008725727017,0.29629595067222236,0.2810390113915145,0.27813299157654114,0.33173608092848894,0.3166843090569067,0.3196075627088933,0.30121379606831583,0.2765107957003029,0.25070137850941476,0.36151327867289,0.2878908732529895,0.41775194013236233,0.3265931206605826,0.23732879168540816,0.4297525820734546,0.2585897369122129,0.25879709247441635,-0.05810069069587716,0.36457174269950043,0.5740212808070058,0.41187512253231096,0.3534292966608247,0.35701426776539763,0.3317637861404118,0.12569943483040913,1.039789067965681,0.3264857453116391,0.20362061572524534,0.376015593017649,0.3835579578664526,0.8554053940649853,0.15190940950758047,0.27160450087030286,0.3385293562267774,0.2017068075036732,0.6162887342835903,0.3289865934481009,0.20399615023599801,0.0833173333051628,0.8217330091325887,0.09333089195211239,0.2869944169905067,-0.0017913139343817,-0.30667241767163333,0.006991617617195757,0.056585748152411026,0.023633685261916008,-0.05101976043701273,-0.05779796335908828,0.12879744220250625,0.20125638291522677,0.0914381162791634,-0.10903714552968403,-0.382991752304191
0.3804773225336601,0.2903667094048294,0.5380268108867624,0.24179850393054514,0.3081055839791358,0.3901009122873253,0.4037728209765274,0.3056311168771956,0.3773104191606006,0.25159052641650814,0.34383399235725765,0.40614975187412944,0.3942368543630943,0.3408249146020053,0.3203713447636809,0.39217309828924257,0.34153340902653534,0.2523230917542532,0.2495467386242585,0.2995964243936654,0.36443654828817534,0.42942060072516175,0.10372282363241463,0.19174656689578826,0.4096592408243816,0.5601253474495491,0.30020480898465407,0.30451095653720633,0.437055108677825,0.13928547457219728,0.3264857453116391,1.0315145329601303,0.296133750574542,0.375911929389568,0.3073489687527524,0.4442912324752561,-0.05501831807387937,0.206670261846714,0.21753822291615035,0.2019959636421005,0.3675109700401178,0.3076013352360755,0.12138785663387819,0.013828619693707753,0.5658732247964221,0.16475231227589274,0.2814677242236568,-0.0042627300956896855,0.5779216839144499,0.04419213003847069,-0.037629431722799395,0.006002448424091011,-0.03720299468000019,-0.006790347549802976,0.05874186215340955,-0.4890987448671764,0.960825715119026,-0.35846334388105955,-0.22163965149410092
0.08344100359986761,0.31617471391401736,0.24072946058884215,0.22882857951808622,0.2809328252338916,0.08748441388778645,0.2200846706389267,0.1830565398576947,0.3578337983971312,0.19923420041889173,0.18296341166870483,0.15856400530635756,0.22935535896229817,0.21093587122507954,0.2746232571937003,0.2038750697005333,0.4184142537557496,0.13257218663023138,0.19944841849194014,0.4408766018684406,0.22072213386461362,0.3407547143656102,0.28013307295310447,0.2606266122938854,0.1787323010207253,0.39817210070747544,0.4764985739196302,0.7689795932361841,-0.01218662166569227,0.40920655585355886,0.20362061572524534,0.296133750574542,1.8506491586721288,-0.03911745339908714,-0.1313609647099418,0.11381136707610995,0.7965310277872653,0.2605018096551871,-0.005702401081154214,0.18079881099709721,-0.05640155167813575,0.4358359052739821,0.20188048328806202,0.056326148961637845,0.43978504890616293,0.011391542869020506,0.3967532099662355,0.09828397080682337,0.30762747796244994,0.23798041610491713,-0.17673319681351546,0.15276233776217216,-0.03281160649038158,-0.22213597045671676,0.19528300971957183,-0.08499996319676416,0.05130069165566725,-0.024194772792081397,-0.10217680338716664
0.2820610511873668,0.7173024624763787,1.1196414715047975,0.30372793138045523,0.018974910673433557,0.47771311814720535,0.3907461754147486,0.5139247031580771,0.6603607227116502,0.4833238352159672,0.4163400899228826,0.4045721002657179,0.47261278359321546,0.28780753908863166,0.3809176246406219,0.3549782474171437,0.5335580734354647,0.5651731841378088,0.2604090205937124,0.456266135053571,0.5052034133861639,0.5382096199013017,0.5564173908680499,0.32622421310594385,0.9720304512438972,0.5385288908975349,0.3387243780919754,0.48708570146990454,1.001622944600363,-0.3358452009048861,0.376015593017649,0.375911929389568,-0.03911745339908714,4.166389600373466,1.321855140139483,0.3205257371016183,0.5508919905952895,0.16647442071863736,0.5576558316740955,0.029554194483372934,0.741273084656808,0.47988364798854877,0.9973478487002654,0.12931010441531465,1.2187564220570073,0.553945383822955,0.2916912414128985,0.038317469959926624,0.9646913159346554,-0.557206748299093,0.12511820924097183,0.5738694408767956,0.21805175403308347,-0.5149330282787377,-0.03271270499049681,0.2639601762126468,-0.3022087828028571,0.09822155493275016,-0.17724936294070054
