0.9053386593250881,0.26668641696787465,0.4391177168131169,0.014566328955466664,0.10446663541706855,0.10665433905837958,0.18284088359046127,0.0758324634380446,0.18256011895498353,0.15557050697322808,0.10097897060985318,0.15552571143561356,0.13309882152634858,0.15120493893469383,0.11701509311459674,0.10763939158026546,0.1286658667013563,0.12002601283027468,0.1162236064279941,0.10132078017642152,0.1222244076264817,0.1550551818091045,0.08312052321982132,0.11426222538463042,0.12164558582920351,0.07158469567933178,0.10154764914160394,0.09909064172174992,0.15014909488941142,0.05227101363422079,0.10720801425665692,0.13512202349741365,0.11540886578168479,0.036004811230763656,0.1177013398993554,0.13443048715301234,0.09525881387534384,0.0967294363684739,0.11368267126693016,0.016544991261911425,0.05385509086329871,0.078080471351048,0.094299562118732,0.054672560525138345,0.09892689861134409,0.12552953374967885,0.06615409863070643,-0.04898381986775087,0.07127324587714642
0.26668641696787465,1.6595110591748825,1.0180012727833336,0.19622684100589782,0.15083868153815763,0.429321918654235,0.2293260348665869,0.4514347163375456,0.4356601709352663,0.3747686898445511,0.3263512624457266,0.24547294640593234,0.33766511414361794,0.2506760860291858,0.47320807891636424,0.23047370148884444,0.35374951026280216,0.40982118940036283,0.258142974046037,0.4929162958641358,0.3835642231704032,0.3476605466001331,0.017766666267016666,0.2356536162065033,0.332506055073357,0.2006157614398199,0.31063875527030593,0.32379164097473523,0.4537327787073688,0.10584193368667039,0.3769085511738025,0.2732127330685109,0.24348822799503214,0.3537323018846894,0.388376020938723,0.2914734275862223,0.44353309270824365,0.29007396183242157,0.5119365106769385,0.1543586064788597,0.12393784538441385,0.2624243107036247,0.38508487653379453,0.10361904434448392,0.48170990298269045,0.3170046336579964,0.3535754719302127,-0.11122268211481881,0.11171041696365472
0.4391177168131169,1.0180012727833336,2.125279447040245,0.18358558808376368,-0.036444433446970084,0.5133496941560441,0.19302104441094836,0.6063378117802308,0.6699368043571455,0.4120487532277409,0.2742224189660087,0.14547637203525293,0.35662960312926134,0.2867627130438475,0.4044299468757326,0.18998469807268192,0.46664781745909395,0.3097295234043659,0.2949814032038903,0.38591429562131,0.36790216696561423,0.46164369378958775,0.10415567462298603,0.28167551283593306,0.38120293912309183,0.2360949616980415,0.2675859683787447,0.3405630610877456,0.5788852971211174,-0.01764556830839912,0.3439946386829376,0.3059618037706756,0.2787349444218221,0.3793155237146359,0.4660511333014224,0.3671784051725147,0.46452284699644775,0.27397558245726544,0.48960520458009643,0.0031184733690487725,0.12481355741078085,0.2573975358322903,0.3006146291323321,0.14574321884158542,0.45942782780371605,0.4081919159805489,0.331200016902206,-0.16925202677959283,0.03505367622713654
0.014566328955466664,0.19622684100589782,0.18358558808376368,1.319511048456129,0.6051297968968489,0.4778529925216168,0.43714950821867093,0.4053950688109003,0.3080847753829899,0.4234813714441957,0.3933479789725656,0.504517774221866,0.36829330366575885,0.36660571098716804,0.25978841174862183,0.38516251004918856,0.35489724993146493,0.36044839733611117,0.421658770056482,0.2698297593643158,0.29294466462801605,0.36785827862312437,0.3061089973194762,0.23209928987546583,0.3694942355790075,0.2934288429020685,0.2967794630190952,0.07503289609770779,0.43964062135861814,0.027573241302147215,0.2418494969887592,0.360362289067961,0.11818440179518021,0.5084903646075912,0.05049720379058319,0.20392902971097202,0.25368008224710176,0.22457393272837836,0.467791713681632,0.16540758272518158,0.05668743686179244,0.22007736796368924,0.3434248215228202,0.1841102837243669,0.14177558799569925,0.18468907869739998,0.30166211775318225,-0.07170696602422556,0.2747808062429206
0.10446663541706855,0.15083868153815763,-0.036444433446970084,0.6051297968968489,1.2616029590528577,0.4282113728328419,0.38023333506892865,0.36772920104118484,0.30498812684210874,0.4163037738294081,0.3975947474605647,0.49436782892645426,0.39857457278340014,0.31048462089422546,0.25687793899228184,0.42667401927879456,0.32853077404078657,0.35247789743626523,0.6075894001292271,0.3022409141984945,0.2881259660407755,0.36948654407053083,0.293032234631997,0.23380940456143354,0.3372244578780677,0.35715836265513407,0.3140859520095559,0.09718798392320235,0.4046162142514107,0.07029083262041108,0.28813611795749255,0.3375953192661559,0.14318599687654235,0.5385379991048269,0.05716743327339279,0.2220413158605589,0.37213325777618184,0.24259738329900418,0.49728480567748695,0.20065031493762678,0.10437894403694871,0.26710900201251664,0.3297889688202784,0.16714775800872,0.11999222062452138,0.19733511604831505,0.3325994737172439,-0.06168653339101121,0.27386714112513677
0.10665433905837958,0.429321918654235,0.5133496941560441,0.4778529925216168,0.4282113728328419,1.0492429574213702,0.209842599006626,0.6032880037635237,0.44962408412612814,0.4348952334111521,0.4553282501582822,0.4741741887724237,0.41937934724610365,0.4015904787440771,0.39218691020207935,0.4012462183180433,0.5037617312703682,0.341308475288262,0.6292164619495295,0.4384067567565615,0.3930755886929822,0.4590874121066019,0.13659562369091632,0.29273791880556793,0.42272603025355504,0.32966485733137046,0.35847731404824096,0.2201377773776239,0.5234507853778706,0.09228952071538735,0.3352902955302464,0.4055887863690706,0.18770079986175833,0.4922359059928134,0.25462804533706923,0.28267518921231904,0.37593601614651545,0.31302560735764734,0.593175104712031,0.22410115308622294,0.082164049392522,0.2949264105503677,0.4222752670545579,0.13727694301391904,0.3727311695131863,0.31760540554603983,0.43306966508708344,-0.12335133744134671,0.1032794686019931
0.18284088359046127,0.2293260348665869,0.19302104441094836,0.43714950821867093,0.38023333506892865,0.209842599006626,0.685309166930305,0.257151625056762,0.3587843768597594,0.31143160243351636,0.3334836149983106,0.4805668153633291,0.29609542433355895,0.19379906087160864,0.08995442364912193,0.2572408547245435,0.31203245096576826,0.30535954309088925,0.27079803404274483,0.20011635315353427,0.23708098476801298,0.32816347983535726,0.3017411395564677,0.17978569219104815,0.25490371705472875,0.199404190900596,0.2540117837184209,0.055150861462026024,0.31121259446536476,0.02962443199719072,0.1875435457740749,0.24632654804127135,0.11576918164444545,0.33110448535084613,0.0783357175838675,0.21847424889832515,0.1508121544169011,0.168064199610437,0.2999248832275684,0.12638157430835803,0.05562912291096462,0.15294788112275906,0.2795099460176054,0.13199661572982088,0.070145017816473,0.14869784508060424,0.0997268397926723,-0.06771621179259807,0.2543134533818972
0.0758324634380446,0.4514347163375456,0.6063378117802308,0.4053950688109003,0.36772920104118484,0.6032880037635237,0.257151625056762,1.0240622707660745,0.2941928908641168,0.47188442777016254,0.4362905903065853,0.1583765347630316,0.4079988010896298,0.36869117924332134,0.3333216637855795,0.31918316056946866,0.48594144138887474,0.35148448489301864,0.44003037864836686,0.39811897263192947,0.3242382961876789,0.36732686671434295,0.17086675010223668,0.24555505143245712,0.3889507289477027,0.2838248940625242,0.2992013787267169,0.16728326958918982,0.5289584079213582,0.11952456458695368,0.3040017632863604,0.33309766497916043,0.10017614244223964,0.4911081180505857,0.31954338615806244,0.20941679350570366,0.4131262775486907,0.26933973503738645,0.7240204354980833,0.2012235581194576,0.024884197991828463,0.236662655704653,0.379292853303182,0.1557532402306797,0.4018437598834079,0.2614134328108091,0.4279109880543338,-0.1012190438271478,0.19947615345728156
0.18256011895498353,0.4356601709352663,0.6699368043571455,0.3080847753829899,0.30498812684210874,0.44962408412612814,0.3587843768597594,0.2941928908641168,1.1565366935086385,0.12315828722698051,0.24368925221819068,0.2229846325329974,0.33533390155978393,0.2548839801845525,0.027165691704234007,0.21034677885183764,0.3614157222344187,0.32213421862375674,0.3557645622956601,0.2026340081653372,0.33889014179402266,0.6016027752905309,0.24828913390064256,0.2684426302474304,0.2498569835968203,0.3261929715244509,0.2656296533725702,0.25157380314571154,0.2840276756539795,0.11088145063383115,0.3047677036468227,0.29032544027999535,0.34337285866195705,0.2345760773665962,0.19567358581683242,0.3363893357932897,0.31825561401686675,0.20250442171275154,0.3531893199382716,0.09461763204930872,0.22667809649832754,0.20384471768752538,0.2990590104008796,0.16254221176676872,0.09248477159788704,0.2717776153259867,0.23056031204488284,-0.11043345784013729,0.7006547693435047
0.15557050697322808,0.3747686898445511,0.4120487532277409,0.4234813714441957,0.4163037738294081,0.4348952334111521,0.31143160243351636,0.47188442777016254,0.12315828722698051,0.9785687596663856,0.4393011333541048,0.4699906513585549,0.45121949977080267,0.3105710305505405,0.4654492827965005,0.3299550801161228,0.43390339403086037,0.40766492992350845,0.4012448299734857,0.31700818324026675,0.2582493343852512,0.2885260465129078,0.30857922116524306,0.23895081204731178,0.474991465168141,0.20791719124665628,0.3313572607543041,0.12220613298159147,0.6662708002928516,0.12413157182914662,0.28598830071716974,0.3229116857892888,0.02959773950769853,0.6256062103959333,0.2933178051448461,0.2189985446295735,0.4115515333653419,0.23179684141521992,0.5578862913058764,0.16361428037047593,0.008164844360955055,0.22055424012799335,0.36673717400145256,0.18190114589972192,0.31072698987985387,0.23800896311187944,0.38570377495839253,-0.09382181096422135,-0.025780743323288353
0.10097897060985318,0.3263512624457266,0.2742224189660087,0.3933479789725656,0.3975947474605647,0.4553282501582822,0.3334836149983106,0.4362905903065853,0.24368925221819068,0.4393011333541048,0.7658430351694753,0.45716982367967196,0.44169500112311744,0.26420088213069304,0.39564568722562576,0.3473952975167909,0.438428814775048,0.3660255786687871,0.3822993776123685,0.4225864322236572,0.341166603319007,0.3342303375851487,0.23724981543014925,0.2477464181848539,0.3828387542575846,0.2337601219317686,0.35212497673688375,0.1838162431540744,0.5245760773703403,0.09697229279314971,0.3158762162992352,0.31547626161123926,0.1341272987195328,0.467575984468077,0.3018057140010198,0.2707704562987378,0.3402892079195137,0.26510017119270984,0.6062769517961831,0.23834386226887164,0.04993931601636213,0.26222762122178034,0.38393280162986837,0.13786568037781932,0.32137960644957136,0.2642086672564961,0.3685674073462107,-0.09804122904732832,0.1458748499938313
0.15552571143561356,0.24547294640593234,0.14547637203525293,0.504517774221866,0.49436782892645426,0.4741741887724237,0.4805668153633291,0.1583765347630316,0.2229846325329974,0.4699906513585549,0.45716982367967196,1.0899347285062515,0.33657396695090597,0.26955177619394305,0.3378158613525744,0.3643961742598642,0.3549186383909483,0.3909393086680738,0.42112320009931686,0.2807136996729373,0.28280634013676514,0.30771584409214364,0.32635309767048,0.2003815885039701,0.3784509399823398,0.28097008246593325,0.37578321989950086,0.009131900587231082,0.44376121129430357,-0.07076359764431568,0.20243023669687107,0.3610001277466068,0.05473845370106688,0.4775565644514914,0.06614802826761315,0.23048604834749933,0.03683823702909512,0.22264051673752125,0.30425640628733963,0.18686779150773014,-0.0116837897578471,0.20691920135812394,0.36357701112522195,0.10920600050016252,0.12085445723673398,0.20933924063118947,0.2453828895697877,-0.08802964606511544,0.04102357473090892
0.13309882152634858,0.33766511414361794,0.35662960312926134,0.36829330366575885,0.39857457278340014,0.41937934724610365,0.29609542433355895,0.4079988010896298,0.33533390155978393,0.45121949977080267,0.44169500112311744,0.33657396695090597,0.8565052184357468,0.31842881606381196,0.17994544355822856,0.3817561487217193,0.39137890202450915,0.3830540007227373,0.40638566736946635,0.27785377682974405,0.29706897239146113,0.46452126269810917,0.3116686231562099,0.25080812268167363,0.43522042351135903,0.2001971500763455,0.35010425916350474,0.17925398773829568,0.7163255505453681,0.09514564828708327,0.2573005717513348,0.3628575597110209,0.056347302088320644,0.49906562420315514,0.38229228029864537,0.24876791362645023,0.31018400479258135,0.2030694604423082,0.7848176778389748,0.2295693164725646,-0.0619107019960467,0.2182860787868897,0.3803437284919712,0.21425005285520596,0.2816129260306888,0.255291219622786,0.3909801553305009,-0.12988330872038126,0.2955779039920587
0.15120493893469383,0.2506760860291858,0.2867627130438475,0.36660571098716804,0.31048462089422546,0.4015904787440771,0.19379906087160864,0.36869117924332134,0.2548839801845525,0.3105710305505405,0.26420088213069304,0.26955177619394305,0.31842881606381196,0.597266702062582,0.29447797529544745,0.36339865128891746,0.27518232049583424,0.2626135748342819,0.34368253227783657,0.24334029486367614,0.26023754979352703,0.31953448694662956,0.1912465637789417,0.2331162175103482,0.3876246887562396,0.24490070514526202,0.23370112804379345,0.16028780719166272,0.4083404357742245,0.09729407897886516,0.2169000015487434,0.4009014999774916,0.09183911207690224,0.3526820726554854,0.23175628881571414,0.19115834468272713,0.2171879388228057,0.2000859522948692,0.43239437498326766,0.14204765013669357,0.047491977127248085,0.20836475083177675,0.2990261987898757,0.1324491862644948,0.21496431529085042,0.2021216650396633,0.35707613468391375,-0.07522064225215455,0.31375529818700326
0.11701509311459674,0.47320807891636424,0.4044299468757326,0.25978841174862183,0.25687793899228184,0.39218691020207935,0.08995442364912193,0.3333216637855795,0.027165691704234007,0.4654492827965005,0.39564568722562576,0.3378158613525744,0.17994544355822856,0.29447797529544745,1.1993723620520242,0.22223431653895134,0.3067264470806624,0.29148029590742464,0.25816007312063927,0.4341476476829562,0.2945819170902209,0.11366738849075032,0.15584334423877752,0.2244661552069349,0.3920907465527943,0.1779610269386641,0.2415182304379205,0.22619647365810203,0.43238895263857774,0.208083969263605,0.3280012154937195,0.2547846704818352,0.16325062232330886,0.4422113323131,0.27249752698343693,0.26839704944418014,0.433300914343469,0.19498578003000624,0.4121202050656782,0.1235790141499461,0.19700034049903445,0.2630707890380565,0.27580504773848974,0.10504845346318474,0.3214787672710175,0.26610781033011655,0.3108244657497663,-0.05867435254784969,-0.1123775652165828
0.10763939158026546,0.23047370148884444,0.18998469807268192,0.38516251004918856,0.42667401927879456,0.4012462183180433,0.2572408547245435,0.31918316056946866,0.21034677885183764,0.3299550801161228,0.3473952975167909,0.3643961742598642,0.3817561487217193,0.36339865128891746,0.22223431653895134,0.9217529303178392,0.37834035458368814,0.32501890138364375,0.4474486251021191,0.2665913235913324,0.29868967727346063,0.4922612099828095,0.1403468467712081,0.24406811102195414,0.3340091374770724,0.3064616766779819,0.3351917498359973,0.2533925219615245,0.5288359232947881,0.07928080654302841,0.2466103494511924,0.37592468394099865,0.05759620790572288,0.39440219664755444,0.4219055897732346,0.26903241961539126,0.26356197734304543,0.20861049302934198,0.5433050317050434,0.28754059201165294,0.06515581589272754,0.33284943704795233,0.3816834652090892,0.11611558704089814,0.31834841422677984,0.23272074981323895,0.3768430377594695,-0.11382704170843892,0.24831063057387076
0.1286658667013563,0.35374951026280216,0.46664781745909395,0.35489724993146493,0.32853077404078657,0.5037617312703682,0.31203245096576826,0.48594144138887474,0.3614157222344187,0.43390339403086037,0.438428814775048,0.3549186383909483,0.39137890202450915,0.27518232049583424,0.3067264470806624,0.37834035458368814,0.9761297281468374,0.22903534791699703,0.43449964518368966,0.4920698427081,0.35918414947072735,0.45867381221466424,0.10917453914816146,0.2725775047798953,0.41615331657600513,0.1287305249327735,0.35019441156746994,0.2935297424284682,0.46618375156798164,0.13626145695542116,0.33750995902229164,0.286533494177294,0.2373579081917476,0.4179904764603392,0.33546872996365074,0.298258098754061,0.5117908664693994,0.3338255808551729,0.40380835141539806,0.1918110289510486,0.1301778511491199,0.2865404468644406,0.43971930955448424,0.12276446686246713,0.3454157235174094,0.310081320583195,0.3597050738504199,-0.12021411809934267,0.11642060963946411
0.12002601283027468,0.40982118940036283,0.3097295234043659,0.36044839733611117,0.35247789743626523,0.341308475288262,0.30535954309088925,0.35148448489301864,0.32213421862375674,0.40766492992350845,0.3660255786687871,0.3909393086680738,0.3830540007227373,0.2626135748342819,0.29148029590742464,0.32501890138364375,0.22903534791699703,1.048791048436965,0.292480397735761,0.07267253027898121,0.30693891239717574,0.40421747149616566,0.5307398422239278,0.20960286766763833,0.4404127338776624,0.18478194034430043,0.258987583614578,0.1334904119099178,0.5634140178166795,0.08974732321149845,0.32664936265367583,0.29286524293159716,0.08899787203760641,0.46209636756941025,0.2497936295939712,0.31367577766838084,0.19360509139474863,0.11983088896497582,0.5811083422194584,0.14816201787425237,0.01788771504135418,0.12085669898388292,0.4030004405803945,0.23170552157573027,0.29445665697930057,0.20123260068077903,0.22822534030385794,-0.115568063808772,0.08292053990040243
0.1162236064279941,0.258142974046037,0.2949814032038903,0.421658770056482,0.6075894001292271,0.6292164619495295,0.27079803404274483,0.44003037864836686,0.3557645622956601,0.4012448299734857,0.3822993776123685,0.42112320009931686,0.40638566736946635,0.34368253227783657,0.25816007312063927,0.4474486251021191,0.43449964518368966,0.292480397735761,1.1670430082315302,0.34888066557632663,0.3454504820224491,0.4465748766918187,0.0924293252043794,0.27443803617015167,0.38017860002425713,0.2042776558572802,0.3189609984354789,0.2382837648530152,0.46998548074298824,0.1762795518544242,0.3195645699610878,0.34797098776169105,0.22437972449175025,0.43606202150627077,0.21281904161653195,0.27660377281040727,0.40737731846751163,0.2938795146929324,0.6098680709756678,0.1910906684584842,0.09861475974458613,0.27173365604920074,0.35791039319342377,0.1462992983647483,0.3296085424321025,0.2936745346306469,0.3853689619875027,-0.10712668807657005,0.02946293919907329
0.10132078017642152,0.4929162958641358,0.38591429562131,0.2698297593643158,0.3022409141984945,0.4384067567565615,0.20011635315353427,0.39811897263192947,0.2026340081653372,0.31700818324026675,0.4225864322236572,0.2807136996729373,0.27785377682974405,0.24334029486367614,0.4341476476829562,0.2665913235913324,0.4920698427081,0.07267253027898121,0.34888066557632663,1.2749049365395662,0.29802755758186517,0.26031622759236395,-0.008337754108536172,0.2576699973442987,0.307965903367294,0.30636962540831575,0.3931486536696636,0.3122980155792115,0.3352044647869218,0.24642686600885194,0.4090984641672332,0.2610024652519717,0.22839543327845313,0.5143988410427782,0.3579585277118161,0.1650833860896058,0.7254447687293316,0.5844461369691484,0.59610416281204,0.36290815738684257,0.13426863788982865,0.40039062377150436,0.6215964971235692,0.05350083031008088,0.7111275285274118,0.3335920521078197,0.6340303287885749,-0.03837930215099129,0.29521614207602953
0.1222244076264817,0.3835642231704032,0.36790216696561423,0.29294466462801605,0.2881259660407755,0.3930755886929822,0.23708098476801298,0.3242382961876789,0.33889014179402266,0.2582493343852512,0.341166603319007,0.28280634013676514,0.29706897239146113,0.26023754979352703,0.2945819170902209,0.29868967727346063,0.35918414947072735,0.30693891239717574,0.3454504820224491,0.29802755758186517,0.6647580444665626,0.35617041019297385,0.19461417954960086,0.2548053269623625,0.28527494355686966,0.2695945500427042,0.2701652744020137,0.277921041947849,0.2929392081072969,0.0671922345141614,0.35471981306343303,0.3028522565259314,0.3405971871616432,0.22840679783672063,0.24258896917197573,0.3901499808716221,0.27991764516381556,0.23570029388249222,0.4862433063606068,0.2149559737101812,0.2917111025961595,0.28324420383658067,0.3893603688155992,0.1476961499271187,0.3194674975773599,0.29257841457620276,0.2749021800982195,-0.09281517159739144,0.2003318972935795
0.1550551818091045,0.3476605466001331,0.46164369378958775,0.36785827862312437,0.36948654407053083,0.4590874121066019,0.32816347983535726,0.36732686671434295,0.6016027752905309,0.2885260465129078,0.3342303375851487,0.30771584409214364,0.46452126269810917,0.31953448694662956,0.11366738849075032,0.4922612099828095,0.45867381221466424,0.40421747149616566,0.4465748766918187,0.26031622759236395,0.35617041019297385,1.1697884425627147,0.34906162514142336,0.28868696565941243,0.31299191876683397,0.27618402863908437,0.36550799349257024,0.24719627286192472,0.44253901044359795,0.0991978643932425,0.2968786126969754,0.38748105526927007,0.2675716674278077,0.30971363031224997,0.266912871080583,0.4445098645022002,0.26084429908673856,0.23796910348823608,0.5552191251014728,0.20874900264676116,0.16003430867870153,0.2767629431889307,0.42556920913430013,0.16868658222895666,0.0714941170809359,0.3824050849352654,0.3289148657666987,-0.23781399472956832,0.8166982736792506
0.08312052321982132,0.017766666267016666,0.10415567462298603,0.3061089973194762,0.293032234631997,0.13659562369091632,0.3017411395564677,0.17086675010223668,0.24828913390064256,0.30857922116524306,0.23724981543014925,0.32635309767048,0.3116686231562099,0.1912465637789417,0.15584334423877752,0.1403468467712081,0.10917453914816146,0.5307398422239278,0.0924293252043794,-0.008337754108536172,0.19461417954960086,0.34906162514142336,1.5373638092423225,0.21277692952690047,0.4208954868667375,-0.01043421064058351,0.19834080531066198,-0.26923217260419324,0.5838148809280246,0.1520220037602754,0.04528491720493346,0.22670734722140104,-0.026500004517582738,0.5132856809950568,-0.06792325397377766,0.44444637617884114,0.0888121923733415,0.008925551742280156,0.49461747607947854,0.0015450810117821894,0.07445641499434395,0.005756243581173448,0.29236832942741836,0.3709682842848144,-0.19306518569999384,0.18940167095965713,0.046640347549739676,-0.10492570170799022,0.2639761294147352
0.11426222538463042,0.2356536162065033,0.28167551283593306,0.23209928987546583,0.23380940456143354,0.29273791880556793,0.17978569219104815,0.24555505143245712,0.2684426302474304,0.23895081204731178,0.2477464181848539,0.2003815885039701,0.25080812268167363,0.2331162175103482,0.2244661552069349,0.24406811102195414,0.2725775047798953,0.20960286766763833,0.27443803617015167,0.2576699973442987,0.2548053269623625,0.28868696565941243,0.21277692952690047,0.48196549554872326,0.2505699676545111,0.17044689072125296,0.21630471860490336,0.29170008468887243,0.2757026785679599,0.33672823200952084,0.24248976448183995,0.301935065258634,0.45194458493275486,0.2509813842238043,0.2658612037047509,0.3487491520409857,0.37565506433989504,0.17373121681544285,0.23207630379825583,0.08419331061545132,0.2072296637852498,0.22875887112058937,0.24735775015173067,0.13212433333923745,0.2033596687631146,0.2303343059295563,0.20105754289724678,-0.07698203797709412,0.13187766454456606
0.12164558582920351,0.332506055073357,0.38120293912309183,0.3694942355790075,0.3372244578780677,0.42272603025355504,0.25490371705472875,0.3889507289477027,0.2498569835968203,0.474991465168141,0.3828387542575846,0.3784509399823398,0.43522042351135903,0.3876246887562396,0.3920907465527943,0.3340091374770724,0.41615331657600513,0.4404127338776624,0.38017860002425713,0.307965903367294,0.28527494355686966,0.31299191876683397,0.4208954868667375,0.2505699676545111,2.1546081018847154,0.03953585522146803,0.40272477038703824,0.023447605693131205,1.7936653491378658,0.3153748997294958,0.3474937080983778,0.3854687083763118,-0.28151854638698276,1.114073623000647,0.4554013660317045,0.14985127600321213,0.6897089178123342,0.2733229936436571,0.8911266472615812,0.142442718792557,-0.08581063951998082,0.19086262252116332,0.4614563000212376,0.2687682089537548,0.5275329610165403,0.27188505967735344,0.5921904529557389,-0.14834723930607707,-0.2039265711336913
0.07158469567933178,0.2006157614398199,0.2360949616980415,0.2934288429020685,0.35715836265513407,0.32966485733137046,0.199404190900596,0.2838248940625242,0.3261929715244509,0.20791719124665628,0.2337601219317686,0.28097008246593325,0.2001971500763455,0.24490070514526202,0.1779610269386641,0.3064616766779819,0.1287305249327735,0.18478194034430043,0.2042776558572802,0.30636962540831575,0.2695945500427042,0.27618402863908437,-0.01043421064058351,0.17044689072125296,0.03953585522146803,2.729026775361229,0.284690668224281,0.2697823761324406,-0.19516926493505068,-0.7961591626712358,0.1010380237501728,0.5044576190038856,-0.015455563382492042,0.44013011284588555,0.27906074700491196,0.08112108662555415,-0.5843698185145548,0.14356999897210687,-0.0013363676508167895,0.38136852601983434,0.38118591551201797,0.41932041209635007,0.19768198899988595,0.08080635328512546,-0.06661937252539485,0.09530649360748707,0.22590108316580912,0.051218733884326066,0.6964600065203307
0.10154764914160394,0.31063875527030593,0.2675859683787447,0.2967794630190952,0.3140859520095559,0.35847731404824096,0.2540117837184209,0.2992013787267169,0.2656296533725702,0.3313572607543041,0.35212497673688375,0.37578321989950086,0.35010425916350474,0.23370112804379345,0.2415182304379205,0.3351917498359973,0.35019441156746994,0.258987583614578,0.3189609984354789,0.3931486536696636,0.2701652744020137,0.36550799349257024,0.19834080531066198,0.21630471860490336,0.40272477038703824,0.284690668224281,0.8920246371920607,0.2578244705085508,0.4652211680483928,0.17242510951330592,0.31351960168829124,0.3110601965434098,0.0963021473682771,0.3748412262723023,0.3538162448058126,0.4655942351356927,0.25625950451585056,0.2629160776811294,0.4192046183548185,0.2919303301327248,0.12014636405617739,0.2752322756502439,0.5891826615126649,0.039548835766171256,0.2851097871692868,0.34522083797898884,0.28453793841721503,-0.13953245514969118,0.18755154212241934
0.09909064172174992,0.32379164097473523,0.3405630610877456,0.07503289609770779,0.09718798392320235,0.2201377773776239,0.055150861462026024,0.16728326958918982,0.25157380314571154,0.12220613298159147,0.1838162431540744,0.009131900587231082,0.17925398773829568,0.16028780719166272,0.22619647365810203,0.2533925219615245,0.2935297424284682,0.1334904119099178,0.2382837648530152,0.3122980155792115,0.277921041947849,0.24719627286192472,-0.26923217260419324,0.29170008468887243,0.023447605693131205,0.2697823761324406,0.2578244705085508,1.220367561618616,-0.1313151460151565,0.21339137950114337,0.3933420591407942,0.14844396360263334,0.6616080694601866,-0.07691318978637277,0.7688788046385856,0.562531085341104,0.4174931986300846,0.15326437276010788,0.05225122372559106,0.1698420882516091,0.43116751214684834,0.37504899896217414,0.21779297071118758,0.13284034546023668,0.3832445649263681,0.2454560356248922,0.02735644238937868,-0.06823220716455981,-0.19785569191579427
0.15014909488941142,0.4537327787073688,0.5788852971211174,0.43964062135861814,0.4046162142514107,0.5234507853778706,0.31121259446536476,0.5289584079213582,0.2840276756539795,0.6662708002928516,0.5245760773703403,0.44376121129430357,0.7163255505453681,0.4083404357742245,0.43238895263857774,0.5288359232947881,0.46618375156798164,0.5634140178166795,0.46998548074298824,0.3352044647869218,0.2929392081072969,0.44253901044359795,0.5838148809280246,0.2757026785679599,1.7936653491378658,-0.19516926493505068,0.4652211680483928,-0.1313151460151565,4.317265360766344,0.403439494626498,0.12430169122397475,0.5457684103280588,-0.8553836845454413,1.5363320798509497,0.7060046648801074,0.07915556902060689,0.8458025642562083,0.1869005559139133,1.3442142147392435,0.2848383178294681,-0.3224643596879027,0.1510459079687716,0.48198267797799305,0.19833852868838417,0.8269277577055181,0.2745022821475825,0.7998314514231716,-0.22684471270701762,0.0329173300472585
0.05227101363422079,0.10584193368667039,-0.01764556830839912,0.027573241302147215,0.07029083262041108,0.09228952071538735,0.02962443199719072,0.11952456458695368,0.11088145063383115,0.12413157182914662,0.09697229279314971,-0.07076359764431568,0.09514564828708327,0.09729407897886516,0.208083969263605,0.07928080654302841,0.13626145695542116,0.08974732321149845,0.1762795518544242,0.24642686600885194,0.0671922345141614,0.0991978643932425,0.1520220037602754,0.33672823200952084,0.3153748997294958,-0.7961591626712358,0.17242510951330592,0.21339137950114337,0.403439494626498,3.4810737686824296,0.370589804757252,-0.0817800405273924,-0.09716717079651256,-0.5811295429219134,0.5702620399990836,0.49987754404978585,0.7446491150969338,0.21377796428038223,-0.007941995286597597,-0.03980979377809363,0.9478263011040258,0.029961594273474376,0.41359337325904516,0.2953059370915215,0.8002458523868313,0.28245446225249626,0.2036317117690484,-0.011666015668367039,0.20146714003264576
0.10720801425665692,0.3769085511738025,0.3439946386829376,0.2418494969887592,0.28813611795749255,0.3352902955302464,0.1875435457740749,0.3040017632863604,0.3047677036468227,0.28598830071716974,0.3158762162992352,0.20243023669687107,0.2573005717513348,0.2169000015487434,0.3280012154937195,0.2466103494511924,0.33750995902229164,0.32664936265367583,0.3195645699610878,0.4090984641672332,0.35471981306343303,0.2968786126969754,0.04528491720493346,0.24248976448183995,0.3474937080983778,0.1010380237501728,0.31351960168829124,0.3933420591407942,0.12430169122397475,0.370589804757252,1.169419978029863,0.22996867229745202,0.4007018176115886,0.310489298906866,0.38552742764870884,0.5438900576277448,0.44064064983347506,0.3136997094702525,0.47471141440584946,0.11177897518784333,0.25472087355856854,0.27175199140943884,0.2863917759915773,0.17468938321797786,0.48847720693820645,0.31070620141898897,0.1909253643348891,-0.13042888640235922,-0.3593715753140894
0.13512202349741365,0.2732127330685109,0.3059618037706756,0.360362289067961,0.3375953192661559,0.4055887863690706,0.24632654804127135,0.33309766497916043,0.29032544027999535,0.3229116857892888,0.31547626161123926,0.3610001277466068,0.3628575597110209,0.4009014999774916,0.2547846704818352,0.37592468394099865,0.286533494177294,0.29286524293159716,0.34797098776169105,0.2610024652519717,0.3028522565259314,0.38748105526927007,0.22670734722140104,0.301935065258634,0.3854687083763118,0.5044576190038856,0.3110601965434098,0.14844396360263334,0.5457684103280588,-0.0817800405273924,0.22996867229745202,0.8135023935765099,0.025162911998797506,0.42937848313425486,0.19132330100988057,0.23586885577134267,-0.017151251013295166,0.24927563222016202,0.5310673496516145,0.19197097821849993,-0.08211605239170498,0.24333053772304564,0.30232896066002307,0.12636924786291023,0.23494300618141015,0.22486998557881688,0.3173937008101032,-0.11690043913613395,0.24302992216720462
0.11540886578168479,0.24348822799503214,0.2787349444218221,0.11818440179518021,0.14318599687654235,0.18770079986175833,0.11576918164444545,0.10017614244223964,0.34337285866195705,0.02959773950769853,0.1341272987195328,0.05473845370106688,0.056347302088320644,0.09183911207690224,0.16325062232330886,0.05759620790572288,0.2373579081917476,0.08899787203760641,0.22437972449175025,0.22839543327845313,0.3405971871616432,0.2675716674278077,-0.026500004517582738,0.45194458493275486,-0.28151854638698276,-0.015455563382492042,0.0963021473682771,0.6616080694601866,-0.8553836845454413,-0.09716717079651256,0.4007018176115886,0.025162911998797506,2.140941154192595,-0.5020969632562844,-0.3500429392510872,0.39975084748910916,0.6448492062483165,0.1282421030023741,-0.3233264064429129,-0.09252755190682468,0.528199098485755,0.3210962252423736,0.04007844649963399,0.04361020818703006,-0.11926106408933694,0.2736388411391693,-0.05170044182409606,-0.007275277179618048,0.23033025115897707
0.036004811230763656,0.3537323018846894,0.3793155237146359,0.5084903646075912,0.5385379991048269,0.4922359059928134,0.33110448535084613,0.4911081180505857,0.2345760773665962,0.6256062103959333,0.467575984468077,0.4775565644514914,0.49906562420315514,0.3526820726554854,0.4422113323131,0.39440219664755444,0.4179904764603392,0.46209636756941025,0.43606202150627077,0.5143988410427782,0.22840679783672063,0.30971363031224997,0.5132856809950568,0.2509813842238043,1.114073623000647,0.44013011284588555,0.3748412262723023,-0.07691318978637277,1.5363320798509497,-0.5811295429219134,0.310489298906866,0.42937848313425486,-0.5020969632562844,3.1250460153726216,0.31753564799755957,-0.221960132177437,1.0290916633317224,0.3136077677872291,1.042760314150864,0.18555873443352233,-0.5044520323675984,0.2988607665075708,0.7196046668567742,0.3505677060979094,0.2314705277559792,-0.06785918900462802,1.047867178151446,-0.025190350064749772,-0.09403460106252039
0.1177013398993554,0.388376020938723,0.4660511333014224,0.05049720379058319,0.05716743327339279,0.25462804533706923,0.0783357175838675,0.31954338615806244,0.19567358581683242,0.2933178051448461,0.3018057140010198,0.06614802826761315,0.38229228029864537,0.23175628881571414,0.27249752698343693,0.4219055897732346,0.33546872996365074,0.2497936295939712,0.21281904161653195,0.3579585277118161,0.24258896917197573,0.266912871080583,-0.06792325397377766,0.2658612037047509,0.4554013660317045,0.27906074700491196,0.3538162448058126,0.7688788046385856,0.7060046648801074,0.5702620399990836,0.38552742764870884,0.19132330100988057,-0.3500429392510872,0.31753564799755957,2.526183412159611,0.3938218539473421,0.40203462585535316,0.1578731057951654,0.5807503167988035,0.4397364104868527,-0.03380681555125486,0.3574557880833274,0.4170402637715272,0.19108815257576317,1.0606038003689602,0.30936371321491557,0.313329319210187,-0.15298721043786173,-0.7896385896196726
0.13443048715301234,0.2914734275862223,0.3671784051725147,0.20392902971097202,0.2220413158605589,0.28267518921231904,0.21847424889832515,0.20941679350570366,0.3363893357932897,0.2189985446295735,0.2707704562987378,0.23048604834749933,0.24876791362645023,0.19115834468272713,0.26839704944418014,0.26903241961539126,0.298258098754061,0.31367577766838084,0.27660377281040727,0.1650833860896058,0.3901499808716221,0.4445098645022002,0.44444637617884114,0.3487491520409857,0.14985127600321213,0.08112108662555415,0.4655942351356927,0.562531085341104,0.07915556902060689,0.49987754404978585,0.5438900576277448,0.23586885577134267,0.39975084748910916,-0.221960132177437,0.3938218539473421,2.5415160943297117,-0.08897431813263118,-0.021830064216863117,-0.07430583707818043,0.11109513981591267,1.091586105126575,0.25802107352372244,-0.06059938268116441,-0.1575216433599845,-0.28644737894575667,0.8060891738798244,-0.8121261578229583,-0.4852523288964591,-0.6080858400244206
0.09525881387534384,0.44353309270824365,0.46452284699644775,0.25368008224710176,0.37213325777618184,0.37593601614651545,0.1508121544169011,0.4131262775486907,0.31825561401686675,0.4115515333653419,0.3402892079195137,0.03683823702909512,0.31018400479258135,0.2171879388228057,0.433300914343469,0.26356197734304543,0.5117908664693994,0.19360509139474863,0.40737731846751163,0.7254447687293316,0.27991764516381556,0.26084429908673856,0.0888121923733415,0.37565506433989504,0.6897089178123342,-0.5843698185145548,0.25625950451585056,0.4174931986300846,0.8458025642562083,0.7446491150969338,0.44064064983347506,-0.017151251013295166,0.6448492062483165,1.0290916633317224,0.40203462585535316,-0.08897431813263118,3.8363115937548664,0.435206825506093,0.40467587722237025,-0.053174190210288026,0.44854578035249953,0.3962799217388561,0.6175208324221707,0.21727831400462136,0.8945516408248421,0.31742209371162317,0.8561338842990439,0.03714591496195181,-0.36402142402377163
0.0967294363684739,0.29007396183242157,0.27397558245726544,0.22457393272837836,0.24259738329900418,0.31302560735764734,0.168064199610437,0.26933973503738645,0.20250442171275154,0.23179684141521992,0.26510017119270984,0.22264051673752125,0.2030694604423082,0.2000859522948692,0.19498578003000624,0.20861049302934198,0.3338255808551729,0.11983088896497582,0.2938795146929324,0.5844461369691484,0.23570029388249222,0.23796910348823608,0.008925551742280156,0.17373121681544285,0.2733229936436571,0.14356999897210687,0.2629160776811294,0.15326437276010788,0.1869005559139133,0.21377796428038223,0.3136997094702525,0.24927563222016202,0.1282421030023741,0.3136077677872291,0.1578731057951654,-0.021830064216863117,0.435206825506093,0.988454314386569,0.4670768260700459,0.23828265378866645,-0.14461922140875932,0.2746562486711909,0.4409059171689549,0.2432933954152128,0.6212123511628362,0.21971194079471373,0.5468895683084658,-0.025453740294705138,0.16547766750377674
0.11368267126693016,0.5119365106769385,0.48960520458009643,0.467791713681632,0.49728480567748695,0.593175104712031,0.2999248832275684,0.7240204354980833,0.3531893199382716,0.5578862913058764,0.6062769517961831,0.30425640628733963,0.7848176778389748,0.43239437498326766,0.4121202050656782,0.5433050317050434,0.40380835141539806,0.5811083422194584,0.6098680709756678,0.59610416281204,0.4862433063606068,0.5552191251014728,0.49461747607947854,0.23207630379825583,0.8911266472615812,-0.0013363676508167895,0.4192046183548185,0.05225122372559106,1.3442142147392435,-0.007941995286597597,0.47471141440584946,0.5310673496516145,-0.3233264064429129,1.042760314150864,0.5807503167988035,-0.07430583707818043,0.40467587722237025,0.4670768260700459,4.682251878223817,0.8674557304637849,-1.0885149042217575,0.1351077079975413,0.4570666308968209,0.4563848047835573,1.340118001469093,0.27771992693295144,1.588509704495296,-0.22567459797092315,1.6908201666884386
0.016544991261911425,0.1543586064788597,0.0031184733690487725,0.16540758272518158,0.20065031493762678,0.22410115308622294,0.12638157430835803,0.2012235581194576,0.09461763204930872,0.16361428037047593,0.23834386226887164,0.18686779150773014,0.2295693164725646,0.14204765013669357,0.1235790141499461,0.28754059201165294,0.1918110289510486,0.14816201787425237,0.1910906684584842,0.36290815738684257,0.2149559737101812,0.20874900264676116,0.0015450810117821894,0.08419331061545132,0.142442718792557,0.38136852601983434,0.2919303301327248,0.1698420882516091,0.2848383178294681,-0.03980979377809363,0.11177897518784333,0.19197097821849993,-0.09252755190682468,0.18555873443352233,0.4397364104868527,0.11109513981591267,-0.053174190210288026,0.23828265378866645,0.8674557304637849,1.4846759828926992,-0.23691041565845564,0.2815662886683434,0.42715461395529,-0.05915290723247755,0.5710321874794184,0.17119040467586477,0.5844982526350225,-0.028141481629423967,0.8334039475216646
0.05385509086329871,0.12393784538441385,0.12481355741078085,0.05668743686179244,0.10437894403694871,0.082164049392522,0.05562912291096462,0.024884197991828463,0.22667809649832754,0.008164844360955055,0.04993931601636213,-0.0116837897578471,-0.0619107019960467,0.047491977127248085,0.19700034049903445,0.06515581589272754,0.1301778511491199,0.01788771504135418,0.09861475974458613,0.13426863788982865,0.2917111025961595,0.16003430867870153,0.07445641499434395,0.2072296637852498,-0.08581063951998082,0.38118591551201797,0.12014636405617739,0.43116751214684834,-0.3224643596879027,0.9478263011040258,0.25472087355856854,-0.08211605239170498,0.528199098485755,-0.5044520323675984,-0.03380681555125486,1.091586105126575,0.44854578035249953,-0.14461922140875932,-1.0885149042217575,-0.23691041565845564,3.7034649249294844,0.21594198708174,-0.280866338358302,0.20594154949048712,-0.9457292557513667,0.4401534005248673,-0.36320476367188187,0.2104618690009285,0.9308829886157671
