0.975267559892468,0.14384009504853743,0.221352678843349,0.07311379529958707,0.22460439954167244,0.10192182342500941,0.28682338665008916,0.1515297843075398,0.06042468155973782,0.2021672639356298,0.1595711846191432,0.15709030761414788,0.1734650046648205,0.17817525363616585,0.11279157830242781,0.17481158126967808,0.1259315848490524,0.2299211813260355,0.05848928531583703,0.14433109655149712,0.10351426023802625,0.1453001941435062,0.26207386322768805,0.08125296053723681,0.16362100508942834,0.11401588548347397,0.1905134817765307,0.13725001837335052,0.22781494541252414,0.053551205717141906,0.09291526960767767,0.009530297698811755,0.11864186173170521,0.004788240244117201,0.15353708101504,0.06838086026786162,0.20649455561156096,0.09124488254640958,0.19537805093431562,0.0540045658530712,0.16918372602814113,0.09941740333288901,0.18811236116781938,0.006580600855225859,0.24827200026414786,0.04026620840212228,0.12261790779349784,0.0021025694550227078,0.20054294616735688,0.008246678876261982,-0.06366816657714015,-0.03736530312820168,0.01746243621570876,0.014090462947656784,0.05624757093745938,-0.05377593823579762,0.17755235027837532,0.3898637614709553,-0.5690802632948705
0.14384009504853743,1.6322670918077156,0.9357691499727441,0.3937295515509951,0.13951923747735467,0.42666043760061234,0.2629179569680784,0.40715069166502604,0.35866003783635353,0.3355232664341413,0.3495438599543877,0.2967226750532833,0.3196692001418479,0.16213262528842862,0.3627692375810738,0.22519309475778596,0.3747252724052207,0.38423065460206607,-0.007877712178075287,0.38598776729758716,0.3271401340296424,0.2355799570951339,0.05596595192557355,0.1528065040298458,0.33154661186133694,0.41476529212909646,0.3888350404760625,0.26363485574320666,0.40995537962001055,-0.09355984906303098,0.33383947037558565,0.1300832585671905,0.22116294489819063,0.2891711794808037,0.2647170842112461,0.48616718187656244,0.21048799687704564,0.2135589830457982,0.17768848455093098,0.053764930460118286,0.1715738001704762,0.29546048965255356,0.37586947095916273,0.04897058589760434,0.7178905178603553,0.3342935522997941,0.22067791872029327,-0.0015320019166264248,0.06519001804479507,-0.22161299185977795,0.3892990458731844,0.27813312862937767,-0.13849795059422543,-0.22104920432629654,-0.29201064139276706,-0.12388790746787517,-0.6569116965785398,0.4035361864690044,0.29878229639787496
0.221352678843349,0.9357691499727441,2.000814311632239,0.11076665722999274,-0.34856936960149254,0.37607251241717576,0.18901674462660525,0.33618836403508706,0.3666048802654686,0.5144465210711725,0.3289485243103545,0.29044929145368586,0.3082660725557046,0.11049566520400196,0.3166278314547665,0.16209601203780957,0.367269510627388,0.3133978049468286,0.17773397863685764,0.21414057869358716,0.2878177501081988,0.2743248294747971,0.2209847312117919,0.23129568402406878,0.3016033436812777,0.33753528732206756,0.45554795810027615,0.30586110492550017,0.46486583748726196,0.017628632535438428,0.2464330672820414,0.02871634110012283,0.1749999591381873,0.18754123516748838,0.501461204737546,0.6776477998916516,0.03011400527779956,0.13070822536071816,0.18189560750665593,-0.28299795533224037,0.41442529593153454,0.25659721564238275,0.21363439693292338,0.044867823494068676,0.9950954758666247,0.5567150262509715,0.27967186664750654,-0.037423417728089145,-0.16243344770055188,-0.16562231771114147,0.316474025965375,0.1086137588448842,0.0034490404177760533,-0.2152963371276086,-0.04659259616300875,0.10164723853645924,-0.37400099213642835,-0.3223941731369618,0.43587910933417695
0.07311379529958707,0.3937295515509951,0.11076665722999274,1.1853685663814928,0.7766967199507662,0.4594995256310038,0.34109477749658557,0.4368163411181339,0.21812232517016783,0.12909780667116455,0.33398795154643063,0.3468720951141381,0.3513063981603174,0.3086565005859037,0.28069563458059893,0.369825116999866,0.3563239538164307,0.27089819713025554,0.013927264468009062,0.3369660673422225,0.25764775164089676,0.2638544576255221,0.2413398065183663,0.1454025711007342,0.3492120875341885,0.41447688915344594,0.1935250383409042,0.07907661578016908,0.3616199661384257,-0.27688271004440684,0.26142923492987813,0.2743124564421179,0.15506618044706602,0.5679996265920926,-0.030306444272036777,0.17891316485088435,0.24060947622307208,0.1960965232075257,0.21966622882000936,0.289432546233372,0.0633941823175093,0.2408318346693318,0.4490798819278249,0.17252130642937916,-0.1268759959533745,0.10582608298784019,0.10746279349640153,-0.009228543606194347,0.12284502055565259,-0.014084079303181847,-0.005193478753566135,0.25825712586616284,-0.11981707245360255,-0.13353206396923756,-0.07960483697102341,-0.0613956471260979,-0.7322644368460625,0.5725833062640436,0.16314378159096335
0.22460439954167244,0.13951923747735467,-0.34856936960149254,0.7766967199507662,1.756130077098983,0.2912639982074227,0.33545005583427556,0.3912321275009746,0.20066751420597348,0.06615094689862518,0.2758738285075663,0.34787309369567465,0.3471575923729217,0.26614511882733666,0.25223396203509846,0.37795076832322955,0.25743495680229894,0.2969951909035882,0.005130924854163079,0.3250082576693824,0.1998168309566597,0.2685192886475195,0.34361609031947166,0.1331590345026514,0.29421168516560875,0.42023580592202425,0.0546999932653182,-0.023646369284752985,0.2969337305295655,-0.4164475255199326,0.18459902788378463,0.39712795254902206,0.14231689006996287,0.8405247093374254,-0.19170814118718102,-0.001456373993354964,0.3725399969541,0.1863433354680584,0.34214605976199114,0.4150491441995212,0.06104523382067908,0.2118985914665025,0.33538480993291075,0.17034371609827142,-0.6215305579581083,-0.03243306582155592,0.05697023285988757,-0.008308895365528209,0.4693694260689942,0.06234719291847885,-0.12854136442908967,0.19259067191295207,-0.08345526083643517,-0.10729896365934431,-0.22240168041733355,-0.06476730834647253,-0.23153033507404067,0.37601028814402043,0.046163817598959565
0.10192182342500941,0.42666043760061234,0.37607251241717576,0.4594995256310038,0.2912639982074227,1.0162795320334794,0.16087001256739897,0.419440502117774,0.2726880947651402,0.19917259034726617,0.4551571689794683,0.37424061076213605,0.3765938201019709,0.17116973087942589,0.35914053733611484,0.28905149427751853,0.40181871598882873,0.27200326976921396,0.18501980852666441,0.4560670196405283,0.26192330363620653,0.2900464709609556,0.11951790562325314,0.1875370730145376,0.3086547569520968,0.498565810272056,0.4159749364305981,0.1744329397252319,0.5248385846124494,-0.0974641851027905,0.24520034642418015,0.3235034350820585,-0.001727255028252933,0.35351500576689576,0.26916586249849006,0.26744310302201185,0.20737879804338333,0.25716906068951784,0.30958875256611695,0.2696936000666723,0.04952422055805171,0.2485819495444648,0.4968786751786767,0.06459447458717507,0.29957773021530254,0.10504128795628351,0.2782975632532365,0.009532274609146098,0.4470787462855399,0.0932534925860598,-0.25802288020574565,0.17349997195538858,-0.07950346454022475,-0.012189314472616784,-0.06919189268755047,0.0165555691127566,-0.2814127320566271,0.4732434978239101,-0.21288354474484744
0.28682338665008916,0.2629179569680784,0.18901674462660525,0.34109477749658557,0.33545005583427556,0.16087001256739897,0.7042991653819926,0.2667071860536204,0.21555634694461492,0.20071173969528341,0.2641182837841302,0.3239462981003286,0.26510015696032085,0.1972412215667477,0.1554387392682297,0.2842654677176005,0.29212026946469616,0.29009687567972053,0.03177099577685152,0.2394014327626542,0.20363784952468705,0.2545560504433363,0.38943536601795303,0.14437454646752212,0.28465866786170685,0.2645363867755497,0.30649351983090445,0.14767377938217335,0.3351871175676759,-0.09146296727551241,0.16349340006133328,0.14426369750519388,0.1549792999847124,0.44024168656274787,0.2078903097445903,0.1898820659195241,0.24302010153684708,0.12736816955235755,0.3268052577555328,0.19120546028283897,0.2747265512520016,0.20521325230767812,0.3484501630949951,0.07558089509411725,0.2740929359500415,0.0020505884208612117,0.05577007903412795,-0.010167246056998293,0.07689341129360228,-0.09815728570375945,-0.01988238202994154,0.024387245177884556,0.06652778195407674,-0.04594228140650361,0.09453361425576103,0.02325258511114166,-0.04327820750768918,0.3678725124162493,-0.5196430054597865
0.1515297843075398,0.40715069166502604,0.33618836403508706,0.4368163411181339,0.3912321275009746,0.419440502117774,0.2667071860536204,0.7911707944902091,0.15882073405664532,0.289798368649447,0.40036343626812054,0.2661849786943476,0.40033255173693827,0.2443932871639657,0.2607846244673356,0.2918212986173894,0.3946444518866042,0.3526679884619221,0.12745409364463653,0.3215828126856504,0.22353328898663835,0.24684915819893552,0.29611317523537395,0.13295087437832526,0.34339923878576845,0.45386699895865706,0.38092862170923436,0.20287461375259597,0.41743082371108126,-0.06263415530815161,0.1742225141825733,-0.004060713072010722,0.10437525790088295,0.44978716078864883,0.3095632129155706,0.20152275959795593,0.25678598559509525,0.14856085762775667,0.4434467113021598,0.15691406720193404,0.33548216498951267,0.2122792792831812,0.4856272826026501,0.06833604720860623,0.21854625750055,0.17336597907895973,0.2602551280337104,-0.009076427309848993,0.26501528697655896,0.03404572982919025,-0.04237256175959061,0.1385307964410934,-0.05048333610948293,-0.11437280347412189,-0.06320617983567166,-0.0780207617731231,-0.16394157804179624,0.4906024949696958,-0.2301807064392395
0.06042468155973782,0.35866003783635353,0.3666048802654686,0.21812232517016783,0.20066751420597348,0.2726880947651402,0.21555634694461492,0.15882073405664532,0.7447774001386911,0.09689417968999915,0.0878808500200295,0.2204458337641695,0.06223988174739203,0.07982041857457774,0.2673099696294976,0.09747394604323345,0.2159507646398753,0.2146609657994177,-0.02868924371325767,0.20368485695512284,0.17685326706571505,0.2816792535414422,0.271300168438337,0.15525476516961567,0.11277967934887978,0.2651405939863128,0.2560926852307587,0.11670336185573209,0.15337842004477126,0.05002938812316807,0.20922433018398998,0.17323745583478528,0.1812225374423496,0.06816325023638625,0.10327551864490078,0.2751584638821311,0.033393585421854007,0.13714247475644262,0.01710093719479775,0.06739769530818225,0.07389050934679561,0.16036066828674364,0.16866262467923884,0.04669636682580966,0.44000487786782166,0.18290604590934875,0.16515849426326243,-0.01655953615702034,0.1405656717884845,-0.23743146342925778,0.20044656843437358,0.07372947137500649,0.07997638014043235,-0.043237998199466,-0.008074095991149915,0.10644462500125554,-0.22999038677267458,0.09999999143553844,-0.02942236193920753
0.2021672639356298,0.3355232664341413,0.5144465210711725,0.12909780667116455,0.06615094689862518,0.19917259034726617,0.20071173969528341,0.289798368649447,0.09689417968999915,0.9160795530234659,0.2909281966014879,0.20262692466331514,0.2874204915714269,0.16891320078960706,0.17875390565348057,0.2177312852519985,0.28618547979957265,0.3599119173314487,0.09560819443697303,0.2463597897933635,0.211416922055537,0.19923133834547918,0.31021524726045935,0.19122256832108503,0.26977287951356865,0.27487938679292556,0.3530303296770757,0.263147001461891,0.41951877250612196,0.09927542331807035,0.17947798041220409,0.14357132095760075,0.08361550397488986,0.5571414150550111,0.4477157928910959,0.2582827155612903,0.11395541379159324,0.10829530332348954,0.33313510116993655,0.09666539867443746,0.5646893547975823,0.21503543002558034,0.28276640198199726,0.06775789985914178,0.6878962394175666,0.12132308073837483,0.3203682703175376,0.002179607936888241,0.20016397888321666,-0.026016849079432677,0.1432311363484049,-0.05342750829239082,-0.006957120119389692,-0.004419471576882096,-0.02880780778951709,0.021619434416626976,-0.03229082716152298,0.0020488613346290115,-0.009972423636065451
0.1595711846191432,0.3495438599543877,0.3289485243103545,0.33398795154643063,0.2758738285075663,0.4551571689794683,0.2641182837841302,0.40036343626812054,0.0878808500200295,0.2909281966014879,0.7253367402296232,0.34490550463911057,0.5089761527664495,0.15772041925980354,0.33437490011216464,0.30479582190839843,0.4187059213073672,0.3238757076151305,0.13172910049438705,0.39581945443068933,0.2582728313140018,0.23961983156351394,0.3412562865123675,0.21401344841850622,0.3295458811139314,0.3520187064266746,0.4495142667446079,0.22697456328537835,0.5402262100479491,-0.038400070970543515,0.19340395750272718,0.23367913768784834,0.023102039795263967,0.472179878011989,0.40184124494554724,0.30588899761413924,0.13251136252486617,0.1810742797615957,0.4219506168307519,0.24439760371712438,0.42686456530261724,0.25456362922052894,0.46007552258870527,0.024034037971801526,0.5668997599481275,0.12843594407278622,0.20988943589865178,-0.007752339345627705,-0.04041155845639132,-0.07018564431011137,0.04121042454836586,0.08498321741298272,0.0024425544456166946,0.022787943745419155,0.03323437841012319,0.020812291798038268,-0.15948760066142706,0.31959871420879316,-0.2803821097783859
0.15709030761414788,0.2967226750532833,0.29044929145368586,0.3468720951141381,0.34787309369567465,0.37424061076213605,0.3239462981003286,0.2661849786943476,0.2204458337641695,0.20262692466331514,0.34490550463911057,0.6325506512053393,0.25784843538540997,0.16153085572087958,0.24734643673710674,0.2900650690186788,0.337138946352618,0.23761420380842432,0.10092088707306447,0.30709891225795777,0.21491950720578204,0.24767336180328414,0.2644821749124166,0.17278534744887772,0.29449306075597925,0.2819678281611535,0.3534229350985761,0.1047598058388206,0.3658878598482666,-0.03266207935222633,0.1697730603044974,0.35647213089141866,0.026705397816009512,0.4270583397061734,0.2655870684523635,0.27244548248085015,0.08994828704347616,0.17715596265051778,0.22384055807008962,0.18659300095827258,0.29213498643457936,0.2143743546243737,0.2870186939767218,0.057092619971919174,0.4355585375762054,0.02253198245880805,0.1927749521835356,0.010218252167855997,0.40051059588993004,-0.1065093318594008,0.016783431687212316,0.04146557393637456,0.07650524097548331,-0.004639495484197097,-0.10401263523955603,0.05436803711515056,-0.16109800916543918,0.2364531903063781,-0.15727135924101499
0.1734650046648205,0.3196692001418479,0.3082660725557046,0.3513063981603174,0.3471575923729217,0.3765938201019709,0.26510015696032085,0.40033255173693827,0.06223988174739203,0.2874204915714269,0.5089761527664495,0.25784843538540997,0.8122592673815912,0.24687643957392194,0.18020316841347916,0.3478068649690745,0.3579643734371475,0.30087764612165857,0.16314901898034945,0.34226980235900184,0.23797284435927082,0.2940229461694704,0.3449958249553795,0.2017166077893225,0.3411534174058402,0.3643960866752229,0.381742982815464,0.21513977207640012,0.5620999058389757,-0.04645014491605043,0.15691768016855662,0.22494098354033573,0.0038411616890744525,0.5285930691761185,0.418458965922236,0.2933397225851372,0.12192956175778633,0.14958563195314278,0.506762098630589,0.21332874727165776,0.4847178789700555,0.23392461355312835,0.40795699355973125,0.054536434204451346,0.4572494805939155,0.11280530326942151,0.19601853190169946,-0.021625359263001936,0.10714462252276934,-0.0826059802100024,0.04101711697291243,0.007306168000219913,-0.004740299886154099,-0.01646506932189085,0.01520042783004339,-0.004401525183046726,-0.1372676625859768,0.21438145268042155,-0.1589882133933299
0.17817525363616585,0.16213262528842862,0.11049566520400196,0.3086565005859037,0.26614511882733666,0.17116973087942589,0.1972412215667477,0.2443932871639657,0.07982041857457774,0.16891320078960706,0.15772041925980354,0.16153085572087958,0.24687643957392194,0.6295004342484345,0.13974514357765416,0.3268271355595543,0.1795883679618712,0.1770465118122829,0.08670020461895891,0.20340374730524707,0.17645899632955997,0.20997599242437645,0.16243890871481134,0.11799638080539625,0.19806389653662052,0.30180713486479066,0.12633752921731212,0.17322994221372198,0.2586591779078624,-0.006927779257408297,0.1919553131940709,0.15200191577606717,0.10572815645488984,0.3203282364984714,0.2097525072275437,0.08626316210206063,0.14238681058607958,0.11124104695184855,0.0946224140504459,0.12978076165810043,0.2921521001622309,0.17493563516811347,0.25164380886437415,0.08066250618779917,0.19904382138014767,0.004813173288014866,0.22287857750022774,0.01625745134128417,0.6142328612930786,-0.035974213267658484,0.028027836960464545,-0.030524348635986673,-0.06994374888265797,-0.0074385346279169885,-0.08547407472472189,0.005035329502245151,-0.2669684733348514,0.28154264515067884,0.10563648469491563
0.11279157830242781,0.3627692375810738,0.3166278314547665,0.28069563458059893,0.25223396203509846,0.35914053733611484,0.1554387392682297,0.2607846244673356,0.2673099696294976,0.17875390565348057,0.33437490011216464,0.24734643673710674,0.18020316841347916,0.13974514357765416,0.5394892590372119,0.19601918438025231,0.30875486429283816,0.2860188153492347,0.12207903902356465,0.26257731663158057,0.2114363165062848,0.1977724732651969,0.29280693733961666,0.16456873308271297,0.2317201532595543,0.3571497311733966,0.3111895076586184,0.2546271296343943,0.34082020484328895,-0.04996066575331336,0.2164100155235329,0.17514630230911837,0.1698403981409211,0.2872483349487686,0.2121550622407517,0.17528861598457357,0.2573899589875632,0.14073214415700203,0.23670435301014295,0.13315059609012006,0.22054415906364325,0.2039811027932842,0.3792026077214143,0.022509776832263417,0.12969960296898023,0.15985905683505358,0.17359031123350965,-0.002647883973010286,0.16173379291362325,0.38146416003127875,-0.1514452040978705,0.24886159907912803,-0.22288818544786138,-0.08979368131036448,0.022612529704349314,0.05458852477558743,-0.2550126753922784,0.2928524222232381,-0.14319937825151163
0.17481158126967808,0.22519309475778596,0.16209601203780957,0.369825116999866,0.37795076832322955,0.28905149427751853,0.2842654677176005,0.2918212986173894,0.09747394604323345,0.2177312852519985,0.30479582190839843,0.2900650690186788,0.3478068649690745,0.3268271355595543,0.19601918438025231,0.6208427167823839,0.3093511034973987,0.2570296752134801,0.12376414554614307,0.28030223177529134,0.2170140354890418,0.32557386059045224,0.23908339918775592,0.16621625323297903,0.312760143500485,0.24212975378334672,0.26752764299326176,0.1805856078326489,0.39949598735325287,-0.08760077747208353,0.20413507447732435,0.25393515236629505,0.03432199196521706,0.5098965957802678,0.36409121990181964,0.12879115529875707,0.2066255933068889,0.14652851534247227,0.35928876825539846,0.2207110009488104,0.3584210430961868,0.22394801035013676,0.433915060498776,0.10110105541708302,0.13360120960320834,0.04900932280636396,0.19727112244196573,-0.014858063481423699,0.4125072907556173,-0.17507240287518222,-0.04969079516232037,0.050584333940740155,0.04633569291962141,-0.01885113246734632,-0.022602412270996436,0.03972853733930399,-0.25772450012614195,0.37597135382436403,-0.14286141512231654
0.1259315848490524,0.3747252724052207,0.367269510627388,0.3563239538164307,0.25743495680229894,0.40181871598882873,0.29212026946469616,0.3946444518866042,0.2159507646398753,0.28618547979957265,0.4187059213073672,0.337138946352618,0.3579643734371475,0.1795883679618712,0.30875486429283816,0.3093511034973987,0.7398163510992642,0.28295879904187,0.12064272992702271,0.41637104515661716,0.2855423740279844,0.3176251613307411,0.30493664433871076,0.20325232577400112,0.37112586698555783,0.25592049725601285,0.4215816481451129,0.2761041820435296,0.475303688951032,-0.05190845322575301,0.25953071125725646,0.21290951414890508,0.13005423750123127,0.43328028485367576,0.359740635473541,0.2379230458005674,0.3289114944658656,0.2177768560922359,0.3403748271037836,0.23263146919658614,0.3589777027522688,0.2824925871703987,0.5093117628068654,0.06266581455531951,0.5720058308191046,0.11275962703556125,0.2428789508334396,-0.005882281680412748,0.20501695252210603,0.10421851200039037,0.05575310248216553,0.016274953846827502,-0.08615908784565382,-0.029908711520409362,0.05937888941024898,-0.0003978093060891654,-0.25684044539830714,0.32643869906096074,-0.1756541942681284
0.2299211813260355,0.38423065460206607,0.3133978049468286,0.27089819713025554,0.2969951909035882,0.27200326976921396,0.29009687567972053,0.3526679884619221,0.2146609657994177,0.3599119173314487,0.3238757076151305,0.23761420380842432,0.30087764612165857,0.1770465118122829,0.2860188153492347,0.2570296752134801,0.28295879904187,0.8548304624377068,0.025319679292908483,0.15986637605157256,0.24425763433613823,0.23349313477378286,0.5383195995673014,0.16544634582179402,0.25066244413288513,0.48034424347711435,0.2393644285919331,0.35059327068834106,0.38865621033173475,-0.058263970936312644,0.3068590414940066,0.026846630541395574,0.26405400558720515,0.43268723437851436,0.33695058693244184,0.16915463594160757,0.24565709942273262,0.07514058640820924,0.23378895286146695,0.12862668493683216,0.42146310806467246,0.23302865460103836,0.3190166904323097,0.05915724336286373,0.8059910617925734,0.09490830948847934,0.39532678335234583,0.004678066698064246,0.18864355656205084,0.14447545464694062,0.28054356059567653,-0.15891775960649374,-0.2189858990791783,-0.06662183955529757,0.055912238067668305,-0.002317366332937373,0.013374337930212019,0.3283581726518545,-0.46870763377526375
0.05848928531583703,-0.007877712178075287,0.17773397863685764,0.013927264468009062,0.005130924854163079,0.18501980852666441,0.03177099577685152,0.12745409364463653,-0.02868924371325767,0.09560819443697303,0.13172910049438705,0.10092088707306447,0.16314901898034945,0.08670020461895891,0.12207903902356465,0.12376414554614307,0.12064272992702271,0.025319679292908483,0.9476152023134066,-0.04009365524560867,0.08279411761954451,0.15844400175312573,0.004527599453266251,0.05951812750995683,0.11069111469152292,0.12464787466654534,0.17691251507143038,0.12093388960060117,0.20240909456430076,0.04908131598490169,0.08198724362084502,0.12010281798880368,0.08431519931420743,0.13112524727918154,0.0949037463181673,0.21322903221540992,0.06972645784968749,0.009902981470638625,0.1862175010675074,0.024372606625062524,0.1585752149636147,0.07237434287980567,0.16078539607383374,0.031264128294286826,-0.23711337210053499,0.16428238438264758,0.010046761248943418,-0.02471421838388145,0.05001223245831685,0.4032670404182944,-0.18714412934806496,-0.052096835557100034,-0.1253827206885842,-0.07561356986753222,-0.010104626377884805,0.019621605215016623,0.049419613978943525,0.07185443174421452,-0.11178600927656623
0.14433109655149712,0.38598776729758716,0.21414057869358716,0.3369660673422225,0.3250082576693824,0.4560670196405283,0.2394014327626542,0.3215828126856504,0.20368485695512284,0.2463597897933635,0.39581945443068933,0.30709891225795777,0.34226980235900184,0.20340374730524707,0.26257731663158057,0.28030223177529134,0.41637104515661716,0.15986637605157256,-0.04009365524560867,1.2677130786919857,0.2649690833092819,0.2124341812818226,0.26568422602559405,0.2688065929360221,0.31197853331090647,0.17075860214203759,0.4155573183290709,0.11228789227922377,0.5563673965348245,0.2313008757676456,0.25164136796564374,0.5486867941504818,-0.02711023075132358,0.4751223869218957,0.31346607141392735,0.134204707574638,0.4233759647954304,0.6010016478965399,0.41522476357461263,0.2901492101768575,0.2443130826029966,0.2810310381090061,0.5823315492622102,-0.04260101827582681,1.0614903677087293,-0.07257975608550604,0.28982950867480217,0.03624283315497727,0.5310933742905446,-0.3073820167552417,-0.02981729616702367,0.19092707344713386,0.17066197601444763,-0.029112036041933267,0.06607935877366032,0.020377997301782656,-0.1401262113789704,0.19286100377153514,-0.15736364556714844
0.10351426023802625,0.3271401340296424,0.2878177501081988,0.25764775164089676,0.1998168309566597,0.26192330363620653,0.20363784952468705,0.22353328898663835,0.17685326706571505,0.211416922055537,0.2582728313140018,0.21491950720578204,0.23797284435927082,0.17645899632955997,0.2114363165062848,0.2170140354890418,0.2855423740279844,0.24425763433613823,0.08279411761954451,0.2649690833092819,0.43529388361560767,0.21595761826659923,0.17822408603630333,0.1860874574157616,0.2365357405929942,0.35125925700688404,0.33289190226146853,0.30523145453082284,0.31079807544989463,-0.005004711767803885,0.35321718470692326,0.18792300034718346,0.3184555237871213,0.3351688577797683,0.2946152579094439,0.41785958126464395,0.2226518743751662,0.17299747093210016,0.31574634309879984,0.3193260914756441,0.23295193329184244,0.3738965541358671,0.38655103485988357,0.06951394979361396,0.6969637041304632,0.10319955943301477,0.21233490193412982,0.04547064857981166,0.2603144350455721,-0.011147984363226842,0.04685803284136263,-0.002798955356392573,-0.017708626687386923,-0.04160095978464823,0.02624864476231659,0.03260452900547437,-0.2444283109961762,0.08718540947673235,0.020957481804161154
0.1453001941435062,0.2355799570951339,0.2743248294747971,0.2638544576255221,0.2685192886475195,0.2900464709609556,0.2545560504433363,0.24684915819893552,0.2816792535414422,0.19923133834547918,0.23961983156351394,0.24767336180328414,0.2940229461694704,0.20997599242437645,0.1977724732651969,0.32557386059045224,0.3176251613307411,0.23349313477378286,0.15844400175312573,0.2124341812818226,0.21595761826659923,0.7240693112927303,0.29645534215480535,0.17766934183353336,0.24387718167079045,0.2840952723199103,0.28611341917221117,0.16798054960469103,0.312691834768403,-0.03920356239221391,0.21328156907995496,0.2678988312369336,0.14623329362985746,0.4038527986470197,0.25557971958235837,0.2611337165526564,0.14177901076740068,0.14940180342103845,0.35213363134900477,0.18599057174411981,0.2593470702245204,0.21193730483975362,0.32004523168076376,0.11158400870747565,0.025972890400996068,0.2285746642949169,0.19635990811920753,-0.09115836613130872,0.5347302863312134,-0.1857763719798835,0.003282245151632129,-0.053258401668919736,0.0645587381762264,-0.04635738307478136,-0.020986934792660044,0.06939250055777564,-0.15239297666577134,0.15595813319068796,-0.0672971097142919
0.26207386322768805,0.05596595192557355,0.2209847312117919,0.2413398065183663,0.34361609031947166,0.11951790562325314,0.38943536601795303,0.29611317523537395,0.271300168438337,0.31021524726045935,0.3412562865123675,0.2644821749124166,0.3449958249553795,0.16243890871481134,0.29280693733961666,0.23908339918775592,0.30493664433871076,0.5383195995673014,0.004527599453266251,0.26568422602559405,0.17822408603630333,0.29645534215480535,1.9342332159656315,0.34138117048126665,0.4973304107903487,0.15604260273684573,0.5201932510126306,0.26310378177067456,0.6957318289215276,0.16160789420467433,-0.09593777225762787,0.1262826626185137,0.17528259454327014,0.6208156117533411,0.4554210969804914,0.16922199335111213,0.14112067638931963,0.07919887663436324,0.5847096975706031,0.07399724890347943,0.7904606733065918,0.17654616022879738,0.4779580644065092,0.018261095217246545,0.48800912700862203,0.194952352166482,0.3396150285866284,-0.04272138385086438,0.04885208708092522,0.03689528138426259,0.06095303355665171,0.08820432886194472,0.140835361961301,-0.0588120305166799,0.2097545091876696,0.10840495524219006,0.07423425379251607,0.03408121173773662,-0.3795209984495605
0.08125296053723681,0.1528065040298458,0.23129568402406878,0.1454025711007342,0.1331590345026514,0.1875370730145376,0.14437454646752212,0.13295087437832526,0.15525476516961567,0.19122256832108503,0.21401344841850622,0.17278534744887772,0.2017166077893225,0.11799638080539625,0.16456873308271297,0.16621625323297903,0.20325232577400112,0.16544634582179402,0.05951812750995683,0.2688065929360221,0.1860874574157616,0.17766934183353336,0.34138117048126665,0.4489276340777028,0.2482785810022257,0.07208053958193543,0.2682233183818406,0.20705072861836674,0.25681155728883637,0.26048900363971156,0.18540101007718812,0.3879607686837725,0.1973827168554912,0.2740925620703825,0.2719001444342561,0.24757985482785314,0.14234274963963117,0.16689533172543952,0.24756547909497617,0.1233067837683969,0.24376984504080385,0.18768667809292525,0.18219616790711635,0.039727914229612256,0.5350628789530829,0.0973761486062414,0.2499735688112442,0.01062853605030206,0.2493312755388981,-0.08570730498942927,0.038958934895433214,0.072322474127588,0.07155311627498855,-0.021078984629665152,0.11248461405984926,0.12345335392783642,-0.08295239566338217,-0.32093884666015443,0.1846776127424494
0.16362100508942834,0.33154661186133694,0.3016033436812777,0.3492120875341885,0.29421168516560875,0.3086547569520968,0.28465866786170685,0.34339923878576845,0.11277967934887978,0.26977287951356865,0.3295458811139314,0.29449306075597925,0.3411534174058402,0.19806389653662052,0.2317201532595543,0.312760143500485,0.37112586698555783,0.25066244413288513,0.11069111469152292,0.31197853331090647,0.2365357405929942,0.24387718167079045,0.4973304107903487,0.2482785810022257,1.2966321422146465,0.10115140853010633,0.439021096744149,0.1804234846936775,0.60508657614906,0.14300062761977847,-0.03528869509494828,0.22681081369227787,0.06507821579888898,0.7945148203627849,0.4115513809099356,0.2737945363607062,0.33117406014776346,0.1718361600384672,0.8843591145813298,0.1983288932008353,0.5152621480464691,0.2293869222282012,0.5371085537595202,0.11837029259441971,0.28427207751927325,0.19886786785789748,0.2852347967970318,-0.017942848421161978,0.15290768943265062,-0.4496313694758943,0.03542594830065408,0.2932469866298708,0.1790212443661852,-0.10573375487496067,0.05978168934308197,0.02322898178815931,-0.27300895396044833,0.2119885740228597,-0.0623124174542877
0.11401588548347397,0.41476529212909646,0.33753528732206756,0.41447688915344594,0.42023580592202425,0.498565810272056,0.2645363867755497,0.45386699895865706,0.2651405939863128,0.27487938679292556,0.3520187064266746,0.2819678281611535,0.3643960866752229,0.30180713486479066,0.3571497311733966,0.24212975378334672,0.25592049725601285,0.48034424347711435,0.12464787466654534,0.17075860214203759,0.35125925700688404,0.2840952723199103,0.15604260273684573,0.07208053958193543,0.10115140853010633,2.9038301380003935,0.4267227147338806,0.5072049450825735,0.30372456418484484,-0.7901268861462076,0.284066090381234,-0.005361890665250818,0.3352825831826946,0.6293152828411379,0.3469664340764565,0.4012072052706313,-0.2337024158936227,0.035140034771681795,0.11166691746712963,0.33658299719854423,0.905058913137412,0.33614967167212056,0.3528701203074218,0.013601547931247002,0.014368389183136012,-0.04985556889168719,-0.1078581346930281,-0.02709176893034295,0.026260747317354807,0.907231309584139,-0.5253189648650691,-0.2602190561805711,-0.5767469032761746,-0.07205709814087902,-0.12119669130524922,-0.034387082545281875,-0.22589434402947445,0.41993165537674587,-0.10825460851024753
0.1905134817765307,0.3888350404760625,0.45554795810027615,0.1935250383409042,0.0546999932653182,0.4159749364305981,0.30649351983090445,0.38092862170923436,0.2560926852307587,0.3530303296770757,0.4495142667446079,0.3534229350985761,0.381742982815464,0.12633752921731212,0.3111895076586184,0.26752764299326176,0.4215816481451129,0.2393644285919331,0.17691251507143038,0.4155573183290709,0.33289190226146853,0.28611341917221117,0.5201932510126306,0.2682233183818406,0.439021096744149,0.4267227147338806,2.0456211561831594,0.44426036633189364,0.5558507534377632,0.2354544916599327,0.2046949392581128,0.25368228930057823,0.16342816994677808,0.35771702005591083,0.661141462779279,0.9338669811451518,-0.009398254903703648,0.19675481843732764,0.6194457278107192,0.24160850415843188,0.997199659839313,0.3455481683749954,1.080578414434048,-0.15079639301869152,1.30862774391952,0.1163209078574864,0.18061225583687637,0.02055171973774588,-0.1344483937788757,-0.10147953418140693,-0.127050036430473,0.2700146616678863,0.10152931887496146,0.01518455496615421,0.19375383807904617,0.11697284895110566,-0.04417576787025963,0.29969293850444234,-0.44248595207292385
0.13725001837335052,0.26363485574320666,0.30586110492550017,0.07907661578016908,-0.023646369284752985,0.1744329397252319,0.14767377938217335,0.20287461375259597,0.11670336185573209,0.263147001461891,0.22697456328537835,0.1047598058388206,0.21513977207640012,0.17322994221372198,0.2546271296343943,0.1805856078326489,0.2761041820435296,0.35059327068834106,0.12093388960060117,0.11228789227922377,0.30523145453082284,0.16798054960469103,0.26310378177067456,0.20705072861836674,0.1804234846936775,0.5072049450825735,0.44426036633189364,1.3785099046919316,0.14158680327852902,-0.037827230798071806,0.3501037240180332,-0.1520391011964291,0.8095285994481318,0.12713883941977716,0.9180639321540215,-0.018548455608001415,0.5367890073887612,0.020481703751515437,0.47175000133672895,0.27574972474917403,0.4036526774599701,0.3323784187408507,0.5032114512179572,0.03487294150358794,0.55930233617694,0.04116728486157135,0.2295282918581701,0.05073697998253833,0.18489930266244783,0.5881951130752998,-0.2653166861165087,0.5305864867885196,-0.833992588434317,0.009463551036943213,0.1362876325719999,0.0002710648301894526,-0.028638076490526927,0.09108373510889092,-0.2523077982413962
0.22781494541252414,0.40995537962001055,0.46486583748726196,0.3616199661384257,0.2969337305295655,0.5248385846124494,0.3351871175676759,0.41743082371108126,0.15337842004477126,0.41951877250612196,0.5402262100479491,0.3658878598482666,0.5620999058389757,0.2586591779078624,0.34082020484328895,0.39949598735325287,0.475303688951032,0.38865621033173475,0.20240909456430076,0.5563673965348245,0.31079807544989463,0.312691834768403,0.6957318289215276,0.25681155728883637,0.60508657614906,0.30372456418484484,0.5558507534377632,0.14158680327852902,2.12984737262772,-0.012385586114427223,-0.08073161068405536,0.45120868415403753,-0.3295241308313857,0.8813021280999213,0.5991542208662981,0.6016476923640989,-0.1427984950146117,0.17074112846271008,0.5510631781555562,0.14754348963985003,1.1182343505984254,0.2936381831241963,0.6948349110799953,-0.11272241145292239,0.9008289088194593,0.17782495839161452,0.21986410861072198,-0.06878246532002985,0.029580907768680338,0.10843551692040665,-0.12013251381055251,0.08152739722750338,-0.02908540864546118,0.013643749511910877,0.07676965330955614,0.06219573766753356,-0.1898667298034969,0.3090282618092891,-0.28936138195231437
0.053551205717141906,-0.09355984906303098,0.017628632535438428,-0.27688271004440684,-0.4164475255199326,-0.0974641851027905,-0.09146296727551241,-0.06263415530815161,0.05002938812316807,0.09927542331807035,-0.038400070970543515,-0.03266207935222633,-0.04645014491605043,-0.006927779257408297,-0.04996066575331336,-0.08760077747208353,-0.05190845322575301,-0.058263970936312644,0.04908131598490169,0.2313008757676456,-0.005004711767803885,-0.03920356239221391,0.16160789420467433,0.26048900363971156,0.14300062761977847,-0.7901268861462076,0.2354544916599327,-0.037827230798071806,-0.012385586114427223,3.3136192072368944,0.08645561194669489,0.1779364479046522,-0.08490350227685785,-0.5410508368499708,0.32769183359442156,0.7206007072194874,-0.31603256750336767,0.20259893070280405,-0.136323989629501,-0.44766594436048257,0.4652536119986201,-0.016503594908810985,0.03424260969999677,-0.05812854867380563,2.3450663758337815,0.6721239284186619,1.226668444389583,0.07359704390643325,0.5711497058248434,-0.5470400751037064,0.5875501043396762,-0.34165366678300996,0.4843207835013,0.019286494677376777,0.21922892926234186,0.06288064802002423,0.3325488326292788,-0.2767289094564064,-0.11054000936831102
0.09291526960767767,0.33383947037558565,0.2464330672820414,0.26142923492987813,0.18459902788378463,0.24520034642418015,0.16349340006133328,0.1742225141825733,0.20922433018398998,0.17947798041220409,0.19340395750272718,0.1697730603044974,0.15691768016855662,0.1919553131940709,0.2164100155235329,0.20413507447732435,0.25953071125725646,0.3068590414940066,0.08198724362084502,0.25164136796564374,0.35321718470692326,0.21328156907995496,-0.09593777225762787,0.18540101007718812,-0.03528869509494828,0.284066090381234,0.2046949392581128,0.3501037240180332,-0.08073161068405536,0.08645561194669489,1.3959567593141122,0.2876539980512458,0.42583100647800337,0.18634611643599142,0.2503223107070568,0.368806992199881,0.2237875246635197,0.22487040762179686,-0.1778417626197368,0.23482205119654645,-0.10628480756936375,0.3433377396661704,0.23207084345100124,0.11546541236135066,0.788690698521602,-0.01923735552577551,0.24141988647968243,0.06596396531046758,0.4267444461631716,0.14093672863474493,0.14372570321580408,-0.023599142604650042,-0.17393637903044892,-0.06707250129454573,0.14188669206878282,0.05780833229451744,-0.33683435203606954,0.1424470412603704,-0.010961930693529388
0.009530297698811755,0.1300832585671905,0.02871634110012283,0.2743124564421179,0.39712795254902206,0.3235034350820585,0.14426369750519388,-0.004060713072010722,0.17323745583478528,0.14357132095760075,0.23367913768784834,0.35647213089141866,0.22494098354033573,0.15200191577606717,0.17514630230911837,0.25393515236629505,0.21290951414890508,0.026846630541395574,0.12010281798880368,0.5486867941504818,0.18792300034718346,0.2678988312369336,0.1262826626185137,0.3879607686837725,0.22681081369227787,-0.005361890665250818,0.25368228930057823,-0.1520391011964291,0.45120868415403753,0.1779364479046522,0.2876539980512458,2.557071480542075,-0.3797676586871084,0.7506346619268851,0.16592345275109338,0.33367801322873486,-0.45631730576772567,0.43131505894228583,-0.11668850169829524,0.1976554243219057,0.4842518281834528,0.1947230790640301,0.017321382254907345,0.005937103806440881,0.7498566980652209,-0.13996519055543954,0.241517390150037,0.007037980515875275,0.8921758228521348,-0.005114972840439537,0.30974207892575256,0.28824995313481766,-0.04335864451956393,0.0016185453168962914,-0.012783153485398973,0.20813402205180387,-0.23011780010499197,-0.399151518656199,0.37899922801747576
0.11864186173170521,0.22116294489819063,0.1749999591381873,0.15506618044706602,0.14231689006996287,-0.001727255028252933,0.1549792999847124,0.10437525790088295,0.1812225374423496,0.08361550397488986,0.023102039795263967,0.026705397816009512,0.0038411616890744525,0.10572815645488984,0.1698403981409211,0.03432199196521706,0.13005423750123127,0.26405400558720515,0.08431519931420743,-0.02711023075132358,0.3184555237871213,0.14623329362985746,0.17528259454327014,0.1973827168554912,0.06507821579888898,0.3352825831826946,0.16342816994677808,0.8095285994481318,-0.3295241308313857,-0.08490350227685785,0.42583100647800337,-0.3797676586871084,2.1362690769394,-0.18909431971860585,-0.32463612873092085,-0.17553005147247788,1.1592091359240562,0.03562746667030194,0.001955698703351257,0.3914212780540376,-1.0654061926976541,0.33492633275501454,0.442707054123282,0.16143426354716933,-0.22696021116544157,0.10444139453944597,0.18638066541814924,0.07301564287016798,0.2998664549291776,0.37360283376641024,-0.41703496350155395,-0.07566217679832644,-0.04355484986410185,-0.2166086006844908,0.12388855595116635,-0.050692437664187164,-0.06866764073053788,-0.06576092299874112,-0.02577935709931697
0.004788240244117201,0.2891711794808037,0.18754123516748838,0.5679996265920926,0.8405247093374254,0.35351500576689576,0.44024168656274787,0.44978716078864883,0.06816325023638625,0.5571414150550111,0.472179878011989,0.4270583397061734,0.5285930691761185,0.3203282364984714,0.2872483349487686,0.5098965957802678,0.43328028485367576,0.43268723437851436,0.13112524727918154,0.4751223869218957,0.3351688577797683,0.4038527986470197,0.6208156117533411,0.2740925620703825,0.7945148203627849,0.6293152828411379,0.35771702005591083,0.12713883941977716,0.8813021280999213,-0.5410508368499708,0.18634611643599142,0.7506346619268851,-0.18909431971860585,3.1489878885477367,0.6262463930802334,0.09912834382606782,0.22899610051432062,0.1246374521840269,0.8158902829068817,0.40317685923660296,1.194894742573141,0.4037803914879146,0.7490577543619908,0.30174623683851,-0.012696933671469785,-0.17231044205577783,0.31650273448850885,-0.06198190349649363,0.19444513236845523,-0.33045166612015675,0.10783275748200194,0.16661680052824895,0.032047149266599205,-0.1493025041005802,-0.02763730727335893,0.15937307566727849,-0.2979851714663573,0.1230687410350925,0.06856089887107025
