1.0936614060928909,0.1572811389229885,0.4304559816218984,0.1333924506950149,0.3346675189033875,0.1490367537284065,0.3578473761196764,0.28437906585681194,0.21791675135022923,0.24183855973408602,0.19884896279486225,0.19022374040489579,0.2223288036305863,0.28519480072160386,0.21365393570114816,0.21417604800304413,0.2190031177515113,0.2095219370516516,0.1913487801426139,0.170988694697273,0.1682925458772008,0.26598850185092116,0.14589020053307863,0.12860496633862536,0.21278561088046027,0.23938861391474017,0.16646851989179084,-0.039680231338633215,0.28445933848658783,0.0960610413001847,0.16042782653817425,0.21233379625767063,0.15097581625697565,0.10984856559926205,0.13623208570111078,0.15592292112925552,0.23583035304384345,0.15421835423513516,0.19164375525110366,0.03843593036643388,0.14877094880722663,0.16016048397647886,0.17309050059482847,0.028029760359913447,0.06879850691130268,0.233629043285027,0.14666155103896142,-0.10869411459523472,0.2661431789611454,0.1412752865247866,-0.0062467156529522685,-0.08319355504500928,-0.0018897163333162095,-0.06264317254104819,0.3139073588357364,0.02769010709032347,0.06729155801122236,-0.3652636632136747,0.047575188473562166
0.1572811389229885,1.7950276038683888,0.5884957667123227,-0.05019403520648415,-0.09379657036888304,0.45778838144486694,0.010529473164350631,0.2550753837642494,0.24432634254489277,0.13961243001612486,0.21390529713859452,0.20852667647985274,0.1960698967062113,0.1708026281024968,0.13657439880207337,0.13551709754638058,0.1950882121730446,0.3953385124410501,0.1661749754395681,0.39691470830148357,0.22000711741091905,0.18279480770227294,0.1395762848016734,0.19500895592256753,0.15227123415826993,0.13925357515680395,0.17964717115429632,0.25744725420101044,0.22463831796732497,0.08521045548849965,0.18024702592602715,0.15180212321975559,0.17432056721105377,0.21696176253336286,0.08680912495493148,0.22339113984598133,0.3703389123865604,0.22031477340869965,0.1806696219780138,0.122983210383033,0.18111503562494252,0.21317384876276924,0.1731816511174145,0.06620251233763538,0.1447743517113344,0.21720662999541854,0.267892992080294,0.04107713294753277,-0.019129490064979264,-0.019369356027875886,0.3056451067143012,0.0711686641043591,-0.18393901004831092,-0.12241285048835701,-0.4142617112332974,-0.13913663688317876,-0.17933059273637234,0.6089304830811548,-0.05968193852403308
0.4304559816218984,0.5884957667123227,2.1929658181887506,0.12032329336058221,-0.1318600126766634,0.4524624695874326,0.0890733741582952,0.3011127421500457,0.6077730285981459,0.48238551257223766,0.3146605135747261,0.3965997695864491,0.30612100400520975,0.29288238332166594,0.2598334095801475,0.2164150379794064,0.28663536696670877,0.3493139959013166,0.3647999510976898,0.3176168497746275,0.2554693669295374,0.4368714335675177,0.14790861644100078,0.30932615496330695,0.2822985686607284,0.4249536657447825,0.2143600536927825,0.32187355553895863,0.5701646896207038,-0.05282166068526427,0.28743218453221653,0.3552174033808099,0.23137770920272044,0.34057933389410405,0.2455858968828143,0.41816853300389406,0.44469324965544627,0.2916230107266615,0.22172394213186866,-0.14816477507822648,0.21196017949074208,0.27983407308454333,0.2234554993300835,0.05337127717130978,0.29459184722300813,0.5305972544440182,0.20824623392627103,-0.2379935813693106,0.06114483737366032,-0.11881384856297193,0.19873685307941463,0.26424994970295973,-0.14310226601702625,-0.18707893261628045,0.4161391999347973,0.14209997249615042,0.16387143425888528,-0.5370892735843207,-0.28095513825730195
0.1333924506950149,-0.05019403520648415,0.12032329336058221,1.6142407445050253,0.7745885956942511,0.3212574484381322,0.5998916217933352,0.5931084076105052,0.27698588744148533,0.3348732037962417,0.3379647033289812,0.3184542766109006,0.42094684602423177,0.4411557320765219,0.3554131604900905,0.40571766319132363,0.3871663974230636,0.5211107358668916,0.3328085788061441,0.379715103506451,0.3763939582695672,0.33033364992982306,0.44314487490132004,0.45901538625591465,0.4100557399843689,0.3864094480001805,0.30421394223201237,-0.03293275222983331,0.4868316492427805,0.2381943927491553,0.3887149885863294,0.3844188780325452,0.3359273639635277,0.4420660492744618,0.2953347638908575,0.4704609052940662,0.5693959097573131,0.2835746690156123,0.5195316436185008,0.25615681690682046,0.2190340494188528,0.37780559903440786,0.1861380722654807,0.09559917399715089,0.2076335250671358,0.5083722815484657,0.3809322041785266,-0.16629267552371094,0.3081111103204457,0.5951012084426972,-0.21691920390707145,0.05024652414199654,-0.17992228974031663,-0.21701409087861398,-0.0005481073682619994,-0.11207606505030042,-0.02840725464911079,0.2354527734705397,-0.32234536021819027
0.3346675189033875,-0.09379657036888304,-0.1318600126766634,0.7745885956942511,1.866227911333059,0.13532155476018565,0.5804581888202712,0.543223547171637,0.15250361045542102,0.26124124710507884,0.30877227321374934,0.24666732727492027,0.37087661111514847,0.3050078752238522,0.3619405124797028,0.31611961344876977,0.31551319636682346,0.33970847892935924,0.5136196407171808,0.18457104666175528,0.3303672782132939,0.31373058899294026,0.2679762772474404,0.2939537073392732,0.31300878506051416,0.33029357713466295,0.21408883766008613,-0.08072660059549712,0.4158752125315489,0.1178774208065364,0.3104334270447587,0.37672997118931645,0.24670055831334872,0.37417480191783353,0.23853126761036786,0.40335476575927315,0.3611912098654937,0.18964052665388842,0.47261797828367497,0.2947098214229208,0.11371444424028114,0.3139598736616196,0.03693311338147764,0.045955786615171516,0.13757693810128296,0.39093520058391557,0.20440272965572143,-0.15843235213620485,0.251719902701522,0.6954306765157418,-0.3779068035378273,-0.2702453573793289,-0.00551970783769724,-0.07572550553434854,-0.04086877373532289,-0.17974447108656355,0.10863691537070812,0.11862547938061936,-0.0869711579009523
0.1490367537284065,0.45778838144486694,0.4524624695874326,0.3212574484381322,0.13532155476018565,0.9532723453738052,0.072329909424823,0.5075907121012981,0.4825081209819945,0.23761652111939088,0.3668442321910119,0.38027053825828094,0.3745846171037519,0.3427018654657997,0.23575749019221373,0.33415536327264495,0.40901102789086907,0.4888264637223575,0.5328063227666651,0.5963305537901327,0.3286636645918403,0.5462243869528245,0.24206630574435473,0.36402139839661435,0.35786544443782714,0.41940706730031485,0.3829283921107983,0.1977283152261213,0.455324134934184,0.1390771584601231,0.3430411823414886,0.45485227181234084,0.20829101471832304,0.429270531682133,0.20284980150971224,0.32383283428135556,0.48241300415751076,0.36435807054222613,0.5321327951631939,0.2615377829252119,0.13046011314520198,0.3149419849869393,0.4816823761878193,0.10070193041597679,0.2823113648044742,0.35741221088368347,0.41959098294815134,-0.008237700622262322,0.5070659149712438,0.41932633803255315,-0.2824261080013354,0.288470464698602,-0.3386552521941548,-0.0883485733303407,-0.02141649670776916,-0.07554992266991968,0.16640451233731987,0.1616232172748961,-0.26181686590814285
0.3578473761196764,0.010529473164350631,0.0890733741582952,0.5998916217933352,0.5804581888202712,0.072329909424823,0.9751983038817829,0.48136618659338626,0.2561947521828372,0.26922645245761295,0.31973666955920477,0.27861754620798057,0.3606212921172256,0.20416365901681713,0.29501028401319895,0.302683399190477,0.3611269545151101,0.3875098494802045,0.1928317893947677,0.2170735571121911,0.3453125421737602,0.34872834355559523,0.3500393771174641,0.32772961007012125,0.35160491967723345,0.28578332724278593,0.23217574404977492,-0.11720144726663974,0.45085347686962346,0.21837360034110348,0.30044188432388613,0.2977753638596799,0.30679328392201816,0.35148441113019147,0.19387896249576145,0.39127029437983124,0.44289636385302783,0.19797687253873766,0.31906072005029135,0.16328732921063757,0.1705031342097399,0.3302002935799392,0.057815880601326856,0.04223372209371945,0.10894642718341312,0.4258975190642751,0.23849808214502602,-0.22502853164728268,0.3391447039863075,0.2683402711671481,-0.07539320164466627,-0.2382037922836882,0.1380219275403517,-0.1742636450306258,0.10778205281124056,0.06993823044551027,0.0035807421027200313,-0.009581362064344448,-0.22851795202076602
0.28437906585681194,0.2550753837642494,0.3011127421500457,0.5931084076105052,0.543223547171637,0.5075907121012981,0.48136618659338626,0.9905074106424264,0.2217568055521714,0.3246150572964464,0.3520184534099581,0.22379644855102565,0.42704246795990014,0.3474662017682072,0.2751720013086758,0.3327351763561713,0.40527796249185666,0.5703278083335974,0.4387367234601119,0.4824710079949178,0.33988850371350715,0.4129090469745684,0.34310142269681415,0.35139192298186195,0.39207465850618395,0.38202181061425505,0.3188068603292509,0.008091923103654156,0.46193710018065187,0.2025446121400876,0.35923726889146146,0.39029113080526623,0.2729726461078943,0.4217497407662438,0.1942247644706945,0.34386877835307206,0.5638462753625526,0.31511792543695544,0.5884352225674272,0.28593656099561693,0.2079795158925989,0.32539518571884724,0.312073040095005,0.0906955287443982,0.22688980168620837,0.4570159072481696,0.4446887294061734,-0.08274141657739054,0.5026307251488777,0.7005714488575684,-0.13786259619296157,-0.02755604914656608,-0.24403904866889312,-0.21056636607968002,-0.068401296978427,-0.09592548334194141,0.1416681768583001,0.32677776162366257,-0.3379680008973088
0.21791675135022923,0.24432634254489277,0.6077730285981459,0.27698588744148533,0.15250361045542102,0.4825081209819945,0.2561947521828372,0.2217568055521714,1.0715832626043855,0.18584827468448462,0.3296036626596336,0.34472839427591684,0.37498520976319816,0.2915228555971994,0.22835953706905607,0.29460009700262557,0.3307859448855152,0.3449142106123294,0.401000475113895,0.390319892671967,0.3384692436032834,0.4324860510817203,0.17266555622024002,0.33847120112683493,0.280006590437693,0.4322705452849624,0.30886925513369307,0.183962058514475,0.4244472589678383,0.16611589895902532,0.3177404601331564,0.4084819717024528,0.26182693172420096,0.36441107199990724,0.25589182576324726,0.3445215304255424,0.41085231389026394,0.3092487964890913,0.3014061222418314,0.09877813705892018,0.17337565161713026,0.3299279232796676,0.30421358317552777,0.04674209020907034,0.23442591205959165,0.38299128302715796,0.27865237265715664,-0.113303651486103,0.5004223719540444,-0.11983038931764228,0.065131267442139,0.19914264077036128,-0.008047724156905642,-0.08893785974194236,0.3239158119969373,0.0782498076452003,0.18611875176940873,-0.3059867981868278,-0.3290979826384064
0.24183855973408602,0.13961243001612486,0.48238551257223766,0.3348732037962417,0.26124124710507884,0.23761652111939088,0.26922645245761295,0.3246150572964464,0.18584827468448462,0.9355628250565178,0.23008161500776272,0.34446445555043154,0.3665733915932702,0.2486194260036853,0.29366832413451516,0.2524086254972646,0.3433130380064665,0.3053962335012271,0.23824360941731,0.20909827356531815,0.18218885367035073,0.37131690091981406,0.24607715303288286,0.21973484152921577,0.3077330836883572,0.3221359706509077,0.2251698159357656,-0.019067055674225175,0.40950469883345303,0.11544007982172261,0.210524071380521,0.2456467191966778,0.12085151314287064,0.30750943290005006,0.33082148817300705,0.20928436622893049,0.2904873010943356,0.16318340650918986,0.24961606424433727,0.00016985671604514616,0.14901027366238837,0.208473639233285,0.2492337694418742,0.028352335032394833,0.024962953977873247,0.22370918896756184,0.2146093591402864,-0.09999569840703,0.3465295430366991,0.05128549696097206,-0.012222961335446864,-0.023862304845826778,-0.08127426551170698,0.04585377243013273,0.6666655731900519,0.1527320948151433,-0.07435239991427813,-0.9167513352717183,0.2360690999933305
0.19884896279486225,0.21390529713859452,0.3146605135747261,0.3379647033289812,0.30877227321374934,0.3668442321910119,0.31973666955920477,0.3520184534099581,0.3296036626596336,0.23008161500776272,0.589577337643491,0.3629652853807066,0.3832318032882986,0.26378216748807476,0.3126234406566233,0.29028630725051685,0.35945456850295876,0.36194074841458224,0.27869647084982047,0.4092229123718542,0.3018631485082347,0.28176727374753263,0.2277745848494618,0.3063481172627752,0.30384727158272606,0.2992144034430975,0.29150367451123455,0.07468725491806937,0.402167299712013,0.18162004642862214,0.29597672726636864,0.3657650762917947,0.21631587801137853,0.34238310707190933,0.2605711695828819,0.3380684964888507,0.38682012579217717,0.27556790406475895,0.34975938278563107,0.2045977875721355,0.18019231579887615,0.30367493546337654,0.20520980214121065,0.05499665736442371,0.1752841684357671,0.3696558070327175,0.2877258349304003,-0.12519735077050587,0.3284962827303694,0.21672855222137077,-0.05834409215250747,-0.01737949054488313,-0.0011923677152120848,-0.05817095636066576,0.01025808211289287,-0.0476582740965082,0.1459905734811348,-0.03527060370074983,-0.15763852732933342
0.19022374040489579,0.20852667647985274,0.3965997695864491,0.3184542766109006,0.24666732727492027,0.38027053825828094,0.27861754620798057,0.22379644855102565,0.34472839427591684,0.34446445555043154,0.3629652853807066,0.6144648099747057,0.30411049638602516,0.258724149050218,0.26839332852213094,0.3277635892123368,0.31523794089787144,0.2938943504381924,0.30138662570255215,0.3126288867510484,0.2632515592663891,0.3156245375066033,0.19826150013050098,0.2965698133371105,0.3450398859468241,0.2686674300063353,0.30464990208971626,0.13402885652311994,0.4173876719727336,0.16787423412011743,0.2856248102286115,0.3548967731942805,0.1817839278266586,0.33608704654613697,0.2593739426003709,0.3947521869751017,0.2901240703192866,0.24129520426739784,0.2351146646812021,0.11496054428140093,0.13401561641113663,0.27805270647958863,0.2115064175550107,0.043064902355045634,0.13750873603615668,0.3299768128552866,0.2400778687934085,-0.1346416095834217,0.3099299903793816,-0.2308804031351304,0.010162583431156677,0.13997426836824056,0.01106699198654743,-0.01923256385073002,0.18044972648084207,0.08804772973682572,0.06621620027942855,-0.1789008298606487,-0.21638445970076906
0.2223288036305863,0.1960698967062113,0.30612100400520975,0.42094684602423177,0.37087661111514847,0.3745846171037519,0.3606212921172256,0.42704246795990014,0.37498520976319816,0.3665733915932702,0.3832318032882986,0.30411049638602516,0.6786715030764683,0.2775337816838534,0.1672453963648674,0.3176323105265072,0.3768543237068664,0.4266734751743753,0.348350188543832,0.3296497630223306,0.31964449516417215,0.4117946160610769,0.2930971608873799,0.32092309168886096,0.30993490153682807,0.3922577302223065,0.29015989332746395,0.020578330800269218,0.492952494093845,0.13886567551841172,0.2920818745227136,0.3897756559707237,0.257864602938275,0.38552563877873125,0.30258482238553863,0.29593995524579375,0.45846410488580613,0.24809431679537364,0.4086922715015012,0.1918593238703499,0.19505845132403754,0.3160032943037943,0.25498482657237537,0.06392404240979696,0.09362745703747016,0.34749931447403287,0.29452722493022165,-0.10073515785544787,0.4153933430287687,0.40976346010636977,-0.07345652836470096,-0.042597783546384285,-0.14621321961116632,-0.06935477175449369,0.07415447131251703,-0.01779428088163871,0.012538301045558347,-0.2756043903794632,0.1573866845673875
0.28519480072160386,0.1708026281024968,0.29288238332166594,0.4411557320765219,0.3050078752238522,0.3427018654657997,0.20416365901681713,0.3474662017682072,0.2915228555971994,0.2486194260036853,0.26378216748807476,0.258724149050218,0.2775337816838534,0.6948954848869876,0.3429225810051025,0.42865631107270546,0.2718358971110776,0.2958223088169231,0.28135208820593766,0.3559823594548866,0.23925791219016984,0.25267033647806686,0.27513922730283213,0.3096661814863684,0.32583389695716464,0.31459795450090017,0.2797322242679009,0.02525515148307,0.3632310295801529,0.22029227228825426,0.2465390805493157,0.31380236640507814,0.18073477531549345,0.2997934338650589,0.2566815455929402,0.2633172191564024,0.3784810621514916,0.24256826518231409,0.3294105072281125,0.17860887029626762,0.20529358724655863,0.25662920129669287,0.3408391627931465,0.07430247988407834,0.11909165091133868,0.301637565260497,0.2954557662686145,-0.0688363061236445,0.46813677039014756,0.23495463081743123,-0.046412636815513705,0.05492352213874671,-0.13230259479897694,-0.060998722602964225,0.04583995236927994,-0.06125948466700793,0.04884039972487414,0.017870769587622744,-0.04175709069872735
0.21365393570114816,0.13657439880207337,0.2598334095801475,0.3554131604900905,0.3619405124797028,0.23575749019221373,0.29501028401319895,0.2751720013086758,0.22835953706905607,0.29366832413451516,0.3126234406566233,0.26839332852213094,0.1672453963648674,0.3429225810051025,1.1737854144503659,0.2962803792964412,0.3248335531459933,0.3259838350996246,0.23785979224240897,0.3832504885039436,0.29969598962926053,0.09351373356994733,0.2830943371362137,0.3066758052382836,0.4328933645071551,0.30747698641547705,0.3006241797376035,0.04426645391252449,0.464518670105124,0.3414061433187308,0.3078945498889964,0.27465630684191683,0.22757479947552595,0.34533426043422666,0.3068752440950202,0.3943947463086469,0.4638982382198037,0.23159344171104201,0.3301138954838235,0.1969815973542077,0.26297888758525734,0.323149867514972,0.1769236761305865,0.05974392239197785,0.15858783359246859,0.4237909208523821,0.3278459865301535,-0.19652338412769102,0.36132607664173805,0.2070373806528784,-0.014396981729861574,-0.029590836832372357,-0.04028590153595419,-0.08007184652543232,0.14138766435999944,-0.002513296232087657,0.10411892065120737,-0.15633314486593308,-0.004162214584742272
0.21417604800304413,0.13551709754638058,0.2164150379794064,0.40571766319132363,0.31611961344876977,0.33415536327264495,0.302683399190477,0.3327351763561713,0.29460009700262557,0.2524086254972646,0.29028630725051685,0.3277635892123368,0.3176323105265072,0.42865631107270546,0.2962803792964412,0.6580542456236053,0.3176990318989295,0.3240347552514236,0.30345006108979283,0.3194078605372322,0.24601179302972614,0.36388143834744535,0.2643699360155741,0.3117681917566144,0.35267942191254403,0.3042954537924972,0.31050185081851356,0.07297720018362627,0.41731303636028666,0.22311495390271108,0.2547350949549422,0.32721356045964095,0.17791806001165547,0.34774797913417355,0.28254711716440867,0.27508977378035643,0.3816036310111581,0.22789304749828856,0.3284942234519242,0.17181317343255834,0.1753975816910843,0.27508748532766686,0.33678562859559247,0.08071913814170611,0.12730189189834032,0.2944461584818145,0.28801322578699345,-0.08366442319935823,0.4626411117182236,0.04944047656612313,-0.04436383835648077,0.05862377043548021,-0.04453936211865069,-0.06507911961366236,0.046767466903447685,0.057536797685396025,-0.07248993940901344,0.14687476064496258,-0.1895843997419177
0.2190031177515113,0.1950882121730446,0.28663536696670877,0.3871663974230636,0.31551319636682346,0.40901102789086907,0.3611269545151101,0.40527796249185666,0.3307859448855152,0.3433130380064665,0.35945456850295876,0.31523794089787144,0.3768543237068664,0.2718358971110776,0.3248335531459933,0.3176990318989295,0.8031727678152581,0.4262123404205492,0.3252248469871518,0.4099863450431402,0.25979363414121887,0.5977054288935154,0.30483191551616556,0.292469608031019,0.3315642323996126,0.3556811056797842,0.33066550870937983,0.030025243812566358,0.40458615930457686,0.11838273645065824,0.2774069246223695,0.3620687921208267,0.2395665529972877,0.3447472704196275,0.2509004614333,0.23916972057205713,0.44074922241085657,0.26284602784859923,0.400236100002799,0.1888643284323799,0.1510992694548162,0.2728517322715137,0.3986834873648614,0.06645893094693385,0.1411592706779473,0.3122411646414551,0.29909187913145596,-0.055532247657559056,0.42264062103342226,0.5876582449708719,-0.12701430641270234,-0.10224323964038516,-0.2639007176576207,-0.054741394264638664,0.15154400653547373,-0.050687087255010775,0.01635021749382197,-0.14459200972456648,0.014800704750419209
0.2095219370516516,0.3953385124410501,0.3493139959013166,0.5211107358668916,0.33970847892935924,0.4888264637223575,0.3875098494802045,0.5703278083335974,0.3449142106123294,0.3053962335012271,0.36194074841458224,0.2938943504381924,0.4266734751743753,0.2958223088169231,0.3259838350996246,0.3240347552514236,0.4262123404205492,1.303649166904939,0.36495455899137164,0.3405348830982921,0.43940172523090426,0.4501162218456312,0.6837502100759253,0.32443028171268623,0.4277691505545566,0.5601336784192295,0.32259965152942777,-0.1832713903646001,0.6103922567122059,0.06782198743958813,0.48048103814111437,0.3970381303302193,0.2889997114198747,0.5789710886210389,0.2863682865605764,0.4744922086756172,0.7220433784821577,0.2657093456751133,0.6318510743095774,0.3366210683979536,0.2551242782753548,0.42244108145869,0.22298904240144998,0.0544666157752386,0.20598993709060173,0.5523210711924343,0.6570290832347018,-0.12556949232653714,0.3157522302844939,0.8004153668856521,0.26427612360303127,-0.255478813216104,-0.4711460266460175,-0.24957501011497984,-0.014403078529369558,-0.02305114516251294,0.03369865558196871,0.10827153400934073,-0.12053921389839813
0.1913487801426139,0.1661749754395681,0.3647999510976898,0.3328085788061441,0.5136196407171808,0.5328063227666651,0.1928317893947677,0.4387367234601119,0.401000475113895,0.23824360941731,0.27869647084982047,0.30138662570255215,0.348350188543832,0.28135208820593766,0.23785979224240897,0.30345006108979283,0.3252248469871518,0.36495455899137164,0.9563307665938583,0.1974129077689258,0.3511288161855497,0.4924646441899322,0.08431001945534017,0.29827554754617724,0.298508000449059,0.32143176314149013,0.2709863226275,0.28205787019712525,0.4595795077930071,0.14174361573916106,0.3300896904913937,0.39028447295775326,0.2550097498852662,0.3294756995411286,0.19803873651842402,0.3853079070639569,0.45581064035178503,0.2356052509395787,0.4235668079051231,0.18810051942336278,0.15883199482115062,0.31198194102086485,0.20765184162443176,0.04536868587705686,0.26354273122028365,0.3641288191590479,0.26441191379868706,0.010202061686095368,0.24366914027269962,0.2707713163671256,0.04781529639654724,0.23834993023196965,-0.3009371306114903,-0.1436249163334685,0.022729036778809626,-0.048135576262829084,0.09935756573522368,0.05121564698316019,-0.16688844564344923
0.170988694697273,0.39691470830148357,0.3176168497746275,0.379715103506451,0.18457104666175528,0.5963305537901327,0.2170735571121911,0.4824710079949178,0.390319892671967,0.20909827356531815,0.4092229123718542,0.3126288867510484,0.3296497630223306,0.3559823594548866,0.3832504885039436,0.3194078605372322,0.4099863450431402,0.3405348830982921,0.1974129077689258,1.423545200091714,0.23802485536982726,0.12382567623352207,0.1376814062054762,0.3954972083801836,0.3423462266704512,0.3804223243239724,0.5010800525684607,0.22918730033810183,0.2547627869467634,0.37076594955148745,0.4254925861620326,0.4131734617448607,0.35086892511769285,0.4264118124758102,0.2656730913756809,0.3672756592823875,0.6480566677970152,0.6210123031933911,0.670476850114786,0.3346475909821599,0.264080375320088,0.3550275946015804,0.4416857210908211,0.12506882113241546,0.3000503202214545,0.4027759873222375,0.36480441597724356,0.015600968412891393,0.8926598571784865,0.2495881481462546,-0.33348623786691306,0.09762496046893544,0.10403783731612284,-0.13615572371990298,0.04576758868224387,-0.17256974860562396,0.28491795557055616,0.03000287823042182,-0.22676057309082595
0.1682925458772008,0.22000711741091905,0.2554693669295374,0.3763939582695672,0.3303672782132939,0.3286636645918403,0.3453125421737602,0.33988850371350715,0.3384692436032834,0.18218885367035073,0.3018631485082347,0.2632515592663891,0.31964449516417215,0.23925791219016984,0.29969598962926053,0.24601179302972614,0.25979363414121887,0.43940172523090426,0.3511288161855497,0.23802485536982726,0.847710541146105,-0.006318264628006392,0.2907187280748363,0.2840208147184157,0.3294373557185226,0.2872271697682721,0.22823063722151546,0.11758601364788691,0.532877386499443,0.3212352079552757,0.38812452532614117,0.328311991124044,0.21968436310449674,0.43605489237485406,0.5234006693138116,0.526886571552366,0.6752354122965032,0.27233986889446216,0.23637268525293972,0.35093586306466606,0.3456717330688417,0.6532809393881135,-0.041048317954267326,0.04642944672386996,0.5273105394274746,0.5342816789773833,0.3948754922148874,-0.3098518415080241,-0.11926412971926752,0.2478677097380222,0.03384282947022849,0.062121306449388854,-0.12212940541261932,-0.08761894294569648,-0.1002033869437316,-0.05310821955997788,0.0413265715797791,0.11345838137880178,-0.1527293019767932
0.26598850185092116,0.18279480770227294,0.4368714335675177,0.33033364992982306,0.31373058899294026,0.5462243869528245,0.34872834355559523,0.4129090469745684,0.4324860510817203,0.37131690091981406,0.28176727374753263,0.3156245375066033,0.4117946160610769,0.25267033647806686,0.09351373356994733,0.36388143834744535,0.5977054288935154,0.4501162218456312,0.4924646441899322,0.12382567623352207,-0.006318264628006392,2.5585931897681244,0.28130004957228544,0.16201512500485546,0.341424904669348,0.49233018656376826,0.3923722201245049,-0.17417489692687038,0.4575400199777829,-0.10722648437452116,0.07145335747766768,0.5322591832849577,0.11526884659695497,0.3395028127956648,0.19047529885883493,-0.2075824562989532,0.12785632108269704,0.14306718093179976,0.38740203306046916,-0.0465718763233103,-0.11707920240611462,0.03990056396165409,1.1677508808609716,0.04540428988972287,-0.05377670940423497,0.038404211221645126,0.20540766078067607,0.2228164094980555,0.8154233157547889,0.24646780646484862,-0.1459195944493288,-0.3661563863058955,-0.06160167456931588,-0.044209753650705154,0.3166977289616907,0.12963332612098724,-0.19752953282881042,-0.2048481295800001,-0.09506961916811602
0.14589020053307863,0.1395762848016734,0.14790861644100078,0.44314487490132004,0.2679762772474404,0.24206630574435473,0.3500393771174641,0.34310142269681415,0.17266555622024002,0.24607715303288286,0.2277745848494618,0.19826150013050098,0.2930971608873799,0.27513922730283213,0.2830943371362137,0.2643699360155741,0.30483191551616556,0.6837502100759253,0.08431001945534017,0.1376814062054762,0.2907187280748363,0.28130004957228544,1.5804856548857245,0.4391486063165843,0.48766594665876567,0.42909132653578036,0.12647619345071193,-0.8520720534088484,0.7194325098166767,0.1769719132774576,0.1866083967086566,0.22267980984884436,0.31991676449704265,0.49754792789374824,0.24703973700479173,0.3673054731010637,0.5909997214055173,0.09338769261793428,0.642350844429242,0.3714840604908826,0.026584423397989124,0.29842782600697765,0.12549614147079555,0.11120501724243904,0.08082262643299226,0.41597912701925643,0.44166907990779497,0.02554908077828635,0.4652294417602267,0.7425824842965179,0.04978290658930178,-0.24621903653609276,-0.23617096191477488,-0.1653255836605501,-0.09850533885248478,0.023151067050312595,-0.09658265491417745,0.13050070034304054,0.028773301327814423
0.12860496633862536,0.19500895592256753,0.30932615496330695,0.45901538625591465,0.2939537073392732,0.36402139839661435,0.32772961007012125,0.35139192298186195,0.33847120112683493,0.21973484152921577,0.3063481172627752,0.2965698133371105,0.32092309168886096,0.3096661814863684,0.3066758052382836,0.3117681917566144,0.292469608031019,0.32443028171268623,0.29827554754617724,0.3954972083801836,0.2840208147184157,0.16201512500485546,0.4391486063165843,0.9139247751551753,0.3528017580681849,0.2177033129468699,0.27969257157083255,0.11659502066007182,0.500181460903104,0.49742617580140314,0.3899679363255758,0.3810627162732986,0.5388807239290779,0.29752866551329765,0.2767066513203535,0.5170258590650771,0.5581700505489796,0.3052653962059128,0.3567124806728524,0.22122693547524994,0.32746616334895456,0.33991334776871124,0.12081282010801804,0.10376679463544704,0.06403002249091536,0.5440352276048022,0.4306486719650119,-0.2832311239601597,0.5537901273666679,0.19151464066728865,-0.09154167747313026,0.09331426655695442,-0.013957370341858913,-0.13479194663621372,-0.13354302574009416,-0.09422994670724892,0.1726021819760583,0.20858901732478644,-0.2683923130749549
0.21278561088046027,0.15227123415826993,0.2822985686607284,0.4100557399843689,0.31300878506051416,0.35786544443782714,0.35160491967723345,0.39207465850618395,0.280006590437693,0.3077330836883572,0.30384727158272606,0.3450398859468241,0.30993490153682807,0.32583389695716464,0.4328933645071551,0.35267942191254403,0.3315642323996126,0.4277691505545566,0.298508000449059,0.3423462266704512,0.3294373557185226,0.341424904669348,0.48766594665876567,0.3528017580681849,0.9422794977854358,0.31387323268287975,0.30885212756053776,-0.13837926116412527,0.7715394453543043,0.30140402914884723,0.3073468627648106,0.3333510703444726,0.22339985531711057,0.4905212860207458,0.362911295949811,0.4126499697984603,0.48537721619696317,0.2588114778787672,0.36325572072256795,0.20745641036718382,0.17450102829272773,0.3475045001665434,0.2527767899092391,0.06433200793007067,0.1873445777799325,0.5218813189788692,0.3860747600374503,-0.308238790924217,0.28702079126562635,-0.3218560894836587,-0.04378007359430399,0.10414800245387718,0.21933871781959624,-0.07896485216848345,0.11599001098929809,0.018938192551302368,0.04133621661612473,-0.04887689857087444,-0.12543818103690027
0.23938861391474017,0.13925357515680395,0.4249536657447825,0.3864094480001805,0.33029357713466295,0.41940706730031485,0.28578332724278593,0.38202181061425505,0.4322705452849624,0.3221359706509077,0.2992144034430975,0.2686674300063353,0.3922577302223065,0.31459795450090017,0.30747698641547705,0.3042954537924972,0.3556811056797842,0.5601336784192295,0.32143176314149013,0.3804223243239724,0.2872271697682721,0.49233018656376826,0.42909132653578036,0.2177033129468699,0.31387323268287975,2.955373731480954,0.2502421024220626,-0.17249305021439082,0.638699903144318,-0.589484149888117,0.3375273261255633,0.6625251298090559,0.24053257560617902,0.5265886400577231,0.4154409031006125,0.3664867370526685,0.5477497004957806,0.2951388387429593,0.6444017378062524,0.4024889516443087,0.16136497066002684,0.4165977230276531,0.2975465744978051,-0.03432447352514671,0.43725968847582153,0.3762091525824003,0.008637644255348817,-0.026377495837729324,1.0778728752954108,0.9494822912968165,0.0660445209007308,-0.1952623849028367,-0.5556213536682552,-0.1510369722584965,0.2531524139817179,0.1258776440855884,-0.016240245487208742,-0.3288202694299064,-0.025675250623287908
0.16646851989179084,0.17964717115429632,0.2143600536927825,0.30421394223201237,0.21408883766008613,0.3829283921107983,0.23217574404977492,0.3188068603292509,0.30886925513369307,0.2251698159357656,0.29150367451123455,0.30464990208971626,0.29015989332746395,0.2797322242679009,0.3006241797376035,0.31050185081851356,0.33066550870937983,0.32259965152942777,0.2709863226275,0.5010800525684607,0.22823063722151546,0.3923722201245049,0.12647619345071193,0.27969257157083255,0.30885212756053776,0.2502421024220626,0.9147544835377959,0.25246553204387806,0.25641042670717107,0.2639093001624062,0.3462530284100121,0.3879665335914761,0.2437340544275765,0.3039165716427101,0.29604231647207085,0.4234305224843122,0.3454618254682645,0.3152016102865732,0.32334061359273325,0.177120208797668,0.19998642901873898,0.275419743685341,0.5379692755458834,0.05506524298737123,0.11484448318193645,0.3046536369789326,0.29041983557418727,-0.05742587401598086,0.5327002371196312,0.08844254780501729,-0.1715367551796126,0.1428519830975368,-0.004889106888723305,-0.05592279797882884,0.13684359790295506,-0.049132293348827884,0.1920843987959467,-0.13046555003437904,-0.11920617113851131
-0.039680231338633215,0.25744725420101044,0.32187355553895863,-0.03293275222983331,-0.08072660059549712,0.1977283152261213,-0.11720144726663974,0.008091923103654156,0.183962058514475,-0.019067055674225175,0.07468725491806937,0.13402885652311994,0.020578330800269218,0.02525515148307,0.04426645391252449,0.07297720018362627,0.030025243812566358,-0.1832713903646001,0.28205787019712525,0.22918730033810183,0.11758601364788691,-0.17417489692687038,-0.8520720534088484,0.11659502066007182,-0.13837926116412527,-0.17249305021439082,0.25246553204387806,3.277922826702911,-0.511408255749778,0.11026530989275875,0.3588500643622817,0.14249769102736914,0.2709906408361106,-0.1377786709490638,-0.13471804985778327,0.649992905166425,0.1279740951511709,0.21139091683800335,-0.18406082413669694,-0.15344614088436948,0.5601107900552811,0.15435355645942497,-0.0026467808282292582,0.21252808863760358,0.008503303615875916,0.1588323418481024,-0.05905780849848938,-0.13843591103484157,-0.39912947670948984,-0.5060815973605112,-0.2737461613609921,1.1765159242092786,-0.48992618531480425,0.01809687510461136,-0.08610025399282448,-0.1274064542738818,0.14623096660020532,0.09709692575087375,-0.09840746542065235
0.28445933848658783,0.22463831796732497,0.5701646896207038,0.4868316492427805,0.4158752125315489,0.455324134934184,0.45085347686962346,0.46193710018065187,0.4244472589678383,0.40950469883345303,0.402167299712013,0.4173876719727336,0.492952494093845,0.3632310295801529,0.464518670105124,0.41731303636028666,0.40458615930457686,0.6103922567122059,0.4595795077930071,0.2547627869467634,0.532877386499443,0.4575400199777829,0.7194325098166767,0.500181460903104,0.7715394453543043,0.638699903144318,0.25641042670717107,-0.511408255749778,3.1094445852186654,0.36403745991591224,0.316116620028471,0.5416449847820164,0.3113044193055984,0.6902662060699427,0.5838983332454589,0.7724491113949447,0.7390547667063679,0.19565632085770338,0.6299836742102028,0.40126532450513486,0.45046080269698463,0.5247278430122033,-0.13196127811433134,-0.07231363361686793,0.30881083211856253,1.0336666638535184,0.5413389149691944,-0.8717476477565119,0.702565543136428,0.31619483216438155,0.018923359971296454,-0.05745749680156302,-0.0876006221026281,-0.1209054997647062,0.09255529766533817,0.04068247613024986,0.04682836557971067,-0.23854875995039412,0.06630711724029235
0.0960610413001847,0.08521045548849965,-0.05282166068526427,0.2381943927491553,0.1178774208065364,0.1390771584601231,0.21837360034110348,0.2025446121400876,0.16611589895902532,0.11544007982172261,0.18162004642862214,0.16787423412011743,0.13886567551841172,0.22029227228825426,0.3414061433187308,0.22311495390271108,0.11838273645065824,0.06782198743958813,0.14174361573916106,0.37076594955148745,0.3212352079552757,-0.10722648437452116,0.1769719132774576,0.49742617580140314,0.30140402914884723,-0.589484149888117,0.2639093001624062,0.11026530989275875,0.36403745991591224,2.5007205864327675,0.30183052874483496,0.10276589781956226,0.3166053068409783,-0.05213972925990907,0.5555328507003545,0.5057337827748678,0.7326657511546076,0.31604886990884756,0.10514336350860069,0.05526427869918664,1.0134837747362595,0.35734032564015095,0.3967501036930176,0.16294340423614156,-0.11298696793103694,0.5553971541278441,1.1927827483817826,-0.46869985152530536,0.9069633164154727,-0.36000168769122787,0.1315868714611488,-0.2006706342802566,0.4066380925676111,-0.004438055563121625,-0.004098696329198796,-0.1019153823858876,0.06698990707934911,0.4487281317808717,-0.3758689811460234
0.16042782653817425,0.18024702592602715,0.28743218453221653,0.3887149885863294,0.3104334270447587,0.3430411823414886,0.30044188432388613,0.35923726889146146,0.3177404601331564,0.210524071380521,0.29597672726636864,0.2856248102286115,0.2920818745227136,0.2465390805493157,0.3078945498889964,0.2547350949549422,0.2774069246223695,0.48048103814111437,0.3300896904913937,0.4254925861620326,0.38812452532614117,0.07145335747766768,0.1866083967086566,0.3899679363255758,0.3073468627648106,0.3375273261255633,0.3462530284100121,0.3588500643622817,0.316116620028471,0.30183052874483496,0.9813178205026455,0.37278086563275176,0.3536101200048363,0.3477765327737388,0.3289966227781732,0.8169545275160578,0.6885456916888302,0.39420221126044735,0.5347139939573498,0.28468844895920353,0.49298973649556477,0.42541055341156314,-0.04772308078979185,0.0902679156038863,0.29158025968349643,0.6753415487734192,0.3989619374061882,-0.355935452346754,0.08901796817622717,0.44274958156986954,-0.09050859175071972,0.11505903279760578,-0.18053067955621094,-0.17073046177517226,0.04586827480817488,-0.06515228486351905,0.2030209043632745,-0.011159891046129052,-0.22215274153780182
0.21233379625767063,0.15180212321975559,0.3552174033808099,0.3844188780325452,0.37672997118931645,0.45485227181234084,0.2977753638596799,0.39029113080526623,0.4084819717024528,0.2456467191966778,0.3657650762917947,0.3548967731942805,0.3897756559707237,0.31380236640507814,0.27465630684191683,0.32721356045964095,0.3620687921208267,0.3970381303302193,0.39028447295775326,0.4131734617448607,0.328311991124044,0.5322591832849577,0.22267980984884436,0.3810627162732986,0.3333510703444726,0.6625251298090559,0.3879665335914761,0.14249769102736914,0.5416449847820164,0.10276589781956226,0.37278086563275176,0.8776846404923899,0.20088813365122765,0.42889970883288414,0.21704616277741154,0.5312713588389069,0.19071135653978583,0.3580388616660998,0.4894652600266352,0.29612132488546694,0.1873579962666935,0.3372173457045438,0.24866303028599693,0.042006065336239504,0.18571255237508866,0.5388948857316554,0.2847497123372011,-0.23783917943613922,0.6598383662877403,0.34884939330182835,-0.08268144720389456,0.027591296534129294,-0.130945498197539,-0.09743965982044377,0.07441073919653712,-0.20619667283147372,0.7700408500979816,-0.4454064263388998,-0.26074006848611814
0.15097581625697565,0.17432056721105377,0.23137770920272044,0.3359273639635277,0.24670055831334872,0.20829101471832304,0.30679328392201816,0.2729726461078943,0.26182693172420096,0.12085151314287064,0.21631587801137853,0.1817839278266586,0.257864602938275,0.18073477531549345,0.22757479947552595,0.17791806001165547,0.2395665529972877,0.2889997114198747,0.2550097498852662,0.35086892511769285,0.21968436310449674,0.11526884659695497,0.31991676449704265,0.5388807239290779,0.22339985531711057,0.24053257560617902,0.2437340544275765,0.2709906408361106,0.3113044193055984,0.3166053068409783,0.3536101200048363,0.20088813365122765,1.8391781989543903,-0.04371302881648992,-0.25607368628199667,0.2794786765836237,0.9951973504082912,0.34004841699249033,0.10858260427805433,0.0076244596884766135,0.15896289174168987,0.32638888073998196,0.17516421303968824,0.13073890605280333,-0.16200382359616802,0.496085156427061,0.32919966533149775,-0.33153698348239724,0.7826219666971163,0.2731227018678881,-0.026106006098530452,-0.03436055859333351,-0.05174678993038475,-0.25704577601444356,-0.13356068180247424,-0.07507442230933058,-0.04629530350104837,0.13753423733355108,0.09428985534300632
0.10984856559926205,0.21696176253336286,0.34057933389410405,0.4420660492744618,0.37417480191783353,0.429270531682133,0.35148441113019147,0.4217497407662438,0.36441107199990724,0.30750943290005006,0.34238310707190933,0.33608704654613697,0.38552563877873125,0.2997934338650589,0.34533426043422666,0.34774797913417355,0.3447472704196275,0.5789710886210389,0.3294756995411286,0.4264118124758102,0.43605489237485406,0.3395028127956648,0.49754792789374824,0.29752866551329765,0.4905212860207458,0.5265886400577231,0.3039165716427101,-0.1377786709490638,0.6902662060699427,-0.05213972925990907,0.3477765327737388,0.42889970883288414,-0.04371302881648992,1.5443906728886934,0.5522488281279043,0.44392301522413025,0.6044410094902765,0.29547637788496056,0.6076753896088269,0.2781196696734913,-0.09406910135441496,0.4718862307784177,0.2786998244388211,0.06839143196887366,0.19395204423200485,0.41286265349566154,0.3317657183049873,-0.06723377900224026,0.5806362406900862,0.10993443377038929,-0.10881176142499646,-0.04897187915171946,0.07221735001005093,-0.13670791557697587,0.07046639599029796,0.02656703992897156,0.0673825952219655,-0.18053065067244337,0.005936665219130506
