0.9007761123006639,0.26201161399674966,0.43544857288013994,0.007945773842684687,0.10115381493253789,0.099884922216735,0.18938216778946768,0.08304494595678125,0.18168875257481137,0.15653852082359887,0.0973875152181551,0.14981965674309847,0.13149994414284463,0.1466428832242021,0.11247987910237524,0.10891676242874854,0.13008307967672644,0.12437103002850045,0.11397467068359007,0.10105871965182285,0.12038613898735179,0.1568676441191557,0.08662483439864276,0.114880055517138,0.1239025783658861,0.07763061772894884,0.1025012091447624,0.09875909622619662,0.1554525103245722,0.05316984411787184,0.10736382195478726,0.13419570560267377,0.11181560102951667,0.034667856252453666,0.12301736471331173,0.13998146502258202,0.09765125878174381,0.09776329405001263,0.12222649511262527,0.0181732742302981,0.0525945941762397,0.07620013223467567,0.09349655422719177,0.054302985901956556,0.1009652085091436,0.12814960386122548,0.064237092342872,-0.05156500858049346,0.06752332274264042
0.26201161399674966,1.6403252653660276,1.0039794530329305,0.19151391297868425,0.1497800298409767,0.4034068180361883,0.23162973797943737,0.46012630035833196,0.42703587770491025,0.37570630452364,0.3264240621213602,0.25958366868593824,0.337670585830781,0.2458272410958533,0.4641175528251812,0.22645984079044776,0.3457056829238168,0.41090719634918516,0.2457684267774419,0.4829965491721257,0.37220163200528045,0.34020983492957096,0.025963820823517596,0.23718987115436266,0.3371223909237232,0.21230989558064442,0.3123217218830271,0.3108348879106101,0.4673834165231383,0.09900797705941676,0.3717066565054147,0.27385115842758956,0.23018627385075366,0.35888416797619,0.3874789552390293,0.2879654195083553,0.42276567612541543,0.2877020799218606,0.5187893874658618,0.15132283225933219,0.1064780559792219,0.25283118764426354,0.3725724456661856,0.10373823725863825,0.4714611478410832,0.31705742605770676,0.35771716834157297,-0.11395945825410767,0.10496524950035034
0.43544857288013994,1.0039794530329305,2.1101393614159307,0.16280528633700558,-0.05290494870263624,0.45826788232176086,0.19945353682430006,0.608789168069502,0.659249122994617,0.42069358800999973,0.2785314940277455,0.17991363899679838,0.35951708880229793,0.27155562268276845,0.3971062928661639,0.18556060498499072,0.45419143863867406,0.3273436902380605,0.2678873975081299,0.37120459966944386,0.35968227724124274,0.45309251134045264,0.12607978989540738,0.2802213580255353,0.3881956695314727,0.25456955698474076,0.27417384773190245,0.323414645252411,0.6019440988058258,-0.027085082310442668,0.3356137806021594,0.3087554132600302,0.2569055976984164,0.37903418166916997,0.47675555526232394,0.3675861111440499,0.4361025919993106,0.2707370530059053,0.5010280874581587,0.0030666113984577238,0.10293133479156731,0.24471781589843072,0.2945544582624571,0.14759886616908743,0.45158611195149917,0.4141682007779492,0.33775704041660903,-0.17599268327462048,0.012838652064418926
0.007945773842684687,0.19151391297868425,0.16280528633700558,1.3380530154432095,0.6275718259940606,0.48228144521013033,0.4216558890977755,0.4155514000845869,0.24164862864508838,0.4300713104538297,0.3961727247156073,0.4983079913883435,0.37437856891734095,0.3591961081354173,0.2795124806027892,0.404632592998294,0.35369835494656904,0.3679631199899038,0.4227959620055022,0.27723465603344366,0.27931282955472575,0.34899409960032307,0.2868946850261845,0.22253797683979998,0.3718302960962518,0.2929168500305463,0.29600536521769777,0.07118654299686199,0.45413609485266304,0.02545809780513576,0.24240791312900214,0.3607252891917687,0.10163133965798724,0.5163391811414791,0.05783244341507815,0.19837207308559304,0.25790962372120996,0.2298447573060415,0.49938579263074273,0.17834180857301274,0.03679216386737986,0.22269632974122192,0.33495564180077275,0.18082162170082908,0.16675919448846024,0.18831232147111945,0.33269923312119476,-0.07341787143941528,0.24229209726199535
0.10115381493253789,0.1497800298409767,-0.05290494870263624,0.6275718259940606,1.279712408352487,0.42375320823990836,0.3535811915497147,0.36173857194401837,0.23781620693787514,0.42814385299479807,0.3950105838191032,0.4897846452624967,0.4083692163181006,0.3072177889898615,0.2844910682104325,0.4446875004473449,0.32388458925684455,0.3555824204333418,0.6030161812554155,0.3053184569977879,0.2708174105200274,0.3471738199351081,0.27451249759592605,0.22681592390208144,0.34181967149266396,0.35724336449567073,0.3125002706739931,0.09494749542412503,0.4212859602399263,0.06779522858785499,0.287861737317326,0.3369878981307486,0.12437078787051634,0.5454554899866726,0.06502878226915022,0.2187928162377743,0.37375902570745545,0.24501223946171818,0.523022172940239,0.20942090979765957,0.08937303028132593,0.2693068824768264,0.31747543602100875,0.16399468596978947,0.1382077126315637,0.1991194986124935,0.3540786386423281,-0.06398075073068661,0.23142699182691928
0.099884922216735,0.4034068180361883,0.45826788232176086,0.48228144521013033,0.42375320823990836,1.0180856201840915,0.2134695289394768,0.5821117291588186,0.37736641031412,0.44602698205629676,0.4668405071710797,0.49639234958716005,0.430978469551075,0.39443530254236175,0.40681763855446956,0.41689911510666217,0.49491107091013864,0.3466618976796588,0.6098677124187087,0.4343741382300802,0.3724199524842278,0.43310463109948155,0.13277306479766693,0.28462875558844664,0.4271826676570317,0.3271103652226295,0.36024503516679074,0.2074763534816846,0.5436184385498111,0.08399049236438254,0.32724799199464366,0.40542187482467773,0.15905721279251117,0.49774520100435504,0.2617751101782899,0.2795689089548134,0.3575400980109121,0.3108506401027874,0.6124820564668573,0.2341174104841178,0.054139072833867444,0.28908205397092185,0.4086253397392152,0.1319675558922435,0.3743719422983557,0.3152201300741288,0.44371824851309644,-0.1252311549908756,0.07361018429814264
0.18938216778946768,0.23162973797943737,0.19945353682430006,0.4216558890977755,0.3535811915497147,0.2134695289394768,0.7119629340884166,0.23888663956988637,0.34100996558560515,0.30397726022774085,0.316788231850119,0.45018832096324884,0.29114319326217925,0.16689704452875415,0.08190370029718194,0.26521861161638133,0.3097150949131155,0.3014609910612872,0.2643022773353083,0.19420772389929575,0.22551487937888126,0.3248857025754213,0.28545970360818396,0.1730456691664485,0.2397585974082044,0.19767687101527506,0.24167497455924342,0.056340771376275044,0.3069325945466145,0.026949678652350404,0.1839450315173937,0.23906086511952476,0.11446438604761788,0.3172726709698745,0.08045522539721522,0.21967391837692749,0.14979326520240543,0.16700450880233209,0.30801075884860174,0.1290382935107412,0.048141877263027814,0.150307229845929,0.264419978627714,0.13003908332461103,0.08091635859034674,0.15207475471095952,0.10751952591334558,-0.07029991170088677,0.23909179551686913
0.08304494595678125,0.46012630035833196,0.608789168069502,0.4155514000845869,0.36173857194401837,0.5821117291588186,0.23888663956988637,0.9801159633078658,0.25528986040459456,0.47739466256091906,0.4449857383375494,0.1970975583454292,0.4239261846561712,0.35535391296679275,0.3502529808631697,0.3204195843355352,0.4625005905103725,0.3566449959196876,0.41926913354405215,0.3839199301251798,0.3087733125395927,0.3454340696589995,0.16547459858860275,0.24069741349395332,0.3906379822075491,0.2955699774724465,0.30298782121600115,0.15936304532447546,0.552241029262241,0.0958491845298831,0.29575736267535957,0.3380529078692794,0.07964353987260307,0.4920501364234936,0.32265631861552596,0.20817224601811632,0.3770964515912146,0.2622932265262699,0.7194943869117632,0.19832787045674768,-0.0013895004730569529,0.23063493370418334,0.3609466511462627,0.15176561801934746,0.3847895290004174,0.26609894348219315,0.4361699811764071,-0.10690333249546978,0.1532360439392033
0.18168875257481137,0.42703587770491025,0.659249122994617,0.24164862864508838,0.23781620693787514,0.37736641031412,0.34100996558560515,0.25528986040459456,1.117265552436723,0.12671246502992964,0.23479469636019018,0.23647087133041136,0.3268566512511188,0.23580200364521506,0.05838910609003352,0.22628423338931855,0.35171948098037686,0.3322614948349678,0.3183005338956593,0.19368389628059496,0.32929723369772546,0.591704020937359,0.2606743238381674,0.26406052729736884,0.2530568340291487,0.33712846623921017,0.2623319938746188,0.2486744182547452,0.3026517303673143,0.107974576668108,0.2949992943187446,0.29177367901992785,0.3235891190692705,0.2233047890609776,0.21879251379342513,0.3407693688045939,0.2888911526712262,0.19573102599392297,0.3572745553872838,0.0989002519220854,0.2170212279326484,0.20042902143672894,0.28749319260915485,0.16084520770145028,0.10735983017163266,0.27910115561810506,0.25260769552713774,-0.11535545651325073,0.6835032414710231
0.15653852082359887,0.37570630452364,0.42069358800999973,0.4300713104538297,0.42814385299479807,0.44602698205629676,0.30397726022774085,0.47739466256091906,0.12671246502992964,1.0306423975868844,0.45456028310278396,0.4931116041021336,0.45660401115986204,0.31687803822970884,0.4621551327265811,0.34014308311267616,0.43310827593961293,0.4164556708096303,0.4077316140561782,0.30771858623112563,0.245389659948103,0.2837241993684421,0.30509221542114323,0.2382681706579319,0.48536202866787215,0.2318680322571238,0.3402912831024672,0.11977612576532383,0.6887495274574507,0.11901689338068093,0.2901895258095716,0.3350231596157381,0.01938529266291245,0.6370403651659338,0.3085503076647425,0.2335735662989432,0.4081756406843049,0.23717952830899902,0.5675182629615085,0.16505245743743588,-0.0006251992278732163,0.22099217558962625,0.3575548879150983,0.1828469583804145,0.3090927320053133,0.24320976188903048,0.3634317575486397,-0.10082313921899984,-0.06942318351046196
0.0973875152181551,0.3264240621213602,0.2785314940277455,0.3961727247156073,0.3950105838191032,0.4668405071710797,0.316788231850119,0.4449857383375494,0.23479469636019018,0.45456028310278396,0.7873321342039423,0.45152727798775294,0.4256788712136647,0.2677430384675296,0.3995640384079957,0.3574483244137322,0.44161961649197573,0.36147906894829807,0.38257494313683604,0.4279023205387858,0.33255615986822223,0.3268950457047717,0.22326147611071512,0.2513166826999217,0.3842129106007614,0.25160456819544985,0.35103521436327334,0.1872290309217729,0.5295924743659234,0.09108012846579819,0.32161510729132436,0.31811420817924174,0.12828420760277143,0.4680884400272805,0.3115522106103709,0.2826884149608041,0.3420789071061162,0.27288240366305266,0.6168609108389612,0.2414748423530807,0.04811457167100415,0.26499308794121945,0.36839138196846705,0.13310218213857128,0.32996378761358286,0.26896779288253553,0.35857267364027046,-0.10160744649817052,0.12423636797889386
0.14981965674309847,0.25958366868593824,0.17991363899679838,0.4983079913883435,0.4897846452624967,0.49639234958716005,0.45018832096324884,0.1970975583454292,0.23647087133041136,0.4931116041021336,0.45152727798775294,1.0282022498004508,0.3412119745241604,0.27471492526996694,0.3352087466146621,0.3825523424681844,0.36859072018846206,0.39216739886338103,0.43032236030187826,0.28801730004102216,0.2731247091658224,0.31920193004440445,0.30514122222273277,0.20001977807731705,0.3842646410629765,0.29041987056193797,0.37237224596561597,0.02528193684089341,0.45908339958252703,-0.0564722144547697,0.2152791790827481,0.36318111487992566,0.05852729571580254,0.482442401810936,0.09762129695978806,0.24428061703106152,0.07543934049597145,0.23181142699830848,0.34842388240329764,0.19516256206477547,-0.010167661905939377,0.21286124457413383,0.3556679719146385,0.10922880929621637,0.15245182233103535,0.21783399345434107,0.2540767961070945,-0.09241942325879206,0.06204795059662961
0.13149994414284463,0.337670585830781,0.35951708880229793,0.37437856891734095,0.4083692163181006,0.430978469551075,0.29114319326217925,0.4239261846561712,0.3268566512511188,0.45660401115986204,0.4256788712136647,0.3412119745241604,0.879218567069541,0.32309289035828775,0.17472206084335276,0.3941615377028979,0.38760847143137334,0.3829981427924834,0.4123097823166075,0.26999390216500624,0.2857100377794866,0.4653714612912257,0.3076872322925184,0.2506173071433916,0.43893830515770915,0.2249459457605044,0.35167131569988264,0.1749261257385661,0.7320564204310501,0.0859849078373232,0.2538601924613338,0.37133013783122504,0.03860008787666765,0.49944200962588947,0.38910085902558544,0.26050978938773917,0.2951014413944093,0.2050090512850944,0.8102223690681701,0.23494030299279176,-0.07046420949260285,0.21807068798788107,0.37052999948712756,0.2153399706894035,0.2837686288579962,0.2557834705540851,0.3657152459281102,-0.136571144427639,0.26962555769064606
0.1466428832242021,0.2458272410958533,0.27155562268276845,0.3591961081354173,0.3072177889898615,0.39443530254236175,0.16689704452875415,0.35535391296679275,0.23580200364521506,0.31687803822970884,0.2677430384675296,0.27471492526996694,0.32309289035828775,0.608945804028787,0.3185407813740641,0.36971095544045807,0.2722765020502049,0.26687677622760325,0.34267815200542495,0.24807342912498842,0.252228468070377,0.31183714054260153,0.18766525862062197,0.23175005228963974,0.4005931934054252,0.24876782060040778,0.23599099465773493,0.16285281296679338,0.42416778545394035,0.10469186283963171,0.21957953845513684,0.4059837306382886,0.08444476977157649,0.3588455419634339,0.24570322284045565,0.1971187923861079,0.21668223547935936,0.20410189198249729,0.4485458604917009,0.1469520790603859,0.040754975035773904,0.20950895767372676,0.29131724976487894,0.1306515800161101,0.2335592781586357,0.20396814748509703,0.35896768656287087,-0.07768578000627138,0.3006350596485799
0.11247987910237524,0.4641175528251812,0.3971062928661639,0.2795124806027892,0.2844910682104325,0.40681763855446956,0.08190370029718194,0.3502529808631697,0.05838910609003352,0.4621551327265811,0.3995640384079957,0.3352087466146621,0.17472206084335276,0.3185407813740641,1.1733543460764706,0.20560293603965013,0.3027934248897887,0.29105904630599405,0.2692101597338982,0.4336935675403452,0.28499151584734206,0.11407237882861522,0.15384985847701532,0.22798979152688487,0.4015792205245954,0.19371924801987095,0.24135713915610316,0.2230494536008709,0.4329083906484484,0.2101003170881892,0.33327768578668415,0.2588331309581745,0.16762403268360182,0.45176717566221025,0.26991531642931166,0.2731575568350242,0.4394377697260494,0.20288666145881956,0.4234124382649419,0.11870644798805416,0.19501026529618617,0.2572845484665438,0.2621728372354374,0.10593265357863366,0.3210609525103992,0.2625330347328828,0.29007303043311333,-0.05982236546307255,-0.1107213895398318
0.10891676242874854,0.22645984079044776,0.18556060498499072,0.404632592998294,0.4446875004473449,0.41689911510666217,0.26521861161638133,0.3204195843355352,0.22628423338931855,0.34014308311267616,0.3574483244137322,0.3825523424681844,0.3941615377028979,0.36971095544045807,0.20560293603965013,0.8960353666778476,0.36987127929706665,0.31912090840532004,0.4537290713813589,0.26534751958368047,0.28243821967344634,0.4833337780546605,0.13911346719577256,0.24353096564333618,0.3329727397355335,0.3143901709603904,0.3358798402291825,0.23895737065050088,0.523962925450526,0.0738633933902166,0.24656857857029696,0.37220852116749403,0.044366295955254965,0.39112060856550307,0.4075272496375547,0.2714385503932743,0.25845786379748276,0.21531281016585638,0.5739775488351161,0.2922667467167866,0.05986982497656611,0.3254795486858624,0.3674904055115049,0.1159852594319467,0.3283060757999838,0.22971369671134967,0.3738022339427028,-0.11410209030105094,0.26079142111116016
0.13008307967672644,0.3457056829238168,0.45419143863867406,0.35369835494656904,0.32388458925684455,0.49491107091013864,0.3097150949131155,0.4625005905103725,0.35171948098037686,0.43310827593961293,0.44161961649197573,0.36859072018846206,0.38760847143137334,0.2722765020502049,0.3027934248897887,0.36987127929706665,0.9628542881016549,0.21666381720090885,0.42721383946261154,0.4901847527135619,0.34312818578861537,0.44276618827892444,0.10310429037818913,0.27104035468859505,0.40716159983835415,0.12416000781766982,0.344081946200711,0.2804731254235283,0.4577508619942307,0.1313665417004375,0.3334658180353113,0.2797063178685821,0.22405496415331727,0.412188833862317,0.3286536583934287,0.2942494401984136,0.5024839638903696,0.33951113206293526,0.4191157726076128,0.19498410352891504,0.11782516793731608,0.2800524835345325,0.4246002958677204,0.12149989644939131,0.3612659796351414,0.31064514880078586,0.3719874447641532,-0.11988611196882716,0.10976497507052543
0.12437103002850045,0.41090719634918516,0.3273436902380605,0.3679631199899038,0.3555824204333418,0.3466618976796588,0.3014609910612872,0.3566449959196876,0.3322614948349678,0.4164556708096303,0.36147906894829807,0.39216739886338103,0.3829981427924834,0.26687677622760325,0.29105904630599405,0.31912090840532004,0.21666381720090885,1.0150790051519138,0.2873183255044876,0.05685526285926235,0.28635068213936193,0.3915329349884969,0.5137573985170305,0.20376193622364905,0.4307899837364832,0.19573904761140834,0.25283840729213025,0.12361542898834259,0.5604402252382338,0.08209767316934366,0.3164749801468766,0.2942855810430044,0.08274985877147778,0.4548916194217436,0.24737684278276778,0.3109367488926744,0.1885459785288033,0.11839483218264367,0.5953974224330784,0.14324922024343872,0.006012348009083718,0.11512502751811558,0.3642902769446454,0.2276511144037505,0.2980478379426689,0.20154297323123443,0.2346338113334105,-0.11642477959305207,0.08847907798925636
0.11397467068359007,0.2457684267774419,0.2678873975081299,0.4227959620055022,0.6030161812554155,0.6098677124187087,0.2643022773353083,0.41926913354405215,0.3183005338956593,0.4077316140561782,0.38257494313683604,0.43032236030187826,0.4123097823166075,0.34267815200542495,0.2692101597338982,0.4537290713813589,0.42721383946261154,0.2873183255044876,1.1493677562574793,0.3495344042119569,0.3295575185281952,0.42923641097195103,0.08749156147078924,0.2726942456702739,0.38358957385102627,0.20148020228652508,0.319555399011691,0.2324251179157372,0.4821479566139155,0.1754817812921337,0.31586852222052636,0.3464932952492985,0.21204615018293946,0.4403771209009617,0.2161852015228422,0.2769346405621357,0.4013380841749981,0.29556057830734406,0.6216265420414769,0.1943043826255329,0.08296418554027148,0.26818688604180646,0.34581330129083926,0.1426062785739449,0.33168096813883063,0.2936563103788022,0.3913836660457712,-0.10927169240477828,0.01007228231886594
0.10105871965182285,0.4829965491721257,0.37120459966944386,0.27723465603344366,0.3053184569977879,0.4343741382300802,0.19420772389929575,0.3839199301251798,0.19368389628059496,0.30771858623112563,0.4279023205387858,0.28801730004102216,0.26999390216500624,0.24807342912498842,0.4336935675403452,0.26534751958368047,0.4901847527135619,0.05685526285926235,0.3495344042119569,1.278480321331589,0.2902003637774557,0.25441455880649894,-0.010868547884270462,0.27026616369012607,0.30877963421241483,0.3165451377309551,0.3953357223253214,0.31146544436574425,0.32970520808300774,0.23521457821718952,0.40955575469850575,0.25495649053105424,0.22179894010704207,0.512443875936331,0.3378282106500541,0.17251466670508658,0.7015047144596865,0.5838030873164235,0.5800066390203407,0.3623702095099057,0.14922335198090253,0.4018527893940139,0.6231405566828679,0.04800117918341351,0.6862378203301619,0.32591900019559733,0.6076380850807793,-0.03811213072791806,0.28401654212459115
0.12038613898735179,0.37220163200528045,0.35968227724124274,0.27931282955472575,0.2708174105200274,0.3724199524842278,0.22551487937888126,0.3087733125395927,0.32929723369772546,0.245389659948103,0.33255615986822223,0.2731247091658224,0.2857100377794866,0.252228468070377,0.28499151584734206,0.28243821967344634,0.34312818578861537,0.28635068213936193,0.3295575185281952,0.2902003637774557,0.6410048088338749,0.3404969830963742,0.1854799735146456,0.25492651234701386,0.27243725594892076,0.25237942583911094,0.2534766781448642,0.2645828605641989,0.2906470418622144,0.06341428035944237,0.347646317173752,0.29152006731165514,0.3341652339447564,0.22244136820598429,0.23393627017825297,0.3726276187048779,0.27738054282635555,0.23259657321440713,0.5035800649703492,0.202457182450355,0.2554697902953375,0.2636213134990465,0.33131831881453105,0.14237444410028027,0.33879737760166867,0.2922330603952485,0.3192497254635091,-0.08868687867495076,0.2518737179952916
0.1568676441191557,0.34020983492957096,0.45309251134045264,0.34899409960032307,0.3471738199351081,0.43310463109948155,0.3248857025754213,0.3454340696589995,0.591704020937359,0.2837241993684421,0.3268950457047717,0.31920193004440445,0.4653714612912257,0.31183714054260153,0.11407237882861522,0.4833337780546605,0.44276618827892444,0.3915329349884969,0.42923641097195103,0.25441455880649894,0.3404969830963742,1.1595950584711325,0.3572777912064027,0.28699788634886864,0.30757256505303404,0.2933258190005764,0.3615509953223675,0.2306169869609274,0.4377991862402659,0.09127516302161605,0.2865138209274388,0.38546559762432353,0.24518542677707017,0.2978445708092363,0.25430194480631396,0.4484576887151524,0.22986613815423387,0.23945772852530336,0.5767627590452824,0.21693921501601643,0.15620905400051283,0.27239190146502057,0.4100002582098524,0.1659800345906898,0.09103625774134437,0.37872831433900983,0.3360196777479667,-0.2392430189292153,0.8281162223561537
0.08662483439864276,0.025963820823517596,0.12607978989540738,0.2868946850261845,0.27451249759592605,0.13277306479766693,0.28545970360818396,0.16547459858860275,0.2606743238381674,0.30509221542114323,0.22326147611071512,0.30514122222273277,0.3076872322925184,0.18766525862062197,0.15384985847701532,0.13911346719577256,0.10310429037818913,0.5137573985170305,0.08749156147078924,-0.010868547884270462,0.1854799735146456,0.3572777912064027,1.5356320380343047,0.21314252563447805,0.4175720425936206,0.016735273831739596,0.19302245514631428,-0.26430770690939087,0.5768573264074957,0.14732245259707608,0.042632640575612814,0.22889380896779926,-0.026075525934774527,0.49398062551315275,-0.061889326728294475,0.4673138882157935,0.09235276446231516,0.013187118315586794,0.5215292534153046,0.005414173971080449,0.08788949576923145,0.009057917476872943,0.2616181092935607,0.3696794257708402,-0.15640753259874537,0.1958994251678994,0.04628604818344668,-0.11102682512606918,0.2697220662555669
0.114880055517138,0.23718987115436266,0.2802213580255353,0.22253797683979998,0.22681592390208144,0.28462875558844664,0.1730456691664485,0.24069741349395332,0.26406052729736884,0.2382681706579319,0.2513166826999217,0.20001977807731705,0.2506173071433916,0.23175005228963974,0.22798979152688487,0.24353096564333618,0.27104035468859505,0.20376193622364905,0.2726942456702739,0.27026616369012607,0.25492651234701386,0.28699788634886864,0.21314252563447805,0.47652636324879866,0.2408990960076539,0.16839250615931506,0.22011700129762157,0.29419068094451406,0.25571874393178595,0.34003034340411475,0.24438779368552288,0.2952465263932248,0.4454083405622253,0.21400207805605445,0.28676251257655694,0.3860029797580565,0.4157265597929742,0.19253779159540035,0.2847117928555778,0.10418399651238833,0.2308342162894441,0.2326230109539125,0.24650442469285327,0.12984858090260037,0.24192301497953447,0.2511919405210768,0.196533973286116,-0.08623029946859548,0.10329905791846515
0.1239025783658861,0.3371223909237232,0.3881956695314727,0.3718302960962518,0.34181967149266396,0.4271826676570317,0.2397585974082044,0.3906379822075491,0.2530568340291487,0.48536202866787215,0.3842129106007614,0.3842646410629765,0.43893830515770915,0.4005931934054252,0.4015792205245954,0.3329727397355335,0.40716159983835415,0.4307899837364832,0.38358957385102627,0.30877963421241483,0.27243725594892076,0.30757256505303404,0.4175720425936206,0.2408990960076539,2.1533776424790494,0.08388450113276864,0.4029859728277994,0.019369643043468887,1.8026135906458265,0.31779527749901343,0.33868528546135745,0.4033275511705412,-0.30090290947689574,1.1188505393258799,0.46453402948470085,0.17691138937004794,0.6837952787151422,0.29293049885780237,0.9422354535383881,0.15796427953438213,-0.10217068057570594,0.19537511062230986,0.4486484656384649,0.26256462865934255,0.5772760230169466,0.2766381940151202,0.5866342997809698,-0.16072799329157514,-0.23190210162323938
0.07763061772894884,0.21230989558064442,0.25456955698474076,0.2929168500305463,0.35724336449567073,0.3271103652226295,0.19767687101527506,0.2955699774724465,0.33712846623921017,0.2318680322571238,0.25160456819544985,0.29041987056193797,0.2249459457605044,0.24876782060040778,0.19371924801987095,0.3143901709603904,0.12416000781766982,0.19573904761140834,0.20148020228652508,0.3165451377309551,0.25237942583911094,0.2933258190005764,0.016735273831739596,0.16839250615931506,0.08388450113276864,2.812137655611286,0.31001463467531254,0.278857366500379,-0.14302656009519715,-0.7972824546737229,0.0964388635476071,0.5098583636715885,-0.047976610263736195,0.4215504006433786,0.31376355761269054,0.13912405007496628,-0.5427048184192685,0.1346385354373224,0.09628597664606867,0.4059098955047392,0.43684035259957693,0.4260517251614102,0.19509390549444158,0.0642341891641985,-0.06981982190596736,0.09650558355283019,0.2023352929324914,0.039009611689743026,0.7570245498875781
0.1025012091447624,0.3123217218830271,0.27417384773190245,0.29600536521769777,0.3125002706739931,0.36024503516679074,0.24167497455924342,0.30298782121600115,0.2623319938746188,0.3402912831024672,0.35103521436327334,0.37237224596561597,0.35167131569988264,0.23599099465773493,0.24135713915610316,0.3358798402291825,0.344081946200711,0.25283840729213025,0.319555399011691,0.3953357223253214,0.2534766781448642,0.3615509953223675,0.19302245514631428,0.22011700129762157,0.4029859728277994,0.31001463467531254,0.8888214362920852,0.2512282743299443,0.46924887603304477,0.17530136153955553,0.31466098180891805,0.31012621190120987,0.07966394691492086,0.37064894688874245,0.3541403502163825,0.47552064114179127,0.2547747516646939,0.2666036884232713,0.4564964057441716,0.29796789339905094,0.1310360232306766,0.27347996016002574,0.5889431793047641,0.03351893770345528,0.3023670591029236,0.3416791433167982,0.2835986872352354,-0.14136462169385589,0.20144809724679122
0.09875909622619662,0.3108348879106101,0.323414645252411,0.07118654299686199,0.09494749542412503,0.2074763534816846,0.056340771376275044,0.15936304532447546,0.2486744182547452,0.11977612576532383,0.1872290309217729,0.02528193684089341,0.1749261257385661,0.16285281296679338,0.2230494536008709,0.23895737065050088,0.2804731254235283,0.12361542898834259,0.2324251179157372,0.31146544436574425,0.2645828605641989,0.2306169869609274,-0.26430770690939087,0.29419068094451406,0.019369643043468887,0.278857366500379,0.2512282743299443,1.197101690945225,-0.1283966503421603,0.2283937755231702,0.38651806586899917,0.14171708666988447,0.6446927586399733,-0.09734122334677313,0.7592877493556709,0.5452698702438281,0.4094601045441645,0.15933145851724034,0.09490777967494363,0.17346521005241727,0.4361069008005029,0.36517200079077294,0.1944614683901499,0.14170761918995015,0.4214164084361768,0.24455732828212176,0.038272463521682495,-0.06597171169042179,-0.21687563873805912
0.1554525103245722,0.4673834165231383,0.6019440988058258,0.45413609485266304,0.4212859602399263,0.5436184385498111,0.3069325945466145,0.552241029262241,0.3026517303673143,0.6887495274574507,0.5295924743659234,0.45908339958252703,0.7320564204310501,0.42416778545394035,0.4329083906484484,0.523962925450526,0.4577508619942307,0.5604402252382338,0.4821479566139155,0.32970520808300774,0.2906470418622144,0.4377991862402659,0.5768573264074957,0.25571874393178595,1.8026135906458265,-0.14302656009519715,0.46924887603304477,-0.1283966503421603,4.324475295223258,0.41816281445384745,0.11554025020441987,0.572034882070409,-0.8764632361906219,1.5216052518652012,0.7307534372480919,0.11803744832709034,0.8617655721826257,0.21577321427479945,1.4337023056063434,0.2997515468299911,-0.3311202502714243,0.15487417890164723,0.47503477064187244,0.20430747253488754,0.9016768485432306,0.29010170607745545,0.7792378183251248,-0.24714927892747426,-0.02834526776596762
0.05316984411787184,0.09900797705941676,-0.027085082310442668,0.02545809780513576,0.06779522858785499,0.08399049236438254,0.026949678652350404,0.0958491845298831,0.107974576668108,0.11901689338068093,0.09108012846579819,-0.0564722144547697,0.0859849078373232,0.10469186283963171,0.2101003170881892,0.0738633933902166,0.1313665417004375,0.08209767316934366,0.1754817812921337,0.23521457821718952,0.06341428035944237,0.09127516302161605,0.14732245259707608,0.34003034340411475,0.31779527749901343,-0.7972824546737229,0.17530136153955553,0.2283937755231702,0.41816281445384745,3.459480997375443,0.36623467593430437,-0.06754620746880874,-0.06026465398047804,-0.5416190227988523,0.5594655469547077,0.48596641169646115,0.7256641625704588,0.19963070371795663,-0.07081620196758624,-0.07329043620352788,0.9213293177439205,0.021353682218928447,0.41313983750874683,0.2906703713145216,0.7475492929779658,0.2724024340145013,0.1855239707721168,-0.009545769667431212,0.15433486222969597
0.10736382195478726,0.3717066565054147,0.3356137806021594,0.24240791312900214,0.287861737317326,0.32724799199464366,0.1839450315173937,0.29575736267535957,0.2949992943187446,0.2901895258095716,0.32161510729132436,0.2152791790827481,0.2538601924613338,0.21957953845513684,0.33327768578668415,0.24656857857029696,0.3334658180353113,0.3164749801468766,0.31586852222052636,0.40955575469850575,0.347646317173752,0.2865138209274388,0.042632640575612814,0.24438779368552288,0.33868528546135745,0.0964388635476071,0.31466098180891805,0.38651806586899917,0.11554025020441987,0.36623467593430437,1.1674250270019952,0.22890243064538196,0.4048721043192464,0.3108788407454212,0.38858669409144675,0.551263515216813,0.44357739669194374,0.3222960160752091,0.48001251114943927,0.11580198252326747,0.25465605046184037,0.27194787976435236,0.2896792517350285,0.17207848915599755,0.48246501925904506,0.3168757169831578,0.17698921027045936,-0.1347916927418316,-0.4116860461941543
0.13419570560267377,0.27385115842758956,0.3087554132600302,0.3607252891917687,0.3369878981307486,0.40542187482467773,0.23906086511952476,0.3380529078692794,0.29177367901992785,0.3350231596157381,0.31811420817924174,0.36318111487992566,0.37133013783122504,0.4059837306382886,0.2588331309581745,0.37220852116749403,0.2797063178685821,0.2942855810430044,0.3464932952492985,0.25495649053105424,0.29152006731165514,0.38546559762432353,0.22889380896779926,0.2952465263932248,0.4033275511705412,0.5098583636715885,0.31012621190120987,0.14171708666988447,0.572034882070409,-0.06754620746880874,0.22890243064538196,0.8216810754706081,0.025097577514230654,0.44712358084613296,0.19940282075011004,0.23530926161651192,-0.015182944172168313,0.2502810500385723,0.556592423084712,0.1912064096929297,-0.09653629022556678,0.23899065930669752,0.29307555242395095,0.1256816158718066,0.24840704354085513,0.22178900779895921,0.321348940634806,-0.12052223175925,0.25149559721418296
0.11181560102951667,0.23018627385075366,0.2569055976984164,0.10163133965798724,0.12437078787051634,0.15905721279251117,0.11446438604761788,0.07964353987260307,0.3235891190692705,0.01938529266291245,0.12828420760277143,0.05852729571580254,0.03860008787666765,0.08444476977157649,0.16762403268360182,0.044366295955254965,0.22405496415331727,0.08274985877147778,0.21204615018293946,0.22179894010704207,0.3341652339447564,0.24518542677707017,-0.026075525934774527,0.4454083405622253,-0.30090290947689574,-0.047976610263736195,0.07966394691492086,0.6446927586399733,-0.8764632361906219,-0.06026465398047804,0.4048721043192464,0.025097577514230654,2.1925282098791627,-0.4776469891094559,-0.35202983616631733,0.34148019186973316,0.6302137907412743,0.12277000524794508,-0.3652169944048728,-0.12136054165104837,0.5183969473235075,0.3164225630380937,0.04073266399592408,0.0689284149834462,-0.07185787961941298,0.2598830083318607,-0.030552655081481084,0.0030431285666917,0.1155309909295962
0.034667856252453666,0.35888416797619,0.37903418166916997,0.5163391811414791,0.5454554899866726,0.49774520100435504,0.3172726709698745,0.4920501364234936,0.2233047890609776,0.6370403651659338,0.4680884400272805,0.482442401810936,0.49944200962588947,0.3588455419634339,0.45176717566221025,0.39112060856550307,0.412188833862317,0.4548916194217436,0.4403771209009617,0.512443875936331,0.22244136820598429,0.2978445708092363,0.49398062551315275,0.21400207805605445,1.1188505393258799,0.4215504006433786,0.37064894688874245,-0.09734122334677313,1.5216052518652012,-0.5416190227988523,0.3108788407454212,0.44712358084613296,-0.4776469891094559,3.1366637585352817,0.327896454316664,-0.22054488799628372,1.040303385423969,0.34606566436368547,1.0832680678321196,0.20257468089831812,-0.5191281122835154,0.30029446327854664,0.7123489674633444,0.3569562080430682,0.2848126832454475,-0.05992161073533875,1.0499153383150779,-0.03336999310176374,-0.15903934423674554
0.12301736471331173,0.3874789552390293,0.47675555526232394,0.05783244341507815,0.06502878226915022,0.2617751101782899,0.08045522539721522,0.32265631861552596,0.21879251379342513,0.3085503076647425,0.3115522106103709,0.09762129695978806,0.38910085902558544,0.24570322284045565,0.26991531642931166,0.4075272496375547,0.3286536583934287,0.24737684278276778,0.2161852015228422,0.3378282106500541,0.23393627017825297,0.25430194480631396,-0.061889326728294475,0.28676251257655694,0.46453402948470085,0.31376355761269054,0.3541403502163825,0.7592877493556709,0.7307534372480919,0.5594655469547077,0.38858669409144675,0.19940282075011004,-0.35202983616631733,0.327896454316664,2.5362396695995924,0.4024015020483149,0.38250160344008427,0.15529272083744453,0.5765434591396896,0.4117176445669544,-0.046191868164865875,0.339734730160723,0.3726702694606704,0.1953108844471713,1.042286374687786,0.3136866971095256,0.26797142451673506,-0.16348657381018833,-0.8875131871357079
0.13998146502258202,0.2879654195083553,0.3675861111440499,0.19837207308559304,0.2187928162377743,0.2795689089548134,0.21967391837692749,0.20817224601811632,0.3407693688045939,0.2335735662989432,0.2826884149608041,0.24428061703106152,0.26050978938773917,0.1971187923861079,0.2731575568350242,0.2714385503932743,0.2942494401984136,0.3109367488926744,0.2769346405621357,0.17251466670508658,0.3726276187048779,0.4484576887151524,0.4673138882157935,0.3860029797580565,0.17691138937004794,0.13912405007496628,0.47552064114179127,0.5452698702438281,0.11803744832709034,0.48596641169646115,0.551263515216813,0.23530926161651192,0.34148019186973316,-0.22054488799628372,0.4024015020483149,2.5873517250332876,-0.09816877785012174,-0.003568870465871145,0.011592163891174043,0.13431429517539117,1.104651825695265,0.25058740515230893,-0.04193488194075672,-0.1747212781696588,-0.3036123906028187,0.8127542097552007,-0.8608771876137543,-0.5050499793085392,-0.6233766541490284
0.09765125878174381,0.42276567612541543,0.4361025919993106,0.25790962372120996,0.37375902570745545,0.3575400980109121,0.14979326520240543,0.3770964515912146,0.2888911526712262,0.4081756406843049,0.3420789071061162,0.07543934049597145,0.2951014413944093,0.21668223547935936,0.4394377697260494,0.25845786379748276,0.5024839638903696,0.1885459785288033,0.4013380841749981,0.7015047144596865,0.27738054282635555,0.22986613815423387,0.09235276446231516,0.4157265597929742,0.6837952787151422,-0.5427048184192685,0.2547747516646939,0.4094601045441645,0.8617655721826257,0.7256641625704588,0.44357739669194374,-0.015182944172168313,0.6302137907412743,1.040303385423969,0.38250160344008427,-0.09816877785012174,3.7254161938179404,0.43005085285139405,0.3138544595914503,-0.09498718875108589,0.4354432541457831,0.382531980148544,0.5795787185196754,0.23244974081251388,0.8545116137297335,0.3125610745096078,0.7825277433638824,0.02843406608252648,-0.5871812029225996
0.09776329405001263,0.2877020799218606,0.2707370530059053,0.2298447573060415,0.24501223946171818,0.3108506401027874,0.16700450880233209,0.2622932265262699,0.19573102599392297,0.23717952830899902,0.27288240366305266,0.23181142699830848,0.2050090512850944,0.20410189198249729,0.20288666145881956,0.21531281016585638,0.33951113206293526,0.11839483218264367,0.29556057830734406,0.5838030873164235,0.23259657321440713,0.23945772852530336,0.013187118315586794,0.19253779159540035,0.29293049885780237,0.1346385354373224,0.2666036884232713,0.15933145851724034,0.21577321427479945,0.19963070371795663,0.3222960160752091,0.2502810500385723,0.12277000524794508,0.34606566436368547,0.15529272083744453,-0.003568870465871145,0.43005085285139405,0.9808591628970621,0.4529079310892723,0.22924435805654336,-0.16409865785136665,0.26797283197178395,0.42660796253626476,0.2294395080059326,0.5615213946062573,0.21809657536965404,0.5232740392645093,-0.032879891597904436,0.16205503795692747
0.12222649511262527,0.5187893874658618,0.5010280874581587,0.49938579263074273,0.523022172940239,0.6124820564668573,0.30801075884860174,0.7194943869117632,0.3572745553872838,0.5675182629615085,0.6168609108389612,0.34842388240329764,0.8102223690681701,0.4485458604917009,0.4234124382649419,0.5739775488351161,0.4191157726076128,0.5953974224330784,0.6216265420414769,0.5800066390203407,0.5035800649703492,0.5767627590452824,0.5215292534153046,0.2847117928555778,0.9422354535383881,0.09628597664606867,0.4564964057441716,0.09490777967494363,1.4337023056063434,-0.07081620196758624,0.48001251114943927,0.556592423084712,-0.3652169944048728,1.0832680678321196,0.5765434591396896,0.011592163891174043,0.3138544595914503,0.4529079310892723,4.5781937441601865,0.8426436541619845,-1.0922596785707008,0.1507309891543026,0.43691652667561326,0.44268890382425463,1.1879666769035393,0.27990099478576724,1.43210660229521,-0.2616049749480076,1.5405893891985862
0.0181732742302981,0.15132283225933219,0.0030666113984577238,0.17834180857301274,0.20942090979765957,0.2341174104841178,0.1290382935107412,0.19832787045674768,0.0989002519220854,0.16505245743743588,0.2414748423530807,0.19516256206477547,0.23494030299279176,0.1469520790603859,0.11870644798805416,0.2922667467167866,0.19498410352891504,0.14324922024343872,0.1943043826255329,0.3623702095099057,0.202457182450355,0.21693921501601643,0.005414173971080449,0.10418399651238833,0.15796427953438213,0.4059098955047392,0.29796789339905094,0.17346521005241727,0.2997515468299911,-0.07329043620352788,0.11580198252326747,0.1912064096929297,-0.12136054165104837,0.20257468089831812,0.4117176445669544,0.13431429517539117,-0.09498718875108589,0.22924435805654336,0.8426436541619845,1.48156951803882,-0.23724658808904936,0.2857103288075811,0.4182415620237923,-0.07273910581705598,0.5148842810300753,0.15815650808157655,0.5488579289067202,-0.03239204284080209,0.8771842400865195
0.0525945941762397,0.1064780559792219,0.10293133479156731,0.03679216386737986,0.08937303028132593,0.054139072833867444,0.048141877263027814,-0.0013895004730569529,0.2170212279326484,-0.0006251992278732163,0.04811457167100415,-0.010167661905939377,-0.07046420949260285,0.040754975035773904,0.19501026529618617,0.05986982497656611,0.11782516793731608,0.006012348009083718,0.08296418554027148,0.14922335198090253,0.2554697902953375,0.15620905400051283,0.08788949576923145,0.2308342162894441,-0.10217068057570594,0.43684035259957693,0.1310360232306766,0.4361069008005029,-0.3311202502714243,0.9213293177439205,0.25465605046184037,-0.09653629022556678,0.5183969473235075,-0.5191281122835154,-0.046191868164865875,1.104651825695265,0.4354432541457831,-0.16409865785136665,-1.0922596785707008,-0.23724658808904936,3.725809964075441,0.21859297392382052,-0.25481568554771694,0.18655720120255814,-0.9698512744877282,0.42613796116912256,-0.37540862431816097,0.21547289612173737,0.9511975992307462
