0.9986184071318815,0.16882258794772972,0.389279801202845,0.007027912340860612,0.30885786534474235,0.12368566211932312,0.2542704224473594,0.18911058311402004,0.1558032874724125,0.27304988694239796,0.11484351153831543,0.20936496077764316,0.027757608270747997,0.19853545279377652,0.16113640399550785,0.14543221063808762,0.10685469590218502,0.17030655643693823,0.0357130789648758,0.09029763627142422,0.0710825644619218,0.016846920806100698,-0.03399481170895156,0.025782873198779577,0.11099054831413106,0.2403073805035074,0.11446615661542787,0.24214812118687803,-0.01761075204280395,-0.08302069128083714,0.20786376041370172,0.1469043356480355,0.08525955743286938,-0.11731371632907532,0.02418043410748559,0.11870693048369603,0.038823307005975465,0.0860811876158568,-0.02139488044538141,0.024536224815803278,0.15047185421089415,0.06071212151698367,0.008629516594932985,0.04398295865692833,0.14261060257105868,0.1884605863465333,0.06575615591608262,0.014523377948955042,0.032874977375994326,-0.0341798483520374,0.03948087867305442,0.22396109474138298,-0.17644255446345034,-0.02340417108964002,-0.1569158625504852,0.02794175243636179,0.2947600213514625,0.2736149660278797,-0.5590357347486244
0.16882258794772972,1.3819281269027617,0.7286497721242419,0.25074211253973255,0.05760532504549606,0.28933999100974356,0.11654716244408403,0.29430793162822433,0.1611667636338288,0.21684595813740323,0.18948134484809126,0.13522236009884783,0.054172342954094344,0.2008358548325547,0.17095313287027758,0.13145859676645974,0.16004942970163893,0.30339119721321534,0.0018915445246221248,0.4034174841524058,0.25097191104725186,0.06470971950911182,0.03041769561141693,0.005910496889605241,0.42283732270151864,0.384292947166798,0.13975454800701773,0.34134589021327644,0.27429343320700733,-0.07679281206183887,0.25970340109832146,0.1459588275762329,0.18084854248362067,0.22762978963341252,0.006916850694515242,0.32008925204277033,0.12144796017245552,0.22243189789167805,0.32015410620086315,0.09212611157234156,0.26993147871341044,0.23493635444273064,0.2132772214584229,0.09904021794217858,0.7009039233608761,0.377447933333922,0.17160744130449496,-0.0244079343685411,-0.5501220224093634,-0.28854648883728634,0.2788787226609908,0.2819470511398957,-0.0919519552939858,-0.18716086339100757,-0.41541685931240885,-0.18999520828390892,-0.3349545534738609,0.5068864746501504,-0.006100583512095309
0.389279801202845,0.7286497721242419,1.6318345255705353,0.07252929478058019,-0.08411398431226962,0.11842091165130492,0.13994748351365563,0.2583911432750063,0.33564912897435195,0.23991472944885173,0.02603357015742569,0.11208464124940018,0.021230127471873795,0.14173830330838508,0.15203538088121474,0.0686033088244827,0.17707408562795762,0.21371719057138583,0.043772901111846396,0.13618383483375857,0.16660644151535858,0.05779954923118394,-0.06638000047776818,0.06010356177137624,0.3053944810421665,0.298705974642153,0.12374673243441697,0.38017740981707787,0.11221236499290574,-0.4883323568934862,0.31990826351849927,0.09809681523248535,0.0911511012990312,0.03152955423454958,-0.16070711867252077,0.4091571123083732,-0.0023241329634443543,0.10375789651969389,0.09293638951938439,-0.19399142525364102,0.329046964047112,0.16558322311974452,-0.03505772864003315,0.048884327579520916,0.5285898761016443,0.5224752802856336,-0.049311689061340806,-0.08002677392466749,-0.6941776892546924,-0.016677134516797625,0.17454969915749946,0.38639203261377947,-0.2323649195658161,-0.2787078671661828,-0.22365978599048913,0.011876439143586284,0.11273112761720984,0.16846506760568472,-0.40606411702552064
0.007027912340860612,0.25074211253973255,0.07252929478058019,1.241258757033974,0.4632857106086556,0.44545776592316383,0.3345289520232518,0.2040993694543281,0.2420658185427514,0.1932073557757311,0.2820469204529478,0.32089765339289017,0.15780522689726093,0.35498435399388195,0.28454965114973096,0.3062491896691406,0.22332036798503868,0.18224451699814287,-0.025058287730354567,0.2535450674490303,0.2148626423534579,0.13940782452982917,0.18308313422626651,0.1525999964256833,0.3146063324891695,0.3385787205525068,0.06409697960242247,0.13056268934607124,0.3305864055138804,0.07819732574327629,0.12015592342661618,0.12402543477596976,-0.0240074013352496,0.43485824107045096,0.17050369155547834,0.18136481784672337,-0.005577632115795534,0.12217983832255383,0.3320773175647847,0.13405111044789247,0.11393858450641212,0.20163128257956145,0.43593139952946613,0.05493054765903167,0.3733072352798179,0.060410856112482966,0.18138408477463003,-0.010478749724163931,-0.15569284503776767,-0.3372065993213309,0.03917208180688192,0.26045336312032846,-0.007744166355758815,0.011266312910156772,0.03723548543417147,-0.018490673423111226,-0.6098210881081632,0.36337769514065593,0.1287905382653386
0.30885786534474235,0.05760532504549606,-0.08411398431226962,0.4632857106086556,1.1469132657120873,0.31740870392995635,0.1669171933988926,0.24462853110223431,0.2144734782669028,0.33200901966812824,0.29007006322025336,0.3035004056862034,0.14486324656811192,0.29989712482036857,0.3242723284827573,0.2914302736160427,0.15231400988595634,0.22441500125549646,0.01875140057631514,0.21622572650332814,0.14104247404628126,0.10339835579950753,0.20103259297997683,0.1787918394323691,0.16743892958076498,0.30009874147311316,0.10400047492788694,0.08617974412535045,0.22643721126761335,0.040971930666133013,0.1752425741148094,0.22760284138341288,-0.026069543135148993,0.44611406832844935,0.2585548680528488,0.151002204457515,0.08233847862398698,0.09137515044163529,0.192403934117246,0.1786097188694785,0.05305848971340055,0.14397654191895642,0.2221630949564204,0.06884651829092744,0.2524482319341953,0.02636378210525858,0.18154110157763942,0.017852630581147926,0.03946419201607061,-0.31809185073967006,0.06665281844060826,0.17379074253037435,0.011432683039190704,0.15725555717266176,-0.1065456204524812,0.03137752365169227,0.036618298851501654,0.20799563977676302,-0.33882080205503773
0.12368566211932312,0.28933999100974356,0.11842091165130492,0.44545776592316383,0.31740870392995635,0.9537800808547896,0.10752412396894108,0.47180734769042104,0.2449407214954754,0.35095937820746376,0.389079948932832,0.3444739587193258,0.12273475412050859,0.38487119311715506,0.23365801103351236,0.24690823528371295,0.27534503797776344,0.2712507120021012,0.14444396785890806,0.3709495579151141,0.1847276785996666,0.13668870872975894,0.11790447980654795,0.15622940849164826,0.3767613214450485,0.41508663063172857,0.1825328171466884,0.20698576297217544,0.3997113133126765,-0.02086036362628921,0.26168447225890606,0.25206827606927645,-0.028132799249269758,0.414696907011742,0.2693292747049849,0.13461347193145684,0.13208794927078668,0.19863063428537356,0.3067287579330466,0.1912438337739606,-0.036394773455778406,0.15859113126570357,0.3563390510236905,0.07705949373380402,0.3861040047208534,0.10283629500265615,0.21022534249470723,0.0013018754530473395,-0.004550402767393942,-0.15907896706297078,-0.05154235512201468,0.1984316367755142,-0.11763563928871798,0.10133157906531812,-0.07467012525543829,-0.025686119501071806,-0.03230346849178676,0.36856817013961707,-0.3822503693324664
0.2542704224473594,0.11654716244408403,0.13994748351365563,0.3345289520232518,0.1669171933988926,0.10752412396894108,0.6842894001918214,0.061865450732844614,0.3194904551254386,0.1073301996455861,0.13960779209590804,0.305973679603935,0.10205320897651489,0.07094473397831201,0.13607634890130346,0.16010475557495196,0.14060950013832552,0.12077739911937597,-0.05805390507103051,0.047562355004893045,0.1111372853018199,0.11857238102671697,0.10067699969779911,0.11632875676313413,0.16258298624117998,0.17261873904278394,0.1546355961888814,0.055588726512343256,0.12926337348019667,0.08537660771972184,0.11801464883731026,0.1311862371296526,0.06617505855608159,0.22232778659203117,0.06390682161418895,0.18114940395608356,0.015862546401198614,0.045191528650943585,0.06767853305405494,0.021084049665785694,0.10223841173241698,0.10095793208157451,0.1259774875054032,0.022727601287002352,0.11671882479742855,0.1245066453484699,0.09888396931157825,-0.028986866773547216,0.02148517887228691,-0.15478583696184886,-0.017349469176856366,0.013106841415379392,0.16756880570242685,-0.09389408868009272,-0.052527564133892035,0.06812976787479608,-0.05158343332388758,0.12784273185155387,-0.20023769990490892
0.18911058311402004,0.29430793162822433,0.2583911432750063,0.2040993694543281,0.24462853110223431,0.47180734769042104,0.061865450732844614,0.7988307713501128,0.035759853251724566,0.36047783945666495,0.40469503313012395,0.26473205468402644,0.12950835422892507,0.3365097597028574,0.18695431110536026,0.2320946394999036,0.2779063985134504,0.23813732069597063,0.17612743374522202,0.3405440500702853,0.12048091422963911,0.09058171932219332,0.04966065232828385,0.09660939677203736,0.2759126726852567,0.2930242772355397,0.19931457669246316,0.22268971468479834,0.2571568527400209,0.07053446128762252,0.21499942186772875,0.23614298560060606,0.06404074033270019,0.31939754232259504,0.1346420756713267,0.16331740521095803,0.2156000138293461,0.19678935860341876,0.16678617000867046,0.1300234074719869,0.10569376335371787,0.0990635430699511,0.2887241408897371,0.08960471274591027,0.32528797336931475,0.18166985062268665,0.22579881480229183,0.011932836513862288,-0.05574272646725945,-0.0743555965993124,0.04306244885908574,0.11542499280123401,-0.04924841804620719,0.02840479655217603,-0.10061063175569096,-0.1381901457657359,0.17272623250954336,0.4195880447131766,-0.40091940681430643
0.1558032874724125,0.1611667636338288,0.33564912897435195,0.2420658185427514,0.2144734782669028,0.2449407214954754,0.3194904551254386,0.035759853251724566,0.7368336261427251,0.056004832865936625,-0.014190621843487008,0.12099181259589849,0.049352518577563065,0.14295523829945728,0.13335414082095856,0.06409562473347988,0.13311542029026813,0.09365409167945438,-0.13498959072442487,0.03746015424026265,0.12456692281686357,0.04430766458795823,-0.009446533459920747,0.1428140734588295,0.07564209688769806,0.3114007679049264,0.07546465739270501,0.15854194144400494,0.010603671778370209,-0.1496393850503105,0.23390253060095353,0.07436115963757726,0.028604356889295444,0.059639725851665236,0.1145322274941737,0.1121319400574197,-0.08459257437934682,0.025181357365514072,0.0066323385702847385,0.00608836942530029,0.007104667721331903,0.11912149306635325,0.0315787941318535,-0.01600096238283464,0.26744296775740406,0.12639497613250242,0.009206550718713014,-0.035204675811982916,-0.2480751768565608,-0.19979702729593685,0.07432480312715944,0.16299992327589885,-0.02493879914902199,-0.008434178260392031,-0.03297408216231451,0.17699903118478827,-0.10000221962131908,0.02318337884889089,-0.2713021239244137
0.27304988694239796,0.21684595813740323,0.23991472944885173,0.1932073557757311,0.33200901966812824,0.35095937820746376,0.1073301996455861,0.36047783945666495,0.056004832865936625,0.9490683805806728,0.22878570773110793,0.3178825899834523,0.07172915013298725,0.2725158265381843,0.29210065381309486,0.1863427932009917,0.25397837228143705,0.3761270259895242,0.15624623648043018,0.1690221891283911,0.13879866020971235,0.18407255423711438,0.2840075571603062,0.1621572101600027,0.3002274785010875,0.24126725433905563,0.2648774393709149,0.12973424157679528,0.32410432008953116,0.14015893467020718,0.18912517265404438,0.21204015935695858,0.06304019271821482,0.5038425398303313,0.2812269495389707,0.26917807959118917,0.26374228429863483,0.08936354634436343,0.20844591288732467,0.1335100364681266,0.20356891557590098,0.12540172498089353,0.2694849762185846,0.13539729468750236,0.35736203621564855,0.2358151244002545,0.3208207835156824,-0.011153984279223563,-0.013431934458520247,0.007609298612601455,0.05513729921725205,-0.01609791290254547,-0.14196724551790543,0.10002269992000111,-0.1880547912887505,0.00046064280333368043,0.21204608188810833,0.247239243455436,-0.4320903188223923
0.11484351153831543,0.18948134484809126,0.02603357015742569,0.2820469204529478,0.29007006322025336,0.389079948932832,0.13960779209590804,0.40469503313012395,-0.014190621843487008,0.22878570773110793,1.1307839249315235,0.37971462953610025,0.1721388777217377,0.2469982990376529,0.31244094536000594,0.42704421407179816,0.29989043821791483,0.3089044347664676,0.1726806302650921,0.42342979402769454,0.27398789548249874,0.19865781391747386,0.18083495738189437,0.22768384161314048,0.16711135665379018,0.23205283047277972,0.32698118495402323,0.12782996317494935,0.30691653624144843,0.32679049712939934,0.29258182502945074,0.29213713293641547,0.21128464925685,0.3826834775668645,0.23910539866339986,0.29678269518893313,0.20121839422158788,0.2214115635599019,0.33054372738797844,0.2500116881785874,0.14381257085240404,0.26455788624445337,0.32436476229714317,0.10236189917881146,0.588961007791155,0.2466210246867204,0.3695947680064386,0.007154074585840795,0.00559233403126836,-0.2772973310380435,0.12121849288340739,-0.25572715991818507,0.46760640814435916,0.03292053273343201,-0.1921289565222879,0.03264574233553247,-0.017545644596841763,0.33037846550394206,-0.35714142414726086
0.20936496077764316,0.13522236009884783,0.11208464124940018,0.32089765339289017,0.3035004056862034,0.3444739587193258,0.305973679603935,0.26473205468402644,0.12099181259589849,0.3178825899834523,0.37971462953610025,0.8177288529644421,0.12177074275147752,0.2159132658825726,0.22159305953852365,0.2869369023124624,0.22056256495603013,0.19326874793478868,0.11348080601971047,0.20247361936614675,0.14929251762455956,0.14361421922766313,0.1464078055995284,0.1336516680200272,0.21015583842652383,0.20142358654852022,0.2331516674460386,0.15789708161880497,0.2555880571479601,0.142896266781789,0.12277158275648259,0.26505978731962976,0.062167184523640125,0.3403477822509075,0.16054549864106804,0.23231026486556247,0.042058683933842225,0.10882403772183834,0.2216389284914212,0.10137353498219157,0.09604174487321623,0.13530303880332717,0.23387821370506537,0.05730440393022195,0.25262207010333415,0.14741327196537876,0.20063027668681271,0.003954021758462464,0.18887514472153524,-0.32851226890482776,0.03864916834114771,0.10630663659527873,0.07085495099119142,0.01522719006732908,-0.11644796793998966,0.09882201346887222,-0.011859639599170623,0.2851719911111902,-0.48430763877320837
0.027757608270747997,0.054172342954094344,0.021230127471873795,0.15780522689726093,0.14486324656811192,0.12273475412050859,0.10205320897651489,0.12950835422892507,0.049352518577563065,0.07172915013298725,0.1721388777217377,0.12177074275147752,0.396674880505949,0.09004363748784393,0.09943046604252957,0.1467710553900815,0.16322338442368617,0.10195009293334431,0.10995610195416097,0.09872814760357863,0.11714442567444519,0.25864560093707156,0.09209674918643189,0.1299717116885858,0.14652227915681215,0.1409343935042009,0.13958195562391779,0.03566759069840133,0.1900841056812685,0.1551084898336334,0.10535862857857395,0.18296910305345754,0.09743545287974144,0.21024034146905987,0.13487340481054766,0.14895029731161766,0.062393055189120646,0.06489610357975449,0.18725449546328432,0.06602964460748689,0.10561691656097491,0.11401540480857214,0.12097550401858365,0.07639710567610883,0.04784453076121276,0.16006486267752423,0.1533918197769448,-0.045250764665601184,0.11461958681941595,0.08883062497155707,0.004413326286307007,-0.2063296614414802,0.09863673324556853,-0.014999700084218725,0.03671294223312921,-0.004378110154176985,-0.07926126568545211,-0.09107650162271709,0.095605182324716
0.19853545279377652,0.2008358548325547,0.14173830330838508,0.35498435399388195,0.29989712482036857,0.38487119311715506,0.07094473397831201,0.3365097597028574,0.14295523829945728,0.2725158265381843,0.2469982990376529,0.2159132658825726,0.09004363748784393,0.5974838126535504,0.2483656167256225,0.28533504239395485,0.23511873346460782,0.1968310780510163,0.09809372913017944,0.2974500674428453,0.18966246714341767,0.132488701463764,0.11945810135000899,0.14060924811369313,0.28163240018575464,0.38366358686796326,0.04794180778037608,0.21286329048473943,0.24734479661570094,0.04999959611362354,0.18117696952956183,0.17887527543612272,0.022670086507350435,0.24476780624862327,0.14489374437421979,0.19227763501512654,0.07364326711296357,0.14452803998371602,0.29759737835595224,0.160198798093777,0.19111510896206807,0.17064777656791266,0.29639342069824137,0.0860241192289743,0.36952156387064367,0.12150492080415706,0.19218121575536812,0.0179290053768683,0.11176015581260418,-0.11260537546994032,0.0667461041967198,0.1614273048922395,-0.15018356142140046,0.053982259737093384,-0.14561439881155497,-0.007186148837677456,-0.11372334766849297,0.40612818777066134,-0.2975903763476989
0.16113640399550785,0.17095313287027758,0.15203538088121474,0.28454965114973096,0.3242723284827573,0.23365801103351236,0.13607634890130346,0.18695431110536026,0.13335414082095856,0.29210065381309486,0.31244094536000594,0.22159305953852365,0.09943046604252957,0.2483656167256225,0.7094808593894049,0.20313408050229612,0.17965227377200438,0.2514668178250761,0.11244423937023722,0.2745445468641138,0.19840086292526884,0.04021417274068753,0.1036536350972514,0.15956706830290548,0.24385102139840056,0.3029022597400319,0.17176811094202343,0.2197115749663219,0.21886220476706805,0.10598919840032324,0.25938761801703314,0.14685512215692378,0.10689207091466221,0.2954080304100236,0.22162249255045616,0.21006348028742844,0.17412334489952974,0.11514894066390204,0.20598157703173095,0.10793075089395013,0.2132056169995931,0.19164587190197346,0.24397437248902817,0.059281323808129976,0.3314701944008216,0.17036274132190962,0.21469998691305917,0.033731835846450973,-0.0036062535435120737,-0.07399679243355267,-0.038626906262290414,0.2832177230699065,-0.14731003675695836,0.012875802448708076,-0.06105878803268728,0.07987658474173334,-0.12506657370840446,0.16806631239284464,-0.1897200722293894
0.14543221063808762,0.13145859676645974,0.0686033088244827,0.3062491896691406,0.2914302736160427,0.24690823528371295,0.16010475557495196,0.2320946394999036,0.06409562473347988,0.1863427932009917,0.42704421407179816,0.2869369023124624,0.1467710553900815,0.28533504239395485,0.20313408050229612,1.1603262072505511,0.22106810526929987,0.17023970753281498,0.20233831257794677,0.26700056723239945,0.19799380511984774,0.13262918742075883,-0.01795506756315811,0.12837456177943488,0.15092506526396574,0.29307507843243624,0.15630439833460694,0.3699669889266982,0.2037208330178329,0.30054798526316817,0.21646011237282978,0.3031117381579806,0.08736250956576591,0.25354233904077794,0.2084450175239388,0.2460912627622434,0.03590269673175485,0.1329345840101844,0.2632321456760214,0.1441337449696305,0.25163078398608424,0.1856663203997216,0.29924819419205184,0.0640726985821744,0.2986965721173614,0.09545790945912916,0.25528370354591157,0.013488354667885798,0.19121527506844033,-0.5484290786351463,-0.06888692357855818,0.11753066827179409,0.27530283462967725,-0.02344748961709155,-0.03496269626006518,0.05744835367370345,-0.17078326895667412,0.3002040042887003,-0.31550040099718385
0.10685469590218502,0.16004942970163893,0.17707408562795762,0.22332036798503868,0.15231400988595634,0.27534503797776344,0.14060950013832552,0.2779063985134504,0.13311542029026813,0.25397837228143705,0.29989043821791483,0.22056256495603013,0.16322338442368617,0.23511873346460782,0.17965227377200438,0.22106810526929987,0.7164446823790034,0.10353306342446207,0.11376379169732591,0.2741298892333333,0.22960350199440357,0.26699844140476364,0.11284188406324144,0.16011464820600124,0.35116355960116724,0.03745400989844705,0.22392789484343123,0.1087359350433714,0.3660662542287831,0.25263798395738535,0.14817947231295067,0.17695070108045988,0.12375500318483,0.2987288964822312,0.18484357143194127,0.30409918545633874,0.30057700682455385,0.1733293300408823,0.3742900449641615,0.13029118494484174,0.1830100580127433,0.20984368125627134,0.28617452786482145,0.08486300169462178,0.4558626078127499,0.2658656412721423,0.2784768467117508,-0.045830221252043196,-0.057436541730569696,0.2258373041178173,0.04759612949597617,-0.25544432828616404,0.11619465539627032,-0.020209042223856107,-0.03608993776578093,-0.038702565265113203,-0.06309518732142899,0.15958690539656803,-0.20357714371110983
0.17030655643693823,0.30339119721321534,0.21371719057138583,0.18224451699814287,0.22441500125549646,0.2712507120021012,0.12077739911937597,0.23813732069597063,0.09365409167945438,0.3761270259895242,0.3089044347664676,0.19326874793478868,0.10195009293334431,0.1968310780510163,0.2514668178250761,0.17023970753281498,0.10353306342446207,0.8428832467786691,0.13159928899714263,0.03127018815291757,0.24483030476717424,0.272130596661477,0.45826538931338495,0.16556273153554,0.39206678332967815,0.46718253932061427,0.14117583012315063,0.09364824256802583,0.2842585390274622,-0.020223134661569577,0.4291112557014639,0.22562283493808719,0.16347551739546173,0.350218552643025,0.23222879150543269,0.28892236831939383,0.03662624290536313,0.011026071859882077,0.3181159125506353,0.21329112392059296,0.27356423165651045,0.2159496913939561,0.27309963799082315,0.135271042943134,0.5316001930389069,0.291191691973016,0.40728258657112765,-0.04284128980913483,-0.11381968957914208,0.10493507871633345,0.28295508925125706,-0.0738927475238409,-0.24406144261419963,-0.01598765371737955,-0.11748318170132432,0.011113756733282253,0.11041854639395246,0.22468259529733947,-0.39776040976317584
0.0357130789648758,0.0018915445246221248,0.043772901111846396,-0.025058287730354567,0.01875140057631514,0.14444396785890806,-0.05805390507103051,0.17612743374522202,-0.13498959072442487,0.15624623648043018,0.1726806302650921,0.11348080601971047,0.10995610195416097,0.09809372913017944,0.11244423937023722,0.20233831257794677,0.11376379169732591,0.13159928899714263,0.9321318984023286,0.1449433537798198,0.12263872864196444,0.16502142706763318,-0.06221685521306093,0.046774587839797446,0.17106958312025053,0.03091315402333771,0.09953033908373377,0.1655043313149569,0.1685652110302057,0.1611071643047536,0.16481187339844625,0.12246636288341084,0.16354548526072363,0.11834717999719627,0.031429429954003905,0.17261566513814178,0.21286264455837364,0.1080360758144365,0.2745539707974179,0.039082415833764726,0.17328497803530557,0.1074743953911884,0.13130479127494776,0.06463074812507459,0.08513176385537807,0.11720016119752671,0.13384037158122697,0.031464707397272966,0.35786751600645106,0.40667256661845524,-0.07326829253086449,-0.21676683238164626,-0.06822405148032351,-0.07943022103251021,-0.04292105460429605,-0.01577049324060987,0.0748130679529216,0.07640762620916071,-0.04429032028556861
0.09029763627142422,0.4034174841524058,0.13618383483375857,0.2535450674490303,0.21622572650332814,0.3709495579151141,0.047562355004893045,0.3405440500702853,0.03746015424026265,0.1690221891283911,0.42342979402769454,0.20247361936614675,0.09872814760357863,0.2974500674428453,0.2745445468641138,0.26700056723239945,0.2741298892333333,0.03127018815291757,0.1449433537798198,1.2873033785969756,0.21730353713806536,-0.0741250463591609,-0.19241416169049474,0.10128471711769185,0.28414697376853104,0.338802632686019,0.2419831613587125,0.5200744526396458,0.28074076672583503,0.25602733994137994,0.32460339109234043,0.2527507328844238,0.197431921670993,0.34829989778379944,0.17789088994176944,0.20043924064516663,0.6070008923888238,0.5755695055832091,0.4881777902195308,0.3159965286181766,0.12663837597420244,0.19342632148330982,0.45422396084758093,0.0962135297490481,0.6533719517197543,0.23005892240730072,0.20475517123977893,0.11024299755280038,0.1626402838983122,-0.2944626283006166,-0.053391292549727035,0.3450084277929698,0.0734932457600377,-0.07454805765447918,-0.04367079859336702,-0.08954611513818048,-0.05069785558644682,0.2526847022848057,-0.10707333891424141
0.0710825644619218,0.25097191104725186,0.16660644151535858,0.2148626423534579,0.14104247404628126,0.1847276785996666,0.1111372853018199,0.12048091422963911,0.12456692281686357,0.13879866020971235,0.27398789548249874,0.14929251762455956,0.11714442567444519,0.18966246714341767,0.19840086292526884,0.19799380511984774,0.22960350199440357,0.24483030476717424,0.12263872864196444,0.21730353713806536,0.45874689859973194,0.25894914112535017,0.16801366289933425,0.16177376353237158,0.26663373732207835,0.16344779834381154,0.14152926957338502,0.16644251777881605,0.256557037380741,0.19822110631658424,0.28608707602430317,0.16244556096934631,0.2590077520763453,0.19943174393166627,0.15030815083964277,0.34544615442087573,0.06135923411593629,0.11750920715949843,0.6056640201571247,0.2146151725350174,0.3260849863383369,0.4282733254191761,0.28371109201420636,0.12868037564640883,0.7725279821417191,0.2430400883643827,0.30803222685030246,0.0014978172010870594,0.12256327279278467,-0.07162667861146015,0.14367828547455103,-0.22197061850841301,0.19972299434863972,-0.03617997472634876,-0.08447282530495882,0.016825804685501298,-0.1832721684096534,0.13804168550538556,-0.07313284933623235
0.016846920806100698,0.06470971950911182,0.05779954923118394,0.13940782452982917,0.10339835579950753,0.13668870872975894,0.11857238102671697,0.09058171932219332,0.04430766458795823,0.18407255423711438,0.19865781391747386,0.14361421922766313,0.25864560093707156,0.132488701463764,0.04021417274068753,0.13262918742075883,0.26699844140476364,0.272130596661477,0.16502142706763318,-0.0741250463591609,0.25894914112535017,1.1548001548192788,0.6982361495921946,0.23027278012715943,0.23716843124955272,0.008618762460405547,0.2528347126941887,-0.32487266797003167,0.5229667825987928,0.332365834781321,-0.12248883383903378,0.2898040111872415,0.10089224031910281,0.4032507775844453,0.03664338146779214,0.3931606375381445,-0.051939749617176706,0.02816014588573383,0.848852126289665,0.16286722256253044,0.32478605073294475,0.2498190088349223,0.2522875305316444,0.2204626058189796,0.18730796816205658,0.3586136944553642,0.3762717655575007,-0.21882598091740485,0.8999521021269592,0.039008042812439817,0.0945739321491045,-0.6545567318742719,0.4043304820935432,-0.029043577228967582,-0.06811489737431135,0.0068942709704545605,-0.03435644378309945,-0.021751919145039426,-0.07698866548605836
-0.03399481170895156,0.03041769561141693,-0.06638000047776818,0.18308313422626651,0.20103259297997683,0.11790447980654795,0.10067699969779911,0.04966065232828385,-0.009446533459920747,0.2840075571603062,0.18083495738189437,0.1464078055995284,0.09209674918643189,0.11945810135000899,0.1036536350972514,-0.01795506756315811,0.11284188406324144,0.45826538931338495,-0.06221685521306093,-0.19241416169049474,0.16801366289933425,0.6982361495921946,2.0313543647759635,0.4367612426130132,0.323579473423435,-0.25965494662468047,0.2149813081270102,-1.1328581454428184,0.8599297407196551,0.3572558077895482,-0.7751567331348662,-0.023018045106712102,-0.12147463347847316,0.5777972633410787,-0.10279043334008957,0.5338466252461707,0.042241593909159096,-0.15589272672693102,1.1260709063087055,0.3029710753098304,0.40411764362272196,0.14812119373666827,0.3904978404165442,0.3497206692940886,0.09885466035132703,0.3357629671102329,0.46857108188956437,-0.06742315217000194,0.9581969561487027,0.021611589483691435,0.08992823503087745,-0.6722216141893326,0.6546386757287143,0.027941837771667533,-0.06758629291286325,-0.013097086567140443,-0.0611353808929944,-0.025102735394063175,0.027407442260017283
0.025782873198779577,0.005910496889605241,0.06010356177137624,0.1525999964256833,0.1787918394323691,0.15622940849164826,0.11632875676313413,0.09660939677203736,0.1428140734588295,0.1621572101600027,0.22768384161314048,0.1336516680200272,0.1299717116885858,0.14060924811369313,0.15956706830290548,0.12837456177943488,0.16011464820600124,0.16556273153554,0.046774587839797446,0.10128471711769185,0.16177376353237158,0.23027278012715943,0.4367612426130132,0.7514905725455329,0.15470414987594275,-0.05667065475411461,0.14101416444727866,-0.23810246224966145,0.2811415407864205,0.27730568011347945,0.2636222490886569,0.0987377070340171,0.15005397136153728,0.25486567940102,0.15913699857013666,0.3143417610776228,0.14005611569723064,0.08315891722348255,0.14908977170363918,0.11823425221426431,-0.004505494145306676,0.14875326390252488,0.17219156022886778,0.041000161407509166,0.2256933350435834,0.23377017721078092,0.24971726420838827,-0.06416489399753755,-0.0028088108865718356,-0.06936470472190467,0.02336647090039533,-0.3504059479590586,0.43874767952305305,-0.013052627581945258,0.09830478644272798,0.0902717302776472,0.04079567853550189,-0.2526500876938908,0.10280654318290866
0.11099054831413106,0.42283732270151864,0.3053944810421665,0.3146063324891695,0.16743892958076498,0.3767613214450485,0.16258298624117998,0.2759126726852567,0.07564209688769806,0.3002274785010875,0.16711135665379018,0.21015583842652383,0.14652227915681215,0.28163240018575464,0.24385102139840056,0.15092506526396574,0.35116355960116724,0.39206678332967815,0.17106958312025053,0.28414697376853104,0.26663373732207835,0.23716843124955272,0.323579473423435,0.15470414987594275,2.1349132997209637,0.2336750510913499,0.18998431465272578,0.20908792101831689,1.0626546853993413,0.16683394468566967,0.38934776857523873,0.22759379980345107,-0.0973811629703248,0.6418802752224965,0.22655586222271332,0.6909836246833396,-0.13819106802739994,0.17285346059110093,0.5184010357752595,0.19605811751485366,0.5151843238111332,0.21995201599665745,0.3857253646961477,0.11687886612108576,0.6780882184511227,0.478186682200275,0.3405933301012864,-0.11310932099696054,-0.49327215835743254,-0.49585337151669184,0.32501051500940725,0.07642807804538447,0.14378272906752007,-0.08442380053660899,-0.14484963103233878,-0.10583015460340396,-0.08901455772666768,0.27164208060873335,-0.19985704719979566
0.2403073805035074,0.384292947166798,0.298705974642153,0.3385787205525068,0.30009874147311316,0.41508663063172857,0.17261873904278394,0.2930242772355397,0.3114007679049264,0.24126725433905563,0.23205283047277972,0.20142358654852022,0.1409343935042009,0.38366358686796326,0.3029022597400319,0.29307507843243624,0.03745400989844705,0.46718253932061427,0.03091315402333771,0.338802632686019,0.16344779834381154,0.008618762460405547,-0.25965494662468047,-0.05667065475411461,0.2336750510913499,2.010541621489368,0.09543161408691296,0.6649799200603091,-0.22942943030677657,-0.48803954979378217,0.6174717258140361,0.4700766903000421,0.0072353641002286095,0.22491363713312135,0.1106267770166398,0.042690724370529,-0.5301227379840843,0.09361870027938772,-0.04326267042338688,0.0966546396191001,0.4725244927261112,0.12149859739757182,0.03770811451682721,0.033869646693940623,-0.06493031716362968,0.09847356862810604,0.019653811042653332,0.06871803073875452,0.30369991692955833,0.09699188724929263,0.058908245968164775,0.552802795718965,-0.7819387135314652,-0.040464317804504664,-0.23152644285823107,-0.012032328228692444,-0.07799073441090523,0.46517739906697864,-0.3938809451758974
0.11446615661542787,0.13975454800701773,0.12374673243441697,0.06409697960242247,0.10400047492788694,0.1825328171466884,0.1546355961888814,0.19931457669246316,0.07546465739270501,0.2648774393709149,0.32698118495402323,0.2331516674460386,0.13958195562391779,0.04794180778037608,0.17176811094202343,0.15630439833460694,0.22392789484343123,0.14117583012315063,0.09953033908373377,0.2419831613587125,0.14152926957338502,0.2528347126941887,0.2149813081270102,0.14101416444727866,0.18998431465272578,0.09543161408691296,1.6732353994695877,-0.0670836935548916,0.18425972217325237,0.359775415441009,0.10861867373550943,0.25272448180251156,0.4323244541427508,0.3531826720059571,0.3422935546744686,0.3429467910940173,0.4816191534981669,0.17253894407309767,0.11208065768785418,0.16660797215866222,0.24331378088942096,0.13930804122963594,0.33956007341439093,0.07244121655058595,-0.018206069573101953,0.5500582232768391,0.28202436423864097,0.0033368787520454625,0.5133157664995249,-0.022136879660668136,-0.14111328696862394,-0.3363382045255137,0.5905924158357189,-0.05572989392131085,0.07464983719218429,0.03822158736156576,0.21234917018131738,-0.009333399089198075,-0.18383130698123568
0.24214812118687803,0.34134589021327644,0.38017740981707787,0.13056268934607124,0.08617974412535045,0.20698576297217544,0.055588726512343256,0.22268971468479834,0.15854194144400494,0.12973424157679528,0.12782996317494935,0.15789708161880497,0.03566759069840133,0.21286329048473943,0.2197115749663219,0.3699669889266982,0.1087359350433714,0.09364824256802583,0.1655043313149569,0.5200744526396458,0.16644251777881605,-0.32487266797003167,-1.1328581454428184,-0.23810246224966145,0.20908792101831689,0.6649799200603091,-0.0670836935548916,3.875534361716405,-0.5033743897161782,-0.18970454498344905,0.7950261800098585,0.3598053865175995,0.35518959072248113,-0.16365059040886584,0.03405948441802024,0.43740426359603013,-0.027415569878321642,0.24102896736859605,-0.14100242289614012,-0.09901099850078421,0.8809146767621163,0.23868826412767793,0.10326613905313897,0.3787521427705431,0.4314147123280912,-0.27933481743260874,-0.1369089534313166,0.2073310594041973,-0.3741060755712338,-0.6822200352101151,0.051194790160869634,2.240182160128513,-1.90077795721174,0.004814024989580296,-0.1012351648141378,0.023377917465212995,0.03185436115465355,0.3238052490868047,-0.264563319931365
-0.01761075204280395,0.27429343320700733,0.11221236499290574,0.3305864055138804,0.22643721126761335,0.3997113133126765,0.12926337348019667,0.2571568527400209,0.010603671778370209,0.32410432008953116,0.30691653624144843,0.2555880571479601,0.1900841056812685,0.24734479661570094,0.21886220476706805,0.2037208330178329,0.3660662542287831,0.2842585390274622,0.1685652110302057,0.28074076672583503,0.256557037380741,0.5229667825987928,0.8599297407196551,0.2811415407864205,1.0626546853993413,-0.22942943030677657,0.18425972217325237,-0.5033743897161782,2.496837259378167,0.3174399567578138,-0.4156132735831943,0.12589692018086254,-0.3857909636693162,0.8800280161246649,0.1712645528907906,0.7222107716950663,-0.11835865281081144,0.009784605166127438,0.840245873144019,0.19675953351239486,0.8043268968052618,0.20064223173964899,0.4360506109393303,0.10796824720654495,0.17688476812023357,0.3845596625657933,0.42893584893290077,-0.10192375335330377,0.6256157165712126,-0.07521558646976227,-0.12828662455203999,-0.3321134295948726,0.4425415330381069,0.05234752292412573,-0.12746596718192654,-0.05662780762256298,-0.1738122122814216,0.22918020298253827,-0.15876926788022863
-0.08302069128083714,-0.07679281206183887,-0.4883323568934862,0.07819732574327629,0.040971930666133013,-0.02086036362628921,0.08537660771972184,0.07053446128762252,-0.1496393850503105,0.14015893467020718,0.32679049712939934,0.142896266781789,0.1551084898336334,0.04999959611362354,0.10598919840032324,0.30054798526316817,0.25263798395738535,-0.020223134661569577,0.1611071643047536,0.25602733994137994,0.19822110631658424,0.332365834781321,0.3572558077895482,0.27730568011347945,0.16683394468566967,-0.48803954979378217,0.359775415441009,-0.18970454498344905,0.3174399567578138,2.939261237131921,-0.09874489958631624,0.31459966491618113,0.6150370005383088,0.34383605437613735,0.45170495364515,0.46078211190342255,0.7138840354449192,0.32649046655280023,0.19082541913659593,0.1124348325448523,0.40652479559882243,0.21143545137329034,0.558658833381615,0.2634656250434512,1.202868561380529,0.7297547634090713,1.2266237816685819,-0.06805696776959326,-0.1970714322629478,-0.038489232642982193,0.0035811450943137556,-1.494594015087783,1.43836477557719,-0.015397723114855818,-0.03393724055535812,-0.12293820499834524,-0.14606988404061758,0.3203563953441293,-0.1638362273059643
0.20786376041370172,0.25970340109832146,0.31990826351849927,0.12015592342661618,0.1752425741148094,0.26168447225890606,0.11801464883731026,0.21499942186772875,0.23390253060095353,0.18912517265404438,0.29258182502945074,0.12277158275648259,0.10535862857857395,0.18117696952956183,0.25938761801703314,0.21646011237282978,0.14817947231295067,0.4291112557014639,0.16481187339844625,0.32460339109234043,0.28608707602430317,-0.12248883383903378,-0.7751567331348662,0.2636222490886569,0.38934776857523873,0.6174717258140361,0.10861867373550943,0.7950261800098585,-0.4156132735831943,-0.09874489958631624,1.9939831322954558,0.3160475995632148,0.45149211379622484,0.04456312956868019,0.5312721020418675,0.1777307767833784,0.035383421151970296,0.26107677426629544,-0.5839215652521748,0.11013171744178574,-0.22956583022680205,0.25945561638641523,0.08619841133135207,-0.10883766904138202,0.813027652139022,0.2579352304421007,0.18450032479568076,-0.07364601807754852,-1.3602873169829008,-0.04874291276366655,0.28392806178773733,0.14127038418711754,-0.31256901522708125,-0.05978485691155614,0.03415335213961767,0.09550368273978016,0.2057583921722129,-0.032111918331967866,-0.2649381578335956
0.1469043356480355,0.1459588275762329,0.09809681523248535,0.12402543477596976,0.22760284138341288,0.25206827606927645,0.1311862371296526,0.23614298560060606,0.07436115963757726,0.21204015935695858,0.29213713293641547,0.26505978731962976,0.18296910305345754,0.17887527543612272,0.14685512215692378,0.3031117381579806,0.17695070108045988,0.22562283493808719,0.12246636288341084,0.2527507328844238,0.16244556096934631,0.2898040111872415,-0.023018045106712102,0.0987377070340171,0.22759379980345107,0.4700766903000421,0.25272448180251156,0.3598053865175995,0.12589692018086254,0.31459966491618113,0.3160475995632148,0.9771528114601755,0.3137760889472043,0.33371210560820186,0.03149018905067053,0.2745522051344556,-0.028673835009578673,0.195668830929474,-0.042535957758641094,0.07572235641426518,0.09972033122457545,0.12547914503710253,0.012399937487751124,0.06563340577701238,0.2107550954836516,0.28349010103095296,0.2994280095398447,-0.07442747251379593,-0.12808188866254053,-0.0032690341147334307,0.09277877684068972,-0.11246353950347815,0.049233702009642215,-0.020234551982837707,-0.22129962182567636,-0.11541870671264436,0.3579272716362522,0.13250856875046657,-0.37504378315247
0.08525955743286938,0.18084854248362067,0.0911511012990312,-0.0240074013352496,-0.026069543135148993,-0.028132799249269758,0.06617505855608159,0.06404074033270019,0.028604356889295444,0.06304019271821482,0.21128464925685,0.062167184523640125,0.09743545287974144,0.022670086507350435,0.10689207091466221,0.08736250956576591,0.12375500318483,0.16347551739546173,0.16354548526072363,0.197431921670993,0.2590077520763453,0.10089224031910281,-0.12147463347847316,0.15005397136153728,-0.0973811629703248,0.0072353641002286095,0.4323244541427508,0.35518959072248113,-0.3857909636693162,0.6150370005383088,0.45149211379622484,0.3137760889472043,2.048879886735408,-0.09308964017842346,0.29002059624672855,-0.1384431092894826,0.8632925444535222,0.25065521893151643,-0.5379237123218628,0.08854139273113781,-0.38463474195844044,0.2661405391469493,-0.003646522735380018,0.11601769487221789,0.8589719253814129,0.35675081892335625,0.4428518685357189,-0.01955186317843411,-0.8454125919539404,0.3308184001356102,0.08856574687640127,-0.5807580346034198,0.3295828041447218,-0.1394086992687305,-0.18646057179663234,-0.08032130212632256,0.09569977313373489,0.05543846643108196,-0.06764530662277327
-0.11731371632907532,0.22762978963341252,0.03152955423454958,0.43485824107045096,0.44611406832844935,0.414696907011742,0.22232778659203117,0.31939754232259504,0.059639725851665236,0.5038425398303313,0.3826834775668645,0.3403477822509075,0.21024034146905987,0.24476780624862327,0.2954080304100236,0.25354233904077794,0.2987288964822312,0.350218552643025,0.11834717999719627,0.34829989778379944,0.19943174393166627,0.4032507775844453,0.5777972633410787,0.25486567940102,0.6418802752224965,0.22491363713312135,0.3531826720059571,-0.16365059040886584,0.8800280161246649,0.34383605437613735,0.04456312956868019,0.33371210560820186,-0.09308964017842346,1.7743759529235623,0.48121312320371645,0.444646460670316,0.406489197649693,0.11216509249433121,0.4413914319289539,0.13744509950406722,0.20955840960164676,0.17088867407864708,0.6062609801323751,0.18598082159616477,0.5038760644438228,0.13658444761621133,0.41561864642339447,-0.09179190428481113,-0.13510595825922841,-0.2975072022250843,0.07183477001253115,-0.34246532886116926,0.428047275256325,0.0450572979439792,-0.14529748207316365,-0.024934074545773094,-0.05587165025083708,0.21144514761429162,-0.24395446623622516
