0.41756971172050106,0.11166545735538984,0.1728121367281701,0.05695809346777824,0.09513343150319802,0.07890797452576619,0.07277169033181104,0.05179328031173307,0.04051265369867524,0.10987269434639428,0.05621494321024124,0.0772734855135303,0.03253236253253031,0.05511796005089845,0.11169144145221621,0.05232085154371192,0.05227035364837836,0.07963486986237699,0.06253967253384286,0.04099135990359763,0.05918748699937281,0.0642246683500375,0.028490161796068104,0.03141891127982279,0.18103789471301054,0.03018947271813021,0.0799441233206303,0.04811954408197917,0.046427598213724816,0.07216213297035537,0.07858133311343923,0.051359305932221974,0.05627116204897979,-0.038972587884550915,0.02337000268575797,0.07247626794074293,0.05310633890398581,0.09593069666336707,0.026560143968240756,0.002158385934810638,0.061289964872356585,0.053395472873787785,0.0724374130618352,0.059529924852917374,0.09014510211315815,0.06404311965133751,0.08797411852048229,-0.004339123266683855,-0.0976505507684787,-0.03461867283661459,0.006780476303881103,-0.01729665946698789,0.0403987352431302,-0.0003791824038994579,0.038913184506199405,-0.008593877138727961,0.05207970839370905,0.04074684283907718,-0.1099748448884875
0.11166545735538984,1.8605526286169947,0.593625370250855,0.07223658278978508,0.04020609774637639,0.20796044801437366,0.18316851269836076,0.20506079266324967,0.1634483438179198,0.24517144248370215,0.162170328147208,0.1781291320244101,0.08947061121341836,0.14767088754436614,0.27856303096911217,0.14360076874483726,0.2470029092454285,0.3182279809475003,0.06546358871697888,0.29107813148648287,0.14669153957182934,0.16639127983791713,-0.11314928282914195,0.08957055179236183,0.18489381520453332,0.13708533445302987,0.2571285141490879,0.21562766030791267,0.2109608832607619,0.11591538848869734,0.12556767521192885,0.14848690127668926,0.18165475168050818,0.22901567215022958,0.10180736726757207,0.1414916628848247,0.49835698762820835,0.22919473531658188,-0.14666663241751088,0.048830047804852984,0.09192528625718645,0.20352402942991724,0.2635152577006358,0.0071995274529408175,0.24243883082498519,0.17610167743500546,0.21433591873034044,-0.007255714132439974,-0.08419745814117115,-0.09477262730569878,0.18036752348366739,-0.04750884423782919,-0.000558991090031775,-0.06509339887483463,-0.3555997163653515,-0.11965916775200956,-0.13042304742339983,0.2658959914536775,0.18818221488487433
0.1728121367281701,0.593625370250855,1.5040626885407269,0.005935504565028199,-0.24828342153997982,0.20764759826258003,0.2066106968593831,0.21556306911741602,0.26759963920632235,0.33131109664864056,0.12507310236106245,0.15756740370394215,0.08137533156182726,0.07114423067116248,0.2388615053824621,0.031052578834294863,0.2581487663059082,0.2339911913856377,0.023776525651635044,0.1970844657004376,0.13815992017660864,0.1931272311558979,0.0075962062185261706,0.17502020906366966,0.29590513690478276,0.1077298684172534,0.2042316505640858,0.2003638429843659,0.14063652081816538,0.0541314614171417,0.16898219704397097,0.08255079247418308,0.1295119827965738,0.14565240640067775,0.12725535439796262,0.247031706216271,0.3274161798079651,0.22798286925026467,-0.11406604511389018,-0.10689743808027836,0.13504505011416773,0.25426776505242504,0.1619040984498304,0.05969284981436077,0.2479579079063872,0.30482352601006873,0.18290116033072523,-0.025677251679470624,-0.33365319068227545,0.0016232631804713859,0.05434373732105266,0.07800742464704596,-0.037772213374929746,-0.1302771725464652,0.05427455056226254,-0.006917825210447546,0.04020625592982226,-0.20105380846803655,0.07940432322654317
0.05695809346777824,0.07223658278978508,0.005935504565028199,0.7654186585404015,0.4450201348173513,0.3223555527219632,0.2150683370753613,0.2169445039406351,0.09715993609017395,0.06607100620182968,0.16103130031857946,0.18334881714230827,0.09378225804573898,0.16944359442895646,0.14334747183220647,0.2073627338609404,0.15549055810684764,0.14278522816528727,0.21990719749313098,0.17400511647402084,0.1604003183237587,0.15707230178389037,0.06347585157763586,0.11997872523396257,0.0927623041605673,0.18624551801571174,0.070880175791175,0.08006948524864892,0.1891769113249196,0.03168070522772838,0.12606279788029906,0.16530035542609095,0.04768386367556839,0.27113125166682206,-0.04640005659304221,0.07630154583193434,0.169907384273126,0.12946002398920498,0.24743358827514664,0.05107149389330122,0.11796762383247424,0.17826693551771397,0.12356267233694493,0.12511286228124602,0.15813129893399966,-0.008390714636623211,0.14656682347879937,0.01321292290383755,0.15495509702806415,0.05988882994622672,-0.04418478970429373,-0.02136285817578491,-0.0009260778160712094,-0.011095250085239556,0.0659960147144774,-0.06224323098615531,-0.13401405374557385,0.02700344722969095,0.13034890755705164
0.09513343150319802,0.04020609774637639,-0.24828342153997982,0.4450201348173513,0.9140873654629358,0.281182889279449,0.1636196334624592,0.20311973241599776,0.07161666292622092,0.03395295409265459,0.15815286250104313,0.17544241719467463,0.11087314315164276,0.20986618914877178,0.17715529666393695,0.23844244680214452,0.11573768601266009,0.10645295734404735,0.322513765925913,0.15601774483357023,0.15477522307596142,0.14902430598576968,0.09511013166915179,0.10996980932055801,0.04420978505988879,0.2048088750906439,0.016059100729680493,0.032295541513095015,0.19695498718260854,0.005234366263036718,0.13297387649154685,0.19258158369355916,0.06449948244636172,0.34676884866376656,-0.06106543411352281,0.08198697584495475,0.18239720945685625,0.10696386289221105,0.3365533203064179,0.10147311772567197,0.1238912605801004,0.1565490693979131,0.039345246048819435,0.15911343403182324,0.13572701626300798,-0.02813879089063196,0.12812821361041324,0.02240159196942256,0.24338736105535358,0.12006207896347876,-0.02936212304107951,-0.10572600263407893,0.07067359310417802,-0.006353965270858768,-0.04793727556851611,-0.12302929507647825,-0.07027398198238313,-0.0038793855229841286,0.22640798186105324
0.07890797452576619,0.20796044801437366,0.20764759826258003,0.3223555527219632,0.281182889279449,0.7173592107091558,0.23340472719863903,0.2725807169886439,0.1335513527416927,0.16649433738578148,0.23003090786744265,0.19904576455194384,0.11845757324906915,0.21030182377099552,0.2247381157566714,0.22260615082446467,0.27163000463194686,0.2278328895197099,0.3331690514194315,0.3148190227145366,0.23653333564613027,0.22432672666181097,0.014476421215062714,0.20372740115413665,0.24511229777116142,0.29917635830438777,0.15720505966751466,0.24067828692549068,0.30243907478046594,0.06363570260055704,0.20026175176906863,0.2342077004661187,0.0069944369888594584,0.33180954928868367,0.06473944143692968,0.09144985439244971,0.27754715462047536,0.23058675551147867,0.35293449025970114,0.10599494117373805,0.15710526214060144,0.25446287833414294,0.2318749393543028,0.2143795416082503,0.3441472944141348,0.011936109011952432,0.25243480301743043,0.0174007316173182,0.2996319678054302,0.10136981610522543,-0.15539547799925954,0.050465724529870574,-0.1287879834873039,0.010438611051234647,0.019327877198674886,-0.023730772978440125,0.04148669176764868,0.0626918131588915,-0.07210269441836754
0.07277169033181104,0.18316851269836076,0.2066106968593831,0.2150683370753613,0.1636196334624592,0.23340472719863903,0.5101856669546876,0.1716791388374254,0.3093289096740942,0.22309175874578122,0.20673155315618413,0.3173770987141214,0.1164508519715562,0.2145937921078281,0.10390623138381341,0.21826594952959344,0.25310956176954535,0.261729550308309,0.07515509805763802,0.18451535093249022,0.18515868461408633,0.2688191383700137,0.12158052926503095,0.18915445015470125,0.12885311410411288,0.17383651268567926,0.1687671741911636,0.1298741436054144,0.15454902828478062,0.13486848215935485,0.18037484213832342,0.2159410058697615,0.11883740548450807,0.2593084227460732,0.09121809719376774,0.1884797901781634,0.24139179849397854,0.1891720132073459,0.1515641959943919,0.06859764528460542,0.14979698185432436,0.2587884728294222,0.16450819371635397,0.15882129810623843,0.19726546939251335,0.10565383323815498,0.21784476826836977,-0.010207713122759903,0.15287400019733322,-0.019884106147196635,0.000684395741552211,-0.12388718024842094,0.021840073254400766,-0.006716463714528368,0.01079061648212789,0.10624756197306136,0.02736226162005475,0.011657420903083703,-0.1920986012619474
0.05179328031173307,0.20506079266324967,0.21556306911741602,0.2169445039406351,0.20311973241599776,0.2725807169886439,0.1716791388374254,1.0465970826756306,0.04627996042446298,0.16215105456652879,0.20521485920908647,0.13483103437616673,0.12253761870888816,0.1643369829219313,0.15648511044707522,0.13961576010108873,0.24178634067253418,0.3813602749840318,0.20151665516610925,0.2845502143603761,0.22024016323376583,0.12644939412856318,0.1387400122803286,0.0997104567119917,0.08807177156265053,0.2572000665102284,0.2707983153950886,-0.029805514473118286,0.2254301810417367,0.24384966742973688,0.16098097264918146,0.15966830885663127,0.12799439347306257,0.25801525564621913,0.25302883679080507,0.07842636188880427,0.37313634968600434,0.25373965371428114,0.23908215866012808,0.18264748809733491,0.17790008660060974,0.20482450032075156,0.40507287572271367,0.10681841446512502,0.26916109808763733,0.09619704085705162,0.40658862160990883,0.043124417713066875,0.34596021487786793,0.2429018433587231,0.009372139330959772,-0.023068021817271786,-0.06660156394543525,-0.03964281871797449,-0.05731524159065039,-0.05317196650028673,-0.049244158301829356,0.38621802301651365,-0.2633128137276147
0.04051265369867524,0.1634483438179198,0.26759963920632235,0.09715993609017395,0.07161666292622092,0.1335513527416927,0.3093289096740942,0.04627996042446298,0.652069598142426,0.23115274641363928,0.16494388809713348,0.2351611383051016,0.11333195200028917,0.23160900389590755,0.01650989097113399,0.1867802872282454,0.20948778434252963,0.24597356961732975,-0.02095080139926146,0.15123601405346437,0.12644323820461784,0.36598165941362176,0.11270583545353183,0.19862979845231385,-0.012411005771033176,0.12881806655691783,0.1347699367282531,0.13695301221197964,0.027737486026461613,0.14686692294103107,0.14924282851398898,0.2235304724041504,0.18760954916306957,0.09193251472907302,0.09412232943178558,0.18212894948554195,0.26854276606139776,0.18694286329855686,0.07680206132809955,0.05215480224606597,0.10333208447779232,0.18105098485728816,0.0990784180429089,0.14815226055464623,0.14105750287958177,0.15432851036439363,0.20416526792630316,-0.032630417003280766,0.15389328961813775,-0.043564683154913665,0.052223513076690424,-0.1552034912324771,0.04256154983153982,0.010602543903156942,0.0813027999240633,0.14615977607380842,0.09387654994171996,-0.16884930377177787,-0.19584077398721675
0.10987269434639428,0.24517144248370215,0.33131109664864056,0.06607100620182968,0.03395295409265459,0.16649433738578148,0.22309175874578122,0.16215105456652879,0.23115274641363928,0.9659443159224927,0.18308322886402734,0.318694547933211,0.1025170882100149,0.21294591942096106,0.26516942186426207,0.11873637236098517,0.2730006600789647,0.2740204776799267,0.06025449641878971,0.19239773563685572,0.1103693007681416,0.1752412139210321,0.1107016584708207,0.19223389269238034,0.2562094138799022,0.12796527372801716,0.34080206088228276,0.18703554504721484,0.21495793534621196,0.19947792897266914,0.23466244967043876,0.2272522680993702,0.06708158471773508,0.4239745312577397,0.22300753640372656,0.3191152433362437,0.2937281189093838,0.20220221411456013,0.019612412541499424,0.09331715542856284,0.2150812008056916,0.17538903238191633,0.2502294361748692,0.08046382238107432,0.13641685222515657,0.31260194913405653,0.3161848193899494,-0.00786808484764857,0.09476644503623763,-0.017342260654210833,0.05279524486393115,-0.007127393260197957,-0.03296349433821641,-0.0018427355554912015,-0.029798939074696825,0.07234530908055956,0.2788529101683801,-0.012596952610328201,-0.3338723988208627
0.05621494321024124,0.162170328147208,0.12507310236106245,0.16103130031857946,0.15815286250104313,0.23003090786744265,0.20673155315618413,0.20521485920908647,0.16494388809713348,0.18308322886402734,0.4816989636966404,0.28058346376240717,0.15875104652295574,0.18118408614010925,0.21447953608273568,0.21815417670637455,0.2774746984129681,0.18898787772799874,0.13058688634449797,0.2315427448617073,0.16084114308438333,0.1984726195495982,0.0730963198718444,0.17584554977222042,0.14512935884609987,0.1931628136122283,0.1840623806796281,0.15789429250928314,0.18072686438432684,0.11926348776182269,0.17249603573491823,0.18272488701661824,0.13730865105370765,0.21666090786270523,0.2035946403679367,0.18100739323305448,0.19043208242124168,0.15848213067507297,0.17320326513922252,0.14390063411246645,0.12790258849766847,0.1682225047274798,0.16175222016066396,0.12522946680568214,0.13540461258239403,0.10920958267662721,0.20583607648445673,0.002449699471226452,0.24140114715941244,-0.03791408552898283,-0.004762815211517119,-0.05088608409857523,0.04592670244145328,0.03388660859162054,-0.0482935676936911,0.00811741206771916,0.026364801739622024,0.09509538673404017,-0.16867359928636727
0.0772734855135303,0.1781291320244101,0.15756740370394215,0.18334881714230827,0.17544241719467463,0.19904576455194384,0.3173770987141214,0.13483103437616673,0.2351611383051016,0.318694547933211,0.28058346376240717,0.6385152021947406,0.09688705963787257,0.29896255911896497,0.2075884634322764,0.28716719445750283,0.27289294753739524,0.19271329104234666,0.12368719542708133,0.2011367686492344,0.1665063533892803,0.2476233209652414,0.12899622030100724,0.17259399943373246,0.14912252234074871,0.18614025561227,0.2583711195674053,0.11819517650110578,0.17381368936346273,0.096281476160049,0.2179268670471415,0.29723820382674465,0.14840946633331784,0.27967921436032533,0.19527534428138987,0.25594042215255686,0.15311744015630008,0.17362160779449626,0.16684267021866023,0.14619652492346036,0.09719379055843526,0.16316498878696686,0.19125948970052362,0.09700011089203656,0.16795425901818548,0.15196244906804623,0.19992618542595111,-0.01344005636513245,0.17608176286594387,-0.18330706160147509,0.009191825612449316,0.03892452533025682,0.023828886377996076,0.018656713064319676,-0.05370701891901891,0.09304636282497851,0.02967552025249074,0.11381210075409354,-0.33819373158531224
0.03253236253253031,0.08947061121341836,0.08137533156182726,0.09378225804573898,0.11087314315164276,0.11845757324906915,0.1164508519715562,0.12253761870888816,0.11333195200028917,0.1025170882100149,0.15875104652295574,0.09688705963787257,0.3087013166940011,0.12358716762884883,8.698066776052482e-5,0.15062126908464976,0.1147207155672569,0.1493224828946324,0.07282420059030481,0.1070688626175473,0.0888879160010331,0.1385985922805453,0.08001428841332899,0.09699853293933614,0.07964607929354643,0.1034855430323722,0.05698903564466731,0.06484052117821974,0.1275385675588542,0.10827868408653507,0.08931943600130086,0.11949700367266168,0.08687043925268693,0.13858398578235473,0.11685754495853748,0.1033231658031446,0.10027204475127895,0.09658319999987419,0.1229475093304833,0.04412380427524687,0.10669709054244755,0.0735727825533538,0.08031110660789721,0.12516503087463982,-0.03406022146774853,0.11062163117240245,0.15521188935138927,0.002129583838963893,0.1592447627078322,0.09775664798508128,0.003937251131548866,-0.04343881360110654,0.019454516956002157,-0.057795728492956056,0.01148983560328945,-0.02714129062848221,0.03500804054565396,-0.004456128741088609,-0.042639509677353735
0.05511796005089845,0.14767088754436614,0.07114423067116248,0.16944359442895646,0.20986618914877178,0.21030182377099552,0.2145937921078281,0.1643369829219313,0.23160900389590755,0.21294591942096106,0.18118408614010925,0.29896255911896497,0.12358716762884883,0.735932475758654,0.14141505106269767,0.500115350041685,0.28309024891839907,0.03220732711733512,0.18206746309388544,0.27412521100861786,0.18261258903475572,0.3895652709350431,0.06880636973894275,0.139980022012016,0.09504072469478533,0.27077036207005184,0.2884089183757682,0.3191292001056177,0.17695532055125207,0.32497441873323835,0.24805700940698822,0.6342160220608049,0.21343086478803266,0.283584538478282,0.18016772871254544,0.3265979580046452,0.1786341331171482,0.3328806319899325,0.22638383108014815,0.1769309342744094,0.2784360776205116,0.15512405467157286,0.22099939833729967,0.2748567886281848,0.23780444754947822,0.1452110744274733,0.2797402998216369,-0.014398571278000956,0.2703505608064596,-0.06254833071029485,0.02785225884449891,-0.11556538006962555,0.12757691442014862,0.049956838314785104,-0.2019205630191319,-0.08145264138055906,0.16096729705290963,0.23459478157943817,-0.22523904050383664
0.11169144145221621,0.27856303096911217,0.2388615053824621,0.14334747183220647,0.17715529666393695,0.2247381157566714,0.10390623138381341,0.15648511044707522,0.01650989097113399,0.26516942186426207,0.21447953608273568,0.2075884634322764,8.698066776052482e-5,0.14141505106269767,1.1137661892798212,0.09756073741143037,0.21740461043902878,0.05226851577944233,0.20049863269266052,0.23162647415360285,0.13830881253410598,0.09640756372586906,0.010229895130552622,0.20382760179672318,0.21817800991397882,0.20217080690696831,0.27484175426568924,0.2863068858830773,0.16118564283019907,0.16632419720059707,0.18554444683186058,0.14337507667086766,0.12319463566027761,0.2857483629373239,0.18656641368935975,0.2172466750817539,0.2265799615507725,0.12885964935215155,0.1290849035570015,0.08664691383922117,0.1398039658920363,0.1759935336462162,0.2211500106397341,0.08255509174087548,0.21876226927404546,0.03554748951028167,0.14572224304081954,0.019781348327347514,0.21885198661551075,-0.19236927125343298,-0.08683438000737502,0.248294158703704,0.014588723334429125,-0.004501999365924125,0.006145887449797527,0.07524918806285506,-0.03028662675230628,-0.05938136927799427,0.013881971334515965
0.05232085154371192,0.14360076874483726,0.031052578834294863,0.2073627338609404,0.23844244680214452,0.22260615082446467,0.21826594952959344,0.13961576010108873,0.1867802872282454,0.11873637236098517,0.21815417670637455,0.28716719445750283,0.15062126908464976,0.500115350041685,0.09756073741143037,0.9498607989697341,0.21824939452523606,0.13722668628868737,0.20896325171662705,0.27711920274221385,0.14321242481605376,0.4706907674638747,0.033726859066581724,0.17293157861587402,-0.03780170285951381,0.22114546993286788,0.15528392648728934,0.2748370746612804,0.19963718257489835,0.24697075147128197,0.16187038289664568,0.46550579166010586,0.16181326156869202,0.2658676087823632,0.31381858477456,0.16470816740810162,0.20762045042690877,0.24671217637802711,0.2812414402107617,0.16649142795628108,0.1969209280743784,0.11186055115637182,0.19666309101882554,0.271589175744086,0.13633318139657866,0.04141784711013807,0.23539675873492688,-0.02033466530118588,0.4994562343495275,-0.19747976071298895,-0.07895634191301645,0.03977176669427115,0.05471434398623984,0.03984317676207385,-0.06598517991831473,-0.035628317006438724,-0.019951363878391686,0.14779930550386638,-0.11579634375331069
0.05227035364837836,0.2470029092454285,0.2581487663059082,0.15549055810684764,0.11573768601266009,0.27163000463194686,0.25310956176954535,0.24178634067253418,0.20948778434252963,0.2730006600789647,0.2774746984129681,0.27289294753739524,0.1147207155672569,0.28309024891839907,0.21740461043902878,0.21824939452523606,0.7554034515850461,0.1354565840160194,0.18099862776580816,0.3135067080076334,0.23839272094649144,0.2905037314876507,0.019845383617879565,0.17282618997215685,0.4460074010512342,0.19189619179999723,0.33800504726105324,0.45377058517746105,0.177611751623333,0.2834086218392473,0.30548592937153857,0.27805029559212496,0.249866827831037,0.28349581086936776,0.22461209846367405,0.3540876681266377,0.3991798107430966,0.34329923768392734,0.103999214393223,0.1243583906796444,0.29423269928328744,0.45081970421786455,0.29175683168382976,0.2205870424054536,0.446727965079728,0.1805116880875636,0.36450164316841266,-0.011835454097162162,-0.21172447250499263,0.14310288961272,0.09240659430959546,-0.14666319844904888,-0.09538818542463376,-0.010224573042528915,-0.11547332136405598,-0.04134540146688767,0.05656647977258833,0.14480658338573724,-0.1575286407267962
0.07963486986237699,0.3182279809475003,0.2339911913856377,0.14278522816528727,0.10645295734404735,0.2278328895197099,0.261729550308309,0.3813602749840318,0.24597356961732975,0.2740204776799267,0.18898787772799874,0.19271329104234666,0.1493224828946324,0.03220732711733512,0.05226851577944233,0.13722668628868737,0.1354565840160194,1.1243539966786953,0.08987765548816189,0.10914793516581084,0.21503080631317775,0.13488887391930263,0.22779552828114527,0.21713876633494703,0.15404067491696954,0.17822288421362065,-0.034959625687944966,-0.06496309750306452,0.28428696261908887,0.030523368382540404,0.15683308557321693,0.06767626572308116,0.0018352279190792945,0.2691338128289714,0.11031468741460786,0.03892410535478754,0.40736840101556193,0.13456345664482533,0.22399169600168606,0.08470511123415739,0.2048178941101231,0.29786235712888826,0.20461669280144656,0.08829289743484896,0.25042219904391605,0.1619622319649089,0.5126506907357241,0.008172105474970628,0.014572691737732828,0.3820396979967661,0.2856090610666533,-0.3328295832676685,-0.28857209024010855,-0.0822010504178446,0.09358390855292086,0.1308220292542559,0.03589114064951641,0.08779423530919794,-0.32324383080370783
0.06253967253384286,0.06546358871697888,0.023776525651635044,0.21990719749313098,0.322513765925913,0.3331690514194315,0.07515509805763802,0.20151665516610925,-0.02095080139926146,0.06025449641878971,0.13058688634449797,0.12368719542708133,0.07282420059030481,0.18206746309388544,0.20049863269266052,0.20896325171662705,0.18099862776580816,0.08987765548816189,0.8070534427385103,0.09833680091438607,0.20514912371191743,0.15655506085209897,-0.07098013793790879,0.07561770843117467,0.20622317004099183,0.1834654165815529,0.14761144144726324,0.31740084433397237,0.1306738429465896,0.09960237006004556,0.1875506347693835,0.20138657336521076,0.12357999033620222,0.20830800475433495,0.028726985725677664,0.08940020430182975,0.17990347850655847,0.19535264033671676,0.43126739087762833,0.07947514277636106,0.21256142232400102,0.1619541965012167,0.15703424814905134,0.21865335839606734,0.32454308023296063,-0.05612525192219903,0.1155841522971564,0.04310488987410234,0.21059169128448849,0.09298494860141852,0.0690534562760144,0.2615041477928249,-0.2656893411782284,-0.07911738460056138,-0.041581983881926424,-0.06413829697485356,0.0007221980842921564,0.12131196902479031,0.019231887238556095
0.04099135990359763,0.29107813148648287,0.1970844657004376,0.17400511647402084,0.15601774483357023,0.3148190227145366,0.18451535093249022,0.2845502143603761,0.15123601405346437,0.19239773563685572,0.2315427448617073,0.2011367686492344,0.1070688626175473,0.27412521100861786,0.23162647415360285,0.27711920274221385,0.3135067080076334,0.10914793516581084,0.09833680091438607,1.1078831634604116,0.08356106457019966,0.16909112888350897,-0.029061050903187523,0.27015331872138104,0.2644986236730889,0.3089659862549126,0.1488922237013281,0.13925947466743083,0.3062105730573638,0.21440648648404254,0.17881207875370686,0.24535132286394115,0.05074479526390663,0.33643135485616965,0.19795110687721906,0.1255651865450803,0.5487387928200967,0.21475120809894863,0.3987296109210845,0.22915449890684209,0.14035826606506818,0.30188014459491413,0.19992937765365856,0.04172667020299424,0.3781795602629447,0.19117571243383355,0.18186296243874464,0.03265291008044453,0.376277589439101,-0.11097307399705914,-0.07600930233242427,-0.05297578105669667,0.16025355407245115,0.003070116779562342,-0.004664336618288248,-0.03010255556585423,0.06383621375466908,-0.08104615269598436,0.01616541841231295
0.05918748699937281,0.14669153957182934,0.13815992017660864,0.1604003183237587,0.15477522307596142,0.23653333564613027,0.18515868461408633,0.22024016323376583,0.12644323820461784,0.1103693007681416,0.16084114308438333,0.1665063533892803,0.0888879160010331,0.18261258903475572,0.13830881253410598,0.14321242481605376,0.23839272094649144,0.21503080631317775,0.20514912371191743,0.08356106457019966,0.6946816204951823,0.1358234315308762,0.254463643077493,0.0693135388016737,0.022485295276429975,0.15348840656578056,0.14070226825143983,0.2298183318312182,0.17208335502126862,0.31630822808878095,0.2900473831129335,0.1913239193687858,0.1605241412095395,0.224748353032733,0.2809649007429613,0.2809433213218626,0.2527704001871926,0.27634318682595754,0.6203293404269028,0.23886183621219292,0.42942798939442817,0.3946037847327811,0.23432348875295017,0.39256101810827043,0.696101699595544,-0.0278089071337072,0.37816992495530305,0.030749484144552464,-0.08728818229104851,0.1601288434818661,0.03260675306068959,-0.03578219433972679,-0.09529156195142913,0.0003239296945594988,-0.00706103416071228,-0.03720128211944763,-0.04201689392368999,0.09580186253150166,-0.04840984752230959
0.0642246683500375,0.16639127983791713,0.1931272311558979,0.15707230178389037,0.14902430598576968,0.22432672666181097,0.2688191383700137,0.12644939412856318,0.36598165941362176,0.1752412139210321,0.1984726195495982,0.2476233209652414,0.1385985922805453,0.3895652709350431,0.09640756372586906,0.4706907674638747,0.2905037314876507,0.13488887391930263,0.15655506085209897,0.16909112888350897,0.1358234315308762,1.0430093597822476,0.0627308125928069,0.17101803095453139,-0.06569183428827974,0.22153860828870475,0.2834327361510301,0.2935712796995196,0.02637688552695498,0.21279604094945717,0.1759853949537565,0.3788372867515633,0.3020991872262119,0.1807829021621217,0.20641641327410326,0.23121855093841803,0.2768972046295691,0.33161252308555417,0.12836245147018122,0.08016687938841764,0.1452171920572346,0.22679750072939858,0.23296771305481004,0.2950297279369411,0.11863958883611665,0.14214473891343232,0.2234289091651528,-0.09846579044251552,0.4466618039049693,-0.1056255987962755,-0.028602361415515153,-0.09503467458094508,0.03956027901096866,-0.02555389132675573,-0.025400392841723046,0.0351306928024536,0.025154100991569856,0.0661674197259991,-0.18589666745527486
0.028490161796068104,-0.11314928282914195,0.0075962062185261706,0.06347585157763586,0.09511013166915179,0.014476421215062714,0.12158052926503095,0.1387400122803286,0.11270583545353183,0.1107016584708207,0.0730963198718444,0.12899622030100724,0.08001428841332899,0.06880636973894275,0.010229895130552622,0.033726859066581724,0.019845383617879565,0.22779552828114527,-0.07098013793790879,-0.029061050903187523,0.254463643077493,0.0627308125928069,1.4806950098015446,0.12136695342775679,0.07490890924180174,-0.12011893613703621,0.06784887977167539,-0.4709133441287377,0.28462288581879414,0.36111298858939556,0.31620231734774534,0.025683017801678025,0.12896027160310897,0.26668588931220927,0.20384680778867015,0.5125102815600644,0.03710380806095484,0.02596508192439701,1.0697986084088236,0.24923625162571608,0.36690201389987015,-0.03878392222989347,0.014317399920633246,0.7096561285860622,-0.15760261696506878,0.12771454335801155,0.39907006528355016,0.05341078200143924,0.22933732549932032,-0.02289702087171923,-0.035656375490043975,-0.0623654538364568,0.210663865655826,-0.038437654840354774,-0.0720711962636439,0.024956724803730866,-0.018466331466118455,-0.11272028607551024,0.023021468614766453
0.03141891127982279,0.08957055179236183,0.17502020906366966,0.11997872523396257,0.10996980932055801,0.20372740115413665,0.18915445015470125,0.0997104567119917,0.19862979845231385,0.19223389269238034,0.17584554977222042,0.17259399943373246,0.09699853293933614,0.139980022012016,0.20382760179672318,0.17293157861587402,0.17282618997215685,0.21713876633494703,0.07561770843117467,0.27015331872138104,0.0693135388016737,0.17101803095453139,0.12136695342775679,0.7774741993630369,0.4085759126246393,0.11352864510191232,0.034123299167631495,0.11025181881494867,0.14963142759770381,0.1607146668875947,0.15576485546610763,0.13195732469018184,0.11714397544793655,0.20983416615525458,0.25621262357392677,0.1896460630008754,0.21247664757032883,0.08727646797977431,0.08106939760648722,0.06837248864402316,0.0928037477099361,0.1483900940593558,-0.03610781533389595,0.10942263536682932,-0.001491946653061183,0.051244716351736434,0.1854434458701908,-0.007813021546464564,0.3339575946102654,-0.14742557833510972,-0.011064660004500224,-0.058473892997162685,0.09323870806568671,0.011623396268891695,0.16421699430187678,0.11091131726140692,0.08994924915863771,-0.6212667967006731,0.2830158493161718
0.18103789471301054,0.18489381520453332,0.29590513690478276,0.0927623041605673,0.04420978505988879,0.24511229777116142,0.12885311410411288,0.08807177156265053,-0.012411005771033176,0.2562094138799022,0.14512935884609987,0.14912252234074871,0.07964607929354643,0.09504072469478533,0.21817800991397882,-0.03780170285951381,0.4460074010512342,0.15404067491696954,0.20622317004099183,0.2644986236730889,0.022485295276429975,-0.06569183428827974,0.07490890924180174,0.4085759126246393,3.344418552984423,0.400677307683281,0.5192732380977206,0.4392201678740479,0.4085343885266372,0.21216257449062376,0.48654635236168764,0.09922889417265603,0.11097055752953507,0.3351141662832263,0.17854578435877635,0.5302204378581427,-0.1284740444597316,0.4137695999950109,-0.5147643640213394,-0.18921906791378507,0.33134669653113014,0.4101666024956954,0.3564620702240134,0.15945305077813557,0.28035647433711786,0.35396559665828614,0.28997945802277986,-0.06695432189328199,-2.045902008588991,-0.20716201722719108,0.14261260477922524,0.21795722560038153,-0.05462993280816293,-0.13836214342241,0.11342806536260477,-0.03221991813768789,0.07779342431123774,-0.13220654060991363,0.11782781288788474
0.03018947271813021,0.13708533445302987,0.1077298684172534,0.18624551801571174,0.2048088750906439,0.29917635830438777,0.17383651268567926,0.2572000665102284,0.12881806655691783,0.12796527372801716,0.1931628136122283,0.18614025561227,0.1034855430323722,0.27077036207005184,0.20217080690696831,0.22114546993286788,0.19189619179999723,0.17822288421362065,0.1834654165815529,0.3089659862549126,0.15348840656578056,0.22153860828870475,-0.12011893613703621,0.11352864510191232,0.400677307683281,1.4257410811571922,0.09077061374310692,0.28831451471193476,0.2613333912269774,-0.3376678084011857,0.20107242546623671,0.3075909058830478,0.1240858079463301,0.2846910965553124,0.22475173113248928,0.16573049642901314,-0.20717063435953265,0.050672093906934945,0.2761676346659771,0.2699746486063141,0.09940297485468685,0.3086143685301833,0.0761965655492057,-0.0417717694362793,0.36529459369835054,-0.11927681055222462,-0.06236816114594907,0.013074371672077534,0.8168682844503298,0.2786101254525727,-0.1316534902125629,-0.05145907672007012,-0.2552996857645736,-0.03299667461592799,-0.06220337820678219,-0.029488735291216733,-0.0022986296947284284,0.19730627483424346,-0.13996298937880972
0.0799441233206303,0.2571285141490879,0.2042316505640858,0.070880175791175,0.016059100729680493,0.15720505966751466,0.1687671741911636,0.2707983153950886,0.1347699367282531,0.34080206088228276,0.1840623806796281,0.2583711195674053,0.05698903564466731,0.2884089183757682,0.27484175426568924,0.15528392648728934,0.33800504726105324,-0.034959625687944966,0.14761144144726324,0.1488922237013281,0.14070226825143983,0.2834327361510301,0.06784887977167539,0.034123299167631495,0.5192732380977206,0.09077061374310692,2.0950402321093917,0.6087976083203204,-0.0245578373887477,0.34980377395312123,0.5492017107284142,0.3057733945888915,0.42060056898599435,0.29332655117527673,0.465495392126011,0.8757915031290846,0.3035011231090121,0.5040516751358294,-0.1535172823658357,0.3173027466588851,0.23652287578025794,0.05512884026011833,1.365986029840002,-0.10626920525271152,0.04320976483702372,0.3833478327677343,0.13328702348868923,0.006598148197695502,0.6668959698921507,-0.05107463864513583,-0.24418552449055247,0.6033332583922617,-0.044810329292033574,-0.09353697981644567,-0.05683009136441962,-0.023331512162197553,0.1512759691525995,0.5027409713606069,-0.5083474257948898
0.04811954408197917,0.21562766030791267,0.2003638429843659,0.08006948524864892,0.032295541513095015,0.24067828692549068,0.1298741436054144,-0.029805514473118286,0.13695301221197964,0.18703554504721484,0.15789429250928314,0.11819517650110578,0.06484052117821974,0.3191292001056177,0.2863068858830773,0.2748370746612804,0.45377058517746105,-0.06496309750306452,0.31740084433397237,0.13925947466743083,0.2298183318312182,0.2935712796995196,-0.4709133441287377,0.11025181881494867,0.4392201678740479,0.28831451471193476,0.6087976083203204,1.9534645001484272,-0.2062026155541085,0.36222786056193673,0.39561807617719635,0.42279355342645997,0.34677758113199925,0.158738274357044,0.22354809310903176,0.632952660381011,0.03058252498355246,0.4173427955831608,0.026071482794246616,-0.0061275851938099824,0.5066917252003844,0.05644375268092549,0.4858979257278196,0.5527843333533338,0.46991720659177816,-0.06870846439920804,0.04584606220372937,-0.0015527200886887005,-0.02459937189258514,-0.2622168432824139,-0.0129510295391663,0.7592678575659312,-0.5701031456415547,-0.00792699873215161,0.008387236689745682,-0.050094470531898076,0.1944290489748423,0.0777112986503595,-0.0364247924401231
0.046427598213724816,0.2109608832607619,0.14063652081816538,0.1891769113249196,0.19695498718260854,0.30243907478046594,0.15454902828478062,0.2254301810417367,0.027737486026461613,0.21495793534621196,0.18072686438432684,0.17381368936346273,0.1275385675588542,0.17695532055125207,0.16118564283019907,0.19963718257489835,0.177611751623333,0.28428696261908887,0.1306738429465896,0.3062105730573638,0.17208335502126862,0.02637688552695498,0.28462288581879414,0.14963142759770381,0.4085343885266372,0.2613333912269774,-0.0245578373887477,-0.2062026155541085,1.8415470543350263,0.08335807057769479,0.05208806761831342,0.21654710802102498,-0.29369747208916724,0.640028501393955,0.21735425835550226,0.31080704514383484,-0.2453987543020847,-0.2454930559510471,0.42814501877913225,0.2648236411692072,0.3266903371211581,0.04643417316629985,0.022734980188449636,-0.28798233631516906,-0.0952769439143844,0.41337999282364174,0.24621860780664492,-0.023426792133148435,0.6494225897229792,0.341490158810645,-0.16044141176762572,0.059723897146754086,-0.3085561206862761,0.06096623529807842,-0.0396554060880833,-0.08022583349362,-0.03973150437509192,0.11175156344862008,-0.020200802125847794
0.07216213297035537,0.11591538848869734,0.0541314614171417,0.03168070522772838,0.005234366263036718,0.06363570260055704,0.13486848215935485,0.24384966742973688,0.14686692294103107,0.19947792897266914,0.11926348776182269,0.096281476160049,0.10827868408653507,0.32497441873323835,0.16632419720059707,0.24697075147128197,0.2834086218392473,0.030523368382540404,0.09960237006004556,0.21440648648404254,0.31630822808878095,0.21279604094945717,0.36111298858939556,0.1607146668875947,0.21216257449062376,-0.3376678084011857,0.34980377395312123,0.36222786056193673,0.08335807057769479,2.794044657912028,0.2579094435830035,0.2887084965509665,0.3713108737557136,0.10756838803539753,0.6735692432979297,0.3081352808808041,0.7743754488555181,0.8635204503365094,-0.0006307733011551458,-0.013104646459124153,0.8497845326420895,0.3487772935978709,0.9079348683269616,0.8521602201279903,0.4499700613874103,0.19484199878604883,1.2664663350956535,0.09320993216531738,-0.034568792486925196,0.03313470503378344,-0.07810491268500903,-0.16567772459809835,0.23850445480561208,0.0003441079193607368,-0.026227228874872135,-0.1718508461630369,0.1382763295903178,0.2930578559601886,-0.23180848282150704
0.07858133311343923,0.12556767521192885,0.16898219704397097,0.12606279788029906,0.13297387649154685,0.20026175176906863,0.18037484213832342,0.16098097264918146,0.14924282851398898,0.23466244967043876,0.17249603573491823,0.2179268670471415,0.08931943600130086,0.24805700940698822,0.18554444683186058,0.16187038289664568,0.30548592937153857,0.15683308557321693,0.1875506347693835,0.17881207875370686,0.2900473831129335,0.1759853949537565,0.31620231734774534,0.15576485546610763,0.48654635236168764,0.20107242546623671,0.5492017107284142,0.39561807617719635,0.05208806761831342,0.2579094435830035,0.909910440963902,0.25041280020847734,0.1809021393894011,0.2888152595093681,0.22710541702326223,0.7914820159213082,0.2348074067417507,0.40825593936053434,0.5522082954550944,0.20034283626323973,0.44522145487700804,0.2259087448136565,0.29762147103533537,0.3319755548463947,0.3615466304180841,0.23479134403047422,0.3039906638915417,-0.0013000411423933662,-0.29096489083045224,0.13657597381203343,-0.007117559897424226,0.1564712247578179,-0.0639016318133987,-0.10049516941538295,0.0020647548013882325,-0.006591199348528355,0.12739153742171064,-0.011249782683921957,-0.11881974259445914
0.051359305932221974,0.14848690127668926,0.08255079247418308,0.16530035542609095,0.19258158369355916,0.2342077004661187,0.2159410058697615,0.15966830885663127,0.2235304724041504,0.2272522680993702,0.18272488701661824,0.29723820382674465,0.11949700367266168,0.6342160220608049,0.14337507667086766,0.46550579166010586,0.27805029559212496,0.06767626572308116,0.20138657336521076,0.24535132286394115,0.1913239193687858,0.3788372867515633,0.025683017801678025,0.13195732469018184,0.09922889417265603,0.3075909058830478,0.3057733945888915,0.42279355342645997,0.21654710802102498,0.2887084965509665,0.25041280020847734,0.7567211425665621,0.19612839817363345,0.29637602986703704,0.17116664662498637,0.3083084364705071,0.13346701625867716,0.33670560618165174,0.22247929980733375,0.1843408625406256,0.26970388839415976,0.12242934283320209,0.23913177532466062,0.24069936386611418,0.2636173865832566,0.14134757649791,0.26222906206652297,-0.016598384045836474,0.3179118230612725,-0.06213725865178427,0.0008533064916531373,0.1935793609887511,-0.2255840898491797,0.0844144312180903,-0.1845207980458642,-0.07741628039141146,0.23720731202291329,0.20686749969370116,-0.2733256042322954
0.05627116204897979,0.18165475168050818,0.1295119827965738,0.04768386367556839,0.06449948244636172,0.0069944369888594584,0.11883740548450807,0.12799439347306257,0.18760954916306957,0.06708158471773508,0.13730865105370765,0.14840946633331784,0.08687043925268693,0.21343086478803266,0.12319463566027761,0.16181326156869202,0.249866827831037,0.0018352279190792945,0.12357999033620222,0.05074479526390663,0.1605241412095395,0.3020991872262119,0.12896027160310897,0.11714397544793655,0.11097055752953507,0.1240858079463301,0.42060056898599435,0.34677758113199925,-0.29369747208916724,0.3713108737557136,0.1809021393894011,0.19612839817363345,1.6375462965830296,-0.16608466384468012,0.2520517430729327,0.1457390827053854,0.7711604042457733,0.4365658523781981,-0.3267708426529802,0.12659177853507728,-0.22381257059699178,0.15406834492703336,0.3776676239034158,0.35089483943326144,0.17991702561834283,-0.04998022634682492,0.3280569639951112,0.0037586624291726764,0.2074312513128857,-0.04239730842524952,-0.06672653443162607,-0.04146561769142538,0.11662410535674227,-0.09421638067736574,-0.21086137155054652,-0.09382599534179023,-0.060674121065645854,0.1594815900194988,0.08803840660717774
-0.038972587884550915,0.22901567215022958,0.14565240640067775,0.27113125166682206,0.34676884866376656,0.33180954928868367,0.2593084227460732,0.25801525564621913,0.09193251472907302,0.4239745312577397,0.21666090786270523,0.27967921436032533,0.13858398578235473,0.283584538478282,0.2857483629373239,0.2658676087823632,0.28349581086936776,0.2691338128289714,0.20830800475433495,0.33643135485616965,0.224748353032733,0.1807829021621217,0.26668588931220927,0.20983416615525458,0.3351141662832263,0.2846910965553124,0.29332655117527673,0.158738274357044,0.640028501393955,0.10756838803539753,0.2888152595093681,0.29637602986703704,-0.16608466384468012,1.5542907467385187,0.27886133296429627,0.3318470662632289,0.3887791031174043,0.173772084723491,0.2911546160110627,0.10178263922891888,0.39360465019064744,0.32764309627806454,0.3099418012254051,0.22425689885699926,0.1849835801705746,0.3075639988891145,0.33226308626627765,0.018877699617135448,0.3105056229065317,-0.03971940671055068,0.013812340004638934,0.028283636497325917,-0.015377588912520012,-0.07799162390508044,-0.06877558560967396,-0.018918292267681595,-0.007636180121074417,0.009861731523536532,0.10880146643644607
