2.285588054960134,0.5586557790100691,0.9993060490516371,-0.3947997588119611,0.34910716816486237,0.32387233083132894,0.5407533821452869,0.14789138053936102,0.579829729154371,0.3090397836291808,0.3207367275287169,0.38939068179195074,0.24362229077981992,0.4669648230281907,0.4115871032230012,0.34985067176961054,0.3671732645496102,0.40293501434438855,0.21720521080724406,0.34292688914707137,0.3143885094424561,0.4565569004312828,0.5117586557241318,0.30495214567208784,0.3963020698887231,0.4642718775098726,0.2987465223133554,0.20621798653468604,0.5865671781402644,0.3882129200340369,0.2323924565592461,0.4020899762231349,0.42115408899033474,0.5368238080524201,0.6166419075481919,0.16265160010898716,0.302441024410892,0.19238805632678668,0.30345475507072484,0.36754258917533156,0.16804394074803214,0.340567289472011,0.43492449287976953,0.04400683753864154,0.41572026997069095,0.07366792253103992,0.3585644452088335,-0.01298430909323032,0.5371053551214318,0.015334729371940936,-0.21671459702490403,-0.04577225783995585,0.3016555891663589,-0.015387141512461079,0.058216088776831175,0.025281869535381737,-0.10865933640734303,-0.008299267661387272,-0.015984201340235264
0.5586557790100691,2.095038421791413,0.9151347169958352,-0.12628854460499275,0.09912540785106433,0.3144936562874285,0.21857811554640333,0.2966689152777857,0.29651526405641254,0.2584183959537695,0.24466065028996548,0.22845530690513757,0.18930816213835264,0.06812260392320203,0.3970993851898141,0.12243625520702643,0.2562657439325159,0.5607603087872418,0.2350470000684496,0.26149302138129665,0.22099807799094184,0.20159792639834384,0.3586348092443223,0.08360917236558252,0.27616575482447187,0.17169146813217234,0.20008361178128045,0.705006774274246,0.40026322784071533,0.241172185788912,0.14093660247458592,0.1372816907680176,0.2475872403841411,0.35073359959153055,0.43759432993224734,0.07197021281567144,0.5224835181631585,0.11205278280605233,0.3223439048412943,0.3157993272595496,0.06927612320157057,0.2353898622673586,0.305881953293112,0.024082724529152475,0.6773369549100928,0.06334780685751126,0.3489553655878762,-0.017664230300464833,-0.028093653866517774,-0.2579933730346798,0.35018736701734127,0.3877862427670972,-0.15403776549658954,-0.015068252389735762,-0.08752727465406161,-0.006782931752215247,-0.12495050762866665,0.15000605682106985,-0.04681319831923291
0.9993060490516371,0.9151347169958352,2.444048480828804,0.35073119920349594,-0.13735449711239084,0.4961893734481716,0.5223918901700223,0.43263785977664143,0.7795215156470703,0.4802825724459985,0.39496619142759914,0.4252488276281436,0.29691221616595503,0.2571072175715161,0.48496620872774615,0.2838645980134583,0.4954943027033166,0.5309445846924689,0.29560058171228304,0.35712466513542956,0.36573597632644717,0.4922131994057803,0.532525417505175,0.24637406679205082,0.37156383950319827,0.3741872955197984,0.32871299945768256,0.6231898374880396,0.543629808500238,0.5732971670070995,0.20060556739325602,0.31474099350072277,0.5071482022765207,0.5217357977939614,0.6387095074213991,0.28899302463361354,0.3968996521623786,0.14755570042903418,0.5981832071391754,0.43425539742355407,0.2362225664952381,0.38623574915604114,0.5374107246865704,0.1276238607633628,0.605210233374154,0.01321679126732316,0.5518752003947297,-0.003187056394878151,0.3624294310790316,-0.03082958057831893,0.00013715174048749775,0.5372743406397259,-0.10356911534993712,-0.1626228658856396,-0.1384522058670587,0.011707145018827528,-0.16437199497850571,0.2356848018569992,-0.12984949852171304
-0.3947997588119611,-0.12628854460499275,0.35073119920349594,2.658036373528533,0.005887530135279868,0.3479648283348946,0.6083835608471355,0.39302688042382106,0.3402306982480388,0.36593334088476104,0.34406995440493005,0.5177223085825037,0.16201140305666434,0.6123618713142337,0.1253287064984871,0.5155146226991272,0.4701616979121089,0.11064534779913679,0.1605415167616075,0.3265222156968225,0.30379786040493567,0.41366019826244527,0.0633396914199636,0.12808046830970501,0.3150972532784709,0.44666032983406306,0.34736463738766055,-0.03021706860152187,0.4387991433100657,0.27079961962234494,0.18896951771070886,0.5335696813001667,0.3497929430602238,0.28485381843736246,-0.3381911585431737,0.5607281317831551,-0.07869250097534775,0.1684109562191596,0.3044803623545002,0.06267112402591885,0.36356503882545915,0.2567446599421638,0.29520725393042446,0.20225397803590564,0.08741743565004567,0.03692000409867013,0.2593228607397346,0.01494899675708494,0.11662697446682599,-0.22507373537827316,-0.11907828317615489,0.09604951572260143,0.15988416508909864,-0.1016495841913971,-0.4161738649860662,0.037659983956658115,-0.09345845077397937,0.47462946083604746,-0.19823641790763216
0.34910716816486237,0.09912540785106433,-0.13735449711239084,0.005887530135279868,1.2137375085966846,0.2672230826593825,0.13428331429723486,0.31060306474142363,-0.013809859958126494,0.1274353275928442,0.199150191883582,0.2089274066147291,0.15494982283433295,0.18988379460613924,0.28221668238990283,0.21235904122996888,0.13736272849171866,0.16570478569324223,0.4823219955201885,0.263737724069019,0.10984094587363703,0.11317244442891812,0.13501357623308027,0.12566079720607218,0.18082187143330114,0.29165229513024266,0.13227615024752323,0.1983139603240957,0.10547338714195101,-0.22038212644465696,0.1938925794565572,0.1401775190017389,0.054852411674688274,0.23453672149243154,-0.1524585346739702,0.11034762376691297,0.24901022856042385,0.1658498341803275,-0.03844972048122876,-0.023456133677656785,0.1929301635010244,0.1246669195240148,0.0439252618604299,-0.024338825167417966,-0.0479634206803911,0.20396612086091198,0.0028513183467592227,0.03780675333384315,0.188862565303135,0.14824851998365893,-0.0825492145341877,-0.38256028977907236,0.3244288688493376,-0.025988024731083373,0.01460614260756607,-0.045833961893033064,-0.08037029045906012,0.015310816164926248,0.13142247742355198
0.32387233083132894,0.3144936562874285,0.4961893734481716,0.3479648283348946,0.2672230826593825,0.7592885196406095,0.280979000280906,0.4088008225596002,0.2304352322088235,0.2094644219743546,0.29587816047860793,0.2921852966270447,0.17132393227570433,0.17804517174806145,0.27280668297336247,0.2295069381093286,0.2863606711577535,0.21556420650215832,0.453101533510724,0.3810021273288871,0.19894153127309805,0.2347576236428844,0.19988278368489024,0.1512833856285363,0.3025398819925874,0.32642828003353236,0.210639065907118,0.19798801131302685,0.41716813887601456,0.1689463422459191,0.15296412243332821,0.20789252236358335,0.19503454860622857,0.3030357784792419,0.27956169538266123,0.13135385857478543,0.25548297868881037,0.1825571954456525,0.22734718960543787,0.17261787520409305,0.15204448151341082,0.20060172697067524,0.28075043308270253,0.055500518673676294,0.1761775621805797,0.06537898026501722,0.3262031233517,0.033119900996450416,0.3198100878414379,0.21911408607213032,-0.22968806572133924,0.180592700008824,-0.16869023725455992,-0.07281661945532422,-0.07621824821924017,-0.023307122662725565,-0.10001642676265109,0.14926482915204414,-0.018302022303262663
0.5407533821452869,0.21857811554640333,0.5223918901700223,0.6083835608471355,0.13428331429723486,0.280979000280906,0.6316069147743678,0.23193473196424058,0.38473415144679063,0.27752109812144354,0.2744864942639482,0.3651405338250751,0.17532546132441162,0.21754458444247915,0.2016013779812786,0.26146555816072925,0.3192650962736425,0.253061289626069,0.14487161108044136,0.1435884638139297,0.2244209118151548,0.3137741878830897,0.27578632122440705,0.16186731812056196,0.2676622998288043,0.25940320201436823,0.20919844778436084,-0.0017851037441573173,0.40073934498490926,0.23686224288840635,0.149571221560611,0.23581068140793746,0.29852816917416497,0.3098180896406562,0.1947011735583013,0.2551625981773543,0.0902037193935056,0.0853965919892418,0.32533572117518555,0.17484137946955292,0.15628323695186336,0.2116512982492122,0.24154603314044504,0.07418351200013504,0.16866344608399395,0.05479477049020172,0.20129606334925423,0.0035584571074290918,0.28498553817985234,0.03498881268956424,-0.13357618324678353,0.0893657237257507,0.09741279234533538,-0.09123077536178432,-0.07826627802339463,0.0639387644192071,-0.12675584844024296,0.11134802402638393,-0.09279500167065291
0.14789138053936102,0.2966689152777857,0.43263785977664143,0.39302688042382106,0.31060306474142363,0.4088008225596002,0.23193473196424058,0.9856666588450309,0.06753923245856414,0.22659963016065499,0.2975922592049851,0.13677754849245574,0.17954849866120667,0.12828521955888889,0.2353970417126981,0.17509293765920977,0.28516530412090296,0.2907170591416623,0.4011741503577232,0.40459217908479367,0.15593239875435397,0.1360818504201637,0.23650957219906146,0.11218940695016286,0.3049261205883455,0.303372497341603,0.18081797231723196,0.44307293274455795,0.28214763538418697,0.26312515135624326,0.1364276707571047,0.1545724145040089,0.1950284113730037,0.3047890888349471,0.38046189771947775,0.062245898114876616,0.3043154261561181,0.18609690084272826,0.30684103774489424,0.20353936426715152,0.13458019271665594,0.1772543316799218,0.30695312826941107,0.0734803683772571,0.2651365233713214,0.019708772229841617,0.41958197424684196,0.06018648840286506,0.15940146068989833,0.17513305517409655,-0.09708095572934011,0.38816289306893503,-0.1506350964840781,-0.16565889177850665,-0.05759188364990055,-0.047661394861663646,-0.03746579817433873,0.12451274021908781,-0.016026682082935832
0.579829729154371,0.29651526405641254,0.7795215156470703,0.3402306982480388,-0.013809859958126494,0.2304352322088235,0.38473415144679063,0.06753923245856414,0.8563179172134412,0.2848499600780282,0.21966616059104768,0.2815871737533822,0.1764292069616458,0.2890580572805071,0.13926070609153246,0.2614834947234867,0.35491403714149494,0.31497591893505533,0.05284505870810795,0.13736756825132582,0.2699151029152973,0.501894840083268,0.376047228174181,0.2259733098880545,0.20144459924006525,0.28593998668625126,0.21225369288321877,0.10570259963991524,0.37520828556452274,0.311964059453177,0.15768114517545131,0.28903963968817714,0.420881776428277,0.3706275976907066,0.26140519125497524,0.20424499701159562,0.228290215011921,0.08790104219295285,0.39479930929536694,0.2363144289156296,0.17510233990380455,0.2629382474658363,0.3698359656622935,0.09757752241182524,0.3073953786507889,0.04811759031733295,0.3096898578160576,-0.07546614995548658,0.33337145980690236,0.004130502370617034,-0.10777761516477077,0.09703851768480223,0.08711293973729588,-0.05773788176417098,0.03581318668096097,0.13759788325112132,-0.15516104393217678,0.01708861290177669,-0.13831306321623543
0.3090397836291808,0.2584183959537695,0.4802825724459985,0.36593334088476104,0.1274353275928442,0.2094644219743546,0.27752109812144354,0.22659963016065499,0.2848499600780282,0.6080952188896003,0.2578846833758463,0.2763645739956082,0.1888970508503653,0.18271817612723215,0.28591912448475,0.22508685240715712,0.31291147550465576,0.3216992049407177,0.1447051660442419,0.2438260865826089,0.2249555332181106,0.24733035507786688,0.30900960099523805,0.19966352347754285,0.23551751734436743,0.23066975844155924,0.20719644938900816,0.2331412003863916,0.3451121830751908,0.25173046581861813,0.19520161755172763,0.20069894614399686,0.2573838259797545,0.32233648625468353,0.2690268194370879,0.19963351157188267,0.23620660677941113,0.12589383896729084,0.32753115571504304,0.22232738789553108,0.19202045849452284,0.22239504971048837,0.2905931538740529,0.061639297132625476,0.3053708423984705,0.04208631741322472,0.29666437795468986,0.02121881309674694,0.20431463324991495,0.024797413329017727,-0.08417503211379336,0.17736950782919234,0.05868638016522728,-0.06869298279320064,0.006824640928845965,0.06511075269322808,-0.1164085675063319,0.03189821053205685,-0.06005545751717596
0.3207367275287169,0.24466065028996548,0.39496619142759914,0.34406995440493005,0.199150191883582,0.29587816047860793,0.2744864942639482,0.2975922592049851,0.21966616059104768,0.2578846833758463,0.42206457282156573,0.31501987321913727,0.18880464099253158,0.21317643993401014,0.28304982531324707,0.2556385093450613,0.3592891842451509,0.24734501356652122,0.22548001443576837,0.3198185988363595,0.21621493509125667,0.23980418665512004,0.27568995299349763,0.19401990095769375,0.2719633602109573,0.26202692035744596,0.2225369382304407,0.20290992330365448,0.39131537413691014,0.2141523175399023,0.17550207747018573,0.22786936863754426,0.2599772797366504,0.3654019411925991,0.3274732399333838,0.1659076771246794,0.1942534392783212,0.1539266926820352,0.30086973393740196,0.23420563638007197,0.11921558831770718,0.22739392123846236,0.28685546859209177,0.05452971072990294,0.32051649888784695,0.04427310492046445,0.2637034585580663,0.025322079000688887,0.20701891617691198,0.0331296233473924,-0.08861494662420474,0.20749439636862657,0.002362338918346382,-0.06859333498746524,-0.036269106699552016,0.00900867679778617,-0.08390475854522841,0.08137759670429319,-0.03908692811981411
0.38939068179195074,0.22845530690513757,0.4252488276281436,0.5177223085825037,0.2089274066147291,0.2921852966270447,0.3651405338250751,0.13677754849245574,0.2815871737533822,0.2763645739956082,0.31501987321913727,0.6493538251680524,0.1570607943683261,0.28532707542521346,0.2724624856374379,0.317068499906888,0.3382057244561709,0.18293179101274598,0.19629449238916563,0.2543302233343012,0.2359168408966313,0.28831292350885523,0.22442266488607965,0.18279351396214932,0.31843020775652864,0.29801023184145414,0.2808006773408292,-0.044995056109077364,0.48683810863070814,0.23454060845661262,0.16846117330572524,0.29990528849558057,0.2718818170483308,0.3240186598043808,0.32208364692694025,0.3286170531494591,-0.014485701696580606,0.11869051109489492,0.30702054018455927,0.2617847011171064,0.08240022592824998,0.23382535984738334,0.24383073573208902,0.06363461265057262,0.2925241780952142,0.016533352121283224,0.20460845947804726,0.017763151016055273,0.24533317126989143,-0.10933900452109571,-0.08226423539899616,0.06970266494458943,0.05214639003630805,-0.0077154079593503445,-0.0465180309143924,0.0380939119246184,-0.12009863861620435,0.08617079404512568,-0.12843994251669044
0.24362229077981992,0.18930816213835264,0.29691221616595503,0.16201140305666434,0.15494982283433295,0.17132393227570433,0.17532546132441162,0.17954849866120667,0.1764292069616458,0.1888970508503653,0.18880464099253158,0.1570607943683261,0.37760873456929317,0.12167251343084672,0.13422122091636204,0.1635208852107118,0.1326448241239678,0.17537351217711836,0.1439367305164754,0.09365763735014103,0.12832265117910083,0.1722216719140705,0.1552982000762834,0.1023721750630152,0.15173342596766398,0.13204072153852142,0.1545218189067969,0.07495153449233685,0.2439594247014809,0.18017397075598274,0.10240014351372552,0.1496659170124938,0.19984467442183027,0.20138612804352476,0.19473618868571388,0.10362236420607981,0.11544036411104988,0.048377952963463706,0.17592040634025316,0.13323885410930272,0.08676621977750851,0.13664536803641847,0.17819733971249585,0.057611393834987985,0.12284924851528001,0.05586847094628459,0.19269068562747987,0.005718926684712023,0.12356872711660127,0.09666420619059977,-0.01350591700382301,0.0299208635865961,-0.07076049007978391,-0.03875070214592869,-0.021597098749860037,-0.02815738620040534,-0.06775135302418614,0.06147899222768259,0.007803121773749843
0.4669648230281907,0.06812260392320203,0.2571072175715161,0.6123618713142337,0.18988379460613924,0.17804517174806145,0.21754458444247915,0.12828521955888889,0.2890580572805071,0.18271817612723215,0.21317643993401014,0.28532707542521346,0.12167251343084672,0.6467242084302323,0.18212348395156405,0.40016969459156854,0.3211501739164336,0.09913291642742036,0.13333117191255636,0.381736785003624,0.23978626565433192,0.337685262180738,0.12741851319444616,0.1790800534608372,0.2527843230277208,0.461762949765005,0.27367697548411607,0.14224243208163037,0.38786351633966143,0.26597693304729125,0.17430740310564338,0.4921823595213648,0.2837608054161532,0.33277465819081725,0.15157920740093778,0.24276489869318033,0.07892364534971634,0.19682803727405304,0.08033106418113428,0.18054508815602702,0.21096750033132008,0.2533264468003487,0.3181384372530222,0.07979240025886408,0.22092259537100933,0.004561633444309725,0.2448440177801568,0.0020404744219649678,0.2965884623462502,-0.15710477927845656,-0.18225908511778618,-0.10162464023645887,0.30423292695345805,0.022012770220410243,-0.1391404909160356,-0.004069448829501239,-0.026491531628880852,0.17564758869900227,-0.032708160510785275
0.4115871032230012,0.3970993851898141,0.48496620872774615,0.1253287064984871,0.28221668238990283,0.27280668297336247,0.2016013779812786,0.2353970417126981,0.13926070609153246,0.28591912448475,0.28304982531324707,0.2724624856374379,0.13422122091636204,0.18212348395156405,1.0142165428411654,0.18169332222999487,0.25963942364938,0.3321870566112621,0.25963376964810575,0.3804227959050912,0.23177667125453608,0.15881316749852672,0.3321603191935207,0.2795227287286451,0.333460176818515,0.3512685233063712,0.20457402710354108,0.5148594794895691,0.32145335985904494,0.2641089343882623,0.2217004880419098,0.16680640600614993,0.1953876978773252,0.4143834419847694,0.3418882000108075,0.12417387105617524,0.30651199184084693,0.16293972392411832,0.1702608621587735,0.20974866481787804,0.2654433380064859,0.2592033936935579,0.38852432807980525,0.04749981453308345,0.31508604457101025,0.004234136326463863,0.2859575444048428,0.06361020403108265,0.20788969736598514,-0.08534660987940369,-0.17005126148985528,0.24635160367624395,0.13643381895320134,-0.018696255505955304,-0.057125000676689776,0.13490689834711497,-0.2703704439917318,0.10049561210941647,0.055343173981897024
0.34985067176961054,0.12243625520702643,0.2838645980134583,0.5155146226991272,0.21235904122996888,0.2295069381093286,0.26146555816072925,0.17509293765920977,0.2614834947234867,0.22508685240715712,0.2556385093450613,0.317068499906888,0.1635208852107118,0.40016969459156854,0.18169332222999487,0.5551848078098978,0.3622516381955081,0.14812031814601398,0.16796412240387046,0.2774135878182062,0.2347868802383011,0.3780886803061319,0.18601680306941323,0.18476222153758814,0.25532416880656095,0.3511395063413588,0.27042890489957694,0.1756287197264339,0.3856401820939582,0.2674304358317768,0.15231068205983547,0.3548592290061124,0.2866430311329673,0.31155294048450144,0.28856493663025157,0.21207860735998324,0.10902400921757614,0.13897121115106525,0.1930468924991616,0.22798108583095975,0.1822325967878181,0.2605479618133407,0.3160748085218687,0.08870931487322833,0.23713253994137573,0.008401205739315106,0.25733026126866354,-0.023540523934605453,0.3425442274462796,-0.15518484279766143,-0.1631235931504409,-0.01782412810665491,0.14259787574740856,0.034116403067791005,-0.08895494896183004,-0.002746157627703478,-0.08729734871300399,0.1489165221140813,-0.031203593092379668
0.3671732645496102,0.2562657439325159,0.4954943027033166,0.4701616979121089,0.13736272849171866,0.2863606711577535,0.3192650962736425,0.28516530412090296,0.35491403714149494,0.31291147550465576,0.3592891842451509,0.3382057244561709,0.1326448241239678,0.3211501739164336,0.25963942364938,0.3622516381955081,0.9287775636215003,0.2979203582074676,0.21938042301813387,0.496946355297177,0.3281037952392991,0.394905880577538,0.4251898528155398,0.2495688351262142,0.3289628850251014,0.28465615939087063,0.2791525487078205,0.30239473474909645,0.5126984707876933,0.3241282962769293,0.16391274209304874,0.31001270547766774,0.5211526239061601,0.5079260431867048,0.34998251311536477,0.07630080472843519,0.481334216282036,0.2327007609808698,0.49159946986673053,0.31937548041122943,0.2400900116685074,0.3336113700068955,0.4813246833035962,0.07780433235592969,0.5165849458713891,-0.0034444734237747904,0.3843066101438563,0.04993006788440163,0.5743016008669476,0.2089203367002876,-0.19220833311011898,0.47983580778261237,-0.01716295541043128,-0.11993828083812211,-0.06886966945208067,0.02351412344803538,-0.10869691435534175,0.1388001450164712,0.023776763342483936
0.40293501434438855,0.5607603087872418,0.5309445846924689,0.11064534779913679,0.16570478569324223,0.21556420650215832,0.253061289626069,0.2907170591416623,0.31497591893505533,0.3216992049407177,0.24734501356652122,0.18293179101274598,0.17537351217711836,0.09913291642742036,0.3321870566112621,0.14812031814601398,0.2979203582074676,0.9005869867556043,0.1596865123671366,0.05846777124141117,0.22109399095132723,0.23454299924374225,0.7210707646021638,0.19944407326403343,0.2864102462913607,0.29278934446604976,0.0955670657489517,0.45082619623868,0.37745673295621957,0.18809677426347826,0.22483196893651541,0.11124610269751116,0.2126302698170853,0.48934232990303195,0.3374149501946325,0.12316246255059546,0.32243609516261035,0.03899873151070973,0.2983790648809178,0.2666827306178602,0.30302066801138144,0.20638055756756873,0.41622297680392,0.051151924737224935,0.4265918684093172,0.03549962597275053,0.5071507781641785,-0.020416296077105475,0.07254970610037664,0.0813818195013888,0.08185574002564304,0.24629499508906527,0.047614764090613236,-0.05294292644962256,-0.021583210280315436,0.038726905730256306,-0.1573368100214146,0.09597239309514806,0.01354403253187874
0.21720521080724406,0.2350470000684496,0.29560058171228304,0.1605415167616075,0.4823219955201885,0.453101533510724,0.14487161108044136,0.4011741503577232,0.05284505870810795,0.1447051660442419,0.22548001443576837,0.19629449238916563,0.1439367305164754,0.13333117191255636,0.25963376964810575,0.16796412240387046,0.21938042301813387,0.1596865123671366,0.9387471587333749,0.298168704913293,0.13194295034876943,0.12275725939966033,0.08336248283560434,0.11095997663404811,0.23469066259560176,0.23313796837791234,0.14476728483581247,0.37332553891667286,0.16507695417814294,-0.03276874863463129,0.20322518290037578,0.1650778438070992,0.13461154322018318,0.2646560722190817,0.10963512429543686,0.17791242535259422,0.05287846500658749,0.16317800717594227,0.09639143544374018,0.08909629593066937,0.1656452575908249,0.14476858536709789,0.13059716307213154,0.02400149637438292,0.19067805895090997,0.12935966609131094,-0.03387718782011737,0.05424008723298497,0.0750717614082461,0.11462188145903908,0.2520874779479691,0.40927010081656917,-0.37301116918932786,-0.17542290973471353,-0.04934527133250858,-0.02441547414034613,-0.0614186281782573,0.08521994457034404,-0.006341175392476067
0.34292688914707137,0.26149302138129665,0.35712466513542956,0.3265222156968225,0.263737724069019,0.3810021273288871,0.1435884638139297,0.40459217908479367,0.13736756825132582,0.2438260865826089,0.3198185988363595,0.2543302233343012,0.09365763735014103,0.381736785003624,0.3804227959050912,0.2774135878182062,0.496946355297177,0.05846777124141117,0.298168704913293,1.7745838971810994,0.254267330137408,0.2559319174935514,0.24273661715256845,0.32213258646740944,0.2834592736053085,0.679063043987531,0.4351261674438775,1.3351419700136362,0.19910269275259104,0.1522216550140074,0.15996623035724358,0.3108212983388657,0.2914427149256901,0.5768441699295241,0.44169432359081995,-0.1082022838491135,0.9937913476818407,0.737098828577087,-0.02723513509118546,0.3507145103138113,-0.11144096630083261,0.41783120006941676,0.649377649412805,0.025389053389152524,1.0058628573911532,0.056248491797998616,-0.08384494651503484,0.13650205027934237,0.46382704468428904,-0.19495573048473613,-0.21251659239687007,0.1035628299005008,0.3006802364120438,-0.05912544315217331,-0.08327436999063174,0.057078062454284414,-0.19800740596824806,0.1476909352829707,0.11244348689392651
0.3143885094424561,0.22099807799094184,0.36573597632644717,0.30379786040493567,0.10984094587363703,0.19894153127309805,0.2244209118151548,0.15593239875435397,0.2699151029152973,0.2249555332181106,0.21621493509125667,0.2359168408966313,0.12832265117910083,0.23978626565433192,0.23177667125453608,0.2347868802383011,0.3281037952392991,0.22109399095132723,0.13194295034876943,0.254267330137408,0.5927442308976745,0.27447600776041703,0.17528416091901047,0.22638628119859078,0.2081837319852735,0.24289891012197093,0.1921821925337549,-0.1226464273056316,0.39332502304074524,0.40312192204894204,0.24718711159153078,0.24704590417799738,0.44951989304540274,0.36102023627181024,0.2694801934046744,0.3615151199426669,0.25280937643361845,0.13273568785267784,0.5315519994951409,0.3425494499168393,0.3481497485836443,0.4371418627944668,0.4611686711815139,0.09533719841164094,0.5774591116843687,-0.09697151661239618,0.3311112552231067,0.1316025154820612,0.38377557690399416,0.09282472642001093,-0.1339192748026805,0.14520633207885641,-0.02201151646924667,-0.04638074170333214,-0.10802736427039791,0.034727255133817,-0.2201990811103413,0.18093800040572716,0.022093612587304867
0.4565569004312828,0.20159792639834384,0.4922131994057803,0.41366019826244527,0.11317244442891812,0.2347576236428844,0.3137741878830897,0.1360818504201637,0.501894840083268,0.24733035507786688,0.23980418665512004,0.28831292350885523,0.1722216719140705,0.337685262180738,0.15881316749852672,0.3780886803061319,0.394905880577538,0.23454299924374225,0.12275725939966033,0.2559319174935514,0.27447600776041703,0.6821579153953621,0.3418081395705258,0.2189924094493464,0.23192078159578877,0.3146045722707892,0.24449572309576903,0.027681978090993067,0.4546928805408107,0.2998352652240207,0.12447272885822179,0.3297738760215821,0.3939795574753499,0.36236784125480537,0.24183175189987774,0.21439782644622474,0.2100487842362884,0.14041585582505717,0.2938060712991299,0.23057661204761273,0.22893713045389621,0.2837389949845692,0.38815150902629275,0.11962283582042524,0.17507668998295575,0.09594736911185063,0.2722468683380446,-0.12895207533305472,0.5960389883279755,-0.04854232690899114,-0.15293691000097806,-0.014963131202020353,0.08343392842329117,-0.025867911917031677,-0.04359477871251428,0.057253066045491,-0.13079684422611962,0.11300680976169479,-0.06132999503674533
0.5117586557241318,0.3586348092443223,0.532525417505175,0.0633396914199636,0.13501357623308027,0.19988278368489024,0.27578632122440705,0.23650957219906146,0.376047228174181,0.30900960099523805,0.27568995299349763,0.22442266488607965,0.1552982000762834,0.12741851319444616,0.3321603191935207,0.18601680306941323,0.4251898528155398,0.7210707646021638,0.08336248283560434,0.24273661715256845,0.17528416091901047,0.3418081395705258,1.9748544607715293,0.4345895184258252,0.39712689296642323,0.09084738682972392,0.14664194397929622,0.4552496606799876,0.6627767771425018,0.4698006614060533,-0.049703241066173444,0.09104125556608456,0.45831620184399857,0.6620247195604034,0.4574188316413139,-0.08184598366734426,0.5173518534462621,0.02905427209460986,0.47107105876617206,0.37715600988959974,0.3861143169511317,0.2273901337488882,0.5300144256911006,0.06346085738618906,0.20484983451452698,0.08792173772584021,0.6237800751282081,0.009574724874218442,0.6426795250780432,0.4245937474061055,-0.21453392686311545,0.27664211591738697,0.1917702670372059,-0.08529660264917424,0.08927920103268742,0.07861425309983995,-0.21919057357535146,-0.05542816580925334,0.22068813865657277
0.30495214567208784,0.08360917236558252,0.24637406679205082,0.12808046830970501,0.12566079720607218,0.1512833856285363,0.16186731812056196,0.11218940695016286,0.2259733098880545,0.19966352347754285,0.19401990095769375,0.18279351396214932,0.1023721750630152,0.1790800534608372,0.2795227287286451,0.18476222153758814,0.2495688351262142,0.19944407326403343,0.11095997663404811,0.32213258646740944,0.22638628119859078,0.2189924094493464,0.4345895184258252,0.9039193016763754,0.24243177994276585,0.03966023754783874,0.17324720755616976,0.3806644143317004,0.2714553326535729,0.19986395515132502,0.3566966020491682,0.1517361167718902,0.23763825449764847,0.39333761678254275,0.31262403265856153,0.11610691660351764,0.32117165140761256,0.148548448354069,0.34923058317859956,0.2551000740961962,0.26759243748464956,0.22191785618767723,0.288008692787159,0.03843969349135711,0.23057079490110263,-0.011624546532971743,0.20792363427706798,0.05124328115504538,0.44578336164956006,-0.021933745326385794,-0.06089413606279267,0.031078652097908114,0.18584628864099179,-0.06616978223231015,0.3070956488693752,0.1087771220494143,-0.14530556553269489,-0.43763507502609,0.3676260736573433
0.3963020698887231,0.27616575482447187,0.37156383950319827,0.3150972532784709,0.18082187143330114,0.3025398819925874,0.2676622998288043,0.3049261205883455,0.20144459924006525,0.23551751734436743,0.2719633602109573,0.31843020775652864,0.15173342596766398,0.2527843230277208,0.333460176818515,0.25532416880656095,0.3289628850251014,0.2864102462913607,0.23469066259560176,0.2834592736053085,0.2081837319852735,0.23192078159578877,0.39712689296642323,0.24243177994276585,1.3468292276699587,0.30668954223931183,0.20951173032950762,0.08932569564192225,0.7894876956338424,0.32773347511154927,0.26726376742513375,0.25238120767506017,0.21935896910666805,0.4930166361913552,0.477955880587811,0.331744898773359,-0.13207941245989935,0.1463436971662191,0.22839634645355666,0.267982876935462,0.20114314264970437,0.21442815520392966,0.34459045489285817,0.09020866146654648,0.34811211195309844,0.07651708102532616,0.3693450288728212,-0.015167965969772153,-0.19987089412781697,-0.20475540304009196,-0.007521594457231009,0.024312995482513453,0.06313514529063352,-0.01854340788715085,-0.020012618481898233,0.022918805939731383,-0.11711314762147915,0.06117462660932727,-0.018910480067710952
0.4642718775098726,0.17169146813217234,0.3741872955197984,0.44666032983406306,0.29165229513024266,0.32642828003353236,0.25940320201436823,0.303372497341603,0.28593998668625126,0.23066975844155924,0.26202692035744596,0.29801023184145414,0.13204072153852142,0.461762949765005,0.3512685233063712,0.3511395063413588,0.28465615939087063,0.29278934446604976,0.23313796837791234,0.679063043987531,0.24289891012197093,0.3146045722707892,0.09084738682972392,0.03966023754783874,0.30668954223931183,1.997852823343117,0.3182012995999839,0.24348819177101622,0.507613245185155,-0.2162148718006846,0.1507022955421664,0.4781778362675032,0.08528624033667047,0.9354442827414755,0.49878011042866416,0.3201925307079315,-0.625031666164041,0.3212317447212549,-0.9673382318131734,0.13287857592500996,0.10324172308650302,0.3331593320287979,0.5298417329964551,-0.012320781381508003,0.0674605850237295,0.011539971107208795,0.015491695577169002,-0.004499334800183261,0.09154208411217456,0.055614558638748854,-0.45497780378406294,0.02624639269120064,0.12643647236900235,-0.04714608196854989,-0.30891132887183786,0.037877175150507925,-0.25304044380649127,0.49479395993518877,-0.11750920765071284
0.2987465223133554,0.20008361178128045,0.32871299945768256,0.34736463738766055,0.13227615024752323,0.210639065907118,0.20919844778436084,0.18081797231723196,0.21225369288321877,0.20719644938900816,0.2225369382304407,0.2808006773408292,0.1545218189067969,0.27367697548411607,0.20457402710354108,0.27042890489957694,0.2791525487078205,0.0955670657489517,0.14476728483581247,0.4351261674438775,0.1921821925337549,0.24449572309576903,0.14664194397929622,0.17324720755616976,0.20951173032950762,0.3182012995999839,0.4355361282372679,0.22252640276139074,0.28174141981003115,0.18312373964110942,0.14102712161779,0.2929023254393508,0.27071922586399194,0.3387446731098781,0.2635795831215098,0.17217369212861042,0.21175825490430328,0.1924154611513445,0.15535600392020152,0.20986562149883548,0.03697588471539888,0.23011421951926989,0.33616886599456736,0.061840828870125604,0.3529452087622118,0.004598041526581609,0.13172813663623756,0.043298015612160026,0.2818651859067028,-0.07260175263838191,-0.1131211692105315,0.129064292167834,0.03622792048206324,-0.029995041376066345,-0.040603813989079904,0.011735542290462113,-0.06577465258370412,0.08205335218720597,-0.018159764377218793
0.20621798653468604,0.705006774274246,0.6231898374880396,-0.03021706860152187,0.1983139603240957,0.19798801131302685,-0.0017851037441573173,0.44307293274455795,0.10570259963991524,0.2331412003863916,0.20290992330365448,-0.044995056109077364,0.07495153449233685,0.14224243208163037,0.5148594794895691,0.1756287197264339,0.30239473474909645,0.45082619623868,0.37332553891667286,1.3351419700136362,-0.1226464273056316,0.027681978090993067,0.4552496606799876,0.3806644143317004,0.08932569564192225,0.24348819177101622,0.22252640276139074,11.100804269544879,-2.091136308567091,-0.12827643807734104,0.5070367778384833,0.0346722332028406,-0.03958429442936316,-0.10856513393058356,0.35549800366732737,-0.5251993363299774,2.29037289754737,0.6613396154698248,0.16745273312068454,0.12232167156634398,0.9058592742782137,0.3508489475808955,0.20999590371076818,0.19795690108472802,0.8572248467925805,-0.3269718916982944,0.2002597946105658,0.20678991573767472,0.7339020260766331,-0.8996201298219882,0.21468651803516126,0.3714271689622377,0.7880323969892028,-0.07667056760905266,-0.23850669606506594,0.06800302378958471,-0.2337214649288352,0.1126118736321887,0.44001293653826634
0.5865671781402644,0.40026322784071533,0.543629808500238,0.4387991433100657,0.10547338714195101,0.41716813887601456,0.40073934498490926,0.28214763538418697,0.37520828556452274,0.3451121830751908,0.39131537413691014,0.48683810863070814,0.2439594247014809,0.38786351633966143,0.32145335985904494,0.3856401820939582,0.5126984707876933,0.37745673295621957,0.16507695417814294,0.19910269275259104,0.39332502304074524,0.4546928805408107,0.6627767771425018,0.2714553326535729,0.7894876956338424,0.507613245185155,0.28174141981003115,-2.091136308567091,3.868480215870905,0.40960795432431274,0.03433993007914839,0.5275304198587643,0.3612960386511237,1.4473534950318303,0.8445311014096946,0.8677870802457206,-1.5990344737142574,0.012739913344076002,0.15096171061576696,0.41937508760965325,0.26019743274228585,0.230301071263197,0.20274510562227638,-0.1709941895722069,-0.3312171131165755,0.14066558336294896,0.631179468678565,0.03511855549824887,1.0276276506215043,0.861442990711724,-0.9186083055299139,0.45910729118549687,-0.48741556420837895,-0.029515919347585507,-0.19011951121288598,0.05520962797580801,-0.20610550149674012,0.16640359574464225,0.014108442018065907
0.3882129200340369,0.241172185788912,0.5732971670070995,0.27079961962234494,-0.22038212644465696,0.1689463422459191,0.23686224288840635,0.26312515135624326,0.311964059453177,0.25173046581861813,0.2141523175399023,0.23454060845661262,0.18017397075598274,0.26597693304729125,0.2641089343882623,0.2674304358317768,0.3241282962769293,0.18809677426347826,-0.03276874863463129,0.1522216550140074,0.40312192204894204,0.2998352652240207,0.4698006614060533,0.19986395515132502,0.32773347511154927,-0.2162148718006846,0.18312373964110942,-0.12827643807734104,0.40960795432431274,3.3796633206212303,-0.11313183534548303,0.30311499314047047,0.8475141286404431,-0.9351367312322004,0.9979198382920876,0.3936626392880957,0.6421114536491213,-0.019803439800891706,1.253715694659528,0.7199575499118118,0.7291795065224385,0.42276248345417816,0.9593571270527567,0.4052368809893806,0.47593735005007004,-0.5909344853428102,1.7924789169857882,0.1778497525483389,0.4786946929724352,0.4257237564148229,-0.7450849831561062,0.22405836000590243,0.02368484981387292,0.03850736613385244,0.27233996717539877,-0.13643236772865716,0.02292570419737033,-0.0017675746386229298,-0.03838958702588741
0.2323924565592461,0.14093660247458592,0.20060556739325602,0.18896951771070886,0.1938925794565572,0.15296412243332821,0.149571221560611,0.1364276707571047,0.15768114517545131,0.19520161755172763,0.17550207747018573,0.16846117330572524,0.10240014351372552,0.17430740310564338,0.2217004880419098,0.15231068205983547,0.16391274209304874,0.22483196893651541,0.20322518290037578,0.15996623035724358,0.24718711159153078,0.12447272885822179,-0.049703241066173444,0.3566966020491682,0.26726376742513375,0.1507022955421664,0.14102712161779,0.5070367778384833,0.03433993007914839,-0.11313183534548303,1.0924497624581335,0.1956850734866881,-0.049109251048790194,0.11784782781864178,0.21496950743299684,0.6136563892629314,-0.12289061035979308,0.18478796706835995,0.2576412476353566,0.2231025201457644,0.20737548969010428,0.1958900692855276,0.08697259481697299,0.07291839980399778,0.4046894813956507,0.0379835023275579,0.04897967788849696,0.004169577800608024,-0.4865734449601534,-0.27126395143777193,0.3135285857405795,-0.06379724696960275,0.09669902536273894,-0.037825368655823165,0.15407760032634002,0.026927551922145233,0.03004625290338218,-0.2201845397800337,-0.005446984921593848
0.4020899762231349,0.1372816907680176,0.31474099350072277,0.5335696813001667,0.1401775190017389,0.20789252236358335,0.23581068140793746,0.1545724145040089,0.28903963968817714,0.20069894614399686,0.22786936863754426,0.29990528849558057,0.1496659170124938,0.4921823595213648,0.16680640600614993,0.3548592290061124,0.31001270547766774,0.11124610269751116,0.1650778438070992,0.3108212983388657,0.24704590417799738,0.3297738760215821,0.09104125556608456,0.1517361167718902,0.25238120767506017,0.4781778362675032,0.2929023254393508,0.0346722332028406,0.5275304198587643,0.30311499314047047,0.1956850734866881,0.6744526738821531,0.3609158212585496,0.380853415506367,0.22242429034254335,0.29480148405262807,-0.08175922732897799,0.1740982622490385,0.1152103821853159,0.22284554318967784,0.07322607677307089,0.26390514762298484,0.28533318741890035,0.08066322448749154,0.2841129205372106,-0.012782119800751467,0.23433764249670572,0.0071515510529716,0.2149855548526388,-0.030203199114482684,-0.10923529261288344,0.2862718313517783,-0.24271144591290358,0.0009374665830511932,-0.08916910666341817,-0.015956754348996724,0.08370188797026129,0.0900216275899402,-0.1116264873010204
0.42115408899033474,0.2475872403841411,0.5071482022765207,0.3497929430602238,0.054852411674688274,0.19503454860622857,0.29852816917416497,0.1950284113730037,0.420881776428277,0.2573838259797545,0.2599772797366504,0.2718818170483308,0.19984467442183027,0.2837608054161532,0.1953876978773252,0.2866430311329673,0.5211526239061601,0.2126302698170853,0.13461154322018318,0.2914427149256901,0.44951989304540274,0.3939795574753499,0.45831620184399857,0.23763825449764847,0.21935896910666805,0.08528624033667047,0.27071922586399194,-0.03958429442936316,0.3612960386511237,0.8475141286404431,-0.049109251048790194,0.3609158212585496,2.2336836049491535,0.33375880743329117,0.3154896240278851,-0.5638478496203526,0.9836118068344011,0.1165800047901507,0.5670502541961642,0.31058705582704876,-0.00042814834308038907,0.4688123170281243,0.6403232890989784,0.09640858829447042,0.43910825050697266,-0.20191115580257285,0.6178409069051636,0.25406436169405394,0.8833752011229588,0.6884623139521119,-0.5252304657571825,0.5374884594899113,-0.33932226622786305,-0.2454369976306044,-0.00607627172736858,0.04915265144394456,-0.14817245692677525,0.08484649176429022,0.1558984728877827
0.5368238080524201,0.35073359959153055,0.5217357977939614,0.28485381843736246,0.23453672149243154,0.3030357784792419,0.3098180896406562,0.3047890888349471,0.3706275976907066,0.32233648625468353,0.3654019411925991,0.3240186598043808,0.20138612804352476,0.33277465819081725,0.4143834419847694,0.31155294048450144,0.5079260431867048,0.48934232990303195,0.2646560722190817,0.5768441699295241,0.36102023627181024,0.36236784125480537,0.6620247195604034,0.39333761678254275,0.4930166361913552,0.9354442827414755,0.3387446731098781,-0.10856513393058356,1.4473534950318303,-0.9351367312322004,0.11784782781864178,0.380853415506367,0.33375880743329117,4.495618989787786,0.7383258816046899,-0.44671633306370856,0.08557535044864517,0.23904916277208704,-0.23209387577377658,0.08324516576647518,-0.39086098621357573,0.457680123214052,1.0862763908244186,0.08486353612500788,1.530958742425886,0.2591027879964905,-0.12193884265846684,-0.006738572814529703,0.47761035401574026,-0.2997363614939075,0.45971425280899547,0.17773952956479427,0.05422208752406142,-0.23023548510011962,-0.37903356442673325,0.1947481539947704,-0.46084833897258054,0.3710574749157688,0.19593529013417837
