1.9339857918919614,0.4651777556306324,0.9585269118886056,0.09352888562305334,0.2527533891221964,0.3590011453207024,0.40894797493549556,0.3873661592691521,0.4756220673346686,0.3123481754389286,0.3025644895570519,0.2684133587742504,0.3293560355630285,0.3491557912234819,0.17740347469823314,0.24635878483332554,0.31966114505914206,0.276196915977848,0.2810714626970148,0.2678902656256723,0.2932110719162455,0.3248311867273769,0.1340031163019694,0.17101213385362468,0.33623352067618645,0.21138830486473625,0.24355840614800295,0.15136792913845487,0.2895125948266796,0.5557359547290676,0.35798565791825077,0.3147873134529577,0.24233319496257116,-0.26663004944699825,0.18682781264053241,0.4297626950961469,0.3503224371659401,0.34316863582049717,0.2651150177875205,0.26563072122947523,0.2419745902584556,0.2866289459053666,0.22580542856804212,0.10575862010295944,0.16508293257532042,0.4158033376900784,0.45570609242461063,0.11056477258921896,0.14052909056045026,0.03263638028030661,0.026505098326642842,-0.1915053396692775,0.22529501193311713,-0.11987726395188238,-0.22907308305342636,-0.15560729406545762,0.7429226949854779,0.42285122499413474,-0.7461605714920055
0.4651777556306324,1.4142926251938348,1.149722315382395,0.20372765196234485,0.14604677406554456,0.4645641173740916,0.32659275157932177,0.5010204853979761,0.47841256918347114,0.3697335027573241,0.37738162764588795,0.2965565334960526,0.4244803219881082,0.2833369419191894,0.3861937036735253,0.27337598259544293,0.3971284758377613,0.477247738357964,0.308380446453055,0.5655806428354951,0.40236203633744866,0.31631015136001334,0.1523668364652221,0.2309477064968162,0.4167233778861695,0.451428369524875,0.3285533237331865,0.34550259707726816,0.5987097827741091,0.45500136642963135,0.38133021745195367,0.3001390197262974,0.2930435869836177,0.521802932665099,0.3896654985293783,0.5869821376171387,0.5568280594517641,0.29371307934709173,0.4093923220636452,0.2503561823994202,0.361112122179648,0.3855690486169098,0.4665693654440992,0.09824558630861129,0.481758470321686,0.3322100588411068,0.5041869768286273,0.16875955250170974,0.2305529399436419,9.366720522901145e-5,0.12592323167809877,0.12278664208385834,-0.06675457476216325,-0.1506711781317357,-0.08151065229849307,-0.1390106464495589,-0.058162880214923655,0.16587967357816855,0.006242791048061757
0.9585269118886056,1.149722315382395,2.6506718000773057,0.3488575033539127,0.19925055704122757,0.7336288940032465,0.4375210149740947,0.8111901518466907,0.9233294418992098,0.740994079166386,0.5592096435231698,0.46413611062458665,0.6290925535498703,0.46898516745797975,0.4342476898978446,0.41107451629408254,0.6787753979458362,0.5764564254975885,0.4905053242276388,0.6357282820226333,0.5328542185387083,0.5638576746597944,0.40984037381408456,0.5461764958216148,0.6078989132615796,0.6077028373933406,0.46333549100539273,0.34570354344641774,0.873505911018476,0.623407016812859,0.5738130585169314,0.4546263355153423,0.2638980288352296,0.7623649430856982,0.55293565124169,0.9424259825270629,0.5332310091195425,0.41725681038321405,0.7666021296700634,0.30926672272304967,0.449205959473761,0.5159401585061624,0.61554913164701,0.2070858985578067,0.7087548600716159,0.527082210925355,0.7628617043763662,0.15789786959576968,0.26105270824688204,0.044615642136271776,0.11219129445305608,0.09870925611905423,0.11118366105788627,-0.28519271112565,0.3545761948067082,-0.01940286907719387,0.4427555937324663,-0.3441549832898955,-0.40909097497685576
0.09352888562305334,0.20372765196234485,0.3488575033539127,1.262792171002054,0.447790698728033,0.5069044199239633,0.35273768853045817,0.49363015852221703,0.25905961723904897,0.3722974081432924,0.4016117628116034,0.40647391585630455,0.42599415958192444,0.430111779959842,0.3459111354987412,0.4327734375821306,0.41527952776863103,0.43678321794440667,0.3885605050795135,0.34465664385656397,0.33607652700820245,0.4569417571705838,0.4511643442854947,0.4727448717387296,0.4165188012151852,0.3738540073558205,0.3302631016495057,0.1949357859459487,0.49349481331195394,0.3081986355198234,0.3675245587244766,0.42207611947636536,0.25274465098011833,0.47766394063233253,0.037899737906897636,0.6156330089335537,0.3924715613961336,0.4383016166559953,0.46369667292839295,0.17838346827289875,0.27681208566270715,0.32100432087431374,0.37982050840284326,0.34717587236209346,0.2627531850490026,0.3966005133904229,0.48646799004360713,0.11038622242631128,0.0143181055216285,0.24759618216158133,-0.13866431659560804,0.04280706115735328,-0.11110449873288683,-0.027789277455995222,0.0008616880529677808,-0.06821292186345009,0.17825727819477372,0.03609356148073913,-0.17357108928498927
0.2527533891221964,0.14604677406554456,0.19925055704122757,0.447790698728033,1.262811634208253,0.4633488998900167,0.2765646334004967,0.4121100704908722,0.20595485339012762,0.40817250641023556,0.3445497379290536,0.40823612138125237,0.39547917036212726,0.33814908751341166,0.3241653916925618,0.3996402557719534,0.37994817955646126,0.3509855118054793,0.6962113567885262,0.20287366717916863,0.280182683602716,0.5237780744360647,0.33239690678360456,0.3895943912618262,0.3368758393093844,0.30314337406249026,0.2502397085550941,0.07990827890208849,0.36703793514552996,0.20547759307780103,0.34653287343867917,0.30638371265789444,0.29107385554848336,0.20518289700030695,-0.11868929112486051,0.5712944164720899,0.36793804870457875,0.3663370513154852,0.46632938486769865,0.07648915278000729,0.16919068062673978,0.27291160225902583,0.1840097004565569,0.17848844275531064,0.10092618795604368,0.3469014888375438,0.3580882518135262,0.06935205757111762,0.32730074649198754,0.39390298316334715,-0.11960412578301302,-0.31225013323012635,0.13134424084853272,-0.13265118517700333,0.012007994396559895,-0.09697547881385585,0.23481198551316107,0.018350966158558125,-0.1879887275258259
0.3590011453207024,0.4645641173740916,0.7336288940032465,0.5069044199239633,0.4633488998900167,0.9251165558580042,0.2778323726052692,0.6426815498828463,0.49068896516476024,0.3925785771275305,0.4613241385607524,0.4556041874704739,0.511028372839625,0.44237118103212025,0.37356170771488206,0.4051966492001663,0.5172569179193677,0.4679161480424833,0.6036534983958252,0.46006644795774154,0.3793093027889566,0.5479244186236665,0.2792287895297348,0.3482846274767778,0.46618821292605783,0.6052739681839033,0.3779695212872733,0.27624154042139104,0.606608272271263,0.2919525794785392,0.42525630613080606,0.4532056260030503,0.2289459705295453,0.610040683715816,0.3018661622834975,0.5827575935723641,0.5180081414872978,0.395985212961385,0.6381517861441799,0.1420002180436921,0.2778280042266769,0.3663818616097793,0.42906365005901737,0.2386245608638101,0.38079264877086105,0.36168085653115983,0.5292249095918895,0.1378093767493328,0.6998272803010496,0.4110968777954322,-0.25275112746068273,0.0351490837850223,-0.15655319830693634,-0.12611670540260939,-0.0024858062624545404,-0.1000545458772599,0.28804169726389367,0.06400615325100442,-0.28482318187638594
0.40894797493549556,0.32659275157932177,0.4375210149740947,0.35273768853045817,0.2765646334004967,0.2778323726052692,0.7219944411315639,0.3802459001427644,0.42121084780994494,0.2754135789397307,0.34847246914786156,0.3079942356200133,0.3979992758869395,0.2158718394666417,0.12479276275692848,0.2799578563361002,0.3534439565136688,0.32107507361569687,0.2250527412531081,0.28579529153579025,0.2773746023482652,0.32061787153613236,0.39166137615422447,0.42067483812324047,0.32793567678836566,0.25655648744619525,0.24873306997409733,0.07730688138765214,0.41211172158169423,0.33174908191767066,0.3089906815258763,0.19066272022186095,0.1764652714809872,0.3468597524142826,0.13538424998036463,0.5782673189340589,0.2813422811739521,0.24388757635193387,0.3980408491555335,0.15311108180574945,0.17259051367053013,0.27052465861568925,0.23045698707668133,0.17725548623528983,0.16865639878984573,0.3318448828157852,0.33895039714185565,0.09248575950778362,0.014316087689939487,0.07813853855966207,-0.018481280342446955,-0.12050878724380788,0.19190171812431828,-0.14207909335946114,-0.00038985240515261815,-0.05854151522523132,0.23994364568345142,0.024732163826707995,-0.21922900122586444
0.3873661592691521,0.5010204853979761,0.8111901518466907,0.49363015852221703,0.4121100704908722,0.6426815498828463,0.3802459001427644,0.9162940182760251,0.358661434209022,0.4203554263788578,0.46702748592961957,0.28317095160454375,0.5477967207477563,0.40583231904449635,0.3046687079365762,0.36893869388022255,0.5130587763795582,0.5187989847384565,0.45359469646982414,0.5048142625155898,0.37120065827404375,0.4727870413798683,0.3604815063633061,0.39375949236905217,0.48300767078514123,0.5500899550914357,0.37121220854935266,0.1952972557825853,0.6392038282962634,0.4037427472204398,0.4213205021242128,0.39836394484043575,0.16681009946245975,0.5795396696201086,0.3371941782493578,0.6368897991629134,0.43605809297118675,0.3349554450787587,0.6556477531505501,0.2299434907825121,0.3643120091287034,0.35444098817020897,0.3782305928713437,0.21820287116203568,0.33640583577721667,0.43718317274577384,0.5929879107428596,0.13973553328167712,0.45417782631146225,0.28147238255873225,-0.08807788396874937,-0.13350672052856263,-0.005526261975769073,-0.08255387145474365,-0.08877439439895561,-0.15188243685579064,0.3786484408360583,0.15887171114717905,-0.3441251715311609
0.4756220673346686,0.47841256918347114,0.9233294418992098,0.25905961723904897,0.20595485339012762,0.49068896516476024,0.42121084780994494,0.358661434209022,1.018746079959943,0.2492764215734039,0.332270372493689,0.2869913159364586,0.38538200436904296,0.32697807170304993,0.07801786936494211,0.29359615313053994,0.4188829669572378,0.2981747531128452,0.3086089908738029,0.3725063163765306,0.33838669083762984,0.3214347611058775,0.3252818971599286,0.4625276753608641,0.2762174857395929,0.451452157735488,0.28628560660147717,0.22625805000815852,0.4274686993144854,0.3515327698133344,0.3558950641945749,0.3222478279315565,0.2421442589274893,0.42872269991924383,0.2406374057922435,0.6214792063023915,0.31095651773794997,0.3510930265024659,0.39231220316254534,0.2200972494982901,0.28374789289980773,0.3334015324450824,0.3728323109659946,0.19194454321159346,0.39220757466223827,0.42756462158475167,0.392978970553275,0.12167820920249138,-0.23118097659267542,0.10517746141070682,-0.016361070800656217,-0.0011762941507994908,0.016529860244965888,-0.05939250898450094,0.1963260462806048,0.005100956182506371,0.25260574810240544,-0.15882670021722292,-0.2797507280598294
0.3123481754389286,0.3697335027573241,0.740994079166386,0.3722974081432924,0.40817250641023556,0.3925785771275305,0.2754135789397307,0.4203554263788578,0.2492764215734039,0.8823432528841257,0.35576977074922944,0.43907163398661936,0.3838558748389561,0.3488197907302257,0.37212169683024177,0.36980048458438364,0.4143445304209199,0.3846601914383907,0.3463110596331079,0.3252188688995631,0.26521879415843036,0.4223657041194106,0.3674691079383464,0.38992257404898295,0.40810362937217537,0.3173147248357059,0.3176114720075863,0.13373768167488784,0.5144431727976125,0.367163092454231,0.33118110749787283,0.32197006576195364,0.11781800944965644,0.4279274791630906,0.29556474286259493,0.5930985377535224,0.27718548313077657,0.25389004722795966,0.385718571523048,0.22931847742509767,0.30712237707096124,0.24624942078820028,0.28168225927120755,0.1974889464203876,0.20714291091670453,0.38605004179605285,0.48381299925626037,0.11537750296180246,0.4663923365729707,-0.0741420368709594,0.011995969503193503,-0.19814462855829656,0.20777831543240005,-0.018355647755431977,0.3238724052511163,0.010614627824017108,0.27815747059958656,-0.3243433603016185,-0.26028579332376245
0.3025644895570519,0.37738162764588795,0.5592096435231698,0.4016117628116034,0.3445497379290536,0.4613241385607524,0.34847246914786156,0.46702748592961957,0.332270372493689,0.35576977074922944,0.6067825763311142,0.38854492045691885,0.4266615533848488,0.32332272174995014,0.333710075659014,0.35948764721061444,0.4484827935713832,0.4157568253135454,0.3627796265133051,0.43841084385662454,0.3405256785095206,0.3605197692644765,0.32994033824362773,0.41514178477260893,0.387648237397334,0.3295394681303469,0.3406587424190273,0.21387354193686672,0.5185126868436465,0.3833445550507072,0.4185280502541727,0.3153902115079017,0.21050243506316638,0.3535673838913789,0.26376797440698124,0.663020048851543,0.39573093042878454,0.33244172055090565,0.4569113765789919,0.2295396530459739,0.2764886060212106,0.32387827491674015,0.32046180506961924,0.14543969588668088,0.31157919251255606,0.4029470273244393,0.4788339708847153,0.12460887750481733,0.0036547894029550837,0.11534453975998475,-0.04360634792799941,0.003328834375651258,0.043495503732790014,-0.10604833016581086,0.04132095973738606,-0.054086679674734704,0.21138239661636155,-0.018924695182133022,-0.21266201851210983
0.2684133587742504,0.2965565334960526,0.46413611062458665,0.40647391585630455,0.40823612138125237,0.4556041874704739,0.3079942356200133,0.28317095160454375,0.2869913159364586,0.43907163398661936,0.38854492045691885,0.647058656580801,0.34804288753073664,0.36062298066367027,0.366969809718837,0.3835123715167081,0.3878641117878379,0.2952981212430993,0.37011576321274675,0.30935540492314095,0.26497581955253524,0.41947692226174155,0.2840774451848359,0.31427947327976885,0.3777010291007771,0.355407375770979,0.33806093187108954,0.1309090046579443,0.41072881870440686,0.24730575209221878,0.2932239705510885,0.3396598233543806,0.16693054945366229,0.37348007386275467,0.23097141197256127,0.4793302679119389,0.32973070478512695,0.2765358859278445,0.3260533571905027,0.17884221386563245,0.1634353933270812,0.25359096443204154,0.2849666582265626,0.17388894596317775,0.19946896320586316,0.2786880214424869,0.3530658985461174,0.10946872198694943,0.5902991372389447,0.011353037413402689,-0.1029487481529502,-0.0456303398328014,0.13498763784532428,-0.07663922518502755,0.13647582985127998,0.009235119786326079,0.1203658652431653,-0.1079344210162206,-0.17750160138531831
0.3293560355630285,0.4244803219881082,0.6290925535498703,0.42599415958192444,0.39547917036212726,0.511028372839625,0.3979992758869395,0.5477967207477563,0.38538200436904296,0.3838558748389561,0.4266615533848488,0.34804288753073664,0.6904853838907653,0.34009576283872167,0.23744322831882134,0.38253506495709266,0.4462648541725532,0.4359012645607474,0.3883044478570223,0.4189813974315918,0.3481837327368302,0.44225431457141906,0.3706917885320959,0.4303913144047029,0.419351565175289,0.4425766590260743,0.35999528076876786,0.20638765190580965,0.5893484644325894,0.3849338412306159,0.39323173042349635,0.3262319005742042,0.21201901539936444,0.45098020148954504,0.28153187626696297,0.660923085085476,0.35666243679033083,0.2880573175595894,0.5679614657980878,0.21899774057001123,0.31333923323506074,0.3338601197516149,0.32662791054259477,0.2090962376823224,0.23193555648887884,0.4111177455280482,0.496573638293888,0.11815876381067722,0.2699190027479262,0.20788295999486003,-0.050536678200071294,-0.1401767820088918,0.036668570857840456,-0.10479349564523743,0.03922394703184493,-0.09461868290827125,0.24674197424413644,-0.027415647775888986,-0.19495367648408266
0.3491557912234819,0.2833369419191894,0.46898516745797975,0.430111779959842,0.33814908751341166,0.44237118103212025,0.2158718394666417,0.40583231904449635,0.32697807170304993,0.3488197907302257,0.32332272174995014,0.36062298066367027,0.34009576283872167,0.7100759311792412,0.3443915997202923,0.45246660193047933,0.3800939483446603,0.3120990439023313,0.3551918908164485,0.40155167240447387,0.30788684094691215,0.490055622647907,0.2672763422336638,0.3988489240530081,0.3775238185079608,0.35917540748330284,0.34538081347376015,0.27845918989974755,0.3961276619914028,0.46126225788232744,0.3788688213193656,0.6785602301415445,0.21390185442025375,0.22675318362155553,0.28498579480458885,0.5497122958629003,0.4507454754713861,0.4091361048226081,0.2968704602734531,0.29397277808224914,0.401920654029211,0.29366461183563297,0.3587007354354413,0.21455026630893684,0.22745048106224683,0.3744385973455685,0.4957787603581702,0.1266583937023111,0.5703203891834079,0.05626453869782341,-0.05847135217168344,-0.009884021451885126,-0.05943620878344009,0.02041591749606532,-0.019091471003542644,-0.02989650785707512,0.1822700378094583,0.07710653586128648,-0.24757198174230943
0.17740347469823314,0.3861937036735253,0.4342476898978446,0.3459111354987412,0.3241653916925618,0.37356170771488206,0.12479276275692848,0.3046687079365762,0.07801786936494211,0.37212169683024177,0.333710075659014,0.366969809718837,0.23744322831882134,0.3443915997202923,0.9690967675141315,0.3041544135915759,0.23234859880918296,0.46891153286535425,0.34010063497727516,0.34268249377823756,0.30566382056801933,0.39727683112241513,0.3939394918332334,0.3121032322015917,0.4549713708944601,0.20712882390758033,0.26155760878009954,0.2735989626041854,0.5143669668763627,0.4893135982995821,0.3237852169400327,0.3299960955642633,0.2354654540322599,0.34159899179333786,0.24427775114153705,0.6766065856238032,0.3051004833779538,0.29158609641675143,0.3640301411063726,0.2560497462115163,0.2547341149172579,0.28625629190006197,0.4233395249759665,0.18785597200256673,0.3211138194702452,0.2617478761413464,0.48483235710492795,0.11636874889349438,0.23284911982397186,-0.1469522507838358,-0.03845334366157487,0.18021906350468175,0.0031853218732539705,-0.037833999894407874,0.03117696096344992,0.024952890951834363,0.03417602784155615,-0.009219811233519958,-0.10596814300342493
0.24635878483332554,0.27337598259544293,0.41107451629408254,0.4327734375821306,0.3996402557719534,0.4051966492001663,0.2799578563361002,0.36893869388022255,0.29359615313053994,0.36980048458438364,0.35948764721061444,0.3835123715167081,0.38253506495709266,0.45246660193047933,0.3041544135915759,0.8110918786927357,0.4380722609763426,0.37951879402755856,0.3760216305658132,0.3896366873713108,0.28067407383126675,0.45127935049649326,0.30158497296056874,0.3562469430658448,0.4348427338885587,0.40896771579236346,0.3775366623657519,0.2920271334764364,0.4541764080119346,0.38291983384181644,0.3700278631423949,0.443320586702046,0.17392696784284878,0.3493159841908276,0.41813371542232686,0.5850882536057603,0.37658702408920836,0.33169988573627807,0.36567193877992116,0.26327630075261493,0.2817167519540553,0.26724667504643634,0.3574769560090372,0.24328680274975087,0.28393473904879796,0.34578794526048157,0.45309448968526844,0.10420631886694479,0.3799285010744939,-0.06304453619184597,-0.10879394046097296,0.06114230267742823,0.012518962623808224,-0.0019235014002504708,0.09546522516728781,-0.031914215002637414,0.1608157591306275,-0.06840328535909551,-0.18239773634051287
0.31966114505914206,0.3971284758377613,0.6787753979458362,0.41527952776863103,0.37994817955646126,0.5172569179193677,0.3534439565136688,0.5130587763795582,0.4188829669572378,0.4143445304209199,0.4484827935713832,0.3878641117878379,0.4462648541725532,0.3800939483446603,0.23234859880918296,0.4380722609763426,0.9900674581261848,0.3715902988980547,0.42372572746595755,0.5435521247479327,0.3988063560808245,0.700223192759323,0.2916995758760427,0.48249684109312213,0.518452946519483,0.24685384967584512,0.38054422386421494,0.31347182631284065,0.5205358474450961,0.47746139811196614,0.4889124643612777,0.364750012517621,0.3908414018146352,0.3661811829984236,0.24769099577640058,0.6945867610372565,0.7646337064967078,0.4989194810263905,0.3505565323234705,0.25001111157637557,0.3435653528060929,0.37676748870390714,0.4169881401224382,0.2168402164078587,0.3724787162916512,0.483638976987366,0.602820027138268,0.07084025634520624,0.4443111309584674,0.21664715005971047,-0.04366055406026211,-0.09327665740308853,0.005289723909971,-0.1137081854014787,0.08757165427701959,-0.06608883959373792,0.23819753056733267,-0.04882939573924001,-0.23447854012454944
0.276196915977848,0.477247738357964,0.5764564254975885,0.43678321794440667,0.3509855118054793,0.4679161480424833,0.32107507361569687,0.5187989847384565,0.2981747531128452,0.3846601914383907,0.4157568253135454,0.2952981212430993,0.4359012645607474,0.3120990439023313,0.46891153286535425,0.37951879402755856,0.3715902988980547,0.8366353532811563,0.3900893478258669,0.3517887914740807,0.3973531751664867,0.3997609983771755,0.4722283309432641,0.35903223371324483,0.47305459034569025,0.44615824838738555,0.30375165490126044,0.3153350665429921,0.6203099247708367,0.39415847512285923,0.49688495931148474,0.31366785568428784,0.24578742352390914,0.47601037198383817,0.2681452744628301,0.8379346937429276,0.4366003986262914,0.3450323672453207,0.5412437334792282,0.2354986392522927,0.3055163433399235,0.37622919622427736,0.4256254625665742,0.2186168999993417,0.40967371589056534,0.37114097090782067,0.628148443120553,0.1379949919139735,-0.06578170413695694,0.1874658617065195,0.029640809691039414,0.019559768272797862,-0.16258491445557133,-0.09231049659238806,-0.09165988339444907,-0.08259073383674322,0.2070465236991521,0.09621891797694807,-0.17170168112738293
0.2810714626970148,0.308380446453055,0.4905053242276388,0.3885605050795135,0.6962113567885262,0.6036534983958252,0.2250527412531081,0.45359469646982414,0.3086089908738029,0.3463110596331079,0.3627796265133051,0.37011576321274675,0.3883044478570223,0.3551918908164485,0.34010063497727516,0.3760216305658132,0.42372572746595755,0.3900893478258669,0.8154802604317124,0.2445440267134868,0.34297926813574037,0.5408362980437473,0.23539328477433596,0.29427151647324834,0.3962791792697701,0.3995310395632286,0.28826653865686086,0.30210013501469496,0.417822575607148,0.2486946410525901,0.36578441172036574,0.39312498771851284,0.28721473512656404,0.39230323765637487,0.09334885744655944,0.5475018592280708,0.33154285200381967,0.38473312846273827,0.5330524540934563,0.11818951340270956,0.24888975940600389,0.32616995383347247,0.35414875685996905,0.1615489982885263,0.3611664529058009,0.25949504948401136,0.38519519508284333,0.07340286530314107,0.4333818120256426,0.31179584100388913,0.054181246966970936,0.3058965164999997,-0.3797424691756678,-0.17589007465405174,-0.010491957415582839,-0.07774091236610096,0.19198253690604497,0.0669920574378505,-0.19877240300507823
0.2678902656256723,0.5655806428354951,0.6357282820226333,0.34465664385656397,0.20287366717916863,0.46006644795774154,0.28579529153579025,0.5048142625155898,0.3725063163765306,0.3252188688995631,0.43841084385662454,0.30935540492314095,0.4189813974315918,0.40155167240447387,0.34268249377823756,0.3896366873713108,0.5435521247479327,0.3517887914740807,0.2445440267134868,1.5121483671560516,0.3100996403295891,0.4099812483400564,0.22189627428238148,0.5096547908251559,0.5452517337505763,0.3299292503142741,0.465110180295067,0.27270903456011475,0.6406125100058456,0.7538049127008231,0.5318793740319263,0.3851067152707758,0.33453135518060584,0.3240921251336656,0.38323024935460387,0.6659407728292729,0.9594552992220552,0.4514306559615984,0.4298949850655201,0.5153082659085356,0.5958612806424736,0.30605934142712476,0.40710455512462984,0.08544088644178419,0.2748293744866701,0.677125867256643,0.5508950544796373,0.29404567484015565,0.7733140145236185,-0.11250001991346846,-0.07126938172443686,-0.20667623170813876,0.2932978355307009,-0.05052271786851603,0.05200279139334767,-0.04001622041434569,0.26623275817865244,-0.03323318198533549,-0.2333349525301149
0.2932110719162455,0.40236203633744866,0.5328542185387083,0.33607652700820245,0.280182683602716,0.3793093027889566,0.2773746023482652,0.37120065827404375,0.33838669083762984,0.26521879415843036,0.3405256785095206,0.26497581955253524,0.3481837327368302,0.30788684094691215,0.30566382056801933,0.28067407383126675,0.3988063560808245,0.3973531751664867,0.34297926813574037,0.3100996403295891,0.6590463024817813,0.4048772552863658,0.35011466076946895,0.3748942173875402,0.36178763664343266,0.2274637165592362,0.25646074353166476,0.34691383132864495,0.4226353379329218,0.5538085461728642,0.4408881591703142,0.3152550084309541,0.42861636491824673,0.2926030544265499,0.17839492587914574,0.7545900241603251,0.45709915843581117,0.4707513275174254,0.42445168589273113,0.32775565014561003,0.36552352499909346,0.6159550296010237,0.4827151226920867,0.20690411655948548,0.5018893302013953,0.31507313370851764,0.563055236894056,0.1627309416685225,-0.21363108817026144,0.11822044403723238,0.02559509040982941,0.062275511174997265,-0.10697114697201333,-0.08621805535836592,-0.1036060309603088,-0.05072527125799957,0.04395599261034095,0.14965253104348353,-0.09962210414342108
0.3248311867273769,0.31631015136001334,0.5638576746597944,0.4569417571705838,0.5237780744360647,0.5479244186236665,0.32061787153613236,0.4727870413798683,0.3214347611058775,0.4223657041194106,0.3605197692644765,0.41947692226174155,0.44225431457141906,0.490055622647907,0.39727683112241513,0.45127935049649326,0.700223192759323,0.3997609983771755,0.5408362980437473,0.4099812483400564,0.4048772552863658,2.744382518758661,0.32004426708831174,0.2878300526226727,0.6214104403752819,0.4476914866842768,0.4120442067175515,0.41220422455068456,0.3374436421430027,0.37941384221431873,0.380111132956755,0.5145991976956682,0.7635581833405896,0.48426131577428266,0.07391448134575355,0.5582977384931025,0.7531755020272326,0.7939585717590228,0.2628948925571717,0.20843945593655383,0.4071066093893962,0.4495638180492424,0.5054980403473797,0.45267376177057755,0.06195145519906787,0.4981013814705354,0.5136178681505582,-0.6945156270546096,2.606355395997179,-0.0661269526016617,-0.07092814493803608,-0.1724313140581317,-0.09279577893756669,-0.08815903166648585,0.15463433407207608,-0.05982304973205403,0.22825094997364853,-0.05968233460403462,-0.3202386885681352
0.1340031163019694,0.1523668364652221,0.40984037381408456,0.4511643442854947,0.33239690678360456,0.2792287895297348,0.39166137615422447,0.3604815063633061,0.3252818971599286,0.3674691079383464,0.32994033824362773,0.2840774451848359,0.3706917885320959,0.2672763422336638,0.3939394918332334,0.30158497296056874,0.2916995758760427,0.4722283309432641,0.23539328477433596,0.22189627428238148,0.35011466076946895,0.32004426708831174,1.4252596121242407,0.9354127083718641,0.5551059091341256,-0.04287219907912298,0.18715538913036348,-0.12387244573194828,0.7458612144738109,0.7142201911136319,0.3104028471154851,0.18734941447072243,0.11783852584449969,0.32134022474422436,-0.09458037237263488,1.3169359419928943,0.10958945816075148,0.3510800638328117,0.5876592084936463,0.42514397123124215,0.22505503310270075,0.3122253733614908,0.46174875677735877,0.4430750589795222,0.18665333209094814,0.5146849225795281,0.6158555100147316,0.18793936277344334,-0.8187254984595517,-0.11353641051374247,0.0761373632735572,-0.191926559934034,0.3168390780219652,-0.061640697806322066,0.1165624834012535,0.012303671686670275,0.2045928126519276,-0.15408602805518407,-0.17121468632386883
0.17101213385362468,0.2309477064968162,0.5461764958216148,0.4727448717387296,0.3895943912618262,0.3482846274767778,0.42067483812324047,0.39375949236905217,0.4625276753608641,0.38992257404898295,0.41514178477260893,0.31427947327976885,0.4303913144047029,0.3988489240530081,0.3121032322015917,0.3562469430658448,0.48249684109312213,0.35903223371324483,0.29427151647324834,0.5096547908251559,0.3748942173875402,0.2878300526226727,0.9354127083718641,2.410772237951089,0.36751438687136556,-0.5350769215295621,0.3357580641761562,-0.029521873239259328,0.4386004555734078,1.1376072188179707,0.9241486569830225,0.3090390974911375,0.2257067152406736,-0.42501436511209145,-0.06687768602800125,1.1219997716698462,0.6731851540952165,0.5765084401467249,0.21118979654154715,0.49648221514067653,0.6591154819240437,0.33921770620308206,0.41101297925168473,0.2981517879692764,-0.0018017972445230164,0.720139612698858,0.8079661636482773,0.2517637063717587,-0.7210713392446784,-0.13285105245889006,0.015215008255480268,-0.20630227625919612,0.4968101300804408,-0.0926042235051039,0.16059100461826517,0.024283367497252937,0.3547818304608605,-0.12548036935598042,-0.3227022012111433
0.33623352067618645,0.4167233778861695,0.6078989132615796,0.4165188012151852,0.3368758393093844,0.46618821292605783,0.32793567678836566,0.48300767078514123,0.2762174857395929,0.40810362937217537,0.387648237397334,0.3777010291007771,0.419351565175289,0.3775238185079608,0.4549713708944601,0.4348427338885587,0.518452946519483,0.47305459034569025,0.3962791792697701,0.5452517337505763,0.36178763664343266,0.6214104403752819,0.5551059091341256,0.36751438687136556,1.519358190042261,0.3532611833917951,0.3375283115270483,0.22162897581233718,0.7088324630942403,0.592478784888477,0.3713762176509959,0.34031678516390323,0.26436475529683395,0.5974887124453856,0.3457656191726342,0.8263289755719171,0.43281059507706027,0.4373940113993022,0.5357604671766135,0.3521157055259521,0.2658207235122253,0.35380466663360094,0.5298422195233873,0.28048623654418187,0.4955486291944218,0.4882418227432958,0.5936741175069165,0.08859560219114386,0.3051126471435709,-0.2579001051830384,0.11277524177320522,-0.045004815219742096,0.21255905117912954,-0.08976677139389666,0.08006074234327763,-0.06216087561303367,0.27817278202233775,-0.03591679185192221,-0.2709985020536647
0.21138830486473625,0.451428369524875,0.6077028373933406,0.3738540073558205,0.30314337406249026,0.6052739681839033,0.25655648744619525,0.5500899550914357,0.451452157735488,0.3173147248357059,0.3295394681303469,0.355407375770979,0.4425766590260743,0.35917540748330284,0.20712882390758033,0.40896771579236346,0.24685384967584512,0.44615824838738555,0.3995310395632286,0.3299292503142741,0.2274637165592362,0.4476914866842768,-0.04287219907912298,-0.5350769215295621,0.3532611833917951,2.5397949782118614,0.27395594778961946,0.5747048163020144,0.5372137045632002,-0.6316041579454987,0.09146846291935454,0.41772093689123413,0.04831420830960838,1.1102696264513239,0.6987792214794024,0.36502755860615227,-0.4534252176530155,0.07343065115903916,0.8121066059215082,0.07624980885990146,-0.08812726687449358,0.27664563943918535,0.42972432611566236,0.22675570564756925,0.8041504991622563,-0.044093237111337516,-0.012525901332226235,0.017133000145440214,0.7796152069124175,0.4845871367921291,-0.338598616314668,0.19444411825319285,-0.6455691093186409,0.03178230111612464,0.15445289034421925,-0.07956128003897321,0.19380857266161997,-0.11406308669204725,-0.21144829719689812
0.24355840614800295,0.3285533237331865,0.46333549100539273,0.3302631016495057,0.2502397085550941,0.3779695212872733,0.24873306997409733,0.37121220854935266,0.28628560660147717,0.3176114720075863,0.3406587424190273,0.33806093187108954,0.35999528076876786,0.34538081347376015,0.26155760878009954,0.3775366623657519,0.38054422386421494,0.30375165490126044,0.28826653865686086,0.465110180295067,0.25646074353166476,0.4120442067175515,0.18715538913036348,0.3357580641761562,0.3375283115270483,0.27395594778961946,0.822575610856331,0.3157507057841604,0.3616939747837381,0.33499037550069166,0.3844510004805181,0.3924498301107254,0.2747761312245199,0.31021486208383003,0.3401229116858981,0.5518635388786209,0.4881987999898517,0.3503905175487561,0.24795751428277707,0.3022663033907032,0.3574187388103555,0.2530454064114344,0.2764084621970279,0.13720820338551087,0.14023515371337406,0.5286116413830344,0.39043026832663597,0.1402093110278776,0.31176825143517645,0.0024110047759100276,-0.0811656357279078,0.06389080122066731,-0.03737224132550821,0.00908499863400297,0.0729189214813045,-0.04938584995115928,0.17731828931585106,-0.053331187024961806,-0.1622776406175087
0.15136792913845487,0.34550259707726816,0.34570354344641774,0.1949357859459487,0.07990827890208849,0.27624154042139104,0.07730688138765214,0.1952972557825853,0.22625805000815852,0.13373768167488784,0.21387354193686672,0.1309090046579443,0.20638765190580965,0.27845918989974755,0.2735989626041854,0.2920271334764364,0.31347182631284065,0.3153350665429921,0.30210013501469496,0.27270903456011475,0.34691383132864495,0.41220422455068456,-0.12387244573194828,-0.029521873239259328,0.22162897581233718,0.5747048163020144,0.3157507057841604,1.1656065797395923,0.2170458515237314,0.34804162030991914,0.37451543653613895,0.39420025302272205,0.6608726553585987,0.2914872078090661,0.5788283530598174,0.7223804077153335,0.4372066689657517,0.42760065981749673,0.14050652833471225,0.2269844410323979,0.24002923991119812,0.337979722427115,0.5580903745417553,0.24252964163272486,0.6412953605826021,0.10595293711823485,0.3195884713690649,0.14492348321418488,0.011553484455484165,0.15196554649587485,-0.09612812445449558,0.7895290779839198,-0.9847422609230218,0.05508088191529543,-0.107904092035864,-0.036917748780351436,-0.026129671621758555,0.09974002852409529,0.008909205370668735
0.2895125948266796,0.5987097827741091,0.873505911018476,0.49349481331195394,0.36703793514552996,0.606608272271263,0.41211172158169423,0.6392038282962634,0.4274686993144854,0.5144431727976125,0.5185126868436465,0.41072881870440686,0.5893484644325894,0.3961276619914028,0.5143669668763627,0.4541764080119346,0.5205358474450961,0.6203099247708367,0.417822575607148,0.6406125100058456,0.4226353379329218,0.3374436421430027,0.7458612144738109,0.4386004555734078,0.7088324630942403,0.5372137045632002,0.3616939747837381,0.2170458515237314,3.2824706457172557,0.7035327790064398,0.19816165856870502,0.42209602721758616,-0.11733751138734495,0.978616806039943,0.4127123539575761,1.3577142046388286,-0.4562768912579716,-0.01813315973102634,1.1415912444829523,0.20301291947952413,-0.007957759926238263,0.3075071907384477,0.40991852464166406,-0.012958585777954165,0.7389046122338356,0.3157906644294317,0.8120440312406604,0.05630805184509784,0.06415896257775965,0.4474142184797128,-0.3089191722925215,0.1919553340165482,-0.3440790397800125,-0.061824457510183506,0.1568568495908759,-0.03789738914073948,0.20438030805451796,-0.19684768857885715,-0.1494461384596577
0.5557359547290676,0.45500136642963135,0.623407016812859,0.3081986355198234,0.20547759307780103,0.2919525794785392,0.33174908191767066,0.4037427472204398,0.3515327698133344,0.367163092454231,0.3833445550507072,0.24730575209221878,0.3849338412306159,0.46126225788232744,0.4893135982995821,0.38291983384181644,0.47746139811196614,0.39415847512285923,0.2486946410525901,0.7538049127008231,0.5538085461728642,0.37941384221431873,0.7142201911136319,1.1376072188179707,0.592478784888477,-0.6316041579454987,0.33499037550069166,0.34804162030991914,0.7035327790064398,3.48762652385906,0.6208963512328687,0.4140158657845386,0.6608982179938346,-0.5473634232414765,0.4815964080623429,1.2590037763993347,0.9627320113778118,0.6980909495731115,0.27344063993343365,0.848059500466834,1.1853495886241479,0.5481884925917238,0.9990689875154445,0.3864312217287057,0.09099633091239345,0.6212246238217671,1.6238384999230813,0.3831074409204223,-0.2290161973188534,-0.535016591024844,0.19072842166254284,-0.42553381473164237,0.6394545379704936,0.013381716338844106,-0.23360548471112588,-0.042772674764140955,0.20361077885510764,0.468855707570817,-0.33545723823175483
0.35798565791825077,0.38133021745195367,0.5738130585169314,0.3675245587244766,0.34653287343867917,0.42525630613080606,0.3089906815258763,0.4213205021242128,0.3558950641945749,0.33118110749787283,0.4185280502541727,0.2932239705510885,0.39323173042349635,0.3788688213193656,0.3237852169400327,0.3700278631423949,0.4889124643612777,0.49688495931148474,0.36578441172036574,0.5318793740319263,0.4408881591703142,0.380111132956755,0.3104028471154851,0.9241486569830225,0.3713762176509959,0.09146846291935454,0.3844510004805181,0.37451543653613895,0.19816165856870502,0.6208963512328687,1.4817719559424967,0.381680992486596,0.3564441123217546,-0.01155216532899259,0.2442613766493139,0.9493140956971134,0.9348248346361556,0.6115799251430621,0.35207573100748024,0.22058418415381464,0.5494526373116922,0.42006314258635796,0.3477495348126746,0.15870419269678174,0.35482781012077164,0.5288714976200576,0.6834852052328491,0.2581866444128765,-0.004353696253299371,0.2266441784208692,-0.10635139678959588,0.09954845448413481,-0.01392218681266072,-0.15471668002108319,0.0811243839251515,-0.07150702662927429,0.41833233098837047,-0.06404883075498176,-0.31247093930855363
0.3147873134529577,0.3001390197262974,0.4546263355153423,0.42207611947636536,0.30638371265789444,0.4532056260030503,0.19066272022186095,0.39836394484043575,0.3222478279315565,0.32197006576195364,0.3153902115079017,0.3396598233543806,0.3262319005742042,0.6785602301415445,0.3299960955642633,0.443320586702046,0.364750012517621,0.31366785568428784,0.39312498771851284,0.3851067152707758,0.3152550084309541,0.5145991976956682,0.18734941447072243,0.3090390974911375,0.34031678516390323,0.41772093689123413,0.3924498301107254,0.39420025302272205,0.42209602721758616,0.4140158657845386,0.381680992486596,0.9895252805933464,0.19635235024177186,0.26438744915865653,0.29113227296877064,0.4916843607643698,0.42875794697856506,0.4353932978507788,0.30919168671312774,0.2780674017518315,0.4345031725061184,0.30422547706571007,0.35203050334777997,0.1787479458092323,0.2610932577935412,0.34237957853765766,0.48913332374930807,0.11921915817816985,0.7309316893373761,0.17294543929700232,-0.0610250845603885,0.32911025250221293,-0.5308767120741307,0.05538820606366435,-0.014339114631928475,-0.032689768150088595,0.15570880101724976,0.07442494276884183,-0.23773278890110955
0.24233319496257116,0.2930435869836177,0.2638980288352296,0.25274465098011833,0.29107385554848336,0.2289459705295453,0.1764652714809872,0.16681009946245975,0.2421442589274893,0.11781800944965644,0.21050243506316638,0.16693054945366229,0.21201901539936444,0.21390185442025375,0.2354654540322599,0.17392696784284878,0.3908414018146352,0.24578742352390914,0.28721473512656404,0.33453135518060584,0.42861636491824673,0.7635581833405896,0.11783852584449969,0.2257067152406736,0.26436475529683395,0.04831420830960838,0.2747761312245199,0.6608726553585987,-0.11733751138734495,0.6608982179938346,0.3564441123217546,0.19635235024177186,2.160688176046612,-0.06723416816219292,-0.4547641908883646,0.7356771906816819,0.9561320570503045,0.7162341621621235,-0.35964522117580067,0.182379978069014,0.38950751915468185,0.42564261104274764,0.6811875358991163,0.2413366269205956,0.13241284853007707,0.48515283167306744,0.4411588623599081,0.18415135783413647,-0.3484420902257848,-0.17756683748662866,0.014900040929536321,-0.030738362426104428,0.051137736609541816,-0.06268702516633841,-0.18904510703952343,-0.08785047504157571,-0.062244923157039674,0.2514367901475629,0.10384742832007945
-0.26663004944699825,0.521802932665099,0.7623649430856982,0.47766394063233253,0.20518289700030695,0.610040683715816,0.3468597524142826,0.5795396696201086,0.42872269991924383,0.4279274791630906,0.3535673838913789,0.37348007386275467,0.45098020148954504,0.22675318362155553,0.34159899179333786,0.3493159841908276,0.3661811829984236,0.47601037198383817,0.39230323765637487,0.3240921251336656,0.2926030544265499,0.48426131577428266,0.32134022474422436,-0.42501436511209145,0.5974887124453856,1.1102696264513239,0.31021486208383003,0.2914872078090661,0.978616806039943,-0.5473634232414765,-0.01155216532899259,0.26438744915865653,-0.06723416816219292,3.640430203837245,0.8434197553744396,0.3721204379360571,0.08508158625753034,-0.06118447046638522,1.1948975520315952,-0.44265632851617026,0.29233165440824005,0.2896796334791609,1.1285847069416792,0.4248898729365852,1.1582734698477355,-0.056055167323888114,0.13947689052760698,0.06767441565236308,1.2983852826171525,0.013107656093645746,-0.11292770379844799,0.3824157291730677,-0.18889951122744547,-0.16287456536131784,0.005294401213991588,0.06571673711495009,-0.3911874596815739,-0.047984601564727655,0.27448721388091235
