1.9825135404613006,0.4498832196569459,1.0346529556631143,0.140259633547564,0.27915767019077076,0.4278253085403491,0.4241860390951496,0.45368379194543773,0.5306595587134085,0.3555685798303106,0.3437633995546294,0.31629913400679316,0.3545806834906215,0.3892588820227125,0.19735407590603982,0.2843598307683127,0.3705595645721759,0.32963449726208405,0.3333854115249554,0.3046149304099109,0.32268602891997217,0.3972401013320715,0.16695223827265612,0.2023012085030405,0.3814032816893091,0.2840887221174715,0.2803858411921365,0.15474043378219007,0.3841933834113675,0.5558753646558625,0.3937489565598462,0.3604313437983315,0.2041475822981882,-0.2366185639133832,0.2290738786679039,0.44961903102439094,0.3298723829431087,0.3627602612994766,0.33518962193279606,0.2798636473069087,0.24897486161685148,0.3095633095058988,0.18107300408104482,0.10123169765099073,0.15782079153456663,0.4721182210357323,0.509416279789512,0.09858022077811528,0.2757384998690101,0.09835858694478793,0.010867501368035718,-0.15480249497582257,0.1161046828473215,-0.1358354327425035,0.11808101796233325,-0.17207210393514627,0.8312076710941076,0.06812163370653854,-0.7227874831874029
0.4498832196569459,1.5035456697713354,1.1419480396567505,0.19680949923660992,0.17108616805016846,0.4551624813947309,0.3430237332907998,0.4933578763770416,0.4515370236793623,0.34775480735328373,0.3837541125907636,0.27571432614420255,0.4305492084568968,0.27567183544978474,0.41754136893735566,0.27542850976885447,0.41463820050035766,0.5036210181686384,0.32863213300170435,0.5814986906419177,0.42953066698174874,0.3379764086156307,0.15403083074747137,0.243141515575206,0.41239557145841177,0.4203369700267092,0.31639409333300567,0.3817425314113841,0.6016668666598586,0.5026091254820525,0.40661573117455746,0.2905005470465194,0.3711270645140968,0.5039189423053194,0.3686620126481204,0.6127392745130975,0.6479023096481011,0.28997881712002443,0.41297993945411954,0.26475560675912735,0.38029095055076445,0.4217086065741443,0.49153816546539847,0.10846641568935911,0.3698184674651793,0.3615406037043353,0.5379466844000926,0.16904687755895925,0.16516256714413274,0.05806257248886031,0.15368521868579876,0.12041250918405712,-0.1474491267018704,-0.23431628810948057,-0.3269443996288538,-0.16309879923511625,-0.12720917866927584,0.35887903677251964,0.12149952296491277
1.0346529556631143,1.1419480396567505,2.7467370690781077,0.39431715750243385,0.2294830951375007,0.7676040747260529,0.5152959346507012,0.853986426797754,0.9722628276070331,0.7804447236520736,0.6044045632531491,0.4974258226673604,0.6516408900277443,0.5037106040195748,0.47080591105548397,0.45210071206168806,0.7541191172917533,0.635234995454001,0.5387748767119136,0.6853260106801286,0.6051664939764055,0.6558117800404403,0.4591281608747061,0.586153813374807,0.6582306043420062,0.6243680583144301,0.488232139158898,0.3790959413050683,0.9124529842447671,0.6698614997932335,0.6176683532048439,0.4841394671919709,0.3071795217234662,0.7550148346530122,0.5700345207178876,1.0152592260408055,0.6012965604145415,0.45804194234472606,0.7746904818535751,0.3461222160502389,0.45376351838781825,0.5850450524935875,0.5919341590812579,0.21528701733907685,0.6106404191279466,0.6196984257575618,0.832373017790496,0.1504824945471855,0.27729913690625474,0.0930641033453102,0.1355228386959548,0.08823973122266751,0.010619479511785742,-0.3553798627559949,0.49067199409961276,-0.03212134976046023,0.5182459952415992,-0.5692079640514199,-0.33429974094705245
0.140259633547564,0.19680949923660992,0.39431715750243385,1.2813399011149496,0.4712671976598568,0.5218247419738281,0.4059075092290539,0.5161626174376385,0.2915441478178627,0.39424402175517465,0.4263223499242657,0.43181869855322347,0.43139900784038715,0.4479314099624761,0.34205086940000834,0.4504067444499604,0.44214187812542666,0.4467611903872697,0.39216558305765364,0.36288254507799567,0.3553751168699221,0.5014813294373714,0.48158538360375347,0.509729912386286,0.4458149122639414,0.3626146342134742,0.3421751047033309,0.1681364463771717,0.5053839065937997,0.3431763513782262,0.3809463595193015,0.4248945132999584,0.27028232564643184,0.4841449586025431,0.061145313901259546,0.64983265990578,0.41435628036845473,0.42601514887482306,0.4445846188892494,0.17587302000730368,0.2712146015842709,0.3364925862774488,0.3774849928046246,0.35051158760716306,0.19080665341341796,0.45444849613611493,0.5082812597705214,0.1115760210406731,0.07686161140180388,0.15902105428531546,-0.14192197552447577,-0.060390119432294324,0.02373014444059274,-0.045040084041096363,0.09757974047810769,-0.0674984389720614,0.22659940411562587,-0.05786407773829931,-0.19830040658737136
0.27915767019077076,0.17108616805016846,0.2294830951375007,0.4712671976598568,1.3320030435427068,0.49688377367284337,0.3210467002310697,0.45054457253601254,0.22308662448802186,0.3934415707512191,0.3712186530158463,0.41823924364696163,0.3935565022010199,0.3605034720494007,0.32441166595859494,0.4175194902738073,0.4048031543509466,0.36797451200619086,0.7416214675151331,0.20775134437020085,0.30893217063082484,0.567943813716623,0.34164173951640087,0.3980019591202289,0.340667485319763,0.3105504267793884,0.2590449754408166,0.08838427711697408,0.3807686944381865,0.22498394346355827,0.3571004133153257,0.32730705090203704,0.3358709138676992,0.24503034097340898,-0.10833489131176438,0.5824401737792463,0.40928035578142785,0.37380819903440493,0.4689698451771816,0.07059742497115265,0.1746961977851804,0.298847946528673,0.23198979814082707,0.18134520372602136,0.07406270382902017,0.3623535260494266,0.3764953010527574,0.06734423619533095,0.36641795030480867,0.3871168868129933,-0.1308048002212402,-0.33731992722520215,0.1096582664501041,-0.1462024144689177,0.03401472840431521,-0.127075761393431,0.2094182483565557,-0.019522325379139532,-0.09375160870288717
0.4278253085403491,0.4551624813947309,0.7676040747260529,0.5218247419738281,0.49688377367284337,0.9526151990912111,0.35886618280302907,0.6722962700227417,0.5385616336101821,0.39609361843600305,0.4907834304248672,0.47463531735679626,0.5016238670111559,0.4754682037337069,0.36453355199015713,0.43449316907220553,0.543594273922638,0.4868998396888387,0.6232255331839629,0.47987945187657244,0.4105238885973528,0.6079221444924806,0.31151140583003,0.40021393373703107,0.5016255401826744,0.6010460305094243,0.4000342362292214,0.27490109034886223,0.6260835823295597,0.33645003065020823,0.45227815288021556,0.48231953327532495,0.24261953040039544,0.5859172776991095,0.33138474388287925,0.614939409368428,0.5360916576102402,0.42320291473980415,0.5965526693558338,0.1776821553740946,0.30236495301369914,0.3948962256506375,0.4224252464713399,0.2399258965700341,0.30399108297471045,0.43627795858493706,0.5609291754392819,0.13486763002945157,0.7244444524262867,0.31292605350722286,-0.28609118689599117,-0.0012951384433075347,-0.13068466717417615,-0.09076826815609693,0.0665329753870336,-0.1095677739005249,0.3793775209108078,-0.01091657162617912,-0.30040669241497064
0.4241860390951496,0.3430237332907998,0.5152959346507012,0.4059075092290539,0.3210467002310697,0.35886618280302907,0.673187643496321,0.4458738745944666,0.45382623743149286,0.3217319548376466,0.37659408004577366,0.34536895387947936,0.441060526046105,0.25334090067958287,0.17584556137872648,0.30887946321251064,0.4004924011402973,0.37672212082292966,0.2922178721117022,0.3137816435321539,0.321905070371377,0.3938503777420802,0.40660359275944336,0.4337136854442269,0.35704473360985983,0.32122058296329187,0.2724432711633382,0.12504928011871064,0.4729319654353325,0.341501121784372,0.34335529549518634,0.23617363026690055,0.1981305322133766,0.40096795091254533,0.16611133645809087,0.5964623564226311,0.33079793073592023,0.2386460233168947,0.45120495207103073,0.16144376845396588,0.1855537012045658,0.31883083900887466,0.24964471523337461,0.20824073504857696,0.10468926692714321,0.42082947425543343,0.39174276980665507,0.09917211818389263,0.12510056773070247,0.17741154162646283,-0.034485700377363676,-0.10010211774208247,0.036466077093808814,-0.1639627674935371,0.06985121953409086,-0.06239065453661049,0.3046581213121069,-0.04299683847761908,-0.22881995091130755
0.45368379194543773,0.4933578763770416,0.853986426797754,0.5161626174376385,0.45054457253601254,0.6722962700227417,0.4458738745944666,0.9688680436009933,0.3955373069656087,0.43836486035697325,0.5006654118160407,0.2991540268376192,0.5589584249720944,0.429531943265211,0.3018670774893378,0.39486611330089766,0.5579010049729506,0.5551051613361592,0.47859789115911894,0.533714910746906,0.40486447361095923,0.5258039126705548,0.40918014701306676,0.4653945067819631,0.5168792563426985,0.5351454891423283,0.3923838912044566,0.17059075716016875,0.6470680698272792,0.46240242256410863,0.46318660061757544,0.40690677561661276,0.17755569512824923,0.5441673254238836,0.3422796698101292,0.6827964123002921,0.4714672367726923,0.3630736731748866,0.6738501738112813,0.2799461453925984,0.40857250363606645,0.3878240264313497,0.38992835587575064,0.22802594018852068,0.28109636564121876,0.5272406041981861,0.636531004677667,0.14161266858500404,0.4352251144490192,0.2630852318919528,-0.05854929942970357,-0.24740599551341133,0.0757614680351038,-0.09295202147671248,0.03390405759141931,-0.18343813386641236,0.5002295788371955,0.0283831273532835,-0.3245588527522893
0.5306595587134085,0.4515370236793623,0.9722628276070331,0.2915441478178627,0.22308662448802186,0.5385616336101821,0.45382623743149286,0.3955373069656087,1.073978224600737,0.27662992166045425,0.35639872573524417,0.3177982871778882,0.40994166160718715,0.3633135679671771,0.08692076896604425,0.31930486170700106,0.4493881600038989,0.3269694234415088,0.335524095397394,0.3893678528708345,0.37543836217810045,0.38622951704294245,0.3453714497406991,0.47528105479247207,0.30542905387161623,0.4945500029980717,0.30375244321885203,0.24725285295013427,0.46437143127938724,0.3598193024751228,0.36961796582084205,0.35981013750526697,0.24523321095298656,0.44818698707867366,0.2729425231699793,0.6444176366123556,0.3257735043459634,0.3515642824286834,0.3807198089881306,0.21903932355911546,0.27608051473036577,0.3702100057824709,0.3377987719424597,0.20200773047354423,0.32583425759636336,0.4934472474162037,0.42115757143597077,0.11901252628276747,-0.14356451795303699,0.07973137189853008,-0.05249050479840244,-0.013266602561373061,-0.030104757067138967,-0.048902251072195035,0.2536942375781922,0.011317358215767457,0.3456749926298427,-0.23453682453103716,-0.32793915146644803
0.3555685798303106,0.34775480735328373,0.7804447236520736,0.39424402175517465,0.3934415707512191,0.39609361843600305,0.3217319548376466,0.43836486035697325,0.27662992166045425,0.8896150947897487,0.3734458991919194,0.45081140922993906,0.38029418078812344,0.35060535338468984,0.37034713404562203,0.3684646886727863,0.438412024471128,0.3957777818287166,0.35771589789202274,0.31955896702407693,0.2964667497716975,0.43175556711765767,0.39620743384828716,0.40702622034671077,0.4317084608938105,0.29660903710038744,0.32380856197083463,0.131760022890045,0.5020121851514237,0.37398984732384616,0.32932670600366953,0.3235087454804565,0.11510375643584396,0.44019842998067554,0.2884312835862037,0.6158191350730106,0.29255540707887256,0.2691737087892243,0.4018299036389991,0.22933975071839988,0.28811334718923454,0.26888457733631843,0.29297936557192034,0.1954416306522474,0.1956354686462611,0.3919734280673221,0.48707291243995093,0.11327945424577768,0.4260099660403431,-0.062185869472582,0.01803744561210557,-0.09508116582839464,0.18566310310906756,-0.05013870369445157,0.3428688157169007,0.01401854364333517,0.27387989579140276,-0.3668612490563018,-0.23206883465597386
0.3437633995546294,0.3837541125907636,0.6044045632531491,0.4263223499242657,0.3712186530158463,0.4907834304248672,0.37659408004577366,0.5006654118160407,0.35639872573524417,0.3734458991919194,0.6310861954727395,0.4093023926763455,0.43457006385161695,0.34338998860816683,0.3426521194740068,0.3747121092746284,0.4816038044729408,0.4411784862747705,0.38742424773031653,0.45520168503013103,0.37144039611689067,0.4026880377638128,0.35303420312011635,0.437801328736475,0.4088775968527908,0.3382418873819889,0.35140303594045613,0.212127404517712,0.530942246348224,0.40989584434025167,0.4348515269239669,0.3309751338531771,0.22723892659592743,0.3631147378946105,0.27595020229837613,0.6847791557949939,0.42954292100016045,0.3361364556284551,0.46542541486884237,0.24498850009209724,0.28600343858733207,0.3542613821597063,0.33445033225904314,0.1533814859813871,0.25658168025407213,0.4632845991312541,0.5076846571013098,0.1273969259435934,0.03519850433689597,0.12404844387043516,-0.033635984508873805,-0.055229281671553554,0.04200636956249821,-0.12392417928615075,0.08890183936662888,-0.06717490601537242,0.2528734125453336,-0.07474400871744098,-0.21257925727472543
0.31629913400679316,0.27571432614420255,0.4974258226673604,0.43181869855322347,0.41823924364696163,0.47463531735679626,0.34536895387947936,0.2991540268376192,0.3177982871778882,0.45081140922993906,0.4093023926763455,0.677828995176264,0.34083702764450613,0.3788266460325352,0.37532922270962576,0.39198796803287456,0.4111676260678304,0.30526716214989214,0.388423374841946,0.31418465859517736,0.2855737968735748,0.4521705376330026,0.31034722537409415,0.33844402091903997,0.4065635967173121,0.3558281852706168,0.34504020412414527,0.12509712579626142,0.4130970047529831,0.2581753348606055,0.30083206594605716,0.3555084037021841,0.16471548928188348,0.3814163362549061,0.2317322987121461,0.49641437893582835,0.34939389290830836,0.27609485136805656,0.34446978789126464,0.17815222670284622,0.14798155692193757,0.2698961255595081,0.2793715636972946,0.17676662168936205,0.14664118216032015,0.3165633094567807,0.36426350093516524,0.10782171244982235,0.6365864853881301,0.006414297209236452,-0.10965236958497171,-0.032285102044082484,0.12599696485980888,-0.09933467232843232,0.14339254669479384,0.03877198699511355,0.16753753133253144,-0.10664961126280015,-0.25290997116618835
0.3545806834906215,0.4305492084568968,0.6516408900277443,0.43139900784038715,0.3935565022010199,0.5016238670111559,0.441060526046105,0.5589584249720944,0.40994166160718715,0.38029418078812344,0.43457006385161695,0.34083702764450613,0.6938961339179786,0.3458123556840804,0.23065405455393648,0.3846939136676654,0.45873274354048343,0.4446635808109422,0.3870585019693445,0.4200974781282132,0.3733162185271965,0.457648771670477,0.40005413754200203,0.4632560688035072,0.42642601313451156,0.4142151047898453,0.36030735962954724,0.19819595357664854,0.5845381311986231,0.4119204432807991,0.398006028732836,0.3240475372070998,0.23107111905701425,0.4501079239267485,0.2832706901931613,0.6843442975291895,0.37180989025999667,0.2855283415670729,0.5554663886617155,0.23727939890752464,0.32319477161002075,0.3574031025403209,0.3150735795913797,0.21210382445335677,0.15139667778884713,0.45743699417227357,0.5057051261968023,0.11837790827340584,0.21761998649629052,0.16854230993068833,-0.030775256559069604,-0.15496956576263962,0.06178376884777439,-0.12130729514409652,0.08679692861747432,-0.11532124101625212,0.24793871848161556,-0.12556140070014707,-0.0791076896365119
0.3892588820227125,0.27567183544978474,0.5037106040195748,0.4479314099624761,0.3605034720494007,0.4754682037337069,0.25334090067958287,0.429531943265211,0.3633135679671771,0.35060535338468984,0.34338998860816683,0.3788266460325352,0.3458123556840804,0.7368607134835804,0.3241937561751004,0.46037548284464697,0.39269187241094433,0.32140754205275873,0.3731953595972178,0.3902795842720934,0.3245216401719988,0.5270492485013092,0.281775007519818,0.4181535409213687,0.38769202147158366,0.3749842410520448,0.359667567664706,0.27440184456446626,0.42359846042525373,0.4489888162742334,0.38474972856153833,0.711675729178096,0.20569218206218798,0.23465979065926504,0.29439766227082653,0.5777365960992946,0.45244011686773816,0.4101746713983763,0.28131049228434907,0.2752341168598773,0.3863910347872137,0.30013605467657384,0.3365586291099025,0.1970042692340501,0.19822295551955021,0.3922253962242547,0.49781112333472777,0.12611391855555162,0.6662375976567239,0.09900679847409162,-0.0764883380811122,-0.030930566051697306,-0.08627802186887772,0.03701995799809685,0.049230696867479766,-0.03739448442632976,0.22835640193370763,0.007258492105484163,-0.27707170023494654
0.19735407590603982,0.41754136893735566,0.47080591105548397,0.34205086940000834,0.32441166595859494,0.36453355199015713,0.17584556137872648,0.3018670774893378,0.08692076896604425,0.37034713404562203,0.3426521194740068,0.37532922270962576,0.23065405455393648,0.3241937561751004,0.974935842693808,0.295951511352904,0.24396083351545184,0.47823739486195915,0.3426743380358414,0.3400743567852248,0.3233513580601071,0.3991843746305629,0.4151169364899754,0.3101282263749164,0.4772773473832025,0.19304117241388385,0.2536785993726497,0.26335388166043006,0.512945142282939,0.49559604530722856,0.31712068520769415,0.30827867472518755,0.25827422927326604,0.36691346708010997,0.23430100817400973,0.710033979194371,0.32109348062967036,0.26912564393873756,0.3815380338275278,0.23730622202973628,0.22019889537039494,0.3018100205958016,0.4338542582035023,0.18033228258451592,0.257318472713833,0.279398810939796,0.4854212703518372,0.11294299165765724,0.17521025543315213,-0.15554496769980394,-0.013515779961036317,0.18082130165925572,0.03192712156214756,-0.10378483147355436,0.02015180608983846,0.02548557462440315,-0.0014588576278254837,-0.028212790060309814,-0.06781494688818984
0.2843598307683127,0.27542850976885447,0.45210071206168806,0.4504067444499604,0.4175194902738073,0.43449316907220553,0.30887946321251064,0.39486611330089766,0.31930486170700106,0.3684646886727863,0.3747121092746284,0.39198796803287456,0.3846939136676654,0.46037548284464697,0.295951511352904,0.819408675395222,0.46164366309690846,0.40041848507693945,0.4009527571529221,0.3861630383216796,0.3077848434020252,0.4941174315488055,0.3184182361221955,0.3663207728664295,0.4573851486589871,0.41896625675230703,0.38284630428672417,0.2949457134194389,0.47105744464854804,0.38325158997887127,0.376269447239701,0.46005920668300926,0.1750723338928474,0.36673281665795626,0.4126582403019984,0.5985360798217136,0.399209213248766,0.33288003500578084,0.3841106324498925,0.25455034040670255,0.2728589760254851,0.2881089993354087,0.3724298470150766,0.24334566465375962,0.25444823871598793,0.3630220389295334,0.46387718723272287,0.10446196908769649,0.4814191348169659,-0.009838499057045473,-0.10910457298778803,0.06764462208406913,-0.04252774405583339,-0.016981036853092563,0.13725979520155648,-0.042081357819561224,0.1764536987604123,-0.0942572780446969,-0.1935726363821425
0.3705595645721759,0.41463820050035766,0.7541191172917533,0.44214187812542666,0.4048031543509466,0.543594273922638,0.4004924011402973,0.5579010049729506,0.4493881600038989,0.438412024471128,0.4816038044729408,0.4111676260678304,0.45873274354048343,0.39269187241094433,0.24396083351545184,0.46164366309690846,1.0412772519800617,0.40830479365633043,0.4498002114736,0.5723193964237204,0.4380575860325879,0.7407349114683965,0.33228052331995694,0.5233754625637047,0.5556918807537791,0.2469532339711068,0.39935162526109724,0.30557193899895907,0.5499455373745896,0.5148708853792019,0.5171193616831002,0.3726825029898918,0.4171861883501549,0.3940316834520799,0.26661507737171486,0.7465586066247192,0.7978135121685281,0.5174223244414289,0.3596304501899577,0.2566758869974609,0.33755152682163114,0.40948876793507893,0.4344819595543644,0.21690696867522105,0.3254581071952473,0.539691036808224,0.646755559375463,0.07229010988232865,0.43447054210346114,0.19996879622636604,-0.041074571143428565,-0.07501518132403209,0.0441448848260694,-0.1595323528487751,0.16750893678140796,-0.08399196064573079,0.2831232063369797,-0.14577163866595608,-0.22302422149288859
0.32963449726208405,0.5036210181686384,0.635234995454001,0.4467611903872697,0.36797451200619086,0.4868998396888387,0.37672212082292966,0.5551051613361592,0.3269694234415088,0.3957777818287166,0.4411784862747705,0.30526716214989214,0.4446635808109422,0.32140754205275873,0.47823739486195915,0.40041848507693945,0.40830479365633043,0.8805864624394607,0.4071819981938708,0.3838406918822005,0.4351119162234008,0.46020690733146774,0.511191435617128,0.4071822698069412,0.502677081064124,0.43895087228463836,0.31569133395589905,0.3103419464065365,0.6476877377265714,0.45187210743484557,0.5374687352888613,0.3175421428562028,0.2735830680540337,0.4786752855056958,0.2896220554437026,0.8783716071573022,0.48106338477399263,0.35388847437414866,0.5436525607231363,0.26059320481877385,0.32483763745797073,0.41501641991564875,0.46620469483312377,0.23154877529317985,0.35789985462018453,0.4475817419009873,0.6789636457812861,0.142441801409361,-0.010758199683982592,0.16208833945565818,0.04934986833805054,-0.0345086778812014,-0.13068546082752214,-0.1324982051695234,-0.0243622095898213,-0.10378512553914113,0.29390328638863517,0.04879744774206039,-0.21627621788008752
0.3333854115249554,0.32863213300170435,0.5387748767119136,0.39216558305765364,0.7416214675151331,0.6232255331839629,0.2922178721117022,0.47859789115911894,0.335524095397394,0.35771589789202274,0.38742424773031653,0.388423374841946,0.3870585019693445,0.3731953595972178,0.3426743380358414,0.4009527571529221,0.4498002114736,0.4071819981938708,0.827921902482213,0.2710758534780074,0.3687673044867802,0.5877568052426074,0.2533120457798008,0.3266008394181361,0.4145162648626379,0.3875924376661593,0.3001384233475044,0.289801316803285,0.43857499566535163,0.30594895311198067,0.3880657647300372,0.39285420651486536,0.3363796345180341,0.39866558607156677,0.1386671216462859,0.5770250009192098,0.37276496452452745,0.38483143926312935,0.4560797570303816,0.13342646124937532,0.2636055077740944,0.3524073728664574,0.36828756895344245,0.17158139165083144,0.2557929667278644,0.3361633162136134,0.4238266109314571,0.07987089381316384,0.46982029218627985,0.19153240148354075,0.03470169807483009,0.16118014352108362,-0.25322634274752315,-0.1777704267467545,0.0431298339147491,-0.0929731287184023,0.22128739513100432,-0.002190122740839252,-0.16570648331144627
0.3046149304099109,0.5814986906419177,0.6853260106801286,0.36288254507799567,0.20775134437020085,0.47987945187657244,0.3137816435321539,0.533714910746906,0.3893678528708345,0.31955896702407693,0.45520168503013103,0.31418465859517736,0.4200974781282132,0.3902795842720934,0.3400743567852248,0.3861630383216796,0.5723193964237204,0.3838406918822005,0.2710758534780074,1.5317173865895939,0.34416798343053423,0.4380764511937693,0.24491841993504154,0.5126135799818697,0.5641942431721906,0.33931345737773194,0.4620437610209956,0.26358027699407627,0.6274675983924975,0.7657990276055724,0.5464803928196965,0.3844427908626553,0.32623764012004075,0.3552773082953745,0.3679639066394438,0.6480044499708268,1.0111522033260483,0.4671747568899951,0.531025348542298,0.5352389815812773,0.5984831419309216,0.3515849100389644,0.47706680113679717,0.09997879027929159,0.3220693057772374,0.6973775257364657,0.5740008238655175,0.3002231690800035,0.8110948244114098,-0.030287494236621918,-0.03819263150329217,-0.12796983018588215,0.20230583794513898,-0.12382612835692534,0.09339838910087177,-0.05222521703002036,0.288583815737805,-0.08941690272824548,-0.21143429194230198
0.32268602891997217,0.42953066698174874,0.6051664939764055,0.3553751168699221,0.30893217063082484,0.4105238885973528,0.321905070371377,0.40486447361095923,0.37543836217810045,0.2964667497716975,0.37144039611689067,0.2855737968735748,0.3733162185271965,0.3245216401719988,0.3233513580601071,0.3077848434020252,0.4380575860325879,0.4351119162234008,0.3687673044867802,0.34416798343053423,0.6916743763920682,0.45733400432652666,0.3781420137266867,0.3990446256539969,0.39304341742015825,0.26187128929319425,0.2820521081530145,0.3708915398558427,0.5085300935836596,0.5883226157360107,0.4783123273818895,0.3363469220662655,0.45799890980576685,0.3157522215181853,0.22214567282541225,0.8268173527197231,0.467562855170556,0.4807158022911535,0.4304423257433136,0.32399121268158393,0.35009719400737094,0.6460063128671409,0.46277569640304766,0.2022339945397949,0.4584676134646264,0.3679282499942051,0.6111179858287537,0.155690466807689,-0.20506787240676222,0.1377435406643807,0.011923398861139243,0.04862110564194921,-0.14321584542272323,-0.10466993789299786,0.0602047464120103,-0.06090273527089453,0.11076581295823754,-0.03408476319659982,-0.10049514383472465
0.3972401013320715,0.3379764086156307,0.6558117800404403,0.5014813294373714,0.567943813716623,0.6079221444924806,0.3938503777420802,0.5258039126705548,0.38622951704294245,0.43175556711765767,0.4026880377638128,0.4521705376330026,0.457648771670477,0.5270492485013092,0.3991843746305629,0.4941174315488055,0.7407349114683965,0.46020690733146774,0.5877568052426074,0.4380764511937693,0.45733400432652666,2.8290157560736695,0.36633611997858667,0.3293132720896955,0.6761240293175742,0.4766335553091066,0.4497693936549662,0.43869778734882725,0.4523425851462201,0.4229681270184893,0.4240733120324012,0.566774161772259,0.7835220840427289,0.5620833326985915,0.11285188568925131,0.6456411689393439,0.7924423543790318,0.8328669966355627,0.3179509240517548,0.1927913260231521,0.39842578751379665,0.48440273855423127,0.5473330271354029,0.4422896290396738,0.02458490601463531,0.5312179742905416,0.5649608187286028,-0.7044382261575282,2.685056910048269,0.02157190141947122,-0.11171085686388268,-0.09443020522162059,-0.198584510043237,-0.09631214813340208,0.2133372259787782,-0.06297442257313209,0.28965514455290725,-0.14546932746717786,-0.31354912541043334
0.16695223827265612,0.15403083074747137,0.4591281608747061,0.48158538360375347,0.34164173951640087,0.31151140583003,0.40660359275944336,0.40918014701306676,0.3453714497406991,0.39620743384828716,0.35303420312011635,0.31034722537409415,0.40005413754200203,0.281775007519818,0.4151169364899754,0.3184182361221955,0.33228052331995694,0.511191435617128,0.2533120457798008,0.24491841993504154,0.3781420137266867,0.36633611997858667,1.4657728995852806,0.9417732442151268,0.5938441779151603,-0.009120428061225025,0.20495671660563244,-0.11871471913430882,0.808667934704781,0.7361138134070883,0.3139175291060856,0.2044537295659299,0.12734071714418485,0.3645795489555594,-0.05293305955916314,1.3782824844725394,0.14097417414401942,0.3253006574302231,0.6278081029749409,0.41292071605655306,0.1863813598198245,0.3335722656201822,0.4125731586406456,0.4334540762929646,0.09601966949491841,0.5643798221540044,0.6421914904314571,0.19107636093793992,-0.7191955524501905,-0.09311605811588156,0.07833931771400943,-0.22880003824525036,0.2922072054417487,-0.08358246370529691,0.15104921631169577,-0.005404742548274347,0.2641961410147089,-0.21799114345455342,-0.1686338187592399
0.2023012085030405,0.243141515575206,0.586153813374807,0.509729912386286,0.3980019591202289,0.40021393373703107,0.4337136854442269,0.4653945067819631,0.47528105479247207,0.40702622034671077,0.437801328736475,0.33844402091903997,0.4632560688035072,0.4181535409213687,0.3101282263749164,0.3663207728664295,0.5233754625637047,0.4071822698069412,0.3266008394181361,0.5126135799818697,0.3990446256539969,0.3293132720896955,0.9417732442151268,2.400015674110777,0.3838584883143366,-0.459599337388269,0.3593958196238919,-0.01189121961878093,0.5407377597066207,1.1096351787782504,0.9298684812526113,0.34815075163321973,0.2132135024418276,-0.3458181495213348,-0.015320634903184053,1.1415507286661937,0.6987079658569947,0.5461593278426973,0.256100932293944,0.444112066390264,0.6015640764771741,0.35123886136645316,0.2879135592928643,0.26015220739569583,-0.07830177501189685,0.7179300657951876,0.8222803740407032,0.2503192913386778,-0.5130805111815558,0.054615757209038926,0.0021260278583081042,-0.1833472344736882,0.2901623941229992,-0.09961595572379987,0.06496578138493272,-0.015906215701939452,0.42021587031686436,-0.12275846233079644,-0.28852739356665946
0.3814032816893091,0.41239557145841177,0.6582306043420062,0.4458149122639414,0.340667485319763,0.5016255401826744,0.35704473360985983,0.5168792563426985,0.30542905387161623,0.4317084608938105,0.4088775968527908,0.4065635967173121,0.42642601313451156,0.38769202147158366,0.4772773473832025,0.4573851486589871,0.5556918807537791,0.502677081064124,0.4145162648626379,0.5641942431721906,0.39304341742015825,0.6761240293175742,0.5938441779151603,0.3838584883143366,1.5907849453550025,0.3874540558818248,0.3580887354451496,0.2420158642510272,0.7533708721497615,0.6097589307063886,0.37564521859501715,0.3589180510761276,0.2785229397968537,0.658716229628333,0.3792092716433091,0.872331912713451,0.4551672969749501,0.4254893613112779,0.5522701003510574,0.32990356404778104,0.21320810328701995,0.3812800267954015,0.5395549873643252,0.28129124048368415,0.4171704193097311,0.5234573698605711,0.6095208066983759,0.08476792584839196,0.3884345158230266,-0.35934568636816244,0.04000846636117544,0.05841322998583322,0.184883504593315,-0.10195613397549494,0.14428911515717327,-0.06606923156776698,0.32533221754541697,-0.12783125360991407,-0.25330991976253064
0.2840887221174715,0.4203369700267092,0.6243680583144301,0.3626146342134742,0.3105504267793884,0.6010460305094243,0.32122058296329187,0.5351454891423283,0.4945500029980717,0.29660903710038744,0.3382418873819889,0.3558281852706168,0.4142151047898453,0.3749842410520448,0.19304117241388385,0.41896625675230703,0.2469532339711068,0.43895087228463836,0.3875924376661593,0.33931345737773194,0.26187128929319425,0.4766335553091066,-0.009120428061225025,-0.459599337388269,0.3874540558818248,2.4507664216797216,0.26967475395276036,0.531055246934783,0.4883127150137963,-0.5718806958619781,0.11047746042718398,0.4032194967756212,0.05876283066028709,1.0686824100711032,0.6953040253353631,0.38533952198899796,-0.4371647439259066,0.10470060900766592,0.724625266160608,0.10992978576436076,-0.041067783503265745,0.30763454793787226,0.45129562478403257,0.25223080877375886,0.7599321272364704,0.027389409162402144,-0.0020307852845657085,0.02560741334568185,0.7459337550735932,0.26360338576762177,-0.3450953975165147,0.12828224953418096,-0.3684610517334733,0.03600742011577038,0.13412740416796412,-0.06392555405150323,0.26339321030744467,-0.07409941169505291,-0.2573739659105739
0.2803858411921365,0.31639409333300567,0.488232139158898,0.3421751047033309,0.2590449754408166,0.4000342362292214,0.2724432711633382,0.3923838912044566,0.30375244321885203,0.32380856197083463,0.35140303594045613,0.34504020412414527,0.36030735962954724,0.359667567664706,0.2536785993726497,0.38284630428672417,0.39935162526109724,0.31569133395589905,0.3001384233475044,0.4620437610209956,0.2820521081530145,0.4497693936549662,0.20495671660563244,0.3593958196238919,0.3580887354451496,0.26967475395276036,0.8375950425548182,0.31454264842208546,0.3707050993234822,0.3333765319622773,0.3918119279849957,0.4122508178828125,0.2752005525302706,0.3219314211359325,0.337553531314182,0.5709038181727125,0.5104640556062988,0.3598238048791032,0.23131234251035526,0.2910939731842496,0.3508440851444087,0.27299851535479486,0.26096584661914496,0.12844911250131064,0.12318190691119027,0.555666036455779,0.3942076639820651,0.1391138119629156,0.36007281216271014,0.01060129708547767,-0.09184635237578527,0.06532959325836954,-0.06093134307115834,0.0174878658556346,0.10313038668771453,-0.05548889465230882,0.2124329364919897,-0.094573414982061,-0.1635404657222378
0.15474043378219007,0.3817425314113841,0.3790959413050683,0.1681364463771717,0.08838427711697408,0.27490109034886223,0.12504928011871064,0.17059075716016875,0.24725285295013427,0.131760022890045,0.212127404517712,0.12509712579626142,0.19819595357664854,0.27440184456446626,0.26335388166043006,0.2949457134194389,0.30557193899895907,0.3103419464065365,0.289801316803285,0.26358027699407627,0.3708915398558427,0.43869778734882725,-0.11871471913430882,-0.01189121961878093,0.2420158642510272,0.531055246934783,0.31454264842208546,1.1587093501978403,0.24267517491515167,0.3649320552084656,0.3753543586771518,0.38460991928309785,0.7093951335733086,0.3359192959874173,0.599667940240256,0.7539239410238636,0.40999177175109736,0.4088389690556107,0.00066063603041597,0.191135586154089,0.2358267052400123,0.3537922425913896,0.5989265377706764,0.24918601758914077,0.5577568204126934,0.15215601846051316,0.325054611644823,0.14753490788604573,0.0028206730000777946,0.04240165447498532,-0.11551719405719688,0.7558039579988063,-0.8410554216097831,0.06412499851552536,-0.08796839905711161,-0.040594480664265076,-0.05758805559781787,0.08172896497330474,0.01868089088368888
0.3841933834113675,0.6016668666598586,0.9124529842447671,0.5053839065937997,0.3807686944381865,0.6260835823295597,0.4729319654353325,0.6470680698272792,0.46437143127938724,0.5020121851514237,0.530942246348224,0.4130970047529831,0.5845381311986231,0.42359846042525373,0.512945142282939,0.47105744464854804,0.5499455373745896,0.6476877377265714,0.43857499566535163,0.6274675983924975,0.5085300935836596,0.4523425851462201,0.808667934704781,0.5407377597066207,0.7533708721497615,0.4883127150137963,0.3707050993234822,0.24267517491515167,3.239214814383748,0.7108432795297396,0.22300997313902404,0.4556192250369744,-0.05433975288400091,0.9307767453911956,0.36273339044656827,1.4218187455738354,-0.38047085475293435,0.01720232100382546,1.0330532264982655,0.2484071959337801,0.029460472476607987,0.39369207022109787,0.469090715539241,-0.009347077650462117,0.6391225040338653,0.4275514979686017,0.8215621021557523,0.04538857426392123,0.04212946964650682,0.336556706417373,-0.30252452423347437,0.22712465375994464,-0.41070133797132347,-0.0635453076007959,0.11280290482891828,-0.056267334754230826,0.2673759274073597,-0.15435985229993826,-0.14998396243307133
0.5558753646558625,0.5026091254820525,0.6698614997932335,0.3431763513782262,0.22498394346355827,0.33645003065020823,0.341501121784372,0.46240242256410863,0.3598193024751228,0.37398984732384616,0.40989584434025167,0.2581753348606055,0.4119204432807991,0.4489888162742334,0.49559604530722856,0.38325158997887127,0.5148708853792019,0.45187210743484557,0.30594895311198067,0.7657990276055724,0.5883226157360107,0.4229681270184893,0.7361138134070883,1.1096351787782504,0.6097589307063886,-0.5718806958619781,0.3333765319622773,0.3649320552084656,0.7108432795297396,3.5092403188095105,0.6434371465077857,0.426454676064046,0.6443402394603078,-0.5774701664569046,0.4696873857864855,1.2322977841781235,1.0201435642717631,0.6798971995875176,0.4718137494361577,0.8983770454791487,1.1867786705376766,0.6142375203717669,1.0231841731893077,0.41920961053558253,0.01604545837222279,0.7150074907618805,1.6808772717830724,0.3896383226608309,-0.17577659144423938,-0.29266758457885295,0.2347950474908567,-0.3046026654234683,0.3717994136853285,-0.07873079511871008,-0.14310975079286078,-0.08552337014317353,0.24088826030893315,0.3322399823342125,-0.33170367787680183
0.3937489565598462,0.40661573117455746,0.6176683532048439,0.3809463595193015,0.3571004133153257,0.45227815288021556,0.34335529549518634,0.46318660061757544,0.36961796582084205,0.32932670600366953,0.4348515269239669,0.30083206594605716,0.398006028732836,0.38474972856153833,0.31712068520769415,0.376269447239701,0.5171193616831002,0.5374687352888613,0.3880657647300372,0.5464803928196965,0.4783123273818895,0.4240733120324012,0.3139175291060856,0.9298684812526113,0.37564521859501715,0.11047746042718398,0.3918119279849957,0.3753543586771518,0.22300997313902404,0.6434371465077857,1.512335520618921,0.3938814044992913,0.37076038176343146,0.024465786586804025,0.2703879171010725,0.9254490513739221,0.9879781144283373,0.6211209995808954,0.348335101255402,0.22581215059933746,0.5648296147056439,0.4555493290659651,0.3790417812284555,0.15969056262464695,0.33129720408669033,0.547129741875586,0.7245035950048773,0.2626194021019297,0.11765145752818654,0.3038593956526955,-0.09622701842542213,0.0825992238432666,-0.11511492893010448,-0.18027568139391084,0.0445512608145005,-0.09578664154917572,0.4329006901195796,-0.056013429662177545,-0.28121512888096245
0.3604313437983315,0.2905005470465194,0.4841394671919709,0.4248945132999584,0.32730705090203704,0.48231953327532495,0.23617363026690055,0.40690677561661276,0.35981013750526697,0.3235087454804565,0.3309751338531771,0.3555084037021841,0.3240475372070998,0.711675729178096,0.30827867472518755,0.46005920668300926,0.3726825029898918,0.3175421428562028,0.39285420651486536,0.3844427908626553,0.3363469220662655,0.566774161772259,0.2044537295659299,0.34815075163321973,0.3589180510761276,0.4032194967756212,0.4122508178828125,0.38460991928309785,0.4556192250369744,0.426454676064046,0.3938814044992913,1.0242951407812237,0.20680958387714046,0.26860512440667,0.32531367619078044,0.5447699859086609,0.447100206144972,0.4476978944961521,0.2069345925738575,0.2562896100270797,0.4267933258964238,0.31162439037502915,0.3335497661754593,0.1595365934312833,0.2223818567394057,0.3797207619565035,0.49934904913973954,0.12263317705695088,0.8279611076557154,0.11525188940560532,-0.11138415836026422,0.2573752112984745,-0.4484886296505832,0.10550011459686309,0.04231569807640357,-0.03659185963330765,0.20122564221437492,0.01727146971765583,-0.27503358708065645
0.2041475822981882,0.3711270645140968,0.3071795217234662,0.27028232564643184,0.3358709138676992,0.24261953040039544,0.1981305322133766,0.17755569512824923,0.24523321095298656,0.11510375643584396,0.22723892659592743,0.16471548928188348,0.23107111905701425,0.20569218206218798,0.25827422927326604,0.1750723338928474,0.4171861883501549,0.2735830680540337,0.3363796345180341,0.32623764012004075,0.45799890980576685,0.7835220840427289,0.12734071714418485,0.2132135024418276,0.2785229397968537,0.05876283066028709,0.2752005525302706,0.7093951335733086,-0.05433975288400091,0.6443402394603078,0.37076038176343146,0.20680958387714046,2.232498658145307,-0.030707509342575642,-0.5258590764074599,0.7979476367339622,0.9775225274532654,0.6999684325079184,-0.34692940133067895,0.10210970814136577,0.31061428551297504,0.44708513761145263,0.6773585182472808,0.23834976314152317,0.006019947716748719,0.5213285650893259,0.46038267720280585,0.18900165891202192,-0.3804246011748442,0.03842872051195906,0.01676820585711136,0.1356281813688077,-0.1117427092210656,-0.14804458345774488,-0.16597773887556302,-0.112789028746517,-0.1396264976183049,0.19439112111414134,0.18884011017326127
-0.2366185639133832,0.5039189423053194,0.7550148346530122,0.4841449586025431,0.24503034097340898,0.5859172776991095,0.40096795091254533,0.5441673254238836,0.44818698707867366,0.44019842998067554,0.3631147378946105,0.3814163362549061,0.4501079239267485,0.23465979065926504,0.36691346708010997,0.36673281665795626,0.3940316834520799,0.4786752855056958,0.39866558607156677,0.3552773082953745,0.3157522215181853,0.5620833326985915,0.3645795489555594,-0.3458181495213348,0.658716229628333,1.0686824100711032,0.3219314211359325,0.3359192959874173,0.9307767453911956,-0.5774701664569046,0.024465786586804025,0.26860512440667,-0.030707509342575642,3.432296717737231,0.7514547041055277,0.5011264800051318,0.12733054650202963,-0.043592111778762176,1.101551074787953,-0.3938350724057214,0.2697194267619581,0.3093014429808367,0.82478460228174,0.40639235024319836,0.8515609714819604,0.14392097702314688,0.15192483367359141,0.06663005479227237,1.2387717224921655,-0.08513895233460463,-0.11747697873145936,0.31330321117275844,-0.15266668109455875,-0.17147855885417895,0.05780560882604913,0.07086872225107335,-0.23376429766075146,-0.11179847665147705,0.20138093623335165
