0.538200107753363,0.15881001788234392,0.32584102112557806,0.030767533358785487,-0.0023874028513394285,0.09321193951600582,0.12583378205956744,0.03906355779486185,0.13702040685201966,0.12679463219782358,0.06747218316278841,0.08241722249515605,0.04676471085319138,0.09701291098049321,0.1267666054089272,0.08551788351211527,0.08521909203519008,0.06801239529735927,0.08981228649131912,0.06518894649744182,0.08966278813471153,0.1186769812969143,0.06465163905251604,0.08381495312613028,0.099931405573267,0.09373839925148329,0.0641097028150955,0.08381300230422624,0.16795546619292254,-0.013752941351430193,0.06970507781517747,0.09473662582084554,0.06660266575160041,-0.017603298947778505,0.10279149784431392,0.09232010915710452,0.10711762774727808,0.04734391185866307,-0.0032251868437786274,-0.1104504914418483,0.059437440543553474,0.07867360846034142,0.0669129925348341,0.015328569211879771,0.04361309243956333,0.057045088589528135,0.027285747741722086,-0.031324052370525525,0.09004984201056317
0.15881001788234392,1.8817726657725604,0.7283746868914223,-0.07243771663453415,-0.050134517479719275,0.46040833594607394,0.0793313227944464,0.2903429470253575,0.320371297814008,0.29591376126311203,0.18288616403317723,0.1666486131542033,0.11612583361541967,0.15590557096120025,0.252904645158775,0.14486591444926453,0.20808977597852846,0.20975570194508206,0.09563216700834005,0.4036701717616101,0.28216841782230545,0.2263725523822644,0.17462186148482214,0.1643166392799002,0.21484150302103303,0.28615943192037674,0.25253052205837623,0.2332513465151998,0.36260970891609584,-0.03132418837100518,0.11810091367744863,0.1749651656190798,0.15932632173849035,0.21129785683580773,0.34698079067332105,0.15871791384656678,0.4682042060102659,0.18771727923625656,0.05468728577763285,-0.24052083914715147,0.15002322115735234,0.21569757455879937,0.33099417662958375,0.08538430461737105,0.292373377553198,0.0722144416024151,0.26868554298745345,0.02821275973535835,0.37510257160119465
0.32584102112557806,0.7283746868914223,1.9519912147483678,0.057241686719900035,-0.4269352360320615,0.5690125202164581,0.2121691204929733,0.4827602376844806,0.7196799587650697,0.49739858210917964,0.3037191897924265,0.2647274623536038,0.1745657800848169,0.32955589984054945,0.5354247457407938,0.28642661835705996,0.4135285174590208,0.19470184685317718,0.5645288317714503,0.4550607314829327,0.36244809209711787,0.5237029792577522,0.2868671129725438,0.30199483062285715,0.38452562586941214,0.49882574294708204,0.3900289251301393,0.4001287699460198,0.8007028165299346,-0.10902277953031848,0.042253606091090246,0.33176628848663803,0.3062072360488357,0.24983885440140946,0.7654655683904033,0.37895407673814785,0.8814828276709022,0.24410330098162514,-0.04184177099150176,-0.7952726485980348,0.2842836837083482,0.3527224665453372,0.46612997632569253,0.09267236942188828,0.32710050895057374,0.2037903569508636,0.24549498164428118,-0.0598090976343023,0.8436711843529425
0.030767533358785487,-0.07243771663453415,0.057241686719900035,1.4544504180371878,0.8871223319786982,0.5088227886826707,0.43485819051655666,0.3630940163136259,0.3067909911694191,0.3613553371749385,0.39579355020718376,0.4069025136737449,0.26139045954416046,0.3802549397168744,0.32110326642232795,0.35261047990924677,0.35085985722260643,0.4215078738814712,0.24146522073515167,0.25630671251935083,0.2929766087064739,0.3276387575831356,0.2356605480784573,0.2633950565308823,0.3260175555539066,0.44119869234723025,0.26884288831722924,0.35463288114664304,0.2660640946706425,-0.028881824979906597,0.3605870509346062,0.39076989967531883,0.16651174794953993,0.4820046467794474,0.10995390521858843,0.20108643310203017,0.08793552457115636,0.1588636292549186,0.2554484568083934,0.060723212052205426,0.1970759271511541,0.3005908563444073,0.22516005260829763,0.16248823609999785,-0.05482513607875496,-0.04216326698963658,0.3042884595600812,0.08919078348776321,0.6888371012286592
-0.0023874028513394285,-0.050134517479719275,-0.4269352360320615,0.8871223319786982,2.22127976314869,0.5504856533449666,0.3876357948171454,0.41089142264649275,0.30718014469375005,0.48431173924572357,0.47369657617676453,0.48947270129805776,0.35494748127783343,0.43729986460399634,0.40610387539285286,0.41833920349142395,0.3801388876614828,0.5951975565863165,0.34263737291978236,0.2588123560923747,0.3333774371257528,0.32761159755565605,0.20281186917574462,0.27311278446977394,0.36938867092662664,0.5481439567782246,0.19447736330898963,0.364010460811099,0.1780170663832372,-0.10289694656906026,0.5536109433611096,0.4565416568702758,0.10918773394736855,0.7599420191784643,-0.06768246702332224,0.17596413451895696,-0.08774536820830496,0.14590837768142662,0.34995016085129343,0.2565176623957052,0.22571613638569216,0.35583223295081035,0.11790733866735016,0.12740433405811988,-0.2846421926033724,-0.10542329951270006,0.3758842601410493,0.15387166019927748,0.8728936472731497
0.09321193951600582,0.46040833594607394,0.5690125202164581,0.5088227886826707,0.5504856533449666,1.2118573725156905,0.10678647989445017,0.5211063518381267,0.5781912107820532,0.47453048465420894,0.47929996700349153,0.5011778877327288,0.29143554483119355,0.4917376393043733,0.49942812536236786,0.4249947263040482,0.46284079047149684,0.43546330195931365,0.8058446622160282,0.5264761811033125,0.4204103123655371,0.4993480353527263,0.29922064172441265,0.398694442383225,0.4915297914981327,0.6186192244707024,0.4273522751830124,0.49037526952628935,0.67943809953897,-0.17551924414425973,0.4007414454306774,0.48785415372477,0.15953048863584174,0.4470611242142823,0.17343156198020046,0.27927870664963605,0.34623825616830123,0.27527596685836714,0.19483685877401513,-0.023918434170316322,0.19570692383382676,0.3913984832230213,0.39680586103584986,0.16321848860731178,0.22970198927227445,0.038211127446292896,0.5249959243680508,0.0429572465093355,0.8225830804778005
0.12583378205956744,0.0793313227944464,0.2121691204929733,0.43485819051655666,0.3876357948171454,0.10678647989445017,0.9004798903764369,0.22893820423168557,0.3071272570062846,0.31934828814083444,0.2949749704664918,0.3004892718890223,0.19569406150135785,0.21418747693472537,0.2175205611485505,0.24400399984144058,0.31085150630034886,0.26311109096561236,-0.014049724065686432,0.10631772886773262,0.26423158673367064,0.28049780408237485,0.17635675398029116,0.20380614702556818,0.2380800898357952,0.3369298981891805,0.22969551782733677,0.32427281645519146,0.15577694396597183,0.12216431160450153,0.2234815132553613,0.26489506395947704,0.22748845454996097,0.3657185553174742,0.11072299519440239,0.2400285355240064,0.05476542423106925,0.09669137540583939,0.21636511145700332,-0.10684242486075761,0.1718841001877088,0.2530948949174495,0.14096066102951485,0.08209054727711343,-0.14538866173399395,0.02208099453549626,0.038862453919955464,0.027646018971149638,0.4696865518220289
0.03906355779486185,0.2903429470253575,0.4827602376844806,0.3630940163136259,0.41089142264649275,0.5211063518381267,0.22893820423168557,0.7806616508359253,0.37311657621013955,0.36226273649446455,0.3873581682047265,0.312280015917945,0.2283033731301024,0.36056421672960387,0.3658316990498504,0.3109112184854496,0.35656312641641247,0.35252340661030346,0.4964841803452419,0.3845665725228844,0.29710848881256435,0.34867620268824084,0.16783198900041,0.22427070034706129,0.36440035615387234,0.5170427063886475,0.38895025409559425,0.292600980474036,0.42312042457868476,0.02957373783090055,0.2710307174041768,0.3630156702937602,0.2672475802475768,0.3978322652329957,0.3271094502878409,0.22098478567898353,0.4173086576320031,0.20996770138904006,0.20607610232884616,-0.13232170448568858,0.23406137771860297,0.3196945322062231,0.35488213396011675,0.11131445795324006,0.129133806751339,0.014495414242336793,0.3933660817627591,0.08643653459065197,0.8009519961638965
0.13702040685201966,0.320371297814008,0.7196799587650697,0.3067909911694191,0.30718014469375005,0.5781912107820532,0.3071272570062846,0.37311657621013955,0.9455173411652368,0.4510640815762942,0.37435104945418773,0.3568912589603512,0.2393446573473986,0.45191470769005143,0.4444681111150557,0.3770058813751559,0.4668862711150049,0.4170559135826463,0.5476348510750242,0.32665459029673477,0.3825127389695294,0.6321894363622312,0.24970743527633305,0.31449142460463475,0.33687589048846006,0.5464176925574988,0.396078153271508,0.5272185377848702,0.4778664569573301,-0.0015967951001984843,0.3129815233348676,0.45050448974798446,0.33704170842538606,0.2972106185059361,0.2801089903509055,0.31889036203709015,0.3944392964260924,0.2171185122440222,0.15535055780521884,-0.2269943038818733,0.25596318409431384,0.36829287465543775,0.32079426448994924,0.10111988342829333,0.039607934552777176,0.07593829404111742,0.3393416743938402,-0.019055340407352392,0.9233223286923568
0.12679463219782358,0.29591376126311203,0.49739858210917964,0.3613553371749385,0.48431173924572357,0.47453048465420894,0.31934828814083444,0.36226273649446455,0.4510640815762942,1.1416747218961403,0.39293466569187646,0.3978487692916557,0.2179814535657283,0.3404106480773108,0.5428990249532075,0.32689455609607443,0.4303824626366676,0.4561851071698345,0.5404785818382335,0.23225081410937232,0.2836252650049581,0.3766244495748874,0.23439051971346353,0.2693445537088793,0.36772058005979125,0.47643877237536264,0.3792947319921197,0.4858236959739421,0.4454071057991083,0.13968098280463093,0.31645527285264075,0.35122781442801354,0.35701506650578774,0.5678465191490369,0.35232385342683276,0.2771579699408788,0.4680069258140476,0.15689938227880457,0.20775371641473606,-0.2887438272871836,0.2525999685472871,0.31569026751693113,0.30020961521958844,0.09589108292474867,-0.07424896258048776,-0.015514679677050525,0.3871376476912053,0.11464563773021683,1.095164770748883
0.06747218316278841,0.18288616403317723,0.3037191897924265,0.39579355020718376,0.47369657617676453,0.47929996700349153,0.2949749704664918,0.3873581682047265,0.37435104945418773,0.39293466569187646,0.585302723377324,0.44260580935443417,0.29541851626316296,0.34822273952249544,0.4559302352035005,0.36022050519182963,0.40852118647995955,0.3571557103736936,0.4274808247071844,0.3476806355647998,0.34846454182467984,0.36678941903657286,0.17181710817315834,0.2716117579100976,0.35105836392816986,0.4521370358949446,0.39061650613615423,0.42839119760456373,0.394127736433907,0.07123637542390936,0.3395503282887756,0.35866239460904603,0.2696307615362467,0.4226480807699736,0.3634947470906082,0.2187359306867397,0.2995592408772485,0.18886881103818087,0.2492089568216742,-0.08737822185428841,0.2732579764859409,0.3459335395484136,0.291683449731942,0.09966349658522314,-0.012474036903689945,-0.010896367780614135,0.33468127030797185,0.10676325419672551,0.9262620792440955
0.08241722249515605,0.1666486131542033,0.2647274623536038,0.4069025136737449,0.48947270129805776,0.5011778877327288,0.3004892718890223,0.312280015917945,0.3568912589603512,0.3978487692916557,0.44260580935443417,0.7395951954633064,0.25608190488782573,0.39421403256669835,0.4217930937690764,0.4113129484182848,0.3710906267886398,0.3977129512027058,0.48448998909998253,0.2789883462555056,0.3466163986166866,0.3811179835319685,0.25163270222403505,0.25739556500481264,0.39807657937369695,0.4514553290079991,0.3803638988626462,0.31686807647560594,0.4508379078847608,0.030774278907867943,0.27431901220251603,0.4014861228487463,0.22398907066043974,0.37812897031607984,0.21978034058129123,0.3733212980882124,0.16050512052499308,0.17644837056315696,0.22230351511073942,0.015161518510121024,0.24914659257775185,0.3380596745251869,0.2810974920953182,0.09403560523823108,0.025068887131954782,0.05400202959936548,0.30093745182283727,0.030875834354280027,0.6091236428173514
0.04676471085319138,0.11612583361541967,0.1745657800848169,0.26139045954416046,0.35494748127783343,0.29143554483119355,0.19569406150135785,0.2283033731301024,0.2393446573473986,0.2179814535657283,0.29541851626316296,0.25608190488782573,0.46210398801399755,0.22616140110703956,0.22372822131326361,0.2694932000991486,0.2595761479340111,0.24410346966493152,0.2511230361169569,0.23102651218200318,0.21940119482865575,0.2638986999224446,0.1982970491021577,0.17944096855101854,0.2334410293590876,0.21388395425125736,0.21342113295313453,0.2673543869741683,0.3367599977906243,0.11990655028156265,0.1566971102822792,0.2359579417502838,0.16999045050460124,0.3180245398006051,0.3668452063192614,0.13387235586775892,0.25099989230164865,0.11336487538632126,0.20763581591664965,-0.05814245780548877,0.20111515919626952,0.22344310440033419,0.23559519898604375,0.08519709416528126,-0.0021800742732045273,0.06004784937266165,0.2501267621614954,0.0424343597623642,0.5429503113930175
0.09701291098049321,0.15590557096120025,0.32955589984054945,0.3802549397168744,0.43729986460399634,0.4917376393043733,0.21418747693472537,0.36056421672960387,0.45191470769005143,0.3404106480773108,0.34822273952249544,0.39421403256669835,0.22616140110703956,0.6985432723565995,0.46971257374940273,0.495823859328213,0.4145650938413034,0.30153429816693034,0.5704391822923681,0.348040990793918,0.38003149055538066,0.48471672555863055,0.23259700446775444,0.3053174844138509,0.36873067389818215,0.5435052447236705,0.27799803526376476,0.4519385915723691,0.4323362169868881,0.09637354584272984,0.24857520091339735,0.6058331213227879,0.25353501964460146,0.3253536007257061,0.299615634621466,0.28210733590222703,0.36464222736582813,0.21849413699024808,0.12359404667353209,-0.07003158318237754,0.32632064462479826,0.38422977759578436,0.29564782806475565,0.08839018151806173,0.046289362895722545,0.029104026311315645,0.3851615810528502,0.04608088924326717,0.857629794545566
0.1267666054089272,0.252904645158775,0.5354247457407938,0.32110326642232795,0.40610387539285286,0.49942812536236786,0.2175205611485505,0.3658316990498504,0.4444681111150557,0.5428990249532075,0.4559302352035005,0.4217930937690764,0.22372822131326361,0.46971257374940273,1.1425058160538384,0.4163328034854301,0.46520695631959585,0.24393806689914527,0.6436658114156044,0.4316234222397103,0.4020570890428194,0.44233136187516786,0.0019463306604553046,0.3055455856802505,0.40780727958186347,0.6106914213861885,0.40530198604138656,0.5512179160076894,0.5358293775092962,0.2228937005532677,0.339002151098589,0.44018771498036097,0.374370769750216,0.42407334231693555,0.4517206099600593,0.26479956437296376,0.5882552584110116,0.24421383454215867,0.13816329840621372,-0.3002102707160482,0.3859299882612159,0.42282180658117025,0.29863444613133594,0.07693172077271623,-0.0607543304970956,-0.046158091060790996,0.38719885958944883,0.15678619201355026,1.4205366798444325
0.08551788351211527,0.14486591444926453,0.28642661835705996,0.35261047990924677,0.41833920349142395,0.4249947263040482,0.24400399984144058,0.3109112184854496,0.3770058813751559,0.32689455609607443,0.36022050519182963,0.4113129484182848,0.2694932000991486,0.495823859328213,0.4163328034854301,0.6156368396974939,0.3983177031225172,0.31017951318207626,0.48918364500412936,0.3050250185648074,0.3367412831107097,0.4829076230250896,0.22810420153622082,0.2784752888472849,0.34547901457655616,0.38268241815006215,0.302011885144073,0.4042761505579929,0.4550331202314101,0.08838379425300458,0.24169376332291984,0.45857367038589514,0.20624663233052176,0.3184899483947005,0.41514635763151697,0.2828921351203261,0.32706498389981387,0.19050112703556626,0.19630904783222983,-0.015139002820351998,0.33789945767461865,0.3660368395534281,0.3052070993375885,0.09952464834807168,0.05864407291391851,0.04175094719498663,0.3334968246544295,0.03252177123480006,0.8240070262607527
0.08521909203519008,0.20808977597852846,0.4135285174590208,0.35085985722260643,0.3801388876614828,0.46284079047149684,0.31085150630034886,0.35656312641641247,0.4668862711150049,0.4303824626366676,0.40852118647995955,0.3710906267886398,0.2595761479340111,0.4145650938413034,0.46520695631959585,0.3983177031225172,0.7076251462048637,0.3085240077465391,0.4843109675725467,0.39318808949271583,0.4081186933713487,0.4636548939543659,0.11195629211079672,0.2849853048801526,0.3822373160500886,0.44288073695151886,0.45889635631167863,0.7988891126305424,0.303313091727949,0.0565608913122939,0.35639963135974695,0.3998091238418738,0.3472462951881416,0.4107396874723233,0.4031326167965564,0.2479152996920799,0.41755424273293024,0.2301918921694016,0.22643051451573667,-0.14260831191705864,0.37035185205572696,0.41667883213774876,0.32206620860760204,0.10697116461879703,-0.004953124182216331,-0.038189838416270896,0.3531601283734465,0.12656511982289714,1.0929344029504435
0.06801239529735927,0.20975570194508206,0.19470184685317718,0.4215078738814712,0.5951975565863165,0.43546330195931365,0.26311109096561236,0.35252340661030346,0.4170559135826463,0.4561851071698345,0.3571557103736936,0.3977129512027058,0.24410346966493152,0.30153429816693034,0.24393806689914527,0.31017951318207626,0.3085240077465391,1.4090268490441613,0.3655962478960695,-0.043768145542389364,0.25322441443296845,0.3893280697437807,0.3453797875460606,0.18727877606352034,0.3470835622463728,0.2338448560907007,0.3220999689386007,0.4750231845343597,0.3363903687248893,-0.15658680428031654,0.7913865938091799,0.2821283366845357,0.3222464830003714,0.4422534494884557,0.14900230891263394,0.27010995085890027,0.09610404807430371,0.0684128487595135,0.33213656770623784,0.09634187738435558,0.14464455975344376,0.15999006984329062,0.3779790027351149,0.05909504801843267,0.18369567396561576,0.0653411994096146,0.5342661545102907,-0.02512041854207363,0.20112051211346932
0.08981228649131912,0.09563216700834005,0.5645288317714503,0.24146522073515167,0.34263737291978236,0.8058446622160282,-0.014049724065686432,0.4964841803452419,0.5476348510750242,0.5404785818382335,0.4274808247071844,0.48448998909998253,0.2511230361169569,0.5704391822923681,0.6436658114156044,0.48918364500412936,0.4843109675725467,0.3655962478960695,1.9632010848603014,0.23534071267523388,0.4983559376796237,0.5514337520168894,-0.05887679749193651,0.3031526556711548,0.5415486125001442,0.6105493672336811,0.44149707811297223,0.5183120603358586,0.7521871218602839,0.0767734460838253,0.43968709535787115,0.5026837764812444,0.304770501403559,0.23056538621472844,0.2892625474455484,0.4050760205744737,0.35944797412536317,0.1958213649266693,0.11971379417457513,-0.17094951666791938,0.32169725008045474,0.41516849588868937,0.26410996961742134,0.04689193525111052,0.03941706208010233,-0.016132191922958426,0.27533718746526675,0.04641958725760029,1.1686837406104102
0.06518894649744182,0.4036701717616101,0.4550607314829327,0.25630671251935083,0.2588123560923747,0.5264761811033125,0.10631772886773262,0.3845665725228844,0.32665459029673477,0.23225081410937232,0.3476806355647998,0.2789883462555056,0.23102651218200318,0.348040990793918,0.4316234222397103,0.3050250185648074,0.39318808949271583,-0.043768145542389364,0.23534071267523388,1.1623745059725714,0.21475030995902436,0.31971852701891684,0.32503031242203706,0.321455447695105,0.2831512023496531,0.4031512074697602,0.47978602758636363,0.4240971607983428,0.2987543140115538,0.3431283806461234,0.08446972197623129,0.3255297164646969,0.3158111629161447,0.32604424352279954,0.3594935622431312,0.23665919560617785,0.772696415066739,0.4583958287343505,0.16349869970668673,-0.1276423802812944,0.2666315253379583,0.38973579649512813,0.5841948866798712,0.1855920009251567,0.45966376361324734,0.06853208841778484,0.27073943211305224,0.1274278532079231,0.6172194360344214
0.08966278813471153,0.28216841782230545,0.36244809209711787,0.2929766087064739,0.3333774371257528,0.4204103123655371,0.26423158673367064,0.29710848881256435,0.3825127389695294,0.2836252650049581,0.34846454182467984,0.3466163986166866,0.21940119482865575,0.38003149055538066,0.4020570890428194,0.3367412831107097,0.4081186933713487,0.25322441443296845,0.4983559376796237,0.21475030995902436,0.8438839382419802,0.3621559421525816,0.3733849391744828,0.23005369126552877,0.35600161001971853,0.5721784125511191,0.3094530489476759,0.4611031679266467,0.46188313824922306,0.16367398742485323,0.04167373547117228,0.3888731189195108,0.30755561015601757,0.404584436944273,0.6485015466651995,0.20846911483834077,0.512664788720667,0.15866858232320047,0.10932511048538114,-0.2283586856299787,0.4422247796188434,0.4668596582352217,0.3009933809138934,0.09471088514015527,-0.03147637081656965,-0.05660278862202623,0.404494208604828,0.18524783293176153,1.256863324806344
0.1186769812969143,0.2263725523822644,0.5237029792577522,0.3276387575831356,0.32761159755565605,0.4993480353527263,0.28049780408237485,0.34867620268824084,0.6321894363622312,0.3766244495748874,0.36678941903657286,0.3811179835319685,0.2638986999224446,0.48471672555863055,0.44233136187516786,0.4829076230250896,0.4636548939543659,0.3893280697437807,0.5514337520168894,0.31971852701891684,0.3621559421525816,0.8958077855138149,0.30525966919225467,0.28429588103899617,0.3527023363929645,0.44116014100276557,0.4423198778183825,0.49190085174746234,0.4883730724451859,0.041615519901010714,0.22293590948533534,0.4714251923313451,0.317736636170538,0.30696864399336005,0.34331074746260803,0.3744673189580286,0.3522518684398144,0.21866991037660716,0.16405079065456749,-0.13200120961092954,0.32964565869360885,0.3790291818113994,0.32195293210758646,0.1081759547643326,-0.04552037211005342,0.11484579929379114,0.3470441917389046,-0.1080120896242798,1.0702221410863013
0.06465163905251604,0.17462186148482214,0.2868671129725438,0.2356605480784573,0.20281186917574462,0.29922064172441265,0.17635675398029116,0.16783198900041,0.24970743527633305,0.23439051971346353,0.17181710817315834,0.25163270222403505,0.1982970491021577,0.23259700446775444,0.0019463306604553046,0.22810420153622082,0.11195629211079672,0.3453797875460606,-0.05887679749193651,0.32503031242203706,0.3733849391744828,0.30525966919225467,3.3689972865188644,0.7129088022062378,0.3776004686209114,0.07197885992196619,0.21316546237421188,0.08666107408965493,0.9011868440610559,0.6779281897384336,-1.393037828311546,0.1849549592246182,0.46950988298660984,0.8274141537769334,0.9514353458092322,0.13850068817592742,1.0464933617301821,0.020365334449688893,0.10834008001729727,-0.5160726932241756,0.2398160796872449,0.2488886468141431,0.6253842629434141,0.17471990703663268,-0.24631953469817422,0.42263630358438176,0.6924887374331373,0.033778745651223026,0.9119394441702926
0.08381495312613028,0.1643166392799002,0.30199483062285715,0.2633950565308823,0.27311278446977394,0.398694442383225,0.20380614702556818,0.22427070034706129,0.31449142460463475,0.2693445537088793,0.2716117579100976,0.25739556500481264,0.17944096855101854,0.3053174844138509,0.3055455856802505,0.2784752888472849,0.2849853048801526,0.18727877606352034,0.3031526556711548,0.321455447695105,0.23005369126552877,0.28429588103899617,0.7129088022062378,1.3910832678835503,0.42652154204297504,0.17179077340254523,0.19621505691452668,0.3850829609387392,0.29777189155424866,0.07031637534799125,0.6726011744668853,0.28417148059493047,0.21762152277611438,0.1614218829085384,-0.08333716977606093,0.21789415180300836,-0.03563414869197814,0.1475623607778409,0.18141844569574817,-0.0011601423890327542,0.1273969096353685,0.22894995697364942,0.13104489448226048,0.08927159353585083,-0.07390786299574462,0.045853538034085595,0.25774223591979634,0.034790309268323626,0.5990588395377501
0.099931405573267,0.21484150302103303,0.38452562586941214,0.3260175555539066,0.36938867092662664,0.4915297914981327,0.2380800898357952,0.36440035615387234,0.33687589048846006,0.36772058005979125,0.35105836392816986,0.39807657937369695,0.2334410293590876,0.36873067389818215,0.40780727958186347,0.34547901457655616,0.3822373160500886,0.3470835622463728,0.5415486125001442,0.2831512023496531,0.35600161001971853,0.3527023363929645,0.3776004686209114,0.42652154204297504,1.3936988306072369,0.3667155069699728,0.497828468067189,0.3605660313254371,0.7835048929267934,0.13697227185603422,0.37191787697836987,0.3569738476214101,0.31171759680099215,0.4833409861332445,0.47713991263686634,0.334611914787718,0.46923827706533744,0.16581669985747075,0.2531192492424927,-0.15351840927728413,0.3651469940588873,0.3312987070184146,0.37508049718858727,0.09091345004494937,0.08614267870350971,0.10985418979764733,0.39775100035783645,0.024119336683372943,0.5827466138212768
0.09373839925148329,0.28615943192037674,0.49882574294708204,0.44119869234723025,0.5481439567782246,0.6186192244707024,0.3369298981891805,0.5170427063886475,0.5464176925574988,0.47643877237536264,0.4521370358949446,0.4514553290079991,0.21388395425125736,0.5435052447236705,0.6106914213861885,0.38268241815006215,0.44288073695151886,0.2338448560907007,0.6105493672336811,0.4031512074697602,0.5721784125511191,0.44116014100276557,0.07197885992196619,0.17179077340254523,0.3667155069699728,2.1136987480012666,0.1773013812985545,0.46788601231551,0.41247813592883986,0.1509314109529914,0.12110840099788289,0.5878613801115623,0.48041318018611257,0.4695706212129758,0.2620063959631849,0.2612346051755844,0.7969526030785153,0.2576151274015374,-0.38439406163206136,-0.46260759371317306,0.38568675866984203,0.5537960261632416,0.29224491211717135,0.020825630601369303,-0.17987400968594616,-0.2285641251325949,0.4084067662170343,0.326533808573532,2.3287349532897528
0.0641097028150955,0.25253052205837623,0.3900289251301393,0.26884288831722924,0.19447736330898963,0.4273522751830124,0.22969551782733677,0.38895025409559425,0.396078153271508,0.3792947319921197,0.39061650613615423,0.3803638988626462,0.21342113295313453,0.27799803526376476,0.40530198604138656,0.302011885144073,0.45889635631167863,0.3220999689386007,0.44149707811297223,0.47978602758636363,0.3094530489476759,0.4423198778183825,0.21316546237421188,0.19621505691452668,0.497828468067189,0.1773013812985545,2.3509055949130655,0.7216851809840347,0.2625997199309775,0.22833997283205737,0.27219472336865336,0.2808334364362848,0.9702245780310192,0.32955367507148425,1.1995209490774783,0.4026460930965278,0.961821918569034,0.22260520365607772,0.24894827665378055,-0.4404603489377522,0.47769797021296434,0.3871101858553596,0.7213606611812609,0.23177208364581886,-0.26658412985945223,-0.29524181096240304,0.35759795785108756,0.458412120879186,2.9382069052850968
0.08381300230422624,0.2332513465151998,0.4001287699460198,0.35463288114664304,0.364010460811099,0.49037526952628935,0.32427281645519146,0.292600980474036,0.5272185377848702,0.4858236959739421,0.42839119760456373,0.31686807647560594,0.2673543869741683,0.4519385915723691,0.5512179160076894,0.4042761505579929,0.7988891126305424,0.4750231845343597,0.5183120603358586,0.4240971607983428,0.4611031679266467,0.49190085174746234,0.08666107408965493,0.3850829609387392,0.3605660313254371,0.46788601231551,0.7216851809840347,2.079614301873591,-0.015751464604177458,0.07374140927920325,0.5749260186096508,0.42366082802109006,0.6510911432057495,0.5327168325451863,0.3660638568897708,0.18576478424134293,0.38725490115900457,0.2500141375096237,0.28023976402125944,-0.2611377996479289,0.5163819555946195,0.35979710894020883,0.24901219998679644,0.10426994189238346,-0.42903881415741824,-0.15067944956546922,0.38034966316724217,0.2742060699181932,1.7529747694482174
0.16795546619292254,0.36260970891609584,0.8007028165299346,0.2660640946706425,0.1780170663832372,0.67943809953897,0.15577694396597183,0.42312042457868476,0.4778664569573301,0.4454071057991083,0.394127736433907,0.4508379078847608,0.3367599977906243,0.4323362169868881,0.5358293775092962,0.4550331202314101,0.303313091727949,0.3363903687248893,0.7521871218602839,0.2987543140115538,0.46188313824922306,0.4883730724451859,0.9011868440610559,0.29777189155424866,0.7835048929267934,0.41247813592883986,0.2625997199309775,-0.015751464604177458,3.569567513514769,0.6089262777427943,-0.4313548240441236,0.4200315344697611,0.2932474751162635,0.4921232662778119,1.0807379876732115,0.5505640847193186,1.5626747146361901,-0.02109163204013164,0.2395950140859313,-0.3550186184911773,0.8109209883000894,0.4009321141838413,0.633342394397357,-0.13139650063284675,0.4881430451269151,0.7445055594673552,0.7250798341349414,-0.2417724010994627,1.3970247684667465
-0.013752941351430193,-0.03132418837100518,-0.10902277953031848,-0.028881824979906597,-0.10289694656906026,-0.17551924414425973,0.12216431160450153,0.02957373783090055,-0.0015967951001984843,0.13968098280463093,0.07123637542390936,0.030774278907867943,0.11990655028156265,0.09637354584272984,0.2228937005532677,0.08838379425300458,0.0565608913122939,-0.15658680428031654,0.0767734460838253,0.3431283806461234,0.16367398742485323,0.041615519901010714,0.6779281897384336,0.07031637534799125,0.13697227185603422,0.1509314109529914,0.22833997283205737,0.07374140927920325,0.6089262777427943,4.161117695262441,-0.7133878866391433,0.10316187470648362,1.5639087087305792,0.5366064204545195,1.1239078899688002,-0.10327219740691125,2.721142688288769,0.2931060707426733,0.3919338598835924,-1.4523277633090779,0.16053090006969553,0.265894818834044,0.7373187811622032,0.03915079616465612,0.0571028197587711,0.09362401667135781,1.5900006805887426,0.2804002651430276,1.7526931203135199
0.06970507781517747,0.11810091367744863,0.042253606091090246,0.3605870509346062,0.5536109433611096,0.4007414454306774,0.2234815132553613,0.2710307174041768,0.3129815233348676,0.31645527285264075,0.3395503282887756,0.27431901220251603,0.1566971102822792,0.24857520091339735,0.339002151098589,0.24169376332291984,0.35639963135974695,0.7913865938091799,0.43968709535787115,0.08446972197623129,0.04167373547117228,0.22293590948533534,-1.393037828311546,0.6726011744668853,0.37191787697836987,0.12110840099788289,0.27219472336865336,0.5749260186096508,-0.4313548240441236,-0.7133878866391433,4.038798534242401,0.2642750730789048,-0.009684212501276209,-0.3059015340266634,-1.1493337378814732,0.41660425807086193,-1.5147528598500877,0.24143825300303423,0.5268972748178811,0.830257091588369,-0.012738439342654274,0.09213659306302521,-0.22406878714908504,0.04807849771629794,0.29862425434256784,-0.12411393899883544,-0.011602109377434767,-0.13848559397655572,-1.2793184030002003
0.09473662582084554,0.1749651656190798,0.33176628848663803,0.39076989967531883,0.4565416568702758,0.48785415372477,0.26489506395947704,0.3630156702937602,0.45050448974798446,0.35122781442801354,0.35866239460904603,0.4014861228487463,0.2359579417502838,0.6058331213227879,0.44018771498036097,0.45857367038589514,0.3998091238418738,0.2821283366845357,0.5026837764812444,0.3255297164646969,0.3888731189195108,0.4714251923313451,0.1849549592246182,0.28417148059493047,0.3569738476214101,0.5878613801115623,0.2808334364362848,0.42366082802109006,0.4200315344697611,0.10316187470648362,0.2642750730789048,0.7587292086312095,0.2538644690208429,0.3341127527640345,0.24254372872309402,0.2937055331545849,0.32346621502421985,0.21584274672894482,0.11769752572277818,-0.08075813430247548,0.31279343502069057,0.3916055670688891,0.26604478480098515,0.08072819235538914,0.027118443246428488,0.034664914837947286,0.37328153567438277,0.03597328827110251,0.7820067005423492
0.06660266575160041,0.15932632173849035,0.3062072360488357,0.16651174794953993,0.10918773394736855,0.15953048863584174,0.22748845454996097,0.2672475802475768,0.33704170842538606,0.35701506650578774,0.2696307615362467,0.22398907066043974,0.16999045050460124,0.25353501964460146,0.374370769750216,0.20624663233052176,0.3472462951881416,0.3222464830003714,0.304770501403559,0.3158111629161447,0.30755561015601757,0.317736636170538,0.46950988298660984,0.21762152277611438,0.31171759680099215,0.48041318018611257,0.9702245780310192,0.6510911432057495,0.2932474751162635,1.5639087087305792,-0.009684212501276209,0.2538644690208429,2.0597403697620167,0.3120752724164575,0.9182445556556879,-0.1604769635276467,2.1559779205443803,0.2518810803086505,0.12920744738467121,-1.2894782244357195,-0.06986361097870522,0.4078808215505453,0.6519996963623377,0.10328562571099084,-0.3059509382691833,-0.4914799027973851,0.9924797689684617,0.6026821445760072,3.1948573357286443
-0.017603298947778505,0.21129785683580773,0.24983885440140946,0.4820046467794474,0.7599420191784643,0.4470611242142823,0.3657185553174742,0.3978322652329957,0.2972106185059361,0.5678465191490369,0.4226480807699736,0.37812897031607984,0.3180245398006051,0.3253536007257061,0.42407334231693555,0.3184899483947005,0.4107396874723233,0.4422534494884557,0.23056538621472844,0.32604424352279954,0.404584436944273,0.30696864399336005,0.8274141537769334,0.1614218829085384,0.4833409861332445,0.4695706212129758,0.32955367507148425,0.5327168325451863,0.4921232662778119,0.5366064204545195,-0.3059015340266634,0.3341127527640345,0.3120752724164575,3.478463880033238,1.0116036506506736,-0.008466242577316435,1.3181099580386098,0.20550319611247525,0.6879439871788036,-0.9518665453470271,0.46554306624529745,0.3645420924106581,0.641722299605828,0.20867995388854899,-0.5417964962876672,-0.31028166028748166,0.8355420831125674,0.4994419950323015,2.7926900508581793
0.10279149784431392,0.34698079067332105,0.7654655683904033,0.10995390521858843,-0.06768246702332224,0.17343156198020046,0.11072299519440239,0.3271094502878409,0.2801089903509055,0.35232385342683276,0.3634947470906082,0.21978034058129123,0.3668452063192614,0.299615634621466,0.4517206099600593,0.41514635763151697,0.4031326167965564,0.14900230891263394,0.2892625474455484,0.3594935622431312,0.6485015466651995,0.34331074746260803,0.9514353458092322,-0.08333716977606093,0.47713991263686634,0.2620063959631849,1.1995209490774783,0.3660638568897708,1.0807379876732115,1.1239078899688002,-1.1493337378814732,0.24254372872309402,0.9182445556556879,1.0116036506506736,6.889410561502996,-0.3364512045540338,2.93600311566807,-0.10825134419128625,0.32246161970403536,-1.8520535017736859,1.0132790971162813,0.5376493807864056,1.3294707815660125,0.2457528109997294,-0.14225395093070292,-1.0686589986559036,1.0007680495442461,1.3428984435095315,7.372560222710525
0.09232010915710452,0.15871791384656678,0.37895407673814785,0.20108643310203017,0.17596413451895696,0.27927870664963605,0.2400285355240064,0.22098478567898353,0.31889036203709015,0.2771579699408788,0.2187359306867397,0.3733212980882124,0.13387235586775892,0.28210733590222703,0.26479956437296376,0.2828921351203261,0.2479152996920799,0.27010995085890027,0.4050760205744737,0.23665919560617785,0.20846911483834077,0.3744673189580286,0.13850068817592742,0.21789415180300836,0.334611914787718,0.2612346051755844,0.4026460930965278,0.18576478424134293,0.5505640847193186,-0.10327219740691125,0.41660425807086193,0.2937055331545849,-0.1604769635276467,-0.008466242577316435,-0.3364512045540338,2.912093281043962,-0.7065417164655416,0.22011155231816878,0.12706369949364332,0.87992387510629,0.5302612713513702,0.19365372724859042,0.19321090871066554,0.011089979632082525,0.46325334537019797,0.8290189148872928,-0.18127397915180496,-0.5994163596225788,-2.0720473263472896
0.10711762774727808,0.4682042060102659,0.8814828276709022,0.08793552457115636,-0.08774536820830496,0.34623825616830123,0.05476542423106925,0.4173086576320031,0.3944392964260924,0.4680069258140476,0.2995592408772485,0.16050512052499308,0.25099989230164865,0.36464222736582813,0.5882552584110116,0.32706498389981387,0.41755424273293024,0.09610404807430371,0.35944797412536317,0.772696415066739,0.512664788720667,0.3522518684398144,1.0464933617301821,-0.03563414869197814,0.46923827706533744,0.7969526030785153,0.961821918569034,0.38725490115900457,1.5626747146361901,2.721142688288769,-1.5147528598500877,0.32346621502421985,2.1559779205443803,1.3181099580386098,2.93600311566807,-0.7065417164655416,7.987030050956772,0.32705627055126224,-0.6839516645630819,-3.1262110990138137,0.4805968427032788,0.6622953655900257,1.6623236212395562,0.16692093719317636,0.9224552731479635,-0.8184372842909503,1.8997783109013928,1.702557573524452,8.36541518174849
0.04734391185866307,0.18771727923625656,0.24410330098162514,0.1588636292549186,0.14590837768142662,0.27527596685836714,0.09669137540583939,0.20996770138904006,0.2171185122440222,0.15689938227880457,0.18886881103818087,0.17644837056315696,0.11336487538632126,0.21849413699024808,0.24421383454215867,0.19050112703556626,0.2301918921694016,0.0684128487595135,0.1958213649266693,0.4583958287343505,0.15866858232320047,0.21866991037660716,0.020365334449688893,0.1475623607778409,0.16581669985747075,0.2576151274015374,0.22260520365607772,0.2500141375096237,-0.02109163204013164,0.2931060707426733,0.24143825300303423,0.21584274672894482,0.2518810803086505,0.20550319611247525,-0.10825134419128625,0.22011155231816878,0.32705627055126224,0.8184112269906203,0.1670607965126688,0.13119056123669562,0.13668568507125886,0.23233529948294365,0.3463741061194301,0.19212348050176015,0.2137411090486759,0.22898969210368983,0.245532528661608,-0.008300959232893508,-0.2909858709196052
-0.0032251868437786274,0.05468728577763285,-0.04184177099150176,0.2554484568083934,0.34995016085129343,0.19483685877401513,0.21636511145700332,0.20607610232884616,0.15535055780521884,0.20775371641473606,0.2492089568216742,0.22230351511073942,0.20763581591664965,0.12359404667353209,0.13816329840621372,0.19630904783222983,0.22643051451573667,0.33213656770623784,0.11971379417457513,0.16349869970668673,0.10932511048538114,0.16405079065456749,0.10834008001729727,0.18141844569574817,0.2531192492424927,-0.38439406163206136,0.24894827665378055,0.28023976402125944,0.2395950140859313,0.3919338598835924,0.5268972748178811,0.11769752572277818,0.12920744738467121,0.6879439871788036,0.32246161970403536,0.12706369949364332,-0.6839516645630819,0.1670607965126688,1.9117455166530304,0.6322157278127478,0.1156372304742959,0.13942220900369562,0.24387105642766232,0.16349351265866804,0.2713640940683982,0.16196934316332076,0.2923422927222272,-0.10985761972661631,-0.87725666446391
-0.1104504914418483,-0.24052083914715147,-0.7952726485980348,0.060723212052205426,0.2565176623957052,-0.023918434170316322,-0.10684242486075761,-0.13232170448568858,-0.2269943038818733,-0.2887438272871836,-0.08737822185428841,0.015161518510121024,-0.05814245780548877,-0.07003158318237754,-0.3002102707160482,-0.015139002820351998,-0.14260831191705864,0.09634187738435558,-0.17094951666791938,-0.1276423802812944,-0.2283586856299787,-0.13200120961092954,-0.5160726932241756,-0.0011601423890327542,-0.15351840927728413,-0.46260759371317306,-0.4404603489377522,-0.2611377996479289,-0.3550186184911773,-1.4523277633090779,0.830257091588369,-0.08075813430247548,-1.2894782244357195,-0.9518665453470271,-1.8520535017736859,0.87992387510629,-3.1262110990138137,0.13119056123669562,0.6322157278127478,4.288249990059408,0.20708170184409755,-0.25145443000621637,-0.4872141596747487,-0.02659146491682619,1.031441207872814,1.5215893642100788,-0.7618355160477803,-0.8041453663904073,-6.169295792970064
0.059437440543553474,0.15002322115735234,0.2842836837083482,0.1970759271511541,0.22571613638569216,0.19570692383382676,0.1718841001877088,0.23406137771860297,0.25596318409431384,0.2525999685472871,0.2732579764859409,0.24914659257775185,0.20111515919626952,0.32632064462479826,0.3859299882612159,0.33789945767461865,0.37035185205572696,0.14464455975344376,0.32169725008045474,0.2666315253379583,0.4422247796188434,0.32964565869360885,0.2398160796872449,0.1273969096353685,0.3651469940588873,0.38568675866984203,0.47769797021296434,0.5163819555946195,0.8109209883000894,0.16053090006969553,-0.012738439342654274,0.31279343502069057,-0.06986361097870522,0.46554306624529745,1.0132790971162813,0.5302612713513702,0.4805968427032788,0.13668568507125886,0.1156372304742959,0.20708170184409755,1.9045755659193353,0.33510006472472964,0.2768065713348227,0.16125432894135502,-0.3677373175435148,0.48583153732722134,0.3914354661677738,0.06495413386437027,1.361726628795885
