0.8506658436995741,0.14152998517216717,0.19332136180923948,0.09335503403348269,0.23880652566340416,0.12154035319713606,0.257887811105392,0.1324270439053652,0.1300204800588246,0.11836404521409732,0.1300836937279701,0.1779428030038083,0.1588530219528406,0.19628063164958948,0.1346972835037754,0.15563398412020849,0.11425532892691222,0.11558355643424442,0.14834334617105038,0.08051309549364037,0.13303009957531195,0.15488119433623082,0.007111663613529277,0.05270873820226766,0.08910336949732527,0.1386092805375115,0.11543931784037732,0.0958495590693304,0.11989354773160193,0.10005453933479343,0.11430005189520726,0.12797109342961777,0.14366333460354683,-0.01723460133688181,0.046400774438174995,0.11053464875632535,0.06732004833317366,0.12080554202116585,0.1147175568606657,0.0457272687357542,0.0907971616620458,0.08150460328109004,0.09622837828329883,0.08048686009621064,0.07683396608013204,0.08245770432141153,0.10915139678540361,-0.015206797211194523,0.1482525028592662
0.14152998517216717,1.683151539291826,0.8018981946721545,-0.1937716218837395,0.039433365428863755,0.4268844535873821,0.07763561106535359,0.22537540619302263,0.210157799414876,0.2231531660588071,0.25238303396539863,0.22808041052371633,0.19687350915563456,0.06540196656444414,0.23142521923252696,0.12381117605003145,0.24406628076543083,0.42638524279517204,0.13768299646911117,0.3307223271298488,0.20943011245974472,0.18519980914686934,0.10946488487376332,0.07405678931331061,0.3032076637173864,0.23149661799927215,0.20665681057471927,0.1860871976782183,0.49138690034050264,0.06420539239120639,0.16818634312426764,0.20008418438564593,0.17723816950561955,0.30623180744004896,0.12059210064685923,0.15823190404242082,0.43917652968218457,0.11351668176670575,0.21832890169729435,0.004805098187106067,0.09525771277654174,0.16743221015691678,0.23755201362537354,0.04145126679252011,0.44524060263789045,0.25025169441060713,0.2603419228316591,-0.07036345309206501,-0.10618003107346037
0.19332136180923948,0.8018981946721545,1.9730479410860537,0.179868089125815,-0.1891409654701982,0.49252506861044265,0.2120903723959906,0.274745507756023,0.39191697435357487,0.41859763886143897,0.34794775075899204,0.3817296073076519,0.2775490990837134,0.13772830551121223,0.35145902543008717,0.2095575276179431,0.27959763608094096,0.3160973530017687,0.20816083869927238,0.17476973244223562,0.2531811609346249,0.3192290046910508,0.1214719667709904,0.16673744284607303,0.22125398484202116,0.29686151535035826,0.2481739663182589,0.1563619120001678,0.3602322696365798,-0.1726096918679053,0.18132439739979736,0.265127675256736,0.16987815034339998,0.2950599097949698,0.05518145451683851,0.37562199548910274,0.21600244082903258,0.11863468859027147,0.22557301792845108,-0.1360953428178678,0.10083109776969257,0.15595988287478185,0.14905389615808007,0.13530343931110894,0.5869739899230669,0.4992891760070171,0.16042518262452538,-0.24563788729620673,-0.5851198640964617
0.09335503403348269,-0.1937716218837395,0.179868089125815,2.4463736924916137,0.1661406939612157,0.27997914703486837,0.4526125177884555,0.3479416591197977,0.24562537507088553,0.27228857560492975,0.2883360691977241,0.42786220812922726,0.3961888426910201,0.5899596539782097,0.2549604925754482,0.4302073009057283,0.22241726535116912,0.2090321939747564,0.12298211468514325,0.23502701706185836,0.2440489944788886,0.3362439107718241,0.25523306617051916,0.3266816268341658,0.24165510954913896,0.33975637068869896,0.2908398011828836,0.11787241221602468,0.2822991457448855,0.1591781114299918,0.2104397900742966,0.35878058883958464,0.259469761063575,0.3223419233271533,-0.06079529816421154,0.23840347424496364,0.1194049340868451,0.18148784676588267,0.2508826125850836,0.151912932867813,0.2864735759777449,0.18823375133796927,0.24142413518724862,0.2888053772364218,0.11056808150897125,0.06240804433754211,0.24030001209579743,0.013061286700846747,0.36990974292774026
0.23880652566340416,0.039433365428863755,-0.1891409654701982,0.1661406939612157,1.3942221894115363,0.3193980855613091,0.26219700955690967,0.27295298596853584,0.2150508694867057,0.1191277224228472,0.2559401222449036,0.30866889144902,0.3265648589125692,0.3061736940588933,0.2388582572739696,0.3062262720558145,0.22022204356573863,0.19410454091971685,0.5114680912572203,0.15163698628360742,0.2621293801984378,0.27215156075396146,0.017659691439179233,0.18884776010318344,0.1912712250932656,0.3333308488404962,0.214312985013551,0.17574574732426007,0.2520830877209135,0.16133202016606904,0.2471568828086239,0.36568667848107084,0.21102980284671913,0.4133248172759413,0.10888195518992003,0.1789633785313596,0.20674091290102228,0.18173075781910977,0.25270534184342924,0.14476965261339553,0.287170913501258,0.23273068722556142,0.168402128094776,0.15529055582946336,-0.09641260094764943,-0.05176562481824738,0.22708177823453118,0.10141159277984568,0.6070729361904939
0.12154035319713606,0.4268844535873821,0.49252506861044265,0.27997914703486837,0.3193980855613091,1.025365498236439,0.020065839372928475,0.45526442395283195,0.2486862133707124,0.12193419357995557,0.38221742933170894,0.3964283317506014,0.3553435900144975,0.2704536505345918,0.28331795934472037,0.2310782372830452,0.3070223116606019,0.24970814887479098,0.4456546745554089,0.2809232048402647,0.33541422085415484,0.27521919973161296,0.07869854016887892,0.23230695239667817,0.309088072558036,0.3740746921263174,0.28295824964892885,0.14471096038620113,0.44921576829527177,0.09935777096087715,0.22057784831112603,0.4033168960698557,0.08507042339584832,0.40736883753147674,0.1496957130954974,0.20823827253478486,0.14687601023425573,0.2716684447212529,0.3785455747578929,0.1520225503412102,0.057678264306668336,0.21293466369650907,0.30305383938386,0.22123297642100873,0.34308152579166756,0.12737158186139552,0.25424571805891205,-0.002074084543204831,0.1943129503805645
0.257887811105392,0.07763561106535359,0.2120903723959906,0.4526125177884555,0.26219700955690967,0.020065839372928475,0.9345905987145277,0.11783037659920588,0.23281632605951896,0.20359428179688774,0.26945667851413735,0.43773597848218665,0.33834147916984947,0.250343028795275,0.15845653827120734,0.3065829017107553,0.2136044877950404,0.1816659421593183,0.14764857032866444,0.2122858516088203,0.22266326282176033,0.2826737535128361,0.12836018801964094,0.21481638111853524,0.17872932692560037,0.2587881987905978,0.2501700034977022,0.1328399077551087,0.2140003200353067,0.1033197237423858,0.16905102192213434,0.2914865123258328,0.25307824335651485,0.2716998091700929,0.04034589802255642,0.2102793480012435,0.12703654320525662,0.10799788293332811,0.19944205508168125,0.09618411471429782,0.24232854038276383,0.16919527541487445,0.17444655296468137,0.14003682250431684,0.034181300994869775,0.04903741078767204,0.15155395186508855,0.010254702489195518,0.39690595766781744
0.1324270439053652,0.22537540619302263,0.274745507756023,0.3479416591197977,0.27295298596853584,0.45526442395283195,0.11783037659920588,0.8601498438118625,0.22144543398668687,0.27270762587636355,0.33488454470785495,0.13109626898699764,0.35113390628922514,0.3445038189251301,0.27434001749297393,0.25464957341327304,0.3322139010635477,0.24141987288279512,0.2688726876048003,0.2767422533090829,0.27586640934128154,0.2601140289379358,0.1119892030179487,0.20561640304050544,0.22323279113432792,0.3823977053455353,0.23804980568675918,0.14060571122830215,0.3707560900360559,0.216341514479955,0.23491668166530252,0.252108561253475,0.10273160664183714,0.3678706794519713,0.2628178148158361,0.2241850801020349,0.17594575271121313,0.11368753851954279,0.3866296548964544,0.13937401917055078,0.2724248824280503,0.20955544350033717,0.2597490816677276,0.16660318542370742,0.28413593693163003,0.10067250715605063,0.2729705323391813,0.006702995956706548,0.34123710981713073
0.1300204800588246,0.210157799414876,0.39191697435357487,0.24562537507088553,0.2150508694867057,0.2486862133707124,0.23281632605951896,0.22144543398668687,0.9435997774933457,0.2291185419446835,0.21640335870009347,0.15026440821845713,0.19166001077250175,0.32490188990196417,0.3344693126217925,0.18644749051312648,0.23061474018113193,0.20491151963093154,0.18344848455582616,0.22903646903869962,0.22073737053942064,0.5256530823791932,0.12374143785838056,0.24958906124958416,0.16603699591114549,0.4072731468715315,0.19382219129616926,0.2985049940963516,0.13100482263653146,0.15982051153281557,0.24025914576335258,0.2823431488808357,0.3284676856651003,0.1835846351845311,0.18515580643169952,0.22719915746810646,0.2381295702938529,0.2602362189970947,0.19154598111359813,0.06378402768343476,0.19816674965934647,0.2145591155650835,0.20830276132009265,0.13062516774519634,0.08789871490037857,0.19207360479023225,0.23795642339282533,-0.09480651914855477,0.4033361745765454
0.11836404521409732,0.2231531660588071,0.41859763886143897,0.27228857560492975,0.1191277224228472,0.12193419357995557,0.20359428179688774,0.27270762587636355,0.2291185419446835,0.847579059408627,0.19507938297425495,0.1947578654375636,0.20925085988102768,0.18569518049093983,0.29282999580468777,0.25223667451784465,0.21097883067014292,0.35720716276613673,0.12576523743046086,0.11851651590605633,0.1633464132468073,0.25562008220590676,0.2555442387252864,0.18121728508202603,0.22683091113558962,0.21905666084869446,0.1835179152675863,0.20489700396526242,0.3125283451811057,0.1817308965171586,0.20175602008765975,0.18312508199166544,0.1764957576355888,0.35671401285444804,0.2265220510182804,0.2096256290596081,0.24373424729398255,0.014815433791985888,0.25160088821206356,0.04907598761284287,0.33289175196774357,0.16329611172513736,0.17408502867681086,0.11240436999105251,0.21927996553252105,0.16848576642904747,0.3210142243593649,-0.041599135882889327,0.19898358855503132
0.1300836937279701,0.25238303396539863,0.34794775075899204,0.2883360691977241,0.2559401222449036,0.38221742933170894,0.26945667851413735,0.33488454470785495,0.21640335870009347,0.19507938297425495,0.5713604501790739,0.3100657547111853,0.3796451511870679,0.238504554302499,0.37564799873716287,0.28030048966289306,0.3369502586169842,0.22002137400148603,0.2306531952069379,0.34390414305320144,0.2660214544306617,0.26337751636652557,0.1295833165322645,0.25223436070455946,0.2770658790412464,0.29614346182124135,0.2669513148889104,0.24396464997795286,0.37605860349459796,0.16419749199987385,0.23443603291753223,0.31476714584356996,0.19095500982400462,0.38239678447511627,0.29416748598312,0.22769509056477025,0.2169073385415208,0.12607364605608717,0.34878484900740353,0.12525235704930035,0.2148855196911872,0.23558531649498435,0.24134317144717293,0.13102269939459046,0.24879061270022323,0.11863217650592182,0.2424206174553563,-4.457128407729594e-6,0.25000298479806105
0.1779428030038083,0.22808041052371633,0.3817296073076519,0.42786220812922726,0.30866889144902,0.3964283317506014,0.43773597848218665,0.13109626898699764,0.15026440821845713,0.1947578654375636,0.3100657547111853,0.8549130068741957,0.3379098748585695,0.257752813396534,0.1680898506144911,0.2875415111327713,0.1558181814596632,0.26640000770807243,0.2569998905301689,0.147275574322933,0.26315717478815753,0.2251858263756842,0.12470256735218198,0.1485010968111201,0.20772143906887533,0.38748594957899024,0.3183520795531651,0.006423293704468527,0.263943941983719,-0.03669590051462847,0.1236888111426769,0.4397846772546383,0.1757495137124692,0.32582161379986135,-0.06823638273533493,0.20039529340598058,-0.020519018809766167,0.16408447222156133,0.20659259839538113,0.11702148719720622,0.13896287117763223,0.14657214855910056,0.2161160949440154,0.1665033524003376,0.06693964407532808,0.06912927244982582,0.1679559239818187,0.026930893285810414,0.34048073916143173
0.1588530219528406,0.19687350915563456,0.2775490990837134,0.3961888426910201,0.3265648589125692,0.3553435900144975,0.33834147916984947,0.35113390628922514,0.19166001077250175,0.20925085988102768,0.3796451511870679,0.3379098748585695,0.7704282508951587,0.36825887160671933,0.1358727055497293,0.3144014885352015,0.27322929368039656,0.1928751080685112,0.2786126274022133,0.28782178839608974,0.2927560635104096,0.27703135879606344,0.11745133442367504,0.24756290191174157,0.2718039639139941,0.2996986815623722,0.3259494271576838,0.19966295459493072,0.4657150013172235,0.1908573844507338,0.2130569476531336,0.38513917648593227,0.21148808143613593,0.40003214882067706,0.2648236080954383,0.2607768596841715,0.11687245058233009,0.035981159559102124,0.37525320360456993,0.12985880513342812,0.2626470411673279,0.2104985041649247,0.24880989617680538,0.16989386481517268,0.15677379667107003,0.09675112214233018,0.23006427356328074,0.006135147424525917,0.4025812056444546
0.19628063164958948,0.06540196656444414,0.13772830551121223,0.5899596539782097,0.3061736940588933,0.2704536505345918,0.250343028795275,0.3445038189251301,0.32490188990196417,0.18569518049093983,0.238504554302499,0.257752813396534,0.36825887160671933,1.092261224042565,0.4244473066802978,0.5460555493903401,0.3391676490083734,0.09872762439300338,0.23537620365513257,0.3694873096478822,0.2095339863081405,0.42920692139493294,0.08279403741490321,0.28231000818153623,0.29479130617802196,0.4435061223687622,0.3177142418518105,0.4155469319461702,0.3088312758844212,0.33645544384871273,0.27983832985070645,0.38801499609229534,0.2889839246019354,0.34758578265792683,0.45421140310950936,0.2533003438526413,0.30378987332233853,0.2883547687670336,0.21363711157728713,0.12737928599109746,0.44499117040290403,0.31885767980679924,0.30750121383781076,0.1881751885725698,-0.033335977307911754,0.03604186427854719,0.3002487651687409,0.07559468651149308,0.8120676772786788
0.1346972835037754,0.23142521923252696,0.35145902543008717,0.2549604925754482,0.2388582572739696,0.28331795934472037,0.15845653827120734,0.27434001749297393,0.3344693126217925,0.29282999580468777,0.37564799873716287,0.1680898506144911,0.1358727055497293,0.4244473066802978,1.1137280492507196,0.41996552005676296,0.41941207577939293,0.19056303334401709,0.22278455145734455,0.38566723986007784,0.2377516585713109,0.3716865229486025,0.1575404414112862,0.2939829807492708,0.3024249958646453,0.32095512937946763,0.2523291598387186,0.508959854700786,0.28867308958631976,0.33712604760420894,0.31654630538331036,0.3071843347320947,0.30845151981412683,0.3904383443738485,0.5116320150297523,0.26133923493199024,0.3939393751441575,0.24322974865078226,0.2943119809649129,0.10705006307532976,0.3508147970253757,0.33121525653547357,0.2599453727696463,0.12905258377844808,0.19991535449756995,0.15365971429419123,0.3295879591529691,0.015577763122920493,0.39601957674560173
0.15563398412020849,0.12381117605003145,0.2095575276179431,0.4302073009057283,0.3062262720558145,0.2310782372830452,0.3065829017107553,0.25464957341327304,0.18644749051312648,0.25223667451784465,0.28030048966289306,0.2875415111327713,0.3144014885352015,0.5460555493903401,0.41996552005676296,0.8858438809002154,0.34228529335456953,0.1792283178544434,0.26945024963079217,0.3065897923873397,0.20604787618996603,0.49554407462767985,0.24157298821050185,0.30656753263363745,0.35617479190831675,0.27497171133821885,0.35721071961938905,0.3603527925291926,0.31051857997783394,0.3341817380368501,0.257972819123295,0.43473892694854743,0.2692871200759391,0.40088955532656606,0.4368770587752637,0.2899954589665056,0.31818125113086765,0.23678688350272725,0.33074739510977025,0.17338249205133627,0.4001807197798005,0.33442449510827804,0.3091811136949689,0.21325626324760252,0.10420312278801308,0.07965943801006346,0.32143846859265784,0.011938993679504569,0.6349224019898271
0.11425532892691222,0.24406628076543083,0.27959763608094096,0.22241726535116912,0.22022204356573863,0.3070223116606019,0.2136044877950404,0.3322139010635477,0.23061474018113193,0.21097883067014292,0.3369502586169842,0.1558181814596632,0.27322929368039656,0.3391676490083734,0.41941207577939293,0.34228529335456953,0.9499765069186205,0.15088126602708463,0.26911866587771643,0.5210926557084777,0.2157971385181913,0.3241668662142996,0.06515238237316875,0.2853087594694506,0.4290209567335655,0.25456769136234225,0.27178973776348464,0.547312934392343,0.35618338865698523,0.3113036652940175,0.286577550880288,0.2849707522339827,0.36459181610842223,0.3968823769039757,0.5258691985128847,0.2121534625055864,0.5541343062222481,0.26484476626678316,0.29082082275408233,0.1369806108327506,0.3030899218433649,0.39527927721905753,0.31087827063770856,0.11169553842989396,0.32483475870969025,0.09392066306573853,0.34220105469210416,0.05232022601813189,0.33681400677978446
0.11558355643424442,0.42638524279517204,0.3160973530017687,0.2090321939747564,0.19410454091971685,0.24970814887479098,0.1816659421593183,0.24141987288279512,0.20491151963093154,0.35720716276613673,0.22002137400148603,0.26640000770807243,0.1928751080685112,0.09872762439300338,0.19056303334401709,0.1792283178544434,0.15088126602708463,1.201187213882807,0.14913951044763718,-0.058530426936256055,0.33018605285745367,0.1916430458877975,0.731695807692792,0.21949783862593922,0.2915540153136555,0.3829003788995413,0.04486686564662419,0.2996556503493803,0.396915826131572,0.013638425997920844,0.24085760920361407,0.1719678566635112,0.4440625926764011,0.3335939606591204,0.05400283286518048,0.08855902557684855,0.3004588705884759,-0.041206826709670664,0.27111635068621637,0.11343161787581522,0.21834402024853986,0.11321901985207433,0.2666916203735692,0.09773051118459443,0.3655348842833859,0.16883561577799958,0.5104610181389372,0.01685859626761285,0.20447400366967708
0.14834334617105038,0.13768299646911117,0.20816083869927238,0.12298211468514325,0.5114680912572203,0.4456546745554089,0.14764857032866444,0.2688726876048003,0.18344848455582616,0.12576523743046086,0.2306531952069379,0.2569998905301689,0.2786126274022133,0.23537620365513257,0.22278455145734455,0.26945024963079217,0.26911866587771643,0.14913951044763718,0.8077050326960116,0.06757630584137789,0.29245382993883706,0.26842122391724654,-0.12792404862169354,0.14836972766766318,0.17948098368869037,0.2655347453577022,0.19885014184742378,0.22820217253087652,0.24299325347293232,0.21161046310972356,0.2334931624650578,0.32682758914959004,0.2217988509994735,0.278892537024437,0.19362914878408555,0.2293518680936229,0.11251807030498717,0.2069396849972746,0.3148672865884032,0.10936406381799553,0.23280778229697408,0.1969067251753758,0.19127561768558043,0.17285294932367468,0.19452191836486948,0.05379199850515238,0.22498921519882997,0.04267989277835446,0.3048265814042546
0.08051309549364037,0.3307223271298488,0.17476973244223562,0.23502701706185836,0.15163698628360742,0.2809232048402647,0.2122858516088203,0.2767422533090829,0.22903646903869962,0.11851651590605633,0.34390414305320144,0.147275574322933,0.28782178839608974,0.3694873096478822,0.38566723986007784,0.3065897923873397,0.5210926557084777,-0.058530426936256055,0.06757630584137789,1.319459190519963,0.10848974997928706,0.2912275589663703,-0.04592248484791824,0.3682016421388826,0.6078303581036046,0.10941082453734374,0.37287227239125864,0.36467908449864983,0.42195374078909786,0.5942103152434213,0.2903299475639097,0.26263332673403794,0.22201250495317615,0.4412001527993361,0.4815369819936145,0.10269422156212947,0.9155105861874496,0.41308206356675353,0.4781376296045235,0.21967240463731721,0.23184647620117907,0.4165875736891866,0.5572325366724159,0.11236698864868162,0.6533626472895764,0.0964596951719648,0.38088252749104445,0.13558413703932268,0.5215966319627656
0.13303009957531195,0.20943011245974472,0.2531811609346249,0.2440489944788886,0.2621293801984378,0.33541422085415484,0.22266326282176033,0.27586640934128154,0.22073737053942064,0.1633464132468073,0.2660214544306617,0.26315717478815753,0.2927560635104096,0.2095339863081405,0.2377516585713109,0.20604787618996603,0.2157971385181913,0.33018605285745367,0.29245382993883706,0.10848974997928706,0.8334949370279227,0.2238411321341838,0.3166425740319308,0.18588520707482659,0.21497909991013428,0.3519522342437067,0.19355262496462328,0.3034072589355265,0.30443852575156766,0.12425264267967076,0.2467912431122499,0.37931242193374437,0.3996208802472343,0.30067632814874223,0.15866313660333767,0.3029099889105427,0.05469798680438971,0.1785579618969049,0.29962091438223926,0.23021192569163387,0.2598171943610878,0.22007820121157967,0.2462975935273812,0.23675733322341477,0.36538878216763093,0.07460296138313706,0.2951933587496951,0.046860065507403535,0.22540229720293928
0.15488119433623082,0.18519980914686934,0.3192290046910508,0.3362439107718241,0.27215156075396146,0.27521919973161296,0.2826737535128361,0.2601140289379358,0.5256530823791932,0.25562008220590676,0.26337751636652557,0.2251858263756842,0.27703135879606344,0.42920692139493294,0.3716865229486025,0.49554407462767985,0.3241668662142996,0.1916430458877975,0.26842122391724654,0.2912275589663703,0.2238411321341838,0.8488626118008757,0.16028465129703043,0.2783534665742213,0.2987951238366473,0.34875846029916696,0.2971894168661862,0.33769111226071546,0.2375776950196618,0.2856633786415036,0.2592765828753808,0.411804143371997,0.3382442647871556,0.2926590891082093,0.30096189409652835,0.33555414796575567,0.2957315676551499,0.34324522054734324,0.28291932625294947,0.13705362357688583,0.2962244854381266,0.3096865317997425,0.2951811233520046,0.18608418124643944,0.0675261961484678,0.22998072019162843,0.30994440887742747,-0.17794370061389564,0.6443125882474418
0.007111663613529277,0.10946488487376332,0.1214719667709904,0.25523306617051916,0.017659691439179233,0.07869854016887892,0.12836018801964094,0.1119892030179487,0.12374143785838056,0.2555442387252864,0.1295833165322645,0.12470256735218198,0.11745133442367504,0.08279403741490321,0.1575404414112862,0.24157298821050185,0.06515238237316875,0.731695807692792,-0.12792404862169354,-0.04592248484791824,0.3166425740319308,0.16028465129703043,2.0919261697963707,0.5785588895730754,0.9122473100947052,-0.18305847991885127,0.08455586277731054,0.2476611189453245,0.41629081192822054,0.22200951085713921,-0.053418968604125705,0.030233279230779717,0.6975910450239542,0.37301001847880144,-0.14238359694983796,-0.022093106637146216,0.5588737953424252,-0.2548232580096887,0.5795980189024611,0.1629919139324538,0.08944737263043742,0.11315938310537967,0.2403707766500175,0.22871735788675562,0.28690223023352623,0.14167563427944851,0.5542825246257602,0.15178148906494593,0.49452710495651175
0.05270873820226766,0.07405678931331061,0.16673744284607303,0.3266816268341658,0.18884776010318344,0.23230695239667817,0.21481638111853524,0.20561640304050544,0.24958906124958416,0.18121728508202603,0.25223436070455946,0.1485010968111201,0.24756290191174157,0.28231000818153623,0.2939829807492708,0.30656753263363745,0.2853087594694506,0.21949783862593922,0.14836972766766318,0.3682016421388826,0.18588520707482659,0.2783534665742213,0.5785588895730754,1.1564128436672712,0.495122869714318,0.022381115179993798,0.2266875068537114,0.3376426399043423,0.2042274781267941,0.3918508089388275,0.32908169127956316,0.1810832959705734,0.37464049812851447,0.18404415284008904,0.2625239227479444,0.1666388535336502,0.42176425446385524,0.1748702899954957,0.3169922304087856,0.11971457255525296,0.2316660465494027,0.2458815618643643,0.23835643595406744,0.17630832757275036,0.17227998712848205,0.1158498413964419,0.3545212539579107,0.058453217894100115,0.49360497289974203
0.08910336949732527,0.3032076637173864,0.22125398484202116,0.24165510954913896,0.1912712250932656,0.309088072558036,0.17872932692560037,0.22323279113432792,0.16603699591114549,0.22683091113558962,0.2770658790412464,0.20772143906887533,0.2718039639139941,0.29479130617802196,0.3024249958646453,0.35617479190831675,0.4290209567335655,0.2915540153136555,0.17948098368869037,0.6078303581036046,0.21497909991013428,0.2987951238366473,0.9122473100947052,0.495122869714318,2.6467163336519546,0.03245769919104216,0.3287374600990142,0.33614919890361705,0.7058229992526228,0.7442566290245051,-0.2797466507175051,0.27224787165109476,0.3043408060512279,0.8343353179308538,0.5184235109016225,0.16477912724731505,0.9688373493074618,0.18023925588699766,0.4984184511004547,0.15682701976192706,0.4007512898133071,0.44915336098766134,0.5484337609062084,0.31497692732978966,0.6493113604572591,0.17405861379655094,0.5654097901266727,0.010822454703239478,0.0422596320658296
0.1386092805375115,0.23149661799927215,0.29686151535035826,0.33975637068869896,0.3333308488404962,0.3740746921263174,0.2587881987905978,0.3823977053455353,0.4072731468715315,0.21905666084869446,0.29614346182124135,0.38748594957899024,0.2996986815623722,0.4435061223687622,0.32095512937946763,0.27497171133821885,0.25456769136234225,0.3829003788995413,0.2655347453577022,0.10941082453734374,0.3519522342437067,0.34875846029916696,-0.18305847991885127,0.022381115179993798,0.03245769919104216,1.900014343109749,0.28667633188066616,0.5114272318514267,-0.025842391381647983,-0.25515706781210684,0.16712897905439206,0.6418741741260732,0.36653976670845967,0.37626978342844614,0.5661130139802147,0.32935535286287504,-0.48116874062307485,0.2759125392291754,-0.29766104996450826,0.12011994481822949,0.6011661819072484,0.3041428895660283,0.23198605011838416,0.12003612342469462,-0.45170146313856263,-0.11388028032057625,0.05793444438040823,0.16742140333278785,0.8414290230609841
0.11543931784037732,0.20665681057471927,0.2481739663182589,0.2908398011828836,0.214312985013551,0.28295824964892885,0.2501700034977022,0.23804980568675918,0.19382219129616926,0.1835179152675863,0.2669513148889104,0.3183520795531651,0.3259494271576838,0.3177142418518105,0.2523291598387186,0.35721071961938905,0.27178973776348464,0.04486686564662419,0.19885014184742378,0.37287227239125864,0.19355262496462328,0.2971894168661862,0.08455586277731054,0.2266875068537114,0.3287374600990142,0.28667633188066616,0.6350873875639707,0.26360325621066627,0.2244697314555917,0.24501939704679193,0.19350873749908118,0.4255933428129881,0.22721059248089384,0.3457905196365909,0.304663193161539,0.29516625354091713,0.2269690163357557,0.2162715762161384,0.24817351209525418,0.1410384282348516,0.2938876057645608,0.2733596587105058,0.3498981881789014,0.14533664093778104,0.10814493747925184,0.07486142283372517,0.19060437414957057,0.04615134109384928,0.42644900556582155
0.0958495590693304,0.1860871976782183,0.1563619120001678,0.11787241221602468,0.17574574732426007,0.14471096038620113,0.1328399077551087,0.14060571122830215,0.2985049940963516,0.20489700396526242,0.24396464997795286,0.006423293704468527,0.19966295459493072,0.4155469319461702,0.508959854700786,0.3603527925291926,0.547312934392343,0.2996556503493803,0.22820217253087652,0.36467908449864983,0.3034072589355265,0.33769111226071546,0.2476611189453245,0.3376426399043423,0.33614919890361705,0.5114272318514267,0.26360325621066627,1.5606915942735877,0.05373648252720684,0.2879481527749065,0.31575330159712806,0.3197956549300664,0.9033716794297936,0.23899286669102263,1.234732046480087,0.16454925799797857,0.4441956045309112,0.20252586706235282,0.13644764132609394,0.10679816416645962,0.37799032345487105,0.4126535075296461,0.26488014979115687,0.04334909304267478,0.03031942339586732,-0.0625588287735659,0.34288770861277107,0.18442153287343724,0.7019645597492716
0.11989354773160193,0.49138690034050264,0.3602322696365798,0.2822991457448855,0.2520830877209135,0.44921576829527177,0.2140003200353067,0.3707560900360559,0.13100482263653146,0.3125283451811057,0.37605860349459796,0.263943941983719,0.4657150013172235,0.3088312758844212,0.28867308958631976,0.31051857997783394,0.35618338865698523,0.396915826131572,0.24299325347293232,0.42195374078909786,0.30443852575156766,0.2375776950196618,0.41629081192822054,0.2042274781267941,0.7058229992526228,-0.025842391381647983,0.2244697314555917,0.05373648252720684,2.7121324516929906,0.3700841404341394,0.10710890859190553,0.29866888786595325,0.2594725647302206,0.9778934672099721,-0.0435028377178279,0.4244660816573132,-0.15656656059340146,-0.5058489272788413,0.6973316819824831,0.1064698139206844,0.43162283724247125,0.04873334489154492,0.13388018995076073,-0.10711346249445156,0.3426593837500213,0.20917642094408512,0.39674128170837414,-0.12895291582159993,0.5938883854143133
0.10005453933479343,0.06420539239120639,-0.1726096918679053,0.1591781114299918,0.16133202016606904,0.09935777096087715,0.1033197237423858,0.216341514479955,0.15982051153281557,0.1817308965171586,0.16419749199987385,-0.03669590051462847,0.1908573844507338,0.33645544384871273,0.33712604760420894,0.3341817380368501,0.3113036652940175,0.013638425997920844,0.21161046310972356,0.5942103152434213,0.12425264267967076,0.2856633786415036,0.22200951085713921,0.3918508089388275,0.7442566290245051,-0.25515706781210684,0.24501939704679193,0.2879481527749065,0.3700841404341394,2.2696394420440096,0.42068967889392417,0.09052785871387466,0.05956363441415769,0.20395943402383396,0.7532437555013275,0.3534047524147244,0.800643296349839,0.40452183556398597,0.6520046060649475,0.16490611393978996,0.7750445440984343,0.4263342207979532,0.8246503046675848,0.40208352437818884,1.1133040578898288,0.1835703193852327,0.8734024082021975,0.07788668100647049,0.4932647411276318
0.11430005189520726,0.16818634312426764,0.18132439739979736,0.2104397900742966,0.2471568828086239,0.22057784831112603,0.16905102192213434,0.23491668166530252,0.24025914576335258,0.20175602008765975,0.23443603291753223,0.1236888111426769,0.2130569476531336,0.27983832985070645,0.31654630538331036,0.257972819123295,0.286577550880288,0.24085760920361407,0.2334931624650578,0.2903299475639097,0.2467912431122499,0.2592765828753808,-0.053418968604125705,0.32908169127956316,-0.2797466507175051,0.16712897905439206,0.19350873749908118,0.31575330159712806,0.10710890859190553,0.42068967889392417,1.183181070451057,0.20035110973808953,0.1885912342026385,0.22386010400638823,0.3698222671471513,0.3227350096250991,0.327480204296195,0.45220424948350035,0.3272399885210775,0.11958129442726594,0.36103367038966916,0.27003982659056325,0.26128706891019005,0.25668727175028644,0.3014842571012995,0.049732888673887185,0.3363700449024743,0.06875208154699439,0.26599018136824104
0.12797109342961777,0.20008418438564593,0.265127675256736,0.35878058883958464,0.36568667848107084,0.4033168960698557,0.2914865123258328,0.252108561253475,0.2823431488808357,0.18312508199166544,0.31476714584356996,0.4397846772546383,0.38513917648593227,0.38801499609229534,0.3071843347320947,0.43473892694854743,0.2849707522339827,0.1719678566635112,0.32682758914959004,0.26263332673403794,0.37931242193374437,0.411804143371997,0.030233279230779717,0.1810832959705734,0.27224787165109476,0.6418741741260732,0.4255933428129881,0.3197956549300664,0.29866888786595325,0.09052785871387466,0.20035110973808953,1.1653810102135098,0.323852276801889,0.5423061172799741,0.3206438586068852,0.3699818236663135,-0.04329880761640101,0.3412130121017562,0.1924741885245059,0.15716974825171023,0.38720459607205954,0.31683727523628213,0.28998692454965636,0.1914844066316373,-0.08985754964983754,0.00454378989298647,0.23454783334201176,0.06421621762529525,0.639388316642881
0.14366333460354683,0.17723816950561955,0.16987815034339998,0.259469761063575,0.21102980284671913,0.08507042339584832,0.25307824335651485,0.10273160664183714,0.3284676856651003,0.1764957576355888,0.19095500982400462,0.1757495137124692,0.21148808143613593,0.2889839246019354,0.30845151981412683,0.2692871200759391,0.36459181610842223,0.4440625926764011,0.2217988509994735,0.22201250495317615,0.3996208802472343,0.3382442647871556,0.6975910450239542,0.37464049812851447,0.3043408060512279,0.36653976670845967,0.22721059248089384,0.9033716794297936,0.2594725647302206,0.05956363441415769,0.1885912342026385,0.323852276801889,2.372935322795528,-0.13293395509531877,-0.3625294862836199,-0.10214811869074593,0.3286992444291438,0.07046035536147163,0.024562860291475398,0.11050873107518319,-0.3291431458396452,0.22753699156559984,0.17113948167854748,0.0820184395139921,0.15608220152548274,-0.057253856585188286,0.4959503952872704,0.22428116432240525,0.7530346299633841
-0.01723460133688181,0.30623180744004896,0.2950599097949698,0.3223419233271533,0.4133248172759413,0.40736883753147674,0.2716998091700929,0.3678706794519713,0.1835846351845311,0.35671401285444804,0.38239678447511627,0.32582161379986135,0.40003214882067706,0.34758578265792683,0.3904383443738485,0.40088955532656606,0.3968823769039757,0.3335939606591204,0.278892537024437,0.4412001527993361,0.30067632814874223,0.2926590891082093,0.37301001847880144,0.18404415284008904,0.8343353179308538,0.37626978342844614,0.3457905196365909,0.23899286669102263,0.9778934672099721,0.20395943402383396,0.22386010400638823,0.5423061172799741,-0.13293395509531877,2.001726904493132,0.6048661105482438,0.2787910841444476,0.5712503913684829,0.023784030260896358,0.4688613817446989,0.0820978677262255,0.8314343498245389,0.3966851633500831,0.43403568715638313,0.2798191701086863,0.14793231412688165,-0.13747850438222367,0.42738022620087435,0.14338614867129748,0.5909599259090336
0.046400774438174995,0.12059210064685923,0.05518145451683851,-0.06079529816421154,0.10888195518992003,0.1496957130954974,0.04034589802255642,0.2628178148158361,0.18515580643169952,0.2265220510182804,0.29416748598312,-0.06823638273533493,0.2648236080954383,0.45421140310950936,0.5116320150297523,0.4368770587752637,0.5258691985128847,0.05400283286518048,0.19362914878408555,0.4815369819936145,0.15866313660333767,0.30096189409652835,-0.14238359694983796,0.2625239227479444,0.5184235109016225,0.5661130139802147,0.304663193161539,1.234732046480087,-0.0435028377178279,0.7532437555013275,0.3698222671471513,0.3206438586068852,-0.3625294862836199,0.6048661105482438,3.5816855769305675,0.26924124163293167,0.2724490043298198,0.17777782023662875,0.36493258186293903,0.15074082617106319,0.7701333233179289,0.6376117021258073,0.44120952140250347,-0.05470063424208179,0.1571118741436427,-0.05739438958436628,0.31751820643861384,0.11774303336627791,0.6448179893982416
0.11053464875632535,0.15823190404242082,0.37562199548910274,0.23840347424496364,0.1789633785313596,0.20823827253478486,0.2102793480012435,0.2241850801020349,0.22719915746810646,0.2096256290596081,0.22769509056477025,0.20039529340598058,0.2607768596841715,0.2533003438526413,0.26133923493199024,0.2899954589665056,0.2121534625055864,0.08855902557684855,0.2293518680936229,0.10269422156212947,0.3029099889105427,0.33555414796575567,-0.022093106637146216,0.1666388535336502,0.16477912724731505,0.32935535286287504,0.29516625354091713,0.16454925799797857,0.4244660816573132,0.3534047524147244,0.3227350096250991,0.3699818236663135,-0.10214811869074593,0.2787910841444476,0.26924124163293167,2.2056168535712946,-0.25419086312682493,-0.06818468065580069,0.249617201016689,0.22781192454898633,0.7313837318585976,0.3319424779061825,-0.07171106207619045,0.08317616377859638,0.3589803320127205,0.4476488065750664,-0.1512590594195544,-0.39331775599288,-1.080443689791365
0.06732004833317366,0.43917652968218457,0.21600244082903258,0.1194049340868451,0.20674091290102228,0.14687601023425573,0.12703654320525662,0.17594575271121313,0.2381295702938529,0.24373424729398255,0.2169073385415208,-0.020519018809766167,0.11687245058233009,0.30378987332233853,0.3939393751441575,0.31818125113086765,0.5541343062222481,0.3004588705884759,0.11251807030498717,0.9155105861874496,0.05469798680438971,0.2957315676551499,0.5588737953424252,0.42176425446385524,0.9688373493074618,-0.48116874062307485,0.2269690163357557,0.4441956045309112,-0.15656656059340146,0.800643296349839,0.327480204296195,-0.04329880761640101,0.3286992444291438,0.5712503913684829,0.2724490043298198,-0.25419086312682493,3.1133978300891543,0.6620423288318498,0.301625660557926,-0.01841613104252206,0.2348513505286141,0.6424446495824983,0.6367065232739206,0.23419971495570294,0.8587366479577058,0.27023077215114594,0.7272251063741695,0.1413814147872871,-0.0811615996557469
0.12080554202116585,0.11351668176670575,0.11863468859027147,0.18148784676588267,0.18173075781910977,0.2716684447212529,0.10799788293332811,0.11368753851954279,0.2602362189970947,0.014815433791985888,0.12607364605608717,0.16408447222156133,0.035981159559102124,0.2883547687670336,0.24322974865078226,0.23678688350272725,0.26484476626678316,-0.041206826709670664,0.2069396849972746,0.41308206356675353,0.1785579618969049,0.34324522054734324,-0.2548232580096887,0.1748702899954957,0.18023925588699766,0.2759125392291754,0.2162715762161384,0.20252586706235282,-0.5058489272788413,0.40452183556398597,0.45220424948350035,0.3412130121017562,0.07046035536147163,0.023784030260896358,0.17777782023662875,-0.06818468065580069,0.6620423288318498,2.495337939646663,-0.13363129538520943,0.15030320571888706,-0.05277467694526886,0.45722846059692984,0.7972966129001072,0.6155410203255667,-0.6270006336283582,-0.07439356694519209,0.31795266396704186,0.3584431523600815,0.5349013124575954
0.1147175568606657,0.21832890169729435,0.22557301792845108,0.2508826125850836,0.25270534184342924,0.3785455747578929,0.19944205508168125,0.3866296548964544,0.19154598111359813,0.25160088821206356,0.34878484900740353,0.20659259839538113,0.37525320360456993,0.21363711157728713,0.2943119809649129,0.33074739510977025,0.29082082275408233,0.27111635068621637,0.3148672865884032,0.4781376296045235,0.29962091438223926,0.28291932625294947,0.5795980189024611,0.3169922304087856,0.4984184511004547,-0.29766104996450826,0.24817351209525418,0.13644764132609394,0.6973316819824831,0.6520046060649475,0.3272399885210775,0.1924741885245059,0.024562860291475398,0.4688613817446989,0.36493258186293903,0.249617201016689,0.301625660557926,-0.13363129538520943,1.9158114074762094,0.37124865055926565,0.2179800204585878,0.11437813456228839,0.4121048480331062,0.30156132052543644,1.2677593221892833,0.1745689921585635,0.5349444438756682,-0.07514926403039801,0.6389652951327406
0.0457272687357542,0.004805098187106067,-0.1360953428178678,0.151912932867813,0.14476965261339553,0.1520225503412102,0.09618411471429782,0.13937401917055078,0.06378402768343476,0.04907598761284287,0.12525235704930035,0.11702148719720622,0.12985880513342812,0.12737928599109746,0.10705006307532976,0.17338249205133627,0.1369806108327506,0.11343161787581522,0.10936406381799553,0.21967240463731721,0.23021192569163387,0.13705362357688583,0.1629919139324538,0.11971457255525296,0.15682701976192706,0.12011994481822949,0.1410384282348516,0.10679816416645962,0.1064698139206844,0.16490611393978996,0.11958129442726594,0.15716974825171023,0.11050873107518319,0.0820978677262255,0.15074082617106319,0.22781192454898633,-0.01841613104252206,0.15030320571888706,0.37124865055926565,1.2563177788735245,-0.011650323817881994,0.2677851885697161,0.45396064563240035,0.19005933913801779,1.3482452980118544,0.20347178885043135,0.24230370398171855,0.009582642072866564,-0.17830455112600269
0.0907971616620458,0.09525771277654174,0.10083109776969257,0.2864735759777449,0.287170913501258,0.057678264306668336,0.24232854038276383,0.2724248824280503,0.19816674965934647,0.33289175196774357,0.2148855196911872,0.13896287117763223,0.2626470411673279,0.44499117040290403,0.3508147970253757,0.4001807197798005,0.3030899218433649,0.21834402024853986,0.23280778229697408,0.23184647620117907,0.2598171943610878,0.2962244854381266,0.08944737263043742,0.2316660465494027,0.4007512898133071,0.6011661819072484,0.2938876057645608,0.37799032345487105,0.43162283724247125,0.7750445440984343,0.36103367038966916,0.38720459607205954,-0.3291431458396452,0.8314343498245389,0.7701333233179289,0.7313837318585976,0.2348513505286141,-0.05277467694526886,0.2179800204585878,-0.011650323817881994,2.716760518397188,0.3329686706893265,0.05809392644028498,0.5540879769982748,-0.26046152653876226,0.03776578397186357,0.5342771681859175,0.2464490332918324,1.0705470875967453
