0.8490228951062494,0.14043602568759966,0.19091909332867318,0.09140513871982724,0.24132370683018364,0.12424156835264089,0.2577655970129071,0.13285652349567983,0.11807321636401436,0.10816411337889902,0.12500651639636595,0.17378478721943422,0.16933503225976734,0.1941529239263003,0.13848242696467017,0.15933675072669473,0.1158460876989932,0.11523992837811066,0.1501323021664032,0.08183100326970333,0.1292179887515557,0.15128239355249568,0.003348681744451526,0.0509402187007118,0.0890108539561233,0.13942167366563835,0.11736916530682513,0.09915976758048989,0.12382753577869862,0.09976282852442724,0.11425278442378428,0.13047732964408204,0.14109097655141167,-0.015855654776923137,0.05171198687751629,0.11070855244168414,0.06567544691617672,0.11810947095191529,0.11904236361243242,0.046463561236130844,0.09136077897100231,0.08193628895413307,0.09405615487422271,0.08054065680716245,0.07185481049319994,0.08133677811438603,0.10842089875054087,-0.012836386523464,0.1554344575668385
0.14043602568759966,1.6676897001179867,0.7876391690139014,-0.2061351493396226,0.03577690660154003,0.4170591466106949,0.07531845523400639,0.23138815544522062,0.20126208874776633,0.21750970910031592,0.2517166577819995,0.22819982791023535,0.18822197386472062,0.06587160343586282,0.2185262299864517,0.12083467175566805,0.24129472387908596,0.42508544785835256,0.13335419082556654,0.3310496626438091,0.19879575650378684,0.180441632060657,0.10966520625211483,0.0780345938162749,0.3090229293268181,0.23202552093271905,0.20620325415992427,0.182491580392322,0.48554038259244386,0.06606633506027078,0.16705480578415968,0.20064921018980122,0.17127038317561838,0.30056934331741697,0.12523860864263336,0.15766865963423504,0.4358027215893243,0.12105302089356841,0.21754923467681758,0.006589316951610063,0.10418576429133476,0.16477694132996681,0.22814918005511817,0.036936248425688135,0.44044179450418985,0.24076170046003226,0.25575153752956514,-0.06958670586803987,-0.11513364790244
0.19091909332867318,0.7876391690139014,1.961611690034781,0.15528971296975017,-0.19261101911724715,0.4831361440623197,0.2109607883517498,0.30031017818218286,0.3920512151944836,0.41680019508208743,0.3412962454691493,0.36742789741053955,0.2452625664384975,0.09847839683600423,0.297436665717648,0.18606530845215527,0.2618127879516589,0.3245422506881009,0.19923607795504134,0.1613876524850732,0.24270477692001202,0.30864496337717173,0.11181258672959746,0.15362596786188457,0.20711533522095088,0.30879680450342223,0.23634314143666454,0.12423682052996787,0.34245961265289054,-0.18920704013194328,0.17206580433680965,0.2526536625966696,0.14935614320840648,0.27609401604261113,0.03275922071397421,0.364623729528779,0.195843600472423,0.11369108127971214,0.22146202140416713,-0.1349487543271035,0.09043359153292381,0.14021440749173908,0.14174682181990955,0.13268680042586972,0.5853611502521769,0.49847193682139873,0.1509844249482572,-0.24969619659996906,-0.6067886920306608
0.09140513871982724,-0.2061351493396226,0.15528971296975017,2.4085595566506997,0.1643620080110353,0.2664131228928727,0.4483612744906483,0.3555005802925958,0.22263117516237754,0.2521813450349816,0.27983242562345817,0.4143502960165791,0.4320874572362017,0.5995869855195527,0.2866503503329652,0.45573681628964313,0.24187468305975757,0.20665414597183343,0.12385481776898197,0.2567823106258304,0.23717097352480423,0.33928542472449175,0.25527031662226174,0.33375930243817414,0.2558077828650284,0.3411199657378085,0.30396991106008714,0.1396203785482692,0.29376677048321787,0.18654686927414002,0.2194201469335901,0.3692657808333706,0.26527795659579323,0.33111798310514645,-0.01593568571561984,0.24684186167949607,0.1344011989570812,0.18102054638467127,0.26910077624620615,0.16149904067008064,0.3046271624483839,0.20448276378992578,0.25718381734544077,0.2892079511264198,0.10763680012211375,0.05845432320687192,0.25028295220806424,0.0199345937604938,0.3955449088777964
0.24132370683018364,0.03577690660154003,-0.19261101911724715,0.1643620080110353,1.396989211623872,0.3202313049952938,0.2579654491303279,0.26370178210673617,0.17418009957846067,0.08565941980899992,0.2434194210223337,0.30836650452151176,0.3715544817319327,0.32120880154588666,0.2595650477270032,0.32009090653258676,0.22139074836825165,0.17890620940312943,0.513259010911724,0.16109862109265574,0.2446160466985282,0.25791358780507195,-0.005441667930428,0.18289344417511882,0.18082137371855067,0.32201637373950265,0.220763822213021,0.1676957151048468,0.25237409155864254,0.18062340346980646,0.25338639095764554,0.37207559700432535,0.19259325940332966,0.40865966954876276,0.12279599818219424,0.1765096845237915,0.20516670625120784,0.19116975215616208,0.27045075046498307,0.16180718505075103,0.3006087722274977,0.24142453858113694,0.19391402832610133,0.16882922698898292,-0.034026571072304314,-0.051490956404376384,0.23141719528412366,0.10688097762773914,0.5834348460097976
0.12424156835264089,0.4170591466106949,0.4831361440623197,0.2664131228928727,0.3202313049952938,1.0169833810766105,0.027371032753924676,0.4516938092621208,0.21020727929072794,0.09525945453990749,0.3730527715502941,0.3980944163888888,0.39237125978019394,0.2788626500683056,0.294311588316371,0.24222386952730476,0.3049829766840996,0.23665871651510673,0.44450497634113373,0.2851708352050926,0.3233025631937982,0.26177282990467476,0.056884151511072865,0.22450282424627713,0.29438288011745695,0.37081846392151807,0.28815802474566293,0.13955493944862082,0.45521161876173727,0.10633331269982371,0.22157304827306815,0.41119905809281004,0.0760002427934439,0.40255505701347405,0.1586863116552167,0.2049647147723573,0.13181313576708134,0.26250599931807,0.38728335641359335,0.15735987280573063,0.06242980685495404,0.21212769826748434,0.30771870476524565,0.22312641873614905,0.35648635788155264,0.12393562952790906,0.25244542042255347,0.0049112264709729025,0.20622363737326738
0.2577655970129071,0.07531845523400639,0.2109607883517498,0.4483612744906483,0.2579654491303279,0.027371032753924676,0.981260774386521,0.12248560899940215,0.2266295862178028,0.19454980839791583,0.26456303911391604,0.4176396311889542,0.359457511658705,0.23639548280395592,0.18315550225657598,0.32887553493370064,0.2323623172794208,0.1906327230273574,0.1533255683814395,0.2304554067990969,0.22408741592249182,0.29124372422601424,0.1419878321657369,0.22918629059405227,0.18962269534916457,0.26393014910440493,0.2564804360050202,0.1460063693934827,0.2212724600399085,0.12618089571485275,0.18130710366289024,0.3008328158566602,0.25983579324455247,0.28377465541994373,0.06280883776653812,0.21626624606364422,0.14366676358448632,0.11717523300196166,0.22885104404702905,0.11438171346685855,0.25870475059389475,0.18505318246026592,0.20117291366873316,0.15604899272808265,0.07782914225603263,0.05117298526390082,0.1664116509341777,0.014434926992982065,0.40116649951732225
0.13285652349567983,0.23138815544522062,0.30031017818218286,0.3555005802925958,0.26370178210673617,0.4516938092621208,0.12248560899940215,0.862581954002603,0.2209062377485733,0.26589973518619914,0.32460464748816453,0.13622782603443398,0.36904808360045743,0.3329462033864513,0.24984110095412684,0.24456855790518256,0.31272402900455515,0.23881215011478507,0.25899602802879595,0.2651091278679022,0.26431203277156945,0.25271965302858085,0.10037145886625588,0.1939638143713073,0.20465458698286967,0.4006642625449875,0.23899760975765588,0.11944651541504508,0.3693113040625567,0.1958331388506881,0.227302660407158,0.2559925239695108,0.09309391590307403,0.35993575246795123,0.2504675049224967,0.2243688879863494,0.14514799131904393,0.10012157121248166,0.38502086118952933,0.13387290961814802,0.2659362159281175,0.19920880247992223,0.2538393664251145,0.16646358394328128,0.2733637490155214,0.10375194421656125,0.25943240420275204,0.002189663375440648,0.3328246144875993
0.11807321636401436,0.20126208874776633,0.3920512151944836,0.22263117516237754,0.17418009957846067,0.21020727929072794,0.2266295862178028,0.2209062377485733,0.9749540539199745,0.25723151005606787,0.21992638625033925,0.1382673321302308,0.1547484002405445,0.34027387161352296,0.3497384202203034,0.21445796552606752,0.24783249595888338,0.20995989643903237,0.1585989814816787,0.24697698624130549,0.2032339112066916,0.549568763593831,0.1557297237147369,0.2700095948831598,0.18893165375664298,0.4257121410577841,0.19546187460831832,0.3231512832586134,0.11529519569928193,0.1825595245020888,0.24753487096149865,0.28206672933670085,0.3429164225948917,0.18001314152897577,0.22048207671538497,0.23373926101565992,0.26554291046696077,0.28505986206417805,0.1949992810424306,0.0715356985703003,0.23189799926877172,0.23143372749208527,0.21778784651183375,0.1302236186547121,0.09804561066273718,0.19088435256932834,0.24997277812437915,-0.09660000205487476,0.4158807726167726
0.10816411337889902,0.21750970910031592,0.41680019508208743,0.2521813450349816,0.08565941980899992,0.09525945453990749,0.19454980839791583,0.26589973518619914,0.25723151005606787,0.8962074949616469,0.21814745028488255,0.20453228120869213,0.16796479911960324,0.20209499077708165,0.2796173647075812,0.26290191365736304,0.21729533504243803,0.3695780946955796,0.10699481036880291,0.13011137075203627,0.14670789622526786,0.26998288806388404,0.27828978655034586,0.1936617115822289,0.24543423330761846,0.24098650627656865,0.1880171824037001,0.21563838117020903,0.3033137062894665,0.18979296125407624,0.2072275173586151,0.18375832302016762,0.18288659618375364,0.3637090951097905,0.25998314181181365,0.215720791447497,0.2623574618657606,0.03297097606097086,0.24788487256875782,0.05146722455689674,0.35838566584302883,0.17375291683665367,0.17704467015816147,0.10638231107453852,0.20988884430087132,0.16422117014569756,0.3282156231506966,-0.04253232744216122,0.2059760625155355
0.12500651639636595,0.2517166577819995,0.3412962454691493,0.27983242562345817,0.2434194210223337,0.3730527715502941,0.26456303911391604,0.32460464748816453,0.21992638625033925,0.21814745028488255,0.5830132721908623,0.3100846156111426,0.37421972230385586,0.25176514804950295,0.3959737783211424,0.29770504688612914,0.3487541612766504,0.2188602235926743,0.22424424972980941,0.359220345697139,0.2475644109815776,0.27034390079360887,0.14080552296536059,0.264839688736027,0.29112002257397845,0.294795956151532,0.26996494701084384,0.2550069907095517,0.3750074960552231,0.18758709635741955,0.24456716776912996,0.3167067838859903,0.19044241034496495,0.38963486660118046,0.3273269160856761,0.23086446127006097,0.23955889574390263,0.14388565364360326,0.35982038120521487,0.13571215955948865,0.2397956822369001,0.2491375077962291,0.25197573978041815,0.13397900586253644,0.27872126239009065,0.11647594703010711,0.2542720290099451,0.0029623713965027986,0.24892816362088052
0.17378478721943422,0.22819982791023535,0.36742789741053955,0.4143502960165791,0.30836650452151176,0.3980944163888888,0.4176396311889542,0.13622782603443398,0.1382673321302308,0.20453228120869213,0.3100846156111426,0.8304839641753975,0.35549931522374567,0.2766853380313804,0.2200569675839925,0.3156820789790819,0.1754119712802436,0.26494028603795056,0.2631660453806416,0.1706275188702566,0.2573457529499764,0.23229283616748192,0.12936380046113363,0.1594232708953174,0.22224239435035822,0.38591193499190873,0.3269247698863236,0.03309228945722322,0.2792772852597889,0.0011728244438198047,0.13878658563643073,0.4473832255759539,0.18344438300149485,0.3419733134432059,-0.01715506502128739,0.20356183356017774,0.0040019883631904505,0.16627941910500169,0.2270352073322428,0.12975237582407975,0.16288249469883542,0.16577448929130179,0.23986244551503522,0.1730498425330412,0.10604184401935947,0.0717402605842053,0.19041169672275626,0.035225921176332255,0.36355392318662977
0.16933503225976734,0.18822197386472062,0.2452625664384975,0.4320874572362017,0.3715544817319327,0.39237125978019394,0.359457511658705,0.36904808360045743,0.1547484002405445,0.16796479911960324,0.37421972230385586,0.35549931522374567,0.84480433558575,0.41430743334044934,0.18745140902399127,0.34909661003207143,0.2833651136349395,0.16184527589974523,0.306072905627123,0.31374107949497293,0.2903255963361948,0.27579578822973744,0.09716402944652025,0.2598415255994463,0.28023126404132026,0.3032129773748969,0.3495277200893682,0.19829116510676362,0.4853642231635357,0.22799399690557037,0.2279055059840442,0.4156332267926029,0.1985636447080652,0.42309014567567615,0.30028799089054636,0.2711012095244196,0.11767239096253201,0.05561461092850957,0.4065427025832805,0.155448445066168,0.2899026087083029,0.23098147314801387,0.27595940644809147,0.1923269978757895,0.1944716674823297,0.08205342843119183,0.23453809880642904,0.02314791951480897,0.43384139540214206
0.1941529239263003,0.06587160343586282,0.09847839683600423,0.5995869855195527,0.32120880154588666,0.2788626500683056,0.23639548280395592,0.3329462033864513,0.34027387161352296,0.20209499077708165,0.25176514804950295,0.2766853380313804,0.41430743334044934,1.150447107225863,0.4976362065373933,0.58275596839988,0.37358185691752593,0.08389558725518816,0.24428659154916996,0.4112734695888564,0.1903487177926256,0.4499800601421354,0.10426596204939856,0.31749172453100005,0.33943607650100177,0.43440710917540337,0.3430419735446646,0.45407001857945883,0.3292811838121376,0.39699772173018083,0.3051136396345578,0.4040150587668839,0.2996444364788973,0.3776040839269501,0.5260155681082167,0.27080210948879224,0.35549386078251266,0.32628388227856525,0.24002080510699333,0.14852415968747437,0.49436682867333137,0.3531252582651034,0.3281989150977029,0.19506999693683527,-0.006106991820951036,0.024115033711969023,0.32116418252814144,0.08489524871732308,0.8293533235247825
0.13848242696467017,0.2185262299864517,0.297436665717648,0.2866503503329652,0.2595650477270032,0.294311588316371,0.18315550225657598,0.24984110095412684,0.3497384202203034,0.2796173647075812,0.3959737783211424,0.2200569675839925,0.18745140902399127,0.4976362065373933,1.0565020566791719,0.41456553216687025,0.4208306917787505,0.18105783888968657,0.23017678973908653,0.41410766415098454,0.22339591823189822,0.3766170452543723,0.17297788775874812,0.32061946806512837,0.3362394690041894,0.31656421857812617,0.26714669256600937,0.5008827513988323,0.2994944266584193,0.3660557132807893,0.3255150736692496,0.31925929850264345,0.3090908306756911,0.39953014590977465,0.5204329305072398,0.26253128211721677,0.417867076753569,0.2818052641695258,0.30802025462386634,0.12927732534396394,0.3782121894893101,0.34386166475359325,0.2781369372636519,0.1388405638410438,0.22238929637993152,0.12997102384573447,0.3357117845668327,0.02920483374232632,0.41683153552662633
0.15933675072669473,0.12083467175566805,0.18606530845215527,0.45573681628964313,0.32009090653258676,0.24222386952730476,0.32887553493370064,0.24456855790518256,0.21445796552606752,0.26290191365736304,0.29770504688612914,0.3156820789790819,0.34909661003207143,0.58275596839988,0.41456553216687025,0.8826155138625416,0.3470762115978347,0.1602650177392269,0.2693336024388834,0.3239251468750929,0.18732467345287585,0.5045956551595484,0.2452290324264997,0.3255065768714133,0.3690838385747915,0.2659996646770298,0.3698284204159306,0.3528636703004454,0.3126081532604558,0.3576681870725488,0.2701825471740477,0.4393618041473131,0.2604958942903595,0.4119258228354471,0.44830464165281336,0.2981402103497325,0.3349971962485739,0.2630945220194384,0.3438462623381862,0.1893508795901728,0.4238353691767982,0.3471938925221523,0.32382308083105615,0.22241579659639713,0.13775921851059872,0.07041740272366581,0.32378824306083837,0.013022433507871552,0.6203350122405992
0.1158460876989932,0.24129472387908596,0.2618127879516589,0.24187468305975757,0.22139074836825165,0.3049829766840996,0.2323623172794208,0.31272402900455515,0.24783249595888338,0.21729533504243803,0.3487541612766504,0.1754119712802436,0.2833651136349395,0.37358185691752593,0.4208306917787505,0.3470762115978347,0.9557436407181678,0.13765198395639971,0.2655101829608576,0.5384174304388238,0.19282155745723753,0.33231885103139924,0.07696894064771129,0.3061222391027144,0.4466036785614891,0.2373304034145005,0.2765373887196993,0.5460610635952464,0.3500446656918715,0.3379806878030238,0.29848744445983266,0.2847643335220877,0.3570826657358017,0.3984323621245313,0.5357235954447526,0.21802584710237438,0.5831678709393862,0.30320587477777683,0.3040986091737535,0.15266253693732312,0.33114302676758184,0.40712814650438534,0.3198674943989649,0.1193806770895482,0.3588248711208934,0.08499414078242705,0.34691743855120977,0.05370681324652769,0.31606388666007423
0.11523992837811066,0.42508544785835256,0.3245422506881009,0.20665414597183343,0.17890620940312943,0.23665871651510673,0.1906327230273574,0.23881215011478507,0.20995989643903237,0.3695780946955796,0.2188602235926743,0.26494028603795056,0.16184527589974523,0.08389558725518816,0.18105783888968657,0.1602650177392269,0.13765198395639971,1.1865387910388627,0.1389377979127688,-0.06650450824753494,0.3181459746782945,0.18300161159730893,0.7137144534678246,0.20828720303390774,0.26010896050399207,0.35782582763582527,0.032677673122007776,0.2662997856675825,0.3645053688039496,0.01472871817314699,0.24127144347021443,0.15501493472256,0.4175204814327516,0.31187585006734087,0.027143278165032335,0.08000042410954594,0.30250553985376216,-0.0314115743760574,0.27142977063578005,0.12208891645802007,0.21702008235561893,0.10675362421964536,0.27567435073188334,0.1027499991862349,0.4354357077306986,0.17651578507546672,0.5134373683488627,0.015489851526293478,0.17793861751959947
0.1501323021664032,0.13335419082556654,0.19923607795504134,0.12385481776898197,0.513259010911724,0.44450497634113373,0.1533255683814395,0.25899602802879595,0.1585989814816787,0.10699481036880291,0.22424424972980941,0.2631660453806416,0.306072905627123,0.24428659154916996,0.23017678973908653,0.2693336024388834,0.2655101829608576,0.1389377979127688,0.8065716542926765,0.07448022343559176,0.2833509377153273,0.25675171109984163,-0.14277515194177132,0.1423230424360903,0.16867241482324757,0.2520463785267756,0.19982708043422479,0.21579329534989078,0.24461145936885445,0.22399753886442125,0.2362114490871663,0.3279491211015814,0.2123509317224762,0.27292921465258496,0.18873448342126445,0.22144779037922413,0.10849244507194089,0.20797473929640875,0.32658868174765343,0.12210553496386138,0.23566546660844429,0.19829910733398992,0.21023297699577678,0.1830939893600556,0.2466851766859782,0.05546472694762972,0.22986753371134197,0.04839274565293654,0.29755592344787357
0.08183100326970333,0.3310496626438091,0.1613876524850732,0.2567823106258304,0.16109862109265574,0.2851708352050926,0.2304554067990969,0.2651091278679022,0.24697698624130549,0.13011137075203627,0.359220345697139,0.1706275188702566,0.31374107949497293,0.4112734695888564,0.41410766415098454,0.3239251468750929,0.5384174304388238,-0.06650450824753494,0.07448022343559176,1.3338188844911694,0.09996569149238993,0.3079504704511244,-0.027812802603554065,0.39811954304066993,0.6369155417945169,0.11313523801546026,0.3863069368130943,0.3991069306023733,0.4418281328927212,0.6071547709784534,0.3032913999446698,0.2770331788177187,0.24121689676956634,0.46390303106279684,0.5091749598999213,0.12631896969525022,0.9329908339991244,0.4335833286033544,0.4828097346773116,0.21660324479688695,0.2601363109587583,0.42938806807166274,0.5370503343004235,0.10675312307564405,0.5904710495783637,0.08074132722550942,0.3736733183138401,0.13507827532231287,0.5314759554479784
0.1292179887515557,0.19879575650378684,0.24270477692001202,0.23717097352480423,0.2446160466985282,0.3233025631937982,0.22408741592249182,0.26431203277156945,0.2032339112066916,0.14670789622526786,0.2475644109815776,0.2573457529499764,0.2903255963361948,0.1903487177926256,0.22339591823189822,0.18732467345287585,0.19282155745723753,0.3181459746782945,0.2833509377153273,0.09996569149238993,0.827601171484791,0.20739927685696719,0.3178304839444769,0.1784672463925876,0.19079327481200392,0.3118990757510293,0.17692876344109545,0.2553180792124698,0.2748922098751253,0.13818872794151796,0.2355981059582172,0.3540427520983336,0.3837338117000133,0.26270137790965054,0.09535038225007002,0.2641122912875867,0.044497427977581806,0.16256904449517603,0.3131878305931281,0.2564827220100757,0.24172185315594422,0.20757298374910085,0.2928383130803646,0.2601168840216993,0.5267198534110841,0.09500628169437536,0.3202319142087399,0.057575292934121176,0.23139544267644804
0.15128239355249568,0.180441632060657,0.30864496337717173,0.33928542472449175,0.25791358780507195,0.26177282990467476,0.29124372422601424,0.25271965302858085,0.549568763593831,0.26998288806388404,0.27034390079360887,0.23229283616748192,0.27579578822973744,0.4499800601421354,0.3766170452543723,0.5045956551595484,0.33231885103139924,0.18300161159730893,0.25675171109984163,0.3079504704511244,0.20739927685696719,0.8608185287499811,0.17980613335051143,0.29969918244458804,0.3153397950309028,0.34605935919962805,0.3018771301298695,0.34058219801734013,0.22564378502491497,0.31109653407354326,0.26793818429907257,0.40990560144389754,0.33818194082548514,0.2918487199789424,0.30954311973011145,0.3390104972017264,0.3173902686575695,0.3692747995869734,0.29313241524018746,0.15464040533719114,0.3252732062193605,0.3242221802160875,0.3175300545142112,0.1964380291590124,0.12198576337451729,0.22635782869478877,0.3190667560290301,-0.17778474883530856,0.6259042226617628
0.003348681744451526,0.10966520625211483,0.11181258672959746,0.25527031662226174,-0.005441667930428,0.056884151511072865,0.1419878321657369,0.10037145886625588,0.1557297237147369,0.27828978655034586,0.14080552296536059,0.12936380046113363,0.09716402944652025,0.10426596204939856,0.17297788775874812,0.2452290324264997,0.07696894064771129,0.7137144534678246,-0.14277515194177132,-0.027812802603554065,0.3178304839444769,0.17980613335051143,2.143768231243756,0.631223662936511,0.9466193274795512,-0.20684944964971877,0.08724051676190901,0.2608899827409162,0.39526799158041054,0.2505757161224445,-0.0449129400640962,0.026468233364839482,0.7136616962918613,0.3725536335761513,-0.13860324160371643,-0.013043966121963863,0.5986434750534418,-0.2254679556447688,0.5784156183127754,0.17021725799069498,0.11987008652175869,0.1277959385943987,0.23737507998203608,0.22355161168989174,0.321719840098766,0.12649865980700378,0.5679310437211226,0.15595226869090878,0.5166739660037025
0.0509402187007118,0.0780345938162749,0.15362596786188457,0.33375930243817414,0.18289344417511882,0.22450282424627713,0.22918629059405227,0.1939638143713073,0.2700095948831598,0.1936617115822289,0.264839688736027,0.1594232708953174,0.2598415255994463,0.31749172453100005,0.32061946806512837,0.3255065768714133,0.3061222391027144,0.20828720303390774,0.1423230424360903,0.39811954304066993,0.1784672463925876,0.29969918244458804,0.631223662936511,1.2099217434650729,0.550048017943861,0.01891887508159758,0.2413009601555913,0.37388677761364353,0.21347997694653909,0.42229532561230365,0.34219149195873483,0.19538373888953642,0.399419893553046,0.20533455123039007,0.30177225244287503,0.18974495057186852,0.4643074233039212,0.21025760379741046,0.3256694474063107,0.12221170698822807,0.2711368901710086,0.2671190685896212,0.22301709342045817,0.16756055934363073,0.14349500735307547,0.09229811106429583,0.3586973968491327,0.06245666274227158,0.5153144483855756
0.0890108539561233,0.3090229293268181,0.20711533522095088,0.2558077828650284,0.18082137371855067,0.29438288011745695,0.18962269534916457,0.20465458698286967,0.18893165375664298,0.24543423330761846,0.29112002257397845,0.22224239435035822,0.28023126404132026,0.33943607650100177,0.3362394690041894,0.3690838385747915,0.4466036785614891,0.26010896050399207,0.16867241482324757,0.6369155417945169,0.19079327481200392,0.3153397950309028,0.9466193274795512,0.550048017943861,2.669762956297372,0.007332877032442115,0.3365234460535669,0.3579669293089793,0.695672312008398,0.7839394261969959,-0.2590844124212106,0.27447250012051955,0.3148584184347736,0.843922751918196,0.5481104490810436,0.18340966961101268,1.0144876566794576,0.21669660457714604,0.5050332240410156,0.16351317585291694,0.4437853935662038,0.4659206726516349,0.538626650478969,0.3049726996403445,0.6862279338657812,0.15302158163758678,0.5749035031431361,0.016689896082886794,0.04922491474897671
0.13942167366563835,0.23202552093271905,0.30879680450342223,0.3411199657378085,0.32201637373950265,0.37081846392151807,0.26393014910440493,0.4006642625449875,0.4257121410577841,0.24098650627656865,0.294795956151532,0.38591193499190873,0.3032129773748969,0.43440710917540337,0.31656421857812617,0.2659996646770298,0.2373304034145005,0.35782582763582527,0.2520463785267756,0.11313523801546026,0.3118990757510293,0.34605935919962805,-0.20684944964971877,0.01891887508159758,0.007332877032442115,1.8916966354607514,0.28655253553942117,0.4563320759645563,-0.06402578016965253,-0.2339326535685127,0.17636660829730472,0.6335736136732207,0.31014693723251563,0.3634029308062351,0.5820041533653199,0.33423845689824233,-0.47133495404098125,0.30942044382132783,-0.2739859037712904,0.14229603578581448,0.6260866687317076,0.3110636440720975,0.26005925928407403,0.1337619000648494,-0.34851079142400476,-0.11181990904966996,0.05863172550469008,0.16264814705814531,0.7840405947935031
0.11736916530682513,0.20620325415992427,0.23634314143666454,0.30396991106008714,0.220763822213021,0.28815802474566293,0.2564804360050202,0.23899760975765588,0.19546187460831832,0.1880171824037001,0.26996494701084384,0.3269247698863236,0.3495277200893682,0.3430419735446646,0.26714669256600937,0.3698284204159306,0.2765373887196993,0.032677673122007776,0.19982708043422479,0.3863069368130943,0.17692876344109545,0.3018771301298695,0.08724051676190901,0.2413009601555913,0.3365234460535669,0.28655253553942117,0.643880604244824,0.2667399200485561,0.23019534794805652,0.265758540054338,0.20500466007839194,0.43472439005155233,0.22377818660626747,0.3566595601084793,0.3297180534646816,0.3033481812582003,0.23808176073128795,0.23336657833029797,0.26100719959494983,0.1499077268715182,0.3173438522421663,0.28359776593786484,0.35430743191864467,0.14857790530191026,0.12493660888669426,0.06459543711758954,0.19420720491942686,0.05118156840836232,0.43299268922752077
0.09915976758048989,0.182491580392322,0.12423682052996787,0.1396203785482692,0.1676957151048468,0.13955493944862082,0.1460063693934827,0.11944651541504508,0.3231512832586134,0.21563838117020903,0.2550069907095517,0.03309228945722322,0.19829116510676362,0.45407001857945883,0.5008827513988323,0.3528636703004454,0.5460610635952464,0.2662997856675825,0.21579329534989078,0.3991069306023733,0.2553180792124698,0.34058219801734013,0.2608899827409162,0.37388677761364353,0.3579669293089793,0.4563320759645563,0.2667399200485561,1.5150015107312247,0.0065001708315508685,0.3559844560889329,0.33858347664574545,0.30485374487698935,0.8469834932913461,0.21357154789317698,1.2356956614582528,0.16870387290963806,0.5212210532886051,0.3145820039417418,0.17244619744229064,0.15391967385630956,0.43459593819365583,0.43409732538353085,0.29547794078649375,0.06727271730781971,0.18625304503662723,-0.07552466689490983,0.35820033237398463,0.18771527887818193,0.6189112688126089
0.12382753577869862,0.48554038259244386,0.34245961265289054,0.29376677048321787,0.25237409155864254,0.45521161876173727,0.2212724600399085,0.3693113040625567,0.11529519569928193,0.3033137062894665,0.3750074960552231,0.2792772852597889,0.4853642231635357,0.3292811838121376,0.2994944266584193,0.3126081532604558,0.3500446656918715,0.3645053688039496,0.24461145936885445,0.4418281328927212,0.2748922098751253,0.22564378502491497,0.39526799158041054,0.21347997694653909,0.695672312008398,-0.06402578016965253,0.23019534794805652,0.0065001708315508685,2.6549424048242978,0.4264124646269097,0.13122969306498242,0.3121457585132293,0.1967115751565221,0.9713690210203567,-0.011778915119219595,0.42416165395689437,-0.12281281236653036,-0.43227926155606944,0.7339550422486666,0.15980264378873318,0.4910439797541114,0.07816503808939367,0.1889308947456828,-0.0710658452684955,0.5648343355233492,0.188096940986803,0.4154152493482314,-0.11634731985941116,0.5239684343279146
0.09976282852442724,0.06606633506027078,-0.18920704013194328,0.18654686927414002,0.18062340346980646,0.10633331269982371,0.12618089571485275,0.1958331388506881,0.1825595245020888,0.18979296125407624,0.18758709635741955,0.0011728244438198047,0.22799399690557037,0.39699772173018083,0.3660557132807893,0.3576681870725488,0.3379806878030238,0.01472871817314699,0.22399753886442125,0.6071547709784534,0.13818872794151796,0.31109653407354326,0.2505757161224445,0.42229532561230365,0.7839394261969959,-0.2339326535685127,0.265758540054338,0.3559844560889329,0.4264124646269097,2.2510719375307158,0.4262715343039137,0.12676819866001388,0.12806859651588162,0.2504024248971645,0.7958611376667984,0.38153216740005125,0.8010119231463144,0.38271943837506806,0.6358340879702767,0.12991146299234235,0.7747404058806727,0.4297713134211148,0.7646047570466086,0.3716974412399934,0.9168176884197743,0.15863057837454547,0.8576580211923468,0.08588345605075216,0.6048202416369156
0.11425278442378428,0.16705480578415968,0.17206580433680965,0.2194201469335901,0.25338639095764554,0.22157304827306815,0.18130710366289024,0.227302660407158,0.24753487096149865,0.2072275173586151,0.24456716776912996,0.13878658563643073,0.2279055059840442,0.3051136396345578,0.3255150736692496,0.2701825471740477,0.29848744445983266,0.24127144347021443,0.2362114490871663,0.3032913999446698,0.2355981059582172,0.26793818429907257,-0.0449129400640962,0.34219149195873483,-0.2590844124212106,0.17636660829730472,0.20500466007839194,0.33858347664574545,0.13122969306498242,0.4262715343039137,1.1901871059960771,0.21595400010567778,0.20611955137304208,0.24256562919876942,0.39955486404775903,0.3370576547186587,0.33528404373025517,0.46733785992718757,0.3312848884838838,0.11543919653410357,0.37732127609241845,0.27781656050625264,0.2412995993043607,0.24888464604429195,0.2354902376254399,0.03709736224033243,0.3291548928231423,0.0694777964005549,0.28264082149138287
0.13047732964408204,0.20064921018980122,0.2526536625966696,0.3692657808333706,0.37207559700432535,0.41119905809281004,0.3008328158566602,0.2559925239695108,0.28206672933670085,0.18375832302016762,0.3167067838859903,0.4473832255759539,0.4156332267926029,0.4040150587668839,0.31925929850264345,0.4393618041473131,0.2847643335220877,0.15501493472256,0.3279491211015814,0.2770331788177187,0.3540427520983336,0.40990560144389754,0.026468233364839482,0.19538373888953642,0.27447250012051955,0.6335736136732207,0.43472439005155233,0.30485374487698935,0.3121457585132293,0.12676819866001388,0.21595400010567778,1.1796602352302787,0.32349923363144134,0.5491824695866268,0.34899895853105134,0.3683688529025873,-0.045552932657949075,0.35786895223162346,0.21160454958388616,0.17202623161246924,0.4107133786244406,0.3250542055219118,0.3048697470054752,0.1978895429471752,-0.009244615554962636,-0.008257555241892364,0.24416138548985497,0.0690331119942027,0.6246059379323258
0.14109097655141167,0.17127038317561838,0.14935614320840648,0.26527795659579323,0.19259325940332966,0.0760002427934439,0.25983579324455247,0.09309391590307403,0.3429164225948917,0.18288659618375364,0.19044241034496495,0.18344438300149485,0.1985636447080652,0.2996444364788973,0.3090908306756911,0.2604958942903595,0.3570826657358017,0.4175204814327516,0.2123509317224762,0.24121689676956634,0.3837338117000133,0.33818194082548514,0.7136616962918613,0.399419893553046,0.3148584184347736,0.31014693723251563,0.22377818660626747,0.8469834932913461,0.1967115751565221,0.12806859651588162,0.20611955137304208,0.32349923363144134,2.318586736658621,-0.14565584769474219,-0.35204904670222226,-0.11152337611300304,0.37436970574053424,0.14627611625605438,0.06014344395110782,0.17174726297002219,-0.2684846275761512,0.2550430086248015,0.2497534933239556,0.12291365225282323,0.4088824939273863,-0.06681554150747325,0.5255561648635616,0.22984305370750782,0.6541796547819061
-0.015855654776923137,0.30056934331741697,0.27609401604261113,0.33111798310514645,0.40865966954876276,0.40255505701347405,0.28377465541994373,0.35993575246795123,0.18001314152897577,0.3637090951097905,0.38963486660118046,0.3419733134432059,0.42309014567567615,0.3776040839269501,0.39953014590977465,0.4119258228354471,0.3984323621245313,0.31187585006734087,0.27292921465258496,0.46390303106279684,0.26270137790965054,0.2918487199789424,0.3725536335761513,0.20533455123039007,0.843922751918196,0.3634029308062351,0.3566595601084793,0.21357154789317698,0.9713690210203567,0.2504024248971645,0.24256562919876942,0.5491824695866268,-0.14565584769474219,2.0043966315168666,0.6541047296762128,0.28441769235285563,0.5893763623164165,0.06802406505067275,0.4911324475348174,0.1071744830206586,0.8693019916512362,0.4126135888640346,0.4557720783689786,0.2907930071298831,0.23793141572133414,-0.1498503616402551,0.43699000983460706,0.14738598142767328,0.5420706240858109
0.05171198687751629,0.12523860864263336,0.03275922071397421,-0.01593568571561984,0.12279599818219424,0.1586863116552167,0.06280883776653812,0.2504675049224967,0.22048207671538497,0.25998314181181365,0.3273269160856761,-0.01715506502128739,0.30028799089054636,0.5260155681082167,0.5204329305072398,0.44830464165281336,0.5357235954447526,0.027143278165032335,0.18873448342126445,0.5091749598999213,0.09535038225007002,0.30954311973011145,-0.13860324160371643,0.30177225244287503,0.5481104490810436,0.5820041533653199,0.3297180534646816,1.2356956614582528,-0.011778915119219595,0.7958611376667984,0.39955486404775903,0.34899895853105134,-0.35204904670222226,0.6541047296762128,3.6986961592262038,0.2918139671739213,0.27820906547798635,0.2310552538824889,0.3667708842768424,0.1531120011526771,0.8352221672386658,0.650238667942986,0.40220072862612327,-0.07252761930861419,0.17544900400778554,-0.09965065436093623,0.3100101767395781,0.11629720224080223,0.5860451189471833
0.11070855244168414,0.15766865963423504,0.364623729528779,0.24684186167949607,0.1765096845237915,0.2049647147723573,0.21626624606364422,0.2243688879863494,0.23373926101565992,0.215720791447497,0.23086446127006097,0.20356183356017774,0.2711012095244196,0.27080210948879224,0.26253128211721677,0.2981402103497325,0.21802584710237438,0.08000042410954594,0.22144779037922413,0.12631896969525022,0.2641122912875867,0.3390104972017264,-0.013043966121963863,0.18974495057186852,0.18340966961101268,0.33423845689824233,0.3033481812582003,0.16870387290963806,0.42416165395689437,0.38153216740005125,0.3370576547186587,0.3683688529025873,-0.11152337611300304,0.28441769235285563,0.2918139671739213,2.2104293843713494,-0.2298913977020979,-0.023011484979568758,0.2674978425955902,0.24873214773419886,0.7699728382312517,0.3446591684835727,-0.056943895370364345,0.0920511541698488,0.412973092306764,0.43858655340546404,-0.14873716262085976,-0.3954144810185768,-1.1313830772085716
0.06567544691617672,0.4358027215893243,0.195843600472423,0.1344011989570812,0.20516670625120784,0.13181313576708134,0.14366676358448632,0.14514799131904393,0.26554291046696077,0.2623574618657606,0.23955889574390263,0.0040019883631904505,0.11767239096253201,0.35549386078251266,0.417867076753569,0.3349971962485739,0.5831678709393862,0.30250553985376216,0.10849244507194089,0.9329908339991244,0.044497427977581806,0.3173902686575695,0.5986434750534418,0.4643074233039212,1.0144876566794576,-0.47133495404098125,0.23808176073128795,0.5212210532886051,-0.12281281236653036,0.8010119231463144,0.33528404373025517,-0.045552932657949075,0.37436970574053424,0.5893763623164165,0.27820906547798635,-0.2298913977020979,3.1354506895793857,0.6837539988178643,0.286812071361844,-0.035713962292183515,0.26126878760085076,0.6448461016555865,0.586509343515422,0.21255075212592958,0.7182709177425037,0.25765377056744737,0.7124983785276067,0.13546518150463077,-0.07500613434359729
0.11810947095191529,0.12105302089356841,0.11369108127971214,0.18102054638467127,0.19116975215616208,0.26250599931807,0.11717523300196166,0.10012157121248166,0.28505986206417805,0.03297097606097086,0.14388565364360326,0.16627941910500169,0.05561461092850957,0.32628388227856525,0.2818052641695258,0.2630945220194384,0.30320587477777683,-0.0314115743760574,0.20797473929640875,0.4335833286033544,0.16256904449517603,0.3692747995869734,-0.2254679556447688,0.21025760379741046,0.21669660457714604,0.30942044382132783,0.23336657833029797,0.3145820039417418,-0.43227926155606944,0.38271943837506806,0.46733785992718757,0.35786895223162346,0.14627611625605438,0.06802406505067275,0.2310552538824889,-0.023011484979568758,0.6837539988178643,2.4872576780709084,-0.14809747673425527,0.08948321437358445,-0.04835556651608083,0.45587216327730684,0.6793865791298163,0.5536311532953591,-0.9432021392903461,-0.09725794910005421,0.28878630123462956,0.3562240361457415,0.6397373063726983
0.11904236361243242,0.21754923467681758,0.22146202140416713,0.26910077624620615,0.27045075046498307,0.38728335641359335,0.22885104404702905,0.38502086118952933,0.1949992810424306,0.24788487256875782,0.35982038120521487,0.2270352073322428,0.4065427025832805,0.24002080510699333,0.30802025462386634,0.3438462623381862,0.3040986091737535,0.27142977063578005,0.32658868174765343,0.4828097346773116,0.3131878305931281,0.29313241524018746,0.5784156183127754,0.3256694474063107,0.5050332240410156,-0.2739859037712904,0.26100719959494983,0.17244619744229064,0.7339550422486666,0.6358340879702767,0.3312848884838838,0.21160454958388616,0.06014344395110782,0.4911324475348174,0.3667708842768424,0.2674978425955902,0.286812071361844,-0.14809747673425527,1.9033773749658327,0.3521632895459326,0.21353824372050242,0.11959736687879484,0.3839630247029642,0.28860809362971646,1.1491389055398868,0.1620283993555896,0.5207816871914339,-0.07440825829481006,0.7032286956630424
0.046463561236130844,0.006589316951610063,-0.1349487543271035,0.16149904067008064,0.16180718505075103,0.15735987280573063,0.11438171346685855,0.13387290961814802,0.0715356985703003,0.05146722455689674,0.13571215955948865,0.12975237582407975,0.155448445066168,0.14852415968747437,0.12927732534396394,0.1893508795901728,0.15266253693732312,0.12208891645802007,0.12210553496386138,0.21660324479688695,0.2564827220100757,0.15464040533719114,0.17021725799069498,0.12221170698822807,0.16351317585291694,0.14229603578581448,0.1499077268715182,0.15391967385630956,0.15980264378873318,0.12991146299234235,0.11543919653410357,0.17202623161246924,0.17174726297002219,0.1071744830206586,0.1531120011526771,0.24873214773419886,-0.035713962292183515,0.08948321437358445,0.3521632895459326,1.2086236567296886,-0.0516345650176876,0.2592577442960159,0.3984236371034614,0.15957011649361746,1.1346027879062783,0.2062870673587181,0.22922458126362427,0.009557377948397738,-0.04666249442905588
0.09136077897100231,0.10418576429133476,0.09043359153292381,0.3046271624483839,0.3006087722274977,0.06242980685495404,0.25870475059389475,0.2659362159281175,0.23189799926877172,0.35838566584302883,0.2397956822369001,0.16288249469883542,0.2899026087083029,0.49436682867333137,0.3782121894893101,0.4238353691767982,0.33114302676758184,0.21702008235561893,0.23566546660844429,0.2601363109587583,0.24172185315594422,0.3252732062193605,0.11987008652175869,0.2711368901710086,0.4437853935662038,0.6260866687317076,0.3173438522421663,0.43459593819365583,0.4910439797541114,0.7747404058806727,0.37732127609241845,0.4107133786244406,-0.2684846275761512,0.8693019916512362,0.8352221672386658,0.7699728382312517,0.26126878760085076,-0.04835556651608083,0.21353824372050242,-0.0516345650176876,2.7125643500552936,0.3426399061322494,-0.017011646978137295,0.5093597312471064,-0.47040806501783594,0.01028548567002607,0.5225710304776872,0.2502210555946899,1.2002925549637748
