0.9808013651376694,0.24202788659532717,0.37335761730133443,-0.22977586004675934,0.20792732504783623,0.019787893687350105,0.19328133273562192,0.029552792221383038,0.03149684445993016,0.06645296374457262,0.07076665247712433,0.1168880049860229,0.04636694162810069,0.06602486288770092,0.07125859775094279,0.08599425246337065,0.06877345945997901,0.11016448167276942,0.08662299371776395,0.016102155858788766,0.04455175571794253,0.04351550106822022,0.0107701598677536,0.0393468893681155,0.04634746144537522,0.020421398923738048,0.05864666163008079,-0.013930242127055152,0.05187391814087956,-0.021153634366852192,0.10431074731031596,0.08780856486394441,0.0682851460527121,-0.04927510679272075,-0.06938429932845051,0.09900631308253943,0.1421830352738894,0.05039588733457993,-0.0005286079784727941,-0.07318339349953494,0.03879062944481762,0.037665630084259515,-0.024770210700514002,-0.005683643685847474,0.04745241277016103,0.14183674230571205,0.10019521097572018,-0.007961147198122251,-0.08208586192538417,0.027549322530456583,-0.010345834163110164,-0.08623692854299932,0.14096452748796984,-0.029334936929048188,0.1382075224204139,-0.03331721284484957,0.10040524798997835,0.09804655610835077,-0.3105932853461073
0.24202788659532717,2.436266382635138,0.3548380114565848,-0.6484048548573594,-0.07378323575744974,0.09533852062118965,0.08968384431785142,0.050439120461542516,0.03648701509515916,0.1480603772524958,0.08125381246250443,0.0773414996238638,0.012645690744326843,-0.06683493670910262,0.0684688202471203,0.06814451322754508,0.21322742244374995,0.4456218426660559,0.045513099053027355,-0.09133127289350816,0.030294150881508056,-0.003218906920381112,-0.03815584133910796,0.011504809849557476,0.04644354202327377,-0.04522397346881929,0.08684872825846164,0.15976552360601828,0.17625588624589933,-0.02939058428338415,0.06046121711953374,0.07554253945887024,0.10562433076215687,-0.034382692243008224,-0.2599614451962393,0.2524489224381821,0.42121395347484514,-0.0035122184068239024,-0.05076789352292639,-0.09417228516266105,0.04889985029011192,0.027507606133929777,-0.16937300127880914,0.006204197570928153,-0.12243508862480158,0.16720473533078972,0.02451588716779817,-0.03376842637189242,-0.1982658756049863,-0.1356813648590535,0.26715183549271504,0.10428443271004818,0.09672733861160218,-0.25498636778072437,-0.44566192114412123,-0.023190441623755217,0.06118685285383219,0.17748345359212697,0.14956998879879996
0.37335761730133443,0.3548380114565848,2.0577408628724405,-0.09919562884107302,0.13236180822184881,0.13839469205082985,0.18382249330290748,0.14583441027755076,0.14993750348166715,0.16600685063859782,0.0692182775318046,0.14701057575734638,0.0948943144795756,0.01366372451651415,0.14583371633048253,0.12640402122921934,0.25174806928532334,0.19490482156245184,0.1686971509611286,0.23634708165026672,0.11056792675266408,0.08902960806875126,0.09882128052856748,0.06590158195725764,0.09555994363001308,0.28946214069857296,0.12459008028087802,0.1846572344584463,0.18251724657740875,-0.5433497555783154,0.18430698103946128,0.05204558325005512,0.3786182645100717,0.5081581066013204,-0.3481352259008754,0.41463453181866683,0.15643884630873503,0.17920561625478118,0.1021785168699617,-0.45112524067436016,0.11785973706704804,0.11796508634264855,-0.09695217358603662,0.07187197245820191,0.2933190492094288,0.4997391055960347,0.17190880715315018,-0.007894165242928875,-0.43017526545216805,0.12638883385435537,0.12396231021807756,0.09838699048607724,0.04555246405923873,-0.26678621708122174,0.03060795362725398,0.03377740628363272,-0.13128464241471816,-0.036752084143152355,-0.04666805774922089
-0.22977586004675934,-0.6484048548573594,-0.09919562884107302,2.683864106504122,0.3640992788280925,0.3814152133684418,0.31394839203557984,0.5122701695461666,0.04717009144890271,0.1062107130869315,0.26007611316646956,0.30128938141840533,0.21887648659251938,0.5281988820682223,0.2063214765446438,0.328962902468166,0.22612069969183254,0.06415355975486409,0.317483593443868,0.4009359422733037,0.2126188190103838,0.2963101280712213,0.4099883687044219,0.274433872457088,0.33826543906868,0.3466154635178703,0.20860297024910596,0.009154431224738607,0.3985442461396505,0.1809600372300915,0.10239713543334356,0.23496389276706417,0.13355878395145462,0.5274761818601165,0.2799867122491733,0.1535892810686947,0.09470623413001569,0.201983628562471,0.3949150120902525,0.22356249511217424,0.2208234718857922,0.2210794263211547,0.2991270053437565,0.057334818779108926,0.1853326680923661,0.2646492100886721,0.4566973621713614,0.025767642865619153,0.30144899909355327,0.2512074793515076,-0.043767564867264325,-0.02486548868661256,-0.23891472253693158,-0.1312443882302031,-0.062423905954572916,-0.0018340655180995962,-0.17640111729627458,0.16659199146672735,0.04709180255864424
0.20792732504783623,-0.07378323575744974,0.13236180822184881,0.3640992788280925,1.187666217051814,0.10865411232910788,0.18141604521975943,0.19727800863612316,-0.048244544781559644,0.0854617335258127,0.1323391272366056,0.17688272522691556,0.10471226098667899,0.16836730995286314,0.20956791877324868,0.17123605395794086,0.06556469331159052,0.04595953887635854,0.4962947114821368,0.10776178320934837,0.04319450588012601,0.09503936139975687,0.2692028787588702,0.08081271748750755,0.12928849970834339,0.16435632304289535,0.05751498403713639,-0.03468744610129685,0.2217446068460562,-0.29539013926562835,0.05739999843822313,0.14035793095208599,0.13079981165282126,0.36794205552095305,-0.10251354231454746,0.03845388040164865,0.12968998141568117,0.0786440646879988,0.25484641788091067,0.023785164671223647,-0.005017823133356515,0.058250041834392974,-0.015199798522333503,-0.030323352446398204,-0.13289774664576362,-0.013472888150942415,0.2267719475025418,0.0003896286637973154,0.04722423533979552,0.34212318732552394,-0.16776965340559072,-0.2650260872863155,0.07208473107451684,-0.10991701866661892,0.0002752861096499318,-0.1191693150254279,0.009977648086015598,0.1483084146417614,-0.055943934646642865
0.019787893687350105,0.09533852062118965,0.13839469205082985,0.3814152133684418,0.10865411232910788,0.6696358122294973,0.07515216698269982,0.42763757081327963,0.08990281713160779,0.1351081781419478,0.25670520597405955,0.2629712070980788,0.17013439052586732,0.2520961654345721,0.14862905041086327,0.21043871561804794,0.27446909075149845,0.1742420537465379,0.2895918564277842,0.3560852004693374,0.16086128280866346,0.2827119263774907,0.33775450297442017,0.16382500102083974,0.2838586547155648,0.2828187547507689,0.1975282876867448,-0.013590458352305825,0.45102307985191953,0.12437598701823313,0.0862528772858348,0.2440047456239641,-0.01852881936000423,0.3079546276057444,0.10020956244405473,0.22490709911105733,0.14882968849554495,0.19498064846625304,0.26294163198461457,0.12813790764028327,0.14799438962215128,0.16941950600416747,0.1577521451641556,0.04667440372014383,0.10398895772150135,0.2647667758216855,0.2920374725502596,-0.0015471023664463917,0.23471362263925136,0.05153388868822757,-0.13371056633956713,-0.2776878551508938,0.18877728121925547,-0.005069209469317213,-0.07298798101042912,-0.0003909328957202074,0.012125405519747905,0.15856485010026816,-0.1384579486151765
0.19328133273562192,0.08968384431785142,0.18382249330290748,0.31394839203557984,0.18141604521975943,0.07515216698269982,0.5751567582563719,0.15770174345590338,0.10097453983483287,0.028208394242876182,0.18596889279727888,0.2619881635842534,0.12454387457466666,0.12665521040186883,0.1231618796689553,0.18068364572436815,0.12238470192222284,0.18105226746357556,0.09957174215675565,0.18571851023648325,0.12684574149436617,0.19425950062727068,0.19549344474602248,0.12588595794804233,0.18548986285515917,0.16518393564075132,0.14362221307920914,-0.029074603284683392,0.20688406712906382,0.07231587188940405,0.062009068868341635,0.12660547017791685,0.10954457556593998,0.23076003449242713,0.06617538692898534,0.17012659913585582,0.1028739955649058,0.10438360336060114,0.14751419403989482,0.05051390879421087,0.1522397562128497,0.12158543179903296,0.12027919346969111,0.013570265844803853,0.12477993086970932,0.21881562049111436,0.1878910543385249,0.011518886245060483,0.17740546706584204,-0.024026976749798975,-0.005982005844659832,-0.08372410944052926,0.09591334991819032,-0.039630469481378314,0.008829496561151007,0.0618618479090807,-0.0629683812830896,0.11810346688054181,-0.2031342442316359
0.029552792221383038,0.050439120461542516,0.14583441027755076,0.5122701695461666,0.19727800863612316,0.42763757081327963,0.15770174345590338,0.7842163421051778,-0.016717460249729362,0.199868304854567,0.2641828996988859,0.1512066133866021,0.21778770878264447,0.2865891151579279,0.1463297118464684,0.24245993716613307,0.3240458246583851,0.229802881465435,0.2606133520707266,0.36366693684540413,0.18630608038197197,0.30690872645524714,0.3544769451337459,0.1689999355210086,0.3023237057464689,0.3101921508531543,0.20019980536537166,-0.08210001020551098,0.4233420699198142,0.1447730193313382,0.10804149515340951,0.19209321004244273,0.09759450676949948,0.3587771065598602,0.12897715461956222,0.2416997268992834,0.18255283745255307,0.19578101565219297,0.37041499088850144,0.1534718049055628,0.18828285194693667,0.18911313002572475,0.1772169141256176,0.05680092324146692,0.12837498364758707,0.3172126668087172,0.40533078346473006,-0.008198302310297546,0.27739050536438326,0.2175881298194161,-0.025564871312517733,-0.19155844816833237,0.08831784204756042,-0.13922663867988036,-0.0937387001953396,-0.003939866280348467,-0.025216488572415555,0.23399109576676597,-0.12650991011603885
0.03149684445993016,0.03648701509515916,0.14993750348166715,0.04717009144890271,-0.048244544781559644,0.08990281713160779,0.10097453983483287,-0.016717460249729362,0.5474786760912301,0.14598979499879344,0.08852104672603987,0.12829476781365023,0.07198693558912898,0.09235705457014284,0.11587144215545343,0.09221936326406019,0.06575430196116183,0.18174175200335665,-0.06757246577690208,0.15003655791938816,0.12717217931137495,0.09233028927465063,0.11147320301374117,0.14555938780296723,0.11470227802543624,0.18206692726674797,0.10131520993970507,0.14776375356383079,0.07499810173803928,0.14571977317020174,0.12415523878093038,0.10174780501147883,0.19935100927378557,0.055519190406597786,0.13499699271424673,0.08490434402896099,0.18124844519482763,0.08476490281653581,0.09973292437964973,0.02602737385452562,0.16944709405894298,0.12691812913457023,0.09435474384690008,0.014025789362036648,0.19318790235356897,0.1977464413606928,0.2683254203543437,0.06606105794719774,0.2293136746215926,-0.05113926537852603,-0.08821065986816999,-0.26102594474174373,0.2680166409615432,0.021269480009720107,0.05064925985205216,0.11623353387343173,-0.01638301469935952,-0.11920594740622585,-0.041177231382576986
0.06645296374457262,0.1480603772524958,0.16600685063859782,0.1062107130869315,0.0854617335258127,0.1351081781419478,0.028208394242876182,0.199868304854567,0.14598979499879344,0.8724027240073507,0.21559984088149214,0.21614466423265696,0.1768851500887634,0.12886897778254414,0.17925879099223113,0.16561373684708736,0.2727496539705848,0.3898666756718289,0.08121941520518242,0.4694964350388938,0.23273903446993366,0.20705930590768132,0.3134718939846915,0.2269582126871343,0.24481438013177825,0.2671924355271901,0.2304590082861256,0.1999527430338389,0.3544538114503318,0.20430468078417857,0.24673977150873422,0.2776985857136499,0.2055243068205909,0.5118702779606598,0.28417538002005754,0.2914097000176753,0.27675246710279167,0.26572901867260124,0.39960794622133305,0.24835198836251127,0.5175817504282352,0.24984185428824648,0.14829230243297156,-0.001331876946567751,0.3232207165543697,0.4599732335704635,0.9185369673843001,0.06739671591999839,0.14349312909681974,0.04588440602918472,-0.0037633386342088055,-0.0818560654960668,0.15753687192397248,-0.07202143837199,-0.07470785714079753,-0.08454298949837995,0.1795697445578076,-0.041146412247026504,-0.10044988742830116
0.07076665247712433,0.08125381246250443,0.0692182775318046,0.26007611316646956,0.1323391272366056,0.25670520597405955,0.18596889279727888,0.2641828996988859,0.08852104672603987,0.21559984088149214,0.5221477623812244,0.3306283865785748,0.19073365192642552,0.19311478138086038,0.26191274007302656,0.22679910977291998,0.3163825479008759,0.23339847073449865,0.12132381652726397,0.2684718916403841,0.18219287280364027,0.22029512847045987,0.3061473189049035,0.2027219538997564,0.28989780361979817,0.2446558467650009,0.20987198804092091,0.10122046689727672,0.3457447235683068,0.2513396822395009,0.12197637543611585,0.21523886632563366,0.1319723706695992,0.24233523184553907,0.2313593174665468,0.2260870531623187,0.14786858232322556,0.1480773029747175,0.21875644247195852,0.15769396755341608,0.2720914259140148,0.1861079874182805,0.20096686090662838,0.025050566068065154,0.21650239778234623,0.3480640638846389,0.44599229654996386,0.04691350557290892,0.11721558094725278,-0.03817887505829095,-0.07288692459522138,-0.23803641123450398,0.24131293442765758,0.05655662566325762,-0.04176884494423687,0.04011230487303697,-0.025592466351793405,0.14157787673079866,-0.17993359946130402
0.1168880049860229,0.0773414996238638,0.14701057575734638,0.30128938141840533,0.17688272522691556,0.2629712070980788,0.2619881635842534,0.1512066133866021,0.12829476781365023,0.21614466423265696,0.3306283865785748,0.6063596658045035,0.11588312583972525,0.21655163562671842,0.18838198017738228,0.25307700082554363,0.22024652456823418,0.2548485947596677,0.14190123762497628,0.2890538606146398,0.16727385804468556,0.2083860866159781,0.32294722734001413,0.20498465479448963,0.3310508895765022,0.22118044222821492,0.23811583955713408,-0.06892433086303798,0.36268176826587595,0.201115261975561,0.07988150125731687,0.2654978685085767,0.08016133513258121,0.3293261012821836,0.20754567760120649,0.2250739293328123,0.1531802803865848,0.1725558062350565,0.195658329483163,0.14957082249282908,0.2758185591000074,0.18048413252512274,0.20362485433122463,0.011711074605139682,0.25018510588108556,0.3464061859229703,0.4708912926633208,0.05265050974376424,0.1932233911537191,-0.11137957478595138,-0.06063076799039558,-0.25760100226758736,0.27498687979411873,0.05907739691991774,-0.08439233268750558,0.048594121142865515,0.038728659668488895,0.13213315584170465,-0.29402105572363946
0.04636694162810069,0.012645690744326843,0.0948943144795756,0.21887648659251938,0.10471226098667899,0.17013439052586732,0.12454387457466666,0.21778770878264447,0.07198693558912898,0.1768851500887634,0.19073365192642552,0.11588312583972525,0.331694777193266,0.12367612264187336,0.08441616728457839,0.13868954991439225,0.14727739084116223,0.15057340234957386,0.10113073596229634,0.20284165192389209,0.14266189035976953,0.28132200372888616,0.14119433760908487,0.13280738073144746,0.14181232770548075,0.21956209380670735,0.157464515117278,0.08340506430186462,0.20989771847952945,0.14809080921763448,0.09217229186528847,0.1736023367419681,0.097003058900453,0.17944614623348012,0.16463854625473143,0.18228610053667918,0.06178384913800923,0.11394908791564622,0.2283526192916201,0.1167799967656285,0.19615479497161104,0.13869126240835802,0.1435078389850784,0.03717734956613086,0.16072626364525858,0.25803453604073767,0.259074124691805,-0.002464860502349412,0.22754859091117074,0.059792749063327925,-0.036291413191198385,-0.11244270271633505,0.04745174878083608,-0.004377893625117611,-0.016575146971162722,0.006308984075289783,-0.022211653196622452,0.089290284793104,-0.10547594961059646
0.06602486288770092,-0.06683493670910262,0.01366372451651415,0.5281988820682223,0.16836730995286314,0.2520961654345721,0.12665521040186883,0.2865891151579279,0.09235705457014284,0.12886897778254414,0.19311478138086038,0.21655163562671842,0.12367612264187336,0.6302051008031666,0.19012411624332862,0.3071950089145172,0.2512054355956949,0.1151044969738143,0.16782218901756027,0.18941454973675312,0.1351729707321571,0.18332955286278055,0.28497826532400367,0.18562755210902523,0.2597593792739092,0.22726388735250433,0.14875510726189886,0.15387237993149858,0.2563545614645137,0.22540315539695477,0.10800372123775093,0.17746001015449614,0.07633805520756251,0.21526204256665296,0.23833998033628842,0.10695540261858796,0.16385587997049644,0.11082628832665671,0.1551324152001121,0.13855102579918097,0.21695363687549882,0.1521697490783689,0.1984839451419127,0.044046895467848575,0.13864660755715383,0.2562033513751113,0.36907746605097996,0.04955854823532777,0.32406795546203643,0.0416718042665537,-0.044996370904921985,-0.07627637780961924,0.06272192307890767,0.020916213173175328,-0.07902690271699758,-0.009421497076693977,-0.10168415007459439,0.17143410049843621,0.06300065653421691
0.07125859775094279,0.0684688202471203,0.14583371633048253,0.2063214765446438,0.20956791877324868,0.14862905041086327,0.1231618796689553,0.1463297118464684,0.11587144215545343,0.17925879099223113,0.26191274007302656,0.18838198017738228,0.08441616728457839,0.19012411624332862,0.7434041380498692,0.17942071668756668,0.18984186360755556,0.20429472116417263,0.15063563201214678,0.155443870699463,0.16858551459725735,-0.030656795690884787,0.25973906479301223,0.17957229446919862,0.2882027733914989,0.2512537471744128,0.13263600993231758,0.34978392678184483,0.24390366284762957,0.17527176836858124,0.10397369002831686,0.0733246570246747,0.21230629924916977,0.2876261253045167,0.21098484463841735,0.0950273502805533,0.19694249638556982,0.06323882574228847,0.24567501782752355,0.06704367980013075,0.22095491243674487,0.1631797484186032,0.222147980966062,0.015327137027957837,0.27455832255916257,0.2267798068739888,0.35687860339882344,0.1006009506976135,0.05521622937194571,0.15368514841909192,-0.07422139731559925,0.06300829865428567,-0.1910458878848857,-0.024386213961967596,0.04811529460019842,0.11797397290127142,-0.1779701192985049,0.0325473528769031,0.029874010752243423
0.08599425246337065,0.06814451322754508,0.12640402122921934,0.328962902468166,0.17123605395794086,0.21043871561804794,0.18068364572436815,0.24245993716613307,0.09221936326406019,0.16561373684708736,0.22679910977291998,0.25307700082554363,0.13868954991439225,0.3071950089145172,0.17942071668756668,0.6206137934030562,0.21685116394639148,0.2257172448373335,0.14552459423678937,0.18014378854087812,0.1492681514291955,0.18505572371664328,0.2587388577039904,0.2016307668859598,0.3174930061829948,0.20024362859812883,0.20785170569073966,0.12647126004137557,0.26801526860812175,0.23054231615216866,0.06972873123376827,0.21803635289299603,0.09167686547036336,0.3020617837285373,0.24475265228043033,0.13995354905243482,0.16205503610141483,0.0967927259026107,0.24165162109337143,0.13876169838512478,0.2343352497143645,0.17660017254527946,0.2515626608670523,0.0688772858734766,0.20474242326884734,0.2791644879500247,0.3815448638289574,0.04401214180009274,0.21321999836413022,-0.019268781391945242,-0.0103692037170011,-0.1506689596348117,0.14219849069607646,-0.006603266240312279,-0.05675499854439354,0.05920455258617877,-0.1074699794417708,0.2543318554493833,-0.15364046342522458
0.06877345945997901,0.21322742244374995,0.25174806928532334,0.22612069969183254,0.06556469331159052,0.27446909075149845,0.12238470192222284,0.3240458246583851,0.06575430196116183,0.2727496539705848,0.3163825479008759,0.22024652456823418,0.14727739084116223,0.2512054355956949,0.18984186360755556,0.21685116394639148,1.103304802136118,0.15524103442223902,0.13955130170074975,0.222572436842188,0.12569126375104817,0.19375017483998047,0.3084327611130958,0.22060362675345518,0.2751242607947721,0.1529211004114527,0.16672935888257456,0.28436974749943633,0.35825555682839944,0.16616680936475062,0.11446867567662035,0.15457172848484024,0.3654144788648413,0.21627924602432952,0.04759832483629832,0.16845271297856074,0.29839881164873866,0.1570101063572117,0.01635242412349142,0.04867582852034729,0.2343683172660366,0.14807741178400402,0.1759383082250741,0.008741748514304796,0.09759548142126155,0.3685829758071151,0.6894087765102344,0.05198139539912523,-0.05980398614849867,-0.06864037841134576,-0.0190751995173233,-0.12585778038867326,0.2755601111505049,-0.007315219056743513,-0.00895771836712701,-0.09185971399621551,-0.12074634621821703,0.12105369943057866,0.13922990161336263
0.11016448167276942,0.4456218426660559,0.19490482156245184,0.06415355975486409,0.04595953887635854,0.1742420537465379,0.18105226746357556,0.229802881465435,0.18174175200335665,0.3898666756718289,0.23339847073449865,0.2548485947596677,0.15057340234957386,0.1151044969738143,0.20429472116417263,0.2257172448373335,0.15524103442223902,1.0458475550830606,0.0505575509059088,0.07865373079227825,0.25380156750663485,0.2731688050688652,0.5558854699498097,0.23620800578390497,0.2840044442984316,0.517342450925747,0.10990289266433921,0.23197625505626054,0.2937354161775602,0.1961797119239875,0.2221879699534929,0.22670155029745495,0.10030482298842908,0.3947986861824994,0.3299856478444633,0.2023994444214556,0.35001432599301485,0.07610648966351996,0.36926196157417795,0.19861212499869307,0.35997268680883604,0.25549803509715596,0.3633064573303473,0.031425302433278984,0.464152534650158,0.4451408137023926,0.589648231734098,0.02908485969459192,0.2230817970273602,0.016028193637528762,0.10353118562832195,-0.29642681515237945,0.0811081522671718,-0.09576390344300639,-0.154332603687287,0.12355000169193478,0.06408518642213157,0.3052060668464706,-0.3702660878611491
0.08662299371776395,0.045513099053027355,0.1686971509611286,0.317483593443868,0.4962947114821368,0.2895918564277842,0.09957174215675565,0.2606133520707266,-0.06757246577690208,0.08121941520518242,0.12132381652726397,0.14190123762497628,0.10113073596229634,0.16782218901756027,0.15063563201214678,0.14552459423678937,0.13955130170074975,0.0505575509059088,0.6137331107879754,0.21036890054405644,0.07258795833324072,0.09819365958691516,0.1272006985285982,0.05824107999384287,0.0857936653512818,0.1478737512575974,0.09235022261843634,0.1341796379306771,0.23110791666054786,-0.11312792249073861,0.0711698366985276,0.12696246532372615,0.020971424926530133,0.3285489371399798,-0.0361932411702476,0.12492237074383523,-0.08041519847712972,0.12076466545290358,0.1459186189603015,0.08532493517713996,0.05630455941044562,0.06543794680048279,0.0998826752993644,0.007971824273139676,0.1141578964162791,0.14747349994413259,0.13368491165928048,-0.014717140969871664,-0.03206575226809995,0.09595118135800693,0.21709843386135955,0.5690742038440455,-0.6382555106621564,-0.15220842921290997,-0.07263329745632256,-0.05726947676574066,0.0028124411263031573,0.18323969594787104,-0.07778519468353647
0.016102155858788766,-0.09133127289350816,0.23634708165026672,0.4009359422733037,0.10776178320934837,0.3560852004693374,0.18571851023648325,0.36366693684540413,0.15003655791938816,0.4694964350388938,0.2684718916403841,0.2890538606146398,0.20284165192389209,0.18941454973675312,0.155443870699463,0.18014378854087812,0.222572436842188,0.07865373079227825,0.21036890054405644,2.466477019941467,0.28280149810525734,0.20247317456639397,0.06395535231915159,0.22965060046885855,0.26021337718864246,0.5516180989969262,0.5308008217696042,0.06890003679568983,0.48295348303276914,0.22094113271003923,0.42056324921280197,0.3664817534742786,0.0849278717896535,0.5765464048923038,0.25232306907471974,0.303509443511289,0.8480076667698146,1.079529888858591,0.40385660496423376,0.4881463761474785,0.7656014111451066,0.4336580363777208,0.5036604947501842,-0.19736265961216137,0.7078341069069491,0.6688158994717525,0.976768292933545,0.22206053666776585,0.8530567105614717,0.06573098246685416,-0.20813916910512875,0.15734372880485437,0.16908445799081234,-0.10488540754778404,-0.033454374924484484,-0.0501915747971418,0.14568568348814523,0.05973051030199065,-0.23478588225848696
0.04455175571794253,0.030294150881508056,0.11056792675266408,0.2126188190103838,0.04319450588012601,0.16086128280866346,0.12684574149436617,0.18630608038197197,0.12717217931137495,0.23273903446993366,0.18219287280364027,0.16727385804468556,0.14266189035976953,0.1351729707321571,0.16858551459725735,0.1492681514291955,0.12569126375104817,0.25380156750663485,0.07258795833324072,0.28280149810525734,0.5336151398132946,0.2290806626405039,0.12962898708372322,0.16628563960535997,0.152255901110472,0.2785429778532008,0.171577247650486,0.27952173549626,0.10912438025435478,0.4068614011352297,0.38622979143741015,0.21972994385064346,0.19815064882339742,0.16263997309429423,0.36402184847365415,0.2501064728253856,0.2897335892869642,0.20616339565398473,0.2917816181959419,0.21543992050491118,0.5017738807626693,0.41328479905571947,0.3066554085376901,0.05819740322895352,0.7665542148586897,0.4341980382294603,0.6116969136808212,0.08980186178404287,-0.018970741934069942,0.028443542501816677,0.07099442760296143,-0.21940801658699602,-0.022357088428305767,0.006980890794106499,-0.047604425416085686,0.012424244228508042,-0.1188595609752119,0.12730370395326618,-0.06987358137246574
0.04351550106822022,-0.003218906920381112,0.08902960806875126,0.2963101280712213,0.09503936139975687,0.2827119263774907,0.19425950062727068,0.30690872645524714,0.09233028927465063,0.20705930590768132,0.22029512847045987,0.2083860866159781,0.28132200372888616,0.18332955286278055,-0.030656795690884787,0.18505572371664328,0.19375017483998047,0.2731688050688652,0.09819365958691516,0.20247317456639397,0.2290806626405039,1.2201925794556903,0.8510055154452304,0.2158100649428326,0.3047686335797713,0.25276611186324216,0.20420182881104212,-0.07580413328416678,0.4042719808792554,0.323192721059486,0.17606171325156997,0.3258882720299068,0.10951760739354859,0.328046234748923,0.32488446316633685,0.40609167199605223,0.02555797215722784,0.1671987284967129,0.38964827955925735,0.20387171759831818,0.32414790257079973,0.23080315135855814,0.14469227446618343,0.13197797136172296,-0.016614188587203108,0.5741128501866535,0.5177461106688327,-0.2245392461718287,0.7082923141966538,0.04069384043745953,-0.036059449960936595,-0.44459297499904865,0.25515624891134137,-0.022923572815737307,-0.06545467163951225,0.01765823378055437,-0.0368900538236676,0.08694217582473764,-0.1129748993052621
0.0107701598677536,-0.03815584133910796,0.09882128052856748,0.4099883687044219,0.2692028787588702,0.33775450297442017,0.19549344474602248,0.3544769451337459,0.11147320301374117,0.3134718939846915,0.3061473189049035,0.32294722734001413,0.14119433760908487,0.28497826532400367,0.25973906479301223,0.2587388577039904,0.3084327611130958,0.5558854699498097,0.1272006985285982,0.06395535231915159,0.12962898708372322,0.8510055154452304,2.8141439643609765,0.32331101794031986,0.7495701264229567,0.14862186042541428,0.1744868317634739,-0.21267525988667588,1.0190540629679592,0.1808792629411913,0.2306784577096365,0.15699706814638395,0.26007491969261476,0.9708020422474457,0.3250364373130967,0.5131059974224341,0.09669790844071349,0.02849099139218352,0.6395944907793806,0.20470508267299659,0.2985617949458711,0.17151496156665866,-0.033967827681175296,0.04321285090065682,-0.6107288374713077,0.6369910051403174,1.1239250692023404,-0.1540558991599777,0.35197990512564004,0.2916332162348879,-0.17902326343777464,-0.6671318589906714,0.40014206005704733,-0.13652378214279007,-0.017065224498361443,0.07546545996029366,-0.18884500830727613,-0.02790821979175568,0.13576736955581298
0.0393468893681155,0.011504809849557476,0.06590158195725764,0.274433872457088,0.08081271748750755,0.16382500102083974,0.12588595794804233,0.1689999355210086,0.14555938780296723,0.2269582126871343,0.2027219538997564,0.20498465479448963,0.13280738073144746,0.18562755210902523,0.17957229446919862,0.2016307668859598,0.22060362675345518,0.23620800578390497,0.05824107999384287,0.22965060046885855,0.16628563960535997,0.2158100649428326,0.32331101794031986,0.6823978982029568,0.3433928022363081,0.08523009826428254,0.16341653640534276,0.26880398895444224,0.32010724126184453,0.4273402496495283,0.015411165121438348,0.2636097711052365,0.4225242572614736,0.29792693051762403,0.32267286891491387,0.1703257608487931,0.22876240028298558,0.132586172109715,0.24147306483035105,0.09906095140396884,0.2971406371188223,0.1842546805613307,0.18821548068467767,0.07232340725049413,0.1264916614640129,0.4246349734336762,0.5105092052052433,0.10652980849858437,0.36850347886133156,-0.07621732810941041,-0.08757488029637285,-0.2030106907355356,0.2938179713005674,-0.024897133680144144,-0.0411544556651266,0.02477155884614778,0.019019668098270878,-0.13849242642280302,0.09137785698175432
0.04634746144537522,0.04644354202327377,0.09555994363001308,0.33826543906868,0.12928849970834339,0.2838586547155648,0.18548986285515917,0.3023237057464689,0.11470227802543624,0.24481438013177825,0.28989780361979817,0.3310508895765022,0.14181232770548075,0.2597593792739092,0.2882027733914989,0.3174930061829948,0.2751242607947721,0.2840044442984316,0.0857936653512818,0.26021337718864246,0.152255901110472,0.3047686335797713,0.7495701264229567,0.3433928022363081,1.1379047778758413,0.17250422466709728,0.21089068072787567,-0.09050451586584157,0.7014469376225072,0.38836089226883236,-0.22413719243251432,0.14262910641666018,0.18316078011116732,0.6864502137653143,0.41976188830266187,0.19114526358859799,0.16390569568050395,0.13434167425106452,0.4193176438408059,0.1283772439843008,0.25326871145420027,0.1804326843440714,0.3198559500468022,0.1038218648015738,0.05484003512933522,0.4735526348888555,0.5661990043427565,0.055423787568728226,0.26218522804733635,-0.3777842204545769,-0.20706429874589027,-0.3308445079235616,0.6062264295205153,0.058794116178482445,-0.0035748586665139198,0.051748662427567205,-0.1328379340809884,0.0772370775347154,-0.03554995452572561
0.020421398923738048,-0.04522397346881929,0.28946214069857296,0.3466154635178703,0.16435632304289535,0.2828187547507689,0.16518393564075132,0.3101921508531543,0.18206692726674797,0.2671924355271901,0.2446558467650009,0.22118044222821492,0.21956209380670735,0.22726388735250433,0.2512537471744128,0.20024362859812883,0.1529211004114527,0.517342450925747,0.1478737512575974,0.5516180989969262,0.2785429778532008,0.25276611186324216,0.14862186042541428,0.08523009826428254,0.17250422466709728,1.7290180951119332,0.23578797304115262,0.5136811111128379,0.2843959310401336,-0.324590101887627,0.28400832074450244,0.3051059453122682,0.1722307243437028,0.46036482353504776,0.4718512694067199,0.16033211618168577,-0.1310323917236742,0.24970977567082772,0.5322054979598656,0.3513426010862494,0.3528673378529426,0.3075976269160787,0.35547426223906586,-0.14136859571981564,0.9087421112455414,0.2705085085212197,0.3787491637084596,0.09778398152290144,0.6863706894527477,0.26283360487461627,-0.17742244339004368,-0.07699977112642797,-0.21186963104526735,-0.03838564042153825,-0.0618782513676045,0.06856929825364504,-0.17973916789816244,0.15499968744931006,-0.07248622223095615
0.05864666163008079,0.08684872825846164,0.12459008028087802,0.20860297024910596,0.05751498403713639,0.1975282876867448,0.14362221307920914,0.20019980536537166,0.10131520993970507,0.2304590082861256,0.20987198804092091,0.23811583955713408,0.157464515117278,0.14875510726189886,0.13263600993231758,0.20785170569073966,0.16672935888257456,0.10990289266433921,0.09235022261843634,0.5308008217696042,0.171577247650486,0.20420182881104212,0.1744868317634739,0.16341653640534276,0.21089068072787567,0.23578797304115262,0.4698072515605424,0.14466827390941095,0.2153969348276986,0.2223717074466643,0.1852303328046069,0.2882246720725754,0.08071644729943284,0.25987602844316454,0.19884658259275992,0.27388660727001013,0.23493510795417116,0.26882470187647806,0.22480575941174885,0.2049264479322093,0.3507293220808209,0.2012559887843296,0.3183603862011348,-0.022348581565439295,0.3868823217517674,0.3419020371803969,0.4010884478500341,0.05851283916142394,0.27568305101851226,-0.015886783217082177,-0.047903505598630436,-0.07554736263417001,0.131634863412781,-0.008462880406514798,-0.03167591561828431,0.013685952559154847,0.09454090702026581,0.1020728007348185,-0.2234612741862622
-0.013930242127055152,0.15976552360601828,0.1846572344584463,0.009154431224738607,-0.03468744610129685,-0.013590458352305825,-0.029074603284683392,-0.08210001020551098,0.14776375356383079,0.1999527430338389,0.10122046689727672,-0.06892433086303798,0.08340506430186462,0.15387237993149858,0.34978392678184483,0.12647126004137557,0.28436974749943633,0.23197625505626054,0.1341796379306771,0.06890003679568983,0.27952173549626,-0.07580413328416678,-0.21267525988667588,0.26880398895444224,-0.09050451586584157,0.5136811111128379,0.14466827390941095,3.7658350460417305,-0.6223766854060684,0.25105075448723546,0.4684509136512288,0.15124363225401083,0.599416573730969,0.13664616565571658,0.3330353046820093,-0.004754068170208703,0.3713041146914564,0.04669861341720127,0.2197592327575295,0.09939349300349799,0.8016502830511001,0.3005273805426292,0.40084281499293045,0.06374900454930252,0.8526611809283592,0.26239347621178877,0.21594243877579075,0.25270129315235323,0.14020975356289742,-0.08652967461599982,0.00427948245277176,1.0036722445352657,-0.5894455195816551,-0.017626242371659318,0.022486010547649864,0.041914538617425,-0.15710537001173258,0.003960845261769078,0.24472771716065553
0.05187391814087956,0.17625588624589933,0.18251724657740875,0.3985442461396505,0.2217446068460562,0.45102307985191953,0.20688406712906382,0.4233420699198142,0.07499810173803928,0.3544538114503318,0.3457447235683068,0.36268176826587595,0.20989771847952945,0.2563545614645137,0.24390366284762957,0.26801526860812175,0.35825555682839944,0.2937354161775602,0.23110791666054786,0.48295348303276914,0.10912438025435478,0.4042719808792554,1.0190540629679592,0.32010724126184453,0.7014469376225072,0.2843959310401336,0.2153969348276986,-0.6223766854060684,2.660462883730267,0.16923037777670757,-0.5026626753660113,0.29637753304011977,0.05780799809849484,1.1409386908583123,-0.10473752258046937,0.8252231813690776,-0.8220788213589072,0.1489285430717813,0.4398848672440269,0.20707414221208553,0.24487913082232918,0.06501102241975223,-0.06674991474388524,-0.22196458875710645,-0.2984849787087847,0.5999800837914373,0.6581529217417168,-0.09264593125518994,0.5380525342950954,-0.019207934650630393,-0.15574725487927424,-0.2783775749600708,0.02216110603833614,0.0666732838016685,-0.1347453024792063,0.06803067091461137,0.035616290272663755,0.08052526750667223,-0.15811870919789636
-0.021153634366852192,-0.02939058428338415,-0.5433497555783154,0.1809600372300915,-0.29539013926562835,0.12437598701823313,0.07231587188940405,0.1447730193313382,0.14571977317020174,0.20430468078417857,0.2513396822395009,0.201115261975561,0.14809080921763448,0.22540315539695477,0.17527176836858124,0.23054231615216866,0.16616680936475062,0.1961797119239875,-0.11312792249073861,0.22094113271003923,0.4068614011352297,0.323192721059486,0.1808792629411913,0.4273402496495283,0.38836089226883236,-0.324590101887627,0.2223717074466643,0.25105075448723546,0.16923037777670757,2.448987468738585,0.24130291110626662,0.3746157112601619,-0.05674634962075109,-0.6029700267689213,1.008494803183019,0.5034011512075858,0.42936058619213135,0.1617603752237031,-0.035196058133355204,0.2521480745200747,0.9060621198375693,0.427414256053637,0.7081877779808621,0.38716665925135346,0.7870648129056054,1.0864895058293307,0.5205596346899437,0.07804575883154821,-0.0681598027656227,-0.40761823574455097,0.142023938052946,-0.3572646722517485,0.13257985415628032,0.29537036834424135,-0.061540022294250374,-0.10482296327628234,0.09742995603462844,0.0973715218652439,-0.1095780203532852
0.10431074731031596,0.06046121711953374,0.18430698103946128,0.10239713543334356,0.05739999843822313,0.0862528772858348,0.062009068868341635,0.10804149515340951,0.12415523878093038,0.24673977150873422,0.12197637543611585,0.07988150125731687,0.09217229186528847,0.10800372123775093,0.10397369002831686,0.06972873123376827,0.11446867567662035,0.2221879699534929,0.0711698366985276,0.42056324921280197,0.38622979143741015,0.17606171325156997,0.2306784577096365,0.015411165121438348,-0.22413719243251432,0.28400832074450244,0.1852303328046069,0.4684509136512288,-0.5026626753660113,0.24130291110626662,2.114133118102045,0.3890583487322446,0.21805790172810433,-0.1727830440226876,0.26206308672961304,0.33964184559302324,0.9711092450260043,0.341842981774977,0.2410645366859614,0.17440175201387265,0.5288041769392856,0.41932929873985214,0.04506318991161493,0.1120386838941648,0.4715178485709617,0.5092955181373119,0.9671880807392138,0.0683574460772529,-0.5099456264404928,0.5504646411423678,-0.03688697008626729,0.08631805422233238,-0.4181335560644246,-0.2072311514633669,0.07939686423297763,-0.018464928502177746,0.17681399397056546,-0.05622384211966164,-0.11446932300817333
0.08780856486394441,0.07554253945887024,0.05204558325005512,0.23496389276706417,0.14035793095208599,0.2440047456239641,0.12660547017791685,0.19209321004244273,0.10174780501147883,0.2776985857136499,0.21523886632563366,0.2654978685085767,0.1736023367419681,0.17746001015449614,0.0733246570246747,0.21803635289299603,0.15457172848484024,0.22670155029745495,0.12696246532372615,0.3664817534742786,0.21972994385064346,0.3258882720299068,0.15699706814638395,0.2636097711052365,0.14262910641666018,0.3051059453122682,0.2882246720725754,0.15124363225401083,0.29637753304011977,0.3746157112601619,0.3890583487322446,0.8980456120479999,-0.07464372685176827,0.16975820353848645,0.2881416336286327,0.39742108629937856,0.1673227430676488,0.23878127516524622,0.26977156692717597,0.2504980583719057,0.4505015367930541,0.25563951040433075,0.09638838160155068,0.029320192298990234,0.3319323064169271,0.5186186957621494,0.5605807736946965,0.0019305316074327901,0.2012283164058793,0.014657453182206976,0.00738006621118314,-0.29516681360728086,0.17666216762333728,-0.000601578569135885,-0.08900932117681147,-0.05740823011686497,0.5307164412154114,-0.17121855202035552,-0.2909791295967997
0.0682851460527121,0.10562433076215687,0.3786182645100717,0.13355878395145462,0.13079981165282126,-0.01852881936000423,0.10954457556593998,0.09759450676949948,0.19935100927378557,0.2055243068205909,0.1319723706695992,0.08016133513258121,0.097003058900453,0.07633805520756251,0.21230629924916977,0.09167686547036336,0.3654144788648413,0.10030482298842908,0.020971424926530133,0.0849278717896535,0.19815064882339742,0.10951760739354859,0.26007491969261476,0.4225242572614736,0.18316078011116732,0.1722307243437028,0.08071644729943284,0.599416573730969,0.05780799809849484,-0.05674634962075109,0.21805790172810433,-0.07464372685176827,1.9774729679510379,0.07332933222292957,-0.29856400882899997,-0.18620094366638443,0.40920916671896596,0.10815403005881351,0.14961045912768112,-0.17755696846454092,-0.07262532492457238,0.16630756101332858,0.16082084820660233,0.07739407334966007,-0.00202493542025823,0.28601646270576836,0.8420954637242689,0.28463163952739107,0.30970703736262384,0.3069144092644924,-0.1927329277331721,0.01210568816780764,0.1520492237959948,-0.29179769198990924,0.0009723284701643398,0.04617242671282516,-0.407542568163573,-0.0952630047274181,0.4866497001956216
-0.04927510679272075,-0.034382692243008224,0.5081581066013204,0.5274761818601165,0.36794205552095305,0.3079546276057444,0.23076003449242713,0.3587771065598602,0.055519190406597786,0.5118702779606598,0.24233523184553907,0.3293261012821836,0.17944614623348012,0.21526204256665296,0.2876261253045167,0.3020617837285373,0.21627924602432952,0.3947986861824994,0.3285489371399798,0.5765464048923038,0.16263997309429423,0.328046234748923,0.9708020422474457,0.29792693051762403,0.6864502137653143,0.46036482353504776,0.25987602844316454,0.13664616565571658,1.1409386908583123,-0.6029700267689213,-0.1727830440226876,0.16975820353848645,0.07332933222292957,2.8516346894223363,0.263268440494493,0.30384671832082144,-0.31692321010258717,0.20671620905170146,0.8678181016005094,0.09948265341837666,0.4944418263528261,0.17934193861472966,0.3869693913527572,0.11973162031198081,-0.0741426671943738,0.24747634143922753,0.7849268832526825,0.09229750068339616,0.5876877389211742,-0.2326340100867076,-0.06375212284919925,0.27319519494859773,0.19475816910963184,-0.17427893333558647,-0.07108334602177017,0.14698026158056895,-0.19171986113346717,0.05874744619273129,-0.04679925141883835
