2.3648700516807426,0.1670034223960111,0.5947839224965431,0.04514778498085632,0.6239742247682157,0.025559001273472867,0.5537637696944089,0.36221036098547954,0.14870647701410292,0.5024368249648444,0.22933402042685624,0.31135614006398243,0.31199319085281685,0.6144270572065029,0.19530899786202932,0.3264615342170491,0.18417049319397108,0.4589948016362945,0.197012098508294,0.07722488051881626,0.22499063369426153,0.2501351563594518,0.5522521347454158,0.20034451576584333,0.30524540441682413,0.03273672412378481,0.15449512977091928,0.1133138044194325,0.3523143712500166,0.1400371271086081,0.23528342258640147,-0.0207045734558359,0.3430074391495254,-0.19506094798809728,0.30681223405484725,0.16765418654629236,0.43020438423341417,0.06774873159257025,0.3908190553042345,0.019762159485439933,0.3663235205695292,0.1928547111829355,0.22854413480270686,0.08297137649077385,0.061251999933265404,0.37026256759853277,0.21145491197462912,0.09860533423167643,0.30445108243827584,0.15143161204115563,0.07988638689041998,-0.16210853379477586,-0.10432566474391462,0.062246635448647725,0.01937569334280897,-0.0072090920010555075,-0.0032475100875294276,-0.032512163816815924,0.0505647919018094
0.1670034223960111,1.9012198505174052,0.12156254264814201,-0.19201300909910676,0.007290073211422355,0.23280963992041875,0.08701086283923398,0.1459348881609281,0.14897225922990653,0.06225548497190778,0.1241999145874386,0.1091428404271822,0.05416630586204805,-0.05415991472732124,0.27489623771157023,-0.06600455283348415,0.05213288814768577,-0.013848739457190503,0.04516654789340579,0.16995578185936447,0.1364287722705885,0.030741364597712192,-0.15811525665421947,0.013470042635154528,0.07037090696595083,0.14760681892762595,0.10956650409967263,0.03388049751954641,0.12239454652787027,0.04085575947647562,0.1013573240664887,0.10159813353470927,-0.004227502646937482,0.00047760038659300875,0.16731234452758326,0.0928340205856382,0.025072382631832566,0.09968611907896965,0.0998918676290383,0.031181316227663333,0.010824707287786253,0.03057786588540081,0.02504504377234272,-0.026685943472044994,0.09240350650981526,0.0786672668322184,0.011983536425265682,-0.005786208033634454,0.058664629757843166,-0.2782991837287224,0.2769782579088502,0.197559244045499,-0.029519897462604673,0.02773353368010888,0.0343588956344462,0.04611717433621484,-0.03385128587623589,0.026389366242502762,-0.11800007944220085
0.5947839224965431,0.12156254264814201,1.9764010740483045,0.14796828825188896,0.18435158689810555,0.0674596071460035,0.12634525592003365,0.42870061218701316,0.3076469265171957,0.5539698857391676,0.3121325680072582,0.22324173606940292,0.2550996819029598,0.2864893035829603,0.23432337782398116,0.18350962061519732,0.2565357171093855,0.39134355549640687,0.1775369598483252,0.22969242514117913,0.2082101293268484,0.2737479552968087,0.3575783031503888,0.1763343973441415,0.24626260536372477,0.03554988605116866,0.22695312379442653,0.1567773200387147,0.32877260985112167,-0.20881254822990236,0.2589730978259837,0.058847701780968306,0.3069618135345597,0.24674777557031435,0.3104350687917081,0.18509581495821886,0.569348770225223,0.14512039859578676,0.37859888722052454,-0.34602318019059913,0.23667327008272263,0.18813059708471153,0.2510539174682621,0.04212826792688218,0.17805460048657834,0.46112198266818366,0.11106950653141506,-0.009567088241432578,-0.0018208520813339409,0.0678475748265999,0.18300980217847473,0.07636964619329369,-0.037896562624125156,-0.1115086787368893,-0.06307427061455072,-0.011482903765930851,0.03751352692544745,-0.03449021418922556,-0.05154682713727243
0.04514778498085632,-0.19201300909910676,0.14796828825188896,1.0304669770474435,0.15479987825448255,0.2566785515683776,0.2268771047681881,0.24776425960182794,0.08432693218108936,0.07328348227836887,0.18263996793232548,0.2078015468860138,0.2775822668756245,0.2929744349657421,0.07258329294629448,0.27022602773721593,0.15732809425606642,0.22346217507097174,0.1341037929558205,0.11734802165349115,0.11881234442867018,0.16679967655429395,0.1823148666743954,0.15595383214529127,0.14740666403749808,0.07877962658011053,0.07729014773518421,0.08959498993415305,0.13369915999930548,0.011312672678567242,0.10315081107926563,0.17301081238060312,0.18411538248154405,0.23771452042413704,-0.06431935411499345,0.09569561639575698,0.21580654226708995,0.07680042580837981,0.1827883123880649,0.008603453237202149,0.0781847375345986,0.08384054255712424,0.13694347254340994,0.08577681240435794,-0.006691041012113317,0.15049760631482886,0.16117566439627753,0.010670145470628594,0.040366575502997375,0.09042395962350953,-0.08661989035193222,0.06831304854776732,-0.02546180703035455,-0.11088359735626177,0.018380624681905423,-0.04162936091090126,-0.10901739567087831,0.02536281452246064,0.06400622714095924
0.6239742247682157,0.007290073211422355,0.18435158689810555,0.15479987825448255,0.8929292378492936,0.021863033422311755,0.23247377019053794,0.20963441309148273,0.14894902860768836,0.19569373185808892,0.12097289543034451,0.1691199927871114,0.20905126703837237,0.2168154757618387,0.09838784516696027,0.3189629783439587,0.11418414254863161,0.21514760988976234,0.23481253879680347,0.01215148683044363,0.1012293850000813,0.20625009755901985,0.19979295073783482,0.10825639243213306,0.14583543866439766,0.1316596888017184,0.10767632837499679,0.0423282325627087,0.0934195789754052,0.06781383567696038,0.13552178766905595,0.059265770626063745,0.17426761315737885,0.24047104599638874,0.013836652217260348,0.1412770454118434,0.29613696940000017,0.0367223087637667,0.12393260646454969,0.026883786508705387,0.20452006665461078,0.1749047821333821,0.11103948344524349,0.04441556461862653,-0.09915996823434757,0.21445022961053264,0.13634718665416445,0.05457698219957141,0.16914886632229922,0.0606574800386584,-0.04883876621471068,-0.2101208904709282,0.028148051729530624,0.07421369365708469,0.026149963021768415,0.027686077569299358,-0.1408087791765151,-0.015531364002245805,0.13549759827799884
0.025559001273472867,0.23280963992041875,0.0674596071460035,0.2566785515683776,0.021863033422311755,0.7556465978432065,0.09229714497508053,0.28942015207261723,0.15308691286883327,0.05803401648050932,0.2171116954647602,0.2235523496548036,0.21933159215535908,0.13201630633754083,0.2436257107352147,0.0954214135909193,0.21515658984103067,0.19821020458249616,0.24676334239161682,0.19585210054647556,0.14532764049051325,0.1284043372696024,0.060858854663817054,0.1219581769548052,0.17089205310874717,0.11579438465656065,0.18330865996058632,0.15692903535867983,0.17789292618793795,0.08763142968241112,0.14080037590900074,0.15857437364340082,0.1515040439142473,0.16950516898553236,0.2149122888005534,0.08207043219339982,0.20055658194488343,0.11421616073502563,0.25309070508344433,0.043676602426874704,0.05715975662166392,0.10146429512114319,0.18885420281604287,0.05352114601965812,0.02930030732775227,0.16869909758940468,0.2457036832575517,0.06199250559598316,0.08600663051661805,0.05035702839606794,-0.2742251490056295,-0.03849150738308618,0.00995527520455946,-0.005756930607800516,0.06409237160875862,-0.026080573045101623,-0.10349529220982501,0.015563869432189284,-0.0009077301054156577
0.5537637696944089,0.08701086283923398,0.12634525592003365,0.2268771047681881,0.23247377019053794,0.09229714497508053,0.5474417148741579,0.1362918567928298,0.20304755567093116,0.14693558188567263,0.194328982113219,0.27454851664010127,0.18499409104850353,0.140720197431709,0.08217004800402276,0.2149096629300923,0.15292396676178774,0.22059259126410377,0.0951470181051999,0.07709840214483242,0.13187754697528892,0.20176836922881733,0.2393952428798566,0.12095674204668054,0.17109518376960098,0.09225396367428058,0.14688193332648602,0.061110029388359764,0.17885789694205476,0.03865492755410163,0.1325093750149729,0.11126738806007076,0.1410748860819077,0.1546986738506126,0.15380878975502252,0.11077474431582873,0.1881540902851125,0.06103148222003512,0.21757452190668458,0.032893543550183695,0.07041741852016364,0.1202633971971687,0.1349357923207455,0.03853904810215925,0.04241374541030608,0.17231367455150184,0.057843355220340543,-0.0024639880826587113,0.14071256219998834,-0.04666962059079041,-0.029462889030590612,-0.030885766130937957,0.09357376309165633,-0.05992229152923375,0.10352318063156704,0.05151403406674231,-0.1044893093689611,-0.051902379901472645,-0.035772831669690745
0.36221036098547954,0.1459348881609281,0.42870061218701316,0.24776425960182794,0.20963441309148273,0.28942015207261723,0.1362918567928298,0.6445323727506642,0.06681687696940937,0.22961585781172586,0.23675863690136834,0.07042329263661355,0.266288341987894,0.25784989362922167,0.1881542110041345,0.15781326388393424,0.1844115606877993,0.23822732608776354,0.18502308264048456,0.17160158523722432,0.110578458088157,0.11925635276203524,0.1606372168678454,0.09999716466105313,0.19547329275282854,0.15016363859408596,0.1597149546268824,0.046300982996730765,0.16998538590835796,0.0835077941150583,0.1435890927562906,0.024638118639896737,0.15338973174821607,0.19036387292638746,0.2656833973623429,0.08052646519356628,0.35827548285435856,0.10547661396419676,0.22991285348479337,-0.035348396011271606,0.1762836844654336,0.14852041435114335,0.1975290613717583,0.04540967679742237,0.05302812896105371,0.22584574499597543,0.23268515324108507,0.08386199072898053,0.08690596603854979,0.1227576999407552,-0.06489767469487237,0.07133465324920034,-0.04390126388277139,-0.09226666957601785,-0.006489496471593862,-0.07725459939180461,-0.01962968559698813,0.027854605464130783,0.04831319660315412
0.14870647701410292,0.14897225922990653,0.3076469265171957,0.08432693218108936,0.14894902860768836,0.15308691286883327,0.20304755567093116,0.06681687696940937,0.5294154203409547,0.04784292670093672,0.16322192060564208,0.1710302543834244,0.10159857751816034,0.07338520837133267,0.14082987544831943,0.06492643830755364,0.1424803245444429,0.14092137655025125,0.11622411817195966,0.10117832670274668,0.13170081212974943,0.24555551238573323,0.13706932551770945,0.11015312001650106,0.10382624274688164,0.08749966610543439,0.15270940693401336,0.13776198629970432,0.15091314020200153,0.03923813457534295,0.14745542083108468,0.1350971767321561,0.1450713025801856,0.03858132180096621,0.08416850586488481,0.1451765607628772,0.17260451856067954,0.07569637989987822,0.23969489003608951,-0.041810804207202026,0.03481693575360657,0.06854320065432958,0.08843791235581419,-0.0020345779219669634,0.047418250064473554,0.15687894226271215,0.06591361274268885,-0.09200539108722441,0.07725515713239985,-0.06682549903549768,0.04335973089995761,0.04630402914223116,0.09334987874961843,-0.06430384592678641,0.08445820115030839,0.0728163653285442,-0.05585988497687992,-0.06424088184524197,-0.07589997139284367
0.5024368249648444,0.06225548497190778,0.5539698857391676,0.07328348227836887,0.19569373185808892,0.05803401648050932,0.14693558188567263,0.22961585781172586,0.04784292670093672,0.690368256128076,0.051892796992597356,0.15530225576084605,0.13950365522324423,0.24175231981888992,0.07638082491378069,0.18195826670962134,0.15644956838063104,0.24084293178521465,0.0752784739931445,0.13194863567935022,0.11933043038544566,0.15110127121638536,0.22951064488273756,0.1278605029800839,0.1679530020106123,0.10933660406147974,0.12940388134113062,0.10101499430808009,0.15650982827133453,0.038356877983067715,0.1494891726505881,0.053727798108673556,0.1850018212688906,0.3398780102110799,0.24016656017555216,0.07590035860076218,0.3491065295271876,0.08899256659743646,0.13402769399483885,-0.05031338625082761,0.20975824401547455,0.16146965810289737,0.21569279752520798,0.0515833389540148,-0.0054015593424169344,0.252974515086758,0.1783593155773336,0.07957701452363992,0.1620760509925485,-0.08299834681249289,0.04319051734609311,-0.2405353665700005,0.019262811012684337,0.06481506913179112,-0.03483055479716666,-0.009092580879130976,0.0018227248459664923,-0.033912449627821056,0.06469232327977675
0.22933402042685624,0.1241999145874386,0.3121325680072582,0.18263996793232548,0.12097289543034451,0.2171116954647602,0.194328982113219,0.23675863690136834,0.16322192060564208,0.051892796992597356,0.5410910605271221,0.19752888963975127,0.3072271202302717,0.10003911013983269,0.2647606941566111,0.1484435546304081,0.18543897105664256,0.22324783890518157,0.10029137090199063,0.2191696950992747,0.14996715371996283,0.15855339806118096,0.20757513424906684,0.13989671812704219,0.17384648266442854,0.04179723280121446,0.20181121067663557,0.13336341427482765,0.25742180982319685,-0.000908777699143227,0.15972994582556674,0.1464456515163764,0.1429278431878453,0.10507118314654815,0.2392994729835736,0.09538970324144572,0.2350989808646962,0.12460741811573162,0.3156538721544051,-0.00949239145645922,0.028516626238374438,0.11437446110966458,0.15695835146447923,0.01759548870582258,0.10881507231990165,0.19169565388969462,0.10953210783881617,0.008904318468635082,0.028812654060580402,0.005102732908418369,-0.00010039085407984398,0.06552570648330344,0.08199172067311608,-0.036089892603342145,0.05414068686751104,-0.022586315783339857,-0.08684543093853686,-0.01129701031589816,-0.0026250380320263374
0.31135614006398243,0.1091428404271822,0.22324173606940292,0.2078015468860138,0.1691199927871114,0.2235523496548036,0.27454851664010127,0.07042329263661355,0.1710302543834244,0.15530225576084605,0.19752888963975127,0.5485554664729116,0.161531651199155,0.12840676482656715,0.1508148908402233,0.14046103314558592,0.15140293857920364,0.2418578998992975,0.11610150767428999,0.10468741367117852,0.14304974583062774,0.16051774954181383,0.19583902067521247,0.11477008388707124,0.1840893975243422,0.09496679445535262,0.17216605079337075,-0.011146482151544202,0.1797655747993057,-0.043420154595774405,0.13966799804748303,0.16140423907996324,0.12695160748102585,0.16239111082075203,0.22180119126241485,0.10475036014896692,0.1076542870161033,0.07187215324068505,0.24245619686574965,0.00918076662306986,0.003167485328912875,0.10214662253161265,0.1210970118021212,0.028203497350533624,0.05468669659580651,0.1609288617740837,0.09037588261269847,0.009228765640465007,0.11058536932179508,-0.013463809604925082,-0.016306571587248866,-0.08999874098735551,0.059661071212382004,0.020399613446601208,0.05142627261341786,0.0685018280172909,-0.09143927868035175,-0.04668353176755946,-0.09738853640164594
0.31199319085281685,0.05416630586204805,0.2550996819029598,0.2775822668756245,0.20905126703837237,0.21933159215535908,0.18499409104850353,0.266288341987894,0.10159857751816034,0.13950365522324423,0.3072271202302717,0.161531651199155,0.8006633200515687,0.21984773326045653,0.04594763136813826,0.3065282617479805,0.19104065256031116,0.30775543939602695,0.18723767425719517,0.09180984032076882,0.14622455173670174,0.22281010711002025,0.27750208055748243,0.14404899811780938,0.19318359673432617,0.01909551728076627,0.17841698914243886,0.12702013639435908,0.3256956024406554,0.01940638478640416,0.14062317947731828,0.10018494224105381,0.18572990100172881,0.16854591998761653,0.2747016078540993,0.0879946956916876,0.2953532081942234,0.05840277221757497,0.26016729260649946,0.021096066761437632,0.12795529150826881,0.15983656542873836,0.24467919051401307,0.07251041802613305,0.011429087211348582,0.24724898071440407,0.17972911917341336,0.018174301240700626,0.061137643419236394,-0.01016790637448545,0.04345613865060665,-0.06911656052044007,-0.031755017577214585,-0.007014510530952249,0.1174805196515671,-0.08531804992478648,-0.1418363731336702,-0.1290539325235947,0.2217970054421197
0.6144270572065029,-0.05415991472732124,0.2864893035829603,0.2929744349657421,0.2168154757618387,0.13201630633754083,0.140720197431709,0.25784989362922167,0.07338520837133267,0.24175231981888992,0.10003911013983269,0.12840676482656715,0.21984773326045653,0.7322752620495228,0.11336855720721985,0.15595203492438053,0.13142536318303005,0.21615967666576993,0.1240226726702128,0.0760547038119323,0.13339192591765048,0.10858465159833534,0.2909649675823686,0.14044487673007647,0.1678569950472658,0.059099174636564694,0.008649621774904406,0.16800666330959818,0.17804588875641914,0.08602301196320054,0.11346223489388219,0.022725087099281907,0.2263107532136295,0.0350998394548437,0.12315903655147693,0.04674841625388478,0.2820305128970564,0.04657336842095727,0.16431380927904468,-0.010036514538459666,0.25609322088260605,0.10979379671489477,0.18523421710443683,0.07173634368824781,-0.062451857094213914,0.1872589532055184,0.20662294084095148,0.10578177219728131,0.24953725077512515,0.11480303730970363,0.026570512816763446,-0.13731890157029483,-0.16568579408484263,0.039940237617434,-0.11478391480359997,-0.015649319760357445,-0.04492305315480151,0.08675670240113093,0.12910721445015017
0.19530899786202932,0.27489623771157023,0.23432337782398116,0.07258329294629448,0.09838784516696027,0.2436257107352147,0.08217004800402276,0.1881542110041345,0.14082987544831943,0.07638082491378069,0.2647606941566111,0.1508148908402233,0.04594763136813826,0.11336855720721985,0.757183373314777,-0.03688388800405956,0.18910733340306,0.12707375624448475,0.13865183843424658,0.17240393470402118,0.13416284974604906,0.06768365063716461,0.13995644430739418,0.12373273186926362,0.17888982043927615,0.06777305924517048,0.16554439536747853,0.27866156460099967,0.18129068230308334,0.06362775783908133,0.137913607916145,0.1329956959123656,0.16107679804550332,0.10977717822177865,0.1347059639843949,0.07450461202814822,0.24845142464113448,0.09585561976664055,0.18934268091177012,-0.023957301102358376,0.08395629459867786,0.10648192607966536,0.08512414702887645,-0.00770400200344,0.01659822885121341,0.17617231725753543,0.11888341851173163,0.07189049441424002,0.08983077658455083,0.20499910256112105,-0.07309456826925474,0.1583948052450498,-0.10773834294642648,-0.041482144173990036,0.05021281691482424,0.04195201727396883,-0.14420027697606072,0.024795189656072844,0.02802167424499515
0.3264615342170491,-0.06600455283348415,0.18350962061519732,0.27022602773721593,0.3189629783439587,0.0954214135909193,0.2149096629300923,0.15781326388393424,0.06492643830755364,0.18195826670962134,0.1484435546304081,0.14046103314558592,0.3065282617479805,0.15595203492438053,-0.03688388800405956,1.074438228618808,0.20478608959813172,0.23737107061217905,0.1686985324368395,0.16518895795169486,0.11541639666217891,0.473711744169952,0.10209796576208562,0.14331995675000955,0.24007791418939967,-0.06987873619278488,0.359841241567236,0.17689609767708897,0.4378125148920653,0.07997341896560198,0.18502228907464643,0.1539168186415109,0.005152330146292174,0.24970066594571141,0.48884133210999925,0.127105828340302,0.31494746973149457,0.11175904815837204,0.3217638606991761,0.11420390751513276,0.1287101037609461,0.1872575194508524,0.3542897405087995,0.07840489534216769,0.1642968286240548,0.17709123471940932,0.17983776864662776,-0.18515269676443163,0.097334669750545,-0.15916834991166073,-0.05374715696402652,0.1053368206901092,0.1448712781834656,0.0741991830075913,0.13065402729047693,-0.04741372161988214,-0.19931915915767323,-0.1363421401250385,0.25740976004067456
0.18417049319397108,0.05213288814768577,0.2565357171093855,0.15732809425606642,0.11418414254863161,0.21515658984103067,0.15292396676178774,0.1844115606877993,0.1424803245444429,0.15644956838063104,0.18543897105664256,0.15140293857920364,0.19104065256031116,0.13142536318303005,0.18910733340306,0.20478608959813172,0.5525343886877745,0.19729006503261498,0.1380461967247011,0.264395362505218,0.1924818170247141,0.22530189820113058,0.18317765083177687,0.1577872046079609,0.17042832043960357,-0.007484163327356306,0.31293542521399326,0.4799556395574555,0.2559334801497307,-0.002331754258403896,0.19195695822960365,0.16488837927105798,0.1947818736859723,0.20132235734994666,0.26117334821781824,0.10636424730816392,0.35884184990936374,0.1445356925555574,0.328070179997338,0.053880829522058866,0.11816385993460152,0.2632516922829662,0.3025646680518504,0.04349169750928873,0.1832444247276719,0.21562251525831433,0.14419944915751032,0.04305580511109136,0.12423002162737852,0.0596333543262933,-0.02560749156591789,-0.1545530820936691,-0.07050718184334348,-0.034734791949452656,-0.008698641187120682,-0.03731251767974616,-0.11984941130453565,-0.0061491604637915935,0.0862687992440179
0.4589948016362945,-0.013848739457190503,0.39134355549640687,0.22346217507097174,0.21514760988976234,0.19821020458249616,0.22059259126410377,0.23822732608776354,0.14092137655025125,0.24084293178521465,0.22324783890518157,0.2418578998992975,0.30775543939602695,0.21615967666576993,0.12707375624448475,0.23737107061217905,0.19729006503261498,1.1393910970509264,0.16650409179677653,-0.10894319575465913,0.1430212731791284,0.2150839726586418,0.588895749841595,0.08015173484071349,0.23659824610782984,-0.2335179104408204,0.29682711527493105,0.32120897588223446,0.22323654598859866,-0.03233860594470183,0.2430469449610925,-0.0647695754333644,0.3622837834914301,0.19399967289012787,0.23826093584458832,0.14004865883467577,0.41403528518382887,-0.045811841650889515,0.36331056257270467,-0.11262136352890381,0.05708598832311151,0.07907409614581842,0.3229198754849748,0.06704727401214367,-0.02582144150029223,0.2191062986354665,0.45798926445896815,-0.084871324043838,-0.23761193780024234,0.09252132293703004,0.17001650729345452,-0.4196505812190404,-0.34528898827967985,-0.11756298650592921,0.16094041238269016,-0.044288572265057856,-0.1500447055303147,-0.08596924007638827,0.134550827748639
0.197012098508294,0.04516654789340579,0.1775369598483252,0.1341037929558205,0.23481253879680347,0.24676334239161682,0.0951470181051999,0.18502308264048456,0.11622411817195966,0.0752784739931445,0.10029137090199063,0.11610150767428999,0.18723767425719517,0.1240226726702128,0.13865183843424658,0.1686985324368395,0.1380461967247011,0.16650409179677653,0.5235433594900285,-0.02904769026967683,0.11095811058677478,0.1558095291484636,0.03942185890047765,0.08083423669840895,0.12918393875103176,0.003918075136320707,0.15397552084812516,0.12793554361900328,0.11260100808427573,0.08098646266181113,0.13973318037718166,0.025875547490144677,0.1824031819508817,0.08838018634387916,0.10113837765378912,0.1472792141077521,0.28535370868375975,0.01834396837939934,0.2100230435389797,-0.013274537759348047,0.1628549064472034,0.10803710838769609,0.040450977979415825,0.011124603616310073,-0.004025854104543174,0.18250369043943968,0.11728224912004585,0.037184828880350365,0.07094834987816277,0.04024116395534351,0.1629685765064648,0.209457700021894,-0.19443264356410128,-0.04849568372221136,0.018245797498021552,-0.011063101368996783,-0.06727930310013908,-0.00015889279930737682,0.051481003697715334
0.07722488051881626,0.16995578185936447,0.22969242514117913,0.11734802165349115,0.01215148683044363,0.19585210054647556,0.07709840214483242,0.17160158523722432,0.10117832670274668,0.13194863567935022,0.2191696950992747,0.10468741367117852,0.09180984032076882,0.0760547038119323,0.17240393470402118,0.16518895795169486,0.264395362505218,-0.10894319575465913,-0.02904769026967683,1.3739544106479564,0.22459202361858654,0.11158535132324514,-0.17513614002770658,0.26004818625070525,0.1345447637217285,-0.0914540586986916,0.33936898048270214,0.26260322063028246,0.38538184990849506,0.15428080043550318,0.26220246242952927,0.4473041001989079,0.16292279514606717,0.24524076553420585,0.2939692746421584,-0.08573857172241418,0.543149169678772,0.671921625477895,0.6420603729437951,0.07393093931114733,-0.20228460183130953,0.07993037511450986,0.5599608207739329,0.07871397447733182,0.6248709440492132,0.10955698621007984,-0.05568440016425902,0.19522780821873317,0.4335137153783188,-0.025430640405849636,-0.23656411785030856,0.2183658978456367,0.3419862542261527,-0.011714253282039531,-0.01260426706053006,-0.06595844432048556,-0.06664589662957028,-0.021143035600827264,0.08515707252983006
0.22499063369426153,0.1364287722705885,0.2082101293268484,0.11881234442867018,0.1012293850000813,0.14532764049051325,0.13187754697528892,0.110578458088157,0.13170081212974943,0.11933043038544566,0.14996715371996283,0.14304974583062774,0.14622455173670174,0.13339192591765048,0.13416284974604906,0.11541639666217891,0.1924818170247141,0.1430212731791284,0.11095811058677478,0.22459202361858654,0.4100675093594405,0.14890148714661544,0.17446959793893366,0.17096123819112938,0.11701800336855969,0.08460025749675074,0.08626411876278632,0.18755061736863157,0.2918135913111275,0.0596806988122991,0.19901336525381405,0.1668368272576677,0.2905958958761454,0.06975139532514003,0.1315346203777985,0.17525199119409038,0.24034214698795678,0.12933812156654778,0.26501297179255634,0.06359773244029018,0.17690505647225752,0.14081800048367454,0.19030734624427212,0.038814671580177325,0.08602935591054973,0.23876485860716593,0.10586884284347081,0.08233115475824523,0.23454646218084835,-0.046764710772779244,0.01244173647406285,-0.052210142056201905,0.04747529167147138,-0.02728139790188973,0.06729953520552807,-0.010103144950878985,-0.16962992099955662,-0.04156602482285898,0.1332038057114945
0.2501351563594518,0.030741364597712192,0.2737479552968087,0.16679967655429395,0.20625009755901985,0.1284043372696024,0.20176836922881733,0.11925635276203524,0.24555551238573323,0.15110127121638536,0.15855339806118096,0.16051774954181383,0.22281010711002025,0.10858465159833534,0.06768365063716461,0.473711744169952,0.22530189820113058,0.2150839726586418,0.1558095291484636,0.11158535132324514,0.14890148714661544,0.7466127359601256,0.13577758638917364,0.14662090782300782,0.160661658979201,-0.06751869131754815,0.32827381390308996,0.18773618043919493,0.41350517844701457,0.05484395621504597,0.20666787477373347,0.2139742730172531,0.10158435941235143,0.20715160592368034,0.2802678782608617,0.23359470566097815,0.23315824690597262,0.10707901067706445,0.38906827741598693,0.0009363824325741766,0.036464565990032914,0.15412756374868739,0.27260976963994166,0.03403233852057155,0.06852541840883407,0.19558169699146974,0.14562212883929987,-0.39279522788932825,0.09783733028093312,-0.07458955858383379,0.0005871490201643559,0.004424107187492908,0.0899568849572325,-0.011147041343287268,0.10046890995681257,0.003216862446411485,-0.13331783708359707,-0.12240300326964172,0.11413814932223801
0.5522521347454158,-0.15811525665421947,0.3575783031503888,0.1823148666743954,0.19979295073783482,0.060858854663817054,0.2393952428798566,0.1606372168678454,0.13706932551770945,0.22951064488273756,0.20757513424906684,0.19583902067521247,0.27750208055748243,0.2909649675823686,0.13995644430739418,0.10209796576208562,0.18317765083177687,0.588895749841595,0.03942185890047765,-0.17513614002770658,0.17446959793893366,0.13577758638917364,1.4678316911452967,0.28853850052229707,0.3827902051094766,-0.14689038041208252,-0.01752983334399091,0.17682331166875756,0.323277986530651,0.09460333629042907,0.0589024845300669,-0.07726608956901908,0.5793023220487223,0.16534864719847234,0.19566291084822454,-0.07061624164610804,0.5980028211540868,-0.09451209676525851,0.39980438179058275,-0.13910815469564888,0.19534608149279142,0.1604358852515853,0.18623459239572768,0.09717647771005432,-0.11304285276248706,0.32102461198488225,0.34723213561072264,0.2289748524183116,0.1896542600388491,0.019193682040637504,0.047317436501953296,-0.2901373252795084,0.04090345835032121,-0.09316826711623734,0.10308654100313866,-0.054824733468154356,-0.1908617521467398,-0.11501256686658134,0.26779572017386644
0.20034451576584333,0.013470042635154528,0.1763343973441415,0.15595383214529127,0.10825639243213306,0.1219581769548052,0.12095674204668054,0.09999716466105313,0.11015312001650106,0.1278605029800839,0.13989671812704219,0.11477008388707124,0.14404899811780938,0.14044487673007647,0.12373273186926362,0.14331995675000955,0.1577872046079609,0.08015173484071349,0.08083423669840895,0.26004818625070525,0.17096123819112938,0.14662090782300782,0.28853850052229707,0.5020720016237427,0.16192678205337716,0.06115241759421428,0.047577395393224205,0.15594071571001758,0.1493160909975128,0.20684404254856473,0.15975918534436293,0.3472385925085374,0.3269512737749392,0.13576875699849206,0.0921140023233353,0.04860876077675947,0.30826013437255056,0.15901107335727863,0.17825025129879896,0.02183157536218804,0.18064358340039285,0.12869540606044347,0.21338145244189782,0.02759447208478449,0.03151179129069276,0.22404943536454608,0.14499696409049675,0.09752012027412653,0.2560654896662794,-0.06688589490677643,-0.03332193311308331,-0.040871345732951585,0.170713204915852,-0.036106353218489734,0.035461230337236076,-0.006941996949193932,-0.0372955792110093,-0.1918695545531647,0.19242516077645755
0.30524540441682413,0.07037090696595083,0.24626260536372477,0.14740666403749808,0.14583543866439766,0.17089205310874717,0.17109518376960098,0.19547329275282854,0.10382624274688164,0.1679530020106123,0.17384648266442854,0.1840893975243422,0.19318359673432617,0.1678569950472658,0.17888982043927615,0.24007791418939967,0.17042832043960357,0.23659824610782984,0.12918393875103176,0.1345447637217285,0.11701800336855969,0.160661658979201,0.3827902051094766,0.16192678205337716,0.7569993665086302,0.023458414186112463,0.2303167945127801,0.15177207635975798,0.5328915115270604,0.17831234826923537,0.12013361639760346,0.11666543219815677,0.1310639424494415,0.2535665005811292,0.3625815118073522,0.06356320012934974,0.38230969074196985,0.0992439369088261,0.25322324167233573,-0.03116245806039288,0.0697071272415726,0.1475819368658777,0.23454106082255147,0.06732810318120529,0.13882668547917573,0.2746414762643377,0.23999075804861347,-0.005432223669262963,-0.031040278300251023,-0.2999938335471978,-0.015754633721929458,0.04790362218121973,0.15331656018156184,-0.008670688900820792,0.0734933299786117,0.045538048092000336,-0.0522442071866409,-0.08794586974310964,0.016964290905947647
0.03273672412378481,0.14760681892762595,0.03554988605116866,0.07877962658011053,0.1316596888017184,0.11579438465656065,0.09225396367428058,0.15016363859408596,0.08749966610543439,0.10933660406147974,0.04179723280121446,0.09496679445535262,0.01909551728076627,0.059099174636564694,0.06777305924517048,-0.06987873619278488,-0.007484163327356306,-0.2335179104408204,0.003918075136320707,-0.0914540586986916,0.08460025749675074,-0.06751869131754815,-0.14689038041208252,0.06115241759421428,0.023458414186112463,2.2873611577522204,-0.5292953592061733,0.07797488537054446,-0.23579339490539264,-0.00600555717256286,-0.1002507758611916,0.2490167749479497,0.07957543546439742,0.2712409243948205,-0.10806009637166328,-0.1019391440803076,-0.04346479510334198,-0.0055822371202131115,-1.191065540625086,0.25827976996945967,0.7212847475001181,0.2040320032369115,0.07837046780510457,-0.09971795114355875,-0.5411690638204203,0.3946245049458014,-0.04441311681908303,0.5772703362072047,0.8451579478302751,-0.040752793423600726,0.08256030582480531,-0.5208816576053041,-0.13784481032791335,-0.010030851217888367,0.023230521262410996,0.09419870929316175,0.13063265936972304,-0.01247260108795633,-0.08451295106580312
0.15449512977091928,0.10956650409967263,0.22695312379442653,0.07729014773518421,0.10767632837499679,0.18330865996058632,0.14688193332648602,0.1597149546268824,0.15270940693401336,0.12940388134113062,0.20181121067663557,0.17216605079337075,0.17841698914243886,0.008649621774904406,0.16554439536747853,0.359841241567236,0.31293542521399326,0.29682711527493105,0.15397552084812516,0.33936898048270214,0.08626411876278632,0.32827381390308996,-0.01752983334399091,0.047577395393224205,0.2303167945127801,-0.5292953592061733,2.501397777089278,0.7729086826587644,0.08840817687026185,-0.04040141798843769,0.4015903087084089,0.26278534559678485,0.0004854645608229787,0.20959472477071947,0.5015835917463081,0.42133916032392066,0.22108043374812064,0.16435191334786783,0.6190470246241505,0.1793210921873818,-0.18831469164413822,0.19271972779142113,0.9879492648170677,-0.05468379802918002,0.16417783359977522,0.042233293315874415,0.085505280813968,-0.1844238601592027,0.3204397823290557,-0.08337929815440744,-0.0881718501678527,0.3217738654897381,0.19821863456716565,0.08155465127526622,0.31181012244323975,0.05117846058395656,-0.08050325747256744,-0.1285870408001136,0.09239092463547907
0.1133138044194325,0.03388049751954641,0.1567773200387147,0.08959498993415305,0.0423282325627087,0.15692903535867983,0.061110029388359764,0.046300982996730765,0.13776198629970432,0.10101499430808009,0.13336341427482765,-0.011146482151544202,0.12702013639435908,0.16800666330959818,0.27866156460099967,0.17689609767708897,0.4799556395574555,0.32120897588223446,0.12793554361900328,0.26260322063028246,0.18755061736863157,0.18773618043919493,0.17682331166875756,0.15594071571001758,0.15177207635975798,0.07797488537054446,0.7729086826587644,2.0201542429998,0.21642436976676518,-0.1475683383409434,0.21512540809956454,0.2630707571045985,0.2910274237191155,0.18978566277074602,0.13594611702998824,-0.07779194811153374,0.3836987400855784,0.12168181373949465,0.19393406788909937,0.14321251626817957,0.08881149632984946,0.049409199409582875,0.5737281697167749,0.02563453462433483,-0.10402135620142755,0.09554402691002747,0.11889731967151164,0.07576194778065697,0.4955501390888146,-0.045886271439156294,-0.018282580941232085,-0.06530391957438735,-0.19443461058327746,-0.03477207028012546,0.3498766194017355,0.00037755211745244715,-0.15509559503207257,-0.15345036260031,0.42040233537989613
0.3523143712500166,0.12239454652787027,0.32877260985112167,0.13369915999930548,0.0934195789754052,0.17789292618793795,0.17885789694205476,0.16998538590835796,0.15091314020200153,0.15650982827133453,0.25742180982319685,0.1797655747993057,0.3256956024406554,0.17804588875641914,0.18129068230308334,0.4378125148920653,0.2559334801497307,0.22323654598859866,0.11260100808427573,0.38538184990849506,0.2918135913111275,0.41350517844701457,0.323277986530651,0.1493160909975128,0.5328915115270604,-0.23579339490539264,0.08840817687026185,0.21642436976676518,2.837677858784923,-0.28531632676624286,0.008809937612748715,0.32774540523120615,-0.15733760199724833,0.10994563907361658,0.666952854074481,0.003572487308114125,0.2960722735375674,0.1608421913970893,0.4735209925023372,0.30059309253941874,-0.05493485114746414,0.22047795381034715,0.36012239299758597,-0.060134637777590816,0.6838341538737853,0.45700366748492816,0.007966339751037272,-0.06913877975051487,0.4187419565200369,-0.09471069855375899,-0.045175223690299186,0.2273235113837462,0.06152470852591467,0.011153799520702043,0.11325755777129139,-0.03653503471805224,-0.3047668933740219,-0.12396422053347049,0.32819375914884924
0.1400371271086081,0.04085575947647562,-0.20881254822990236,0.011312672678567242,0.06781383567696038,0.08763142968241112,0.03865492755410163,0.0835077941150583,0.03923813457534295,0.038356877983067715,-0.000908777699143227,-0.043420154595774405,0.01940638478640416,0.08602301196320054,0.06362775783908133,0.07997341896560198,-0.002331754258403896,-0.03233860594470183,0.08098646266181113,0.15428080043550318,0.0596806988122991,0.05484395621504597,0.09460333629042907,0.20684404254856473,0.17831234826923537,-0.00600555717256286,-0.04040141798843769,-0.1475683383409434,-0.28531632676624286,2.413622159964354,0.19782710084622085,0.022310989219043252,0.21282906851752442,-0.02408061563881177,0.34308882161774124,0.5563516718638026,0.3650281401565165,0.14924195740336269,0.26399411611742735,-0.4173887252277516,0.10914884087966059,-0.08791106782696709,-0.02602288787170715,0.028983624849792822,-0.1420287467723078,-0.09228989820582092,0.989598083496403,-0.2354608694649608,-0.39484869014597884,-0.18070911825117106,-0.04458302864799793,-0.13256835775948106,0.2274885611542569,0.05370611141612814,-0.10574419418547319,-0.16702216742995663,-0.059972347845591946,0.26416754246351665,-0.11827244964252487
0.23528342258640147,0.1013573240664887,0.2589730978259837,0.10315081107926563,0.13552178766905595,0.14080037590900074,0.1325093750149729,0.1435890927562906,0.14745542083108468,0.1494891726505881,0.15972994582556674,0.13966799804748303,0.14062317947731828,0.11346223489388219,0.137913607916145,0.18502228907464643,0.19195695822960365,0.2430469449610925,0.13973318037718166,0.26220246242952927,0.19901336525381405,0.20666787477373347,0.0589024845300669,0.15975918534436293,0.12013361639760346,-0.1002507758611916,0.4015903087084089,0.21512540809956454,0.008809937612748715,0.19782710084622085,0.6485842638816105,0.07769066835599726,0.2104456848135469,0.10146198080792852,0.2548173719064227,0.4684765753600615,0.40166842599383534,0.18401203621293113,0.3503167756666671,0.014504405258339624,0.2548725057427547,0.16309946940756403,0.20155087770093458,0.02267456048665505,0.11763884775345294,0.30743488216777975,0.19817792464298506,-0.07275106634746982,-0.14475922806646757,0.040196734484249624,0.006970885938514259,0.049992104700699834,-0.0009323466029002108,-0.0186545861337784,0.08302977918226154,0.04216929637529854,0.05606663247470385,-0.12323009787934561,-0.058863858942568854
-0.0207045734558359,0.10159813353470927,0.058847701780968306,0.17301081238060312,0.059265770626063745,0.15857437364340082,0.11126738806007076,0.024638118639896737,0.1350971767321561,0.053727798108673556,0.1464456515163764,0.16140423907996324,0.10018494224105381,0.022725087099281907,0.1329956959123656,0.1539168186415109,0.16488837927105798,-0.0647695754333644,0.025875547490144677,0.4473041001989079,0.1668368272576677,0.2139742730172531,-0.07726608956901908,0.3472385925085374,0.11666543219815677,0.2490167749479497,0.26278534559678485,0.2630707571045985,0.32774540523120615,0.022310989219043252,0.07769066835599726,1.6953793907116883,-0.07724383301542101,0.32467841143555337,-0.09957178514362251,-0.10173058580822333,-0.2196918927308569,0.2735021977939632,0.12252285746525417,0.0012975019027993485,-0.2630807741336196,-0.05679697648076592,0.28167688378253575,0.00449661147111255,0.04277377864426062,0.0606689861130878,-0.04154801669948295,-0.07933007191079086,0.19131498488465695,-0.034019949590863255,-0.042809333508588725,-0.04402356893429165,0.22834755611490604,-0.02386414047615954,-0.079804871056615,0.06482017547058737,0.00642580400963469,-0.08491557262526514,0.0017701388243462218
0.3430074391495254,-0.004227502646937482,0.3069618135345597,0.18411538248154405,0.17426761315737885,0.1515040439142473,0.1410748860819077,0.15338973174821607,0.1450713025801856,0.1850018212688906,0.1429278431878453,0.12695160748102585,0.18572990100172881,0.2263107532136295,0.16107679804550332,0.005152330146292174,0.1947818736859723,0.3622837834914301,0.1824031819508817,0.16292279514606717,0.2905958958761454,0.10158435941235143,0.5793023220487223,0.3269512737749392,0.1310639424494415,0.07957543546439742,0.0004854645608229787,0.2910274237191155,-0.15733760199724833,0.21282906851752442,0.2104456848135469,-0.07724383301542101,1.8914144121766217,0.13899096390343205,-0.16587466217298977,-0.1549089106997519,0.9021327764505389,0.13110750862341042,-0.06159652159933216,-0.41826441231992095,0.1523215003637918,0.1366347412714035,0.13861970105315022,-0.03058097025432805,-0.5030281737959537,0.3092714329642606,0.3405746763603985,0.3002273035438309,0.42282428223477714,-0.12599155165464526,0.07913476036158514,-0.3516270066571647,0.09991081469466977,-0.15793187484077648,0.06265410208711752,-0.12191171693018174,-0.15485267530229754,-0.1329217770989956,0.3680349832985099
