0.6166857588463985,0.1381644894907411,0.31949729584283687,0.05063373725883045,0.11396731449238981,0.07317649962723036,0.1899326996005873,-0.00866110135359518,0.07937909377966666,0.11236495875492675,0.0721598272459091,0.12433253788654926,0.030324047352127927,0.09911575867514992,0.1143666585181287,0.04985520851561472,0.029563966708315646,0.08483766364279798,0.08285044105401368,0.08599507575814325,0.06630614622069322,0.11105999492015604,0.06476223721660666,0.04781996836594257,0.07747855933975317,0.08250792536634939,0.06497285099892013,0.043936533782469436,0.05507545417338857,0.04129791785736697,0.06644536923130594,0.076654006665178,0.055768917471184204,-0.06525711115734086,0.030111418660898663,0.11018974450015588,0.042785919678599404,0.05963526316298233,0.007974330703879727,0.015201264317561788,0.05592930756603725,0.06044049937849493,0.04885032030074967,0.028615240695667205,0.10884948882671894,0.1259253897141676,0.09142958918161163,-0.014908467531553735,0.17297294961195403
0.1381644894907411,2.100968037869481,0.7062355848188371,0.0055424759192145324,-0.025387941926180796,0.28328566016596496,0.0894638337780813,0.26233783360546925,0.11054335111905071,0.23741364690705635,0.15524752402008818,0.21394589706641232,0.055423338890136405,0.023994902672564957,0.247997109257827,0.14409062257789382,0.12425262107200903,0.4224148090404531,0.07199245783862337,0.35301425632301486,0.25457750690433845,0.10072124791146232,0.0600401134001897,0.08270964177375212,0.2131511042524286,0.030085865283923506,0.2775437569623663,0.16175448297011266,0.20487911400529438,0.1454686110814061,0.27203995954819005,0.051310262201127464,0.045739898485968565,0.16656341701307129,0.22842026148325237,0.3026322223549518,0.2614105966576904,0.19586931113440115,0.17849165692132848,0.12309016714652898,0.19439247934860984,0.22135808944649443,0.32953357231661373,0.03375912233711297,0.38114690154762154,0.32764624352200045,0.2528157880370123,-0.026786588035355666,0.08375440499361979
0.31949729584283687,0.7062355848188371,1.9418531474449738,0.08264871426656728,-0.028574112076151074,0.47037928857268363,0.15391102259582126,0.3994595327636453,0.3093225163359731,0.49299448291215014,0.3490061036030561,0.4044323038724409,0.09667729280953882,0.17717679273320264,0.4156626620240768,0.11790727972544891,0.3690393120239362,0.2938532328183932,0.2414958674613515,0.3735264730961219,0.25148960593921155,0.2640049189292058,0.22730751861576934,0.1871445420469852,0.32526062612903733,0.24693655503604983,0.2629858590168734,0.15115613795234425,0.5718923323636567,-0.0921313053408823,0.16781632080190603,0.17969961419130692,0.10457514355103935,0.33853235266375,0.19292091866798733,0.48459743561888113,0.3808182151077176,0.2361414805596728,0.07286660699963148,-0.008632145275802501,0.21098891510826984,0.25115259067011964,0.16102541674087723,0.08370677369416402,0.35027355947957367,0.5008741999058475,0.4484327222086596,-0.05210863138040785,0.5054398449724822
0.05063373725883045,0.0055424759192145324,0.08264871426656728,0.7032208172511194,0.3958571837383485,0.22015765694974063,0.2762001193659553,0.12190845222110139,0.15352744264204013,0.049741844546031616,0.10540731847815499,0.14969730594932606,0.06009443169576023,0.1706265582942825,0.06432352480166979,0.17461316069506827,0.10353824487676164,0.06432957931826393,0.20768742208367005,0.12986783668866458,0.06976418487244239,0.08785322863444546,0.0637258586937955,0.10298684975896436,0.12136708277516044,0.11389568415184656,0.09841371465432223,0.05062498081309603,0.1463390753168214,0.05768938611211936,0.07050781721742415,0.1590252721814239,0.0011357546230618518,0.22302212201378385,0.09733493950758919,0.1338462017111445,0.14501622237174083,0.0814931723997788,0.07138747066697623,0.03228840280179348,0.09338519821048963,0.07607833642379995,0.05926407805423596,0.05618786550260845,0.028894413896733834,0.09861426400539283,0.09863293547992023,-0.006229108948940211,0.12307020068769753
0.11396731449238981,-0.025387941926180796,-0.028574112076151074,0.3958571837383485,1.0236527727420264,-0.04650303021470881,0.2706732172059847,0.08451865690087172,0.1444512692886041,0.04362329322171169,0.051286013200691066,0.11747594076874614,0.05501289183951849,0.12901266458823454,0.06604176164894415,0.19994429101633557,0.052510993390005284,0.05494899836969236,0.3321093420304073,0.09877523122643994,0.06384703276117712,0.0844826444697582,0.051366181129154184,0.09151664959404326,0.09801026345420573,0.0897003619418785,0.08001769871828487,0.06521550354631363,0.07557788077299997,0.10537534651937344,0.11879423607970074,0.11293478994178263,0.014654176440896486,0.2828025978299108,0.12102367829271511,0.14933879259027263,0.31854467704505435,0.07172187146500099,0.07176565669720368,0.033984099042962755,0.16952191676989037,0.09374268934888352,0.028006860151001588,0.04500685564062221,0.006508364703377891,0.10339735992039104,0.1371835683164445,-0.002386354121808759,0.21625398322969264
0.07317649962723036,0.28328566016596496,0.47037928857268363,0.22015765694974063,-0.04650303021470881,1.1555782099401575,0.12958099835254513,0.2520976748232842,0.18375364589944623,0.053040143740575516,0.23593821598192646,0.1744035195384478,0.08050772948948545,0.14481660981517813,0.1449182666934951,0.2061000956670849,0.2126395185894082,0.12984793325406252,0.4027281897535689,0.2555694093750351,0.14547053469472587,0.17792620511505933,0.0963144872178838,0.1049872545389883,0.22958031722626282,0.26804506837997955,0.17604981123128216,0.04748000211771465,0.4643502914109723,0.06370626231488705,0.027281341168251226,0.17447943050726694,-0.12488936604457287,0.22267426669861698,0.1646023940500769,0.18551767736032257,0.04867166783573256,0.13784254951938757,0.14179617173611014,0.08803416413212256,0.0037614355458887045,0.13662052784828452,0.2968908033008193,0.05268508596443719,0.2843903006330418,0.15043209050608083,-0.024358150759428408,-0.014109001361575188,-0.5273488077440847
0.1899326996005873,0.0894638337780813,0.15391102259582126,0.2762001193659553,0.2706732172059847,0.12958099835254513,0.6905726925096535,-0.016984298434713618,0.23379990160617203,0.09182852558686021,0.11823423086903588,0.24072686456269038,0.06023299731513383,0.05456975226233849,0.03222905703283088,0.12040597057399935,0.039563689301280416,0.0940510608619656,0.14929757688206088,0.0957761338065734,0.058043296734456414,0.12170530822379336,0.05664665347750885,0.07318717509106937,0.10476666844856132,0.08357575196699153,0.10248757028972294,0.04836021312646827,0.08892030370206579,0.024871335589842,0.05578436433790933,0.08540442856509925,0.006995912270772248,0.20269011733205106,0.08557269847222822,0.15610139618209146,0.12219576077729123,0.06216231448492444,0.04150667794341369,0.01281695868942029,0.0685025020381269,0.06045965696751431,0.02866156884763371,0.04401636463221278,-0.011596027887347935,0.07593153853785616,0.014570381834952474,-0.008226512072923168,0.052765959645489136
-0.00866110135359518,0.26233783360546925,0.3994595327636453,0.12190845222110139,0.08451865690087172,0.2520976748232842,-0.016984298434713618,0.9783082701445527,0.046021948016236366,0.12325064336887351,0.22939522708133286,0.1809344156046159,0.06164292369551965,0.20323130664882527,0.13250836953308315,0.216725055127355,0.46346194690954406,0.12862943785582426,0.1272254891814601,0.31841593192741585,0.11582312147975149,0.16049942326555944,0.10440416853702401,0.12416027472418016,0.28107176426110597,0.14596661790400647,0.19509208723746999,0.04133712916273076,0.2812976815293381,0.038366292437116346,0.076248897563471,0.14804851746578404,0.055074564165937756,0.23991953845441036,0.07220136561059688,0.18781916426352793,0.16736187550539022,0.16199758608915052,0.16183517951781334,0.07620592084157754,0.1083407071190463,0.09945317959499278,0.19865279849762582,0.024177152313633658,0.1131817263462012,0.22563548230223485,0.2829526809607034,-0.018378659688828236,0.33966855942105373
0.07937909377966666,0.11054335111905071,0.3093225163359731,0.15352744264204013,0.1444512692886041,0.18375364589944623,0.23379990160617203,0.046021948016236366,0.9281611872852564,0.10134747594848996,0.09393639800866786,0.11470452066068249,0.03959759380236739,0.1619326183533426,-0.022531482307584987,0.11951189957640156,0.16068006990443082,0.09111345205915579,0.1256405330238402,0.11939849106922,0.10354747918121086,0.035368972687388534,0.004736052012183031,0.1304835932168106,0.031056309363017537,0.15652980002664824,0.10168921673829222,0.11858691477081856,0.13202658998397399,0.10074838311619326,0.1694161743913737,0.14244885557204287,0.1638308953515756,0.03958713382588218,0.07090274955791229,0.15740202681450974,0.2516338910427702,0.09856936974851255,-0.03605165406322022,-0.015354480700695977,0.08112056984540521,0.0964070058331367,0.010072721611180611,0.03666859437626041,0.1624749552501194,0.15477905913754436,0.23350945539547904,-0.01021258392575768,0.7198874677191819
0.11236495875492675,0.23741364690705635,0.49299448291215014,0.049741844546031616,0.04362329322171169,0.053040143740575516,0.09182852558686021,0.12325064336887351,0.10134747594848996,0.651619532958703,0.0777569412068374,0.13343928620709808,0.040951896211295954,0.06450307283748852,0.25438251001958023,0.05307742665494616,0.11793412330980359,0.21239367476592916,0.038110403277761384,0.03421654133622239,0.07584352921889242,0.0827810991754016,0.15649845611966315,0.07288282550582498,0.13904310401714973,0.044351874994475744,0.12669977678602867,0.07316708684611752,0.22572701954803653,0.014686560789418364,0.11313345646558133,0.0714216352413104,-0.026738656800731543,0.29863045280419637,0.18039145822526748,0.24004500283157512,0.2766973230488711,0.04682936936205825,0.07907121036614465,0.03026329392666341,0.18919932540279186,0.07648060026542251,-0.016797582193740244,0.05751654766729346,0.03352834655838181,0.22796598129244397,0.31747036977691734,-0.019663867023809116,0.4626482692880678
0.0721598272459091,0.15524752402008818,0.3490061036030561,0.10540731847815499,0.051286013200691066,0.23593821598192646,0.11823423086903588,0.22939522708133286,0.09393639800866786,0.0777569412068374,0.35625131517980857,0.17962132677106465,0.08651687854355926,0.1251083795461723,0.17583405506214325,0.14133307878232299,0.28209378708975,0.09534460003391174,0.101039704031151,0.2687017257844533,0.13993951220979337,0.09014599494575944,0.07971269380767564,0.11849306082220579,0.15392168431657957,0.14838081721467156,0.15366035144777487,0.07135740821710311,0.2254363884423378,0.012455191364863259,0.07816142244281153,0.13082614028848955,0.10055328411932911,0.13769139091855584,0.04836914608486674,0.16062468777731845,0.13202876448290815,0.14192357412494122,0.07682547453826935,0.0510233292375081,0.09354797903208467,0.13393623360430384,0.1679265493339246,0.019932363538531093,0.11958430937660827,0.19120715362812338,0.21089920160005346,-0.014082549850898272,0.2513430149086292
0.12433253788654926,0.21394589706641232,0.4044323038724409,0.14969730594932606,0.11747594076874614,0.1744035195384478,0.24072686456269038,0.1809344156046159,0.11470452066068249,0.13343928620709808,0.17962132677106465,0.6536288792218613,0.060323585281536925,0.1532612193090236,0.2230876064868027,0.16407146628666577,0.16177144913178867,0.12887377146244014,0.10127559094471267,0.23316849424414748,0.09783596523087704,0.1298048709088798,0.14105256772867977,0.11333214622371782,0.2450056870426538,0.13950399758159077,0.20244062295273282,0.02169138421273168,0.1780564632386575,-0.0987618745315044,0.03570124085394414,0.18762411552808453,0.07616087290191571,0.1782108117467141,7.88852795129275e-5,0.2814740199217497,0.006201845002443332,0.1279987744521141,0.030051302763096508,0.035434763394945994,0.04133449965142133,0.09366224305542917,0.07913623670875619,0.004123694704964789,0.023789035399466352,0.21559406178771473,0.15678857919094313,-0.030095530606658105,0.2566003580839122
0.030324047352127927,0.055423338890136405,0.09667729280953882,0.06009443169576023,0.05501289183951849,0.08050772948948545,0.06023299731513383,0.06164292369551965,0.03959759380236739,0.040951896211295954,0.08651687854355926,0.060323585281536925,0.18648100871945072,0.05114065104941744,0.029402840477878948,0.06400451424345256,0.048178687214073666,0.05779095358506513,0.06060938566630898,0.058928311877835926,0.05523357993943711,0.1377239220059139,0.04044411041779468,0.04497697576777641,0.053605370781473906,0.08142755581065854,0.058336247538949434,0.03320407428489045,0.10306458004721504,0.011895497924070467,0.033499967999541365,0.056328705016645345,0.031080276333532917,0.06928243998613436,0.04960646231164781,0.057754276613300806,0.005324238447770666,0.03173310504947264,0.08220850905767822,0.03326245630871064,0.0423762566566303,0.054866088399947326,0.05069975228425105,0.024660249560208403,-0.027391059021791637,0.07666736547452994,0.06468150002884072,-0.004753503006887186,0.09013933469234
0.09911575867514992,0.023994902672564957,0.17717679273320264,0.1706265582942825,0.12901266458823454,0.14481660981517813,0.05456975226233849,0.20323130664882527,0.1619326183533426,0.06450307283748852,0.1251083795461723,0.1532612193090236,0.05114065104941744,0.6027033424201809,0.11356807595597035,0.2570030571228069,0.22424155246909905,0.04810672200027276,0.11939599008820333,0.2485663199268749,0.11070847890149273,0.18497653241288978,0.09370777556401846,0.16847204210991434,0.15515858378692166,0.13334661474197762,0.11778973767630117,0.04173185296746604,0.11656242211574025,-0.004376027897718212,0.16551315282799603,0.457185673193024,0.06576791868499016,0.1364367526622217,0.030853170829558626,0.14478720599552192,0.01011053083205065,0.15452033735433685,0.039809452712671556,0.054011017598143585,0.12588880698247232,0.10166843362791798,0.08794118091148748,0.013433651038704785,0.04984496316901488,0.2216281004532647,0.36479438139623555,-0.017646605760717714,0.7813105550794831
0.1143666585181287,0.247997109257827,0.4156626620240768,0.06432352480166979,0.06604176164894415,0.1449182666934951,0.03222905703283088,0.13250836953308315,-0.022531482307584987,0.25438251001958023,0.17583405506214325,0.2230876064868027,0.029402840477878948,0.11356807595597035,1.2569706890737344,-0.05722969975072484,0.12774519919172372,0.21838422967116358,0.08779878328479448,0.2521883279579692,0.23405644033510936,-0.08914804838229995,0.11531802748543307,0.14333627654623526,0.25245064733660766,0.2751580865184254,0.16692626554401574,0.16929786691732415,0.25128533974530165,0.17362325369210777,0.1862222786088326,0.11789087176385707,0.08284181378857815,0.2028720108423921,0.20185437979530904,0.30673472842264843,0.390748309796676,0.13632054793926793,0.17829579828273656,0.11408366398665136,0.21485445739035489,0.27733105248259693,0.28416348643146677,0.035488124557301604,0.43203082923517727,0.29684107065870735,0.2874221664313895,-0.02241453209410018,0.17963997108412275
0.04985520851561472,0.14409062257789382,0.11790727972544891,0.17461316069506827,0.19994429101633557,0.2061000956670849,0.12040597057399935,0.216725055127355,0.11951189957640156,0.05307742665494616,0.14133307878232299,0.16407146628666577,0.06400451424345256,0.2570030571228069,-0.05722969975072484,1.0723854984384018,0.24821708646058954,0.10464975846164706,0.17063333721793852,0.31560642552713064,0.10205572498786059,0.23162723943935506,0.06801319797802259,0.15561595460357838,0.2384402634012633,0.13127240448768743,0.19759143346921834,0.12425628335441403,0.34274537201832556,0.15258027824201448,0.08038327083273322,0.18668483398952848,0.02048033044542868,0.23000591173523363,0.2592176505263023,0.1826763065430894,0.20223885466786645,0.1738864170894978,0.17358226142338784,0.15874159209428126,0.1854470206844377,0.09216188310137105,0.30864083334610326,0.022949839848103663,0.10924075562011804,0.19786003357568474,0.2604159464150724,-0.0104143417094269,0.3954859513402803
0.029563966708315646,0.12425262107200903,0.3690393120239362,0.10353824487676164,0.052510993390005284,0.2126395185894082,0.039563689301280416,0.46346194690954406,0.16068006990443082,0.11793412330980359,0.28209378708975,0.16177144913178867,0.048178687214073666,0.22424155246909905,0.12774519919172372,0.24821708646058954,1.1985980621856984,0.010966183651065636,0.11515055715637579,0.5319867161859959,0.24441890576675868,0.009523443017426513,0.14834073647432575,0.23948195336531616,0.3030960623164695,-0.04602758075848074,0.2735754794437775,0.1687549091555704,0.3058543429205225,0.12889054153355428,0.12361340712544573,0.17801676230982244,0.37987852432002017,0.1735229302505611,-0.03472757236581852,0.2852274329752693,0.4934002736286919,0.30035938588257394,-0.07327814371853636,0.03103324365867981,0.25390600279596665,0.20792343698717755,0.2896818961937827,0.03250025014924955,0.19104868659664817,0.3794300843467675,0.6185643036197864,-0.023339737667733566,1.0040558603467138
0.08483766364279798,0.4224148090404531,0.2938532328183932,0.06432957931826393,0.05494899836969236,0.12984793325406252,0.0940510608619656,0.12862943785582426,0.09111345205915579,0.21239367476592916,0.09534460003391174,0.12887377146244014,0.05779095358506513,0.04810672200027276,0.21838422967116358,0.10464975846164706,0.010966183651065636,0.703448817773323,0.048623082703505016,0.07706872454609828,0.14325803993504543,0.13562788243872045,0.4153653963925352,0.08877324439339042,0.17122369708305782,0.2266222808063623,-0.01265199115812076,0.027960281358008866,0.13319650662923677,0.08322908060685608,0.16723756104446239,0.03828681367107085,-0.04960911517955786,0.20007911239456996,0.11412808254646875,0.3263985539953762,0.11738322997506857,0.06001408352428057,0.16127528786927892,0.1015285250504153,0.09739107043395653,0.11161064363504461,0.3852034397629395,0.06836414704950222,0.2688823563572693,0.18949095642033886,0.14971817513224547,-0.029348042920656753,0.14065893381415523
0.08285044105401368,0.07199245783862337,0.2414958674613515,0.20768742208367005,0.3321093420304073,0.4027281897535689,0.14929757688206088,0.1272254891814601,0.1256405330238402,0.038110403277761384,0.101039704031151,0.10127559094471267,0.06060938566630898,0.11939599008820333,0.08779878328479448,0.17063333721793852,0.11515055715637579,0.048623082703505016,0.6247546194705541,0.1362761875743182,0.10480432588210858,0.18875290694852173,0.03199133018762636,0.088418311981634,0.13279192074070184,0.10943234285663014,0.0938183694184902,0.06471001952201674,0.22497621596820025,0.12858058483555218,0.07399048871017383,0.1186025468418195,-0.00609460923960859,0.16407938172876993,0.10758836594365984,0.14621733595216735,0.17013071356960932,0.09112003180768245,0.09397642387590363,0.05506324511641009,0.10962252098757051,0.10805376561897623,0.14528384938810737,0.033624847001638675,0.13510034100434756,0.13333935956958817,0.06107405406884852,-0.008971471793413427,-0.16226178189492046
0.08599507575814325,0.35301425632301486,0.3735264730961219,0.12986783668866458,0.09877523122643994,0.2555694093750351,0.0957761338065734,0.31841593192741585,0.11939849106922,0.03421654133622239,0.2687017257844533,0.23316849424414748,0.058928311877835926,0.2485663199268749,0.2521883279579692,0.31560642552713064,0.5319867161859959,0.07706872454609828,0.1362761875743182,1.2961657450841564,0.10980269800055498,0.08339238294248615,0.25481543005511204,0.2365061879444772,0.2507583453513602,0.2731191316233686,0.37395025731609643,0.13462844765276447,0.19036909328983362,0.38080060073744504,-0.02467305210982889,0.23831454102589697,0.20912022396201885,0.23330168932831186,0.0219813861775186,0.26315544038088695,0.6236103068050586,0.5714583459547072,0.05368592029413129,0.09635232210678063,0.22020602165432912,0.07959426283250223,0.8750786846099079,0.0926020467800292,0.38145237068945914,0.3188334978088708,0.40403281201569485,-0.02089927713597309,0.6321852640014957
0.06630614622069322,0.25457750690433845,0.25148960593921155,0.06976418487244239,0.06384703276117712,0.14547053469472587,0.058043296734456414,0.11582312147975149,0.10354747918121086,0.07584352921889242,0.13993951220979337,0.09783596523087704,0.05523357993943711,0.11070847890149273,0.23405644033510936,0.10205572498786059,0.24441890576675868,0.14325803993504543,0.10480432588210858,0.10980269800055498,0.4717091416636387,0.05132493961534182,0.09892740534323995,0.13818886252562254,0.15436259393370852,0.07778125295104564,0.10073423132047758,0.16599789712300234,0.17443916192394665,0.20516343089960068,0.23363965783765098,0.08324668406910482,0.20485435378824712,0.01539112169061384,0.09106017635096991,0.28226041733537377,0.2729604642682149,0.1179444004028189,0.15665808623463826,0.16637686942815405,0.24270990051887145,0.47429388630128594,0.3668920892501034,0.00587053349436986,0.6321095873823451,0.304592014065832,0.40604211597690065,-0.020620386916841496,0.3567449636533361
0.11105999492015604,0.10072124791146232,0.2640049189292058,0.08785322863444546,0.0844826444697582,0.17792620511505933,0.12170530822379336,0.16049942326555944,0.035368972687388534,0.0827810991754016,0.09014599494575944,0.1298048709088798,0.1377239220059139,0.18497653241288978,-0.08914804838229995,0.23162723943935506,0.009523443017426513,0.13562788243872045,0.18875290694852173,0.08339238294248615,0.05132493961534182,2.47507597758336,0.32910034071055166,0.024387830445773178,0.196437471549607,0.10846319434939526,0.11885761744114781,-0.1598624326913864,-0.3992356667525272,-0.3998532635624787,-0.03857943266918489,0.18289151964502537,-0.08411554797896578,0.0955164916658181,-0.16307487329677012,-0.05615067011337718,-0.15374390370681343,0.007914481948835768,0.10205147020071673,0.04518207361634722,-0.04297150140694595,0.08418931908923659,0.047043205167665185,0.08817722712623363,-0.23383885852695976,-0.019764882561792475,0.08195774691575435,-0.0010554102517992482,0.5206831729447828
0.06476223721660666,0.0600401134001897,0.22730751861576934,0.0637258586937955,0.051366181129154184,0.0963144872178838,0.05664665347750885,0.10440416853702401,0.004736052012183031,0.15649845611966315,0.07971269380767564,0.14105256772867977,0.04044411041779468,0.09370777556401846,0.11531802748543307,0.06801319797802259,0.14834073647432575,0.4153653963925352,0.03199133018762636,0.25481543005511204,0.09892740534323995,0.32910034071055166,1.4198776279984153,0.17912765778952278,0.2873365520054893,0.10650280167760434,0.1161889480114504,-0.18893532176634856,0.3798698916710068,0.2179298894787626,-0.3293463055793392,0.09096036917946874,0.04120480552886328,0.3441909841866783,-0.2713262236509976,0.6919599787459451,0.23943985192439143,0.10406580634461214,0.029846230598807366,-0.03436250888753383,0.13408974957437647,0.04304325425464922,0.4579828278540643,0.2508879678775224,-0.15751557603815686,0.24070498433035684,0.1547276183344384,-0.06927528634732275,0.6611471447657639
0.04781996836594257,0.08270964177375212,0.1871445420469852,0.10298684975896436,0.09151664959404326,0.1049872545389883,0.07318717509106937,0.12416027472418016,0.1304835932168106,0.07288282550582498,0.11849306082220579,0.11333214622371782,0.04497697576777641,0.16847204210991434,0.14333627654623526,0.15561595460357838,0.23948195336531616,0.08877324439339042,0.088418311981634,0.2365061879444772,0.13818886252562254,0.024387830445773178,0.17912765778952278,0.4855938460015606,0.17558055736537248,-0.017085923839728717,0.16851979706180686,0.18407432935041096,0.1440387572541733,0.41793574324433,0.09671259588750028,0.24079002444984166,0.39438408873183384,0.077144493658507,0.013702562396966579,0.2862180188375437,0.2757599929324935,0.15701450069969375,0.03395740647115699,-0.004943380161338581,0.18024431277179895,0.13412945573767046,0.13812280230761,0.0854342094805497,0.021015925233501646,0.26902437210610214,0.28143878354215063,-0.021742136244521773,0.582266015049198
0.07747855933975317,0.2131511042524286,0.32526062612903733,0.12136708277516044,0.09801026345420573,0.22958031722626282,0.10476666844856132,0.28107176426110597,0.031056309363017537,0.13904310401714973,0.15392168431657957,0.2450056870426538,0.053605370781473906,0.15515858378692166,0.25245064733660766,0.2384402634012633,0.3030960623164695,0.17122369708305782,0.13279192074070184,0.2507583453513602,0.15436259393370852,0.196437471549607,0.2873365520054893,0.17558055736537248,0.9939273988963561,0.1010128409598438,0.18531796920640833,0.07046967621339896,0.4054446076632704,0.1342179845173442,0.04877716648093508,0.14849850020791927,0.06843266834042391,0.32650160670066547,0.10957193195225218,0.3358323587339328,0.25211840636043686,0.1478845659116262,0.17992519482175337,0.09846180120858725,0.14281080272123337,0.14189969468242572,0.2731315460593799,0.04063508751023488,0.1161328952749021,0.3566321675304479,0.27492350501529955,-0.03909717010108412,0.2583786776620798
0.08250792536634939,0.030085865283923506,0.24693655503604983,0.11389568415184656,0.0897003619418785,0.26804506837997955,0.08357575196699153,0.14596661790400647,0.15652980002664824,0.044351874994475744,0.14838081721467156,0.13950399758159077,0.08142755581065854,0.13334661474197762,0.2751580865184254,0.13127240448768743,-0.04602758075848074,0.2266222808063623,0.10943234285663014,0.2731191316233686,0.07778125295104564,0.10846319434939526,0.10650280167760434,-0.017085923839728717,0.1010128409598438,1.7353192743619785,0.19298743535514964,0.05518764175132595,0.4141525385030663,-0.3077446263713443,-0.1905935295162252,0.10566058621922195,-0.007117716972432169,0.029256995410227808,0.08976618480592574,0.13429451801504594,-0.06839475763549589,0.08767746403312497,0.0382573325326234,0.1068523474114734,-0.3093442777069113,0.17916659873442417,0.52681821851745,-0.02854254079728476,0.9261469102721284,-0.03848228668665112,-0.06225086995525153,-0.01754995567014974,-0.3829547722366431
0.06497285099892013,0.2775437569623663,0.2629858590168734,0.09841371465432223,0.08001769871828487,0.17604981123128216,0.10248757028972294,0.19509208723746999,0.10168921673829222,0.12669977678602867,0.15366035144777487,0.20244062295273282,0.058336247538949434,0.11778973767630117,0.16692626554401574,0.19759143346921834,0.2735754794437775,-0.01265199115812076,0.0938183694184902,0.37395025731609643,0.10073423132047758,0.11885761744114781,0.1161889480114504,0.16851979706180686,0.18531796920640833,0.19298743535514964,0.7327197179613623,0.17134151629895158,0.1781850156184722,0.142952959350733,-0.017537434989316477,0.17560547895015013,0.16884783005859472,0.1394717392657308,0.17192950236647497,0.2672170649828239,0.28774356987724686,0.19057287639201825,0.0666147829525365,0.07034776930549447,0.17771363711294108,0.13370715134514197,0.27338471530910863,0.0782541643328259,0.12358400105943385,0.2756645514310411,0.1773934145049369,-0.02015717093407159,0.18773136991412004
0.043936533782469436,0.16175448297011266,0.15115613795234425,0.05062498081309603,0.06521550354631363,0.04748000211771465,0.04836021312646827,0.04133712916273076,0.11858691477081856,0.07316708684611752,0.07135740821710311,0.02169138421273168,0.03320407428489045,0.04173185296746604,0.16929786691732415,0.12425628335441403,0.1687549091555704,0.027960281358008866,0.06471001952201674,0.13462844765276447,0.16599789712300234,-0.1598624326913864,-0.18893532176634856,0.18407432935041096,0.07046967621339896,0.05518764175132595,0.17134151629895158,0.954006849527477,-0.08761370014019733,0.6006894122902745,0.25750782693487373,-0.06345579063919987,0.36967366914785255,-0.04237427327388656,0.8488227626915689,0.3987377486454799,0.4720800400129036,0.13109153455214884,0.1919406607457393,0.17900045693708727,0.3788177677277698,0.2358726045661252,0.059586137776142835,0.22086619096891774,0.33103873370314485,0.2887033405810342,0.13026679889598688,-0.00699654412123724,0.2504524648091112
0.05507545417338857,0.20487911400529438,0.5718923323636567,0.1463390753168214,0.07557788077299997,0.4643502914109723,0.08892030370206579,0.2812976815293381,0.13202658998397399,0.22572701954803653,0.2254363884423378,0.1780564632386575,0.10306458004721504,0.11656242211574025,0.25128533974530165,0.34274537201832556,0.3058543429205225,0.13319650662923677,0.22497621596820025,0.19036909328983362,0.17443916192394665,-0.3992356667525272,0.3798698916710068,0.1440387572541733,0.4054446076632704,0.4141525385030663,0.1781850156184722,-0.08761370014019733,3.7430714027964664,0.3721808965788267,-0.5945463683066895,0.08013965728343571,0.20930792154227118,0.6316578254304486,-0.23072798551412615,0.6864183097804606,0.6113409044017095,0.04559135602678842,-0.011395255657185993,-0.052209358578684556,0.11979592079073767,0.09696214418103269,0.17767080363727766,-0.20553064111178423,0.10459266656643872,0.36652683861063945,0.49874984695381724,-0.08072945624520227,1.009160641725319
0.04129791785736697,0.1454686110814061,-0.0921313053408823,0.05768938611211936,0.10537534651937344,0.06370626231488705,0.024871335589842,0.038366292437116346,0.10074838311619326,0.014686560789418364,0.012455191364863259,-0.0987618745315044,0.011895497924070467,-0.004376027897718212,0.17362325369210777,0.15258027824201448,0.12889054153355428,0.08322908060685608,0.12858058483555218,0.38080060073744504,0.20516343089960068,-0.3998532635624787,0.2179298894787626,0.41793574324433,0.1342179845173442,-0.3077446263713443,0.142952959350733,0.6006894122902745,0.3721808965788267,3.8462460177221227,-0.13030791191702495,-0.22701728022066367,0.19050729706954048,-0.26846788374137337,0.875317970432683,0.7137391189913976,1.2594695023988547,0.282866145240004,0.4389281344432021,0.22177982918189176,0.8568496982822886,0.24933690532715785,1.5762771725215865,0.2889869292445823,0.7548114252266158,0.49009200953212445,0.09930314097872614,-0.054969093899817856,-0.03504105105186189
0.06644536923130594,0.27203995954819005,0.16781632080190603,0.07050781721742415,0.11879423607970074,0.027281341168251226,0.05578436433790933,0.076248897563471,0.1694161743913737,0.11313345646558133,0.07816142244281153,0.03570124085394414,0.033499967999541365,0.16551315282799603,0.1862222786088326,0.08038327083273322,0.12361340712544573,0.16723756104446239,0.07399048871017383,-0.02467305210982889,0.23363965783765098,-0.03857943266918489,-0.3293463055793392,0.09671259588750028,0.04877716648093508,-0.1905935295162252,-0.017537434989316477,0.25750782693487373,-0.5945463683066895,-0.13030791191702495,2.2243923496577804,0.2651025160675735,0.010019982175229569,-0.021795446504996253,0.5420167391384876,0.3289514677183039,-0.7982003287426033,0.11421333139346125,0.357718021678943,0.3234021810120848,0.24669304436918496,0.21794099304138137,-0.5353406266629809,-0.0722569319766059,-0.015965671632996867,0.6069599115179399,0.47166620481090454,-0.029348666533218323,0.30896494577272193
0.076654006665178,0.051310262201127464,0.17969961419130692,0.1590252721814239,0.11293478994178263,0.17447943050726694,0.08540442856509925,0.14804851746578404,0.14244885557204287,0.0714216352413104,0.13082614028848955,0.18762411552808453,0.056328705016645345,0.457185673193024,0.11789087176385707,0.18668483398952848,0.17801676230982244,0.03828681367107085,0.1186025468418195,0.23831454102589697,0.08324668406910482,0.18289151964502537,0.09096036917946874,0.24079002444984166,0.14849850020791927,0.10566058621922195,0.17560547895015013,-0.06345579063919987,0.08013965728343571,-0.22701728022066367,0.2651025160675735,1.076003564061281,0.0055566319886085425,0.24712499995928108,-0.09159494097012716,0.0826526567570606,-0.3612781395632104,0.17176612283710516,0.09876525328581412,0.04734097496356865,0.06881235502700257,0.05650127620001504,-0.07468745294471278,-0.0231863251259219,-0.15990547899425733,0.2969544886796486,0.44984300898481405,-0.024384821089077302,0.7667006160235815
0.055768917471184204,0.045739898485968565,0.10457514355103935,0.0011357546230618518,0.014654176440896486,-0.12488936604457287,0.006995912270772248,0.055074564165937756,0.1638308953515756,-0.026738656800731543,0.10055328411932911,0.07616087290191571,0.031080276333532917,0.06576791868499016,0.08284181378857815,0.02048033044542868,0.37987852432002017,-0.04960911517955786,-0.00609460923960859,0.20912022396201885,0.20485435378824712,-0.08411554797896578,0.04120480552886328,0.39438408873183384,0.06843266834042391,-0.007117716972432169,0.16884783005859472,0.36967366914785255,0.20930792154227118,0.19050729706954048,0.010019982175229569,0.0055566319886085425,2.111031540867981,-0.5372254216413231,-1.1043211587482742,0.0898602836883086,0.4740653533616458,0.19078337866326386,-0.37429845364778885,-0.40912889910527794,-0.24784996673464743,0.21595745893786797,-0.14781246356197963,0.05858706757854575,-0.13148007730427963,0.19212822726437578,0.4850531584813426,-0.0035136661686192366,1.4618061251306531
-0.06525711115734086,0.16656341701307129,0.33853235266375,0.22302212201378385,0.2828025978299108,0.22267426669861698,0.20269011733205106,0.23991953845441036,0.03958713382588218,0.29863045280419637,0.13769139091855584,0.1782108117467141,0.06928243998613436,0.1364367526622217,0.2028720108423921,0.23000591173523363,0.1735229302505611,0.20007911239456996,0.16407938172876993,0.23330168932831186,0.01539112169061384,0.0955164916658181,0.3441909841866783,0.077144493658507,0.32650160670066547,0.029256995410227808,0.1394717392657308,-0.04237427327388656,0.6316578254304486,-0.26846788374137337,-0.021795446504996253,0.24712499995928108,-0.5372254216413231,1.9395951238214866,0.47915257973098463,0.33716400109181593,0.7003773607515917,0.13091681428491275,0.2975564046128647,0.014978091946025214,0.33538904471889686,0.02967269140349101,0.08007031976579246,0.12716800611353768,-0.4377064968406131,0.08371558777348294,0.30002714826081783,0.012167791498791405,0.0564949783989065
0.030111418660898663,0.22842026148325237,0.19292091866798733,0.09733493950758919,0.12102367829271511,0.1646023940500769,0.08557269847222822,0.07220136561059688,0.07090274955791229,0.18039145822526748,0.04836914608486674,7.88852795129275e-5,0.04960646231164781,0.030853170829558626,0.20185437979530904,0.2592176505263023,-0.03472757236581852,0.11412808254646875,0.10758836594365984,0.0219813861775186,0.09106017635096991,-0.16307487329677012,-0.2713262236509976,0.013702562396966579,0.10957193195225218,0.08976618480592574,0.17192950236647497,0.8488227626915689,-0.23072798551412615,0.875317970432683,0.5420167391384876,-0.09159494097012716,-1.1043211587482742,0.47915257973098463,3.0048044859995064,0.2740117938178006,0.22016246968070932,0.026963490534463615,0.6914078827107926,0.7931434957697722,0.8175057683977593,0.18662877279550075,0.11930192100036394,0.30589420485333857,0.5189648175326753,0.38580977310034337,0.07588830736586065,0.018459951918026445,-0.5358507112419165
0.11018974450015588,0.3026322223549518,0.48459743561888113,0.1338462017111445,0.14933879259027263,0.18551767736032257,0.15610139618209146,0.18781916426352793,0.15740202681450974,0.24004500283157512,0.16062468777731845,0.2814740199217497,0.057754276613300806,0.14478720599552192,0.30673472842264843,0.1826763065430894,0.2852274329752693,0.3263985539953762,0.14621733595216735,0.26315544038088695,0.28226041733537377,-0.05615067011337718,0.6919599787459451,0.2862180188375437,0.3358323587339328,0.13429451801504594,0.2672170649828239,0.3987377486454799,0.6864183097804606,0.7137391189913976,0.3289514677183039,0.0826526567570606,0.0898602836883086,0.33716400109181593,0.2740117938178006,2.8348708429820366,0.18937573876214395,0.21217019005834295,0.1357182280133494,0.27144646748902346,0.420718404063193,0.27000176081268673,-0.09605917254155331,-0.1737183695615605,0.022507833647576064,0.9444482082749958,-0.3029442530230601,-0.24729164525562564,0.9356197342829614
0.042785919678599404,0.2614105966576904,0.3808182151077176,0.14501622237174083,0.31854467704505435,0.04867166783573256,0.12219576077729123,0.16736187550539022,0.2516338910427702,0.2766973230488711,0.13202876448290815,0.006201845002443332,0.005324238447770666,0.01011053083205065,0.390748309796676,0.20223885466786645,0.4934002736286919,0.11738322997506857,0.17013071356960932,0.6236103068050586,0.2729604642682149,-0.15374390370681343,0.23943985192439143,0.2757599929324935,0.25211840636043686,-0.06839475763549589,0.28774356987724686,0.4720800400129036,0.6113409044017095,1.2594695023988547,-0.7982003287426033,-0.3612781395632104,0.4740653533616458,0.7003773607515917,0.22016246968070932,0.18937573876214395,5.148041898417405,0.36700392002593407,-0.5563582523491208,-0.38749525378448346,1.019988035384723,0.2848928748952565,1.1819589698841315,0.3794715182415743,1.520833260160502,0.15075091091441037,0.8005724625256041,0.0785524724077628,1.4045197574816146
0.05963526316298233,0.19586931113440115,0.2361414805596728,0.0814931723997788,0.07172187146500099,0.13784254951938757,0.06216231448492444,0.16199758608915052,0.09856936974851255,0.04682936936205825,0.14192357412494122,0.1279987744521141,0.03173310504947264,0.15452033735433685,0.13632054793926793,0.1738864170894978,0.30035938588257394,0.06001408352428057,0.09112003180768245,0.5714583459547072,0.1179444004028189,0.007914481948835768,0.10406580634461214,0.15701450069969375,0.1478845659116262,0.08767746403312497,0.19057287639201825,0.13109153455214884,0.04559135602678842,0.282866145240004,0.11421333139346125,0.17176612283710516,0.19078337866326386,0.13091681428491275,0.026963490534463615,0.21217019005834295,0.36700392002593407,0.6650295807311437,0.06913048031025756,0.08065668713678502,0.17313754513018742,0.10315208465899359,0.49321374961098213,0.0854403189058377,0.23061434378419235,0.30778661960579495,0.35313609840205196,-0.022827286201188884,0.47679173010744896
0.007974330703879727,0.17849165692132848,0.07286660699963148,0.07138747066697623,0.07176565669720368,0.14179617173611014,0.04150667794341369,0.16183517951781334,-0.03605165406322022,0.07907121036614465,0.07682547453826935,0.030051302763096508,0.08220850905767822,0.039809452712671556,0.17829579828273656,0.17358226142338784,-0.07327814371853636,0.16127528786927892,0.09397642387590363,0.05368592029413129,0.15665808623463826,0.10205147020071673,0.029846230598807366,0.03395740647115699,0.17992519482175337,0.0382573325326234,0.0666147829525365,0.1919406607457393,-0.011395255657185993,0.4389281344432021,0.357718021678943,0.09876525328581412,-0.37429845364778885,0.2975564046128647,0.6914078827107926,0.1357182280133494,-0.5563582523491208,0.06913048031025756,2.0149555210552466,0.6839236786036258,0.20910050367270225,0.17361378557824003,0.1710938817157906,0.16260345513274024,0.20254297158750031,0.2479373322192595,0.05471388795879333,-0.0056067611394553935,-0.40635840130732065
0.015201264317561788,0.12309016714652898,-0.008632145275802501,0.03228840280179348,0.033984099042962755,0.08803416413212256,0.01281695868942029,0.07620592084157754,-0.015354480700695977,0.03026329392666341,0.0510233292375081,0.035434763394945994,0.03326245630871064,0.054011017598143585,0.11408366398665136,0.15874159209428126,0.03103324365867981,0.1015285250504153,0.05506324511641009,0.09635232210678063,0.16637686942815405,0.04518207361634722,-0.03436250888753383,-0.004943380161338581,0.09846180120858725,0.1068523474114734,0.07034776930549447,0.17900045693708727,-0.052209358578684556,0.22177982918189176,0.3234021810120848,0.04734097496356865,-0.40912889910527794,0.014978091946025214,0.7931434957697722,0.27144646748902346,-0.38749525378448346,0.08065668713678502,0.6839236786036258,1.4159587551597046,0.21940142043576877,0.19318110692516044,0.22973669438251432,-0.23116655666533356,0.5265721457588728,0.6089082955600602,0.22017669535232415,-0.015258388669616412,-0.22432435644289836
0.05592930756603725,0.19439247934860984,0.21098891510826984,0.09338519821048963,0.16952191676989037,0.0037614355458887045,0.0685025020381269,0.1083407071190463,0.08112056984540521,0.18919932540279186,0.09354797903208467,0.04133449965142133,0.0423762566566303,0.12588880698247232,0.21485445739035489,0.1854470206844377,0.25390600279596665,0.09739107043395653,0.10962252098757051,0.22020602165432912,0.24270990051887145,-0.04297150140694595,0.13408974957437647,0.18024431277179895,0.14281080272123337,-0.3093442777069113,0.17771363711294108,0.3788177677277698,0.11979592079073767,0.8568496982822886,0.24669304436918496,0.06881235502700257,-0.24784996673464743,0.33538904471889686,0.8175057683977593,0.420718404063193,1.019988035384723,0.17313754513018742,0.20910050367270225,0.21940142043576877,2.2951885248512762,0.33250335794751007,-0.11957517608599619,0.27651790483740557,-0.3537373477387866,0.8305640809393833,0.5932089828300647,-0.02568892882805202,0.7232341578119785
