1.8426171640557665,0.3983709967076819,0.8636528747918868,0.14220238963238002,0.26952936258084353,0.3707770486228213,0.37899096589504344,0.3906532359400299,0.4433253728010768,0.2922202452522021,0.29142599002393244,0.28935564781935047,0.2903606898682177,0.3877643324094114,0.19579883027204914,0.27328383935850614,0.3177134279430856,0.27781183601079196,0.2868463465238989,0.2783419474395044,0.27192280363920585,0.373953217388453,0.1385156789537135,0.12321194915278616,0.2711488185690349,0.25296927086042276,0.2515317278344734,0.16025241969470935,0.3266854674031245,0.5685715511225077,0.2598266630449042,0.3288179467057518,0.26419115471652427,-0.2614747327902563,0.22836638459104575,0.38457066096726583,0.41350439633147146,0.3599392249954041,0.2605666941310445,0.3023029970818372,0.26998286716801234,0.2677661678339089,0.23247735132108227,0.13620403631507413,0.10518039097778606,0.45619799540086853,0.4584183777806658,0.10219794339757435,0.2312982230548585,0.10764651663343733,-0.03039701602631719,-0.18560065700312461,0.10272546428937065,-0.09423302937498482,0.012721686591762824,-0.14291047470800325,0.6473672019373214,0.1785531129013065,-0.676750887124564,-0.10792341065523127
0.3983709967076819,1.4417376386896181,1.0846142298549046,0.19629080317272762,0.1338844665770071,0.47305560208008846,0.280535229567425,0.431689677888166,0.4933343295742352,0.35616007840403413,0.36032132329331706,0.2756606659013299,0.4264125921910953,0.27111376064875387,0.4088374171320378,0.2496136308688914,0.3919149721260839,0.4483983484450825,0.3308234267986718,0.5484938782903692,0.4362393463882976,0.33424555788383553,0.12154078832101929,0.28712916333844546,0.4360677498064705,0.3676997570834252,0.33989837446550714,0.396938532752401,0.5105139990149472,0.4821558647140985,0.43540589664022455,0.3652343359945523,0.3086057049544721,0.4469550790570995,0.397784311856925,0.5547424707142555,0.5855328555961388,0.3177927892287046,0.3107073876698808,0.28638058947724415,0.3467993496444857,0.4158467204876145,0.45889257560607005,0.0974191271434983,0.3435302783880123,0.39491457357365617,0.5046608982316324,0.17103880883020134,0.3149145308849491,-0.08817400561727191,0.13712729513127664,0.24634020633649942,-0.15219024306288786,-0.07883643400412982,-0.39000364869913723,-0.12640068243464514,-0.11295064815698562,0.35533659006020357,0.14078412541572183,0.2442153014040804
0.8636528747918868,1.0846142298549046,2.3998706605998104,0.3755962449371282,0.17394746549678647,0.7197059325009807,0.4317248008742852,0.6933532762781337,0.9402179238385375,0.6781551124926161,0.50666139445643,0.42648881765612157,0.6210203246547179,0.45310408675128183,0.4387868827762008,0.3968542483982826,0.636140215475597,0.5343505467865741,0.47802057451281244,0.5864485091234148,0.5588586007393842,0.617853928091275,0.3867000503772869,0.5014849516035759,0.5142100161563982,0.544156661190899,0.4630674784931358,0.41282973814764706,0.7852286776631345,0.6652410697927732,0.4702812420685826,0.4803248860476029,0.3539452697650895,0.693626474745071,0.5476220137506597,0.8511761058407203,0.6022934783314655,0.45399416475657584,0.5952221751484802,0.3614446952561563,0.4468061658863549,0.5414919520023239,0.5561227625946563,0.2556733905753336,0.43075423464466306,0.6254216737828032,0.7338763580797156,0.16006044541656292,0.3745220098634826,0.028702311195062464,0.08844390345534871,0.13295792020859135,-0.08769348816879595,-0.15744145072035917,0.17166621923957967,-0.01950309623792142,0.32611743214214156,-0.2736070684271263,-0.21968541524105153,0.10441786640120587
0.14220238963238002,0.19629080317272762,0.3755962449371282,1.2962448443444643,0.5336676427599067,0.4988935636462629,0.41825064359984887,0.5182318617579532,0.2607949261950046,0.3941961352380792,0.4011456328491588,0.42694186381785215,0.4210991158996049,0.4498907102928895,0.34700110842990756,0.43667719081104256,0.4276564337399084,0.4464680172777086,0.4196688514039529,0.35142800455372236,0.33246013804323565,0.532766374043308,0.48663875743230245,0.5003363140474264,0.40267880973237447,0.34708030969222736,0.32275913432031766,0.1396473004221077,0.4775121060240588,0.33922191110566086,0.35599809566850504,0.3794813222858175,0.35667487141901405,0.4682861461905068,-0.010606862643060372,0.6469760569947515,0.4839484206924347,0.4365671550873313,0.5026360577996609,0.14642940466731727,0.26975734824134284,0.3172130722535901,0.344704354558062,0.3541961944395587,0.11719996830237128,0.4581703812964917,0.4907126948191518,0.08907150902925506,0.08846921719764064,0.31293939591149567,-0.10580420574893572,-0.10246447917252297,-0.006201859682261518,-0.23005610693960157,0.029441746205857895,-0.07113755647478412,0.18810723213610403,0.003166830867356054,-0.2851524754631495,-0.1495954276814056
0.26952936258084353,0.1338844665770071,0.17394746549678647,0.5336676427599067,1.3961108816739896,0.48042178073757524,0.29660733818857116,0.4205054187030664,0.17871151675213953,0.3928954215711662,0.33326512231632033,0.4137962102877685,0.3845378003077969,0.3778356800105106,0.3384475582886535,0.40455358675744557,0.3770169993481533,0.34034184390005595,0.751850774144922,0.18603931331548187,0.264092058726219,0.5978627344017119,0.34710925595902353,0.3828786377578803,0.28343156147774295,0.27969977065992796,0.24314927521679522,0.07579184915118245,0.3746987886237014,0.20381268689542123,0.30857924107730844,0.2866112291949114,0.44936253365648066,0.22476997647791977,-0.1904271061378614,0.5766755172741352,0.4621098802573189,0.3457258035840414,0.5162017615201712,0.049961197808808644,0.19453662969044508,0.2638813141785859,0.1536916844752339,0.21285746066387798,-0.09513559679358362,0.40749810954756566,0.32757246464628437,0.05354376649336902,0.38325915108189634,0.6275340477589207,-0.14335249364127534,-0.3732457098398101,-0.02812803983933623,-0.30587145013323025,0.1337640656847969,-0.20725909715364182,0.1732094631180814,-0.10905388196485187,-0.0647467036620922,-0.25155898406760174
0.3707770486228213,0.47305560208008846,0.7197059325009807,0.4988935636462629,0.48042178073757524,0.9767810823623184,0.269945174571215,0.6027487647876544,0.5769291029960407,0.41078551376114136,0.4396622171401833,0.43468527628196263,0.48885407301559836,0.4679159083620651,0.381405949978308,0.39896131379160615,0.499237353756168,0.4342401490274502,0.6323375443325123,0.4394307621304922,0.4020546757304891,0.6066821014110965,0.28185820706890946,0.3706967232722687,0.4419585769251564,0.556343330732257,0.389892671402944,0.3021163178203783,0.5888957537992062,0.37164685816028636,0.3865846713355633,0.5186603651615974,0.25750604814330613,0.6284964836891922,0.31678817794555464,0.5423089453127986,0.5302039319637505,0.4158605323975791,0.5589834770078627,0.15481063276746482,0.3102974011593042,0.38433031981422866,0.46527511391970816,0.2640348810837326,0.24537949948629925,0.42494838744824387,0.5473065933353232,0.13633515818879333,0.8238131133297435,0.27275775323875595,-0.2679885158654564,0.027813348691587702,-0.18487162712125849,-0.031168971090616938,-0.10412484831351755,-0.09552028189842267,0.3128893365361996,0.11716678020745132,-0.19511851611646575,0.11840223311087661
0.37899096589504344,0.280535229567425,0.4317248008742852,0.41825064359984887,0.29660733818857116,0.269945174571215,0.7374844831680311,0.5095978000541705,0.3751242779716092,0.27632709061778504,0.35821576679544387,0.3277581785581266,0.37977469252748536,0.26010849723601287,0.10211349738380213,0.2932362687564512,0.35845156999316363,0.3538620489787395,0.22246119692746616,0.30226494143211424,0.2807271647706524,0.35152329535083904,0.3808577442581371,0.3660984889059103,0.3161047999441646,0.31987137066478666,0.26374801122022284,0.058591946563880164,0.3647672627526231,0.35163733364640165,0.2729342460998354,0.2220361771749753,0.1616616201607766,0.337556246673299,0.17723938446069343,0.48510368775425816,0.3471275792962899,0.26805475799922057,0.3902757301808629,0.20967601164318903,0.21222559994747064,0.2765044383524117,0.3188130127554788,0.21151863976035687,0.1529217749637092,0.36872073428662216,0.36024983348222145,0.09309531074031695,0.16122155669522573,0.06495555781730158,-0.01935925534728563,-0.1605631418673068,0.15970726159816376,-0.11495983079996874,-0.043118572763542286,0.031059552318566178,0.23647811756014378,0.10597012743622115,-0.36336712557326545,-0.010648542626846585
0.3906532359400299,0.431689677888166,0.6933532762781337,0.5182318617579532,0.4205054187030664,0.6027487647876544,0.5095978000541705,0.9224395076038273,0.36637426360917796,0.38842715000421113,0.44103859291184083,0.2545206249536425,0.5128344866620914,0.4012234394530459,0.251884554559263,0.3596729000302618,0.49989203186007936,0.5144885885614254,0.4236950916665138,0.48820157315109014,0.3647405288480383,0.5157170164215235,0.3961513587887026,0.4075782218912141,0.43769719253637146,0.4876187147321312,0.35094364265244987,0.13556586361468984,0.5622360158976657,0.47900260175972564,0.373498979441137,0.3721693095049377,0.18075967438190252,0.5512741836877335,0.31162639055299657,0.5744518321724082,0.49601938021064473,0.34622326324354047,0.6397464345032899,0.2674346540766682,0.4008368673554293,0.35065221639827787,0.43889489164901235,0.2648878185685119,0.20643756195328983,0.4741357447261815,0.5914355192178248,0.13369670459194927,0.5681359603731395,0.2564660157764395,-0.05780281270194243,-0.2733332925664044,0.08491066215733292,-0.09215900698934743,-0.11877141339121082,-0.11037464643591789,0.41609552463731636,0.17679684344165172,-0.3496050717883202,-0.0018743007231630479
0.4433253728010768,0.4933343295742352,0.9402179238385375,0.2607949261950046,0.17871151675213953,0.5769291029960407,0.3751242779716092,0.36637426360917796,1.0836602003253453,0.2818489110239337,0.3294832966745969,0.280111617682208,0.4076466526686931,0.34743920282734,0.10266785842641932,0.290555642712347,0.4193580888022064,0.29013551556628686,0.34137026152192945,0.37070954149671886,0.38017910903368457,0.3680720075812372,0.2909299586320115,0.4124956756791603,0.2537956126069397,0.47254038402138593,0.3072373185306859,0.28325306888003177,0.42884946230161747,0.4078872614601427,0.30522078921170237,0.3990591933660775,0.23665674161886752,0.47473796043462213,0.2968728792465462,0.5522660272266359,0.3529116899664531,0.37875694738924043,0.33107330012575753,0.21866738610613948,0.2844038224004474,0.3722474961348282,0.43775820414197286,0.2130753654164936,0.373949855678365,0.44811834001806355,0.4407019795218344,0.127059399263681,-0.048753097900561586,-0.02393227120141959,-0.022801279933507494,0.045711035545666384,-0.04849184261889033,0.040091259537486296,0.04456870084754993,0.07299852481305687,0.24688079618992192,-0.047704766313174427,-0.2735011894817505,0.1831612533136617
0.2922202452522021,0.35616007840403413,0.6781551124926161,0.3941961352380792,0.3928954215711662,0.41078551376114136,0.27632709061778504,0.38842715000421113,0.2818489110239337,0.8544226842150674,0.3499167985161173,0.4461148819689024,0.4050203465141072,0.3297070646774807,0.35642688683827156,0.3590603894478457,0.406370681505427,0.3949503294228798,0.3634898859148631,0.28165277820861606,0.2911490026159571,0.43598603119182466,0.38558003324476264,0.36069269856378167,0.353155334306823,0.30828006066529745,0.31114220223917777,0.1585319787419518,0.5152317496194286,0.3759592968498538,0.26128902281706606,0.30192243558994597,0.16084404429145602,0.4725386938706489,0.2793586662445273,0.5818425453371763,0.3056943878993064,0.246619555735869,0.3858242580855136,0.21729702777293375,0.2904954383627738,0.2701348245315093,0.29800314969215186,0.23021621965321748,0.11165559297678661,0.3991397261934209,0.46987102664610675,0.12146185610921897,0.4382497135989238,0.026488455553091247,-0.017615273128776525,-0.10733881690577132,0.07805257284538748,-0.013356820740524281,0.23994359301389742,-0.01837709339632023,0.17299655440504072,-0.2737360524458598,-0.15654211779753505,-0.03989470619262683
0.29142599002393244,0.36032132329331706,0.50666139445643,0.4011456328491588,0.33326512231632033,0.4396622171401833,0.35821576679544387,0.44103859291184083,0.3294832966745969,0.3499167985161173,0.5681130318037515,0.37895213985576964,0.4079442003165293,0.3095749178409394,0.3146766448576745,0.33325354517400707,0.4201859180322086,0.38375060459515603,0.34414115971526504,0.397583181905268,0.34020909786176,0.3709823148096759,0.3238975272908204,0.39677462394819374,0.3508396221881633,0.2893468029967629,0.32748855822096673,0.19658207826135513,0.4643076246637262,0.41383905424901757,0.3559821355250242,0.31427811520175275,0.22370616166971113,0.3471625497499,0.26390213267468576,0.5916701843514032,0.40301545482493784,0.30456571092883306,0.3875653645837565,0.24582717843318017,0.2744116082128926,0.32512393016851515,0.3374661468319001,0.1732646976308097,0.1716972030999726,0.45039586651948615,0.45473736913603247,0.12742962676459868,0.08461282550587382,0.05021640681887932,-0.027383606848113348,-0.05012531725015075,0.05815481800855122,-0.04958322499153509,-0.04190275185240701,-0.046239358029045795,0.17943094960414155,0.03758307993141024,-0.14461912602999485,0.06055299915397424
0.28935564781935047,0.2756606659013299,0.42648881765612157,0.42694186381785215,0.4137962102877685,0.43468527628196263,0.3277581785581266,0.2545206249536425,0.280111617682208,0.4461148819689024,0.37895213985576964,0.6732771071209501,0.3346994647312119,0.3533306707491939,0.3516158281621444,0.3653701109721438,0.36431993877862506,0.2749373813772758,0.3695402745216401,0.2604864859671431,0.2651404926832536,0.42190467504863727,0.2991932477174555,0.310262851748487,0.35740676573552455,0.3325884658838343,0.3324813374258866,0.11235317680284022,0.3768311990069043,0.24622013868216774,0.24485739962230188,0.3329077475852949,0.1841242942518157,0.35861597825906955,0.20141274046825475,0.4515010836114977,0.32493040611603646,0.25255772717894687,0.29564453094275606,0.1655550933973138,0.13090510515960313,0.2513849654747979,0.26974566519024845,0.18643488305762523,0.08209721725112058,0.32904810804617635,0.3225311903098894,0.10441109831049408,0.5660753793874703,-0.00876380672580439,-0.10336246947702772,-0.04584693041810253,0.12394619139006247,-0.0753667246046957,0.03069633926825223,0.007199118191260497,0.11732118413010864,-0.0040852065809175485,-0.21095041542151652,0.004189038453999471
0.2903606898682177,0.4264125921910953,0.6210203246547179,0.4210991158996049,0.3845378003077969,0.48885407301559836,0.37977469252748536,0.5128344866620914,0.4076466526686931,0.4050203465141072,0.4079442003165293,0.3346994647312119,0.6667554999059824,0.32575623454288777,0.21852144642639096,0.3516029577140389,0.43415519868323943,0.40227859391667586,0.38203940935907543,0.3867887563380884,0.3615188877055292,0.45404780151129454,0.36341760196510314,0.42452390161678427,0.3701074499860882,0.38125786359324204,0.3504281408585925,0.20436295135049176,0.5400374074921866,0.42314064712275257,0.3391467225641981,0.32209987595189415,0.2514211649431008,0.4553141330033647,0.274693811794558,0.6111585455190884,0.38779062667341896,0.2760657284641809,0.5040691492711128,0.23356384437379174,0.3190570843242855,0.34529693346075546,0.345980446298781,0.23335218348449938,0.0944673572542587,0.45537352797248093,0.48096907716736537,0.12007656301088573,0.30910912138981556,0.1579269883369903,-0.022692373501140492,-0.12870343936516593,0.02366823719306309,-0.09360105100212508,0.04972757211655188,-0.10585165690457891,0.1524178535349018,-0.10572797303193933,0.013011362778985678,0.04772953049711503
0.3877643324094114,0.27111376064875387,0.45310408675128183,0.4498907102928895,0.3778356800105106,0.4679159083620651,0.26010849723601287,0.4012234394530459,0.34743920282734,0.3297070646774807,0.3095749178409394,0.3533306707491939,0.32575623454288777,0.7072456550964588,0.32433185487497374,0.43673475307395926,0.3686208250561606,0.30498744555778906,0.3806648570370068,0.3580079858016253,0.30007389067916673,0.5136955475064258,0.29530681513540247,0.42410902110160664,0.3456485034781693,0.3589191392657542,0.32573894840592466,0.2626460793980524,0.4235695160913916,0.44850706041174737,0.3458823635506686,0.6567679357780751,0.26795888218917413,0.21790121252076888,0.23168753773199124,0.584268997106238,0.4480052814176866,0.3673285720434675,0.2977622453229667,0.2419069423049514,0.3532495027905513,0.2842140304417487,0.3210873725824727,0.22079241439593594,0.10739672246239472,0.43857832705120864,0.4668576653554471,0.11224527019417371,0.45442139619450167,0.17890608525281587,-0.0717848043504315,-0.060169847419944154,-0.10482855822626515,-0.041912353209392586,-0.022192329768175513,-0.05685365697230625,0.19548735437602027,0.07724691348920835,-0.3088962485421904,-0.09486500179411382
0.19579883027204914,0.4088374171320378,0.4387868827762008,0.34700110842990756,0.3384475582886535,0.381405949978308,0.10211349738380213,0.251884554559263,0.10266785842641932,0.35642688683827156,0.3146766448576745,0.3516158281621444,0.21852144642639096,0.32433185487497374,0.9779698943550243,0.2780762991059736,0.2135231140918272,0.4437620237052209,0.3607622898759658,0.30529979155964226,0.3034022684936078,0.4053691466149734,0.396199091566465,0.3239821768442035,0.4312607853941834,0.18286597838328034,0.24406518203026253,0.285461222612833,0.5003765626306568,0.43897370074258424,0.30588507310652585,0.306230022947532,0.31534626795587933,0.3498173988338018,0.19454423687331984,0.6918513672531257,0.3439888099580422,0.2807232814479514,0.34977680284478896,0.19929834227701862,0.16671202605334154,0.280118608261742,0.37403112417328327,0.1741262736377813,0.15676680052608635,0.2913944496230253,0.4323348149583126,0.11123612414710257,0.2243091400846741,0.029412926598790825,-0.11048341458345763,0.2928895190570884,-0.10989584507256418,-0.12407943488626934,0.006949859619285535,-0.01689558910466171,-0.016686550363566813,-0.024024410262081065,-0.05353031070101994,-0.0684852389849899
0.27328383935850614,0.2496136308688914,0.3968542483982826,0.43667719081104256,0.40455358675744557,0.39896131379160615,0.2932362687564512,0.3596729000302618,0.290555642712347,0.3590603894478457,0.33325354517400707,0.3653701109721438,0.3516029577140389,0.43673475307395926,0.2780762991059736,0.7831674344748506,0.4248563196814021,0.3696653645697647,0.37363227962787465,0.35211001045206936,0.2748089090860506,0.4733823428702424,0.32160603983336034,0.3537756434300869,0.4009316982060152,0.39089815624684765,0.34916520948480745,0.27161803752787556,0.45215739891463436,0.3854407334828813,0.3144554872234172,0.40905922605301676,0.20583494074340392,0.3474008304212131,0.37317523171472666,0.5661002095765475,0.38415307130360243,0.290325612111464,0.35304605176693693,0.24897475124892796,0.28171959775226163,0.261744948869523,0.3589817594486365,0.253785022927332,0.160128663506056,0.3880266013060403,0.4196408105223485,0.09709777707484622,0.3706904897074289,0.015702027846177212,-0.08552737456475801,-0.008871066614936257,-0.04964969881538413,-0.03343780578329793,0.07630771648105136,-0.01754979799071373,0.1180400113275587,-0.02959867058119874,-0.24516841027523545,-0.10394993623974123
0.3177134279430856,0.3919149721260839,0.636140215475597,0.4276564337399084,0.3770169993481533,0.499237353756168,0.35845156999316363,0.49989203186007936,0.4193580888022064,0.406370681505427,0.4201859180322086,0.36431993877862506,0.43415519868323943,0.3686208250561606,0.2135231140918272,0.4248563196814021,0.9745588057914052,0.35298507187644595,0.40517234786481016,0.525102474540461,0.3992006801139358,0.7339664159954064,0.3098114698257396,0.4790173209900452,0.4849587581043412,0.19466441087890907,0.37160173907421046,0.2973788806933722,0.49835737727905277,0.5433427080396586,0.41489839297846315,0.3452643400822137,0.448025468430731,0.3729468085882067,0.2587275890771982,0.6699621763692303,0.7791146897620577,0.4630617022454989,0.2826526443308565,0.2877067148730812,0.3829175424030213,0.3778049761767842,0.40438118683147856,0.24074826823401052,0.17477111378632018,0.5849635684686689,0.5885954686043985,0.08115548131225593,0.5158707003423769,0.10163768054482698,0.022676465696647607,-0.1953603165816859,0.04842671397587124,-0.08341104116278836,0.07145867253681105,-0.11379127090473654,0.1884537024530896,-0.05009649916684175,-0.15876306511621277,-0.021922832296268267
0.27781183601079196,0.4483983484450825,0.5343505467865741,0.4464680172777086,0.34034184390005595,0.4342401490274502,0.3538620489787395,0.5144885885614254,0.29013551556628686,0.3949503294228798,0.38375060459515603,0.2749373813772758,0.40227859391667586,0.30498744555778906,0.4437620237052209,0.3696653645697647,0.35298507187644595,0.8143808185472705,0.35184733512842276,0.3382153648383845,0.3846119751284632,0.43363785599296967,0.48499777034606323,0.3710908816699882,0.43154143616144247,0.40637073786669975,0.28965389838113725,0.2837353325128351,0.5821275034578712,0.42516981558450223,0.46078614618269004,0.28634684538712574,0.2750846267810332,0.46176862524601164,0.27806701282017,0.7826069570042359,0.4897869855479336,0.3379898906821502,0.4847867383905471,0.25977135977406857,0.30920008857455444,0.36484535305135,0.45577632606292157,0.24188256971477481,0.27345527704816364,0.41372809705261154,0.6080561945385349,0.13701074759512624,0.07152451562947694,0.23067728511033975,-0.002859894579020653,-0.017532065718637475,-0.17147665145679797,-0.1048926766353101,-0.09946227030146279,-0.053995665842859066,0.19108483487041586,0.1195175343483443,-0.24763792671126758,-0.07304039696187194
0.2868463465238989,0.3308234267986718,0.47802057451281244,0.4196688514039529,0.751850774144922,0.6323375443325123,0.22246119692746616,0.4236950916665138,0.34137026152192945,0.3634898859148631,0.34414115971526504,0.3695402745216401,0.38203940935907543,0.3806648570370068,0.3607622898759658,0.37363227962787465,0.40517234786481016,0.35184733512842276,0.8211163173156483,0.23193335206501767,0.3449729038949523,0.5898768651711093,0.2359299113571589,0.3205974859403371,0.36798979931782627,0.33280134117507254,0.3024729116442216,0.2957363139670469,0.3877111004565701,0.28457989296993663,0.34150191095011795,0.42374885711348337,0.3765954550474429,0.4085438278655839,0.09495996139516091,0.5213501202427988,0.3810934728057503,0.3819139439166446,0.4534419686752725,0.1145811510649881,0.2545310132040089,0.3322823464958991,0.3151316343633083,0.19062418138663084,0.13173563411230677,0.3464973638412937,0.3818063784809322,0.06922098146781291,0.54643912804594,0.26412497982035593,0.020201792120095867,0.20266222812866827,-0.3454652292818949,-0.19406962323485163,-0.05414952722717294,-0.11950014094212212,0.15778064149892704,0.057981522419947557,-0.04875072686654655,0.026754583686195963
0.2783419474395044,0.5484938782903692,0.5864485091234148,0.35142800455372236,0.18603931331548187,0.4394307621304922,0.30226494143211424,0.48820157315109014,0.37070954149671886,0.28165277820861606,0.397583181905268,0.2604864859671431,0.3867887563380884,0.3580079858016253,0.30529979155964226,0.35211001045206936,0.525102474540461,0.3382153648383845,0.23193335206501767,1.4634731966258938,0.3167094487118868,0.4321813835290642,0.23076700967791436,0.47912209124248156,0.48285421175875887,0.2929102252347658,0.4216809597557862,0.2472963571531451,0.5444920346239142,0.7839737711912689,0.4634142534922316,0.34310301220015854,0.36866627544875996,0.356580133827324,0.34526435574624453,0.5623028077328326,1.0442593696029323,0.44033780940629325,0.4600792821888693,0.5340762107473025,0.6140966172084575,0.33429116560579897,0.5110976800177209,0.15172353284916298,0.18633944007736752,0.748538527764913,0.5359118250984105,0.30855709806804493,0.8327451952380197,-0.06191390083098325,-0.02844567411360256,-0.1677596268740391,0.22667494724345255,-0.09010881350502686,0.05277739638441883,-0.06383690961172316,0.23356370422978645,-0.031708021468003514,-0.16913667559744652,-0.01707583323136276
0.27192280363920585,0.4362393463882976,0.5588586007393842,0.33246013804323565,0.264092058726219,0.4020546757304891,0.2807271647706524,0.3647405288480383,0.38017910903368457,0.2911490026159571,0.34020909786176,0.2651404926832536,0.3615188877055292,0.30007389067916673,0.3034022684936078,0.2748089090860506,0.3992006801139358,0.3846119751284632,0.3449729038949523,0.3167094487118868,0.6830874329962946,0.4296929445081175,0.34488657296897934,0.3694106624592151,0.3648770355958249,0.2264804518156517,0.28185872158624753,0.3721194661945045,0.4549758553706236,0.5877802017319267,0.4161044466925157,0.3560137046437053,0.4146313763206132,0.3304069838258689,0.2462889906027959,0.7377201865048814,0.4532256167333834,0.48766752192467255,0.39186435134995606,0.351765671533094,0.34046939898126705,0.6404046534769606,0.5040747765767173,0.20770766898304902,0.4311903744902586,0.35766044094609095,0.5815085872183152,0.1575899095375621,-0.12617186830099972,0.03436619207352612,0.019068038686623153,0.09707555434499406,-0.12560074893249576,-0.018375017115570186,-0.049299207658149165,-0.048400635459323514,0.0539714081191383,0.052989875527890695,0.037581445133536756,0.17268009800624415
0.373953217388453,0.33424555788383553,0.617853928091275,0.532766374043308,0.5978627344017119,0.6066821014110965,0.35152329535083904,0.5157170164215235,0.3680720075812372,0.43598603119182466,0.3709823148096759,0.42190467504863727,0.45404780151129454,0.5136955475064258,0.4053691466149734,0.4733823428702424,0.7339664159954064,0.43363785599296967,0.5898768651711093,0.4321813835290642,0.4296929445081175,2.8116780247660578,0.37582985010825753,0.3391220343130236,0.6108749385245984,0.4251121823345493,0.4377326589263868,0.4376571505099413,0.4492435031104144,0.4417901093901601,0.3600404282800107,0.5244304076824781,0.876381138410616,0.5304767843328877,0.06062045552447927,0.6675263036349928,0.9058446047584159,0.8025115427327162,0.3282901105343636,0.17588307439146883,0.4223226672614632,0.4690273490053602,0.36319188718709544,0.4667867703472785,-0.2551676606238615,0.6778992162761907,0.5335413920278306,-0.6768622265345989,2.6513907894046937,0.20120387430737294,-0.1515087400626746,-0.09563200253429346,-0.2557467922551823,-0.19418577529844896,0.13202437202149997,-0.09058175297825247,0.2734172591808288,-0.1199246488593091,-0.30110332222959946,-0.10965201581780368
0.1385156789537135,0.12154078832101929,0.3867000503772869,0.48663875743230245,0.34710925595902353,0.28185820706890946,0.3808577442581371,0.3961513587887026,0.2909299586320115,0.38558003324476264,0.3238975272908204,0.2991932477174555,0.36341760196510314,0.29530681513540247,0.396199091566465,0.32160603983336034,0.3098114698257396,0.48499777034606323,0.2359299113571589,0.23076700967791436,0.34488657296897934,0.37582985010825753,1.4257549185882887,0.8683843941466183,0.5282738142883835,0.000988757980680604,0.19127415862530475,-0.11006115220584563,0.7986142590956363,0.7686744859739576,0.22588003743825782,0.1799020835461691,0.20045862498984718,0.33997559706898905,-0.05134135296914939,1.3086667208168852,0.20079445918294014,0.3388488940853128,0.5496135353897796,0.41536287687020784,0.1623158240149422,0.3004965672995025,0.5008345558645966,0.43725369925010726,0.07009109065208402,0.5355473746231001,0.6177113717231483,0.195431035868646,-0.6144074750122556,0.0004066683537967662,0.013138597167216135,-0.21070705261903294,0.22751751401530934,-0.07872022688086705,0.16269010398458586,-0.007347258644737986,0.1815529272148346,-0.1812449360793445,-0.24677050045366616,-0.1459912627803804
0.12321194915278616,0.28712916333844546,0.5014849516035759,0.5003363140474264,0.3828786377578803,0.3706967232722687,0.3660984889059103,0.4075782218912141,0.4124956756791603,0.36069269856378167,0.39677462394819374,0.310262851748487,0.42452390161678427,0.42410902110160664,0.3239821768442035,0.3537756434300869,0.4790173209900452,0.3710908816699882,0.3205974859403371,0.47912209124248156,0.3694106624592151,0.3391220343130236,0.8683843941466183,2.3117993007743967,0.33917452682373805,-0.4995261567218695,0.3341526164552615,0.024596929195582408,0.5004131309381166,1.1284341527451347,0.8667114393183443,0.37505582708112123,0.3074760642675748,-0.35572377456041976,-0.007354135574122422,1.1167868959534,0.73361490036385,0.46527694165884176,0.17710423906093808,0.407591916190132,0.5720321499343418,0.3303638858800441,0.20291892689921778,0.2864483118701836,-0.26133571828680674,0.7822399900443212,0.7886950942913795,0.25801137783045835,-0.4542240207379198,0.002484506328705122,0.0390524147101752,-0.14204098442178958,0.25945465936950357,-0.09974247254988568,-0.13347488695121146,-0.03629217992301533,0.21149508724259997,0.05041843044777512,-0.19084967300235897,0.03355361820064906
0.2711488185690349,0.4360677498064705,0.5142100161563982,0.40267880973237447,0.28343156147774295,0.4419585769251564,0.3161047999441646,0.43769719253637146,0.2537956126069397,0.353155334306823,0.3508396221881633,0.35740676573552455,0.3701074499860882,0.3456485034781693,0.4312607853941834,0.4009316982060152,0.4849587581043412,0.43154143616144247,0.36798979931782627,0.48285421175875887,0.3648770355958249,0.6108749385245984,0.5282738142883835,0.33917452682373805,1.500918094677407,0.3115067012061517,0.32036244344737114,0.23453410416986847,0.6522815009758343,0.5655444469525013,0.3057816725474319,0.35751441624871394,0.2763354680831177,0.6429963466564157,0.3340046668500214,0.7312690286473532,0.4198589404835285,0.37529426043984876,0.41197859912708396,0.29287740928678446,0.19201168814201003,0.3491359499653024,0.5451904486218085,0.26270054492709155,0.25383268921177904,0.4488285420205331,0.5200211044843954,0.0721757046196089,0.41693306161233,-0.40059350718225056,0.04219969670963694,0.12710797589332956,0.15413105696125326,-0.028461207620398464,-0.2946094318393162,0.002347557037659518,0.009706629943321622,0.29381070823539945,-0.1017344017140167,0.11767733452415895
0.25296927086042276,0.3676997570834252,0.544156661190899,0.34708030969222736,0.27969977065992796,0.556343330732257,0.31987137066478666,0.4876187147321312,0.47254038402138593,0.30828006066529745,0.2893468029967629,0.3325884658838343,0.38125786359324204,0.3589191392657542,0.18286597838328034,0.39089815624684765,0.19466441087890907,0.40637073786669975,0.33280134117507254,0.2929102252347658,0.2264804518156517,0.4251121823345493,0.000988757980680604,-0.4995261567218695,0.3115067012061517,2.39267013870848,0.23681169849480463,0.49347624254239475,0.4624862156171846,-0.5564520335852908,0.031538158185155436,0.3635692968216417,0.045320862160937184,1.048515888801016,0.6314243493728,0.2715968945371255,-0.45600223747645946,0.09745551363874538,0.679916743745715,0.07380133137411701,-0.06344612590073202,0.26238018761580145,0.5335177157027446,0.24753198952700653,0.7510828172676703,-0.09492979851055652,-0.02462589925005004,0.008300636563018871,0.748439530746685,0.3345835439772031,-0.36785481017636446,0.10034327457185811,-0.40396685416832046,0.010216691718351809,0.038685713140731284,0.025133670424263878,0.1969443272636046,0.03938982080760273,-0.36010739160313476,-0.10754223905446895
0.2515317278344734,0.33989837446550714,0.4630674784931358,0.32275913432031766,0.24314927521679522,0.389892671402944,0.26374801122022284,0.35094364265244987,0.3072373185306859,0.31114220223917777,0.32748855822096673,0.3324813374258866,0.3504281408585925,0.32573894840592466,0.24406518203026253,0.34916520948480745,0.37160173907421046,0.28965389838113725,0.3024729116442216,0.4216809597557862,0.28185872158624753,0.4377326589263868,0.19127415862530475,0.3341526164552615,0.32036244344737114,0.23681169849480463,0.7978043660857709,0.3123712249499065,0.331764316882973,0.35841684288038145,0.3409501905762321,0.4011785312822524,0.29343957743516663,0.3572983193889098,0.3139424422476426,0.5068055232870107,0.5096925803584991,0.3132320389542113,0.22204940824220837,0.26304934324340923,0.31689985221814104,0.27852651710070225,0.34140876129152686,0.16734119721806193,0.0557777252033885,0.5622762272532899,0.375435832904727,0.13803551383935025,0.3628572382546589,-0.03519592459500935,-0.057333020230338996,0.09278709156803601,-0.04759452508233614,-0.0019547961658468093,-0.031031816352806316,-0.039891268096722145,0.14209495899301514,0.028006956892122393,-0.08239923926769849,0.09280481429324602
0.16025241969470935,0.396938532752401,0.41282973814764706,0.1396473004221077,0.07579184915118245,0.3021163178203783,0.058591946563880164,0.13556586361468984,0.28325306888003177,0.1585319787419518,0.19658207826135513,0.11235317680284022,0.20436295135049176,0.2626460793980524,0.285461222612833,0.27161803752787556,0.2973788806933722,0.2837353325128351,0.2957363139670469,0.2472963571531451,0.3721194661945045,0.4376571505099413,-0.11006115220584563,0.024596929195582408,0.23453410416986847,0.49347624254239475,0.3123712249499065,1.1590422124812656,0.2246462102416289,0.3678145566197499,0.3707192421017591,0.3950615627103698,0.7293561341569486,0.30024337610482227,0.571946084992102,0.7407656199260787,0.40006292960307155,0.4292955700643633,-0.004572996324352531,0.19486027882609078,0.19111162021230457,0.35309448183092507,0.5980697292795735,0.21035138014748284,0.5410294636028101,0.13130710479577332,0.3110695629485161,0.1409084990092899,0.017910614932418682,0.051828319298161174,-0.12089492066217196,0.7982244510666505,-0.8695411734631334,0.054247714279424965,-0.0845883070421296,-0.0497106734792846,-0.06251206651990532,0.05878375632729033,0.07652071277100728,0.05940401972268282
0.3266854674031245,0.5105139990149472,0.7852286776631345,0.4775121060240588,0.3746987886237014,0.5888957537992062,0.3647672627526231,0.5622360158976657,0.42884946230161747,0.5152317496194286,0.4643076246637262,0.3768311990069043,0.5400374074921866,0.4235695160913916,0.5003765626306568,0.45215739891463436,0.49835737727905277,0.5821275034578712,0.3877111004565701,0.5444920346239142,0.4549758553706236,0.4492435031104144,0.7986142590956363,0.5004131309381166,0.6522815009758343,0.4624862156171846,0.331764316882973,0.2246462102416289,3.159877884530001,0.6779673489640731,0.11045811457687563,0.421599319717234,-0.026492221708647803,0.8729006472214504,0.3019428997630029,1.3267445158534719,-0.4471772798298809,-0.08695365944122206,0.8884963432682257,0.25629666938845486,0.03883148691775237,0.3538384271904023,0.35816687203735686,0.048914135570863555,0.31043673085192103,0.5510947779675925,0.7216321846700238,0.06837802682774956,0.09353325255213209,0.39852464288859096,-0.3334528654546729,0.11158174801386536,-0.4470260855777308,0.06259327163094149,0.2514814280864845,-0.11702643390492048,0.21680984527227978,-0.2857037313197762,-0.09833840580487445,-0.15404585856458672
0.5685715511225077,0.4821558647140985,0.6652410697927732,0.33922191110566086,0.20381268689542123,0.37164685816028636,0.35163733364640165,0.47900260175972564,0.4078872614601427,0.3759592968498538,0.41383905424901757,0.24622013868216774,0.42314064712275257,0.44850706041174737,0.43897370074258424,0.3854407334828813,0.5433427080396586,0.42516981558450223,0.28457989296993663,0.7839737711912689,0.5877802017319267,0.4417901093901601,0.7686744859739576,1.1284341527451347,0.5655444469525013,-0.5564520335852908,0.35841684288038145,0.3678145566197499,0.6779673489640731,3.4842816226673468,0.5910341216626194,0.44425982856441015,0.6261724774727038,-0.531022471773636,0.5243813198641561,1.2886028850832973,1.1908687658225054,0.845063453377837,0.4306304506560756,0.9362370926190821,1.1360408055582145,0.6172415021507888,1.1689587711847549,0.40265973409093925,0.1458688620679464,0.7681693205417851,1.6789081399986712,0.4335022975716266,-0.10987142729601472,-0.3119659406888584,0.1188254260848171,-0.29719058192349534,0.4109400791709465,0.06771710337189779,0.11316714317387988,-0.19978556408010487,0.3445862824381786,0.09795973457030308,-0.21528671609947062,0.10225527509747588
0.2598266630449042,0.43540589664022455,0.4702812420685826,0.35599809566850504,0.30857924107730844,0.3865846713355633,0.2729342460998354,0.373498979441137,0.30522078921170237,0.26128902281706606,0.3559821355250242,0.24485739962230188,0.3391467225641981,0.3458823635506686,0.30588507310652585,0.3144554872234172,0.41489839297846315,0.46078614618269004,0.34150191095011795,0.4634142534922316,0.4161044466925157,0.3600404282800107,0.22588003743825782,0.8667114393183443,0.3057816725474319,0.031538158185155436,0.3409501905762321,0.3707192421017591,0.11045811457687563,0.5910341216626194,1.4230135896900507,0.38615494226965547,0.37950800750954355,0.034976255195843776,0.2750541437150797,0.8258926913272292,0.9785296955592342,0.5250394987387209,0.29817916991018856,0.19959411042524577,0.5474773608100302,0.4006215345887634,0.27877999053315405,0.1803665904766723,0.16647873555519163,0.5287982947574696,0.6208507280357288,0.25316141786258506,0.10037968648815852,0.22867227945668614,-0.04435756471389812,0.10000019720778074,-0.12579153128429083,-0.15580711055367932,-0.37738701648228534,-0.03097049109896592,0.1037720210370844,0.31489237269865716,-0.13156815400717228,0.08314227746065282
0.3288179467057518,0.3652343359945523,0.4803248860476029,0.3794813222858175,0.2866112291949114,0.5186603651615974,0.2220361771749753,0.3721693095049377,0.3990591933660775,0.30192243558994597,0.31427811520175275,0.3329077475852949,0.32209987595189415,0.6567679357780751,0.306230022947532,0.40905922605301676,0.3452643400822137,0.28634684538712574,0.42374885711348337,0.34310301220015854,0.3560137046437053,0.5244304076824781,0.1799020835461691,0.37505582708112123,0.35751441624871394,0.3635692968216417,0.4011785312822524,0.3950615627103698,0.421599319717234,0.44425982856441015,0.38615494226965547,1.0651319568672086,0.16840131546270062,0.31052355931427605,0.29044092558632856,0.4897172258662943,0.3552404518877928,0.39151791259000884,0.21109939543982695,0.19952815816550873,0.35606051106691156,0.3358467781919451,0.36319666572161574,0.17631463189542207,0.18036435949958105,0.38655770580086973,0.49199023011040394,0.10852107770046576,0.7001269466206784,-0.05737572534262864,-0.053594852034784916,0.3475012214114387,-0.394593490698032,0.15313054100233234,-0.27907358717509023,0.0005700042740064055,0.15408890373288117,0.2708346000080976,-0.10918782609784967,0.34676541674666317
0.26419115471652427,0.3086057049544721,0.3539452697650895,0.35667487141901405,0.44936253365648066,0.25750604814330613,0.1616616201607766,0.18075967438190252,0.23665674161886752,0.16084404429145602,0.22370616166971113,0.1841242942518157,0.2514211649431008,0.26795888218917413,0.31534626795587933,0.20583494074340392,0.448025468430731,0.2750846267810332,0.3765954550474429,0.36866627544875996,0.4146313763206132,0.876381138410616,0.20045862498984718,0.3074760642675748,0.2763354680831177,0.045320862160937184,0.29343957743516663,0.7293561341569486,-0.026492221708647803,0.6261724774727038,0.37950800750954355,0.16840131546270062,2.3931831578474827,-0.14108215980222316,-0.5750960238676961,0.9830516290413246,1.1612389621113322,0.7802078048740949,-0.25947731734265067,0.13829749354155949,0.29766421574352087,0.40912473512623676,0.4988173197932715,0.20669527143609417,-0.13076338061043358,0.6431416761939025,0.43237958299252194,0.18148681247440615,-0.3662064418327086,0.34036383397472647,-0.03139389525582818,0.12448973599206527,-0.22199622999974983,-0.4096233248024903,0.1847560595928504,-0.2116691533820962,-0.02678622564965291,-0.16315730232853606,0.10470607538175247,-0.35391319198038196
-0.2614747327902563,0.4469550790570995,0.693626474745071,0.4682861461905068,0.22476997647791977,0.6284964836891922,0.337556246673299,0.5512741836877335,0.47473796043462213,0.4725386938706489,0.3471625497499,0.35861597825906955,0.4553141330033647,0.21790121252076888,0.3498173988338018,0.3474008304212131,0.3729468085882067,0.46176862524601164,0.4085438278655839,0.356580133827324,0.3304069838258689,0.5304767843328877,0.33997559706898905,-0.35572377456041976,0.6429963466564157,1.048515888801016,0.3572983193889098,0.30024337610482227,0.8729006472214504,-0.531022471773636,0.034976255195843776,0.31052355931427605,-0.14108215980222316,3.430277231469081,0.6955421371698587,0.29501058182095585,0.058508392103228724,0.09569211896856755,1.0337118315754392,-0.38183868929198966,0.2937651918867773,0.2974280749334723,0.9671738069673071,0.38734663617162973,0.9699790275847863,-0.011791699016102858,0.1686435140564685,0.058362549221478904,1.4721289323296034,-0.17869835226297223,-0.13586544766833375,0.33590316804970544,-0.1371628572118172,0.017153746788747332,0.06010114731466925,0.13692464463601395,-0.10190369135193228,-0.10741043489648412,0.3183925223232943,0.22267054143753778
