1.9843475108208988,0.380965013346079,0.9081097181227789,0.13592486625178002,0.26752924581530857,0.3883032319668186,0.4487452040311364,0.44240789665204727,0.509886094906575,0.2773830978311219,0.31719254626709903,0.2947764230218833,0.27442753988590346,0.3908923879962816,0.1581033975704458,0.29069572515677716,0.3372636793473048,0.2992092500687847,0.28176028349497356,0.2999157828025743,0.2756530825152681,0.38080152691002306,0.14126694488285035,0.18138225292664947,0.34445656121791024,0.29200252589552644,0.2702428855675716,0.13422217936767386,0.3120432189355963,0.5142568080658123,0.36537128167295085,0.36186809704329975,0.21436911133146416,-0.2976925583202615,0.22777854855539706,0.41125530418800965,0.3333931438346334,0.35195142018956527,0.23040531124713012,0.31653812477432336,0.2810112527588931,0.268264196167529,0.13276181911118742,0.13242808070463866,0.08395701286566817,0.5129946510214392,0.4460517881323837,0.10137389539538467,0.23617468811593562,0.017210913377709025,-0.022835784306844135,-0.26201988336828014,0.23536760444123694,-0.02558411562269773,-0.035769186353790575,-0.1265149409607925,0.8225078608994223,0.2005493283479196,-0.7585940700401367,-0.011049130178374252
0.380965013346079,1.3620736129743356,1.0427629192982202,0.1668668348381832,0.08849229215009756,0.4194837837490008,0.25135154932808784,0.43907457170025316,0.4527022917331741,0.3517225121419337,0.3398809217162212,0.2753523857078749,0.3992595173649794,0.26064413126603636,0.3795273607808918,0.25527879743393955,0.3659584921024643,0.43754751395379865,0.2657843372264588,0.5403594171832873,0.4116869868084427,0.2874453781397683,0.13326028728239336,0.22650539222268437,0.38177083858053235,0.3752045693472495,0.3242697149008097,0.35009762808334444,0.5225818037818316,0.5076358814258095,0.3212776328888377,0.3254380479458795,0.26948691804235214,0.4844969585558416,0.4175338822560833,0.5140080853503283,0.5167610999554921,0.2890568526460314,0.2755663179472679,0.314549098479598,0.40173210115845487,0.3934599665491655,0.4905674417771189,0.12276676740041768,0.39666614578952986,0.3493297910736919,0.4935908673551918,0.17108122464824244,0.1765190081005628,-0.22082978468455366,0.16438986911623157,0.08427092192843365,0.014979600055747744,0.003112200089781229,-0.20580544550244612,-0.08805444577279486,-0.23761813826885206,0.2350588318535165,0.253323042924644,0.19203999840867242
0.9081097181227789,1.0427629192982202,2.519192027842741,0.3884247173380606,0.17047798481260776,0.7220949718214973,0.37991547191694447,0.7932487116027476,0.9318761466425692,0.7528414757968901,0.5305119338982215,0.45845456095020637,0.6148675655070943,0.4726923173313909,0.4257143739043428,0.437285642549601,0.6511361560939792,0.5875498539065311,0.4627647095607843,0.6202220372608718,0.513384789662303,0.5853982380807935,0.4120403120543483,0.5653094713542309,0.6030101925332858,0.6600807022766452,0.48430241527992957,0.36528228364924525,0.8121290550342962,0.5824929438429969,0.5642880055805903,0.49561703113837813,0.24298354751955833,0.6754873592295614,0.5980609294274463,0.9118240519850113,0.45073371124619205,0.4008751687814095,0.6653139622110906,0.40632951428987224,0.4906452787466291,0.4974220919181607,0.4915126767581073,0.250440571712669,0.5369831405678626,0.6897888542492302,0.7319601248657792,0.16043411809167185,0.2606866177050553,-0.05889159153145755,0.10365029543746544,0.039717310673726434,0.07305599355406357,-0.10309737747293284,0.3686426321732201,0.001986935523663072,0.5772080572812321,-0.42813038803145276,-0.49165216529001715,0.06995963286798183
0.13592486625178002,0.1668668348381832,0.3884247173380606,1.3092989114457072,0.5141549690185521,0.5217639318268971,0.3872667526831399,0.5460550663345808,0.2735545022169205,0.38072692308040806,0.41525268905647444,0.42273837011899346,0.4402657753501502,0.4549953972807174,0.34756100294770925,0.4524871802056798,0.4520329850647978,0.4656961468538892,0.42939320977762646,0.3697362694982795,0.31384544958350086,0.5230354026487685,0.48435724927782015,0.5209012266706953,0.43912462103214284,0.4099878961597891,0.33729514691880036,0.17660366518789425,0.5206859235258635,0.2650063329046293,0.41312654886029226,0.39514767128532374,0.3096711103479489,0.468246745552662,0.009286826635190098,0.6796779456883748,0.4668637240622888,0.4378649648286172,0.5844967570332831,0.14553633336254662,0.2449342025384308,0.29959036883081885,0.31355809908377524,0.35225749437506776,0.19618058584084905,0.4632010158171134,0.47415903844217233,0.08970298176134295,0.04796333597682252,0.44030029111844704,-0.18063572258944427,0.10070099447932715,-0.15091872222562644,-0.22439216481845048,0.19365491288456893,-0.08885265487406141,0.32819606762627823,-0.15662054322226376,-0.3396305095076796,-0.18701758751377648
0.26752924581530857,0.08849229215009756,0.17047798481260776,0.5141549690185521,1.3208873477285417,0.44658640632129276,0.27744772838036796,0.43584977058840546,0.1701125515935141,0.4046255649900662,0.3390646916999844,0.41882817118084187,0.3920958750252755,0.36993321768990994,0.3285462560192598,0.4152761000222931,0.38923685343917525,0.35925590198388063,0.7032768178953329,0.20407664855943447,0.2360317111055796,0.5715632071380778,0.35650590275190336,0.41820847295470104,0.329048600630862,0.31654578651113197,0.24794849509889472,0.06524715519459903,0.3963884521705372,0.17475663477312284,0.34974235274008053,0.260181174493394,0.37930225008001606,0.18685654799721416,-0.13889668777286368,0.601592585043778,0.4392585570299189,0.3364798752149885,0.5360171402736554,0.07943159421463647,0.17909788927637774,0.23361092127916394,0.12714982452029064,0.2153784575682204,-0.03692431450184445,0.4419295609191486,0.3196964357156267,0.05540825418550624,0.31170522720901556,0.6051583960225614,-0.17847990301738872,-0.31090605727196935,0.049700667014242424,-0.2691872393465233,0.19745152847689376,-0.17665014866762377,0.34044333678432975,-0.17181300180290718,-0.24134394723049155,-0.2770619369474438
0.3883032319668186,0.4194837837490008,0.7220949718214973,0.5217639318268971,0.44658640632129276,0.9260082082110563,0.2748639574896014,0.6677238779930186,0.5238557728391132,0.39420211988726256,0.46021771617076795,0.4601758493083081,0.4981697020823215,0.4578837204327523,0.3632716078250018,0.41759493044216284,0.524612907143272,0.4715322902452126,0.594136851197743,0.4689267219319289,0.37468872914399637,0.5721332379625497,0.289700679755015,0.3860498540706222,0.47669516951415036,0.618519621645703,0.3987007176362892,0.2720013458747189,0.5898959396553313,0.2910949207866622,0.428092089892803,0.4921371370942501,0.21981940169551137,0.606414502180686,0.33440440846161673,0.5873990573866393,0.4989317007097112,0.3850242353980048,0.5820309064281041,0.16235827376039366,0.2771956640923913,0.35735317177957393,0.3901331352753203,0.2629951069018541,0.2944688204897686,0.4390168937955583,0.5186602533025871,0.13152850122108264,0.7116786965131321,0.3043957375445494,-0.2548967706704708,0.015296519888553746,-0.09456949852139838,-0.062019842372901916,-0.004503095197165994,-0.08207826653275031,0.35125866369910314,0.0037088906214781964,-0.2490250634923682,0.08965330142980665
0.4487452040311364,0.25135154932808784,0.37991547191694447,0.3872667526831399,0.27744772838036796,0.2748639574896014,0.7831187888688016,0.41848479166762326,0.4278283458125372,0.2357146732170449,0.3477512003011964,0.3063835542565461,0.34806005818420704,0.21933073955590918,0.028482920225793722,0.28564543009952276,0.3450537635609141,0.3231589308023198,0.20678963759920457,0.26467972404102813,0.26764488357605476,0.32520667645183693,0.3685523282708891,0.38907355285643225,0.3020881573583308,0.3168827922156477,0.2481416034218787,0.05299691300139843,0.33282276794158505,0.29598983588926947,0.2972332958345263,0.21422879764350067,0.16129442642761974,0.27703686380152703,0.14131290002991514,0.4991541509839586,0.2689007039566208,0.2639347150503393,0.3321620264735899,0.19215353896164497,0.19129144194847286,0.2636597150585445,0.24427053075572594,0.20588200605620735,0.15841087241195978,0.368247130330346,0.30630341290400015,0.08816742935377174,0.015904285848312518,0.05326214339773712,-0.04128425856052735,-0.18735225885367626,0.21603505639863127,-0.06759458550245238,-0.03210682057905205,-0.012367184214302312,0.2980095459527269,0.07500639213891325,-0.3096466900717979,0.029788451423316206
0.44240789665204727,0.43907457170025316,0.7932487116027476,0.5460550663345808,0.43584977058840546,0.6677238779930186,0.41848479166762326,0.9787240487983623,0.39345924407703403,0.3934788069771348,0.46901375145417024,0.28442720297988117,0.5357234365820351,0.4170456409659636,0.26620313523461325,0.3832598851471264,0.5350300567042146,0.5487095151692486,0.4673810458476201,0.5177747678082121,0.3702067144404589,0.5185382332874721,0.38034167859099405,0.4222621214085187,0.4894980457756076,0.5934765842221992,0.3841235488447856,0.1780333773281399,0.6313731497301315,0.3929771883880744,0.43508265461440876,0.41292358084405467,0.17859021239335474,0.5708202241882183,0.3342381198215922,0.6401072148661505,0.46289109332799955,0.34338472929287617,0.6739949940509065,0.24522311846138653,0.3729852845085205,0.3546664450165346,0.37075588613098165,0.26018218342740596,0.26873927921871676,0.5126340800292006,0.5898195290680001,0.12814214619535338,0.4547456463553784,0.3072980321662543,-0.11418305898388267,-0.15464731869294682,0.026978294118721942,-0.09685743478947272,-0.04512813578648896,-0.1515254433688984,0.4949013739673631,0.06290196869533018,-0.33067766619415057,0.00786678816853653
0.509886094906575,0.4527022917331741,0.9318761466425692,0.2735545022169205,0.1701125515935141,0.5238557728391132,0.4278283458125372,0.39345924407703403,1.0581101450870085,0.25095443425317265,0.3473160816240809,0.3007700292768322,0.3826140263323443,0.3334689231140757,0.059298144269003296,0.31808804784648315,0.4293325756607841,0.33531479156827065,0.3159526341545848,0.38437639212679536,0.36205555932869765,0.34425350293906226,0.3183150151373996,0.46793822204108976,0.3011531325390723,0.5056140420633078,0.30700889523888003,0.23481313509072918,0.3750829560778544,0.34179809912523546,0.3893155336320627,0.38128313333600417,0.2101413851300802,0.40992846315854625,0.2818152023169608,0.6048987370984502,0.2954171733629017,0.37337785790180095,0.34558018221019904,0.23874066440686223,0.279350505393468,0.3523417929436266,0.37992374313086197,0.20706135590857835,0.3956226431120627,0.466730234900437,0.4115401436651966,0.12134024164965793,-0.18248563715803587,-0.026326255931632556,-0.004814478083598804,0.016244594171405002,0.08212086026213455,0.0010750330609031477,0.06409773435817143,0.07785064362970347,0.33091675098809376,-0.04065596656466857,-0.38764818825846975,0.16523012294958572
0.2773830978311219,0.3517225121419337,0.7528414757968901,0.38072692308040806,0.4046255649900662,0.39420211988726256,0.2357146732170449,0.3934788069771348,0.25095443425317265,0.9165824378102345,0.35266378519406644,0.4456968689926234,0.3899539322618021,0.3438932580363612,0.39378335642273565,0.37272209600654244,0.4009460911466807,0.3850703801117067,0.35209258836497076,0.29955082592551996,0.2480635742603094,0.42718432167460363,0.371698287322306,0.4003340239179292,0.39986633397696564,0.35193474992766455,0.316541986284916,0.15699112680641467,0.5352428273127089,0.31714342568442916,0.3306025551100407,0.3110367016958688,0.12408232522550575,0.4369834939456186,0.2916386759946666,0.6180343328004382,0.23946419962240678,0.20298619663502895,0.4149113445020542,0.22375622539436701,0.2982385389424325,0.2327264513899691,0.24221341169161262,0.2119609724321653,0.15378240796791415,0.43466722727969287,0.4499016432076011,0.1107016720329771,0.44151001583393257,0.015292196013557769,0.0026623659624027862,-0.14682413808582642,0.0934898218337111,-0.03444026540330083,0.4162505500844497,0.0010397734856099465,0.3216152125190802,-0.44526334945973783,-0.3186817554695459,-0.0759477768622271
0.31719254626709903,0.3398809217162212,0.5305119338982215,0.41525268905647444,0.3390646916999844,0.46021771617076795,0.3477512003011964,0.46901375145417024,0.3473160816240809,0.35266378519406644,0.5908059161834581,0.38448662820372576,0.4068193369895484,0.3211806751860063,0.31711338432731867,0.35862274785091003,0.4401193491342183,0.40162978835973695,0.3552064436549663,0.42319426374665353,0.3326243935418416,0.37348192102865696,0.32672715223579446,0.426332269416034,0.3780612239332188,0.33522766485943384,0.3403189695616742,0.20595490940794028,0.4832340921832662,0.36948632354579347,0.40359044182198217,0.3261400133934228,0.21054448572512274,0.3415824731898037,0.2706855341002449,0.6356896498022412,0.37291695874796177,0.30987687868994873,0.4173598481998399,0.25043987399532225,0.28776079188832737,0.31918897220519504,0.29769907226869907,0.17841088298550756,0.22762511700036217,0.4738277683258276,0.44957149248151873,0.12103033447579838,0.0020987282455508633,0.06695207781280524,-0.04668378328387422,-0.024648253379344984,0.06783138415621644,-0.054930995030217575,0.03753467199147641,-0.04922587702110165,0.24947583567296197,-0.04706385633618453,-0.20196824285074125,0.0411609283661249
0.2947764230218833,0.2753523857078749,0.45845456095020637,0.42273837011899346,0.41882817118084187,0.4601758493083081,0.3063835542565461,0.28442720297988117,0.3007700292768322,0.4456968689926234,0.38448662820372576,0.6439871737365261,0.3349851445130372,0.3681383681166009,0.3617328823358993,0.3867119834159351,0.3792980960856687,0.27987815867107385,0.37414993345148134,0.294137050796638,0.2506668070864179,0.43343584409861274,0.2809872926695925,0.3342196103959552,0.3740493878127915,0.3686620290720343,0.33995044855302853,0.12876788089003077,0.3935740366528348,0.2186584960900918,0.2924722555804353,0.34965148458642153,0.1768831890466808,0.3602592216665731,0.22815305880396658,0.475668865036927,0.3075827795297128,0.2556534502052341,0.30350940618072547,0.17537790753567803,0.15310160791739533,0.23964701314921052,0.24717038092814303,0.18954149659470737,0.14295792179681122,0.3345722524242477,0.32067161786618553,0.10465942384000003,0.5909067728400711,-0.0008577719011076977,-0.11722076024650453,-0.05152835147425933,0.1341893874560506,-0.05701781419697522,0.12798577765468988,0.0015512806941859912,0.1831416063574077,-0.10258104026834783,-0.24935142861075882,-0.0042868912818388154
0.27442753988590346,0.3992595173649794,0.6148675655070943,0.4402657753501502,0.3920958750252755,0.4981697020823215,0.34806005818420704,0.5357234365820351,0.3826140263323443,0.3899539322618021,0.4068193369895484,0.3349851445130372,0.6914809841700794,0.34231971456346044,0.2327534629346736,0.3862653160396954,0.4438822325704048,0.426131522836282,0.38823772122937755,0.4068618238553935,0.3424398365027858,0.45860748246843464,0.3693809013284116,0.44677325500949056,0.4019564903797754,0.4370511092146519,0.3602965548060273,0.21855134895778613,0.5716388058499774,0.3795316972249228,0.37608918924616935,0.3330469706726479,0.24430252433419644,0.44880295890945304,0.2868726417714829,0.66022080474243,0.3638665735654546,0.26548799498522796,0.553437934940518,0.22889076616634038,0.315375512539664,0.32939840536344345,0.30854528511870166,0.24130560004443366,0.14315240442290023,0.47131906613206415,0.4739333124255487,0.11128994166836767,0.23557519221750325,0.20509972689882644,-0.049313885774880314,-0.10644277850861233,0.021892873087872675,-0.11772002047946342,0.13919384750543257,-0.12813831690475677,0.21974568547595386,-0.2200590281654105,-0.012201670072537998,0.006840041523265026
0.3908923879962816,0.26064413126603636,0.4726923173313909,0.4549953972807174,0.36993321768990994,0.4578837204327523,0.21933073955590918,0.4170456409659636,0.3334689231140757,0.3438932580363612,0.3211806751860063,0.3681383681166009,0.34231971456346044,0.7322389951590643,0.38669279423461417,0.4686017248351247,0.39034068316019027,0.3140513355795267,0.3698524816223357,0.415392816876942,0.27925838379009243,0.5243145630199656,0.29266355164649477,0.44509820722050797,0.4016779033491329,0.3650422598313017,0.3482464048425565,0.26566344941665065,0.44492842535949034,0.43937504439792274,0.3964198611239066,0.6677931274540451,0.23859222020231452,0.23499139931721397,0.2742393126232779,0.6104764182114096,0.45406698372850035,0.35543410505626827,0.3310985681357835,0.26332616120476793,0.3774248877869223,0.2653832238129492,0.28357462560211855,0.22944058051198,0.12626204906250132,0.4413006484804632,0.4720580876984027,0.11737553641435183,0.5986034520832141,0.1091854055592897,-0.09086733257093337,-0.02567702454796862,-0.03387463060256135,-0.031029626840130487,0.08303260762897123,-0.04901086970746168,0.2723647196816966,-0.034373781196915594,-0.3283969941125775,-0.09890455649362367
0.1581033975704458,0.3795273607808918,0.4257143739043428,0.34756100294770925,0.3285462560192598,0.3632716078250018,0.028482920225793722,0.26620313523461325,0.059298144269003296,0.39378335642273565,0.31711338432731867,0.3617328823358993,0.2327534629346736,0.38669279423461417,1.0605416908357947,0.30777026708531463,0.2296114634000411,0.44538387223003234,0.3505996486007765,0.35082877742608565,0.27584692100807884,0.42820454519658835,0.3960315391886503,0.33343980081137164,0.4652896648949697,0.18748089402305348,0.260868654598507,0.3110314976690603,0.5460036151185342,0.4606340426222453,0.3229456552310905,0.3372581706089326,0.2654461218892155,0.33900694084854055,0.23312285031112343,0.7100764444050913,0.3035998714881731,0.24890103486145834,0.4015991389038299,0.262851200250884,0.2713460071645663,0.26148047753790726,0.36497026536774896,0.18890399909802055,0.2307747689106615,0.3212493653386014,0.4534593008403341,0.10587881574405998,0.24939584302364148,-0.045224557018039846,-0.043569015560127634,0.2438471514864104,-0.1472182882370026,-0.06748105105363887,0.14700439641157959,0.0032126734935468697,0.055516770157357516,-0.11686996735899605,-0.17060458222284394,-0.13451331123620383
0.29069572515677716,0.25527879743393955,0.437285642549601,0.4524871802056798,0.4152761000222931,0.41759493044216284,0.28564543009952276,0.3832598851471264,0.31808804784648315,0.37272209600654244,0.35862274785091003,0.3867119834159351,0.3862653160396954,0.4686017248351247,0.30777026708531463,0.777843329845816,0.4282311506038952,0.3618313725188925,0.3766182408265437,0.38812695079253406,0.2530987171722369,0.4606004832411747,0.318179788140314,0.3944124350445545,0.4301336379708587,0.41144202962283294,0.36928970312945925,0.2632126545545355,0.4706989464126818,0.35515861794930725,0.3682378162141902,0.4237694797147859,0.18600646971461948,0.3510446264308713,0.38670808820572933,0.60299369251925,0.3707604845242658,0.2879168699853424,0.40814100609798043,0.2509622833874812,0.2830391770584065,0.24358458845979383,0.3205213856931366,0.25616858668125114,0.20834523525701684,0.40222058556009765,0.4178386905753738,0.09880815268117513,0.3692580334313387,0.012986040247240297,-0.12838554824553639,0.02334358902181946,0.02294809661926556,-0.04698973100644341,0.15814406952261698,-0.045318668494233605,0.238455792991729,-0.12554781734019949,-0.2789615119789326,-0.10509841662344059
0.3372636793473048,0.3659584921024643,0.6511361560939792,0.4520329850647978,0.38923685343917525,0.524612907143272,0.3450537635609141,0.5350300567042146,0.4293325756607841,0.4009460911466807,0.4401193491342183,0.3792980960856687,0.4438822325704048,0.39034068316019027,0.2296114634000411,0.4282311506038952,0.9842226885282758,0.36799934791352534,0.4265263876414865,0.5342054855812591,0.3882272126822952,0.7182232615790246,0.29710094335571746,0.4977602059908022,0.5075083384422167,0.25124764066420474,0.38079615121627647,0.3093161736669497,0.49808663610873927,0.46097466463799647,0.4755287276539798,0.3673939773777305,0.4092241205246469,0.35784932688601756,0.23735729554687576,0.6823668398382292,0.7767608485031903,0.4848068980705425,0.37081863617214683,0.2743950665172989,0.36404110210805757,0.3711847749925868,0.38701140448263016,0.25118146625725807,0.2775812599109927,0.5657840263328049,0.5782790516454479,0.0661118574512627,0.420543736629144,0.2781882973060698,-0.05424891897442366,-0.0939555441539723,-0.03878412020987435,-0.12384411359708948,0.11334235094176268,-0.1133975281373743,0.2976138703212713,-0.09698878789545343,-0.21545169041330417,-0.028865536336585756
0.2992092500687847,0.43754751395379865,0.5875498539065311,0.4656961468538892,0.35925590198388063,0.4715322902452126,0.3231589308023198,0.5487095151692486,0.33531479156827065,0.3850703801117067,0.40162978835973695,0.27987815867107385,0.426131522836282,0.3140513355795267,0.44538387223003234,0.3618313725188925,0.36799934791352534,0.8181487505935818,0.38074651884365585,0.3492029218418112,0.36998236013459807,0.41091774884345694,0.48721133380408477,0.38353954744889285,0.4605471323202551,0.46513293756812957,0.29871161548743896,0.29535182422919204,0.6217173486308383,0.3664303612503959,0.4802202160399526,0.2943619734594677,0.25170780843032886,0.47076952424535856,0.2559481669223133,0.8306209707642889,0.42249334725010623,0.31122469070323655,0.5634427750094801,0.25280362547930546,0.3172164306873739,0.35465089726376164,0.384774775494482,0.2480805338843791,0.31253369774743484,0.4544210082258049,0.5914959388588625,0.13124079673984448,-0.10061838922877017,0.2619243473205812,0.006884040536048226,-0.014848562086861425,-0.18888379979618436,-0.09768513461622032,0.04243215895756493,-0.09747204655964548,0.2856903321031381,-0.06694229680365357,-0.18485218459697722,-0.07924463648475404
0.28176028349497356,0.2657843372264588,0.4627647095607843,0.42939320977762646,0.7032768178953329,0.594136851197743,0.20678963759920457,0.4673810458476201,0.3159526341545848,0.35209258836497076,0.3552064436549663,0.37414993345148134,0.38823772122937755,0.3698524816223357,0.3505996486007765,0.3766182408265437,0.4265263876414865,0.38074651884365585,0.8104681244252819,0.2442249603367268,0.3215377809227322,0.5639934463442937,0.2437562331137278,0.3231686208002111,0.39667820683134836,0.38988437937851755,0.2984601727882301,0.2948819051339823,0.39104290281897125,0.22370382885232665,0.36192340648957866,0.39761631377397927,0.32346109934176126,0.3877335177985196,0.1025027280574476,0.5425154472595759,0.3568133368275742,0.3645291716789699,0.5322628495374114,0.12551800181432876,0.2378306806845598,0.30439555839232346,0.2785978486224106,0.18717939912758996,0.208489502299573,0.35394817490999825,0.35560795700897496,0.06455458556763875,0.4324146635043149,0.3308301277492028,0.032203417313911686,0.3393832288129174,-0.3900291648102803,-0.21638019874253595,0.04943304218279753,-0.09556876769287324,0.2389451150559239,-0.04578813252291293,-0.1579726630681834,-0.02516051621662356
0.2999157828025743,0.5403594171832873,0.6202220372608718,0.3697362694982795,0.20407664855943447,0.4689267219319289,0.26467972404102813,0.5177747678082121,0.38437639212679536,0.29955082592551996,0.42319426374665353,0.294137050796638,0.4068618238553935,0.415392816876942,0.35082877742608565,0.38812695079253406,0.5342054855812591,0.3492029218418112,0.2442249603367268,1.4865655733718157,0.30726163135261864,0.4404600578469939,0.23059967320865413,0.529280127638976,0.5383888270567753,0.3120909015858263,0.4521033247285862,0.2589367344257477,0.6046186210137511,0.7488914279979876,0.5265360503098253,0.37897685436439493,0.3471470669818676,0.3351546525326102,0.36964621846067136,0.6449904946833962,0.9650450594062698,0.412605993547729,0.4621389819899219,0.5405483645430897,0.6479611557153419,0.3164358301610743,0.4349637027007885,0.15141561668371392,0.22604014488297905,0.7757792601573391,0.5313129429270362,0.2894325582081428,0.7455929840460939,-0.09376213661129128,-0.06031688534703267,-0.23928226438399133,0.30320312528627535,-0.05348903389152418,0.11167584908570369,-0.08182686899483033,0.3278575867432676,-0.09945141684225212,-0.234779058608471,-0.033420832394451365
0.2756530825152681,0.4116869868084427,0.513384789662303,0.31384544958350086,0.2360317111055796,0.37468872914399637,0.26764488357605476,0.3702067144404589,0.36205555932869765,0.2480635742603094,0.3326243935418416,0.2506668070864179,0.3424398365027858,0.27925838379009243,0.27584692100807884,0.2530987171722369,0.3882272126822952,0.36998236013459807,0.3215377809227322,0.30726163135261864,0.6888961050653434,0.3897915090585087,0.3285648942179302,0.3544188638551858,0.3457303250559322,0.1731428013601822,0.25906167146035375,0.3282708288878377,0.34216417514427355,0.6034731183976109,0.4015960480248851,0.33398861661628393,0.3968269524827326,0.2875996019369953,0.20680711201648458,0.6701030185441952,0.4347467095876431,0.4951067642837041,0.3504310950306861,0.3812378245874255,0.40333068489329527,0.6490427756056043,0.5149835231342275,0.2222964465318652,0.4544162421340783,0.351157006622779,0.5787761286127548,0.16988209379434002,-0.2320920274245794,-0.08335998739408892,0.07343210038524671,0.016444546794545677,0.030293595609181673,0.014083977078410389,-0.16882967022156034,-0.04255951162156535,-0.046867624660475504,0.1647617415410676,0.11064555579074378,0.22284580943713156
0.38080152691002306,0.2874453781397683,0.5853982380807935,0.5230354026487685,0.5715632071380778,0.5721332379625497,0.32520667645183693,0.5185382332874721,0.34425350293906226,0.42718432167460363,0.37348192102865696,0.43343584409861274,0.45860748246843464,0.5243145630199656,0.42820454519658835,0.4606004832411747,0.7182232615790246,0.41091774884345694,0.5639934463442937,0.4404600578469939,0.3897915090585087,2.7710903923141474,0.3662737173082186,0.3789184580626383,0.6509369363086379,0.42790277251038633,0.42330788976630007,0.37076739598502956,0.32969624131224146,0.37797680045556525,0.4141915274970827,0.5025094680871561,0.8021368619393525,0.4652537479150051,0.057533841456948065,0.6112038383883623,0.8101339522705426,0.7742253254991551,0.37588761874418697,0.23354509816000787,0.43339616522304236,0.4420284821645449,0.4201067486704737,0.4791638364648441,-0.14083895416471137,0.6331123352245531,0.5001002491328217,-0.6964511484137372,2.5739251771224247,0.005979599537140866,-0.09410541566863029,-0.17023223826273454,-0.008408627046031817,-0.22406347514091537,0.2035971026667436,-0.09731549921894592,0.37484012992785887,-0.1595255437464996,-0.38183544896942784,-0.09606231793801175
0.14126694488285035,0.13326028728239336,0.4120403120543483,0.48435724927782015,0.35650590275190336,0.289700679755015,0.3685523282708891,0.38034167859099405,0.3183150151373996,0.371698287322306,0.32672715223579446,0.2809872926695925,0.3693809013284116,0.29266355164649477,0.3960315391886503,0.318179788140314,0.29710094335571746,0.48721133380408477,0.2437562331137278,0.23059967320865413,0.3285648942179302,0.3662737173082186,1.4082264598805576,0.9194709359519643,0.5539785210010273,0.02014849634132244,0.19289132179046414,-0.09774448544896887,0.7926079493665134,0.6871575689778047,0.317945214188895,0.17920044435826496,0.15930373555198007,0.30024833559504643,-0.08519098140632149,1.3211425049927337,0.10292874011429257,0.3244311406508816,0.6128303828225322,0.4177320030552984,0.23574026761589525,0.29457875791310356,0.40503948876436285,0.4434864351639275,0.11913763212178995,0.5639977452713267,0.5965755133314508,0.17489297106270263,-0.7619677592811586,0.014000549815476441,0.03466020746365189,-0.1892493933847464,0.19996681103000613,-0.0866547937450855,0.24380104963419183,-0.04215998089780111,0.3119888569483571,-0.26797312885684116,-0.2806117538952907,-0.16547801142181626
0.18138225292664947,0.22650539222268437,0.5653094713542309,0.5209012266706953,0.41820847295470104,0.3860498540706222,0.38907355285643225,0.4222621214085187,0.46793822204108976,0.4003340239179292,0.426332269416034,0.3342196103959552,0.44677325500949056,0.44509820722050797,0.33343980081137164,0.3944124350445545,0.4977602059908022,0.38353954744889285,0.3231686208002111,0.529280127638976,0.3544188638551858,0.3789184580626383,0.9194709359519643,2.4200433672170094,0.39591340261499547,-0.4746302509941573,0.3666150783552786,-0.009569468102407655,0.5245665697662437,1.059263520077644,0.9668667231857347,0.3492995937014585,0.27229528227224026,-0.4087675753513274,-0.03056116617798241,1.193600258334021,0.669881289623324,0.4879779818116486,0.2288321404400056,0.43854516287058903,0.6310359568551022,0.3151786851579906,0.09005263221910002,0.29787271580387104,-0.30468042385099237,0.8673099236940693,0.7759421482826278,0.22390145527145472,-0.546238383014005,-0.057464275751030774,-0.030350127349076394,-0.1717929320409505,0.44675089680918034,-0.13564879163274715,0.25790345850382,-0.03426807345345537,0.46700113218496386,-0.33171146475719554,-0.31116579485991064,-0.05709106479582773
0.34445656121791024,0.38177083858053235,0.6030101925332858,0.43912462103214284,0.329048600630862,0.47669516951415036,0.3020881573583308,0.4894980457756076,0.3011531325390723,0.39986633397696564,0.3780612239332188,0.3740493878127915,0.4019564903797754,0.4016779033491329,0.4652896648949697,0.4301336379708587,0.5075083384422167,0.4605471323202551,0.39667820683134836,0.5383888270567753,0.3457303250559322,0.6509369363086379,0.5539785210010273,0.39591340261499547,1.4954685053454906,0.36548661757688594,0.3418257308947036,0.22755198295681045,0.6943525730613976,0.5441392964580818,0.3719313859121903,0.3669348495626321,0.262164842847222,0.6138445676294061,0.34559186937889536,0.8127836697995412,0.4184291283338875,0.4097907730101503,0.5391318878113951,0.3546441311185719,0.2842439372689894,0.34120450061390095,0.4986481935268211,0.29370783416418983,0.40542218097611243,0.5365632049015082,0.5499569182366641,0.0701968592063902,0.3270773605820902,-0.2425464485659391,0.09368551167508535,-0.017018493049162975,0.15858310366467163,-0.07222320020296782,0.11222255680464359,-0.015613483738706656,0.28332708647980237,-0.10255365092097282,-0.2865231360517675,-0.007349734613585603
0.29200252589552644,0.3752045693472495,0.6600807022766452,0.4099878961597891,0.31654578651113197,0.618519621645703,0.3168827922156477,0.5934765842221992,0.5056140420633078,0.35193474992766455,0.33522766485943384,0.3686620290720343,0.4370511092146519,0.3650422598313017,0.18748089402305348,0.41144202962283294,0.25124764066420474,0.46513293756812957,0.38988437937851755,0.3120909015858263,0.1731428013601822,0.42790277251038633,0.02014849634132244,-0.4746302509941573,0.36548661757688594,2.599576122408921,0.26977666015369206,0.5530175207614366,0.5854644415861111,-0.6728565008229831,0.11038655253224,0.3932888558618083,0.026521740624483724,1.1285328513756012,0.685196283119123,0.4191677175741974,-0.46083457292531854,0.036230050193959085,0.8500680450293935,0.018598940220422112,-0.18955552788578015,0.21539630528895087,0.49582741371143774,0.23494860932245643,0.8466692570718459,-0.0454426277850688,-0.04444142133374519,0.02216629402947929,0.7506103200282953,0.6215642375038255,-0.40977753060770744,0.20829891613723825,-0.6852077435481787,-0.027201174447843018,0.20919565748715085,-0.017490487793484104,0.4021318992178384,-0.15021404907878053,-0.5044539772090891,-0.15275227635347505
0.2702428855675716,0.3242697149008097,0.48430241527992957,0.33729514691880036,0.24794849509889472,0.3987007176362892,0.2481416034218787,0.3841235488447856,0.30700889523888003,0.316541986284916,0.3403189695616742,0.33995044855302853,0.3602965548060273,0.3482464048425565,0.260868654598507,0.36928970312945925,0.38079615121627647,0.29871161548743896,0.2984601727882301,0.4521033247285862,0.25906167146035375,0.42330788976630007,0.19289132179046414,0.3666150783552786,0.3418257308947036,0.26977666015369206,0.8120003011508652,0.3055833931875932,0.350789420408422,0.3275800684305649,0.3847099352528336,0.4105906591435638,0.27088678409841793,0.3475246225609793,0.3328446438297435,0.5569173247478021,0.4846675813566568,0.3081089831831348,0.24595124499339815,0.271721875412604,0.3329541517950469,0.25609782980225615,0.29495651801634226,0.17179397823416484,0.1066176851494797,0.568211819009792,0.37146206492527006,0.13634949335731364,0.3178591519887773,-0.03926242932479953,-0.07459807986031308,0.06976869381199592,0.019683723511206504,0.00602691286760496,0.029815639715617973,-0.051101397671174074,0.19327020206715165,-0.04888682164294282,-0.10999852494322426,0.07701951724781375
0.13422217936767386,0.35009762808334444,0.36528228364924525,0.17660366518789425,0.06524715519459903,0.2720013458747189,0.05299691300139843,0.1780333773281399,0.23481313509072918,0.15699112680641467,0.20595490940794028,0.12876788089003077,0.21855134895778613,0.26566344941665065,0.3110314976690603,0.2632126545545355,0.3093161736669497,0.29535182422919204,0.2948819051339823,0.2589367344257477,0.3282708288878377,0.37076739598502956,-0.09774448544896887,-0.009569468102407655,0.22755198295681045,0.5530175207614366,0.3055833931875932,1.153094479991941,0.22072398400779866,0.33240125319817004,0.34258406268635017,0.3844419805106727,0.6168735933118216,0.31873101748840066,0.557556567601059,0.7461282211684203,0.41109765562846995,0.3810741341536298,0.16792391066782966,0.20938651086110802,0.1973074737665893,0.32264506660182896,0.5793501404540606,0.2362159885794954,0.63161518197496,0.09636242199378402,0.2960322354928793,0.14815741647323094,-0.04513393607862167,0.1772463782770194,-0.08017254876616109,0.8127527370304853,-1.0022447092893312,0.044379175029239826,-0.05467731042883916,-0.04467806229285671,-0.06395671907091424,0.02911008036651469,0.08462232606638254,0.022758390931978175
0.3120432189355963,0.5225818037818316,0.8121290550342962,0.5206859235258635,0.3963884521705372,0.5898959396553313,0.33282276794158505,0.6313731497301315,0.3750829560778544,0.5352428273127089,0.4832340921832662,0.3935740366528348,0.5716388058499774,0.44492842535949034,0.5460036151185342,0.4706989464126818,0.49808663610873927,0.6217173486308383,0.39104290281897125,0.6046186210137511,0.34216417514427355,0.32969624131224146,0.7926079493665134,0.5245665697662437,0.6943525730613976,0.5854644415861111,0.350789420408422,0.22072398400779866,3.2627447763132293,0.6442945464715248,0.17601369710948872,0.4181947134774433,-0.12756337007905721,0.8899632147480402,0.38365172652857665,1.4090970498075546,-0.49868222881220853,-0.13920916535805422,1.1530545670627348,0.2914929948129075,0.049940545404085705,0.25446211805829316,0.32743292963504994,0.05920367423545078,0.5592124802455626,0.4959157801387681,0.733084195267591,0.07067697069553915,-0.02313267129792211,0.6376571086140069,-0.3322962211874074,0.0571335068333861,-0.4944632654131362,0.029681916984968585,0.29773031593459115,-0.1877271469351276,0.38105502216733766,-0.32479041007113246,-0.22894043400332958,-0.24877744928594556
0.5142568080658123,0.5076358814258095,0.5824929438429969,0.2650063329046293,0.17475663477312284,0.2910949207866622,0.29598983588926947,0.3929771883880744,0.34179809912523546,0.31714342568442916,0.36948632354579347,0.2186584960900918,0.3795316972249228,0.43937504439792274,0.4606340426222453,0.35515861794930725,0.46097466463799647,0.3664303612503959,0.22370382885232665,0.7488914279979876,0.6034731183976109,0.37797680045556525,0.6871575689778047,1.059263520077644,0.5441392964580818,-0.6728565008229831,0.3275800684305649,0.33240125319817004,0.6442945464715248,3.515873027883597,0.531549510980919,0.41270611261654794,0.5998793273885796,-0.5931116164892497,0.4874103468454807,1.1503625864160032,0.9241358253184548,0.7502843509002737,0.2778178109780252,0.9927137157240236,1.302446785698845,0.621190100459222,1.1057807229199728,0.40456147041081464,0.15506809403747127,0.6564570422682913,1.6505823064622365,0.4006367307631986,-0.2574628909072579,-0.6115664571958112,0.2592238174638344,-0.570750330524327,0.6809386583037176,0.1697945982313369,0.03372418560055754,-0.20680775410691593,0.03991823957922737,0.19230115268561535,0.06603122342824327,0.13176962278738796
0.36537128167295085,0.3212776328888377,0.5642880055805903,0.41312654886029226,0.34974235274008053,0.428092089892803,0.2972332958345263,0.43508265461440876,0.3893155336320627,0.3306025551100407,0.40359044182198217,0.2924722555804353,0.37608918924616935,0.3964198611239066,0.3229456552310905,0.3682378162141902,0.4755287276539798,0.4802202160399526,0.36192340648957866,0.5265360503098253,0.4015960480248851,0.4141915274970827,0.317945214188895,0.9668667231857347,0.3719313859121903,0.11038655253224,0.3847099352528336,0.34258406268635017,0.17601369710948872,0.531549510980919,1.4707006286081057,0.3855016742781659,0.3575473829102089,-0.016307918949313615,0.23735219730495766,0.9489218364439357,0.92036285741161,0.5391903076289407,0.3766025504328468,0.2379228188244711,0.5602083036934952,0.38474072803139076,0.17736492001409915,0.20441864711663363,0.12679823312233934,0.6682614194191161,0.6128995972328642,0.2314397436524794,-0.0009128743288494081,0.27371635355243135,-0.12278159291803287,0.0940614734523877,-0.01802431620245294,-0.18129378703419646,0.16889481124462113,-0.023305088966202883,0.4769780618236854,-0.22630212282343165,-0.35893387527703663,-0.04829554947468375
0.36186809704329975,0.3254380479458795,0.49561703113837813,0.39514767128532374,0.260181174493394,0.4921371370942501,0.21422879764350067,0.41292358084405467,0.38128313333600417,0.3110367016958688,0.3261400133934228,0.34965148458642153,0.3330469706726479,0.6677931274540451,0.3372581706089326,0.4237694797147859,0.3673939773777305,0.2943619734594677,0.39761631377397927,0.37897685436439493,0.33398861661628393,0.5025094680871561,0.17920044435826496,0.3492995937014585,0.3669348495626321,0.3932888558618083,0.4105906591435638,0.3844419805106727,0.4181947134774433,0.41270611261654794,0.3855016742781659,1.0559772706522998,0.14441967450102852,0.3484423944901971,0.3248532303360347,0.5101099103830395,0.3692107772661037,0.36516402850651447,0.2130610342262958,0.19834840524965172,0.349670523366713,0.3134813577039133,0.2998062904588595,0.18090110890926592,0.18495848094736075,0.35584423836777246,0.475981768551702,0.11718762203241924,0.798528789063721,-0.07091326004465816,-0.0345501560125993,0.3475354967421784,-0.3593330789094207,0.1458548775059203,-0.19304993828742942,0.01923277556465329,0.11275464695778466,0.15980747489765001,-0.08227020239124583,0.3229837209106007
0.21436911133146416,0.26948691804235214,0.24298354751955833,0.3096711103479489,0.37930225008001606,0.21981940169551137,0.16129442642761974,0.17859021239335474,0.2101413851300802,0.12408232522550575,0.21054448572512274,0.1768831890466808,0.24430252433419644,0.23859222020231452,0.2654461218892155,0.18600646971461948,0.4092241205246469,0.25170780843032886,0.32346109934176126,0.3471470669818676,0.3968269524827326,0.8021368619393525,0.15930373555198007,0.27229528227224026,0.262164842847222,0.026521740624483724,0.27088678409841793,0.6168735933118216,-0.12756337007905721,0.5998793273885796,0.3575473829102089,0.14441967450102852,2.2074151548726393,-0.1406395463245163,-0.5211844749940227,0.7831345209497149,1.0451070091346857,0.7479582434931221,-0.16497400772956733,0.22212752881631267,0.40872906092148664,0.40304239220637855,0.5855820201258909,0.23102959279284915,-0.008134571707916607,0.5207536307424055,0.4180433335342741,0.15566923107841896,-0.41404774543299183,0.09261276267259413,-0.014936834435571526,0.022938281656121065,-0.007331811337262611,-0.30859283834899426,0.03880138207622743,-0.18499296196977444,-0.019296039548053607,0.013430138661191126,0.15116344162751658,-0.2529999280326898
-0.2976925583202615,0.4844969585558416,0.6754873592295614,0.468246745552662,0.18685654799721416,0.606414502180686,0.27703686380152703,0.5708202241882183,0.40992846315854625,0.4369834939456186,0.3415824731898037,0.3602592216665731,0.44880295890945304,0.23499139931721397,0.33900694084854055,0.3510446264308713,0.35784932688601756,0.47076952424535856,0.3877335177985196,0.3351546525326102,0.2875996019369953,0.4652537479150051,0.30024833559504643,-0.4087675753513274,0.6138445676294061,1.1285328513756012,0.3475246225609793,0.31873101748840066,0.8899632147480402,-0.5931116164892497,-0.016307918949313615,0.3484423944901971,-0.1406395463245163,3.4264118204120018,0.8134865696636915,0.3585196004518185,0.028524421776879708,0.04751224647867409,1.052500122514319,-0.3675294226174608,0.25047430163420953,0.2610507203104051,0.9882304429393417,0.3594411422188353,1.2091101848228676,-0.09051187411376929,0.14141777450668086,0.06734551378496145,1.289123104708948,-0.1464176444985333,-0.09683450467822431,0.36196473729806317,-0.20197309716065634,0.012428921916736826,-0.25198409621021095,0.10356257336421461,-0.31674249714663466,0.17462619778039531,0.23875936630772943,0.21460365418854738
