3.5323433010771454,0.31429924257396435,0.39533524571267076,0.12547654139464065,0.9986716124069065,0.2593528596347243,0.45376914134238144,0.3431664227192107,-0.08242749914389245,0.3696534748099731,0.2787937244442645,0.38551057102765984,0.12126349266994928,0.20634074168219763,0.23626152546024964,0.3168954050487754,0.21764810980051752,0.35705895320236963,0.1628565900983408,0.0324103385534481,0.2786731412931123,0.16706448894409592,0.26895360490278086,-0.05382890839432356,0.346035924779886,0.03085199084221657,0.1912533353068166,-0.11841671073568005,0.3030812893064626,0.13415956665068238,0.07273393324119966,0.1162169231288732,0.11714330898194894,-0.35227719950742636,0.14213534549952017,0.06280534601231388,0.1965888729844518,0.08536274870618249,0.11978356329933222,0.18260777854368054,0.18605750086622116,0.19666473022648787,0.17394745390130315,-0.0005110320569316277,0.16695862187467211,0.25582682422353253,0.29062165534825757,-0.054311778011424325,-0.10342829204282894,0.1710601529842185,-0.015421951603215495,-0.27879040652957954,0.17299594497251408,-0.013858568485022135,0.449786376064044,0.06822580444741197,-0.34942697174333714,-0.5510766143846687,0.52784061038377
0.31429924257396435,1.2884781852361162,0.6245647283854714,-0.15654095323523917,0.08683577278152987,0.29141024723022824,0.17707253207546317,0.21211962631642262,0.201704476892889,0.18706099195452008,0.1672585488598197,0.1633905161002452,0.07291582704102637,0.0900497599444929,0.1493972492196404,0.07280010444474681,0.18497483362253966,0.3045316254555467,-0.09840254975950612,0.2776728789911878,0.18759619454918688,0.14378472391142935,0.17170695696730437,0.04346827728468911,0.15721020909139113,0.21269071904823283,0.1732135804979335,0.24862931872068172,0.2622065499131693,-0.10481311072892809,0.13425539556000965,0.1157212753040718,0.053087461355770894,0.09984962552983817,0.24388411580440378,0.0905103601894843,0.263174813869436,0.14682921088281126,0.13608179595278233,0.1676960161674853,0.05469315393708034,0.1742091644146392,0.1907864992839526,-0.004140318183035313,0.4004752654959359,0.15988579285799176,0.17138104075251745,-0.020155656383816674,0.07866590525692597,-0.0928863415250393,0.13461240629815877,0.3567559492135441,-0.2889222480281807,-0.0048049528718752755,0.08532633281714708,0.018406913038315955,-0.13227017623806678,-0.050332861522441014,0.059343269680024395
0.39533524571267076,0.6245647283854714,1.6661188666381765,0.039140315534619,-0.29472656989152457,0.18572879763635386,0.25524272209085,0.1791731980069416,0.30481898888870534,0.26813652328729215,0.15817988816177803,0.1780490808409356,0.07591777293856254,0.12955992232142113,0.2086404455592521,0.08085765723179142,0.21839442938662004,0.21976969773691485,0.014039485072392676,0.057454650439105075,0.2713759449615526,0.20540467007356591,0.12130656689602205,0.07438827482336245,0.14486776786799888,0.13564556848469914,0.12787711946038915,0.29718571211374245,0.2394891399189573,-0.26669906674402705,0.1413514399447013,0.12441723668380593,0.12227484209336717,0.0404608799883685,0.22898092962931926,0.19763041593637015,0.09491360447130304,0.04992762613634142,0.039211233230241414,-0.036457913142207074,0.08519018174494115,0.2990950203378283,0.15362219597589144,0.02582892437179912,0.327389170604743,0.21079599031486598,0.09717983843622612,-0.029759690956946205,-0.020750061192273406,-0.1021239094413759,0.08200707273983487,0.14918179661213252,-0.08505604987883138,-0.04359299570955058,0.09576705794743001,0.11384707466598754,-0.10188233068150686,-0.0797399559846559,-0.11597364153274052
0.12547654139464065,-0.15654095323523917,0.039140315534619,2.712352534481721,0.17722495720494627,0.3415183362436171,0.14628940122015016,0.3030827672151551,-0.007962171016595862,0.2333600581499535,0.2137193896110205,0.3250883731491694,0.05687112865561981,0.227392725287936,0.12491463203083926,0.31077879745197956,0.19914767074444292,0.133026959228456,0.0179277863082503,0.1779923405651726,0.13265455516626937,0.16067968270008606,0.1957319736553482,0.11844807972132998,0.18977794245183457,0.07064696561968682,0.1555532721276663,-0.14907472287468093,0.29258606009610866,0.09142178497891468,-0.007146089235574998,0.2182829939935251,0.026716170544337853,0.33128768505527234,-0.40500692669414773,0.21113367891155824,0.07209982226042531,0.1294638342574634,0.12968318329594644,-0.014554522165800407,0.00824459334396889,0.07374571921148847,0.1696504655881203,0.1366333697359767,0.061858584255440344,0.07372540702468205,0.2211486625039039,-0.001581672913762139,0.18976913443441204,-0.07879464393032476,0.046930803469286506,0.12486063190992534,0.03064727771387447,-0.011972240679377908,-0.4555675216708203,-0.1673737097886031,0.03448446462328631,0.4671760875774361,0.03461417525343394
0.9986716124069065,0.08683577278152987,-0.29472656989152457,0.17722495720494627,1.719440493254735,0.4475757351190864,0.3448437083681476,0.3043120211291826,0.16352835062055732,0.19608185686863994,0.26165439084518166,0.3724279496969703,0.1282171003572737,0.20661478882791773,0.2179101869283207,0.3116818056193126,0.24042852964694672,0.25049274180058156,0.18788255032105225,0.26500221582022887,0.17062794539418152,0.23087092074926188,0.3213371186158932,0.22506810568755545,0.29000855514400425,0.16243249643154278,0.20445720164672784,-0.1597593654800904,0.3660042193446161,0.15946809978111892,0.1552471857270057,0.13420990462758017,0.07177771707310647,0.4782899794541196,-0.11549738074834774,0.23636120138446695,0.3102366138751801,0.1553707088594305,0.3694218530092161,0.10142683035263184,0.05012184201228699,0.1467576329305553,0.1527273387495833,0.049482026003547244,-0.03765203522854579,0.17025930205212647,0.28489801867493947,-0.009974209358833573,0.1998929141603706,0.21859756222096258,-0.11190609336145348,-0.27236328695157747,0.35680521016451366,-0.06437751410223615,0.19714865589315442,-0.01594933826178935,-0.3939130123528836,-0.19508369941580483,0.49574894754847
0.2593528596347243,0.29141024723022824,0.18572879763635386,0.3415183362436171,0.4475757351190864,0.7823942608733322,0.12609230398191945,0.4229134014543659,0.19762260062329284,0.19773619710337323,0.2468150303353056,0.26950966745170835,0.09987485378904125,0.16587363979140646,0.17149085489210342,0.17513651295578028,0.28339185531822947,0.25353892917816384,0.26812372447722,0.34474887309533714,0.1840136431480514,0.19180129853266886,0.20081294993709498,0.12073075245271164,0.23611450512955448,0.2661151036983493,0.20381749448272932,0.03296765960238919,0.3544496473063859,-0.015222132526157799,0.13259731817365206,0.1602476105435507,0.023774482574715403,0.3132503445891736,0.14421256941409102,0.12048807004211398,0.2751939600317384,0.19964827746185815,0.35460386876681566,0.1767649582499759,-0.014529380340724858,0.13582646506603932,0.21428732460709374,0.0582828463612173,0.2631150806342315,0.1460609506055835,0.29171967677067256,-0.00954740491126722,0.17316848397078619,0.13630945826049168,-0.06946109412970396,0.11874519718451407,-0.09486197715858816,-0.01519490177371895,-0.09007916784028608,-0.09087306748886964,-0.17793558544104907,0.16301285070580968,0.18887811584137876
0.45376914134238144,0.17707253207546317,0.25524272209085,0.14628940122015016,0.3448437083681476,0.12609230398191945,0.8760159398976423,0.17094903591370414,0.3407168410482752,0.15018830577014947,0.24053937426918304,0.3996108914201074,0.09946954611489714,0.305695620346232,0.14142930530089717,0.3021654931700468,0.29418704450132926,0.145341656246326,-0.04434865993660212,0.12970110353745595,0.24613480051368322,0.3065633107575908,0.24874993418043845,0.24124041202817914,0.22831792261659414,0.10483810429140879,0.18895775396905326,-0.028744162322083155,0.27267947831275485,0.12211046242698427,0.13405246994245293,0.1680605680777842,0.11931846581687228,0.30822515306263365,0.1535013348407185,0.2880377724378292,0.16050138560743793,0.09466781887440233,0.17473550674538701,0.0566272796174697,0.0970504112829179,0.23718334742894795,0.1969139981603432,0.034399439444204476,0.10164953969127437,0.20985636039795705,0.1278072050336426,-0.022338125215230972,0.19862866538454613,-0.056875248597951074,-0.022286987702466277,-0.4736811241197379,0.6721079064281755,-0.08810099963796666,0.3452258981949874,0.05606175733029987,-0.35499282629069434,-0.24519216441694688,0.11263449885335534
0.3431664227192107,0.21211962631642262,0.1791731980069416,0.3030827672151551,0.3043120211291826,0.4229134014543659,0.17094903591370414,0.7696148126490938,0.04594490914976734,0.1954416885147167,0.2645131365223889,0.08848096125683468,0.11475541451980381,0.1465041476623971,0.16150640957401796,0.12860929719375475,0.23716711509443741,0.25547119384293726,0.23659359080196657,0.2989789143086275,0.15949969229569097,0.11826317027095816,0.19173313631924727,0.08239426739435322,0.23287493251309938,0.2720154125948554,0.15924316783992903,-0.11219672632093859,0.2871705156378717,0.02028481836868352,0.09675402822869245,0.12192322717008197,0.049274326685303314,0.2564213874780659,0.1946796723118601,0.09510600239584009,0.2809534235512926,0.17487947120732655,0.33335053257860886,0.1743546698744448,0.05479104097273212,0.10255838386380273,0.1727059726804995,0.05786593743237899,0.20111755023276018,0.1691922712861126,0.26488547293478965,0.0008266203390838228,0.11586533782960312,0.23419039345746584,-0.039991175077720105,0.07464932621801941,-0.07365651160964926,-0.06301483760434007,-0.03249372832052895,-0.153423030370107,-0.11390938389288305,0.14709136484446383,0.16299230828371705
-0.08242749914389245,0.201704476892889,0.30481898888870534,-0.007962171016595862,0.16352835062055732,0.19762260062329284,0.3407168410482752,0.04594490914976734,0.7585325311377606,0.1257404705417266,0.1496615033774886,0.1874148407677887,0.06962466336376372,0.17348517412100764,0.1972390138647445,0.09311262911392272,0.24286783930974873,0.15359162326635112,-0.03392003276241456,0.12673349320525285,0.1942200816060544,0.35584354979810656,0.20634241935678363,0.2597113242567102,0.09455480257016634,0.23771703600052005,0.12987464238308338,0.27018742430528836,0.10715566540007393,0.05722020988677381,0.19095232493271297,0.13794212276128265,0.21355021217157424,0.11310442420286328,0.09749097614857852,0.12772216381778997,0.15973598377821205,0.08159880026347553,0.10178782696314762,0.048508914718614564,0.07921492277543683,0.21195011029263292,0.23426281019468045,0.016389045447872,0.1307943850970118,0.17922232196942836,0.17929806026107242,-0.01285747583563753,0.5395432638313967,-0.12581455933801414,-0.002844076173964326,-0.07999126092813995,0.29356916968082775,-0.10361359422507037,0.16388311195848673,0.0747550006044476,-0.24258109532108185,-0.10603598924084127,0.06954789414411286
0.3696534748099731,0.18706099195452008,0.26813652328729215,0.2333600581499535,0.19608185686863994,0.19773619710337323,0.15018830577014947,0.1954416885147167,0.1257404705417266,0.6105207756146195,0.21827242142662093,0.24570120292902806,0.1008507061990233,0.14570037555642829,0.22416365674359198,0.17702080153281294,0.23369667842745293,0.2945144460192912,0.14724036843346303,0.12452946453657339,0.12277945234193903,0.16771778791666012,0.29364782193182365,0.22225978919422346,0.2376289427859072,0.13082322108816014,0.1674749373762521,0.10835958481644775,0.2528253955058444,0.09538799632439231,0.2045992908992745,0.10307163400319315,0.13085907786729578,0.3118627605331294,0.14041633251748287,0.2068441550810968,0.21950994464552392,0.07655765388096439,0.3008176723938555,0.09087216354093727,0.12359798502205842,0.11155576209611369,0.12125415174758608,0.05491997091402572,0.03933238193827797,0.20828459607577685,0.28410991401855673,-0.016740683222608466,0.12113136432734647,0.15485282906383127,-0.0019374565693257423,-0.1077378334719473,0.10314980461640433,-0.06951818500675797,0.2925125652082291,0.1902649032430809,-0.2263513363345137,-0.3367404580183244,0.15046809054625135
0.2787937244442645,0.1672585488598197,0.15817988816177803,0.2137193896110205,0.26165439084518166,0.2468150303353056,0.24053937426918304,0.2645131365223889,0.1496615033774886,0.21827242142662093,0.450512518251172,0.25286588703343765,0.11082352409050183,0.1986630801791493,0.2624081196006337,0.2028216799358716,0.24875547601376286,0.19965101810923686,0.10496072069251691,0.23929891594431318,0.1930763524398589,0.1824391790063827,0.2292749391836713,0.20678835908186355,0.21004226416675048,0.13443085751762454,0.18239254571758234,0.09139915974880311,0.2482838186574759,0.10888281404535456,0.15276869622865447,0.1328342467098463,0.13691045237663907,0.23353170873791876,0.16736273354593265,0.1527712947021842,0.24896226229883492,0.1387708100614057,0.247302908586537,0.13574908036403846,0.09366152813830764,0.17324394655676334,0.18021180865263497,0.020363062596246807,0.1280320298078813,0.20092141938153074,0.23695816359781488,-0.00630958621485172,0.1526604681073461,0.06456356506576415,-0.029469878291961953,-0.06321702493500955,0.22584039702455347,-0.0825839692796839,0.07388846665114825,-0.014199333413656992,-0.21420722421978008,-0.045692828100079984,0.1976162398299267
0.38551057102765984,0.1633905161002452,0.1780490808409356,0.3250883731491694,0.3724279496969703,0.26950966745170835,0.3996108914201074,0.08848096125683468,0.1874148407677887,0.24570120292902806,0.25286588703343765,0.7000235903939158,0.09010568900696989,0.2606920203307891,0.16482647125532235,0.2873677456458729,0.25660055392000775,0.23339703669027392,0.07260858206926502,0.15164885402468994,0.21268086366183045,0.2330159686424071,0.26388381093744556,0.19701177701915865,0.2751263507845293,0.09632656522988935,0.23420793422663558,-0.1430577023146826,0.3048321634448248,0.1448304192064885,0.1323337478912737,0.18479141919500106,0.0921819773629473,0.30111383868950686,0.1625182060602742,0.31048225454117756,0.14695783577297986,0.10843539205634768,0.2341437788327779,0.12333914767646853,0.06189824591299187,0.18419258177041548,0.17208824540345605,0.03777456330276641,0.16026213327068786,0.21394018097501508,0.25058640208312494,-0.02607398443679258,0.0955054372871336,0.008863245240856124,0.00029313139082797564,-0.2444553032731292,0.3486613999116594,-0.03685577066130447,0.10253062717246988,0.08531298744121302,-0.2816801198793928,-0.12888386222515064,0.1583519320687504
0.12126349266994928,0.07291582704102637,0.07591777293856254,0.05687112865561981,0.1282171003572737,0.09987485378904125,0.09946954611489714,0.11475541451980381,0.06962466336376372,0.1008507061990233,0.11082352409050183,0.09010568900696989,0.19269908100941469,0.07736208415221162,0.07743706278553812,0.09714604765131524,0.09514573574003944,0.09316664840233159,0.04447723611847607,0.09089987067829185,0.04059175425110782,0.09761059998530625,0.10614730278814676,0.1067092372728635,0.08735556436075642,0.10329007771459983,0.09416474972394653,0.037541354958441575,0.12356797780937846,0.02729060818580652,0.06836963109802772,0.07488985835969435,0.075277187348724,0.11627143379657094,0.09054853683336891,0.07758284429844965,0.10322889696718175,0.05141033867600328,0.11737818509738705,0.05405196921838212,0.04009738862456642,0.038425778142513405,0.0735189817206726,0.02922584974233917,0.003977780550395992,0.08993511811601826,0.08571372135446459,-0.0036353063468741215,0.1565772213826504,0.07477117641248986,-0.02992308400981708,0.000514958155531631,0.01744270589102723,-0.030552994570699897,0.03649173728865053,-0.020580102344542488,-0.06790304214539694,-0.02322941170187378,0.07482247466656089
0.20634074168219763,0.0900497599444929,0.12955992232142113,0.227392725287936,0.20661478882791773,0.16587363979140646,0.305695620346232,0.1465041476623971,0.17348517412100764,0.14570037555642829,0.1986630801791493,0.2606920203307891,0.07736208415221162,0.6579031664636119,0.18911209265529744,0.365306520393818,0.20327064289750724,0.09053348940799266,0.0898301951878118,0.2629567683512939,0.2014187557767596,0.2562351221359394,0.23292253238166438,0.3389797762790175,0.2184494334745321,0.1418033409883476,0.14127536233783075,0.1881509284887595,0.24407417050002272,0.23537122710590638,0.16261466823193696,0.3201382994040276,0.1910853428862719,0.22967214262314806,0.15752343634420854,0.15784916459255155,0.26468159231031413,0.15671622052853962,0.1782371848494676,0.14380035509605557,0.10913122258494283,0.1906833653637724,0.3275675253667301,0.039716788137358225,0.22224239956281733,0.19812815681046334,0.28596718078923555,-0.022764593831030706,0.33768735529300764,-0.043008150607914034,-0.017430756592935862,-0.5244955432106972,0.5778125385409708,0.0016358045813859897,-0.20295938842953673,0.02681089267299698,-0.20123687811334653,0.10561263448082046,0.2900265927672745
0.23626152546024964,0.1493972492196404,0.2086404455592521,0.12491463203083926,0.2179101869283207,0.17149085489210342,0.14142930530089717,0.16150640957401796,0.1972390138647445,0.22416365674359198,0.2624081196006337,0.16482647125532235,0.07743706278553812,0.18911209265529744,0.6846855186890928,0.19761892046346227,0.19764437964892562,0.10285809008444668,0.08655998416971712,0.2518040186631353,0.20956674047131793,0.17915585603311454,0.2645733262727184,0.2665026307208923,0.23302337003831006,0.06074938493280318,0.17668506154996452,0.29197273252642475,0.2546262407202828,0.1537086850605101,0.12642563267594886,0.09886896614250064,0.13438637283510935,0.22361039481073205,0.1794481179809716,0.12570956617239523,0.2674332917693118,0.13968238249236434,0.30652325756525034,0.13062637552922562,0.15738059419071343,0.21234398345500585,0.162884655859298,0.007222774625769235,0.1334485077540852,0.1781920892432717,0.20868829634257646,-0.02077447630272085,0.13132328965580697,0.21739855222151702,-0.11895632378225554,0.07094715505444511,0.09675252362343556,-0.009697663023875815,0.14914703415816843,0.04728542415942232,-0.33151023266416935,-0.1102882698118749,0.2592158493869772
0.3168954050487754,0.07280010444474681,0.08085765723179142,0.31077879745197956,0.3116818056193126,0.17513651295578028,0.3021654931700468,0.12860929719375475,0.09311262911392272,0.17702080153281294,0.2028216799358716,0.2873677456458729,0.09714604765131524,0.365306520393818,0.19761892046346227,0.7934947502599325,0.2299954403785386,0.10500098654611535,0.052396447893855086,0.21016040302532094,0.18545510264608872,0.3878886376057364,0.2829336050243503,0.3350827784668039,0.26262885493388005,-0.02059688451396887,0.25502387962201245,0.10664258900562174,0.35790748571259356,0.1916740875431152,0.12044695147325281,0.20491306066331869,0.1710008981230356,0.3108443334180944,0.3137806774163213,0.19999099546362653,0.2702554562004501,0.14468925140507743,0.2000028742568591,0.18157790108427033,0.1298485861553191,0.16817707472591664,0.32746995978793864,0.04433450993756005,0.09988943853357976,0.19738095962906407,0.25993543278943043,-0.05138317179835847,0.25286490720999655,-0.19009752334919922,-0.10935985107223938,-0.18302338075427912,0.5123828878437647,0.02174636371794736,0.023713967200161362,0.024101177710344347,-0.35818706600653616,-0.1430644673672298,0.5088946871006468
0.21764810980051752,0.18497483362253966,0.21839442938662004,0.19914767074444292,0.24042852964694672,0.28339185531822947,0.29418704450132926,0.23716711509443741,0.24286783930974873,0.23369667842745293,0.24875547601376286,0.25660055392000775,0.09514573574003944,0.20327064289750724,0.19764437964892562,0.2299954403785386,0.5066407432370211,0.21859330988341483,0.1171302293574681,0.22235838107826422,0.2240365239879721,0.28140193237504296,0.30128831131076084,0.23808603341150014,0.2293960686579531,0.0780161365265418,0.19454227378526304,0.1705961458431906,0.2959442514233862,0.09453524505067985,0.153576794540715,0.1368679523324458,0.20908978586382446,0.26044424854233084,0.1617762111180191,0.15699579053769294,0.3485514297184815,0.1323428690910303,0.27390027731367966,0.13347307830943966,0.10827745995410143,0.2030672468847643,0.2521237730650785,0.04171422157647445,0.14630696190421957,0.22683191842491737,0.2784756465619528,-0.01684816670546285,0.1736080510093076,0.12739182423450163,0.0017862113071230505,-0.20823505877357767,0.17919638898182197,-0.0955238220547571,0.12328099044680106,0.010592008142874362,-0.24462091904220057,-0.10686399221100185,0.252807011917119
0.35705895320236963,0.3045316254555467,0.21976969773691485,0.133026959228456,0.25049274180058156,0.25353892917816384,0.145341656246326,0.25547119384293726,0.15359162326635112,0.2945144460192912,0.19965101810923686,0.23339703669027392,0.09316664840233159,0.09053348940799266,0.10285809008444668,0.10500098654611535,0.21859330988341483,0.8981764301851627,0.11312525881470849,-0.01944223769436133,0.19652725040608698,0.17819538582903333,0.6268654830307441,0.18799977474093502,0.2438062835267557,0.37274298258237576,0.08018318129529797,0.33204352763707473,0.20209874598333197,-0.09574652251800111,0.3087846697471055,0.11028551686493888,0.21104772299402663,0.2026564007668563,0.19536518589707466,0.060954319387970884,0.3430996743569598,0.005599618023955011,0.3860394598476461,0.17997186884413982,0.147757271106209,0.19164887463091626,0.22584333884336896,0.07514791864089834,0.2148359695652891,0.2297387536585952,0.39699735106899503,-0.006050600413245432,0.16622891386377783,0.3434781716987041,0.17203767969842565,-0.06225059419203176,-0.4316509751998086,-0.11577105763642954,0.16971770827732802,0.04337979123539863,-0.19949635709099603,-0.1721335615157319,0.22508749733508024
0.1628565900983408,-0.09840254975950612,0.014039485072392676,0.0179277863082503,0.18788255032105225,0.26812372447722,-0.04434865993660212,0.23659359080196657,-0.03392003276241456,0.14724036843346303,0.10496072069251691,0.07260858206926502,0.04447723611847607,0.0898301951878118,0.08655998416971712,0.052396447893855086,0.1171302293574681,0.11312525881470849,1.5044570961818533,0.0674339743381368,0.1886769950053109,0.03801737404807756,-0.17680188412533354,0.04175706115133277,0.11510762379231043,-0.07623197157432786,0.03874525185546065,0.06812231892302227,0.08735429714663458,0.040258560098212166,0.21168631086714051,0.029325759340611362,0.16552343639529107,0.20296030995537084,0.05986392618281336,0.11600316427888192,0.3303129219802856,0.06042113362813146,0.4531258384215155,0.024272255435777504,0.07191217014938193,0.14009178042322373,0.05191266980908818,0.062406499829414576,0.06873402190365802,0.15936946016082384,-0.015611640708290344,0.015281873777409088,-0.5907936267050936,0.5969615662209998,-0.0064076226442913884,-0.24251004924615255,-0.1060231381424585,-0.11574934773447543,-0.06838076802647235,-0.018430760119588115,-0.06522769388845523,0.1108623469789446,0.0782907272081275
0.0324103385534481,0.2776728789911878,0.057454650439105075,0.1779923405651726,0.26500221582022887,0.34474887309533714,0.12970110353745595,0.2989789143086275,0.12673349320525285,0.12452946453657339,0.23929891594431318,0.15164885402468994,0.09089987067829185,0.2629567683512939,0.2518040186631353,0.21016040302532094,0.22235838107826422,-0.01944223769436133,0.0674339743381368,1.2850335498789036,-0.002208197269781861,0.16119962088396597,0.15478844549376805,0.4058923037328879,0.2222777446695112,0.22066255357924822,0.27659396390615315,0.10293621156255679,0.39905517577177324,0.28867716489267004,0.2495555622400087,0.1556030347969687,0.14680072504560454,0.4402598393424908,0.1246717867033098,0.23152124018395817,0.6168321542624657,0.6188688707647442,0.5805493627905096,0.4083215690565016,0.020611144405707268,-0.033968583081892226,0.33417953790747945,-0.04071410308937551,0.4093901823389877,0.26996876772492207,0.16757637085520882,0.01899807891011001,0.3131908734046905,0.25285545341098137,-0.16056084925865566,-0.05952092072463154,0.4778216463824998,-0.06991911575431099,-0.05432891030007752,-0.08395602929425386,-0.184976176952816,0.06689829014049055,0.29883521143691816
0.2786731412931123,0.18759619454918688,0.2713759449615526,0.13265455516626937,0.17062794539418152,0.1840136431480514,0.24613480051368322,0.15949969229569097,0.1942200816060544,0.12277945234193903,0.1930763524398589,0.21268086366183045,0.04059175425110782,0.2014187557767596,0.20956674047131793,0.18545510264608872,0.2240365239879721,0.19652725040608698,0.1886769950053109,-0.002208197269781861,1.1090060039900955,0.20416615356865092,-0.028291955962542883,-0.04467700853598677,0.10778350680956479,-0.27480790536464567,0.10041628387027861,0.3624915152718164,0.12544294004935708,0.12360836304241288,0.16137004630489948,0.12234249855273788,0.07334941382132847,0.04468448469174177,0.3051373501230359,-0.0551265356061892,0.240974232069768,0.04866618202087579,0.09921270395365546,0.12542938360769237,0.204574617641692,0.968206794071298,0.4123674569506575,0.0038997691520324673,0.8188712062761756,0.0907128159670154,0.34772213376162797,-0.0304153044699264,-0.7095765348735041,-0.22613446742492951,0.14002767454446788,-0.2566798009010544,0.269234638931112,0.018732743115725044,-0.053770127511755826,0.02257193492908249,-0.14695111939729608,0.05059747479486292,0.03941643943159808
0.16706448894409592,0.14378472391142935,0.20540467007356591,0.16067968270008606,0.23087092074926188,0.19180129853266886,0.3065633107575908,0.11826317027095816,0.35584354979810656,0.16771778791666012,0.1824391790063827,0.2330159686424071,0.09761059998530625,0.2562351221359394,0.17915585603311454,0.3878886376057364,0.28140193237504296,0.17819538582903333,0.03801737404807756,0.16119962088396597,0.20416615356865092,0.6132861772236852,0.3016563786551165,0.3118812691434188,0.18154734338276104,0.11477262051103565,0.19901877663877818,0.18531793881957245,0.2890982624894823,0.14472440479570284,0.16095853427923418,0.18537087504689148,0.21329961943355213,0.23020452925921864,0.1877663083174187,0.18517688109218894,0.23870749558418616,0.11655463015688357,0.21953652435155482,0.11384619603070273,0.13992727764726032,0.21718084269709095,0.36888466183431423,0.05899472485265908,0.11435470947377895,0.22700312307787893,0.2611076350726721,-0.06781249956284084,0.5101708214213175,-0.05207233337341655,-0.04978995751028661,-0.22406061017651357,0.3615297960620467,-0.048643618358379,0.1009468653184019,0.033858612361873104,-0.300838801498585,-0.1269818229326572,0.3067123534608256
0.26895360490278086,0.17170695696730437,0.12130656689602205,0.1957319736553482,0.3213371186158932,0.20081294993709498,0.24874993418043845,0.19173313631924727,0.20634241935678363,0.29364782193182365,0.2292749391836713,0.26388381093744556,0.10614730278814676,0.23292253238166438,0.2645733262727184,0.2829336050243503,0.30128831131076084,0.6268654830307441,-0.17680188412533354,0.15478844549376805,-0.028291955962542883,0.3016563786551165,1.5970447089915625,0.7357612886467723,0.48603118415211993,0.22065386286991573,0.07799088125917912,0.1918710830591087,0.5635525405739515,0.2186386819024554,0.007705979788986402,0.09602034864169079,0.3494553359038573,0.46679528055519254,0.10035675764206921,0.21024183657732845,0.387725978850004,0.07055083379495512,0.6500535481101639,0.2899223024253404,0.2252793010972287,0.01480511577511158,0.1475444695473374,0.05968015530491804,-0.26494749331720036,0.3253049759136764,0.5054569426779387,9.308964100295222e-5,0.7180082898089049,0.5752550245839536,-0.10666282698694482,-0.3677446007998199,0.33518623988703145,-0.14363357202263505,0.28541068584588636,0.009593539316748934,-0.41997400109418354,-0.30640733173263274,0.5784439536462215
-0.05382890839432356,0.04346827728468911,0.07438827482336245,0.11844807972132998,0.22506810568755545,0.12073075245271164,0.24124041202817914,0.08239426739435322,0.2597113242567102,0.22225978919422346,0.20678835908186355,0.19701177701915865,0.1067092372728635,0.3389797762790175,0.2665026307208923,0.3350827784668039,0.23808603341150014,0.18799977474093502,0.04175706115133277,0.4058923037328879,-0.04467700853598677,0.3118812691434188,0.7357612886467723,1.6187251721448728,0.2670732847837277,-0.06606505433370566,0.12340443483511947,0.11912878507006325,0.3187129943871584,0.7305970837858984,0.671919551158492,0.1621913873365679,0.43748890855776007,0.5444009989012566,0.09412478675758756,0.6354147219802224,0.4588780500866831,0.22911058012630672,0.3432982020039875,0.10547872401184497,-0.05808009928727163,-0.009313150003437739,0.04681008956965014,0.03816173687330581,-0.10566765916767372,0.3618329672819131,0.47873834628452977,0.02222997247485408,1.080809111558499,0.03301302872475408,-0.13532104024794472,-0.5326772317759523,0.9651112327580549,-0.15285333223104638,0.12068471138308483,0.12843810336490225,-0.27441531557360144,-0.3190747744547542,0.39132353056456665
0.346035924779886,0.15721020909139113,0.14486776786799888,0.18977794245183457,0.29000855514400425,0.23611450512955448,0.22831792261659414,0.23287493251309938,0.09455480257016634,0.2376289427859072,0.21004226416675048,0.2751263507845293,0.08735556436075642,0.2184494334745321,0.23302337003831006,0.26262885493388005,0.2293960686579531,0.2438062835267557,0.11510762379231043,0.2222777446695112,0.10778350680956479,0.18154734338276104,0.48603118415211993,0.2670732847837277,0.844786261436091,0.1019149661027978,0.17138788751980713,0.04596769471853713,0.5130539602232786,0.1982391167022813,-0.005818172732578892,0.11409027963533101,0.09941348740126763,0.35570318789856004,0.1943341282777613,0.2240043203758786,0.32258746210936723,0.14378291638599974,0.4074973986157857,0.1550775099038285,0.2036363492426881,0.09987716852020252,0.14124626699492035,0.06296007439968825,0.023423256517915797,0.2888450719368803,0.27362894050030456,-0.046811282464757194,-0.21634330479416647,0.24542077340137872,-0.084871784562975,-0.11990029755712123,0.262544749930653,-0.05981666273687073,0.10145990562101578,0.07936993353866678,-0.22411651845879285,-0.09722645771379088,0.15790827216731784
0.03085199084221657,0.21269071904823283,0.13564556848469914,0.07064696561968682,0.16243249643154278,0.2661151036983493,0.10483810429140879,0.2720154125948554,0.23771703600052005,0.13082322108816014,0.13443085751762454,0.09632656522988935,0.10329007771459983,0.1418033409883476,0.06074938493280318,-0.02059688451396887,0.0780161365265418,0.37274298258237576,-0.07623197157432786,0.22066255357924822,-0.27480790536464567,0.11477262051103565,0.22065386286991573,-0.06606505433370566,0.1019149661027978,1.9630503242155637,0.08483131205441709,0.46866856031591125,-0.18708735456339912,-0.6573017255208756,0.11827638303679572,0.2575569107998902,0.06490243109104955,0.07779046831704886,0.12713365497329607,-0.23533917548311015,-0.10575854953176904,0.06447961167611634,0.4159507121235,0.24759437267372372,0.29451674208255185,-0.18680410560312824,0.23176697650952804,0.023871579579408424,-0.0282080924438121,0.08178069046840304,-0.06428632509903491,0.03428836825807071,1.4695839265922335,0.540360948978652,-0.13999636356994033,0.2304443080527294,-0.7862396364321143,-0.05894544578062038,0.059875700163214814,-0.022779049061240612,-0.10202131806769162,0.12179324850067726,0.023497438497323615
0.1912533353068166,0.1732135804979335,0.12787711946038915,0.1555532721276663,0.20445720164672784,0.20381749448272932,0.18895775396905326,0.15924316783992903,0.12987464238308338,0.1674749373762521,0.18239254571758234,0.23420793422663558,0.09416474972394653,0.14127536233783075,0.17668506154996452,0.25502387962201245,0.19454227378526304,0.08018318129529797,0.03874525185546065,0.27659396390615315,0.10041628387027861,0.19901877663877818,0.07799088125917912,0.12340443483511947,0.17138788751980713,0.08483131205441709,0.5978484806936764,0.14516459427353218,0.1930360956249287,0.1663619052594221,0.11682599103373835,0.14950787690039852,0.0993784527955113,0.20311086755864202,0.23106138890932548,0.240612341028912,0.23287825118221617,0.1603356126460944,0.16924701605762899,0.16982092140485167,0.12062480602064977,0.09470582688777247,0.27030582547518717,-0.019369254406782912,0.19934300920403286,0.17593954159361394,0.16553448715694705,-0.02471465959412886,0.3675471225687148,-0.04968049237659899,-0.10528019951396012,0.08801193607793081,0.13021813124739798,0.04291986073698271,0.09207760111258216,0.010493647044855081,-0.16888124742808655,-0.11983552974450859,0.20145902264842008
-0.11841671073568005,0.24862931872068172,0.29718571211374245,-0.14907472287468093,-0.1597593654800904,0.03296765960238919,-0.028744162322083155,-0.11219672632093859,0.27018742430528836,0.10835958481644775,0.09139915974880311,-0.1430577023146826,0.037541354958441575,0.1881509284887595,0.29197273252642475,0.10664258900562174,0.1705961458431906,0.33204352763707473,0.06812231892302227,0.10293621156255679,0.3624915152718164,0.18531793881957245,0.1918710830591087,0.11912878507006325,0.04596769471853713,0.46866856031591125,0.14516459427353218,2.4904883897512478,-0.2356483947105869,-0.3841749649735383,0.2641355348889149,0.16368005815392828,0.4515749068399617,-0.12998861194964767,0.34350462790943387,-0.5054055475439714,0.4990387583384087,0.020859610749393378,0.2348421683220659,0.1736666512567366,0.4910319463531331,0.47075358357894165,0.5111665461412044,-0.03145565682170045,0.3278497996336756,0.06582003184457523,0.08012493367430644,-0.003250194161539516,0.22101763568975724,-0.019422705691559333,-0.06211852125711448,0.4107629350952229,-0.5108586383692527,-0.001770636053276978,0.14627089945441196,0.05473954617286372,-0.14073953750035717,-0.24185283002601973,0.3841705136297716
0.3030812893064626,0.2622065499131693,0.2394891399189573,0.29258606009610866,0.3660042193446161,0.3544496473063859,0.27267947831275485,0.2871705156378717,0.10715566540007393,0.2528253955058444,0.2482838186574759,0.3048321634448248,0.12356797780937846,0.24407417050002272,0.2546262407202828,0.35790748571259356,0.2959442514233862,0.20209874598333197,0.08735429714663458,0.39905517577177324,0.12544294004935708,0.2890982624894823,0.5635525405739515,0.3187129943871584,0.5130539602232786,-0.18708735456339912,0.1930360956249287,-0.2356483947105869,2.09741770654124,-0.06769496187063925,-0.16940935593421433,0.17704865183705482,-0.11158441876431169,0.694252953856766,0.09820243514718033,0.6815018675413018,0.021389046353457168,0.16630357672249463,0.4910914775905615,0.19867000171985083,0.10744867448979259,0.026654661032131894,-0.15817927387367248,-0.09097515932389981,-0.19301220463066807,0.25062216197043374,0.16862649320657508,-0.04331792445825483,0.4107326077863256,0.38010877219378403,-0.2422708180457554,0.1105033363683409,0.0842615602178833,0.004457622889135926,0.031647963102612524,-0.03900954035441301,-0.2971037272999285,-0.019222916317752765,0.2804706611934448
0.13415956665068238,-0.10481311072892809,-0.26669906674402705,0.09142178497891468,0.15946809978111892,-0.015222132526157799,0.12211046242698427,0.02028481836868352,0.05722020988677381,0.09538799632439231,0.10888281404535456,0.1448304192064885,0.02729060818580652,0.23537122710590638,0.1537086850605101,0.1916740875431152,0.09453524505067985,-0.09574652251800111,0.040258560098212166,0.28867716489267004,0.12360836304241288,0.14472440479570284,0.2186386819024554,0.7305970837858984,0.1982391167022813,-0.6573017255208756,0.1663619052594221,-0.3841749649735383,-0.06769496187063925,3.18329943344983,0.3560267322285698,0.03582336106792474,0.027451044081409186,-0.022696302895005585,0.17029608369280883,0.7393399373012726,0.9925636442196458,0.24808829657605558,0.0022380142873749983,0.13176056457116575,0.34617418035683356,0.03674928837710221,0.5152109046223228,0.113170550475867,0.6007426544937556,0.4107627726032156,1.166994129319142,-0.040185686945491406,0.4731906074232651,-0.1950716434212959,-0.07004243581962963,-1.1699530078369282,1.4603389031211833,-0.036007409590405264,-0.2102853215300986,-0.024198628627879703,-0.1718286288172264,0.568520399914192,-0.25656364681313126
0.07273393324119966,0.13425539556000965,0.1413514399447013,-0.007146089235574998,0.1552471857270057,0.13259731817365206,0.13405246994245293,0.09675402822869245,0.19095232493271297,0.2045992908992745,0.15276869622865447,0.1323337478912737,0.06836963109802772,0.16261466823193696,0.12642563267594886,0.12044695147325281,0.153576794540715,0.3087846697471055,0.21168631086714051,0.2495555622400087,0.16137004630489948,0.16095853427923418,0.007705979788986402,0.671919551158492,-0.005818172732578892,0.11827638303679572,0.11682599103373835,0.2641355348889149,-0.16940935593421433,0.3560267322285698,1.3638797506017866,0.13438626314788132,0.30430044376724186,0.2515328906292566,0.2141303630065194,0.48960584939928814,0.40468510991700174,0.18345145390412534,0.23024051176987054,0.04086267015265045,-0.17976325754282316,0.17258243954160224,0.08537472176812937,0.09986261595202518,0.37368790900178644,0.2924163011060335,0.313612357027851,0.002514724066632182,0.012878488258598105,-0.06763945095874598,0.09717913667027238,-0.2589025897091625,0.24206445555909628,-0.11512928947515222,0.09010799535642283,0.2316884267723988,-0.023118534316447965,-0.23371126040821288,-0.06708970169524343
0.1162169231288732,0.1157212753040718,0.12441723668380593,0.2182829939935251,0.13420990462758017,0.1602476105435507,0.1680605680777842,0.12192322717008197,0.13794212276128265,0.10307163400319315,0.1328342467098463,0.18479141919500106,0.07488985835969435,0.3201382994040276,0.09886896614250064,0.20491306066331869,0.1368679523324458,0.11028551686493888,0.029325759340611362,0.1556030347969687,0.12234249855273788,0.18537087504689148,0.09602034864169079,0.1621913873365679,0.11409027963533101,0.2575569107998902,0.14950787690039852,0.16368005815392828,0.17704865183705482,0.03582336106792474,0.13438626314788132,0.6002753490194619,0.14796452102162092,0.13207278529554126,0.025914615348118245,0.12569625295938838,0.04438755361469223,0.1123278784797785,0.023814690214064006,0.06313515141938748,-0.027845092381610412,0.10066630110158989,0.1971869971548375,0.020401312855412124,0.1625779357473818,0.13699024950527627,0.14219750134268655,-0.018870308801284347,0.28898132080599137,-0.17072813559843128,-0.008942654811751804,0.27757148580663255,-0.24415717807583637,0.023053411128805584,-0.25187465604928627,0.008238534762099693,0.1614900209736055,0.13739166530478902,-0.11706710000275601
0.11714330898194894,0.053087461355770894,0.12227484209336717,0.026716170544337853,0.07177771707310647,0.023774482574715403,0.11931846581687228,0.049274326685303314,0.21355021217157424,0.13085907786729578,0.13691045237663907,0.0921819773629473,0.075277187348724,0.1910853428862719,0.13438637283510935,0.1710008981230356,0.20908978586382446,0.21104772299402663,0.16552343639529107,0.14680072504560454,0.07334941382132847,0.21329961943355213,0.3494553359038573,0.43748890855776007,0.09941348740126763,0.06490243109104955,0.0993784527955113,0.4515749068399617,-0.11158441876431169,0.027451044081409186,0.30430044376724186,0.14796452102162092,2.2664312425585074,0.051073858379972845,0.005531286048348547,-0.2169604058997062,0.7478377759045178,0.09644082869339284,-0.19692620977452996,-0.05705471350337241,-0.5708688537616995,0.10078560418545629,0.16574529653911466,-0.008595986318396897,-0.25232978022753333,0.32613585591307587,0.3132343838958474,0.09667004411551713,0.3378616202759602,0.10515854347059875,-0.20984752368036066,-0.350495867996011,0.424577747804569,-0.221441380939085,0.041837235404860874,0.04087673739805068,-0.25619958208798765,-0.22017022424209562,0.555152075030353
-0.35227719950742636,0.09984962552983817,0.0404608799883685,0.33128768505527234,0.4782899794541196,0.3132503445891736,0.30822515306263365,0.2564213874780659,0.11310442420286328,0.3118627605331294,0.23353170873791876,0.30111383868950686,0.11627143379657094,0.22967214262314806,0.22361039481073205,0.3108443334180944,0.26044424854233084,0.2026564007668563,0.20296030995537084,0.4402598393424908,0.04468448469174177,0.23020452925921864,0.46679528055519254,0.5444009989012566,0.35570318789856004,0.07779046831704886,0.20311086755864202,-0.12998861194964767,0.694252953856766,-0.022696302895005585,0.2515328906292566,0.13207278529554126,0.051073858379972845,1.9390367523002292,0.04894348649161832,0.5216113777169649,0.45756961257381873,0.2243312363571782,0.7268959449276728,-0.0887264810244795,-0.15945868507035152,0.004054895810382546,-0.016750864404181973,0.18423936677370284,-0.2872556773036717,0.12483339418641609,0.18333932387196455,0.019348526633259856,-0.015759086390463153,0.23402549806115963,-0.17001512845958547,-0.29151203289710054,0.5500679549326052,-0.1019920867378172,0.10788093346563285,0.024448731071405605,-0.3605778890974279,-0.06040607467345881,0.26615359455105575
