0.968962929403481,0.25299082474977597,0.4054489714012333,-0.06919405482671206,0.1632002350496628,0.16085839932090218,0.21871272813467332,0.03400537886620498,0.14491090717347443,0.14055524172567807,0.0867319837162711,0.13580168071438783,0.0510885206372005,0.09952645401037125,0.09891402560937579,0.08250611115635162,0.09237559830314802,0.09339966153422173,0.05767320904750704,0.116700281835632,0.09339387210167964,0.06984624432188098,0.08355900225320706,0.041713540368750184,0.07219705885586472,0.11370680801277899,0.07760544216394111,0.048407852461538795,0.09642956929509594,0.07132367956964328,0.08060124902324005,0.07728884701591461,0.0773536772027377,-0.16611491007622387,0.027354851929417216,0.1979953345167886,0.06271496080410076,0.07445387767150549,-0.017602100710448286,0.03556810036750881,0.13208989711136732,0.08090456330674552,-0.05183793794240441,-0.0004025923695477208,0.12280081447903914,0.16171199636956932,-0.018265765397451943,-0.11325558523114403,0.04439314281589785,0.007369890016324674,-0.007527757020123243,0.008740572589288752,0.014969844672120177,0.01963216619684888,-0.02782953574686392,0.06520739547136359,0.014169512800057347,0.1896817218924428,-0.2787103058908711
0.25299082474977597,3.0524698326709796,0.9857902999351936,0.2797685041563673,0.00609710128903981,0.13762238577859057,0.21104187681239872,0.28279970587514447,0.27557670141396146,0.2845734331337569,0.23267418426066833,0.25001352206245403,0.24953675315516094,0.13396724865238904,0.4184383543680415,0.20288540728577978,0.279896711885569,0.3356313518751967,0.16010272978163498,0.42353122581853964,0.3359742026752567,0.11222578876533791,0.056573425118660405,0.17933987854766806,0.24537493020890996,0.23463338416544977,0.2061508376251034,0.28211219781875124,0.7045758071042568,0.19925361225854357,0.23131991690160325,0.13116194832330938,0.2900920675872642,0.29642183230128055,0.16618616619039417,0.45406627094011665,0.5916531764806671,0.23157554588238785,0.2203578203553621,0.050088614770338435,0.2779756753378528,0.3149160291375634,0.03642681830373417,0.0038410834935082177,0.33853112306325106,0.4454373551730676,0.23188567337654992,-0.24243698874654676,-0.03925615056137038,0.06050813075960147,0.09939237302950067,0.12307555698428502,-0.22317842210069797,-0.1251167824821189,-0.16824485599320124,-0.24738682085461364,-0.4568043813309565,0.3546189707766231,0.29085104917211374
0.4054489714012333,0.9857902999351936,1.9929857612967075,0.0006942076268747197,-0.4151059714782224,0.2156972462848739,0.11445498039519009,0.19581557443491796,0.3817071877101381,0.18929876055158806,0.12349180980146046,0.09357896490700403,0.1697890014081524,0.059899940267176904,0.30058050203287556,0.08142068001130084,0.2327860900033269,0.2127538583662985,0.2135406513688236,0.24011744940238616,0.23269590980644453,0.24627977112026977,0.15200927782814216,0.11770234667682884,0.16884106779618038,0.11276597309476395,0.08719720916788713,0.257067909812023,0.5431604177799219,-0.04985210819786291,0.19087198043549844,0.07637027623095648,0.25679444223060455,0.18944818216921117,0.2089442045531556,0.6378937251509876,0.2908639105528541,0.14048165654934947,0.1453866040632393,-0.13126451927429528,0.240745389051489,0.2204159156816797,-0.3489448799268238,0.012840271278957127,0.0676548467279191,0.5399628331595088,0.06922012618676002,-0.42419201648673033,-0.20340053821262993,0.2116110303324029,-0.12957844901878857,0.1261462480662873,-0.11661506437574008,-0.07228991190452512,0.02713832163763768,-0.07303784985119323,-0.22062735559613358,-0.039607042826872406,0.18861426274750148
-0.06919405482671206,0.2797685041563673,0.0006942076268747197,2.2785189074298007,0.40807046882134773,0.3403632275442311,0.3788014650371045,0.5616875456912206,0.22230972960479797,0.4824059456188974,0.39094629723452823,0.5015662040336472,0.2148963644278829,0.36455363845090744,0.21726203135302946,0.3273233232227229,0.3590777035436564,0.24914831201232115,0.22886877607834816,0.32358993553479404,0.2094912540076904,0.2598952458556172,0.32340600832781935,0.25889738262572737,0.3174018223664194,0.27004206290875543,0.2689556071230973,-0.13938282192888635,0.4817962105810625,0.12255427368409394,0.17917480528089133,0.3003846910741962,0.127643463855973,0.49269308101525827,-0.3455370686278921,0.22864855627729677,0.31586407906950353,0.17815193264468662,0.24121005698532036,0.05774092820930328,0.19304377516564317,0.21143600003528368,0.333121315560015,0.04630830818979038,-0.021347543272945416,0.2887411242762745,0.4656474021739884,-0.1046919396990768,0.6010976102228626,-0.00525851549978943,-0.07725415449410661,0.001853397484121032,0.13114027691278496,-0.16609079513518504,-0.3880173115175401,0.11390959789123678,-0.08309646857974211,0.7047100838129623,-0.5147760893619792
0.1632002350496628,0.00609710128903981,-0.4151059714782224,0.40807046882134773,1.3461642613321692,0.5121217379688753,0.34058493704565423,0.18838942506664214,0.05458113647699269,0.23441638153811623,0.2810324610631419,0.3547197012309552,0.18461153292350663,0.23357764516484011,0.16143730571518966,0.32078936776183126,0.2731482495981187,0.19543010384402834,0.15283153568740376,0.27198481530246804,0.18132310355448927,0.2337586376021308,0.28227010375681355,0.18308229514622815,0.2303224217003412,0.24636659159515042,0.22689804670841307,-0.13247828495393477,0.3553989615600585,0.16743424477540078,0.13452337922599836,0.21046029227686916,0.05065152306152514,0.4019834545588639,-0.25314881165837133,0.13392000205761562,0.26194121488014754,0.15137213323802565,0.17808639002228965,0.11647307477693722,0.06756594276142162,0.18530949266633231,0.490777856731283,0.015354774742101078,0.08519097363265812,0.14115613019815126,0.27514652703921255,-0.08533522984151021,0.17914750641228916,-0.058972809463790465,0.04183686991703996,-0.2290694860000497,0.12842110604409931,0.054099008925699375,-0.053209847322159505,-0.010496226098247567,-0.24651081644831913,0.1961409630245372,0.08167365556975033
0.16085839932090218,0.13762238577859057,0.2156972462848739,0.3403632275442311,0.5121217379688753,0.9174163607301129,0.2117681996150269,0.21681242716552285,0.20405312390845265,0.23113955249091245,0.24846048000326387,0.2459559570535217,0.1787966935984133,0.18240274163432896,0.22196803530848072,0.23589276551698993,0.2704994235260176,0.1686288335871919,0.17837856147661188,0.37099274633927953,0.21237872309719052,0.32131638292097303,0.22783831622983164,0.14071506869584774,0.26558030316490844,0.3010885963854708,0.20938732566758822,-0.03903309298266162,0.5689338288036495,0.09394408995765047,0.1343707484474153,0.19980006864962557,-0.012532790107977695,0.4621730054870224,-0.09864326312823996,0.15129804140764402,0.27158214939557396,0.20557595656229724,0.20267032411733035,0.03826425705736644,-0.0026571999630834175,0.2005868524623251,0.4155014223733294,0.018725032981152977,0.18328361086100625,0.1451554383366814,0.3333491328653157,-0.17852933607996785,0.07478050677216365,0.017288449061857003,-0.39074996615184093,-0.0019280914240200509,-0.006184157708366739,0.1678220562972072,-0.04862847264292495,0.06564432285293838,-0.23792909901085293,0.244614370144677,-0.06363165645757364
0.21871272813467332,0.21104187681239872,0.11445498039519009,0.3788014650371045,0.34058493704565423,0.2117681996150269,0.6184285102712336,0.067638730525816,0.2115223101741466,0.2540111062056976,0.21862610664310758,0.3527112034971517,0.12197976876038046,0.20302760930163646,0.12754054291180908,0.23709322580482803,0.24116232867536608,0.1662523535996911,0.13057426747501136,0.1982421039868556,0.177898938057427,0.22754312916953087,0.23062442438524694,0.1715384345606251,0.20719399566141902,0.18064965111899253,0.18124392426957203,-0.015412965667089799,0.27017157738906367,0.14044663205058736,0.1486664311978784,0.17665045051830783,0.10695786627017442,0.21855319774646775,-0.05589377704078706,0.31340614240149484,0.14078906002105737,0.11214855161589714,0.13594803484906393,0.05810599587228036,0.1097636739843685,0.16937306635621144,0.19988379990604688,0.010107078839643215,0.09999823038642877,0.25245950443435305,0.0574472221434195,-0.19103523328182348,0.2803407636036957,-0.09665563058905931,-0.03528028907655939,-0.0844727770374742,0.14819905374985504,-0.03642313351894062,0.0027020719251064315,0.16428552557936427,-0.06794462201740348,0.30085993751648105,-0.512715636718206
0.03400537886620498,0.28279970587514447,0.19581557443491796,0.5616875456912206,0.18838942506664214,0.21681242716552285,0.067638730525816,0.9210902230701232,0.029246203114817026,0.33870134042505456,0.3373282165922465,0.29594014539709124,0.22680258717724497,0.20596310536857057,0.2159646766839278,0.2080864604558645,0.31553201070284104,0.23658022838392698,0.2386765632568684,0.3269554069931592,0.16426959248421943,0.1765287246752681,0.16819376417914547,0.15139908858282553,0.28933005721081034,0.21224680638795834,0.20398407109215508,0.07722525858729282,0.4271421973602031,0.08567810030188903,0.16054995287005425,0.19755572867259152,0.042011460220140406,0.4397434930695323,0.14144865584687988,0.21770616905570914,0.24291019366648356,0.1788956365739619,0.32326470994243994,0.12175483973049847,0.12012800019575831,0.17193536663124423,0.18869719952504094,0.02862658555869691,0.04312482329850149,0.2466933314040225,0.47681429213318094,-0.16206070115232274,0.2583129217566929,0.035701466824288125,-0.10718520605912131,0.14884947415310243,-0.03783057751850699,-0.10440843885317781,-0.2306000491930653,-0.035121218102005525,-0.04225382248766038,0.589813886188937,-0.34514137636344067
0.14491090717347443,0.27557670141396146,0.3817071877101381,0.22230972960479797,0.05458113647699269,0.20405312390845265,0.2115223101741466,0.029246203114817026,0.6517624066876095,0.15227147688310633,0.10310025088898252,0.10856966778473477,0.12495440884533937,0.14799649855371436,0.16390361863866207,0.13500992264703368,0.1769162945590262,0.11984776029335723,0.12300731199628771,0.09645386277409958,0.1609187254171864,0.2045606266902561,0.17710495449279615,0.12533953677196924,0.1186146477012713,0.18610444714452268,0.09820382837789961,0.02299990054814878,0.2113156900077676,0.06357613137122815,0.1373209108189916,0.10448943225392787,0.15200044230156762,0.2006627168734961,-0.0029594164961032083,0.2763073985088446,0.1829250977993889,0.05964694239887628,0.11041154539675974,0.013306602964952677,0.14797446274137563,0.1445259862008606,0.06595998501432601,0.012378751114022818,0.006972710465182269,0.2117917060542402,0.10636073763702499,-0.15115445653546186,0.3676871196916876,-0.07284755966030487,0.033411815265494735,-0.09686198108262287,0.20512180457248433,-0.07148934416719639,0.03748340052809641,0.20438778450494874,-0.14783332030331922,0.05437635336723176,-0.14075915219161492
0.14055524172567807,0.2845734331337569,0.18929876055158806,0.4824059456188974,0.23441638153811623,0.23113955249091245,0.2540111062056976,0.33870134042505456,0.15227147688310633,1.1399139517107064,0.18270800913972715,0.28647438512572754,0.11485882515003525,0.22367588696394783,0.1620920007310859,0.15580163271376896,0.25875483237870284,0.26168888767670284,0.1032618310988863,0.3615832637834569,0.1822900766074339,0.17467542387608295,0.20918312492880445,0.17418379104451487,0.21657324945243572,0.28780642905335296,0.1935281693932981,-0.03720770220854859,0.3398008240676936,0.12668518120717226,0.23077704383856718,0.1849421050256586,0.06672520043931468,0.3533595223570274,0.002169743570712915,0.3128152884936094,0.35129738322501414,0.1945441543820907,0.2146470921755642,0.12596522631542947,0.1937334368871338,0.19718475098814708,0.22522097405507183,0.015446515426551954,0.1915675703830148,0.2700651990633776,0.39612624944740443,-0.22767380453373184,0.43674990648998546,-0.024210078535103784,-0.015406309721041112,-0.22560219723039382,0.2798570058827776,-0.03466377745823614,-0.27951787867622807,0.18754689266833313,0.08900530140074434,0.4759326460048318,-0.5712098863645948
0.0867319837162711,0.23267418426066833,0.12349180980146046,0.39094629723452823,0.2810324610631419,0.24846048000326387,0.21862610664310758,0.3373282165922465,0.10310025088898252,0.18270800913972715,0.5078579870965974,0.3533027208090848,0.2145881219634966,0.21026662752349556,0.2641317899804854,0.21980075165366567,0.30658238218277595,0.1899529912252975,0.23806939349741296,0.27732942614470557,0.1861639925429627,0.20583191293422715,0.20944989196234315,0.15450303997622336,0.24209907453679197,0.14478620940235806,0.2075296136779492,-0.003929899463218446,0.4011869123998687,0.13233796469998588,0.1566664289973967,0.18672101389367693,0.03067105400882579,0.38925760302145285,0.07098621362038457,0.32090438635954877,0.15711950663658955,0.14429183628087505,0.2703409279902598,0.1041521631529793,0.11342978874058576,0.17744424701697456,0.15281619187730866,0.022259240623777942,-0.04213073139462516,0.2818295387174792,0.2896342854873242,-0.24028777507816376,0.1744981910223734,-0.043724384498754626,-0.020610210910503905,-0.13133557803168397,0.19338573132412776,-0.034641149484714084,-0.09407475889080137,0.03559806956189818,-0.1562890821661722,0.26257893839586827,-0.11138967994957774
0.13580168071438783,0.25001352206245403,0.09357896490700403,0.5015662040336472,0.3547197012309552,0.2459559570535217,0.3527112034971517,0.29594014539709124,0.10856966778473477,0.28647438512572754,0.3533027208090848,0.7405527891564615,0.16896232505628156,0.21458464203245953,0.21400741103992968,0.22599480813080247,0.3075092634492624,0.13915465048387324,0.17723342190263489,0.27029188784413255,0.1591900810720052,0.1491844137574143,0.18675973025898956,0.16957736873887358,0.26953002533974807,0.19338440646536714,0.2568446081215459,-0.022471041367097586,0.2857761171888679,0.10361905770627713,0.13599680787288107,0.21892761999960952,-0.008122375173635161,0.3478821279467186,0.05320161919066555,0.26134950928845485,0.045441616147260624,0.13717900876670164,0.16326530508145543,0.10961009076087723,0.027367342627614064,0.1657173760366303,0.2399550168139434,0.019688916766134577,0.06442687091100661,0.2380175407505723,0.25961173563505535,-0.21360945181445373,0.09335495293185077,-0.22709141744421787,0.05228985584501509,-0.07054268913856858,0.19720326348709757,-0.003037827787647744,-0.15030909600810635,0.09945162958274947,-0.08668826716365594,0.406899273293514,-0.4199410034101779
0.0510885206372005,0.24953675315516094,0.1697890014081524,0.2148963644278829,0.18461153292350663,0.1787966935984133,0.12197976876038046,0.22680258717724497,0.12495440884533937,0.11485882515003525,0.2145881219634966,0.16896232505628156,0.38157482520860747,0.12656751171094094,0.13414717697858808,0.17336366870055964,0.21952298560469832,0.14746343125398262,0.22603146535244872,0.15555613546180347,0.15562000696471753,0.2891403402619552,0.15584514277009873,0.11285064385144428,0.16273920356279645,0.11977053193734531,0.15788946644329996,0.036735032449339074,0.40854097678907625,0.093207319266663,0.10256433211561215,0.13340265877477706,0.03358496654659585,0.3085259154614625,0.10157150913368856,0.281137778711632,0.10058860569384691,0.07873873760172388,0.2749613388735135,0.07170229803189608,0.08170203914960844,0.1338843913386867,0.07159648707162891,0.01710373065655268,-0.10182417777365468,0.21592166358125708,0.18526820631581262,-0.21128353251352625,0.0777507831866512,0.06455467128819876,-0.05257555862162003,-0.16332535349819696,0.07106166470182115,-0.0014877729400936534,0.10399403538411876,-0.07298472861006097,-0.2628507050772418,-0.11469597650044518,0.34900705625355005
0.09952645401037125,0.13396724865238904,0.059899940267176904,0.36455363845090744,0.23357764516484011,0.18240274163432896,0.20302760930163646,0.20596310536857057,0.14799649855371436,0.22367588696394783,0.21026662752349556,0.21458464203245953,0.12656751171094094,0.4759358650625666,0.12989386091858135,0.22821991443358391,0.19339544416573087,0.1211177180071335,0.14516852245059533,0.24325285053459433,0.14233497604997952,0.2002391583869352,0.19536047563227657,0.18791428186987766,0.173094064492211,0.24166800074389327,0.19058981051735313,-0.05772256117674337,0.2421009141298304,0.1302713447134471,0.12514970683891574,0.3287196384180862,0.027776291321528323,0.24953367490582085,-0.017247142425736977,0.24312881049039617,0.16151807265755702,0.12542534804490713,0.16463286384699444,0.10663226200913828,0.20659384817039678,0.17050809374021106,0.1594297845323157,0.024126386910256484,-0.028732926947063482,0.1972191244234547,0.2925273113799031,-0.14282937310342028,0.4168431299624096,0.030929366963241563,-0.0028188584919189973,-0.2244869103688036,0.21253701728584604,-0.029882332791222908,-0.3679828033698974,0.030529061500189057,-0.040352758761603894,0.4071719267984438,-0.08490350229971357
0.09891402560937579,0.4184383543680415,0.30058050203287556,0.21726203135302946,0.16143730571518966,0.22196803530848072,0.12754054291180908,0.2159646766839278,0.16390361863866207,0.1620920007310859,0.2641317899804854,0.21400741103992968,0.13414717697858808,0.12989386091858135,0.6576478085698717,0.10949325797227324,0.14127256806547286,0.30855876182891995,0.18384092511644282,0.18916356841030174,0.18120473696441972,0.14511857376123352,0.25452605152720953,0.10842223854298863,0.23142839440983043,0.16847294319895387,0.14305552741010122,0.11679885904417536,0.45778147837069216,0.10069500113449269,0.1567331476518103,0.13041918883855383,0.12328691069888127,0.27331967216616415,-0.01922401869625874,0.35349336074364557,0.22909235401565956,0.09900789247710784,0.22925079191137,0.013935956151323073,0.11452589431209313,0.1698641674693317,0.10409401690041352,0.02518937703327328,-0.022788794146271288,0.2847669706437558,0.20935552774699556,-0.22720831112203627,0.10552313673143729,0.27677294904148314,-0.15483299004407758,0.29185359552025286,-0.33906130104037036,-0.12097639116489693,-0.036410417864076845,0.10517239476845679,-0.24188952425871807,0.15945274913183832,-0.0204554909615367
0.08250611115635162,0.20288540728577978,0.08142068001130084,0.3273233232227229,0.32078936776183126,0.23589276551698993,0.23709322580482803,0.2080864604558645,0.13500992264703368,0.15580163271376896,0.21980075165366567,0.22599480813080247,0.17336366870055964,0.22821991443358391,0.10949325797227324,0.670325843552656,0.34073005548686,0.15409544819160978,0.2918781891928148,0.25976937423576474,0.18124982296363376,0.2729774812273801,0.12886914217276516,0.11726528472783969,0.2542464166397165,0.2613485725161545,0.26504131461886604,0.07927037951656413,0.41046606713465206,0.20962695880679583,0.12952767837239496,0.19906123727886535,-0.04451445811215195,0.35403343616144445,0.26064349963985833,0.2466351342113942,0.15618383040279576,0.16009080663296757,0.28539222890168064,0.1701049795170915,0.1249127490645734,0.22351105714416633,0.3208012756899745,0.029296367111478237,0.1191798530429979,0.1589466111102656,0.28365034733712186,-0.1590554376526774,0.06380654563929615,-0.08735733192080987,-0.06789146693749668,-0.1130365246068377,0.07857403410545934,0.018953918058023173,-0.14144324317108242,0.012479708687440562,-0.24206746296050224,0.23798214999968967,0.1280697441747564
0.09237559830314802,0.279896711885569,0.2327860900033269,0.3590777035436564,0.2731482495981187,0.2704994235260176,0.24116232867536608,0.31553201070284104,0.1769162945590262,0.25875483237870284,0.30658238218277595,0.3075092634492624,0.21952298560469832,0.19339544416573087,0.14127256806547286,0.34073005548686,0.8745937889186234,0.06660358087208768,0.3115643323392223,0.41089540563603316,0.22892921242631337,0.3263210449296954,0.18329307049904453,0.17626330493683678,0.2774102505093755,0.004555265502919098,0.2370910654605147,0.01787602590234526,0.49791405506792785,0.1842231594131664,0.1879953627737653,0.16106650485289656,0.09995845019023195,0.4351627450192756,0.09168592465582846,0.36147391061172846,0.43346250339210585,0.24043886544854107,0.3125942352520289,0.09719545603203458,0.22394856401343827,0.21337477576519487,0.1390972058108288,0.023394223992008713,0.017900924980069045,0.330312960368297,0.41151583688910576,-0.2762281919578207,0.13226891421195341,0.13735532020893934,-0.034168690038330944,-0.3386606943050302,0.19530670465658986,-0.03200600774528689,-0.07300431107640945,-0.09625078376587641,-0.2437435733187884,0.22978742987164263,0.1575715370199101
0.09339966153422173,0.3356313518751967,0.2127538583662985,0.24914831201232115,0.19543010384402834,0.1686288335871919,0.1662523535996911,0.23658022838392698,0.11984776029335723,0.26168888767670284,0.1899529912252975,0.13915465048387324,0.14746343125398262,0.1211177180071335,0.30855876182891995,0.15409544819160978,0.06660358087208768,1.0699504073404968,0.3091834747606249,-0.014515312919244891,0.22682234685548078,0.41527487812781944,0.5629778081375619,0.04702436699519962,0.23117372647780515,0.29179564716315937,0.09749977609435813,0.016505710634288136,0.5922447778205987,-0.08167005783433062,0.23282139518509634,0.1405204245141572,0.0628746892152866,0.34981807424192124,-0.11620280808851877,0.5344588201537235,0.11938867293169476,0.02663659065411385,0.30081047854995524,0.13720743161009202,0.18763316870448998,0.16411922243232135,-0.015628322805015585,0.014771526814866666,0.04178797921951705,0.38004715467002664,0.1966053006094788,-0.3102225881151121,0.07826703093670304,0.284337238276625,0.3722861712560333,-0.1050376483583524,-0.5309997185684487,-0.22401264269305907,-0.027628931221686515,0.11126567800485447,-0.09995304736252189,0.19020187942615538,-0.24209216299515848
0.05767320904750704,0.16010272978163498,0.2135406513688236,0.22886877607834816,0.15283153568740376,0.17837856147661188,0.13057426747501136,0.2386765632568684,0.12300731199628771,0.1032618310988863,0.23806939349741296,0.17723342190263489,0.22603146535244872,0.14516852245059533,0.18384092511644282,0.2918781891928148,0.3115643323392223,0.3091834747606249,1.571136635333737,-0.2396957227292658,0.15052029962408253,0.6255262643061265,0.1941778441001667,0.1737065337056218,0.18476893939137146,-0.1521929475929264,0.05564334011413588,0.09846141847538402,0.38002217213508666,0.3337133396364045,0.11622276568210406,0.11693656686765881,0.25725362928645573,0.10990678821165198,0.033837141624983365,0.5150676004597711,0.04292092549334371,-0.06611630513028004,0.19213450808738763,-0.08942464683730342,0.11050945277018398,0.09258807393215332,0.029738466715891,0.0361651596396807,-0.2710743750865027,0.42167520078601795,-0.06111054504752867,-0.3950526103129454,-0.39300029527214203,0.4315566080467857,0.0018088837553651065,-0.34613086728303205,-0.06529311132344652,-0.08392795601758019,-0.011843146233868675,0.005157366428966043,-0.24592638793958935,0.036130213244964876,0.2134545346910576
0.116700281835632,0.42353122581853964,0.24011744940238616,0.32358993553479404,0.27198481530246804,0.37099274633927953,0.1982421039868556,0.3269554069931592,0.09645386277409958,0.3615832637834569,0.27732942614470557,0.27029188784413255,0.15555613546180347,0.24325285053459433,0.18916356841030174,0.25976937423576474,0.41089540563603316,-0.014515312919244891,-0.2396957227292658,1.4788902004290918,0.26862929650570794,-0.1382382392645693,0.07785273307037331,0.14302189492779788,0.3076469913052314,0.6418459508517249,0.43542481390174353,-0.0008096979342939789,0.5786636742615157,0.3406786333554064,0.28989442977864827,0.23642944719695944,-0.124870126802457,0.5956248697993612,0.2180941344303395,0.21111622244132078,0.6178968619625023,0.7325905312113019,0.4800425471496624,0.3844557271070828,0.31110775835058074,0.4008620262662434,0.7204632475448723,-0.0005630317964591637,0.7156492448132289,0.19851139990944028,0.48323436275749093,-0.12199219711958678,0.597556732670739,-0.1506189805818861,-0.32346014470328355,-0.009512340984162699,0.26929967910569097,0.021538848799129942,-0.17630634304726994,-0.03969456953148706,-0.12262771761168963,0.3184772085567783,-0.05999061187479423
0.09339387210167964,0.3359742026752567,0.23269590980644453,0.2094912540076904,0.18132310355448927,0.21237872309719052,0.177898938057427,0.16426959248421943,0.1609187254171864,0.1822900766074339,0.1861639925429627,0.1591900810720052,0.15562000696471753,0.14233497604997952,0.18120473696441972,0.18124982296363376,0.22892921242631337,0.22682234685548078,0.15052029962408253,0.26862929650570794,0.5176263420208129,0.10873887424165378,0.1142717389217495,0.21069218008146165,0.1967437128687407,0.023045684799950204,0.15379308495976443,0.1914203202688612,0.3891745111953774,0.3040512058920672,0.2789911947746913,0.12777909422395983,0.33768962977771566,0.19678399943529984,0.11642593435632226,0.4914047045393782,0.4114849059457017,0.16000607427816146,0.28876363279639927,0.11883804052411845,0.2796216212143995,0.35415659418760764,0.06540061199534546,0.008053039424956268,0.3052800216230974,0.3502533008602137,0.28116167003759307,-0.26586809035490083,-0.01726037536686518,0.09798221813290751,-0.07070217761846875,-0.09089147401987713,0.07585802385867219,-0.07164541622960117,0.040978562121400226,-0.010827546789974891,-0.19125952285105233,0.10576566925896283,-0.004666416862042118
0.06984624432188098,0.11222578876533791,0.24627977112026977,0.2598952458556172,0.2337586376021308,0.32131638292097303,0.22754312916953087,0.1765287246752681,0.2045606266902561,0.17467542387608295,0.20583191293422715,0.1491844137574143,0.2891403402619552,0.2002391583869352,0.14511857376123352,0.2729774812273801,0.3263210449296954,0.41527487812781944,0.6255262643061265,-0.1382382392645693,0.10873887424165378,1.934161129345483,0.44084959813127006,-0.0002457856335697782,0.16279415965947913,0.2241654427706146,0.14032149924856777,-0.17166959003890195,0.643391728222379,-0.27275305603226424,0.05752836551087915,0.2556384088158224,-0.15432048345332697,0.5362823678203703,-0.08420527011118609,0.25222690467698883,-0.12034823569914983,-0.03632824521778549,0.4824766415883106,0.022291371250477074,-0.1835049114275387,0.06049948103857091,0.030772122094319326,0.04618324680176289,-0.22963313226868307,0.1649417906784826,0.19193464286081205,-0.27822138954246467,0.10143070873651513,0.27152181526147806,0.06381262787080973,-0.6419097178732842,-0.09627787213947198,0.02954214274293652,0.04868662396888166,0.08644660590213057,-0.29570247989739956,0.009050910257302744,0.1471184053904147
0.08355900225320706,0.056573425118660405,0.15200927782814216,0.32340600832781935,0.28227010375681355,0.22783831622983164,0.23062442438524694,0.16819376417914547,0.17710495449279615,0.20918312492880445,0.20944989196234315,0.18675973025898956,0.15584514277009873,0.19536047563227657,0.25452605152720953,0.12886914217276516,0.18329307049904453,0.5629778081375619,0.1941778441001667,0.07785273307037331,0.1142717389217495,0.44084959813127006,1.3166631406707359,0.12645286084230928,0.32984526842084194,0.20605417973544427,0.08129923978870798,-0.4111040815677289,0.7585455856197029,0.024808560720925656,0.057862144633549537,0.1645447486688165,-0.10184002068083474,0.432200841107425,-0.47649441683198496,0.8440559920907974,-0.11467780851256286,0.040726653410634805,0.27035760368834993,0.08785263212344506,0.3049703071652875,0.09924567637314582,-0.1009014689436154,0.06163014806180483,-0.5180555694084225,0.5224095656523818,0.18956624473555386,-0.516760938565339,0.5234299763071723,0.15942628887760693,0.10067315793558308,-0.24860730302154138,0.013581654315974839,-0.14160369207680018,-0.1252554549263884,0.11531266293302272,-0.13021083907724848,0.2513399354446592,-0.166242115382172
0.041713540368750184,0.17933987854766806,0.11770234667682884,0.25889738262572737,0.18308229514622815,0.14071506869584774,0.1715384345606251,0.15139908858282553,0.12533953677196924,0.17418379104451487,0.15450303997622336,0.16957736873887358,0.11285064385144428,0.18791428186987766,0.10842223854298863,0.11726528472783969,0.17626330493683678,0.04702436699519962,0.1737065337056218,0.14302189492779788,0.21069218008146165,-0.0002457856335697782,0.12645286084230928,0.7446951621348802,0.15479666781118484,-0.2568877165584756,0.13433056272038532,0.33669677184804236,0.09061247050898583,0.6596117202282961,0.2920236971010623,0.19475878912580252,0.8642243417742688,-0.2555900192013918,-0.056663475751518984,0.5683937382234008,0.4174592313682208,0.08305220491788888,0.005032884644734721,-0.0032170375293154767,0.34392911849311875,0.20384926383815205,0.08584877572241938,0.04810129152020452,-0.21963092185555888,0.5010447217542243,0.1432721514459376,-0.35305621854743063,0.3654667614485113,-0.012455045394791251,-0.09247623264644532,0.07904558423193829,0.20216013550686168,-0.09517730758157397,-0.15599703991163494,-0.07972613947729358,-0.026657192995014716,0.24523091071822642,-0.10253030129781528
0.07219705885586472,0.24537493020890996,0.16884106779618038,0.3174018223664194,0.2303224217003412,0.26558030316490844,0.20719399566141902,0.28933005721081034,0.1186146477012713,0.21657324945243572,0.24209907453679197,0.26953002533974807,0.16273920356279645,0.173094064492211,0.23142839440983043,0.2542464166397165,0.2774102505093755,0.23117372647780515,0.18476893939137146,0.3076469913052314,0.1967437128687407,0.16279415965947913,0.32984526842084194,0.15479666781118484,0.8854161594831234,0.16841781040525558,0.20714337770027716,-0.02986778992305165,0.6713306738515864,0.3392682453455885,0.12137586900217577,0.1510068533779182,0.01871529645735002,0.5220055695070691,0.08771744587277125,0.33115320562156786,0.275167053679175,0.1801842147867972,0.3525599711685799,0.07326737630648386,0.028002681414764884,0.20020169828920628,0.4556986905439361,0.052447337161376714,0.08542659270069197,0.3660047445720895,0.3823402161773779,-0.32469917838051227,0.024332635452347286,-0.2926336203271896,-0.21705852960257171,0.06425922365137597,0.23478868816161702,-0.026922705229302967,-0.03562962605991811,0.07371403070550057,-0.10889208595856895,0.19807459928938598,-0.15234063170905637
0.11370680801277899,0.23463338416544977,0.11276597309476395,0.27004206290875543,0.24636659159515042,0.3010885963854708,0.18064965111899253,0.21224680638795834,0.18610444714452268,0.28780642905335296,0.14478620940235806,0.19338440646536714,0.11977053193734531,0.24166800074389327,0.16847294319895387,0.2613485725161545,0.004555265502919098,0.29179564716315937,-0.1521929475929264,0.6418459508517249,0.023045684799950204,0.2241654427706146,0.20605417973544427,-0.2568877165584756,0.16841781040525558,2.1615054849049162,0.2503609408373177,-0.26159821719231796,0.10930826786063112,-0.5928397362553233,-0.05636577680608607,0.34074244851346963,-0.8646885338664183,0.8106971285262781,0.25744302955296716,-0.3525668813677881,-0.4245689746151275,0.323982167858498,0.44040534724924574,0.38417746397832786,-0.24965993619173926,0.22332153407727495,1.1781220445609806,0.007040442259589215,1.0986667678368163,-0.41972633153685684,0.1742894985501229,0.2534589560213645,0.19271100767361973,-0.0879850641017665,0.027441737050010476,-0.09150752268635097,-0.32558142782292665,0.11690759918944231,-0.2218418758516192,0.21591739668504692,0.0031393108467048948,0.3427732081722665,-0.3781343464590547
0.07760544216394111,0.2061508376251034,0.08719720916788713,0.2689556071230973,0.22689804670841307,0.20938732566758822,0.18124392426957203,0.20398407109215508,0.09820382837789961,0.1935281693932981,0.2075296136779492,0.2568446081215459,0.15788946644329996,0.19058981051735313,0.14305552741010122,0.26504131461886604,0.2370910654605147,0.09749977609435813,0.05564334011413588,0.43542481390174353,0.15379308495976443,0.14032149924856777,0.08129923978870798,0.13433056272038532,0.20714337770027716,0.2503609408373177,0.5545706205061774,0.056735732472398125,0.2887958817936055,0.17031585074191033,0.17310429296966615,0.2085105299096806,0.016619431612514453,0.321699560542536,0.13743708585899486,0.2062899558472326,0.22489569854392127,0.227457802923553,0.23593615681460314,0.15877253417983056,0.083162440478641,0.19070797075156443,0.4793623056249857,0.005785685528085437,0.19424890851617638,0.15199577157202063,0.24534818049148124,-0.15103647875746942,0.2629344644179387,-0.11417992309652773,-0.1126902140081336,-0.010684676878377932,0.10112440054971705,0.02845432929139867,-0.11299002121287292,0.022715414039019236,-0.09885546477768209,0.19905456291317528,-0.044353464587872385
0.048407852461538795,0.28211219781875124,0.257067909812023,-0.13938282192888635,-0.13247828495393477,-0.03903309298266162,-0.015412965667089799,0.07722525858729282,0.02299990054814878,-0.03720770220854859,-0.003929899463218446,-0.022471041367097586,0.036735032449339074,-0.05772256117674337,0.11679885904417536,0.07927037951656413,0.01787602590234526,0.016505710634288136,0.09846141847538402,-0.0008096979342939789,0.1914203202688612,-0.17166959003890195,-0.4111040815677289,0.33669677184804236,-0.02986778992305165,-0.26159821719231796,0.056735732472398125,1.4792855514310608,-0.2811533662616108,0.3235385860456431,0.29734618858387507,0.031060242872920026,1.0463465195331894,-0.44531189197781584,0.9725630976534594,0.5974408875431508,0.30499212768002726,0.006218648234631518,-0.08900635844202433,0.08174146487938637,0.15019056515355197,0.21461869987607318,-0.28046855864014886,0.08552935622560072,-0.015276489586889014,0.35257377063082534,-0.12207974978296965,-0.3417194645886931,-0.3551850337064131,-0.02928793387913349,0.017504984617520394,0.9153783818163599,-0.883024779513951,0.04228059960129862,0.15666259794494694,-0.08915128340152774,-0.046396083607649706,-0.13511039269687708,0.10487024790985514
0.09642956929509594,0.7045758071042568,0.5431604177799219,0.4817962105810625,0.3553989615600585,0.5689338288036495,0.27017157738906367,0.4271421973602031,0.2113156900077676,0.3398008240676936,0.4011869123998687,0.2857761171888679,0.40854097678907625,0.2421009141298304,0.45778147837069216,0.41046606713465206,0.49791405506792785,0.5922447778205987,0.38002217213508666,0.5786636742615157,0.3891745111953774,0.643391728222379,0.7585455856197029,0.09061247050898583,0.6713306738515864,0.10930826786063112,0.2887958817936055,-0.2811533662616108,3.2830040227576864,0.40935836110837304,0.17890333375127956,0.20128070094757006,-0.3117934605259462,1.0109018883501222,-0.3428740370853239,1.0243827285214742,0.18859597546380327,0.2781816359721159,0.5442959862068548,-0.017790668030989953,0.1895866487432253,0.281915071672326,-0.3373491937291935,-0.05869695667257756,-0.35877872511815606,0.6779426384627937,0.7552049412245363,-0.8737324638489221,0.8198224532337998,0.5671438598832319,-0.823327979422266,-0.0948577861123623,-0.14938822126389242,0.09014709625442113,-0.06413437402585308,-0.05374659806392769,-0.5375864328488187,0.24078325512128773,0.3328124240425391
0.07132367956964328,0.19925361225854357,-0.04985210819786291,0.12255427368409394,0.16743424477540078,0.09394408995765047,0.14044663205058736,0.08567810030188903,0.06357613137122815,0.12668518120717226,0.13233796469998588,0.10361905770627713,0.093207319266663,0.1302713447134471,0.10069500113449269,0.20962695880679583,0.1842231594131664,-0.08167005783433062,0.3337133396364045,0.3406786333554064,0.3040512058920672,-0.27275305603226424,0.024808560720925656,0.6596117202282961,0.3392682453455885,-0.5928397362553233,0.17031585074191033,0.3235385860456431,0.40935836110837304,2.5765179189613527,0.30712047047255614,0.013108016121057964,0.767580794143803,-0.4272380056161918,0.24693133392459934,0.671013041544561,0.6486885273797444,0.19576370916807553,-2.2298998696204463e-5,0.0004847421808271033,0.5001481048792221,0.2914053501760834,1.2727021716213887,0.11739541144030938,0.21111855654925324,0.6104411112868805,0.250174088907297,-0.4866182714788121,0.08432147346235079,-0.3836446130685281,-0.29768251114586297,-0.2502382216643415,0.7678694685270622,0.0409790730435227,-0.025847271351386918,-0.13225977291894125,-0.17051350872530013,0.1807257340848961,0.06411398290444285
0.08060124902324005,0.23131991690160325,0.19087198043549844,0.17917480528089133,0.13452337922599836,0.1343707484474153,0.1486664311978784,0.16054995287005425,0.1373209108189916,0.23077704383856718,0.1566664289973967,0.13599680787288107,0.10256433211561215,0.12514970683891574,0.1567331476518103,0.12952767837239496,0.1879953627737653,0.23282139518509634,0.11622276568210406,0.28989442977864827,0.2789911947746913,0.05752836551087915,0.057862144633549537,0.2920236971010623,0.12137586900217577,-0.05636577680608607,0.17310429296966615,0.29734618858387507,0.17890333375127956,0.30712047047255614,0.7983495216183123,0.11475523220977889,0.4781378342234871,0.06959928430963719,0.1464060811787092,0.6528858064425221,0.46876086900123676,0.18084072106758886,0.3081030898999938,0.12238680112254588,0.3682464096321958,0.2570778374977399,-0.03488760888178376,0.020647221063920917,0.07470521096906571,0.5217204839046962,0.25275982994909046,-0.374876625710817,0.03961148093050519,0.15592360971162178,-0.004044478512176253,-0.058979868238617714,0.05289270954998288,-0.13192607862230696,-0.015742727651891802,0.06350485545968088,0.02759147895701631,0.068058707842038,-0.20465968230497675
0.07728884701591461,0.13116194832330938,0.07637027623095648,0.3003846910741962,0.21046029227686916,0.19980006864962557,0.17665045051830783,0.19755572867259152,0.10448943225392787,0.1849421050256586,0.18672101389367693,0.21892761999960952,0.13340265877477706,0.3287196384180862,0.13041918883855383,0.19906123727886535,0.16106650485289656,0.1405204245141572,0.11693656686765881,0.23642944719695944,0.12777909422395983,0.2556384088158224,0.1645447486688165,0.19475878912580252,0.1510068533779182,0.34074244851346963,0.2085105299096806,0.031060242872920026,0.20128070094757006,0.013108016121057964,0.11475523220977889,0.5103728398729747,-0.07713753756257122,0.2634628701008372,0.03952070175732886,0.15727683318841526,0.03462345160050612,0.12888286350975667,0.08868278774895308,0.12047950557441835,0.10699964674038269,0.16022707169273046,0.26882816768609474,0.011201807134112857,0.09763828840616413,0.12208418329617286,0.24186187038545837,-0.13252715540483162,0.22366853439420128,-0.051969425780805,0.04931874402004754,0.08426377098316509,-0.1996608086346458,0.06248216721532183,-0.29954591656514706,0.037600115615624416,0.06582511881542402,0.2912843340394878,-0.1697359689404308
0.0773536772027377,0.2900920675872642,0.25679444223060455,0.127643463855973,0.05065152306152514,-0.012532790107977695,0.10695786627017442,0.042011460220140406,0.15200044230156762,0.06672520043931468,0.03067105400882579,-0.008122375173635161,0.03358496654659585,0.027776291321528323,0.12328691069888127,-0.04451445811215195,0.09995845019023195,0.0628746892152866,0.25725362928645573,-0.124870126802457,0.33768962977771566,-0.15432048345332697,-0.10184002068083474,0.8642243417742688,0.01871529645735002,-0.8646885338664183,0.016619431612514453,1.0463465195331894,-0.3117934605259462,0.767580794143803,0.4781378342234871,-0.07713753756257122,2.6630265213728155,-0.9140766995120639,-0.33735775993060246,1.0358697043069747,1.0560203975593128,-0.05001982752486996,-0.16052536233122244,-0.2664734860725632,0.5137772783156556,0.2868004956018818,-0.3813862721247466,0.0786348365444112,-0.713105793755666,0.9943836122531643,-0.04474398419113725,-0.6272917547113537,0.40587354883279997,0.4067729876976198,-0.15271717590655498,0.3296463771346171,0.1426498371533351,-0.4129920478748714,0.14424779271060265,-0.1681821457273029,-0.10551249271515467,-0.005423187090643149,0.05282817181495169
-0.16611491007622387,0.29642183230128055,0.18944818216921117,0.49269308101525827,0.4019834545588639,0.4621730054870224,0.21855319774646775,0.4397434930695323,0.2006627168734961,0.3533595223570274,0.38925760302145285,0.3478821279467186,0.3085259154614625,0.24953367490582085,0.27331967216616415,0.35403343616144445,0.4351627450192756,0.34981807424192124,0.10990678821165198,0.5956248697993612,0.19678399943529984,0.5362823678203703,0.432200841107425,-0.2555900192013918,0.5220055695070691,0.8106971285262781,0.321699560542536,-0.44531189197781584,1.0109018883501222,-0.4272380056161918,0.06959928430963719,0.2634628701008372,-0.9140766995120639,2.300862118804497,0.2049121189650139,-0.0884199758506004,0.22721515166603792,0.3059019581021195,0.7747439065829922,0.1297705905703396,-0.17262322896965404,0.25506758738862145,0.9454251728603354,0.06677243406609454,0.2325761187583743,0.007161760080595329,0.8115267301749224,-0.08748275313873007,0.28445011859775443,-0.3012829553028729,-0.036270124147508305,-0.5201962211213889,0.2873644673341094,0.09504857243235695,-0.03270852722322823,0.08599662515683117,-0.3427703551612664,0.17079058866388178,0.1636493892548072
