1.1271681342653697,0.4382027885194081,0.3776126652152355,0.011201082548725372,0.11786883842724628,0.06817083933359115,0.26751397916337416,-0.004498049816622022,0.14012817302146963,0.14800190237856053,0.1406973338660677,0.19479735494902242,0.11363428371668488,0.1945415394514759,0.16717689029064173,0.11604643414883517,0.13484908201250012,0.1716427679797674,-0.0026168891234741418,0.08687727237446852,0.07019420704649378,0.12077184935461888,0.08134281419205623,-0.12141463139182493,0.09382616131882304,0.02707258015826643,0.12958921935109657,0.05642307004490013,0.11885519915065343,-0.1155428915664703,0.13387960888250014,0.1574890495030596,0.16353026441683013,-0.06879051004661711,-0.018578393546747538,0.04987200020668358,0.03492372321370953,0.10817225954870682,0.020428223662643272,-0.02760975318083152,0.1295442714143964,0.06271826367905017,0.0858209988405376,0.01909413477178858,0.0009948590459642659,0.11650416728586278,-0.033304675473045955,-0.08561832209643577,0.014647872910289931,0.06856825534682387,-0.028950414957728487,-0.02129805590363202,-0.013214294169444257,0.010555025668600851,0.13668907823438858,-0.08067713160655582,0.29870834252592465,0.0806202175664913,-0.4018879211610899
0.4382027885194081,2.6630493264980784,0.27560712920563774,-0.20079760381151468,0.05098436849713969,0.13246223921524644,0.24370449357347307,0.06015939677757349,0.12614050773113455,0.14397450388876376,0.18510990902556812,0.23245388384900234,0.08656718545968534,0.02772215427128781,0.26076172313621265,0.08030497752625397,0.175216852338179,0.2905132184938583,0.002252923424979058,-0.04918006027990322,0.026481266481642653,-0.09565453832325714,-0.35641890347523253,-0.04413037936283781,0.0484482090565805,-0.13397802062491004,0.10026971444064266,0.08016314518878233,0.10354875659520006,-0.032453274168724164,0.016405070966290826,0.08683292567724606,-0.03100161092535971,0.008829016113294721,-0.012754085759650771,0.16715607750103464,-0.12162332432835193,0.006548507251022547,-0.10543849626534917,-0.07041714567384164,0.05602092645317454,-0.031156946400974418,-0.03544566052287478,0.0039797792988895825,-0.05725285171933985,0.10989791536152467,-0.0901478431713871,-0.1305338339551262,0.013791267571384687,0.009611656688112261,0.1733663896540031,0.05234496383819811,-0.30801971826408153,0.029294022354138492,-0.518105914000111,0.05056106978054944,0.018051941712787296,0.3940389342342904,-0.05271921250046197
0.3776126652152355,0.27560712920563774,1.4098005022751645,0.04384689390347642,-0.15779275704490145,0.3244565367564368,0.18354004199907192,0.3599181712015946,0.22271285712240507,0.24631580573081835,0.2664278111032039,0.23103932490817264,0.16777998446272654,0.09050918454951709,0.2395545263161629,0.0881981710316349,0.3115954527229735,0.2593978713145955,0.08553615117205084,0.18296726187148335,0.1800203409625375,0.2010757847452394,0.1545153487615544,0.22983867261679636,0.22307546378909354,0.12467500377597958,0.1685374772050504,0.15448438554276814,0.3733485200835448,-0.3972049353460313,0.1453646672331064,0.13378300923046488,0.14683565867798667,0.18590060161334443,0.110682028490135,0.2207485031947079,0.18937043547429638,0.14278034984587418,0.13413418548364653,-0.23614430979043993,0.11759607057104994,0.09328393090679812,0.07059716997038559,0.021350211334438332,0.18023941640034746,0.37883270250324225,0.19741349604687214,-0.19845424743793957,-0.041418745756451165,0.08150550326192665,-0.020677113093984657,0.11248046462272523,-0.040803438637494846,-0.09514091062459186,0.034235690107905455,-0.021839586398925206,0.014503847792814538,-0.12533076620938893,-0.0432097446132854
0.011201082548725372,-0.20079760381151468,0.04384689390347642,0.9906461858301435,0.26697434163041567,0.1025104242790026,0.2095349042175529,0.04223666531496214,0.06522690058271964,0.0880334874731835,0.07759716977602159,0.1653141166459961,0.11193987616524471,0.20117032618561936,0.066820061416383,0.17935536489383788,0.10409672804174144,0.08829496597015075,0.0799179644543208,0.07002255281415412,0.0854843461674866,0.1290169766926931,0.1565288803495817,0.2171346371236593,0.12370845441799544,0.1277315235274217,0.08278225765963333,0.051896378577452836,0.15390230269641303,0.028976286960793914,0.020897155236526195,0.14503215465504238,0.030841034978555247,0.16470217491594297,0.09194921701266699,0.11147796811660562,0.02145402304819091,0.04986714387268009,0.09204841024330682,0.03693348755246477,0.0081179312707702,0.10438073479018321,0.061215633126661784,0.009849361490711419,0.0638061578607799,0.01909150022517755,0.028922649893903248,0.024586168102528828,-0.002353163864970661,0.014508469147551073,-0.05132667405466759,-0.06290649664425726,0.03449516045741416,0.02783341057061435,-0.01616425355048446,0.00934181791953257,-0.04975864105869476,0.01842272333059706,0.003909863665507564
0.11786883842724628,0.05098436849713969,-0.15779275704490145,0.26697434163041567,1.022919105174789,0.0014262089988584695,0.10142202508830846,-0.039247202194461754,0.05341118728281067,0.05255134523227093,0.03841131232424604,0.10852282867361138,0.1098286049577679,0.11907985348965519,0.10708849029954468,0.17780012022382255,0.022258187785391462,0.13617239521996072,0.19659677765016687,-0.04260288176846835,0.030915551864053162,0.04541194918187418,0.14479455910865335,0.058094453327912174,0.065576005612381,0.10954078411702797,0.030086096594422376,-0.0033203252525966127,0.12031514584083815,-0.011960308136163505,0.12110615243610601,0.0895069495475949,0.04720670260294792,0.10626568642664236,0.06098927226915953,0.07696757142675686,-0.022245532673859435,-0.01617271363351942,0.08779332153891697,0.04748727328693294,-0.047238238984049954,0.11554832668555602,-0.07742253431803937,0.0013084486776747618,-0.1122278305707087,-0.08871880380771671,-0.07247769721946139,0.09260510749790381,0.05125489495430907,0.07713842814877588,-0.15569683307235277,-0.16241937999441425,0.12944076755534242,0.08649792363221025,0.02474550940975625,-0.04819746775196437,-0.03766461182578223,-0.007846575629205274,0.12829879979942793
0.06817083933359115,0.13246223921524644,0.3244565367564368,0.1025104242790026,0.0014262089988584695,0.6690743823659784,0.022989955059382925,0.2649074969047449,0.045014454123097146,0.11359289990090812,0.19183127437981257,0.16573990281097245,0.1172788185568514,0.07946945976759369,0.14525115220671897,0.09774446842801164,0.1927983155904185,0.1238915831458441,0.18255883952095095,0.20924003315525794,0.15413546533031003,0.1371427265688368,-0.08353824415354269,0.27109318383835096,0.13830610868699936,0.08850670573581998,0.1036858133777005,0.030157271933799756,0.17202030946155614,-0.07056883364355576,0.020273393926616697,0.1314952303221514,0.08456538561340599,0.10874373636538602,-0.0689345668515291,0.0941057377528595,0.09462971018595706,0.13812721573078032,0.152555603437914,0.02166483596701553,0.07558331858981565,0.08831899298897054,0.1280224914110481,0.006815206355762881,0.1819957254526514,0.12512123618943163,0.3173303923242125,-0.056263625786220794,0.3184910267065463,0.14336042167205018,-0.14156052424551507,-0.08031568573809554,-0.07735329445299638,0.0029136474084938977,-0.04060649591305774,-0.048658909752200455,0.029776064519854258,0.04106795358401707,-0.022309864717950895
0.26751397916337416,0.24370449357347307,0.18354004199907192,0.2095349042175529,0.10142202508830846,0.022989955059382925,0.5125599959558966,-0.01526064307313057,0.1571781389566289,0.09788756473956019,0.16227871850751857,0.26228642476220765,0.1211688573540889,0.06301205506816149,0.0893054723246613,0.14951373856151226,0.1543788543842849,0.0877671867728844,-0.006269136626963038,0.09025478757614244,0.08671146022680222,0.13087945403732984,0.12503146069871268,0.17509205563276725,0.12245955352581166,0.027270186748206544,0.12436016753103264,0.03680279935561873,0.128099404761512,0.020454302196563894,0.03900778626190534,0.10530981937362742,0.10027953376448216,0.08054546321072623,-0.039797937011064786,0.19866160015438203,0.06098667856295566,0.07063338059665906,0.03561574175893051,-0.022262371271766765,0.07049129114681256,0.07438506753084773,0.02991210752241093,0.013710118223246155,-0.029666172413156867,0.03631484347344282,-0.18597408696838477,0.03178847319118935,0.016017946105229885,0.011756816606639102,-0.023340500725439552,-0.0010735211935791467,0.009458740546869304,-0.027560025778259313,0.007539181548110745,0.05425424086618127,0.03005885313355023,0.029110732580699492,-0.16388005505226935
-0.004498049816622022,0.06015939677757349,0.3599181712015946,0.04223666531496214,-0.039247202194461754,0.2649074969047449,-0.01526064307313057,0.78511038753062,-0.03350837091714744,0.17116083027569984,0.18247576576962718,0.028408264699886485,0.15408336120665025,0.08524528109172344,0.09670570038978701,0.07369224980837895,0.2217640660753934,0.22396665873587884,0.14854723348522117,0.14666066771153427,0.10681381115624426,0.12064099607219397,0.008188001570659475,0.13172134092763385,0.17896873295097726,0.15034037006022904,0.1214955800040334,0.07215382571641489,0.20037331116897508,-0.06382541152804821,0.036989009307108044,0.1181941684843084,0.02090465951383769,0.19540642466523978,0.1469313820738089,0.021118125581019716,0.09112604235300382,0.10408901111787054,0.19490322357016773,-0.0037389173671291496,0.02719540790524311,0.044420361018264236,0.14676613961525184,0.0008711471894231108,0.20873546370817764,0.16261023413567652,0.3806496124304899,-0.04464133142272965,0.25232312176230914,0.019510625303213073,-0.04667322749108065,0.08932568551317593,0.006435761802299238,-0.033944189965570304,-0.16662830921362828,-0.05078541989241505,-0.00424862479942523,0.2170085977235162,-0.10038604964291574
0.14012817302146963,0.12614050773113455,0.22271285712240507,0.06522690058271964,0.05341118728281067,0.045014454123097146,0.1571781389566289,-0.03350837091714744,0.5795685092038937,0.06316791093070047,0.07279577965879275,0.1011379095464418,0.07401363721792056,0.11986077171381367,0.07376571174198307,0.0740450828781725,0.12439753271163227,0.06766369257172256,-0.07911209639273807,0.11312811001661553,0.07915494228944425,0.07404185913936555,0.15424723512981287,0.1416961345970793,0.053956491441328,0.05383610047102149,0.0797037053932267,0.04397267290129164,0.06537604056240676,-0.007508554532728058,0.12114140899209502,0.08168033710677146,0.1474756400702056,0.060341724341208866,0.0394113599277745,0.062075653189417684,0.13027726374988124,0.08609235971157173,0.009878717736521658,-0.012653392273217812,0.07127241186484105,0.06342989189627382,0.08576113615783783,0.010282295227685558,0.05161537892331108,0.1170629517681075,0.04188803430517862,-0.035003263051690506,-0.06010782592937752,-0.08120643144001762,0.030630961286546486,-0.019517944961157954,0.20518515918888977,-0.04109693400847551,0.07586350255614921,0.11353926524261876,0.04800566294595962,-0.12160186976708447,-0.10828447678325889
0.14800190237856053,0.14397450388876376,0.24631580573081835,0.0880334874731835,0.05255134523227093,0.11359289990090812,0.09788756473956019,0.17116083027569984,0.06316791093070047,0.5030096357997716,0.12780960165259783,0.09388349830929615,0.12956927144677027,0.1493988282969317,0.14809958735294604,0.09602464055782202,0.16942856260811287,0.17161879540252054,0.02501602289384281,0.13861824794504715,0.08101058926957931,0.09357843695057762,0.09283961478335419,0.11188571989659803,0.10933398516319684,0.1180891918933083,0.10398215750579316,0.08442920514643845,0.19096017873373503,-0.058771515848963105,0.12945209628893067,0.12558286113374442,0.043310428282282945,0.18887795044477138,0.17473409722159608,0.024964954269180023,0.12877592302980617,0.09502034345553356,0.1400739565780491,0.026940023269541313,0.09651719919633141,0.07440443468971071,0.12176931162936887,0.014078055938298924,0.11744319094699257,0.10667142319125698,0.1972926400977175,-0.03560728586927511,0.15184065920334697,0.04008606179980986,-0.04827368960709904,-0.021161064985805687,0.08404471332077777,-0.0033189408673992347,0.02117132472536531,0.025318289055252196,0.11252695489589817,-0.04814721832214829,-0.09556675835472815
0.1406973338660677,0.18510990902556812,0.2664278111032039,0.07759716977602159,0.03841131232424604,0.19183127437981257,0.16227871850751857,0.18247576576962718,0.07279577965879275,0.12780960165259783,0.41911963988415407,0.23723572313049748,0.10885631844853116,0.07498525661500853,0.2248472642789325,0.11320375912940482,0.2199057471481648,0.14933370966675807,0.0727989017665982,0.19534431775351524,0.11292013886737168,0.07868554436868601,0.07992151740861371,0.17243572297691248,0.15357752985295486,0.09731698311601644,0.14134461852711216,0.09443173610240725,0.17700941989528096,-0.058604109529750203,0.12284986051505825,0.09081013443150111,0.08989758127186145,0.11413881393338861,0.12127914934514399,0.1192710023409006,0.11598244197724479,0.11145481838249637,0.11508077515783084,-0.00041230072784887724,0.08610624179956872,0.09121982796379696,0.07374430997454197,0.00723245308336052,0.08089886373201456,0.11591994287638875,0.09383084814737659,0.022500667328067155,0.034403304373219555,0.01689810256720397,-0.008943387920324859,0.03777766966223138,0.0718123365352134,-0.05589851742625695,-0.04287914584724029,-0.0069981532168041935,-0.007041467917908224,0.06281626107142005,-0.06676266624247668
0.19479735494902242,0.23245388384900234,0.23103932490817264,0.1653141166459961,0.10852282867361138,0.16573990281097245,0.26228642476220765,0.028408264699886485,0.1011379095464418,0.09388349830929615,0.23723572313049748,0.5149563263381335,0.07825846017273422,0.07468026546738901,0.1736377303269608,0.14981327207652367,0.16718700880704557,0.015621103204992508,0.06469199379330544,0.13951660177396183,0.0774854312248066,0.054429646975359576,0.04368098783283231,0.147613071921849,0.16721702192229787,0.043853630332296806,0.1716711850024549,0.007604983381096292,0.13288838426512714,-0.015345333852541606,0.000948305023693923,0.11769305584853745,0.0455307211352107,0.09594384325206812,-0.04840040516904132,0.24950171751604217,0.04564956358897688,0.09173422350090672,0.04191451854062688,0.004076894187265596,0.09552653206739833,0.08587803908021344,0.0035283210300046807,0.010258337446302803,-0.0030240324622163636,0.08077725648682682,-0.03371997810548253,0.02749138439025839,0.12976833321646766,0.016491303564011083,0.022302518168173257,-0.01108548733399011,-0.007318447060142884,-0.03906636537180707,-0.002879550970758608,0.039729198715251754,-0.01583147937975386,0.02646556629242648,-0.09353096556028753
0.11363428371668488,0.08656718545968534,0.16777998446272654,0.11193987616524471,0.1098286049577679,0.1172788185568514,0.1211688573540889,0.15408336120665025,0.07401363721792056,0.12956927144677027,0.10885631844853116,0.07825846017273422,0.34092756631905524,0.09887968896818537,0.028343020449128172,0.12238000072980074,0.1256883130049955,0.13244098745247126,0.06836279770977562,0.08282751056710264,0.06720120488439126,0.19734740880223542,0.03626646310803097,0.09314847354746765,0.09670925166610556,0.10174238021098354,0.11100343793042235,0.08135565620841972,0.18474696404403565,-0.055268162986027033,0.02041430182920771,0.12091028925625431,0.04113795946032605,0.1179016564694886,0.10974088867166823,0.030537181637374018,0.05373284778504127,0.05478644999380291,0.12167647376922344,0.009077848181805181,0.0464230355991787,0.06611709361449034,0.0820113891438895,0.010849027217553793,0.0249648903038195,0.0701908475452288,0.08902395527026405,-0.013261251438144512,0.07578608626613895,0.06285465075750712,-0.025454233030916054,-0.008168366172889243,-0.025030433125284565,-0.024928185423223326,-0.007476144675718669,-0.04409461238947685,0.05678063542815486,0.010107695630741546,-0.04808080694721319
0.1945415394514759,0.02772215427128781,0.09050918454951709,0.20117032618561936,0.11907985348965519,0.07946945976759369,0.06301205506816149,0.08524528109172344,0.11986077171381367,0.1493988282969317,0.07498525661500853,0.07468026546738901,0.09887968896818537,0.5414707964991531,0.17489865362080143,0.19840329664019846,0.15083312528238324,0.12983271266134996,0.0574198244778867,0.1501682940939763,0.08658157803122626,0.1238072117078751,0.09909682550330465,0.08396327205698301,0.09378045432778545,0.1529633754081468,0.08874926153024379,0.11286389082547656,0.13102652432332157,0.036575806064036744,0.10418901000844964,0.2604139132738321,0.1016343605742265,0.10623325455446811,0.16882002346195274,0.005965495666592965,0.023260349720540894,0.11667761736631453,0.12113397448281424,0.0733047586221829,0.07795377927747085,0.13289710918075173,0.18860543325132328,0.014785588544726775,0.15480469306159464,0.12293052108100687,0.2562407714731098,-0.09485058831364103,0.18433874019490848,0.05546725797552987,-0.03642501527295809,-0.07496237119843549,0.05850434961355585,0.02813224190251694,-0.033192242466177385,-0.052427385224507655,0.09280366003372374,0.06557648450870121,-0.07680327187008927
0.16717689029064173,0.26076172313621265,0.2395545263161629,0.066820061416383,0.10708849029954468,0.14525115220671897,0.0893054723246613,0.09670570038978701,0.07376571174198307,0.14809958735294604,0.2248472642789325,0.1736377303269608,0.028343020449128172,0.17489865362080143,0.8284668127902157,0.05114212526609549,0.13113300318867352,0.29179686963486323,0.10855442220188416,0.16086841554977796,0.1458399735683406,-0.05582584411236654,0.16817437497516793,0.2808263768145659,0.1783177928783303,0.14699181969736108,0.09003571713184459,0.25417098598250476,0.21263021919779926,0.08777295038414352,0.16085869113821405,0.10449042634774432,0.1620594281672128,0.12067297067135796,0.1549577688696843,0.1840885275744857,0.20331928629151638,0.09305864219121214,0.20526835711336477,-0.022692321198984587,0.11286737295742867,0.12181949572253194,0.052615671081683565,-0.005884134633915664,0.13936460555311933,0.18157327491815972,0.1521330393015987,-0.03155124878599429,0.10848949545747892,0.3163452195256242,-0.029400897775050814,0.11955485427895435,-0.2399741139984971,-0.08552634583553834,-0.03888872304376471,0.04515051665750309,-0.03666188814764319,0.04383406709832119,-0.1078089042728573
0.11604643414883517,0.08030497752625397,0.0881981710316349,0.17935536489383788,0.17780012022382255,0.09774446842801164,0.14951373856151226,0.07369224980837895,0.0740450828781725,0.09602464055782202,0.11320375912940482,0.14981327207652367,0.12238000072980074,0.19840329664019846,0.05114212526609549,0.8480206117940376,0.054323387201098916,0.0906297017133206,0.11041690784290213,0.18828848634762063,0.06939039103124757,0.12801958361372867,-0.21176357822071656,0.12149602094894717,0.1333954417651301,0.16863174362123762,0.18414094598857692,0.13528014174022807,0.17808735763907638,0.10800087641483755,-0.05765343227194958,0.16320875062161572,-0.07714541452981477,0.09381253199026944,0.303107104564049,0.03163459308310741,0.0139369932365238,0.09839280415155137,0.12208950871702916,0.13415250913189178,0.10654367337264334,0.2416696812557343,0.22925670541758247,0.03434297673731059,0.2642954753374956,0.03097460283600293,0.11859579047367737,-0.086722725647848,0.0736784826134104,-0.05155816955408693,-0.012166339784132571,-0.06221236465180036,0.0048109377715799635,0.09022898200100823,0.0032003148754624223,0.015022803131602173,-0.07868676990711759,0.011303266312680112,0.025206946854384998
0.13484908201250012,0.175216852338179,0.3115954527229735,0.10409672804174144,0.022258187785391462,0.1927983155904185,0.1543788543842849,0.2217640660753934,0.12439753271163227,0.16942856260811287,0.2199057471481648,0.16718700880704557,0.1256883130049955,0.15083312528238324,0.13113300318867352,0.054323387201098916,0.7956247170937061,0.1375262034669615,0.07382882820121897,0.26751347479196486,0.10842853520672405,0.2597022341803016,0.13047577210553774,0.09274873752680153,0.16464640115362653,0.08154540020089869,0.13660888015206873,0.1108442158747248,0.14906500989732105,-0.19338246463086356,0.0954287392548402,0.1043605884359289,0.14600114381373183,0.13846050018701178,0.0893086152988736,-0.014624054175116922,0.23244534770091319,0.15735458218459153,0.0814653280340514,0.013753091751058943,0.13969405479357097,0.086186476406022,0.18797762888861108,0.007521300574088885,0.11630194673664576,0.1003431058509412,0.2134440626746894,0.004441437365943575,0.0779709345414773,0.030860409683715923,-0.08815543599465404,-0.0609426213420869,0.0649223588470635,-0.044428361553405106,0.016083510047248846,-0.05122323613654583,0.012651146149477563,0.0055498731062517325,0.0008679247273729847
0.1716427679797674,0.2905132184938583,0.2593978713145955,0.08829496597015075,0.13617239521996072,0.1238915831458441,0.0877671867728844,0.22396665873587884,0.06766369257172256,0.17161879540252054,0.14933370966675807,0.015621103204992508,0.13244098745247126,0.12983271266134996,0.29179686963486323,0.0906297017133206,0.1375262034669615,0.7171449970405457,0.09637624025392011,-0.04003318728024711,0.12499911233128279,0.11550128850207905,0.10479403229931589,0.1904861475400566,0.11880648374559202,0.10548459998443377,0.05494979364865264,0.1853979741219483,0.1716730196624862,-0.05354940053848914,0.12544920676207982,0.09229640178381286,0.14432579653004016,0.09048910715133084,0.15526186845134352,0.08964245854462535,0.029670323392563574,0.015586665577255474,0.1517653665600083,-0.01426752905674163,-0.049975549252207076,0.006021604759816483,0.17451023519700035,-0.012473859653444348,0.19386580393147024,0.1351128985611919,0.1589899510537038,-0.07570537335004322,-0.0185528652967008,0.08096608301588909,-0.014652482688647306,0.03388668879186788,-0.09460656258492718,-0.01535988554276549,-0.09934467790228776,-0.12252107945858447,0.006194783642902905,0.12051639945372478,0.00023074021321003305
-0.0026168891234741418,0.002252923424979058,0.08553615117205084,0.0799179644543208,0.19659677765016687,0.18255883952095095,-0.006269136626963038,0.14854723348522117,-0.07911209639273807,0.02501602289384281,0.0727989017665982,0.06469199379330544,0.06836279770977562,0.0574198244778867,0.10855442220188416,0.11041690784290213,0.07382882820121897,0.09637624025392011,0.5657344848250992,-0.07181464020182157,0.09133016279458073,0.123030849084679,-0.029056034393547613,0.11117654627501238,0.09207205911007325,0.05834408635683404,0.026338396826738716,0.07109215681843183,0.16206360854344784,0.04487512730767639,0.04781104697011166,0.07643857074726043,0.04408850395224786,0.06482463953532723,-0.03051887095173357,0.1683664716850578,0.0021853720949340516,0.004213556742551588,0.13058446045542546,0.01504401188185996,-0.034314477377979005,0.06751302738162691,-0.019950838824417578,0.007174617217715107,0.03915204051642371,0.048948090492710296,0.0009117715945739544,0.05361304667391607,0.04997685254624334,0.01367874797085242,0.09278655050341568,0.10671224705084634,-0.18889753932163694,-0.04381560568483274,-0.07656652970585597,-0.06260408496076342,-0.05831384739146185,0.09333403210969173,0.06538213307021154
0.08687727237446852,-0.04918006027990322,0.18296726187148335,0.07002255281415412,-0.04260288176846835,0.20924003315525794,0.09025478757614244,0.14666066771153427,0.11312811001661553,0.13861824794504715,0.19534431775351524,0.13951660177396183,0.08282751056710264,0.1501682940939763,0.16086841554977796,0.18828848634762063,0.26751347479196486,-0.04003318728024711,-0.07181464020182157,1.1169666012336104,0.10491790675013149,0.1596743052571727,0.08939565989710588,0.26892364686688774,0.17874631469555496,0.26889393301906106,0.29368355889794256,0.3055983973337397,-0.07355734867846553,0.37064477207800756,-0.011503693699630222,0.12428248530663934,0.26364849323114603,0.06721164530126654,0.35134230797363597,-0.04260274402514578,0.5921196768269068,0.46583352998141536,0.23462567322256597,0.08383955833365773,0.33027089200432724,0.24159370456168924,0.526743216162533,0.028683550596685196,0.5648081736017881,0.11316102709312338,0.24358117948464192,0.03693858461977365,0.413508622454012,0.1572889725336649,-0.19910290843893041,-0.035127344686605694,0.14029983864443066,-0.05480846085666514,0.04579917706661848,-0.013307907842630152,0.05672314500990183,-0.05424861431363411,-0.0860397108181017
0.07019420704649378,0.026481266481642653,0.1800203409625375,0.0854843461674866,0.030915551864053162,0.15413546533031003,0.08671146022680222,0.10681381115624426,0.07915494228944425,0.08101058926957931,0.11292013886737168,0.0774854312248066,0.06720120488439126,0.08658157803122626,0.1458399735683406,0.06939039103124757,0.10842853520672405,0.12499911233128279,0.09133016279458073,0.10491790675013149,0.4150789644514877,0.1087750082774022,0.2373251479770154,0.14510020754356348,0.12381486842824684,0.11848072879682735,0.06841420824883115,0.18228399207915194,0.1854303765177839,-0.007319875031292597,0.3028500137881436,0.08499452207804747,0.19616406249629478,0.06833762860312298,0.18142281732853272,0.14256417190261114,0.12710613644869273,0.13722522109573315,0.29005803128440555,0.09710681883453187,0.18953839527098765,0.1710410039610652,0.15668469766727844,0.011032093844768835,0.3579077910982191,0.13786146547839612,0.20202805650094083,-0.01669548857378074,0.18538861080674576,0.09817107220765217,-0.03984876770176744,0.002799725787523937,-0.003915248157499477,-0.04678292412266789,-0.03246857498953216,0.005785436295879296,-0.11551353028787065,0.04311028191839058,0.018809814133157826
0.12077184935461888,-0.09565453832325714,0.2010757847452394,0.1290169766926931,0.04541194918187418,0.1371427265688368,0.13087945403732984,0.12064099607219397,0.07404185913936555,0.09357843695057762,0.07868554436868601,0.054429646975359576,0.19734740880223542,0.1238072117078751,-0.05582584411236654,0.12801958361372867,0.2597022341803016,0.11550128850207905,0.123030849084679,0.1596743052571727,0.1087750082774022,1.2827597646236517,0.5993471399996857,0.1254008621386892,0.22798560155072778,0.20929487776394684,0.1324303549509905,0.06785312760132664,0.22868979707019677,-0.2896907655830724,-0.0884622592230888,0.15765501847935123,0.11559406995540886,0.17208573044066486,0.08586156048809457,-0.20782741543163458,0.17452547136001295,0.07162233053884333,0.1995883195373418,0.08292229619698906,0.035160663044178544,0.1880949181993973,0.36620013114501865,0.043115306737520606,0.07204194203666585,-0.020020779048752893,0.14866561214961743,0.15487335812266137,0.04305582862765111,0.030104071120849698,-0.0547153236969205,-0.038739026208255076,0.03343463578083647,-0.06938072355202554,0.07652111418778808,-0.03703959770909538,-0.04811894683582288,-0.023644139252790502,0.020156174459993948
0.08134281419205623,-0.35641890347523253,0.1545153487615544,0.1565288803495817,0.14479455910865335,-0.08353824415354269,0.12503146069871268,0.008188001570659475,0.15424723512981287,0.09283961478335419,0.07992151740861371,0.04368098783283231,0.03626646310803097,0.09909682550330465,0.16817437497516793,-0.21176357822071656,0.13047577210553774,0.10479403229931589,-0.029056034393547613,0.08939565989710588,0.2373251479770154,0.5993471399996857,2.532939196148087,0.5756313394554401,0.37294807274986846,0.2228028156652943,0.021346457359034943,0.19991440294554708,0.3941368298201883,-0.15074096998166303,0.14114527074915192,0.02096660868123887,0.46342256378186647,0.3342977230632619,0.04769881008137724,-0.008529420785527075,0.6170566574364484,0.05249038277546704,0.49692559382088614,-0.014230952397036013,0.09605569693920739,0.13162055360839764,0.08846735086710607,0.02260580393646222,-0.11536604581208668,0.027714398033337136,0.1880415238059978,0.36799686200012244,0.253001784398003,0.23175979228957508,-0.11720194947763773,-0.02737882661747686,0.15682189097166566,-0.18863114440368106,0.2219746868399539,0.03326555068190538,-0.05973387587497191,-0.15282836797536095,0.0014633531481960745
-0.12141463139182493,-0.04413037936283781,0.22983867261679636,0.2171346371236593,0.058094453327912174,0.27109318383835096,0.17509205563276725,0.13172134092763385,0.1416961345970793,0.11188571989659803,0.17243572297691248,0.147613071921849,0.09314847354746765,0.08396327205698301,0.2808263768145659,0.12149602094894717,0.09274873752680153,0.1904861475400566,0.11117654627501238,0.26892364686688774,0.14510020754356348,0.1254008621386892,0.5756313394554401,1.7941425813439213,0.38790281318793274,0.29996890603569687,0.025436149123426528,0.33037166043599364,0.027850229558101843,0.4469304419900319,-0.11368977816895605,0.05213349604202774,0.3243817709329007,0.02446843056425959,0.28268850934724143,0.258442216032518,0.25173491742758336,0.12168788642896729,0.25190523054516056,-0.06713797067114967,-0.1730115142779173,0.14993073599327572,0.13859687102531093,-0.0016102820804567875,0.2565129091339914,0.24248842432725273,0.27980965283725245,-0.006578263335683131,0.4343789052763436,0.03884851263396521,-0.0611394851998357,0.009567657565748912,0.05241861362797513,-0.11497434698298327,-0.0540045333121613,0.03341721528388309,-0.024601556838575324,-0.13389905034693886,0.021323556296853206
0.09382616131882304,0.0484482090565805,0.22307546378909354,0.12370845441799544,0.065576005612381,0.13830610868699936,0.12245955352581166,0.17896873295097726,0.053956491441328,0.10933398516319684,0.15357752985295486,0.16721702192229787,0.09670925166610556,0.09378045432778545,0.1783177928783303,0.1333954417651301,0.16464640115362653,0.11880648374559202,0.09207205911007325,0.17874631469555496,0.12381486842824684,0.22798560155072778,0.37294807274986846,0.38790281318793274,0.7740214870227238,0.14008292172900214,0.134059401160059,0.08859745877211812,0.3052187507785034,0.053752943655463216,0.01531067752282151,0.08525444320704159,0.06707762300062915,0.18806361229110788,0.15123048170789105,0.17052684796890924,0.18983612626362875,0.11545750492517433,0.1514677416344951,0.02632199608226287,0.11713987932517496,0.10310679963380544,0.14846247425427958,0.023938543261980055,0.13493819979656815,0.19213602429772092,0.17473240031111664,-0.05473804771320831,0.07087228652372414,-0.1347407715858244,-0.012085227661875026,0.07935399540378728,0.11149336415549926,-0.0431970573131286,-0.006948677583889466,-0.005859033909001724,-0.039415738880472055,0.017980642964472084,-0.02131106441554728
0.02707258015826643,-0.13397802062491004,0.12467500377597958,0.1277315235274217,0.10954078411702797,0.08850670573581998,0.027270186748206544,0.15034037006022904,0.05383610047102149,0.1180891918933083,0.09731698311601644,0.043853630332296806,0.10174238021098354,0.1529633754081468,0.14699181969736108,0.16863174362123762,0.08154540020089869,0.10548459998443377,0.05834408635683404,0.26889393301906106,0.11848072879682735,0.20929487776394684,0.2228028156652943,0.29996890603569687,0.14008292172900214,1.9055051263263278,0.09159871181040898,0.2900987123522493,-0.11419115337065724,-0.28685757457587535,0.1027616283731538,0.2548394329574164,-0.0887515128784008,0.1506560194859509,0.47414538491889996,-0.2090686477772767,-0.2491031009771416,0.11828438470853563,0.4124074030692273,0.30672898056092623,-0.6290859773687983,0.413797463804611,0.3834332908377234,-0.0480387466081794,1.0767590747022866,-0.16992500602248078,0.3062890428493429,0.24376547280966288,0.2807898783367081,0.048423698188562056,-0.005331734046897505,0.04897265698757363,-0.16587158102140517,0.03201946908572752,-0.021807283939637143,0.022709354464237417,-0.05305281820472652,0.11055230642151737,-0.10767662240665499
0.12958921935109657,0.10026971444064266,0.1685374772050504,0.08278225765963333,0.030086096594422376,0.1036858133777005,0.12436016753103264,0.1214955800040334,0.0797037053932267,0.10398215750579316,0.14134461852711216,0.1716711850024549,0.11100343793042235,0.08874926153024379,0.09003571713184459,0.18414094598857692,0.13660888015206873,0.05494979364865264,0.026338396826738716,0.29368355889794256,0.06841420824883115,0.1324303549509905,0.021346457359034943,0.025436149123426528,0.134059401160059,0.09159871181040898,0.7428972872110017,0.16489381694860253,0.0880235681894518,0.05645554981527893,-0.02621862017881879,0.1543406118966836,0.08308428552467301,0.08572475788410247,0.17253446871351752,0.21490748350174688,0.1972082076827061,0.159619602505018,0.11134339152440412,0.07413100479745083,0.14256894433071915,0.12137195052791602,0.24516128202078674,0.020382298249802894,0.1972925857384885,0.0470845172042814,0.05482793370721324,0.041444124841484596,0.17457403459816356,0.05155691853508516,-0.06224137195450143,0.06717036417853676,-0.025989517095354728,-0.032657114342773186,0.02970148722402229,-0.027226338563675425,0.051119110052411675,-0.009516663441792016,-0.027086972885018063
0.05642307004490013,0.08016314518878233,0.15448438554276814,0.051896378577452836,-0.0033203252525966127,0.030157271933799756,0.03680279935561873,0.07215382571641489,0.04397267290129164,0.08442920514643845,0.09443173610240725,0.007604983381096292,0.08135565620841972,0.11286389082547656,0.25417098598250476,0.13528014174022807,0.1108442158747248,0.1853979741219483,0.07109215681843183,0.3055983973337397,0.18228399207915194,0.06785312760132664,0.19991440294554708,0.33037166043599364,0.08859745877211812,0.2900987123522493,0.16489381694860253,1.3580650296119525,-0.06270060477863533,0.3413854068890316,0.3140590728032987,0.13399760945607,0.6864995014264101,0.007452822061992992,0.9620043415051011,-0.1048821530987995,0.46884611786713715,0.1421027883386135,0.35317637653244416,-0.07544677412508306,0.06456401878447933,0.314882134393627,0.18159005348313356,0.013137779693811606,0.2728084845976322,0.20834731011645624,0.3237695031850195,0.048053723394317197,0.37814199361250367,0.393104230144404,-0.02402941450831402,0.46064167697603814,-0.7334941439087999,-0.14695990908272014,-0.07304301745589238,-0.04614653387029826,0.012980966866294914,-0.04184492303332417,-0.023711847334018103
0.11885519915065343,0.10354875659520006,0.3733485200835448,0.15390230269641303,0.12031514584083815,0.17202030946155614,0.128099404761512,0.20037331116897508,0.06537604056240676,0.19096017873373503,0.17700941989528096,0.13288838426512714,0.18474696404403565,0.13102652432332157,0.21263021919779926,0.17808735763907638,0.14906500989732105,0.1716730196624862,0.16206360854344784,-0.07355734867846553,0.1854303765177839,0.22868979707019677,0.3941368298201883,0.027850229558101843,0.3052187507785034,-0.11419115337065724,0.0880235681894518,-0.06270060477863533,2.7429452351054313,-0.40356640661111254,-0.14522729842065962,0.13195702332347592,-0.19040198262014932,0.6433256613556064,0.008135884600709282,0.27325861556315967,0.5381288517324098,-0.06400020656758215,0.29262417867862195,-0.0017080392608338389,0.3902935587586216,0.011980772798877706,-0.25666193610603255,-0.0295764514865617,-0.202537525500783,0.21428743543676973,0.19276036709670874,-0.2992340403117337,0.10094759652491085,0.17876612817579046,-0.009667977390692464,0.07792866802869752,-0.06836415874781238,-0.022954318905070065,0.0890614288807149,-0.06023170435736021,-0.0790516073224301,0.06141487322878654,0.04051093342863145
-0.1155428915664703,-0.032453274168724164,-0.3972049353460313,0.028976286960793914,-0.011960308136163505,-0.07056883364355576,0.020454302196563894,-0.06382541152804821,-0.007508554532728058,-0.058771515848963105,-0.058604109529750203,-0.015345333852541606,-0.055268162986027033,0.036575806064036744,0.08777295038414352,0.10800087641483755,-0.19338246463086356,-0.05354940053848914,0.04487512730767639,0.37064477207800756,-0.007319875031292597,-0.2896907655830724,-0.15074096998166303,0.4469304419900319,0.053752943655463216,-0.28685757457587535,0.05645554981527893,0.3413854068890316,-0.40356640661111254,3.248502737329498,-0.38464565866569933,-0.0027477742862079624,0.36580204111068537,-0.16000402481100667,0.3165268263230109,0.8945089004080168,0.516999317128625,0.27836538498618535,0.09171719667452433,-0.2417412771274389,0.36290560695076246,-0.016357813812176495,0.17775043545078928,0.12014299969456585,0.1736256867586743,0.9979097157084466,0.5613415228968106,-0.6924897150666796,0.6414383290763812,0.026336152292740476,0.04821388177819978,-0.1949736290706714,0.11737751388267562,-0.07723875691208482,-0.24936110655187815,-0.0333520747941258,-0.04036186031940751,0.23661461685481022,-0.19651560769498025
0.13387960888250014,0.016405070966290826,0.1453646672331064,0.020897155236526195,0.12110615243610601,0.020273393926616697,0.03900778626190534,0.036989009307108044,0.12114140899209502,0.12945209628893067,0.12284986051505825,0.000948305023693923,0.02041430182920771,0.10418901000844964,0.16085869113821405,-0.05765343227194958,0.0954287392548402,0.12544920676207982,0.04781104697011166,-0.011503693699630222,0.3028500137881436,-0.0884622592230888,0.14114527074915192,-0.11368977816895605,0.01531067752282151,0.1027616283731538,-0.02621862017881879,0.3140590728032987,-0.14522729842065962,-0.38464565866569933,2.7038612002070996,0.09194200982042039,0.28814048461129144,0.11281525880518287,0.4543760353254471,0.38507433358366583,-0.5242842812021152,0.17460967166016458,0.2570868138448849,0.10717778208699434,-0.2375991969259236,0.1131659698684844,-0.12540365187283764,0.066666583798046,0.1477290230537306,0.19984464574834276,0.03556947298783638,-0.11100397501036943,-0.0797587059394856,0.026590113088172437,-0.014102429639635237,0.22643647776246406,-0.06444694293850423,0.004522879311610019,0.2059456877249944,0.04370325627930739,0.10838243249536805,-0.1331732860968485,-0.030210390216062064
0.1574890495030596,0.08683292567724606,0.13378300923046488,0.14503215465504238,0.0895069495475949,0.1314952303221514,0.10530981937362742,0.1181941684843084,0.08168033710677146,0.12558286113374442,0.09081013443150111,0.11769305584853745,0.12091028925625431,0.2604139132738321,0.10449042634774432,0.16320875062161572,0.1043605884359289,0.09229640178381286,0.07643857074726043,0.12428248530663934,0.08499452207804747,0.15765501847935123,0.02096660868123887,0.05213349604202774,0.08525444320704159,0.2548394329574164,0.1543406118966836,0.13399760945607,0.13195702332347592,-0.0027477742862079624,0.09194200982042039,0.5812513296408203,0.06536683616107916,0.20337555400302398,0.07339806718062034,0.05811926550634535,-0.15198903029842098,0.13734183702404815,0.16852836466907212,0.07720397423686012,0.010425980950105013,0.1666706239317559,0.13443657858270405,0.020739403065193906,0.17128605696049315,0.11154778795047705,0.17998818002580227,-0.09566106916608783,0.17608791692253353,0.05235514886630651,0.03841354303733356,0.04955740468211425,-0.25297813586596374,0.028406726489910262,-0.06433493916423982,-0.0723575031274178,0.2635945939556896,0.026552240107229483,-0.20257274854986018
0.16353026441683013,-0.03100161092535971,0.14683565867798667,0.030841034978555247,0.04720670260294792,0.08456538561340599,0.10027953376448216,0.02090465951383769,0.1474756400702056,0.043310428282282945,0.08989758127186145,0.0455307211352107,0.04113795946032605,0.1016343605742265,0.1620594281672128,-0.07714541452981477,0.14600114381373183,0.14432579653004016,0.04408850395224786,0.26364849323114603,0.19616406249629478,0.11559406995540886,0.46342256378186647,0.3243817709329007,0.06707762300062915,-0.0887515128784008,0.08308428552467301,0.6864995014264101,-0.19040198262014932,0.36580204111068537,0.28814048461129144,0.06536683616107916,2.002498674020742,-0.3676065054678021,-0.2774968613674249,-0.18962449080436666,0.9052738244858413,0.19490997887387546,-0.014200015620701513,-0.20557291619565182,0.19928650058208888,0.29326619912536,0.18469113879408203,-0.020759231066854997,-0.34305009035478345,0.39531253076017653,0.3413021802471624,-0.050565088140683064,0.5663822631305443,0.20034734199970444,-0.14045940148736896,-0.12791782616509378,0.20723861028894874,-0.24867427025235003,0.2209310659460578,-0.17017956242994678,0.1318261869646652,-0.1431003961930709,0.05026241935963393
