1.0031395367803528,-7.6211008872870435e-6,-1.8252099067519495e-5,-2.1232722132142304e-5,-2.2785510062515532e-5,-4.392479170875774e-7,1.2766709839345536e-5,-9.495383613854589e-5,-0.00012891081568079776,-5.9434747190559554e-5,-1.2966868756170907e-5,2.086518205675496e-5,5.708161181952639e-5,7.62625589074327e-5,6.864208049168937e-5,4.83463339192236e-5,3.340460590417307e-5,2.0055804143694724e-5,1.4318043047591554e-5,1.333303220598607e-6,-4.605411329948743e-6,-1.0274204208428953e-5,-1.2026480718416462e-5,-1.230217226053301e-5,-1.2602214267908357e-5,-1.087831586453065e-5,-1.004188411272828e-5,-8.911655751779993e-6,-6.6012147842302835e-6,-5.267101109808344e-6,-3.672907805355327e-6,-2.7322813695825026e-6,-1.964074242237857e-6,-8.96459648107333e-7,3.342948534614658e-7,1.5510656115198306e-6,3.128924481709822e-6,4.660724185865971e-6,6.39386318279934e-6,1.0236417742135468e-5,1.5461464649167195e-5,2.0579153943952123e-5,2.7055177255618106e-5,1.5679183384396556e-5,9.082693914341968e-6,4.891668848334717e-6,2.6190183077982513e-6,1.27121197422433e-6,5.986675730884046e-7,1.3591812871813284e-6,-1.0111970995621282e-5,-1.8349272409049646e-5,-2.5966057512948947e-5,-1.2241764812857477e-5,-8.506253882936727e-6,-2.2957355681054824e-5,-1.5145580677676063e-5,-1.0076605370213723e-5,-1.0605515250514266e-5
-7.6211008872870435e-6,1.003125304058537,-3.111276752993238e-5,-5.038813714830755e-5,-4.7669460739522795e-5,-2.047429040672474e-5,2.423682862910653e-5,-0.0001781905095106874,-0.00022763240236701302,-0.00010710410901079485,-3.584822534830361e-5,2.8108904643355878e-5,0.00011033659770662059,0.00015503822604053246,0.0001393269990876497,9.724506037060308e-5,6.620922443050131e-5,4.093889180118454e-5,2.8609070796054688e-5,3.038205181005737e-6,-8.396113970052683e-6,-1.8804673540896418e-5,-2.2011604028969417e-5,-2.2467456690757704e-5,-2.2963055569151924e-5,-1.98046954762805e-5,-1.8215150881726808e-5,-1.610003972185207e-5,-1.1907095546958749e-5,-9.472082586082357e-6,-6.699339364310101e-6,-4.941758549195379e-6,-3.5475281888285144e-6,-1.6332121663176047e-6,5.515144536137558e-7,2.7623981247892776e-6,5.602631751843046e-6,8.528764359947839e-6,1.1756940159797352e-5,1.8693268580066735e-5,2.8095100992894038e-5,3.72012224215726e-5,4.866613966607996e-5,2.8241601703729525e-5,1.6372342290962235e-5,8.823208529286175e-6,4.726477991103955e-6,2.298053190143293e-6,1.0856239930240199e-6,5.529961019685363e-6,-1.2905234362672961e-5,-2.2368558178020826e-5,-2.24772536810422e-5,3.4911326179511676e-5,-8.010088766141408e-6,-6.4655548449168e-6,-4.133518477574395e-6,-3.547336734898762e-6,-5.947725752083714e-6
-1.8252099067519495e-5,-3.111276752993238e-5,1.0030850134241904,-8.788847809636549e-5,-0.00010625724668965839,-7.026514661106777e-5,-1.6633950015909254e-5,-0.0002674040314960142,-0.000322023364884412,-0.00017290616146052866,-0.0001139031968745357,1.1522962951344783e-5,0.00019074131390493416,0.000291983045931151,0.00026533254887668804,0.0001810689443795349,0.00012551550524014704,8.050491150480726e-5,5.635861253821122e-5,7.81819564475703e-6,-1.2988146424144799e-5,-3.081476298747415e-5,-3.6296435699126306e-5,-3.695004741416775e-5,-3.771164918928877e-5,-3.245915489522768e-5,-2.9566246894345467e-5,-2.5926970086717392e-5,-1.8941025293203543e-5,-1.4946694364680028e-5,-1.055841328722579e-5,-7.877942684474756e-6,-5.835976351984381e-6,-2.846544180925227e-6,6.125042478540135e-7,4.021878763681089e-6,8.631362331094647e-6,1.3606227186158801e-5,1.9093060815748747e-5,3.0395052072167758e-5,4.564724838513627e-5,6.0444525635664185e-5,7.915276904793631e-5,4.582155931974481e-5,2.6513036697152382e-5,1.4280019151658941e-5,7.646918103412149e-6,3.7237983368661205e-6,1.7634205719586275e-6,1.0624124855039002e-5,-2.1000821445132403e-5,-4.240282945640172e-5,-5.540352210510508e-5,3.32682730210043e-7,-1.875225768227936e-5,-4.3099434037525954e-5,-2.8780426265289768e-5,-2.0336179371733476e-5,-1.998760811231289e-5
-2.1232722132142304e-5,-5.038813714830755e-5,-8.788847809636549e-5,1.0029796749188729,-0.0002726033440469441,-0.0003900252296969485,-0.00040019938647401583,-0.0002836405216046298,-0.00018264046176710144,-0.0001883898172843203,-0.0002875574917929936,-4.4275664365906316e-5,0.00033230004065977335,0.000550513754288019,0.0005085813090404948,0.0003468906375751117,0.0002454665355053302,0.0001637695912879559,0.00011405618343817942,1.698177415979076e-5,-2.307537859147911e-5,-5.583585849878713e-5,-6.563950391538959e-5,-6.646999058115762e-5,-6.75058090419029e-5,-5.788143098687512e-5,-5.2528366206132085e-5,-4.596791602160641e-5,-3.365052903671326e-5,-2.663807185110313e-5,-1.901724354428529e-5,-1.4420539293036085e-5,-1.0837543065022957e-5,-5.265842835427477e-6,1.008872124086638e-6,7.143458539001995e-6,1.541850644665888e-5,2.434062951735425e-5,3.413834078655794e-5,5.4161249319713236e-5,8.118229446780322e-5,0.00010745826674081679,0.00014071044727937375,8.140829570974542e-5,4.706878380554921e-5,2.533712135420497e-5,1.3562998442577752e-5,6.606351606853946e-6,3.1313616651051028e-6,4.399370009439339e-5,6.775582863182227e-6,-1.2647625465912337e-5,-9.606351170191665e-6,6.777856117708169e-5,-3.535736040760718e-5,-4.741010523910457e-5,-3.673217402247379e-5,-3.168285878498713e-5,-3.9362824897905286e-5
-2.2785510062515532e-5,-4.7669460739522795e-5,-0.00010625724668965839,-0.0002726033440469441,1.002492610639482,-0.0012916191233410446,-0.001719413026276616,-0.00013934239429376532,0.0005219176365313963,-2.6754437855163968e-6,-0.0005198419734575969,-5.5849901794702376e-5,0.0005853331151765846,0.0009732684084301292,0.0009127471649728999,0.0006258560211847924,0.00046000188224783065,0.000318230558514865,0.00022352869161218762,3.307727105462056e-5,-4.137965065918324e-5,-0.00010109943435036896,-0.00011848737183746967,-0.0001193173736061459,-0.00012061415714979545,-0.00010301194891963301,-9.30117453988233e-5,-8.120151163155746e-5,-5.959293420580397e-5,-4.7486722515790536e-5,-3.4571060708799185e-5,-2.7009358010622838e-5,-2.088940991757627e-5,-1.0035960325073387e-5,1.483240649853359e-6,1.26198632096914e-5,2.7606466700861374e-5,4.356860755926512e-5,6.113292418505739e-5,9.648020147283482e-5,0.0001442428434157665,0.00019094779419675625,0.00025018525717875604,0.00014454221244660382,8.34453385825713e-5,4.48686161194134e-5,2.399919192261339e-5,1.1691299123358846e-5,5.545920860559912e-6,0.0001310798574556376,0.00010540168481007425,9.952496381998292e-5,0.00012145973422546461,8.454988588653112e-5,-4.9309519437703284e-5,-7.569833790222435e-5,-6.530453026361474e-5,-5.765498266343963e-5,-6.88494265289837e-5
-4.392479170875774e-7,-2.047429040672474e-5,-7.026514661106777e-5,-0.0003900252296969485,-0.0012916191233410446,1.0000468292898643,-0.004728123878273457,-0.0004048600737883454,0.001724751704060926,0.0006616169872826588,-0.0001265541297692309,0.000531960001377418,0.0011518658889808407,0.0015392345994670906,0.0014731267481052166,0.0009998963317674847,0.0007694158265195056,0.0005500128847031164,0.0003820743552511243,4.4228065950093806e-5,-8.017162564144921e-5,-0.00018053111715872678,-0.00020821751440852133,-0.00020766084033350095,-0.00020877207663549922,-0.00017747290092423522,-0.0001603145450542371,-0.0001406960007531876,-0.00010518209028488159,-8.595582067937476e-5,-6.62788067422321e-5,-5.1638066843154454e-5,-3.9418987900338155e-5,-1.608215010866015e-5,4.916311237661038e-6,2.651122123973544e-5,5.292368551903526e-5,7.954513937161411e-5,0.00010905676658974518,0.00016889118532220678,0.0002501707907228578,0.0003288234698948036,0.0004273410677682251,0.0002477207998256842,0.00014330551202835115,7.708367108795042e-5,4.123539737636292e-5,2.0078982897441612e-5,9.520369644176835e-6,0.00031033859608126666,0.00033347847221393864,0.00037472780969404694,0.0004688399138664291,0.00017094402346026923,1.3196692345959855e-6,4.550042488843663e-5,-2.1413542689530426e-6,-2.2048412801886965e-5,-5.386900646695969e-5
1.2766709839345536e-5,2.423682862910653e-5,-1.6633950015909254e-5,-0.00040019938647401583,-0.001719413026276616,-0.004728123878273457,0.9940433270902127,-0.003585514141390197,0.0005093767004886866,0.0019503549698363226,0.0028903516497459114,0.0038082980435203686,0.0020693295330963916,0.0023218085139052177,0.0018608050052001314,0.0014295044912743962,0.0009784327947907634,0.0007457097794977982,0.00048439443800639886,-2.6453360414629858e-6,-0.0001715205101560912,-0.0003167995826616533,-0.0003543479358736217,-0.00034956919141523527,-0.00035019154769216654,-0.00029705981163590574,-0.00026908828697475045,-0.0002376978162770496,-0.00018039543228845302,-0.00015058455490694344,-0.00012469131508132555,-8.856956553329496e-5,-6.215774140598842e-5,-2.3881071818584338e-5,1.196401409769318e-5,5.0594376938781515e-5,9.48921769545425e-5,0.0001417968788433346,0.00019008689937394103,0.0002899328015976405,0.00042406198803594504,0.0005513125964915683,0.0007018022148267454,0.00041084473114213414,0.00023880132895504638,0.0001286267558049344,6.88450565407537e-5,3.3514648298402874e-5,1.5876483678823188e-5,0.0005314296183848699,0.0005790892861885388,0.0006401867409301131,0.0008196708348788128,0.00017508112813155503,0.00019481438044757266,0.000293099063598302,0.00011701965371255761,6.078187883797615e-5,6.654830969804553e-5
-9.495383613854589e-5,-0.0001781905095106874,-0.0002674040314960142,-0.0002836405216046298,-0.00013934239429376532,-0.0004048600737883454,-0.003585514141390197,0.990985165330909,-0.010588163144937686,-0.000882756537313994,0.00989662156811129,0.007614033499024879,0.005322878061920849,0.0009259213344387764,0.002274179909631833,0.0005738342874631885,0.0008677347178005182,0.000412793761923233,0.0004230643943652767,-3.363112673562924e-5,-0.00017447983347547351,-0.00029128843338507924,-0.0003226968412098377,-0.0003170905560894302,-0.00031827323408485604,-0.0002707021791474789,-0.0002397333853911317,-0.0002049643989488246,-0.00014528326850278078,-0.00010806739124890845,-8.616972559112215e-5,-7.076536621147548e-5,-6.136473500089347e-5,-3.020331031987312e-5,-5.234335131623656e-6,2.229305834454562e-5,6.235053766827615e-5,0.00010876463471180777,0.00016178403057349414,0.00025277500466877774,0.00037735225215611203,0.0004975915229933125,0.0006598260184631673,0.00037435953244231506,0.00021448593962899298,0.00011501187549375707,6.141117126007861e-5,3.0010305970154736e-5,1.4308122518535858e-5,7.708218577904015e-5,-0.00021227056174777216,-0.00041716455579551137,-0.0005078566472557978,8.590162523033837e-5,0.00048053923602127825,0.0007529630810781867,0.00041760570851864467,0.0003012514474288334,0.0002800445968305316
-0.00012891081568079776,-0.00022763240236701302,-0.000322023364884412,-0.00018264046176710144,0.0005219176365313963,0.001724751704060926,0.0005093767004886866,-0.010588163144937686,0.9870030549693493,-0.0009895737228274798,0.005162775464108153,0.012033583369547634,0.000936982946290645,0.005092191821800073,-0.0003981785046596963,0.001826797544199754,0.00036773242147562356,0.0005423334830746055,0.00014871735574403073,-5.234012736131494e-5,-0.00012018766949921267,-0.00020483999614750106,-0.00023161206093684936,-0.00022738084025556156,-0.00022842628684645606,-0.00019374761381673645,-0.00016663379318700416,-0.00013756089022311338,-9.246455632732023e-5,-7.033868818950198e-5,-2.5573156997401005e-5,-4.305052265668172e-5,-4.617585288324128e-5,-4.512620979156697e-5,-2.324094870609711e-5,-6.738601356211366e-6,1.930646254443243e-5,6.717389748100248e-5,0.0001056038564013642,0.00017686197941191732,0.0002666854293449746,0.00036510641235330756,0.00048300330098504756,0.0002788901093657123,0.0001571490864150383,8.309776719721374e-5,4.391595534056824e-5,2.1451304789223806e-5,1.0266949943491566e-5,-0.00026823343039776104,-0.0006907338074397772,-0.0009745505296227356,-0.0012744896533653947,6.22429534332385e-5,0.00040805861707972135,0.00047861218395276297,0.0002478988375781347,0.00018264673288399263,0.0002239223237099924
-5.9434747190559554e-5,-0.00010710410901079485,-0.00017290616146052866,-0.0001883898172843203,-2.6754437855163968e-6,0.0006616169872826588,0.0019503549698363226,-0.000882756537313994,-0.0009895737228274798,0.9936228468408742,0.0003846168954967471,-0.0069493646820467355,0.013642620033436125,-0.0019342808413029791,0.002973976163363945,-0.001127895118898608,0.0015606640492645187,0.00018754470994980027,0.000465562813067227,3.3781917406677874e-5,-4.829007439511692e-5,-8.897645251979066e-5,-0.00010486758736215532,-0.0001022983040492913,-0.0001043323987039755,-8.84764615984713e-5,-7.144510842149415e-5,-5.412307722082452e-5,-2.844726192314186e-5,-7.743090082409318e-6,-3.411570170802408e-5,-1.9049577743798942e-5,-3.631294476837539e-5,-9.356271476484806e-6,-1.1304478203327953e-5,-7.706091580113685e-6,1.0716503148961047e-5,1.9915837375090836e-5,5.177302852217914e-5,7.79878137685295e-5,0.00012085074833865412,0.00015840469973961866,0.00023517438377188712,0.00011659694517464689,6.451288080339221e-5,3.433158669493299e-5,1.8255891830479448e-5,9.101750428806872e-6,4.4778393469822515e-6,-0.00012595329380981477,-0.00025848919715356885,-0.00034963856764178307,-0.00039142708023024553,0.00038521580950948435,-5.120716638943189e-5,-0.00022210870002028368,-0.00021111081012006847,-0.00017873433307130857,-0.0001560424135195229
-1.2966868756170907e-5,-3.584822534830361e-5,-0.0001139031968745357,-0.0002875574917929936,-0.0005198419734575969,-0.0001265541297692309,0.0028903516497459114,0.00989662156811129,0.005162775464108153,0.0003846168954967471,0.9731772942770543,0.0049658344015746534,-0.0019372266357279093,0.011708801982463239,-0.005864353914813944,0.003102373981699107,-5.469717258651951e-5,0.0009626394046631346,-0.0002479580829218885,4.606499354153218e-5,7.602929298325602e-5,5.80157709400285e-5,4.017815437663289e-5,3.4919047421673605e-5,3.12018969268208e-5,2.6138183664454606e-5,3.074119650791042e-5,3.445946168428711e-5,3.312755238032416e-5,2.2221776493061266e-5,7.63133539844901e-5,2.511858370206459e-5,1.9953120400683977e-5,-2.5762159053511008e-5,-2.365302465936637e-5,-3.274668637321445e-5,-4.744541632985525e-5,-2.3747448461969117e-5,-3.152291661189457e-5,-3.035206389109035e-5,-4.4229817248248824e-5,-4.262909175461298e-5,-7.0556609649719e-5,-2.6778126155974095e-5,-1.8565636115494524e-5,-1.1280022294529528e-5,-6.518877471226264e-6,-3.1071495520859226e-6,-1.3665980088576083e-6,3.2027317700591377e-5,0.00015544423971910665,0.00021991008790128684,0.0004203294061524648,0.0006134106340613366,-0.000520859471177143,-0.00048646263705905005,-0.0004941021818565264,-0.00048245501075810666,-0.0004952558479569003
2.086518205675496e-5,2.8108904643355878e-5,1.1522962951344783e-5,-4.4275664365906316e-5,-5.5849901794702376e-5,0.000531960001377418,0.0038082980435203686,0.007614033499024879,0.012033583369547634,-0.0069493646820467355,0.0049658344015746534,0.9791121445369103,0.006016332254262222,-0.010167115618674765,0.006993354247271792,-0.002491400445462888,0.0015682956458478983,-0.0005294301609473992,0.0005307921453318652,0.0001884243651505459,0.00015266578960686531,0.00016722189545677774,0.00016370228835821345,0.0001549843270780018,0.00015174217086256245,0.00012856350964836842,0.00012040370480475393,0.00011156476906368949,9.204717961811978e-5,8.704086082123932e-5,1.85947910564812e-5,1.920148995942664e-5,-4.1279267783465475e-5,-5.835767428969345e-7,-2.2903564611359877e-5,-3.7735429133375526e-5,-3.765040001770873e-5,-8.62165735892017e-5,-8.679717532719421e-5,-0.00013370916853583796,-0.0001775840870252027,-0.00021371782757170053,-0.0002027540163257446,-0.00015280115428413177,-9.41243374929551e-5,-5.217937546303392e-5,-2.845660567378758e-5,-1.3911255637709429e-5,-6.565372517764765e-6,-4.2004921775159944e-5,0.00011699142039148306,0.0002284299212169656,0.00028938768052232317,-0.00019219888931774182,-0.0005252877074835177,-0.000978165501405398,-0.0006387261477701061,-0.0004904829719407527,-0.00040327543080810325
5.708161181952639e-5,0.00011033659770662059,0.00019074131390493416,0.00033230004065977335,0.0005853331151765846,0.0011518658889808407,0.0020693295330963916,0.005322878061920849,0.000936982946290645,0.013642620033436125,-0.0019372266357279093,0.006016332254262222,0.9729899969239104,0.002996783195964545,-0.0016426530028263802,0.005258490793755023,-0.003214338408557664,-0.0004441316114116673,-0.0010752688786679816,-5.1331083241995017e-5,0.0001435233312582353,0.0002218080170330419,0.00023353417126001748,0.0002232959923335445,0.0002205454338479459,0.0001854367423774824,0.00016671856441276143,0.00014656640996764232,0.00010523476473011458,6.873571783493507e-5,0.00011798769500666843,4.32773038313054e-5,3.5834135065274804e-5,-1.5073303112763438e-5,-1.9083122163635795e-5,-3.5052506389518286e-5,-6.971084995646691e-5,-7.903748008493861e-5,-0.00012316496031831273,-0.00017576980012885642,-0.0002606426120211027,-0.0003232989813250955,-0.000437967735739848,-0.00023366355227618236,-0.00013731252192477456,-7.521105894843497e-5,-4.071549272491742e-5,-1.997564965700377e-5,-9.512798494673082e-6,-0.0001708152877509832,-7.88101679703446e-5,8.529226093829474e-5,-0.00012861823105793225,-0.0010034130682517561,-0.00017355701937943758,-0.00030259184165093173,-0.0001298979563948698,-6.785964189808533e-5,-5.6898594361691106e-5
7.62625589074327e-5,0.00015503822604053246,0.000291983045931151,0.000550513754288019,0.0009732684084301292,0.0015392345994670906,0.0023218085139052177,0.0009259213344387764,0.005092191821800073,-0.0019342808413029791,0.011708801982463239,-0.010167115618674765,0.002996783195964545,0.9898098922474472,0.004414316477326948,-0.004105236937337482,-0.00011661218347854872,-0.0015107951901757808,0.00018801188341023876,0.00012505988248618106,0.000173650423459999,0.0002484698213188446,0.00026918749940638777,0.00025947890172214834,0.00025927415379663166,0.00021931173253030204,0.00019423106585061677,0.0001676223068154052,0.00011801484496572379,9.38822734600677e-5,2.4623072575968765e-5,4.231782878357408e-6,-5.2015012113968414e-5,-2.8552563983840892e-6,-1.8569541301236535e-5,-2.5016661389732507e-5,-3.123099157521325e-5,-0.0001011237481429382,-0.0001275283910344848,-0.00020727677776249032,-0.0002927355670676022,-0.0003650026804307763,-0.00040779005705664706,-0.00026397501244935015,-0.0001574955539759753,-8.649568471757964e-5,-4.687732208878929e-5,-2.3136647200988413e-5,-1.1098099139126844e-5,-0.00015605643765208331,-3.923155849938321e-5,7.239083019663632e-5,7.107708292387617e-6,-0.0004028758396130433,5.589048737462189e-5,0.00013826920027612858,0.0002024161362483047,0.00020646578859594736,0.00017682322416607806
6.864208049168937e-5,0.0001393269990876497,0.00026533254887668804,0.0005085813090404948,0.0009127471649728999,0.0014731267481052166,0.0018608050052001314,0.002274179909631833,-0.0003981785046596963,0.002973976163363945,-0.005864353914813944,0.006993354247271792,-0.0016426530028263802,0.004414316477326948,0.992444322905318,-0.0020471418347531834,-0.001424639323070233,0.0007698534550134669,-0.00042363070815016024,6.574127910965872e-5,0.00014778599773553804,0.00022322847205890746,0.00024985129770724746,0.0002453346292081938,0.00024688748155590615,0.00021036762849199102,0.00018307413461066764,0.00015540616709542094,0.00010488276433030295,6.880437063128296e-5,9.51149031824113e-5,2.836053480734228e-5,1.4164875972659386e-5,-7.834262150749655e-6,-1.0961834260329165e-5,-2.053926791757175e-5,-4.831426708832762e-5,-8.591420726239804e-5,-0.00013614363876598997,-0.0002016464974939168,-0.0002917303127334569,-0.00035987020115342235,-0.00045814940586484204,-0.00025664023492477905,-0.00015059810323607206,-8.237120153708743e-5,-4.4513982398668307e-5,-2.2051969503065397e-5,-1.0651700793047746e-5,-5.9011627082037224e-5,0.00010986819323847203,7.117152374888367e-5,0.0002485937823026533,0.00013947757684991342,8.761071697122456e-5,0.00017842554073105912,0.00023472184094521816,0.00023467482746276246,0.0002081190799076177
4.83463339192236e-5,9.724506037060308e-5,0.0001810689443795349,0.0003468906375751117,0.0006258560211847924,0.0009998963317674847,0.0014295044912743962,0.0005738342874631885,0.001826797544199754,-0.001127895118898608,0.003102373981699107,-0.002491400445462888,0.005258490793755023,-0.004105236937337482,-0.0020471418347531834,0.9986001787035325,0.0003203195517343296,-0.0006126932959967926,0.00019233587796158873,0.00011413564681309893,0.00012476388158697642,0.0001746825043027941,0.00020027612229106678,0.00019752487309859042,0.00019918143399054737,0.0001695498408548626,0.00014691912592417755,0.00012409720020751657,8.753181266319181e-5,7.201244472724073e-5,4.4824296095877326e-5,3.287315079253376e-5,1.294105528317694e-5,1.4583177120825105e-5,-1.0112880165853606e-6,-1.6124074169148454e-5,-3.306474526306945e-5,-8.040567528077916e-5,-0.00011075212106544921,-0.0001688357877628145,-0.00023791610404909195,-0.0003000492767356126,-0.00035655175947856514,-0.0002175057873302028,-0.00012698759504780973,-6.865059419137318e-5,-3.677997529885661e-5,-1.8136492235964517e-5,-8.739632926021774e-6,-6.187450238335811e-5,4.483342563812134e-5,3.430953228742727e-5,0.000118179205974276,1.585089633073286e-5,4.880023317975419e-5,7.603802050586684e-5,0.00015839464932570474,0.0001708797141679879,0.00015272829732788367
3.340460590417307e-5,6.620922443050131e-5,0.00012551550524014704,0.0002454665355053302,0.00046000188224783065,0.0007694158265195056,0.0009784327947907634,0.0008677347178005182,0.00036773242147562356,0.0015606640492645187,-5.469717258651951e-5,0.0015682956458478983,-0.003214338408557664,-0.00011661218347854872,-0.001424639323070233,0.0003203195517343296,1.0014493075142432,-0.0003794447810406206,-0.0003952553822954785,1.3765054535774955e-5,8.866231428187727e-5,0.00013228311119160163,0.000147430160547187,0.00014119814513266206,0.00013779850418553827,0.0001148083517198287,9.906999258830671e-5,8.336956917405585e-5,5.856650299009658e-5,4.463043132297718e-5,5.043022658684117e-5,2.943188157547411e-5,2.9545007292400563e-5,9.946120896360762e-6,-1.038691122415775e-6,-1.1776786713539864e-5,-3.149199642877365e-5,-4.7300177806924564e-5,-7.19371556813386e-5,-0.00010793552568813755,-0.00015950505454889497,-0.00020896963570865844,-0.00027774330229487495,-0.00015590849937151087,-8.949638228616042e-5,-4.8051974858407525e-5,-2.5655419884546e-5,-1.2580844743246854e-5,-6.028744577203531e-6,-8.540894417104882e-5,-4.171467202184676e-5,1.8769982515558332e-5,-2.210419567657998e-5,-7.213042280752036e-5,4.612441379522709e-5,9.683137712084759e-5,0.00012083242091712553,0.0001213430605432706,0.00011532462630734334
2.0055804143694724e-5,4.093889180118454e-5,8.050491150480726e-5,0.0001637695912879559,0.000318230558514865,0.0005500128847031164,0.0007457097794977982,0.000412793761923233,0.0005423334830746055,0.00018754470994980027,0.0009626394046631346,-0.0005294301609473992,-0.0004441316114116673,-0.0015107951901757808,0.0007698534550134669,-0.0006126932959967926,-0.0003794447810406206,1.002247093086454,-0.00021115900509047079,-8.173658999017345e-5,-1.4201045391926458e-5,5.313743401678213e-5,7.41679838312305e-5,7.352215805246844e-5,7.073905624645675e-5,5.6959105761051075e-5,4.7164582038100636e-5,3.641505137816501e-5,3.214808489336297e-5,4.080712481507903e-5,2.1346287483353317e-5,7.184336167819566e-5,0.00011001721036355172,5.130789673491026e-5,2.245873079918044e-5,-1.2953861558355165e-5,-4.1234855766873616e-5,-2.6435450807887233e-5,-3.700622560207472e-5,-5.212200268855205e-5,-8.683416585379915e-5,-0.0001420282934956208,-0.00022430343221613208,-0.00012231439527610966,-6.453722521140426e-5,-3.202462590285082e-5,-1.6159057739513897e-5,-7.605023683925015e-6,-3.537911220391012e-6,-5.965005597286444e-5,-3.624452200243609e-5,2.8145779256900904e-6,-2.4557475412462414e-5,-5.436938583817249e-5,2.0831126704574246e-5,4.041385691588949e-5,4.346848462005117e-5,4.414586208085461e-5,4.6845709899892623e-5
1.4318043047591554e-5,2.8609070796054688e-5,5.635861253821122e-5,0.00011405618343817942,0.00022352869161218762,0.0003820743552511243,0.00048439443800639886,0.0004230643943652767,0.00014871735574403073,0.000465562813067227,-0.0002479580829218885,0.0005307921453318652,-0.0010752688786679816,0.00018801188341023876,-0.00042363070815016024,0.00019233587796158873,-0.0003952553822954785,-0.00021115900509047079,1.002652160743263,-0.0001836542220936763,-6.788949918431628e-5,7.612106514820068e-6,3.3238685242692324e-5,4.2023596754751985e-5,4.700034790498656e-5,4.0897031691478914e-5,3.428244799366459e-5,2.2890665726892252e-5,4.469342212764203e-6,-6.7956468230240506e-6,-4.688378483487059e-5,1.7251579158864e-5,6.141569607806507e-5,5.340901969112777e-5,4.987053791587588e-5,5.140619593399298e-5,4.060617128249388e-5,3.074677597801176e-5,1.4661313762742732e-5,-1.497580189134557e-5,-5.482003842284401e-5,-0.00012316469934189374,-0.00023498795261549612,-0.00011440759804593243,-5.589103999174346e-5,-2.643003626848877e-5,-1.2848649891890435e-5,-5.920975301029259e-6,-2.713760426313055e-6,-4.7792061225929063e-5,-3.0230906798542966e-5,-1.535831044232228e-5,-3.1503638807582264e-5,-7.318047798184514e-5,2.1547114641269617e-5,3.1625691298018615e-5,3.3295886064004875e-5,2.8470129588310985e-5,2.8264178946978487e-5
1.333303220598607e-6,3.038205181005737e-6,7.81819564475703e-6,1.698177415979076e-5,3.307727105462056e-5,4.4228065950093806e-5,-2.6453360414629858e-6,-3.363112673562924e-5,-5.234012736131494e-5,3.3781917406677874e-5,4.606499354153218e-5,0.0001884243651505459,-5.1331083241995017e-5,0.00012505988248618106,6.574127910965872e-5,0.00011413564681309893,1.3765054535774955e-5,-8.173658999017345e-5,-0.0001836542220936763,1.003000647375436,-8.370443122739624e-5,-3.537914849923847e-5,-2.070354648763324e-5,-1.2523631185182764e-5,-7.635469175424052e-6,-5.0962297740516896e-6,-5.3817803475344675e-6,-8.10090998698641e-6,-1.1688296023604898e-5,-1.2747706498370369e-5,-2.338944575669646e-5,1.944059909674998e-6,2.7844564074268536e-5,2.485211811273123e-5,2.4248372257023847e-5,2.782866966851952e-5,2.5509480599328667e-5,2.7349029055994456e-5,2.425715084600788e-5,1.8026999035486204e-5,8.342794322295184e-6,-1.807300942460709e-5,-6.603009516965928e-5,-2.6515903511507252e-5,-9.73718150649616e-6,-3.2711338888671737e-6,-1.0689597217225273e-6,-3.2762111003667867e-7,-1.0543148144754936e-7,-7.446579398951142e-6,-8.491532141441845e-6,-6.1687712655233295e-6,-9.079152166384396e-6,-1.1222957805043003e-5,1.3864584123683889e-5,2.3891208512742336e-5,1.8543891343727955e-5,1.111754656171773e-5,1.116238543620824e-5
-4.605411329948743e-6,-8.396113970052683e-6,-1.2988146424144799e-5,-2.307537859147911e-5,-4.137965065918324e-5,-8.017162564144921e-5,-0.0001715205101560912,-0.00017447983347547351,-0.00012018766949921267,-4.829007439511692e-5,7.602929298325602e-5,0.00015266578960686531,0.0001435233312582353,0.000173650423459999,0.00014778599773553804,0.00012476388158697642,8.866231428187727e-5,-1.4201045391926458e-5,-6.788949918431628e-5,-8.370443122739624e-5,1.0030792589169306,-4.7552750977384474e-5,-4.165199275565241e-5,-3.681305063571514e-5,-3.4130479327865174e-5,-2.8806346740583415e-5,-2.535442568121811e-5,-2.25752634666279e-5,-1.4686236861958917e-5,-9.347154599479794e-6,-1.1212947531827115e-5,1.045915783234752e-5,2.4019591207154733e-5,1.4458143581805607e-5,9.741397630091707e-6,6.4998836124122514e-6,3.774413189965922e-6,1.5711886517634956e-5,2.0733049035981096e-5,2.962918893026241e-5,3.727764929806128e-5,3.499989279589008e-5,2.3884951093953767e-5,1.9364214153119445e-5,1.4000024315635861e-5,8.589166320382507e-6,4.944403474053338e-6,2.554978461715924e-6,1.2643684666404328e-6,1.1384364794100371e-5,-3.223098165304662e-7,-4.521725858944465e-6,-5.3801265749020626e-6,9.936532785192955e-6,6.4560082742820804e-6,1.2018937176937787e-5,8.07330976982524e-6,3.92905489710457e-6,5.545067008363612e-6
-1.0274204208428953e-5,-1.8804673540896418e-5,-3.081476298747415e-5,-5.583585849878713e-5,-0.00010109943435036896,-0.00018053111715872678,-0.0003167995826616533,-0.00029128843338507924,-0.00020483999614750106,-8.897645251979066e-5,5.80157709400285e-5,0.00016722189545677774,0.0002218080170330419,0.0002484698213188446,0.00022322847205890746,0.0001746825043027941,0.00013228311119160163,5.313743401678213e-5,7.612106514820068e-6,-3.537914849923847e-5,-4.7552750977384474e-5,1.003087780976775,-6.482229196505733e-5,-6.421790163291892e-5,-6.454722253454583e-5,-5.6229953108936074e-5,-4.81077175070372e-5,-3.9507020592460984e-5,-2.409514523657074e-5,-1.5250927186507079e-5,-1.1445282910745544e-5,7.334563219375139e-7,4.913883015286221e-6,1.6241895655750543e-6,4.0946464032436053e-7,3.8809662467006857e-7,3.8879439176720635e-6,1.9436203599794106e-5,3.2442214492695475e-5,5.168144925889604e-5,7.47579811340276e-5,9.213376884362614e-5,0.00011074953828221418,6.56089680456994e-5,3.866094862900213e-5,2.1183715533749104e-5,1.1443760053786732e-5,5.714935354790073e-6,2.788359518692576e-6,2.7704629934281422e-5,4.58617623697194e-6,-5.200520542193459e-6,-6.134635318411548e-6,1.8377228811849578e-5,-9.364379359076197e-7,-5.284307568234008e-6,-6.4032674458593815e-6,-6.854169992549371e-6,-2.3146780583667664e-6
-1.2026480718416462e-5,-2.2011604028969417e-5,-3.6296435699126306e-5,-6.563950391538959e-5,-0.00011848737183746967,-0.00020821751440852133,-0.0003543479358736217,-0.0003226968412098377,-0.00023161206093684936,-0.00010486758736215532,4.017815437663289e-5,0.00016370228835821345,0.00023353417126001748,0.00026918749940638777,0.00024985129770724746,0.00020027612229106678,0.000147430160547187,7.41679838312305e-5,3.3238685242692324e-5,-2.070354648763324e-5,-4.165199275565241e-5,-6.482229196505733e-5,1.0030724964616218,-7.632888018902249e-5,-7.808198434552283e-5,-6.876744274542724e-5,-5.747661689307781e-5,-4.548401671405926e-5,-2.629430454671619e-5,-1.545547395536723e-5,-1.055344257382852e-5,-2.7466712643581406e-6,-2.680656234374717e-6,-4.099170862769918e-6,-4.669141754314467e-6,-3.918547712599928e-6,2.2006083109486524e-6,2.0979309327083947e-5,3.8808604196834476e-5,6.223553220842471e-5,9.127007379445026e-5,0.00011554329279548638,0.00014467665964034958,8.337904987314536e-5,4.7963263498561784e-5,2.5907700142870016e-5,1.3864490049886953e-5,6.925828859222035e-6,3.397497856996914e-6,3.2177966227243445e-5,5.782131965745641e-6,-5.565685568727171e-6,-6.651749420618961e-6,2.1493614412345883e-5,-4.041496771940325e-6,-1.1069696655466876e-5,-1.1567654400143177e-5,-1.0982228086627563e-5,-4.351591006603974e-6
-1.230217226053301e-5,-2.2467456690757704e-5,-3.695004741416775e-5,-6.646999058115762e-5,-0.0001193173736061459,-0.00020766084033350095,-0.00034956919141523527,-0.0003170905560894302,-0.00022738084025556156,-0.0001022983040492913,3.4919047421673605e-5,0.0001549843270780018,0.0002232959923335445,0.00025947890172214834,0.0002453346292081938,0.00019752487309859042,0.00014119814513266206,7.352215805246844e-5,4.2023596754751985e-5,-1.2523631185182764e-5,-3.681305063571514e-5,-6.421790163291892e-5,-7.632888018902249e-5,1.0030685341239822,-8.156783874551731e-5,-7.25395365961939e-5,-6.046725065729072e-5,-4.781546346196517e-5,-2.8056236279766593e-5,-1.6980274787668778e-5,-1.268019122465376e-5,-6.667208419676124e-6,-7.395534320964243e-6,-7.373708886754131e-6,-6.48592676274739e-6,-4.6110376827436285e-6,2.963926078578658e-6,2.3536062218545853e-5,4.322938471911364e-5,6.733018193586551e-5,9.747418898740578e-5,0.00012300391733693604,0.00015439011808427976,8.85396766319812e-5,5.071822341901897e-5,2.73538107089518e-5,1.4636288123516434e-5,7.333570615115377e-6,3.6172574479275684e-6,3.286180300642407e-5,5.839155614763321e-6,-5.782178304039629e-6,-6.672891125273077e-6,2.192139280412865e-5,-5.954602712185816e-6,-1.375609912266469e-5,-1.3436698623252602e-5,-1.157962347042688e-5,-4.266642516843953e-6
-1.2602214267908357e-5,-2.2963055569151924e-5,-3.771164918928877e-5,-6.75058090419029e-5,-0.00012061415714979545,-0.00020877207663549922,-0.00035019154769216654,-0.00031827323408485604,-0.00022842628684645606,-0.0001043323987039755,3.12018969268208e-5,0.00015174217086256245,0.0002205454338479459,0.00025927415379663166,0.00024688748155590615,0.00019918143399054737,0.00013779850418553827,7.073905624645675e-5,4.700034790498656e-5,-7.635469175424052e-6,-3.4130479327865174e-5,-6.454722253454583e-5,-7.808198434552283e-5,-8.156783874551731e-5,1.003062067015092,-7.707480070807457e-5,-6.541490855726677e-5,-5.3976047763836316e-5,-3.5567829193043153e-5,-2.5576667990773867e-5,-2.3828337143837594e-5,-1.8938520095757146e-5,-1.745698683867348e-5,-1.3836422058744054e-5,-7.2509904256274956e-6,-1.4281001777858806e-6,9.315897482800396e-6,3.373863447882572e-5,5.542342078404107e-5,7.884144367633314e-5,0.00010858220917587306,0.00013345567563051506,0.00016475262275391592,9.492944368581675e-5,5.468036564697813e-5,2.968147947716437e-5,1.6005023257962593e-5,8.081009475846134e-6,4.025524308219116e-6,3.3573370813066605e-5,5.98399999337607e-6,-5.7688895156406975e-6,-6.824543378313332e-6,2.317979366664743e-5,-1.1871586534868492e-5,-2.2556372189321523e-5,-2.0993743366097804e-5,-1.6502756509101167e-5,-7.647033481162026e-6
-1.087831586453065e-5,-1.98046954762805e-5,-3.245915489522768e-5,-5.788143098687512e-5,-0.00010301194891963301,-0.00017747290092423522,-0.00029705981163590574,-0.0002707021791474789,-0.00019374761381673645,-8.84764615984713e-5,2.6138183664454606e-5,0.00012856350964836842,0.0001854367423774824,0.00021931173253030204,0.00021036762849199102,0.0001695498408548626,0.0001148083517198287,5.6959105761051075e-5,4.0897031691478914e-5,-5.0962297740516896e-6,-2.8806346740583415e-5,-5.6229953108936074e-5,-6.876744274542724e-5,-7.25395365961939e-5,-7.707480070807457e-5,1.0030759814306607,-6.286293682174565e-5,-5.617256090731052e-5,-4.4040818028623455e-5,-3.807207895704463e-5,-4.173482777852234e-5,-3.8904663059162086e-5,-3.261208083493186e-5,-2.3418029092821422e-5,-6.802707147989547e-6,5.4270372244564045e-6,1.9987921692873933e-5,4.771428408002829e-5,6.904375005690027e-5,8.688141596206081e-5,0.00010998279896356115,0.00012823937844222405,0.00015220720085549477,8.895202627275899e-5,5.203171874137834e-5,2.868839264548847e-5,1.573817091625048e-5,8.069684076973182e-6,4.096920293557084e-6,2.896602929396741e-5,5.180907014535681e-6,-4.9591641681059345e-6,-6.410806735115257e-6,1.9857889182961395e-5,-1.9210149444071542e-5,-3.15673428603793e-5,-2.812770499233741e-5,-1.989135959928649e-5,-1.0663770231372393e-5
-1.004188411272828e-5,-1.8215150881726808e-5,-2.9566246894345467e-5,-5.2528366206132085e-5,-9.30117453988233e-5,-0.0001603145450542371,-0.00026908828697475045,-0.0002397333853911317,-0.00016663379318700416,-7.144510842149415e-5,3.074119650791042e-5,0.00012040370480475393,0.00016671856441276143,0.00019423106585061677,0.00018307413461066764,0.00014691912592417755,9.906999258830671e-5,4.7164582038100636e-5,3.428244799366459e-5,-5.3817803475344675e-6,-2.535442568121811e-5,-4.81077175070372e-5,-5.747661689307781e-5,-6.046725065729072e-5,-6.541490855726677e-5,-6.286293682174565e-5,1.0030852125905667,-6.587895899744262e-5,-6.57746865328887e-5,-6.682958690907888e-5,-7.668422238765046e-5,-7.458920432025234e-5,-5.593734659720128e-5,-3.708294137913652e-5,-1.5603549766976672e-6,2.2646219773837024e-5,4.4062066606822826e-5,7.492527643298049e-5,9.218691135347381e-5,0.00010177299724647076,0.00011554710525492513,0.00012549660882438295,0.00014060362621494833,8.504777412080633e-5,5.1564618903151794e-5,2.9208731517872873e-5,1.6483036066908813e-5,8.534325715339045e-6,4.374057362731065e-6,2.705832600112866e-5,4.414635549785206e-6,-5.221607094071734e-6,-6.99435928204916e-6,1.792011458008486e-5,-3.015614892245862e-5,-4.3411503112418156e-5,-3.7867664162862154e-5,-2.4893711478570165e-5,-1.7471534584300356e-5
-8.911655751779993e-6,-1.610003972185207e-5,-2.5926970086717392e-5,-4.596791602160641e-5,-8.120151163155746e-5,-0.0001406960007531876,-0.0002376978162770496,-0.0002049643989488246,-0.00013756089022311338,-5.412307722082452e-5,3.445946168428711e-5,0.00011156476906368949,0.00014656640996764232,0.0001676223068154052,0.00015540616709542094,0.00012409720020751657,8.336956917405585e-5,3.641505137816501e-5,2.2890665726892252e-5,-8.10090998698641e-6,-2.25752634666279e-5,-3.9507020592460984e-5,-4.548401671405926e-5,-4.781546346196517e-5,-5.3976047763836316e-5,-5.617256090731052e-5,-6.587895899744262e-5,1.0030623999301016,-0.00010559685915037104,-0.00012027946643839203,-0.0001413935376811466,-0.00014507652974131487,-0.00010587522275848382,-6.76505376516269e-5,4.2234541689904e-6,5.3088087607624514e-5,8.923864390115855e-5,0.0001273953483659055,0.00014186284478909453,0.0001392076890014194,0.0001386842206442683,0.00013414733762954118,0.00013279304954400025,8.681046695305107e-5,5.625503602253194e-5,3.342588641927254e-5,1.974600045581377e-5,1.047001723423655e-5,5.504579200796519e-6,2.3164751584108484e-5,2.1322181503015574e-6,-7.087287467865666e-6,-8.626120412044439e-6,1.2700066876401154e-5,-4.9297631459194774e-5,-6.622305057686665e-5,-5.6251780384601416e-5,-3.37107443541046e-5,-2.7312745432973895e-5
-6.6012147842302835e-6,-1.1907095546958749e-5,-1.8941025293203543e-5,-3.365052903671326e-5,-5.959293420580397e-5,-0.00010518209028488159,-0.00018039543228845302,-0.00014528326850278078,-9.246455632732023e-5,-2.844726192314186e-5,3.312755238032416e-5,9.204717961811978e-5,0.00010523476473011458,0.00011801484496572379,0.00010488276433030295,8.753181266319181e-5,5.856650299009658e-5,3.214808489336297e-5,4.469342212764203e-6,-1.1688296023604898e-5,-1.4686236861958917e-5,-2.409514523657074e-5,-2.629430454671619e-5,-2.8056236279766593e-5,-3.5567829193043153e-5,-4.4040818028623455e-5,-6.57746865328887e-5,-0.00010559685915037104,1.0029802425660281,-0.0002187885770415918,-0.0002453278229070565,-0.0002967200897287196,-0.00023250891931275852,-0.000130597389596113,1.0516213313097809e-5,0.00012799619011595652,0.0002024398361427249,0.00022229454604430067,0.00023189243986330952,0.00020075566785057074,0.00017670912502572395,0.00014813706677609115,0.00011858319715218218,9.12745061100715e-5,6.494423433962539e-5,4.0825214806090277e-5,2.5369403188166004e-5,1.3830469920548432e-5,7.488858495325558e-6,1.5227381916033719e-5,-1.8867593636979462e-6,-9.897586680522246e-6,-9.091021070553805e-6,4.28438476278028e-6,-7.134960933600395e-5,-9.448676365127446e-5,-7.474466319983685e-5,-3.8761813462690156e-5,-3.4371539696848816e-5
-5.267101109808344e-6,-9.472082586082357e-6,-1.4946694364680028e-5,-2.663807185110313e-5,-4.7486722515790536e-5,-8.595582067937476e-5,-0.00015058455490694344,-0.00010806739124890845,-7.033868818950198e-5,-7.743090082409318e-6,2.2221776493061266e-5,8.704086082123932e-5,6.873571783493507e-5,9.38822734600677e-5,6.880437063128296e-5,7.201244472724073e-5,4.463043132297718e-5,4.080712481507903e-5,-6.7956468230240506e-6,-1.2747706498370369e-5,-9.347154599479794e-6,-1.5250927186507079e-5,-1.545547395536723e-5,-1.6980274787668778e-5,-2.5576667990773867e-5,-3.807207895704463e-5,-6.682958690907888e-5,-0.00012027946643839203,-0.0002187885770415918,1.0028045372612644,-0.0003136647489581427,-0.00045563475121566775,-0.00035386894184379487,-0.0001828473341308999,1.1475957619223687e-5,0.00022528518422039578,0.0003479123543465417,0.0003093297118241628,0.0003168531257666412,0.0002519325600556618,0.00020894121132004263,0.00016138795445243636,0.00010095735055387418,9.57723185389522e-5,7.414043187365676e-5,4.867435170216874e-5,3.1211454617024476e-5,1.7317501877922956e-5,9.532541128633735e-6,9.101852116789144e-6,-6.288830521604426e-6,-1.4188399319866353e-5,-8.81394247197618e-6,-1.6020585629675612e-6,-8.616375504065624e-5,-0.00011915140950664028,-8.532737794473979e-5,-3.9128115858973466e-5,-3.5777931778111774e-5
