0.8923819466971823,0.16626309131328118,0.293350976032101,0.013653557796591205,0.030028857064166185,0.10659182011568374,0.06576042167305139,0.05904065494532883,0.08893632634109967,0.06023271146866106,0.07572595823146322,0.0802999513313754,0.05033188217420922,0.08006040075833613,0.14272370622656436,0.06859380733396711,0.031370285495835225,0.09321260195695717,0.0336305497511555,0.060965747196050274,0.04081334415238281,0.07032765630125573,0.11402437592495945,0.06578293586268881,0.11935422040861748,0.021504323402468512,0.034790118087558705,0.07872941019021311,0.11523525681453846,0.09655999796931979,0.0707794968293554,0.08639557216608046,0.044804471162370324,0.08696861879533063,0.046958201929493376,0.02101311187010455,0.1123122500901205,0.0467481900647693,0.08924320750827051,0.01467310884938531,0.04366801848728153,0.02169822917734384,0.12579119693558904,0.017339854293725976,0.17877696163892387,0.15560522533494275,0.1239860009568525,0.01723237337959912,-0.022487505192900832,-0.07827234484151581,-0.019950540789462345,0.02993340542688608,0.07256954460451867,-0.01148123624029522,0.23820185614512313,0.005743398914217308,0.1451478042749285,0.14481031057772595,-0.5500948127610528
0.16626309131328118,1.5298684310403137,0.3279562509469326,-0.19531840677494,-0.08922224164998926,0.18043439978813505,0.17164642154827967,0.12230459009783655,0.19719785864737052,0.1032971108587666,0.14704012848012585,0.12593226417100348,0.12030392370015358,0.14659079520778226,0.33057455043885375,0.07173988549655297,0.025400507653767702,0.013451118668873496,-0.025767861606611236,0.11795264663336479,0.11017595571849281,0.08052808255731841,-0.20839049447355,0.045838748388293916,0.05649155059312937,0.20257999650965672,0.15963638785822046,0.11150084094167634,0.1149923247024621,-0.022315611468452054,0.12201324742553286,0.18899493722497812,-0.02691192487270456,0.10029775141367671,0.019231221029386417,0.22165471661027228,-0.008362171138650223,0.08709969582140321,-0.06770036405861142,0.030214687994928973,0.0921416954372884,0.10062785040820023,-0.07540600267812543,0.017675656638311294,-0.09355141693123697,0.1569565433588905,0.012170044273144462,0.08912300508007524,0.2970626230731089,-0.583676560412783,0.5293955111419546,0.022555660599172907,-0.014528877356812077,0.03570294153500368,-0.3503917341736734,0.11401832083761504,0.23334135524577565,-0.15769813802803728,0.1913997605088709
0.293350976032101,0.3279562509469326,1.7338226703304267,0.05443290686446069,-0.2787937537883488,0.3742275896866221,0.18307669308449137,0.3948843661618404,0.32587283579039694,0.4098654479871315,0.33118676138045144,0.2503240886840136,0.23717669904224514,0.24710711855128648,0.25422537770631626,0.20765091797718108,0.32029838693276547,0.31524266711493043,0.11540449446521366,0.36844717171989133,0.28634633946090987,0.2593276340515426,0.263264667973693,0.254862900395379,0.24756301742719766,0.19827546917829825,0.21928318894372653,0.3956387494263731,0.5076256069829378,0.06544088501233737,0.2527605970240964,0.239450321699625,0.13897521446653557,0.4269334753224077,0.2617836969328783,0.6696605720435477,0.22247937143922325,0.19677539989497836,0.3158151093541034,0.08584891770608713,0.3330161659762424,0.2940688298765142,0.30777828388665357,0.04709970563418686,0.4354374886273936,0.7434588592164892,0.33660040617307585,0.3047969645874214,0.1712881107939504,-0.16389763477185632,-0.020353603814500784,0.2112279880196983,0.03109648330300817,-0.10511695919416202,0.08598087770838062,-0.020581344007289858,0.0015549528451772464,-0.20494087089054,0.04764201962692412
0.013653557796591205,-0.19531840677494,0.05443290686446069,0.8251659768056162,0.4393289296652145,0.21848623688254462,0.2280060304382242,0.11917757234167628,0.04065136508999845,0.14952109019167056,0.10218959327685101,0.21257213009572695,0.12184679216529407,0.16023284946837674,0.11396675634650623,0.20630668325217358,0.16500923637528855,0.22549791113055415,0.10657714247899562,0.12364956349944031,0.1932893091482781,0.14379218665772533,0.292762661259132,0.1316487848302613,0.1749477387823704,0.1925101902149216,0.09903261145155677,0.03436821919325551,0.24731524323396134,0.19512368227369242,0.06146395826534358,0.06253792636148447,0.166361449522992,0.2536647217299374,0.08482487176710254,0.10847659884647202,0.08079583688373203,0.057545650548001114,0.17875331684176113,0.1141891684250241,0.08827854026030756,0.16100415578986782,0.32027963247751184,0.009616945137510357,0.1814955391280516,0.22483979548681832,0.26141848931779793,0.1415497718929607,0.21062937350799418,0.12901912833121806,-0.2690842331173379,0.053151620105772415,0.17184414054787234,-0.08102705332026572,0.02227674549296336,-0.0680753620294358,-0.5906755518744806,0.38053139831895605,0.21079199428015002
0.030028857064166185,-0.08922224164998926,-0.2787937537883488,0.4393289296652145,1.0483988996304283,0.22332445048649546,0.21983436316518068,0.07671357899398114,0.0222141063738609,0.0902274019953056,0.09683974018755653,0.19852958271006066,0.1129842072610332,0.19255412536596705,0.17266495292951536,0.2088197978741798,0.10400970474984716,0.19310349380948594,0.22123161792321897,0.07208680859872635,0.13476464786277514,0.12148638040810425,0.24312785617721763,0.12420442451442007,0.1630852907913287,0.26619910853205386,0.048811697138461764,-0.023035108460349837,0.14219143468131418,0.0611778085909066,0.13043589375961392,0.17414726115000806,0.13590207041265773,0.06837572105938924,-0.07235050669128355,0.17472239719823363,0.2376401670958448,0.0448039159430192,0.17371895772269155,0.12549997518035275,0.053209369238505236,0.12799176021544192,0.0419291711983589,0.007596025486825445,-0.06192649791934716,0.19994206848389737,0.16279648267226066,0.17539374406912805,0.3672481852975615,0.2881339202574316,-0.37722753732755254,-0.09994062205884126,0.24111794828364327,-0.041378429052980316,-0.05140264723407043,-0.013175736113732732,0.05369402704278629,0.00516107635002072,0.013085066634037612
0.10659182011568374,0.18043439978813505,0.3742275896866221,0.21848623688254462,0.22332445048649546,0.6125394293858882,0.11566233105432569,0.25833500928845476,0.20540369161498412,0.16166793304932361,0.21118797333757555,0.20367403299121492,0.17892794210963459,0.267153558812611,0.2278777931091068,0.2366992380283453,0.21823180170896272,0.13870182381885207,0.19301736470207537,0.3715103521760174,0.21508102016351463,0.20342743405627023,0.08700012335078662,0.16685662823368894,0.17769507258265704,0.2751233957019438,0.20760608023896557,0.20156253069843102,0.44643604968708933,0.06848645834417735,0.19018379448648892,0.2675214580513002,0.046071184261210076,0.219303824312564,-0.067206671725681,0.25132318149784133,0.37603192775166205,0.18951626962422358,0.2729819426132655,0.14160804107702188,0.16061034604839497,0.19157353427550358,0.18016812585793907,0.05585147542740187,0.13393852625105324,0.34575108601194976,0.25086882441769875,0.22116245482718824,0.5368635172677051,0.4131079331721312,-0.4883028266158953,0.11800020136716664,-0.06982009338722017,-0.016200719665273495,-0.020476879644944965,-0.04474605308739766,0.1007432869130612,0.004017430742756778,-0.03000767395328288
0.06576042167305139,0.17164642154827967,0.18307669308449137,0.2280060304382242,0.21983436316518068,0.11566233105432569,0.8106403017254873,0.16508787655059365,0.17678244730436724,0.16450831693490092,0.2572571758171831,0.29189030971737895,0.15302247364657326,0.23213300645706103,0.060029906000598786,0.247670375142653,0.20682863706082785,0.2633474836244062,0.011657595139341849,0.1234886241091797,0.20247846705292344,0.2230219384268491,0.41828224104084705,0.20923642869840683,0.23518271714169875,0.3015189794958366,0.12994930697692342,0.10553227968622733,0.17987360249298795,0.22596365804990212,0.13840187043888977,0.2391000381202653,0.17485331445780394,0.2184786266277788,0.01700344001988731,0.41087952523202126,0.07169417481185276,0.07631927080731736,0.24140400514315552,0.13780707992909028,0.16665749408994637,0.18902512609155456,0.14905518095096731,0.017278019112865767,0.054855278387293045,0.38573514726963376,0.2121706834967906,0.20010630883634126,0.46720502863133956,-0.09997240018990135,-0.13967652133125286,0.09717862033267859,0.2510063253205771,-0.1060171424879858,-0.10913271870936248,0.08756200457105105,0.021931013596006275,0.028687803795731038,-0.1261876724983661
0.05904065494532883,0.12230459009783655,0.3948843661618404,0.11917757234167628,0.07671357899398114,0.25833500928845476,0.16508787655059365,0.7058009707496375,0.06679626334391159,0.15623671099597758,0.29949249351722873,0.14193157934779627,0.22349899228752398,0.25392098443443023,0.12829950205947677,0.21684320607617985,0.24594710471088918,0.21934828906867926,0.12696866988624395,0.34112230704411917,0.15827043170673727,0.1548537433947903,0.1876641006109444,0.19685992671904143,0.2269535581957638,0.18883513556806822,0.27271879901048496,0.26476335648630367,0.3284353564427182,0.21379067208444055,0.1695743106057169,0.23609740815440852,0.1539335753565844,0.23852614446806977,0.13093417761499315,0.22831594226592028,0.25097698112275496,0.1780033946031543,0.263182240634614,0.15591798253414565,0.224889411496161,0.16357669673818348,0.227672336525259,0.03642564037639572,0.15169539391330616,0.43611313265322815,0.3338967786315306,0.25045027031028605,0.4340540285231066,0.0622484124797511,-0.11407487518917545,0.17486121910891536,-0.044957209020049196,-0.05847088522125965,-0.052506386299026146,-0.09798908165483809,0.1014514575320508,0.12305191761835309,-0.05674589446959492
0.08893632634109967,0.19719785864737052,0.32587283579039694,0.04065136508999845,0.0222141063738609,0.20540369161498412,0.17678244730436724,0.06679626334391159,0.5856374564232101,0.08707193825987496,0.12426836316746151,0.13470008776642198,0.08409531008761978,0.15569712855090698,0.06390412011246115,0.11950019312066357,0.1702659080253603,0.2213154271132921,-0.011483034411015494,0.13566755154771817,0.1686106750052981,0.2823408015756685,0.28135083324457905,0.1633487099151638,0.09622994950021366,0.369071789580665,0.11275838662938914,0.2184334674442035,0.10345644150290949,0.09621102229865827,0.14771923806336462,0.18979787116369679,0.1464527999814311,0.21909632127930206,0.13200650584754428,0.17847475931105725,0.05665019151509372,0.08483922870947176,0.23717304595957495,0.12044548494228044,0.18034590928953406,0.14114638058375698,0.20505365178448975,0.03390961956547279,0.17687136815541105,0.2750189441247765,0.23481402605394056,0.04917790883202982,0.380143520315833,-0.06597304986730097,-0.05184671654175155,0.014678213325291114,0.11620644617937952,-0.021342260545378144,0.003500483859223673,0.08283454658396583,0.06328368579479764,0.004223475834621738,-0.17498532883696394
0.06023271146866106,0.1032971108587666,0.4098654479871315,0.14952109019167056,0.0902274019953056,0.16166793304932361,0.16450831693490092,0.15623671099597758,0.08707193825987496,0.6054288332531209,0.12322037745699276,0.1832657245178453,0.15882714275514553,0.15742079226096106,0.1428962087466742,0.15625526525443362,0.23783159016939776,0.22120388996167856,0.043030413571587954,0.21899868418089957,0.15723376848583556,0.12451801847739116,0.18264032590933807,0.17809950610175426,0.17175877188385158,0.16938049896788407,0.17414424718824464,0.2387467734731841,0.26453209107502995,0.21374875552687228,0.17504705539909865,0.13695155384960644,0.11005134029949992,0.2243526790448597,0.2700559053928904,0.3288346264265725,0.1876047320174407,0.11077569163976948,0.17760098694365228,0.14941675239595792,0.2630351819725794,0.17949901345517552,0.1727732636187571,0.01852361109808499,0.17183709321274154,0.43195664766497943,0.3096048476261955,0.23550578217238807,0.3000786062989053,-0.04326374611176372,-0.037967885379788596,-0.13614183809794136,0.1429153438882176,0.030111926580985944,0.03984151042283042,0.06130980263071486,-0.06934372234143073,-0.25156289286831485,0.19998264410973368
0.07572595823146322,0.14704012848012585,0.33118676138045144,0.10218959327685101,0.09683974018755653,0.21118797333757555,0.2572571758171831,0.29949249351722873,0.12426836316746151,0.12322037745699276,0.46227914270392867,0.19237171074556741,0.17770695549406865,0.21986556694821005,0.16075031388531713,0.19872984774616556,0.2721725470310518,0.19328013757290283,0.08675018951271714,0.2922458589863508,0.18570887763434732,0.15863105979492706,0.21539568228583766,0.19770930325466055,0.18792117254583043,0.07936283742843638,0.25222386402035657,0.2756820321188774,0.26596580836001027,0.1892364557157427,0.19129724328257613,0.20008287394501853,0.16239881692886865,0.17890642519650493,0.1144351154200038,0.3097686214413851,0.25471035259965186,0.15748157784369848,0.24470168292450817,0.1516808729608694,0.18736789245702326,0.18864302526463933,0.18660464951495995,0.02879657930187408,0.21274661665723568,0.4260940167318487,0.26646619284057266,0.21884004207566493,0.21728336109039306,-0.0600374096573323,-0.056010887244688265,0.08589688794877606,0.08743961946432423,-0.050591841877493784,-0.05950600850045613,-0.039307570311137,0.1001043971978049,0.03383817535024377,-0.07640065548351982
0.0802999513313754,0.12593226417100348,0.2503240886840136,0.21257213009572695,0.19852958271006066,0.20367403299121492,0.29189030971737895,0.14193157934779627,0.13470008776642198,0.1832657245178453,0.19237171074556741,0.5588720776354859,0.12208634993695096,0.19877999818319803,0.17495156731857614,0.24065486370841052,0.21888867007463245,0.21615895847987932,0.09226999749057681,0.18020799779893232,0.17447123516825444,0.16148405000033256,0.2314914016869139,0.16063763816640175,0.21000414762847852,0.12137274462536277,0.23893436223126838,0.08732844364121223,0.1463618231522349,0.14926720071224944,0.1425172770229777,0.19154627442550748,0.14869145800951594,0.16144122108951658,-0.038267311325501416,0.2651280060361902,0.0903673618136743,0.10514208275358776,0.19707721619121182,0.13265855057203563,0.10259735535235019,0.16255494904585535,0.11741270491399994,0.030061515446276593,0.11359489784090414,0.32887883096205445,0.2321516491391664,0.22013753595341753,0.45906044014554603,-0.18171580854685299,0.03885703277920699,-0.05372954830800469,0.17589856720822153,-0.008848763485895797,-0.12911754236251516,0.016864805465413888,-0.08576002562750368,0.05502970907101432,-0.009948460148013077
0.05033188217420922,0.12030392370015358,0.23717669904224514,0.12184679216529407,0.1129842072610332,0.17892794210963459,0.15302247364657326,0.22349899228752398,0.08409531008761978,0.15882714275514553,0.17770695549406865,0.12208634993695096,0.3182808250218986,0.15666286334988394,0.07646748282979814,0.16474065488555986,0.17115652389101077,0.15395662261717186,0.07723587183905771,0.1986334514542157,0.11944018996152042,0.15655540578447558,0.14859722279325066,0.16855659676479806,0.14392418433347448,0.08251442784379827,0.19249095861449703,0.16734680814170894,0.31803191647727247,0.15367307564223928,0.13086997663571356,0.1575299537733208,0.11668864444176583,0.1932238010047931,0.18012960110076756,0.21834505974697394,0.1721319815827074,0.10555039392804225,0.17617780726069227,0.10869608968014262,0.18626949692828837,0.13374511722765103,0.12090412718950481,0.029668865310628675,0.037923104044940745,0.33868330450579587,0.2229697381249825,0.13907063174118775,0.25583879919724595,0.12822211334722877,-0.07725456170296789,0.03722221728451618,-0.04675301522478053,-0.046408175229598975,-0.03139115094990345,-0.0969688683967863,0.030485845363739265,-0.08594994844986936,0.17046027022837845
0.08006040075833613,0.14659079520778226,0.24710711855128648,0.16023284946837674,0.19255412536596705,0.267153558812611,0.23213300645706103,0.25392098443443023,0.15569712855090698,0.15742079226096106,0.21986556694821005,0.19877999818319803,0.15666286334988394,0.49517446248408664,0.2110638394066785,0.28650403773231664,0.1744246452969885,0.18870479591713898,0.10486961883831354,0.3180196070560714,0.20595537381754522,0.20264621086893925,0.22649279344772832,0.2272410500484403,0.19146017492013231,0.31960976686446996,0.11363250020178427,0.12493957903599737,0.26716330384621695,0.19181707892282662,0.19059468922460254,0.34419591620154766,0.12175903735277092,0.19574362461008676,0.0679798807363831,0.30142889249001376,0.2247763388896307,0.17076451447796034,0.26688560879636586,0.18237856808946176,0.20570699171287288,0.19167669787823258,0.20551083124894645,0.032184605560035114,0.15089424040341864,0.38342970695161266,0.3033021283924119,0.2503801124212381,0.6068309642148085,0.024089546025718913,-0.21239530748755417,0.032048756609120016,0.15936267058812362,-0.01491963447508173,-0.03512441561867049,-0.012706160729974068,0.09284434097007323,0.010202105130040797,-0.023869023280091883
0.14272370622656436,0.33057455043885375,0.25422537770631626,0.11396675634650623,0.17266495292951536,0.2278777931091068,0.060029906000598786,0.12829950205947677,0.06390412011246115,0.1428962087466742,0.16075031388531713,0.17495156731857614,0.07646748282979814,0.2110638394066785,0.7289344473634919,0.12770649880893525,0.11362485251008045,0.12011847026651412,0.09492711456506898,0.21090978649846365,0.15123772668280902,0.05620636889283901,0.3576049294383686,0.19720445088648159,0.25140752317781045,0.09642985292669666,0.18548933313917113,0.08535497945153918,0.14398847470905804,0.1936105719781337,0.1277854964424867,0.1478941873359612,0.1632602992002161,0.1482578969619703,0.04025168899324789,0.18327516508442357,0.30271911777739063,0.1176789812742064,0.20033605117358075,0.14283062273455863,0.08718744825196001,0.15855774187862862,0.1850237598734938,0.0425687164998005,0.2069960066915321,0.3316090581919356,0.25375854855152574,0.28857770305270364,0.2780986122884294,-0.1450043974160953,-0.13482430531179504,0.06865827416659137,0.17952455433635411,0.025693781605403778,-0.0026724835298704303,0.054034787049632674,0.006223693508389584,0.02622216522321629,-0.03953728078331957
0.06859380733396711,0.07173988549655297,0.20765091797718108,0.20630668325217358,0.2088197978741798,0.2366992380283453,0.247670375142653,0.21684320607617985,0.11950019312066357,0.15625526525443362,0.19872984774616556,0.24065486370841052,0.16474065488555986,0.28650403773231664,0.12770649880893525,0.4585899974628141,0.20956308115009661,0.14569712238334753,0.11487212057885035,0.24163621884633046,0.17557066087934642,0.2535926546391061,0.19525659741311616,0.2068505629922855,0.18445931981667024,0.09196441968230139,0.19371601905695846,0.21783082471373844,0.3014573797426436,0.18835889665684516,0.1529107533111928,0.23240562688179675,0.12853856789721735,0.19654669182790646,0.1308631853345307,0.2260367864267107,0.23264624301323175,0.12881783662432786,0.2679050329191918,0.1557589967830024,0.19339959802222478,0.16456639668371761,0.23913819222767305,0.03859481339229773,0.2040495606545598,0.3136001748811491,0.2697207332353341,0.11270324057495498,0.39889964656519966,0.033629439546599145,-0.21498331424584102,0.07548618683794313,0.128572003325217,-0.019920853229154864,-0.020637122380826534,-0.03238628547559204,-0.024923530442988062,0.050009656786853485,0.016369134194170035
0.031370285495835225,0.025400507653767702,0.32029838693276547,0.16500923637528855,0.10400970474984716,0.21823180170896272,0.20682863706082785,0.24594710471088918,0.1702659080253603,0.23783159016939776,0.2721725470310518,0.21888867007463245,0.17115652389101077,0.1744246452969885,0.11362485251008045,0.20956308115009661,0.7593056251572021,0.1253921491533524,0.1063129132394458,0.33158954741276864,0.22166756349359232,0.1986516511477838,0.19552813583781617,0.20723244631849344,0.18964190067297124,-0.1490231295983234,0.3713294621972109,0.946474117230223,0.3197707679648521,0.180580208903308,0.21739586891043422,0.12965395348586922,0.2998013467597263,0.14002366085608567,0.13266751842721747,0.3216674947451421,0.5319828836322176,0.17582605803898302,0.2235612163578655,0.14717079071783004,0.37370478756476955,0.24397073720145734,0.30799247649000955,0.02630553072819443,0.28248639918940666,0.4621325586349537,0.3558285788685492,0.25650373902177215,0.27488839513503943,0.0839894948854872,-0.19914888395700805,0.06780314264934605,0.05940516792337544,-0.052055494886573295,0.05560737501089226,-0.06857605815232629,-0.05161733992734061,0.038871965057582704,0.029756393464800926
0.09321260195695717,0.013451118668873496,0.31524266711493043,0.22549791113055415,0.19310349380948594,0.13870182381885207,0.2633474836244062,0.21934828906867926,0.2213154271132921,0.22120388996167856,0.19328013757290283,0.21615895847987932,0.15395662261717186,0.18870479591713898,0.12011847026651412,0.14569712238334753,0.1253921491533524,1.3143610584685816,0.08179034668328239,0.04322923678841876,0.28600603442505734,0.23385611603955508,0.6798907839026717,0.178274135008522,0.2908941857016041,0.6244699727981888,0.1770029915870058,-0.09040583488274831,0.2720244795946909,-0.00847477026941718,0.2987574533219835,0.18888983970841353,0.22220252319943207,0.3455766302327274,0.2090683746109012,0.3424472393000292,-0.04737897702730792,0.04418137675430217,0.35577160887532405,0.3112926416721757,0.33838714315997764,0.2575721805725491,0.17286945174200977,-0.01259435235305028,0.11678608660908456,0.6419021631736265,0.5409647831220541,0.26505032794669703,0.4130864093428039,-0.3098159195892419,0.22323502580925403,-0.27552514762889835,0.21793590763966403,0.08503530911827864,-0.06664403660557222,-0.052654440739476296,-0.04735378696398053,-0.0423740781130833,0.1269532355094061
0.0336305497511555,-0.025767861606611236,0.11540449446521366,0.10657714247899562,0.22123161792321897,0.19301736470207537,0.011657595139341849,0.12696866988624395,-0.011483034411015494,0.043030413571587954,0.08675018951271714,0.09226999749057681,0.07723587183905771,0.10486961883831354,0.09492711456506898,0.11487212057885035,0.1063129132394458,0.08179034668328239,0.5248171504798761,0.04837140286938462,0.10722684091016565,0.07750640536445397,-0.02032659120997819,0.08393425925261147,0.12869915227398535,-0.10197799021842854,0.13009820545120276,0.04188570338858184,0.11425741709192445,0.047895691601624116,0.1206774783881999,0.1044157380118445,0.09871306450611105,0.06947680045148877,-0.05159410590254035,0.22605332155123592,0.1663038958825585,0.04036295924370789,0.21863332688503592,0.04684199676110249,-0.041753122763171495,0.09708131060801456,0.07389915641949701,0.02401957278922829,0.16768984745852542,0.1531668538379636,0.04339699434049502,0.10538674458943656,-0.04769282914436589,0.08325942699222645,0.08269810890064026,0.23564606563501353,-0.25387482670886063,-0.15287959597729167,-0.0024568857716720815,-0.049784668733119104,0.06251625778524501,-0.007781791581518044,-0.004275391570711155
0.060965747196050274,0.11795264663336479,0.36844717171989133,0.12364956349944031,0.07208680859872635,0.3715103521760174,0.1234886241091797,0.34112230704411917,0.13566755154771817,0.21899868418089957,0.2922458589863508,0.18020799779893232,0.1986334514542157,0.3180196070560714,0.21090978649846365,0.24163621884633046,0.33158954741276864,0.04322923678841876,0.04837140286938462,1.4214156767502826,0.297411892253073,0.13066270662779184,0.05277916727618662,0.2909051731915852,0.1714213451025006,0.0877575174226133,0.4730800564509364,0.34257227523089223,0.5214771338873413,0.5633690010522917,0.38777685031272335,0.26394118037296677,0.12217201161731454,0.3204916293598126,0.04630695094187415,0.49058897099110876,1.008675041859719,0.6693467809148147,0.7481092716703645,0.3924795291367116,0.33031746064012374,0.345125870603659,0.38452174246174187,0.10164590700762796,0.49915271074511636,0.5582109284011302,0.42936565603631754,0.7031503888139748,1.1070618236373,0.21846554676928812,-0.46557933064162715,0.08958153008460337,0.22800137283712976,-0.07348225948999461,0.05083082944468986,-0.13383385154677813,0.14989336774979328,-0.07748080118412402,0.0698199388670827
0.04081334415238281,0.11017595571849281,0.28634633946090987,0.1932893091482781,0.13476464786277514,0.21508102016351463,0.20247846705292344,0.15827043170673727,0.1686106750052981,0.15723376848583556,0.18570887763434732,0.17447123516825444,0.11944018996152042,0.20595537381754522,0.15123772668280902,0.17557066087934642,0.22166756349359232,0.28600603442505734,0.10722684091016565,0.297411892253073,0.6251196787589351,0.1789514920852014,0.23324007554349435,0.17534158298491231,0.15090298606493308,0.2053355916167369,0.18148905264130552,-0.09323947384274174,0.273114954648347,0.2714278592317845,0.24574243353711614,0.16751283495820565,0.1482615150011918,0.1802341881853172,0.23418632691982472,0.5971089688491767,0.17406466808850612,0.17729166386793824,0.3442738100544114,0.35916244741057646,0.2326025130804305,0.49667795558486544,0.3590268716651977,0.0356413098352033,0.5165963775233866,0.5499277296536114,0.3745790076765191,0.4617651518246979,0.468476077022168,0.011439997160977324,-0.09013158965062303,-0.006231172850241134,0.05361045044413935,-0.0028723141381848563,-0.0568052465455511,-0.04141169076302801,-0.13722326169446242,0.019781904047030213,0.1707558144982424
0.07032765630125573,0.08052808255731841,0.2593276340515426,0.14379218665772533,0.12148638040810425,0.20342743405627023,0.2230219384268491,0.1548537433947903,0.2823408015756685,0.12451801847739116,0.15863105979492706,0.16148405000033256,0.15655540578447558,0.20264621086893925,0.05620636889283901,0.2535926546391061,0.1986516511477838,0.23385611603955508,0.07750640536445397,0.13066270662779184,0.1789514920852014,0.5083122261817454,0.2901144563915124,0.18795119252503936,0.14125080817481028,0.1956424948600781,0.17598367789532804,0.21834928673173618,0.29003818972861106,0.1336830618429962,0.15056367958118186,0.21228214677808768,0.15400944460734006,0.2660115818041125,0.10937186458641672,0.22016907580660247,0.09113782894526268,0.08156603944393759,0.35919622860085587,0.11942422677628009,0.23297727220928968,0.14707866479044632,0.25203447062336154,0.051926951660717834,0.2022323567927282,0.2962223709805632,0.2781860062787533,-0.13401824056807882,0.39633612790234407,0.041995389271365174,-0.15295097691118392,0.09429292995101585,0.07610911195273848,-0.07584510883085649,-0.016320985422576317,-0.0009743261569050164,-0.01234820226841056,0.015065035148402073,-0.014218959182886924
0.11402437592495945,-0.20839049447355,0.263264667973693,0.292762661259132,0.24312785617721763,0.08700012335078662,0.41828224104084705,0.1876641006109444,0.28135083324457905,0.18264032590933807,0.21539568228583766,0.2314914016869139,0.14859722279325066,0.22649279344772832,0.3576049294383686,0.19525659741311616,0.19552813583781617,0.6798907839026717,-0.02032659120997819,0.05277916727618662,0.23324007554349435,0.2901144563915124,1.7908095238800714,0.4776753097876696,0.5364976929768691,0.30855912061489565,0.0473963779458951,0.10403982721887006,0.20592988486000943,0.4342003024291922,0.03647876892038144,0.18108394756995835,0.514026505789896,0.4313779466936057,0.10366029457780436,0.3007522400846716,0.2816361136592019,0.029779594385609526,0.6856643668089809,0.34992852858169715,0.22573176001134349,0.2364145432054203,0.41993981100230937,0.08561018274434122,0.3433217473731227,0.7194589238349537,0.6713425497256057,0.4156098053839849,0.5705885002745889,-0.024383332331957684,-0.3205682442647638,0.07460234960100987,0.3704233365903309,-0.07707747767701349,0.13186734183537135,0.0012795876493525704,-0.11861955500253316,0.084044144958181,-0.10222658899067745
0.06578293586268881,0.045838748388293916,0.254862900395379,0.1316487848302613,0.12420442451442007,0.16685662823368894,0.20923642869840683,0.19685992671904143,0.1633487099151638,0.17809950610175426,0.19770930325466055,0.16063763816640175,0.16855659676479806,0.2272410500484403,0.19720445088648159,0.2068505629922855,0.20723244631849344,0.178274135008522,0.08393425925261147,0.2909051731915852,0.17534158298491231,0.18795119252503936,0.4776753097876696,0.6964512865531649,0.2551829216317004,0.016831086886247845,0.2541547976318692,0.38198756237080855,0.11827637985953465,0.42682421695594924,0.21472048938888844,0.2744923549421051,0.4503344999466638,0.27451651294163976,0.26214202744554127,0.2522778652829326,0.35467218710593107,0.1775127762384727,0.25028722147829563,0.1967057459116071,0.14917581479618178,0.2016262732710901,0.279631122732698,0.050979561457535995,0.18013996264849558,0.4800003147664788,0.4030530320963939,0.3228574792500538,0.43937800867592886,-0.09427038377755101,-0.04541673340060647,0.0556493076644385,0.11442946279773343,-0.07198915517432335,0.14455016105424606,-0.09667150206382222,0.11395567629065435,-0.12500327958652954,0.07295905365492796
0.11935422040861748,0.05649155059312937,0.24756301742719766,0.1749477387823704,0.1630852907913287,0.17769507258265704,0.23518271714169875,0.2269535581957638,0.09622994950021366,0.17175877188385158,0.18792117254583043,0.21000414762847852,0.14392418433347448,0.19146017492013231,0.25140752317781045,0.18445931981667024,0.18964190067297124,0.2908941857016041,0.12869915227398535,0.1714213451025006,0.15090298606493308,0.14125080817481028,0.5364976929768691,0.2551829216317004,1.0910007548431109,0.1783597279161793,0.23648891720323542,0.12193324888062844,0.2651862843579556,0.34902236511031454,0.09861698083666405,0.18755948698007496,0.1395464369527407,0.40398881656355806,0.20485041589690273,0.2375585659579667,0.16441410393731412,0.09796931707622039,0.3977970422871793,0.1580392762566635,0.21745329870317276,0.15970005796699444,0.3135562178444139,0.06589481150911075,0.3996857064889231,0.5078130888875694,0.36614959976092115,0.1276190919196282,-0.072231600676569,-0.12316017655488536,-0.009950164440919737,0.1735860542360079,0.09446552509302444,-0.08789110253640423,0.023851822912907102,0.02402744426919365,-0.00395358927658635,0.05068395219396478,-0.1253658814942287
0.021504323402468512,0.20257999650965672,0.19827546917829825,0.1925101902149216,0.26619910853205386,0.2751233957019438,0.3015189794958366,0.18883513556806822,0.369071789580665,0.16938049896788407,0.07936283742843638,0.12137274462536277,0.08251442784379827,0.31960976686446996,0.09642985292669666,0.09196441968230139,-0.1490231295983234,0.6244699727981888,-0.10197799021842854,0.0877575174226133,0.2053355916167369,0.1956424948600781,0.30855912061489565,0.016831086886247845,0.1783597279161793,4.046746734660243,-0.7474006736386333,-0.8501434799828923,-0.5838918261650922,-0.5385399377280331,-0.05620290830283335,0.5089313032451317,-0.09659512543493917,0.44397203460114726,0.5355614551773323,0.18853071570636068,-1.7809464279769947,0.019237743714026485,0.39726230323686634,0.48645841347793034,0.40630154768821464,0.09322392206125063,0.1662210453479236,-0.10905467408583089,-0.2387291262923015,0.10334817086036344,0.0624408446453891,0.21086264657002984,1.414318333988031,0.48800968359262903,-0.5931642037733481,-0.08785463005907347,-0.00409517028565088,0.17148578489643762,-0.23439953813268827,0.19662618780197874,-0.01587119991082173,0.029134824328577915,-0.1114040181010347
0.034790118087558705,0.15963638785822046,0.21928318894372653,0.09903261145155677,0.048811697138461764,0.20760608023896557,0.12994930697692342,0.27271879901048496,0.11275838662938914,0.17414424718824464,0.25222386402035657,0.23893436223126838,0.19249095861449703,0.11363250020178427,0.18548933313917113,0.19371601905695846,0.3713294621972109,0.1770029915870058,0.13009820545120276,0.4730800564509364,0.18148905264130552,0.17598367789532804,0.0473963779458951,0.2541547976318692,0.23648891720323542,-0.7474006736386333,2.84161201838682,0.4567029613132971,0.10255565201230935,0.5344507909225039,0.46550791662958724,0.1305741540764456,0.41618133318980344,0.16385006831135973,0.43987377286021845,0.16729181100559337,0.8201863369835487,0.28207111713732475,0.17463482968955044,0.2064106682202206,0.5487245296925944,0.31316570975229974,0.0945541603817386,0.04319781827448882,-0.22586769866778442,0.7474372863549023,0.4343659688478,0.49178552647331975,0.8744442052790103,-0.15089747434203502,0.22102279313303244,-0.04585358468953286,0.06397542153409291,0.03541882832140227,-0.04623799949002906,-0.21834860268658823,0.11038239523586545,-0.12795312352280652,0.3281930618384024
0.07872941019021311,0.11150084094167634,0.3956387494263731,0.03436821919325551,-0.023035108460349837,0.20156253069843102,0.10553227968622733,0.26476335648630367,0.2184334674442035,0.2387467734731841,0.2756820321188774,0.08732844364121223,0.16734680814170894,0.12493957903599737,0.08535497945153918,0.21783082471373844,0.946474117230223,-0.09040583488274831,0.04188570338858184,0.34257227523089223,-0.09323947384274174,0.21834928673173618,0.10403982721887006,0.38198756237080855,0.12193324888062844,-0.8501434799828923,0.4567029613132971,6.418357631640788,0.30508396669671156,-0.47026708788789295,0.3286661594643557,0.12228904083219665,1.2685720676456989,-0.15549580239921695,-0.06768273517844074,-0.14270291103055333,1.0344314843795077,0.19643385021750562,-0.34692105134255136,-0.13791764952628627,1.2409323847328804,-0.2672647939378174,0.5411781508311243,-0.005243556772045749,-0.4263151849987612,0.16840671393194637,0.1187524790774053,0.08649903728400551,0.14565480679255874,0.3169456696090922,-0.4350548062080157,0.35249784509367416,-0.08390527703497892,-0.0734888280127994,0.9121347165886731,-0.020639751950221812,0.12158945141700091,0.1835781386961241,-0.09692428778362261
0.11523525681453846,0.1149923247024621,0.5076256069829378,0.24731524323396134,0.14219143468131418,0.44643604968708933,0.17987360249298795,0.3284353564427182,0.10345644150290949,0.26453209107502995,0.26596580836001027,0.1463618231522349,0.31803191647727247,0.26716330384621695,0.14398847470905804,0.3014573797426436,0.3197707679648521,0.2720244795946909,0.11425741709192445,0.5214771338873413,0.273114954648347,0.29003818972861106,0.20592988486000943,0.11827637985953465,0.2651862843579556,-0.5838918261650922,0.10255565201230935,0.30508396669671156,2.4882420943323678,0.2743390838004432,0.1796517216189704,0.1544452403110862,-0.32072174757738087,0.654715308534524,-0.4659729394229302,0.9061756932314281,0.7271074542475798,0.1619917172707104,0.36126885676465476,0.12481476699822955,0.9539539128197297,0.25041923683212736,0.2064560763488179,-0.017291921140467386,0.08437930761016213,0.7163699792479764,0.45105954016833577,0.11075825911646386,0.49138594386809936,1.1906709399440742,-1.0091688765758564,0.178891530109367,-0.3035446467131949,0.009948167296421567,-0.045922405270473324,-0.2427961804106609,-0.02864061537363155,-0.07589925270436114,0.3478844999821088
0.09655999796931979,-0.022315611468452054,0.06544088501233737,0.19512368227369242,0.0611778085909066,0.06848645834417735,0.22596365804990212,0.21379067208444055,0.09621102229865827,0.21374875552687228,0.1892364557157427,0.14926720071224944,0.15367307564223928,0.19181707892282662,0.1936105719781337,0.18835889665684516,0.180580208903308,-0.00847477026941718,0.047895691601624116,0.5633690010522917,0.2714278592317845,0.1336830618429962,0.4342003024291922,0.42682421695594924,0.34902236511031454,-0.5385399377280331,0.5344507909225039,-0.47026708788789295,0.2743390838004432,3.0542902156807177,0.2707421008042929,0.1679991583121629,0.2611749710504592,0.2922253298674611,0.5957308556134843,0.15379472094201543,0.6577450665101766,0.33016947963104976,0.571847897325165,0.44861298627701873,0.0002531432407361602,0.35964835325622696,1.1882631470372063,0.11808443727702371,1.6598845721115976,1.0161051457277812,1.1377733378251813,0.4962405622595647,0.22029389368621075,-0.3269497662018195,0.2674582981409558,-0.35469704335911695,0.2990973555542726,-0.03207224091507956,0.2434810848776689,-0.046158504813186715,-0.25996250109183866,0.41411950745373904,-0.35164018023188826
0.0707794968293554,0.12201324742553286,0.2527605970240964,0.06146395826534358,0.13043589375961392,0.19018379448648892,0.13840187043888977,0.1695743106057169,0.14771923806336462,0.17504705539909865,0.19129724328257613,0.1425172770229777,0.13086997663571356,0.19059468922460254,0.1277854964424867,0.1529107533111928,0.21739586891043422,0.2987574533219835,0.1206774783881999,0.38777685031272335,0.24574243353711614,0.15056367958118186,0.03647876892038144,0.21472048938888844,0.09861698083666405,-0.05620290830283335,0.46550791662958724,0.3286661594643557,0.1796517216189704,0.2707421008042929,0.9446361174746164,0.20676629052718778,0.17009677220562314,0.12981217758890704,0.24125336182393975,0.6929193685939815,0.2847181918452633,0.2560374929300797,0.32311719219905966,0.28265382838315484,0.24776051689341455,0.26378650400773923,0.16038143648035302,0.05821983789159221,0.34110640104940043,0.6715432177140371,0.304161064034331,0.3751862872784862,0.08410925456083865,-0.2169952641431016,0.14093321640134454,-0.11586059921035116,0.1658673740645019,-0.06334663462605247,0.023133159580780924,-0.013195302690524987,0.24000400588084636,-0.19729034557090191,-0.0348966894768253
0.08639557216608046,0.18899493722497812,0.239450321699625,0.06253792636148447,0.17414726115000806,0.2675214580513002,0.2391000381202653,0.23609740815440852,0.18979787116369679,0.13695155384960644,0.20008287394501853,0.19154627442550748,0.1575299537733208,0.34419591620154766,0.1478941873359612,0.23240562688179675,0.12965395348586922,0.18888983970841353,0.1044157380118445,0.26394118037296677,0.16751283495820565,0.21228214677808768,0.18108394756995835,0.2744923549421051,0.18755948698007496,0.5089313032451317,0.1305741540764456,0.12228904083219665,0.1544452403110862,0.1679991583121629,0.20676629052718778,0.7161393117372814,0.09179683138306143,0.14687602812121775,-0.09337371031432681,0.360180198591087,0.10873206301542906,0.1543127020515785,0.1529444725148827,0.16001972401321812,0.2046873316784839,0.14736489815020143,0.013784713650008058,0.015629456312549028,-0.03358081535314887,0.4773147814935735,0.2607871794944993,0.21962053001727125,0.5542792751459398,0.1622194048262752,-0.13723226288410895,0.15789100141737167,-0.21124270768843573,0.010022350540515246,-0.030946743766839768,-0.016852563349993313,0.42054040718461283,-0.2144059221087033,-0.12467594598458209
0.044804471162370324,-0.02691192487270456,0.13897521446653557,0.166361449522992,0.13590207041265773,0.046071184261210076,0.17485331445780394,0.1539335753565844,0.1464527999814311,0.11005134029949992,0.16239881692886865,0.14869145800951594,0.11668864444176583,0.12175903735277092,0.1632602992002161,0.12853856789721735,0.2998013467597263,0.22220252319943207,0.09871306450611105,0.12217201161731454,0.1482615150011918,0.15400944460734006,0.514026505789896,0.4503344999466638,0.1395464369527407,-0.09659512543493917,0.41618133318980344,1.2685720676456989,-0.32072174757738087,0.2611749710504592,0.17009677220562314,0.09179683138306143,1.799982941650903,-0.4247863070974506,0.3805264693255119,-0.3502442689312869,0.4544529937138649,0.12070977444985706,0.015692295009921593,0.15655507800589857,-0.3126450646627275,0.12855896728410976,0.5206000464165436,0.020275905186053916,0.11598027381428298,0.34900450112302234,0.4563210413437558,0.40566414738067247,0.33842887880278977,-0.1573436299753408,-0.03351504666075755,0.10301086225578272,0.13821458593967365,-0.1166166335840649,0.3430816506743495,-0.11680745213589881,-0.11400673329711901,0.08810337532023975,0.12236889636710264
0.08696861879533063,0.10029775141367671,0.4269334753224077,0.2536647217299374,0.06837572105938924,0.219303824312564,0.2184786266277788,0.23852614446806977,0.21909632127930206,0.2243526790448597,0.17890642519650493,0.16144122108951658,0.1932238010047931,0.19574362461008676,0.1482578969619703,0.19654669182790646,0.14002366085608567,0.3455766302327274,0.06947680045148877,0.3204916293598126,0.1802341881853172,0.2660115818041125,0.4313779466936057,0.27451651294163976,0.40398881656355806,0.44397203460114726,0.16385006831135973,-0.15549580239921695,0.654715308534524,0.2922253298674611,0.12981217758890704,0.14687602812121775,-0.4247863070974506,2.7213841081689267,0.1967738529189314,0.34810799871811127,0.05556279993809614,0.07647663818490891,0.5927696157150092,-0.05756664848934725,0.6997928855779572,0.18933339992627632,0.7324179295882469,0.1792583705943295,0.4920208194546718,0.04114200236064871,0.4377133983704482,-0.13247667864891197,-0.12255181147972012,-0.6108420252689423,0.21103574061142039,0.13794288355608159,0.43426312532841055,-0.3406195694839746,-0.11944032960220523,-0.04141859047565054,-0.2744291261110323,0.15881638010243793,0.11042254494270619
