3.711952061576788,-1.548679270437737,0.791405724818148,0.7463804486960958,0.8611332993781508,0.8341260106265639,0.9655112526057867,0.6800388306925913,0.7227986296922962,0.8570306101268077,0.6738130644181041,0.6715943285204247,0.7660950735255323,0.9335001821543923,0.7684731903662578,0.7031671166943951,0.6258280236220165,0.6118837132749092,0.6474420779034582,0.4342216331799363,0.5332905327766493,0.58599967988596,0.6105562392312774,0.6139823405083257,0.6289355812711123,0.5009962898788339,0.7594942925534987,0.5268263231070198,0.49248483364599777,0.594983595099916,0.6684655060803454,0.6532344649742412,0.6130022994748255,0.7197025620389264,0.6583045174703603,0.5847836611725743,0.5213724512773386,0.47794858674314505,0.6301489039603906,0.49109493377934993,0.1941276605896131,0.4755573066971808,0.7442686274750171,0.31671870967163546,0.70473580582388,0.6964239737663733,0.4513941551188574,0.28829561373128626,1.1171079150215357,-0.27349676066043915,-0.17786503817750746,0.268508879818012,-0.011172660159312005,-0.07714147656103794,0.7032762716638903,-0.39067413707780496,-0.1211743024600999,0.11219443166711202,-0.13291897685048643
-1.548679270437737,3.885987410793798,0.6815303808786078,0.16814173047795553,0.2130108352065684,0.2702863461291299,0.14671847727764703,0.24102753940248772,0.22989306795279804,0.3179018538247712,0.3169912594599705,0.28019975829913313,0.23981206493135995,0.09619919730988889,0.24102042688413028,0.2658827347407771,0.34063375036886084,0.30982433563107,0.31500624118764403,0.4105056778762954,0.3213261329382968,0.30657907731929246,0.37825755495452146,0.3635194491579462,0.3158258215709683,0.3376711879082309,0.2291650569888595,0.34086742244454543,0.31308198860729947,0.36692425551101127,0.3134218887324063,0.3053040959018887,0.3011577942095618,0.3559382946795187,0.2489540708140783,0.27157392137059905,0.24783162649081458,0.39600077858826926,0.2149242558506725,0.29934150627407563,0.29787212954687536,0.3918976826983401,0.310337055162717,0.24124226475581437,0.3940530594651925,0.3742964974590075,0.28816271827944223,0.3444996417120656,0.557039315385982,0.46639532268095946,0.13770593276835247,-0.18931440641098446,0.06282967053193744,-0.08882453422293703,-0.8334609141748185,0.2747965590415631,-0.09287148595923565,-0.10427686895391045,0.1214074592672851
0.791405724818148,0.6815303808786078,2.7931740146015387,0.6224857393571637,0.7367311284260838,0.9026778562882499,0.8715631562324524,0.7068959033668318,0.8271309329187877,0.8200769467962595,0.7900412895577172,0.805838061483189,0.8375222941236712,0.8145883145490085,0.8342253790892593,0.8286713098926635,0.7844156566745646,0.8540111549572622,0.7763926789560878,0.7832484425505645,0.7589476565215869,0.784924797857855,1.0030539804336367,0.8372640001692193,0.852395493296006,0.788971638833956,0.8242560611488394,0.7424489682357744,0.7008941604097207,0.80534491417196,0.8726998410717861,0.8517440905076026,0.8294755240831921,0.8827000105483438,0.7822122607481311,0.7408733804766855,0.6495031072967985,0.7809508104494657,0.7613506310902199,0.7064511444418333,0.41542904207612924,0.7695184952578838,0.882407709753442,0.47209554219061906,0.9232780056106404,0.8807164407623314,0.6774099988335598,0.5555136323221571,1.4169273068854835,0.3015743210735363,0.046055031627523654,-0.1405511588155293,0.027887564260764674,-0.19179364806880994,0.45974262699140467,-0.010562639750745523,-0.10624007405926177,0.08364496582516162,-0.007488040896931402
0.7463804486960958,0.16814173047795553,0.6224857393571637,2.2459632034413235,0.594945125190418,0.7960431394385001,0.8061601420585018,0.7631401436187771,0.68640692489218,0.8240133386350024,0.8238932086383609,0.8295631956983855,0.8205909803443748,0.6907355653783132,0.7412770022923663,0.7388072281231342,0.6908680971228308,0.7816456869412057,0.761950105964201,0.7122403015730661,0.6776834058923917,0.7634155119239092,0.7850834793716862,0.7911361074404123,0.6191368174300904,0.6695991396477543,0.7340963377593269,0.6454120032242552,0.607960042923152,0.7592068208844148,0.7590863337784789,0.746629460106812,0.7703225594077521,0.8351849250368718,0.710013088668688,0.663373735061107,0.5932468614217992,0.6619667742601103,0.6322826774508259,0.6425602709832058,0.35675667100274916,0.6778200050995316,0.8099342659032507,0.4019311566860386,0.8570799913748822,0.8242911183593049,0.6048919212970137,0.5610736326270219,1.2826444413092852,-0.1554505154114907,-0.11128120925286825,0.05610526800596312,0.19148889533942104,-0.20060093373898952,0.027522400680796706,0.13459575367556628,0.01766553137491831,-0.05480462416516021,-0.03244340057257249
0.8611332993781508,0.2130108352065684,0.7367311284260838,0.594945125190418,1.2494151084362444,0.800536839708741,0.7991811418044003,0.5757585223811224,0.723953075044895,0.7684755266933444,0.6644328067995521,0.7527946529922596,0.686297165669934,0.7128567191757537,0.6533819668153608,0.6543989988849731,0.6206701377074966,0.6563629077751929,0.6203719691487275,0.6234302770764063,0.5919564048661947,0.6014016115662368,0.6480182881602341,0.6576914281269918,0.6002767986052079,0.5604246001463371,0.6414979725611393,0.554641176663553,0.527036924697923,0.6228603450132821,0.6479175717179435,0.6498522866346816,0.6335628224758998,0.6714496346148684,0.601979704240858,0.5653897345588487,0.5157900405529816,0.5720980870000341,0.5625439518151462,0.5069527632093869,0.33058059155798764,0.5458180479353781,0.7156309785777785,0.4089819427556247,0.7722106905494651,0.6895346136608302,0.47539152217910685,0.40576133403639947,1.133945788949941,0.11180606064985833,0.04452321829698904,-0.1288366696824018,0.07419370261125607,-0.19356674019257195,0.35162506482267075,-0.031062238665076607,-0.04982376388947665,-0.04734351996878723,-0.087587526557177
0.8341260106265639,0.2702863461291299,0.9026778562882499,0.7960431394385001,0.800536839708741,1.472334754885496,0.8609852502221488,0.7720237357073132,0.8343484165348096,0.8479193209268058,0.814416807913454,0.8461217185209822,0.8120306111358432,0.8321664793580321,0.7890725295187491,0.7983591390087867,0.7450923698531604,0.855948227162664,0.762484202115164,0.7599678801744627,0.6693719055015827,0.7008400277403278,0.7517260058153541,0.8494892715717685,0.74821885381082,0.8212354970290161,0.7587709159589568,0.7162529345164772,0.6790734224020547,0.8243907287965535,0.7935700601543592,0.8086952686741711,0.8060582257451068,0.8008951462668036,0.7606975889850168,0.688911721670237,0.6185968923946908,0.6550505021802002,0.7031453279516291,0.5308064989511583,0.39797491638028676,0.5716048006568436,0.9655439550512844,0.5781252260545784,0.9681665754193447,0.7993958258825252,0.4993714108477198,0.5393649807301089,1.3981446986768455,-0.35022125025319933,0.015696997948351155,0.014352525037638748,0.002787641526039349,-0.11801306680224362,0.45180376620045815,0.0004561612405090026,-0.10597031396214192,-0.0009765250942917966,-0.11837668457547583
0.9655112526057867,0.14671847727764703,0.8715631562324524,0.8061601420585018,0.7991811418044003,0.8609852502221488,1.1192304497055359,0.6490412932465875,0.8253671013448373,0.8118376397886069,0.7493702728038811,0.8113215793484192,0.7740196763682302,0.7325142644173325,0.7582258658551129,0.7374295006717395,0.690949531299034,0.7735798169229405,0.7091296779001265,0.7410885481698208,0.6985465049464173,0.6895186347547093,0.7201162703459494,0.7640960593728825,0.7016346763206806,0.5948621836311068,0.746016571078744,0.6296761991354353,0.5755091016563542,0.6983306028904948,0.7523598162171553,0.7292473381673032,0.7427313062233575,0.7677385516814277,0.6860322298713208,0.6495009472804008,0.5842770132050682,0.6555927223368471,0.6558579850613284,0.5850194390937934,0.3905527892398614,0.6319176843548773,0.7947220447503676,0.45271184404457243,0.8696098578216745,0.7999553612875955,0.5560999682869975,0.4803199340152934,1.3033193952556357,0.010701943881396727,-0.01088029419779128,0.006814019535731874,0.11504757565451214,-0.12252148467111508,0.27391708673176424,-0.022665472984440514,-0.00479947757134368,-0.107678699387336,-0.13053241861087178
0.6800388306925913,0.24102753940248772,0.7068959033668318,0.7631401436187771,0.5757585223811224,0.7720237357073132,0.6490412932465875,1.6519249231687514,0.7989385118874521,0.8553967395480555,0.8042860894892843,0.7749674663772663,0.8310368573239261,0.7625357562425296,0.7363641437223465,0.8052899473088233,0.7508087430895929,0.6887910705448114,0.772141945525182,0.7229052661788885,0.7104035972205054,0.7080119216079653,0.7454507723609216,0.7496680431809567,0.7586416850192707,0.5503377741147891,0.6351452211367163,0.6150236654495449,0.5243885364503563,0.7419126177088513,0.8006634612320788,0.6934776591873015,0.6981288594321357,0.7599953198435111,0.6548516093555223,0.6405837308550101,0.5861083691327612,0.6616923336592568,0.7119335689604221,0.6489475172400501,0.36907705418903586,0.652364501619698,0.920186664957634,0.31578653977383464,0.8446584488975714,0.7333089958670559,0.6166918009454798,0.7848820585568698,1.2354886369068196,0.11845658922898918,-0.05590247873458707,0.12288788778428102,-0.038068463831793055,-0.058471533656273965,-0.2400808509116573,-0.05224113360212883,-0.07913036147051214,0.04781238468651109,0.0889307000273588
0.7227986296922962,0.22989306795279804,0.8271309329187877,0.68640692489218,0.723953075044895,0.8343484165348096,0.8253671013448373,0.7989385118874521,1.4275945855187382,0.8480788602231407,0.8554795025900185,0.9423156019064131,0.9034022793795522,0.9026428615388152,0.8813466301844691,0.8679177759389314,0.7672686504,0.7988695142371405,0.7841634039177523,0.7522684949359442,0.7634174601154521,0.7208033545705251,0.8453990813239698,0.8351477405848768,0.7085111965471479,0.5477128246010875,0.8223254097265602,0.702540261941384,0.6372869326569851,0.7577588090756135,0.878793259247854,0.8161254394334847,0.7975775893835473,0.8184692059306715,0.7390094806944751,0.7286093763147944,0.6233397126630622,0.7546196835792919,0.7460404517197768,0.6498509316559674,0.4568884203189375,0.7263187249699397,0.8503496338161107,0.49354932440141186,0.9325190612367901,0.8711343125072002,0.621709849674603,0.5835044557934103,1.4652658519025956,0.20130395025122522,0.06996637830218984,-0.09100783877459286,-0.046283525787555554,-0.10018994671187671,0.1658806311640557,-0.014832654442218462,-0.024958558979886622,-0.17466211856804145,-0.13839169189944647
0.8570306101268077,0.3179018538247712,0.8200769467962595,0.8240133386350024,0.7684755266933444,0.8479193209268058,0.8118376397886069,0.8553967395480555,0.8480788602231407,1.2113933972991793,0.8889276113981026,0.8779333792000841,0.8625851217241369,0.8510893458176901,0.8504690954562305,0.822226518085955,0.7665137163902281,0.7949087684587621,0.7457871002020685,0.7518396281479204,0.7416650378702935,0.7619151838157064,0.8407327829986074,0.8175122427386667,0.754780146810098,0.6107859105593129,0.8201389906947207,0.7694444770602685,0.6876613296769878,0.8205486145097896,0.8367494738316457,0.8575005092922464,0.8006560660665996,0.9929553124785084,0.7939556646559685,0.7642178353988903,0.6485492934383856,0.7609878459915641,0.7723878859567035,0.6897036852154239,0.4004248572646914,0.7418849447171092,0.9178376879496182,0.41895044584325275,0.9592348234001418,0.9380059552146273,0.6489199941077305,0.5729216157854783,1.504085498029102,0.16148235585666793,-0.03807954265517943,-0.07250468788417973,0.003660593325391184,-0.1673967253344502,0.011654166820472676,-0.0297622641472916,0.04231795332424226,-0.031200504117708746,0.024554332460149562
0.6738130644181041,0.3169912594599705,0.7900412895577172,0.8238932086383609,0.6644328067995521,0.814416807913454,0.7493702728038811,0.8042860894892843,0.8554795025900185,0.8889276113981026,1.0898114440379636,0.8679690918168185,0.8791002301902079,0.8224330259393249,0.8428110384699155,0.8202494035024129,0.788555597501466,0.7273897325173655,0.8132615245225341,0.786367680869194,0.7621914754260193,0.7499354331658445,0.843184467450042,0.8021327936517946,0.7500249603359997,0.6650246237445234,0.7800010215636934,0.678445211544163,0.6208509307001405,0.7894945142866024,0.8179834530108179,0.7669495432374683,0.725457040866235,0.8675799093848058,0.7349073576738899,0.7024846437565653,0.6385023549469863,0.7301481075827468,0.727855054363925,0.6410058433953691,0.4190123646159519,0.7066841070912521,0.857490379948094,0.43240190106544596,0.9126127890169329,0.8942619090960606,0.5922335574753652,0.532756865172438,1.3594469645130456,0.1936807822136323,-0.07537265187292108,0.1003113314486448,-0.07279097963535619,-0.09596758098636818,0.3312254086677218,-0.014079952299827113,-0.10347507530100873,0.0377158174295953,-0.0425597452660389
0.6715943285204247,0.28019975829913313,0.805838061483189,0.8295631956983855,0.7527946529922596,0.8461217185209822,0.8113215793484192,0.7749674663772663,0.9423156019064131,0.8779333792000841,0.8679690918168185,1.2556665347057403,0.9128346136960682,0.8715750269931327,0.863700046318046,0.86068495551273,0.7494171379941608,0.7797281239187135,0.8095354919222629,0.7664191114296232,0.7787223592959805,0.8187702549649767,0.9033485817683979,0.8698352170886988,0.7919081284251315,0.6548057571791759,0.8270321520347961,0.6993515642170907,0.6253898670530625,0.8184691551432248,0.8638168231837606,0.8178026659030779,0.7978114594952208,0.9213703481991533,0.7683973667205212,0.7393127410279677,0.6793546759116399,0.7738493931140797,0.762035876361888,0.7220046870092991,0.42681112660523207,0.7568821179943566,0.9038088002754046,0.4446174261771556,0.9642324778472645,0.9159667554589144,0.6795635460892633,0.6209101152376993,1.4351015040263404,0.09797852326379176,-0.02991835520247287,-0.051358200318118635,0.03858178143335155,-0.11883828080900236,0.15643441399244953,0.06781355266574582,-0.019834267908865298,0.06334118350297076,-0.014942093702779633
0.7660950735255323,0.23981206493135995,0.8375222941236712,0.8205909803443748,0.686297165669934,0.8120306111358432,0.7740196763682302,0.8310368573239261,0.9034022793795522,0.8625851217241369,0.8791002301902079,0.9128346136960682,1.184456058932581,0.8965377938235634,0.8732268488316034,0.9396981909728086,0.850833021368118,0.7790691431706931,0.8660200932291371,0.8219187073575905,0.7907810792998826,0.7997749019912012,0.8835139477142807,0.8408088888413567,0.8558462221955869,0.7462308505869292,0.8484846248059916,0.7267185603128749,0.6807172347329511,0.7916021833466427,0.8889421468178909,0.8299663897245851,0.7893257526686078,0.890248671570428,0.801711759506024,0.7518540355852545,0.6671771604170577,0.7601167397342238,0.7813056361662528,0.7071592521041382,0.4362180409017494,0.7474287005209675,0.8908314776981354,0.4450180498602915,0.9471410753192782,0.9379788719012669,0.6744654899453979,0.5910240496731273,1.4564184016206223,-0.11952887840282732,-0.1754750018267454,0.03506904249825202,0.06678147627239608,-0.08326833819324689,0.322800573155012,0.05073411014013755,-0.13190776909937094,-0.008244828898810107,-0.1648558057394547
0.9335001821543923,0.09619919730988889,0.8145883145490085,0.6907355653783132,0.7128567191757537,0.8321664793580321,0.7325142644173325,0.7625357562425296,0.9026428615388152,0.8510893458176901,0.8224330259393249,0.8715750269931327,0.8965377938235634,1.1386796195454114,0.9104640925300396,0.8782453275997003,0.7734860909271271,0.7355462336509712,0.7953211298790539,0.7602915536928483,0.7439226837203273,0.7287360715158994,0.825038833230132,0.7629325557457101,0.7589246861028216,0.6691097932560605,0.8133106222904286,0.6884654611930869,0.6583009741265718,0.7537431401737127,0.8337472364633621,0.794229538044273,0.7324551412372264,0.8656602282293537,0.759897575333117,0.7141136797546346,0.6346893146438993,0.7160456985479586,0.7565066257245391,0.6504846840559824,0.3162262853027031,0.7005701545132657,0.8455257177094018,0.427274795231247,0.8786180803430664,0.897930647128637,0.6072023659781375,0.438610904887744,1.377775347055664,0.07507981213625484,-0.15434555513597978,0.0067834339609267194,-0.02711582911007703,-0.07447554645090751,0.3376921736625021,-0.1017269688877941,-0.13098049254329194,0.055604626384822636,-0.11005354620151749
0.7684731903662578,0.24102042688413028,0.8342253790892593,0.7412770022923663,0.6533819668153608,0.7890725295187491,0.7582258658551129,0.7363641437223465,0.8813466301844691,0.8504690954562305,0.8428110384699155,0.863700046318046,0.8732268488316034,0.9104640925300396,1.128756781627906,0.8779562179076674,0.7799431956105363,0.7589854368830241,0.8492086451422404,0.7866204176519467,0.7799037509735526,0.7576267675185737,0.8244080770710024,0.7775942084930639,0.761998298094727,0.668131369576851,0.9830938504361901,0.7048109339673061,0.655213193190348,0.7945645308869005,0.8720260504544208,0.8009328918471005,0.768919277890015,0.8973924288833993,0.7650606410092047,0.7351240913199638,0.647995340351779,0.7501270061096139,0.7429444981263328,0.6525246418346766,0.40208617863519086,0.7235808752528463,0.8503198467049385,0.4521320999481428,0.9307159653125123,0.9340904572525832,0.6071491917075488,0.4789654602420328,1.4245158475230721,0.2191031486775961,-0.028043790471595394,0.10438987184206876,0.036050418560644296,-0.07418466530532403,0.23144978177027942,-0.04121257731640337,-0.07667640306563381,0.007312890664009836,-0.07900816878742045
0.7031671166943951,0.2658827347407771,0.8286713098926635,0.7388072281231342,0.6543989988849731,0.7983591390087867,0.7374295006717395,0.8052899473088233,0.8679177759389314,0.822226518085955,0.8202494035024129,0.86068495551273,0.9396981909728086,0.8782453275997003,0.8779562179076674,1.171745808230614,0.8100411540361848,0.7717470609195333,0.8481935510979749,0.8226067075842384,0.7748181963635691,0.7879905755419154,0.8500211375090357,0.8319064841517441,0.8474684005500599,0.7584086937828483,0.8082335959086544,0.7172155139353081,0.6695820640470953,0.790046575291607,0.8739388287763478,0.81768973501981,0.7819239314496302,0.861070612320385,0.7628018911102179,0.7305396495992829,0.6461742667280134,0.7437080377957309,0.7712086821089852,0.6845066003901522,0.39969621945185185,0.7270279193439939,0.8949837085635359,0.4276088765935058,0.9086164626659137,0.8951911099426563,0.656642805600155,0.5557512402768787,1.410998018257132,0.30204354739222544,0.019989184485858225,0.013648146080582721,0.020589783645454152,-0.06815937769557572,0.2565961249889443,-0.02651969164789403,-0.07328250852566755,0.0333425939445559,-0.0928055173483152
0.6258280236220165,0.34063375036886084,0.7844156566745646,0.6908680971228308,0.6206701377074966,0.7450923698531604,0.690949531299034,0.7508087430895929,0.7672686504,0.7665137163902281,0.788555597501466,0.7494171379941608,0.850833021368118,0.7734860909271271,0.7799431956105363,0.8100411540361848,1.211768269521971,0.7161732125642521,0.9476659192530977,0.8042819969432935,0.7920588167034208,0.7259653419777986,0.8022562684694435,0.7143689352812328,0.8346068070257822,0.7119411018393177,0.7257390575044113,0.6572101735978287,0.6297277032130294,0.6807854867222284,0.854904242274071,0.7806090483778222,0.7319452326766166,0.7778426496874912,0.7211718642099579,0.6751755861832014,0.6589810338289259,0.7001004736212417,0.6547804184912904,0.6307161472615909,0.5151342031169032,0.6964312940747006,0.7986251660978808,0.5175286102068828,0.9103621387747264,0.837598186127387,0.6074441086079325,0.523075404305254,1.3686187545252348,0.07000737341081681,-0.044277033848129685,-0.07234318014595742,-0.013584087410317379,-0.10642752742524139,0.35628948744307654,-0.07148332703187196,-0.17561814830202116,-0.0015810909060774221,-0.08460580959019715
0.6118837132749092,0.30982433563107,0.8540111549572622,0.7816456869412057,0.6563629077751929,0.855948227162664,0.7735798169229405,0.6887910705448114,0.7988695142371405,0.7949087684587621,0.7273897325173655,0.7797281239187135,0.7790691431706931,0.7355462336509712,0.7589854368830241,0.7717470609195333,0.7161732125642521,1.2940423428608627,0.7537685558685463,0.8085301889501104,0.70994363945457,0.708362426998087,0.7717424290440426,0.7926323543933992,0.7396061106091028,0.6785339722307248,0.7589816578184679,0.7713111743467317,0.7381117199785687,0.7815696504754491,0.8850432739981372,0.8576683053776175,1.0269898503342367,0.8150381777926063,0.7732020378549703,0.7384545062554864,0.6257760196818356,0.7566361291903118,0.7710687540973731,0.6150576369426866,0.3984736814499388,0.7135625392568037,0.8566186289347659,0.525707883822419,0.9772652663542729,0.8616134133285315,0.6230302482112581,0.5530829352857861,1.4736096639052618,-0.11061810667397438,-0.002861140916929398,-0.04759315259632261,0.09722902112056209,-0.0940528002877361,0.10215494366475589,0.07463740240693088,-0.07376246111274518,-0.022486546028816595,-0.09349746352863128
0.6474420779034582,0.31500624118764403,0.7763926789560878,0.761950105964201,0.6203719691487275,0.762484202115164,0.7091296779001265,0.772141945525182,0.7841634039177523,0.7457871002020685,0.8132615245225341,0.8095354919222629,0.8660200932291371,0.7953211298790539,0.8492086451422404,0.8481935510979749,0.9476659192530977,0.7537685558685463,1.2750483278789875,0.823574454923138,0.9079896776525841,0.8827497635073656,0.880214143959132,0.7308762147559954,0.8198821096403577,0.7178794053984962,0.7897052949702784,0.6798992556795076,0.6203372834565344,0.7239718109214182,0.9200031557162168,0.7939173437938003,0.7724461802530914,0.798813964867855,0.7382807365438778,0.6896232031639681,0.6588464200171742,0.7429827363933417,0.7053941832945229,0.6881502632825731,0.48245715953766255,0.7393871143387203,0.8300479760285105,0.5287243084343446,0.9437469027093742,0.8966428846891465,0.6503296179313526,0.5153775985922312,1.3839126116457379,0.0113809274892992,-0.05662985152652419,0.11127092409973145,0.0066595841840002955,-0.08075527684012258,0.27649207538275683,-0.03256080326304755,-0.1654970368996002,-0.003936724043590491,-0.10633956312447468
0.4342216331799363,0.4105056778762954,0.7832484425505645,0.7122403015730661,0.6234302770764063,0.7599678801744627,0.7410885481698208,0.7229052661788885,0.7522684949359442,0.7518396281479204,0.786367680869194,0.7664191114296232,0.8219187073575905,0.7602915536928483,0.7866204176519467,0.8226067075842384,0.8042819969432935,0.8085301889501104,0.823574454923138,1.4047776650435468,0.8603454433698723,0.754274325275946,0.8261747640196709,0.7264663786318619,0.9134086038753032,0.6264636565168814,0.7581706518638144,0.6753478832155803,0.6110412389219176,0.6625126975029145,0.8515962522534367,0.7182871860690253,0.7696179433805732,0.7622483511194472,0.7037366129205861,0.6788386456722499,0.6065654022673457,0.7410591277818726,0.7272166580459621,0.633045428762152,0.44841600071328686,0.7256717534540902,0.7562966699108443,0.5393512050608962,0.9054546179149531,0.8566661937271788,0.6024905570192391,0.4248306535352723,1.3134057754066117,0.061910694688413835,-0.03540183214519829,0.00968454550809339,0.025613470328886362,-0.07481202371025297,0.15641496710755842,-0.11712092409802936,-0.17784642211839713,0.010337248015856436,-0.08149184231486184
0.5332905327766493,0.3213261329382968,0.7589476565215869,0.6776834058923917,0.5919564048661947,0.6693719055015827,0.6985465049464173,0.7104035972205054,0.7634174601154521,0.7416650378702935,0.7621914754260193,0.7787223592959805,0.7907810792998826,0.7439226837203273,0.7799037509735526,0.7748181963635691,0.7920588167034208,0.70994363945457,0.9079896776525841,0.8603454433698723,1.454301988336388,0.892632349426706,0.9966893850437429,0.6763106255327095,0.5539517669608439,0.6475104851384568,0.7297086834446211,0.6681441216033025,0.6619176952364074,0.7009148899214596,0.8685408243384607,0.7473399088705593,0.7390105332882259,0.8097841255837974,0.7012844710068284,0.6627164180598911,0.6561079372976063,0.7492550875511041,0.6333550830261258,0.693870387924269,0.6098998875715791,0.7490284078256862,0.8006322180269226,0.6164979765808767,1.015424562040293,0.8700361252966499,0.6384427464409408,0.5570757840564792,1.3799868065249687,0.10453979734174075,-0.06652543619188421,-0.03363723415160124,0.039905048192211155,-0.1396969157808949,0.13439478616970243,-0.10576496824936545,-0.09593104917211762,-0.06701604616195857,-0.08517103653966959
0.58599967988596,0.30657907731929246,0.784924797857855,0.7634155119239092,0.6014016115662368,0.7008400277403278,0.6895186347547093,0.7080119216079653,0.7208033545705251,0.7619151838157064,0.7499354331658445,0.8187702549649767,0.7997749019912012,0.7287360715158994,0.7576267675185737,0.7879905755419154,0.7259653419777986,0.708362426998087,0.8827497635073656,0.754274325275946,0.892632349426706,1.2285332362182853,0.9925980298810857,0.7341971089733572,0.7770181786379261,0.7211614749386099,0.7142228716275331,0.7225427014554877,0.6767550310925105,0.7493091596567819,0.923474580904357,0.8465064143689611,0.7732180297282265,0.8422196855791618,0.7559086191348537,0.7132380617844616,0.6530761848153874,0.7742838163249383,0.7310854865724469,0.8594965569787895,0.4603599741538637,0.8125737238452168,0.8295755071467983,0.41746635895780226,0.8988116498801787,0.9087323315055357,0.7993159686531316,0.5497290621248776,1.3830994519580484,0.1694442044071147,-0.04059889184969243,-0.13467990478266506,0.04945265196325609,-0.13440866007791488,0.14155544960341582,0.01366599724968271,-0.07463145644867851,-0.015236658686143482,-0.06699130190527558
0.6105562392312774,0.37825755495452146,1.0030539804336367,0.7850834793716862,0.6480182881602341,0.7517260058153541,0.7201162703459494,0.7454507723609216,0.8453990813239698,0.8407327829986074,0.843184467450042,0.9033485817683979,0.8835139477142807,0.825038833230132,0.8244080770710024,0.8500211375090357,0.8022562684694435,0.7717424290440426,0.880214143959132,0.8261747640196709,0.9966893850437429,0.9925980298810857,2.0634462912603015,0.8635244646533824,0.6936892108473722,0.8040731161797882,0.7889253167349195,0.6428380910824173,0.6260802251217245,0.8075817482921018,1.0046579416318995,0.8963304480102409,0.7927916528791884,1.0870477728887935,0.8175213189463895,0.7550859049719902,0.6963478835809153,0.8913947355340175,0.785802185132524,0.8674871329856204,0.5719555579508815,0.8884537401254181,0.8545671973794385,0.49639648870565223,1.094399656774456,1.0075634319350697,0.822377534938027,0.548530035079919,1.6224030600308768,0.15127209526497903,-0.15170659057695085,-0.13421481881786584,0.051652042542742416,-0.2213887429342186,0.19092464304446388,-0.028739536471588476,-0.05894158227611341,0.01729781722866103,-0.07314612026174788
0.6139823405083257,0.3635194491579462,0.8372640001692193,0.7911361074404123,0.6576914281269918,0.8494892715717685,0.7640960593728825,0.7496680431809567,0.8351477405848768,0.8175122427386667,0.8021327936517946,0.8698352170886988,0.8408088888413567,0.7629325557457101,0.7775942084930639,0.8319064841517441,0.7143689352812328,0.7926323543933992,0.7308762147559954,0.7264663786318619,0.6763106255327095,0.7341971089733572,0.8635244646533824,1.3260731912759574,0.767431778305715,0.777282902375561,0.7699283110915166,0.7351784366963631,0.688423984851713,0.9155472626027101,0.745872569560749,0.8245207200117297,0.7778341340952826,0.9377318657920088,0.7706738615211213,0.7363150438116803,0.5978003549314121,0.785365276150534,0.7798002593263738,0.7112633330309402,0.450117773075215,0.7479090225798878,0.8794645559664727,0.3716521363020055,0.9294259291632598,0.8982030471434861,0.7077597233351711,0.574514339124682,1.4213419796338125,-0.0012328473515911922,0.005220393288429922,-0.0715783784727484,0.0990010381135014,-0.14551787053371099,-0.08053626974818541,0.29434748000998845,0.01820352941679595,0.07372146630972813,-0.09864771942012503
0.6289355812711123,0.3158258215709683,0.852395493296006,0.6191368174300904,0.6002767986052079,0.74821885381082,0.7016346763206806,0.7586416850192707,0.7085111965471479,0.754780146810098,0.7500249603359997,0.7919081284251315,0.8558462221955869,0.7589246861028216,0.761998298094727,0.8474684005500599,0.8346068070257822,0.7396061106091028,0.8198821096403577,0.9134086038753032,0.5539517669608439,0.7770181786379261,0.6936892108473722,0.767431778305715,1.995333942543943,0.7824779393668144,0.7212028648011525,0.7112038912228565,0.5990224834849106,0.6845054162424081,0.9390636661287908,0.812812446076351,0.7808054795040203,0.813968165088702,0.7767850389983652,0.714766503971901,0.6251374640071432,0.7812501230214668,0.7865968010871642,0.6683803303460871,0.31573553251717634,0.7382622624243251,0.870687959519598,0.40778117160617683,0.7899127495845353,0.9689954366170667,0.6656217572292376,0.3921957650389159,1.2909905315263706,0.041825771273843806,-0.0582147879940825,0.019417072507725744,-0.019944054949302285,-0.05202442832697097,0.2710192058970781,0.046382754642105686,-0.08384072676280276,0.09920000241269605,-0.11072986101926731
0.5009962898788339,0.3376711879082309,0.788971638833956,0.6695991396477543,0.5604246001463371,0.8212354970290161,0.5948621836311068,0.5503377741147891,0.5477128246010875,0.6107859105593129,0.6650246237445234,0.6548057571791759,0.7462308505869292,0.6691097932560605,0.668131369576851,0.7584086937828483,0.7119411018393177,0.6785339722307248,0.7178794053984962,0.6264636565168814,0.6475104851384568,0.7211614749386099,0.8040731161797882,0.777282902375561,0.7824779393668144,3.1190744783924993,0.7199269763658317,0.7846234850879672,1.0619688783024224,1.0820375802903957,0.685611967885757,0.6792435359004836,0.6442792348515055,0.8106865943082481,0.7631201849720303,0.6957326159375442,0.6146837979860539,0.64057752483674,0.5133152146660565,0.5505320232669519,0.39606061904607043,0.59335670940596,0.8045861203057328,0.45525138111667957,0.40012415996370465,0.9582408138243986,0.5867759054276501,0.35229513521442635,0.75872512727224,-0.5703545628742562,-0.04561536857785209,-0.04813140537193863,0.1127518050367513,-0.08513161568859613,0.6139954729110053,0.19217464799248257,0.1305900079361958,0.2980982340495531,-0.301183385310561
0.7594942925534987,0.2291650569888595,0.8242560611488394,0.7340963377593269,0.6414979725611393,0.7587709159589568,0.746016571078744,0.6351452211367163,0.8223254097265602,0.8201389906947207,0.7800010215636934,0.8270321520347961,0.8484846248059916,0.8133106222904286,0.9830938504361901,0.8082335959086544,0.7257390575044113,0.7589816578184679,0.7897052949702784,0.7581706518638144,0.7297086834446211,0.7142228716275331,0.7889253167349195,0.7699283110915166,0.7212028648011525,0.7199269763658317,1.4099587692093098,0.7496677363470488,0.7022520246467012,0.8365866892121966,0.8537165555409101,0.8453492564326017,0.7847018281698527,0.9285128903148755,0.7994998052199284,0.7511032864386015,0.6136592982150344,0.7069058073548697,0.7158186099766781,0.6224311986170004,0.37362266517681625,0.6824670538032359,0.8459283896306026,0.43965800592994586,0.8658484115280823,0.9200974076277901,0.5837862943011884,0.4199776098709787,1.3991565179692733,0.1603549557104957,-0.043364965489715857,0.07742329805402193,0.1961092336353042,-0.1476014228874472,0.2169937024115704,-0.030508976304305477,-0.06809242158897084,0.008592337752490454,-0.07191242733838683
0.5268263231070198,0.34086742244454543,0.7424489682357744,0.6454120032242552,0.554641176663553,0.7162529345164772,0.6296761991354353,0.6150236654495449,0.702540261941384,0.7694444770602685,0.678445211544163,0.6993515642170907,0.7267185603128749,0.6884654611930869,0.7048109339673061,0.7172155139353081,0.6572101735978287,0.7713111743467317,0.6798992556795076,0.6753478832155803,0.6681441216033025,0.7225427014554877,0.6428380910824173,0.7351784366963631,0.7112038912228565,0.7846234850879672,0.7496677363470488,1.5643997403808518,1.120113977295735,0.8669135035577944,0.8066263847761416,0.9179547863685594,0.8537318534431926,0.7373380714333059,0.8955597003212964,0.8315867954920416,0.46502201616265376,0.7168586956293176,1.005699859199622,0.6339081876560135,0.4482861117108201,0.6998032051166992,0.871782146841335,0.4401366329662377,0.8023373207725248,0.7530185259098078,0.6059872230255966,0.6788858668310533,1.4795705576959561,-0.1634541979391991,-0.00370729175756602,-0.1544160704954128,0.08627808830730828,-0.09150700724913609,0.014180022289131847,-0.004435281112339187,-0.1474372816757953,-0.016476749050899388,0.05794581986344844
0.49248483364599777,0.31308198860729947,0.7008941604097207,0.607960042923152,0.527036924697923,0.6790734224020547,0.5755091016563542,0.5243885364503563,0.6372869326569851,0.6876613296769878,0.6208509307001405,0.6253898670530625,0.6807172347329511,0.6583009741265718,0.655213193190348,0.6695820640470953,0.6297277032130294,0.7381117199785687,0.6203372834565344,0.6110412389219176,0.6619176952364074,0.6767550310925105,0.6260802251217245,0.688423984851713,0.5990224834849106,1.0619688783024224,0.7022520246467012,1.120113977295735,1.628100945777899,0.8413591619571936,0.7214610393846821,0.8274312401946462,0.8025332232321903,0.8070490017606581,0.9510886743222804,0.8646885697367974,0.534791769482325,0.653902912869083,0.6995257722027487,0.6044521547295149,0.5367392322463005,0.6352417450742358,0.8012336575572823,0.522717498789594,0.7730294687164755,0.7688562399471754,0.5755209197746709,0.6061297930022509,1.384887410049118,-0.3931603076410698,-0.05870576605899449,-0.2344295908412379,0.12035683916845627,-0.10176647319743018,0.0712579453446344,0.009582323725891363,-0.08121334250824071,0.011096547314871938,-0.04176026072552801
0.594983595099916,0.36692425551101127,0.80534491417196,0.7592068208844148,0.6228603450132821,0.8243907287965535,0.6983306028904948,0.7419126177088513,0.7577588090756135,0.8205486145097896,0.7894945142866024,0.8184691551432248,0.7916021833466427,0.7537431401737127,0.7945645308869005,0.790046575291607,0.6807854867222284,0.7815696504754491,0.7239718109214182,0.6625126975029145,0.7009148899214596,0.7493091596567819,0.8075817482921018,0.9155472626027101,0.6845054162424081,1.0820375802903957,0.8365866892121966,0.8669135035577944,0.8413591619571936,2.1056775039259494,0.8173801841906644,0.9167224159498042,0.8551014791648076,1.2686565851768599,0.9479771489059817,0.9343998964476274,0.7210568705054197,1.0532155924354016,0.7579754738747757,0.7703792854198662,0.561422188995174,0.9277858184620179,1.1836374352369476,0.2682505329589088,1.1782942404410897,1.1643343010921523,0.6321584334341569,0.6091578592575035,1.7868234785922206,-0.09189496166955537,0.14220937584177787,-0.0408335381095621,0.1300039244302335,-0.16235868645991955,0.24708020205937783,0.024465673186374673,-0.05590894248209219,0.033556113546755924,-0.06420814953884486
0.6684655060803454,0.3134218887324063,0.8726998410717861,0.7590863337784789,0.6479175717179435,0.7935700601543592,0.7523598162171553,0.8006634612320788,0.878793259247854,0.8367494738316457,0.8179834530108179,0.8638168231837606,0.8889421468178909,0.8337472364633621,0.8720260504544208,0.8739388287763478,0.854904242274071,0.8850432739981372,0.9200031557162168,0.8515962522534367,0.8685408243384607,0.923474580904357,1.0046579416318995,0.745872569560749,0.9390636661287908,0.685611967885757,0.8537165555409101,0.8066263847761416,0.7214610393846821,0.8173801841906644,1.996098921789584,0.9683532684328462,1.0495322513416352,0.9480386986877459,0.8717005889418247,0.9154750177491312,0.8003903627870278,0.9285808738457639,0.7093914879495042,0.9801307212409575,0.39980022709371166,0.971051245343182,0.9230367787643408,0.5593235700695575,1.1377962197249518,1.2329505131885088,1.0187861461507965,0.5130242883169138,1.7761389215215262,0.23846562255997839,-0.04669204707012145,0.003579435868099323,0.041656111565217764,-0.09267009617330374,0.20879193908888904,-0.06026177539009926,-0.1183361329123781,0.02074156854768831,-0.15599294061152588
0.6532344649742412,0.3053040959018887,0.8517440905076026,0.746629460106812,0.6498522866346816,0.8086952686741711,0.7292473381673032,0.6934776591873015,0.8161254394334847,0.8575005092922464,0.7669495432374683,0.8178026659030779,0.8299663897245851,0.794229538044273,0.8009328918471005,0.81768973501981,0.7806090483778222,0.8576683053776175,0.7939173437938003,0.7182871860690253,0.7473399088705593,0.8465064143689611,0.8963304480102409,0.8245207200117297,0.812812446076351,0.6792435359004836,0.8453492564326017,0.9179547863685594,0.8274312401946462,0.9167224159498042,0.9683532684328462,1.5571719786427929,0.9768787364378138,0.8761291695471314,1.0186988158605512,0.8119548232477767,0.6344530160680691,0.8089706629430214,0.9728159130628248,0.5602726961966917,0.30487665905687267,0.7341214243898055,1.0710582952880312,0.5663029857986456,0.9513569927260992,0.8954505981522841,0.5773953315108205,0.6207044491544378,1.9223615557403393,0.23737506500214767,-0.03828531763206659,-0.3192673346696859,0.06751221358173481,-0.24319909865855183,0.20941998491027028,0.06562427084754127,-0.04791661580113354,-0.049438797415441306,-0.1399421790428644
0.6130022994748255,0.3011577942095618,0.8294755240831921,0.7703225594077521,0.6335628224758998,0.8060582257451068,0.7427313062233575,0.6981288594321357,0.7975775893835473,0.8006560660665996,0.725457040866235,0.7978114594952208,0.7893257526686078,0.7324551412372264,0.768919277890015,0.7819239314496302,0.7319452326766166,1.0269898503342367,0.7724461802530914,0.7696179433805732,0.7390105332882259,0.7732180297282265,0.7927916528791884,0.7778341340952826,0.7808054795040203,0.6442792348515055,0.7847018281698527,0.8537318534431926,0.8025332232321903,0.8551014791648076,1.0495322513416352,0.9768787364378138,1.3011981267896617,0.8773126508462586,0.8318752247781703,0.7925095311838758,0.6640234150457067,0.7907126895413557,0.8018598397161345,0.676812770163087,0.3140106662171506,0.7538069934246981,0.942398117280914,0.5024966302706421,1.0320090244566955,0.907672268040764,0.7067312590666243,0.609676953860898,1.6315290655738601,-0.06702048575279049,0.02474422489672355,-0.07829049427242948,0.11572773907619792,-0.09637488331164101,0.1086855484344362,0.0378406031306923,-0.024191948445954563,-0.036213660095256416,-0.09640035346192687
0.7197025620389264,0.3559382946795187,0.8827000105483438,0.8351849250368718,0.6714496346148684,0.8008951462668036,0.7677385516814277,0.7599953198435111,0.8184692059306715,0.9929553124785084,0.8675799093848058,0.9213703481991533,0.890248671570428,0.8656602282293537,0.8973924288833993,0.861070612320385,0.7778426496874912,0.8150381777926063,0.798813964867855,0.7622483511194472,0.8097841255837974,0.8422196855791618,1.0870477728887935,0.9377318657920088,0.813968165088702,0.8106865943082481,0.9285128903148755,0.7373380714333059,0.8070490017606581,1.2686565851768599,0.9480386986877459,0.8761291695471314,0.8773126508462586,2.6447183539747443,1.1112234480609438,1.2122040603271194,1.0488037308826685,1.1277770356286705,0.7898390158447549,1.1493386252402333,0.5563235042593525,1.0928653158165613,1.166215635593738,0.19962786251821724,1.556347180102924,2.0471584107872176,1.057703860968211,0.16780577192683357,2.3832668707773146,0.5863140703340262,-0.275138316958541,0.012908657780306842,0.13924927303579368,-0.3029750702939906,-0.0011964034458592893,0.07675218639629267,0.11924616875506332,0.05058898591480948,0.12984737914319847
0.6583045174703603,0.2489540708140783,0.7822122607481311,0.710013088668688,0.601979704240858,0.7606975889850168,0.6860322298713208,0.6548516093555223,0.7390094806944751,0.7939556646559685,0.7349073576738899,0.7683973667205212,0.801711759506024,0.759897575333117,0.7650606410092047,0.7628018911102179,0.7211718642099579,0.7732020378549703,0.7382807365438778,0.7037366129205861,0.7012844710068284,0.7559086191348537,0.8175213189463895,0.7706738615211213,0.7767850389983652,0.7631201849720303,0.7994998052199284,0.8955597003212964,0.9510886743222804,0.9479771489059817,0.8717005889418247,1.0186988158605512,0.8318752247781703,1.1112234480609438,1.3351052499721294,1.0872504076837357,0.778846635975892,0.856272944320972,0.9998860592227342,0.759045448847574,0.48933081878444135,0.8007654977497145,0.9126254713971839,0.45779442212656773,1.0481673027520326,1.1758602755272929,0.7207576545536162,0.3503052278967467,1.849184911476124,-0.36664014696415304,-0.15226666124528948,-0.02420252344870281,0.14574367470686736,-0.1491561528954089,0.3303656696948052,-0.030492643115674734,-0.08902863164122614,-0.0010682610246561842,-0.05126916604172898
