1.2654359689707997,0.14281215428208582,0.05810259072721191,0.08732773226969977,0.19906212994996814,0.15831075696287322,0.179100194886322,0.187793843149344,0.06559182037244897,0.1238013811437733,0.12429232425032467,0.14620745820809283,0.10722301560580856,0.20522669635688526,0.12888250936877166,0.11845953438323906,0.11514378189945514,0.1285353714131368,0.02689016509740549,0.13032292621423075,0.09543644864269889,0.09275799754468779,0.11663921836464776,0.03893083116124085,0.16404545731311654,0.1891662014510752,0.07664196963642703,0.07318263675545456,0.08641040434906526,0.21687656191733812,0.08939456715588077,-0.10708818881013335,0.14952372808961253,-0.3183870439253615,0.07222386734432872,0.15113665972834603,-0.004337248929507005,-0.013114580500781552,0.09852437341125754,0.13946128917974931,0.08495554392831761,0.06741010540202336,0.034366405199516815,0.06125892452368442,-0.019764467842480437,0.01282714285067585,0.17232010184154656,-0.00038514073351960006,0.04975503098966129,-0.039582553188976015,0.029031616691801862,-0.05300471389777802,-0.024754236555157107,0.041581591280544644,-0.021704827878735452,-0.08273081080553472,0.01934065400785547,0.15097992159518867,-0.08054431236407397
0.14281215428208582,1.839287824489499,0.7512764865752589,0.10889018427832221,0.09410933579944207,0.1376997619159097,0.19553577336718908,0.15941733136399577,0.23942887296739912,0.1488242693989965,0.1747816073571694,0.2378091309564823,0.12068533550675771,0.15964368788261835,0.33348400223653496,0.12256061505040478,0.1591307739416293,0.2751628573620164,0.028842548113472373,0.34299881523614173,0.25803978565472535,0.15057829749073884,-0.08595632647687425,0.1006901465045899,0.34116322256282694,0.27329544998468747,0.22717844160588732,0.22556429856844237,0.2891211046077378,0.0944789146454322,0.257339731536641,0.1181873961001213,0.1526953755928142,0.15497366493092518,0.22997377904049782,0.2504184676788614,0.22904542228373376,0.1496444433526325,0.054128133660755584,0.08081438845008186,0.22481054825832603,0.2278493320773766,-0.06254393537106231,-0.026264746429443497,-0.02382720478193033,0.13558627928319245,0.13997010444110877,-0.007935130777370241,0.17157726172752014,-0.3991552142864864,0.37498752619246767,0.08889866244662445,0.022417799037074606,-0.05247349367367084,-0.04315950078748325,-0.08169072507697867,-0.07754042071468895,0.01911657704823002,0.09977301141962792
0.05810259072721191,0.7512764865752589,2.496142224632296,-0.044980990534352436,-0.37631073978214397,0.07611681597882795,0.11773871084715475,0.06249063922769106,0.4128147997318077,0.10575623663022743,0.08905660823961345,0.17307051180588087,0.06881105519712016,0.05755641778521091,0.22190884938206942,0.026072320903014083,0.2479396912268162,0.13735293160225961,0.1160496210449402,0.2562431466318385,0.16318349025776616,0.21435020124569404,0.1080603309587785,0.15864349101966005,0.2682907931932151,0.15889355720261086,0.12280750177619874,0.17276785624577876,0.21038853037935434,0.23877823892939806,0.1455093692501439,-0.05973266344699589,0.21641615185836047,0.02424044993262811,0.33818082890192674,0.11291551464058874,0.18132467284820414,0.11265221252599687,0.10635156074583377,0.03084661264201853,0.08026941396952875,0.14593931744650815,0.06459640744178548,-0.021567795279431767,0.016531753875519403,0.08272446100188724,0.1494055719596612,-0.006154838596992043,0.20420167852812518,-0.15882652813824522,0.14898844275307327,0.06066083454483513,0.08178579504906856,-0.14244565752612448,0.07459426531217273,-0.05332263242114522,0.1390909460267327,-0.25133114040118587,0.08611306426147122
0.08732773226969977,0.10889018427832221,-0.044980990534352436,0.6662901920190507,0.4983031525396021,0.3161747222750254,0.24804668924009185,0.19333786019672766,0.15580746138564616,0.20010929977613723,0.1737462275212399,0.21113877090970543,0.1391937396549634,0.20948222647226142,0.21968187612786244,0.1853807531557925,0.09999040638516163,0.2609646856800694,-0.03223897931210305,0.10512716329723978,0.17902377315304618,0.16727846642527425,0.28737853588730067,0.15301875100990978,0.14300936736744174,0.23130451536223803,0.1264799807923376,0.13186717792041183,0.19368385043871422,-0.020857074921951615,0.12949694630261166,0.2118710082952197,0.10819039173431759,0.28166866347874725,0.03570095091899201,0.12878291927029636,0.12580813951322803,0.12706059010208584,0.10404327371341855,0.18172565933325616,0.057461969740333796,0.1713022978014059,0.07877825050831773,0.06051469983107391,-0.029547140338987976,0.11726134133271851,0.16158557754805494,0.0011544797719405613,0.2176680712813758,-0.012329720625719865,-0.022296590550336136,0.0893528592574109,-0.021884500551413756,0.014469175362241527,0.11377408119069987,0.006254568147392653,-0.023625366891341173,-0.051751921964916535,-0.008598120221717619
0.19906212994996814,0.09410933579944207,-0.37631073978214397,0.4983031525396021,1.1343005379170688,0.3742329496383407,0.24422109267470607,0.32243773986485214,0.10380997166340607,0.21097945808081822,0.23481098952114315,0.2543462276513824,0.18588535972663783,0.2710605515754884,0.2391072893255741,0.24597828507405686,0.1196765470640033,0.2836141606884333,-0.01865595608595844,0.09440334228886424,0.2199453675674246,0.16785422794803312,0.304500206541925,0.16927924023963303,0.14020717683069345,0.2680111403790343,0.14281208611024096,0.08396377691845797,0.19261056777731234,-0.11946986856272729,0.16484416950321068,0.3220415812737827,0.06584294739308331,0.41439581618856747,0.01296093916662363,0.1624725220464105,0.12267894542431405,0.19483484881456595,0.12741794783185453,0.2435995134699312,0.07863668479624415,0.21068732977289653,0.030723794942258412,0.08837799064075698,-0.022033190868275012,0.14944404963502075,0.14502304125502832,0.005121832177456171,0.2072534572593367,-0.005952045532405292,0.1034087945128318,-0.05715017607310228,0.06748280254159385,0.07825695000863557,-0.05805237305443033,-0.08216387823383847,-0.010423011900399397,-0.01457669316630721,0.14261970648844624
0.15831075696287322,0.1376997619159097,0.07611681597882795,0.3161747222750254,0.3742329496383407,0.657663593281328,0.22684708710103896,0.20065103172875312,0.19305141897170047,0.19808402392268454,0.1970093920077107,0.20091867961706072,0.15883513660874715,0.27020279304545636,0.21861815148348193,0.19795597456463757,0.1251013993896584,0.25534918768908144,0.0461950817742313,0.1651834131908251,0.24067119798003117,0.20298089301829,0.2021577125886048,0.16448999805174983,0.1979095651917596,0.3415695020724091,0.137899332423286,0.19311735456910856,0.3134566003355632,0.016790826169693723,0.1375448515565419,0.1967989115804391,0.08174541357321821,0.2745731858292386,0.10796866158090959,0.15571993993833924,0.1569369776943329,0.12069880747224658,0.07235259018521571,0.17420985045137447,0.0006937447797136816,0.21603114228880532,0.11893314245179538,0.09082832430867907,0.054943195981152285,0.14861924284297243,0.18954350894444702,-0.0005103641044379557,0.06810865542654318,-0.004508508931873432,-0.2362877752653045,0.00567261274659105,-0.07046809050246304,0.10363915166365631,0.029566877522687145,-0.05380847290900902,0.042882506524073,-0.04038757160008339,0.03244515476808294
0.179100194886322,0.19553577336718908,0.11773871084715475,0.24804668924009185,0.24422109267470607,0.22684708710103896,0.4185231470986958,0.10861390407875464,0.24718332731147982,0.15490840103898415,0.16079469376903563,0.24479316036526244,0.12269852508932515,0.15191989442945766,0.15209206352470506,0.17438294747489236,0.13652011157644695,0.19945574847802183,0.015320373635316645,0.14104873563554693,0.17721507395592562,0.2072284556249544,0.24110911177805022,0.1297019145419086,0.1827980745249313,0.21878796151316338,0.141370110142946,0.11339661311296605,0.18890753393931073,0.019355225140551054,0.12151133531879861,0.15908010008301243,0.11686629022931183,0.19886558224064613,0.0979647706033823,0.12692762176545017,0.10968822080883821,0.1000959113412802,0.10701277165130833,0.15729230389667925,0.05426073011949249,0.16412832563575913,0.058827107364822585,0.04560554125314023,-0.016973219619652653,0.14341823142588322,0.09485406716340636,0.0005601124475191364,0.251922759825881,-0.10058342154239398,-0.02276085788779246,0.02470320095596064,0.023583335017311337,0.03114671886974098,0.17121424840121943,0.0604373723492096,-0.048477289412818106,-0.02324844103192185,-0.17356182904147593
0.187793843149344,0.15941733136399577,0.06249063922769106,0.19333786019672766,0.32243773986485214,0.20065103172875312,0.10861390407875464,0.7496478984360376,0.015809812639177547,0.12420380157575418,0.2639311696724838,0.19086119632958887,0.23059662751864746,0.24362836510786748,0.11463562446914426,0.16520447807603916,0.2411164960768182,0.20717889821304122,0.10196329776865892,0.17669885771660407,0.19403904122963408,0.10440471454943735,0.16852939949206808,0.11926258628291116,0.11402452577261685,0.28370187714079104,0.12022886404844595,-0.14541424691583077,0.19198821783440567,0.12339157497721466,0.11227907971603503,0.003253909292160567,0.10475496466037999,0.14387112691616613,0.2568239329597264,0.10311371165265518,0.14386439710674365,0.054147934904581696,0.2315999337113184,0.18309631325819237,0.031258305757288336,0.1682243431894461,0.10171004737503672,0.046151683415688205,0.037073463642206976,0.06596845423915056,0.21104849110240123,0.0029291370601486353,0.09753462520217983,0.11028944830491308,0.014307787327909173,-0.03493801558540389,0.058431421205248885,-0.11136476188581954,-0.12848545157257554,-0.181986065229739,0.05342581371767222,0.05253711388913844,0.20273675494039545
0.06559182037244897,0.23942887296739912,0.4128147997318077,0.15580746138564616,0.10380997166340607,0.19305141897170047,0.24718332731147982,0.015809812639177547,0.6260284270540801,0.14420279109594714,0.11644297446160344,0.1105014241461965,0.09263997223064083,0.09147463945303916,0.09538938397968354,0.049478517915687345,0.11879843954614802,0.23562879759497538,0.0013325698788054885,0.06705331868916821,0.1618797661268323,0.3052504780570394,0.2903586566934731,0.14007827402878037,0.12276493230092751,0.22470778061215696,0.10290273497260848,0.25013387701870166,0.13489557925025766,0.07185521726842843,0.12196827278213261,0.13374890933632824,0.19743270730750484,0.13471871487170126,0.09930894797009492,0.0951617639478107,0.1375985657868688,0.07537385059536092,0.10253324501519516,0.09700172638599684,0.07691989160416146,0.1411754026089102,0.042828633706425735,0.032724983809768425,-0.10835765754610921,0.04125909437866535,0.15070708233105246,-0.000290610843693084,0.4094241053119407,-0.0017787668917410373,0.010790314923879833,0.005385979462509118,-0.007189595658193458,0.004600013367912717,0.1527394617706499,0.17807937261285411,0.009190394436946619,-0.20711452806649971,-0.08515658706752892
0.1238013811437733,0.1488242693989965,0.10575623663022743,0.20010929977613723,0.21097945808081822,0.19808402392268454,0.15490840103898415,0.12420380157575418,0.14420279109594714,0.5964400760069635,0.1661056470835604,0.1736467030094639,0.12844477046633684,0.15996170431180595,0.24650151943795442,0.13626515451188895,0.16191208885973699,0.2657007827688348,0.11276406823463447,0.12092612819551608,0.1302268930399878,0.1422252474557379,0.26970538631047297,0.16430013009926867,0.20022938880017999,0.12865118352965094,0.13902614809763,0.17031616404159802,0.20697684447200793,0.1442181452959415,0.16505586374877385,0.16696238896437196,0.1573486041526929,0.24498980399331455,0.14114621312051498,0.1700621756310369,0.23829947981723998,0.10242856773871295,0.16910928248022816,0.22044688703858703,0.17812076459305226,0.15650351842661075,0.020638284493802596,0.068335296580993,-0.07812950610920373,0.17217892376721539,0.27738545668318637,0.006872726506837395,0.20391991166383874,0.03062964129044622,0.04785588898124643,-0.15158882877983915,-0.04832848473758055,0.14371000383551966,0.03932463447116643,0.045388890709708266,0.10454109429946466,-0.20018405891151703,0.04203596153975462
0.12429232425032467,0.1747816073571694,0.08905660823961345,0.1737462275212399,0.23481098952114315,0.1970093920077107,0.16079469376903563,0.2639311696724838,0.11644297446160344,0.1661056470835604,0.4808128401425997,0.23939718063316484,0.18103896196145858,0.17849107409757836,0.21991400019508842,0.156756974367927,0.29343811666386926,0.16493781923939843,0.042866619807026725,0.24900601072526932,0.16886056488868528,0.1312952116618135,0.20830832048853934,0.15307054564214576,0.15515746319793788,0.24384405366827155,0.16077018466700993,0.10589082266970161,0.20622376259240788,0.05020220066046149,0.12518878869537103,0.1258809482141871,0.1332149772317561,0.18198895006699645,0.1822129757198205,0.08978079722580051,0.18816934538910177,0.10335437209627608,0.17627095852868352,0.12536109333763987,0.08022093050026449,0.16729896079466947,0.07877602664505222,0.04254572612237564,0.02786585624738901,0.13390733849022357,0.1264031597512865,0.007840161934845807,0.19170604063416877,0.08826922753957195,0.004154916100770459,-0.04119012817329451,0.003897348841032104,0.046201520655074865,-0.012073412014659717,-0.051850746123777144,0.0449986662315057,-0.031083380203076563,0.04311660600309968
0.14620745820809283,0.2378091309564823,0.17307051180588087,0.21113877090970543,0.2543462276513824,0.20091867961706072,0.24479316036526244,0.19086119632958887,0.1105014241461965,0.1736467030094639,0.23939718063316484,0.5029090420951385,0.13468008905551193,0.17806219548178473,0.27816152412164774,0.16798883689632946,0.24743874518594713,0.08850821931083037,0.058208026470639496,0.24359027692355106,0.16264954209651045,0.12624978347188828,0.15325376397024343,0.14610601418861865,0.22370406514167426,0.21552905747309373,0.20593982522003557,-0.01674414789196434,0.21455631641450484,0.04283321501758313,0.14787343383981205,0.20866925055616828,0.08768952866433284,0.22048424343813125,0.1785281995795607,0.19117860579894272,0.06289878522414839,0.1355150382910789,0.1450532911088363,0.17581574431985944,0.06615875723105076,0.16507885421830903,0.053690484679552314,0.040527932120945416,-0.0044887347611631484,0.15234635561205612,0.11362398688619778,-0.0009722287357224772,0.150697193701561,-0.1872878656716848,0.014999695605107957,0.0946955684900833,0.06777707973585202,0.0038861419678615657,0.014976236951583696,-0.025746735076563672,-0.014750413353225973,-0.03153736261662665,-0.033520615934863815
0.10722301560580856,0.12068533550675771,0.06881105519712016,0.1391937396549634,0.18588535972663783,0.15883513660874715,0.12269852508932515,0.23059662751864746,0.09263997223064083,0.12844477046633684,0.18103896196145858,0.13468008905551193,0.29396323993104256,0.15319716197468464,0.06179526115714928,0.15544207757607575,0.161583590677073,0.1267320331803049,0.08518302467602595,0.07501185767583649,0.12034919895658408,0.14226470043158926,0.12971163905497166,0.1024186571972177,0.08840524371350236,0.15091324938479575,0.10493578865813404,0.02095152451963731,0.14227009097506257,0.05644194945217071,0.07803682392540595,0.07229824084711643,0.0736757597251339,0.12311855049296426,0.14362317893191207,0.06816869253611768,0.10237694742305069,0.04484291641536757,0.13937683292302905,0.11957386017226802,0.037844978631146366,0.1130715376913131,0.06860540611804236,0.048818334216802026,-0.0029912925629682068,0.10232498330690248,0.10635754209496918,0.002854385783822274,0.120592520713756,0.07315861789371754,-0.006820629491384115,-0.058435876507690734,0.02308822037838576,-0.02185496132161045,-0.011231607786544272,-0.0740862565085895,0.051771103227905714,-0.05391320988121486,0.07627122138864453
0.20522669635688526,0.15964368788261835,0.05755641778521091,0.20948222647226142,0.2710605515754884,0.27020279304545636,0.15191989442945766,0.24362836510786748,0.09147463945303916,0.15996170431180595,0.17849107409757836,0.17806219548178473,0.15319716197468464,0.4441315970547826,0.26314743163860277,0.2002576655457685,0.12262516916052085,0.17598887311462008,0.04972067063476874,0.14619643428841786,0.17140132859681118,0.13779530288217665,0.22124025162523966,0.14398858303788067,0.15673907281503738,0.22474318159710507,0.10821704912557893,0.1423453752838854,0.19502214438256657,0.12388552148805483,0.1123456387038999,0.10176774400077672,0.12270430410216447,0.1600183627407747,0.17839327829903387,0.1291984845466121,0.17274332470443604,0.0776994681669704,0.09181346863063707,0.06499054611823046,0.10400599404759513,0.16239844761077424,0.09101306823361596,0.06012796326511182,-0.04625513215195665,0.06392528443747675,0.19458570017022828,0.004727744023325251,0.165717275631706,-0.003276156354465108,-0.024653085019646737,-0.022655097564320947,-0.009469718544119628,0.03357199116369735,-0.1387172979081244,-0.08117252380439113,0.02952137424994758,0.005987878518441149,0.19995696215494216
0.12888250936877166,0.33348400223653496,0.22190884938206942,0.21968187612786244,0.2391072893255741,0.21861815148348193,0.15209206352470506,0.11463562446914426,0.09538938397968354,0.24650151943795442,0.21991400019508842,0.27816152412164774,0.06179526115714928,0.26314743163860277,0.8128810390173856,0.12438600790110521,0.06173025487450462,0.291330859540306,-0.004165703946113599,0.2576320870192099,0.2159078858725978,0.08005439548905616,0.42672892561866643,0.183839892026843,0.21913891055461937,0.20121298494010728,0.15250334904611995,0.31463824059438783,0.2381548967763454,0.17426720756274047,0.1435891777328178,0.15925574927989478,0.2004555414227849,0.2543558641196357,0.20027033051282397,0.15660161591375166,0.2540427055993918,0.09476077396337856,0.13071245122055286,0.06429262825321393,0.1511541315563789,0.21082228047522947,0.10288838864101246,0.02709472791225028,-0.040567626667330464,0.18146324851061635,0.21569705643268153,0.010175902985696515,0.20329697042222236,-0.15527407560029893,0.0032913768626879774,0.1052493509305802,0.027232000213644227,0.04388842497330938,0.14583717219168071,0.09293738186319733,-0.09602147924842588,-0.02084210672836111,-0.09702854892613423
0.11845953438323906,0.12256061505040478,0.026072320903014083,0.1853807531557925,0.24597828507405686,0.19795597456463757,0.17438294747489236,0.16520447807603916,0.049478517915687345,0.13626515451188895,0.156756974367927,0.16798883689632946,0.15544207757607575,0.2002576655457685,0.12438600790110521,0.7181843997522319,0.14778927825051305,0.1380280910006789,0.13511439446945595,0.06353698512595936,0.1928169809021522,0.33298721433730827,0.16792399971058508,0.14596429955296886,0.06774748294589054,0.1372009755560934,0.16197622925899866,0.10574604954915372,0.13429634535549517,0.09995490796062002,0.1035594260625029,0.16788359504080347,0.04571709746632965,0.22396182118114175,0.26341155276407263,0.08415351015866891,0.13413721721298727,0.11888686691041991,0.1361313709206356,0.21086065223777484,0.09415754772859627,0.19830244757654877,0.1946984594389309,0.08325973904171416,0.04636618628981903,0.0879247717183175,0.16788686008029058,0.006409741277847595,0.1283760387720402,-0.27597903237676247,-0.12147949633144962,0.1046408090762557,0.12897148476496437,0.002175650273740951,-0.06926644914484988,-0.08749154850073536,0.027359289798767936,-0.06104693942414403,0.18311072211508223
0.11514378189945514,0.1591307739416293,0.2479396912268162,0.09999040638516163,0.1196765470640033,0.1251013993896584,0.13652011157644695,0.2411164960768182,0.11879843954614802,0.16191208885973699,0.29343811666386926,0.24743874518594713,0.161583590677073,0.12262516916052085,0.06173025487450462,0.14778927825051305,1.0504338330329959,-0.030550175712480115,0.0844196517642949,0.45760500580978514,0.08159190968914189,0.14463862267183128,0.09711273385387738,0.17445899551113955,0.48836910196478717,0.1714919414390525,0.20352116878568305,0.12121792780978745,0.27351657197749324,0.019069561871925256,0.1681808666495992,0.10689124374887746,0.15410889197311872,0.14601570957606985,0.19228493967364782,0.07704100989993384,0.3480907664213465,0.1722588254232936,0.17026899002211027,0.07164846287515421,0.09522910665005926,0.12950865459282584,0.14477792973803968,0.027403968571226234,0.14742599678736892,0.16120463832665125,0.02852129182495622,0.004280275480639434,0.17781009645218496,0.43545348601633105,0.16128386973467074,-0.20843461840259703,-0.13981239779025942,-0.0058630779841755114,-0.06858276313890005,-0.15517717732713088,0.1010975002551566,-0.06570970163601095,0.2470665101245008
0.1285353714131368,0.2751628573620164,0.13735293160225961,0.2609646856800694,0.2836141606884333,0.25534918768908144,0.19945574847802183,0.20717889821304122,0.23562879759497538,0.2657007827688348,0.16493781923939843,0.08850821931083037,0.1267320331803049,0.17598887311462008,0.291330859540306,0.1380280910006789,-0.030550175712480115,0.6588891406198037,0.04105670657534667,0.0030380653634891697,0.25334185464118875,0.19190472944144546,0.48081712521125164,0.12876804307995157,0.1794804916144015,0.28184131849632515,0.0335573791646814,0.2274126096122213,0.22211469424079824,0.10561426710121542,0.16444069068666264,0.057790653159402655,0.19631586230995168,0.21287699123111278,0.1297727383093399,0.1393980431004381,0.23134118335420292,0.08499132604459514,0.1017442173900039,0.25701815911096443,0.14128090000984464,0.22398626361428295,0.16105833167214495,0.051245199316984756,-0.03526180206377353,0.19413053078025236,0.358961495197277,0.010042416186905974,0.21029709665031965,0.08424732761131053,0.141812085314662,-0.18118325003058808,-0.09553651369073841,0.01544011749704247,0.19040505879617142,0.08357433340655923,-0.002130529890829872,-0.032797074515339336,-0.17731111694692828
0.02689016509740549,0.028842548113472373,0.1160496210449402,-0.03223897931210305,-0.01865595608595844,0.0461950817742313,0.015320373635316645,0.10196329776865892,0.0013325698788054885,0.11276406823463447,0.042866619807026725,0.058208026470639496,0.08518302467602595,0.04972067063476874,-0.004165703946113599,0.13511439446945595,0.0844196517642949,0.04105670657534667,0.9786757625015926,-0.03101242168776947,0.11094923238969191,0.1024052478593696,-0.18643598766922503,0.060392426427726666,0.04953312490755005,-0.08595340184541525,0.02228357764323019,0.0349362667691398,0.05141923176777195,0.13459393863646166,0.13231499648176143,0.09704263796249407,0.079265561816831,0.056978127810928106,0.023155289745648223,0.1639619498107899,0.18678997759044405,0.19191368051838498,0.19646180158492985,-0.01862519274547279,0.07058556116494182,0.0781168096028583,0.11538610820806519,0.027746239767219794,0.2006768294231878,0.15442746361736936,0.11310346114051617,0.00900380953561444,-0.30803253102491146,0.35992775848215364,-0.04729472837976636,-0.03318236354010524,-0.1392989210255755,-0.0774137683143789,-0.0468600243595857,0.01336061278394566,0.033912355515364825,0.05247758866442057,-0.05049984131295711
0.13032292621423075,0.34299881523614173,0.2562431466318385,0.10512716329723978,0.09440334228886424,0.1651834131908251,0.14104873563554693,0.17669885771660407,0.06705331868916821,0.12092612819551608,0.24900601072526932,0.24359027692355106,0.07501185767583649,0.14619643428841786,0.2576320870192099,0.06353698512595936,0.45760500580978514,0.0030380653634891697,-0.03101242168776947,1.39982783431429,0.11141724619644475,0.035536821653728456,0.13693827425919705,0.19244345407749244,0.5143683072757581,0.376802938206632,0.33095275910392963,0.2982581964134788,0.3397685009420934,0.231027172631213,0.20163262101326124,0.09830880632923136,0.275284167058185,0.16450042163031678,0.280817801629083,0.09074275338638842,0.5456253019939803,0.17769955248086153,0.1711535502030624,0.24005235660998114,0.2378243623240119,0.23463092370724375,0.307956631426701,0.023602871758918818,0.16036171675270644,0.19518406908035688,0.12927608209565514,0.028235967265092803,0.531282019187538,-0.23789322676549532,0.012919817971151697,0.08991303682460422,0.09149471119535905,0.009379840841240323,0.047445603881512595,-0.02109039707255915,0.005656398317908749,-0.06539316073913314,0.06643278066516492
0.09543644864269889,0.25803978565472535,0.16318349025776616,0.17902377315304618,0.2199453675674246,0.24067119798003117,0.17721507395592562,0.19403904122963408,0.1618797661268323,0.1302268930399878,0.16886056488868528,0.16264954209651045,0.12034919895658408,0.17140132859681118,0.2159078858725978,0.1928169809021522,0.08159190968914189,0.25334185464118875,0.11094923238969191,0.11141724619644475,0.8148778026113419,0.1744325193742364,0.14531629098777685,0.1182050955973171,0.21207169287760372,0.35652496044423354,0.0938132944127837,0.25404797164968185,0.1803015638633564,0.1293452324979349,0.21308480391316947,0.13043334404173706,0.1173392435644754,0.3065845021247494,0.364631385951064,0.20448601032851585,0.17204366773488017,0.2583286043895312,-0.03392889473552596,0.25687342394607926,0.22388793008729868,0.5429865437053382,0.05341058042582763,0.03847040306141607,0.12164645914019694,0.18175699169285778,0.18820587852100398,-0.0012700307703748031,0.06386383027522523,-0.07271156180709903,-0.06266799578620567,-0.053329305580354903,0.08731673085302973,-0.0021169671919539063,0.03390532096639027,-0.02290104200476725,0.0600890904675156,-0.07444786686934511,0.009465914164724393
0.09275799754468779,0.15057829749073884,0.21435020124569404,0.16727846642527425,0.16785422794803312,0.20298089301829,0.2072284556249544,0.10440471454943735,0.3052504780570394,0.1422252474557379,0.1312952116618135,0.12624978347188828,0.14226470043158926,0.13779530288217665,0.08005439548905616,0.33298721433730827,0.14463862267183128,0.19190472944144546,0.1024052478593696,0.035536821653728456,0.1744325193742364,0.5544502763022462,0.26290765851938425,0.1316272322120198,0.13255135537651852,0.17238444924176252,0.1115105902065031,0.14139812903288151,0.13028575020263544,0.0797661931671973,0.09345953880334479,0.12486454069241248,0.11750702206918288,0.18131712796957314,0.19168390005712055,0.04861327713413945,0.140924070043131,0.07089073551552674,0.11932447961897227,0.11859502204170151,0.05609747759873465,0.15859820969106914,0.12208848274292142,0.05519125504134091,-0.035838187862595926,0.0783522496525448,0.15340506301361187,0.005979670326257675,0.2705572857473364,-0.11966636140188214,-0.060439050186056886,0.0001321859953025068,0.06673268067240487,-0.017364376469991918,0.05693729654213869,0.03244987138948341,0.03075777254644681,-0.13338646100177984,0.03473223405493208
0.11663921836464776,-0.08595632647687425,0.1080603309587785,0.28737853588730067,0.304500206541925,0.2021577125886048,0.24110911177805022,0.16852939949206808,0.2903586566934731,0.26970538631047297,0.20830832048853934,0.15325376397024343,0.12971163905497166,0.22124025162523966,0.42672892561866643,0.16792399971058508,0.09711273385387738,0.48081712521125164,-0.18643598766922503,0.13693827425919705,0.14531629098777685,0.26290765851938425,1.6698841345619186,0.312000759355588,0.21178078420292942,0.0425816627778335,0.08655563633326596,0.234110427376607,0.3696037652377925,0.2606313455144193,-0.1070225740889118,0.017965504694027894,0.35992806145701867,0.27925779409513307,0.31236718184681295,-0.08388565135812386,0.4498649936671565,-0.1728083430974412,0.35540280069772534,0.008957838115121427,-0.01440003133899262,0.15204941106421344,0.08435755434004742,0.0581974285149267,-0.21842904755667497,0.17712985865060624,0.3438203624567765,0.035385951655755234,0.4749139760777434,0.14051699888302535,-0.11403900143812,0.015892243076446943,0.10852464966601613,0.04974126467941161,0.18796594702973232,0.11701309722957709,-0.07431069679694992,-0.17324792873794226,0.006303980252394839
0.03893083116124085,0.1006901465045899,0.15864349101966005,0.15301875100990978,0.16927924023963303,0.16448999805174983,0.1297019145419086,0.11926258628291116,0.14007827402878037,0.16430013009926867,0.15307054564214576,0.14610601418861865,0.1024186571972177,0.14398858303788067,0.183839892026843,0.14596429955296886,0.17445899551113955,0.12876804307995157,0.060392426427726666,0.19244345407749244,0.1182050955973171,0.1316272322120198,0.312000759355588,0.5426626584710313,0.15204003231309018,0.11009815919600789,0.18216800489640084,0.2119488683062797,0.21494225661967215,0.27947485539105676,0.188462189189404,0.3783288341292765,0.3038758362068325,0.199732024402773,0.19901452647174767,0.2214912311939988,0.17159819696728704,0.18794994705478166,0.17957108020153018,0.02717944945203422,0.12788707463491558,0.15696913574900034,0.10939396381575366,0.07801041001116552,-0.09464509593226668,0.025380586720226986,0.21281753466730866,-0.006993647761312658,0.20889560882524563,0.015572279037473567,-0.07072833245770638,0.046300920667766934,0.09471456823715432,-0.01580920946056159,-0.0031378553106217034,0.0063822499304496145,0.03612059620608159,-0.30892091419232587,0.27758656108757956
0.16404545731311654,0.34116322256282694,0.2682907931932151,0.14300936736744174,0.14020717683069345,0.1979095651917596,0.1827980745249313,0.11402452577261685,0.12276493230092751,0.20022938880017999,0.15515746319793788,0.22370406514167426,0.08840524371350236,0.15673907281503738,0.21913891055461937,0.06774748294589054,0.48836910196478717,0.1794804916144015,0.04953312490755005,0.5143683072757581,0.21207169287760372,0.13255135537651852,0.21178078420292942,0.15204003231309018,2.831076819561139,0.13797334445088566,0.12676674018267048,0.13848226470416042,0.6377250964789714,0.21849055457928412,0.4887109342011372,0.16063804449386934,0.10706868821395,0.2979703882121462,0.33005025403145216,0.4082244317080007,0.03220722923371185,0.1688570504850066,0.21662645048626533,0.6320773328931505,0.17058739087950003,0.24079753439866877,0.2298546563463487,-0.04343671335847086,0.09460015377136516,0.2780542766019466,0.14539347848886972,-0.030510548361790353,0.3500503516476421,-0.5908106542064786,0.19694728203307574,0.022839561223303648,0.22634459272294127,0.03696576393738598,0.09103024517393472,-0.04740245386491937,0.021101792963959174,-0.02390996725967744,0.0133699577467906
0.1891662014510752,0.27329544998468747,0.15889355720261086,0.23130451536223803,0.2680111403790343,0.3415695020724091,0.21878796151316338,0.28370187714079104,0.22470778061215696,0.12865118352965094,0.24384405366827155,0.21552905747309373,0.15091324938479575,0.22474318159710507,0.20121298494010728,0.1372009755560934,0.1714919414390525,0.28184131849632515,-0.08595340184541525,0.376802938206632,0.35652496044423354,0.17238444924176252,0.0425816627778335,0.11009815919600789,0.13797334445088566,1.697283228299601,0.18795870871365347,0.29627861524375265,0.02298190240305081,-0.17059772421900402,0.16766531728558134,0.04930923511445753,0.27001230379509955,0.13793147925730093,0.15626655714637747,0.20734573165001982,-0.2216129520015728,0.1669228519882974,-0.6512794228970448,0.01265045141451427,0.2616011587535688,0.3442574456579703,0.3514686018005962,0.00997116103200291,-0.3969182978655887,0.12617838067497775,0.012001661422661049,0.006252568713863999,0.16248506315727781,0.20255016864457187,-0.12907293594065147,-0.33077774054717735,-0.15776873617364812,-0.003850066077158879,0.01543542174920163,-0.0766360149510516,0.09896482500559652,-0.15528979826173958,0.1316805209663006
0.07664196963642703,0.22717844160588732,0.12280750177619874,0.1264799807923376,0.14281208611024096,0.137899332423286,0.141370110142946,0.12022886404844595,0.10290273497260848,0.13902614809763,0.16077018466700993,0.20593982522003557,0.10493578865813404,0.10821704912557893,0.15250334904611995,0.16197622925899866,0.20352116878568305,0.0335573791646814,0.02228357764323019,0.33095275910392963,0.0938132944127837,0.1115105902065031,0.08655563633326596,0.18216800489640084,0.12676674018267048,0.18795870871365347,0.6290487550297462,0.15402638855640588,0.0983940021401559,0.0928866897238541,0.17657011067975398,0.36225858253730253,0.16439185730777212,0.18431563231493092,0.10281459451813685,0.1857754699333528,0.13642175924894218,0.23848077125773437,0.10926685071159663,0.051895500820551194,0.19750498693193277,0.14869395737632582,0.3698314657658627,0.0945599805521607,-0.004918960436236672,0.1398472955001305,0.07151260455025941,0.0068145387741003075,0.23780513892488342,-0.14405694679687023,-0.01724772491955535,0.10338611877127393,0.10664117661768323,0.009502905787397556,0.029619750108975152,0.019368480843308902,0.009709137117681708,-0.057239958280380275,0.007721388970763528
0.07318263675545456,0.22556429856844237,0.17276785624577876,0.13186717792041183,0.08396377691845797,0.19311735456910856,0.11339661311296605,-0.14541424691583077,0.25013387701870166,0.17031616404159802,0.10589082266970161,-0.01674414789196434,0.02095152451963731,0.1423453752838854,0.31463824059438783,0.10574604954915372,0.12121792780978745,0.2274126096122213,0.0349362667691398,0.2982581964134788,0.25404797164968185,0.14139812903288151,0.234110427376607,0.2119488683062797,0.13848226470416042,0.29627861524375265,0.15402638855640588,3.2007543503452536,-0.3702038256494767,0.010160540266655383,0.25293399180364995,0.17509838755900584,0.6402280805790833,-0.014081544127393153,-0.18596019579380824,0.08848075754479967,0.5809684041903265,0.24200521738952083,-0.12396573435514864,-0.3887677658850607,0.5743542434028119,0.2671438396206184,0.20083265565074596,0.04614806955853702,-0.19895345793446204,-0.14701839632289868,0.08905153645885151,0.03467536926491763,0.40982503374058904,-0.1202950251087706,-0.08144612890493393,0.2754329265853956,-0.10683756662299543,0.02507256391464976,0.073588372960934,0.23173398822286875,-0.07273447473573467,-0.09570831877286616,-0.014023856178834724
0.08641040434906526,0.2891211046077378,0.21038853037935434,0.19368385043871422,0.19261056777731234,0.3134566003355632,0.18890753393931073,0.19198821783440567,0.13489557925025766,0.20697684447200793,0.20622376259240788,0.21455631641450484,0.14227009097506257,0.19502214438256657,0.2381548967763454,0.13429634535549517,0.27351657197749324,0.22211469424079824,0.05141923176777195,0.3397685009420934,0.1803015638633564,0.13028575020263544,0.3696037652377925,0.21494225661967215,0.6377250964789714,0.02298190240305081,0.0983940021401559,-0.3702038256494767,1.9512937411498277,0.1815413329324519,0.051763679756407555,0.3574140129636481,0.03859184804883892,0.4032405481447082,0.2791347951680934,0.28158516684395457,-0.12458975814129676,0.03176544153225918,0.29481118116612637,0.10318809885620069,0.10139071088451608,0.17730695556818343,0.0861169429952567,-0.12266984198327603,-0.10989319426544018,0.405996342057825,0.15246580667881987,-0.029931645761073718,0.3606765105419403,0.3513850727795499,-0.4324580923388173,-0.17042073526906987,-0.007317051409909468,0.1064024754870885,0.062098546483848105,-0.036467452820118686,-0.07606917394044599,-0.03322972698142212,0.11572399522531353
0.21687656191733812,0.0944789146454322,0.23877823892939806,-0.020857074921951615,-0.11946986856272729,0.016790826169693723,0.019355225140551054,0.12339157497721466,0.07185521726842843,0.1442181452959415,0.05020220066046149,0.04283321501758313,0.05644194945217071,0.12388552148805483,0.17426720756274047,0.09995490796062002,0.019069561871925256,0.10561426710121542,0.13459393863646166,0.231027172631213,0.1293452324979349,0.0797661931671973,0.2606313455144193,0.27947485539105676,0.21849055457928412,-0.17059772421900402,0.0928866897238541,0.010160540266655383,0.1815413329324519,2.456759339299834,0.14248865098079108,-0.18352305621726733,0.38477979980564525,-0.4648996202260603,0.6847455738723882,0.348147865653347,0.25649694181667115,0.11400904010154547,0.4865491029146887,0.26741700049487677,0.42277521220211217,0.14744670295565704,0.7826863084393902,0.2014334933218458,0.03308969428229932,-0.38011051175667754,1.1353295635711753,-0.003738966104207177,0.4086639229384402,-0.21979456438091644,-0.10536964888111038,-0.11133269713723441,0.19944249047751192,0.03548446931944674,0.1733580741369822,-0.021977451014424568,-0.07124729063922869,0.17776834936732344,-0.19597648896842712
0.08939456715588077,0.257339731536641,0.1455093692501439,0.12949694630261166,0.16484416950321068,0.1375448515565419,0.12151133531879861,0.11227907971603503,0.12196827278213261,0.16505586374877385,0.12518878869537103,0.14787343383981205,0.07803682392540595,0.1123456387038999,0.1435891777328178,0.1035594260625029,0.1681808666495992,0.16444069068666264,0.13231499648176143,0.20163262101326124,0.21308480391316947,0.09345953880334479,-0.1070225740889118,0.188462189189404,0.4887109342011372,0.16766531728558134,0.17657011067975398,0.25293399180364995,0.051763679756407555,0.14248865098079108,0.9668006066248778,0.36192142127688254,0.19250793625108256,0.1535316021859695,0.05546909225491317,0.6970111820573323,0.09796145493671332,0.47439208326864296,0.16731946953823904,0.2852216792095343,0.37343305946327937,0.234558277688646,-0.004953458500863718,0.12731207692351926,0.05662337546014723,0.1920771721265376,0.19915235819162475,-0.027174780940536453,-0.0840063484022161,-0.041310764323660105,0.11781207706996925,0.038359749049187854,2.9692230454254414e-5,-0.0020599972265373015,0.03110982145801219,0.004912105047252514,0.07689903528443888,-0.12317545457466139,0.025892866692818813
-0.10708818881013335,0.1181873961001213,-0.05973266344699589,0.2118710082952197,0.3220415812737827,0.1967989115804391,0.15908010008301243,0.003253909292160567,0.13374890933632824,0.16696238896437196,0.1258809482141871,0.20866925055616828,0.07229824084711643,0.10176774400077672,0.15925574927989478,0.16788359504080347,0.10689124374887746,0.057790653159402655,0.09704263796249407,0.09830880632923136,0.13043334404173706,0.12486454069241248,0.017965504694027894,0.3783288341292765,0.16063804449386934,0.04930923511445753,0.36225858253730253,0.17509838755900584,0.3574140129636481,-0.18352305621726733,0.36192142127688254,2.116346635169717,-0.20918012356175197,0.7660487863988865,-0.14985280907533238,0.4555799377855699,-0.3762787832481394,0.6966864797789708,0.3038028423978122,0.02606204676247284,0.5039250450766698,0.18317076201998175,0.06499028255902226,0.12607441638208533,-0.24634572743033586,0.12361307059911923,-0.058140928485094626,-0.01240967037891004,0.4516933444219896,-0.01927188583891371,0.20883776735931964,0.09902065179582005,0.1709511525879267,-0.00385876651007765,-0.14963513208958779,0.21507684307354305,-0.07525640934362074,-0.19707244016496916,0.13545003661235155
0.14952372808961253,0.1526953755928142,0.21641615185836047,0.10819039173431759,0.06584294739308331,0.08174541357321821,0.11686629022931183,0.10475496466037999,0.19743270730750484,0.1573486041526929,0.1332149772317561,0.08768952866433284,0.0736757597251339,0.12270430410216447,0.2004555414227849,0.04571709746632965,0.15410889197311872,0.19631586230995168,0.079265561816831,0.275284167058185,0.1173392435644754,0.11750702206918288,0.35992806145701867,0.3038758362068325,0.10706868821395,0.27001230379509955,0.16439185730777212,0.6402280805790833,0.03859184804883892,0.38477979980564525,0.19250793625108256,-0.20918012356175197,1.4854867306666877,-0.2559027003042474,-0.2831198815147243,0.11431931455173627,0.5373626648969763,0.22291885076936,0.027060303864094654,0.019762817416086747,-0.2307471769326767,0.19307677317195296,0.4719071424636726,0.13131420812317834,-0.12157687749766835,-0.1810232939204553,0.3950206696558593,-0.02549007451734409,0.42130838295799694,0.18878561331926447,-0.23068777054526077,-0.006599645682500954,-0.05400055640956128,-0.05200763370225816,0.07557029863274732,0.10119492075416966,-0.10053529277152665,-0.09279115898974641,0.06701157886360244
