2.016680586231317,0.341722338892345,0.01948504448155245,0.2770411698820006,0.2223520612352033,0.21341327910867675,0.3251528079116283,0.1994896656503232,0.27986785791644553,0.296980785028236,0.275609887205059,0.26984405086706414,0.26353572643931666,0.2548061989200089,0.2817806302953741,0.3352507285055797,0.2337041933138616,0.24757372340058048,0.23666761481852486,0.2831930463810405,0.15289357272188342,0.24251378825721986,0.2064710910649845,0.2579373202216283,0.08358251816581565,0.17304019393303072,0.09629181826695586,0.026286637723918694,0.1476605236880353,0.1154620701343313,0.102787462887863,0.13112785590569467,0.16263613090784385,0.13992085961250014,0.15457303200962497,0.13133024181004532,0.1571216313444447,0.24925523087135798,0.06983538395792126,0.10410834577985661,0.09797813453685951,0.13812294357791893,0.22854067197673356,0.07427002869482979,0.12147286084294032,0.10005984799531654,0.10337275580901517,0.04976425216733193,0.14599400554825603,-0.020592184774073912,0.09912457046669002,-0.0022384206766275566,-0.028052719722237954,-0.006013824461581825,0.2334517964335121,0.09712913194373943,-0.5485576500085302,-0.10779006020730053,0.27853856412337324
0.341722338892345,1.2010371823776536,0.2254110674358452,0.23630454890561298,0.3023860388629973,0.2319715500689976,0.3391709965971002,0.23691276522714574,0.29899941386533596,0.3347493142103885,0.26185986966189306,0.29624747887094893,0.30913510635106123,0.2068561331718803,0.28397159749057044,0.3276369453190071,0.24162063618468047,0.26292887965930584,0.24183379829347768,0.2468822304166498,0.20889568242189982,0.25220783880072106,0.22601664142894554,0.22954249260867318,0.19281385114356608,0.1718188613412095,0.20344316769081056,0.13890685834750344,0.16503625153683285,0.18555440365233766,0.11195879302194843,0.11785167813319496,0.17153324251172392,0.10861259890291917,0.15218111727576036,0.1277626606142934,0.11466409939093165,0.1354807753871446,0.1088986396948546,0.10398439702207858,0.1046282157040389,0.13888895293572154,0.19157936315486285,0.06792690217015088,0.15887539967424055,0.09355330682287961,0.07783219576336182,-0.017725207622696297,0.12034454215969702,-0.002109209270520922,-0.002377791514422031,0.03403785736435337,0.050284068744085295,-0.04644749638619063,0.04674226627673604,0.001998738162888004,-0.09149764136347847,-0.050639155097570394,0.03852305833732423
0.01948504448155245,0.2254110674358452,1.3425868633526687,0.23391154528440103,0.319802365329077,0.257282526503717,0.15858066622027675,0.3365809346003245,0.25452779252429075,0.2529122154671204,0.23848237629686392,0.24542788922766745,0.2622651623787101,0.19788783134281568,0.2333746273733728,0.31645377793508933,0.20401874210493068,0.2690227714460621,0.27272030553328364,0.14636159602916698,0.2569647238924456,0.30759517688335974,0.2585881978324723,0.21203612912204092,0.3547952599606296,0.08178208980400196,0.23391298495119067,0.17105753785179056,0.129336543060552,0.18183165783631422,0.08217436306592049,0.0461796819271136,0.12106673395284052,0.08271769278268604,0.049916221614157645,0.07900511452093488,-0.030558205819557045,-0.061797648439761814,0.11279384705503485,0.07161581886760268,0.02384839289390546,0.10525861215438101,0.09030656903365197,0.17589013120442742,0.11059170163395142,0.15854720923488758,0.04514318426958631,-0.0679182975635543,0.02787629542681442,-0.028783172988986597,0.01490960554916139,0.12056458005055225,-0.09129266198324058,-0.1277813494451606,-0.0483397405968681,0.0005579151701020485,0.13262867470021716,-0.11044322778407455,-0.1377333526187077
0.2770411698820006,0.23630454890561298,0.23391154528440103,0.7021598594657923,0.17161737696088933,0.30458019723941376,0.23431503811440396,0.29644168983139807,0.2504742291923417,0.26430536044853975,0.3305481222685536,0.284569521349416,0.318958092341695,0.27380430097994685,0.2642331385210542,0.2584827554448022,0.23413666631145205,0.2699357774555867,0.2704767514232297,0.23003470094559172,0.21024640539048814,0.29354331924834853,0.25306981957671926,0.25800925933309454,0.2236594279620458,0.16037004956869788,0.18494231952622706,0.20262940046363223,0.15942039839727198,0.17507207428484994,0.12424954366806723,0.1152796275485258,0.17864858411496562,0.1370603526345459,0.15265633173236298,0.11853355409105795,0.10743633953467702,0.14582630101897814,0.0693673674748747,0.08584054470127815,0.08775561672668909,0.13666844324755636,0.17528250338271556,0.11528155400371096,0.17132371980840924,0.1214972846421828,0.07789911962417054,0.004308715534271316,0.10464097041416662,-0.012911097742293355,0.04305097082080007,-0.015538674557215684,-0.08834453713555762,-0.023393779116806852,0.08106905690910961,0.15408584429948186,0.17729163566129638,-0.5377835602081334,0.36012639379575867
0.2223520612352033,0.3023860388629973,0.319802365329077,0.17161737696088933,1.3173789419784545,0.18795267443792663,0.36839376693094905,0.24385517432737608,0.34617717061492365,0.29991717166004134,0.21694002285790231,0.3268648154484866,0.3057933331983997,0.30939565146761805,0.30461706604213096,0.3491929084036147,0.2352870444283552,0.2937215161613585,0.2544038225438995,0.1616395936181789,0.30365767305362873,0.28380626779874474,0.25133580358397123,0.20304355265504145,0.25766251103325943,0.19421249488812167,0.1549924217729177,0.1706801523057906,0.15130879102599487,0.20959793010294003,0.10846313213767078,0.0828848572689859,0.15807313655665783,0.10523238468863574,0.1110905633686195,0.0930694046145898,0.07505733074398298,0.13422283771592314,0.08938006839529951,0.10842857202456396,0.09957929246474577,0.13981093288026736,0.16621509228151643,0.13425984238625135,0.16254681803876167,0.14341963099714206,0.076438641557797,-0.0012068799249445707,0.10518384169285491,-0.02020787499003049,0.1817716853718073,0.07900900504803295,-0.0666928043370425,0.004041668449369421,-0.04069822675216565,-0.09037901894028919,-0.1351156343904177,-0.13680667835902657,-0.2540609121308548
0.21341327910867675,0.2319715500689976,0.257282526503717,0.30458019723941376,0.18795267443792663,0.7695076579133989,0.3025595038378192,0.360091200905583,0.23095695273147232,0.2763434340470023,0.3281500083979474,0.3541429731172039,0.31464923121280947,0.33643604991897175,0.2986720962668546,0.2705768181945153,0.3217262892877139,0.2733492309050704,0.3054262664542471,0.24766320435706943,0.22760512265565827,0.32367936570862604,0.25814973654399337,0.28141387790545913,0.2342053303361465,0.2232830046041812,0.20775145264780134,0.18262821955200936,0.1566096456378441,0.19665409014390148,0.13132913536940338,0.12191566184143575,0.17957695651434147,0.1611685074358047,0.1600957010531581,0.14092229867000017,0.12246830445459975,0.1403333326351781,0.10927361608068833,0.10085693276134008,0.09766632570610559,0.13559574564891924,0.1905848336088156,0.14059049365952148,0.1756354150132796,0.1383241195576033,0.08674698970026475,0.007198075957946433,0.11320062456772442,-0.0021569403924051062,0.0659578236895161,-0.018867943196599374,-0.13190696313521613,-0.01885416602633234,0.028305118418898854,0.002921331965333877,0.012039749772271985,-0.19456332386936392,0.10825292726401088
0.3251528079116283,0.3391709965971002,0.15858066622027675,0.23431503811440396,0.36839376693094905,0.3025595038378192,0.8477803792057361,0.14275481282916483,0.3384663155891311,0.3671565100643936,0.3188409993805756,0.3502459478347523,0.3186993338474904,0.33269597988493,0.3487280292310649,0.2584220668899311,0.29168144594744577,0.30147640655892705,0.25959060434438613,0.23659209863514483,0.2375915712906535,0.29798554511773223,0.259039629761291,0.24437026976096513,0.2266054202413528,0.22403338753120808,0.19308248582563237,0.14099179328239841,0.15119059445827956,0.21926864911792815,0.12160497418639134,0.10675610427372381,0.1806486802911998,0.1231471042231427,0.15242444188905643,0.09870462430649138,0.09757008206983711,0.1557011162801296,0.07837787718123466,0.11103491129052388,0.07962580362816307,0.14505086785870036,0.20285023084225481,0.13826752433850567,0.1650782711034608,0.15299260213250568,0.0843510301624177,0.016230023553847017,0.14697281233255197,0.07583343076458364,0.05983457093967715,-0.16625426670653018,-0.254783934348277,0.09724947536147233,0.016463336981241045,-0.0304431733552429,-0.05931798633111118,-0.16878729634793851,-0.08874662312117924
0.1994896656503232,0.23691276522714574,0.3365809346003245,0.29644168983139807,0.24385517432737608,0.360091200905583,0.14275481282916483,0.7518998108645812,0.3710922454329539,0.28038259509172997,0.29248490511873587,0.26346883712122104,0.28384872232226244,0.3035816490424604,0.2755728052843586,0.27956960969440936,0.2973356430249398,0.3131190118958926,0.30036940552608105,0.23973628807132932,0.22234529767190045,0.33653115386677485,0.28012943761408043,0.2692475026665254,0.25023157138665236,0.2149674029951097,0.18856762015180623,0.1825055509313416,0.1670647555652119,0.20874553188303707,0.12297817580019582,0.1300138611283462,0.17683690664329751,0.16112446918691173,0.15425037104831096,0.13968949683145676,0.10741566872925151,0.15694267807505358,0.0802087377837889,0.07985525224135154,0.0964895589236453,0.16342525002495556,0.1621399472461727,0.12912636095860516,0.18122565761849432,0.13326298643250953,0.08278372137421736,0.007475345402154878,0.12058732474268144,0.0405561684396163,-0.01147297944729189,-0.08603444859518035,-0.08104294432878743,-0.025535764119955836,0.02425379662554526,-0.06840672767435677,0.015034073547271291,-0.21129919163700758,0.07816722930924529
0.27986785791644553,0.29899941386533596,0.25452779252429075,0.2504742291923417,0.34617717061492365,0.23095695273147232,0.3384663155891311,0.3710922454329539,0.5634014751532578,0.3268471815580442,0.2627853507454704,0.2602902696676923,0.2846376893012692,0.2746258564930935,0.32361627218175554,0.25644223507289754,0.2795821650885555,0.30719157490720067,0.2859813271353064,0.2431942263979757,0.21971481781148255,0.30134525283226116,0.2824761062746953,0.2685749944717369,0.2439469427929305,0.2029463493093548,0.13104508820827473,0.1607802711081881,0.16147782442125583,0.21314757862966793,0.11698548850671356,0.12117033561572473,0.17250968974244632,0.1387901183353656,0.14970050692015044,0.12335305079590245,0.07829044101332346,0.15975458487026173,0.06464386486516427,0.09602722377567684,0.08782034686604205,0.18975319612198283,0.16739224239996095,0.132208533986843,0.17920938035426537,0.1464805741586071,0.07993837190119558,0.008828774578832393,0.14217989983768045,0.017770780029968746,0.0076395750697241084,-0.0483755382601649,-0.05909951407630354,0.01768051486321102,0.05343092577469385,-0.03345345264664662,-0.030566175712852008,-0.14020589272561668,-0.023322206283741
0.296980785028236,0.3347493142103885,0.2529122154671204,0.26430536044853975,0.29991717166004134,0.2763434340470023,0.3671565100643936,0.28038259509172997,0.3268471815580442,0.5433002063663674,0.31247043642255423,0.3056930513681107,0.2963905949005114,0.29281539478060864,0.3655362789269387,0.2555508697055366,0.26181738559003537,0.29368762476917354,0.28192431170566007,0.24108391239154975,0.20297263628784884,0.2908644905502838,0.26043729328982684,0.27560362594978594,0.24655528116341993,0.21171311475697577,0.15378172119215797,0.17046776238138536,0.15468424742072628,0.21776805574984512,0.12013484741873887,0.10423217439962693,0.17291869066862214,0.11710382186430411,0.14776041327847445,0.10646013566912797,0.10372152167921037,0.1399668955748977,0.07428686702632671,0.0771199567778199,0.08702293216592823,0.1492511447248313,0.20804376201477068,0.14085532858451505,0.16449476922151016,0.15665102207786283,0.08144042268375232,0.027253528797540966,0.13726279791849993,-0.001002755252581666,-0.047964054083786956,-0.06861898931477625,-0.24126764838345804,0.027074850827754272,0.08831296289119844,0.031728845779857316,0.05250015142242835,0.03168491010725785,0.04709584658160613
0.275609887205059,0.26185986966189306,0.23848237629686392,0.3305481222685536,0.21694002285790231,0.3281500083979474,0.3188409993805756,0.29248490511873587,0.2627853507454704,0.31247043642255423,0.68941966982751,0.4081692476539086,0.375374853614727,0.2802859780888258,0.2694233027384097,0.2452010516037314,0.27111895138847897,0.30726104846374425,0.24511206903424876,0.19417939933737519,0.19515138378180136,0.28435349880967387,0.252501985982807,0.22912967741500462,0.23951507201308045,0.1909541524130154,0.15666949205298183,0.17859020838526507,0.15060238200591164,0.20853234066567197,0.12092581411132743,0.11525831581824446,0.16845915119898808,0.13391932518208768,0.14699788292461938,0.11705956280927032,0.1000788030490409,0.13897676393242067,0.06848160484503354,0.07705723635962065,0.09279865740375126,0.13509943792681076,0.16488291190665727,0.13163121592343138,0.16807688403512794,0.137671605863915,0.07740352492249634,0.01978999162831826,0.10512219914671754,0.029286670197142647,-0.008613553949033537,-0.09764761161478593,-0.13143651332065323,0.0012576683180715322,0.05796429259111702,-0.011116648184183764,-0.0240775604603655,-0.15116529882651178,0.18183601386355847
0.26984405086706414,0.29624747887094893,0.24542788922766745,0.284569521349416,0.3268648154484866,0.3541429731172039,0.3502459478347523,0.26346883712122104,0.2602902696676923,0.3056930513681107,0.4081692476539086,0.6783050525019217,0.37190586415998206,0.2636022874913642,0.2986023921190235,0.25645662558467297,0.25901296845844957,0.31875900266640017,0.2723171589566826,0.2105775724091608,0.1786226579369692,0.29380717569583603,0.25070007259180216,0.25001511790991954,0.18042989806702428,0.2057991785066044,0.1782633743023934,0.15735144005585747,0.14830120282019654,0.2029086956349198,0.10565209890294909,0.10616984787703071,0.17279370135565458,0.11434967653823856,0.13994126178565602,0.09926443057530511,0.08370491777045418,0.11925640025905519,0.05957001929474059,0.056965202310412404,0.07592798208908587,0.1158900892618769,0.19472632615566896,0.1411833834515797,0.18170855303198258,0.15320446161584206,0.0771743850235714,0.009581313158978541,0.09056089070941802,0.0541290657265862,0.031679551797415655,-0.08635809491965038,-0.1263744286525636,0.018759666766237613,0.13258944215491478,-0.008276063546747807,-0.0005376695971418307,0.0689011854841112,0.12372023783842263
0.26353572643931666,0.30913510635106123,0.2622651623787101,0.318958092341695,0.3057933331983997,0.31464923121280947,0.3186993338474904,0.28384872232226244,0.2846376893012692,0.2963905949005114,0.375374853614727,0.37190586415998206,0.5657266695012269,0.27715223586229465,0.2912969971937366,0.2313196886068756,0.26520529575110435,0.28706533909402354,0.2549513692088781,0.19329396590670564,0.169848829738221,0.28311684316623337,0.24298383019259356,0.24065405477395893,0.2487461733353554,0.2088218169048593,0.1453910254328677,0.19129894146161552,0.14473999225228745,0.20904019985232722,0.1199694475631755,0.10338267583594359,0.15174617188890674,0.1161758822093747,0.137151283668887,0.10828936470691077,0.10400928401316968,0.139568266310059,0.0712771873432743,0.07964579632491427,0.09962371420504999,0.13211153562802883,0.14657134355707946,0.13446651038244686,0.16851109338505588,0.13502689740434756,0.07435614412762902,0.019008976746725043,0.08830284230075114,0.0179122266910237,0.05283645086484612,-0.04816652042480378,-0.005833977393418095,-0.04797375041643379,0.05914321387990673,-0.04696986441436098,-0.017027079641765103,-0.07230286906726763,0.1814468754090857
0.2548061989200089,0.2068561331718803,0.19788783134281568,0.27380430097994685,0.30939565146761805,0.33643604991897175,0.33269597988493,0.3035816490424604,0.2746258564930935,0.29281539478060864,0.2802859780888258,0.2636022874913642,0.27715223586229465,0.6156780766367722,0.34362560772051204,0.2902502907157628,0.25445458348546324,0.2965426692666977,0.2790621506268508,0.22974014999470035,0.2362103630452933,0.31186119296373965,0.2634883177072354,0.27504524487742693,0.24928454454153418,0.28007476393182257,0.18001111603731176,0.18606351837304688,0.1517039600075903,0.219894794569437,0.1310113027203041,0.10241788308256868,0.16905746164580007,0.1433427629540089,0.12722387240884123,0.114218228572224,0.12651504059153215,0.15553960077924,0.09527132799793397,0.08651165657120159,0.11054603631984468,0.14551640940358002,0.19153728271143358,0.12458852224687542,0.1758920094503754,0.12982856998306952,0.08534322697726286,0.012144506252047068,0.13603240933863006,0.02483470035741815,0.013141496583749683,-0.06592318226124927,-0.09328541325522871,0.015036929100898287,0.07623415299378718,-0.039482469870220804,-0.02194001994969446,-0.06511860668850232,0.08183678917042071
0.2817806302953741,0.28397159749057044,0.2333746273733728,0.2642331385210542,0.30461706604213096,0.2986720962668546,0.3487280292310649,0.2755728052843586,0.32361627218175554,0.3655362789269387,0.2694233027384097,0.2986023921190235,0.2912969971937366,0.34362560772051204,0.7732814928225876,0.3591385717836584,0.30545581519881826,0.31251233354618524,0.3211230309891103,0.23857602566094097,0.22858149528949528,0.323680899601508,0.2917685845770625,0.3033334875146607,0.2742025848816387,0.2343322702098249,0.029692352698034528,0.13136012059437188,0.12037748242541906,0.23587988822222086,0.12019200967672075,0.09607919896510723,0.15961473264368575,0.11532136007587984,0.16842011159068745,0.08464223107466338,0.12539139742581315,0.16215239710227494,0.07041875252198013,0.08673298700099902,0.0857349160158681,0.16295220581683229,0.2454149014353769,0.15189588096134418,0.1682672989625706,0.17640685776258183,0.08408514037043838,0.08639849185872597,0.16287162627032303,-0.0018354925008886836,-0.0320729958529238,-0.038487693073391956,-0.14608524269776832,0.10085421379578279,0.1480912285427743,0.06882815499326486,0.007376274234890041,0.05175231452267321,0.06472261946082636
0.3352507285055797,0.3276369453190071,0.31645377793508933,0.2584827554448022,0.3491929084036147,0.2705768181945153,0.2584220668899311,0.27956960969440936,0.25644223507289754,0.2555508697055366,0.2452010516037314,0.25645662558467297,0.2313196886068756,0.2902502907157628,0.3591385717836584,1.0162785869208857,0.22572080458882085,0.31244063825085144,0.29815032165303507,0.2801139516383624,0.30384445422232964,0.2975048983635492,0.24758502548568767,0.26850259697417767,0.18152544968040094,0.21439394178696544,0.18379396812132923,0.05691355438119374,0.18285871587606906,0.17943654982002202,0.15399730394478994,0.12011930787903706,0.1713906821387964,0.18886124904603654,0.10115132735616408,0.15316712646308311,0.1348530626150494,0.15771346233225825,0.1750581944906994,0.11004160506567218,0.09428803532538885,0.1627665304527505,0.23272189874275437,0.12088206040269249,0.13926105355227208,0.1340732924171944,0.09188069757332884,-0.00806915742474448,0.14856086855032108,0.022812161888248687,0.09455804140320456,0.02490642940757499,-0.05110905689216185,-0.023991604277522362,0.12053846660199294,0.08743505134484844,-0.053317934156488604,-0.050114223443451206,0.09280951224262543
0.2337041933138616,0.24162063618468047,0.20401874210493068,0.23413666631145205,0.2352870444283552,0.3217262892877139,0.29168144594744577,0.2973356430249398,0.2795821650885555,0.26181738559003537,0.27111895138847897,0.25901296845844957,0.26520529575110435,0.25445458348546324,0.30545581519881826,0.22572080458882085,0.5795979870477295,0.2470822023362363,0.2876965650384356,0.24778962207346006,0.23042828412857236,0.27756402619006465,0.2919241343848672,0.2540802863822927,0.2259207779175786,0.2026422627212675,0.2208520945890224,0.15646275084897784,0.15082485527998893,0.19857952131333506,0.11006521555147987,0.11768306370258656,0.17949375193055142,0.15176150196601193,0.1777010806968496,0.1459613151783149,0.08894996649804578,0.16348463328720683,0.09024616975115964,0.13082630991952549,0.07808254026474272,0.16006370943953965,0.18595420871011176,0.1477369736252289,0.16644671617439763,0.14905702024961232,0.0876267314066029,0.022626673608507435,0.16522873768026514,-0.056372145350565644,-0.047286372869489966,-0.054650883106773795,-0.06378281533976388,-0.052817962336874726,0.07709912299676762,-0.024863045026353968,-0.004207024751600576,-0.05051116058764658,0.03485536614273873
0.24757372340058048,0.26292887965930584,0.2690227714460621,0.2699357774555867,0.2937215161613585,0.2733492309050704,0.30147640655892705,0.3131190118958926,0.30719157490720067,0.29368762476917354,0.30726104846374425,0.31875900266640017,0.28706533909402354,0.2965426692666977,0.31251233354618524,0.31244063825085144,0.2470822023362363,0.6054802909559601,0.29619776472303133,0.2185124106879104,0.24029039576431407,0.31552802377894323,0.2484436465577861,0.2498858489102074,0.27549475146608077,0.27086380693550965,0.1395721272537631,0.22699034177903776,0.14465685619054458,0.26255865767084857,0.13312264851904665,0.0861837388636756,0.16069039476588023,0.14281091001874988,0.053099442682574875,0.10742224848110928,0.09270555711542738,0.15491945804163368,0.12067486334675814,0.10311899221736559,0.08570884016356106,0.14569008198766234,0.18801228037000028,0.12776207203497256,0.2057883798311103,0.14374919343384668,0.08050909621981046,0.021628874683437237,0.15381267743255506,0.024960315139354802,-0.011913512165430643,-0.07468053216796822,-0.11767112867236022,-0.04229535402589678,0.07167618913118153,-0.05724705701946445,0.011919482795025553,-0.06434343699229172,0.05924293025789033
0.23666761481852486,0.24183379829347768,0.27272030553328364,0.2704767514232297,0.2544038225438995,0.3054262664542471,0.25959060434438613,0.30036940552608105,0.2859813271353064,0.28192431170566007,0.24511206903424876,0.2723171589566826,0.2549513692088781,0.2790621506268508,0.3211230309891103,0.29815032165303507,0.2876965650384356,0.29619776472303133,0.7380075227412853,0.31298102064305733,0.24892991838087614,0.49892256197936397,0.3760970129318237,0.5239200334041564,0.24243720407947716,0.16390564422979217,0.10304961889058653,0.23937435747369548,0.20690170485737738,0.23349490392265562,0.09737360147174115,0.11552905813940482,0.20585071842343475,0.12870401331562467,0.16342450323377117,0.12491922997446742,0.0731848061780606,0.15215101348756208,0.01781732310103743,0.08238170110861684,0.06582463446136501,0.16665384947549017,0.14518906488314187,0.15508398353677683,0.21402903744126947,0.1598750530283644,0.08485410777765545,0.035866834699488676,0.06237008468374658,0.0029314507899284503,0.0077736303520029955,-0.10225332203981227,-0.0627867998552669,-0.013830672158657756,0.07482844213267663,0.002566044710850026,-0.014543766444034873,-0.06978113921474849,0.10481610576079194
0.2831930463810405,0.2468822304166498,0.14636159602916698,0.23003470094559172,0.1616395936181789,0.24766320435706943,0.23659209863514483,0.23973628807132932,0.2431942263979757,0.24108391239154975,0.19417939933737519,0.2105775724091608,0.19329396590670564,0.22974014999470035,0.23857602566094097,0.2801139516383624,0.24778962207346006,0.2185124106879104,0.31298102064305733,0.726586129979364,0.37571812567000223,0.28644246344981067,0.3347900416866999,0.3336972076686618,0.20299885140577958,0.15345185395986136,0.26839158164628535,0.22178098554724304,0.21374636850951548,0.19265779960051732,0.1096617696354726,0.20437187180756827,0.22014507377286524,0.16497724404069153,0.17793115990556524,0.18030445395114808,0.09360032133333093,0.16525302752762763,0.10671115621412453,0.1323577477640603,0.07015499015336175,0.14711408313926208,0.23371102954326145,0.20404388120159245,0.16478926995396684,0.20123565855015896,0.11073727957970295,0.03025115127002298,0.22395200462653211,0.01711951475857903,0.017997262432233825,-0.0676230714158505,-0.026316293548076436,-0.005786049156334762,0.09882304695742115,0.03216480108116392,-0.0144816223750474,-0.03136357515659183,0.05242280974324753
0.15289357272188342,0.20889568242189982,0.2569647238924456,0.21024640539048814,0.30365767305362873,0.22760512265565827,0.2375915712906535,0.22234529767190045,0.21971481781148255,0.20297263628784884,0.19515138378180136,0.1786226579369692,0.169848829738221,0.2362103630452933,0.22858149528949528,0.30384445422232964,0.23042828412857236,0.24029039576431407,0.24892991838087614,0.37571812567000223,1.155012851835586,0.24227647609964276,0.3079866672165961,0.22072262957084438,0.33609778104470284,0.18125657009222232,0.34924870611873576,0.37212423446645426,0.21088995971536995,0.2720288404731522,0.12541017005227129,0.08321540993421747,0.23333278431243407,0.10146536548773563,0.15752483707696063,0.12187436596258804,0.1071797012346449,0.18704732661572984,0.12523249630980884,0.13570128005283233,0.15247969742009457,0.15103558742917064,0.31869687843721217,0.2180296134654169,0.24353347607374592,0.22729332887810724,0.1232214355427614,0.014531027777105883,0.29021235800597167,-0.007882853466900286,0.0033276001996722887,0.021228903660228667,-0.1153641670911358,-0.03665497863050549,0.08909935097909598,-0.022426934316723584,0.029451978413682075,0.03553641662409731,-0.09095624132005221
0.24251378825721986,0.25220783880072106,0.30759517688335974,0.29354331924834853,0.28380626779874474,0.32367936570862604,0.29798554511773223,0.33653115386677485,0.30134525283226116,0.2908644905502838,0.28435349880967387,0.29380717569583603,0.28311684316623337,0.31186119296373965,0.323680899601508,0.2975048983635492,0.27756402619006465,0.31552802377894323,0.49892256197936397,0.28644246344981067,0.24227647609964276,0.7339205854238668,0.4397725457586871,0.3977362511639157,0.2509957578954803,0.10380999207963612,0.07932902910653124,0.18056664658440555,0.16733293324803286,0.1858468168221196,0.08768070307548663,0.09660573602929261,0.16928724512744628,0.11563887869345815,0.1820024595275873,0.09638921096088827,0.09627907471416074,0.1744852780660957,-0.021148660422670506,0.047084129001294724,0.08573369287707323,0.1553514008742651,0.15124937389684429,0.14299295955413993,0.23061594811958647,0.1573596126014852,0.08041543857240437,0.05597004241904058,0.0036344167290172113,0.007191392287252393,0.013419182808575712,-0.10188661644258548,-0.023863508219260872,-0.0085214662627145,0.058617729043676306,0.006881885812768398,-0.043235577779229574,-0.0818080648420983,0.11381492603600267
0.2064710910649845,0.22601664142894554,0.2585881978324723,0.25306981957671926,0.25133580358397123,0.25814973654399337,0.259039629761291,0.28012943761408043,0.2824761062746953,0.26043729328982684,0.252501985982807,0.25070007259180216,0.24298383019259356,0.2634883177072354,0.2917685845770625,0.24758502548568767,0.2919241343848672,0.2484436465577861,0.3760970129318237,0.3347900416866999,0.3079866672165961,0.4397725457586871,0.6785809341649149,0.30966288301619316,0.2546117015110165,0.16964978553853097,0.12009764827236898,0.12979196605339063,0.18344287340585766,0.22656217695097408,0.11314417104077294,0.1208203995968541,0.1745511099460049,0.16008254176844544,0.185088780797219,0.13687724311141636,0.08831809715192077,0.17213533648948132,-0.03226692132360683,0.0608292078173221,0.13147136237129872,0.15806736040716057,0.1884081541388764,0.16094143480715167,0.2324463346582289,0.16386249687368656,0.08654949793974748,0.04733883341327263,0.15122383250530713,0.01736026008709729,0.016005445443965118,-0.05881982434856521,-0.09167489645313195,-0.03514060518094142,0.08417693197859182,-0.004486931299824753,-0.0022514542517243536,-0.022524327313461,0.027934328283060816
0.2579373202216283,0.22954249260867318,0.21203612912204092,0.25800925933309454,0.20304355265504145,0.28141387790545913,0.24437026976096513,0.2692475026665254,0.2685749944717369,0.27560362594978594,0.22912967741500462,0.25001511790991954,0.24065405477395893,0.27504524487742693,0.3033334875146607,0.26850259697417767,0.2540802863822927,0.2498858489102074,0.5239200334041564,0.3336972076686618,0.22072262957084438,0.3977362511639157,0.30966288301619316,0.7744332733048188,0.19243815155556573,0.17092745992183286,0.09858986976614884,0.2785601796089364,0.23387745251213288,0.19833209657527898,0.09521883949015972,0.14058904470167385,0.23594253368090773,0.14724333577747836,0.17688794854777534,0.15388584314757073,0.07029864676069149,0.15519262076974166,0.026297483750094924,0.09189156650885026,0.03952662827143292,0.16363094048676213,0.14100248048438754,0.15669751299698437,0.17318016877281686,0.15648441796350496,0.08849854838213972,0.032344067737130916,0.06831841776815926,-0.03360305685455008,0.012495264904776803,-0.12705528977569375,-0.06264710646253994,0.0031864304425132843,0.09808019933912199,0.006158364456676247,-0.004601891764739673,-0.05775034545522938,0.13048431895649673
0.08358251816581565,0.19281385114356608,0.3547952599606296,0.2236594279620458,0.25766251103325943,0.2342053303361465,0.2266054202413528,0.25023157138665236,0.2439469427929305,0.24655528116341993,0.23951507201308045,0.18042989806702428,0.2487461733353554,0.24928454454153418,0.2742025848816387,0.18152544968040094,0.2259207779175786,0.27549475146608077,0.24243720407947716,0.20299885140577958,0.33609778104470284,0.2509957578954803,0.2546117015110165,0.19243815155556573,0.7809751858650192,0.13389538225941436,0.06115683681862062,0.3412536758084941,0.1867749429477051,0.34755523511864067,0.1385278800375768,0.11414911150352494,0.1717503406180747,0.12605805729366357,0.1808605639263937,0.13333637729902514,0.1668469767966769,0.15576915678029263,0.11382147397651146,0.08451138155742993,0.16761777062704025,0.14236846785075313,0.10445265134782358,0.1745258893742545,0.16578906113733563,0.13958778990685436,0.08496904373259807,0.09374150946362661,0.12538662934997646,0.003977856947272125,-0.04746875359890291,0.009570321193706944,-0.09873633378188951,-0.05764361248803033,0.17634165010153444,0.02296998224194468,0.10590574274637936,0.17137392946104382,-0.04722687001228843
0.17304019393303072,0.1718188613412095,0.08178208980400196,0.16037004956869788,0.19421249488812167,0.2232830046041812,0.22403338753120808,0.2149674029951097,0.2029463493093548,0.21171311475697577,0.1909541524130154,0.2057991785066044,0.2088218169048593,0.28007476393182257,0.2343322702098249,0.21439394178696544,0.2026422627212675,0.27086380693550965,0.16390564422979217,0.15345185395986136,0.18125657009222232,0.10380999207963612,0.16964978553853097,0.17092745992183286,0.13389538225941436,1.0043514286587825,0.09874275675170027,0.10986567165990654,0.16477963133461757,0.34678110668779355,0.23206615012990037,0.08902043041619508,0.1174140802588821,0.22345438423806746,0.09269983076719115,0.14138784411676072,0.1844673815205382,0.1747441613135982,0.15702044334557191,0.06425366370824097,0.16956941808130924,0.13120138141241786,0.25611037803173287,0.04952552539618314,0.2520640697511232,0.03253250623275056,0.08021247247670125,-0.01868244284644581,0.27041985122997,0.06149461815230465,-0.060535497913310095,9.036555771927447e-5,-0.09752203284182676,-0.009321521161214905,0.11310698271761722,-0.20890762055843767,0.06423957184791583,0.09321572829191996,0.04902966610151776
0.09629181826695586,0.20344316769081056,0.23391298495119067,0.18494231952622706,0.1549924217729177,0.20775145264780134,0.19308248582563237,0.18856762015180623,0.13104508820827473,0.15378172119215797,0.15666949205298183,0.1782633743023934,0.1453910254328677,0.18001111603731176,0.029692352698034528,0.18379396812132923,0.2208520945890224,0.1395721272537631,0.10304961889058653,0.26839158164628535,0.34924870611873576,0.07932902910653124,0.12009764827236898,0.09858986976614884,0.06115683681862062,0.09874275675170027,1.4778467539267242,0.19892929655935487,0.11116001577847599,0.02598306571121097,0.022320040173543578,0.08291327225554457,0.3093689503056379,0.03452370346460869,0.07688967627511366,0.04668667889823656,0.03202659124251016,0.006033107619337325,0.22273686268873624,0.14220881086262996,0.005839976392120267,0.09804277501281156,0.32821059693654103,0.18648859743979546,-0.026265391443892828,0.1366323556952292,0.11894235153595642,-0.3272359334410971,0.2716935844898838,-0.033603575211707794,0.1127173579501988,-0.028811527931491738,-0.05071949219025472,-0.005677748079237674,0.0036982464619709915,-0.05938987895050822,0.03559508842705031,-0.09929188582213784,-0.08035131010636098
0.026286637723918694,0.13890685834750344,0.17105753785179056,0.20262940046363223,0.1706801523057906,0.18262821955200936,0.14099179328239841,0.1825055509313416,0.1607802711081881,0.17046776238138536,0.17859020838526507,0.15735144005585747,0.19129894146161552,0.18606351837304688,0.13136012059437188,0.05691355438119374,0.15646275084897784,0.22699034177903776,0.23937435747369548,0.22178098554724304,0.37212423446645426,0.18056664658440555,0.12979196605339063,0.2785601796089364,0.3412536758084941,0.10986567165990654,0.19892929655935487,1.46995921006197,0.2462398466055858,0.2204752116210052,0.17667436265504582,0.12863581283189246,0.24876857397503535,0.1439238697454351,0.03285187971634498,0.10514641395525419,0.14935039928976426,0.10342855223053088,0.14526904823770348,0.11028500864299522,0.24664339769991675,0.09234842507935292,-0.10591247691698431,0.2064653799538469,0.18512491184197277,0.19048183136323618,0.12036970415000564,0.06580852940277908,0.0032634980021078543,-0.11205293870647355,-0.10173927596307669,-0.21043489211541383,-0.2102517579589955,-0.017065949778654808,0.1005795487572391,-0.05230480226616442,0.09324329590805455,0.06911425543683686,-0.04884229232113947
0.1476605236880353,0.16503625153683285,0.129336543060552,0.15942039839727198,0.15130879102599487,0.1566096456378441,0.15119059445827956,0.1670647555652119,0.16147782442125583,0.15468424742072628,0.15060238200591164,0.14830120282019654,0.14473999225228745,0.1517039600075903,0.12037748242541906,0.18285871587606906,0.15082485527998893,0.14465685619054458,0.20690170485737738,0.21374636850951548,0.21088995971536995,0.16733293324803286,0.18344287340585766,0.23387745251213288,0.1867749429477051,0.16477963133461757,0.11116001577847599,0.2462398466055858,0.630815112104028,0.20417742145808299,0.17131420270460404,0.22269858588695948,0.2911650373226054,0.27358672303558207,0.26798457958573485,0.34633826846810256,0.09141453317604425,0.13765189922228946,0.14671403005487138,0.10885661877518299,0.13946089086889057,0.17797727907952515,0.06374840442265939,0.1550911439079202,0.1372825499465208,0.11449700758491653,0.10114454222016528,0.005464686416126622,0.05819526032140554,0.25355150202574084,0.3330997942695171,0.2500687334274947,0.02268360586355485,-0.04929632296579547,0.059395873315740075,0.036280399178654256,-0.010682605124668303,-0.039063939125364495,-0.019292596948725555
0.1154620701343313,0.18555440365233766,0.18183165783631422,0.17507207428484994,0.20959793010294003,0.19665409014390148,0.21926864911792815,0.20874553188303707,0.21314757862966793,0.21776805574984512,0.20853234066567197,0.2029086956349198,0.20904019985232722,0.219894794569437,0.23587988822222086,0.17943654982002202,0.19857952131333506,0.26255865767084857,0.23349490392265562,0.19265779960051732,0.2720288404731522,0.1858468168221196,0.22656217695097408,0.19833209657527898,0.34755523511864067,0.34678110668779355,0.02598306571121097,0.2204752116210052,0.20417742145808299,0.9315353909891503,0.19423528605884552,0.11333042626134252,0.211532151136804,0.21767498083387404,0.22941737665566206,0.18595964464441342,0.19208228488329596,0.05647000553334799,0.14882139160539778,0.09967570723748492,0.2573706021413164,0.15801134076605583,0.05733134766243059,0.13949472806764598,0.17941416360664172,0.028778335529513557,0.07747791222676396,0.02737646390523933,0.13910067298391374,0.07799655896649908,-0.19603283791387469,0.06675769363961881,-0.08745184990021417,-0.1255870335725967,0.14295700175900353,-0.12227099152757163,0.0784709162245931,0.11870551585417842,-0.011521253147547256
0.102787462887863,0.11195879302194843,0.08217436306592049,0.12424954366806723,0.10846313213767078,0.13132913536940338,0.12160497418639134,0.12297817580019582,0.11698548850671356,0.12013484741873887,0.12092581411132743,0.10565209890294909,0.1199694475631755,0.1310113027203041,0.12019200967672075,0.15399730394478994,0.11006521555147987,0.13312264851904665,0.09737360147174115,0.1096617696354726,0.12541017005227129,0.08768070307548663,0.11314417104077294,0.09521883949015972,0.1385278800375768,0.23206615012990037,0.022320040173543578,0.17667436265504582,0.17131420270460404,0.19423528605884552,0.7316953540853826,0.1326648301951927,0.10438696619963891,0.20769202582251034,0.13277659936282415,0.20529161497289364,0.234900301460411,0.028425711588409334,0.22117416012140842,0.1057467844448226,0.1670315287753422,0.16542446030074404,0.13208874478835125,0.18122793994621536,0.12395523546674952,0.18193447911438637,0.06798076666461553,-0.020827475077608813,0.13429514532965606,-0.02410052961000727,-0.21254148943601187,-0.055700889835430194,-0.06751372348706527,-0.06630038058441048,0.0727426997130362,0.025624973813836837,0.04674781270609294,-0.04518986706578688,-0.039204622884861935
0.13112785590569467,0.11785167813319496,0.0461796819271136,0.1152796275485258,0.0828848572689859,0.12191566184143575,0.10675610427372381,0.1300138611283462,0.12117033561572473,0.10423217439962693,0.11525831581824446,0.10616984787703071,0.10338267583594359,0.10241788308256868,0.09607919896510723,0.12011930787903706,0.11768306370258656,0.0861837388636756,0.11552905813940482,0.20437187180756827,0.08321540993421747,0.09660573602929261,0.1208203995968541,0.14058904470167385,0.11414911150352494,0.08902043041619508,0.08291327225554457,0.12863581283189246,0.22269858588695948,0.11333042626134252,0.1326648301951927,0.6403146736359654,0.2243923072714921,0.25417958000803026,0.2465970829520527,0.32282277455679786,0.0987175667706136,0.14968772340657446,0.12987476560893374,0.12113868678099446,0.1273708082729177,0.15039897688882722,0.04420397983335063,0.1271672335672869,0.07505139627937064,0.09124882425534783,0.1060525816775617,0.042569603786206237,0.0958287600240792,-0.03682555935494384,0.03909024079997369,-0.15774056627835875,0.2114998941478933,-0.01121167693197144,0.04676207978727401,0.015102691040771958,-0.011649247741247416,-0.03920582981737745,-0.004458694873749177
0.16263613090784385,0.17153324251172392,0.12106673395284052,0.17864858411496562,0.15807313655665783,0.17957695651434147,0.1806486802911998,0.17683690664329751,0.17250968974244632,0.17291869066862214,0.16845915119898808,0.17279370135565458,0.15174617188890674,0.16905746164580007,0.15961473264368575,0.1713906821387964,0.17949375193055142,0.16069039476588023,0.20585071842343475,0.22014507377286524,0.23333278431243407,0.16928724512744628,0.1745511099460049,0.23594253368090773,0.1717503406180747,0.1174140802588821,0.3093689503056379,0.24876857397503535,0.2911650373226054,0.211532151136804,0.10438696619963891,0.2243923072714921,0.6310049871295234,0.09341188466646201,0.30698167689868316,0.12335037448949283,0.08362939961822946,0.11631448862945033,0.05230858537092838,0.1451975451743973,0.04996293766735839,0.17256898576930954,0.18687323313907975,0.15777329402339677,-0.010088136760950972,0.1042335757065925,0.11152798048300126,-0.03222132402835878,0.12419509680669026,-0.015684903479158924,0.2720597793490631,-0.0944827972576414,0.1259738334572657,0.02714557733959878,0.06679072457919218,0.11371615356930198,-0.03596558729141707,-0.056584470208914106,-0.00844749660394006
0.13992085961250014,0.10861259890291917,0.08271769278268604,0.1370603526345459,0.10523238468863574,0.1611685074358047,0.1231471042231427,0.16112446918691173,0.1387901183353656,0.11710382186430411,0.13391932518208768,0.11434967653823856,0.1161758822093747,0.1433427629540089,0.11532136007587984,0.18886124904603654,0.15176150196601193,0.14281091001874988,0.12870401331562467,0.16497724404069153,0.10146536548773563,0.11563887869345815,0.16008254176844544,0.14724333577747836,0.12605805729366357,0.22345438423806746,0.03452370346460869,0.1439238697454351,0.27358672303558207,0.21767498083387404,0.20769202582251034,0.25417958000803026,0.09341188466646201,1.2160375421923366,0.1457977195171456,0.5788717177517447,0.16531704811649534,0.13424575537355785,0.38863534399945515,0.04146459392590825,0.17742010392920118,0.1538695041692428,0.04189392051300954,-0.006630631711784774,0.15335946553075697,-0.005580557795002953,0.08237743164386188,0.0002345317782134744,0.18978677147646614,0.08632646356059534,0.005856730046267919,0.0739337087835993,0.01096287082147598,0.009638702845651256,0.041606270919837984,0.006248515604914898,-0.036251695704943354,-0.11331341277861763,-0.02806573715472629
