2.6633009204860056,0.7048285469251908,0.7448682920736027,0.5122785018243886,0.6901102200668177,0.4152515178186696,0.47097187240082977,0.5853420246797919,0.31744448176967643,0.32589559010152164,0.4376772042746008,0.38299323739516317,0.3975577934546041,0.2532555618400858,0.43008311499626123,0.32524062708083706,0.34335074032640456,0.4592261794658878,0.4489877608789824,0.16732419078628324,0.3402987506282193,0.3474610339048757,0.17051622733928296,0.010448347195493516,0.3942737923831795,0.4861929733107582,0.6032342152027094,0.332528508663493,0.3407219000872876,0.026707835501960514,0.3424118691561196,0.18404675995285247,0.29574378872222057,-0.5538919778898926,0.2993742438419802,0.3400003638602397,0.3756856456941189,0.25521682821624125,0.29949478583637773,0.23408908705798984,0.4220734066056058,0.2682640272261988,0.07732501011592292,0.23232969071352694,-0.009713061867662662,0.7000144760061385,0.2612676493153943,0.027063544071346427,-0.2929622399781317
0.7048285469251908,3.4359680735991995,1.4650773400580406,0.3858707057571101,0.4659364536500452,0.4000044939617947,0.39304894133903123,0.7167174213253117,0.4193604309090917,0.4535705606602342,0.40832244463873923,0.31486493951099026,0.43543876225601114,0.2380586628581694,0.30018612906343034,0.42928914201045787,0.40886255772267244,0.6808866299633055,0.36001563718555996,0.4961060082612988,0.5352003767616665,0.4373274379467858,0.2896440453696395,0.27972336227036876,0.41164288157296297,0.3507351950185835,0.3881904219815632,0.26021247761744665,0.6650934912744552,0.06681797545934313,0.42049424283778686,0.2393964409481759,0.22421944799454172,0.5021039222928892,0.5025770183074959,0.689258858343904,0.5518693478901451,0.31924199171144646,0.3744151127051601,-0.006422181746743489,0.523000056865405,0.4574491677399599,0.8627223030823533,0.3684389012045805,0.8409305300124799,0.5189092281621245,0.4347747053219834,0.08161954621614055,-0.3539270319743311
0.7448682920736027,1.4650773400580406,2.9556355247967634,0.3436836127963209,0.3051361774381799,0.5131183748114164,0.3780597792483063,0.8056246614004402,0.7398102130458704,0.5140210430975629,0.46455980837929167,0.3107852999710421,0.5006292572187706,0.3061769261865934,0.3014529156835471,0.368834978797129,0.48634150248475555,0.6188858218587427,0.4051664772966374,0.4491406974380623,0.46956930528027463,0.5917164675141097,0.28306980704543866,0.292282446397882,0.4212423299301226,0.6920336364408031,0.33952413978030643,0.31423960076593777,0.8760256205056258,-0.3866452853149029,0.4165631809684805,0.3352966760580837,0.22301045545743137,0.6694352280971497,0.3898752767191819,0.9471010347939345,0.5767370110644168,0.33477095915263777,0.14310838605088838,-0.4145327385807921,0.5435665646280433,0.45269534153700763,0.7285844410825466,0.46282064458801636,0.8491458502555257,0.7690106834143415,0.2877146237706819,0.05682680227472501,-0.5000757747866548
0.5122785018243886,0.3858707057571101,0.3436836127963209,1.207542738430903,0.6326761949930955,0.41546509716788116,0.43911232997682287,0.4351759346375873,0.23931238907126054,0.31412525168032335,0.3300800643754135,0.39399032482035207,0.3757526220233903,0.30976533289667785,0.25968761210956215,0.4164897659190144,0.3172985487014019,0.3426471157948767,0.42051461837113663,0.2440340815050708,0.2775696766334195,0.3358707259504048,0.2564320769433859,0.26917591798908147,0.32700558839240756,0.3551618561262624,0.22029100560872375,0.1509389994039085,0.41311346294429535,0.14554422901583464,0.2022127434724512,0.31540330913545916,0.26561539967039394,0.30122911222629223,0.048935469046761,0.4276943471132496,0.2387930320855792,0.1732642531016979,0.2530396569274081,0.11374936273244719,0.34282284099015853,0.2512666469310753,0.27518286841512846,0.15857261358227032,0.13932343194121957,0.352749570642843,0.28112602646225426,0.05191854109869445,0.06542419751434808
0.6901102200668177,0.4659364536500452,0.3051361774381799,0.6326761949930955,1.5998132638068017,0.3949731387191706,0.41648369538249835,0.5028780910632719,0.25310103659242494,0.37068501144853305,0.4029901769967253,0.43364319352735387,0.4816263277224081,0.3844935506487356,0.3248291053144087,0.5682908975705394,0.3373087915965796,0.41994628466719264,0.7364747284241467,0.23550424105644063,0.31877976367991856,0.42513314859345414,0.3084510222078443,0.33026602845061787,0.39850546109173574,0.48834003721554115,0.2914353681095088,0.20568852716935254,0.5008990800063265,0.23482756308870073,0.27105261142717424,0.3765766728837387,0.30600009515088666,0.3792113092542843,0.07581075999154929,0.5645092757097502,0.322887266840468,0.18162221840958914,0.32422325179729594,0.15899435805749193,0.4465822914272671,0.3116941208866587,0.15154431849506678,0.17280166874188932,0.005139476669514688,0.4979188933992146,0.35327336040875484,0.06788219385952396,0.1562235466462266
0.4152515178186696,0.4000044939617947,0.5131183748114164,0.41546509716788116,0.3949731387191706,0.8964031430142351,0.3454697380584262,0.4557884867284921,0.37045998036901356,0.31493663513271114,0.3789288348342454,0.3894012312308065,0.42454912583472765,0.3663930866461681,0.26807790498794865,0.41742031803813323,0.42969289194867566,0.3921132898547955,0.5239487342604733,0.4483833237154515,0.3683984960310682,0.4224137625584878,0.3085076824256207,0.3196832482634487,0.36320509179309657,0.3778083005706131,0.2602083811594533,0.2719340623004586,0.536994978435757,0.13747326211358482,0.28090751052750473,0.36999897698476325,0.20071043326089427,0.49327691062779466,0.3230629280780229,0.39129554734185823,0.31368202029104075,0.27809001518375814,0.35562794232538464,0.1585389216169188,0.47668613978445173,0.3332988141966527,0.6728752710284568,0.29226571502563936,0.47513765183843554,0.33227525333241426,0.35853908103093524,0.05064347085769847,0.08894378406448764
0.47097187240082977,0.39304894133903123,0.3780597792483063,0.43911232997682287,0.41648369538249835,0.3454697380584262,0.8914570839306496,0.43280720800116174,0.4772094846301341,0.30260601392318554,0.401648681972514,0.45870010232057945,0.4793043944526613,0.3932738516137099,0.2848652678394754,0.40939444942480574,0.41325064519804167,0.3882471859099069,0.3178987140728759,0.2657263430018006,0.35688379226801,0.453147362866936,0.2832823364344393,0.3570248300003493,0.35506678196875113,0.47721485786796985,0.25645689549257583,0.23326731738819603,0.4474291464764714,0.20072295826463346,0.24392147517519205,0.4063600870890071,0.270939705324857,0.4442434021463271,0.27375276932944337,0.5134574375940325,0.23562418911376312,0.1835152409449711,0.3219443982340348,0.13636598915144252,0.40832364070433985,0.31792582518318324,0.36805709641321777,0.24831175787842122,0.20727031202314122,0.3189319091185888,0.2999211558683263,0.0698607767675985,0.3823287658309978
0.5853420246797919,0.7167174213253117,0.8056246614004402,0.4351759346375873,0.5028780910632719,0.4557884867284921,0.43280720800116174,1.0557882216182966,0.385835932607467,0.39194573099385527,0.4688942942657651,0.2780735770096155,0.5244678646820443,0.38143491250126677,0.2384313995307595,0.3789712635943891,0.4160468883362863,0.5334606787880868,0.3974442463375508,0.42549226856781996,0.35333687494678534,0.42534864364366026,0.28014969808950846,0.32036539479747095,0.4266128803601449,0.5841854943827519,0.3420883238193234,0.1531016981244717,0.6089647570572613,0.08838206213972037,0.2706891059358051,0.3824665799711313,0.1394990493207224,0.5599275805156796,0.4869753577300317,0.47728307097375655,0.33734878034895516,0.2512450578876448,0.4142180467744958,0.11423355557599718,0.43522013382054797,0.33718521128086143,0.661847662154595,0.34245939497775435,0.5277204685641851,0.36473213634391594,0.4266911302528469,0.05902878546782985,0.13382428606354577
0.31744448176967643,0.4193604309090917,0.7398102130458704,0.23931238907126054,0.25310103659242494,0.37045998036901356,0.4772094846301341,0.385835932607467,1.0668371645154724,0.22778972353429994,0.30021487044777156,0.23188867747561454,0.41775034639592906,0.33930959559770824,0.12260750842850965,0.26825765305398624,0.3847437767214837,0.38123216392173026,0.2559466632278629,0.27992540369513513,0.34860508180094174,0.6086101256944678,0.2462998069608012,0.32779832331635617,0.22961962131153305,0.7160990248755081,0.20822994752718638,0.3421228530806739,0.4670094794740658,0.060709962489748436,0.2942300374498194,0.37098511441632614,0.25375533745268775,0.49533189407015393,0.2756781148154167,0.49443291844423587,0.32318937760895045,0.21490431145682723,0.25543759294611046,0.0035084019611119547,0.41231481700506595,0.3090650046460082,0.4746463132994626,0.3176512581823048,0.3328489794032898,0.280195690299192,0.2942390272408425,0.0325773542184408,0.6324937004340916
0.32589559010152164,0.4535705606602342,0.5140210430975629,0.31412525168032335,0.37068501144853305,0.31493663513271114,0.30260601392318554,0.39194573099385527,0.22778972353429994,0.8517875123389675,0.34329564582368116,0.3396277079592689,0.3957357464921499,0.32719653194657405,0.40289092342697735,0.3469928620640871,0.34931294163646326,0.47496180009196615,0.28915703678293897,0.3554539508843025,0.3056237654841888,0.3391560742622129,0.23988331816231445,0.2998035957918258,0.35573854931637333,0.4256926087174179,0.421648783019822,0.37504950508656876,0.5108081387851536,0.2626371733847323,0.27734974565500237,0.30739001475487143,0.13015071828249924,0.4862138820012108,0.4607796241902255,0.48728419827233116,0.3473844908744054,0.19665804444329457,0.3847694902091033,0.17373786942081393,0.5118537405017011,0.30643931996749896,0.4821654280099222,0.23680643394183212,0.40574343007629815,0.3913531386615603,0.45961626094606894,0.06747857604673396,0.10905593450220537
0.4376772042746008,0.40832244463873923,0.46455980837929167,0.3300800643754135,0.4029901769967253,0.3789288348342454,0.401648681972514,0.4688942942657651,0.30021487044777156,0.34329564582368116,0.6647503765311563,0.4341614214866239,0.4563275948689191,0.3165875686236769,0.4455614091582298,0.3825299588682392,0.3965581966185563,0.44471548235984415,0.3375684023906373,0.3651626936224553,0.3549466059438429,0.36176303999442144,0.30366962713827383,0.3071758966381344,0.3836717193118342,0.3807663575241728,0.3995427798996529,0.29713566393864993,0.5042212504634798,0.2064049437768065,0.31117477558241213,0.30419208663352587,0.16309684460703477,0.466024594645336,0.4986238152190948,0.4734757663973787,0.2974672551287202,0.21362957988808123,0.39653035083894705,0.18650592795591472,0.46137540194940585,0.3372089982971458,0.512131965988487,0.2764615949220253,0.37641118949481495,0.3882274497315621,0.38843405230082345,0.06977205588938325,0.018554085190352607
0.38299323739516317,0.31486493951099026,0.3107852999710421,0.39399032482035207,0.43364319352735387,0.3894012312308065,0.45870010232057945,0.2780735770096155,0.23188867747561454,0.3396277079592689,0.4341614214866239,0.7737529995376814,0.39047339123622526,0.35730719539065564,0.41349818045762426,0.3401786529264346,0.34866991177591083,0.27791807512514477,0.355396638578305,0.26237780954485657,0.30265016011718987,0.29163451078696817,0.2681724179583069,0.29464164800357195,0.37095763577301777,0.30602618837831425,0.30098955201557304,0.10997420644177845,0.36002528124367933,0.2057429597492153,0.19896832816280016,0.3500232963386106,0.22215397100059028,0.3611291386527549,0.26579088262108175,0.41070685366258824,0.17735263066650353,0.1693336052359842,0.2645636277621234,0.15642192011864034,0.4081896095774163,0.2799442236773843,0.31221684252081866,0.19022017033240798,0.15101524501736216,0.35905639824724694,0.29598122678744326,0.08051635140950576,0.12407970642541823
0.3975577934546041,0.43543876225601114,0.5006292572187706,0.3757526220233903,0.4816263277224081,0.42454912583472765,0.4793043944526613,0.5244678646820443,0.41775034639592906,0.3957357464921499,0.4563275948689191,0.39047339123622526,0.7683647703734804,0.3723236483528086,0.19394282905857632,0.48475885488803455,0.40035823852862046,0.45196334145242734,0.37367380404733047,0.36032176930107535,0.36805788609583645,0.4784900511073956,0.3249403739510491,0.3544573858157168,0.37759509442342004,0.5606567012877629,0.25175428398265853,0.23346657176179228,0.6387560402776467,0.20229192197363688,0.27296504583519804,0.364489175292263,0.1865567866405136,0.530490101166858,0.5222538344178166,0.5110396229855189,0.28283330101457776,0.20627412702076145,0.43853984723836137,0.1851815440120798,0.45654292036423927,0.349794377027684,0.5892209794936374,0.3452607175937866,0.39487376603795576,0.3339988311543086,0.40445776993300053,0.05795508093630111,0.2825964498312693
0.2532555618400858,0.2380586628581694,0.3061769261865934,0.30976533289667785,0.3844935506487356,0.3663930866461681,0.3932738516137099,0.38143491250126677,0.33930959559770824,0.32719653194657405,0.3165875686236769,0.35730719539065564,0.3723236483528086,0.7604129083003884,0.46228268436133363,0.42242633095487697,0.3276671557478342,0.35291310975442586,0.3682410266398047,0.3218151978730544,0.3153533421166185,0.39378255192519507,0.2783544166418394,0.38466927951216956,0.373657290196075,0.47391276239744445,0.34957438912763666,0.40596159995760817,0.3865776743927465,0.1893285454306883,0.22961346449021433,0.6760860570594107,0.19089019442221677,0.456686263799354,0.31808361477098396,0.4173282783269184,0.17439365733540327,0.20993648810581397,0.25267690249814734,0.15359725468653226,0.4697043428331868,0.2878034819982132,0.3504933605946456,0.22891792064064698,0.17852350641094136,0.28749690019132423,0.3856261953482227,0.07732802117305076,0.5509063818997801
0.43008311499626123,0.30018612906343034,0.3014529156835471,0.25968761210956215,0.3248291053144087,0.26807790498794865,0.2848652678394754,0.2384313995307595,0.12260750842850965,0.40289092342697735,0.4455614091582298,0.41349818045762426,0.19394282905857632,0.46228268436133363,1.2625299809200459,0.15389523080697254,0.3058634442537062,0.4583458433378579,0.29708865943637586,0.2679274603315214,0.2873797086298276,0.18264563394417202,0.32814397815573026,0.29122180244510965,0.4589697895446995,0.2977208929511306,0.5886695183091925,0.6276953335194068,0.3196239610979364,0.2045904107694623,0.2631195732839673,0.3939184001595143,0.18347316699492264,0.3777358401895716,0.29789311010217023,0.391901220317606,0.2954308386767339,0.15932294296857996,0.2866272411047915,0.1739711023736371,0.5147209790427312,0.2672434396083654,0.19322202292619925,0.11587353473119945,0.11410254453628764,0.5013808592620896,0.3881547645992748,0.1069784745187838,0.01802135299483335
0.32524062708083706,0.42928914201045787,0.368834978797129,0.4164897659190144,0.5682908975705394,0.41742031803813323,0.40939444942480574,0.3789712635943891,0.26825765305398624,0.3469928620640871,0.3825299588682392,0.3401786529264346,0.48475885488803455,0.42242633095487697,0.15389523080697254,1.349397343132013,0.42302616126221826,0.4687818582165424,0.4923860602379592,0.38538786392587254,0.3739854160910099,0.6626930866300488,0.2746308692119639,0.3411903186919557,0.44120107290451055,0.39873092986591513,0.40910980086517,0.3334417502288221,0.6556086752051385,0.31193763050246154,0.3476645957626163,0.376816177825057,0.05926973624125173,0.5655467988925988,0.7859731993126162,0.4840280438470005,0.2977562218256897,0.2456244432055321,0.6230374731302764,0.32869136060266846,0.5230480357196892,0.3993326821989118,0.7053392892272442,0.4624043667894753,0.5085868713482132,0.24750099735387637,0.4662736451878447,-0.011646918150515004,0.3721006896154669
0.34335074032640456,0.40886255772267244,0.48634150248475555,0.3172985487014019,0.3373087915965796,0.42969289194867566,0.41325064519804167,0.4160468883362863,0.3847437767214837,0.34931294163646326,0.3965581966185563,0.34866991177591083,0.40035823852862046,0.3276671557478342,0.3058634442537062,0.42302616126221826,0.7249969388050131,0.42625924867250226,0.3523784819215172,0.4423551442492818,0.3896601496012586,0.45992202982981445,0.2571790477013901,0.33013510762171194,0.3703672594056441,0.27732223641650156,0.5217549993400625,0.5700621836467724,0.5042311340643361,0.2486510047379989,0.3633925128935421,0.3048129017593355,0.2426768716199,0.4905464068491871,0.4583869934830808,0.48923631622658453,0.4264714585627689,0.26994095541981755,0.39061826715312226,0.17947397873000537,0.5180920216263319,0.37838655279084393,0.6838578960626104,0.29356660007117574,0.5344781249919747,0.34864052583599126,0.44575858686821523,0.06860791844085339,0.14590155449579154
0.4592261794658878,0.6808866299633055,0.6188858218587427,0.3426471157948767,0.41994628466719264,0.3921132898547955,0.3882471859099069,0.5334606787880868,0.38123216392173026,0.47496180009196615,0.44471548235984415,0.27791807512514477,0.45196334145242734,0.35291310975442586,0.4583458433378579,0.4687818582165424,0.42625924867250226,1.0079487481553848,0.326759097978636,0.31750851094070254,0.4070262758153013,0.4660451560947239,0.44418728977672145,0.34304316568318066,0.44792997908416193,0.5924428173567923,0.5194793072219804,0.6228700021130515,0.6000278664002142,0.07050241249569436,0.33543917977522136,0.31991091587725673,0.21561823628102864,0.559707260456658,0.5778726672841338,0.47029355362583025,0.39223962165345677,0.1918039783731685,0.448586574994214,0.21507124329520325,0.5423547037661314,0.36325808611995314,0.7651712561939789,0.27780682523309236,0.5531750520873497,0.370529441078416,0.5610992702359014,0.046896802573980774,0.1608223550929775
0.4489877608789824,0.36001563718555996,0.4051664772966374,0.42051461837113663,0.7364747284241467,0.5239487342604733,0.3178987140728759,0.3974442463375508,0.2559466632278629,0.28915703678293897,0.3375684023906373,0.355396638578305,0.37367380404733047,0.3682410266398047,0.29708865943637586,0.4923860602379592,0.3523784819215172,0.326759097978636,0.9656931396949227,0.2169388570660934,0.30085723475978254,0.41496904100091836,0.2011280747552453,0.2890823680956355,0.3475161391145774,0.31506637082486516,0.34312621489077505,0.3104021279043731,0.44595578545465275,0.21126927127117917,0.25080029139895726,0.34529225745760017,0.24369048631928042,0.35186864278023594,0.1872286823879714,0.48009274025149834,0.23779325302959595,0.18407131480712366,0.2781997416080887,0.1270651851223723,0.4716227830457672,0.2835057911527033,0.26896225295946613,0.18054153025210648,0.13826436633411182,0.4625036633655675,0.2757240005003837,0.030489516353170574,-0.02655419514702161
0.16732419078628324,0.4961060082612988,0.4491406974380623,0.2440340815050708,0.23550424105644063,0.4483833237154515,0.2657263430018006,0.42549226856781996,0.27992540369513513,0.3554539508843025,0.3651626936224553,0.26237780954485657,0.36032176930107535,0.3218151978730544,0.2679274603315214,0.38538786392587254,0.4423551442492818,0.31750851094070254,0.2169388570660934,1.29619440952584,0.3643550627683135,0.2864596335496634,0.2084799406346229,0.31568441877105835,0.28976845423888364,0.18218075260301358,0.37081175820922285,0.3414546590562013,0.6133446679068282,0.5719034451259519,0.5099404960725475,0.32006181892427593,-0.0017898465317849437,0.6515077408269071,0.5987482465207353,0.5412495957661387,0.555765469852425,0.5903496618160248,0.6306650789194941,0.25589175796348407,0.3867084742530567,0.39789903342507343,1.177792871649525,0.3825724269773243,1.2450551754377692,0.16078245526893048,0.45431976364298765,0.13755124770271335,0.030908692051747354
0.3402987506282193,0.5352003767616665,0.46956930528027463,0.2775696766334195,0.31877976367991856,0.3683984960310682,0.35688379226801,0.35333687494678534,0.34860508180094174,0.3056237654841888,0.3549466059438429,0.30265016011718987,0.36805788609583645,0.3153533421166185,0.2873797086298276,0.3739854160910099,0.3896601496012586,0.4070262758153013,0.30085723475978254,0.3643550627683135,0.6441314189024622,0.37333496757371526,0.20726177208370086,0.3083622244622703,0.3127014201535363,0.2251863321307604,0.2803295266944398,0.27535681753084573,0.43740074016245317,0.3184866365445568,0.38346784125132743,0.283383018586116,0.2682227114058067,0.39515051119055145,0.4874904551180006,0.5461434829770856,0.4319724290023226,0.25538274576381076,0.3616849622716833,0.19205076207098837,0.568821318574716,0.4819741407568496,0.8163287015030508,0.27734287428286664,0.6925295336415392,0.31753962240653516,0.42935207211521176,0.1045146713772193,-0.06774735120147828
0.3474610339048757,0.4373274379467858,0.5917164675141097,0.3358707259504048,0.42513314859345414,0.4224137625584878,0.453147362866936,0.42534864364366026,0.6086101256944678,0.3391560742622129,0.36176303999442144,0.29163451078696817,0.4784900511073956,0.39378255192519507,0.18264563394417202,0.6626930866300488,0.45992202982981445,0.4660451560947239,0.41496904100091836,0.2864596335496634,0.37333496757371526,1.0272632675154012,0.2896252095851575,0.3330253597625707,0.31720260351079665,0.582722155933006,0.4661278386807687,0.4181252124459755,0.6155898262982903,0.17021690091943142,0.39354754508992495,0.4009675860431804,0.15680133927225456,0.5901091444478314,0.5270625081746536,0.5889622816614235,0.28207800066594624,0.25709210044733777,0.5714518912692547,0.1803968884282168,0.5314480154731375,0.36288368986701397,0.5013347077248621,0.5131144158395948,0.3042004869942151,0.3347797325332648,0.4115497885986036,-0.09757873125239637,0.7790767335197973
0.17051622733928296,0.2896440453696395,0.28306980704543866,0.2564320769433859,0.3084510222078443,0.3085076824256207,0.2832823364344393,0.28014969808950846,0.2462998069608012,0.23988331816231445,0.30366962713827383,0.2681724179583069,0.3249403739510491,0.2783544166418394,0.32814397815573026,0.2746308692119639,0.2571790477013901,0.44418728977672145,0.2011280747552453,0.2084799406346229,0.20726177208370086,0.2896252095851575,2.382215164574208,0.313893249294167,0.6220273517896435,0.2980797520837611,-0.41694132763302033,0.009906641574030851,0.5887021631310152,0.3077126795963308,0.2518309595724166,0.20943699912283584,0.3271632304967269,0.4721219647079332,0.20421825746615674,0.5148435281902292,0.15319608493439443,0.06230206782924813,0.33977846312148563,0.1511173353847838,0.3617461919850995,0.21758467025669137,0.3428788278535966,0.3198323331113729,-0.0480063109310865,0.40811065231974736,0.5462153600437063,0.06541031094837861,-0.10852961334287653
0.010448347195493516,0.27972336227036876,0.292282446397882,0.26917591798908147,0.33026602845061787,0.3196832482634487,0.3570248300003493,0.32036539479747095,0.32779832331635617,0.2998035957918258,0.3071758966381344,0.29464164800357195,0.3544573858157168,0.38466927951216956,0.29122180244510965,0.3411903186919557,0.33013510762171194,0.34304316568318066,0.2890823680956355,0.31568441877105835,0.3083622244622703,0.3330253597625707,0.313893249294167,0.6955375110398222,0.3258953395345786,0.08805423778973721,0.2481280964848919,0.2579869121528067,0.32925847569336786,0.48950530222069116,0.2143860233466035,0.42394522061329476,0.6291310337503956,0.29380158316110655,0.29515174234354746,0.3848132662999607,0.5095112275007778,0.21945821306639215,0.2560360285528802,0.10634766703787701,0.5256365197499416,0.317515081171352,0.5005792836242529,0.1566068597962853,0.2673822331264223,0.41122715133206167,0.4388526080097095,0.13786771660583427,0.21870188395872028
0.3942737923831795,0.41164288157296297,0.4212423299301226,0.32700558839240756,0.39850546109173574,0.36320509179309657,0.35506678196875113,0.4266128803601449,0.22961962131153305,0.35573854931637333,0.3836717193118342,0.37095763577301777,0.37759509442342004,0.373657290196075,0.4589697895446995,0.44120107290451055,0.3703672594056441,0.44792997908416193,0.3475161391145774,0.28976845423888364,0.3127014201535363,0.31720260351079665,0.6220273517896435,0.3258953395345786,0.975059885928865,0.37300251350921887,0.3708138106667167,0.2921978469134392,0.6810587421146398,0.3029194455364863,0.22882781617798484,0.33659633171795433,0.15794229343142,0.5494395044545984,0.4702629715704914,0.4627872559263508,0.38425515453085063,0.19286408379909578,0.5158512293430921,0.17859524100787158,0.4304228908165488,0.3129070361116197,0.4684942638588836,0.33130748085605877,0.381942563762899,0.41399118180325173,0.4765863855533191,0.08189830100763784,0.004057041908000644
0.4861929733107582,0.3507351950185835,0.6920336364408031,0.3551618561262624,0.48834003721554115,0.3778083005706131,0.47721485786796985,0.5841854943827519,0.7160990248755081,0.4256926087174179,0.3807663575241728,0.30602618837831425,0.5606567012877629,0.47391276239744445,0.2977208929511306,0.39873092986591513,0.27732223641650156,0.5924428173567923,0.31506637082486516,0.18218075260301358,0.2251863321307604,0.582722155933006,0.2980797520837611,0.08805423778973721,0.37300251350921887,2.8868190661243656,-0.025715405660649497,0.618075176826132,0.7916720359302755,-0.5342532832602616,0.05817103222121881,0.46590228133210126,-0.3255791725719099,0.8084397170031408,0.428691595460792,0.5723252055032912,-0.27549777013433846,0.0482592303920284,0.3221216971080583,0.2310297781364937,0.4176229589231293,0.21825532233165817,0.2674447678586839,0.23370104520276536,0.2211497073385996,0.10068923268600698,0.18724682356350583,-0.019631718749442393,1.2575851204518897
0.6032342152027094,0.3881904219815632,0.33952413978030643,0.22029100560872375,0.2914353681095088,0.2602083811594533,0.25645689549257583,0.3420883238193234,0.20822994752718638,0.421648783019822,0.3995427798996529,0.30098955201557304,0.25175428398265853,0.34957438912763666,0.5886695183091925,0.40910980086517,0.5217549993400625,0.5194793072219804,0.34312621489077505,0.37081175820922285,0.2803295266944398,0.4661278386807687,-0.41694132763302033,0.2481280964848919,0.3708138106667167,-0.025715405660649497,4.240327171168663,1.4946883618292233,0.1655967676793647,0.1621565927046476,0.6101000468040858,0.344993919106364,0.0954497290682494,0.4440124726226018,0.8738593069498442,0.4429179495068921,0.4993039614715,0.24780029238513832,0.5290559416281441,0.5245122016325767,0.7379034568964651,0.3442695542677794,0.3610185576406471,0.2323333529628754,0.16551197698219947,0.9391279201021465,0.40231465532588806,0.146529565867095,0.4490340793028381
0.332528508663493,0.26021247761744665,0.31423960076593777,0.1509389994039085,0.20568852716935254,0.2719340623004586,0.23326731738819603,0.1531016981244717,0.3421228530806739,0.37504950508656876,0.29713566393864993,0.10997420644177845,0.23346657176179228,0.40596159995760817,0.6276953335194068,0.3334417502288221,0.5700621836467724,0.6228700021130515,0.3104021279043731,0.3414546590562013,0.27535681753084573,0.4181252124459755,0.009906641574030851,0.2579869121528067,0.2921978469134392,0.618075176826132,1.4946883618292233,3.7797770711574783,0.2912146704177561,-0.19373072860344256,0.3969336084411417,0.3614899096439385,0.16501840655954608,0.4087640361582794,0.5260704272783872,0.1603493704874427,0.47705760596339214,0.18912954452370245,0.5137330513449149,0.34834108718712736,0.7139816827357622,0.22280369595885194,0.2390212320934801,0.19010665020536857,0.2363832350776359,0.29299944746251,0.3829894176368947,0.061548741245435516,0.7531005729301341
0.3407219000872876,0.6650934912744552,0.8760256205056258,0.41311346294429535,0.5008990800063265,0.536994978435757,0.4474291464764714,0.6089647570572613,0.4670094794740658,0.5108081387851536,0.5042212504634798,0.36002528124367933,0.6387560402776467,0.3865776743927465,0.3196239610979364,0.6556086752051385,0.5042311340643361,0.6000278664002142,0.44595578545465275,0.6133446679068282,0.43740074016245317,0.6155898262982903,0.5887021631310152,0.32925847569336786,0.6810587421146398,0.7916720359302755,0.1655967676793647,0.2912146704177561,2.9706948715393184,0.23583842826031012,0.035510047085376986,0.35654870940377115,0.0336933760491788,0.9006652390863438,0.5155548065868732,1.1630015580414834,0.34222778020034494,0.1592820635925808,0.24403792039310063,0.11917034705211216,0.3092745891719951,0.4286936737554714,0.9903003444124268,-0.0023067862712620973,0.9078439130282907,0.5210823462887636,0.6467346382753311,0.07381441033000263,0.4990431332223104
0.026707835501960514,0.06681797545934313,-0.3866452853149029,0.14554422901583464,0.23482756308870073,0.13747326211358482,0.20072295826463346,0.08838206213972037,0.060709962489748436,0.2626371733847323,0.2064049437768065,0.2057429597492153,0.20229192197363688,0.1893285454306883,0.2045904107694623,0.31193763050246154,0.2486510047379989,0.07050241249569436,0.21126927127117917,0.5719034451259519,0.3184866365445568,0.17021690091943142,0.3077126795963308,0.48950530222069116,0.3029194455364863,-0.5342532832602616,0.1621565927046476,-0.19373072860344256,0.23583842826031012,2.8189297602206405,0.4633460146530253,0.12993516953937848,0.1202574704497518,0.23545069153416537,0.6250778523300666,0.6699427057482615,1.0089241811149563,0.4347058135338061,0.36576817334988254,0.07219312185827458,0.5288233452042372,0.44654868744687437,1.3646344989737336,0.411966542979812,1.4086742441053073,0.22873487875066054,0.9633151348402561,0.13155433351386098,-0.28695274461560133
0.3424118691561196,0.42049424283778686,0.4165631809684805,0.2022127434724512,0.27105261142717424,0.28090751052750473,0.24392147517519205,0.2706891059358051,0.2942300374498194,0.27734974565500237,0.31117477558241213,0.19896832816280016,0.27296504583519804,0.22961346449021433,0.2631195732839673,0.3476645957626163,0.3633925128935421,0.33543917977522136,0.25080029139895726,0.5099404960725475,0.38346784125132743,0.39354754508992495,0.2518309595724166,0.2143860233466035,0.22882781617798484,0.05817103222121881,0.6101000468040858,0.3969336084411417,0.035510047085376986,0.4633460146530253,1.3482784988488186,0.18005555069858997,0.18177957016194643,0.35938337345458904,0.548867410104239,0.8446104266534679,0.4062459151060394,0.38072231847525717,0.5186408722579935,0.21192970528581723,0.5288065390853148,0.39174536874668536,0.5541983232736772,0.47235987347506764,0.6578055449020769,0.3409955674917348,0.40289451539237603,0.08519843784604424,-0.4508526307241681
0.18404675995285247,0.2393964409481759,0.3352966760580837,0.31540330913545916,0.3765766728837387,0.36999897698476325,0.4063600870890071,0.3824665799711313,0.37098511441632614,0.30739001475487143,0.30419208663352587,0.3500232963386106,0.364489175292263,0.6760860570594107,0.3939184001595143,0.376816177825057,0.3048129017593355,0.31991091587725673,0.34529225745760017,0.32006181892427593,0.283383018586116,0.4009675860431804,0.20943699912283584,0.42394522061329476,0.33659633171795433,0.46590228133210126,0.344993919106364,0.3614899096439385,0.35654870940377115,0.12993516953937848,0.18005555069858997,0.9078492010865497,0.2135420482115834,0.45390491158423546,0.17499892266932263,0.43569744585703857,0.07828896790160086,0.21680882821797384,0.15943369266112192,0.10331624941516984,0.43060082930927684,0.25651150215616697,0.23507785712903798,0.18398146463598808,0.07425048472105021,0.28463262294145236,0.3438219175323195,0.07211850965953319,0.6054156527444081
0.29574378872222057,0.22421944799454172,0.22301045545743137,0.26561539967039394,0.30600009515088666,0.20071043326089427,0.270939705324857,0.1394990493207224,0.25375533745268775,0.13015071828249924,0.16309684460703477,0.22215397100059028,0.1865567866405136,0.19089019442221677,0.18347316699492264,0.05926973624125173,0.2426768716199,0.21561823628102864,0.24369048631928042,-0.0017898465317849437,0.2682227114058067,0.15680133927225456,0.3271632304967269,0.6291310337503956,0.15794229343142,-0.3255791725719099,0.0954497290682494,0.16501840655954608,0.0336933760491788,0.1202574704497518,0.18177957016194643,0.2135420482115834,2.560387762924992,-0.5198857263454939,-0.7974243277279973,-0.05831687027454874,0.754886559204736,0.07632695880896499,-0.24568774264766258,-0.12735064824527617,0.4427783014028878,0.1943674306123977,0.04811956238375751,-0.40852666445179264,-0.7090259585580919,0.8023474490915924,0.2756660890986835,0.35753720221075636,0.0506839831865008
-0.5538919778898926,0.5021039222928892,0.6694352280971497,0.30122911222629223,0.3792113092542843,0.49327691062779466,0.4442434021463271,0.5599275805156796,0.49533189407015393,0.4862138820012108,0.466024594645336,0.3611291386527549,0.530490101166858,0.456686263799354,0.3777358401895716,0.5655467988925988,0.4905464068491871,0.559707260456658,0.35186864278023594,0.6515077408269071,0.39515051119055145,0.5901091444478314,0.4721219647079332,0.29380158316110655,0.5494395044545984,0.8084397170031408,0.4440124726226018,0.4087640361582794,0.9006652390863438,0.23545069153416537,0.35938337345458904,0.45390491158423546,-0.5198857263454939,2.0219718030262026,0.9059190671077131,0.7073141743062811,0.15682742154595514,0.23472429294518918,0.6464729933473542,0.07997279981493455,0.7172780370374408,0.43046647895923446,1.1743389313646273,0.7081077748976652,1.0620185201216539,-0.005502699049527792,0.5423686414757329,0.018492788995744944,0.6082309850272255
0.2993742438419802,0.5025770183074959,0.3898752767191819,0.048935469046761,0.07581075999154929,0.3230629280780229,0.27375276932944337,0.4869753577300317,0.2756781148154167,0.4607796241902255,0.4986238152190948,0.26579088262108175,0.5222538344178166,0.31808361477098396,0.29789311010217023,0.7859731993126162,0.4583869934830808,0.5778726672841338,0.1872286823879714,0.5987482465207353,0.4874904551180006,0.5270625081746536,0.20421825746615674,0.29515174234354746,0.4702629715704914,0.428691595460792,0.8738593069498442,0.5260704272783872,0.5155548065868732,0.6250778523300666,0.548867410104239,0.17499892266932263,-0.7974243277279973,0.9059190671077131,3.309349081453331,0.10164262586005753,0.2810130393229017,0.2745439774244572,1.0996435137549976,0.7170239748617593,0.9663251660528721,0.603276626642308,1.7012995179134414,0.9774908469497543,1.5167230017018627,0.1006544671203293,0.7163536642002758,-0.04203571833254572,-0.053142452156396375
0.3400003638602397,0.689258858343904,0.9471010347939345,0.4276943471132496,0.5645092757097502,0.39129554734185823,0.5134574375940325,0.47728307097375655,0.49443291844423587,0.48728419827233116,0.4734757663973787,0.41070685366258824,0.5110396229855189,0.4173282783269184,0.391901220317606,0.4840280438470005,0.48923631622658453,0.47029355362583025,0.48009274025149834,0.5412495957661387,0.5461434829770856,0.5889622816614235,0.5148435281902292,0.3848132662999607,0.4627872559263508,0.5723252055032912,0.4429179495068921,0.1603493704874427,1.1630015580414834,0.6699427057482615,0.8446104266534679,0.43569744585703857,-0.05831687027454874,0.7073141743062811,0.10164262586005753,3.37135927957291,-0.18338279275253636,0.35710710784324845,0.38478573870439525,0.15355237056116078,0.3386903627825401,0.5835771858100605,0.4223258248823475,0.22865690444761674,1.0207236750651614,0.5376324633564397,0.24715190624993874,0.186936331231676,-1.0907135527839382
0.3756856456941189,0.5518693478901451,0.5767370110644168,0.2387930320855792,0.322887266840468,0.31368202029104075,0.23562418911376312,0.33734878034895516,0.32318937760895045,0.3473844908744054,0.2974672551287202,0.17735263066650353,0.28283330101457776,0.17439365733540327,0.2954308386767339,0.2977562218256897,0.4264714585627689,0.39223962165345677,0.23779325302959595,0.555765469852425,0.4319724290023226,0.28207800066594624,0.15319608493439443,0.5095112275007778,0.38425515453085063,-0.27549777013433846,0.4993039614715,0.47705760596339214,0.34222778020034494,1.0089241811149563,0.4062459151060394,0.07828896790160086,0.754886559204736,0.15682742154595514,0.2810130393229017,-0.18338279275253636,3.8152004782037,0.5114795920482992,0.22548256177274487,-0.2605817302518501,0.7396981089151666,0.6135299112227194,1.0999565008679664,0.18044919191870143,1.2929143535185188,0.9019105749314512,0.8688419467144346,0.33385007153717194,0.35900839029785275
0.25521682821624125,0.31924199171144646,0.33477095915263777,0.1732642531016979,0.18162221840958914,0.27809001518375814,0.1835152409449711,0.2512450578876448,0.21490431145682723,0.19665804444329457,0.21362957988808123,0.1693336052359842,0.20627412702076145,0.20993648810581397,0.15932294296857996,0.2456244432055321,0.26994095541981755,0.1918039783731685,0.18407131480712366,0.5903496618160248,0.25538274576381076,0.25709210044733777,0.06230206782924813,0.21945821306639215,0.19286408379909578,0.0482592303920284,0.24780029238513832,0.18912954452370245,0.1592820635925808,0.4347058135338061,0.38072231847525717,0.21680882821797384,0.07632695880896499,0.23472429294518918,0.2745439774244572,0.35710710784324845,0.5114795920482992,0.7803119850615902,0.28174366664242495,0.11037035084226629,0.22678997333666684,0.2805962987301917,0.6074402344141513,0.3848357646155835,0.6399698499987259,0.24170473568967768,0.3356218082468776,0.10879151601136607,-0.20102512180809062
0.29949478583637773,0.3744151127051601,0.14310838605088838,0.2530396569274081,0.32422325179729594,0.35562794232538464,0.3219443982340348,0.4142180467744958,0.25543759294611046,0.3847694902091033,0.39653035083894705,0.2645636277621234,0.43853984723836137,0.25267690249814734,0.2866272411047915,0.6230374731302764,0.39061826715312226,0.448586574994214,0.2781997416080887,0.6306650789194941,0.3616849622716833,0.5714518912692547,0.33977846312148563,0.2560360285528802,0.5158512293430921,0.3221216971080583,0.5290559416281441,0.5137330513449149,0.24403792039310063,0.36576817334988254,0.5186408722579935,0.15943369266112192,-0.24568774264766258,0.6464729933473542,1.0996435137549976,0.38478573870439525,0.22548256177274487,0.28174366664242495,3.185101119163487,0.9508521983858248,0.1705741518050026,0.2571286007714042,0.06133098909531299,0.9996066336674561,1.0232440751351284,-0.007618874905348146,0.38493290827753013,-0.05861444365642826,0.27404349446656034
0.23408908705798984,-0.006422181746743489,-0.4145327385807921,0.11374936273244719,0.15899435805749193,0.1585389216169188,0.13636598915144252,0.11423355557599718,0.0035084019611119547,0.17373786942081393,0.18650592795591472,0.15642192011864034,0.1851815440120798,0.15359725468653226,0.1739711023736371,0.32869136060266846,0.17947397873000537,0.21507124329520325,0.1270651851223723,0.25589175796348407,0.19205076207098837,0.1803968884282168,0.1511173353847838,0.10634766703787701,0.17859524100787158,0.2310297781364937,0.5245122016325767,0.34834108718712736,0.11917034705211216,0.07219312185827458,0.21192970528581723,0.10331624941516984,-0.12735064824527617,0.07997279981493455,0.7170239748617593,0.15355237056116078,-0.2605817302518501,0.11037035084226629,0.9508521983858248,1.4336315678591636,0.42322087643587264,0.1811807787374497,0.24693993618255067,-0.03935024306679684,0.06502886518135927,0.43334689476058763,0.19965649655929407,0.07178509185029347,0.10513211048924875
0.4220734066056058,0.523000056865405,0.5435665646280433,0.34282284099015853,0.4465822914272671,0.47668613978445173,0.40832364070433985,0.43522013382054797,0.41231481700506595,0.5118537405017011,0.46137540194940585,0.4081896095774163,0.45654292036423927,0.4697043428331868,0.5147209790427312,0.5230480357196892,0.5180920216263319,0.5423547037661314,0.4716227830457672,0.3867084742530567,0.568821318574716,0.5314480154731375,0.3617461919850995,0.5256365197499416,0.4304228908165488,0.4176229589231293,0.7379034568964651,0.7139816827357622,0.3092745891719951,0.5288233452042372,0.5288065390853148,0.43060082930927684,0.4427783014028878,0.7172780370374408,0.9663251660528721,0.3386903627825401,0.7396981089151666,0.22678997333666684,0.1705741518050026,0.42322087643587264,3.7358053397150983,0.6420452132311212,0.6766930293130152,0.08614157221863185,-0.049048563045189134,1.613685053885423,0.6317165505930986,-0.0554133267031243,-0.5623336340538785
0.2682640272261988,0.4574491677399599,0.45269534153700763,0.2512666469310753,0.3116941208866587,0.3332988141966527,0.31792582518318324,0.33718521128086143,0.3090650046460082,0.30643931996749896,0.3372089982971458,0.2799442236773843,0.349794377027684,0.2878034819982132,0.2672434396083654,0.3993326821989118,0.37838655279084393,0.36325808611995314,0.2835057911527033,0.39789903342507343,0.4819741407568496,0.36288368986701397,0.21758467025669137,0.317515081171352,0.3129070361116197,0.21825532233165817,0.3442695542677794,0.22280369595885194,0.4286936737554714,0.44654868744687437,0.39174536874668536,0.25651150215616697,0.1943674306123977,0.43046647895923446,0.603276626642308,0.5835771858100605,0.6135299112227194,0.2805962987301917,0.2571286007714042,0.1811807787374497,0.6420452132311212,0.7290201320103841,0.9852990482059228,0.20760960736409573,0.84440920313021,0.3743698907136032,0.4768430394350129,0.13164070990818386,-0.24043860414456156
