0.9593281203716415,0.18928261308437747,0.15113143777458696,0.18648907145209412,0.3698721296772747,0.15239877927815074,0.2524638583601073,0.16459721588894904,0.12776982397227432,0.17172464140766022,0.1643870526043721,0.19236591659646732,0.16882186066877616,0.1579511239824552,0.11800058988593476,0.1344914724109038,0.13858516276612803,0.15141055210807786,0.0022874064094280254,0.05375285567319931,0.14091267809313063,0.17693944235368583,0.09972383356655348,0.03753080405434147,0.1371630524527269,0.1334026498154182,0.14473922277220017,0.021798821323082494,0.06776625233713952,0.056875641412739875,0.09648348103897242,0.13975273532619267,0.09866959040741394,-0.10730342039288675,-0.023168566831363403,0.10606773926349086,0.10623077469702968,0.19637795743720896,0.10661290918101804,0.12164975400122974,0.1421839541782111,0.08110611323867314,0.12000223165438247,0.03193939016423334,0.16539001313871518,0.05704113548262716,0.08630682653807466,-0.033586298414441794,0.06054721936225202,-0.09387138427041614,-0.01254899523343811,-0.006026362093856665,0.04900305895464102,0.012918532363965285,0.13576753928712548,0.022920878812069802,-0.035635531640305626,-0.10004453166659488,0.008590565059877979
0.18928261308437747,2.2848495699337366,0.2142437789550644,-0.02375900804158053,0.11887754079691047,0.47402370348287615,0.11388571730581055,-0.07671233223925822,0.2120921394228905,0.02525827786112063,0.13664104928815507,0.1497095707279423,0.15666426823980387,0.08345243072727479,0.24903262924626993,0.048052941104698696,0.20732942118475675,0.261993391394584,-0.23674626989179956,0.05583419428924182,0.03918348462257163,0.1379739048055597,-0.09258172684938397,-0.09463828825410334,0.022333598185828054,-0.1923273844589348,0.125289247869376,0.004641913956187629,0.29904179277534343,-0.11031346888742818,0.1555066278709987,0.11063843512559571,-0.23049371647643807,0.2011689112277617,-0.06408170351079684,0.17915387001393235,-0.051537660563484064,-0.0019835119952685333,0.25535389285393334,0.0999727469813392,-0.20992975119556195,-0.014630598265050436,-0.0846099408659849,0.04469293061035548,0.32321287001650084,0.1726500133223034,0.07358842932701955,-0.2325382242891773,-0.39224603344720416,-1.054428308040321,1.248853523895863,0.29915803888287085,-0.33172469687637657,0.051285844207005625,-0.3862787149112526,0.06986165188872896,0.06106520450140102,0.10777351179318091,-0.1134224166976792
0.15113143777458696,0.2142437789550644,2.8448470378473876,0.10789264822599044,0.08604929526857587,0.23708434224646116,0.1672734983604525,0.08158459292172783,0.18521204065924543,0.04568892618920545,0.04323452182513901,0.16716105407953227,0.13483586518686408,0.02523755480505092,0.16882259062041044,0.09263785707104667,0.2898414838956547,0.18282237441568464,0.14219918858534997,0.05454462502482342,0.09151602124703545,0.3725799623547024,0.2243910891210849,0.12456107953917321,0.16766167898981302,-0.060952100742898536,0.08018339510505886,0.12055359940218961,0.14329298589319953,-0.4169662167226211,0.10104585700040825,0.08544597078092324,0.26466028650336487,0.2916817574238422,-0.04214102679120728,0.45652055673247777,0.40093024467524413,0.12411706034091859,0.11339470283389469,-0.9332946577927663,-0.02823952786578182,0.03348290266824947,-0.08803539666823917,-0.010242238228768373,-0.024655433131574415,0.839321423704117,-0.02761358776146901,-0.46090189546386423,-1.0422033089015457,-0.0030416545228884708,-0.041453006169408446,0.2789843504152219,0.007863291536167043,-0.26470505991662724,-0.3016952522156212,0.020858466957798697,-0.04461210454699307,0.334552996194055,-0.672665459863985
0.18648907145209412,-0.02375900804158053,0.10789264822599044,0.7967926898994201,0.6634816690333273,0.38620300371085364,0.3239435091998218,0.46467864967611444,0.18080174077974626,0.33948806371773904,0.36840863203338475,0.3717780660618951,0.40200637132713885,0.33146182118973155,0.2167545070793793,0.3114065565184811,0.28685946664627004,0.32111955223676125,0.04644453433771911,0.3847175486765604,0.27740563304078936,0.4649944908823724,0.5139513407031072,0.3288597689652409,0.36362280388969115,0.33811391748689595,0.2741090498542718,0.13011307462798818,0.4810438143371532,0.20373534059684037,0.12962476012733865,0.2802999910655767,0.24203285985985282,0.40960093861295976,0.06615341912157564,0.24921592989441,0.39667192811022134,0.32912074245157885,0.35544960727811376,0.06320357908862816,0.25010712517312844,0.26641012192681746,0.28644686623439763,0.04823389217006676,-0.00734361046559869,0.15570558488211766,0.3031741272638043,-0.036353442688798435,0.5426650368286448,0.2579254875504992,-0.3510045009502078,0.09243315454275994,0.07758167993700961,-0.08034086525716774,-0.024376804778665998,-0.05900041160163771,-0.31760654744768096,0.16491744410219877,0.14792988190200732
0.3698721296772747,0.11887754079691047,0.08604929526857587,0.6634816690333273,1.8506860749004805,0.20523642293705316,0.3071259914295628,0.562461972386798,0.25905185979786394,0.31542686953552646,0.38499603396568305,0.49578351823116495,0.3808893755123551,0.3521118270551095,0.2997753968329998,0.4062563423120156,0.17779169717818735,0.3349141328647784,-0.045307113276569506,0.2684344799683201,0.22875653959996864,0.3619996941939686,0.5132152091635953,0.28072536495775113,0.35932945381472803,0.37819547098016504,0.2897637693827312,-0.01923815960626214,0.40351179115278074,0.02354508792771957,0.12290622896546853,0.3775064970750024,0.15776857084895418,0.43008013815676643,-0.2434135603462733,0.23908689412556075,0.17326526945714546,0.4263051573209311,0.31315369261464954,0.14127708986748128,0.1678343568478541,0.24826790344895933,0.2567904284847035,0.051126555684980375,0.046928645503665344,0.08864462801951206,0.24305128437744977,-0.01882274253227157,0.49594785943322145,0.0669148278481246,-0.14615517196250483,0.3032781172763235,-0.016181832805433664,-0.04798776366861094,-0.3012958323130787,-0.00716214151190361,-0.03784764347714142,0.2842319346936482,-0.10066040256586548
0.15239877927815074,0.47402370348287615,0.23708434224646116,0.38620300371085364,0.20523642293705316,1.2042342534356223,0.23688119555919454,0.22194894534196138,0.1186365281180644,0.2838317767732249,0.3820489745553861,0.30407837138584953,0.44244617400187775,0.37111327225660545,0.2653640506664225,0.2374383214537998,0.4823500283099196,0.3391213594635723,0.3484579495225445,0.6277732142364487,0.32768111515535336,0.6180223519790711,0.389568087310388,0.3473956282626966,0.3327000776897102,0.3574565815858499,0.3181802063873294,0.17421981431461295,0.6938734169015619,0.237419475113612,0.25990157687319687,0.3473806438514402,0.18540468000508672,0.4835620272574313,0.16666712337852266,0.28845644733961495,0.5017908541253248,0.4076677897968819,0.33083027076149185,0.04169706072422256,0.24458640343161658,0.31391362300359515,0.3879135997136001,0.049517280011470086,0.14346760789572427,0.1923885849788041,0.3725456942464983,-0.1283793465648137,0.6296500286491871,0.1397901425893881,-0.2688168263282685,-0.17149245716239417,0.00017374954241490832,0.012723340167577544,-0.24993627073998517,-0.0376225033884488,-0.2102347887878656,0.21935643729209603,0.09345724599461001
0.2524638583601073,0.11388571730581055,0.1672734983604525,0.3239435091998218,0.3071259914295628,0.23688119555919454,0.6867134495111648,0.19374195100753613,0.22819655673278016,0.25034682686001053,0.27344156181730156,0.3326042689562241,0.2957019136185937,0.1910712891421385,0.1139271594558043,0.21786432405142814,0.29716646625312026,0.2676274911879321,-0.03034211190421545,0.19370500784013503,0.2338237593460889,0.4362059808173624,0.3986670909786537,0.27805066024317654,0.29888416850866284,0.2899864570422388,0.23548922043894602,0.1595308199854776,0.294307342739552,0.1350809997220505,0.16692539165935236,0.2533327291422986,0.2511673306514604,0.29833714218763274,0.11458043492439199,0.2302309105005046,0.3070686819498565,0.24039791975475455,0.26403338550181216,0.03168330672404955,0.1817622435085759,0.2130579684110513,0.22475682204061034,0.03384015014758203,-0.006091002130307186,0.11752239938775072,0.18649764886893747,-0.0814901147898327,0.45479127167710287,-0.21568157854384218,-0.21606178264213532,-0.07037791239022578,0.07621639943207228,0.0020955278173616864,0.017167868753562934,0.03910757483138053,-0.12421564522213237,0.009264539667560655,-0.0013924729223693823
0.16459721588894904,-0.07671233223925822,0.08158459292172783,0.46467864967611444,0.562461972386798,0.22194894534196138,0.19374195100753613,1.325579900730779,0.058021164380837216,0.4002117971782722,0.5164096575880187,0.3552250941037446,0.448711127140155,0.41068566951364927,0.1908623418103894,0.36172304310506426,0.31930165032338886,0.4104628720168289,0.2543139010942072,0.602895650626783,0.2652979445358666,0.4533150693389087,0.5430047610730029,0.34726870617185157,0.4886653313737223,0.3802712752065014,0.35205665031885935,0.3590878755233142,0.6022078940748701,0.4274266754725781,0.2100872893106535,0.28923800909582126,0.1321720006954512,0.5878894548429382,0.6902877622569812,0.20487758861382413,0.5560947622804553,0.31415137127835446,0.6617179861117695,0.005544822639306405,0.27962981087585115,0.34267082965044754,0.3291944779167506,0.03240774236924486,0.10208238545334629,0.1860172694872983,0.5114408991748894,0.04170132781358524,0.9420777640957617,0.40119623039914193,-0.3441194565525174,0.1189166156302387,0.17564231792860802,-0.1942496207631172,-0.29678444420504063,-0.026540777654129002,-0.22283280604854103,0.6446474531306184,-0.3061006405607611
0.12776982397227432,0.2120921394228905,0.18521204065924543,0.18080174077974626,0.25905185979786394,0.1186365281180644,0.22819655673278016,0.058021164380837216,0.7262893964152052,0.13907212272303845,0.14421078422722222,0.1841137722812192,0.19999024515355626,0.13897368235254504,0.13700344522751698,0.10976643419460218,0.12157148436540081,0.18873697423790897,-0.31237417660982936,0.07671551715109541,0.13887048473767005,0.23298516374390138,0.3472691013943476,0.18048658209448246,0.21916227824946455,0.21553108296124887,0.14803539702615665,0.020169332891663595,0.10203832128024924,0.003385990676844042,0.04824352166740544,0.1527565494048138,0.1891387565425135,0.1769141026901613,0.015734059723771617,0.13854205102160633,0.12898016197138829,0.07303257352536108,0.17436360601534912,0.028386709545617266,0.06567815093202241,0.11374568767649378,0.0934005636592828,0.021257146080134737,-0.06763453414582549,0.10101943071472351,0.11837785065155076,-0.06959544335217428,0.17522394240435415,-0.3952059061419524,-0.0055688165477283695,-0.14725816445893417,0.28582867402974,0.007668746563207494,0.06877500296155789,0.0685082061924165,-0.07487198945415083,-0.12675128844341035,0.06445451808592274
0.17172464140766022,0.02525827786112063,0.04568892618920545,0.33948806371773904,0.31542686953552646,0.2838317767732249,0.25034682686001053,0.4002117971782722,0.13907212272303845,1.0126724943814702,0.33166540580947945,0.31094316081973417,0.40099394161736146,0.2898049755320311,0.12290137378191328,0.2830544849245019,0.29562236790669283,0.27852935355513075,0.14064006024772405,0.48825219365155637,0.21736001638842745,0.4723249409265131,0.4059254343559844,0.2423026257796299,0.3287129713303351,0.24604197376389358,0.3269397497110486,0.1089184742339358,0.6346595893143931,0.27733902362376034,0.1703566522521015,0.28260358121347773,-0.017461485956764736,0.47358173702649675,0.37537736032688207,0.2579962591934255,0.26027288561926065,0.24787998912897455,0.393767197218397,0.14821389789428954,0.1531838782212333,0.26080536001102284,0.2638239281241764,0.03933055641084344,0.12044348345202295,0.13097244823315807,0.29806746106128196,-0.1415511227090384,0.47627779239235224,-0.060134893645889,-0.10126334677485387,-0.3836036229575096,0.2222710466508919,0.07811541786783097,0.099097629351643,0.00285164749478477,-0.10864228594618142,-0.26918766670634076,0.2337325932770091
0.1643870526043721,0.13664104928815507,0.04323452182513901,0.36840863203338475,0.38499603396568305,0.3820489745553861,0.27344156181730156,0.5164096575880187,0.14421078422722222,0.33166540580947945,0.6268677700416275,0.36147916614865155,0.5083592495746252,0.36827954533825386,0.309668279158613,0.3183320875373963,0.39198845925015957,0.35512643878960987,0.12402154436351731,0.48819565577469787,0.26589051570142835,0.499393178151781,0.5187032786628651,0.3489925858960168,0.4293209977484669,0.302419170670998,0.34531240617358866,0.24291026061964474,0.5974210495767299,0.334430750796627,0.20021678623469968,0.3078147793658951,0.21775759380431084,0.4610743863202975,0.3996129673591805,0.23821911899788356,0.49098316512142914,0.3134676353658988,0.47767072719286174,0.04782272375379848,0.2462283540040986,0.31043793616041576,0.3029246902033994,0.015754257244303682,0.11935938921858312,0.14860949228119102,0.3879280233132449,-0.04863348663877786,0.6905196203311132,0.1855389479834065,-0.27853397870019087,-0.14720191646925312,0.2025390305876956,-0.025690646516527346,-0.1751496944156846,-0.0057080553515692035,-0.21404381672648307,0.1956536351218341,0.00894778791591548
0.19236591659646732,0.1497095707279423,0.16716105407953227,0.3717780660618951,0.49578351823116495,0.30407837138584953,0.3326042689562241,0.3552250941037446,0.1841137722812192,0.31094316081973417,0.36147916614865155,0.6647450314906826,0.31557230134561065,0.28834939812833005,0.23772781120917086,0.3077140281393886,0.2582785987642435,0.2591437098944776,0.05620517876432006,0.30244882441536103,0.20703219912121557,0.3310292376020998,0.39507879387977374,0.28058745498316984,0.39493633035149533,0.3263003579972132,0.3219166237525302,0.22507646550250834,0.3371678203989979,0.1839008206096639,0.14289104812054337,0.30133089258136564,0.1768541939974955,0.3679312401602518,0.2926785738413197,0.1995498222153263,0.3538662107859096,0.2824506098497691,0.3320112045732102,0.02785720379165968,0.1976721464419796,0.24977700499676123,0.24477880007984582,0.03548961151159454,0.08551794432380694,0.05203539441407962,0.2565750904024931,-0.011038718368553916,0.5974530658508947,-0.005230352899896297,-0.23954912153493146,0.061100913351609304,0.04091287953260612,0.032052899901569204,-0.1285850885091941,0.03611787031705376,-0.16366331891340413,0.22641000618535823,-0.09700530768366772
0.16882186066877616,0.15666426823980387,0.13483586518686408,0.40200637132713885,0.3808893755123551,0.44244617400187775,0.2957019136185937,0.448711127140155,0.19999024515355626,0.40099394161736146,0.5083592495746252,0.31557230134561065,0.821513380913621,0.3861371827892011,0.16428121206360863,0.3243083535205965,0.3539324273858758,0.338642183788953,0.08729482108225113,0.4846484939720241,0.2861677424992135,0.7024865795650335,0.5422978196054249,0.3887835408055603,0.40334643011089194,0.277397582805065,0.378166979213577,0.2349084417949976,0.7174898754919434,0.3379680202919657,0.18922946335353172,0.3597228504645088,0.2732503558782631,0.47499925175294083,0.34362695725692255,0.3160469874804596,0.4926096053426964,0.33443026306154616,0.4802008746740864,0.053633247103483585,0.25769724582722625,0.32055233917470083,0.3416911027429426,0.014077125123282715,0.062213155154049744,0.22315349538627907,0.3754701779561553,-0.13946436445486143,0.6674792506100584,0.19557862817701746,-0.3032604319642776,-0.28294184004900513,0.20994059470926804,-0.03661073890412673,-0.12782459769289917,-0.057079833106325834,-0.24994757668702755,-0.05733616520141933,0.3111458637118435
0.1579511239824552,0.08345243072727479,0.02523755480505092,0.33146182118973155,0.3521118270551095,0.37111327225660545,0.1910712891421385,0.41068566951364927,0.13897368235254504,0.2898049755320311,0.36827954533825386,0.28834939812833005,0.3861371827892011,0.5781902830076624,0.2602629603254768,0.31262860801352416,0.2933734227324888,0.2568863369476276,0.13476172596732144,0.4849520141783356,0.25023354141725335,0.4449228456236131,0.38371068410811376,0.30583123457819716,0.35553867468624784,0.37504908978706236,0.2924222306968578,0.16103276723002974,0.48809296436984334,0.3105297171749091,0.18913630820942762,0.33780513290121567,0.15050520110082782,0.3740230697679932,0.3198897333136773,0.20955219951436593,0.39149914826205967,0.3394178864437457,0.2840152707496023,0.0824980414128195,0.2803530147505097,0.3022137637836825,0.3317737070290727,0.029334757924805267,0.11189164654851526,0.11067170389472425,0.3332376741364172,-0.0211545755319293,0.6740249981761894,0.24132480113942328,-0.2670597897401942,-0.1722476511644691,0.21973237934823522,-0.004816718578950694,-0.22082647072948106,-0.0027310424714860953,-0.1844298575758707,0.2665040726919462,-0.008502372371956104
0.11800058988593476,0.24903262924626993,0.16882259062041044,0.2167545070793793,0.2997753968329998,0.2653640506664225,0.1139271594558043,0.1908623418103894,0.13700344522751698,0.12290137378191328,0.309668279158613,0.23772781120917086,0.16428121206360863,0.2602629603254768,0.769245950883101,0.199490096688568,0.26574331979848725,0.2974968875146996,0.09749148553584126,0.27355636280353607,0.18309201382145976,0.12888663016451507,0.39305595187389347,0.2178157847935028,0.37210395181467526,0.21813138729081333,0.19009568779690147,0.2213315559592046,0.33917331835808945,0.1703804745964945,0.1495643377855664,0.15917969905933357,0.1722329088781413,0.30687466451258116,0.2155944170171739,0.14944351488987861,0.4103310885991835,0.10753827388088683,0.24170873235006454,-0.09639827444770147,0.21746246427149477,0.19207826822157986,0.11153177437221126,0.0010488537795800305,0.011378730835575175,0.09448609517082185,0.24364600345237522,0.02097286904597924,0.4094507820816674,0.34157244834867073,-0.2437207084037409,0.21044928962184062,-0.0885157584277178,0.0013048791076802424,-0.17602409105276265,0.10787363478872511,-0.1981924979286554,0.2539728009481374,-0.15197524345864505
0.1344914724109038,0.048052941104698696,0.09263785707104667,0.3114065565184811,0.4062563423120156,0.2374383214537998,0.21786432405142814,0.36172304310506426,0.10976643419460218,0.2830544849245019,0.3183320875373963,0.3077140281393886,0.3243083535205965,0.31262860801352416,0.199490096688568,0.6589959911755167,0.24580629378946503,0.2606350994003266,0.13614563817481234,0.2863821062544982,0.16836603856283497,0.35765391274866803,0.40628263898403744,0.27840289453451184,0.40070042619674473,0.2818928341861138,0.2965391001095538,0.2516464357782921,0.376711485045496,0.2869747905734446,0.14438116127290318,0.278416841879355,0.1404078575168855,0.3748188856140662,0.45813375273089113,0.17590768020703623,0.35812416573666284,0.21410530847712034,0.30122021333273225,0.04233977711463429,0.2335286278256533,0.29784546226752523,0.24552324364368547,0.05644109002106818,0.0476587171605056,0.06250416670136684,0.29879119143367655,-0.005325848493429215,0.600889170143112,0.05917589022154761,-0.27716398635118894,-0.01579119713253629,0.17965430958569395,0.02077662386655951,-0.12426327635121573,0.04446259730278221,-0.19516851932131016,0.204878268631731,-0.030155485658978094
0.13858516276612803,0.20732942118475675,0.2898414838956547,0.28685946664627004,0.17779169717818735,0.4823500283099196,0.29716646625312026,0.31930165032338886,0.12157148436540081,0.29562236790669283,0.39198845925015957,0.2582785987642435,0.3539324273858758,0.2933734227324888,0.26574331979848725,0.24580629378946503,0.8020185949967107,0.3502169042062951,0.19260618761288073,0.45497282714613274,0.284504935503461,0.6210136762184636,0.43469124916694374,0.35250262193824816,0.35277593818973785,0.29050366351656576,0.29172243748142757,0.29777519427354854,0.5071773822067601,0.2550806939263696,0.28653091061418534,0.28264178795274136,0.35126137190518575,0.39390473096683576,0.2930394715452858,0.2635354603980924,0.5747326439478565,0.343930744379445,0.3376654555586807,-0.021648700394079495,0.2494207707197229,0.29769949462388906,0.35755338400069187,0.021486788538957573,0.11088880063815161,0.2378339625128375,0.35460049542796374,-0.13008278483985977,0.5499415923686614,-0.010285004124705056,-0.12638154401395604,-0.27941119984649054,0.08465718313336688,-0.0174457999883649,-0.12057769906030333,-0.0003709214136571188,-0.1868308060769176,0.16395501028656725,-0.01758573150980615
0.15141055210807786,0.261993391394584,0.18282237441568464,0.32111955223676125,0.3349141328647784,0.3391213594635723,0.2676274911879321,0.4104628720168289,0.18873697423790897,0.27852935355513075,0.35512643878960987,0.2591437098944776,0.338642183788953,0.2568863369476276,0.2974968875146996,0.2606350994003266,0.3502169042062951,0.7800787984226497,0.08670229598293094,0.23226757207733442,0.27213345964754976,0.3721440085974721,0.584658270244973,0.2322704911547042,0.3144419698506958,0.325774862230669,0.21038641354838777,0.23278810476146755,0.4814630711705343,0.17110864007716622,0.36845452920902905,0.2492304304616817,0.15357291031468032,0.445475672893912,0.2875777131920995,0.23129649842800673,0.4137073848406281,0.24036660172300037,0.3543010876203723,0.03639393599995209,0.20910868815147454,0.26044538272259565,0.23575545119948618,0.01153406678613164,0.12467866351444129,0.20216366002217948,0.4362404633726406,-0.07254495752728264,0.4567826628236084,-0.09554934325438773,0.09673531717296595,-0.1673125801191651,-0.035073005358499255,-0.03815937602962348,-0.17023891631074803,0.06419114298455252,-0.14537695905599723,0.3195415887784252,-0.24867991857573543
0.0022874064094280254,-0.23674626989179956,0.14219918858534997,0.04644453433771911,-0.045307113276569506,0.3484579495225445,-0.03034211190421545,0.2543139010942072,-0.31237417660982936,0.14064006024772405,0.12402154436351731,0.05620517876432006,0.08729482108225113,0.13476172596732144,0.09749148553584126,0.13614563817481234,0.19260618761288073,0.08670229598293094,1.2785525969179286,0.33949389761360893,0.14744196374917012,0.1635924094216551,-0.10690062690310449,0.11122112043979851,-0.05032248279248793,0.1283283125465441,0.0660261367057007,0.29851405748716725,0.13647585405572057,0.1564537626871919,0.2920432507906349,0.10001935410650063,0.16629407433576604,0.09921945873939496,0.21591046218705298,0.114814376066447,0.2952564546270965,0.2691689138115539,0.019007224376686557,-0.05632703417099997,0.24082693475158648,0.17804220377750765,0.1888447476137976,-0.010770879609278571,0.07484979353067106,0.12944444271227462,0.09457158494614229,0.0524664290339344,0.26901280467350275,0.9108794276141109,-0.10417773865290997,0.10620526538758719,-0.37483685854572013,-0.13642281598326467,-0.14106818964145734,-0.02417822334070724,-0.07935792098403908,0.2639495554684223,-0.11332058357242653
0.05375285567319931,0.05583419428924182,0.05454462502482342,0.3847175486765604,0.2684344799683201,0.6277732142364487,0.19370500784013503,0.602895650626783,0.07671551715109541,0.48825219365155637,0.48819565577469787,0.30244882441536103,0.4846484939720241,0.4849520141783356,0.27355636280353607,0.2863821062544982,0.45497282714613274,0.23226757207733442,0.33949389761360893,2.3191924973116578,0.19820672863133815,0.5208593281539289,0.6751934920314452,0.37191671759451006,0.5778168024092161,0.2578180919809327,0.5662792592369491,0.03301869962878836,1.2810905686398915,0.4927833706009235,-0.05842657608149526,0.2836006064879398,-0.2376940138364117,0.8270407608128351,0.6270974000526373,0.21627158129960913,0.5505542884820328,0.2606733066856583,0.5615890067083121,0.1832712495872245,-0.08704752673740813,0.5708115609252501,0.506187616747993,-0.014594573762929814,0.5434728632499346,0.1912675882724919,0.3915121098892333,-0.11814745224168523,0.6102606160751441,-0.18127619257745006,0.005445704109562188,-0.39273489384464616,0.587938510237344,-0.027256374028545492,-0.23863331642261784,-0.10682435382446027,-0.2663501584130383,0.29991375011054044,0.0916703511044629
0.14091267809313063,0.03918348462257163,0.09151602124703545,0.27740563304078936,0.22875653959996864,0.32768111515535336,0.2338237593460889,0.2652979445358666,0.13887048473767005,0.21736001638842745,0.26589051570142835,0.20703219912121557,0.2861677424992135,0.25023354141725335,0.18309201382145976,0.16836603856283497,0.284504935503461,0.27213345964754976,0.14744196374917012,0.19820672863133815,0.7050386827424423,0.44255092547268393,0.2904522046272681,0.37572249269695185,0.22254827193617027,0.4373270398177423,0.20958091797818248,0.30431960402611274,0.16081061466341415,0.2542140443092917,0.3980695589201237,0.3013636768949011,0.5282779054340248,0.17007519983644367,0.1437124947074522,0.24192290508477413,0.544409326313508,0.5437072004984588,0.326058719166292,0.1645240677752954,0.4066085994612717,0.3245179617601574,0.5183898607975971,0.06703291269907968,0.18028957192427925,0.09685518296113546,0.3017595288104447,0.06266140395052708,0.6741425408149839,0.3695945916580952,-0.4143842431693198,-0.06418356320871965,0.012685002000392548,-0.04116284728490285,0.04325793296867821,-0.006100036112001967,-0.22972346032526283,0.0321436391708388,0.14759150944260715
0.17693944235368583,0.1379739048055597,0.3725799623547024,0.4649944908823724,0.3619996941939686,0.6180223519790711,0.4362059808173624,0.4533150693389087,0.23298516374390138,0.4723249409265131,0.499393178151781,0.3310292376020998,0.7024865795650335,0.4449228456236131,0.12888663016451507,0.35765391274866803,0.6210136762184636,0.3721440085974721,0.1635924094216551,0.5208593281539289,0.44255092547268393,2.418521918761046,0.7939914185614353,0.599895032793047,0.5137263012635268,0.4112662697794761,0.4907075279349447,0.3292545638137711,0.8161765307813604,0.52220828147114,0.25270246419846776,0.5875822242287909,0.5486753183995297,0.5488887138385334,0.25632516672720423,0.7755424665281123,0.5924545176823333,0.5807450463218348,0.3885161762779247,0.022756160467381447,0.44067599334521207,0.42384670130380986,0.8013922164450753,0.06157425129631505,-0.18598663805101312,0.8522767053316258,0.48057280836732813,-0.8456656625563121,0.6326785975378671,0.055009446731039274,-0.3817365026583547,-0.4046635790506421,0.20955482307076806,-0.02689215259480251,-0.18442090517198131,-0.03225885737917558,-0.33198056178036695,0.09615243661055145,0.14473587122890105
0.09972383356655348,-0.09258172684938397,0.2243910891210849,0.5139513407031072,0.5132152091635953,0.389568087310388,0.3986670909786537,0.5430047610730029,0.3472691013943476,0.4059254343559844,0.5187032786628651,0.39507879387977374,0.5422978196054249,0.38371068410811376,0.39305595187389347,0.40628263898403744,0.43469124916694374,0.584658270244973,-0.10690062690310449,0.6751934920314452,0.2904522046272681,0.7939914185614353,2.152803637357802,0.754198601279521,1.02277080323377,0.33223835843387817,0.4110582166052937,0.2798728573102152,0.8638334858971636,0.4654420526571207,-0.30887656559958593,0.31320230393357035,0.6258754566409959,0.6538292665113751,0.39878583613366003,0.3821910121181234,0.760017707248852,0.04308900062444692,0.512365024961424,-0.21875120052316102,0.5202421703400231,0.3953849231780021,0.22835489532233705,-0.05122823999460719,-0.5304213064969248,0.3826514210806186,0.537532311229078,-0.13910683413517153,1.1126795061689398,-0.050166676719504935,-0.7105728481773433,-0.4077579916674875,0.6836499332778552,-0.07143294121244262,-0.08225726754650822,-0.06190805943098592,-0.38264723055304034,0.18758932729005134,0.21482520332570237
0.03753080405434147,-0.09463828825410334,0.12456107953917321,0.3288597689652409,0.28072536495775113,0.3473956282626966,0.27805066024317654,0.34726870617185157,0.18048658209448246,0.2423026257796299,0.3489925858960168,0.28058745498316984,0.3887835408055603,0.30583123457819716,0.2178157847935028,0.27840289453451184,0.35250262193824816,0.2322704911547042,0.11122112043979851,0.37191671759451006,0.37572249269695185,0.599895032793047,0.754198601279521,0.9297964508312361,0.5586268680853069,0.4520683324437309,0.2809739243145006,0.600058729901987,0.26864738616298095,0.5828450183152714,0.241053600124386,0.3627752151691911,1.012265670460877,0.2187876515379489,0.40579932637474947,0.2146102044662243,0.8744094616434035,0.4555930492135204,0.2382098899114374,-0.1653468234302428,0.5272909399669841,0.40629792534197645,0.4091560191722581,0.016239657522716083,-0.2207102407044252,0.09929304790196694,0.43317245042460906,0.13553156382193046,1.3579407637861673,0.37809812342127214,-0.8660335838957838,-0.12732874364103106,0.2805967161093086,-0.08129449240773469,-0.09380765840425757,-0.08585413886637437,-0.17423797829088916,0.08125061232693084,0.21369944510524452
0.1371630524527269,0.022333598185828054,0.16766167898981302,0.36362280388969115,0.35932945381472803,0.3327000776897102,0.29888416850866284,0.4886653313737223,0.21916227824946455,0.3287129713303351,0.4293209977484669,0.39493633035149533,0.40334643011089194,0.35553867468624784,0.37210395181467526,0.40070042619674473,0.35277593818973785,0.3144419698506958,-0.05032248279248793,0.5778168024092161,0.22254827193617027,0.5137263012635268,1.02277080323377,0.5586268680853069,1.6100322866415202,0.2941465281135754,0.4520635415177138,0.2725639906361242,0.7117230608804851,0.61116438871867,-0.254521384844167,0.2787072352357559,0.34395318660784147,0.6302848392977058,0.5602551459301972,0.2552974090206629,0.8344874055377088,0.31396202810521123,0.571638732045762,-0.1673631999331338,0.4084281105660187,0.3772631608563178,0.37347067452835414,0.06520873324468696,-0.005397096944027552,0.18257437813816974,0.5331104674461046,-0.02022075969079886,0.8386012413019582,-0.10310039918241176,-0.8217206943676965,-0.10787192022630541,0.5429995868885491,-0.015506448135811562,-0.1807784827643099,0.07359926103683832,-0.24051204821906644,0.2736915355605526,-0.12049450446788589
0.1334026498154182,-0.1923273844589348,-0.060952100742898536,0.33811391748689595,0.37819547098016504,0.3574565815858499,0.2899864570422388,0.3802712752065014,0.21553108296124887,0.24604197376389358,0.302419170670998,0.3263003579972132,0.277397582805065,0.37504908978706236,0.21813138729081333,0.2818928341861138,0.29050366351656576,0.325774862230669,0.1283283125465441,0.2578180919809327,0.4373270398177423,0.4112662697794761,0.33223835843387817,0.4520683324437309,0.2941465281135754,2.2026420882892355,0.35684338621361156,0.29733174789001565,-0.1798460895881212,0.0006687451341539533,0.3503694289544165,0.5584837301310173,0.35804454887312587,0.23976733860724975,0.3011282662177992,0.01964798194455558,0.0989044285648126,0.7161072392362465,-0.7505885049381431,0.2661435222966614,0.7510946588741526,0.5662331333669187,0.8255517849057048,0.01187560011187562,-0.16244496550036705,-0.2713443267780336,0.20138835913733358,0.38113822633385736,1.4769433074025988,0.43319957900432243,-1.0859263510146566,-0.25515365756847486,-0.02906580266788399,0.01221430105934781,-0.2092721418536921,0.07537914079269138,-0.2225720297393293,0.3268928004359468,0.03420944788334115
0.14473922277220017,0.125289247869376,0.08018339510505886,0.2741090498542718,0.2897637693827312,0.3181802063873294,0.23548922043894602,0.35205665031885935,0.14803539702615665,0.3269397497110486,0.34531240617358866,0.3219166237525302,0.378166979213577,0.2924222306968578,0.19009568779690147,0.2965391001095538,0.29172243748142757,0.21038641354838777,0.0660261367057007,0.5662792592369491,0.20958091797818248,0.4907075279349447,0.4110582166052937,0.2809739243145006,0.4520635415177138,0.35684338621361156,0.8500678958250124,0.19424856386776818,0.40914538973144204,0.32580658778354227,0.10601311192088039,0.3147919202617264,0.11685755615635689,0.39659331257380387,0.34218997763894565,0.2649742616490015,0.4128489224161623,0.3476609061276165,0.2701029960021557,0.1368899799351612,0.1783791114677215,0.31348343785992194,0.6460113215547467,0.013639940512421064,0.2507341560204275,0.04658140747621493,0.28491377599523615,-0.06387056956818397,0.6463304687383342,-0.035758143389046794,-0.28616490895892976,-0.09608671078502302,0.15946438931229942,0.05044149261999595,-0.08746888041472861,0.01921356890092575,-0.10155235087379481,0.09914732772979673,0.04083863255533881
0.021798821323082494,0.004641913956187629,0.12055359940218961,0.13011307462798818,-0.01923815960626214,0.17421981431461295,0.1595308199854776,0.3590878755233142,0.020169332891663595,0.1089184742339358,0.24291026061964474,0.22507646550250834,0.2349084417949976,0.16103276723002974,0.2213315559592046,0.2516464357782921,0.29777519427354854,0.23278810476146755,0.29851405748716725,0.03301869962878836,0.30431960402611274,0.3292545638137711,0.2798728573102152,0.600058729901987,0.2725639906361242,0.29733174789001565,0.19424856386776818,1.8719995395957838,-0.050488240924280794,0.41292313162050465,0.552417679163083,0.21678589890474767,1.189869298984785,0.07602507088734137,1.2281325562830252,-0.09832014145620499,1.133843874000865,0.24807448979933405,0.28567357412081973,-0.2995321828609867,0.3131044951606406,0.35851393957257366,0.3383318257204583,-0.009626141997559295,-0.02548207826595109,-0.1913829811473673,0.3620414493507895,0.3355951685520527,1.4642468843252305,0.8226571819897011,-0.7525356459361576,0.836755843245374,-1.01529796326549,-0.02613001306166807,0.0038191260344198888,0.02993213352511929,-0.19492858428693066,0.1762974369029896,0.02051479195132873
0.06776625233713952,0.29904179277534343,0.14329298589319953,0.4810438143371532,0.40351179115278074,0.6938734169015619,0.294307342739552,0.6022078940748701,0.10203832128024924,0.6346595893143931,0.5974210495767299,0.3371678203989979,0.7174898754919434,0.48809296436984334,0.33917331835808945,0.376711485045496,0.5071773822067601,0.4814630711705343,0.13647585405572057,1.2810905686398915,0.16081061466341415,0.8161765307813604,0.8638334858971636,0.26864738616298095,0.7117230608804851,-0.1798460895881212,0.40914538973144204,-0.050488240924280794,3.506944414602639,0.6248934687797452,0.0008079346865747879,0.31193453860098,-0.5570375519011189,1.2680122123440427,0.5563422063980429,0.4751434007435428,0.1063992019165419,0.046566958972393144,1.1308725909076327,-0.035839472261706196,-0.13245602202373719,0.2825882407758688,-0.09306152994747093,-0.06366124902864646,0.10752631883244206,0.4095842236828903,0.6285229969541798,-0.5018502315029023,0.9535470433958336,0.5599168356212947,-0.7090722718601771,-0.468165494595595,0.17526036028889547,0.09074709448997112,-0.5257183562306232,-0.1234578338667118,-0.3440216340546343,0.4316670175484014,-0.03982545671514772
0.056875641412739875,-0.11031346888742818,-0.4169662167226211,0.20373534059684037,0.02354508792771957,0.237419475113612,0.1350809997220505,0.4274266754725781,0.003385990676844042,0.27733902362376034,0.334430750796627,0.1839008206096639,0.3379680202919657,0.3105297171749091,0.1703804745964945,0.2869747905734446,0.2550806939263696,0.17110864007716622,0.1564537626871919,0.4927833706009235,0.2542140443092917,0.52220828147114,0.4654420526571207,0.5828450183152714,0.61116438871867,0.0006687451341539533,0.32580658778354227,0.41292313162050465,0.6248934687797452,2.232847682790131,0.30329792241710113,0.17389901478449493,0.283375624657781,0.26470794489491345,0.909260462559749,0.3276089898196223,1.0270396962006128,0.6508385943971168,0.6370332688534355,-0.03770642694375661,0.8332898772350869,0.38438053205700506,0.7670232978652114,0.15079470342262424,0.3941491456005589,0.17694781573319399,0.992408035301554,0.0857252465798219,1.498508908904171,0.5147894351818898,-0.8945413840996168,-0.39533772255040583,0.5240573267509049,0.001859254035509862,-0.30534782620199974,-0.1414465833960597,-0.24400372089153252,0.5110018051017242,-0.10502508887856903
0.09648348103897242,0.1555066278709987,0.10104585700040825,0.12962476012733865,0.12290622896546853,0.25990157687319687,0.16692539165935236,0.2100872893106535,0.04824352166740544,0.1703566522521015,0.20021678623469968,0.14289104812054337,0.18922946335353172,0.18913630820942762,0.1495643377855664,0.14438116127290318,0.28653091061418534,0.36845452920902905,0.2920432507906349,-0.05842657608149526,0.3980695589201237,0.25270246419846776,-0.30887656559958593,0.241053600124386,-0.254521384844167,0.3503694289544165,0.10601311192088039,0.552417679163083,0.0008079346865747879,0.30329792241710113,1.5146731311474109,0.2758007224764459,0.4840325917377735,0.16718785333453554,0.3846552421605341,0.16598628872012366,0.6012146920623884,0.6437779269958973,0.2397825089193989,0.027369005996388085,0.1844884930898842,0.2746772647116491,0.36344977416749125,0.08694311065426316,0.44878102710764645,-0.04452770838891837,0.3337861750163974,0.12294667663168822,0.6783859514455403,0.596665533911138,-0.15501654777375962,0.11247027394619567,-0.4254585419877746,-0.02000645639167721,-0.10377314848180577,0.15216703201648535,0.036729744065286084,0.0711921752591863,-0.30267941290363637
0.13975273532619267,0.11063843512559571,0.08544597078092324,0.2802999910655767,0.3775064970750024,0.3473806438514402,0.2533327291422986,0.28923800909582126,0.1527565494048138,0.28260358121347773,0.3078147793658951,0.30133089258136564,0.3597228504645088,0.33780513290121567,0.15917969905933357,0.278416841879355,0.28264178795274136,0.2492304304616817,0.10001935410650063,0.2836006064879398,0.3013636768949011,0.5875822242287909,0.31320230393357035,0.3627752151691911,0.2787072352357559,0.5584837301310173,0.3147919202617264,0.21678589890474767,0.31193453860098,0.17389901478449493,0.2758007224764459,0.6076455437880344,0.2116059433476533,0.29134018699362124,0.161884933818089,0.2504648418069505,0.20605316642977248,0.49556196121052615,0.10843135238238068,0.14530109602843003,0.28063013696196365,0.31613956542368843,0.4294324985954327,0.03307618137399183,0.1270025253205606,0.09362447689084245,0.25428275162119857,-0.062130627099672174,0.6754225206178229,0.057250553676925275,-0.22230919481936637,-0.007268641503034171,-0.1059040595121677,0.017289127438154906,-0.20986282396474307,-0.009737809001793711,0.12072721123825862,0.05165830906444259,-0.10122627652471042
0.09866959040741394,-0.23049371647643807,0.26466028650336487,0.24203285985985282,0.15776857084895418,0.18540468000508672,0.2511673306514604,0.1321720006954512,0.1891387565425135,-0.017461485956764736,0.21775759380431084,0.1768541939974955,0.2732503558782631,0.15050520110082782,0.1722329088781413,0.1404078575168855,0.35126137190518575,0.15357291031468032,0.16629407433576604,-0.2376940138364117,0.5282779054340248,0.5486753183995297,0.6258754566409959,1.012265670460877,0.34395318660784147,0.35804454887312587,0.11685755615635689,1.189869298984785,-0.5570375519011189,0.283375624657781,0.4840325917377735,0.2116059433476533,2.6459092664388577,-0.4264393961494025,-0.016730825709148914,-0.08628773695935676,1.442154740021995,0.52706116964155,-0.05721184535075155,-0.4560415223084411,0.5303907575209407,0.39450539196055956,0.4100468509278334,-0.025505266506074244,-0.6434415878102175,-0.06700673088292908,0.29584853433463004,0.4826804580868262,1.807531288765629,0.7662537994724388,-1.2704557227438227,-0.020941660332448726,0.19815262603395747,-0.2257607198953611,0.2208923789643597,-0.039493948428978985,-0.28460130541700146,-0.13407701419848617,0.4462468420921228
-0.10730342039288675,0.2011689112277617,0.2916817574238422,0.40960093861295976,0.43008013815676643,0.4835620272574313,0.29833714218763274,0.5878894548429382,0.1769141026901613,0.47358173702649675,0.4610743863202975,0.3679312401602518,0.47499925175294083,0.3740230697679932,0.30687466451258116,0.3748188856140662,0.39390473096683576,0.445475672893912,0.09921945873939496,0.8270407608128351,0.17007519983644367,0.5488887138385334,0.6538292665113751,0.2187876515379489,0.6302848392977058,0.23976733860724975,0.39659331257380387,0.07602507088734137,1.2680122123440427,0.26470794489491345,0.16718785333453554,0.29134018699362124,-0.4264393961494025,1.6170432689324863,0.6800748950349421,0.4288076414726529,0.4474159482690298,0.04932394091025249,0.800407494145859,-0.14449253906972107,0.016930816819514475,0.35233962902068156,0.3131704892595994,0.08194443743724342,-0.18792747167877927,0.37341172529013983,0.4979774002208797,-0.2905822647577207,0.5986947328535974,-0.23554617604110856,-0.14140492979734545,-0.18139329070281823,0.2558280331999091,-0.021311679898242456,-0.33243018785242884,0.021214041730263113,-0.26365411169855857,0.3801718270943954,-0.07683691942007134
