2.219776858740022,1.3377303784861045,1.2057364705762792,0.1666552562473475,0.49595932466436166,0.4535209907262341,0.5611092579394067,0.423266413353274,0.4506047025614824,0.45923670597494665,0.45619321343248254,0.4833876007364919,0.4873625526352861,0.5298108039315312,0.5075684044428019,0.3827593536492876,0.37629467938744027,0.5191311967548047,0.44576922841179567,0.40469305478998685,0.383048894558875,0.4060049743386014,0.14132714405560623,0.2615332645989125,0.4971000192514864,0.45185004042660415,0.38828472020500665,0.3293712232071138,0.532416933610422,0.08412093879119321,0.6075505307291311,0.5756891300412313,0.20394280903946463,-0.14130475026776762,0.29992175176238517,0.5727821887481833,0.3137064829486916,0.2959995260676262,0.33845892059968385,0.22320000573714147,0.4736061844990004,0.3642908859834801,0.2426117616089389,0.051864728048575275,0.4162440722796999,0.5395401785893291,0.3875034357733267,-0.0807559994982248,-0.20061855231324616,0.09162603899672961,-0.010165891627222255,0.012289976745979644,-0.12209570273006266,0.015492213019502245,0.28995116171414426,-0.11687148569236173,0.4701760054690083,-0.03950261501642536,-0.5116896946559725
1.3377303784861045,7.3339265231992625,1.3826483118175639,0.401230304115413,0.6879856969864694,0.10015538875224175,0.815860927724991,0.5187237125939698,0.7467669670343557,0.8721339647923928,0.6299985581793804,0.6723866215492066,0.9490536711531271,0.7123823707756154,1.5274736367078914,0.38583697078560747,0.6712920015668489,0.4372487493200635,0.7139553340806355,0.9855419725066873,0.6760408981640799,0.4944275488534737,-0.696714660646689,0.3190943001829583,0.20554809760356552,0.6815930668142401,0.625606586397783,0.7814024454259016,0.6361178840208708,0.49902688778627946,0.9788659494147655,0.6681235328825503,0.6417773778769426,0.35234265773498175,0.7470588599503131,0.777386976509866,0.9797073875064153,0.5379319097676253,0.5427090148209068,0.3182100830292528,0.978734432353304,0.6448856981174935,0.41609461816027954,0.07021440203376182,0.5427414968305178,0.625502079365758,0.581486248803353,0.0008335405161010187,0.2540735539311816,0.36536844373822586,-0.28715156206474557,-0.016694809175338443,-0.09040167790981414,-0.09776975400779687,-0.25838187936292956,-0.0008249655411613429,-0.01611057001624987,0.08163870072519006,0.0790822446899351
1.2057364705762792,1.3826483118175639,2.895104204227247,0.6615574171250077,0.18724480414459738,0.7336542924982302,0.6306192157691555,0.7751755896283914,0.8411790317287525,0.8059607194646474,0.7044921441643215,0.7013914299137828,0.7170848073568354,0.636770568037456,0.6346577902577063,0.555147444030144,0.6507004351523402,0.7742423985493768,0.818995252372082,0.5352609860656999,0.5844310395798888,0.6808147509218462,0.37758268299382697,0.5253126447371502,0.799595858704964,0.6745014446678125,0.5531809028548349,0.3849148412489192,0.8686933649630073,-0.23529662235167548,0.6693422885883276,0.7406660530266137,0.3308824439187648,0.4755730669753019,0.376270923386911,1.0138357639032871,0.5891099269619978,0.3768833168566464,0.5427995391050876,0.1777575156658022,0.6013109370443535,0.582771618524502,0.3012205481931538,0.10122913618187876,0.5741403133956524,0.9505263797570598,0.42914863941288833,-0.22350498526256574,-0.6867444770197271,0.123819637795373,0.1762312932478244,0.14178341721888094,-0.13842758144644488,-0.2778800702795698,-0.09211688325759756,-0.16824921727570946,0.3039358932126802,-0.19729248582656586,-0.17424751895132867
0.1666552562473475,0.401230304115413,0.6615574171250077,2.1587605764027535,0.46978937753062594,0.4713090597009096,0.4993500715841645,0.4973779433632422,0.34715715650756157,0.3047230147160906,0.48513299358442313,0.5616681342921033,0.4529999102071464,0.49936206950357603,0.3558650286037181,0.4704059476733103,0.41082094790735546,0.6999722962348344,0.21505979006949513,0.48744225708010314,0.3776591886015057,0.4105507480927556,0.4637242377614532,0.4084183646510482,0.5251141040057841,0.45750381806675633,0.41072186360623314,0.09284950443524935,0.46485854573610835,0.0433590225957501,0.5138168896634877,0.4991110940710964,0.28983783335617347,0.5641917149044445,-0.13583422140863594,0.595627818514328,0.4012472317152781,0.3117365845185039,0.409707487737388,0.1652482806559159,0.3260197119028725,0.38394509293745543,0.25283910262457837,0.13227623278168577,0.18879447119354426,0.40249890628496005,0.4482391286487487,-0.11930304086811123,0.024656179418403475,0.06243607571511081,0.03524435758803979,0.3682793421088951,-0.19528939436589826,-0.36177320932041024,-0.24963755232634655,-0.08341814697861803,0.06672308893294063,0.05127412338132725,-0.12312434554982377
0.49595932466436166,0.6879856969864694,0.18724480414459738,0.46978937753062594,1.3543218947552702,0.21064671278640848,0.4116972704839795,0.46648551217520884,0.27677781414472064,0.20272524652646867,0.3137935521503508,0.33213808988114113,0.37000644393344445,0.32467166389950414,0.2479632800582535,0.3591453123701453,0.2736083582598677,0.4152736535304957,0.15595309783526531,0.36831008143161015,0.26864706625357465,0.3223360431214547,0.2422473674506391,0.21653533523944132,0.09137208743779172,0.35497744792488234,0.28471163655016607,0.09539520299397374,0.2636391427879562,0.1709083521759904,0.38232078409617065,0.3429614057266631,0.16402613158868595,0.30321179149597954,-0.0817604200362424,0.37318291960115035,0.3584412347682323,0.20705143939209483,0.26486496816276267,0.15058594502394973,0.31863536618262656,0.27848732260532155,0.22232039734627407,0.05514919625218852,0.03952742119992808,0.25361061071490487,0.34380902147308073,-0.015557036383928791,0.1390939689436187,0.11490763219962279,-0.1902419664419519,0.0019005652901860966,-0.0822033924128866,0.10815573233131658,-0.1199181055964762,-0.07810560004715349,-0.032561991159066245,0.1153987871736747,-0.03715935136487043
0.4535209907262341,0.10015538875224175,0.7336542924982302,0.4713090597009096,0.21064671278640848,1.2119007327409457,0.36404723180623005,0.5763968350102607,0.3929570103711243,0.23882346863670634,0.441495124239137,0.4334111054464126,0.488116213960738,0.5025971207140426,0.35728875393194576,0.36040906745599416,0.43243547421321554,0.5027662712456465,0.3700599501945357,0.4876596620596315,0.3432231207810455,0.3914287022008108,0.24130708856985683,0.4316591081432779,0.7577545120713958,0.5084387262055896,0.38505018544177116,0.13387042862016482,0.7839183792135546,0.03062750664828949,0.5772881925796745,0.5434331663538042,-0.058889557335181406,0.39537049476520963,0.28738925675662647,0.4338717699369302,0.19066953193216002,0.32201837973546016,0.37640594942350847,0.2169906801292519,0.17515034073019228,0.3576296562510358,0.321085440096719,0.07970621229076798,0.30333521536577013,0.39691550850594914,0.3439528146293441,-0.0885068335759163,0.10564466720185577,0.04125802628889983,-0.19705750547838125,0.08414070562396449,-0.024546837591609753,-0.07417047955071274,0.0330956593862298,-0.0775760172446855,0.2904394882263077,-0.03774868148512004,-0.32265442490568536
0.5611092579394067,0.815860927724991,0.6306192157691555,0.4993500715841645,0.4116972704839795,0.36404723180623005,0.7780366015529039,0.272197446988796,0.4930394850385753,0.29885195612401994,0.4473529356412356,0.5289418829321328,0.4123515138307977,0.3722243652126703,0.20598573304029805,0.43679820952678483,0.40036506498020347,0.4845114167406012,0.3509971430446531,0.3936811581699773,0.343161518704179,0.45910730703089736,0.2951972589174852,0.33178392799545836,0.38186467447528577,0.37279644526723255,0.36063642688646,0.14851776734246272,0.40785101956935027,0.07883431622731353,0.4432607295361234,0.41426130975157605,0.16842273943421035,0.3802901704434122,0.16473093772425998,0.5275416721910311,0.3402133776618298,0.26023544322439307,0.41802414552882317,0.18657697401100368,0.3521038689281076,0.3358178780879921,0.24227810982421533,0.0669384647771388,0.18414290606752667,0.3784620676177695,0.3404058094490072,-0.08789680992751163,0.22967155976128287,-0.032825348934735495,-0.10222862476797348,0.09107813416917442,-0.005963386571128161,-0.13517599512979753,-0.11563411484098281,0.041161162126341556,0.0805841962153111,0.03053302957077147,-0.3419777632810958
0.423266413353274,0.5187237125939698,0.7751755896283914,0.4973779433632422,0.46648551217520884,0.5763968350102607,0.272197446988796,1.1059356934408093,0.3025477842710441,0.28617347537758187,0.398568740864678,0.2993045697549416,0.4806678585776768,0.4732461752574955,0.3714970347884124,0.3379132458840374,0.35985510327658266,0.5078245702051245,0.32336984606349034,0.44941188018807615,0.33907470991428634,0.33494726746750036,0.21910491349044503,0.3160575843749538,0.47128609412340544,0.49244761989322083,0.3553178380809543,0.16651773482760673,0.4752301203750246,0.024370255817567608,0.4644989143064892,0.5029566198848582,0.14171646530687954,0.38201516077160486,0.25366604929842673,0.4444783712458871,0.30592797493166013,0.29105652850428787,0.3888745020023632,0.22382861971493223,0.3070477331683684,0.355758589965629,0.27817921436827653,0.06817547118207765,0.2781351315604816,0.40940021669220505,0.3478991529430199,-0.058226847777744284,0.06144587848401044,0.11891108964043712,-0.07932803041514794,0.09355187865919934,0.014627198524904106,-0.13287168366384636,0.009473628112167893,-0.17564129723588917,0.3008690170981065,-0.02772319757005844,-0.11031173088539845
0.4506047025614824,0.7467669670343557,0.8411790317287525,0.34715715650756157,0.27677781414472064,0.3929570103711243,0.4930394850385753,0.3025477842710441,0.8925226233902815,0.31718576232366785,0.36449674403822724,0.38208287979110966,0.42150519068926545,0.37561309791592656,0.1351621050090959,0.3949703161135011,0.41920100257018234,0.44557029869216574,0.4677905303530107,0.3079664488333915,0.3690372137872238,0.6069005414249807,0.29431437313912095,0.3664741201299989,0.2241845863806054,0.4152588381621042,0.3209682069702625,0.2117424837268539,0.44080556931878306,0.05579243206426587,0.4303580234421038,0.43106398411502517,0.2264334754556929,0.3149098247010356,0.18589247647382467,0.549455621284113,0.3990455972275905,0.2347792112675186,0.41823294644864367,0.173902918063142,0.355102319723204,0.3428738171181958,0.18863885626057936,0.06872676484151716,0.206696178049524,0.40997052515490673,0.3272832848015262,-0.11693959684225123,0.19239393796983037,0.07481589344779994,-0.021190118513241724,0.06838515953895385,-0.044549729486110065,-0.11614650152553836,-0.05223885998541571,0.028928851060033324,0.11651095298321362,-0.15246159809155727,-0.17250990163598118
0.45923670597494665,0.8721339647923928,0.8059607194646474,0.3047230147160906,0.20272524652646867,0.23882346863670634,0.29885195612401994,0.28617347537758187,0.31718576232366785,0.8564925218690277,0.21336497195770426,0.26045357952039694,0.2736007521513645,0.2799409628930402,0.4109112165981728,0.2636662255169737,0.29268832125526784,0.33550693788148866,0.32315168408786393,0.19549606502261324,0.22488935164749246,0.28144537057782176,0.2567568349507422,0.2833261403107094,0.32639146709884487,0.2441685518472284,0.21807227676896984,0.17868100271574017,0.3936836821746207,0.14774371918819657,0.2468183687431907,0.2901991594524255,0.16761943287151815,0.27882535151537136,0.17743392711589398,0.4491369854763567,0.3751030606986199,0.14119242838687288,0.2500521820313913,0.10514616342639484,0.3327982775679731,0.24144433189238682,0.16411455815054246,0.06048445385422809,0.19374782337505578,0.37056359236024017,0.3195257368791405,-0.06348365444507523,-0.1657602416394147,0.0661503664503737,0.03894154458556202,-0.048749684288908114,-0.006981940689920487,-0.03416207017334221,0.03060322626379211,-0.03939308637024424,0.12355229256470358,-0.1690662792227272,0.035528900082531165
0.45619321343248254,0.6299985581793804,0.7044921441643215,0.48513299358442313,0.3137935521503508,0.441495124239137,0.4473529356412356,0.398568740864678,0.36449674403822724,0.21336497195770426,0.685825499260201,0.5038109353995209,0.4171477979945498,0.37195713912132106,0.3221015334720389,0.35705642217144967,0.38507233123407136,0.49204836864799245,0.2208720234330385,0.4948243649501701,0.3273276069671702,0.3574060306046102,0.22445501776673296,0.305179526221034,0.28430287534865895,0.40061919151404196,0.3554814202050701,0.16053657674226604,0.4270196920876957,0.014805961332978627,0.48958994041396614,0.4092944700737454,0.1014543808130036,0.331266811648895,0.2850635045726923,0.47254045215278573,0.2816656845890938,0.2796502216746275,0.3924947136526301,0.2399278715989601,0.3488051495062939,0.33928853745535364,0.23669431276255334,0.05465646059177888,0.27010737266317464,0.3723746937101154,0.3199393668892143,-0.057834780653752214,0.1199674745497214,-0.012516057687553612,-0.004074178487220357,0.03664097387288431,0.07037398488780804,-0.10344417338304217,-0.13743476508623167,-0.020108005029210504,0.12058368484325514,0.05631063428396201,-0.29327280564566893
0.4833876007364919,0.6723866215492066,0.7013914299137828,0.5616681342921033,0.33213808988114113,0.4334111054464126,0.5289418829321328,0.2993045697549416,0.38208287979110966,0.26045357952039694,0.5038109353995209,0.7672880204409446,0.4484500202885592,0.4107130597034825,0.29136570834700054,0.4081897066942812,0.4209211639729932,0.5272277435738979,0.3081591560517694,0.42920633139037967,0.33876126654075794,0.39360468801597015,0.26762936926206227,0.298004887631753,0.44727467865606807,0.404659236506715,0.41109351284644285,0.14217275715984368,0.3981978627138574,-0.021268230164793782,0.44483293315090816,0.4584735750037178,0.12529889743247213,0.37642947472637467,0.19137045706092554,0.5760561839776773,0.23588092755255433,0.26288837672085213,0.38608504113051634,0.22427154283288053,0.3338842441438991,0.34136057413999876,0.2246087193404411,0.05965906863797624,0.22679429190828282,0.3970214139543247,0.3158267450166303,-0.09892002275187596,-0.004674109617366642,-0.2214416097058397,0.06874395338009495,0.10910869807991123,-0.002516927850305092,-0.14474122711456694,-0.22433557948521154,0.006761187035403234,0.07165654071852359,0.06870758653363644,-0.30543777009617806
0.4873625526352861,0.9490536711531271,0.7170848073568354,0.4529999102071464,0.37000644393344445,0.488116213960738,0.4123515138307977,0.4806678585776768,0.42150519068926545,0.2736007521513645,0.4171477979945498,0.4484500202885592,0.8549231761054938,0.44209964759176934,0.33259157791800165,0.4806275426595076,0.47592806933365056,0.4444391898834543,0.5109959946418923,0.46166522546781286,0.35518247452746954,0.485041888329478,0.13483113910532418,0.3456270684857169,0.5038586831942031,0.3663850183796373,0.44666788525140827,0.2584378774233502,0.6618485221717605,0.19067804063074084,0.4668816072544913,0.5119597120403492,0.18638519115008273,0.37398136996516623,0.42144020179306757,0.543849243153176,0.4317859448286838,0.29863763834177554,0.4598809753325385,0.2425933086425785,0.45886941054429503,0.3885982102355722,0.3365696137892066,0.07222833502142188,0.252898117368645,0.48709758239349304,0.3904126604594366,-0.08392169378590335,0.18025271389775332,0.0968773615128165,-0.13306090517589567,-0.03598168530323139,0.08253921039929592,-0.12548977312691173,-0.09246774879501543,-0.1035495933816596,0.10914023483900755,0.02523772272493907,-0.179939266137034
0.5298108039315312,0.7123823707756154,0.636770568037456,0.49936206950357603,0.32467166389950414,0.5025971207140426,0.3722243652126703,0.4732461752574955,0.37561309791592656,0.2799409628930402,0.37195713912132106,0.4107130597034825,0.44209964759176934,0.7561703354162603,0.4212740487529241,0.3782949899648863,0.38107312405243227,0.42951947111212474,0.3556016028000382,0.4584118636457735,0.3628764827172751,0.37790796113483865,0.2071623396195143,0.35987431616999915,0.47828933502280746,0.44758284317504443,0.37674035741009837,0.22941199200972287,0.4943545926742307,0.17067974386813364,0.5074538425947014,0.5838390375634014,0.18931913375093307,0.2678774353575768,0.2913066468138028,0.552991427035367,0.3409067849185679,0.29595436362201244,0.3373871992007667,0.24740466552372398,0.4006795777026847,0.3805806379431443,0.265135321212892,0.0721447823904065,0.3000218451879912,0.4036806528193597,0.3857087981246614,-0.07464589385562323,0.012679476528654204,0.08460065022204621,-0.052786511745080235,-0.026638984517587675,0.05698715857376535,-0.10448508204004943,0.02987344833855887,-0.09912765958272823,0.28848772236014647,-0.07986017358596717,-0.0840119094630028
0.5075684044428019,1.5274736367078914,0.6346577902577063,0.3558650286037181,0.2479632800582535,0.35728875393194576,0.20598573304029805,0.3714970347884124,0.1351621050090959,0.4109112165981728,0.3221015334720389,0.29136570834700054,0.33259157791800165,0.4212740487529241,1.2107857469825323,0.12401337140961396,0.2794446747664032,0.2893690421539899,0.2170977265651719,0.4645642229246711,0.3095359086957879,0.10418230124277546,0.17295089047634582,0.29928964658569085,0.41057339688446076,0.3436621477937841,0.2664755135744352,0.2740885628272993,0.4977859400896045,0.2876576575274889,0.36800835426198586,0.3290816301856434,0.2328859834542073,0.2494979377941951,0.23959198527945857,0.42280429708096134,0.43755541614840576,0.2401308701572644,0.23406873879927892,0.16251992240691104,0.3734829250936715,0.3089793257898067,0.29492158883219105,0.05077230909583804,0.32716234887645573,0.36115716708157,0.3473582498472207,-0.0035536390361127186,-0.07943335237717583,0.16129361263292025,-0.031214200539760005,0.07056887359262037,-0.04671942490257276,-0.08103103159493051,0.10419417786605216,-0.008821459725486262,0.0898376030640741,-0.015054300221419363,-0.04036597618174497
0.3827593536492876,0.38583697078560747,0.555147444030144,0.4704059476733103,0.3591453123701453,0.36040906745599416,0.43679820952678483,0.3379132458840374,0.3949703161135011,0.2636662255169737,0.35705642217144967,0.4081897066942812,0.4806275426595076,0.3782949899648863,0.12401337140961396,0.9664984857820366,0.39993408049697465,0.5038817117560166,0.4883926350034,0.2946834692637357,0.34097413116501724,0.637691747588181,0.31689692841362416,0.3145003741929728,0.29646881508159745,0.24086771931517806,0.42913256882507833,0.2568746189913884,0.5114704931402974,0.16814615251258463,0.35713328768440844,0.46478543432387565,0.15551076883976753,0.36777915255213617,0.4644069607091437,0.5416555396252457,0.4191693260395001,0.21814219239484436,0.468319666093313,0.25447881672562445,0.4512888488173233,0.4004049558795389,0.4095602568857293,0.1013967045362633,0.16476123838404452,0.39163067957459813,0.4009355202351454,-0.10786860505242446,0.3030999454699528,-0.12075439312839964,-0.15675551958483327,-0.06204149467475817,0.0647801607621967,-0.1233870268863719,-0.028231574663295754,-0.02235475582316971,0.008974549291881769,0.05939651403746501,-0.1627673294070081
0.37629467938744027,0.6712920015668489,0.6507004351523402,0.41082094790735546,0.2736083582598677,0.43243547421321554,0.40036506498020347,0.35985510327658266,0.41920100257018234,0.29268832125526784,0.38507233123407136,0.4209211639729932,0.47592806933365056,0.38107312405243227,0.2794446747664032,0.39993408049697465,0.8790339912628183,0.38429896646216627,0.4160057708416222,0.46748682415923887,0.36804697582478607,0.4191831243688866,0.1693150807718657,0.29342089980771946,0.5289394083160758,0.32905028922916557,0.3702208308336394,0.37045399270028484,0.495789975371817,0.10430114160101658,0.42878985362672006,0.3914438114251558,0.2328864804875691,0.3368391298358731,0.37083963617789656,0.5559092171887885,0.46504127120986427,0.29754184637342684,0.5071430915887988,0.2488396478626422,0.41173120788278106,0.3937003288910899,0.3134146359874475,0.08175031857249976,0.33663784389387513,0.37094768577630144,0.3632515304116589,-0.07497146067065663,0.02994950139392363,0.4633064137773261,-0.14936652763706929,-0.0017073848456557012,-0.17859810686485494,-0.09474671802711988,-0.2464104606496873,-0.0446151458483381,-0.05769707237565968,0.11917051012968816,-0.22991577294421683
0.5191311967548047,0.4372487493200635,0.7742423985493768,0.6999722962348344,0.4152736535304957,0.5027662712456465,0.4845114167406012,0.5078245702051245,0.44557029869216574,0.33550693788148866,0.49204836864799245,0.5272277435738979,0.4444391898834543,0.42951947111212474,0.2893690421539899,0.5038817117560166,0.38429896646216627,1.4088837564604733,0.2973455719621461,0.3634625835016457,0.4402265804351673,0.473169455597943,0.4882395302287101,0.3994905418927405,0.6334109452799254,0.4723991126532413,0.3890709222059574,0.26318402912538735,0.43254122553933055,-0.24864904229661788,0.9539681622462808,0.5642052765049187,0.17635818848896964,0.36687614896943993,0.10705038280179147,0.7390177196626261,0.26464486240223395,0.24705531751814314,0.2988078586830178,0.27514502759132276,0.4897399135411308,0.41764640141080395,0.19293978152207525,0.07043288735295802,0.2541813662341502,0.5098442316457008,0.6149375022020234,-0.14496596280802598,-0.4943357213098397,0.13694252863318843,0.3642240970289642,0.10159189991767643,-0.45797349084668243,-0.13537505847926792,-0.06478937668651771,-0.09311534645871677,0.3912874066926914,-0.20815839706948286,-0.15244987226463785
0.44576922841179567,0.7139553340806355,0.818995252372082,0.21505979006949513,0.15595309783526531,0.3700599501945357,0.3509971430446531,0.32336984606349034,0.4677905303530107,0.32315168408786393,0.2208720234330385,0.3081591560517694,0.5109959946418923,0.3556016028000382,0.2170977265651719,0.4883926350034,0.4160057708416222,0.2973455719621461,1.4130715900257764,0.0910070159570334,0.38282218782193433,0.4884043627208479,-0.029085743717104887,0.3117704788781308,0.7749692550172224,0.2234740729948806,0.3252690705857411,0.4079987511169877,0.664877001392772,0.3640731894395923,0.45737622207801265,0.4217477189867095,0.38568559681846726,0.20618610466364978,0.3448661988857739,0.5058194479042352,0.569604561888378,0.18456129473901334,0.4498779358508651,0.08143308833712513,0.4188817615466003,0.3299995441752791,0.29136723276373955,0.06372488867369558,0.31673127793027905,0.4157508199595694,0.3923567417640208,-0.0871207159259276,0.09902245434958588,0.41684503626714486,-0.22380081054242085,0.02732985528691813,-0.1918061152455782,-0.16560649234637945,0.043463636167327256,-0.043388216272948726,0.1196513286459889,-0.09478052922010058,-0.04232293444091966
0.40469305478998685,0.9855419725066873,0.5352609860656999,0.48744225708010314,0.36831008143161015,0.4876596620596315,0.3936811581699773,0.44941188018807615,0.3079664488333915,0.19549606502261324,0.4948243649501701,0.42920633139037967,0.46166522546781286,0.4584118636457735,0.4645642229246711,0.2946834692637357,0.46748682415923887,0.3634625835016457,0.0910070159570334,1.3986243703344696,0.3043672188757998,0.29009401810150953,0.12666747288826163,0.33250416224721363,0.11934450454308491,0.3857651541062829,0.48483241265497445,0.1939932499426316,0.5992223372809858,0.6185491180181316,0.5796611667852861,0.42933956045536753,0.13577439511347966,0.5487832164143666,0.346504065115817,0.49235990817813546,0.7965479870148986,0.6746934863630233,0.58339276815571,0.34847947609319974,0.5989269497663194,0.46687486896690705,0.4545502747865036,0.07757290170761053,0.4371149038755528,0.46696141919857714,0.5691339512626363,0.02928850346297847,0.5052640256198182,-0.0013727312349338374,-0.34778566495975705,-0.024008533517502,0.24239130213425156,-0.1050724113380801,-0.05416195603495507,-0.05777355921977351,0.12237684601265084,0.04383548908965131,-0.20054349957426415
0.383048894558875,0.6760408981640799,0.5844310395798888,0.3776591886015057,0.26864706625357465,0.3432231207810455,0.343161518704179,0.33907470991428634,0.3690372137872238,0.22488935164749246,0.3273276069671702,0.33876126654075794,0.35518247452746954,0.3628764827172751,0.3095359086957879,0.34097413116501724,0.36804697582478607,0.4402265804351673,0.38282218782193433,0.3043672188757998,0.5814308975974749,0.3615758217997244,0.1826006140517359,0.27130638442917665,0.4299872832116624,0.38612564047517134,0.3007088079972404,0.3009738456600917,0.4955190899197897,0.14196078697648176,0.5199015521680225,0.4013556012324921,0.27614735634603965,0.21862327764289485,0.2739085130638918,0.5783826527026152,0.41061954286368724,0.22775381059381575,0.37123668610634997,0.2610266683770491,0.5002029215791007,0.4287849033103446,0.3155901387657509,0.07825853775977065,0.3753182197369405,0.35762150482483596,0.388864939728201,-0.05319957929479255,-0.04671928083062542,0.12589066116505454,0.016667842521047173,0.026977581809497244,-0.08132985399535304,-0.1118821237380314,-0.036281509253517925,-0.05606748329911387,0.024232352332590433,0.01541563473456421,-0.03994006132077112
0.4060049743386014,0.4944275488534737,0.6808147509218462,0.4105507480927556,0.3223360431214547,0.3914287022008108,0.45910730703089736,0.33494726746750036,0.6069005414249807,0.28144537057782176,0.3574060306046102,0.39360468801597015,0.485041888329478,0.37790796113483865,0.10418230124277546,0.637691747588181,0.4191831243688866,0.473169455597943,0.4884043627208479,0.29009401810150953,0.3615758217997244,0.7601756557500614,0.33464837377434736,0.3408108850799812,0.2192698561000731,0.3111048134159246,0.3763748771342474,0.21910132625804002,0.5102450993089728,0.14177053496431896,0.39671194238218743,0.46477188027212235,0.19148604229085187,0.3628411622841443,0.3035009151987112,0.5719664021723975,0.41059319867001365,0.23619082388696785,0.4752970372540674,0.20940133198446875,0.4122335708100118,0.369268029552897,0.291339111368082,0.08903131307677807,0.12768789474477532,0.42777630636855,0.37759026935079953,-0.13877929211965,0.351174473799594,0.027662290440081016,-0.14921209262284482,-0.037948976144226335,0.015586864428474224,-0.11099829019403874,-0.06131169272333743,-0.005930760892605902,0.06772663104365959,-0.039721711531674385,-0.18382822915703173
0.14132714405560623,-0.696714660646689,0.37758268299382697,0.4637242377614532,0.2422473674506391,0.24130708856985683,0.2951972589174852,0.21910491349044503,0.29431437313912095,0.2567568349507422,0.22445501776673296,0.26762936926206227,0.13483113910532418,0.2071623396195143,0.17295089047634582,0.31689692841362416,0.1693150807718657,0.4882395302287101,-0.029085743717104887,0.12666747288826163,0.1826006140517359,0.33464837377434736,1.4652842398026162,0.4321273114890879,0.36076966302089875,0.11363071198798431,0.15717482451534112,-0.17377993166450312,0.46351284253780306,0.11750538900514118,-0.21976040486767331,0.1981545330867857,0.08701109021089443,0.39640979846842245,-0.26225777530379535,0.5825193663592919,0.31465165261609046,0.08921185755589287,0.34514296678641265,0.19574387651860145,0.19574796288520524,0.19874625774199506,0.21599908771047707,0.09913684825683546,0.026358003996229118,0.4058082333378435,0.3573079290156359,-0.11431575659018098,-0.1086285932765218,-0.13189004707218974,0.22507312851502445,0.06177283630996229,0.11339783391105818,-0.13363539167510555,-0.05855833176935891,0.004814111364666376,0.026448965405851912,-0.05714290993493347,-0.0736587397465006
0.2615332645989125,0.3190943001829583,0.5253126447371502,0.4084183646510482,0.21653533523944132,0.4316591081432779,0.33178392799545836,0.3160575843749538,0.3664741201299989,0.2833261403107094,0.305179526221034,0.298004887631753,0.3456270684857169,0.35987431616999915,0.29928964658569085,0.3145003741929728,0.29342089980771946,0.3994905418927405,0.3117704788781308,0.33250416224721363,0.27130638442917665,0.3408108850799812,0.4321273114890879,1.0480250961849702,0.5888561453184067,0.19272068538000478,0.2499741015588406,0.131999644121474,0.49251507497508207,0.30527759890115214,0.5918515526777844,0.3919799174332493,0.1322292306410835,0.21467812983344792,0.162817500865501,0.5800248390091384,0.3134542090291699,0.235420490012026,0.34991998956208403,0.16047124630488355,0.3079350373002692,0.2894352709934876,0.10756499564868673,0.06344247850237321,0.24466641810559464,0.33473739345465875,0.39861277080110064,-0.10338345815260976,0.044347537507444156,-0.03760425861314691,-0.046042945112652195,0.11357295567419291,0.06206549726103874,-0.11252483848772339,0.15841518159322993,0.007133377066242549,0.4293228967680482,-0.4685250888770662,-0.025297539943099637
0.4971000192514864,0.20554809760356552,0.799595858704964,0.5251141040057841,0.09137208743779172,0.7577545120713958,0.38186467447528577,0.47128609412340544,0.2241845863806054,0.32639146709884487,0.28430287534865895,0.44727467865606807,0.5038586831942031,0.47828933502280746,0.41057339688446076,0.29646881508159745,0.5289394083160758,0.6334109452799254,0.7749692550172224,0.11934450454308491,0.4299872832116624,0.2192698561000731,0.36076966302089875,0.5888561453184067,4.132936994054911,0.34490555645718857,0.3321709506108699,0.12664490171490594,1.5752992338948524,0.04753729726716963,0.8644311769034666,0.5619915787225574,0.22720932136577285,0.5708635389980307,0.19915443327955595,0.8119941187343193,0.3694463527628863,0.3403826182754838,0.29556408087248714,0.26789289025260715,0.43797408970383883,0.3846668384198485,0.36228671859754835,0.041567277928163074,1.1987042716812837,0.828401938358423,0.4522745355835392,-0.2545642332975633,-1.6595892052466072,-1.3462548384213435,1.4651091333068071,0.2878740460558642,0.2265721680633119,-0.41794461630820423,-0.01782002021120276,-0.14999186634699863,0.335354333988221,-0.1419161629172059,-0.0920513190764924
0.45185004042660415,0.6815930668142401,0.6745014446678125,0.45750381806675633,0.35497744792488234,0.5084387262055896,0.37279644526723255,0.49244761989322083,0.4152588381621042,0.2441685518472284,0.40061919151404196,0.404659236506715,0.3663850183796373,0.44758284317504443,0.3436621477937841,0.24086771931517806,0.32905028922916557,0.4723991126532413,0.2234740729948806,0.3857651541062829,0.38612564047517134,0.3111048134159246,0.11363071198798431,0.19272068538000478,0.34490555645718857,1.4078333848936055,0.29723573255467417,0.23827697847724283,0.13962699252276572,-0.1706714939409723,0.5454306283630057,0.5238585481162961,0.28759447388369375,0.3366506088251531,0.08954289935772042,0.40878283808048926,0.1756194184455025,0.27628724475658356,-0.27290960322802565,0.16620363629419604,0.25288089374415307,0.3980193540693284,0.2440280921470285,0.008340437944232426,0.16072339870499378,0.3652197634451107,0.18889286842377642,-0.04148682046872946,-0.15911285432001543,0.06072708276678641,0.06592344722385252,0.19741724977238906,-0.2860335821261427,-0.1032018600908621,-0.12230279793630341,-0.05562807972434575,0.012641855016572346,0.1659268013793218,-0.14509432908818642
0.38828472020500665,0.625606586397783,0.5531809028548349,0.41072186360623314,0.28471163655016607,0.38505018544177116,0.36063642688646,0.3553178380809543,0.3209682069702625,0.21807227676896984,0.3554814202050701,0.41109351284644285,0.44666788525140827,0.37674035741009837,0.2664755135744352,0.42913256882507833,0.3702208308336394,0.3890709222059574,0.3252690705857411,0.48483241265497445,0.3007088079972404,0.3763748771342474,0.15717482451534112,0.2499741015588406,0.3321709506108699,0.29723573255467417,0.7395393512155186,0.26371543818726817,0.37130364128789356,0.1725727109285503,0.3886418689570169,0.45403006434281173,0.2637608851765981,0.3371408676556156,0.32395415789431187,0.521302015467966,0.41475741688663104,0.28576463215561987,0.3915439846189503,0.22861193358309487,0.40503428355784404,0.35164374195582304,0.38744618365119915,0.07118349968681227,0.24705609620526248,0.35618473959667823,0.33374096335758674,-0.055101115233706296,0.2383171661970748,0.00044224055681038295,-0.1623459495423726,0.061154513578390246,0.05606172390386801,-0.12024679161650426,-0.007876695714731681,-0.05977102953906445,0.14879529358002375,-0.022799306529495116,-0.13871220079076768
0.3293712232071138,0.7814024454259016,0.3849148412489192,0.09284950443524935,0.09539520299397374,0.13387042862016482,0.14851776734246272,0.16651773482760673,0.2117424837268539,0.17868100271574017,0.16053657674226604,0.14217275715984368,0.2584378774233502,0.22941199200972287,0.2740885628272993,0.2568746189913884,0.37045399270028484,0.26318402912538735,0.4079987511169877,0.1939932499426316,0.3009738456600917,0.21910132625804002,-0.17377993166450312,0.131999644121474,0.12664490171490594,0.23827697847724283,0.26371543818726817,1.5099521773821223,-0.08573960856222913,-0.03354616440058412,0.37870746871958944,0.36027466297381683,0.7133837560799674,-0.13451412008230934,1.0277049008213333,0.3723111379761889,0.45055136452646277,0.1672586539039314,0.20225345253008203,0.3426111860293897,0.38140438849873415,0.31788485060521526,0.44474569737483816,0.12522860783323883,0.40745746183449605,0.07411174558429202,0.1917264345653868,0.04101351539384363,-0.04417831709974224,0.7698133978277246,-0.1832111844444441,0.8186634292557391,-1.3877592953443803,0.019134383875530275,0.4300459610540436,-0.0838845232943874,0.26523042467025254,-0.23707583509669583,0.2341264856559375
0.532416933610422,0.6361178840208708,0.8686933649630073,0.46485854573610835,0.2636391427879562,0.7839183792135546,0.40785101956935027,0.4752301203750246,0.44080556931878306,0.3936836821746207,0.4270196920876957,0.3981978627138574,0.6618485221717605,0.4943545926742307,0.4977859400896045,0.5114704931402974,0.495789975371817,0.43254122553933055,0.664877001392772,0.5992223372809858,0.4955190899197897,0.5102450993089728,0.46351284253780306,0.49251507497508207,1.5752992338948524,0.13962699252276572,0.37130364128789356,-0.08573960856222913,3.829260520686923,0.8204344762586974,0.20764053531363752,0.44128611084794617,0.22952451168510882,0.34223746536912897,-0.03329113138668083,0.8108071010441215,1.034716164262564,0.3027715466450629,0.6144962941962586,0.25111883075882196,1.1196234810631596,0.45911666479365376,0.42092843331928154,-0.020887512323781485,0.7060412846980533,1.0973155679881437,0.749771691659931,-0.1228366775024886,0.3986800229782374,-0.44007028639398343,0.40555334797852716,-0.4393378042927596,0.6017352870284621,-0.17846332922913735,-0.20707805646416572,-0.0460350113111101,-0.15170754940811212,0.207911770296743,-0.10157816191873868
0.08412093879119321,0.49902688778627946,-0.23529662235167548,0.0433590225957501,0.1709083521759904,0.03062750664828949,0.07883431622731353,0.024370255817567608,0.05579243206426587,0.14774371918819657,0.014805961332978627,-0.021268230164793782,0.19067804063074084,0.17067974386813364,0.2876576575274889,0.16814615251258463,0.10430114160101658,-0.24864904229661788,0.3640731894395923,0.6185491180181316,0.14196078697648176,0.14177053496431896,0.11750538900514118,0.30527759890115214,0.04753729726716963,-0.1706714939409723,0.1725727109285503,-0.03354616440058412,0.8204344762586974,3.9207037784731695,0.21095836718435027,0.009469557341843153,0.602898158496203,0.14528994411005716,-0.007455797513049417,0.2774078504907334,1.7842956057797112,0.39925487443744034,0.860371339930097,-0.00846484131000232,0.6902611098346311,0.22328939108781157,0.5615719253091238,0.09891569358001347,0.652666633791961,0.18433623676602487,1.566020321214108,0.08170597958160503,1.0118205756125815,-0.07114493487843118,-0.80425402296769,-0.649969040621593,1.0944219354996667,-0.045696564320392145,0.19187529969944744,0.0014194131839643143,-0.22956907921283362,0.2735842056450662,-0.21705867504606163
0.6075505307291311,0.9788659494147655,0.6693422885883276,0.5138168896634877,0.38232078409617065,0.5772881925796745,0.4432607295361234,0.4644989143064892,0.4303580234421038,0.2468183687431907,0.48958994041396614,0.44483293315090816,0.4668816072544913,0.5074538425947014,0.36800835426198586,0.35713328768440844,0.42878985362672006,0.9539681622462808,0.45737622207801265,0.5796611667852861,0.5199015521680225,0.39671194238218743,-0.21976040486767331,0.5918515526777844,0.8644311769034666,0.5454306283630057,0.3886418689570169,0.37870746871958944,0.20764053531363752,0.21095836718435027,3.039931414920048,0.6228203332514333,0.1543449997119906,0.04273486237679538,0.24191569188820292,0.9143289110861421,0.13668766928763318,0.3693843626646515,0.18553487722890358,0.16497727746606247,0.6374050447450413,0.4581950864032954,-0.06056536331353664,0.03561022938859634,0.46721655253605593,0.32725517828341055,0.6652323353886799,-0.1641752907048435,-0.817756428353089,0.14526781698704544,0.016090584586663,0.22158159689108411,-0.40165800491309767,-0.08311924520494107,0.10550785036914587,-0.0233651505997509,0.6739325348672331,-0.5007798507990948,-0.20698466464837423
0.5756891300412313,0.6681235328825503,0.7406660530266137,0.4991110940710964,0.3429614057266631,0.5434331663538042,0.41426130975157605,0.5029566198848582,0.43106398411502517,0.2901991594524255,0.4092944700737454,0.4584735750037178,0.5119597120403492,0.5838390375634014,0.3290816301856434,0.46478543432387565,0.3914438114251558,0.5642052765049187,0.4217477189867095,0.42933956045536753,0.4013556012324921,0.46477188027212235,0.1981545330867857,0.3919799174332493,0.5619915787225574,0.5238585481162961,0.45403006434281173,0.36027466297381683,0.44128611084794617,0.009469557341843153,0.6228203332514333,0.9602202457835847,0.20803657419550328,0.24153877677132524,0.3032930874321407,0.6694350470913021,0.22080603781422678,0.2980754793770295,0.30383666832661865,0.26646840270812244,0.44639665196338923,0.42652543259582315,0.1512861069025024,0.0662943876184651,0.3053547194251971,0.49506720700177703,0.3839333322518088,-0.11065151542345003,-0.08484277610252015,0.12496591590999183,0.05198055759494193,0.2202206912918949,-0.3501435178723252,-0.09308811914699969,0.17178899429787017,-0.2167962059261375,0.720873430201169,-0.42929512202324205,-0.09553329634522573
0.20394280903946463,0.6417773778769426,0.3308824439187648,0.28983783335617347,0.16402613158868595,-0.058889557335181406,0.16842273943421035,0.14171646530687954,0.2264334754556929,0.16761943287151815,0.1014543808130036,0.12529889743247213,0.18638519115008273,0.18931913375093307,0.2328859834542073,0.15551076883976753,0.2328864804875691,0.17635818848896964,0.38568559681846726,0.13577439511347966,0.27614735634603965,0.19148604229085187,0.08701109021089443,0.1322292306410835,0.22720932136577285,0.28759447388369375,0.2637608851765981,0.7133837560799674,0.22952451168510882,0.602898158496203,0.1543449997119906,0.20803657419550328,1.7539201881623745,-0.017863953653306505,-0.31736150448565975,0.19904892476607614,0.8705989018910129,0.1646916538806477,0.10639852681585951,0.0002658352637939662,-0.08685251752267384,0.27309803195463,0.3338259755722057,0.1238965550634441,0.3138388634030003,0.030729466212856153,0.4860857535024369,-0.0026518999669501377,-0.13118347758049903,0.47345890754078895,-0.15055265149146513,0.37775571323686213,-0.4361830280016661,-0.2297927684540337,0.0456859955066504,-0.10715650863803011,-0.16407458776339534,0.09851816533318847,0.2911713735402832
-0.14130475026776762,0.35234265773498175,0.4755730669753019,0.5641917149044445,0.30321179149597954,0.39537049476520963,0.3802901704434122,0.38201516077160486,0.3149098247010356,0.27882535151537136,0.331266811648895,0.37642947472637467,0.37398136996516623,0.2678774353575768,0.2494979377941951,0.36777915255213617,0.3368391298358731,0.36687614896943993,0.20618610466364978,0.5487832164143666,0.21862327764289485,0.3628411622841443,0.39640979846842245,0.21467812983344792,0.5708635389980307,0.3366506088251531,0.3371408676556156,-0.13451412008230934,0.34223746536912897,0.14528994411005716,0.04273486237679538,0.24153877677132524,-0.017863953653306505,2.0934590546675347,0.29647156098804023,0.2666367651035752,0.6025266263150459,0.356091799865767,0.392348602066261,0.03585468575099457,0.23152001041069295,0.3126019448119844,0.5612056633303362,0.08533945925777445,0.06458277771834169,0.48185994717361535,0.3349463176800782,-0.014392148388386393,0.7236348889260047,-0.5580831003887441,0.01747275849809399,-0.0006681584857507338,0.4605342362358067,-0.258353391348257,-0.3113240196836183,0.060696522008035034,-0.2746688301049137,0.22615907312857175,-0.12417537623984339
