0.6806903451171881,0.1290958900222677,0.09137913846243373,0.07620347572077012,0.1356700397200427,0.10622298877566555,0.19099992225775653,0.054551385195392474,0.03945944836088624,0.06475901386110267,0.07004494491740217,0.09048389706604625,0.062347682334409966,0.09316629233891803,0.05748929042152017,0.10009666194053271,0.03525955559325177,0.08217867800916479,-0.015057952034411527,0.02516764602991661,0.04550681895613933,0.07510378639622031,0.023531913928706065,-0.03334708627466104,0.07030480370375619,0.057085919115351144,0.08115228098992494,0.025258874935429092,0.09725569814767472,0.07884664026758667,0.03376602944169423,0.08198306383888614,-0.005647560955967571,-0.13060477302116494,0.0718923739964444,0.012522610547059283,0.012057244815360342,0.0357415166310227,0.004472417857396201,0.031242864863123478,0.072466633424333,0.040274319834080564,0.014563211424162378,0.0024221516362847436,0.11330416345744819,0.05258570058925313,0.06724540217737161,-0.010674499566830505,0.07774638984754459,-0.042852129134520425,-0.015190421756549652,-0.04722508971595326,0.01700190073528245,0.04117885750445579,0.016688330398242218,-0.011303462852349158,8.869994514072369e-5,0.061052658056041674,-0.07709848376959363
0.1290958900222677,2.7970993265812614,0.3656810433325582,0.07106581414433412,0.2148871660956187,0.31426648654711375,0.2191747927293736,0.139221875420509,0.3490661466720388,0.07995931979761828,0.15798498688803367,0.2302431699075829,0.12944330783900534,0.08294539723224033,0.23362425702563477,0.20489324894041985,0.15137167973223276,0.3020933195773173,-0.4322050476788449,0.1774619916423476,0.19281390315989821,0.22108242903901948,-0.09214895168095955,-0.11391733988054596,0.13727510648232316,0.23358843251517117,0.3613152466122741,0.09101442433162629,0.21621819024830596,-0.15326060045250783,0.17216636085871898,0.14594552833087193,-0.0667015109904735,0.12991223715289088,0.14041415186900252,0.1860749995629827,0.14505867516023627,0.10666157579681984,-0.20828011639586708,0.10646420791307581,0.17422185237256943,0.18316946692704786,0.24904337904391038,-0.017894067230527014,0.2652788389141848,0.2628025611998797,0.16599201786254347,-0.049604317141360134,-0.10950183373502034,-0.6626065591006051,0.6240732554242561,0.22045039611580156,-0.0559084364919365,-0.11763052073526509,-0.06914643534898696,0.07462611077244859,-0.11955553351840521,0.17516774104961622,-0.11370637701420548
0.09137913846243373,0.3656810433325582,2.653755651963703,-0.027387485030601278,-0.20313526551713051,0.35582373713617205,0.12708144785644165,0.249064293650068,0.3894997489156376,0.14949877537194917,0.12665575805440574,0.16413000109054068,0.11564119119474325,0.08943758803480366,0.31381262103678703,0.2065737569934208,0.36243709695548376,0.26447593023094634,0.0006522868541718962,0.2677659396804214,0.22967231054814818,0.3106555320006382,0.2079515453137942,0.16455969860504338,0.188380053057029,0.2625706792687349,0.19572513238248432,0.23022349745212375,0.21073175791238533,-0.7199603506964167,0.20549896238614387,0.12552311388244014,0.3472132854627359,0.29581244197965256,-0.033707995289480756,0.2152503475964052,0.5017712446313854,0.12798126991915923,0.06934285290223419,-0.3884177101445071,0.07041446525597422,0.24642837799367104,0.25292083311091396,0.04560729983413816,0.104066095090134,0.3671234765181191,0.28897229670927893,-0.06375478917788771,-0.3110577166144229,0.22148707068312093,-0.06576334738059604,0.06806019331298185,-0.12947175086338245,-0.17143643598011363,-0.046399685854755554,-0.12393006157021572,0.09329960190108727,0.14621384144232932,-0.2568992242327804
0.07620347572077012,0.07106581414433412,-0.027387485030601278,0.8131686565476667,0.5385924796258299,0.42238366589885523,0.33141684072230554,0.1442401465062531,0.18775076561390977,0.10679928425781596,0.20564583832228034,0.23663894161860008,0.18274373775370267,0.20500969670585606,0.1954751320527431,0.23241287869572794,0.13725983864929456,0.21396459978925944,-0.1118549419503395,0.21773294646035415,0.16120179639202553,0.19438393830204656,0.29457331746623794,0.21127147848807115,0.18746097344325405,0.2654832530525801,0.12124392514068257,0.1330460168189504,0.2854677325250953,-0.009301565259173937,0.12157766179048961,0.18460491435372103,0.019453760550482212,0.3631961473525819,0.22176683943989933,0.07262618888150119,0.19512460261170933,0.1351150929297067,0.21903386084690452,0.06692767730910806,0.06965943738435718,0.16656227316119426,0.34262715973637664,0.018291588213328065,-0.001780754093456524,0.10962773433903521,0.2567760646700056,-0.007950369147022266,0.26005332748841803,0.03622226680637967,-0.22380636292067763,0.17400666905120107,-0.010229356576768791,-0.01771417411181192,0.20285291817582762,0.0433825750627974,-0.31476081248848825,0.11517639262551242,-0.004301793072801154
0.1356700397200427,0.2148871660956187,-0.20313526551713051,0.5385924796258299,1.0415117167254042,0.41364447485327543,0.2803236152741294,0.23717295501563918,0.22098505112048406,0.15540107254008068,0.23740343663631047,0.24641488653508037,0.21516397798601156,0.19599647567472503,0.19663360766388396,0.2486022558993997,0.11370046080017303,0.2431954798028455,-0.11412621357983097,0.21678173668191217,0.1608202708500825,0.20329782908125246,0.2926705859145405,0.19933000552923272,0.20244628279708848,0.28100908330632796,0.1630559311908491,0.06949723311039994,0.2532294279071312,-0.013531122695993237,0.13733054278947865,0.17782348651713328,-0.031013437056093725,0.4308357419215223,0.21584663451082867,0.1100077640702752,0.14641861357900798,0.12990831183130172,0.2199519887431176,0.16209070864863775,0.09145138971622305,0.16968100652357757,0.2890978047169181,0.017126136982122796,-0.023612002920614324,0.1505539254942059,0.28390005007122876,-0.009383081460492125,0.30252554637547147,-0.10338337529047018,-0.01937139144934299,0.1618741340333801,0.10297369224662326,-0.04109896383324674,0.026176939686810084,0.07704414642917953,-0.2367153100430357,0.06617049361623284,0.0860864187930588
0.10622298877566555,0.31426648654711375,0.35582373713617205,0.42238366589885523,0.41364447485327543,1.0564294264102796,0.26949441395669654,0.1365712706121084,0.18292806062215064,0.10503425914855223,0.27693022567781916,0.3211418847756355,0.1774563930015072,0.24887716788722292,0.29673182351868893,0.2760349718228277,0.20180336836387644,0.18148038590507187,0.08981720217620347,0.33262650160475044,0.2175443346303304,0.2468156368704105,0.10453633026566987,0.13765531018872199,0.2281287182548487,0.45924758172710023,0.28796977827430403,0.21495324606398825,0.5244133593010017,-0.2567811528457255,0.1710247286350923,0.2701930695495651,-0.040375684230190605,0.470038714122629,0.2825164562710783,-0.0023428187433182693,0.3405520185797847,0.1999578731533537,0.35465737817277504,0.07458967609732134,0.010281007376166882,0.22428811996617615,0.4006150196423256,-0.006446628867208371,0.06160270859766793,0.04955789070534086,0.38663107342713854,-0.01829705944027495,0.4684128476976132,0.3921275212470287,-0.7925776002072953,0.17850380936975485,-0.2727394964819732,0.12760445781120924,0.07815629900622845,0.04034184191673933,-0.2566285711110642,0.2661274731070556,-0.09668859159325394
0.19099992225775653,0.2191747927293736,0.12708144785644165,0.33141684072230554,0.2803236152741294,0.26949441395669654,0.8503023464155709,-0.10824424071260484,0.21957008378173173,0.05842225440277431,0.14772404241614914,0.2718595897102836,0.13125693398898494,0.09972759651839772,0.14415584106484883,0.22911275536761225,0.09043751434359014,0.19679743946069606,-0.20050262744010441,0.07975108506664959,0.11082288383594158,0.20370065748342947,0.27014188086230084,0.14642703710571878,0.17481752167090645,0.14872765089710616,0.15812238163611542,0.0733082406587873,0.23312882650352004,0.005564939016741126,0.10254891102538358,0.12003171547836528,-0.00631864599698491,0.2983016941485998,0.13396594907141893,0.15437602548885526,0.1384111957957205,0.05371492450222073,0.08783000291280436,-0.004580953311191842,0.03907612424551999,0.11583732554202039,0.23343170341078545,0.01620149086450648,-0.031081830838120657,0.08998202534843897,-0.0361740632121374,-0.043339736336648255,0.09758029180712897,-0.08080605610002985,-0.1523601525584787,0.03020384469451132,-0.026508922804597008,0.018396624009350746,0.18042447077527132,0.0888720247374347,-0.06999428557705059,0.14017483666568753,-0.3740320163818329
0.054551385195392474,0.139221875420509,0.249064293650068,0.1442401465062531,0.23717295501563918,0.1365712706121084,-0.10824424071260484,1.1036261369901537,0.12342423307097945,0.34667688151428544,0.32004081394879574,0.1511162643601625,0.2505286541633511,0.20571164816598758,0.1797850513739695,0.2044038944806886,0.2566448985127925,0.3329513918381105,0.10006135783158172,0.2573038295503972,0.18553360705793037,0.20085404806741833,0.2561482100939391,0.08848795501930626,0.20210005916138724,0.3556736356187747,0.21414488452434086,0.12499918936148516,0.1581881179595455,-0.16497256572482077,0.11815466781633517,0.15326457256751214,0.2541601262578841,0.3284270603971352,0.07728454509662619,0.0015243089062155406,0.3357018777316847,0.1826770484898341,0.23554520592057662,0.10989215968863993,0.13385117337544605,0.19514144027231084,0.3684738022765157,-0.0020445925934285615,0.042004829846250015,0.2257925475644568,0.5553772974864392,0.021348835713776663,0.3510581422041473,0.042006455312721576,-0.02380602848058476,0.12849626451050358,0.09059033603055616,-0.10592164469152683,-0.17386656835302874,-0.14724623153277366,-0.018331874704573606,0.7774512593338417,-0.47795514917938714
0.03945944836088624,0.3490661466720388,0.3894997489156376,0.18775076561390977,0.22098505112048406,0.18292806062215064,0.21957008378173173,0.12342423307097945,0.8059368344758175,0.13879600888107316,0.10284779868784429,0.12979252469013164,0.13763373753398214,0.16648024317379076,0.22548046744634964,0.1477078005847802,0.1371956031115582,0.27789154765598545,-0.4313467863145508,0.16834213176972992,0.14468926743035188,0.39437505069357176,0.43806787787680945,0.29778537745040284,0.1823762317569712,0.2559522989858911,0.1507418345928105,0.08291730978823204,0.08069933264957038,0.006775802737088148,0.15412620997396276,0.1394856654832184,0.12545741445188124,0.12135634173697812,0.13592855228873635,0.13383783275494388,0.11130131003582677,0.11343477122635778,-0.018724829503315246,-0.012864930219591505,0.11382396632380533,0.15036241986935053,0.27005460783062946,0.014954707355174299,0.05067001827168862,0.2589737394514063,0.3121855436294143,-0.04312995468447977,0.3110675887133049,-0.5909716842776105,0.1857159369969039,0.046944374887045864,0.3121659574696433,-0.15289668087475672,0.009697711975789457,0.19632534895529544,-0.07468836946444682,0.06297057260730166,-0.21948799082952436
0.06475901386110267,0.07995931979761828,0.14949877537194917,0.10679928425781596,0.15540107254008068,0.10503425914855223,0.05842225440277431,0.34667688151428544,0.13879600888107316,0.7168222048851173,0.19362749021605052,0.09530518368044444,0.16766789610890265,0.08140774000757764,0.15483340577852248,0.11431711716073803,0.17586687410771784,0.2705362698087,0.05899325179737485,0.07620909826362486,0.11711052827351306,0.15840986648820263,0.3059561569053898,0.13812865088220228,0.14917669123286578,0.17958208941955195,0.23577077440866415,0.16759400315122305,0.14696912267403064,-0.10531327775106161,0.12227632802016747,0.07386333103691495,0.1934758735112967,0.3646940884387316,0.17472943587099127,0.08246618568143835,0.3114645960747815,0.0670637876727938,0.2907984224955982,0.1518879659942198,0.17182884521255262,0.12887805331640514,0.07557981798979914,0.01181405592618481,-0.08001471524730326,0.18881627779990506,0.4300702826755021,-0.008498081118912293,0.24209066499355097,0.18002358052601125,-0.11508576239475678,-0.017667825854814946,0.05145539946052218,-0.004935446625326266,-0.01466926746022742,-0.10314692303177529,0.24182239189908755,-0.2374261192044901,0.12549806261249388
0.07004494491740217,0.15798498688803367,0.12665575805440574,0.20564583832228034,0.23740343663631047,0.27693022567781916,0.14772404241614914,0.32004081394879574,0.10284779868784429,0.19362749021605052,0.48983067315286755,0.2911763654600246,0.22941904641623395,0.14546936262088708,0.27907265357479516,0.23635318953344078,0.32323646131381606,0.2223967134879997,0.030290679796200773,0.2858005334395808,0.2084871931005337,0.19141208961380038,0.22628456002566438,0.18549701323740003,0.21834483583318745,0.24587173812144417,0.253608181437302,0.2296569287592962,0.23322890357772666,-0.0216444380677321,0.16749621727428365,0.1192004089300244,0.1675235578566448,0.2662223227266316,0.284760632286601,0.08793609197514735,0.326492326631031,0.17377950370560422,0.20628412725800177,0.12462998983393257,0.14849019711670305,0.22060815024527836,0.24864300787228677,-0.00640467387141582,0.130017724274354,0.18628155326147858,0.36359281009732686,-0.003284145390287361,0.21501966165761818,0.038060061788609996,-0.19239425287966597,0.07351142658558063,0.07388025255106569,-0.002306231467024606,-0.029615692355391524,0.04286679710577769,-0.13492984359768956,0.10125429800161864,-0.056136106152739715
0.09048389706604625,0.2302431699075829,0.16413000109054068,0.23663894161860008,0.24641488653508037,0.3211418847756355,0.2718595897102836,0.1511162643601625,0.12979252469013164,0.09530518368044444,0.2911763654600246,0.6602088238327373,0.15175242957759177,0.1851923756714238,0.23816297044255488,0.2834964446330746,0.22364025199774482,0.10759081143714264,0.041231075183810376,0.2375146588837843,0.1924106279260068,0.20409044453616015,0.1056884495980087,0.13336580944714213,0.1921494962791276,0.20110041280335206,0.2503584902395206,0.12401766093055835,0.22495120304907723,0.006876375807076638,0.1395280155387745,0.19455182370757076,0.11618948113267759,0.25432284520182974,0.09641476289016739,0.1463592078726644,0.22090191531863523,0.13656124945523454,0.20573309762504033,0.09831884004265103,0.10648211342283835,0.2009033971168864,0.27034468568079034,-0.0005831618958241455,0.06466041570023609,0.1932028325615254,0.2844886962773287,-0.01993807957934756,0.27888606088590095,0.09921971725434899,-0.06835844896739199,-0.07479192821279915,-0.08640226995102192,-0.03548378237718804,-0.03390962692311784,0.05382658093052797,-0.1622455755534475,0.3542624505885385,-0.2440036787966896
0.062347682334409966,0.12944330783900534,0.11564119119474325,0.18274373775370267,0.21516397798601156,0.1774563930015072,0.13125693398898494,0.2505286541633511,0.13763373753398214,0.16766789610890265,0.22941904641623395,0.15175242957759177,0.3745146478627019,0.14242779896747662,0.072775445948756,0.15986922473939896,0.12460978742917596,0.16032910420044152,-0.012804243958142954,0.156477284308212,0.11720357136928398,0.15333101279677946,0.2389299448076672,0.18916272722009042,0.14782225360931892,0.1579199171216967,0.11295422036379581,0.10464890723008977,0.16504786819810194,-0.015589496384827428,0.09635034022392726,0.1147264908973138,0.1052075697439442,0.19584039636224335,0.1852678822740569,0.06781585869435809,0.17522089753359174,0.0903238517499708,0.16142659730496559,0.04858833047993632,0.08478647666809326,0.12373290918172353,0.11449539587964701,0.013094898293494629,0.017448674830276897,0.14527530565746732,0.23704090756928262,0.0013189637011454306,0.18813345691453512,-0.07594250771595971,-0.018384970261238608,0.009773416046421759,0.12579012584737687,-0.10265624185610724,0.061920364365317795,-0.0195258658105757,-0.11719759519302453,-0.3340468918425571,0.4054281932257723
0.09316629233891803,0.08294539723224033,0.08943758803480366,0.20500969670585606,0.19599647567472503,0.24887716788722292,0.09972759651839772,0.20571164816598758,0.16648024317379076,0.08140774000757764,0.14546936262088708,0.1851923756714238,0.14242779896747662,0.5141056983746034,0.20729240937841192,0.21689545317361464,0.21420099736051515,0.12774932785778245,0.009491405187208575,0.2693081960118226,0.18625049424813966,0.20628563538683337,0.15380277428430952,0.20330054949221532,0.1458453961737691,0.30028892292409914,0.07270216182773015,0.14912011093424574,0.2888152619687539,0.12072788126639591,0.1403700816188109,0.4002942529124667,0.07858337935072084,0.1544953570421584,0.16073246286047282,0.08908174806232541,0.19188786141539688,0.17617810387944835,0.19205385171869335,0.06840932807543418,0.19450222372786258,0.18753144170368624,0.2711031314112677,0.008598643238452108,0.09394094622091187,0.16613970047149354,0.375235472282086,-0.00799500760187839,0.5219570640889539,0.09990379857867024,-0.21550554620442258,-0.03692514957901929,0.03383258131076958,0.09064288824797921,-0.11368624262287372,0.034187038888417974,-0.2739181047537472,0.29860436038903854,0.010345277667883087
0.05748929042152017,0.23362425702563477,0.31381262103678703,0.1954751320527431,0.19663360766388396,0.29673182351868893,0.14415584106484883,0.1797850513739695,0.22548046744634964,0.15483340577852248,0.27907265357479516,0.23816297044255488,0.072775445948756,0.20729240937841192,0.6941038857271302,0.26973422307654843,0.43186698607207075,0.3488523638986322,-0.00578127407981502,0.3366210806803253,0.2658114773997378,0.2655890352240042,0.38391748345713095,0.3067688889574928,0.2671781025579181,0.3627242775452353,0.19981080242558744,0.3856525066717582,0.2857512609724763,-0.009455863933964673,0.25386196414933165,0.18798300896364536,0.26564485039015956,0.26522952989499776,0.25637434128261133,0.10801461895544809,0.5037111789128146,0.20107236852362156,0.3433256373002849,0.07522371958091797,0.2204481119763985,0.27288429841346395,0.3089188634318074,0.0006020164158884805,0.133542756517257,0.25644925094497706,0.45570997596793444,-0.0018588017204579175,0.41239227529359224,0.6585482010001434,-0.2783272601575986,0.1880450465877471,-0.2826576092451532,-0.07443626914891764,-0.035607274955530024,0.143302507561811,-0.18557963245988038,0.28748865632103976,-0.30323279387703744
0.10009666194053271,0.20489324894041985,0.2065737569934208,0.23241287869572794,0.2486022558993997,0.2760349718228277,0.22911275536761225,0.2044038944806886,0.1477078005847802,0.11431711716073803,0.23635318953344078,0.2834964446330746,0.15986922473939896,0.21689545317361464,0.26973422307654843,1.1674741220159128,0.22855419169357866,0.28879629808910345,-0.005858862717425662,0.21858865119927987,0.2653029378887291,0.5445503847382702,0.32680556526410875,0.2855310164621093,0.31175857973573984,0.08911266956786258,0.21313868675996872,0.15087411760608974,0.2967628025792785,0.32316664737864165,0.22029250632556935,0.1893426745792872,0.10741766173337336,0.2209568533383262,0.19630988987097095,0.2533656296632938,0.3036411310111234,0.13083482932150015,0.2461858579272853,0.09726355469005822,0.21465016144491644,0.3022594983562452,0.5255546089840573,0.03886839951514311,0.12213689035136031,0.3444735482845109,0.4317710830124638,-0.06550966958870784,0.35349484523434965,-0.3171491383087113,0.1541894289241126,-0.3310106453191067,0.06646824162662145,-0.18796497653166955,-0.0337680889443148,0.12086638229589544,-0.20534872839052054,0.32153247045458294,-0.16671669385999985
0.03525955559325177,0.15137167973223276,0.36243709695548376,0.13725983864929456,0.11370046080017303,0.20180336836387644,0.09043751434359014,0.2566448985127925,0.1371956031115582,0.17586687410771784,0.32323646131381606,0.22364025199774482,0.12460978742917596,0.21420099736051515,0.43186698607207075,0.22855419169357866,1.0361875728472898,0.28246419114663784,0.06410107841573585,0.4858186999261462,0.3767730922781724,0.2385295406389713,0.2748943925508099,0.2595471439362015,0.28169522091957194,0.267849839515689,0.2188651257421877,0.7000024449702782,0.23722061369150513,-0.01894032534988474,0.2769107700197014,0.13985085960517782,0.4996634079815784,0.2175647016229219,0.5356918909215701,0.11038650594164152,0.7227468729284037,0.30232212919876816,0.32429384096237723,0.133235618810392,0.2975043672725248,0.40315468928647685,0.22069818532479524,0.0026450602310924827,0.41706062996972576,0.3379658365834049,0.6681379312043666,0.018508881811208282,0.1740429748328521,0.6153704171929203,-0.20740207255458556,0.1625773239154839,-0.14092044696240325,-0.11025780987516087,-0.23074531989060776,0.050853495471746994,-0.14727272096532737,0.155665194822346,-0.27174134523515214
0.08217867800916479,0.3020933195773173,0.26447593023094634,0.21396459978925944,0.2431954798028455,0.18148038590507187,0.19679743946069606,0.3329513918381105,0.27789154765598545,0.2705362698087,0.2223967134879997,0.10759081143714264,0.16032910420044152,0.12774932785778245,0.3488523638986322,0.28879629808910345,0.28246419114663784,0.8492017554938105,-0.22526647611809542,0.14973976051831914,0.2171780230931075,0.28835521113005863,0.7573627066638894,0.2629313475226615,0.26527233227778113,0.3884641973363955,0.11233254472011066,0.2759982011031222,0.22079961178864185,-0.05886871086321364,0.25628537647472344,0.08011797519986784,0.26218598558915085,0.29923142110608997,0.25682180752898,0.10564979167251654,0.4096756869250766,0.12655726748764146,0.2602306756839167,0.0737832427323603,0.1897903882117662,0.2132101033335146,0.42323428824294274,0.024454860224867276,0.09285400497945846,0.26934348575982714,0.4603202961513591,0.00596513724581284,0.3221316634848362,0.01138844862010175,0.004229211373949481,0.19046466880918894,0.07333725507626568,-0.1675125483389042,0.0041505948149343965,0.0021032730826693858,-0.010142095664983645,0.36901476920588683,-0.40031549012754164
-0.015057952034411527,-0.4322050476788449,0.0006522868541718962,-0.1118549419503395,-0.11412621357983097,0.08981720217620347,-0.20050262744010441,0.10006135783158172,-0.4313467863145508,0.05899325179737485,0.030290679796200773,0.041231075183810376,-0.012804243958142954,0.009491405187208575,-0.00578127407981502,-0.005858862717425662,0.06410107841573585,-0.22526647611809542,1.4882513831658828,-0.02280198776878256,0.059815094051620235,-0.10487301619554032,-0.553897267308486,-0.17992274813938305,-0.04603763699300286,-0.02880276404395312,0.05763843629898646,0.13184736974486497,0.03451573679829838,-0.08562643355827892,0.06538875887144403,0.01158415900740699,0.1858568565085555,0.08057841282341535,-0.11128532796304245,-0.001961506010079335,0.2742173056626495,-0.02091871273019154,0.48175908954976604,0.05471097669518981,-0.013720713842454046,0.032328225207455506,-0.10437556697859879,0.014303543729888357,-0.10662186569611817,-0.03372017003509004,-0.10743812750901956,0.04198686727945235,-0.011261412120619884,1.121206735971668,-0.4031420889133368,-0.14391041963351978,-0.42587478267178064,0.035583093701678135,-0.004090680572960176,-0.14918636153300788,0.030648136941750028,0.02849240791097863,0.1300668817148752
0.02516764602991661,0.1774619916423476,0.2677659396804214,0.21773294646035415,0.21678173668191217,0.33262650160475044,0.07975108506664959,0.2573038295503972,0.16834213176972992,0.07620909826362486,0.2858005334395808,0.2375146588837843,0.156477284308212,0.2693081960118226,0.3366210806803253,0.21858865119927987,0.4858186999261462,0.14973976051831914,-0.02280198776878256,1.27934015550057,0.30604344099045583,0.23220424485605892,0.29101628235556676,0.4884499779022052,0.3542194126129441,0.28852607139746866,0.13077698346067676,0.3792086928900268,0.38860010922004146,0.30735432449084377,0.2944926751316347,0.19766809473991914,0.24394798281415941,0.29385345381278305,0.4443491474887701,0.07163950577230643,0.7667606100407035,0.5994107159213116,0.42922188016763285,0.15697437556594207,0.21956986109715848,0.3464942876221957,0.6472937854258036,-0.026344589676452042,0.6248447380066737,0.2622423253151508,0.5457479343571124,0.066509869473957,0.4992252941331034,0.08702560579706665,-0.3221316377578282,0.14640986201998293,0.11030865542726422,-0.09977970294136278,0.03581557087758423,0.06963968905438844,-0.29437598140031007,0.19583123349911463,-0.107251655327366
0.04550681895613933,0.19281390315989821,0.22967231054814818,0.16120179639202553,0.1608202708500825,0.2175443346303304,0.11082288383594158,0.18553360705793037,0.14468926743035188,0.11711052827351306,0.2084871931005337,0.1924106279260068,0.11720357136928398,0.18625049424813966,0.2658114773997378,0.2653029378887291,0.3767730922781724,0.2171780230931075,0.059815094051620235,0.30604344099045583,0.5136676610421407,0.23917541663511385,0.2626397264867702,0.24663696338775898,0.1939186302865134,0.26765400033902975,0.17707011376894408,0.3102415540789993,0.22665805870194636,0.05959927695338574,0.2246703868436536,0.1560385257689849,0.28824381466416626,0.20131489937526587,0.2791652561462325,0.14977521560823384,0.416110781719684,0.19922599304908103,0.2907689533285283,0.16123163217646086,0.2458447637418716,0.4284049127537209,0.3917367125869499,0.011683539780204628,0.2821253138694999,0.27700816709795045,0.4884153626529569,0.00225485248929807,0.24763461388317748,0.20136686737003623,-0.08579388635941418,-0.09127536229985043,-0.015208366456862294,-0.07368261972984988,0.01173784202549949,0.024432688610347867,-0.18967655806440648,0.17891854583798406,-0.04457975602195835
0.07510378639622031,0.22108242903901948,0.3106555320006382,0.19438393830204656,0.20329782908125246,0.2468156368704105,0.20370065748342947,0.20085404806741833,0.39437505069357176,0.15840986648820263,0.19141208961380038,0.20409044453616015,0.15333101279677946,0.20628563538683337,0.2655890352240042,0.5445503847382702,0.2385295406389713,0.28835521113005863,-0.10487301619554032,0.23220424485605892,0.23917541663511385,0.9488404030916741,0.39416588118554025,0.33081542648956597,0.24999248792539444,0.24466594063972372,0.23719936645286235,0.17106069931489118,0.20747647027006944,0.19359797616590876,0.21309742802229148,0.19844466477992448,0.2379212002750005,0.19476554147598954,0.13431646290176122,0.24784385197062772,0.2841584911691798,0.15170059808185354,0.20497321571927718,0.046947175792016446,0.18651180851974422,0.2607649412076918,0.5168420213912432,0.0488744398100981,-0.007058313912845971,0.3976083884915419,0.4188195647779768,-0.1261014998077832,0.5948352930823526,-0.28422506021475313,0.07251517331616905,-0.26728520022684044,0.12216116069767004,-0.15671670408561117,-0.04258322417443931,0.12162578815406319,-0.13144391026263033,0.2664975706483847,-0.2091719392649645
0.023531913928706065,-0.09214895168095955,0.2079515453137942,0.29457331746623794,0.2926705859145405,0.10453633026566987,0.27014188086230084,0.2561482100939391,0.43806787787680945,0.3059561569053898,0.22628456002566438,0.1056884495980087,0.2389299448076672,0.15380277428430952,0.38391748345713095,0.32680556526410875,0.2748943925508099,0.7573627066638894,-0.553897267308486,0.29101628235556676,0.2626397264867702,0.39416588118554025,2.2070986256174634,1.1025313710615205,0.6072290509754348,0.1405817966751658,0.07577550443993747,0.3443611900281306,0.4809621500227416,0.4404775292272571,0.08296202704633522,0.05794611504758965,0.5662912009082374,0.3219756179888767,0.3563207191840654,0.0928757198941005,0.6537966749683344,0.17848501499411248,0.5263792934780087,0.0080524757207798,0.2682036531996843,0.25621602414515254,0.4041764338908884,0.040249050804473524,0.03442514745902323,0.39551043095317984,0.8427202523674704,0.05517653120206556,0.8519101686367588,0.08993408817669976,-0.09291802392245967,-0.03820606897463312,0.347171431553359,-0.27870594797724907,0.19384183124834703,0.07086040470159854,-0.07316745822341898,-0.26440663466308095,0.08921679505618238
-0.03334708627466104,-0.11391733988054596,0.16455969860504338,0.21127147848807115,0.19933000552923272,0.13765531018872199,0.14642703710571878,0.08848795501930626,0.29778537745040284,0.13812865088220228,0.18549701323740003,0.13336580944714213,0.18916272722009042,0.20330054949221532,0.3067688889574928,0.2855310164621093,0.2595471439362015,0.2629313475226615,-0.17992274813938305,0.4884499779022052,0.24663696338775898,0.33081542648956597,1.1025313710615205,1.3918797413909063,0.4638911004771579,0.023233286899382644,-0.021025135726688012,0.26788821744290675,0.42808147769838173,0.809365577557317,0.39007376688022316,0.16762704927660693,0.3052927745441323,0.08958994015444491,0.33489961121811634,0.40966763752995305,0.5309367674349221,0.27089177584092944,0.4110347565951795,-0.039116346316952565,0.35706015561902194,0.24458125278873297,0.29515325849351687,0.0473434015797548,0.20412287483717195,0.4275012571082581,0.6099567889716644,-0.003903617484331798,0.6679305251133196,0.09164182944268016,-0.06880047761087472,-0.1983908133903632,0.20528040847189252,-0.21997365596278448,0.12964484360523634,0.1725989880670788,-0.10650408872639815,-0.6081910211181246,0.37658210989003826
0.07030480370375619,0.13727510648232316,0.188380053057029,0.18746097344325405,0.20244628279708848,0.2281287182548487,0.17481752167090645,0.20210005916138724,0.1823762317569712,0.14917669123286578,0.21834483583318745,0.1921494962791276,0.14782225360931892,0.1458453961737691,0.2671781025579181,0.31175857973573984,0.28169522091957194,0.26527233227778113,-0.04603763699300286,0.3542194126129441,0.1939186302865134,0.24999248792539444,0.6072290509754348,0.4638911004771579,1.1209709706240114,0.08721155454142361,0.21952567654016136,0.22074008936822273,0.463909803866727,0.36466110537021634,0.15925573194082107,0.08305357633614638,0.20322410543772568,0.29633348778958224,0.3557088791611528,0.16040913104577592,0.44504395775635747,0.20844649636747037,0.20170970386862414,0.0012507585825337398,0.1797518199278671,0.218250030346419,0.37598017232956504,0.04195866615687434,0.18668625091836014,0.3811379455459927,0.44766484742904633,-0.036650055821612106,0.08349360440424186,-0.23747145974071235,-0.041176776486530925,-0.03442319989843294,0.18151010874172407,-0.10392687600195012,0.05574232954580706,0.15667954945436594,-0.09146981174317789,0.04873033715959965,-0.22594872526477097
0.057085919115351144,0.23358843251517117,0.2625706792687349,0.2654832530525801,0.28100908330632796,0.45924758172710023,0.14872765089710616,0.3556736356187747,0.2559522989858911,0.17958208941955195,0.24587173812144417,0.20110041280335206,0.1579199171216967,0.30028892292409914,0.3627242775452353,0.08911266956786258,0.267849839515689,0.3884641973363955,-0.02880276404395312,0.28852607139746866,0.26765400033902975,0.24466594063972372,0.1405817966751658,0.023233286899382644,0.08721155454142361,1.9497104641459222,0.23475513159058736,0.41239339299104727,-0.1152189494751304,-0.8567598758688507,0.20136051624288817,0.24800486021952253,0.2675193988101016,0.4598159139432293,0.3240267730986974,-0.18056953158633413,0.057521779031908755,0.15487117807026968,0.4080508504369039,0.3560978229753874,0.07831529130174755,0.28022859941220407,0.2491244267090235,-0.08495508595615733,-0.22190285202835772,0.07829629495669627,0.18981199038424487,0.051308944671890705,1.1739628622848237,0.6398420196319541,-0.7001931440877948,0.3558993093415957,-0.29929319707933427,-0.01896897815595239,-0.03025941732227295,-0.03519328555351768,-0.17645458899754568,0.6299095524970162,-0.28036115139585
0.08115228098992494,0.3613152466122741,0.19572513238248432,0.12124392514068257,0.1630559311908491,0.28796977827430403,0.15812238163611542,0.21414488452434086,0.1507418345928105,0.23577077440866415,0.253608181437302,0.2503584902395206,0.11295422036379581,0.07270216182773015,0.19981080242558744,0.21313868675996872,0.2188651257421877,0.11233254472011066,0.05763843629898646,0.13077698346067676,0.17707011376894408,0.23719936645286235,0.07577550443993747,-0.021025135726688012,0.21952567654016136,0.23475513159058736,1.6227950948102456,0.33602598606943596,-0.024087593150585243,-0.07928354512578313,0.1862502831677864,0.10453243559162893,0.3472448475778686,0.2912342968158133,0.25013062560254395,0.23089653584560096,0.44175525261423076,0.13980645368641903,0.13623585480872002,0.316412177362785,0.2033303074307596,0.20960716714309194,0.42246649728064434,-0.11858040652106129,0.059912580180675794,0.3340995332861442,0.22207457373815861,-0.0528151544621976,0.47327892322001713,0.05885912410354065,-0.3403493081574412,0.08841280377631064,-0.056531334156494535,0.14889971391381343,-0.03848725246056181,0.1334704876959896,0.05843758617563142,0.3347108254829807,-0.33765835622189133
0.025258874935429092,0.09101442433162629,0.23022349745212375,0.1330460168189504,0.06949723311039994,0.21495324606398825,0.0733082406587873,0.12499918936148516,0.08291730978823204,0.16759400315122305,0.2296569287592962,0.12401766093055835,0.10464890723008977,0.14912011093424574,0.3856525066717582,0.15087411760608974,0.7000024449702782,0.2759982011031222,0.13184736974486497,0.3792086928900268,0.3102415540789993,0.17106069931489118,0.3443611900281306,0.26788821744290675,0.22074008936822273,0.41239339299104727,0.33602598606943596,1.4849673941097685,0.0612883147782079,0.03241918793846963,0.2337836877787812,0.06150812705907522,0.8023419703230393,0.1995103932428812,0.949702538325334,-0.10163736472897948,0.7440548367712956,0.23787893507216654,0.3744769678725263,0.16698850202981752,0.24899182745642712,0.32000191657624566,0.35154866229536863,-0.001910491907359198,0.0795040462067454,0.25783637593648234,0.48306552424099863,0.07244818373841515,0.6094205356512353,0.8428909502086361,-0.6467977197029751,0.7895283546772912,-0.531803708555879,-0.07456588030735485,0.22321794589996347,-0.038626011035783205,-0.1203153968450787,-0.10386685690610067,0.16038190590760673
0.09725569814767472,0.21621819024830596,0.21073175791238533,0.2854677325250953,0.2532294279071312,0.5244133593010017,0.23312882650352004,0.1581881179595455,0.08069933264957038,0.14696912267403064,0.23322890357772666,0.22495120304907723,0.16504786819810194,0.2888152619687539,0.2857512609724763,0.2967628025792785,0.23722061369150513,0.22079961178864185,0.03451573679829838,0.38860010922004146,0.22665805870194636,0.20747647027006944,0.4809621500227416,0.42808147769838173,0.463909803866727,-0.1152189494751304,-0.024087593150585243,0.0612883147782079,2.435250059966464,0.20681759590872456,0.11961573634859242,0.4192830632816601,-0.23218815467272272,0.4225576225751133,0.34771977213157573,0.2356299616476665,0.18895294475538826,0.17389969586714848,0.5006839393279623,0.041258581327958295,0.5167490851389945,0.20400450069696544,0.18059472942534596,-0.022842065984332856,0.05873596498592432,0.1684218742025751,0.3924014949311327,-0.04201319189632611,0.49307748676957014,0.6859065732148147,-0.5840834353441269,-0.12215739882501182,-0.28865615302850767,0.18147069481373795,0.1006820642099942,-0.022492497714246804,-0.26688739580719384,0.18246669308268137,-0.08035316074575698
0.07884664026758667,-0.15326060045250783,-0.7199603506964167,-0.009301565259173937,-0.013531122695993237,-0.2567811528457255,0.005564939016741126,-0.16497256572482077,0.006775802737088148,-0.10531327775106161,-0.0216444380677321,0.006876375807076638,-0.015589496384827428,0.12072788126639591,-0.009455863933964673,0.32316664737864165,-0.01894032534988474,-0.05886871086321364,-0.08562643355827892,0.30735432449084377,0.05959927695338574,0.19359797616590876,0.4404775292272571,0.809365577557317,0.36466110537021634,-0.8567598758688507,-0.07928354512578313,0.03241918793846963,0.20681759590872456,4.623747054879813,0.27043475870058714,0.15041941273728066,-0.4339727225171732,-0.8075346817612211,0.6042815891099402,0.9370849705759731,0.041687850026541885,0.2397365101297611,0.11977535435918316,-0.030726860298884127,0.8456889186775134,0.03037503044466204,0.44094397985548106,0.15527805584162885,0.9283625319166549,0.609422425761873,0.5951974864560778,-0.048251781920607986,1.103289712402627,-0.727848728159565,0.7629694204423887,-0.9986340374882635,0.4225417663903555,-0.03000481170475284,-0.0003761447762964146,0.14521406210783608,-0.23067903636132706,0.15493952127465635,-0.026828937916445108
0.03376602944169423,0.17216636085871898,0.20549896238614387,0.12157766179048961,0.13733054278947865,0.1710247286350923,0.10254891102538358,0.11815466781633517,0.15412620997396276,0.12227632802016747,0.16749621727428365,0.1395280155387745,0.09635034022392726,0.1403700816188109,0.25386196414933165,0.22029250632556935,0.2769107700197014,0.25628537647472344,0.06538875887144403,0.2944926751316347,0.2246703868436536,0.21309742802229148,0.08296202704633522,0.39007376688022316,0.15925573194082107,0.20136051624288817,0.1862502831677864,0.2337836877787812,0.11961573634859242,0.27043475870058714,0.7216343474223209,0.15387996560822015,0.07896860383512715,0.12724810413860235,0.24734157140365154,0.4816897941014696,0.4203389317888074,0.20481938595370483,0.3107912028042186,0.042917158971167206,0.33000057597937676,0.21952356820791183,0.295509942543302,0.036952100051344305,0.20571249847103013,0.35976687629910636,0.3078391186892973,-0.052711223100419265,0.05664934322160803,0.19557060271788548,-0.05763263660909422,-0.013482537402323726,-0.059333431268966015,-0.09689660326120228,0.035170047384053736,0.14078215979357397,-0.004566381657261544,-0.06700680788107835,-0.16148927015228415
0.08198306383888614,0.14594552833087193,0.12552311388244014,0.18460491435372103,0.17782348651713328,0.2701930695495651,0.12003171547836528,0.15326457256751214,0.1394856654832184,0.07386333103691495,0.1192004089300244,0.19455182370757076,0.1147264908973138,0.4002942529124667,0.18798300896364536,0.1893426745792872,0.13985085960517782,0.08011797519986784,0.01158415900740699,0.19766809473991914,0.1560385257689849,0.19844466477992448,0.05794611504758965,0.16762704927660693,0.08305357633614638,0.24800486021952253,0.10453243559162893,0.06150812705907522,0.4192830632816601,0.15041941273728066,0.15387996560822015,0.9199172830845737,-0.0671122866719504,0.16181195382220737,-0.056939034222549686,0.2398757975946586,0.01654336624114955,0.15865783643992803,0.2541102389097638,0.0321551395698719,0.24793191148454619,0.15100677612632332,0.1344283892122695,0.009505602915768786,0.016812700814793007,0.250053263080673,0.31998175087533115,-0.04541780020542456,0.53812900942726,0.3129781959562376,-0.0376757512520467,-0.09984542024921868,-0.3143308907601253,0.10253228444342698,-0.12722676368856084,0.03742280847120179,-0.1958839079983686,0.1936522755411214,0.01442876878052874
-0.005647560955967571,-0.0667015109904735,0.3472132854627359,0.019453760550482212,-0.031013437056093725,-0.040375684230190605,-0.00631864599698491,0.2541601262578841,0.12545741445188124,0.1934758735112967,0.1675235578566448,0.11618948113267759,0.1052075697439442,0.07858337935072084,0.26564485039015956,0.10741766173337336,0.4996634079815784,0.26218598558915085,0.1858568565085555,0.24394798281415941,0.28824381466416626,0.2379212002750005,0.5662912009082374,0.3052927745441323,0.20322410543772568,0.2675193988101016,0.3472448475778686,0.8023419703230393,-0.23218815467272272,-0.4339727225171732,0.07896860383512715,-0.0671122866719504,2.0506663877046325,0.16332454473173516,-0.24181132275977255,-0.281531014816798,1.0372172899836316,0.22084578725104265,0.027220257371542534,-0.12190556174490405,-0.292068728523217,0.32124730123856365,0.16046099985305692,-0.0042122642184984765,-0.3288335839687096,0.3215552931461112,0.7168040142334741,0.07632229109576633,0.6526761286204128,0.5142407119692353,-0.5449375656944008,0.1527043035479092,0.1446208075878091,-0.25737296886974104,0.1183388286614413,-0.13091092193004183,-0.008288195873473965,0.17337007234074467,-0.0798467216432499
-0.13060477302116494,0.12991223715289088,0.29581244197965256,0.3631961473525819,0.4308357419215223,0.470038714122629,0.2983016941485998,0.3284270603971352,0.12135634173697812,0.3646940884387316,0.2662223227266316,0.25432284520182974,0.19584039636224335,0.1544953570421584,0.26522952989499776,0.2209568533383262,0.2175647016229219,0.29923142110608997,0.08057841282341535,0.29385345381278305,0.20131489937526587,0.19476554147598954,0.3219756179888767,0.08958994015444491,0.29633348778958224,0.4598159139432293,0.2912342968158133,0.1995103932428812,0.4225576225751133,-0.8075346817612211,0.12724810413860235,0.16181195382220737,0.16332454473173516,1.9225267979779639,0.18466205140547126,0.10569825288836668,0.6385740142627131,0.18587121337065682,0.4988524207998601,0.007256731035351428,-0.09936659666518274,0.23932819266300762,0.6232647486538485,0.044247139382726106,-0.7091154660802744,0.0834709871121045,0.25945220726840584,-0.015579289559531724,0.22061694037867052,0.28325250598078433,-0.6958661763405477,0.49689662221510433,-0.08377076444768464,-0.013864159702420054,0.06662018411748771,-0.05642289623352765,-0.14974132067876658,0.2781202894708881,-0.06404646098066923
