4.118543631476635,1.345456861753041,1.2452664407183944,0.8174123240183404,1.1250001475707412,0.6676101563965797,0.7471390815519904,0.6947156723589165,0.4713325210301682,0.6805067659928302,0.5721209362656944,0.7284827350270693,0.6675887367682783,0.5318939690352752,0.6896623876182565,0.587835199749961,0.32126091447879035,0.7461538342694843,0.2994682612771073,0.46770615733434506,0.4868581179971534,0.5507334427092494,0.49493885851679437,0.28685266760657546,1.0751268306706756,0.3365526441127406,0.4999629939910143,0.20226943319942922,0.6955133305598987,0.4667487889095877,0.5392449674982737,0.4210039151991708,0.23034910378005538,0.19396784809315995,0.3463422133824836,0.6300594994531573,0.46933523556402834,0.3531384302650536,0.5986074129828148,0.1357185834017664,0.39643779973926746,0.27918203604175157,0.33742073413527823,0.2726669250278441,0.1860996007994099,0.5460278489964174,0.5721437153755291,-0.11547774030596106,0.20941018651275808,-0.2542001974503652,-0.002560875882792117,0.5405181067146442,0.16192433882000676,-0.1264523267069965,0.2673729059796452,0.0728105701751445,-0.4074800697596943,-0.20299534037508596,0.10769903762274408
1.345456861753041,3.3025702729598776,0.8533186546085142,0.3320801191468742,0.5554436839547205,0.4668926499634029,0.556004298034693,0.3840376232768335,0.484469724031923,0.4506003570053513,0.3910306074876191,0.5426496236219337,0.3986545872865828,0.3850688368230299,0.7315701624750912,0.42390016116364293,0.23948237965840186,0.29576889376137605,0.023671684503272387,0.3481438853481063,0.4469015185693381,0.3696680335456749,-0.16341506710898807,0.21568011778191895,0.5073675256269409,0.386914689658381,0.35599768158018996,0.3903138701823282,0.4013480686438651,0.41438440058460496,0.4380864065621128,0.27824886736902393,0.22664910487255274,0.1616114031990297,0.3998095793243274,0.32125221273865745,0.6908135186156072,0.3867245393668729,0.3700582255275637,0.257737350220151,0.37476522188694744,0.319700855258945,0.27907188763027047,0.1710398264620137,0.5292520982226242,0.2993081852256593,0.39591775496714515,-0.039379037293318576,0.36772394463610986,-0.04848799782044039,0.16161953510410268,0.6273421015133548,-0.11634089871309626,-0.07703957106490439,-0.43302972034745507,0.16829391014371878,-0.3674433524300198,0.3978391733330681,-0.12966687673683264
1.2452664407183944,0.8533186546085142,4.115337261091606,0.5639107906675429,0.20706338878589356,1.203078147800089,0.7145796478511677,0.8997205903518807,0.9569392441400861,0.8655631833052067,0.9023054097894494,0.851727852962905,0.9052642364245053,0.6211296407409095,0.5803224542738152,0.6850936951760258,0.7975437950944047,0.7795231746569928,1.2848033525561293,0.8443272964031553,0.623569327917695,0.8299126504657715,0.6359886403049725,0.6231895623264896,0.5950130228443812,0.518004095205936,0.6729158693959926,0.4525996376367532,0.9158329820864168,0.9639103564268059,0.607262696889278,0.5752244590566274,0.5366550872761728,0.5160247131269599,0.570900583919747,0.9080898131431346,0.7437522897061095,0.6869258305434004,0.651802429549475,0.2654548811381476,0.5730775441169752,0.5915211563208916,0.6273407255835185,0.4821409467077121,0.1809306188791385,0.748724481607391,0.8393993871248698,-0.1451960167316656,0.5292045638507373,0.12308045514129975,-0.11217679453024582,0.0703926531808185,0.1357829812192185,-0.3102418824976265,-0.1707463976688266,-0.018415625657394925,-0.518046319326975,0.21285625136038042,0.14678914705646148
0.8174123240183404,0.3320801191468742,0.5639107906675429,1.3673525643944882,0.6903792583865273,0.5473010720434272,0.38152349405301894,0.46815304687879145,0.3429634403883647,0.39896126419240024,0.380084841008894,0.41367851818207874,0.440082093566207,0.325827639701713,0.3136503372986827,0.37444703068211854,0.32740788855638564,0.4929865058966879,-0.0019543683910596614,0.32717438002229865,0.2975060106041002,0.3403277687474873,0.38690882280330885,0.2633091210772263,0.3861382107107596,0.290296580230421,0.3097961072965651,0.19025340032169136,0.37735420800255753,0.2489442224361316,0.3096795305457325,0.27002420480439165,0.17465329142504316,0.33372874998423047,0.2477611346250128,0.39918654930644804,0.349962684739845,0.34904537278531106,0.340643765547602,0.10145977104005417,0.21684008943276825,0.20863358596339157,0.292644228582506,0.2541162463927175,0.07926917501781532,0.2841269512086825,0.3781840798216003,-0.02730561133113882,0.29438234056578927,0.21573325357189546,-0.07922020496911907,0.5884185788061278,-0.13797476690970256,-0.20127443082292024,-0.10274698573910046,-0.04623645575891593,-0.31101377392126833,0.10373407418036101,0.17797505914603798
1.1250001475707412,0.5554436839547205,0.20706338878589356,0.6903792583865273,1.5162857474751255,0.3700901644311316,0.46473538483576077,0.47698419143821424,0.29501792315943776,0.3252156577065998,0.33638778597966534,0.43907721857433707,0.46146960145482635,0.3441429283862201,0.31271100940354307,0.37802511861034344,0.19986241056543488,0.40237648432084117,0.028939304202046937,0.24864890612201343,0.27805939171759453,0.31177858554514565,0.33438221929125767,0.25397009262194936,0.4301115142576547,0.3195365911800756,0.2863714046636554,0.13389070326218713,0.32635761878692937,0.08295372305197984,0.2927258793307663,0.2934274843290555,0.206790780392735,0.37741358499767835,0.17552710321298484,0.37571503267897116,0.3113492832583594,0.2657776032725424,0.24634317163904368,0.07241735179318977,0.149969348127863,0.22128609983146555,0.20602412627593641,0.18741628615346612,0.048880230672770204,0.2591428265577508,0.3083154252396412,-0.03999141896139258,0.24579705327432408,-0.039079136534745054,-0.08550222581210208,0.5258029974638065,-0.0033792096436708846,-0.09086344110349784,-0.06510312965004242,-0.053350324681703185,-0.2499758521090901,0.012519456193692541,0.19443591803472868
0.6676101563965797,0.4668926499634029,1.203078147800089,0.5473010720434272,0.3700901644311316,1.3759445579790504,0.45903897035104513,0.6918076513584301,0.5444380425245401,0.3985259002177732,0.6005212219882125,0.6082929555644541,0.5961622727837181,0.5286619785477713,0.42186011178896793,0.5731228665291007,0.6374556650694789,0.48523613738884014,0.5535542298252106,0.6273064368211786,0.4827640212268423,0.5743354343182204,0.30930516834551236,0.3839868504147766,0.5590348118815602,0.5883694554331291,0.47873505896701957,0.28821775422057283,0.7014509108022801,0.3725641256599429,0.4400073666549365,0.47062250947643586,0.18494459105749914,0.45006842126583524,0.3657544349288834,0.5856258646353575,0.34665953525233983,0.4889324264397256,0.4192829800138515,0.25021429099369463,0.2122126190242015,0.4959447225838659,0.42632759872086623,0.2332514051289339,0.27150852063435166,0.42704482850575975,0.4267771586471399,-0.09093610529032346,0.15920818813302914,0.2129140822290337,-0.17968335214224748,0.22222495706245154,-0.08006863534450714,-0.14154009877350857,-0.2762338130336442,-0.06688997259932149,-0.3891509930366894,0.33031175899610604,0.11976999480425839
0.7471390815519904,0.556004298034693,0.7145796478511677,0.38152349405301894,0.46473538483576077,0.45903897035104513,0.8820298156694926,0.3356485133188018,0.5365907602148752,0.3810344548242277,0.4066862620484139,0.5789240927282115,0.4385366050969575,0.4477298996926131,0.21747384051828367,0.46503778809900875,0.3677348836404734,0.3705972100559882,0.3639199760931852,0.3553360631641654,0.3539560210818927,0.48591353207205606,0.3866851711145703,0.3256285830355773,0.29891431749660563,0.3016819145884386,0.34385557306169573,0.22745526509334196,0.3709128183420303,0.38637528731911996,0.2881361501307515,0.35926591773654315,0.3178218542557156,0.29126239686460104,0.21599957492148994,0.44319179860845065,0.40769961660894827,0.34032326752217823,0.38068777774911405,0.11411890139450816,0.2938144908107355,0.31286828508377434,0.28771433530839907,0.3013314485745198,0.12209112468758913,0.3415287961254444,0.4205345263403345,-0.06887098405935708,0.5366484790306824,-0.043588241128964936,-0.08356957983917397,0.2242499580895046,-0.01635495049584752,-0.09509969614270936,-0.1824234344255463,0.1354575182581611,-0.2205239406793072,0.2573130409973292,-0.34118846152151905
0.6947156723589165,0.3840376232768335,0.8997205903518807,0.46815304687879145,0.47698419143821424,0.6918076513584301,0.3356485133188018,1.0697949440713663,0.40907864588543363,0.41753287087184776,0.5119394562771009,0.3653577893808069,0.5736674100125594,0.45538352889690076,0.25679658144992196,0.440306320789233,0.47581286469987427,0.5063796133941365,0.40831041742487184,0.49139369773604724,0.335089823271248,0.4203329682634448,0.39194883713187484,0.34214665734830496,0.41830567383441103,0.39343583700371393,0.39166310459908127,0.1831860925176905,0.5583847807400181,0.4518412386283185,0.34913076216128586,0.33950929978448036,0.20500095541338598,0.37282169085460487,0.33377408198688246,0.49888857399877196,0.3736768138205064,0.3430641176785719,0.32687079979290945,0.17151140778805044,0.29650944791393125,0.34716255014790676,0.35883443849514907,0.23411025812596523,0.03420632937125371,0.38588911915564506,0.4655241883990313,-0.07417225683805645,0.3749390927932294,0.042623927586887066,-0.08510672890136611,0.20903269778634065,0.044317805538348645,-0.1679597492512129,-0.1639889486479846,-0.11763517454890132,-0.28066953689251845,0.17582184040197393,0.2750683393916054
0.4713325210301682,0.484469724031923,0.9569392441400861,0.3429634403883647,0.29501792315943776,0.5444380425245401,0.5365907602148752,0.40907864588543363,1.1577855301557543,0.33192126913439657,0.37392372596381507,0.37861620446372574,0.44720501021445275,0.36719859930992177,0.11223929755168689,0.346836012582684,0.39245086317703204,0.4611450356907998,0.4485871342469988,0.3561844360649153,0.35079806312252104,0.6947080847887016,0.436688490230944,0.35283797940907397,0.043943999282971706,0.2901837315910046,0.3247060432585507,0.3208746016369495,0.3136915297239494,0.5508079030185291,0.3454983043575901,0.33231565252738304,0.417173699435194,0.22833200266896922,0.2929188217292804,0.35537359028279664,0.5559158775456619,0.4074796407242478,0.5035821486975753,0.10366957259848344,0.36379471378570427,0.26339850277360216,0.3699511235546955,0.4376061667089071,0.04427311861899422,0.30034376373159344,0.4979798631715165,-0.034190688961112305,0.967333538852608,0.027100744918118754,-0.06961852808250618,0.15621400700719879,-0.07525977663861859,-0.17284141311132753,-0.12088386210300457,0.1984594259886708,-0.24657052844700553,0.12219821671302167,-0.15612652569620722
0.6805067659928302,0.4506003570053513,0.8655631833052067,0.39896126419240024,0.3252156577065998,0.3985259002177732,0.3810344548242277,0.41753287087184776,0.33192126913439657,0.7218789674508614,0.35478024352026677,0.3598448677140305,0.4131756121586668,0.30906627309768664,0.28773962951439863,0.32835262138543514,0.33538734695387584,0.3668522598768503,0.2706762869009636,0.35998023029012555,0.23822022774676035,0.34301499708242805,0.3309900303676583,0.27156821092153527,0.2631581335271385,0.19778170732079006,0.29046735466541784,0.1781322469902837,0.42297894636533534,0.5372612417155812,0.2551107269398611,0.24029600327604628,0.12643325538071987,0.364855941024592,0.44342570056395625,0.3708691297127906,0.43829310812116806,0.23554544932203722,0.2888293084925721,0.1400196404993997,0.35746360988542303,0.23859083785475,0.3062758181671278,0.28481767602852315,0.016350766281263043,0.3307678874742074,0.4782598425251434,-0.07011616002880254,0.37941379125012326,-0.16765961935616686,-0.015679002363513227,-0.17915916019545747,0.22167307269265304,-0.09076148018606524,-0.03805394235374816,0.041630149605305436,-0.22070942348214093,0.009828666694456877,0.11035229249928255
0.5721209362656944,0.3910306074876191,0.9023054097894494,0.380084841008894,0.33638778597966534,0.6005212219882125,0.4066862620484139,0.5119394562771009,0.37392372596381507,0.35478024352026677,0.6545625634352349,0.41186141342577814,0.5425101695443239,0.3916502938127183,0.309917537738004,0.42492539852188155,0.4526613482099362,0.4092812877814495,0.38095720921081255,0.47407108422046246,0.333788022766114,0.3967508086570541,0.36388064124315095,0.3466951561277482,0.3385605085087353,0.2965056523024642,0.3622812517601976,0.22345509008671954,0.5165718139748992,0.4744504037272223,0.3090923763428729,0.3278313327190276,0.2484025404526453,0.3483625287731114,0.3427126123680948,0.4952118697830647,0.38313817840581005,0.341896722268448,0.2934236689140957,0.1579880819547652,0.2962148823836755,0.3413629080866722,0.3244901817193967,0.24699435009385054,0.07311183685120207,0.38220343903554826,0.4386087920909276,-0.08593726216337459,0.3508263997777211,-0.021864805386222833,-0.07505680397379993,0.08724908473185143,0.11197819135114642,-0.10923962383301833,-0.16818888246528474,-0.04315926895911941,-0.25317304128658574,0.18311739196281368,0.08882727985731727
0.7284827350270693,0.5426496236219337,0.851727852962905,0.41367851818207874,0.43907721857433707,0.6082929555644541,0.5789240927282115,0.3653577893808069,0.37861620446372574,0.3598448677140305,0.41186141342577814,0.862863952796445,0.3984992882339742,0.4124253801847124,0.39043907169013287,0.49647631716587604,0.3963822900914656,0.3241493059409527,0.3373238854316026,0.39596639057496047,0.34549395124155485,0.40848389035881305,0.3018093964331443,0.29367644841279134,0.3453371464851548,0.3235505732001757,0.39870389870406703,0.1360748431362647,0.3666223722229892,0.3249124237003223,0.2846048274970591,0.37641043219789166,0.24547369649772405,0.28412206811934904,0.18090874310893365,0.4433877984527633,0.3097688495481768,0.32866624488026003,0.3290443821757824,0.1356019623738313,0.25140500885683603,0.34800804711446476,0.2691560885924266,0.2069931295032476,0.1450629836086715,0.3376438653339104,0.3803230763022744,-0.0679808718169504,0.2873771181098833,-0.042398167809157485,-0.07637233463549258,0.15051100651596167,0.15301397555682428,-0.08385380353153282,-0.18949262868116465,0.08951834287493018,-0.28952814257877396,0.20974927748305203,-0.13266884926869646
0.6675887367682783,0.3986545872865828,0.9052642364245053,0.440082093566207,0.46146960145482635,0.5961622727837181,0.4385366050969575,0.5736674100125594,0.44720501021445275,0.4131756121586668,0.5425101695443239,0.3984992882339742,0.9389852887739457,0.4320755993841376,0.1426714934797186,0.45749973857414217,0.34924438890382975,0.46292371899940615,0.4819302366313004,0.4176642785961233,0.30465706177482466,0.4666327037411415,0.4908300727472336,0.4168999904258733,0.41882284533978037,0.3058025164266926,0.42604489968742737,0.21359816108186722,0.6295639556560744,0.5034075841487766,0.30287772118351175,0.4225174938107015,0.2713276307277243,0.42971972502285644,0.3840518479298413,0.5970736267784879,0.3060039322100587,0.3118326451137642,0.27762495436525103,0.13206195579373475,0.29148054106387383,0.3429300347633495,0.3213257494587406,0.3091209420291038,-0.0976993884406527,0.44212226774250796,0.45299673328929974,-0.10053841592400299,0.4211872248830749,-0.014281729363807238,-0.0997042501013687,0.1542500297835814,0.12221886862246112,-0.1447989231328277,-0.15919244946924405,-0.10340756365374572,-0.21672963165024015,0.13311422736818693,0.14694731694897398
0.5318939690352752,0.3850688368230299,0.6211296407409095,0.325827639701713,0.3441429283862201,0.5286619785477713,0.4477298996926131,0.45538352889690076,0.36719859930992177,0.30906627309768664,0.3916502938127183,0.4124253801847124,0.4320755993841376,0.7951472763401172,0.3290540695104979,0.5844320908529981,0.39489920079211416,0.3100239943267125,0.40791114741175233,0.3472489639941501,0.3590098682451331,0.43150914812611224,0.33907107784873464,0.35005197113669156,0.3763059474672558,0.3282280903650582,0.3146699173831993,0.283620746004384,0.45156603514624305,0.5581560710563475,0.26390174834093993,0.3048001954923011,0.22424232467086402,0.3149081539527391,0.40574182770939704,0.37995539728788974,0.4202068189572796,0.36727145731693533,0.3174257446624926,0.1613570763891251,0.3754990692481816,0.3349738795067965,0.3893632793383613,0.33576604418641887,0.09131277380054224,0.2796856540863281,0.459889743944429,-0.07245539727575055,0.586245513439903,-0.007974554909262863,-0.11401003032437437,0.07242844616169117,0.009795128675435291,-0.017208081585112025,-0.23213632441618087,-0.03618097384899675,-0.3649136016518064,0.26991079349913527,0.24598506423969763
0.6896623876182565,0.7315701624750912,0.5803224542738152,0.3136503372986827,0.31271100940354307,0.42186011178896793,0.21747384051828367,0.25679658144992196,0.11223929755168689,0.28773962951439863,0.309917537738004,0.39043907169013287,0.1426714934797186,0.3290540695104979,1.0238534238687698,0.36240090764409383,0.3540240985623603,0.3121677647095949,0.13323046200414929,0.3619980922124352,0.31304096614051774,0.20284687684605854,0.23329341428025277,0.24920215815132507,0.2863609669639063,0.245534742874284,0.23429706796897298,0.2625088516551811,0.2968945018733724,0.4840602886518674,0.27038695012022124,0.14999180007206256,0.21967395247620652,0.23420850375015176,0.3574623177085249,0.31895219575973016,0.5280016539273445,0.345629233401279,0.21706713928841265,0.12303693396134811,0.34641075947817773,0.26681208056627725,0.3261873063160341,0.25844247117962743,0.23713786583994637,0.30689018202729057,0.3827515151005752,-0.06803772439396913,0.16092421996564124,-0.08046258226290506,-0.01490494105923935,-0.13886306717242852,0.15555619056284414,-0.058170492654475436,-0.17956610918726748,0.08542382713351256,-0.3872294865991342,0.25671885155967267,0.02198538115962514
0.587835199749961,0.42390016116364293,0.6850936951760258,0.37444703068211854,0.37802511861034344,0.5731228665291007,0.46503778809900875,0.440306320789233,0.346836012582684,0.32835262138543514,0.42492539852188155,0.49647631716587604,0.45749973857414217,0.5844320908529981,0.36240090764409383,0.7544838477021168,0.4513917367435072,0.3438362045519949,0.3762897513124286,0.4096741176449257,0.3456904031711303,0.5013243076471446,0.30278078066467184,0.344429496744781,0.34869094626553276,0.33566690484334816,0.378210489327911,0.26870096430496143,0.4690860731902691,0.5053171428840441,0.29846805232737383,0.3532922897428127,0.22268296467690582,0.34826624307920107,0.39852366681370527,0.43798467503922095,0.4098525893371975,0.3632646668792046,0.3228961775295539,0.18207987767777217,0.33708795254938606,0.3999096387973552,0.3781988764992221,0.26656485432560323,0.12976576543918913,0.3210143866029064,0.455581816471692,-0.0758528618241894,0.43206477387879777,0.004906259162872773,-0.1146419771645092,0.09052935428664838,0.04287716944189095,-0.06061165797985479,-0.19663021715018228,-0.006635685159006821,-0.3826499853777411,0.22456520379656592,0.18311622668763425
0.32126091447879035,0.23948237965840186,0.7975437950944047,0.32740788855638564,0.19986241056543488,0.6374556650694789,0.3677348836404734,0.47581286469987427,0.39245086317703204,0.33538734695387584,0.4526613482099362,0.3963822900914656,0.34924438890382975,0.39489920079211416,0.3540240985623603,0.4513917367435072,1.0588812815046917,0.4714011530052426,0.4421011188430563,0.5542668051183472,0.38533544396509073,0.43022959867167404,0.3427945598808104,0.3754603217744546,0.3890803469059795,0.22934970430073523,0.33727444238133863,0.33651437193254424,0.5164570285685678,0.6130711661644996,0.3838060845942873,0.27069254526269254,0.3994239593935807,0.3264066413940312,0.34860458235546227,0.47295598752496787,0.7211655536050402,0.3983860657972709,0.41762892903143517,0.15657154563898942,0.38469291196146044,0.3619700112414089,0.40460533607471993,0.3479810293603253,0.19559543447238012,0.4509361523922216,0.5964583321904037,-0.1024661667362376,0.37369829676383015,-0.004497001063369467,-0.004952788684851647,-0.44153974463439105,0.09234373046405114,-0.14095448944741093,-0.15017675136825434,-0.02766770892526572,-0.30433950466371845,0.1989892667261906,0.1388010020283875
0.7461538342694843,0.29576889376137605,0.7795231746569928,0.4929865058966879,0.40237648432084117,0.48523613738884014,0.3705972100559882,0.5063796133941365,0.4611450356907998,0.3668522598768503,0.4092812877814495,0.3241493059409527,0.46292371899940615,0.3100239943267125,0.3121677647095949,0.3438362045519949,0.4714011530052426,1.0778773141657056,0.37079311319976965,0.35148358138007885,0.33112361079176333,0.4095005379802322,0.6119251618100158,0.27055880846436964,0.3797235262430843,0.31977372263752346,0.30151845077981143,0.24037042473797773,0.49469177348038634,0.30290422136689027,0.49752068905413294,0.29706220892272794,0.228331489166781,0.37038010559033896,0.28237553390405046,0.5506603778987254,0.5179036435796518,0.2630275002595604,0.31325109725391104,0.0685460587365478,0.3238435961472445,0.23371315432595277,0.2950608587744678,0.3328680152580229,0.02169871683695028,0.4946972374866715,0.5460041394133675,-0.09924982688161763,0.1926470985708321,-0.15891108981123425,0.2057579234210881,-0.23253753914471195,-0.09901554170967515,-0.20349372472330682,-0.1073128386395539,-0.022759452689392102,-0.23589105795364704,0.12556660096643302,0.020841379202924063
0.2994682612771073,0.023671684503272387,1.2848033525561293,-0.0019543683910596614,0.028939304202046937,0.5535542298252106,0.3639199760931852,0.40831041742487184,0.4485871342469988,0.2706762869009636,0.38095720921081255,0.3373238854316026,0.4819302366313004,0.40791114741175233,0.13323046200414929,0.3762897513124286,0.4421011188430563,0.37079311319976965,2.3209268496977296,0.392986206086893,0.32426191498018325,0.49584666116893134,0.21522715212657909,0.3249517242536336,0.4233750061898288,0.3265383399562522,0.33981973540798044,0.35938742319021116,0.5129986061261248,0.38343115275963496,0.3434566187894773,0.3457102886718272,0.3965149159775605,0.1882599886210819,0.08663334003546139,0.5902451900908655,0.21927970080684456,0.43856446468294413,0.1969979565973877,0.11857808245276945,0.2737282182915102,0.34160837608442574,0.29830513618203763,0.13208907458221258,0.13469707279896886,0.47968910540322807,0.3577109069079424,-0.12533650735632618,-0.2711564762440442,0.6851391084407451,-0.09082325116070558,0.1281017932586878,-0.4195811854112365,-0.19207291569069534,-0.20943868219827488,-0.006708642540828027,-0.18368328629460065,0.32586490170331545,-0.12191427134863969
0.46770615733434506,0.3481438853481063,0.8443272964031553,0.32717438002229865,0.24864890612201343,0.6273064368211786,0.3553360631641654,0.49139369773604724,0.3561844360649153,0.35998023029012555,0.47407108422046246,0.39596639057496047,0.4176642785961233,0.3472489639941501,0.3619980922124352,0.4096741176449257,0.5542668051183472,0.35148358138007885,0.392986206086893,1.6064640694142336,0.2554715436695528,0.31311709029444623,0.38942964202858465,0.4659232250619418,0.17753371251660877,0.49240376773958144,0.4419751438746134,0.30103472146200894,0.6784785768919762,0.8410539016277225,0.3831583487402481,0.3537786913612757,0.20283368254038348,0.5701009464764782,0.6835750415122228,0.5482580599371173,0.761139853606903,0.5559327160060491,0.366516839035292,0.36724899830886815,0.5749984566239486,0.6739803606226542,0.48036102994585,0.18321487289817665,0.24995763645406122,0.5578473905432298,0.6555667843140506,-0.1468510904712607,0.753779991373272,-0.16509870924152512,-0.11517580707016382,-0.04837519850953019,0.30307580179115334,-0.13251452212828793,-0.1560307840193635,-0.047820991517164596,-0.15866376882845312,0.24017526216966004,-0.04172778692892576
0.4868581179971534,0.4469015185693381,0.623569327917695,0.2975060106041002,0.27805939171759453,0.4827640212268423,0.3539560210818927,0.335089823271248,0.35079806312252104,0.23822022774676035,0.333788022766114,0.34549395124155485,0.30465706177482466,0.3590098682451331,0.31304096614051774,0.3456904031711303,0.38533544396509073,0.33112361079176333,0.32426191498018325,0.2554715436695528,0.7113684893316266,0.3346497226703934,0.3024674886909973,0.36187040169456225,0.27548844213429985,0.27770391098076175,0.2513218694632059,0.34226740924388915,0.2853851009388608,0.5448922858307366,0.33821479486760536,0.28675404227168255,0.3971603946754209,0.15624719229705675,0.2769540671189508,0.4236438199868517,0.4793315598035998,0.4574585257562052,0.5824779898058331,0.16047857832981716,0.41430413573644936,0.3431327153486315,0.3412675113783653,0.4327835872359076,0.3422417043202324,0.3171846174453452,0.4847289066114932,-0.04738559193463926,0.37022955549007514,0.06683195445249507,-0.09764911406290426,0.06042262983689398,-0.03158434000791132,-0.09093772070669416,-0.1962498079510985,-0.020768248022188223,-0.2702032427995356,0.2474271733352483,0.01046448189669835
0.5507334427092494,0.3696680335456749,0.8299126504657715,0.3403277687474873,0.31177858554514565,0.5743354343182204,0.48591353207205606,0.4203329682634448,0.6947080847887016,0.34301499708242805,0.3967508086570541,0.40848389035881305,0.4666327037411415,0.43150914812611224,0.20284687684605854,0.5013243076471446,0.43022959867167404,0.4095005379802322,0.49584666116893134,0.31311709029444623,0.3346497226703934,1.0766051459159096,0.36298678208096535,0.35647307665983,0.09738619995284879,0.312031624441047,0.35056937098668217,0.2856017314002673,0.3833037354088972,0.5325855205157588,0.3275222132938565,0.4123833989492191,0.29466417123753513,0.2952446307279028,0.3626349328950842,0.38516796357175376,0.4605811244453524,0.44480640749054606,0.5082461453545336,0.145706814646276,0.3435450732619526,0.2824420773049355,0.4231055373575647,0.41957112278817194,0.08925002584415478,0.2965848845175355,0.4868993820244635,-0.04821151655156602,0.733666892954622,0.1493656847597706,-0.11262612070124194,-0.07666369649918271,0.012263335599057913,-0.10738261550101674,-0.13758393402307703,0.092177731486147,-0.28888096043445655,0.16187173981721237,-0.028671808771196357
0.49493885851679437,-0.16341506710898807,0.6359886403049725,0.38690882280330885,0.33438221929125767,0.30930516834551236,0.3866851711145703,0.39194883713187484,0.436688490230944,0.3309900303676583,0.36388064124315095,0.3018093964331443,0.4908300727472336,0.33907107784873464,0.23329341428025277,0.30278078066467184,0.3427945598808104,0.6119251618100158,0.21522715212657909,0.38942964202858465,0.3024674886909973,0.36298678208096535,1.6580114576574285,0.6003354671624165,0.07712171152343776,0.07002667868134976,0.23719740228030825,0.061426687733524825,0.5305015038929463,0.8460663657652832,-0.03988609938009856,0.28433362913101595,0.47752696609669054,0.43507635468196093,0.212795964519302,0.6312956869060913,0.48437051093707767,0.33680099138129355,0.3480638062021026,-0.08792143465171888,0.4979012673342792,0.20337461002945412,0.3658281018022585,0.7765657336716536,-0.4102762374235035,0.5044274106505783,0.6572565255216759,-0.1369644618779009,0.9012947127817662,-0.5283817095986244,-0.04933318045917294,-0.30422887995395426,0.3425877927627723,-0.11738529699100653,-0.16415852363469388,-0.08062514280527745,-0.16823232838123647,0.20381766370725277,-0.02619402012336191
0.28685266760657546,0.21568011778191895,0.6231895623264896,0.2633091210772263,0.25397009262194936,0.3839868504147766,0.3256285830355773,0.34214665734830496,0.35283797940907397,0.27156821092153527,0.3466951561277482,0.29367644841279134,0.4168999904258733,0.35005197113669156,0.24920215815132507,0.344429496744781,0.3754603217744546,0.27055880846436964,0.3249517242536336,0.4659232250619418,0.36187040169456225,0.35647307665983,0.6003354671624165,0.7873600641006442,0.272845808406832,0.22578854479934032,0.2958733570755977,0.3806436970086872,0.4033006860385128,0.9042751776840073,0.2838202210372999,0.3740801864671338,0.7258951964553934,0.3729221597126983,0.3815106256258468,0.634235669445807,0.6368354786492867,0.5821099644221923,0.34685680207516584,0.11682307663786033,0.3556123192468953,0.4376988445091904,0.41640690614425074,0.5210589465845039,0.08330824428681381,0.4761396502449947,0.5729545170355036,-0.12417634978484428,0.6776912568430881,-0.1751097223621697,-0.21446848387665182,-0.20038297520442547,0.2949953836745286,-0.12279291121273592,-0.23262360233893542,-0.1423411638295559,-0.04340760989899372,0.24349380592130684,-0.035082325595632624
1.0751268306706756,0.5073675256269409,0.5950130228443812,0.3861382107107596,0.4301115142576547,0.5590348118815602,0.29891431749660563,0.41830567383441103,0.043943999282971706,0.2631581335271385,0.3385605085087353,0.3453371464851548,0.41882284533978037,0.3763059474672558,0.2863609669639063,0.34869094626553276,0.3890803469059795,0.3797235262430843,0.4233750061898288,0.17753371251660877,0.27548844213429985,0.09738619995284879,0.07712171152343776,0.272845808406832,2.970713342067265,0.30459024365854215,0.38539669256272796,0.17499998418638213,0.7525106081196788,-0.013652147490183935,0.4928119072484252,0.2874471572425011,0.17986779108945475,0.43377292310308546,0.16020562233840788,0.6822244014193845,-0.013486440996735497,0.40740833336669746,0.11970024059580957,0.11643111156384435,-0.07722453268039159,0.18379065998567437,0.17665954399777758,-0.04240202134574461,0.23520784166077546,0.589898773967129,0.2127117592310259,-0.18744737374545542,-0.9293264221810581,0.18549586110925007,0.009984514233287323,0.7108535548021505,-0.041442138240221894,-0.13013847590338326,-0.07669891430161116,-0.18489523035669775,-0.18178840542313834,0.03935097637136569,0.24628909372266286
0.3365526441127406,0.386914689658381,0.518004095205936,0.290296580230421,0.3195365911800756,0.5883694554331291,0.3016819145884386,0.39343583700371393,0.2901837315910046,0.19778170732079006,0.2965056523024642,0.3235505732001757,0.3058025164266926,0.3282280903650582,0.245534742874284,0.33566690484334816,0.22934970430073523,0.31977372263752346,0.3265383399562522,0.49240376773958144,0.27770391098076175,0.312031624441047,0.07002667868134976,0.22578854479934032,0.30459024365854215,1.7177401210797436,0.2887540935935245,0.25354606101930915,0.2524438390010878,-0.39352709455721646,0.37399171556864197,0.515732778311033,0.02577494708461374,0.387427084351043,0.28932192830600556,0.4102524603123576,-0.3615270246585746,0.10861272419150553,0.028111207977591805,0.2880759095153817,0.132792410319418,0.6199597187934418,0.1306068386752329,-0.12895850256346855,0.029499666447001926,0.22379248652492642,0.12122553250637591,-0.054344257087896974,0.23492386435096585,0.32978915027421174,-0.20948080644851555,-0.02680093871468983,-0.3151261450987726,-0.07900962306679367,-0.2807438846116681,-0.0632454421085874,-0.15424424937763745,0.3743837140806729,-0.12845942601156804
0.4999629939910143,0.35599768158018996,0.6729158693959926,0.3097961072965651,0.2863714046636554,0.47873505896701957,0.34385557306169573,0.39166310459908127,0.3247060432585507,0.29046735466541784,0.3622812517601976,0.39870389870406703,0.42604489968742737,0.3146699173831993,0.23429706796897298,0.378210489327911,0.33727444238133863,0.30151845077981143,0.33981973540798044,0.4419751438746134,0.2513218694632059,0.35056937098668217,0.23719740228030825,0.2958733570755977,0.38539669256272796,0.2887540935935245,0.7931279278442585,0.23231052210792905,0.3954007390658947,0.36605284703660246,0.3213888248432448,0.3372871665661193,0.2237949619348608,0.3192639355277186,0.3121973229252032,0.590527594104816,0.30446165306060413,0.32906948287116267,0.1853071431258168,0.19810892099078659,0.23351270951004707,0.3622214063562548,0.35104016038649005,0.07390542950440437,0.10655732099176653,0.3948455607312688,0.31597187063098897,-0.08957265023117496,0.25259030430685153,0.13088077063836864,-0.12425220105663931,0.30062193681383936,0.04177612658089252,-0.09802731132628188,-0.09181512659083865,-0.013671051814800557,-0.13326858540568118,0.08621937106393857,0.02837836524588431
0.20226943319942922,0.3903138701823282,0.4525996376367532,0.19025340032169136,0.13389070326218713,0.28821775422057283,0.22745526509334196,0.1831860925176905,0.3208746016369495,0.1781322469902837,0.22345509008671954,0.1360748431362647,0.21359816108186722,0.283620746004384,0.2625088516551811,0.26870096430496143,0.33651437193254424,0.24037042473797773,0.35938742319021116,0.30103472146200894,0.34226740924388915,0.2856017314002673,0.061426687733524825,0.3806436970086872,0.17499998418638213,0.25354606101930915,0.23231052210792905,1.290377173805528,0.10593119501228435,0.7046416392295785,0.3872395301740917,0.15443285659868614,0.5408472817889936,0.13424338779183942,0.7989308056622498,0.3781262202421695,0.7201921125897411,0.640673994985687,0.32596119361574993,0.21040647330249398,0.4139262812152749,0.3013196595030108,0.44452922222126356,0.5471382204205112,0.4910547553899414,0.25641650600139954,0.4143501403722103,-0.07324720804171471,0.2651152461685722,0.18910178875000042,-0.15368486133117207,0.5874887828850508,-0.8227500109398161,-0.006839757481303942,-0.20984733258761332,0.03665400519254977,-0.20110529262802554,0.24927177609842577,-0.04501133800772359
0.6955133305598987,0.4013480686438651,0.9158329820864168,0.37735420800255753,0.32635761878692937,0.7014509108022801,0.3709128183420303,0.5583847807400181,0.3136915297239494,0.42297894636533534,0.5165718139748992,0.3666223722229892,0.6295639556560744,0.45156603514624305,0.2968945018733724,0.4690860731902691,0.5164570285685678,0.49469177348038634,0.5129986061261248,0.6784785768919762,0.2853851009388608,0.3833037354088972,0.5305015038929463,0.4033006860385128,0.7525106081196788,0.2524438390010878,0.3954007390658947,0.10593119501228435,1.9248054511230834,0.6470450664440426,0.2006991749547535,0.3661259536097342,0.0809331899611991,0.6559045265908433,0.40827866645133687,0.8392937786584641,0.017057544389801456,0.0741133587516689,0.0581758827430544,0.2680516076453109,0.2648261307313174,0.40879772795551494,0.26957190040947593,-0.13011474534338419,-0.28550697969088806,0.5752761324813296,0.5629005400377117,-0.23280270729335925,0.49887811708466073,0.08448536050001092,-0.2135546410615509,-0.19339602402936762,0.0699750726620493,-0.060487258274632215,-0.15203238037826908,-0.15123673150466924,-0.3180290031108136,0.18702985741075848,0.2799707688135009
0.4667487889095877,0.41438440058460496,0.9639103564268059,0.2489442224361316,0.08295372305197984,0.3725641256599429,0.38637528731911996,0.4518412386283185,0.5508079030185291,0.5372612417155812,0.4744504037272223,0.3249124237003223,0.5034075841487766,0.5581560710563475,0.4840602886518674,0.5053171428840441,0.6130711661644996,0.30290422136689027,0.38343115275963496,0.8410539016277225,0.5448922858307366,0.5325855205157588,0.8460663657652832,0.9042751776840073,-0.013652147490183935,-0.39352709455721646,0.36605284703660246,0.7046416392295785,0.6470450664440426,3.8272692628491556,0.2909662565083369,0.20279826648306284,0.4912353956538775,0.1291297136940118,1.6557028073991131,0.5446242054950555,1.492208287418471,1.0472242234706144,0.9389521469195756,0.3936501292482192,1.5356727713594351,0.619464712984502,1.3349542504674412,1.4051774230020593,0.4100299574645211,0.6512043302243337,1.4628644106083164,-0.2039787908061463,1.8344863626477113,-0.8006310837996102,-0.22821808223613058,-1.0628514038940395,0.9471293189009833,-0.03438299524551439,-0.21137194767273831,-0.032302300275393145,-0.37474232162743576,0.7075031846027147,-0.16485268186132057
0.5392449674982737,0.4380864065621128,0.607262696889278,0.3096795305457325,0.2927258793307663,0.4400073666549365,0.2881361501307515,0.34913076216128586,0.3454983043575901,0.2551107269398611,0.3090923763428729,0.2846048274970591,0.30287772118351175,0.26390174834093993,0.27038695012022124,0.29846805232737383,0.3838060845942873,0.49752068905413294,0.3434566187894773,0.3831583487402481,0.33821479486760536,0.3275222132938565,-0.03988609938009856,0.2838202210372999,0.4928119072484252,0.37399171556864197,0.3213888248432448,0.3872395301740917,0.2006991749547535,0.2909662565083369,1.0598120592888285,0.3235227512017057,0.3493117602056542,0.20005981340806636,0.3575694077440484,0.6966304540952434,0.45898728180675463,0.4549487753385078,0.2642350419310981,0.16810387403092902,0.210105918699728,0.3377001081142788,0.2612645702953492,0.16382487904805784,0.39241935178615867,0.4714635130201609,0.3650578008364775,-0.08621302689184666,-0.25540688565384867,0.11845765053680993,0.036856188761426725,-0.07473142919456296,-0.00391016147577875,-0.18801652283248602,-0.10499074160355155,-0.02193432815044561,-0.060976159837510514,0.05629959862477511,-0.04537957633918559
0.4210039151991708,0.27824886736902393,0.5752244590566274,0.27002420480439165,0.2934274843290555,0.47062250947643586,0.35926591773654315,0.33950929978448036,0.33231565252738304,0.24029600327604628,0.3278313327190276,0.37641043219789166,0.4225174938107015,0.3048001954923011,0.14999180007206256,0.3532922897428127,0.27069254526269254,0.29706220892272794,0.3457102886718272,0.3537786913612757,0.28675404227168255,0.4123833989492191,0.28433362913101595,0.3740801864671338,0.2874471572425011,0.515732778311033,0.3372871665661193,0.15443285659868614,0.3661259536097342,0.20279826648306284,0.3235227512017057,0.6898262923595901,0.18268096105039675,0.28194996098950686,0.1554014545599262,0.5347679440375148,0.048315009183307535,0.22511040673661437,0.24577324301728068,0.14731535311099694,0.231821602473571,0.3874218814983803,0.08496199643426643,0.13982076041393585,0.02167121974555657,0.37400082383437966,0.3317328031058332,-0.09939164714909265,0.38050673176927663,0.05657944620840091,-0.08959752148318702,0.09810494857814375,-0.004790841313423223,-0.08950422422881922,-0.1864386698660937,-0.055028575964374056,0.2925847183321164,0.10632746532572282,-0.3471552896705079
0.23034910378005538,0.22664910487255274,0.5366550872761728,0.17465329142504316,0.206790780392735,0.18494459105749914,0.3178218542557156,0.20500095541338598,0.417173699435194,0.12643325538071987,0.2484025404526453,0.24547369649772405,0.2713276307277243,0.22424232467086402,0.21967395247620652,0.22268296467690582,0.3994239593935807,0.228331489166781,0.3965149159775605,0.20283368254038348,0.3971603946754209,0.29466417123753513,0.47752696609669054,0.7258951964553934,0.17986779108945475,0.02577494708461374,0.2237949619348608,0.5408472817889936,0.0809331899611991,0.4912353956538775,0.3493117602056542,0.18268096105039675,1.920055511216385,-0.08867001439089528,-0.5515361536115794,0.40321164559767114,0.901112669301038,0.6254577697232978,0.4793761207666815,-0.16896427413604678,-0.003115705785557816,0.37368609070655534,0.20780097364079603,0.5534552318252288,0.023521039546494902,0.42463541355399764,0.49552267046323406,-0.09381361147631172,0.7867537852078319,-0.12283317688805917,-0.2963588551620828,-0.11482959751199778,0.140286800112446,-0.22487583739387593,-0.20162420397533326,-0.022177520035412776,-0.1305009934755949,0.23126774316350648,-0.1625990202858895
0.19396784809315995,0.1616114031990297,0.5160247131269599,0.33372874998423047,0.37741358499767835,0.45006842126583524,0.29126239686460104,0.37282169085460487,0.22833200266896922,0.364855941024592,0.3483625287731114,0.28412206811934904,0.42971972502285644,0.3149081539527391,0.23420850375015176,0.34826624307920107,0.3264066413940312,0.37038010559033896,0.1882599886210819,0.5701009464764782,0.15624719229705675,0.2952446307279028,0.43507635468196093,0.3729221597126983,0.43377292310308546,0.387427084351043,0.3192639355277186,0.13424338779183942,0.6559045265908433,0.1291297136940118,0.20005981340806636,0.28194996098950686,-0.08867001439089528,1.8691589971107416,0.8398206220602009,0.4397627453995077,0.6026639963185678,0.40609837838763374,-0.303944964722747,0.16809186630181222,0.1641798698620412,0.4523946189301257,0.4939236030368678,0.2089330567965768,-0.14853340115941147,0.37259388129492205,0.4843603491899584,-0.0974538447171359,0.19982597125751678,-0.26169125706828295,-0.09513173636029142,-0.3641001758968526,0.4134501914547889,-0.07765578555204405,-0.16952265117677406,-0.016560379978815,-0.23168742045073534,0.02399433548054751,0.27879911026853843
