2.097227852779245,0.47430969467426415,1.326241931045018,0.02349766931773466,0.19406796280543512,0.15822867548576192,0.24443171277276005,0.08288771915522675,0.05557106230640662,0.2403676854644105,0.055856346602725586,0.3037379014358186,0.11075909849788433,0.15708587203014757,0.2247804372044289,0.15525469238677403,0.18442146308671448,0.2172145248099816,0.1336588051966662,0.07662209228059924,0.11817719126054697,0.12378024483565918,0.2377458560452905,0.1171127241208973,0.1829530496612626,-0.00189218596599552,0.195855813977566,0.04138325275052934,0.14898542525541061,0.17059691391417464,0.06238463775164805,0.1825926074063807,0.22616312574138422,-0.021399688978766977,-0.15017673137773901,0.2425578375052881,0.16558233419437804,0.0860683089693314,0.13452255165102533,0.12795623151438942,0.21022340095636124,0.11032341886411706,0.07057024502550964,0.04820051438491314,0.008289014345282987,0.21237213122179038,0.1701979079616977,-0.0824067499494393,0.568491013685937,0.09899997028083071,0.11352074592015518,0.011611779207494014,-0.02364627696098371,-0.007095060471769779,-0.18137331384712832,-0.06898212995382019,0.36813815176638226,0.23765821855251928,-0.3990150624476624
0.47430969467426415,2.3520001207203416,1.3859080821682228,-0.3730014151317385,0.257852872455577,0.48672959800042986,0.2279759065949948,0.5024683838814915,0.13334521966327081,0.38626772393143793,0.2855661418498632,0.35507093182157584,0.3734440377322411,0.22162443211085348,0.2996911803910313,0.3578037999792564,0.3646275849762095,0.5522879793445739,0.27858297361118606,0.3302768912938475,0.31837706234180335,0.2846826343889208,0.3202254732405813,0.2203340774408932,0.33599756696414484,0.13373500876759914,0.37356815728355025,0.1964066442807838,0.6895678827740932,0.3528732424413839,0.2319908964263387,0.22618427473268204,0.2583203145088447,0.40326512904973105,-0.002020292319503311,0.44139911874260696,0.5553434530274036,0.15602922815009942,0.3761522995080143,0.20284702374192007,0.43362541854281145,0.29588422473619,0.31425754225694924,-0.02221947172838663,0.14063108591106413,0.3403267776488292,0.38579505848861173,-0.09638194331901566,0.8633403128474841,0.14458931263194652,0.12160301429751763,0.21252559668136342,-0.16426134819437463,-0.11228848854690164,0.004040844841937376,-0.08514414086001774,-0.20026252477162315,0.02981324174331758,0.16842610589397944
1.326241931045018,1.3859080821682228,3.786275535693323,-0.1962506843603909,0.27407738958175876,0.7579815995382038,0.3257439748266225,0.8398580430736121,0.1838086202708539,0.6753639843156587,0.317608416770449,0.582343822213748,0.6076478667252406,0.4079398472337494,0.4774335397376729,0.5867499389784283,0.6819131348656431,0.5959919589351783,0.447009487157089,0.2452350823884968,0.4175962057843689,0.4673695947417012,0.5045694353012803,0.3795211502752262,0.5437033259653044,0.16591819374649264,0.5577540604284665,0.2759583687480348,0.7039264414261435,0.5093611513804779,0.25773640558495303,0.4014457511448442,0.434617367005478,0.5322301247299103,0.05742254851875804,0.7364642949061453,0.5710774787039643,0.11711493510995809,0.614196730119123,0.33565208994151,0.648203481152205,0.4075149262200905,0.46824395497033333,0.04716694854332652,0.03740105120746383,0.5354509797128814,0.5088174494905895,-0.19647145525541163,1.3027388738480792,0.3004046528733437,0.08848620374043772,0.1523316150678515,-0.06409913778779039,-0.13412822971998453,0.08424537473248492,0.017000129571105048,-0.05708778937356801,-0.08708090864327248,-0.05202725638052209
0.02349766931773466,-0.3730014151317385,-0.1962506843603909,2.8374417243600614,0.08891895415338368,0.1292762953411912,-0.018648877518627278,0.13695967540938642,0.007680016423063275,0.0427335229487371,0.21938336888744062,0.18679360602633527,0.14261183900513708,0.17637106551893197,0.12181378770418153,0.18478610709902318,0.1127348644170468,0.044771052514299955,0.03625674044114983,0.13260664452188123,0.1158218705506838,0.10358409863432444,0.10790837528530368,0.16017125948313923,0.1523905774433868,0.25816261859351064,0.12920448512481433,0.13589431724024575,0.06733561190292693,0.0769829749330631,0.09409083238603982,0.16532804319211825,0.01313850534848835,0.2174400323159548,0.3120326297921536,0.08636426696941202,-0.0035722208959455123,0.09033357555059918,0.09984868803763704,0.02865914610923573,0.0595908268580635,0.13000180197358077,-0.1531930687588583,0.48756341495031735,0.23534426906868558,0.09646101170344613,0.17675127500082397,-0.042364560384948735,-0.9398420720172636,-0.06857135274516764,-0.01231222356511519,-0.09060911855389663,0.04304757748963346,0.05063972526416953,0.04456056842742504,0.021102191122319435,-0.041390894142150476,-0.03574821106888493,0.0023074089244416694
0.19406796280543512,0.257852872455577,0.27407738958175876,0.08891895415338368,1.2661428981042602,0.5109029092883186,0.13007747581314377,0.32895320602448935,0.14262809379571445,0.1943121583961989,0.29235529714959474,0.3626837290994365,0.30226119174862637,0.2762095424287993,0.2563620982657313,0.3000548303238424,0.19722607321662505,0.17925300381237147,0.4410699410557399,0.10603949990525986,0.21198325527411688,0.25603548659735326,0.1740016617724146,0.206886180627775,0.2591531636407874,0.18965322936794923,0.18446100968101098,-0.019855455519924098,0.3222798153256768,0.11876491189343641,0.152053378217509,0.22066280807057648,0.15033453882036696,0.40150046155842334,0.13878024170891823,0.3338262054735443,0.23236690952025832,0.08877802935564404,0.3096592872047787,0.168661389397957,0.2835805176709699,0.20858402162457035,0.1018129246109345,0.03755516790436818,-0.030048352187793236,0.2562182322684147,0.19357000241341646,-0.09355859839934767,0.5487153188270516,0.10413790691382692,-0.08585999131898196,-0.5042205105844504,0.520191541438829,0.0035371907116014335,-0.03068996200483043,-0.0615152450294613,-0.08033631990713443,0.03899229722213623,0.10949396926742504
0.15822867548576192,0.48672959800042986,0.7579815995382038,0.1292762953411912,0.5109029092883186,0.9636026500083728,-0.054560558591952704,0.6510982176846464,0.17299322247865706,0.2872054590325585,0.4062321244476721,0.3580642580267574,0.3975206031314004,0.3055633049553906,0.29092678394688243,0.33865754243952734,0.37009044264997754,0.3058218661716435,0.41498439992413416,0.29218079981321776,0.3029670237305815,0.3077745372194784,0.2019615792598582,0.2731985826789254,0.3458042742005798,0.3074443519383099,0.29453835501155723,0.14438478446467434,0.5233746911218791,0.2798058858563135,0.252086856807283,0.2902907378965423,0.2162625211645678,0.42916318789081487,0.13963544739657363,0.3749684646147717,0.3806652428576355,0.17326427587997895,0.419915267415133,0.20303020912384184,0.3552450584936,0.2940622400009343,0.33340708511266925,0.014859563902218868,0.01158722518100036,0.2829756625407797,0.3200849838440223,-0.08767517411304918,0.91439600953706,0.18513820702231287,-0.32203432853798664,-0.1305385452798749,0.09882301044191273,-0.039469224359317316,0.0004506352767690856,-0.04188873367630301,-0.06743794941499469,0.017459422056774424,0.04984549882332571
0.24443171277276005,0.2279759065949948,0.3257439748266225,-0.018648877518627278,0.13007747581314377,-0.054560558591952704,1.4237559299052975,0.1248266569444845,0.3173762327820658,0.34779621522898435,0.422048476282737,0.6442757994459712,0.44296830724284353,0.40809603594040633,0.3327408761068053,0.5264432952387857,0.4240196001363245,0.2715605288861601,0.1206418613175696,0.34339878761826,0.28779991552768475,0.3729686004282975,0.2662280496324075,0.27605065425081854,0.3877485061711951,0.21704836720224474,0.41169800876079526,0.148061500533687,0.43555127315425923,0.36582708806406283,0.2151843992984774,0.42512571816488265,0.1916860869203491,0.519696286034753,0.1508182604998952,0.4260504161358199,0.255436588634561,0.18449269534305646,0.28585067090984095,0.3516612468363609,0.38763364023176256,0.327179500989865,0.5062053401361736,0.0340621900936146,0.2795559878625781,0.3183750095876238,0.41352226500994155,-0.1248943812858943,0.69052958700046,-0.2689284281582601,0.05104256312260015,0.14399203743042446,0.04605569139597746,0.04349450802537686,0.06554131272506229,0.0780732584904572,0.0636383167891243,-0.027010289577671046,-0.32095870623995
0.08288771915522675,0.5024683838814915,0.8398580430736121,0.13695967540938642,0.32895320602448935,0.6510982176846464,0.1248266569444845,1.164286930366283,0.04385982117586931,0.6508773054549483,0.5444764932580546,0.24036458938966768,0.5709111429624079,0.3772631454954312,0.27880953558833366,0.45490593455294753,0.4566135259322658,0.454601827110175,0.36715145381307945,0.3864396346180575,0.320129511286923,0.3456517587938432,0.25620530730465163,0.2830625926851626,0.4500664797612493,0.3574393288183501,0.39070185988539247,0.17395855687351974,0.5933190686327878,0.39416219904394273,0.32562460511647007,0.3615832094820617,0.12206505365928184,0.6247894255901397,0.2805689087378033,0.424976637265187,0.3941371062947117,0.19829694307136353,0.5916501541326696,0.27130940232367123,0.4429197818750549,0.3384280551394818,0.46516284718519146,0.04877603744945816,0.11688484737989563,0.35371764443547643,0.5549328968050934,-0.08912062932084872,0.8599283076993698,0.1601761052022435,-0.1660643234309794,0.039870364816830046,0.07232706463472911,-0.08305273858933973,-0.035310872732316353,0.002539024917164572,0.028823439137276318,0.0651922451537188,-0.16129616986933337
0.05557106230640662,0.13334521966327081,0.1838086202708539,0.007680016423063275,0.14262809379571445,0.17299322247865706,0.3173762327820658,0.04385982117586931,0.7971716499894672,0.07477473888855303,0.16648571762909167,0.2029592495641984,0.18703565987278564,0.23293629599122287,0.1840784553250147,0.08084083868075716,0.2093108942826999,0.15006119720627753,0.07945677348992251,0.1974557416524911,0.17911813804090704,0.30608911808193306,0.13216993694658408,0.19223279304797855,0.14906501939061376,0.14111277402543487,0.15375786136633934,0.10823629933829876,0.15538092301164833,0.21142105747315132,0.20377345935225136,0.22458230788923075,0.31577133232848087,0.1251600225889002,0.020823897293958216,0.22424742614408544,0.20391111999444175,0.14454883129259183,0.10051255553940587,0.09502118966937542,0.18294602039918054,0.17225110888415832,0.24902762974567114,0.02981869574632577,0.21088287351108911,0.23583513220797162,0.2072138140182826,-0.0740388598852616,-0.023834333359597476,-0.14121834594525964,-0.03218452009922987,-0.0419150792600423,0.19327903828111656,-0.058145265493348225,0.048398877269304606,0.027200304945172546,0.15586558309547646,-0.02807138407565768,-0.2643775041947287
0.2403676854644105,0.38626772393143793,0.6753639843156587,0.0427335229487371,0.1943121583961989,0.2872054590325585,0.34779621522898435,0.6508773054549483,0.07477473888855303,1.39598283312982,0.5022220622003778,0.3813206588089537,0.4756784838629435,0.45219639944134526,0.34862570868605475,0.5023857901484922,0.40322155004426724,0.4597550930154464,0.217014806735449,0.48038149605507663,0.3126335775920611,0.3433787572943653,0.30164046622129326,0.3227497951268032,0.45890951184950685,0.35519623856919685,0.4492314316525435,0.17113291708662773,0.6080245628344031,0.41282356756194977,0.3718065423948169,0.43596362974409836,0.06855328187450603,0.8188676267361789,0.3988898933229394,0.4440143058187648,0.39658760987116315,0.22872400798488926,0.5806113129126355,0.4193998983877703,0.512057914252844,0.37697854465832,0.5403580738269007,0.07302325759329181,0.18041960085085224,0.36942961184401896,0.8246602970181544,-0.1071714975531474,0.9486467481109353,-0.06376866743702754,-0.04423258460889254,-0.14615864387216085,0.16421453797461996,0.03136698944668454,0.13175090961793207,0.0011156776517393383,0.2186786438031502,-0.16154403520443478,-0.1938251858757139
0.055856346602725586,0.2855661418498632,0.317608416770449,0.21938336888744062,0.29235529714959474,0.4062321244476721,0.422048476282737,0.5444764932580546,0.16648571762909167,0.5022220622003778,0.7253826317440734,0.4269248600788882,0.4545732477146041,0.3565702720491877,0.4042965547551971,0.4500787480418337,0.4719996281737756,0.30893818128257544,0.22189551188096596,0.44408299517637495,0.31961695547783076,0.3072497269154408,0.2234289713943406,0.3013074751759729,0.41194729042926354,0.3762410355388227,0.39913461971494707,0.20733057348484557,0.5105021012294787,0.34429557185903903,0.29646469084230126,0.35499884848614827,0.15068392588846338,0.5589917700326241,0.3551595846148701,0.41392036028526275,0.35601300334738806,0.22828651332310482,0.4198246847659843,0.293867783812844,0.4084044678879467,0.35687423616966674,0.4374053512393241,0.035968161526138125,0.3238786631968908,0.3292419350905021,0.49384061341414415,-0.10783275822345374,0.4029120668543935,-0.049983720920246215,-0.1426364997618023,-0.07307642124171757,0.1364267921486636,0.016602310574705934,0.050120584246282934,0.01714226868860192,-0.016191523653323978,-0.02869464541763935,-0.13919388248739656
0.3037379014358186,0.35507093182157584,0.582343822213748,0.18679360602633527,0.3626837290994365,0.3580642580267574,0.6442757994459712,0.24036458938966768,0.2029592495641984,0.3813206588089537,0.4269248600788882,0.8847986510297933,0.36704450145805956,0.3896551338317898,0.35156358757586675,0.4136717978730121,0.3922236531395075,0.22817191976798024,0.23713189831138462,0.29080391128294547,0.2702930953660477,0.2968309145960162,0.2713233417682028,0.2688487300890604,0.42048891389650683,0.2340058423995547,0.4086777218756492,0.058308730206102444,0.4947841164316963,0.28485752236704814,0.15363781869634957,0.3793658380255508,0.17867660313701905,0.5045191958331419,0.10744300593460618,0.42583515539202077,0.2720349228136422,0.16578096669173406,0.3241858162091162,0.2861385068395041,0.3894169758694254,0.29683112796448696,0.3460510067654652,0.03807169115936961,0.03275370741248339,0.3115914802885897,0.38848284444883835,-0.1154391053019182,0.9861486206627319,-0.09409388770378306,-0.10165033015641765,-0.13450466411260567,0.2443172770127333,0.006975883357785999,0.02390366539503481,0.0164443644409172,-0.013091459674906412,0.0039120977282541426,-0.1358810660510536
0.11075909849788433,0.3734440377322411,0.6076478667252406,0.14261183900513708,0.30226119174862637,0.3975206031314004,0.44296830724284353,0.5709111429624079,0.18703565987278564,0.4756784838629435,0.4545732477146041,0.36704450145805956,0.6900941695077838,0.44231045563979593,0.26889439870938503,0.5648870101917144,0.38601921214371954,0.3630935638247194,0.28224251263349126,0.2719622028821517,0.2942595744623032,0.4361010478736381,0.2728990578364348,0.298270359195773,0.3979632824134371,0.2970638345619522,0.38083380537218864,0.18092499598286885,0.5150993680445346,0.3254373127045074,0.2587056520450576,0.39956158308085776,0.1697669471942621,0.5773823592297704,0.2767844770697647,0.4444691009347026,0.31134641508009125,0.1505411256060289,0.47837935576033447,0.27546819302806597,0.37988340803258264,0.32822016936306253,0.41707595599272784,0.06335393598683937,0.06258462020873175,0.3565455090583089,0.45003042870361215,-0.11884490096160469,0.628591511383633,0.008697960745706262,-0.08930615878803871,-0.01557732245778862,0.12342726312778646,-0.06734911062163113,0.2097596198303922,0.011133600535333122,-0.10449741489665892,-0.23097063132301607,0.0832749991827798
0.15708587203014757,0.22162443211085348,0.4079398472337494,0.17637106551893197,0.2762095424287993,0.3055633049553906,0.40809603594040633,0.3772631454954312,0.23293629599122287,0.45219639944134526,0.3565702720491877,0.3896551338317898,0.44231045563979593,0.7140155986313584,0.34416576086439643,0.5748439840667321,0.3355005593761297,0.22720600579459307,0.17692781175780756,0.3137200057665684,0.3075291039493528,0.4027744673540557,0.2653845936203525,0.33636436824960164,0.3921223622139601,0.38370813647545204,0.36499000272973975,0.13781986706066446,0.450088866101495,0.3387219740593204,0.2318229754820431,0.5266914497838883,0.1580768433696088,0.565567393336132,0.3718367493289397,0.4567908752536648,0.25222093065061896,0.1897380416138803,0.37068158612707713,0.3296996443736369,0.38849310600143366,0.3625941262838251,0.40061674539002007,0.0764863612731363,0.07473391490608346,0.34933302829411306,0.4610958920190995,-0.14680550097991985,0.7552089484262812,-0.14205564081983105,-0.12404832974338384,-0.30494800281575385,0.38021986124542395,0.029730669208358654,0.10659647463676265,-0.014185610723318202,0.11170563378999214,-0.1308120143523729,-0.05551721545671363
0.2247804372044289,0.2996911803910313,0.4774335397376729,0.12181378770418153,0.2563620982657313,0.29092678394688243,0.3327408761068053,0.27880953558833366,0.1840784553250147,0.34862570868605475,0.4042965547551971,0.35156358757586675,0.26889439870938503,0.34416576086439643,0.9424946560133564,0.2845721677049121,0.43367223364463836,0.2831568518467371,0.21957948481531087,0.3950464224628249,0.3133576280273708,0.14266530889988027,0.2522798386648406,0.31195421550489416,0.4099478995476894,0.37400835906599733,0.30661291611333685,0.31718909449252397,0.43122411047310616,0.364715496322582,0.28415723780109076,0.30991211424399706,0.24033903520446678,0.4212557232865688,0.31813642879495224,0.4639884401880572,0.35844460879585976,0.18959110499248488,0.42751114521596945,0.24807520232036023,0.46354314186007667,0.32244595232351786,0.34839497084603654,0.074439323849868,0.3187573257681857,0.3482873926836365,0.3723993161966481,-0.1196528599165411,0.4652086353178539,0.2930377054467001,-0.05580959152104545,0.03414456933976164,-0.11643881501384361,-0.005915632246863119,0.0660966901231785,0.05109154419328575,0.03516718118520481,-0.03535543520706259,-0.20170330181140467
0.15525469238677403,0.3578037999792564,0.5867499389784283,0.18478610709902318,0.3000548303238424,0.33865754243952734,0.5264432952387857,0.45490593455294753,0.08084083868075716,0.5023857901484922,0.4500787480418337,0.4136717978730121,0.5648870101917144,0.5748439840667321,0.2845721677049121,1.5403625779804953,0.34174032193709114,0.3462123364608917,0.22412198947404754,0.19639126390177838,0.3645523877037491,0.6583036333096695,0.35091292978103383,0.3320464517058493,0.5359111568154349,0.27009260892253256,0.4846117977209483,0.17016312819222865,0.6412479711726436,0.48872370802685944,0.1839836433597504,0.5117027575628571,-0.037573679854287,0.8131579435944916,0.6000634203087141,0.5533635723554097,0.2554334952940678,0.11130141189942555,0.4420522799731663,0.4061139259997405,0.4098100817585286,0.4798708284137382,0.6836558964600219,0.029196921765082474,0.16140207579143417,0.35005959098677825,0.5432952367098013,-0.17389114911792913,0.6648206312115286,-0.6796580080944024,-0.18141214270225453,-0.05928215694211596,0.38059608540876744,0.04912847584202903,0.221763010288389,0.020027786444615656,-0.2354607719583095,-0.20372539151942787,0.17103230087192706
0.18442146308671448,0.3646275849762095,0.6819131348656431,0.1127348644170468,0.19722607321662505,0.37009044264997754,0.4240196001363245,0.4566135259322658,0.2093108942826999,0.40322155004426724,0.4719996281737756,0.3922236531395075,0.38601921214371954,0.3355005593761297,0.43367223364463836,0.34174032193709114,0.9106941832378315,0.27340980812326304,0.2507333397273891,0.499939676483079,0.3564301714451646,0.278052472721782,0.2270375429828229,0.32175077191192253,0.38113766467749854,0.2555314493592206,0.3631886354519939,0.3779018357444461,0.40470022807560857,0.37950964870188725,0.2993111599304885,0.32321686858340887,0.3659179800528148,0.4129430181132933,0.22221809527913822,0.4728929789353057,0.5914171532333715,0.2645686959763496,0.4315697493202867,0.2727669235718922,0.5196260215011708,0.3895768800839033,0.42366138799286585,0.05770434071668461,0.4318661018482942,0.37945131483897826,0.5125316093470471,-0.10940330553292284,0.5308137454961412,0.38254478338848624,0.017453351055137685,0.09173867246860845,-0.21782621503493824,-0.05358667796889711,-0.011777123872611952,0.025875946242817957,-0.008422980574993898,0.01846452936985402,-0.22947993624632235
0.2172145248099816,0.5522879793445739,0.5959919589351783,0.044771052514299955,0.17925300381237147,0.3058218661716435,0.2715605288861601,0.454601827110175,0.15006119720627753,0.4597550930154464,0.30893818128257544,0.22817191976798024,0.3630935638247194,0.22720600579459307,0.2831568518467371,0.3462123364608917,0.27340980812326304,0.9323175990363017,0.22471089274792638,0.17906477269225782,0.25048137151654026,0.3131017356357388,0.5392212362096334,0.21378048095501478,0.3527074812186018,0.2554665092575752,0.20756488769725118,0.1886625585514104,0.5227836443988002,0.19971163193976257,0.37042316805941244,0.26154338605344885,0.13150619739730163,0.5433455788198536,0.02464232424684216,0.4235126591231878,0.3200399835347487,0.09742299383172594,0.4825054025714586,0.1872134541788528,0.351993942121098,0.23207249342792027,0.3962955429760312,0.09311035592108645,0.16028890586978733,0.3345373972332026,0.44708358055674136,-0.0883408043650038,0.43861056793039904,0.23163906803516288,0.1772386123066568,0.17810958173713343,-0.3875851006535146,-0.12966994006638505,0.05682043179886107,0.019363945246199242,0.0029499144823260702,-0.03755207975417668,-0.10171022936758328
0.1336588051966662,0.27858297361118606,0.447009487157089,0.03625674044114983,0.4410699410557399,0.41498439992413416,0.1206418613175696,0.36715145381307945,0.07945677348992251,0.217014806735449,0.22189551188096596,0.23713189831138462,0.28224251263349126,0.17692781175780756,0.21957948481531087,0.22412198947404754,0.2507333397273891,0.22471089274792638,0.678722257076191,0.06387767394402383,0.20456531205475387,0.2092399692367518,0.11450065316439127,0.16712007954956065,0.19503707847676816,0.11662304815286074,0.15905334920975073,0.19125829047286394,0.24751439047480073,0.1640158675216246,0.1794986271713171,0.19752494434027157,0.20798926258166664,0.26263589753851835,0.010545790099797597,0.31515189421076045,0.20013211579218174,0.0533376040795773,0.3573915201371592,0.1364786494975056,0.28099680116119025,0.16207802065046203,0.2088466543232324,0.024867924513241664,0.05977768452041371,0.23296261494562376,0.16169508455381873,-0.05656204334768749,0.44164992942898235,0.2815156199669991,0.09744487474840519,0.2859406204808943,-0.26520463588755266,-0.08588702956971055,0.002638519887148195,-0.013285704605461733,-0.012930906688468347,0.004692998837736543,-0.004009881238812832
0.07662209228059924,0.3302768912938475,0.2452350823884968,0.13260664452188123,0.10603949990525986,0.29218079981321776,0.34339878761826,0.3864396346180575,0.1974557416524911,0.48038149605507663,0.44408299517637495,0.29080391128294547,0.2719622028821517,0.3137200057665684,0.3950464224628249,0.19639126390177838,0.499939676483079,0.17906477269225782,0.06387767394402383,1.9668117703733679,0.4097206951035926,0.055573865641117944,-0.08383361258658223,0.3992046706851165,0.3214747910595538,0.5520336967846773,0.5261375704454987,0.36457476266072947,0.5512439362787003,0.6628485728361081,0.5995649881577901,0.3231488569265723,0.257116848061219,0.5737040628846477,0.4339062209913997,0.26191189185118285,1.0781135055989615,0.8689597609007518,0.540355836904414,0.468510771624942,0.7099650463193431,0.6142522674384036,0.8339788218863788,0.02505675663754296,0.7549565952759395,0.2977990322033297,0.8444355682841931,0.04203610501448036,1.3898774350714793,0.09383054210043087,-0.288935432226313,-0.011954805465975932,0.09394560556181669,0.0041797501333789575,0.09168225986414491,-0.06250724751823687,0.21513688203769663,-0.0711528856158966,-0.1758960503554032
0.11817719126054697,0.31837706234180335,0.4175962057843689,0.1158218705506838,0.21198325527411688,0.3029670237305815,0.28779991552768475,0.320129511286923,0.17911813804090704,0.3126335775920611,0.31961695547783076,0.2702930953660477,0.2942595744623032,0.3075291039493528,0.3133576280273708,0.3645523877037491,0.3564301714451646,0.25048137151654026,0.20456531205475387,0.4097206951035926,0.6018621165274313,0.2571106778647869,0.15853686950716753,0.31099351992498503,0.2962977950194119,0.29502918569792175,0.2770369927126795,0.2877179013423701,0.3709782311311159,0.4368820565062754,0.35139402744213816,0.29639817085777215,0.38701880481588286,0.3997853404617195,0.2315649677236571,0.4764736028759645,0.4550645148667757,0.23441757814748893,0.3531566429932723,0.33042511407608915,0.5939458447449566,0.42296561018873446,0.5405151837134643,0.030253984832398457,0.48674498704097924,0.3011407248311097,0.3986426947153988,-0.08778720627100753,0.6064657169591307,-0.0038843282999344217,-0.07199776314078847,-0.05379166724359007,0.07032839503274305,-0.008443700637543383,0.048998781484734334,0.0007198075181417693,-0.07091166664287737,-0.016242673723114276,-0.013821886778055516
0.12378024483565918,0.2846826343889208,0.4673695947417012,0.10358409863432444,0.25603548659735326,0.3077745372194784,0.3729686004282975,0.3456517587938432,0.30608911808193306,0.3433787572943653,0.3072497269154408,0.2968309145960162,0.4361010478736381,0.4027744673540557,0.14266530889988027,0.6583036333096695,0.278052472721782,0.3131017356357388,0.2092399692367518,0.055573865641117944,0.2571106778647869,0.8476727169871602,0.3964949382585291,0.262994348163046,0.3542058444458972,0.16281388294702967,0.2791299223744578,0.07085642310441809,0.4940007617730542,0.2816623653528741,0.13545791639005433,0.37780046172174275,0.11462197769081124,0.5311661835845818,0.2174216961950072,0.3664360791228509,0.17234723144171193,0.06590154230987662,0.3689756249477757,0.25055414400852555,0.25315757479975626,0.26715520276850657,0.4229401392189445,0.06419031672302498,0.03780004607302235,0.28111903211212663,0.401515741275404,-0.11829675031710406,0.441718282382724,-0.2649325762295742,-0.08327127171254467,-0.15981651265763339,0.2631390741770344,-0.016775647330412962,0.11882565773427858,0.014243267359934643,-0.10939295453185151,-0.1144028077333049,0.03637849632021334
0.2377458560452905,0.3202254732405813,0.5045694353012803,0.10790837528530368,0.1740016617724146,0.2019615792598582,0.2662280496324075,0.25620530730465163,0.13216993694658408,0.30164046622129326,0.2234289713943406,0.2713233417682028,0.2728990578364348,0.2653845936203525,0.2522798386648406,0.35091292978103383,0.2270375429828229,0.5392212362096334,0.11450065316439127,-0.08383361258658223,0.15853686950716753,0.3964949382585291,1.472188907594605,0.41208444119409476,0.511944502818271,0.003721406428110367,0.17496546892934414,-0.10174587504480265,0.6439288070976807,0.37599910397166236,-0.2463240335869377,0.2235227513612504,0.05455152699972975,0.5515525334797741,-0.13034766319063593,0.6414421336650665,0.12035303913238178,-0.08570023560038628,0.4947865582675523,0.10121151812898077,0.3956352032161314,0.13053938946040877,0.32136178581871344,0.24473223112546305,-0.2628148491492054,0.3724667893214077,0.35081074290765457,-0.16294644803569108,0.49433643431352225,0.05750566296662962,0.07480818397661768,-0.02161361233894882,0.11786223249150377,-0.09659467342714567,0.028762990864907446,-0.05402007659055248,-0.11872835919204162,-0.03373496909366476,0.14607072463865703
0.1171127241208973,0.2203340774408932,0.3795211502752262,0.16017125948313923,0.206886180627775,0.2731985826789254,0.27605065425081854,0.2830625926851626,0.19223279304797855,0.3227497951268032,0.3013074751759729,0.2688487300890604,0.298270359195773,0.33636436824960164,0.31195421550489416,0.3320464517058493,0.32175077191192253,0.21378048095501478,0.16712007954956065,0.3992046706851165,0.31099351992498503,0.262994348163046,0.41208444119409476,0.7376115178493317,0.3507587094549521,0.2064165142503816,0.26177245548931244,0.2998287775279835,0.45278454641918175,0.6181657180101706,0.3176928417708708,0.31557748536178526,0.5465996311162413,0.40093957954800946,0.24795309248581865,0.5986396320440337,0.4479784696060815,0.2085892664178316,0.3732544322881618,0.23726467556827888,0.4377178689852704,0.35540135759543046,0.6185625361666337,0.12405180898998303,0.0820595565352773,0.43640213680285284,0.36588174175933974,-0.18958614469433344,0.6400841278101065,-0.06876907272995299,-0.15995984415617268,-0.05245885425356079,0.25755142694382965,-0.05802596516293953,0.22666119765045964,-0.08539200251217828,0.07646947902506672,-0.2626305911588529,0.16810165468476082
0.1829530496612626,0.33599756696414484,0.5437033259653044,0.1523905774433868,0.2591531636407874,0.3458042742005798,0.3877485061711951,0.4500664797612493,0.14906501939061376,0.45890951184950685,0.41194729042926354,0.42048891389650683,0.3979632824134371,0.3921223622139601,0.4099478995476894,0.5359111568154349,0.38113766467749854,0.3527074812186018,0.19503707847676816,0.3214747910595538,0.2962977950194119,0.3542058444458972,0.511944502818271,0.3507587094549521,0.8901316308998848,0.22711586931653843,0.35806690649542244,0.11658243611949112,0.7222950238614058,0.5098262773562764,0.14169825323026447,0.356803847353825,0.07226469201058697,0.694757119552829,0.3350052506511306,0.5264219212039857,0.340746254869977,0.15520641417156003,0.5279839417355641,0.28488556729354203,0.43808200357737453,0.3319864821918771,0.5598136292869703,0.09446291437758532,0.10236839021851292,0.41008862089174997,0.5299831870200451,-0.16501886534899612,0.7755187517574936,-0.14127665935487857,-0.1399058697777446,-0.11950230133739408,0.2606499118795134,-0.008717293248172654,0.07759760363900307,0.03627919157213082,-0.017638903579685138,-0.058688972794111074,-0.09560660189129662
-0.00189218596599552,0.13373500876759914,0.16591819374649264,0.25816261859351064,0.18965322936794923,0.3074443519383099,0.21704836720224474,0.3574393288183501,0.14111277402543487,0.35519623856919685,0.3762410355388227,0.2340058423995547,0.2970638345619522,0.38370813647545204,0.37400835906599733,0.27009260892253256,0.2555314493592206,0.2554665092575752,0.11662304815286074,0.5520336967846773,0.29502918569792175,0.16281388294702967,0.003721406428110367,0.2064165142503816,0.22711586931653843,2.0697440556061792,0.42298206978555514,0.41303845157430935,0.1076333430456365,-0.5330313114714865,0.3496903233176579,0.4875776511886239,-0.23348008570383438,0.6298356624468412,0.7983592300951117,0.049936860107373485,-0.09437206220682065,0.2490373824752486,0.3601113575908362,0.47712276749340515,0.014546540112607748,0.40346563859401596,0.09553515629746033,0.10327383451106426,0.6591416889467672,-0.023093823343892223,0.3197635171002185,0.0012278227218771374,0.0056181080121940445,0.277467537689396,-0.2323693269969993,-0.03200382574624297,-0.5499928871412295,0.1290698817908911,0.09339815492754705,0.03246943900686685,0.03649882504130266,-0.028859557001262713,-0.17028784781624304
0.195855813977566,0.37356815728355025,0.5577540604284665,0.12920448512481433,0.18446100968101098,0.29453835501155723,0.41169800876079526,0.39070185988539247,0.15375786136633934,0.4492314316525435,0.39913461971494707,0.4086777218756492,0.38083380537218864,0.36499000272973975,0.30661291611333685,0.4846117977209483,0.3631886354519939,0.20756488769725118,0.15905334920975073,0.5261375704454987,0.2770369927126795,0.2791299223744578,0.17496546892934414,0.26177245548931244,0.35806690649542244,0.42298206978555514,0.9368679017082665,0.21576016673372803,0.4327284700538642,0.3411605137446802,0.21679371661859873,0.383398589524798,0.14532799103033792,0.4896227059847028,0.3108557746280457,0.3735282729664266,0.3752120439535362,0.25131835761905325,0.3803877322360939,0.3573749480106741,0.3591428895147714,0.35942214330504935,0.5850496919799442,0.03296751217525705,0.41272097366672883,0.2691464107401848,0.453552977030157,-0.09944012431079031,0.6324262916892792,-0.10842122423818075,-0.16995900347928944,0.04098143935660088,0.06243300504721927,0.050122576092782624,0.10268835070848258,-0.008298043965182217,0.08226098233088684,-0.09907602111717369,-0.10641077913011492
0.04138325275052934,0.1964066442807838,0.2759583687480348,0.13589431724024575,-0.019855455519924098,0.14438478446467434,0.148061500533687,0.17395855687351974,0.10823629933829876,0.17113291708662773,0.20733057348484557,0.058308730206102444,0.18092499598286885,0.13781986706066446,0.31718909449252397,0.17016312819222865,0.3779018357444461,0.1886625585514104,0.19125829047286394,0.36457476266072947,0.2877179013423701,0.07085642310441809,-0.10174587504480265,0.2998287775279835,0.11658243611949112,0.41303845157430935,0.21576016673372803,1.235248549091626,-0.0314882324048741,0.3186593418860924,0.4811515396401318,0.23792674541221098,0.7334319037998666,-0.01417673262858341,0.8197364325249696,0.35400830396073707,0.44511165582182277,0.17207403001798288,0.3287694047345915,0.2145435283868694,0.2749536419270908,0.33655891027525253,0.36407456136213534,0.17855715988031867,0.46216818246900304,0.23493405888601893,0.14517113085242472,-0.10284042410990285,0.06304446791267466,0.3847015487752294,-0.03157487231111977,0.8626046903892639,-1.1167665458504648,-0.00842137366056502,0.2628681529263074,0.013384088181346935,0.09981953942085296,-0.23431364548282438,0.009160459856414829
0.14898542525541061,0.6895678827740932,0.7039264414261435,0.06733561190292693,0.3222798153256768,0.5233746911218791,0.43555127315425923,0.5933190686327878,0.15538092301164833,0.6080245628344031,0.5105021012294787,0.4947841164316963,0.5150993680445346,0.450088866101495,0.43122411047310616,0.6412479711726436,0.40470022807560857,0.5227836443988002,0.24751439047480073,0.5512439362787003,0.3709782311311159,0.4940007617730542,0.6439288070976807,0.45278454641918175,0.7222950238614058,0.1076333430456365,0.4327284700538642,-0.0314882324048741,3.224582019994041,0.937474927625296,0.12589459767497238,0.4186836724596046,-0.40739972564684407,1.2753174847897177,0.41284869611234515,0.6036143261593991,0.03541926436772371,0.09250615753309555,0.8035505019393415,0.4856895801738645,0.44195809496513255,0.3448291495987378,0.7629667282907876,-0.0702055491220399,0.12431593554312208,0.40005565426760203,1.1403189986533364,-0.2357337923965167,1.5711487206831452,0.04417508711618745,-0.4524780320754615,-0.10420575315424326,0.040465401019583604,0.06844142585063535,-0.01383901069963311,-0.17068680716603118,-0.2526223457656754,0.051125495715432796,0.2704258455169233
0.17059691391417464,0.3528732424413839,0.5093611513804779,0.0769829749330631,0.11876491189343641,0.2798058858563135,0.36582708806406283,0.39416219904394273,0.21142105747315132,0.41282356756194977,0.34429557185903903,0.28485752236704814,0.3254373127045074,0.3387219740593204,0.364715496322582,0.48872370802685944,0.37950964870188725,0.19971163193976257,0.1640158675216246,0.6628485728361081,0.4368820565062754,0.2816623653528741,0.37599910397166236,0.6181657180101706,0.5098262773562764,-0.5330313114714865,0.3411605137446802,0.3186593418860924,0.937474927625296,3.2000386967476344,0.36246776717257007,0.2394261427867983,0.565310177776256,0.12349344177192373,0.5478014857016871,0.699812135949536,0.45825453644172887,0.28967355422380164,0.40019819049214733,0.3483875145623479,1.1031378233088032,0.42123874789959864,1.877772596175356,0.255481773058873,0.23919421439945374,0.3926774268917748,0.522855759231274,-0.06505883787856111,1.783678084388223,-0.7339936993213372,-0.24058219734578795,-0.1281062099096823,0.7390067191325405,0.014592054015711786,0.06626456563498076,-0.1533023282275398,-0.015286035658073419,-0.009342179102075639,0.18035062320017078
0.06238463775164805,0.2319908964263387,0.25773640558495303,0.09409083238603982,0.152053378217509,0.252086856807283,0.2151843992984774,0.32562460511647007,0.20377345935225136,0.3718065423948169,0.29646469084230126,0.15363781869634957,0.2587056520450576,0.2318229754820431,0.28415723780109076,0.1839836433597504,0.2993111599304885,0.37042316805941244,0.1794986271713171,0.5995649881577901,0.35139402744213816,0.13545791639005433,-0.2463240335869377,0.3176928417708708,0.14169825323026447,0.3496903233176579,0.21679371661859873,0.4811515396401318,0.12589459767497238,0.36246776717257007,1.3436708034843112,0.27021690195784154,0.6108332507315292,0.34381132508701273,0.3125788742741219,0.40163855239772417,0.5247237052631674,0.3928630757533888,0.3690090937744387,0.27277365205651555,0.38780850810049655,0.38826568363590963,0.6264212754600234,0.05355114163503224,0.31861656620366413,0.4235433411772813,0.43648959994695696,-0.12805669314891419,0.456812939595436,0.06535973141854373,-0.07088069184739441,0.09404991790471452,-0.10684733534921993,-0.06306822099739592,0.24113628990879482,0.07625456328360561,0.2570506256538975,-0.24623186671817895,-0.2433058503835441
0.1825926074063807,0.22618427473268204,0.4014457511448442,0.16532804319211825,0.22066280807057648,0.2902907378965423,0.42512571816488265,0.3615832094820617,0.22458230788923075,0.43596362974409836,0.35499884848614827,0.3793658380255508,0.39956158308085776,0.5266914497838883,0.30991211424399706,0.5117027575628571,0.32321686858340887,0.26154338605344885,0.19752494434027157,0.3231488569265723,0.29639817085777215,0.37780046172174275,0.2235227513612504,0.31557748536178526,0.356803847353825,0.4875776511886239,0.383398589524798,0.23792674541221098,0.4186836724596046,0.2394261427867983,0.27021690195784154,0.6753439601733281,0.12793502478226568,0.5762745420553422,0.31467848796212966,0.38427414720047826,0.15773996360305179,0.19821526778743395,0.35794657096380245,0.36927481932742273,0.30261363193168833,0.3513667772351727,0.4742035029410506,0.05128971209216823,0.19136437655694102,0.31365140040557543,0.49877344245347277,-0.13334796286442785,0.683236872886074,-0.11516644698587702,-0.07424258694527996,0.12960487455779165,-0.14949386640933693,0.05498485139935847,0.15364008838096646,-0.028540358067646064,0.3407539368354492,-0.19274240835766523,-0.22444126325850441
0.22616312574138422,0.2583203145088447,0.434617367005478,0.01313850534848835,0.15033453882036696,0.2162625211645678,0.1916860869203491,0.12206505365928184,0.31577133232848087,0.06855328187450603,0.15068392588846338,0.17867660313701905,0.1697669471942621,0.1580768433696088,0.24033903520446678,-0.037573679854287,0.3659179800528148,0.13150619739730163,0.20798926258166664,0.257116848061219,0.38701880481588286,0.11462197769081124,0.05455152699972975,0.5465996311162413,0.07226469201058697,-0.23348008570383438,0.14532799103033792,0.7334319037998666,-0.40739972564684407,0.565310177776256,0.6108332507315292,0.12793502478226568,2.6635208193965356,-0.6558063375631288,-0.9477093429762351,0.5255139982814393,1.162713014416585,0.22068507443059662,-0.19327773891259298,0.1465141222138769,0.438914415017076,0.3933242261728906,0.8418977651645404,0.11790891921287291,-0.017029509487308473,0.682104941050888,-0.004739948284639477,-0.25735160220490716,0.4813393702922343,0.10275908865976183,-0.052705473293196164,0.05892354792807798,0.20613080626617516,-0.2471440887432952,0.277069897824148,-0.03809620678385024,0.10601510870691742,-0.2547004521561995,0.1783152850692662
-0.021399688978766977,0.40326512904973105,0.5322301247299103,0.2174400323159548,0.40150046155842334,0.42916318789081487,0.519696286034753,0.6247894255901397,0.1251600225889002,0.8188676267361789,0.5589917700326241,0.5045191958331419,0.5773823592297704,0.565567393336132,0.4212557232865688,0.8131579435944916,0.4129430181132933,0.5433455788198536,0.26263589753851835,0.5737040628846477,0.3997853404617195,0.5311661835845818,0.5515525334797741,0.40093957954800946,0.694757119552829,0.6298356624468412,0.4896227059847028,-0.01417673262858341,1.2753174847897177,0.12349344177192373,0.34381132508701273,0.5762745420553422,-0.6558063375631288,2.46958932503414,0.8656011961040816,0.45134437162177526,0.375405688074447,0.12732336458730942,0.97938503886866,0.4896178586270324,0.5195101453788309,0.4851735807518715,0.9180799689383778,0.04434084050252184,0.3955571349000553,0.3466881156755981,1.1945047067023145,-0.0909784611977163,1.2528815077406117,-0.27713253535124216,-0.13080400529892677,-0.21770322299536868,0.2817939957331751,0.03379626790827235,0.07738762391227275,0.02255180399140816,-0.09910994680207258,-0.10655775308086687,0.011328144529030859
