1.681659626300275,0.3833202739249049,1.3929030894633807,-0.05144919787549598,0.06590565100612011,0.49110365280457174,0.5532602276862365,0.3212114407971087,0.769868849645455,0.4052706740364273,0.3742740114476946,0.47698939471485174,0.309155833857452,0.36551656648709335,0.4037957261977124,0.32788933251056274,0.29621228709540437,0.47892746327269703,0.37792631897776036,0.2938875747773116,0.2509619289748528,0.530325003406837,0.2085187184204742,-0.023266568347735866,0.4030121685531719,0.30340072009659336,0.3855714213805138,0.2970388696150882,0.3617024309584334,0.5128721498857463,0.2123746150830038,0.26500556475582143,0.18476431044961092,0.10547375165625876,0.42659686578835626,0.31152312604189186,0.21663087891992833,0.21121538329738762,0.5324355223691406,0.3509999655329253,0.3104522476635634,0.22959294966007704,0.34799232476764924,0.05949928271951872,0.39946245693666643,0.39994866152623015,0.46074376505883935,-0.05008354725903078,0.8103968762420297,-0.17467176764921263,0.07807722367763396,0.08947412624108775,-0.023740134907950013,-0.04149975394978677,0.009216436879043718,-0.07786405200807901,0.7407837266307242,0.27310210228467124,-1.017843856394286,0.02164078273836227
0.3833202739249049,4.236227982838877,0.8883520934048103,-0.2603659870285177,-0.03906484069655905,0.376692977582127,0.21306626137379148,0.2013625419287458,0.13296077138835874,0.4285836589111118,0.30646987207268667,0.3431614346850392,0.24455195183280184,0.00846501219584219,0.45712818681611556,0.19130973026271508,0.3577491312232294,0.38267983756035084,0.17367412370330665,0.18703115209188267,0.11733922995124135,0.1276694462433401,0.16906894923677873,-0.019209288227606588,0.4369099708977901,-0.11949576232650068,0.3668315055740987,0.284232533334617,0.6898879773131773,0.4986818171180745,0.008270414855390986,0.01084650721464577,0.20221355294296012,0.3283933058205002,0.3757141917424869,0.27547813895883677,0.8791714499107117,0.12713809170615747,0.4641400498942069,0.2279444866026725,0.2672934525415184,0.10610748164980914,0.3719819513749105,0.0022369964544256458,0.32622433171526255,0.35798893299662143,0.4211647859678529,-0.024354023243076867,0.41235067183519375,-0.21366707514677694,0.3780760278429078,0.217842140663147,-0.1216693780697212,-0.26586361516421264,-0.07128396073293826,-0.08116542854456078,-0.18789686797860441,0.08892284556430138,0.0926774095591245,-0.012207013414297951
1.3929030894633807,0.8883520934048103,3.919212020578059,0.10864275769682413,-0.34411676016646725,0.9030355945145101,0.690664350041706,0.812306977849903,1.10090930595745,0.76777782365605,0.728576980625215,0.5312928094140259,0.7580316420075036,0.582527653440818,0.5992829723645134,0.5390095913600992,0.7334678843158084,0.6016168705254576,0.5536105786221363,0.6288929002583292,0.51373646109675,0.7630528423531933,0.3760394149747092,0.28823063651909225,0.6457865689130312,0.43883063036099434,0.6337949191202578,0.5672633287276925,0.9290518186032459,0.9551560059640911,0.24223475277060352,0.3881068889027883,0.3035715960104648,0.7110383201045986,0.9808095764655446,0.6180808799173084,0.6005126790401373,0.34042261437845356,1.003079414398717,0.548500453268843,0.5999883138283872,0.46589935299158636,0.7256016689700417,0.10854393212569317,0.15270294269280466,0.6593698361603203,0.7863873828988581,-0.07293545885707609,0.8884337204099487,0.12526263212015595,0.040157810687488894,0.08627687533351808,0.04119642248727298,-0.3121926026046498,-0.02448758914745965,-0.0348538238694168,-0.5026622049867446,-0.03826439525930974,0.32477240290322623,-0.03266408292764935
-0.05144919787549598,-0.2603659870285177,0.10864275769682413,2.4537731465472916,0.689721283000061,0.5817117451657642,0.4680955953827034,0.5512771194704424,0.43453141993950706,0.25393569574663266,0.4419402523785714,0.48453740992840255,0.43194085259636633,0.5395824745248988,0.27091516567058044,0.4857784843456248,0.3622674276198647,0.29419162494974777,0.4570452276542518,0.3570123105080363,0.361964908667775,0.4568900374906005,0.1989482826365647,0.4214278440004937,0.2654419772539016,0.5596860543631457,0.35953107335825135,0.19661213846850473,0.3811216364714331,0.012225200599819621,0.25131031537445264,0.4937121165426895,0.24988595068632513,0.5323612044098479,-0.06374309918282518,0.4050261083130757,0.1662061442830035,0.21620180884450485,0.3357965015148537,0.05857654532318501,0.28097460451771306,0.3424695588203908,0.26355717041359866,0.11378608159465377,0.11130075002606565,0.40115867901485713,0.3140440183497409,-0.0675180429358618,0.24250617147004286,0.20403670842226299,-0.0742342273629807,-0.08626938744517501,-0.10810725173049801,-0.10241554836867547,0.048373098130990944,-0.06634481988298152,0.1948194555620652,-0.023923145467146783,-0.1826729677037435,0.060433524278552524
0.06590565100612011,-0.03906484069655905,-0.34411676016646725,0.689721283000061,1.7471909364299252,0.20882614335597885,0.3608560456979737,0.24861240912238347,0.39294921955953077,0.30077130916985123,0.31987612782472724,0.39678904342787547,0.42161246774327815,0.36970597172076736,0.38472054922950555,0.38884227108440667,0.25622989893996706,0.267761635440974,0.5957456738195157,0.24998722720161287,0.29981798809758675,0.39969460810553337,0.2154997702488424,0.33463031614112054,0.12011219988843312,0.45543241779516186,0.19889441722201334,0.11241769873564726,0.2851482409983444,-0.0780482469310519,0.17203931940083478,0.3754851105409007,0.36793603836074157,0.3635867477270529,-0.18130463956027476,0.37133121939044744,0.21124296010701535,0.1641092863867539,0.24811470659216317,0.021581873559834652,0.23620194454588075,0.3013619962407491,0.09609372892113734,0.06005992962170967,-0.25058852080958494,0.36522652475699197,0.23305051711044403,-0.05073941735867262,0.332609170503625,0.3464706828540405,-0.10553635280082194,-0.20510636734394594,-0.0390766262460078,-0.13528272219281662,-0.014590241054070672,-0.3645256063742627,-0.017634265105922985,0.06714629611106322,0.20506078836336325,-0.003123452454633039
0.49110365280457174,0.376692977582127,0.9030355945145101,0.5817117451657642,0.20882614335597885,1.2616491495403097,0.510396936518181,0.7002895447695061,0.6708381837055701,0.28493627511074093,0.5734597333091407,0.5826908896412331,0.46270401514995796,0.4244610193643198,0.4152913061450764,0.4746867967416001,0.4774843917580268,0.418864376096143,0.6219372024838583,0.49078502289947346,0.3875666180041763,0.5652885423193804,0.20646872543609543,0.34512058405705404,0.48205320969237986,0.5838628322985348,0.47749573036409865,0.3340175820337589,0.6969513496077956,0.2735158000230528,0.2734344475712988,0.430219843985635,0.051536291393467375,0.6286255539761622,0.4680641260301791,0.3396810882320981,0.29132975988648124,0.30038703973736414,0.5790887074148612,0.2787367059526572,0.2403463763444679,0.35228423970593187,0.49548359997271335,0.07461626688808762,0.4880524047653855,0.39469588049875737,0.45692807260380064,-0.04553676018098133,0.5576220951305008,0.05516424062819801,-0.2547522213108337,0.16753341864137458,-0.15006888254001877,-0.04839820974179399,0.028926337931413592,-0.010672570502467296,0.3237503683571416,0.18292107894755513,-0.5744386381602496,0.1124049354720068
0.5532602276862365,0.21306626137379148,0.690664350041706,0.4680955953827034,0.3608560456979737,0.510396936518181,0.8040212502914741,0.36791763586719495,0.8965153833537177,0.31876733308532973,0.4442679261859636,0.6000887781344469,0.4137659301886628,0.39362845391831575,0.30918829036327067,0.42685007396832825,0.37450279607344356,0.41968093343467083,0.4590121762800589,0.27190141053611244,0.3200060061763221,0.636177665376744,0.17758482721914942,0.28571710697854247,0.335589818904194,0.48203761328441064,0.4035645884418983,0.31389243745400885,0.37806716351904013,0.21169145175298618,0.3254128648892196,0.3787614766072967,0.20314724143103152,0.44410613765071477,0.31365795708177363,0.3735173282975948,0.1985940324540404,0.18980694953589647,0.4366693945286155,0.16097073072120965,0.3021304013451657,0.29105584588130334,0.3206722315555542,0.05100613046663726,0.29946654273801626,0.3974471326769093,0.36256897331299126,-0.05697863074354052,0.5500189245632713,-0.10117674603158645,-0.026540404904703278,0.08978420049572103,-0.12324584940864278,-0.051930693882233134,0.11967394838783442,0.08139406641255453,0.39024605290364467,0.03293213884665157,-0.709304614607911,0.11641152962421288
0.3212114407971087,0.2013625419287458,0.812306977849903,0.5512771194704424,0.24861240912238347,0.7002895447695061,0.36791763586719495,1.0865962281149564,0.32440941744986135,0.5000267907874986,0.43650888983372504,0.20532359945055398,0.4403056291403684,0.41534982705537377,0.30346089627266526,0.37660542531315067,0.4442538336062497,0.4001672541447202,0.44863321246564714,0.5222692487799218,0.37018938594369327,0.35310601646881173,0.21595762628507786,0.32355236621118544,0.38357963061132744,0.40943383447020393,0.4074955637501233,0.24293457506681987,0.5742847632955279,0.48635819954134757,0.25856723686506494,0.3160326125102939,0.1410012844142854,0.5676547996706519,0.483495728058134,0.38824475377733975,0.36790208270720154,0.2942384360831243,0.6554682760041647,0.3360932550260428,0.3690757115409618,0.33910264409776564,0.4764987663646833,0.0810167696842828,0.4889735197654718,0.45599845327542715,0.5534799966652071,-0.03981029720053508,0.5410341105802655,0.24898978285591516,-0.053627672773940795,-0.1655349009053131,0.14432293020450118,-0.17136507892432576,0.051368498449403124,-0.13053886703982734,0.3430087600454947,0.10751781824054892,-0.4309364866546024,0.038776208676962305
0.769868849645455,0.13296077138835874,1.10090930595745,0.43453141993950706,0.39294921955953077,0.6708381837055701,0.8965153833537177,0.32440941744986135,2.1111599695506906,0.09832569245951092,0.4080381212635964,0.5389356606852672,0.4571838583541121,0.4867298915202947,0.37930437469395534,0.4442406029967932,0.4650978197623629,0.4770820153055708,0.7031284558231392,0.20349900783718644,0.3915184661878639,1.1856722074727,0.16314832598360138,0.362964298305302,0.29965212639962424,0.7211633556539928,0.4325375318833087,0.41340209750872414,0.3576615486186574,0.12544700588906935,0.5124700570937083,0.5033762247520962,0.25948221506851915,0.5656904387390193,0.3742364947784602,0.3924421101723694,0.030675521298703337,0.1699211709924929,0.4554864495657871,0.11258344596132283,0.30823411217103786,0.3522759485016335,0.3379881070766392,0.07503133036802878,0.1203915462650288,0.4553199574529517,0.35364335333066305,-0.05901592019737439,0.7452988046456595,-0.1583749626959213,0.053561895690031995,0.10708672626076914,-0.1569156365512956,-0.06306255480787339,0.10746486588336794,0.24041898215312202,0.3737444753600645,0.09190594956460407,-0.9714141080678965,0.17300174147418668
0.4052706740364273,0.4285836589111118,0.76777782365605,0.25393569574663266,0.30077130916985123,0.28493627511074093,0.31876733308532973,0.5000267907874986,0.09832569245951092,1.2616916070441737,0.45187007733948775,0.40076494581352073,0.44712141508005804,0.34198866247218546,0.3727464189301789,0.3449080546516644,0.36803414840322257,0.5056963139745689,0.3168638419280915,0.45931202049048087,0.3028924729903901,0.21486786499765256,0.2651365253171052,0.25416477338037674,0.3125626755494216,0.18376821690332604,0.39830651573946096,0.3061394868775318,0.541893946619343,0.6620637820211575,0.2305687056040677,0.24282180979804258,0.2577212874343759,0.4293261230835903,0.5042455420880572,0.4930637780305678,0.4726941172793369,0.2647490133657563,0.6284600283115958,0.38413987416282425,0.5148384278343765,0.2744641007290113,0.3784841881150284,0.06994012033707184,0.3036926764657176,0.5228720713244368,0.6711177958786342,-0.04987525203184153,0.5998852005414579,0.1698334813193623,0.09482524613899242,-0.06948252447041336,0.09916812711034381,-0.2008783981350206,0.09774457622558173,-0.21527669349203396,0.3218451907245603,-0.1688775295079213,-0.09672148637245225,-0.05419489099774921
0.3742740114476946,0.30646987207268667,0.728576980625215,0.4419402523785714,0.31987612782472724,0.5734597333091407,0.4442679261859636,0.43650888983372504,0.4080381212635964,0.45187007733948775,0.8219986870749567,0.5354592666346062,0.6025678738027834,0.386999460316158,0.38199859491628585,0.44371534387985223,0.4997971237252636,0.41387330140013656,0.4231912147140647,0.4680584144392941,0.346255358716593,0.4025317077546968,0.27831402192944454,0.34232404790581744,0.37936859339563545,0.34857091176628274,0.4369138530031343,0.3067123612200434,0.5904893009565635,0.4475018976196586,0.22402869284035923,0.3463492966243236,0.2055114875981668,0.5186358609871308,0.4232392179591866,0.43468832584818246,0.35629592625679934,0.2651396495805501,0.6190011374367771,0.30623541830250434,0.39182505441523535,0.33160768251013706,0.414138883268935,0.06072029787644253,0.26014815170294625,0.45308676715173596,0.5077207944309631,-0.052068251287383835,0.5306315128870586,0.07270943624857885,-0.020464221505579482,-0.060105185171444454,0.08159237502421869,-0.084579735874638,-0.00426551373339218,-0.06257280083003267,0.08250836182744974,0.035911860116788964,-0.16015311376568597,0.048800030566605763
0.47698939471485174,0.3431614346850392,0.5312928094140259,0.48453740992840255,0.39678904342787547,0.5826908896412331,0.6000887781344469,0.20532359945055398,0.5389356606852672,0.40076494581352073,0.5354592666346062,0.9658964643877387,0.4130173634198526,0.3511642517266025,0.3878777758352418,0.46255963725062493,0.3817534226892684,0.42299889614989544,0.44759388326545047,0.3004007556669377,0.2971531515437399,0.473059939165809,0.22634391613227126,0.26863694533303056,0.39792287320485925,0.4444504666649619,0.45254408123417594,0.270220935897234,0.4109557443014775,0.2583283767607443,0.23151906735758468,0.3485391285734266,0.19653618170214393,0.4199549453919836,0.30385815862263577,0.4052307464838387,0.20695385185411586,0.19923499923572627,0.4218105518450572,0.2312423745102533,0.3158059682593203,0.2842284096100349,0.3397273101329697,0.05325947219850457,0.13474375729539287,0.3980554435842066,0.38791563970886067,-0.058513832850762844,0.6437362713994689,-0.21622528605375083,0.030508449301902,0.0397074292273555,-0.009409605224332443,-0.03998550039816027,-0.008844066456505985,0.030484666146186154,0.3203474292188227,0.08845278292934837,-0.4820954811845609,0.049364935795721696
0.309155833857452,0.24455195183280184,0.7580316420075036,0.43194085259636633,0.42161246774327815,0.46270401514995796,0.4137659301886628,0.4403056291403684,0.4571838583541121,0.44712141508005804,0.6025678738027834,0.4130173634198526,0.9078464550543623,0.40996657044537543,0.24018699335679058,0.4537917008000014,0.47490990874010686,0.4130904602763763,0.4432322147723265,0.4112997919087168,0.3467594604013442,0.4433827334220117,0.290613118918417,0.32968016533482464,0.3274794582792908,0.3048174601144275,0.42398428876632094,0.3192932045094925,0.607765410140483,0.4588067532289465,0.19528713258024166,0.3338044689103911,0.26372791824622166,0.5225864181811626,0.4114292084499516,0.43564465694776544,0.386523741606041,0.22678947003139038,0.634315033241058,0.28905271883431066,0.4095142626101989,0.3273477806668201,0.4026422256998737,0.07193994898090926,0.130144405922143,0.4385430779284734,0.5006310008084094,-0.0525089860936696,0.5546802259167383,0.2527739584413785,-0.007001618267235367,-0.15052013926804017,0.02172784783634709,-0.1401323509560491,0.033311434760395435,-0.11580323494073848,-0.09419520450130253,-0.060700099187776003,0.14553452249037221,-0.0031012700612275726
0.36551656648709335,0.00846501219584219,0.582527653440818,0.5395824745248988,0.36970597172076736,0.4244610193643198,0.39362845391831575,0.41534982705537377,0.4867298915202947,0.34198866247218546,0.386999460316158,0.3511642517266025,0.40996657044537543,0.797149934794388,0.36061469641593535,0.4768962985855185,0.3898676739741535,0.2971563580443727,0.3793266854442489,0.4063640321021773,0.32410252481780516,0.473999945529086,0.14708329201421178,0.27481062300011916,0.2666961050677279,0.4728349833410842,0.3939442431867934,0.3439109420584561,0.45666119457361165,0.3769876118158952,0.2449227976103804,0.5582375332139387,0.31396646331494094,0.44454978895906794,0.30632832153579315,0.4292444183493734,0.26546327338489045,0.23977083803704563,0.3428341380225648,0.23111417487240254,0.40673262209080935,0.31547826500004583,0.36914733166815566,0.07545246443633723,-0.2598559495494716,0.46077302510840745,0.4485455731008359,-0.06937111171786835,0.9281602729467928,0.2178836195958688,0.043144492472307464,-0.15742288947062752,-0.06261901165776035,-0.10638020913176452,-0.11413358497696635,-0.0789451730512742,0.07765513655174676,0.15420531122268308,-0.10970642679364034,-0.07738859571787984
0.4037957261977124,0.45712818681611556,0.5992829723645134,0.27091516567058044,0.38472054922950555,0.4152913061450764,0.30918829036327067,0.30346089627266526,0.37930437469395534,0.3727464189301789,0.38199859491628585,0.3878777758352418,0.24018699335679058,0.36061469641593535,1.1797090051658283,0.3174194301771531,0.34588519867835105,0.3823192045002132,0.4579641953127723,0.34561736714821595,0.3140044991949726,0.3467536472726046,0.17401653555195443,0.32592976508946936,0.3673828732392857,0.3447267767735186,0.3678980250189319,0.33033888060715033,0.4264971554554972,0.42378096481302174,0.30458041943240854,0.291974280190274,0.31104629460987326,0.3959707621547343,0.34659478656527865,0.40191101120938827,0.2982256511210339,0.17875241787323562,0.3953438630933226,0.21095407842959962,0.3515733332938905,0.3001876310985178,0.36527228008352547,0.0648290900796937,-0.15195119939511242,0.4711061940348384,0.433070043351931,-0.05295217782315936,0.6269819181279187,0.10441733558025432,-0.02328546535447105,0.1325621044070363,-0.0391670453437827,-0.24909753945384505,0.01914740029800391,0.05749917380190627,0.11272973778730076,0.03060949407373012,-0.2357430252366098,-0.06195869789001636
0.32788933251056274,0.19130973026271508,0.5390095913600992,0.4857784843456248,0.38884227108440667,0.4746867967416001,0.42685007396832825,0.37660542531315067,0.4442406029967932,0.3449080546516644,0.44371534387985223,0.46255963725062493,0.4537917008000014,0.4768962985855185,0.3174194301771531,0.7546447233074046,0.46479712182537897,0.3469341907110693,0.4260953760798641,0.35276082196083514,0.34255755023007567,0.5656891896969808,0.16485671838533728,0.2932556342275359,0.33426148440830333,0.4685788309542305,0.4116145010259425,0.3557936617699215,0.4642713819731568,0.3581878461420908,0.24792110825515323,0.3691314430287214,0.25326760008845367,0.4603377077394554,0.4077794689550963,0.39877607035199114,0.28997936989238066,0.2066197435350546,0.4116127490126712,0.2510178225950548,0.3841124658362738,0.3391422215038565,0.3941689593459541,0.06600956696594643,-0.0732704847599612,0.4164455740011977,0.4372720397806566,-0.06085259649160014,0.7010029948479696,0.03931383122785582,-0.014629983579185362,-0.10299474339066281,-0.04052437301955951,-0.09620474861735247,-0.0802078970279123,-0.04194226303109333,0.03743427374149344,0.17338591949425416,-0.17356350704129617,-0.04144302997325412
0.29621228709540437,0.3577491312232294,0.7334678843158084,0.3622674276198647,0.25622989893996706,0.4774843917580268,0.37450279607344356,0.4442538336062497,0.4650978197623629,0.36803414840322257,0.4997971237252636,0.3817534226892684,0.47490990874010686,0.3898676739741535,0.34588519867835105,0.46479712182537897,0.9288681300622701,0.26263165899578256,0.414404001696192,0.5425121713225941,0.37389554304665545,0.44932372779338137,0.17458937502944658,0.2945729667201087,0.4176418265614828,0.37151084151812375,0.42453862024150074,0.4757354130767356,0.5410795051314808,0.5144376560982987,0.2355002181901806,0.3235878113809601,0.311226046007065,0.5068863080623089,0.5189125595109073,0.48342442580036565,0.5386036786127052,0.31020336262627624,0.5441133203254089,0.3080712112044005,0.4703223548487315,0.37667044078536593,0.45330410655801523,0.06734520525459173,0.2179678173316695,0.519252935795645,0.5350771792879262,-0.06170142384071232,0.5435694524761939,0.21120417479302947,-0.005521458219783839,-0.09605351372000699,0.05856966818839303,-0.08563554810450512,-0.13803160617169544,-0.09258611394558212,-0.11281749413571884,0.2015568886729999,-0.15746341869774266,0.0018463198270582551
0.47892746327269703,0.38267983756035084,0.6016168705254576,0.29419162494974777,0.267761635440974,0.418864376096143,0.41968093343467083,0.4001672541447202,0.4770820153055708,0.5056963139745689,0.41387330140013656,0.42299889614989544,0.4130904602763763,0.2971563580443727,0.3823192045002132,0.3469341907110693,0.26263165899578256,1.0557797997238514,0.4019706138692409,0.12339665272364965,0.27358210906333724,0.4285664132687109,0.4757678765605834,0.26443293947237195,0.33301703091200874,0.4075594654636159,0.31268012287376884,0.2795411959958495,0.43586100190551313,0.22250732792385794,0.4585639731657927,0.21735546461882824,0.29679347570672054,0.41072757784673636,0.305938354037945,0.42382413131321506,0.37154043443570367,0.10141971018010042,0.385967007605297,0.22117581861467764,0.3440877654699173,0.22091960100575572,0.34763276707739593,0.08024112987751429,0.3109581618377943,0.5143384078453654,0.5771245079466102,-0.05135256244149842,0.36655630947850604,0.3568308954022246,0.13732017499465515,0.04639546329058146,-0.17581724910326135,-0.28206197231010394,0.09832127948070234,0.0013937323284042608,0.4716573678269613,0.006942063875335747,-0.6381182086930182,-0.0279852534005658
0.37792631897776036,0.17367412370330665,0.5536105786221363,0.4570452276542518,0.5957456738195157,0.6219372024838583,0.4590121762800589,0.44863321246564714,0.7031284558231392,0.3168638419280915,0.4231912147140647,0.44759388326545047,0.4432322147723265,0.3793266854442489,0.4579641953127723,0.4260953760798641,0.414404001696192,0.4019706138692409,1.051249129505412,0.3021557265239187,0.37167298470532417,0.5984703468399233,0.1688634385086599,0.3135319493810693,0.32222369934988093,0.44287398461726063,0.35380317599799227,0.33079478114479943,0.4106053156583303,0.23375271347547796,0.3125831243737374,0.39935833672146676,0.2718531975875166,0.46050322921448517,0.2394924161434617,0.41826000920711615,0.18944873629264022,0.2129441741983585,0.497218661198473,0.17293685284001561,0.3135992914705614,0.34080689719626717,0.30527506124113535,0.07722956829159344,0.12996161272383236,0.4535965667586824,0.3781962346082139,-0.04854949062735933,0.41664992885628244,0.056106187977256486,0.0452982125998735,0.09848875558795009,-0.11444968164858678,-0.13634526774260552,0.03584167225921962,-0.06679275287496428,0.21117781404026154,0.08416682837583948,-0.33661941871801543,0.08836659758420773
0.2938875747773116,0.18703115209188267,0.6288929002583292,0.3570123105080363,0.24998722720161287,0.49078502289947346,0.27190141053611244,0.5222692487799218,0.20349900783718644,0.45931202049048087,0.4680584144392941,0.3004007556669377,0.4112997919087168,0.4063640321021773,0.34561736714821595,0.35276082196083514,0.5425121713225941,0.12339665272364965,0.3021557265239187,1.5193962848978604,0.3956857660228542,0.199080026118114,0.026480557766324006,0.35934722059269897,0.4084352340429161,0.3293920735880728,0.4878275942858505,0.3905238820353796,0.7347059837635826,0.9080534128597179,0.21646559313588332,0.34609173709387736,0.22851086921269703,0.534729602831309,0.6384137495315022,0.43495937601534196,0.8591015902269165,0.776241815249625,0.8092616710592957,0.5722844029658889,0.5607095562809591,0.4211433614100681,0.6932405133797854,0.025664198516744927,0.876712038267408,0.5291253076961675,0.6306794691713785,-0.03613233497326183,0.854593219662348,-0.02542121118232863,-0.16072185989428886,-0.05195955010005037,0.18477416028991497,-0.1421498323866976,0.020537964984530133,-0.22480793820816833,0.07453506570754148,0.0930569325962534,-0.053315915672733014,0.017945781147931692
0.2509619289748528,0.11733922995124135,0.51373646109675,0.361964908667775,0.29981798809758675,0.3875666180041763,0.3200060061763221,0.37018938594369327,0.3915184661878639,0.3028924729903901,0.346255358716593,0.2971531515437399,0.3467594604013442,0.32410252481780516,0.3140044991949726,0.34255755023007567,0.37389554304665545,0.27358210906333724,0.37167298470532417,0.3956857660228542,0.7938712064595259,0.34021367578905004,0.05851923219483901,0.333523009600894,0.27827277573989995,0.55539290780697,0.3270389404785476,0.3993717318082045,0.3042890492965295,0.37236436749280527,0.36518428962668803,0.3718039894562235,0.3633755866824445,0.3858816764544197,0.3021207459249628,0.447232134931808,0.20452463033215154,0.2516817872972144,0.36916272868453814,0.22498782955009708,0.4457243709752968,0.6153357931116263,0.36499587198585143,0.05660898547779694,0.11778109195265296,0.48962596472046926,0.47431301244846374,-0.0697098572227488,0.50606233792087,0.05439870128257251,-0.03605833069719738,-0.09052217778918965,0.04415015107435112,0.008541745479417245,0.11097557745545122,-0.06469925990459804,0.10890874074764505,-0.04123169366464084,-0.04766042959168264,0.2489111053010309
0.530325003406837,0.1276694462433401,0.7630528423531933,0.4568900374906005,0.39969460810553337,0.5652885423193804,0.636177665376744,0.35310601646881173,1.1856722074727,0.21486786499765256,0.4025317077546968,0.473059939165809,0.4433827334220117,0.473999945529086,0.3467536472726046,0.5656891896969808,0.44932372779338137,0.4285664132687109,0.5984703468399233,0.199080026118114,0.34021367578905004,1.2226353560574938,0.17368662016598613,0.32007594243548604,0.3010048188145854,0.5667890811269742,0.3887791962136581,0.36015398561318396,0.4203114663217127,0.18944210199039582,0.37869268730799915,0.43482799869472455,0.26872404509612596,0.5033032802685571,0.3444031434848934,0.35179126330200955,0.12472346667378928,0.15443253363538814,0.420629329742699,0.15247462179927265,0.30477064632022244,0.3244646415418871,0.3174475288043134,0.07417138183585463,-0.09625392073694129,0.40346016004187785,0.38526971095581797,-0.05643709901659096,0.7915072928718668,-0.05614522409107987,0.02730726992430984,-0.05524073917267084,-0.14774227075837523,-0.10248167704638733,0.008725577768518383,0.09761888670318114,0.22615725277465323,0.11704596153199068,-0.5622696066619381,0.03588415246365179
0.2085187184204742,0.16906894923677873,0.3760394149747092,0.1989482826365647,0.2154997702488424,0.20646872543609543,0.17758482721914942,0.21595762628507786,0.16314832598360138,0.2651365253171052,0.27831402192944454,0.22634391613227126,0.290613118918417,0.14708329201421178,0.17401653555195443,0.16485671838533728,0.17458937502944658,0.4757678765605834,0.1688634385086599,0.026480557766324006,0.05851923219483901,0.17368662016598613,1.3547458679705164,0.296351324816943,0.420303257421513,-0.08061466638885478,0.14143877996502593,-0.11725356232636286,0.42563289005465893,0.24570391903600586,-0.16817805632121685,0.0863009583513107,0.12423447284689033,0.26177952045361663,-0.07563819441438915,0.40522737051730284,0.2656894925716212,-0.0054822639354742886,0.5326046350689971,0.2822037994980378,0.21931964260740172,0.05322652636860047,0.19516415620080538,0.11750413224648053,0.13473105274666183,0.34545161339415476,0.3687856982541573,-0.052255385959493125,0.30445926804447415,0.26544172883644657,0.06067995262041973,-0.0011513869486994843,0.03475353248106623,-0.15609782535522132,-0.05383669798430926,-0.06426892206871875,0.05276381810486043,0.008353739820970027,-0.0978479500060019,-0.043065941871437044
-0.023266568347735866,-0.019209288227606588,0.28823063651909225,0.4214278440004937,0.33463031614112054,0.34512058405705404,0.28571710697854247,0.32355236621118544,0.362964298305302,0.25416477338037674,0.34232404790581744,0.26863694533303056,0.32968016533482464,0.27481062300011916,0.32592976508946936,0.2932556342275359,0.2945729667201087,0.26443293947237195,0.3135319493810693,0.35934722059269897,0.333523009600894,0.32007594243548604,0.296351324816943,1.0428774471032405,0.3088490823297522,0.40345019293884715,0.2881015884795899,0.24933003553444322,0.2913376463650855,0.2502190288764235,0.3913377122927425,0.2782900178620098,0.2813461984511954,0.25475021619975735,0.21597032434312835,0.45132903413547354,0.14335425136148017,0.21279453348743027,0.2635760041467078,0.1179412514073794,0.3382092167752855,0.3036780717876558,0.16536248941590656,0.06466060681627785,0.06947468953201853,0.4354383995124984,0.337446345745562,-0.07057255840132615,0.22974621358919864,0.011580483956885252,-0.10596171896831813,0.012166888867300767,0.08463353916666377,-0.020809069500194583,0.27837992376835097,0.03652367454519201,0.26084128111668126,-0.5077034741998286,0.028898946871735044,0.1279812019257716
0.4030121685531719,0.4369099708977901,0.6457865689130312,0.2654419772539016,0.12011219988843312,0.48205320969237986,0.335589818904194,0.38357963061132744,0.29965212639962424,0.3125626755494216,0.37936859339563545,0.39792287320485925,0.3274794582792908,0.2666961050677279,0.3673828732392857,0.33426148440830333,0.4176418265614828,0.33301703091200874,0.32222369934988093,0.4084352340429161,0.27827277573989995,0.3010048188145854,0.420303257421513,0.3088490823297522,1.293326956429511,0.12876721938888688,0.347086515046034,0.2635568924069561,0.5821700969507946,0.5392496912074332,0.013811957306129555,0.2685775263783891,0.1701519626701396,0.4911150885188493,0.42579750382693876,0.4133574131882086,0.4041084424449144,0.2630695344912677,0.6606047430070254,0.31351774128643634,0.3047033802255009,0.2554559318674915,0.43230535056430575,0.07875088383995035,0.29048472140835796,0.5595634532272378,0.4783795477924929,-0.0916896764738067,0.5628865310669434,-0.3914859174309645,-0.03383414281434973,0.18434045784544892,0.15165773904574284,-0.09766446336165452,0.02615085155230163,-0.0015001436533656303,0.2062808353627671,0.028167328063150004,-0.343852105687817,0.10256179005610315
0.30340072009659336,-0.11949576232650068,0.43883063036099434,0.5596860543631457,0.45543241779516186,0.5838628322985348,0.48203761328441064,0.40943383447020393,0.7211633556539928,0.18376821690332604,0.34857091176628274,0.4444504666649619,0.3048174601144275,0.4728349833410842,0.3447267767735186,0.4685788309542305,0.37151084151812375,0.4075594654636159,0.44287398461726063,0.3293920735880728,0.55539290780697,0.5667890811269742,-0.08061466638885478,0.40345019293884715,0.12876721938888688,2.1191763804505683,0.38904532880152626,0.43890580769500137,-0.08280371863548787,-0.3369033565614488,0.6055121087378331,0.49760922384925704,0.3366913360378416,0.4404027018981613,0.33891793656086255,0.35284251199100747,-0.3186019951814231,0.18968837230331678,-0.47670450123287633,0.03519869240207846,0.4396178517035627,0.521484255947911,0.3722971308253047,0.07897068806092072,-0.5335731874852574,0.4139721066605761,0.17767937328095093,-0.039417621933305225,0.36423527311258386,0.3824328613832574,-0.23379931395156783,-0.13773508545016158,-0.19392878868174546,-0.03907895908914364,-0.0406960843587917,0.041155539352071766,0.1780051485419182,0.18563312447003857,-0.32612660750471645,0.0575540460255424
0.3855714213805138,0.3668315055740987,0.6337949191202578,0.35953107335825135,0.19889441722201334,0.47749573036409865,0.4035645884418983,0.4074955637501233,0.4325375318833087,0.39830651573946096,0.4369138530031343,0.45254408123417594,0.42398428876632094,0.3939442431867934,0.3678980250189319,0.4116145010259425,0.42453862024150074,0.31268012287376884,0.35380317599799227,0.4878275942858505,0.3270389404785476,0.3887791962136581,0.14143877996502593,0.2881015884795899,0.347086515046034,0.38904532880152626,1.0371131401532472,0.39422326224592713,0.41888069440616804,0.46686927297177927,0.2680083941377992,0.42442520266882583,0.3147424035038451,0.4816783731494342,0.40469853815441814,0.5825925896602645,0.41903270087747846,0.2888686068695092,0.4574206060715014,0.28093334817844406,0.46840439231437886,0.3166884567733449,0.6312153709490117,0.014231629204270135,0.30083000441311253,0.49707455650575627,0.4287691150040429,-0.08733757784072942,0.5867892465810822,0.008165232811922326,-0.005524968505552256,-0.012511788300763878,0.02096054851257903,-0.07192434695017916,0.041180975164995734,-0.045895413289272234,0.25119458005957757,0.062365797106761316,-0.3063965804272141,0.050734254834469174
0.2970388696150882,0.284232533334617,0.5672633287276925,0.19661213846850473,0.11241769873564726,0.3340175820337589,0.31389243745400885,0.24293457506681987,0.41340209750872414,0.3061394868775318,0.3067123612200434,0.270220935897234,0.3192932045094925,0.3439109420584561,0.33033888060715033,0.3557936617699215,0.4757354130767356,0.2795411959958495,0.33079478114479943,0.3905238820353796,0.3993717318082045,0.36015398561318396,-0.11725356232636286,0.24933003553444322,0.2635568924069561,0.43890580769500137,0.39422326224592713,1.4269064634201583,0.30868226581386754,0.6376477051970209,0.5130405316323294,0.4137656781398998,0.7117172108698571,0.3596939860406344,0.8540141394830807,0.4659951920094005,0.38233220428862175,0.22267188992203132,0.19667615002096864,0.2380582765382284,0.5135229666293553,0.34948780211878877,0.47913690054023084,0.14007411918542964,-0.44393566621107744,0.6290243528559903,0.49399781792005487,-0.07521451112027011,0.930606198917292,0.13990876765986754,-0.0874046044951013,0.39060037297166533,-0.40407821254170445,-0.0488912656477089,0.10073182722019133,-0.034824873731504266,0.10054846297056479,-0.013669304995121642,-0.016610323140119215,0.17756686818147302
0.3617024309584334,0.6898879773131773,0.9290518186032459,0.3811216364714331,0.2851482409983444,0.6969513496077956,0.37806716351904013,0.5742847632955279,0.3576615486186574,0.541893946619343,0.5904893009565635,0.4109557443014775,0.607765410140483,0.45666119457361165,0.4264971554554972,0.4642713819731568,0.5410795051314808,0.43586100190551313,0.4106053156583303,0.7347059837635826,0.3042890492965295,0.4203114663217127,0.42563289005465893,0.2913376463650855,0.5821700969507946,-0.08280371863548787,0.41888069440616804,0.30868226581386754,2.451261684168908,1.0681479656341146,-0.07924174474721948,0.38906998203893356,0.044051056564483965,0.9463283612955785,0.724608684469175,0.6473128239713415,0.2322335113610996,0.31855772579753666,0.9579350196073091,0.49930568235984635,0.6393416646257812,0.25651785799702537,0.4656566551785925,-0.02347077207844017,0.7300493228383726,0.5530617583424849,0.8092024448982637,-0.10440897930271878,0.8530289965876412,0.3751460453534064,-0.26938468729519915,-0.14649326838562102,-0.004948925523954686,-0.16230908885730713,-0.08441129557890868,-0.22154854179848538,-0.17335378604784657,0.24387735923531703,-0.0015165758908876335,-0.0867670714560037
0.5128721498857463,0.4986818171180745,0.9551560059640911,0.012225200599819621,-0.0780482469310519,0.2735158000230528,0.21169145175298618,0.48635819954134757,0.12544700588906935,0.6620637820211575,0.4475018976196586,0.2583283767607443,0.4588067532289465,0.3769876118158952,0.42378096481302174,0.3581878461420908,0.5144376560982987,0.22250732792385794,0.23375271347547796,0.9080534128597179,0.37236436749280527,0.18944210199039582,0.24570391903600586,0.2502190288764235,0.5392496912074332,-0.3369033565614488,0.46686927297177927,0.6376477051970209,1.0681479656341146,2.9756921436261865,0.08601325469914652,0.23402109140614005,0.3019498393914974,0.485570854204637,1.4893522564973527,0.5960193309308562,0.7664009462371755,0.5309514261236601,1.1950036159885722,0.8994616375125064,1.0256733876026456,0.39918070550493445,1.0654145517093878,0.23481143704456744,0.44069561385148454,0.7155278986847214,1.2756129381351342,-0.05385669074758699,1.75665344981056,-0.09975539350732245,0.10938023622689175,-0.37512223889384483,0.46358369106839864,-0.11660647136138662,-0.030595171321811495,-0.3617806692869395,-0.030527873244478754,0.36697356054128927,0.04153727946773712,-0.02524019058851311
0.2123746150830038,0.008270414855390986,0.24223475277060352,0.25131031537445264,0.17203931940083478,0.2734344475712988,0.3254128648892196,0.25856723686506494,0.5124700570937083,0.2305687056040677,0.22402869284035923,0.23151906735758468,0.19528713258024166,0.2449227976103804,0.30458041943240854,0.24792110825515323,0.2355002181901806,0.4585639731657927,0.3125831243737374,0.21646559313588332,0.36518428962668803,0.37869268730799915,-0.16817805632121685,0.3913377122927425,0.013811957306129555,0.6055121087378331,0.2680083941377992,0.5130405316323294,-0.07924174474721948,0.08601325469914652,1.8975247616582545,0.15089339221511147,0.4541903008336504,0.3110198244679944,0.49741054146370295,0.5038827284949242,0.20983335010720122,0.18583578923597077,-0.07160665913376138,4.565531940273473e-5,0.30047506853912676,0.30449201566029227,0.24379531265216978,0.09838510948372442,-0.21459563006593332,0.6897645618090736,0.3903587191099895,-0.0914593465517898,0.07718798621214121,0.3386765795407959,-0.08123766283121042,0.13468623792567033,-0.1719975508755235,-0.22786356581643957,0.3845631579441617,0.1944193544300388,0.6587283359522289,-0.45694219807892955,-0.5554556320268607,0.051232973832288364
0.26500556475582143,0.01084650721464577,0.3881068889027883,0.4937121165426895,0.3754851105409007,0.430219843985635,0.3787614766072967,0.3160326125102939,0.5033762247520962,0.24282180979804258,0.3463492966243236,0.3485391285734266,0.3338044689103911,0.5582375332139387,0.291974280190274,0.3691314430287214,0.3235878113809601,0.21735546461882824,0.39935833672146676,0.34609173709387736,0.3718039894562235,0.43482799869472455,0.0863009583513107,0.2782900178620098,0.2685775263783891,0.49760922384925704,0.42442520266882583,0.4137656781398998,0.38906998203893356,0.23402109140614005,0.15089339221511147,1.1720260732820778,0.3154316956506688,0.4992645386834526,0.043774495960944605,0.4458272561597782,-0.12386600910419082,0.24509582362924182,0.2615948499714434,0.08456452679654826,0.34997467128275234,0.3375633938292118,0.2992493586543405,0.061128659235992,-0.1838190947124434,0.5113543359087979,0.38780884332116305,-0.10533174663038436,0.8839678969404168,-0.09953823187727641,0.10756526156606873,0.13302360687894646,-0.1619597785918692,0.18103382627836478,-0.06648215319561407,-0.01802734054645041,0.19344908732040816,0.09745068191069166,-0.20906675441261238,0.4016642914739358
0.18476431044961092,0.20221355294296012,0.3035715960104648,0.24988595068632513,0.36793603836074157,0.051536291393467375,0.20314724143103152,0.1410012844142854,0.25948221506851915,0.2577212874343759,0.2055114875981668,0.19653618170214393,0.26372791824622166,0.31396646331494094,0.31104629460987326,0.25326760008845367,0.311226046007065,0.29679347570672054,0.2718531975875166,0.22851086921269703,0.3633755866824445,0.26872404509612596,0.12423447284689033,0.2813461984511954,0.1701519626701396,0.3366913360378416,0.3147424035038451,0.7117172108698571,0.044051056564483965,0.3019498393914974,0.4541903008336504,0.3154316956506688,1.7093968412541733,0.05613808201260923,-0.14549294473882315,0.4258820585767222,0.7065288468809917,0.12087766801778732,-0.011876870429221732,-0.008926160518573308,0.2059818621382481,0.3406444680005679,0.4093633401541095,0.17415880611913026,-1.2741267782339376,0.7443985409835389,0.46890453807903176,-0.11922695200649314,1.2080870303493059,0.4541034947967575,-0.11537106731433902,-0.1122287172540058,0.00740042187000583,-0.3079718514470951,-0.03665479913051021,-0.13878405439269387,-0.06731076952940958,0.08612844371657613,0.15883312065140417,-0.013740728331374562
