1.17988772178882,0.14756873639344792,0.022034187817389972,0.11982790577399556,0.25543984711002526,0.1030326067604335,0.1926199091982279,0.14649239498122138,0.0629811994154927,0.1322216895115059,0.1201861046141091,0.14369457067653005,0.08153274513263989,0.09903779357649996,0.12421559582471904,0.10532484286747128,0.08828234632054577,0.13439323352839105,0.012685268741542586,0.11236471816571726,0.10090584709802997,0.1726485737836815,0.18637638277727478,-0.14310385135852013,0.1007667308853734,0.14655721392474996,0.12239069217729935,0.03982388381577987,0.06261112958517974,0.1609807103874016,0.09767582116420954,0.08643461319619257,0.06023148351486941,-0.1912632322202102,0.03902096784652782,0.15543203823457588,-0.018535957243364005,0.07616237638304692,0.03550234573824157,0.08840835462887284,0.10635495318423463,0.06562609856480449,0.04466309854078555,0.14399406502057216,-0.019369684165655963,0.08451452409397456,0.05086041884259353,-0.01578800867820693,0.15657989103978567,-0.04587183103500297,0.05150920125265211,-0.04528426581700305,0.03526563090142437,0.01688431179011877,0.0679609527362756,-0.0029274094354058413,0.04976072546085693,0.009177748435110435,-0.18097232147852563
0.14756873639344792,1.976533880782391,0.779113781839062,0.1665676792799679,0.19820778428765556,0.32336314054328075,0.25671217046818195,0.35806593685448446,0.3060111456017386,0.3296104883281924,0.2787522189872889,0.2775249475858699,0.1953061214148245,0.13102356468490317,0.5030996136430126,0.2308131345078301,0.4066772940954797,0.5333292144340843,0.05351086352808707,0.32023512206711235,0.37288296757855277,0.1257256886376631,-0.3148664072544001,0.28429108980176276,0.2619034896566451,0.42856088155704897,0.18841792095897095,0.4124892506958268,0.42116745236016756,0.031464731670339294,0.024935370309965607,0.2126911695444471,0.18703613625247217,0.40986224884930345,0.31856536683075465,0.22326229027719316,0.7387515808806634,0.21451908495175878,0.20478992525382653,-0.11892626510041822,0.2804199287920888,0.13756026092325968,0.2077292316674154,-0.08457450251177441,0.42806636719101493,0.24443477299435437,0.3278725704615642,0.0676537691638521,0.3216807766951139,0.23777783639364175,0.23375092327719227,0.3012986715150737,-0.510449675928965,-0.18628356057553508,-0.5688259511704474,-0.04866128210680371,-0.38252987132598304,0.5926761786776423,-0.12678607025142472
0.022034187817389972,0.779113781839062,2.075536344561692,0.19662468440067224,0.1384396068369834,0.41190829960822584,-0.03384550153427249,0.4191186801545373,0.4873523971419927,0.37511395513092494,0.2519673672086166,0.2780757468858653,0.15811335382857641,0.060749255813142215,0.4830655735082576,0.15412297114954487,0.41654713429479534,0.3927171919740754,0.3811796783722407,0.44490901564736773,0.23927050772922118,0.18724942350103757,-0.06803355873233041,0.3782174635055135,0.27349696829418807,0.36226400969338496,0.1411750849864499,0.27671286609993095,0.40914448635476064,-0.3498150956627351,0.26548959757637747,0.10074292993511455,0.09288337240660792,0.49085948554574327,0.2916841599132974,0.40677322972904095,0.6936332773864736,0.2793352958239427,0.2783391770140756,-0.498306560650609,0.1522138378654128,0.12390250895392901,-0.0472146956194657,-0.17190461375768198,0.45594537546235264,0.6729120768233404,0.3185650556825289,-0.01874724135503943,-0.07579915715935905,0.4064335614358403,-0.048789390753298134,0.36574608945170384,-0.28991021312439624,-0.36388767183237763,-0.1881107506988395,-0.04935793329607061,0.45829346515390634,0.07930013511438498,-0.6055925573901214
0.11982790577399556,0.1665676792799679,0.19662468440067224,1.1259250944100119,0.41383091088293783,0.346281813515691,0.33460217437696205,0.2829642713302484,0.1879898117461197,0.2598286610775356,0.23694526992072926,0.36257254961383256,0.18788805604400588,0.2911178996029839,0.21380183030413144,0.3008968743695955,0.22379104116499066,0.2781331245711641,0.005452433908834745,0.23895917123897875,0.2103287545227715,0.23452441275009067,0.26088826371194573,0.3312873081528388,0.25518258130100613,0.24882408532677222,0.2048493436423095,0.047727138158714384,0.3479037746116379,0.1300381233763441,0.1263245674153962,0.29342874917980755,0.1538322638497949,0.37117547812002455,-0.0642710495834811,0.30311025844498923,0.14822695235409894,0.15650110031393888,0.17876979781807556,0.09042671079493145,0.18272544579036576,0.19385684445858714,0.210877661930406,0.1658804216225181,0.1091121722749514,0.082552943255597,0.32125179193913356,0.045890617655619775,0.44003443588050245,-0.04758803376319545,-0.007407997174355866,0.11732689311135042,0.035111383433842944,-0.033206905011748264,-0.04352553887614792,-0.06251424685120852,-0.02537557405975573,0.09778022542522856,-0.08128323967221225
0.25543984711002526,0.19820778428765556,0.1384396068369834,0.41383091088293783,1.2868838590065448,0.3443404925025573,0.32468377018391864,0.31524204480127993,0.2950754250220173,0.34102997439937577,0.2469147384457824,0.3871947563468144,0.19553104121910012,0.33294673387003726,0.2714067330774501,0.34111940675153135,0.19089140674594912,0.21758523735554966,0.06046522935997874,0.2860129805753168,0.1951475245191575,0.24132265414849813,0.4181997941131225,0.30614845705418975,0.28797482905743627,0.20735956576976114,0.26131893650090954,-0.06593377184359246,0.3770166402065529,0.19447446277751354,0.2204243916563787,0.30074145440161254,0.13861684892806558,0.43682245795043634,-0.07133621931717458,0.38587600916647014,0.07248482450052073,0.17858690644195757,0.1530157375641633,0.13634071019087254,0.2000498420952367,0.18232265306081852,0.24158097075479082,0.24843299131840713,0.07397236969240552,0.06394157453001094,0.3412155688462155,0.05844749385536056,0.5100175044253575,-0.29882082321178727,-0.025909271619246763,-0.009261840560116474,0.3945682607695287,0.033710810890915044,-0.18675342672693088,0.06349208084586562,-0.02516705454120235,0.18838178720475282,-0.25980450793722065
0.1030326067604335,0.32336314054328075,0.41190829960822584,0.346281813515691,0.3443404925025573,0.9637420209960261,0.0826178864573915,0.5296788172010257,0.3744082732701599,0.29404832074735954,0.3236257182780409,0.344647042680858,0.21304235303175734,0.3028203187720969,0.4449647545517704,0.31751690317033415,0.39783844433003385,0.348626301729457,0.2915442178177255,0.48878492906756993,0.29793832470983894,0.2696070970839936,0.06628351300410933,0.4220167586648722,0.34277373866637684,0.5043647398704955,0.27455753487988027,0.25060037855350065,0.4849893038026606,0.014586331900834304,0.28253165421078114,0.33426750068905464,0.10759156000062879,0.4907983827622116,0.2238717548554644,0.2803969840751507,0.43557226063554133,0.2584172645761874,0.3676211730090693,0.11451801950518839,0.20021166046292704,0.26273116026123033,0.25217099092384976,0.10423561503522918,0.2911729678526483,0.17955434458760283,0.5777856428974045,0.06428947045820776,0.5903472483094616,0.27942453229786063,-0.239895918269418,0.28423216621287045,-0.24407922919249214,-0.07945184401347818,-0.11534683661592326,0.010989533176255575,0.19828706466949544,0.14637243904524794,-0.3905312551258349
0.1926199091982279,0.25671217046818195,-0.03384550153427249,0.33460217437696205,0.32468377018391864,0.0826178864573915,0.9756169774199714,0.21860779526343302,0.28774835148394023,0.26731275790177367,0.29422488137634556,0.4085927442304743,0.2159845499902044,0.3801926529092787,0.07945987934090055,0.3375751806960807,0.2942091465197345,0.3505646398428863,-0.07491197925216386,0.1772300053681272,0.29520733030382196,0.41159817161915796,0.49005055253468144,0.3663225103185149,0.3075623460001197,0.23459136956231294,0.26178129870210975,0.11311067613986286,0.3313683442219771,0.4016603939894338,0.25590683291751753,0.3687304241942774,0.20523852435410606,0.38446734264782756,0.1742080276063829,0.5515279330989369,0.08774236567844008,0.14069219769193372,0.2051203051201438,0.1527502593573748,0.3084737635677683,0.17528240216831378,0.2823365742502048,0.32422700967153395,0.1350128931154152,0.12292391168782987,0.20222422152452899,0.0420242376516746,0.6748474340808045,-0.2822042503463135,0.15754738330691148,-0.1276383588780447,0.22695597948989338,-0.011048110556695648,-0.28482895699627214,0.08456371286604768,-0.056309314628058695,0.33500438256376275,-0.48369590078768343
0.14649239498122138,0.35806593685448446,0.4191186801545373,0.2829642713302484,0.31524204480127993,0.5296788172010257,0.21860779526343302,0.8326839995774997,0.18343510929075246,0.2853778488183461,0.32115702274423436,0.24950289459592626,0.21817801102563522,0.28601070099517956,0.3753226658055755,0.28758939284542323,0.43418325364526067,0.37071172943192493,0.3077755559199677,0.4535068394383193,0.2689117102676724,0.2594764322618427,0.13457086103793156,0.3540499434931472,0.3464792240992945,0.3853874391684212,0.245395301533646,0.20143181294708135,0.4159731412872867,0.12944534529879168,0.28077179297046756,0.2528197910957198,0.1511534407309105,0.47157057931308605,0.28617384363474674,0.34034435377998057,0.4547818348886263,0.2323875830061109,0.42174747385203065,0.07955035688548351,0.25782305800055316,0.22871656592178022,0.23806183489123384,0.09896464669994175,0.30712245914100733,0.29991665835316755,0.5263724903357622,0.04753315402630557,0.3900274425547791,0.15281099757677682,-0.09937308944374058,0.14405122450532373,0.02316658299531965,-0.16931836855699017,-0.3369047357718841,0.014948984590959426,0.21909713760207175,0.3734924261705858,-0.5967264593986253
0.0629811994154927,0.3060111456017386,0.4873523971419927,0.1879898117461197,0.2950754250220173,0.3744082732701599,0.28774835148394023,0.18343510929075246,0.6942917272612084,0.21115138282575202,0.2467682761873286,0.2987246106173443,0.18745095144719925,0.29801389901855185,0.2290247452430869,0.26914161310292006,0.26490868899266945,0.27147587625051783,0.033919098179211765,0.23682237863130112,0.26834373165189646,0.28282600710592937,0.24923562944042074,0.3857449980835664,0.28566632415824683,0.3309407206619292,0.2190551692293426,0.17713613343533618,0.31688525898483877,0.10208490465765334,0.3066176967869622,0.3021092594530883,0.15674113176469223,0.36179836408596205,0.2236186081898134,0.4033575756498806,0.22077880125178065,0.16237470083270356,0.19847848956448863,0.00887199926943046,0.21024403639317535,0.15714299123889755,0.18260400284871936,0.16426000416620198,0.164861362727711,0.17904624708923347,0.31398927826391454,0.038842700537813926,0.5143822188651614,-0.06323770149089417,-0.050287530937775465,0.049006518828672185,0.056775668985236206,-0.038858444658766166,-0.06096022317924384,0.12241264589288768,0.1428389335529092,0.06231716115070487,-0.4304820944289652
0.1322216895115059,0.3296104883281924,0.37511395513092494,0.2598286610775356,0.34102997439937577,0.29404832074735954,0.26731275790177367,0.2853778488183461,0.21115138282575202,0.6581329075672429,0.23561749533748969,0.27390303799772076,0.17924696310856786,0.26874915330916604,0.2666319204624808,0.24130227377551375,0.247016151118479,0.30003867176649857,0.12812053981732066,0.276959895570346,0.19653343006881027,0.23241927306836588,0.196302773183511,0.29164599587324797,0.2565184696172993,0.22937780842629296,0.21497563505784897,0.13910002221262657,0.35968101414629167,0.16579033299370555,0.13856024087749222,0.2595712399647608,0.14643872044903247,0.4105958517498978,0.17431006665309878,0.3430442244115236,0.29014844892054986,0.17174375078083418,0.21224493106694448,0.009383691270102024,0.23045190257708023,0.16159011170976578,0.18288698407703086,0.15454323467173775,0.15376625543636946,0.17418166645390892,0.352931227109898,0.041608774014820354,0.39873011821219434,-0.014438873931798202,-0.005570471676341501,-0.013069698910090721,0.07777482471695185,-0.04943137819148099,-0.09566324277935823,-0.050854657832024246,0.042948214887823605,0.07314006958677821,-0.11270789897012379
0.1201861046141091,0.2787522189872889,0.2519673672086166,0.23694526992072926,0.2469147384457824,0.3236257182780409,0.29422488137634556,0.32115702274423436,0.2467682761873286,0.23561749533748969,0.5372290529899725,0.3150729701282104,0.22264442249593197,0.24185315882293346,0.2903040970614209,0.2802818284775486,0.3396746985320352,0.2707712948956051,0.008708134900886897,0.2837875445418173,0.266740839425053,0.2589521129191087,0.22836074886243354,0.33231830235617366,0.2845682797077341,0.2744940612654769,0.24135112240299753,0.14579681134980135,0.35079422310000374,0.19174811134579,0.21857291556626013,0.23450583236173791,0.17043786223687005,0.3420941803432255,0.23838324697405286,0.3518648465504459,0.29217689063534463,0.16991313911703046,0.277041739506316,0.07574009379296469,0.23305809983883255,0.18241535209723692,0.20537979173531576,0.17305697113052107,0.15948653775949945,0.16439208657002072,0.3760603732049473,0.0455805351080525,0.41485779474358964,-0.006748911490213848,-0.09981144650586427,-0.03940853900873994,0.18901226093093937,-0.041890400863890814,-0.19422525568193405,0.015531665970396673,-0.03521974740292722,0.17272216488608913,-0.25533878612103283
0.14369457067653005,0.2775249475858699,0.2780757468858653,0.36257254961383256,0.3871947563468144,0.344647042680858,0.4085927442304743,0.24950289459592626,0.2987246106173443,0.27390303799772076,0.3150729701282104,0.7288604875486413,0.18254178302293836,0.28861748898445594,0.20935733686610183,0.31797018256439125,0.25373707424741376,0.3654449004971873,0.025163944866240615,0.23547708814765006,0.24286379091817437,0.2648733230154474,0.2626219085858912,0.33483660824362615,0.31849105264654504,0.3226725017361896,0.2892210948833835,0.12055703067914639,0.38391400662846153,0.1293951388079985,0.18813688467599526,0.3126958669013385,0.0932698816946951,0.3819498866204942,0.22153492779352338,0.4320344688721962,0.15726652724840048,0.1530489299995875,0.1354807784675189,0.08346115441609886,0.2058518141611435,0.1635430842216847,0.19465801903257487,0.1512539285945731,0.18581814363550436,0.11659653527184544,0.3069218899558068,0.054682385646168785,0.6210609320794255,-0.13310688240750498,0.0023737904599447947,0.0005737131100309063,0.07377253006782436,0.04119666472138686,-0.21046599892996978,0.013143282080977247,0.07554520906788097,0.21795843977851212,-0.3858358658992718
0.08153274513263989,0.1953061214148245,0.15811335382857641,0.18788805604400588,0.19553104121910012,0.21304235303175734,0.2159845499902044,0.21817801102563522,0.18745095144719925,0.17924696310856786,0.22264442249593197,0.18254178302293836,0.36166089913798505,0.1830404152360658,0.10168900103580865,0.19554785816101228,0.20148889514830826,0.16491970647957285,0.07840658874273505,0.16566905114978828,0.18248616220835803,0.27610888393567856,0.20536796488032752,0.22328772226355761,0.18520614535360394,0.2039597804869738,0.17911612928779047,0.13016901812975043,0.2581762582408075,0.17264986074786307,0.12648838182182923,0.18712261705235086,0.14236617666952162,0.26901235153936776,0.16075089147687452,0.2494662123958849,0.1875319903252107,0.11524115374742906,0.25445562489522344,0.05444193399981995,0.18483559662109428,0.13760836462373346,0.15853178377375526,0.21951865492814396,0.028607921534154385,0.08259896516593097,0.22221750421886535,0.017271269018004593,0.36969116312877603,0.07315181951433952,-0.07917779677284068,-0.034456468553839936,0.04724849710987649,-0.023250717420464393,0.011290877258127722,-0.050340414219093695,-0.09754330613044751,-0.10394053883001914,0.16816636244463568
0.09903779357649996,0.13102356468490317,0.060749255813142215,0.2911178996029839,0.33294673387003726,0.3028203187720969,0.3801926529092787,0.28601070099517956,0.29801389901855185,0.26874915330916604,0.24185315882293346,0.28861748898445594,0.1830404152360658,0.8365333329308913,0.21890213185246715,0.5330533302396071,0.24904770260620215,0.1433584979620829,0.15750105800164357,0.29009109337244054,0.25877355012439907,0.28195702916070386,0.2595209989658977,0.4343470390870204,0.39575364401509056,0.292527643862302,0.2710888983312125,0.26270609019853275,0.37025171417805386,0.425649090727627,0.22065095132236826,0.6643449877155284,0.29766954408626606,0.36045002755307093,0.34516571604999,0.45319972708601586,0.25299708569074963,0.2042118027031483,0.23398668754670765,0.10603619264681394,0.3215307733924175,0.27475938384595555,0.30107957179610967,0.27282444005635875,0.1847746804492838,-0.024747897502109824,0.4268076982665427,0.0958305256764354,0.7081950676417188,-0.09186158496401553,-0.12785665176423217,-0.061021291134828536,0.18109389672151965,0.08145684032103893,-0.07405936344534068,-0.09219481047868522,0.18350374062894703,0.08014639724653899,0.011093983817988741
0.12421559582471904,0.5030996136430126,0.4830655735082576,0.21380183030413144,0.2714067330774501,0.4449647545517704,0.07945987934090055,0.3753226658055755,0.2290247452430869,0.2666319204624808,0.2903040970614209,0.20935733686610183,0.10168900103580865,0.21890213185246715,0.9201924774490875,0.2867991697630079,0.4014287252659414,0.34552820110143717,0.22588350273741248,0.37869962149031605,0.27137584965404316,0.06929117602636092,0.0686261253043104,0.40058194414896003,0.3392711528618883,0.3178808958386555,0.18897364347533946,0.30217972990918884,0.37604892398506906,0.07107134692372892,0.2524305616795787,0.24299209086760892,0.15789098406487967,0.35643398804467896,0.2402969736239754,0.31074861766543144,0.5121836720355238,0.18529257612426056,0.32240049987088626,0.020986909377271327,0.24268274578037008,0.19998047871455335,0.20470921980276433,0.007830463088382816,0.3763895197828654,0.1966950917352898,0.39988538493092696,0.07923543706005608,0.22895002223615873,0.35802410237296894,-0.09739180133248095,0.2625140808074398,-0.33333099154224916,-0.10766193267368794,-0.2179560251211715,0.12672034192908307,0.012319098114588844,0.241430820168454,-0.4117947762768588
0.10532484286747128,0.2308131345078301,0.15412297114954487,0.3008968743695955,0.34111940675153135,0.31751690317033415,0.3375751806960807,0.28758939284542323,0.26914161310292006,0.24130227377551375,0.2802818284775486,0.31797018256439125,0.19554785816101228,0.5330533302396071,0.2867991697630079,0.6496104511230505,0.35782815384508243,0.1698785887501602,0.11966309956537062,0.30340355433386285,0.26684754131423977,0.2619002199532376,0.1394015454606022,0.3774573843777482,0.37748173627848075,0.27992339911284064,0.27845447235721044,0.2685680809735483,0.3690623323395263,0.352670990229284,0.2041917436216382,0.45281742479733367,0.21528732843021348,0.37627467163466927,0.3840903271287609,0.37829147412748165,0.3278490012548562,0.18975549526589058,0.27942140320585257,0.10650038841111367,0.2991811268873456,0.2799971699674789,0.29124066011731015,0.18051664969029602,0.25022116421032514,0.05380519343252152,0.41750213951979503,0.07055233990858492,0.5228702769054923,-0.005741273340259533,-0.14433376218651292,0.0022066309106226695,0.10120208296555981,0.03711090792567509,-0.16902804257112838,-0.0030292567417064885,0.001010287870794183,0.180708879975845,-0.1336797597921565
0.08828234632054577,0.4066772940954797,0.41654713429479534,0.22379104116499066,0.19089140674594912,0.39783844433003385,0.2942091465197345,0.43418325364526067,0.26490868899266945,0.247016151118479,0.3396746985320352,0.25373707424741376,0.20148889514830826,0.24904770260620215,0.4014287252659414,0.35782815384508243,0.9278808031800811,0.352042018195857,0.1601311818012966,0.43135757316468687,0.3583106016261061,0.34296053041015817,0.1490534267313313,0.3284286506164941,0.349976058133859,0.30600463189405447,0.2631336612856746,0.36749814790103397,0.4361580062821502,0.25758976475783163,0.27056594726426725,0.2853930575245496,0.211713096861165,0.4555817023688154,0.36187566113917263,0.4396623403511086,0.5735298295218381,0.2628742369319282,0.28709187969486355,0.06481480880895982,0.38996899395527357,0.29011735002782824,0.25861622523352173,0.12850747055310885,0.38147619350172973,0.3116910399051487,0.5868913127539312,0.03753169916555277,0.3719265569454199,0.127825008424985,0.11505264610705326,0.03864919901626897,-0.2010306960195819,-0.11103597125728416,-0.5851122582983735,0.11793875002527973,-0.1888076237736053,0.5684366633054486,-0.6800649237433719
0.13439323352839105,0.5333292144340843,0.3927171919740754,0.2781331245711641,0.21758523735554966,0.348626301729457,0.3505646398428863,0.37071172943192493,0.27147587625051783,0.30003867176649857,0.2707712948956051,0.3654449004971873,0.16491970647957285,0.1433584979620829,0.34552820110143717,0.1698785887501602,0.352042018195857,1.287835415917274,0.13967002539902829,0.16497132691843475,0.31957499870991063,0.23740595901182504,0.2642303410693256,0.512655527802738,0.27900480330752697,0.5351945413666446,0.10124825868893787,0.3225357228297263,0.3758718978959455,-0.008197786589332175,0.2924253615475355,0.22066979254038532,0.12391743060319543,0.3605244964646705,0.175371940895198,0.49733571431433726,0.3124648500206789,0.1246456082804881,0.20187730877558413,0.17909955134434866,0.3019272804558495,0.15803163052898117,0.20185380694207478,0.04273058815372198,0.3153349158656334,0.3344748497546047,0.31974917017563603,0.05355245714720721,0.4047015329283842,0.00167171752723775,0.5741626040142092,0.09628542829961378,-0.5688776678356583,-0.1667100464544994,-0.3055654137404574,0.09623602087059317,0.13744611397131065,0.35002392702452007,-0.6433304557825286
0.012685268741542586,0.05351086352808707,0.3811796783722407,0.005452433908834745,0.06046522935997874,0.2915442178177255,-0.07491197925216386,0.3077755559199677,0.033919098179211765,0.12812053981732066,0.008708134900886897,0.025163944866240615,0.07840658874273505,0.15750105800164357,0.22588350273741248,0.11966309956537062,0.1601311818012966,0.13967002539902829,1.7536254623050445,0.4197924475900752,0.09161486133426558,0.08635976158199615,-0.04867543253949264,0.11296676937699829,0.11309299263436359,0.07325659371682061,0.07569824247131714,0.1695627187011128,0.22335938643986183,0.0797489258968787,0.2101980954003365,0.13924800146150768,0.10423767032052818,0.16684758323508922,0.06277315934226334,0.21827433645951788,0.22490092717429203,0.21389020017552612,0.23541925016160167,-0.013433042292772493,0.20135203394019607,0.18199526123874388,0.08567275988014626,-0.06715606880681958,0.2859474809051111,0.2671495297598555,-0.05122425594241687,-0.012839551992980527,-0.48252318865665983,0.2840334025257533,0.06178147349927432,0.11851299076400247,-0.25374948987598944,-0.1316366290694124,-0.054348371038532364,0.06639828357249788,0.12751153066203214,0.07033664259612635,-0.07563314293872815
0.11236471816571726,0.32023512206711235,0.44490901564736773,0.23895917123897875,0.2860129805753168,0.48878492906756993,0.1772300053681272,0.4535068394383193,0.23682237863130112,0.276959895570346,0.2837875445418173,0.23547708814765006,0.16566905114978828,0.29009109337244054,0.37869962149031605,0.30340355433386285,0.43135757316468687,0.16497132691843475,0.4197924475900752,1.363090067663259,0.15922292483351086,0.10898627084067837,0.3357838770276652,0.4362183946473793,0.3158030220750643,0.43023220167604115,0.3744181244986597,0.12393702259480707,0.5406880441057117,0.23834465106711847,0.3698688995717416,0.27712948274575916,0.0066583776726820525,0.46949024209085183,0.20073221472181801,0.46640727762169815,0.5554380435136582,0.5181920546165331,0.28933043061832703,0.14293467539818583,0.3693295180887478,0.44281538854909824,0.25978573893870793,0.10569837344590433,0.3656107621659586,0.30640849831611466,0.35530128352885393,0.14180367879108438,0.655533841464434,0.014326213348789191,-0.04752895038869117,0.16053985754916464,0.08487771909459803,-0.10978629903654699,-0.06731073479325173,0.024676872815425202,0.22373295690211717,0.04650950792483829,-0.31185406752991873
0.10090584709802997,0.37288296757855277,0.23927050772922118,0.2103287545227715,0.1951475245191575,0.29793832470983894,0.29520733030382196,0.2689117102676724,0.26834373165189646,0.19653343006881027,0.266740839425053,0.24286379091817437,0.18248616220835803,0.25877355012439907,0.27137584965404316,0.26684754131423977,0.3583106016261061,0.31957499870991063,0.09161486133426558,0.15922292483351086,0.6066436607356345,0.2772428997094597,0.1692808322851693,0.3006642875062844,0.2761948428040046,0.3331944774728639,0.1843208262460875,0.28625301610944115,0.2996733874738334,0.25733519431414564,0.31537511743712315,0.26663557944671973,0.26271146135938916,0.3376494154794906,0.2918577994907797,0.38300846962015234,0.33878729297480864,0.17359050622476535,0.331465175870304,0.11965561308588028,0.41025735411405,0.18025287192054448,0.28218295699423745,0.23611771512890276,0.2628060145686849,0.14380151965007906,0.4163790677823518,0.053951716989820285,0.3692104076471355,0.0971180095671869,-0.03130414171204718,-0.009647819384254417,-0.04970985840809053,-0.04546857083158056,-0.2660613122320681,0.04856698890702735,-0.16265182551532903,0.30114108050521526,-0.24414325063443112
0.1726485737836815,0.1257256886376631,0.18724942350103757,0.23452441275009067,0.24132265414849813,0.2696070970839936,0.41159817161915796,0.2594764322618427,0.28282600710592937,0.23241927306836588,0.2589521129191087,0.2648733230154474,0.27610888393567856,0.28195702916070386,0.06929117602636092,0.2619002199532376,0.34296053041015817,0.23740595901182504,0.08635976158199615,0.10898627084067837,0.2772428997094597,1.4513292095488683,0.4360823926392016,0.27762028956021484,0.19482638600734384,0.37036605047964205,0.29084232237332075,0.18024778018910476,0.2817218471463387,0.3083739245079144,0.23986864913400655,0.3336808213504835,0.2672772398781825,0.36414039425952766,0.1894885572883947,0.4190833625880043,0.13855129559058707,0.1958693515668681,0.4155908948498594,0.10334768922308891,0.3117313710308872,0.17809117464229385,0.32706244139551466,0.5337791004261085,-0.10042782832954324,0.20017699969174502,0.3248861893034365,-0.2429542140946103,1.0833761770016481,0.10903079312779367,-0.07582683909376806,-0.23168943892192786,0.09614211846859334,-0.011878473186199856,-0.12032520114503396,-0.004136353426358653,-0.023891667860546417,0.11480340137369693,-0.266028798525925
0.18637638277727478,-0.3148664072544001,-0.06803355873233041,0.26088826371194573,0.4181997941131225,0.06628351300410933,0.49005055253468144,0.13457086103793156,0.24923562944042074,0.196302773183511,0.22836074886243354,0.2626219085858912,0.20536796488032752,0.2595209989658977,0.0686261253043104,0.1394015454606022,0.1490534267313313,0.2642303410693256,-0.04867543253949264,0.3357838770276652,0.1692808322851693,0.4360823926392016,2.06584959129757,0.3732380033796962,0.371474917247445,-0.07806675953543078,0.2763709505945106,-0.2824069005017886,0.46806424830536353,0.6030373305593287,0.5113379915309226,0.22203003798085597,0.05879411167859133,0.4396466294585004,-0.14148739927344894,1.002178830768004,-0.2925296398039137,0.14880689409514755,0.11641918194583731,0.24950077393763403,0.4075485259953386,0.10137857410066908,0.25172998808810915,0.9226439154327948,-0.24581982077343636,0.22546069709780286,0.2003624313642135,0.03155683178210786,0.45178954635706,-0.7529673397726315,0.35719812251890365,-0.3954026647095858,0.6707424891037509,0.04525945963802007,-0.09261727129600837,0.1406360652151218,-0.026155738618287842,-0.013701765976401875,-0.27658679530736485
-0.14310385135852013,0.28429108980176276,0.3782174635055135,0.3312873081528388,0.30614845705418975,0.4220167586648722,0.3663225103185149,0.3540499434931472,0.3857449980835664,0.29164599587324797,0.33231830235617366,0.33483660824362615,0.22328772226355761,0.4343470390870204,0.40058194414896003,0.3774573843777482,0.3284286506164941,0.512655527802738,0.11296676937699829,0.4362183946473793,0.3006642875062844,0.27762028956021484,0.3732380033796962,1.4348950424473352,0.48028833312651475,0.2688611355551586,0.24865362445536712,0.30189802047824965,0.46548918521769705,0.38448773425808364,0.3640472600861438,0.4014895932872477,0.2959085471044874,0.24013069221292083,0.3173079307927527,0.7708360247214675,0.4800978934283615,0.2583530787838343,0.2793101844274878,0.09604115787220258,0.3506337250371921,0.2751163379631807,0.21234947811287772,0.1575629419972916,0.1947307201720426,0.18560951581815,0.39208554024794834,0.14598501775281958,1.029096406069376,0.014436691053462614,-0.09951014659299215,0.07426467778437389,0.07391069090092256,-0.07694068785172728,-0.03110694301907207,0.030611172298206958,0.35323540321921537,-0.0759211456168408,-0.27740770008096516
0.1007667308853734,0.2619034896566451,0.27349696829418807,0.25518258130100613,0.28797482905743627,0.34277373866637684,0.3075623460001197,0.3464792240992945,0.28566632415824683,0.2565184696172993,0.2845682797077341,0.31849105264654504,0.18520614535360394,0.39575364401509056,0.3392711528618883,0.37748173627848075,0.349976058133859,0.27900480330752697,0.11309299263436359,0.3158030220750643,0.2761948428040046,0.19482638600734384,0.371474917247445,0.48028833312651475,1.1703863473569602,0.1741210377268636,0.3045355713108392,0.20491028695725683,0.6548517733386784,0.5237103227007598,0.21084085476794395,0.34242763888238553,0.22347812956997745,0.5996542434582292,0.40386641606665635,0.5440370816055131,0.46927547514385454,0.20444102766857422,0.4907904303449515,0.061564150832271035,0.3354970254851878,0.20673108163851034,0.3873630035625953,0.27781405109651736,0.4511475533112995,0.27006112380276287,0.4714260002242363,0.04775382678527051,0.04925661819538989,-0.032546553299577695,-0.24764746549574204,-0.10889026775847731,0.32579341868195577,-0.01464787999520107,-0.21555686155858267,0.09325766346687298,0.04849576434101192,0.19755576848067186,-0.32961695048319173
0.14655721392474996,0.42856088155704897,0.36226400969338496,0.24882408532677222,0.20735956576976114,0.5043647398704955,0.23459136956231294,0.3853874391684212,0.3309407206619292,0.22937780842629296,0.2744940612654769,0.3226725017361896,0.2039597804869738,0.292527643862302,0.3178808958386555,0.27992339911284064,0.30600463189405447,0.5351945413666446,0.07325659371682061,0.43023220167604115,0.3331944774728639,0.37036605047964205,-0.07806675953543078,0.2688611355551586,0.1741210377268636,1.7919492414503302,0.2206625423932395,0.43434857321220927,0.22171997765113785,-0.5394426997006936,0.4639354757653275,0.3638231430922217,0.2149536829333874,0.40568664425992473,0.28769433805597316,0.03132911591828329,-0.0023705453275562815,0.17215841749338767,0.46262402844911765,0.24491310113756184,0.1128589831473703,0.38270315773378305,0.1939237344295371,0.01616977725936654,0.029256976577216234,-0.05295133831139851,0.2967948064969139,0.09082245887540877,1.2681316595581564,0.5970694055699506,-0.3364966069925392,0.3850343679343579,-0.7250752768727593,-0.06574903735952581,0.035009451661289756,-0.0025698023506390967,0.26114510381507894,0.013329390579852201,-0.3045396107696707
0.12239069217729935,0.18841792095897095,0.1411750849864499,0.2048493436423095,0.26131893650090954,0.27455753487988027,0.26178129870210975,0.245395301533646,0.2190551692293426,0.21497563505784897,0.24135112240299753,0.2892210948833835,0.17911612928779047,0.2710888983312125,0.18897364347533946,0.27845447235721044,0.2631336612856746,0.10124825868893787,0.07569824247131714,0.3744181244986597,0.1843208262460875,0.29084232237332075,0.2763709505945106,0.24865362445536712,0.3045355713108392,0.2206625423932395,0.6808811362701078,0.19767594573037353,0.2855623004831489,0.29380987208503156,0.22776979435738842,0.3184338282953248,0.22382161662919992,0.33927330726219607,0.24598329747836967,0.4197391995650272,0.2747560763326231,0.20565021183675894,0.2406446573476326,0.11767429199501409,0.23591295373853283,0.19467698099728897,0.34065288886178147,0.24970208136620034,0.22074098331455386,0.04121010093886957,0.2802650208486388,0.07716451654364498,0.6772159972636315,-0.04759797738692082,-0.15823589441738997,0.024681817649748788,0.13073284200931087,0.04756255868270171,-0.06691625953235715,0.029375580494586172,0.05041883518441081,0.0765155302072329,-0.19309279210541305
0.03982388381577987,0.4124892506958268,0.27671286609993095,0.047727138158714384,-0.06593377184359246,0.25060037855350065,0.11311067613986286,0.20143181294708135,0.17713613343533618,0.13910002221262657,0.14579681134980135,0.12055703067914639,0.13016901812975043,0.26270609019853275,0.30217972990918884,0.2685680809735483,0.36749814790103397,0.3225357228297263,0.1695627187011128,0.12393702259480707,0.28625301610944115,0.18024778018910476,-0.2824069005017886,0.30189802047824965,0.20491028695725683,0.43434857321220927,0.19767594573037353,1.3775407739725232,-0.042915259651720265,0.2786863501019777,0.20524316372452436,0.43398553278749546,0.6766649407995347,0.16282714005260776,0.8530064407170229,0.1820084037749397,0.5845579862274518,0.18359087881197558,0.3048279728857275,0.011217270386505425,0.2668324903828935,0.08686113670088852,0.4080205660300994,0.2793567519060756,0.4925487048818292,-0.06632675899349924,0.25303487910396405,0.132659337530679,0.2385132772310801,0.43802182430794706,-0.016203843411056233,0.9679600717774706,-1.4494057603369332,-0.040485690000395244,0.12143224941903147,-0.07966722312265463,0.10546362522880227,-0.018653983926645676,0.18058913827250345
0.06261112958517974,0.42116745236016756,0.40914448635476064,0.3479037746116379,0.3770166402065529,0.4849893038026606,0.3313683442219771,0.4159731412872867,0.31688525898483877,0.35968101414629167,0.35079422310000374,0.38391400662846153,0.2581762582408075,0.37025171417805386,0.37604892398506906,0.3690623323395263,0.4361580062821502,0.3758718978959455,0.22335938643986183,0.5406880441057117,0.2996733874738334,0.2817218471463387,0.46806424830536353,0.46548918521769705,0.6548517733386784,0.22171997765113785,0.2855623004831489,-0.042915259651720265,1.7376679615119468,0.41136571038865005,-0.10957498717042724,0.4113777123138106,-0.19620703108862106,0.7790026587861673,0.16451127603197505,0.8714737618145547,0.061536238196613934,0.17692501529793733,0.32756757611952464,0.029981119674020392,0.4823747524093871,0.2754861331985692,0.09637310586614455,-0.10580018067076956,0.2080801795891387,0.4099437105267158,0.5139382950188383,-0.03366130543973294,0.7412430310685093,0.10198603506242068,-0.22335835054474223,-0.08453450120798746,0.09203610750664562,0.03204287466167356,-0.45931788586212496,0.017133417623626284,-0.1343830365176213,0.3928330004703985,-0.3622259666225921
0.1609807103874016,0.031464731670339294,-0.3498150956627351,0.1300381233763441,0.19447446277751354,0.014586331900834304,0.4016603939894338,0.12944534529879168,0.10208490465765334,0.16579033299370555,0.19174811134579,0.1293951388079985,0.17264986074786307,0.425649090727627,0.07107134692372892,0.352670990229284,0.25758976475783163,-0.008197786589332175,0.0797489258968787,0.23834465106711847,0.25733519431414564,0.3083739245079144,0.6030373305593287,0.38448773425808364,0.5237103227007598,-0.5394426997006936,0.29380987208503156,0.2786863501019777,0.41136571038865005,2.4768881624683203,0.08037422255703809,0.36934884758179287,0.39229120793736616,0.18019911852348894,0.5767031776799565,0.7191992765060655,0.4414646097083017,0.26867605735858435,0.28350276007806563,0.005686208738143415,0.7265104371264977,0.2214422373892445,0.9087824661493318,0.8901438766786043,0.6661433779900917,0.17351356587049033,0.3462451137130374,0.03222848022959946,-0.30586278824635577,-0.6312535343450296,0.04793045846422655,-0.6186908899769141,0.774973905857829,0.17466268505584023,-0.1516709067394625,-0.11553312404864703,-0.43170161092722786,0.4471269175006315,0.172816941307842
0.09767582116420954,0.024935370309965607,0.26548959757637747,0.1263245674153962,0.2204243916563787,0.28253165421078114,0.25590683291751753,0.28077179297046756,0.3066176967869622,0.13856024087749222,0.21857291556626013,0.18813688467599526,0.12648838182182923,0.22065095132236826,0.2524305616795787,0.2041917436216382,0.27056594726426725,0.2924253615475355,0.2101980954003365,0.3698688995717416,0.31537511743712315,0.23986864913400655,0.5113379915309226,0.3640472600861438,0.21084085476794395,0.4639354757653275,0.22776979435738842,0.20524316372452436,-0.10957498717042724,0.08037422255703809,1.8884141947937843,0.2247579398936116,0.15399922614127537,0.28212434027836303,0.24601754962117797,0.5403939177367327,0.3260653358434802,0.2900422078414231,0.45996215814792935,0.23925465560303497,0.20204947225254846,0.2746886955612559,0.23823289939211847,0.3924299014012522,0.45871071398203617,0.18772121473010447,0.3546773063108034,0.0900183724308203,-0.2046712693960835,0.06575160801884944,-0.04863587681881408,0.14815945799939084,-0.03330981462269532,-0.13092401705483972,0.19625032187281502,0.26197387551985285,0.6284516800271908,-0.3457700617126812,-0.6119985941785363
0.08643461319619257,0.2126911695444471,0.10074292993511455,0.29342874917980755,0.30074145440161254,0.33426750068905464,0.3687304241942774,0.2528197910957198,0.3021092594530883,0.2595712399647608,0.23450583236173791,0.3126958669013385,0.18712261705235086,0.6643449877155284,0.24299209086760892,0.45281742479733367,0.2853930575245496,0.22066979254038532,0.13924800146150768,0.27712948274575916,0.26663557944671973,0.3336808213504835,0.22203003798085597,0.4014895932872477,0.34242763888238553,0.3638231430922217,0.3184338282953248,0.43398553278749546,0.4113777123138106,0.36934884758179287,0.2247579398936116,1.1335680335851328,0.34042942435412166,0.4104025092532363,0.2807626599506312,0.5285495011777958,0.046540821087563244,0.21858776059681692,0.19710424339755325,0.11452380949636683,0.3150321026199884,0.28663638358499216,0.3051199559105377,0.21901632462996645,0.2395965008645943,-0.008082884968076666,0.37926981772179164,0.06591091151998175,0.489995308128185,-0.10093991238054534,0.10033340832630785,0.40254693718264634,-0.4796878746679636,0.03902541081337828,-0.03729519931089588,-0.06206756694365973,0.17477402745724235,0.06338154165439698,-0.044638494330991214
0.06023148351486941,0.18703613625247217,0.09288337240660792,0.1538322638497949,0.13861684892806558,0.10759156000062879,0.20523852435410606,0.1511534407309105,0.15674113176469223,0.14643872044903247,0.17043786223687005,0.0932698816946951,0.14236617666952162,0.29766954408626606,0.15789098406487967,0.21528732843021348,0.211713096861165,0.12391743060319543,0.10423767032052818,0.0066583776726820525,0.26271146135938916,0.2672772398781825,0.05879411167859133,0.2959085471044874,0.22347812956997745,0.2149536829333874,0.22382161662919992,0.6766649407995347,-0.19620703108862106,0.39229120793736616,0.15399922614127537,0.34042942435412166,1.6129073084982555,0.10783346283077715,0.09383984495185164,-0.051666227076382236,0.5764735516819827,0.17693803035668393,0.40885364246799083,-0.056471923316468324,0.015135547701423354,0.07183581377781931,0.4834529410624896,0.556008195346603,-0.009123365072833487,-0.20942222577522743,0.46255560723462036,0.20607260158605997,0.4373792475728657,0.20809166702565307,-0.3364910016797869,0.09729735454660811,0.11387808557094672,-0.13578592861441846,0.0612572012868765,-0.13659577553653637,-0.11938448801443464,0.06510166108477242,0.29003379472993635
-0.1912632322202102,0.40986224884930345,0.49085948554574327,0.37117547812002455,0.43682245795043634,0.4907983827622116,0.38446734264782756,0.47157057931308605,0.36179836408596205,0.4105958517498978,0.3420941803432255,0.3819498866204942,0.26901235153936776,0.36045002755307093,0.35643398804467896,0.37627467163466927,0.4555817023688154,0.3605244964646705,0.16684758323508922,0.46949024209085183,0.3376494154794906,0.36414039425952766,0.4396466294585004,0.24013069221292083,0.5996542434582292,0.40568664425992473,0.33927330726219607,0.16282714005260776,0.7790026587861673,0.18019911852348894,0.28212434027836303,0.4104025092532363,0.10783346283077715,1.8066567431360423,0.36434221379320797,0.35218338543709937,0.4990809660244009,0.23677895965769252,0.6205640419085898,0.012256627196513435,0.4432912006512524,0.23639415963801014,0.6127500948134851,0.43727192257645625,0.582885154650247,0.24653395413188942,0.7588877356202245,0.05036881166244052,0.273572292730969,-0.1616304047959966,-0.02483487951832926,0.03494204937072492,0.15570983762856028,-0.08604098149581253,-0.4993430071548811,0.07682404901827736,-0.2915038182711801,0.5024665539714378,-0.30574437016685996
