3.216425330455414,0.48546241521919836,0.33925973048613683,0.3116961106690763,0.8522941710823785,0.2530249009454405,0.9483084413524743,0.42278558866822213,0.23905099967856802,0.4385094153133247,0.40644451634092743,0.5041972106984108,0.3813499203470468,0.4966914224374718,0.41036771486341084,0.4974053750397355,0.262777380383143,0.5403717394442086,0.4263569558105031,0.3332648702981979,0.453948739395166,0.46585131812193065,0.4778601246352015,0.1717749445944466,0.7045080169635516,0.2936854700369687,0.2347571276012137,0.0876384071187404,0.442358261070862,0.3951998056907899,0.3792003812809508,0.3067265134667493,0.42076758643472506,0.10762473505289478,0.3295364628549873,0.15198399458130393,0.603540357497265,0.6844359042103008,0.586055762826533,0.11778101582290279,0.28212107652715623,0.15330403317952834,0.5406201762072274,0.4238903953894372,0.3312798725783369,0.3852375087869558,0.49854504608703054,0.024554041286257048,0.05710821536649685,0.24620626327323678,-0.24922446150354366,0.13755263920077726,0.04857249308979277,-0.08111232891733998,0.18928357340590232,0.07614107650861966,-0.3780776988067137,0.1708398148988091,-0.330267482919234
0.48546241521919836,1.3714869837200332,0.8884639998664818,0.15288487386077018,0.05074108865221927,0.40385385377308586,0.227605751714711,0.34466119071708184,0.29167768562307744,0.36280106298705533,0.3174359569630706,0.32594334567758165,0.277093645821944,0.339393572767988,0.38902308059040147,0.272502989783256,0.36968876668005785,0.4594523139877058,0.21054703814872325,0.3400015806833301,0.329867236959199,0.2762151909345507,0.19207306403321545,0.14234864738649153,0.23609566062466875,0.26936351345083387,0.1307181781438965,0.35442262434045996,0.4556679027915731,-0.027218124146105322,0.25796257621083213,0.298953925361638,0.35116962262180756,0.26340550650607,0.042070871744853036,0.28239504148147804,0.5378091472822396,0.3525120271256225,0.21790492315066665,-0.01667779375455657,0.2870707309827092,0.21051882883669426,0.239813988885181,0.13046146953574544,0.19575059619067592,0.367972044818394,0.2317250641343498,-0.016032985043534752,-0.3593383543679649,0.07411769224416098,0.14687321281043988,0.12413909571477519,-0.09952226963863868,-0.22891573087432562,-0.1923734256385409,-0.20266744417892701,-0.6140300962030268,0.23999906752677244,0.5278418488372171
0.33925973048613683,0.8884639998664818,1.700601425887228,0.07278184569577552,-0.2500036902978213,0.434232993904779,0.24585734412756902,0.39060037560242716,0.42915097737213936,0.3690622320806157,0.2974214117151475,0.31435613474681334,0.2534121174463134,0.32652720952537817,0.36107316019789637,0.26553479179209594,0.3778404031446472,0.3802138250292197,0.18478915458250272,0.19152707765148422,0.3104928353010506,0.35814442840422595,0.18604658519693956,0.19236209305763274,0.16009289991087067,0.25377916929926997,0.18152838737048296,0.34582820668746256,0.35322245114439565,-0.29198083836147043,0.27908783931313114,0.22705272828596612,0.3029468445286331,0.21294574461153873,-0.12654649296148018,0.4367720023693845,0.34874699008372806,0.33964172029830164,0.1425110781113128,-0.17482227786979904,0.3235298356748909,0.20699459110798932,0.1257422361486846,0.1754760580305621,0.024293737637371676,0.4839521074311631,0.06823716812549953,-0.06699577807567406,-0.22129495236256028,-0.004892700820229186,0.10383950899090504,0.22061622171058362,-0.051501702714014705,-0.25757264933147006,-0.053787910033542385,-0.01472551191428133,-0.2542768188343827,-0.02845254476729948,0.1800145612367118
0.3116961106690763,0.15288487386077018,0.07278184569577552,1.2383628537511169,0.5435977401854845,0.3423133721822648,0.3582554617630397,0.18139928822460588,0.1786556537938244,0.18314124288744518,0.23267579321146656,0.2702418985622914,0.19702277376182042,0.2570331357208515,0.14074504469961074,0.26879602842858746,0.22790142056035556,0.15718981902528298,0.2920815776941382,0.1735213517349555,0.2678425801867515,0.21950541394355502,0.1423198729924512,0.27030047713043526,0.2592712298707618,0.288847502154365,0.15102317964062398,0.11449777960373746,0.22095930892920945,0.18692994265160295,0.20675524909213683,0.2249616608150997,0.21181930993205653,0.27521739252179767,0.17495442288604351,0.1201630841108288,0.29284010980333824,0.23085876024305085,0.20818876072810363,0.056568865951757495,0.20903955545732295,0.15569091133423024,0.2716258879629284,0.13588583499629633,-0.0026727608066993785,0.15120219121532907,0.1847657620303047,0.05210666979623137,0.1264686303634067,0.21915938313063024,-0.2193906362358185,0.028956408504522663,0.027217882139671003,-0.04667628124596554,0.02551928921675461,-0.06263104043258123,-0.29095322610389457,0.0651526900314061,0.24058290250831274
0.8522941710823785,0.05074108865221927,-0.2500036902978213,0.5435977401854845,1.6244944381337443,0.24561380511567843,0.40464185535166264,0.09358271207757761,0.2904005251882569,0.2548936682837638,0.20515546973522,0.2984300756573564,0.24093793119054144,0.27337130966930356,0.2669526299191068,0.3398399301751847,0.21105105551733672,0.22605205347641663,0.6074670768881687,0.14522635288253297,0.3356641690330415,0.32084578840025657,0.21914346394316914,0.30208333248592056,0.43344052867502897,0.33532050010720676,0.23409486609855054,0.24650754737008643,0.2525646015280982,0.4265817798204599,0.30512069825278754,0.2532631649920094,0.354553622327605,0.3697278915950805,0.355939612667824,0.12146219315365499,0.562363862648874,0.3182830451671088,0.300916832375797,0.10907252256211193,0.31235091070080223,0.263477435104369,0.4039056152937367,0.21992707614927234,0.04439166432361291,0.12460199046789573,0.3469981955836273,0.09105336632705678,0.32979085518162565,0.5140837546942758,-0.47911149630268246,-0.0456107087088477,0.03500114900823518,-0.011707569567232857,0.07064743958509676,0.07515464382569474,-0.39159512283706355,0.007026208921212022,0.2301806881717451
0.2530249009454405,0.40385385377308586,0.434232993904779,0.3423133721822648,0.24561380511567843,1.160003487378132,0.04538179483436333,0.3068481909848258,0.3261288459334435,0.24371177679238992,0.3756762558094873,0.4273542025742858,0.25659475067750787,0.464013174968322,0.30027931422904586,0.38060360118474573,0.45205125076807035,0.26727057186655157,0.5056729207423812,0.323221590451692,0.4403303780806095,0.3455922687862802,0.1485812209960733,0.3876232054590621,0.4480403478023871,0.4065169911608111,0.26968474808760956,0.30653279809905437,0.4138127882008266,0.21958330919731164,0.3721130176719916,0.38868036632081115,0.37588841142438056,0.2740495731015066,0.10039081668554765,0.2899894837843523,0.542672451854496,0.4391911115208038,0.3067789934500964,0.05425052959219304,0.40709795888453576,0.24665751575297276,0.32339890632878704,0.22787849558476478,0.09039379880270554,0.20692337826865115,0.26021659168499056,0.048043194290609936,0.008246289460809523,0.5098613728110084,-0.3750295153310126,0.046343705628619516,-0.036075798028290536,-0.15310419324540656,-0.24087402908571034,0.010922901796568619,-0.36780739787935224,0.24957464929953269,0.28818987347016534
0.9483084413524743,0.227605751714711,0.24585734412756902,0.3582554617630397,0.40464185535166264,0.04538179483436333,1.1249497341032346,0.17359817885046155,0.27294857451073506,0.17981265112158457,0.2900851738647448,0.3181167564597677,0.2381639225582564,0.21510225519077722,0.1447692927963842,0.3736855633856504,0.23369467575470737,0.28968529193182047,0.2062430865590645,0.25155515036184756,0.2818945590267238,0.34831411851331284,0.29772940960096916,0.29596597874440583,0.2878443460883333,0.2741496828435053,0.27547003457114383,0.16265034814157925,0.2509506551984973,0.12230939908406281,0.2523687115152433,0.2129518482198747,0.25988235052243874,0.26324507102937245,0.10164646940428852,0.15658563582842394,0.31762384849897085,0.31337166044864295,0.34516464172379013,0.037565953789342556,0.17010941676085373,0.12081074574543299,0.39227265919677523,0.21511154399933755,-0.01867457534238935,0.26778755626103956,0.22032466086738925,0.030886830197253946,0.5625875523048851,0.03448666088955851,-0.14555281393232344,0.21035593414782527,0.09498726420735698,-0.13776645980340504,0.057446468988300144,0.14804207421486684,-0.12725943206871712,0.18805883285788313,-0.4574277200905625
0.42278558866822213,0.34466119071708184,0.39060037560242716,0.18139928822460588,0.09358271207757761,0.3068481909848258,0.17359817885046155,0.7999043344663158,0.11074862439442419,0.24325143873639182,0.2985640520658548,0.24185907798486883,0.26642565242081,0.35606177626406244,0.20703199530759178,0.27183197996109026,0.2954640217981653,0.27558132285437065,0.17881060727831632,0.22769691811911597,0.23250783948549256,0.21150789323183738,0.1733671324684387,0.15360354528823128,0.21305504652780555,0.31306955676554493,0.12284893633363637,-0.09327502659543234,0.21509002543950284,0.0688344749126445,0.19458195195550296,0.1923654915697693,0.16773550398208728,0.1648200232882141,0.10443628424782594,0.12362773600329084,0.27751587823315144,0.2648812664010377,0.3158979953802446,0.06303596562407048,0.1724545619307262,0.0802723360249606,0.23983207389987868,0.25603456602503477,0.11127427666173471,0.1399589146661472,0.1886214199477946,0.012686082805725163,0.05265994653208578,0.08805736276341608,0.000319699488167079,0.05501519451794477,0.002082617048735866,-0.09654684455578952,-0.17561295371175664,-0.07257739244380695,-0.1364645247415184,0.25478067946962846,0.04127832848293608
0.23905099967856802,0.29167768562307744,0.42915097737213936,0.1786556537938244,0.2904005251882569,0.3261288459334435,0.27294857451073506,0.11074862439442419,0.7545890882931061,0.22070045267183902,0.1975779004290977,0.2649027125424929,0.21452234254316502,0.2686315667188906,0.27027098337246563,0.27686084208371775,0.2747351632147559,0.25765752260516217,0.29984043787138226,0.14863524564958885,0.26015206580791816,0.46431951131203036,0.2502579777367068,0.27539556690900285,0.1551035587537011,0.22927281383621112,0.2254985423502285,0.32826792818280126,0.17154143789535695,0.07511388563513399,0.2526851070415106,0.18397847437636677,0.4109792987544014,0.1560956898816382,-0.027056952905431683,0.21077905532323252,0.39281081032911425,0.28360498201858814,0.2627328259659784,-0.027427284327479047,0.22313760710386688,0.13964634536295795,0.2671490912768049,0.19285307412580516,-0.0908819376130297,0.2097311109443073,0.17586931204463307,-0.007578800604592408,0.6109138242425197,0.08609341234652794,-0.13989066288827215,0.24884549823318144,0.01563433110620873,-0.18814699367684734,-0.02120993633239894,0.1363380726459468,-0.2526540140243114,0.09797257281594823,-0.03498435003522867
0.4385094153133247,0.36280106298705533,0.3690622320806157,0.18314124288744518,0.2548936682837638,0.24371177679238992,0.17981265112158457,0.24325143873639182,0.22070045267183902,0.644309082381555,0.2087742846199947,0.2438822480106987,0.21394119141138818,0.2670605029270477,0.29885573047608155,0.24915095486363742,0.2855750827125577,0.3412367868586238,0.22219173566800215,0.18992913764081146,0.23723813902043747,0.25770144692902575,0.2648574827572105,0.20734355033219576,0.2669167918336481,0.1715779435583809,0.20876934003575676,0.2905495754952125,0.27942387759146664,0.23350434371099676,0.2603066872888541,0.21506232186861918,0.24985674234466643,0.3162063953082755,0.17889802894386067,0.24848495424877257,0.4513239337319938,0.2563698454322522,0.2567281198170695,0.03063502392762328,0.328701393019032,0.19775678208169542,0.3088593999412462,0.16508305851541066,0.08412953526150833,0.2311035390350285,0.31652403818905683,-0.003468336003734146,0.034017778073943336,0.12290644393579726,-0.07493438482895118,0.08673484643605296,0.0035193202286001465,-0.14243494229462383,0.05104768425225819,-0.007320310977401845,-0.2620629305112959,-0.008835264239713897,0.186459341135513
0.40644451634092743,0.3174359569630706,0.2974214117151475,0.23267579321146656,0.20515546973522,0.3756762558094873,0.2900851738647448,0.2985640520658548,0.1975779004290977,0.2087742846199947,0.6364039192968729,0.3509916286308812,0.22744901867663644,0.3090731771836745,0.2890334888600094,0.31841177078520244,0.3489640986159266,0.2878284702348581,0.2087063527978727,0.34688763577078124,0.26046122210464767,0.25192045911570166,0.2403183732150153,0.264855585313478,0.25768580871872476,0.23768618188397483,0.21424787532058068,0.2290562759559893,0.2661833994406207,0.1572384482511904,0.249116753042732,0.29892637996316834,0.2616496315046551,0.23435702469850875,0.09651537794511478,0.1476016663254592,0.3595829011359381,0.2661825228407653,0.36003905929560603,0.06772376485596238,0.17823944411585618,0.11923469341922448,0.2742629767130785,0.17416224229926988,0.12948994355958646,0.1336732043332251,0.2386967438156123,0.019706903021166254,0.21004801746466878,0.0019808505500020284,-0.11839261308773606,0.057963388191343994,0.15230305829390295,-0.11771220354947165,-0.06676535665085284,0.047896187198325293,-0.21152638495859824,0.15354561338373474,-0.014223822309666652
0.5041972106984108,0.32594334567758165,0.31435613474681334,0.2702418985622914,0.2984300756573564,0.4273542025742858,0.3181167564597677,0.24185907798486883,0.2649027125424929,0.2438822480106987,0.3509916286308812,0.5927004088166954,0.23185257686070657,0.3301777277938513,0.3140274765504101,0.35149819002052923,0.3231967750700103,0.30108274263337104,0.2954276129614899,0.2801234508215766,0.30358827634766394,0.3042445610671837,0.22963674225087913,0.2633714223924311,0.3057992345849865,0.2910466345226985,0.22212726326537188,0.11685602524678605,0.25950249904455874,0.1820497662185339,0.2969602045299149,0.32543169307958464,0.30381252682362203,0.2505903007909469,0.13108022103631878,0.24437711708422574,0.3532989158579188,0.3471908982540578,0.3271659301739035,0.07885388868580276,0.2181010026222599,0.16538146524184114,0.25682802157578527,0.18654428686224558,0.16720710339800796,0.18324721898460475,0.26474003631779613,0.010237901619873648,0.05594679919634515,0.15892425572696728,-0.13166150065756482,0.08752659024007178,-0.0024272663784855497,-0.13054153668743929,-0.10225122085402129,0.07875560066834224,-0.2654385650359523,0.17218937016477848,-0.06134288837404406
0.3813499203470468,0.277093645821944,0.2534121174463134,0.19702277376182042,0.24093793119054144,0.25659475067750787,0.2381639225582564,0.26642565242081,0.21452234254316502,0.21394119141138818,0.22744901867663644,0.23185257686070657,0.38588595898811956,0.21898204828946283,0.18554479758958756,0.25020372184632117,0.23694681420460362,0.25932364097551697,0.1875344629098388,0.20146872554695622,0.19228464668280887,0.2593196657242134,0.2358532473234199,0.22244102443702604,0.20488835703223449,0.19026328673392162,0.12172861504060163,0.1217157412249511,0.2590227038018956,0.13200668588671072,0.19304007012112478,0.1967040566070043,0.23327968977762542,0.22226838216695555,0.13754753227046504,0.12204855111031318,0.3191484661819449,0.22712309897516753,0.26145161064898925,0.030935618676691205,0.1855772135899727,0.12300090284025528,0.1885130212777082,0.20623697937701013,0.06631714063654341,0.13091447170620527,0.20875601227322368,0.019130099303892777,0.1077433644164674,0.15855186559662893,-0.09739239143998887,0.032528019755421585,-0.007987670330269219,-0.08019156296991586,-0.023900903203288363,-0.001536660507371795,-0.21537432275021118,0.0006434657913561722,0.15919769757036778
0.4966914224374718,0.339393572767988,0.32652720952537817,0.2570331357208515,0.27337130966930356,0.464013174968322,0.21510225519077722,0.35606177626406244,0.2686315667188906,0.2670605029270477,0.3090731771836745,0.3301777277938513,0.21898204828946283,0.5593954180467228,0.366763661795639,0.350242220774193,0.3295041213784247,0.3102497640430695,0.28910623265582214,0.25358422954684634,0.3176109716724949,0.30153458233116265,0.2718891199225454,0.2862672526779177,0.3404917157018061,0.2746480455370093,0.1718883902264468,0.21620466809591798,0.3198572676693134,0.21663481884762395,0.29690803568319746,0.24169699100020034,0.3236932536427309,0.20672716107391398,0.1301246696077263,0.21022016281950207,0.5051282615067746,0.37433021832402863,0.2896843024594646,0.07131127472335373,0.35484698689978506,0.19308252818324315,0.24159560878381078,0.24691181406332555,0.11745875634515121,0.1634071426186098,0.286284972439825,0.05340078505139191,0.12480418826178193,0.37467476537736033,-0.15501850431229247,0.03831757877175856,-0.07549557262159647,-0.16328378052360265,-0.18562215654187725,0.03679998814280505,-0.32376254955734274,0.19675069194193776,0.23209755978266808
0.41036771486341084,0.38902308059040147,0.36107316019789637,0.14074504469961074,0.2669526299191068,0.30027931422904586,0.1447692927963842,0.20703199530759178,0.27027098337246563,0.29885573047608155,0.2890334888600094,0.3140274765504101,0.18554479758958756,0.366763661795639,0.7836771187013086,0.25909509663612307,0.2794781792441006,0.40400102291200485,0.24475546777635984,0.1950722411002235,0.3305706616599822,0.25373391171425025,0.3881232778541105,0.2964510719870928,0.23740600412850651,0.2095840423443997,0.15284383583496755,0.3973505870824629,0.3353927953033671,0.21271251409662395,0.3200169488960696,0.23744310260993334,0.42983652982976533,0.19983829644251924,0.10535644292756974,0.2838365288764542,0.6040307923334007,0.37732428159537995,0.23132429966232176,0.06147110249943356,0.39824401793970093,0.2558906258434889,0.19139849200947073,0.14164335606557785,0.09545231713446947,0.24615895531790916,0.3337577119850217,0.04152378476761206,0.09665255836019174,0.647489539366076,-0.2058809651901989,0.07192067180176236,-0.22273710967281515,-0.2588517332846122,-0.10582307722569072,0.10071063742032954,-0.40949097888533026,0.11778362177120773,0.27980708135316096
0.4974053750397355,0.272502989783256,0.26553479179209594,0.26879602842858746,0.3398399301751847,0.38060360118474573,0.3736855633856504,0.27183197996109026,0.27686084208371775,0.24915095486363742,0.31841177078520244,0.35149819002052923,0.25020372184632117,0.350242220774193,0.25909509663612307,0.6919832195133516,0.31812878103752285,0.3114243484452151,0.29978533366038423,0.26440865567944155,0.3138726582498701,0.43960775843067595,0.261166338344882,0.33000203817978935,0.26287527957180823,0.28556875194599746,0.23885613666003064,0.2606280042872232,0.33776993424061574,0.23916089838833735,0.3087689385084518,0.2171470230093598,0.342375925024194,0.23211759363354556,0.14534972866698884,0.2383645023641426,0.47152912556211835,0.3767851650450589,0.34664582500123153,0.059126021736790185,0.31479431834351357,0.2005041167952127,0.26345589979209,0.21873082212823006,2.907988488720525e-6,0.18517486727830623,0.29568296503940805,-0.003394986687082277,0.47216971043283607,0.32426606824714727,-0.2841161754181534,0.13547350549681064,-0.006508459376292996,-0.1672513892949049,-0.15510948407555394,0.08505167840108975,-0.27330125041942654,0.1787212508509855,0.03664423879503763
0.262777380383143,0.36968876668005785,0.3778404031446472,0.22790142056035556,0.21105105551733672,0.45205125076807035,0.23369467575470737,0.2954640217981653,0.2747351632147559,0.2855750827125577,0.3489640986159266,0.3231967750700103,0.23694681420460362,0.3295041213784247,0.2794781792441006,0.31812878103752285,0.7494034654420684,0.3219089709782752,0.29466524266845723,0.3389193850843746,0.31500976774876377,0.27997313322970085,0.23817938129186073,0.30869723442181296,0.37066440310264065,0.2673780840252861,0.2582390060863005,0.48749552242202315,0.4125344778497741,0.2227520995985745,0.29531243916674094,0.22845425338092534,0.4001712743379969,0.26759666007206817,0.08221315023659302,0.18588935228521594,0.5421144216940148,0.26436803689800714,0.3574605306760242,0.041108366558324096,0.3530607445580854,0.14203318035897008,0.32429305626030136,0.22173873862532195,0.11448399372718973,0.10580665943582826,0.29812826833531647,0.04513781851841588,0.27461961379456906,0.2678961109984662,-0.11388499694601457,-0.02044189050455895,-0.013778825554810534,-0.15956781833574976,-0.156574285774532,0.011915155177561232,-0.20951672333891347,0.21084310122271016,0.1232479297297415
0.5403717394442086,0.4594523139877058,0.3802138250292197,0.15718981902528298,0.22605205347641663,0.26727057186655157,0.28968529193182047,0.27558132285437065,0.25765752260516217,0.3412367868586238,0.2878284702348581,0.30108274263337104,0.25932364097551697,0.3102497640430695,0.40400102291200485,0.3114243484452151,0.3219089709782752,0.8379603564430513,0.21940564870119855,0.1641665834615819,0.307503821431222,0.31982315865466315,0.6101138845112698,0.30873914546171505,0.28456809492291746,0.2292445377784874,-0.0260810819837327,0.3377648664675724,0.4079775470425358,0.004315652760638445,0.34434399375238545,0.2108556304201056,0.4093355657749634,0.32363077585999606,0.006338528690031954,0.25788043220349965,0.6293862161781889,0.3256478942310304,0.27948785059596926,0.05781430544934848,0.3806152291736009,0.22920170164298354,0.1728977694788699,0.09300275291875751,0.044496148053318405,0.3966017642892142,0.4336884332891404,-0.001877166680703924,0.11672947989216581,0.3573174959424648,0.0946973203716253,0.005754204993556027,-0.18200769650561846,-0.31349006384532385,-0.20345035360561445,0.09092001749037934,-0.19854014602711204,0.248068258776902,-0.09584998634566785
0.4263569558105031,0.21054703814872325,0.18478915458250272,0.2920815776941382,0.6074670768881687,0.5056729207423812,0.2062430865590645,0.17881060727831632,0.29984043787138226,0.22219173566800215,0.2087063527978727,0.2954276129614899,0.1875344629098388,0.28910623265582214,0.24475546777635984,0.29978533366038423,0.29466524266845723,0.21940564870119855,0.9922160598364406,0.10678810067655292,0.367923595593308,0.3107582323929527,0.007100597917525546,0.24265462698205725,0.44798829490619707,0.18661176928028872,0.17892285928775947,0.3081717012279692,0.1255810468750631,0.2644705694585261,0.33858935057039186,0.308234071067571,0.4603015031720369,0.21788629771112294,0.09906749195749255,0.21943619873877288,0.4206036217741497,0.4080139912503417,0.367947547240258,0.06885033427824633,0.33469112474241697,0.18370773710125674,0.27136868919731644,0.24310929147219035,0.16883977239772466,0.1832167376670577,0.25344002501896484,0.052983210486835255,-0.04044717352585261,0.17461799085857688,-0.0761206294660643,0.31891692468170224,-0.17089760614944233,-0.1560927929163996,-0.140846499030872,0.051544249167166045,-0.23082667609286445,0.20001906002131437,0.01463418072544807
0.3332648702981979,0.3400015806833301,0.19152707765148422,0.1735213517349555,0.14522635288253297,0.323221590451692,0.25155515036184756,0.22769691811911597,0.14863524564958885,0.18992913764081146,0.34688763577078124,0.2801234508215766,0.20146872554695622,0.25358422954684634,0.1950722411002235,0.26440865567944155,0.3389193850843746,0.1641665834615819,0.10678810067655292,1.1086563484462841,0.10036677734442685,0.14945393884730582,0.17700530460328265,0.3876928779306352,0.3014514926410058,0.15583898581746322,0.3461332217061043,0.26140668313244647,0.4279042887102723,0.34716114430069117,0.24201169170206363,0.3583722491969307,0.1561638424177591,0.3083791200001906,0.21709644021531158,-0.017236747882714745,0.6704819299776563,0.29051431449024084,0.5600429254627284,0.13805310243833405,0.05653943470071229,0.11701060757590435,0.41920232041279715,0.2735071218635421,0.4173290122104926,0.009052879950165765,0.28043839317881253,0.10589993327418781,0.45522477753699486,-0.09197403463455515,-0.09712930493681245,0.12474273545730323,0.17659263780993997,-0.09552564683969963,-0.00957232811686263,0.06256411800571436,-0.10043916122304863,0.05573376511320037,0.03687925112981648
0.453948739395166,0.329867236959199,0.3104928353010506,0.2678425801867515,0.3356641690330415,0.4403303780806095,0.2818945590267238,0.23250783948549256,0.26015206580791816,0.23723813902043747,0.26046122210464767,0.30358827634766394,0.19228464668280887,0.3176109716724949,0.3305706616599822,0.3138726582498701,0.31500976774876377,0.307503821431222,0.367923595593308,0.10036677734442685,0.8649835777910215,0.3091908858215129,0.26606267524560984,0.35604839667952065,0.3351212180112542,0.4594255498633724,0.24822818935946717,0.4759001389934196,0.3570116365819455,0.2632954170194436,0.38944345030533173,0.38553540373483547,0.5010841645332614,0.2410961699253848,0.1657399455784384,0.4407626603989043,0.35271031384189017,0.4197602229607862,0.20207584197638584,0.07132083526706619,0.5425670968414842,0.2745860673886127,0.2629450698986924,0.1673924906759656,-0.047740770158258596,0.25900561267104677,0.31026726512611164,0.0354142999980608,-0.00787755885450362,0.5385417329580714,-0.3850064380174873,0.1638415170976643,-0.09961826798895018,-0.1899789240086183,-0.15656583366113727,-0.00305732936063052,-0.36993019697195156,0.17535369232697084,0.21519097899877154
0.46585131812193065,0.2762151909345507,0.35814442840422595,0.21950541394355502,0.32084578840025657,0.3455922687862802,0.34831411851331284,0.21150789323183738,0.46431951131203036,0.25770144692902575,0.25192045911570166,0.3042445610671837,0.2593196657242134,0.30153458233116265,0.25373391171425025,0.43960775843067595,0.27997313322970085,0.31982315865466315,0.3107582323929527,0.14945393884730582,0.3091908858215129,0.7268141135274432,0.3177723545399545,0.3307959758704792,0.21075781352780532,0.2553702833421552,0.24905674885256585,0.28472396724327154,0.2783529034650877,0.168836966752219,0.3083476729096139,0.2463907926819511,0.4216768903303426,0.21049562475762823,0.04773005070506662,0.3078991472984765,0.4233777533208787,0.39672188531863667,0.3223081852399363,0.013361856415523336,0.32085590552197285,0.19548325114150722,0.24075122930644044,0.25275338135440584,-0.1144591444846918,0.26406485657758105,0.256794365644029,-0.06211647965184765,0.7504449270349524,0.2761071432933455,-0.23508557095639326,0.15950556781853373,0.0020150383603367798,-0.17584017426687115,-0.10774750825041407,0.10475491217318271,-0.231060135180991,0.13284402650065036,-0.054524840297305026
0.4778601246352015,0.19207306403321545,0.18604658519693956,0.1423198729924512,0.21914346394316914,0.1485812209960733,0.29772940960096916,0.1733671324684387,0.2502579777367068,0.2648574827572105,0.2403183732150153,0.22963674225087913,0.2358532473234199,0.2718891199225454,0.3881232778541105,0.261166338344882,0.23817938129186073,0.6101138845112698,0.007100597917525546,0.17700530460328265,0.26606267524560984,0.3177723545399545,1.6713015209288717,0.8166262289964363,0.29906352567346906,-0.07127085688562931,0.2652415984600396,0.4436864125727693,0.5329826587725465,0.35473543373155936,0.23349906868345277,0.053164172373944135,0.7708296607000921,0.3578667810775088,0.0266549820615022,0.11850157616901298,0.8333523004154697,0.23428669012048722,0.5023826302151088,0.015772681850971224,0.3581207221537427,0.23639369768775215,0.3741638059795124,0.24748578010132594,-0.19823392821493943,0.25885518781403993,0.5046752122401523,0.12940233562192444,0.7137427661692308,0.5662596774980251,-0.36997353276468264,0.16231016574717963,-0.0009440282161375897,-0.35267931411063813,0.08558713557529216,0.12291245099524017,-0.2981760693255822,-0.14037850285369438,0.36280418657743435
0.1717749445944466,0.14234864738649153,0.19236209305763274,0.27030047713043526,0.30208333248592056,0.3876232054590621,0.29596597874440583,0.15360354528823128,0.27539556690900285,0.20734355033219576,0.264855585313478,0.2633714223924311,0.22244102443702604,0.2862672526779177,0.2964510719870928,0.33000203817978935,0.30869723442181296,0.30873914546171505,0.24265462698205725,0.3876928779306352,0.35604839667952065,0.3307959758704792,0.8166262289964363,1.4628357253568565,0.49557932793389986,0.15272145961624464,0.5444377575781487,0.65536006339863,0.4550295105117266,0.5885235559689688,0.5342183898274736,0.2929801156654986,0.5935303590016071,0.38192717370711354,0.23014872776034834,0.4456181941251776,0.6923605758647158,0.3832671266335877,0.3658522413679444,0.021687782268225937,0.5003571547412494,0.34634296653622443,0.4354036599743583,0.31151997589242214,-0.0743807038998271,0.18359224929892845,0.4659858033551124,0.08659560725383644,0.41676104472087083,0.40955903310759095,-0.5082165220149493,0.2564122579475785,0.09438205385359931,-0.2181432233986196,0.022087355597301447,0.11951857698835608,-0.18162785802075934,-0.20411174170455423,0.39461810776674955
0.7045080169635516,0.23609566062466875,0.16009289991087067,0.2592712298707618,0.43344052867502897,0.4480403478023871,0.2878443460883333,0.21305504652780555,0.1551035587537011,0.2669167918336481,0.25768580871872476,0.3057992345849865,0.20488835703223449,0.3404917157018061,0.23740600412850651,0.26287527957180823,0.37066440310264065,0.28456809492291746,0.44798829490619707,0.3014514926410058,0.3351212180112542,0.21075781352780532,0.29906352567346906,0.49557932793389986,1.96605207384046,0.22838497335310617,0.489564052869333,0.4695071725456996,0.5952275640210382,0.6881801390264972,0.4504770406766836,0.3681903635810083,0.19694427315870036,0.5207466111627523,0.6158906564851304,0.2514497005717279,0.43751870001000387,0.5574711528245535,0.4190538643910545,0.10883728082122839,0.3193377804205458,0.31710566528375944,0.7122081074417883,0.5135730366244847,0.5296367430841711,0.15223653398518355,0.5184400096446822,0.010790042147102595,-0.6693984489879891,0.18392329970057808,-0.2666852551622865,0.19562284375563954,0.03944863201368084,-0.0903726684498838,-0.025100436831952278,0.07289146407578977,-0.11550411738429198,0.18926777159280295,-0.0906082812880095
0.2936854700369687,0.26936351345083387,0.25377916929926997,0.288847502154365,0.33532050010720676,0.4065169911608111,0.2741496828435053,0.31306955676554493,0.22927281383621112,0.1715779435583809,0.23768618188397483,0.2910466345226985,0.19026328673392162,0.2746480455370093,0.2095840423443997,0.28556875194599746,0.2673780840252861,0.2292445377784874,0.18661176928028872,0.15583898581746322,0.4594255498633724,0.2553702833421552,-0.07127085688562931,0.15272145961624464,0.22838497335310617,1.8404111411095556,0.48165449275957406,0.43670814770407923,-0.026411965190910804,-0.11258346400020156,0.27084856770309845,0.445423617455946,0.08567114814661977,0.3370677075634698,0.4218125744693878,0.29468015347244314,-0.07070459336292371,0.3257042042602819,-0.4195748319127074,0.056098375920687844,0.41402894246581345,0.31522973698722045,0.4967240043047408,0.014711670897288436,-0.10460295356267954,0.1137319128541684,0.06913316377565633,0.050925456534269956,0.27353866306336916,0.923778170438151,-0.728970783777677,-0.04082813112406854,-0.19268262833609526,-0.041300918915897045,-0.10259313438035007,-0.05339406360352061,-0.3205381099811503,0.28938260439260977,0.05542133992885063
0.2347571276012137,0.1307181781438965,0.18152838737048296,0.15102317964062398,0.23409486609855054,0.26968474808760956,0.27547003457114383,0.12284893633363637,0.2254985423502285,0.20876934003575676,0.21424787532058068,0.22212726326537188,0.12172861504060163,0.1718883902264468,0.15284383583496755,0.23885613666003064,0.2582390060863005,-0.0260810819837327,0.17892285928775947,0.3461332217061043,0.24822818935946717,0.24905674885256585,0.2652415984600396,0.5444377575781487,0.489564052869333,0.48165449275957406,1.684095788114131,0.8697812450174257,0.18280090511689656,0.6879944201608794,0.4050238721085456,0.3259413005619765,0.22975063811134544,0.29761358028801294,0.5852057583365867,0.40201469295521625,0.34884989305866876,0.3713403169542626,0.16678735164566955,0.06136035702650834,0.2638693799369256,0.34371543283828343,1.0384046330825134,0.513814527164193,0.4664952402836138,-0.1603831397294078,0.3489010719663759,0.08783190662363687,0.40507673858857685,0.24767719621685697,-0.6612684660768141,0.4012289892459277,0.11742106912052745,-0.021655360939243078,-0.004340464542678238,0.24015343131941166,0.0998171310623591,0.4456976672175444,-0.6010919603382718
0.0876384071187404,0.35442262434045996,0.34582820668746256,0.11449777960373746,0.24650754737008643,0.30653279809905437,0.16265034814157925,-0.09327502659543234,0.32826792818280126,0.2905495754952125,0.2290562759559893,0.11685602524678605,0.1217157412249511,0.21620466809591798,0.3973505870824629,0.2606280042872232,0.48749552242202315,0.3377648664675724,0.3081717012279692,0.26140668313244647,0.4759001389934196,0.28472396724327154,0.4436864125727693,0.65536006339863,0.4695071725456996,0.43670814770407923,0.8697812450174257,4.8866834526860865,0.5302689973904372,0.17120534582245706,0.46114327009382894,0.512536838459105,0.9024123547118291,0.3720437170635944,0.04396503783928722,0.26164531140450104,0.7472982660068422,0.20582767460188522,0.0491352966991998,-0.0590421380940316,0.5989101598655446,0.41930334218109117,0.6832788185586415,0.10741291507891716,-0.041778833903086815,-0.1946364722233634,0.2961871326512445,0.19002824413671582,0.9894382847684259,0.6145683605893372,-0.9103535053498388,0.8572400781670575,-0.2580905861280421,-0.21245690840526657,-0.060259988049289635,0.15388159503000023,-0.2030435276573883,0.2501118887651397,0.17804653664030373
0.442358261070862,0.4556679027915731,0.35322245114439565,0.22095930892920945,0.2525646015280982,0.4138127882008266,0.2509506551984973,0.21509002543950284,0.17154143789535695,0.27942387759146664,0.2661833994406207,0.25950249904455874,0.2590227038018956,0.3198572676693134,0.3353927953033671,0.33776993424061574,0.4125344778497741,0.4079775470425358,0.1255810468750631,0.4279042887102723,0.3570116365819455,0.2783529034650877,0.5329826587725465,0.4550295105117266,0.5952275640210382,-0.026411965190910804,0.18280090511689656,0.5302689973904372,2.3338048182022577,-0.07660607990838074,0.15765133803346942,0.2893941524783224,0.10025164229257408,0.5750611535366364,0.04756042707579565,0.45354618173602407,0.13144814795608714,-0.14264198950833212,0.4331921902352831,0.16070113812737588,0.31943980035780123,0.024968921166098505,0.06004291432356837,-0.2709048788751846,-0.3926346333744256,0.27950849320454346,0.2074228655274201,-0.06679033167455395,0.9191933801171951,1.2004943340233178,-0.7357056167588945,0.05356979945865613,-0.3760782353114408,-0.0664300906950437,0.0829635871756376,0.030310681679715845,-0.4132775708204272,-0.11308306296325958,0.5454464351108705
0.3951998056907899,-0.027218124146105322,-0.29198083836147043,0.18692994265160295,0.4265817798204599,0.21958330919731164,0.12230939908406281,0.0688344749126445,0.07511388563513399,0.23350434371099676,0.1572384482511904,0.1820497662185339,0.13200668588671072,0.21663481884762395,0.21271251409662395,0.23916089838833735,0.2227520995985745,0.004315652760638445,0.2644705694585261,0.34716114430069117,0.2632954170194436,0.168836966752219,0.35473543373155936,0.5885235559689688,0.6881801390264972,-0.11258346400020156,0.6879944201608794,0.17120534582245706,-0.07660607990838074,2.8792007171752365,0.4755360613816758,0.40885406136117297,0.2669627259316205,0.13523489067175726,1.1738737986422658,0.2656902258042104,1.0093123740790892,0.834363620143563,0.5858514590253792,0.12515014810934866,0.5114860543383393,0.5269029726765367,1.336814873372478,1.0232737719834044,1.2935595455686866,0.049548008690097116,1.412501303571528,0.039078165511555865,-1.3548275806140426,0.1392379905208921,-0.4043227104958381,-0.14415665837540928,0.2219322113640248,0.08314578011378954,-0.0452683967600733,0.06612259014522186,-0.1771297958137584,0.5941797315044447,-0.44308864398122505
0.3792003812809508,0.25796257621083213,0.27908783931313114,0.20675524909213683,0.30512069825278754,0.3721130176719916,0.2523687115152433,0.19458195195550296,0.2526851070415106,0.2603066872888541,0.249116753042732,0.2969602045299149,0.19304007012112478,0.29690803568319746,0.3200169488960696,0.3087689385084518,0.29531243916674094,0.34434399375238545,0.33858935057039186,0.24201169170206363,0.38944345030533173,0.3083476729096139,0.23349906868345277,0.5342183898274736,0.4504770406766836,0.27084856770309845,0.4050238721085456,0.46114327009382894,0.15765133803346942,0.4755360613816758,0.8179529295971483,0.3109577714674055,0.2986992724709818,0.2438607678555025,0.3344571386646721,0.648029265798214,0.6213754321232751,0.5967848876852044,0.30260618905577497,0.09232744582650873,0.5943756025029685,0.39563976627631414,0.35551358628703067,0.3350088402786488,0.24079000408229648,0.28689219881802835,0.4343398401023258,0.00386076352954564,-0.3915047616136009,0.3812401682409661,-0.24228268566341218,0.16043623685142258,-0.04776797513157062,-0.19281810030168145,-0.14909744793948831,0.11437573556339983,-0.0934967400156256,0.10832865626535339,-0.040013732882671446
0.3067265134667493,0.298953925361638,0.22705272828596612,0.2249616608150997,0.2532631649920094,0.38868036632081115,0.2129518482198747,0.1923654915697693,0.18397847437636677,0.21506232186861918,0.29892637996316834,0.32543169307958464,0.1967040566070043,0.24169699100020034,0.23744310260993334,0.2171470230093598,0.22845425338092534,0.2108556304201056,0.308234071067571,0.3583722491969307,0.38553540373483547,0.2463907926819511,0.053164172373944135,0.2929801156654986,0.3681903635810083,0.445423617455946,0.3259413005619765,0.512536838459105,0.2893941524783224,0.40885406136117297,0.3109577714674055,3.007383000313113,0.12968432303422672,0.5813156802923412,-0.26704664124048233,0.3678154768136303,-0.05593801559254462,0.40723321162210996,0.31889667973001257,-0.07212966965032908,0.26356530668154937,0.025541353770341235,0.2537749208975729,0.3797529849681146,0.09733373629619518,0.15887759088693668,0.35829243721054926,-0.04068506899200781,-0.35493115058241653,-0.24889457533573336,0.010980639983116436,0.10992894431096287,0.15723760216873386,-0.0735361330841026,-0.3600598333636459,-0.009753130859464752,-0.18774811204379221,0.2423672816612947,-0.1410117785892519
0.42076758643472506,0.35116962262180756,0.3029468445286331,0.21181930993205653,0.354553622327605,0.37588841142438056,0.25988235052243874,0.16773550398208728,0.4109792987544014,0.24985674234466643,0.2616496315046551,0.30381252682362203,0.23327968977762542,0.3236932536427309,0.42983652982976533,0.342375925024194,0.4001712743379969,0.4093355657749634,0.4603015031720369,0.1561638424177591,0.5010841645332614,0.4216768903303426,0.7708296607000921,0.5935303590016071,0.19694427315870036,0.08567114814661977,0.22975063811134544,0.9024123547118291,0.10025164229257408,0.2669627259316205,0.2986992724709818,0.12968432303422672,2.6552671427771752,-0.018624128460167266,-0.7102030026274704,-0.08833240569476612,1.20913727067689,0.5139061540033754,0.18136813689459091,-0.26398681086392983,0.24374893342819956,0.12123176780126357,0.6051340128102093,0.018430174146516248,-0.41193100112285075,0.24063404336929783,0.3715055647992194,0.24394518317077601,0.6768883993754984,0.7992622480923668,-0.6861281356367792,0.5045324432256977,-0.08175289895046875,-0.5514501731751549,0.07440450240728316,0.0032192857840233524,-0.5384300678885726,0.10367579901539047,0.5102287051521011
0.10762473505289478,0.26340550650607,0.21294574461153873,0.27521739252179767,0.3697278915950805,0.2740495731015066,0.26324507102937245,0.1648200232882141,0.1560956898816382,0.3162063953082755,0.23435702469850875,0.2505903007909469,0.22226838216695555,0.20672716107391398,0.19983829644251924,0.23211759363354556,0.26759666007206817,0.32363077585999606,0.21788629771112294,0.3083791200001906,0.2410961699253848,0.21049562475762823,0.3578667810775088,0.38192717370711354,0.5207466111627523,0.3370677075634698,0.29761358028801294,0.3720437170635944,0.5750611535366364,0.13523489067175726,0.2438607678555025,0.5813156802923412,-0.018624128460167266,1.656707637791674,0.45574507517785207,0.08616545304699129,0.4549942586901409,0.2470802741792567,0.20310518804470654,-0.016418986863069307,0.203063124703166,0.3011264308005772,0.5308683658232857,0.3482620445972116,0.11467232418832812,0.07826831854536509,0.2821392686824366,0.08532057178646843,0.35016179662775393,-0.02314835610241821,-0.07525441407227305,-0.028148728766985383,0.12438746015846573,-0.08106771315502524,-0.036335495930165745,0.07621652436542056,-0.29469757561442855,-0.0048205112492201154,0.2659757262356994
