1.6656192966111845,0.46727119272320167,1.1441246317893317,0.02064381099654627,0.18358082044296076,0.24688014574517042,0.5201398501581096,0.3464704051802791,0.1932513224683136,0.42283406625819137,0.3169973336685619,0.3551499560263388,0.19936097694189953,0.39341279004531443,0.34244938229582506,0.23530373814517952,0.27091652904595226,0.3637071769021853,0.13199496541207723,0.20120869355417403,0.2868668011416671,0.5803904553310966,0.42462693633953047,0.08945579509596716,0.45803064037461705,0.12080027736390425,0.20689550376143076,0.1879736517082281,0.28604096914337035,0.3280866278735042,0.3801752306156944,-0.014012936874839189,0.15882901593306634,0.00016547618527592878,0.403304615926677,0.2570480163383649,0.21861401450256068,0.48084790038743014,0.47460110574379843,0.4032955451652186,0.3800143693123275,0.2814694084056637,0.522647289876811,0.5464133791944387,0.3352610514240436,0.07039380102311821,0.2660804961471059,-0.005038445051157778,0.47699871455384457,-0.23986093335252937,0.030306632564080907,-0.08038465336047962,0.1347064287987383,0.09498847020129757,0.1665192293970788,-0.01949895228756628,0.11135772383905208,-0.0013651883531576932,-0.20086933043021116
0.46727119272320167,2.1770854842679426,0.5865295744589816,-0.044729910745235774,-0.061904073382769736,0.16864978422418084,0.2550015866243304,0.17465764198707218,0.1501292115611238,0.26893827317244495,0.16310075326600107,0.18416256442003542,0.09426915018501522,0.07891032538189788,0.3014668960501889,0.015150349975809416,0.14790893019281312,0.2676543170820824,-0.03419328028072057,0.11907400655375047,0.18932631878441838,0.22724897667637625,-0.19938819554978227,0.091142615580541,0.18520869057570716,-0.11357480080025019,0.2295024868715725,0.3336206827856185,0.18612592173795953,0.10101903509480431,0.15237150130508167,0.1450069461366901,0.08838783789918957,0.08668257160802942,0.1564078088953574,0.054691567466871704,0.18124589722299503,0.18116999692350308,0.1893858666611552,0.17036184306489682,0.2519512546689762,0.14508044737186257,0.3412098759387404,0.12218383812525717,0.24150698809044474,0.009775139877544576,0.17989843390190757,0.019516193347382114,0.26407419753745637,-0.3094167317667059,0.18904421750940162,0.03713599366123846,-0.008345346817712854,0.0068903093847235515,-0.17172796983048302,0.006890683815547465,0.0388351344158882,0.18281057943217555,-0.10779633808118905
1.1441246317893317,0.5865295744589816,3.0418083567861784,0.07497994807463154,-0.21154614835963784,0.49633360344297134,0.33344469853102005,0.6954413764356331,0.20028434799734932,0.6690759849360496,0.5039879522195372,0.4774386603054723,0.32210935052726797,0.44576705793467924,0.46658989154420616,0.21131392698109136,0.46092475610454,0.4682348602928428,0.223794486280565,0.4877296110537902,0.3833488777699814,0.6657479017763489,0.4033289009385483,0.30768602532049505,0.5417524039523784,0.25324198293421285,0.32234069250197817,0.26698483341230145,0.6158286829073241,0.26633560354586433,0.40427563649477055,0.23347950831392658,0.17196476261098495,0.2848613912102796,0.6937479452852058,0.2763399165884898,0.337747089637902,0.6865589133044506,0.7536698041979122,0.5004646596402705,0.5165171175163294,0.39080070303932635,0.6586124340621972,0.6262812276232526,0.5301048263540231,0.08808073979399002,0.4722292696897145,0.025509828391197184,0.4981086625235897,-0.1565677068004858,0.035497603965489795,0.1491729745465842,-0.02078162005014958,0.05909393261299516,0.1681630220940963,-0.17923112209025735,-0.1283801209398846,-0.12293592627645267,0.19188595082613286
0.02064381099654627,-0.044729910745235774,0.07497994807463154,0.8094866394445333,0.303804561636836,0.17439705587402615,0.1805407836355315,0.16943086178697972,0.08679741875535656,0.18501687094104358,0.15787105197542667,0.1564233626161092,0.12777412221534054,0.22090538579745708,0.14384225935578754,0.2066163527212151,0.16795277250344137,0.16052992871429042,0.09805620652014306,0.11979563370870089,0.1337983814941853,0.18130881769286633,0.15268262143059302,0.19011876238211634,0.13560543401710584,0.1797925319919034,0.13183181943005334,0.07019598061420429,0.122189470510175,0.07220424457277787,0.1411250962997619,0.25446299194469696,0.0707730942850456,0.23044928539221235,0.14086353841869872,0.10868894926004198,0.1465770399148975,0.21984121130975792,0.15235669002812677,0.07353996933389433,0.12307909346034435,0.1391419638612122,0.20010960278914103,0.2000210455223456,0.07356931935554852,0.07446122736341892,0.1394213058869861,0.00545439209958065,0.027080508020456112,0.18322857742624124,-0.08102042634648071,0.01642018472273375,-0.04677799255036011,-0.129613165111234,-0.003828376212415496,-0.05707569779709085,-0.12670029871360985,0.04516378903096324,0.09264392835736927
0.18358082044296076,-0.061904073382769736,-0.21154614835963784,0.303804561636836,1.0155987397391975,0.16991722661265243,0.12100135488606933,-0.004513942507085423,0.006031083793566305,0.057160478260062424,0.08803453764932014,0.1009154411919422,0.10547647388100685,0.15478267841577378,0.16710436807813003,0.27310144381689094,0.08429866492593485,0.04972168625463773,0.2786671173339458,0.0964190614759921,0.10899787108445577,0.13895989691814806,0.12306043550869335,0.15169166339907458,0.09769260129211545,0.10987274968522732,0.10796684896895119,0.02341476725083324,0.04987896111374604,0.16768970879382464,0.12941597370486674,0.2598138519075312,0.035548228748068234,0.25151147143550806,0.1336092702336071,0.10607244081182611,0.09647778451660698,0.1719245823939217,0.04638831062104738,0.02419122925958041,0.16168394978643935,0.12039540890943594,0.10653761190746137,0.20737360514611042,-0.019050352713854597,0.04206545435681878,0.057253825680078654,0.007601730337001195,0.037629048562202776,0.20181815304930936,-0.15316001934046103,-0.20528006537561305,0.16339380142060797,-0.048058875813508185,-0.0042290074487390805,-0.031012952177063385,-0.1804552364140149,-0.003851754886323751,0.1914555647796205
0.24688014574517042,0.16864978422418084,0.49633360344297134,0.17439705587402615,0.16991722661265243,0.5748568590258766,0.06430736982210315,0.24507168685740294,0.11660004461939619,0.16039909208154615,0.19365513092253445,0.1991904236450362,0.14005530701144947,0.1995062557737876,0.18729988668636263,0.16377809984728112,0.21874114686865206,0.13754899721751745,0.23078241122576754,0.28918073523561216,0.1630850294692993,0.28866198397558773,0.08858077992726118,0.2049857896882521,0.18500190392524943,0.15418514832404845,0.1820593586125853,0.19123742907944022,0.17525385420837075,0.09013344168199489,0.18985445339604493,0.32580136435372503,0.03325665976607217,0.22631923267204607,0.2074629556044375,0.11812408150421787,0.09108107859750121,0.30032496156022287,0.21744319990994088,0.1575350121082651,0.22923926976716436,0.163118121340309,0.2514775941278678,0.25977082114188493,0.09728016927548806,0.003261722551088296,0.21019512869476814,0.009531298297808377,0.33780055512805995,0.16403250757313442,-0.24828097188050913,-0.010083502183840366,-0.05914045404420669,0.03989006650156592,-0.007440599767826456,-0.06535193309915312,-0.056543856884046687,0.05610360505268387,0.03893404484309926
0.5201398501581096,0.2550015866243304,0.33344469853102005,0.1805407836355315,0.12100135488606933,0.06430736982210315,0.6130348522169743,0.09698834413786199,0.1715571690215208,0.2031620396932708,0.22143198389873778,0.25394356997225925,0.1529797766498993,0.06373675714464104,0.09627499305336575,0.18578471108583255,0.19782898186659853,0.22086514174103916,-0.018923975548109418,-0.052234399837235976,0.17629659272642959,0.3966054068177833,0.24270424511243788,0.14274588372059982,0.18677038039435875,0.07577500294273021,0.10815145254076058,0.15027850190218883,0.15186580140294692,0.18343533059487732,0.14169099959710524,0.12404759741621173,0.1571575389955577,0.1021378562372353,0.13176464085941553,0.15310715934154998,0.08370877530723982,0.21741581727225476,0.12061184178332027,0.14966704809550013,0.091403839373812,0.1458361865457131,0.32445620767586464,0.30897879351812296,0.0988079173539877,0.040557520390946254,0.0790638815421183,-0.00648660716293465,0.225850596806466,-0.16509924978332743,-0.003121965650016378,-0.15605356392105169,0.1574239453756958,0.004699876756534735,0.05722735487704215,0.044513103034863305,0.009060335851400045,0.002581703519605758,-0.10978274946007784
0.3464704051802791,0.17465764198707218,0.6954413764356331,0.16943086178697972,-0.004513942507085423,0.24507168685740294,0.09698834413786199,0.654406060422877,-0.062174617030419765,0.27428857308133453,0.274669081572129,0.20026002258948894,0.20552656061089092,0.28588103361711825,0.2046813235016042,0.1790473452601407,0.2600899954697269,0.18679977053776106,0.1420864523520731,0.2921363616168022,0.15655465262697824,0.2594779598242722,0.1439705274141941,0.14647216815642244,0.26614156699274016,0.16376208251956645,0.16203480612988766,0.22961671473913767,0.23462257624537855,0.1440008926849053,0.20125625055892887,0.1554946742556943,0.0206223838434782,0.18523550116354262,0.3754225542192706,0.09140588937935915,0.18322683054967248,0.2624322038697456,0.44135128742616336,0.22761388923937861,0.1951784744705118,0.17536855974138482,0.27821558382334105,0.29853070210924915,0.17711401672899305,0.02865214308933198,0.2631391328049121,0.018714479405570746,0.4077896097035159,0.015035253083012628,-0.04182235083164169,0.08593753650578918,-0.032026720569497395,-0.02615012269639303,0.0461072557323766,-0.25549434707387714,0.10353919536528676,0.04812947328963063,0.09770747748740476
0.1932513224683136,0.1501292115611238,0.20028434799734932,0.08679741875535656,0.006031083793566305,0.11660004461939619,0.1715571690215208,-0.062174617030419765,0.5125417894894055,0.011344819835800933,0.07864496483702763,0.13051108712239476,0.06066635277954097,0.045102141253578316,0.02334525174617734,0.0077275038515174505,0.07047103641457518,0.15444552420056384,-0.013417700286408634,-0.0133036547189251,0.09543572589973016,0.18697341901767264,0.1110799507366177,0.0778686549504187,0.006076038000691281,0.17865713550200218,0.0722235980049552,0.013880710206853596,0.07327513181158384,-0.007971796130557198,0.03527568167858471,0.043494303136688166,0.18939526845206334,-0.0445080567389358,-0.1365952761208044,0.10241872623806181,0.08745455556729974,0.16244914195073804,-0.031023672575780613,0.07104051287957235,-0.022595075543798738,0.06646761325385073,0.25610078637370226,0.04864290594860106,0.16480956503817912,0.0896784965633398,0.0720486256098178,-0.011973352567907212,-0.07846822489537363,-0.04688901404981975,0.0759321326195199,0.03615030273644134,-0.026676927762657995,-0.03752499887564094,0.021576020178425328,0.18406400507075735,0.017818546332549524,0.02229089935598677,-0.2935917352057369
0.42283406625819137,0.26893827317244495,0.6690759849360496,0.18501687094104358,0.057160478260062424,0.16039909208154615,0.2031620396932708,0.27428857308133453,0.011344819835800933,0.6528886955176939,0.18515913249822155,0.21313024108067,0.15850920010076572,0.21084965389947077,0.23108929609644568,0.16438403204011295,0.22034174532075831,0.27678117166087696,0.07718636105701529,0.18159734492905755,0.16968565400150257,0.3170565919256383,0.1934426401115852,0.16161984229296247,0.268694508833807,0.15314650251621809,0.19284389635301022,0.02453977873852972,0.25031359809155646,0.18315657184973377,0.2089126020860339,0.18653787476610395,0.004594092035011694,0.27210675498924747,0.38390563951498824,0.15892410682588284,0.17405418741481116,0.27312037291417596,0.45485980407875776,0.2589846637088418,0.2802440214352998,0.18537158157225744,0.29604518880664027,0.27126071600357055,0.23636663626562368,0.02866346392933549,0.30050448893747833,0.0066779978539534286,0.3689818947737317,-0.09218352346098296,-0.004066675578541723,-0.08411638609937336,0.019764609040474744,0.023713201865758326,0.020994835201893658,-0.06346102608890733,-0.006102854072816327,-0.008364300082808989,-0.01478533756984863
0.3169973336685619,0.16310075326600107,0.5039879522195372,0.15787105197542667,0.08803453764932014,0.19365513092253445,0.22143198389873778,0.274669081572129,0.07864496483702763,0.18515913249822155,0.3745583916041128,0.26354016624230825,0.1898708023401134,0.1767640997600558,0.16666959093885247,0.1769013750005612,0.24473670884712478,0.18064221190467222,0.07235011856554793,0.19021367248600274,0.17527927696943404,0.27471549268781814,0.1654406785962852,0.1664015524525605,0.20572876442943916,0.18193724941999656,0.15808638070443454,0.13142266731656138,0.21595974056338593,0.08107185825094171,0.18905896816778026,0.19384014623043455,0.055666411938857595,0.1885745719531619,0.31136403292818765,0.13603279605665275,0.07987327815322938,0.2567859704082985,0.25307099718689163,0.16810016766206948,0.1788357487605274,0.16976923285916784,0.1750043230848679,0.2945028057120193,0.192984227625998,0.034798970064598735,0.162193822746374,0.017666945334276762,0.09804182977653578,-0.06598497044913462,-0.024928093440748977,-0.03665329514298954,0.08770337812269599,0.01205854022686217,0.013311691744521915,-0.0441740887648388,-0.051089765176286515,0.019911383117123937,-0.01223587563406329
0.3551499560263388,0.18416256442003542,0.4774386603054723,0.1564233626161092,0.1009154411919422,0.1991904236450362,0.25394356997225925,0.20026002258948894,0.13051108712239476,0.21313024108067,0.26354016624230825,0.5224334014303347,0.1279126519748044,0.2013639242658958,0.15722764059403693,0.21154654307894588,0.22574725633703668,0.2295730259063891,0.0747311465569191,0.08748341378163334,0.15025407853855371,0.35702268661209324,0.19968453989974538,0.16477910272785015,0.23666180782287652,0.11019827378108013,0.17304110552450602,0.12562339722266974,0.2318090140795853,-0.06656950216997237,0.13440837237304262,0.29555472784632353,0.05336375120046239,0.21282525508202724,0.10948699371422477,0.1939160203000198,-0.055177918735334,0.22411916821035896,0.12315606867124747,0.13399501082798954,0.14610579593299694,0.13111523980252038,0.05837398943169239,0.2632023103335444,0.12254156839368126,0.03317123410973997,0.11811781704741099,0.010778598581652027,0.11012014069984799,-0.17144851849636608,0.06103227467509518,-0.013444358138392664,-0.033042093879104034,0.036071647244750746,-0.05274632467881255,0.09320540162743693,-0.04181044750307131,0.08189332202253606,-0.2369790519834144
0.19936097694189953,0.09426915018501522,0.32210935052726797,0.12777412221534054,0.10547647388100685,0.14005530701144947,0.1529797766498993,0.20552656061089092,0.06066635277954097,0.15850920010076572,0.1898708023401134,0.1279126519748044,0.2932507792705626,0.11077966450606895,0.06559896139359768,0.15837878846227896,0.14833114612292816,0.12620876093884964,0.09495235365631036,0.09884110730599398,0.14296863357825387,0.22632586384915587,0.12243677732240085,0.10990149250150691,0.14231681198459498,0.14163874239032023,0.10293232497590829,0.11540855665265656,0.19907172040807228,0.12862954552383357,0.1069363507853474,0.10969471793726002,0.11581130586855422,0.11218200187704214,0.2433522588687176,0.09905952321168107,0.1512028506967348,0.17662306540646405,0.2594593609629543,0.12968173987281392,0.10539992865926429,0.1315016599344518,0.1461158463866586,0.24345723846610287,0.09007050338344003,0.03672011222470597,0.14703810674266948,0.009903370095244191,0.23631124839705797,0.015141907374695122,-0.043208024176700575,-0.05878241745441071,0.05911756019562172,-0.02759419648222053,0.10306752067062418,-0.07307150573259757,-0.1412929985508354,-0.10095829562701966,0.2303330792909911
0.39341279004531443,0.07891032538189788,0.44576705793467924,0.22090538579745708,0.15478267841577378,0.1995062557737876,0.06373675714464104,0.28588103361711825,0.045102141253578316,0.21084965389947077,0.1767640997600558,0.2013639242658958,0.11077966450606895,0.5320673153517319,0.256208996212671,0.21786350117972766,0.21220668134729295,0.09601551235613319,0.14399316354661915,0.26093227865380586,0.14533283188495005,0.21735242432032664,0.17470549674456926,0.12860751152892602,0.25667257150901324,0.04873389452330471,0.16701573974996037,0.13768751516216424,0.1163880757689329,0.13695554924557285,0.2474301516386696,0.1836565169384602,0.028098815510997695,0.15978049451375942,0.24085418601312028,0.13161617456658925,0.14140620015919958,0.3085493302089952,0.2455465532353672,0.17637777734446186,0.29844374820031544,0.1829254326933983,0.1625106257514951,0.31334729571825914,0.09020771897790604,0.03579909135156049,0.1882447059798527,0.005335621030125688,0.2591442277312921,0.047727434220169056,-0.03958486488478067,0.03529035662771311,-0.06291732661231791,0.0075777121902013,-0.04670323006565109,-0.051627081447909236,-0.057990685333958604,0.09616832418432514,0.014263863570097506
0.34244938229582506,0.3014668960501889,0.46658989154420616,0.14384225935578754,0.16710436807813003,0.18729988668636263,0.09627499305336575,0.2046813235016042,0.02334525174617734,0.23108929609644568,0.16666959093885247,0.15722764059403693,0.06559896139359768,0.256208996212671,0.8512308842630243,0.09199901107605132,0.18171701855647746,0.059898010373424924,0.12551229479848858,0.36490658981782015,0.15349955805576623,0.12067967568086596,0.105682910643648,0.18742240481201003,0.2569225660948698,0.008644670943697778,0.28704581160842046,0.10933160046925625,0.14459338812167447,0.31329711061912835,0.3095043118806707,0.1623658688978659,0.10707933634401488,0.24526680958691724,0.25964208604219957,0.13279567427935077,0.261809514647314,0.20798682150534034,0.2850788495679593,0.09582213961794718,0.5129822678518857,0.19579336056248756,0.3126756673841776,0.21902510369817493,0.15177429664316694,0.049832225409116616,0.19584925373093964,0.04253917126761998,0.09947568865287405,0.060994464194131966,-0.05768402467310899,0.10281069921639117,0.017607191491528194,-0.09879597303274218,-0.026545003118141945,-0.0386752451500929,-0.11132858620406252,0.09127322234372154,0.03865455871127845
0.23530373814517952,0.015150349975809416,0.21131392698109136,0.2066163527212151,0.27310144381689094,0.16377809984728112,0.18578471108583255,0.1790473452601407,0.0077275038515174505,0.16438403204011295,0.1769013750005612,0.21154654307894588,0.15837878846227896,0.21786350117972766,0.09199901107605132,0.9763321491648339,0.24953851577945416,0.23479873504569745,0.15946928771242308,0.05230389591534844,0.21251275020206825,0.31749568841308434,0.23561232974157517,0.22005912834279723,0.2565752830500381,0.2624693802363134,0.12327768011061391,0.27448314002103696,0.33096026886581126,0.1164724833793297,0.1497629713263882,0.42319771718144994,0.028520025933647275,0.35230629883445225,0.37503563061090417,0.13931454024745818,0.0759062859488444,0.2949406687365941,0.21505516211025139,0.22717216977916513,0.15150756574817448,0.1739420619885935,0.24875877510579933,0.5557135490405267,0.24132666884380702,-0.04734633087601476,0.1530021275501051,-0.011214149701510773,0.04644715439906849,-0.23031271347664797,0.005920364470224395,-0.22584562004225017,0.07220377675855208,0.04698158571819915,0.06078194426271118,-0.0458089570548332,-0.21600507758371496,-0.03902944657969644,0.19549240012060887
0.27091652904595226,0.14790893019281312,0.46092475610454,0.16795277250344137,0.08429866492593485,0.21874114686865206,0.19782898186659853,0.2600899954697269,0.07047103641457518,0.22034174532075831,0.24473670884712478,0.22574725633703668,0.14833114612292816,0.21220668134729295,0.18171701855647746,0.24953851577945416,0.8385496833673721,0.08295189636554118,0.07551141370404393,0.3164638136372116,0.23806954811090159,0.46703625804254584,0.1730401229160974,0.18727185801839077,0.3623048048347983,-0.014348915336362674,0.1988762584998794,0.42929659083956434,0.278598646636461,0.12370975151955375,0.30457201093786995,0.23085107068336955,0.21975541243930238,0.2132690903436139,0.2590038114019615,0.24394985183536563,0.1555514734033708,0.4941896456732168,0.14728324365635725,0.19507087565643913,0.33647529665153003,0.2504594670782455,0.35448517865848267,0.47939771883470433,0.2157123296268732,0.01967920895326295,0.18349632451236783,0.008993377611559234,0.21801976628374725,0.05289164902538013,-0.10623869163026525,-0.09555009974231116,-0.041218254576841515,0.06978381274697883,-0.16217545573359413,-0.08338211067851269,-0.09405996881514761,0.16806307668717968,-0.025531355838275305
0.3637071769021853,0.2676543170820824,0.4682348602928428,0.16052992871429042,0.04972168625463773,0.13754899721751745,0.22086514174103916,0.18679977053776106,0.15444552420056384,0.27678117166087696,0.18064221190467222,0.2295730259063891,0.12620876093884964,0.09601551235613319,0.059898010373424924,0.23479873504569745,0.08295189636554118,1.1096438625587302,0.07406750951044626,-0.20618253527410277,0.22052116380477474,0.30788763658673624,0.32323957992074737,0.1611181564391884,0.16287981065402327,0.5865776516214597,0.05120574025693146,0.015983658298132558,0.3578984066992281,-0.135298556189585,0.050279138648149604,0.1747181099869531,-0.03233955596149813,0.2098997967382109,0.20514932731397725,0.1227747841444059,0.11044007445541347,0.07973075102213827,0.24592288225780312,0.23749574964335252,-0.011996391499916432,0.1564447813388413,0.29496992831534263,0.20823068540823572,0.347895240704384,0.05922797201552491,0.34736205412519783,-0.038285377476972894,0.08770658665809021,0.1577865112429468,0.28262413620146015,-0.26332105077297624,-0.40231239197105945,-0.05593419170778468,0.0831489364142978,0.06051282529456751,0.03236644436604791,-0.008336093062550547,-0.15888290992483112
0.13199496541207723,-0.03419328028072057,0.223794486280565,0.09805620652014306,0.2786671173339458,0.23078241122576754,-0.018923975548109418,0.1420864523520731,-0.013417700286408634,0.07718636105701529,0.07235011856554793,0.0747311465569191,0.09495235365631036,0.14399316354661915,0.12551229479848858,0.15946928771242308,0.07551141370404393,0.07406750951044626,0.5184149973030552,0.16203962866756155,0.08475942445847229,0.12610399070657294,0.029992800811853647,0.08869823009249707,0.13255811296549408,0.04263540790786665,0.07459764188544175,0.14020752794657548,0.08598290356866041,0.05545653122317738,0.1295488990515947,0.13279326575965475,0.03518090704958025,0.12537988245925719,0.09333996828512925,0.09588860864276018,0.0804607989044197,0.17749696869128528,0.13027104611994814,0.040924365717521616,0.14201995234483875,0.08905317637284133,0.07894815075108934,0.12316878896900928,0.01816149941639622,0.05205962204458276,0.03281893115415414,0.006528736089029742,0.12681166729743865,0.14408147879990107,-0.022027704457693312,0.19937204444258005,-0.15777034494812572,-0.09274649642062908,0.005968066414987587,-0.06431537906015715,-0.07250497079664658,0.0160605381709324,0.12374134700063362
0.20120869355417403,0.11907400655375047,0.4877296110537902,0.11979563370870089,0.0964190614759921,0.28918073523561216,-0.052234399837235976,0.2921363616168022,-0.0133036547189251,0.18159734492905755,0.19021367248600274,0.08748341378163334,0.09884110730599398,0.26093227865380586,0.36490658981782015,0.05230389591534844,0.3164638136372116,-0.20618253527410277,0.16203962866756155,1.3696609763038743,0.1299139054341756,-0.1713280542494885,0.016295938661402776,0.1319228176915722,0.22195419127986335,0.42768592251939885,0.34198008260886437,0.14783937271126013,0.37278008027991033,0.2109185003101274,0.30219498152485624,0.21992610708062946,-0.07378817645330556,0.3074502166338967,0.5123830124900877,0.15009165121638718,0.16688476348397221,0.4249322047854888,0.39772093942734343,0.3620830900584166,0.41654427511111114,0.2875253031695391,0.47792832112983175,0.1045068256781977,0.49437187087150075,0.03322742964949539,0.0563247388255802,0.11859056245090088,-0.17940107790772772,0.01978493522962464,-0.2013752077054827,0.08138401613058964,0.2076880498940029,-0.07593957331833136,-0.0013460624901477298,-0.1712639652928158,-0.06687106528103154,0.019491850274341468,0.18210146157086946
0.2868668011416671,0.18932631878441838,0.3833488777699814,0.1337983814941853,0.10899787108445577,0.1630850294692993,0.17629659272642959,0.15655465262697824,0.09543572589973016,0.16968565400150257,0.17527927696943404,0.15025407853855371,0.14296863357825387,0.14533283188495005,0.15349955805576623,0.21251275020206825,0.23806954811090159,0.22052116380477474,0.08475942445847229,0.1299139054341756,0.4555362621386036,0.28216577634311407,0.18407817729396647,0.19585294231969275,0.21799736495759583,0.12595678379245226,0.14027304749952577,0.1696441325586303,0.22383029448665667,0.23542696836589155,0.28705388081251015,0.18167989171419946,0.23245611763969462,0.1573967306057146,0.32370863351914364,0.15254311221963143,0.3175293805372378,0.3984494657229974,0.2146874605930481,0.22695740118410598,0.30121150447183037,0.31251749560898984,0.448185706118253,0.3619823650274371,0.4292519237834763,-0.0012966395807085106,0.22778641635994853,0.04326362560072274,0.03518973988594929,0.025595111709086158,-0.015740743384768788,-0.062172745851765576,-0.0018279075582017682,-0.015146337389289909,0.09892930611910228,-0.035501146864336953,-0.15918325573785758,-0.06905400518200867,0.16730577720826348
0.5803904553310966,0.22724897667637625,0.6657479017763489,0.18130881769286633,0.13895989691814806,0.28866198397558773,0.3966054068177833,0.2594779598242722,0.18697341901767264,0.3170565919256383,0.27471549268781814,0.35702268661209324,0.22632586384915587,0.21735242432032664,0.12067967568086596,0.31749568841308434,0.46703625804254584,0.30788763658673624,0.12610399070657294,-0.1713280542494885,0.28216577634311407,2.048754070496174,0.3474967985129397,0.34689477794552087,0.27272225740133366,-0.22284164944962592,0.20919848611260664,0.4782202234815027,0.26631004283217324,0.44815881838300725,0.4144885444907433,0.4199080104661369,0.4692836915024156,0.27169444296274275,0.26553344478358254,0.4008324935951601,0.36505096481384985,0.8182379113335142,0.6797838374522749,0.28007556249918963,0.48966131834542104,0.27963160507165163,0.3036276662356066,0.9060223066204183,-0.2815503375778705,0.16214891003914755,0.435071899645858,-0.22747375225674338,2.432582812748451,-0.15102575694475945,-0.17107507026645533,-0.2179565410975775,0.061654439358893455,-0.008692610456212049,-0.06922450628647116,0.017523412705040504,0.01054994300134142,0.0545553437220161,-0.1157151573878382
0.42462693633953047,-0.19938819554978227,0.4033289009385483,0.15268262143059302,0.12306043550869335,0.08858077992726118,0.24270424511243788,0.1439705274141941,0.1110799507366177,0.1934426401115852,0.1654406785962852,0.19968453989974538,0.12243677732240085,0.17470549674456926,0.105682910643648,0.23561232974157517,0.1730401229160974,0.32323957992074737,0.029992800811853647,0.016295938661402776,0.18407817729396647,0.3474967985129397,1.4987790958782996,0.12034379633308537,0.25509563679078423,0.09653781414351684,0.03692130465235501,-0.6359852676973606,0.28601903433114073,0.053246687731082785,0.2008896525921716,-0.028327999516720357,0.12034587525440459,0.23140467427949638,0.14606529614678804,0.37662272620757453,-0.07130397175377674,0.29367136846544956,0.19358861464060528,0.23647303451244409,0.17083342246625868,0.1752485711435379,0.21812557916572706,0.5876948918348807,-0.09065943015009179,0.1679690955615337,0.12437683834284113,0.001447143649422716,-0.10166698598184173,0.10038887626850966,0.07235922021097342,-0.1478315652360059,-0.01796617699815806,-0.047370857848336195,0.04284846893533614,-0.0311750887006366,-0.19662749675736257,-0.04277804147887718,0.10117635791692371
0.08945579509596716,0.091142615580541,0.30768602532049505,0.19011876238211634,0.15169166339907458,0.2049857896882521,0.14274588372059982,0.14647216815642244,0.0778686549504187,0.16161984229296247,0.1664015524525605,0.16477910272785015,0.10990149250150691,0.12860751152892602,0.18742240481201003,0.22005912834279723,0.18727185801839077,0.1611181564391884,0.08869823009249707,0.1319228176915722,0.19585294231969275,0.34689477794552087,0.12034379633308537,0.7262976002548688,0.14736210145705525,0.015922465678342917,0.22781976899025222,0.17648982805535648,0.03605159328057025,0.38325316914780694,0.19405571894572152,0.676511107634171,0.2943329089863018,0.24018674175715432,0.10019977360131258,0.11470631145482744,0.18584129720141795,0.33743443631240344,0.05982839427954637,0.13895753085667784,0.3105326703753225,0.18371434366893877,0.3553252442810584,0.3354675322834415,0.08074999336528102,0.005597287794879036,0.250041702867961,0.020281786223089574,0.22000108902381127,-0.05229139327739568,-0.1034583837439719,-0.1378655859175806,0.1434804816774489,0.0230379971213103,0.027760215786607263,-0.06199947928880155,-0.1330788797471462,-0.13078184054152894,0.27738957467420594
0.45803064037461705,0.18520869057570716,0.5417524039523784,0.13560543401710584,0.09769260129211545,0.18500190392524943,0.18677038039435875,0.26614156699274016,0.006076038000691281,0.268694508833807,0.20572876442943916,0.23666180782287652,0.14231681198459498,0.25667257150901324,0.2569225660948698,0.2565752830500381,0.3623048048347983,0.16287981065402327,0.13255811296549408,0.22195419127986335,0.21799736495759583,0.27272225740133366,0.25509563679078423,0.14736210145705525,1.1764607240739422,0.059541705626569616,0.18841774441948256,0.2657307767274056,0.5560752087942724,-0.012142518718455177,0.38432105691341006,0.2617574179301033,0.03495216769290633,0.3184982858452309,0.3753026127143932,0.2615315092011887,0.08381734494645801,0.33857763946796465,0.4174978862841333,0.20471425242851599,0.2309051315350213,0.20950979989293372,0.2924239961890385,0.4000723114707845,0.2690741615004621,0.05908202780355494,0.12834473378198233,0.023224885954887198,0.0925985890754783,-0.5269129668546345,0.12529516660885698,0.19348497716939023,0.17690039241498448,-0.044847210430599804,0.02312337026549409,-0.06855427041801407,-0.07015139190744153,0.0015579515788110025,0.05704539854361719
0.12080027736390425,-0.11357480080025019,0.25324198293421285,0.1797925319919034,0.10987274968522732,0.15418514832404845,0.07577500294273021,0.16376208251956645,0.17865713550200218,0.15314650251621809,0.18193724941999656,0.11019827378108013,0.14163874239032023,0.04873389452330471,0.008644670943697778,0.2624693802363134,-0.014348915336362674,0.5865776516214597,0.04263540790786665,0.42768592251939885,0.12595678379245226,-0.22284164944962592,0.09653781414351684,0.015922465678342917,0.059541705626569616,3.1078613881044657,0.12929544979005406,-0.17321162264432746,0.39953624292769147,-0.2835821459431233,-0.18497651948753746,0.16267052403339136,-0.3462263990465587,0.24776516761043785,0.5469496293685613,0.024758366612910386,0.018743941510984737,0.1444802246678878,0.2672038518699651,0.2823689712596197,-0.42783568465731375,0.227485949647961,0.5875216858616121,-0.007753952932701702,1.3696343213936208,0.0500405738728085,0.11045955892596024,-0.013646143809478293,-1.1986258353686554,0.2251068372520563,0.13104188421041374,-0.3462122229350879,-0.1306841726407134,-0.1325473524663216,0.17342466821187993,-0.06737872336700176,0.09958394692849871,-0.13819370825855148,-0.092068603320415
0.20689550376143076,0.2295024868715725,0.32234069250197817,0.13183181943005334,0.10796684896895119,0.1820593586125853,0.10815145254076058,0.16203480612988766,0.0722235980049552,0.19284389635301022,0.15808638070443454,0.17304110552450602,0.10293232497590829,0.16701573974996037,0.28704581160842046,0.12327768011061391,0.1988762584998794,0.05120574025693146,0.07459764188544175,0.34198008260886437,0.14027304749952577,0.20919848611260664,0.03692130465235501,0.22781976899025222,0.18841774441948256,0.12929544979005406,0.7089434085995294,0.17784162996336192,0.08885873905849644,-0.0028813967798802767,0.26621533361479055,0.5452802392086401,0.011615567120565416,0.27274330704911354,0.23242735961941402,0.201408344481297,0.03738841233658966,0.33484683354087424,0.13111628412437956,0.1714685137861699,0.3351367119244497,0.18692816455067798,0.36989341034416473,0.20590627099667774,0.20343968334062326,0.07123418898821438,0.08190057348280892,0.017670161774262717,0.0013215690177576392,-0.04375107653466239,-0.10369684886546478,0.028497821444754913,0.1366942649927338,-0.019691111944097128,-0.019488928238520498,0.0075507113909754064,-0.01716246531965173,0.04130178274110869,-0.054299327364692535
0.1879736517082281,0.3336206827856185,0.26698483341230145,0.07019598061420429,0.02341476725083324,0.19123742907944022,0.15027850190218883,0.22961671473913767,0.013880710206853596,0.02453977873852972,0.13142266731656138,0.12562339722266974,0.11540855665265656,0.13768751516216424,0.10933160046925625,0.27448314002103696,0.42929659083956434,0.015983658298132558,0.14020752794657548,0.14783937271126013,0.1696441325586303,0.4782202234815027,-0.6359852676973606,0.17648982805535648,0.2657307767274056,-0.17321162264432746,0.17784162996336192,2.4538022460663735,-0.09025323777131583,0.09820263657631231,0.457802994556506,0.3587261689015881,0.2158374573250747,-0.02790913338716092,-0.07149401191545894,0.3884128969064202,0.07129747201529746,0.5437892949612959,0.17705510277414957,0.16330395591666327,0.38845939602712415,0.1251938152833363,0.38183298348334577,1.0461593824147235,0.21239905293475475,-0.3305975046938843,-0.04116144984649673,0.030249273360940302,0.19526720155944574,-0.45955754174597674,-0.06339356898501829,0.4997835921929142,-0.4091059523947769,0.1569396535575943,0.22554857842192721,-0.06493626481393411,0.03649505222618422,-0.15757769693725307,0.36454995436238385
0.28604096914337035,0.18612592173795953,0.6158286829073241,0.122189470510175,0.04987896111374604,0.17525385420837075,0.15186580140294692,0.23462257624537855,0.07327513181158384,0.25031359809155646,0.21595974056338593,0.2318090140795853,0.19907172040807228,0.1163880757689329,0.14459338812167447,0.33096026886581126,0.278598646636461,0.3578984066992281,0.08598290356866041,0.37278008027991033,0.22383029448665667,0.26631004283217324,0.28601903433114073,0.03605159328057025,0.5560752087942724,0.39953624292769147,0.08885873905849644,-0.09025323777131583,3.394460213376457,-0.35704291761956664,-0.6308831263225927,-0.14849721720372797,0.18112093000280247,0.6803819468078308,0.5756084585998101,0.22353839714796306,0.18387166449121467,-0.10535700825157421,0.36039676344099847,0.020076336693451675,-0.3784445883621608,0.23191944270597428,0.4289252187181529,-0.12190403017779902,0.49899642114211523,0.3213799656128297,0.208980891648227,-0.0433050770664782,0.11474794170286517,-0.2047286021613399,0.2359825079906695,-0.10426241870399613,-0.08608625881350639,-0.14226085554745993,0.10754898258930078,0.030569608081687467,-0.1962570057112674,-0.1922633727305194,0.16647261914934766
0.3280866278735042,0.10101903509480431,0.26633560354586433,0.07220424457277787,0.16768970879382464,0.09013344168199489,0.18343533059487732,0.1440008926849053,-0.007971796130557198,0.18315657184973377,0.08107185825094171,-0.06656950216997237,0.12862954552383357,0.13695554924557285,0.31329711061912835,0.1164724833793297,0.12370975151955375,-0.135298556189585,0.05545653122317738,0.2109185003101274,0.23542696836589155,0.44815881838300725,0.053246687731082785,0.38325316914780694,-0.012142518718455177,-0.2835821459431233,-0.0028813967798802767,0.09820263657631231,-0.35704291761956664,4.622951272140506,0.09706846704092892,-0.7342076210235038,0.586533252876722,-0.0199234702871914,1.480155796391706,-0.09650658697707162,1.6760595999536056,0.06656275811590812,0.9668428245269983,0.5270550947614128,0.6078199112732856,0.37296415419874296,1.1110288841552667,0.48308810380896494,0.6299273714117158,-0.22803890198355906,1.699104762534429,0.11346114552110387,1.8571635764077687,-0.2975794553146384,-0.3360517186629561,-0.9046967458885565,0.7350178332979291,0.05827951527243057,0.18286003749840424,-0.20454065887626852,-0.13772962535194389,0.16363495213993717,0.2328327544765471
0.3801752306156944,0.15237150130508167,0.40427563649477055,0.1411250962997619,0.12941597370486674,0.18985445339604493,0.14169099959710524,0.20125625055892887,0.03527568167858471,0.2089126020860339,0.18905896816778026,0.13440837237304262,0.1069363507853474,0.2474301516386696,0.3095043118806707,0.1497629713263882,0.30457201093786995,0.050279138648149604,0.1295488990515947,0.30219498152485624,0.28705388081251015,0.4144885444907433,0.2008896525921716,0.19405571894572152,0.38432105691341006,-0.18497651948753746,0.26621533361479055,0.457802994556506,-0.6308831263225927,0.09706846704092892,1.6900895952835246,0.29499039984539793,0.08057908958510816,0.06893510398252167,0.4394608349371765,0.5164438117534357,0.2393946370191625,0.49842779385976066,0.44679165983242036,0.22821641678394453,0.7235362198138818,0.28922558620906086,0.19060753058083033,0.5238228873595114,0.08440307971311632,-0.02288937243874455,0.059713863419651105,0.05148970226240878,0.4133768342812126,0.07439963349423845,-0.1947361030230857,0.2121377934146167,0.03158699300029891,-0.061394157663261464,0.11817739853125912,-0.08636045797378529,-0.027350096789243612,-0.04131528846957193,0.09923228944582821
-0.014012936874839189,0.1450069461366901,0.23347950831392658,0.25446299194469696,0.2598138519075312,0.32580136435372503,0.12404759741621173,0.1554946742556943,0.043494303136688166,0.18653787476610395,0.19384014623043455,0.29555472784632353,0.10969471793726002,0.1836565169384602,0.1623658688978659,0.42319771718144994,0.23085107068336955,0.1747181099869531,0.13279326575965475,0.21992610708062946,0.18167989171419946,0.4199080104661369,-0.028327999516720357,0.676511107634171,0.2617574179301033,0.16267052403339136,0.5452802392086401,0.3587261689015881,-0.14849721720372797,-0.7342076210235038,0.29499039984539793,2.783702393869956,-0.5531253370512121,0.8991315564758409,-0.08340587044199856,0.2542641642241247,-0.6997067657509026,0.42184866948896643,-0.1741554469018466,0.09381138476600959,0.40864088954644956,0.14383071405993395,-0.050812039580737385,0.3820646667115333,-0.2077494420776733,-0.00737702338985794,-0.1308820627689685,-0.06853630732546556,0.14199531995395062,-0.17064343562997758,-0.07080481128288305,-0.19469044492837853,0.23978736395258393,0.14225891625822684,-0.23333288058368512,0.03284202226561306,-0.07601452296337619,0.00304219363766845,-0.018401592676261288
0.15882901593306634,0.08838783789918957,0.17196476261098495,0.0707730942850456,0.035548228748068234,0.03325665976607217,0.1571575389955577,0.0206223838434782,0.18939526845206334,0.004594092035011694,0.055666411938857595,0.05336375120046239,0.11581130586855422,0.028098815510997695,0.10707933634401488,0.028520025933647275,0.21975541243930238,-0.03233955596149813,0.03518090704958025,-0.07378817645330556,0.23245611763969462,0.4692836915024156,0.12034587525440459,0.2943329089863018,0.03495216769290633,-0.3462263990465587,0.011615567120565416,0.2158374573250747,0.18112093000280247,0.586533252876722,0.08057908958510816,-0.5531253370512121,1.962783302027703,-0.4626104705546218,-0.8030557172504063,-0.03344228393301769,0.9337618276612654,0.6101810624188468,-0.3382151297526288,-0.07933349230952443,0.15249046410228476,0.17029598972511853,0.7819525584404102,0.3041232832160667,0.05530332232009711,0.12125887587457299,0.24714601022063143,0.12403063579689447,-0.011632674926791882,0.23987197918757777,-0.08512633101969852,0.17492515167078743,-0.13377462668496118,-0.2056855957247113,0.18671322651871294,0.07216151607505163,-0.29353578961949656,-0.23222230132454263,0.4676529537632955
