2.537953736852169,0.315044604812035,0.69532293759608,0.19472363738295748,0.39634139750703007,0.2876422322232415,0.3401837059555392,0.1946532407147141,0.22327801224202126,0.31229067189297177,0.3366140136353934,0.35850026583572436,0.22034790861128709,0.3289809605716896,0.5368679302997359,0.31056183400443643,0.17941489924962095,0.3596640501552098,0.28619289749196697,0.2911746758400353,0.27867265237532457,0.2996852274282803,0.33669055077111343,0.07095667652081603,0.43077861854947774,0.34298055312841125,0.3752489569538097,0.37511903292975085,0.3554438159997521,0.407965360614813,0.2450444905772139,0.3398956625502972,0.4316981113333077,-0.17474993508746506,0.2677829462137148,0.3636059750349052,0.41251370441796986,0.2403981653055543,0.23914284713987694,0.25670044449416357,0.3422482075541812,0.28639578944345606,0.30222897023094863,0.05877320290702938,0.16573425497020142,0.7044088204788822,0.37512087619034595,0.3343718948499527,0.32521100606139886,0.10349425708218281,-0.05573170061091488,-0.003653638992338621,-0.07997727950102274,0.04989872158933202,0.3417229960338017,-0.12387019429517611,0.28899043629957344,0.31414908066209707,-0.9276907426092309
0.315044604812035,1.7492748728740755,1.1677226039408808,0.16445612662421263,0.010297236276804613,0.5184309087265466,0.3148592681406474,0.4893328293450435,0.22092739684514348,0.3439747993586523,0.37947719200212976,0.3897573459916561,0.41462390744560423,0.3360271054282343,0.24241446010875872,0.3580443333937728,0.4540835451513423,0.44823685604120694,0.24042642911130246,0.5157271986337888,0.3652786370446636,0.28129960825261163,0.21954711227131293,0.238137286608269,0.4280189903979572,0.3215732590152847,0.28973741408451714,0.2763066280863448,0.5415806436351851,0.019624246982087062,0.28919388026680465,0.3239571746612667,0.31024975159593393,0.4719987401482955,0.27786484750718327,0.4571380802460539,0.5981908617954401,0.31024485355183656,0.3589372955565323,0.16836317525324163,0.22430186159248994,0.34946959568300623,0.2739241342143354,0.025641334086389852,0.04596195635426334,0.5582227949536603,0.47234487353630467,0.19519812751404636,-0.02031561266803287,0.10625049308611831,0.11778779326554945,-0.046541313362543094,-0.04364720812613177,-0.16213962643487173,-0.3938084360916479,-0.26053038256661126,-0.23087338485867032,0.28402064606516203,0.28244776840793956
0.69532293759608,1.1677226039408808,2.7761189858080186,0.21359095493575067,0.03980109430345721,0.6643826985911238,0.49795937009797286,0.5542244115842486,0.5243104441810306,0.6249880054706198,0.5849542377054374,0.6135611504022114,0.557691666127082,0.4827826605905024,0.5230215234411488,0.4472644743649571,0.601597381316272,0.4939555420812046,0.372948143936333,0.5410293595255742,0.4539631132405871,0.5041891980739474,0.3113753827615911,0.5273497565969193,0.5448302646197348,0.5067470051160174,0.3085886222736551,0.3997177988149187,0.814282146158671,-0.1364551626402248,0.42608485469777574,0.5009681926641875,0.3507263428504354,0.6361470865883133,0.47483256463268625,0.6375931624608338,0.7745324864508027,0.4185805108487466,0.43715830599409794,0.08599916122091276,0.41466109580935434,0.4391685786816001,0.18692555027544744,0.035179251060679886,0.14072188899881505,0.9908781826055946,0.6737181124982634,0.1703709504634621,-0.012230298801146136,0.14229607269336106,0.018419020372750384,0.11476138460186373,-0.06154938673800977,-0.19059362739475372,0.32211040371190125,-0.023085823838297794,0.10960710852069372,-0.5792650333658882,-0.0635175420594984
0.19472363738295748,0.16445612662421263,0.21359095493575067,1.1753213072347817,0.3651319442252156,0.34130549888882294,0.3321085249652882,0.36304337014973453,0.21748892046733756,0.3048945269095678,0.2823791772013488,0.28722319850694084,0.3447957989259961,0.2713053153089925,0.2141831477296406,0.29738814114725554,0.340791465097393,0.29553928356871323,0.2530545950509566,0.2733661811195808,0.2574668743260473,0.24865607311009255,0.2735223455501215,0.2126587503808762,0.2862089840408743,0.26492499975690803,0.21487074110102408,0.19999301935491764,0.28687306794465495,0.1160996794207884,0.2486316203850972,0.24405158629976953,0.28736593200562244,0.3411799911982892,0.1515844689427233,0.2448923844655509,0.4191961840273365,0.1892303288217258,0.3603917468994089,0.14702972397631828,0.17450230779142503,0.2430015018784375,0.2650233514289858,0.13171316302747357,-0.02075920492804831,0.34549140187431154,0.4411087274484816,0.11152529751098555,0.12288697716541608,0.3650777497550551,-0.2633219162634883,0.11097163439419398,-0.03892327237471289,-0.17881528632056048,0.06420624870744007,-0.09369518724981557,-0.17133834329647285,0.15623330028147905,-0.04566136095222018
0.39634139750703007,0.010297236276804613,0.03980109430345721,0.3651319442252156,1.5378184114548938,0.2694330087272103,0.39891505656703546,0.23910616981172847,0.258557490852321,0.23991442275540129,0.31655427739206654,0.30430164503237733,0.33294098600834543,0.3252029614116309,0.36392993408113083,0.35370532314309994,0.27872535742495375,0.23233474065502557,0.639786905286043,0.14094382426026034,0.2934144214927908,0.34052363532943336,0.22597064263495528,0.28639302094989244,0.28066437888119766,0.1996050714901347,0.3466122633350636,0.2647609315843364,0.3009092808126961,0.3145311359433443,0.2635006493500565,0.3058772504233142,0.3421524648590673,0.39216080639769185,0.25892789364059426,0.42092908564335846,0.4797872132930711,0.15802345149500555,0.419264804310734,0.1684250255996157,0.2338054288948419,0.28780081054165596,0.2944166760853451,0.060177605391652275,-0.07121148248346036,0.5047081319332307,0.3242858219164243,0.19523877519831567,0.2881060392731969,0.41242726444044936,-0.480119992207407,-0.13108256620826514,0.12593821736450286,-0.01943853692058012,-0.0127462065147643,0.005252715845288332,0.11836979623455761,-0.04894760927431131,-0.07809563081766702
0.2876422322232415,0.5184309087265466,0.6643826985911238,0.34130549888882294,0.2694330087272103,0.9269977585987867,0.41169449267589403,0.6690901604171312,0.39604786581450946,0.3944298414467042,0.4930622372505849,0.509184972779211,0.5172220779646332,0.5179289800139758,0.33003530275426946,0.5153926630621891,0.6220540858578486,0.3959833430475348,0.47139126790936847,0.5776797263703575,0.43788948903868047,0.4639543390091334,0.2901130306595426,0.40512552117652156,0.4967106014654071,0.429663403745626,0.5134455097496264,0.3286622439786764,0.6430600639612963,0.10475855688639557,0.3499807996915936,0.49264078057175653,0.36668136749654096,0.5962970706401882,0.344267724740706,0.34747280482351556,0.7180675708239378,0.3676112464362952,0.5468630677444367,0.27401658453566036,0.288815387547998,0.42390805709230567,0.4430928965118427,0.0756240638890888,0.0060515718183601665,0.6497196941475495,0.8256583057262546,0.20464723405513588,0.399004717453927,0.3056363928671879,-0.36731212341629615,-0.02850593694116872,0.047980678672732355,-0.059069545898580114,0.06233644308225042,-0.0794369080101214,0.10561823892940954,0.07079256905899727,-0.18850016867541927
0.3401837059555392,0.3148592681406474,0.49795937009797286,0.3321085249652882,0.39891505656703546,0.41169449267589403,0.8481394233764911,0.511549901136336,0.4647011782297857,0.31416211387699683,0.4832356726071978,0.5367719594839196,0.49766689105708006,0.3970346525708696,0.3523420234909301,0.4226193250228701,0.4487080343900702,0.4547375928706473,0.31991127886388393,0.4226259963442812,0.3653790376712289,0.44055811403775413,0.28897916936456075,0.38280892240734765,0.30100642790730614,0.4329802253744094,0.43026879682103264,0.24893714162968814,0.3877561935713973,0.15671699365416322,0.32344524928123614,0.4247379147971423,0.311995001746099,0.49878334820188375,0.2618254242806083,0.5244328781507873,0.44132189638227676,0.25862966117563957,0.48723021577278475,0.24137042873076467,0.2596911413030044,0.3627799431396946,0.3684877094203274,0.07436063191261344,-0.0868960420248268,0.593628641122328,0.34051060857375326,0.2538576343645078,0.6617722031759663,0.1571812683974022,-0.14360790074913996,-0.12813805612038046,0.07510357302780048,-0.0622733556648379,0.07786119730811984,0.03077977860027059,0.1091421220727722,-0.002553499239959982,-0.27837894720589135
0.1946532407147141,0.4893328293450435,0.5542244115842486,0.36304337014973453,0.23910616981172847,0.6690901604171312,0.511549901136336,1.1243107030675386,0.2388771374345528,0.4737293094740348,0.5088687771617689,0.39989606490273716,0.6341073038467564,0.5386622306576264,0.21712716719885852,0.5144319068724397,0.6949548153016346,0.471606741505326,0.3674920653730743,0.6356299522853398,0.41687121780093406,0.38353234590033747,0.361153478108112,0.3706535836118545,0.4771530547912191,0.4768998596963336,0.5017078786981772,0.26849082391741114,0.5666656098268062,0.0746344670205516,0.33697526502955794,0.4920738713792461,0.3829346751442337,0.6616824878237751,0.30869706966858723,0.29526124070252097,0.757843508146421,0.36885713106137447,0.6227477959683916,0.2904261588793364,0.3363369584437464,0.40748667649920906,0.443351126996752,0.0856281757015977,-0.08195247058687426,0.6260524296135896,0.9135011530283185,0.25740719457552097,0.4932580123438466,0.39816192263802896,-0.22431391396960226,-0.13775286924889063,0.08600128460502154,-0.14604499472347313,-0.0021571549579402637,-0.16444554284318677,0.12869618656432757,0.15721205241023678,-0.06340776556540348
0.22327801224202126,0.22092739684514348,0.5243104441810306,0.21748892046733756,0.258557490852321,0.39604786581450946,0.4647011782297857,0.2388771374345528,1.0271957450802218,0.29138601319182156,0.37219998078876587,0.391294835255192,0.40563520805435854,0.3272454737043082,0.47951188093237856,0.2698672814024107,0.3653235147421109,0.3725098516884764,0.30515662935356463,0.3437010023256576,0.3081164957729454,0.5585048813011848,0.1946588493598772,0.4376762824541168,0.16473454878570254,0.43692096281521864,0.4808082694753447,0.31786699474154206,0.30720399251106656,0.17964156128269637,0.3240970007577552,0.37140693533919994,0.32796359642088874,0.37581495997610603,0.3131730282375273,0.42167074694891327,0.3774145684634632,0.22923542556539567,0.3556346234862216,0.18877119693372885,0.29408604379069064,0.3087077885451514,0.3396392898851323,0.037390410476470536,-0.13233679934491555,0.5351773480879104,0.308145698303251,0.15719498268960388,0.9526444878813042,-0.0811743141841787,0.07797098152172272,-0.08319165351856482,0.09501990535290039,-0.02052365818695806,0.40337982167590186,0.16818358401151198,0.1534837142372599,-0.34036478246897944,-0.4320680488450526
0.31229067189297177,0.3439747993586523,0.6249880054706198,0.3048945269095678,0.23991442275540129,0.3944298414467042,0.31416211387699683,0.4737293094740348,0.29138601319182156,0.9360376576992054,0.4201970799986343,0.374912384431784,0.4853219754059512,0.42770940159571563,0.3444926133450169,0.39230016747168966,0.5685573572092922,0.37255021725204635,0.25812846329494166,0.5581323547905913,0.3554494843282353,0.3105992814649309,0.2990717408951108,0.3896594630629395,0.3642893165683817,0.3153333384708897,0.4969718708991044,0.37008216385566695,0.37707661299535433,0.2537412256643747,0.3771750364177105,0.4079571586554654,0.35692098934805777,0.5495371986697585,0.45726628735876507,0.44072419250645006,0.6623719006694776,0.33768353764498754,0.45445058936858607,0.28728170074507314,0.43279267922230935,0.3656477150923055,0.32827441113184974,0.07153950757128216,-0.10891055394385837,0.7055630565567224,0.7982296390813926,0.3571656916101532,0.4097858653335859,0.13653886351143182,-0.08644488636790182,-0.13554454792433684,0.08927806391231542,-0.018918258228411224,0.45118243508419104,-0.06978374721746014,0.176463837734596,-0.49015396233644765,-0.11032277194441795
0.3366140136353934,0.37947719200212976,0.5849542377054374,0.2823791772013488,0.31655427739206654,0.4930622372505849,0.4832356726071978,0.5088687771617689,0.37219998078876587,0.4201970799986343,0.6817530080835807,0.5599381720857939,0.4951162540213916,0.44858905402915045,0.45947248391948564,0.4673810142891498,0.5559560136338587,0.3659648994537766,0.3417017187302503,0.5155698553036956,0.39358876041464125,0.3938280712156761,0.2935066940307961,0.38911844746946533,0.3626072660951069,0.4363135596158859,0.48142750907780757,0.35326315908974215,0.45309894869627704,0.1585200300160305,0.3693221902550773,0.4536700072131406,0.3587671066478613,0.5239077924301623,0.41492662839822425,0.48048526770800787,0.5914848924921557,0.3167617089715867,0.4595570310150029,0.28747746693518555,0.3341887058453969,0.39307570492999205,0.3874130210856292,0.027080119637775738,-0.06492190156679867,0.6923806820169605,0.5965642822587321,0.30813048972896456,0.46671197638210477,0.0897209502966919,-0.11135630419570802,-0.08308177972828304,0.09867752104427314,-0.004373128208631308,0.10630174364529481,-0.04234068757824703,0.11613671885281947,-0.013943616788525093,-0.2771058139601781
0.35850026583572436,0.3897573459916561,0.6135611504022114,0.28722319850694084,0.30430164503237733,0.509184972779211,0.5367719594839196,0.39989606490273716,0.391294835255192,0.374912384431784,0.5599381720857939,0.8178293048276032,0.4302179289008945,0.45653413475379284,0.42255080270511747,0.4947715421116617,0.5126404993153458,0.3600238369410749,0.35706135616170426,0.46251866756486193,0.37934675964541165,0.4189138639586388,0.25788531396937825,0.3681600103879268,0.361451614101726,0.44782213985995567,0.4768068100716163,0.2992108469058496,0.4544409845223479,0.133079578402602,0.34408382754865746,0.4823042257969791,0.33368046073253677,0.5017331211786318,0.317121286214859,0.5688696254389966,0.49870133160541524,0.30243378988805325,0.41120328827295405,0.2775882922297355,0.3042339942358879,0.37620530029918614,0.38294048507725875,0.0332521741957392,-0.07705442050350193,0.6806386291726259,0.49277770618551475,0.3093954360886968,0.5458180208821306,-0.03885886150288109,-0.05552847451383045,-0.03647732228120204,0.038962314453388006,0.004719231462897982,0.07060869491714326,0.004864221803180791,0.08831209804457273,0.03390660996883457,-0.3842755294767718
0.22034790861128709,0.41462390744560423,0.557691666127082,0.3447957989259961,0.33294098600834543,0.5172220779646332,0.49766689105708006,0.6341073038467564,0.40563520805435854,0.4853219754059512,0.4951162540213916,0.4302179289008945,0.8290736067944126,0.46705320288524854,0.2152646075345802,0.47366266970031207,0.6051087867991458,0.43198372685573483,0.3384563438162652,0.5491722464146933,0.4027349190352147,0.41613770254805155,0.34726833107879596,0.41261687335355457,0.3963711227628658,0.40537001663791083,0.3710734636264134,0.33087203393963316,0.5034283229131284,0.14911090885560058,0.3591882196283518,0.47850281938538475,0.37650117890479756,0.5968484813566634,0.39535723589680066,0.41939373340081937,0.6475294513531167,0.3250248864072668,0.5552993514446759,0.2742967998672051,0.3354342190969003,0.39592583317450236,0.3821412882880617,0.08044606669575155,-0.13219804373355562,0.6626240366082237,0.6991921647283006,0.25519256519520894,0.48768775886491256,0.31766349510202546,-0.17205619132029507,-0.11892372170388946,0.0688286926248877,-0.1138391460893449,0.1279612359816855,-0.11046510056936878,0.08108216078408756,-0.19505558227166617,0.00038137673210937947
0.3289809605716896,0.3360271054282343,0.4827826605905024,0.2713053153089925,0.3252029614116309,0.5179289800139758,0.3970346525708696,0.5386622306576264,0.3272454737043082,0.42770940159571563,0.44858905402915045,0.45653413475379284,0.46705320288524854,0.7389694920277313,0.45106224464144684,0.5701925001223193,0.5275017964942748,0.3271325358706915,0.36550158968464946,0.5234320183145665,0.3940260238544632,0.42506482722890215,0.29621322207730855,0.38674934973916514,0.4528720213061459,0.47098425197335697,0.5123717418557462,0.3849151883868409,0.48640089460922603,0.22158632367855913,0.3304584976861376,0.5539189607870519,0.3979687749218634,0.5472736718476143,0.4276993128859073,0.38308837107312205,0.662904349686703,0.3425703304037727,0.409311363699304,0.293843024020631,0.40802766007691504,0.3948687986435621,0.44224807395797366,0.045882525938033325,-0.14252042621355512,0.6746629037557801,0.7284750027281911,0.3331082374812219,0.7355936915451919,0.0672920871065362,-0.0689538803501204,-0.15594027624790982,0.11702920011183762,0.00716386305066839,0.1152615859472815,-0.0861223353137844,0.1808892594039754,-0.024656508166019952,-0.1963282763990555
0.5368679302997359,0.24241446010875872,0.5230215234411488,0.2141831477296406,0.36392993408113083,0.33003530275426946,0.3523420234909301,0.21712716719885852,0.47951188093237856,0.3444926133450169,0.45947248391948564,0.42255080270511747,0.2152646075345802,0.45106224464144684,1.2483298504640332,0.4067102538640486,0.24931976866080524,0.28705996417288604,0.34915978171359763,0.31015875045349023,0.3128495017412711,0.41824106837292163,0.21897326353762347,0.38626914530828677,0.26699263785527577,0.4618505048291296,0.5044855873034245,0.4688227562009443,0.3508910357711713,0.2636883593269471,0.31491331803048755,0.40948046367609997,0.4044204836700767,0.3215432122274894,0.38011596275534854,0.43460635244884765,0.4505209567984443,0.22235425823176336,0.24501184414220173,0.20686255289522168,0.359460623830763,0.3194563546991771,0.32651485603718067,-0.009698189607202314,-0.09136406238779751,0.6659151356917716,0.36531952247980853,0.2819804697845249,0.6609843246617259,0.006553521151260897,-0.11056695086244057,0.20924268732644427,-0.09043766016009618,0.018761964333512498,0.3442150683821989,0.06173092664441259,0.1472875202546158,-0.12477926943049827,-0.4956978964875972
0.31056183400443643,0.3580443333937728,0.4472644743649571,0.29738814114725554,0.35370532314309994,0.5153926630621891,0.4226193250228701,0.5144319068724397,0.2698672814024107,0.39230016747168966,0.4673810142891498,0.4947715421116617,0.47366266970031207,0.5701925001223193,0.4067102538640486,1.0185565819575373,0.5637383950868358,0.3480906817171965,0.3786835900977285,0.5554147726372395,0.37525998829275087,0.5470733897500643,0.20613439043350287,0.3771562661438416,0.4093669271104385,0.3831719850720518,0.44658067512128835,0.35004516575011463,0.5209740717262825,0.20066299270358479,0.32121142080104864,0.5142369675213436,0.33573047687595764,0.5588935081963032,0.4266993531656282,0.39066913658390495,0.6433605991698894,0.34375534466471924,0.45935429588429294,0.2987633163988372,0.3668749524491702,0.365816806356161,0.5028143754360461,0.04215989804608546,-0.10245292216298378,0.6153413023220459,0.6798943615212257,0.14232969877794452,0.6194270939705536,-0.016498872161477253,-0.13225457299509047,-0.0871425992330143,0.12303982820933629,-0.024045751947272483,0.0388055154977956,-0.005642428127227133,0.005544347546660529,0.16270514127532312,-0.2558585990803081
0.17941489924962095,0.4540835451513423,0.601597381316272,0.340791465097393,0.27872535742495375,0.6220540858578486,0.4487080343900702,0.6949548153016346,0.3653235147421109,0.5685573572092922,0.5559560136338587,0.5126404993153458,0.6051087867991458,0.5275017964942748,0.24931976866080524,0.5637383950868358,1.3354235547235755,0.22448241699481972,0.36112477455055353,0.8048684656023206,0.4813543896966124,0.4547215072167057,0.4701803394089748,0.38213523740952227,0.613347280982822,0.34123084106919926,0.6981730994666507,0.518058152626877,0.537081956081184,0.17817547852977578,0.5039716234507232,0.4824208354010414,0.5536571659804382,0.7147466146385618,0.5192534411389338,0.45893521291920486,1.083213268983452,0.45581654171628216,0.687673623389252,0.39211920913844095,0.4200942435811642,0.4697596122122096,0.5599376016173776,0.060024736516076704,-0.06380289439391251,0.8282582575117985,1.084848384806309,0.34643158074432034,0.4302028166293111,0.4846017166974536,-0.2625530251876918,-0.16622271297024244,0.024962999949734176,-0.08204287150961359,0.1577625430536521,-0.1370677122687384,0.029376151947077773,-0.03596731385554259,-0.053539477102190675
0.3596640501552098,0.44823685604120694,0.4939555420812046,0.29553928356871323,0.23233474065502557,0.3959833430475348,0.4547375928706473,0.471606741505326,0.3725098516884764,0.37255021725204635,0.3659648994537766,0.3600238369410749,0.43198372685573483,0.3271325358706915,0.28705996417288604,0.3480906817171965,0.22448241699481972,1.0438583098794096,0.2976708903012745,0.24839706011537546,0.329532294700436,0.35100394501842336,0.40752237512049905,0.3927414124432539,0.2664257769464376,0.4214933063795366,0.06365720598015633,0.24522485593525406,0.3792067424150892,0.10271249911312351,0.24754318472262324,0.36305763596991325,0.2648429074253385,0.37760560268607224,0.1367027047618329,0.369641122274944,0.376770648850335,0.18746022091961456,0.35471995814666046,0.21966061410200866,0.27306616804270367,0.3390241288411065,0.31931071542419215,0.0677482171543126,-0.03920723961139888,0.5094490576380252,0.4570430366414588,0.19985415095779377,0.4499898859063368,0.276425156392201,0.2991777377321234,-0.31803676950412846,-0.23784366514324345,-0.11319531570576029,0.1630857890953694,0.010393454608946723,0.1407304088643995,-0.05237905359878265,-0.32360425217517447
0.28619289749196697,0.24042642911130246,0.372948143936333,0.2530545950509566,0.639786905286043,0.47139126790936847,0.31991127886388393,0.3674920653730743,0.30515662935356463,0.25812846329494166,0.3417017187302503,0.35706135616170426,0.3384563438162652,0.36550158968464946,0.34915978171359763,0.3786835900977285,0.36112477455055353,0.2976708903012745,0.7223600599476547,0.1603562948443681,0.3240906441631817,0.36974361990206567,0.1396072675829778,0.28991440340709185,0.4258913390546616,0.3189177214525482,0.33433044189634764,0.3423366026235126,0.47107364863383444,0.21984774080474373,0.2703837571212043,0.36245440992109423,0.3569841050830579,0.36458432541562696,0.2278400659945115,0.3894546422235552,0.5185877944420026,0.19948636971980419,0.31899835672485094,0.17993941336472508,0.28530557447596655,0.3153733581627485,0.29912312039897165,0.0270353298194058,0.010518688618632458,0.575475752503445,0.42091260473382575,0.15010225509301467,0.17561933329308405,0.028191517984347207,0.13505696750294963,0.13014120475390953,-0.16335321343333636,-0.08328362096077983,0.03497965941473557,-0.018878767196702975,0.07573145273461097,0.02259311335898744,-0.15046126727128387
0.2911746758400353,0.5157271986337888,0.5410293595255742,0.2733661811195808,0.14094382426026034,0.5776797263703575,0.4226259963442812,0.6356299522853398,0.3437010023256576,0.5581323547905913,0.5155698553036956,0.46251866756486193,0.5491722464146933,0.5234320183145665,0.31015875045349023,0.5554147726372395,0.8048684656023206,0.24839706011537546,0.1603562948443681,1.6032401018381075,0.46684708475592346,0.34560440605127407,0.15937982534241565,0.4355342149246211,0.3761265864433607,0.3525510791854514,0.8121857264793207,0.4530619968022644,0.2971025939110238,0.5557257827526798,0.5441177258525888,0.5224483181160614,0.4930665453033326,0.6908670354329045,0.5965745741690197,0.613918841730497,1.1747004988364216,0.7469647252132935,0.7328887813407997,0.522168184804259,0.3747050499433134,0.4750751520884228,0.7537295013982795,0.14825442091913452,0.22970411765049098,0.8564285176158863,0.678147753403494,0.7924817602626453,1.1179694528144393,0.2019728444285098,-0.5073295493674338,-0.13062170956240285,0.31536815805607693,-0.022179182309255207,0.26160270009172576,-0.13707018655253658,0.256531612397826,-0.16279941343071067,-0.24491557920616414
0.27867265237532457,0.3652786370446636,0.4539631132405871,0.2574668743260473,0.2934144214927908,0.43788948903868047,0.3653790376712289,0.41687121780093406,0.3081164957729454,0.3554494843282353,0.39358876041464125,0.37934675964541165,0.4027349190352147,0.3940260238544632,0.3128495017412711,0.37525998829275087,0.4813543896966124,0.329532294700436,0.3240906441631817,0.46684708475592346,0.7750094548070571,0.3083490406154418,0.3302553168011668,0.2863789598051718,0.3762588714174027,0.32164411400242476,0.3601492410655918,0.38371513366336085,0.39648470082916987,0.27662937396131815,0.4477934811271981,0.3926785534654976,0.372185174953742,0.48266447430279436,0.43003027923502946,0.5985376844992066,0.614951002818452,0.3240766604431938,0.4826074536745898,0.3703767894399831,0.403550622158193,0.7603378208788986,0.45556418731946546,0.0053253698374642715,0.19485496403475205,0.6150339001939408,0.7514871090189854,0.36963008195739794,0.04597930144647192,0.11775715642515015,-0.060168319127810156,-0.12760325723333363,0.07640349904971795,-0.024042573960687343,0.1721379827785373,-0.07354511124961714,0.004667300991499642,-0.0661846734233969,-0.19179188173862194
0.2996852274282803,0.28129960825261163,0.5041891980739474,0.24865607311009255,0.34052363532943336,0.4639543390091334,0.44055811403775413,0.38353234590033747,0.5585048813011848,0.3105992814649309,0.3938280712156761,0.4189138639586388,0.41613770254805155,0.42506482722890215,0.41824106837292163,0.5470733897500643,0.4547215072167057,0.35100394501842336,0.36974361990206567,0.34560440605127407,0.3083490406154418,1.017510429423208,0.1521344197871834,0.3798968328546993,0.25687591405271964,0.3623165992390591,0.529893407196616,0.306567383517892,0.46981608685350196,0.1535839957878696,0.2976913551479267,0.4619104603117727,0.3479108255891579,0.4759614533264877,0.3030932565478035,0.3828193694444682,0.4393517267508041,0.2581540489625814,0.44633529658577314,0.18657938904991073,0.31093010840300367,0.2953887045847453,0.5163328374128091,0.04090931252148766,-0.19822175704001138,0.5497705622532091,0.4782174440440802,-0.29595518363371387,0.8893633727958908,0.0037655157378644354,-0.06191692099144902,-0.10257820310135367,0.054092485974636846,-0.04337709196355152,0.18812265327842262,0.0982661063283648,0.07585736962149477,-0.043297975561090954,-0.3577581934703443
0.33669055077111343,0.21954711227131293,0.3113753827615911,0.2735223455501215,0.22597064263495528,0.2901130306595426,0.28897916936456075,0.361153478108112,0.1946588493598772,0.2990717408951108,0.2935066940307961,0.25788531396937825,0.34726833107879596,0.29621322207730855,0.21897326353762347,0.20613439043350287,0.4701803394089748,0.40752237512049905,0.1396072675829778,0.15937982534241565,0.3302553168011668,0.1521344197871834,2.0207446883360705,0.28309809807366326,0.6089270747792772,0.1309740808740564,0.2706826160190642,0.46488691906482343,0.39437015254541935,0.30804330031731875,0.5096766960407391,0.18999783788952554,0.7912967290771586,0.47774604098723106,0.261608126544187,0.5184288547475739,1.1593688408966019,0.1369324512977257,0.6657954064509373,0.4257225259254592,0.2798961164943027,0.33599252365858867,0.36409365863930576,0.0973193265708696,-0.270769503981062,0.8777495633315837,0.9664778447168033,0.6649567054471636,0.25161860814639675,0.616801811733852,-0.4280693191605852,0.0751421075347915,0.11841854177723046,-0.14542954194036914,-0.008643168788581056,-0.03212562841013723,-0.02964741631694981,0.009712411221320274,-0.0059045172672800616
0.07095667652081603,0.238137286608269,0.5273497565969193,0.2126587503808762,0.28639302094989244,0.40512552117652156,0.38280892240734765,0.3706535836118545,0.4376762824541168,0.3896594630629395,0.38911844746946533,0.3681600103879268,0.41261687335355457,0.38674934973916514,0.38626914530828677,0.3771562661438416,0.38213523740952227,0.3927414124432539,0.28991440340709185,0.4355342149246211,0.2863789598051718,0.3798968328546993,0.28309809807366326,0.9335892958570097,0.22894332627051645,0.3073072507467814,0.37109293493242235,0.2907886004953448,0.4524462952514532,0.24301194083912367,0.3181736552865813,0.3794262297326253,0.30559414935979445,0.44165144781020466,0.34577641865883885,0.5033193227410765,0.4385915959943519,0.24719025918272192,0.3447609412481135,0.19202589841097942,0.29007829194707774,0.2884659897947562,0.23133897053518182,0.02638271502354443,-0.14566674977493219,0.5650893325654722,0.45033659984635444,0.25051021950573676,0.6033556633489842,0.045327166954507045,-0.13360274462227573,-0.05162270511796063,0.11829504729500284,-0.017833152072058833,0.3784167618142205,0.08281574496302052,0.23004660989218564,-0.6332807444843127,-0.019503890113817406
0.43077861854947774,0.4280189903979572,0.5448302646197348,0.2862089840408743,0.28066437888119766,0.4967106014654071,0.30100642790730614,0.4771530547912191,0.16473454878570254,0.3642893165683817,0.3626072660951069,0.361451614101726,0.3963711227628658,0.4528720213061459,0.26699263785527577,0.4093669271104385,0.613347280982822,0.2664257769464376,0.4258913390546616,0.3761265864433607,0.3762588714174027,0.25687591405271964,0.6089270747792772,0.22894332627051645,1.822812103170424,0.3637018870880706,0.40555315164039324,0.3608390531287652,1.2881936445946354,0.4084725950242313,0.36874331123226406,0.3257638625033227,0.42468743297196876,0.6166555073836686,0.5261796663698254,0.3283265183229127,1.0246579452754545,0.31653889228957316,0.3733645037589633,0.2717804384081405,0.5197638997609972,0.3834144702381172,0.27243835720432996,0.024879121654534105,0.03203134642236386,1.0176988019913842,0.9901106479888949,0.25179265674016266,-0.2090659115963662,-0.18330230801946718,0.14209673066206166,-0.03978673194851859,0.24789934698060026,-0.09102322967292982,0.06465806244614465,-0.0938487213380785,-0.20990472185253362,0.21827032879328415,-0.03557876241798268
0.34298055312841125,0.3215732590152847,0.5067470051160174,0.26492499975690803,0.1996050714901347,0.429663403745626,0.4329802253744094,0.4768998596963336,0.43692096281521864,0.3153333384708897,0.4363135596158859,0.44782213985995567,0.40537001663791083,0.47098425197335697,0.4618505048291296,0.3831719850720518,0.34123084106919926,0.4214933063795366,0.3189177214525482,0.3525510791854514,0.32164411400242476,0.3623165992390591,0.1309740808740564,0.3073072507467814,0.3637018870880706,1.7318634507299124,0.48048040375385087,0.4816761356515758,0.397573280419047,-0.03860090895431554,0.29125429062554564,0.5421259089705627,0.4327030913412928,0.3898413664298612,0.3386326240867304,0.26244161918297093,0.6930707421849306,0.32185432396285196,-0.18149634771657885,0.2651275331993095,0.6913078893310738,0.3481103240657221,0.2921523171030422,-0.016760539918509194,-0.1587278885962905,0.7809689974813021,0.42715720782175265,0.42427529300996,0.9355647687530876,0.04306963316075218,0.34528004984741717,-0.15196610351024326,-0.2561118153954005,-0.03879795046497209,0.09198092121327346,-0.004951762809648933,0.0013035153304092589,0.12697813902551458,-0.35155372972195525
0.3752489569538097,0.28973741408451714,0.3085886222736551,0.21487074110102408,0.3466122633350636,0.5134455097496264,0.43026879682103264,0.5017078786981772,0.4808082694753447,0.4969718708991044,0.48142750907780757,0.4768068100716163,0.3710734636264134,0.5123717418557462,0.5044855873034245,0.44658067512128835,0.6981730994666507,0.06365720598015633,0.33433044189634764,0.8121857264793207,0.3601492410655918,0.529893407196616,0.2706826160190642,0.37109293493242235,0.40555315164039324,0.48048040375385087,3.0578028479820136,0.8097028486263415,0.17814424782337343,0.45106355775254625,0.5848951653369269,0.49189503853328226,0.9191642511927347,0.605408532578655,0.8607120892645466,0.7537985906579235,1.1399830044711536,0.47455867303754934,0.4221358771571364,0.5041880867770611,0.5108776058111918,0.3892598105911032,0.8960968000642876,0.025192928173166977,-0.35212791808312227,1.1881944662688986,0.5395274051669366,0.7620893333231548,1.3736579195609,-0.23260787721488707,-0.47133013228873055,0.12478115347486801,0.4668444337313996,0.09447428790482966,0.37414561431488885,0.07531427026815482,0.3116008883741025,-0.0026846977848212204,-0.5612092428194819
0.37511903292975085,0.2763066280863448,0.3997177988149187,0.19999301935491764,0.2647609315843364,0.3286622439786764,0.24893714162968814,0.26849082391741114,0.31786699474154206,0.37008216385566695,0.35326315908974215,0.2992108469058496,0.33087203393963316,0.3849151883868409,0.4688227562009443,0.35004516575011463,0.518058152626877,0.24522485593525406,0.3423366026235126,0.4530619968022644,0.38371513366336085,0.306567383517892,0.46488691906482343,0.2907886004953448,0.3608390531287652,0.4816761356515758,0.8097028486263415,1.8310321974746997,0.11742985879620994,0.4250297103092409,0.5398554630067955,0.401705661727656,1.0759076069785223,0.2768301946110468,1.0986499524563833,0.3934160019734068,1.233687012940686,0.31868978824831334,0.26797054866445924,0.4101719138531287,0.4323373148303047,0.40192471362290144,0.5222952482736721,-0.028004097063846847,0.0047895435952077,0.947730681157506,0.614824531017529,0.5995628566123489,0.40942297656314725,0.4719945739906785,-0.3186018464852357,0.7113249641410871,-0.7104489184371885,-0.010535956437646498,0.15871747992696436,-0.04314039006072465,0.153165153940298,-0.0873176089993876,-0.2706750715517346
0.3554438159997521,0.5415806436351851,0.814282146158671,0.28687306794465495,0.3009092808126961,0.6430600639612963,0.3877561935713973,0.5666656098268062,0.30720399251106656,0.37707661299535433,0.45309894869627704,0.4544409845223479,0.5034283229131284,0.48640089460922603,0.3508910357711713,0.5209740717262825,0.537081956081184,0.3792067424150892,0.47107364863383444,0.2971025939110238,0.39648470082916987,0.46981608685350196,0.39437015254541935,0.4524462952514532,1.2881936445946354,0.397573280419047,0.17814424782337343,0.11742985879620994,2.9324791152205893,0.1786673633528344,0.042641133988294326,0.4368817767604502,0.1439060768220802,0.6711095898302878,0.4453654015846762,0.16636200996401487,0.6136616183745502,0.13206023618982124,0.3931090725826935,0.20051210127500999,0.5393721543165173,0.3819179149354489,-0.010079391782067878,-0.22465765845511382,0.03268194881908677,0.9845713013532928,1.1076871020151928,-0.08582181625888596,0.2950334556123309,-0.1174749906381723,0.06250784861632978,-0.11252791797113351,0.24923694523247475,-0.09799270085857663,-0.03677713973799546,-0.10321439720572523,-0.08244011042747733,0.10850058431721031,0.07986413513561384
0.407965360614813,0.019624246982087062,-0.1364551626402248,0.1160996794207884,0.3145311359433443,0.10475855688639557,0.15671699365416322,0.0746344670205516,0.17964156128269637,0.2537412256643747,0.1585200300160305,0.133079578402602,0.14911090885560058,0.22158632367855913,0.2636883593269471,0.20066299270358479,0.17817547852977578,0.10271249911312351,0.21984774080474373,0.5557257827526798,0.27662937396131815,0.1535839957878696,0.30804330031731875,0.24301194083912367,0.4084725950242313,-0.03860090895431554,0.45106355775254625,0.4250297103092409,0.1786673633528344,2.3747441837568353,0.5088379036585526,0.1792234996204951,0.4826479424251388,0.007014632651534959,0.606511223708842,0.9466615427602092,0.8152228166558342,0.39966300668742133,0.3841000125681607,0.3674113708607543,0.6411931247860669,0.30837114959954276,0.7334054984488687,0.2070357144897045,0.23601794909382395,0.753714104159052,0.4898572414502322,0.7180056131886079,0.33186022505359125,-0.37370224335755103,-0.014254419970700523,-0.13170154480570093,0.3225980101709299,0.13936395978611996,0.24742708948816017,-0.061365555592534024,0.13770669620821885,0.024986165003232055,-0.3846221856074446
0.2450444905772139,0.28919388026680465,0.42608485469777574,0.2486316203850972,0.2635006493500565,0.3499807996915936,0.32344524928123614,0.33697526502955794,0.3240970007577552,0.3771750364177105,0.3693221902550773,0.34408382754865746,0.3591882196283518,0.3304584976861376,0.31491331803048755,0.32121142080104864,0.5039716234507232,0.24754318472262324,0.2703837571212043,0.5441177258525888,0.4477934811271981,0.2976913551479267,0.5096766960407391,0.3181736552865813,0.36874331123226406,0.29125429062554564,0.5848951653369269,0.5398554630067955,0.042641133988294326,0.5088379036585526,1.3674752079798647,0.30203613028350595,0.6077762210841308,0.4989344126468158,0.5118455415183089,1.1253942345458905,1.0220113598268843,0.45128650849173907,0.4731097517359078,0.34875891369937356,0.4146398511160655,0.44942919060271613,0.4817721432395333,0.07791593085315911,0.12747395495655714,0.9819642429524262,0.64436313948771,0.5389149432220358,-0.3907607297083858,0.20475978227099015,-0.24816784771488737,0.12748770452154395,0.024688860720404795,-0.04014007815805969,0.2650569578173254,0.019708313888619947,-0.05727344769092617,-0.13249279943094266,-0.21464836628230144
0.3398956625502972,0.3239571746612667,0.5009681926641875,0.24405158629976953,0.3058772504233142,0.49264078057175653,0.4247379147971423,0.4920738713792461,0.37140693533919994,0.4079571586554654,0.4536700072131406,0.4823042257969791,0.47850281938538475,0.5539189607870519,0.40948046367609997,0.5142369675213436,0.4824208354010414,0.36305763596991325,0.36245440992109423,0.5224483181160614,0.3926785534654976,0.4619104603117727,0.18999783788952554,0.3794262297326253,0.3257638625033227,0.5421259089705627,0.49189503853328226,0.401705661727656,0.4368817767604502,0.1792234996204951,0.30203613028350595,0.7878139923787285,0.38878948132617436,0.5239864915219196,0.35506491611960667,0.43091312721913055,0.499832486029495,0.35395737543487904,0.3846423528749007,0.2696459174951068,0.3691083116342365,0.3970423943096356,0.3772629750588236,0.044278903867484266,-0.11955666203655707,0.6970877182794621,0.6199461511506658,0.30879522291750444,0.7340932637809017,0.12605991231650346,-0.03513688250214478,-0.021414033692357434,-0.10286936568458546,-0.008844874659568588,0.15673946245441508,-0.1428911619635368,0.4123332368035263,-0.17463399327741388,-0.2815604460005945
0.4316981113333077,0.31024975159593393,0.3507263428504354,0.28736593200562244,0.3421524648590673,0.36668136749654096,0.311995001746099,0.3829346751442337,0.32796359642088874,0.35692098934805777,0.3587671066478613,0.33368046073253677,0.37650117890479756,0.3979687749218634,0.4044204836700767,0.33573047687595764,0.5536571659804382,0.2648429074253385,0.3569841050830579,0.4930665453033326,0.372185174953742,0.3479108255891579,0.7912967290771586,0.30559414935979445,0.42468743297196876,0.4327030913412928,0.9191642511927347,1.0759076069785223,0.1439060768220802,0.4826479424251388,0.6077762210841308,0.38878948132617436,1.9029516789089687,0.1915766587252526,0.224546622190767,0.309497007328167,1.625355874975821,0.35826674398910596,0.2749933371417043,0.3129908396384688,0.1956795987457939,0.3703857111102199,0.5396582995669293,0.019256914897753646,-0.22349552276438767,0.9692207519238792,0.8968624585524684,0.7027183129273354,0.6424532673366052,0.5198617442537526,-0.3262912257519255,0.3593064722856356,-0.13677417006935155,-0.2239991525984661,0.11192853331389202,-0.10605420887089452,0.08853759690710117,0.06164779865188375,-0.22442642309444819
-0.17474993508746506,0.4719987401482955,0.6361470865883133,0.3411799911982892,0.39216080639769185,0.5962970706401882,0.49878334820188375,0.6616824878237751,0.37581495997610603,0.5495371986697585,0.5239077924301623,0.5017331211786318,0.5968484813566634,0.5472736718476143,0.3215432122274894,0.5588935081963032,0.7147466146385618,0.37760560268607224,0.36458432541562696,0.6908670354329045,0.48266447430279436,0.4759614533264877,0.47774604098723106,0.44165144781020466,0.6166555073836686,0.3898413664298612,0.605408532578655,0.2768301946110468,0.6711095898302878,0.007014632651534959,0.4989344126468158,0.5239864915219196,0.1915766587252526,1.845224646324999,0.6597000291616147,0.5528505380988878,1.0544249065675655,0.42306153117909534,0.684428594446561,0.25608399912663604,0.43428216341013565,0.4990063341763614,0.5029684346907353,0.08570111119708332,-0.29858078506403396,0.9276315985037591,0.9720610331139994,0.3787213275011747,0.7298890110265502,-0.06381594865455495,-0.20273257269158623,-0.2661689021261208,0.42115571552920356,-0.08635175961007444,-0.044613841031025545,-0.01731960902431203,0.044020818498192726,-0.1770241417719446,0.23578010864111604
