0.8028109784095424,0.10352606344621529,0.19726766339067323,-0.022090741121067875,0.007126264800384747,0.01154877826895852,0.17672621414427728,0.0570341174898779,0.08138613378125452,0.1086402274457538,0.07133409209011171,0.10653462236268733,0.06601590137782629,0.10594295123758031,0.07766590741836285,0.08786777377819148,0.0794326154848488,0.11514849040040034,0.06401374632127631,0.03744682160301089,0.08971640275539296,0.08812779836531842,0.023645318822995837,0.07870887880938657,0.10976856880947548,0.05465181909317683,0.08481944457820306,0.04859074831628895,0.11213392742687996,0.09200589798535729,0.14325067647050432,0.07042504860767035,0.1356458112256584,-0.02842386380304287,-0.02897520528817486,0.1039954831914455,0.09360275906906358,0.13171015227670257,0.01238245344862083,-0.006755636896649738,0.005721073970094625,0.0798875029337533,0.06842322850814453,0.015392340223509441,0.15876686964937334,0.18573992291556193,0.16369306908723652,-0.1423578334904443,0.21084577615989702,-0.015999535686045268,0.01706047737257679,-0.05121185055814705,0.03923873931432565,-0.015348727631906861,0.17119091489227292,-0.0484591700094311,0.13045275309126048,0.6537731310352853,-0.8654271309305429
0.10352606344621529,2.6038000163635253,1.0238652071611898,0.01808326291322183,-0.11704683387817698,0.09833674215142386,0.04486602027784937,0.41647143935941705,0.10234459230783129,0.38846372692786074,0.2165340375041039,0.21522280897481497,0.15349088020199395,0.20054854320316307,0.26261884364822025,0.20376285041352485,0.271454791677568,0.5421858763189475,0.17693448578638843,0.44318739953589215,0.2723204620712606,0.1659926860308688,0.27343523237527123,0.2526640473620286,0.4839085416361493,0.11766076045214101,0.2479849608317594,0.09676974709560107,0.47555920975728794,-0.09497565894438144,0.2254517181195348,0.2797781316210187,0.0558063566273433,0.48150477578378303,0.375265258625177,0.538903160946012,0.6453995830384873,0.17607355294193397,0.37498342982373123,-0.24699464569038346,0.27325645816000177,0.25491912147627105,-0.2174001178112645,0.03573926105089302,0.18404141736278526,0.3925542497952089,0.16986188740127156,-0.22109448790109826,-0.3728376512040169,0.4132452746066751,-0.025431555113298476,0.10130803873227562,-0.3738127507220382,-0.10372556507546968,-0.7031423622102962,-0.17739520477337883,-0.16074625287612396,-0.5103376292418018,1.3023850896691365
0.19726766339067323,1.0238652071611898,2.0952685750622093,-0.0011074658164727566,-0.37514244851392653,0.09974179179061671,0.0735343503195725,0.6172993834407137,0.2950150003291418,0.45715919208040023,0.21731763519764868,0.24714254946856298,0.17488608636927944,0.1684192936294701,0.25252717194218816,0.2111921667459939,0.3326397916756121,0.4102487086032678,0.17164444033092813,0.2307426669308275,0.2448087626027404,0.27376264007439305,0.3177295505903493,0.21247684529096003,0.4803733587302501,0.3282678566552621,0.1904757601520175,-0.006345685023111926,0.5141845469542058,-0.41982060864479964,0.21224390047254693,0.22171012865725323,0.1881580970862721,0.44655743193801506,0.2331388479489849,0.5803427209785358,0.690820092245634,0.24583720273542814,0.22468313518846858,-0.7049281462695381,0.2788137158460039,0.21375464206008524,-0.3336682667953043,0.02639710939454468,0.20254846510506738,0.6528985606024943,0.25858169463488756,-0.36179922780260254,-0.5097714329297103,0.3878333356678457,-0.08293352249865174,0.1874250796410413,-0.14382687122348545,-0.24404488443061623,-0.20916143085059197,-0.0184705747448178,-0.042019023445294276,-0.7823064295520347,0.8486973932507759
-0.022090741121067875,0.01808326291322183,-0.0011074658164727566,1.102539891351538,0.3603724015269951,0.2720267683753799,0.26536411858712455,0.07964826939713246,0.13401745640706209,0.14508740193016287,0.21201933147439408,0.23188219265333818,0.1698547310887725,0.23130441543752248,0.1796926929208619,0.2280490492086165,0.16702755367524727,0.13272600960058084,0.05907489506222494,0.1693754629943237,0.1611760716471136,0.1690511340094093,0.07959191453979322,0.11232531866452133,0.16778995677992817,0.2463157897277686,0.16561935919856968,0.11853845281578265,0.22892662901903071,0.051705750059814384,0.1357412595636333,0.1793425722096698,0.07150733294662569,0.2475534152910046,0.17919790485211803,0.17135051244084173,0.1683837745209771,0.13074289488407764,0.0803537050782638,0.19427625276084545,0.036863917168957386,0.17978778668980588,0.09089977036407802,0.10578630525649421,0.11717622419158664,0.09168193277297375,0.15474750393005243,-0.1160221010644199,0.09140322509844413,-0.11203482213964976,-0.012591485231071167,-0.02139718953657766,0.0229358627683437,0.08631863584814779,-0.05730696385069795,0.07626959851727626,-0.1513644644668479,0.010560182719543945,0.10732711943204522
0.007126264800384747,-0.11704683387817698,-0.37514244851392653,0.3603724015269951,1.141389148460316,0.45452839562440167,0.10901627844327984,-0.030941561519192307,0.18074740986763685,0.14967668245348817,0.21605914245697413,0.2011287252390142,0.17307340967128296,0.18682709773672296,0.1930152716985156,0.22227931402464476,0.134683238079845,0.08779279477858645,0.04230970318797417,0.18202135229829836,0.14897099911137143,0.1567498684942795,0.0590420335567574,0.14787127091281854,0.15293667206963604,0.2498217167441991,0.1663223633329093,0.07696432706050164,0.23436250696402958,0.13182559938788121,0.15309189194229347,0.2274523197584825,0.044009131060621556,0.3004035736438534,0.20334038829433262,0.12447416163989372,0.19642095313150762,0.14261319925871888,0.004713162301274471,0.403221990173003,-0.03578861164379109,0.19493936915692833,0.14962170041334033,0.08006771561268512,0.21892766515938974,0.04022705986588772,0.2627654652020578,-0.10008920743500171,0.26883325153248466,-0.38939385366374246,0.2602701430412399,-0.18461065398819296,0.2843519235369395,0.14889417898064777,-0.03572786550580376,0.007368258975680825,-0.04676995488266626,-0.011757823400097676,0.10493775498162142
0.01154877826895852,0.09833674215142386,0.09974179179061671,0.2720267683753799,0.45452839562440167,0.7588194382858339,0.06916974551738397,0.12931267305667882,0.20150762005765369,0.20245859100493108,0.2716691822073661,0.21370265577946934,0.17030984323313325,0.20444721429287593,0.20492549339421884,0.22865573653139817,0.22741370131543986,0.16845155713855461,0.11802773338957169,0.24974324059520062,0.17558867448141213,0.1966459286473109,0.09458864777033262,0.13201190140587302,0.20736457993018592,0.31876224511877066,0.1793423716026426,0.10466388514709289,0.3226969546377824,-0.027055031316479,0.15345105811407225,0.22822484533444917,0.026914982264343763,0.3198080823229863,0.2205736136168123,0.14161313338127351,0.24655698497860715,0.17165259989498508,0.17089329403493322,0.171613836877534,0.043592849922255254,0.19292910373807567,0.1545186600750789,0.0586775554061344,0.13025210982759544,0.10096610162942447,0.3052177135864514,-0.08220198921019148,0.23986652684170184,0.02216589219228826,-0.26026974950526105,0.15775911089137684,-0.14714899343128948,0.07026805629915125,-0.057898355998228235,0.015394645413098974,-0.08547904420769621,-0.06959871953820879,0.1803510711210773
0.17672621414427728,0.04486602027784937,0.0735343503195725,0.26536411858712455,0.10901627844327984,0.06916974551738397,0.6648764844510558,0.06194058217721243,0.21791342275575218,0.18670273825823838,0.1801466971364893,0.24506002327018284,0.14984657675626442,0.15012896788335192,0.10608816612841217,0.21360721946216088,0.20125807220800893,0.14751154267839287,0.0399960385448746,0.10571216154394461,0.1534644825763527,0.19734084639201174,0.0735606876118502,0.11888187781164726,0.1348544109468297,0.271269370112783,0.16224634953237768,0.11001167979548009,0.17992638416433532,0.07455949167125736,0.15453124145506894,0.15022699544051615,0.1672701614742677,0.14803233811026667,0.10291690587463,0.23067698485901145,0.12321753661625673,0.1288697341442676,0.04292744983054793,0.13862459325188375,-0.010880370881699313,0.1727512034368427,0.07010839637222634,0.056227129334565924,0.13296822783736925,0.15871074887450495,0.02626122409087067,-0.17727880311082916,0.32746505727835196,-0.10145984019716922,-0.01287805668411881,-0.0016389449277693228,0.07322351198522659,0.021573633607120057,0.02032160902082837,0.10197399263163531,-0.028073168643768503,0.2811618834779153,-0.49417073306965076
0.0570341174898779,0.41647143935941705,0.6172993834407137,0.07964826939713246,-0.030941561519192307,0.12931267305667882,0.06194058217721243,1.035332817562562,0.005564304011294677,0.29192518776839926,0.3006851687506585,0.23171727649135734,0.20880329279276433,0.20295650009198798,0.2284078312817354,0.22983124677883815,0.3015771061905021,0.33181297164015644,0.24864283369599038,0.2856311983284558,0.2392346297624698,0.14346008716373765,0.25849075996462384,0.16645754010388839,0.2413392509562316,0.2652145939628233,0.1790818852072524,-0.16082066257170674,0.3976446627254989,-0.028310311584371944,0.12764357958079683,0.056226745837702936,0.21280438449018801,0.2851159790832484,0.14515142896417882,0.2182882329330352,0.4292987959516187,0.18967224698905902,0.37745367344853503,-0.09912051531108983,0.21853544227988028,0.19879985098036815,0.08193915144949127,0.010186760503833645,0.07917148273609684,0.34422194372734183,0.44533804635628615,-0.06739227639640283,0.27968612576634866,0.3343455388774954,-0.13047578851295405,0.23035979501187473,-0.07188285996839369,-0.19192740458263025,-0.09847649860695631,-0.06962581742071447,-0.1351037450240209,0.5835139771696801,-0.32730473914808833
0.08138613378125452,0.10234459230783129,0.2950150003291418,0.13401745640706209,0.18074740986763685,0.20150762005765369,0.21791342275575218,0.005564304011294677,0.7041040307590005,0.09975042919204252,0.1150146905395332,0.10500203398715992,0.09009470255790915,0.1591670394846673,0.12219177175122777,0.12565834006960347,0.16966861097074634,0.13106206216609037,0.03519484865061116,0.13003751916817768,0.16584387531782138,0.2904306789777823,0.0833560950397276,0.17284798713111682,0.14222407381358249,0.3875558292539213,0.12913887487438525,0.13732633379944928,0.16596231895962923,0.0057386486632040705,0.21668517022036402,0.26084918834139864,0.20660842991176737,0.14295185800983523,0.08967551179579579,0.2439451512164931,0.29911932896326876,0.1993242656999537,-0.026204425799851758,0.04284787956244922,-0.015168756482918615,0.18537992403880882,0.1025178199686387,0.05840696861742292,0.23638380786768373,0.1879949996133285,0.12295942192771586,-0.16761879331616236,0.17051113063001117,-0.13732782944460167,0.031738009593057934,0.02041857671186229,0.10026109401267334,-0.04134468528515776,-0.031562216934579564,0.07356522187894915,0.02588127339097855,-0.2108141240496346,0.06217179345811677
0.1086402274457538,0.38846372692786074,0.45715919208040023,0.14508740193016287,0.14967668245348817,0.20245859100493108,0.18670273825823838,0.29192518776839926,0.09975042919204252,0.797909452167239,0.28980149670057465,0.26618520609522744,0.1294871976486059,0.15399683467481134,0.2486812554933493,0.2229783439172486,0.3035833017171676,0.31165320821409626,0.12629701292423423,0.16759034486855537,0.15943701952819983,0.18755727349569615,0.2719684595073161,0.17966617918271302,0.34959295316780736,0.20836694301735723,0.18285243455885566,-0.034500537161602694,0.41929971539524225,-0.012732950829457997,0.1645733693287321,0.17912243679822298,0.07291670870767551,0.43655234365129486,0.2920863686098854,0.3710820935692247,0.3611497252591647,0.08227767015093054,0.24338903889258506,-0.012911215566784689,0.21191101822618433,0.18281527649190948,-0.12227118618486159,0.05494083419688311,0.026192942245859604,0.3306565264270988,0.35928515800988503,-0.21055780865811163,0.09787398784971084,0.10052063338798438,0.004473637264730702,-0.04623419026113534,0.0166868693701294,-0.04096216713663324,-0.16846382567977566,0.020151096786818142,0.12376808969160205,-0.30079842005752183,0.22746495235397274
0.07133409209011171,0.2165340375041039,0.21731763519764868,0.21201933147439408,0.21605914245697413,0.2716691822073661,0.1801466971364893,0.3006851687506585,0.1150146905395332,0.28980149670057465,0.4951705059028734,0.27759114236123844,0.2026111334582968,0.18220527679540272,0.22717329708396763,0.2190120438839193,0.2892424781043881,0.18699720858839347,0.11512861739905075,0.26628251996259017,0.18783553375147455,0.16705105706486323,0.1503803889557222,0.176779683047122,0.25657650173344887,0.17689416746531972,0.19764576178138274,-0.02452476402784499,0.3388343120592791,0.04313892544760407,0.1455188351234025,0.17483967265815448,0.14991407536597293,0.3084907906331786,0.17444512709375576,0.2408405890295276,0.28067374476511786,0.1694648399954621,0.21783738626639776,0.1042883368700302,0.10891190814665816,0.1978995434763372,0.028816929543597956,0.038479613582404246,0.06827452583795275,0.26495754159557444,0.2995849915080143,-0.16784155031717282,0.14007085579883582,-0.0011496794042691087,-0.09124372530384776,-0.062388953166423594,0.16512424658835778,-0.011773369197669909,-0.05881475412247452,0.012514148895188787,-0.04893484684835229,0.15809569615436303,-0.11768670217530387
0.10653462236268733,0.21522280897481497,0.24714254946856298,0.23188219265333818,0.2011287252390142,0.21370265577946934,0.24506002327018284,0.23171727649135734,0.10500203398715992,0.26618520609522744,0.27759114236123844,0.5224810618345084,0.18590898050475768,0.1987334059954003,0.1892252170425003,0.23727296598037653,0.24437441087140077,0.13308245303880933,0.09194599627992207,0.18852335651359875,0.15853446114819028,0.155399133251638,0.12457524963477905,0.15162751957517795,0.20478259085778694,0.17570463477520287,0.225804392793747,-0.0033175991791881514,0.22171490027536217,-0.0022497895786882274,0.11431187498193289,0.18371212372571072,0.17284959694641194,0.23768300985760948,0.09807617034346452,0.2597960521501128,0.21863011794844653,0.16333606371444026,0.12552305526472698,0.08600107406128145,0.09518722001551963,0.17668262037273805,-0.023768157528163438,0.03458290591038354,0.008529338709782631,0.24615693286492005,0.2442647219491792,-0.1674632388405725,0.26931459827152304,-0.0404171054960419,-0.07981652159152887,-0.005266930170990954,0.14594764818897968,-0.02289656934217289,-0.03567369460081889,0.05008179138023918,-0.08800035489440912,0.14478629836098522,-0.18825698753789438
0.06601590137782629,0.15349088020199395,0.17488608636927944,0.1698547310887725,0.17307340967128296,0.17030984323313325,0.14984657675626442,0.20880329279276433,0.09009470255790915,0.1294871976486059,0.2026111334582968,0.18590898050475768,0.34895777173591475,0.14084467942168527,0.10953522990327211,0.15519859953420403,0.1543238476867342,0.13094210447316917,0.08864553649764773,0.15823687747066306,0.124823582223204,0.143370770769249,0.10696883609702694,0.1468244569963699,0.2063702145644562,0.19773722347329742,0.1584171749036015,-0.019191773851303745,0.29113098535887727,0.030065641581092806,0.09530285884864012,0.13615123412654884,0.1298266442826266,0.21565977557390603,0.16594233709353748,0.17162667178981356,0.21204539139304004,0.07682605890784137,0.1515136753984746,0.04185463399646277,0.06415051747483387,0.13839229767278527,0.0025121751881864,0.035068332259327976,0.007778747764965292,0.20286348618683078,0.2031813184294869,-0.12550623886347587,0.224906615486598,0.03679781911914542,-0.05544826970719914,-0.02258627015245996,0.09969435331215563,-0.04786435465199976,-0.018895710452340245,0.0034914801333870917,-0.017115713146248705,0.06888359779785141,-0.08979341225918314
0.10594295123758031,0.20054854320316307,0.1684192936294701,0.23130441543752248,0.18682709773672296,0.20444721429287593,0.15012896788335192,0.20295650009198798,0.1591670394846673,0.15399683467481134,0.18220527679540272,0.1987334059954003,0.14084467942168527,0.5233597278395384,0.23677692064176858,0.2308625242268532,0.1834564340531167,0.11090986541166437,0.07822448522759218,0.22472157188525124,0.16220477339626138,0.14777183600921848,0.07267498569609337,0.14787966680656275,0.13706108449025145,0.1905751332830439,0.17013635058107598,0.10260350229917278,0.2306254308042072,0.07157355832098607,0.16697474043488228,0.17545666960472797,0.11534868549382966,0.20858558952122722,0.15057413125234675,0.18118972699644761,0.28359182928664584,0.14641472021281066,0.08424757726749445,0.06733211951845398,0.14696506802637072,0.1774799473830337,0.0856635504238192,0.05196988136971818,0.10429852883056405,0.1363209153221697,0.27628746766988393,-0.08407472091820382,0.3396022578213897,0.011489462084348373,-0.01852895500814796,-0.0021218572720050244,-0.04535527721426955,0.017241254235454046,-0.07532833740085491,0.02102194265748849,-0.1770950794642811,0.32061501206945614,-0.06801775903153079
0.07766590741836285,0.26261884364822025,0.25252717194218816,0.1796926929208619,0.1930152716985156,0.20492549339421884,0.10608816612841217,0.2284078312817354,0.12219177175122777,0.2486812554933493,0.22717329708396763,0.1892252170425003,0.10953522990327211,0.23677692064176858,0.5985197250988907,0.12247248977724141,0.1790190358944904,0.20836799201137332,0.13755224383380396,0.23573907811671668,0.18364169849473083,0.09428472812323037,0.17604563087931013,0.17470592292732262,0.2305037385084532,0.1066757852987679,0.1499764904999169,0.06716419294226897,0.2462737375281594,0.1366760653665132,0.148912970324118,0.17601040932990802,0.1488141915517341,0.23949757530928875,0.12045785191491974,0.27292602779310804,0.3380214990477977,0.1650969677605856,0.22137591650091576,0.006095652750757167,0.2080819558769546,0.17704992108346887,0.11366621696633167,0.047131580398287735,0.1163249666777881,0.2487469364996092,0.22989229645151696,-0.10056656205223043,0.10323636014133959,0.21824468046747902,-0.07623280919102077,0.16369650969931096,-0.14578516126360974,-0.0850105693689382,-0.06946314091516567,0.03248809016743583,-0.11793703651280983,0.18623194012226243,-0.07152303244690432
0.08786777377819148,0.20376285041352485,0.2111921667459939,0.2280490492086165,0.22227931402464476,0.22865573653139817,0.21360721946216088,0.22983124677883815,0.12565834006960347,0.2229783439172486,0.2190120438839193,0.23727296598037653,0.15519859953420403,0.2308625242268532,0.12247248977724141,0.5158038719755936,0.23145781611514887,0.1486753064086886,0.12911204371530066,0.14686661860252959,0.1613180539259034,0.2635909842931499,0.09722981936198682,0.12119399065880143,0.14995052730608954,0.22382822317268464,0.1999300553929471,0.04859097073448352,0.28973020656850007,0.014850171922114215,0.15477070275798438,0.14219083151861803,0.09499153734797718,0.250143058994773,0.2175875972405843,0.18670928346183807,0.23404048773919373,0.13308778637730612,0.1389030088237448,0.14068007322751494,0.07408738119261579,0.19125768048350703,0.06747548656965231,0.048667437713132825,0.12254945877010281,0.16376611244312153,0.2678205264740101,-0.13127768561836448,0.19298040133408303,-0.1255590928185385,-0.03570073660269246,-0.034350083059448255,0.08438020910586541,0.03298044354841923,-0.032443945540628294,0.031526779274040774,-0.09117351639519931,0.11852108484482199,-0.05150828716439292
0.0794326154848488,0.271454791677568,0.3326397916756121,0.16702755367524727,0.134683238079845,0.22741370131543986,0.20125807220800893,0.3015771061905021,0.16966861097074634,0.3035833017171676,0.2892424781043881,0.24437441087140077,0.1543238476867342,0.1834564340531167,0.1790190358944904,0.23145781611514887,0.5335824699825781,0.15328313077388722,0.19341004382912694,0.2549191550351444,0.20214749769457718,0.23754891852600982,0.15219808579112326,0.21207167634195448,0.25252372315780686,0.05916904800938582,0.18877221360123278,0.018715409549667182,0.25797611517583846,0.08579649568090594,0.18436763107159523,0.17858944896076848,0.2556844784748398,0.24683109891099755,0.10423509938388419,0.2628439897493805,0.39512709787956607,0.26493031774277825,0.20206504111699955,0.04792855748836798,0.18391102392539918,0.20013252623617148,0.08650606361909718,0.05503573323068157,0.12401368669796256,0.2977226045156951,0.3231775437259341,-0.15786528002000094,0.08520223823474239,0.14896631215618647,-0.04701733984465379,-0.05243703917171357,0.0459150079721788,-0.061296444140571206,-0.04572890004986429,-0.012572456811504047,-0.038216536286015956,0.04936668509717403,0.009947709845453824
0.11514849040040034,0.5421858763189475,0.4102487086032678,0.13272600960058084,0.08779279477858645,0.16845155713855461,0.14751154267839287,0.33181297164015644,0.13106206216609037,0.31165320821409626,0.18699720858839347,0.13308245303880933,0.13094210447316917,0.11090986541166437,0.20836799201137332,0.1486753064086886,0.15328313077388722,0.6427909131523897,0.10425702047852026,0.14004280109032702,0.21747544480479364,0.16285614070147914,0.3878242237158482,0.16318163533501492,0.3333610273612835,0.3273553296869412,0.09892289911865991,-0.022950938773491764,0.37387893609334966,-0.01230882921272533,0.22825411059307868,0.08569579043840325,0.13848686867553864,0.30123353938317177,0.21460204575585737,0.3191148322242554,0.36501406184739665,0.11256469963671484,0.26640529427005344,0.027512489284130442,0.09932487280807578,0.1970649279340932,0.11689879487468496,0.05824813283868109,0.24241201816229052,0.26993712806299697,0.2783722046860646,-0.14804328684429227,0.08708344634884525,0.26434512167930396,0.12110586293852114,0.12175731645660468,-0.40956013704269534,-0.09603692914306104,-0.13983520770831626,-0.05617241821395122,0.03592825958322311,0.20015775091956045,-0.13003210400207466
0.06401374632127631,0.17693448578638843,0.17164444033092813,0.05907489506222494,0.04230970318797417,0.11802773338957169,0.0399960385448746,0.24864283369599038,0.03519484865061116,0.12629701292423423,0.11512861739905075,0.09194599627992207,0.08864553649764773,0.07822448522759218,0.13755224383380396,0.12911204371530066,0.19341004382912694,0.10425702047852026,1.1548483521249213,0.06496991108020421,0.23515205601740205,0.18470024598063262,-0.13249970963182697,0.19007442342627415,0.021718818524979124,-0.13918932597611033,0.06172357619478698,0.2452407480061069,-0.11584011124670078,0.38677710802625165,0.19988724256023144,0.04954879866808456,0.4429908236929883,-0.13865015943786485,-0.14202405730851614,0.2226221831751901,0.3326502035234184,0.41070931813711015,0.48407834248781634,-0.007008517811150931,0.38992476132697007,0.14744117442799182,0.2961658682064207,0.03819996360968784,0.223709840124968,0.252662102036213,-0.018968532457104885,0.1073177966905019,-0.3161441860728874,0.5432725790740911,-0.10623570051681322,0.05385360071235893,-0.12784953685404907,-0.18816071990512204,-0.1175518041469859,-0.05990763641202552,0.006452538044915521,0.28850809876337885,-0.12432315966818681
0.03744682160301089,0.44318739953589215,0.2307426669308275,0.1693754629943237,0.18202135229829836,0.24974324059520062,0.10571216154394461,0.2856311983284558,0.13003751916817768,0.16759034486855537,0.26628251996259017,0.18852335651359875,0.15823687747066306,0.22472157188525124,0.23573907811671668,0.14686661860252959,0.2549191550351444,0.14004280109032702,0.06496991108020421,0.8724598317398115,0.1597215438854066,0.07130294211220038,0.1583031092506824,0.2627546917984257,0.4116944932376442,0.17372110613430877,0.28093310806185434,0.0008668176697651899,0.4392938708370567,0.1935961020008337,0.12369016368466955,0.3298349375514656,0.02404851541970611,0.4682474725398333,0.2554406250750195,0.28631771803742745,0.5424284205547517,0.2890371243623744,0.5024794261407511,0.09547436207876155,0.10379954698487893,0.228487432791872,0.153119037907684,0.044569783926433015,0.28903296761180103,0.24081118240555158,0.28965743834638347,-0.060232098750872376,0.3816272866295755,0.07048840262605785,-0.21310513034544387,0.0005965628058045684,0.16896462107775437,-0.05287059389612315,-0.14375026201404892,-0.03236001764175098,-0.06983909870864524,0.1310309662737977,0.06166932295935696
0.08971640275539296,0.2723204620712606,0.2448087626027404,0.1611760716471136,0.14897099911137143,0.17558867448141213,0.1534644825763527,0.2392346297624698,0.16584387531782138,0.15943701952819983,0.18783553375147455,0.15853446114819028,0.124823582223204,0.16220477339626138,0.18364169849473083,0.1613180539259034,0.20214749769457718,0.21747544480479364,0.23515205601740205,0.1597215438854066,0.44967421134005703,0.16660910814233765,0.19146620479120932,0.21077377228554336,0.19523426325486573,0.10221967798320586,0.11312423860559961,0.08575207272263224,0.16961810501522423,0.2335444411812337,0.21342375412672407,0.0900178630694138,0.38090230061227215,0.09663489802389993,0.02385309112788274,0.34392556324581675,0.42621554923552024,0.436873029729605,0.1985372175699494,0.17344960373210444,0.21714291716855136,0.34141587067034546,0.384710449222579,0.07084425506964616,0.446970624291635,0.2967636082527368,0.2561480088695858,-0.18719846537120458,-0.06512561805586235,0.12781711139046648,-0.022124145596126302,0.02215953458466883,-0.0016769979448255988,-0.06652856296462872,-0.06359142986631179,-0.02678527198322661,-0.0896375876319778,0.19727425849328034,-0.07591861332999703
0.08812779836531842,0.1659926860308688,0.27376264007439305,0.1690511340094093,0.1567498684942795,0.1966459286473109,0.19734084639201174,0.14346008716373765,0.2904306789777823,0.18755727349569615,0.16705105706486323,0.155399133251638,0.143370770769249,0.14777183600921848,0.09428472812323037,0.2635909842931499,0.23754891852600982,0.16285614070147914,0.18470024598063262,0.07130294211220038,0.16660910814233765,0.6805750374796893,0.1288576566514256,0.14946515340145697,0.14242894198446698,0.23323080170999522,0.15528275885672332,0.029386767669714296,0.17494290655288708,-0.028236411213092758,0.20802777114809884,0.27838185482091743,0.13357080387779752,0.21857839055118297,0.0884516755675514,0.19811380109969445,0.1655284889852166,0.22964684402735697,0.22304502157867376,0.09116179807103185,0.08998324342914044,0.16710799836165324,0.044733043644152835,0.07505592898930083,0.10886834944001407,0.20138945173800696,0.20956673258195876,-0.13195394277548808,0.04637337299226164,0.023776895030266934,-0.03794474622450369,-0.12796795089750987,0.08287114125538889,-0.021855261714942797,-0.025437774968577107,0.04745637033793928,-0.008876385608971351,-0.012854916406193549,-0.04872024378891627
0.023645318822995837,0.27343523237527123,0.3177295505903493,0.07959191453979322,0.0590420335567574,0.09458864777033262,0.0735606876118502,0.25849075996462384,0.0833560950397276,0.2719684595073161,0.1503803889557222,0.12457524963477905,0.10696883609702694,0.07267498569609337,0.17604563087931013,0.09722981936198682,0.15219808579112326,0.3878242237158482,-0.13249970963182697,0.1583031092506824,0.19146620479120932,0.1288576566514256,1.2013327284887492,0.31277460316248706,0.7055462071954751,-0.006079713331699303,0.05173625937771603,-0.6999303374760836,0.5916356387934614,0.3466695148787021,-0.16529486896634232,-0.09047047236874374,0.3340277908217651,0.3924684746060822,0.14600865937582352,0.5581942059431902,0.46484987590733495,0.16193172074057505,0.4918755176321695,-0.05414671405211573,0.4019322991098781,0.16635965164968625,0.17071875569913253,0.1388117595507618,-0.1307012901585844,0.4543826296556897,0.3777307522177424,-0.1984522429639216,0.191959892462359,0.2786415894934185,-0.1476871387907206,-0.026554117245745107,0.09085612194290696,-0.1330929647174216,-0.09242408288453695,-0.08836189314639359,0.005109206938245015,-0.24272166880653243,0.3167470218042947
0.07870887880938657,0.2526640473620286,0.21247684529096003,0.11232531866452133,0.14787127091281854,0.13201190140587302,0.11888187781164726,0.16645754010388839,0.17284798713111682,0.17966617918271302,0.176779683047122,0.15162751957517795,0.1468244569963699,0.14787966680656275,0.17470592292732262,0.12119399065880143,0.21207167634195448,0.16318163533501492,0.19007442342627415,0.2627546917984257,0.21077377228554336,0.14946515340145697,0.31277460316248706,0.862943396629732,0.363543140861332,-0.2156503809986098,0.21131015648710225,-0.027038320256841327,0.04129428823211224,0.5189334600140093,0.2523362161134054,0.6452742087757882,0.729756121158552,0.186921109441992,-0.0035690346457178993,0.4500102225372151,0.6103344572594516,0.43339396839042676,-0.038186929807540605,-0.022714751129768493,0.28693267085653296,0.25065401221721145,0.14735726820172965,0.10310679997413741,0.016023605954100236,0.47834694761141744,0.3376039674335549,-0.30609490683766455,0.28280258585232354,-0.022927707594686157,-0.07564573194524588,-0.05518215673001112,0.3342647448691953,-0.12079173011399154,-0.16336917217293018,-0.18895248065624834,0.15510387711210516,-0.07782290347155509,0.12853572070900435
0.10976856880947548,0.4839085416361493,0.4803733587302501,0.16778995677992817,0.15293667206963604,0.20736457993018592,0.1348544109468297,0.2413392509562316,0.14222407381358249,0.34959295316780736,0.25657650173344887,0.20478259085778694,0.2063702145644562,0.13706108449025145,0.2305037385084532,0.14995052730608954,0.25252372315780686,0.3333610273612835,0.021718818524979124,0.4116944932376442,0.19523426325486573,0.14242894198446698,0.7055462071954751,0.363543140861332,2.540477082125671,0.3143561801498914,0.23996719260186639,-0.26406052560308696,1.247184571732994,0.559472496766819,-0.25172645133204624,0.23843063146012802,0.03506519158223259,0.8971954267642317,0.42216205934225814,0.8209753046510799,0.6774162986316988,0.536857295599317,0.5501438625825285,0.045715942154589635,0.4022940814195657,0.2855260488525235,0.3106325088192875,0.10843749314575105,0.34198667742242345,0.792608299037207,0.5150343835596468,-0.7307156066457319,-0.37953348227708966,-0.0663029106751411,-0.19469481952707232,-0.1692592873062988,0.41543918713629757,-0.05478861986186502,-0.17716303374777445,0.05627388173235087,-0.0021763925605184373,-0.2406413290003124,0.21560443082471695
0.05465181909317683,0.11766076045214101,0.3282678566552621,0.2463157897277686,0.2498217167441991,0.31876224511877066,0.271269370112783,0.2652145939628233,0.3875558292539213,0.20836694301735723,0.17689416746531972,0.17570463477520287,0.19773722347329742,0.1905751332830439,0.1066757852987679,0.22382822317268464,0.05916904800938582,0.3273553296869412,-0.13918932597611033,0.17372110613430877,0.10221967798320586,0.23323080170999522,-0.006079713331699303,-0.2156503809986098,0.3143561801498914,1.9717186597637666,0.16484474016460815,0.29975791466979224,0.8409261761480173,-0.672191649364342,0.147840999147049,0.0632562538966154,-0.33285961506260253,0.520922370505974,0.4868550270755151,0.12191064713401116,0.19173286890888028,-0.17909339838679902,0.004017608418280246,0.2715752132446983,-0.4682461335936527,0.22206235507082706,-0.030333588841822117,0.00292988236770085,0.6101450157067525,-0.11356328169495983,0.2286221297931216,-0.12480063244839647,0.7826321223629065,-0.12584276839936762,0.17389654786539233,0.1620092581326783,-0.5230561494137128,0.09061593877795848,0.03241013542273447,0.1281414459208175,-0.03784831957635495,-0.047735875622291916,-0.09232215473738674
0.08481944457820306,0.2479849608317594,0.1904757601520175,0.16561935919856968,0.1663223633329093,0.1793423716026426,0.16224634953237768,0.1790818852072524,0.12913887487438525,0.18285243455885566,0.19764576178138274,0.225804392793747,0.1584171749036015,0.17013635058107598,0.1499764904999169,0.1999300553929471,0.18877221360123278,0.09892289911865991,0.06172357619478698,0.28093310806185434,0.11312423860559961,0.15528275885672332,0.05173625937771603,0.21131015648710225,0.23996719260186639,0.16484474016460815,0.44069161713991517,0.09343520456600851,0.21044076696210248,0.04474218611965292,0.1735260982869043,0.5065286983267145,0.038610016565237396,0.2667210214099071,0.12300964402465098,0.24675804655592168,0.26064322102842125,0.16405864239862394,0.1112979669716872,0.08701967331080927,0.11689748630687992,0.16365801078546865,0.01185809781337429,0.03876286823250069,0.07921980171686656,0.22550755145056256,0.2488510745608733,-0.1383974111541183,0.3077159606634714,-0.048496504348062026,-0.08282272976259908,0.03198643057112936,0.1358191033984007,-0.01919319522781598,-0.08725187517655987,0.0534636146183812,-0.027614937744965613,0.20651047299913539,-0.21657262122784046
0.04859074831628895,0.09676974709560107,-0.006345685023111926,0.11853845281578265,0.07696432706050164,0.10466388514709289,0.11001167979548009,-0.16082066257170674,0.13732633379944928,-0.034500537161602694,-0.02452476402784499,-0.0033175991791881514,-0.019191773851303745,0.10260350229917278,0.06716419294226897,0.04859097073448352,0.018715409549667182,-0.022950938773491764,0.2452407480061069,0.0008668176697651899,0.08575207272263224,0.029386767669714296,-0.6999303374760836,-0.027038320256841327,-0.26406052560308696,0.29975791466979224,0.09343520456600851,1.9849733990798226,-0.40483827159439745,0.09134152765998023,0.30968684571208593,0.30263389066672863,-0.09494384328920508,-0.16187512557013392,-0.21411005986516182,0.4869460390234918,0.05721187245127214,0.3701261349303387,-0.3648681744268525,0.2432080076983042,-0.17307899202755048,0.13650262904637664,0.6298627979781921,0.2533924523608913,0.925205256780873,-0.30870552156577036,-0.3008235978726629,-0.058540386033847695,-0.18851057635435575,-0.5101586892244815,0.3758017437218875,0.6754891668102653,-0.8525422601314271,0.14226645986328013,-0.13863166449261521,0.07537906259111857,0.01689209029951579,0.06279669790713155,-0.08307219981758686
0.11213392742687996,0.47555920975728794,0.5141845469542058,0.22892662901903071,0.23436250696402958,0.3226969546377824,0.17992638416433532,0.3976446627254989,0.16596231895962923,0.41929971539524225,0.3388343120592791,0.22171490027536217,0.29113098535887727,0.2306254308042072,0.2462737375281594,0.28973020656850007,0.25797611517583846,0.37387893609334966,-0.11584011124670078,0.4392938708370567,0.16961810501522423,0.17494290655288708,0.5916356387934614,0.04129428823211224,1.247184571732994,0.8409261761480173,0.21044076696210248,-0.40483827159439745,2.7644123165536554,0.006366933949028307,-0.36138922943818963,-0.017796245985044094,-0.2604419189801249,1.0569614255396933,0.5352814224218546,0.5429667040955832,0.6385151093998725,-0.290971262730613,0.40439769622426097,-0.03061702020175273,-0.015680629202803772,0.22880278919818214,-0.1995183896594132,-0.0878227703809353,0.2364598701021172,0.46024733033950854,0.7775836214002259,-0.5260404143189656,0.9611366685889995,0.04559604279693438,-0.057976116805995244,-0.06557031198387926,-0.02670093474300543,0.030718549723882004,-0.015782260787781617,0.033984198528342974,-0.15003200604699674,-0.0028625200773370234,0.1683315328803895
0.09200589798535729,-0.09497565894438144,-0.41982060864479964,0.051705750059814384,0.13182559938788121,-0.027055031316479,0.07455949167125736,-0.028310311584371944,0.0057386486632040705,-0.012732950829457997,0.04313892544760407,-0.0022497895786882274,0.030065641581092806,0.07157355832098607,0.1366760653665132,0.014850171922114215,0.08579649568090594,-0.01230882921272533,0.38677710802625165,0.1935961020008337,0.2335444411812337,-0.028236411213092758,0.3466695148787021,0.5189334600140093,0.559472496766819,-0.672191649364342,0.04474218611965292,0.09134152765998023,0.006366933949028307,3.0232443114880962,-0.17640269658006344,-0.05901308863737267,0.5860130078800917,-0.5176441422537759,0.10630166333703771,0.6311237156134802,0.9154885727649852,1.0639319665146036,0.18273191923811327,-0.3464797398235143,0.9758677175546261,0.20395989264930106,2.2066997837919016,0.19389470969362715,1.0284571388137624,0.5088266215433042,0.2640944572932489,-0.187683398927851,-0.08164907882253634,0.03190482833695344,-0.251293913470194,-0.35783142496846193,0.7195402126899045,-0.1419689476366963,0.09707042955339285,-0.1571897247268092,0.04393224738208438,0.5610584274255851,-0.5230123438962728
0.14325067647050432,0.2254517181195348,0.21224390047254693,0.1357412595636333,0.15309189194229347,0.15345105811407225,0.15453124145506894,0.12764357958079683,0.21668517022036402,0.1645733693287321,0.1455188351234025,0.11431187498193289,0.09530285884864012,0.16697474043488228,0.148912970324118,0.15477070275798438,0.18436763107159523,0.22825411059307868,0.19988724256023144,0.12369016368466955,0.21342375412672407,0.20802777114809884,-0.16529486896634232,0.2523362161134054,-0.25172645133204624,0.147840999147049,0.1735260982869043,0.30968684571208593,-0.36138922943818963,-0.17640269658006344,1.4784907711031894,0.552944030512425,0.2682647029193694,0.0455321057145807,0.3850584224351019,0.1257687333814177,0.3089789867885159,0.03455742588305137,-0.1309088049387373,0.11479351336164074,-0.26640701700304026,0.22741218394475762,-0.3295100307425422,0.06722461252562573,0.33741214268235753,0.13139235172240815,0.22402981018238335,-0.10880537389725464,-0.19002749341879846,-0.04574745678261512,0.22588630301597168,0.013639293589954651,-0.16298301359492517,-0.028217813904911144,-0.024913868076530826,0.014847645111011082,0.14269469409386196,0.2648964932799239,-0.4130458563177566
0.07042504860767035,0.2797781316210187,0.22171012865725323,0.1793425722096698,0.2274523197584825,0.22822484533444917,0.15022699544051615,0.056226745837702936,0.26084918834139864,0.17912243679822298,0.17483967265815448,0.18371212372571072,0.13615123412654884,0.17545666960472797,0.17601040932990802,0.14219083151861803,0.17858944896076848,0.08569579043840325,0.04954879866808456,0.3298349375514656,0.0900178630694138,0.27838185482091743,-0.09047047236874374,0.6452742087757882,0.23843063146012802,0.0632562538966154,0.5065286983267145,0.30263389066672863,-0.017796245985044094,-0.05901308863737267,0.552944030512425,2.3487128296970856,-0.18049003356009427,0.42071754525492466,-0.13333438949413487,0.3936013518027764,0.23121770985057083,0.10465636455116732,-0.19452769833088746,-0.010458185912231582,0.3312771950903559,0.19173661402167597,-0.33929567553014106,0.05169690794405609,-0.12843768310973455,0.26604476880135103,0.36710573749109315,-0.10908581211058511,0.3989052809594459,-0.1872103162629095,0.017578494712657478,0.09071144664279698,0.23364829319635497,-0.050765561563470944,-0.4293102437128561,0.1634727771479174,0.07882653171323671,0.026547281425965723,-0.14291073417930503
0.1356458112256584,0.0558063566273433,0.1881580970862721,0.07150733294662569,0.044009131060621556,0.026914982264343763,0.1672701614742677,0.21280438449018801,0.20660842991176737,0.07291670870767551,0.14991407536597293,0.17284959694641194,0.1298266442826266,0.11534868549382966,0.1488141915517341,0.09499153734797718,0.2556844784748398,0.13848686867553864,0.4429908236929883,0.02404851541970611,0.38090230061227215,0.13357080387779752,0.3340277908217651,0.729756121158552,0.03506519158223259,-0.33285961506260253,0.038610016565237396,-0.09494384328920508,-0.2604419189801249,0.5860130078800917,0.2682647029193694,-0.18049003356009427,2.3986703566359076,-0.5782249503567675,-0.7868668300191061,0.26014863665491084,0.8691709182071887,0.9106972171181829,-0.41260595614950213,0.15993646571051467,-0.09224335902133689,0.34173196992564503,0.5113102076278565,0.11638826087597907,0.016356655097649657,0.6780405742720865,0.2374977876303671,-0.5355287976908317,0.19529736297273564,0.11876208353492775,-0.04018132680713019,-0.03885890995253193,0.2534685163938082,-0.22702358531036895,0.10511596741454528,-0.14253995858635315,0.06562490898481908,0.23726008746786997,-0.31411126900417585
-0.02842386380304287,0.48150477578378303,0.44655743193801506,0.2475534152910046,0.3004035736438534,0.3198080823229863,0.14803233811026667,0.2851159790832484,0.14295185800983523,0.43655234365129486,0.3084907906331786,0.23768300985760948,0.21565977557390603,0.20858558952122722,0.23949757530928875,0.250143058994773,0.24683109891099755,0.30123353938317177,-0.13865015943786485,0.4682474725398333,0.09663489802389993,0.21857839055118297,0.3924684746060822,0.186921109441992,0.8971954267642317,0.520922370505974,0.2667210214099071,-0.16187512557013392,1.0569614255396933,-0.5176441422537759,0.0455321057145807,0.42071754525492466,-0.5782249503567675,2.0314773838269495,0.7859541315571311,0.41640302121118705,0.4334808280941273,-0.27737572564670554,0.4540288937755993,0.06611471565414738,-0.009656241256728213,0.2522453294355428,-0.5581374331215719,0.08065547464209344,-0.09374388985722971,0.16448956095495834,0.6115999653748773,-0.22294164344906212,0.46649871827501477,-0.1710055474287004,-0.046364567162531845,-0.13116068465024158,0.15641486910270538,0.07713213284974335,-0.24429278107457203,0.11286847187070134,-0.1570072890171367,-0.36598844410049547,0.5571856507349141
