0.34514815219987033,0.07945600936290974,0.14189503636775852,0.02616094050916797,0.06632388257449491,0.042818164719827634,0.05512111742247927,0.02986449101007827,0.05512698802578335,0.03231437853733816,0.03541779357363224,0.05166685087049541,0.013614474607358264,0.046373109082108795,0.03998017449005571,0.033802966310714035,0.018273788029882682,0.04894903219751702,0.024132832011310886,0.01293217866501335,0.04761168164561328,0.06204397045221611,0.028049399215452037,0.015102282492398873,0.038932677858579665,0.023998546571647558,0.024962878051798615,0.006641990706035302,0.033639217236888015,-0.0027785198250957787,0.040560887262930126,0.04001563075409221,0.020210620653201578,-0.019231531529347284,-0.0010182542026503903,0.017617488687756734,0.014730008081340404,0.0770973275524982,0.02392411489523135,0.007251098114135223,0.037188551565120964,0.028551557902101062,0.038575018187737564,0.05839715104398961,0.052469255500265544,0.046884512296533926,0.044767777101697485,-0.0066227988584573235,-0.004735442260261095,-0.016341360417440456,0.010982147704815145,-0.0003876107572258484,0.02732447953974576,-0.007816221500568777,0.029128266742108902,-0.0046482000020777875,0.022827332503904174,0.051590551113444065,-0.0650745262010602
0.07945600936290974,1.4954779223567427,0.3795580675166871,-0.15013450818900073,0.031188193993285852,0.1664916026195877,0.055678980756562566,0.11316184833926031,0.1216537115854603,0.05347939752335222,0.10903414843148158,0.08472566828134831,0.047097519015721914,0.04365812392104621,0.16852866815922257,0.03693744328776029,0.10368014407160761,0.21394602085229103,-0.0038298507785607568,0.11723047090999203,0.14058459877053875,0.05761708505099978,-0.11367743584989223,0.012239702694919622,0.06923860513091139,0.16383395235786583,0.09292340002706354,0.17221007797514645,0.1617263484649113,-0.07104039349712783,-0.0033948838079725756,0.04736474855269016,0.0836614094393919,0.12777874547377668,0.10163017088283066,0.02328785503185445,0.18512165695431487,0.1301944972594553,-0.039619157721428225,0.009291849015186149,0.07339815435519276,0.082629630672279,0.15792924866724856,0.02247623912675497,0.22309036791051642,0.10412062377327103,0.07600952118373373,-0.0024634040778582045,-0.14583650348564808,-0.14217447938316036,0.25927573688181366,0.1508528963792239,-0.14351866971874572,-0.053648499383064985,-0.2946264205326543,-0.08969669920126691,-0.14786658181483675,0.24879624897082517,0.20589763462188665
0.14189503636775852,0.3795580675166871,1.5321109357523832,0.0906143128368855,-0.14948291884123913,0.15560458183753292,0.05969068670746613,0.21642160499114405,0.30387861487066925,0.2321991734017889,0.20058602348425938,0.12755137164987335,0.0493953763288244,0.09136657423896229,0.19347934073770454,0.0705504996079226,0.24814086248103126,0.10505471867936492,0.1930520090729155,0.12668464536775087,0.08433356041223983,0.25656982902759007,0.014180085456572906,0.1249087028845289,0.14488130301098096,0.1582467278298975,0.07973791656097326,0.11321598792370022,0.22590155073665125,-0.4256884208706422,0.1311936383882547,0.08859030160211832,0.1526826131321489,0.2599105817456901,0.07862740990711081,0.16386567095435414,0.1611728790051703,0.2419877231277685,0.11161016480098195,-0.21480263821310971,0.11852841008770904,0.14130949113096547,0.05817192279457081,0.1148382468822242,0.19211038612036685,0.3215680495234567,0.18639105885167215,-0.02562107282377822,-0.21318213241747624,-0.037834969304098444,0.016918961891513158,0.20038656936299468,0.05757574127374689,-0.201725774817939,-0.14221378291810952,0.1588819896576678,-0.03782850144842189,-0.023492356931820467,-0.2797101672412699
0.02616094050916797,-0.15013450818900073,0.0906143128368855,1.731085931351701,0.3504040303078695,0.2865904302466861,0.2425171984357816,0.2435565542051491,0.07985553784037118,0.21244670362469784,0.17423822795143193,0.2851756555117093,0.06274128566643908,0.2889493316364117,0.11623434651129759,0.24150738135938848,0.16502107280271125,0.20066431129275025,-0.009112339446119238,0.07913434474275041,0.21492150601891233,0.23930530140923603,0.20052261989465714,0.07103535369131647,0.1700150734214871,0.10797585789697041,0.08962639736237356,0.008865643522568157,0.15720701968106285,-0.055740015399393945,0.08564638974379771,0.18112372537844088,0.08500608861927947,0.25572822555447133,-0.050235095962986746,0.1863252041513969,0.06595557106401102,0.146213562943956,0.12825454148737642,0.1027493322593168,-0.00524677854954851,0.12015028540363738,0.05928208146077616,0.14000770301623844,0.018423216416481453,0.08971811410676055,0.1640480021652224,-0.001719474105871112,0.07825274531848235,-0.05838618659399243,0.013552643905743436,0.1758847548147599,0.01011762454919113,-0.07442154669221011,-0.3626420254877169,0.07775225451407794,-0.042091542179592614,0.34354304608968206,-0.3279706313041585
0.06632388257449491,0.031188193993285852,-0.14948291884123913,0.3504040303078695,1.3545325793086256,0.19047602145053893,0.11422813946736218,0.16413198644467505,0.04080924083482809,0.10719560319181284,0.11254895922856986,0.18211803199479576,0.07195427254730219,0.1366539089487895,0.10540265550161232,0.17011333120451005,0.04213216637443154,0.13629311725896784,0.025129073031135915,0.08693073969283831,0.09081599611617548,0.09057426781420742,0.13474852714265803,0.07687724745126794,0.09713528274639534,0.14911845517958006,0.05298779548263315,-0.06422965209543086,0.11199981081710324,-0.05260541646170349,0.08098898197931484,0.13759440017399763,0.05750456060012283,0.13658676442250986,-0.12227103716272966,0.13717954413373684,-0.0023766274388919858,0.014875042254006147,0.08524586207863773,0.099227497827661,-0.021065809774892152,0.1310511114659611,-0.10721024662370604,0.03145147711091717,-0.08942564620349089,0.030421571133527024,0.06822850494773994,0.014133615858827437,0.03684779488731653,-0.056912654577847256,0.1228633955946248,0.02256190865691348,0.10507764703720793,-0.0473497118850191,-0.009687505117313816,-0.0668182164282467,-0.03329073591966283,0.12402766103590294,0.06862891653539112
0.042818164719827634,0.1664916026195877,0.15560458183753292,0.2865904302466861,0.19047602145053893,0.5943346959986273,0.09533443844897962,0.22541319248818936,0.07040445158243597,0.12819085895155657,0.16838783806414812,0.1543519857556905,0.07179046500423657,0.16683748254232414,0.16704325930631536,0.15464797843971592,0.17905841450132642,0.14846110835975448,0.14687943317338356,0.20459222942964614,0.2794036091319244,0.24882852317863385,0.05402002855680201,0.11883571957525473,0.1471990673434452,0.16139799572771416,0.11331125122346941,0.08912822367775171,0.20694862332914754,-0.0030091399558817085,0.10604255762225138,0.1795819210630552,0.019586393540955073,0.2109634919858014,0.07637045302216218,0.0525675160073521,0.1784465450579741,0.2140444924028021,0.21327959566496182,0.09367673591841669,-0.01683794919318647,0.14539590846213024,0.20283040851797907,0.1815745203450264,0.19877951564931662,0.07690396292032457,0.2053980760479876,-0.009892217708901205,0.019463019781996545,0.09320095962077023,-0.18765228522183947,0.10839912980328996,-0.03979146509947277,-0.04126584438905286,-0.12168311589024003,-0.01707980384895264,-0.023972798791747615,0.1552099187583742,-0.024668558425436134
0.05512111742247927,0.055678980756562566,0.05969068670746613,0.2425171984357816,0.11422813946736218,0.09533443844897962,0.47794464295902434,0.041998204538423796,0.2006626624552885,0.10459882619789619,0.11699044625954842,0.25614981700287764,0.043353590174435165,0.07289704411533912,0.0692654481067341,0.09885618921738408,0.1280820864542033,0.1295775416923751,0.08903813218653737,0.08420092431822743,0.2266291010145083,0.17989095611832115,0.13826429054799336,0.08161786404189272,0.11288660867724161,0.023690502450886657,0.09477157940404259,0.016399861487459966,0.07654377238944361,0.03387224304656215,0.10226032145801082,0.1306214518788207,0.1344197414695373,0.15243014143245842,-0.04294613594874603,0.08866450098875306,0.09655093519294512,0.1423620770524287,0.1187397283872302,0.08389572908210509,0.019988718543357875,0.08712091310341549,0.10892548510292169,0.1118732118562588,0.07298979081138007,0.08745841961221718,0.17077977766566121,0.0033528851811374027,0.0928735591407996,-0.05656080820697554,0.01788102169116274,0.04216812805050561,0.055113906274175374,-0.06520106623219205,-0.014556873391154551,0.0641406197229575,-0.012822896299971484,0.056399730858463934,-0.09030861519365282
0.02986449101007827,0.11316184833926031,0.21642160499114405,0.2435565542051491,0.16413198644467505,0.22541319248818936,0.041998204538423796,0.7103608783518767,-0.04580882467370312,0.13291757533155074,0.17539872197893563,-0.014012335711736509,0.09577708899975099,0.16998701442473743,0.10447978811258549,0.12050730410768659,0.24301215815645683,0.1367166097718521,0.10180710505383134,0.13453203902365446,0.13600027566107334,0.14037858874346298,0.034179604472739086,0.03282139589303555,0.13548890159715107,0.16451383659152918,0.07975810662306355,0.011032481800985906,0.16085727498577104,0.05707312675920333,0.052504833526464186,0.09885091402058799,0.051731945979491385,0.1904188516060939,0.08405129000385293,0.09851222885678045,0.13360062602043127,0.11142624369984333,0.1366469462591945,0.0008144970915303929,0.02595936866910148,0.10149708321395806,0.10499158915761025,0.05420502698802182,0.1067073914145161,0.11384888427935594,0.12988202227124768,0.0008636865553605542,0.0019042928213676734,0.018621731473551416,-0.046457444965994965,0.0938994173730409,0.0556382965810004,-0.11018735754717333,-0.2153936436356612,-0.0646427265668996,-0.010644923269585273,0.36142700507578407,-0.1468385592615561
0.05512698802578335,0.1216537115854603,0.30387861487066925,0.07985553784037118,0.04080924083482809,0.07040445158243597,0.2006626624552885,-0.04580882467370312,0.7974970143047775,-0.002520958439245988,0.06140706523040561,0.11373306657135154,0.026035355888666206,0.10859199643016236,0.17176153174508238,0.060229730491166214,0.11739651513742418,0.06563168879055271,0.020159716375377824,0.00742701438115743,0.16324108694890235,0.18093599763554422,0.17914292671766693,0.12651182945225597,0.08721113346037039,0.0928177649015139,0.0665478023805694,0.07182559945913734,0.044983157701369965,-0.031236734276559024,0.12255255629383803,0.0764705694489929,0.17797073686120513,0.16338957971488943,-0.030166581244253976,0.11470345936147637,0.02957012751289023,0.15142901768955544,0.026235383689293287,0.023984606477302228,0.045147633645863404,0.08183880191190585,0.01581460599889719,0.1725871618638224,0.006372125087152584,0.11455761288488148,0.12120570149278923,0.004016567161467308,0.1310288841165479,-0.21139722261067345,0.08656278561461864,0.056466955519215385,0.11576107300360011,-0.04698903892628648,-0.0007797187860638496,0.2234204206598496,-0.0548155854118347,-0.020476635161699897,-0.23304466533285934
0.03231437853733816,0.05347939752335222,0.2321991734017889,0.21244670362469784,0.10719560319181284,0.12819085895155657,0.10459882619789619,0.13291757533155074,-0.002520958439245988,0.5071550854889473,0.12314370716954628,0.12725386176839593,0.06070765735387502,0.11925571440471402,0.0999772145190971,0.10487974783592502,0.1682394999119678,0.11459142164339188,0.04826278284055994,0.12269679708459849,0.07388343096147698,0.10715463277614527,0.05540764975078344,0.11209096848700568,0.1165554808151749,0.0833150711500305,0.10522807746134663,0.058891043572481774,0.1602152816391808,-0.06986501009080637,0.09758925057090614,0.08715252950590767,0.060270947098756064,0.15528895357675002,0.07418224720625392,0.09002429270060638,0.12891467998689496,0.0832832977423494,0.10595808959741601,0.043323462412247764,0.12147132222963916,0.07927803158232839,0.09948751935800489,0.06659557020834095,0.049111639960858176,0.09947398193360463,0.19283240419105277,-0.00616306874549408,0.0058129105988992255,0.019986687015373705,-0.03584098642945187,0.03646808514230752,0.007788555031575999,-0.02768308830287565,0.08999117490472618,0.06634700213637454,0.004806600253031126,-0.11837569819439163,-0.05206702623841525
0.03541779357363224,0.10903414843148158,0.20058602348425938,0.17423822795143193,0.11254895922856986,0.16838783806414812,0.11699044625954842,0.17539872197893563,0.06140706523040561,0.12314370716954628,0.3550699938655314,0.15853613019253773,0.07582414817412479,0.1037723443743382,0.1681614080402644,0.11980268127883505,0.23622585020176326,0.09648153762504033,0.06140489170921634,0.1416538782400395,0.10002019280812904,0.12233313196784547,0.08304202455567784,0.09838140936059027,0.1266166186758233,0.0983807392356911,0.1165234489940289,0.05305691060016675,0.16046211807121555,-0.05079347709407845,0.10525484609152075,0.10651749767535651,0.0861590673455895,0.14886163520846868,0.08302268374028259,0.13611311674267257,0.1018451642278964,0.10031712158031333,0.10643949222337278,0.0399148091849731,0.04543030794084584,0.10703590028052627,0.0748533259715546,0.05873679340102086,0.02808563335989974,0.10621617074830628,0.12245622559794912,0.005279710858168631,0.00837807879844847,-0.0544289836737401,-0.033532438485518595,0.08563179709841258,0.08364520403655357,-0.0682952833402104,-0.11586160917053098,0.03824210674474255,-0.02365416738468408,0.09408365909762337,-0.1231745094502434
0.05166685087049541,0.08472566828134831,0.12755137164987335,0.2851756555117093,0.18211803199479576,0.1543519857556905,0.25614981700287764,-0.014012335711736509,0.11373306657135154,0.12725386176839593,0.15853613019253773,0.6698675740709743,0.04234132737038564,0.1409028892491994,0.0979136299733503,0.19049406957482626,0.09780669526803733,0.18615697509451298,0.06934254225599605,0.06872156422819298,0.17780456376841786,0.1602535368427975,0.15030823261354434,0.07149055283886979,0.14648819654957465,0.07266449002089807,0.16554769246226783,-0.029165271506606912,0.09885484617259645,-0.07349590172006193,0.09344041315427026,0.1838708909228507,0.060898254295178464,0.13288275838621016,0.012206221298345173,0.1380467712561723,0.03554477181929046,0.13337845941618454,0.10335853123714113,0.12355108359633092,0.015357447436323963,0.10087343178529067,0.14502121004192636,0.07696562863537385,0.10243244402408165,0.0872244501444454,0.13050807720406998,-0.004945937474678031,0.016335105110432322,-0.0566938217522893,0.03012156369852568,-0.0035251058714087092,0.0672950565823323,-0.0002349706693795238,-0.06137032166833926,0.06433293759690413,-0.07003097568741198,0.1095303723534354,-0.11251652882251355
0.013614474607358264,0.047097519015721914,0.0493953763288244,0.06274128566643908,0.07195427254730219,0.07179046500423657,0.043353590174435165,0.09577708899975099,0.026035355888666206,0.06070765735387502,0.07582414817412479,0.04234132737038564,0.18175800520798893,0.06342203359910632,0.036335426113979274,0.07086549714947465,0.07111768228277497,0.054915875790481294,0.04166641137217402,0.02196981615208798,0.04398807704653547,0.07321172063644886,0.05646613211856562,0.05494611748935355,0.0639910571510857,0.0629791905831564,0.061552596236900126,0.04263647878864303,0.09920730644174813,0.023342383383723245,0.029984584276532233,0.06766580257934651,0.03865858644388624,0.05870099717648592,0.060149611727677625,0.05974359947539024,0.0307634451218094,0.029845131841402847,0.05029477685054744,0.026007345550266653,0.05694283813355423,0.049957775153303435,0.043399776335927474,0.06605617317641652,-0.020616304634044725,0.046627303407378216,0.0438991409470717,-0.002569551042248471,0.024222346646726383,0.01862158165252247,-0.0031441036704548653,0.006731599107830615,-0.014894479051013324,-0.016135097745229702,-0.007256734109823904,-0.020324227407837105,-0.013223986899978224,-0.032232857853053395,0.058042545225692736
0.046373109082108795,0.04365812392104621,0.09136657423896229,0.2889493316364117,0.1366539089487895,0.16683748254232414,0.07289704411533912,0.16998701442473743,0.10859199643016236,0.11925571440471402,0.1037723443743382,0.1409028892491994,0.06342203359910632,0.559221853470851,0.1090991052102693,0.287303924901026,0.1239807386652377,0.10626867844787394,0.024661717317458736,0.03408366034780644,0.10172898162761984,0.23739652963188151,0.15398099112144137,0.09170485834100588,0.10415018310205443,0.10997703697648212,0.031143284158377558,0.07959101507002356,0.08263390807140598,0.06931332792480299,0.08462564013842248,0.09493491487986078,-0.0009642172879548781,0.11589734134150018,0.136009420733093,0.14515615791865186,0.0691470507162296,0.13766071555941548,0.0804511657917318,0.09593073934879125,0.13825737274475847,0.11151563226777474,0.025938705406448468,0.22776936737472156,0.05055477266682558,0.04981815486437113,0.08587050614629309,-0.02256729466682578,0.10015256883640897,-0.08061196269942529,0.027236174281488296,-0.06360140711530646,0.037201710820587694,0.08514764358800735,-0.1853697069395708,0.048581416227357156,-0.13531396139630444,0.19278361893000587,-0.052712938067831915
0.03998017449005571,0.16852866815922257,0.19347934073770454,0.11623434651129759,0.10540265550161232,0.16704325930631536,0.0692654481067341,0.10447978811258549,0.17176153174508238,0.0999772145190971,0.1681614080402644,0.0979136299733503,0.036335426113979274,0.1090991052102693,0.618125829112697,0.13266136984253346,0.20584919611272604,0.10595578518061309,0.07855280516046646,0.14485031971763493,0.04170256513091448,0.17049265531715477,0.10257273939012311,0.12367588479167661,0.12609748075250207,0.1346885865257642,0.11258011070637748,0.15224814427700403,0.133442400679806,-0.010109780269781448,0.1321647130376864,0.06940521788564237,0.08843631784763678,0.15631774997678852,0.08385442979554535,0.1200798232431299,0.1852156864782705,0.13105140792536646,0.11696709422398159,0.025501923642469747,0.12534334119517743,0.1277771576744557,0.0692802470482541,0.11233212919145365,0.029522000407481635,0.0736614572779236,0.12554376711382592,-0.004230782995495962,0.08066468676982697,0.14557334779312261,-0.11781235974354841,0.19133140987918287,-0.15006715457519443,-0.0028032187943453826,-0.08248687600722496,0.12634841635628072,-0.09865151481013112,0.06594572103850399,-0.08638381813426614
0.033802966310714035,0.03693744328776029,0.0705504996079226,0.24150738135938848,0.17011333120451005,0.15464797843971592,0.09885618921738408,0.12050730410768659,0.060229730491166214,0.10487974783592502,0.11980268127883505,0.19049406957482626,0.07086549714947465,0.287303924901026,0.13266136984253346,0.4721100150206249,0.14644240141628712,0.10020535798070265,0.0990056709739852,0.05935820424972705,0.09012831204054239,0.23923586235578645,0.12915694803978095,0.09677226269052344,0.12635593951361102,0.08072764337617208,0.11391272420209372,0.0950965406424092,0.1387316938884559,0.07741945783445456,0.0970474724912523,0.14665365141692505,0.04398537645152505,0.12608806395160563,0.15628712660724248,0.14965763371003443,0.06710882304409824,0.15100789495421935,0.11084557986402215,0.10221978917244455,0.13305616471940948,0.16568090446428219,0.09539381367765834,0.18839531112818403,0.046947023143480385,0.06414918477972427,0.11301006096334706,-0.0125754158948716,0.09613866882683915,-0.04622635295586756,-0.03831684854570256,0.03854709104459735,0.032696132547798316,0.02993323800516357,-0.13183723456336768,0.05786236602248728,-0.10424705695978478,0.134662031346233,-0.06914222456454114
0.018273788029882682,0.10368014407160761,0.24814086248103126,0.16502107280271125,0.04213216637443154,0.17905841450132642,0.1280820864542033,0.24301215815645683,0.11739651513742418,0.1682394999119678,0.23622585020176326,0.09780669526803733,0.07111768228277497,0.1239807386652377,0.20584919611272604,0.14644240141628712,0.9870431336550652,-0.029958178955037384,0.14386375834947138,0.26326874725733906,0.09304860516057259,0.18458492406590224,0.097675739292058,0.09774306948288639,0.18926806705742005,-0.12563476065621262,0.15934222386781335,0.1242695233520368,0.2507257719715793,-0.032117967341759104,0.13406343943573681,0.08810598559102276,0.22538491254969398,0.24186248171269442,0.06489255032877532,0.12857132852089503,0.3348161525278244,0.16474308039002541,0.17150953265072438,0.030771352599809117,0.046159077539688745,0.13340701970431604,0.1433723893588163,0.09299057087568467,0.028800957792537767,0.15209371935034133,0.3127741795171092,0.013436658606250138,0.03717589489888664,-0.0004527636061652064,-0.01586849025959646,0.07108381686417663,0.014486217586245916,-0.1244990229347584,-0.08991247252983914,0.0302114720324339,-0.024454271672599465,0.10975673093802957,-0.15526287297705263
0.04894903219751702,0.21394602085229103,0.10505471867936492,0.20066431129275025,0.13629311725896784,0.14846110835975448,0.1295775416923751,0.1367166097718521,0.06563168879055271,0.11459142164339188,0.09648153762504033,0.18615697509451298,0.054915875790481294,0.10626867844787394,0.10595578518061309,0.10020535798070265,-0.029958178955037384,0.91048358289138,0.1417743288897829,-0.2748348613058588,0.18928831075802127,0.28697299421251254,0.23539647057281185,0.09216763202381446,0.09060661603569668,0.25452585400940775,0.026409721815439564,0.15707317273551014,0.05148376929950291,-0.02320707767474789,0.05210859794255384,0.09147794938684117,0.03630187593944995,0.04987312096682725,0.06023448608001391,0.09353281022470449,0.08767535241726505,0.07700880087122124,0.06972692176818682,0.11908373581511383,0.13174365453817918,0.0006420891489794494,0.24457162493629292,0.2166200786110597,0.20047412896337408,0.09073223632759068,0.04825201721702555,-0.04073522036066869,-0.007888882703212722,-0.01885826059233444,0.28882927083178417,-0.10448444155052021,-0.21577733469414528,-0.008132499886740438,-0.2007070377122911,-0.00532227220181174,-0.08571088029071719,0.2067331128703945,0.07347422852229084
0.024132832011310886,-0.0038298507785607568,0.1930520090729155,-0.009112339446119238,0.025129073031135915,0.14687943317338356,0.08903813218653737,0.10180710505383134,0.020159716375377824,0.04826278284055994,0.06140489170921634,0.06934254225599605,0.04166641137217402,0.024661717317458736,0.07855280516046646,0.0990056709739852,0.14386375834947138,0.1417743288897829,1.0820223058688903,0.04026384478723393,0.11626835087922166,0.3530352859078755,-0.2302794534708781,0.03731976498301379,-0.0176340376147772,-0.05079963304956095,0.015723911392769834,0.12850729910633968,-0.018031681208979355,0.13430088802022971,0.08620387561621404,0.1325329371645594,0.09883817007273261,0.02132709237887951,0.01864043550941929,0.10742988851312517,0.20740929507100084,0.08228554571481698,0.29267768788791343,-0.0894353902586236,-0.027443292194626663,0.0900493448194194,-0.013954942507654102,-0.03409262039667104,0.2125683085963697,0.11899785243984831,0.12160156833778422,-0.02312840899719884,0.07180940997668919,0.2945168076286452,0.017285326249618895,-0.03183233047897516,-0.17121632987881835,-0.13423534547136415,-0.0994074253639244,-0.011168621078903263,0.010890296997228753,0.0594600125335318,-0.04367697457278245
0.01293217866501335,0.11723047090999203,0.12668464536775087,0.07913434474275041,0.08693073969283831,0.20459222942964614,0.08420092431822743,0.13453203902365446,0.00742701438115743,0.12269679708459849,0.1416538782400395,0.06872156422819298,0.02196981615208798,0.03408366034780644,0.14485031971763493,0.05935820424972705,0.26326874725733906,-0.2748348613058588,0.04026384478723393,1.0466195796315279,0.09254777397831583,-0.2157258915142712,-0.1441395044674834,0.052398685690287584,0.11339208382634187,0.28107539519241154,0.2385932901342407,0.18233624822874558,0.2477134684095298,-0.039894455122166834,0.19557073646470668,0.12141826464568199,0.20394876541574652,0.2934431477575951,0.16267561827804064,-0.024290388442946884,0.4395407684101575,0.30498010557059446,0.2984551869476239,0.21312021930156325,0.11204388757359969,0.25588804436793333,0.5010539621955962,-0.12601004441160002,0.48672134038777026,0.0983413030833826,0.3356213036738936,0.08707572994025307,0.016737699855379973,0.146904260042012,-0.28657825771501,0.24625643667147049,0.018493950754709238,-0.06090561030029832,0.07636125393376156,-0.031777023263823,0.06167881566175058,-0.01493386473723305,-0.04152281599558707
0.04761168164561328,0.14058459877053875,0.08433356041223983,0.21492150601891233,0.09081599611617548,0.2794036091319244,0.2266291010145083,0.13600027566107334,0.16324108694890235,0.07388343096147698,0.10002019280812904,0.17780456376841786,0.04398807704653547,0.10172898162761984,0.04170256513091448,0.09012831204054239,0.09304860516057259,0.18928831075802127,0.11626835087922166,0.09254777397831583,1.0577516799133904,-0.11469006464635699,0.012546203484317432,-0.0630114013829994,0.12344928773089056,-0.27691931014890625,0.040931277730545855,0.13172715002583135,0.047827425277785385,0.2477415837293066,0.07478347346650002,0.10581735556443515,-0.0346953444527676,0.1781441034352132,0.34117005536393996,-0.03835090857532802,0.3260871989559903,0.19280341354797406,0.0853548596963705,0.18637610262357382,0.05003542154106832,0.09471700570443635,0.24464377993742262,0.2658041030826156,0.5570127227476422,0.04614755611987146,0.2876008685574054,0.0313956615730745,-0.296657649324168,-0.13545907257788908,0.03575211424624607,0.0018715845031592583,0.09939180006412021,-0.004667907937287474,-0.20966596477681002,-0.043852509948240095,-0.027604343828346194,0.19978185831832806,-0.12507833186867448
0.06204397045221611,0.05761708505099978,0.25656982902759007,0.23930530140923603,0.09057426781420742,0.24882852317863385,0.17989095611832115,0.14037858874346298,0.18093599763554422,0.10715463277614527,0.12233313196784547,0.1602535368427975,0.07321172063644886,0.23739652963188151,0.17049265531715477,0.23923586235578645,0.18458492406590224,0.28697299421251254,0.3530352859078755,-0.2157258915142712,-0.11469006464635699,1.5862457646741737,0.2567723478365083,0.057230289379143345,0.19289770462940795,0.18328583940596754,0.08254734214443156,0.07064348404055998,0.06068529218235891,-0.04960906161596277,0.23228937096103727,0.3547825454502883,0.21335419751280846,0.3286634619179888,-0.037678263917586795,0.06380589020619792,-0.01859074830424186,0.42075477323084864,0.4680056264425697,-0.004515769466337869,0.14608172525772273,0.20468420244483485,0.054112633370373635,0.4633034456982065,-0.2812600481240582,0.25125362891494485,0.3114531773828856,-0.18640819784118873,0.9404951315187947,0.12565069242044186,-0.010214332348660277,-0.004352439492630027,-0.05387126014639829,-0.11097347635011985,-0.17474553522265573,0.10462193870846546,-0.0687241464816985,0.22383929656227816,-0.13720498254308844
0.028049399215452037,-0.11367743584989223,0.014180085456572906,0.20052261989465714,0.13474852714265803,0.05402002855680201,0.13826429054799336,0.034179604472739086,0.17914292671766693,0.05540764975078344,0.08304202455567784,0.15030823261354434,0.05646613211856562,0.15398099112144137,0.10257273939012311,0.12915694803978095,0.097675739292058,0.23539647057281185,-0.2302794534708781,-0.1441395044674834,0.012546203484317432,0.2567723478365083,1.635024653331421,0.13108979358621584,0.2897290938136704,-0.21652808220560113,0.05155268487798218,-0.19327558871208006,0.1775412275734637,0.034794049163513044,0.22241901709004205,-0.03965273700960517,0.13712910166263353,0.3162997054779694,-0.15007039931495025,0.43659204450674965,0.09322624383788498,0.14368322422580815,0.20239984988277565,0.27015116934568967,0.11974286550639172,-0.023803657921543285,0.05114453625075546,0.7085868185148468,-0.40314000698675995,0.13210143707384475,0.13185170180164707,0.028275598153192763,0.03499685606304624,-0.21662230812591723,0.0689698764869864,-0.0683172157995572,0.1939761134887677,0.002347262094757151,0.0006253461795741564,0.12227337333949752,-0.13510841273489121,-0.0037867448053109146,0.01976562218450904
0.015102282492398873,0.012239702694919622,0.1249087028845289,0.07103535369131647,0.07687724745126794,0.11883571957525473,0.08161786404189272,0.03282139589303555,0.12651182945225597,0.11209096848700568,0.09838140936059027,0.07149055283886979,0.05494611748935355,0.09170485834100588,0.12367588479167661,0.09677226269052344,0.09774306948288639,0.09216763202381446,0.03731976498301379,0.052398685690287584,-0.0630114013829994,0.057230289379143345,0.13108979358621584,0.600212588299367,0.0652177878938464,0.19082973926354035,0.06353907976063765,0.07367642244101523,0.10769827102157607,0.07834558764377468,0.11703938923269336,0.05039995143747488,0.06042248747787758,-0.07683006301603147,0.034855777132981276,0.1844035379994325,-0.013066108227416601,0.03959730973513888,0.07912415098144107,0.014526500605383217,0.09841981002409528,0.07624811643188495,0.013701699592352352,0.06904678323519947,0.031511785369018136,0.09230325754568015,0.026033066895363582,-0.002981157879787182,-0.016880947439973905,0.030087145562685713,-0.07164016856203713,0.02950805786877417,-0.0013864068608217095,-0.01918570412701516,0.29746419749155845,0.08744261989446789,-0.03945503947981297,-0.5370609119790704,0.3521757980100278
0.038932677858579665,0.06923860513091139,0.14488130301098096,0.1700150734214871,0.09713528274639534,0.1471990673434452,0.11288660867724161,0.13548890159715107,0.08721113346037039,0.1165554808151749,0.1266166186758233,0.14648819654957465,0.0639910571510857,0.10415018310205443,0.12609748075250207,0.12635593951361102,0.18926806705742005,0.09060661603569668,-0.0176340376147772,0.11339208382634187,0.12344928773089056,0.19289770462940795,0.2897290938136704,0.0652177878938464,0.8651562741643076,-0.05069875433947736,0.12552868029142067,0.014122618176443225,0.386384152450051,0.07886137028376715,0.18390756603908678,0.11812857455552372,0.10134773462637842,0.4100659128341649,0.11240194196538006,0.28841247401953113,0.11853172101225377,0.16552613315063514,0.17414721268809086,0.0791686167153529,0.08159758979405635,0.0825197277427187,0.09823542626786812,0.16059319944546227,-0.03745710375069385,0.17485094541681603,0.15534236896820725,-0.007327527712852971,0.05109989031533299,-0.1577270564945794,-0.025129963268337357,0.10921818496710727,0.13804915181943705,-0.052718569901482014,-0.07790709605404267,0.09096841362743437,-0.001635066705522122,0.07023584207977941,-0.15161427505141326
0.023998546571647558,0.16383395235786583,0.1582467278298975,0.10797585789697041,0.14911845517958006,0.16139799572771416,0.023690502450886657,0.16451383659152918,0.0928177649015139,0.0833150711500305,0.0983807392356911,0.07266449002089807,0.0629791905831564,0.10997703697648212,0.1346885865257642,0.08072764337617208,-0.12563476065621262,0.25452585400940775,-0.05079963304956095,0.28107539519241154,-0.27691931014890625,0.18328583940596754,-0.21652808220560113,0.19082973926354035,-0.05069875433947736,2.146891123622516,0.09166475615741836,0.27515089613066057,-0.15986007330734356,-0.2770815657563532,0.17248944742429836,0.3332057223312747,0.19052384980383075,0.009572533495415777,0.026457871032819553,0.04933266423113115,-0.3426916938012849,0.03891628425951497,0.27557045223744664,-0.048997891359350884,0.40446765684076835,0.3809081330447398,0.059176594515134844,-0.15891883684488942,0.3113879334063457,0.06895676940025737,-0.07638042151878918,-0.01310913356572796,0.2916391196874198,0.3997552888892688,-0.24455588788718233,0.10372500353596617,-0.3445814581051615,-0.056527398422896225,0.1295063625321829,-0.036099691605845696,-0.07900910998626182,0.04313673317500961,0.18010999287660784
0.024962878051798615,0.09292340002706354,0.07973791656097326,0.08962639736237356,0.05298779548263315,0.11331125122346941,0.09477157940404259,0.07975810662306355,0.0665478023805694,0.10522807746134663,0.1165234489940289,0.16554769246226783,0.061552596236900126,0.031143284158377558,0.11258011070637748,0.11391272420209372,0.15934222386781335,0.026409721815439564,0.015723911392769834,0.2385932901342407,0.040931277730545855,0.08254734214443156,0.05155268487798218,0.06353907976063765,0.12552868029142067,0.09166475615741836,0.5532959450614505,0.11875465370016712,0.11496852287131724,0.017831235273194,0.14628664714475959,0.13752588541285335,0.12248560980194813,0.11340650793289113,0.11826359509907265,0.17541537400652915,0.1790287765269039,0.21604555796298822,0.05335451204489026,0.12688770242403685,0.15831880738221737,0.13254267446565074,0.4164228852120076,0.007079050015157859,0.12442086588377987,0.09298681214875962,0.10193905648667308,0.00953292699462888,0.03444436032008002,0.006836709516287039,-0.09915384496632962,0.06147276445969411,-0.001800641876791847,0.054105560127812806,0.022098739440734212,0.030086288456157566,0.04259504743296484,0.023569779251447584,-0.07165014138424547
0.006641990706035302,0.17221007797514645,0.11321598792370022,0.008865643522568157,-0.06422965209543086,0.08912822367775171,0.016399861487459966,0.011032481800985906,0.07182559945913734,0.058891043572481774,0.05305691060016675,-0.029165271506606912,0.04263647878864303,0.07959101507002356,0.15224814427700403,0.0950965406424092,0.1242695233520368,0.15707317273551014,0.12850729910633968,0.18233624822874558,0.13172715002583135,0.07064348404055998,-0.19327558871208006,0.07367642244101523,0.014122618176443225,0.27515089613066057,0.11875465370016712,1.0755388017487921,-0.12187910519986588,0.2004922522300356,0.18457191708545453,0.07116635922388731,0.36838383794435847,0.08042577198609342,0.4646885176305113,0.099254737299344,0.34235411015084855,0.20172063238589447,0.09887773137298296,0.06816330362551076,0.40174855217516814,0.223640198760842,0.13240671283637082,0.3491440487710072,0.25459327150200806,0.038491817586604846,0.13097787687180173,0.031092363885058562,-0.019759309467645106,0.12311025136493697,0.021121632853173797,0.3694518692340686,-0.6325862863942603,0.04322631974389399,-0.1483553903203101,-0.004201496371641832,-0.04297178640169675,-0.0219719213120984,0.05635670240770398
0.033639217236888015,0.1617263484649113,0.22590155073665125,0.15720701968106285,0.11199981081710324,0.20694862332914754,0.07654377238944361,0.16085727498577104,0.044983157701369965,0.1602152816391808,0.16046211807121555,0.09885484617259645,0.09920730644174813,0.08263390807140598,0.133442400679806,0.1387316938884559,0.2507257719715793,0.05148376929950291,-0.018031681208979355,0.2477134684095298,0.047827425277785385,0.06068529218235891,0.1775412275734637,0.10769827102157607,0.386384152450051,-0.15986007330734356,0.11496852287131724,-0.12187910519986588,1.8601304462557038,-0.2766629894213389,-0.24020647715450036,0.11181543162671358,0.09153681464005474,0.32637256123207675,-0.033043939478349826,0.31189426743759036,-0.25299158121322757,-0.2612078661830617,-0.05178563620666709,-0.04842133581090911,0.1784818541452026,0.027800542574764338,-0.06391785285654923,-0.30955034743764887,-0.40640219288946033,0.12501209366342558,0.026429471243327087,-0.031007438640838707,0.04407283442680314,0.0226671659557055,-0.25061482196458235,0.13987879388407765,0.02799672671977766,-0.0029400022014444047,-0.041335814286424626,0.026951495842450962,-0.004681707557102459,0.06947442729555878,-0.07790462919718472
-0.0027785198250957787,-0.07104039349712783,-0.4256884208706422,-0.055740015399393945,-0.05260541646170349,-0.0030091399558817085,0.03387224304656215,0.05707312675920333,-0.031236734276559024,-0.06986501009080637,-0.05079347709407845,-0.07349590172006193,0.023342383383723245,0.06931332792480299,-0.010109780269781448,0.07741945783445456,-0.032117967341759104,-0.02320707767474789,0.13430088802022971,-0.039894455122166834,0.2477415837293066,-0.04960906161596277,0.034794049163513044,0.07834558764377468,0.07886137028376715,-0.2770815657563532,0.017831235273194,0.2004922522300356,-0.2766629894213389,3.098947672929843,0.0595935007217305,0.16603029850655643,0.003122763060158822,-0.3825920519594437,0.35143753229267216,0.618689381491182,0.05671402472672662,0.1352506047823623,0.046376629222997644,-0.14355080604517567,0.12784383552807035,0.09507795244860162,-0.08401116857346771,0.15599942036034498,0.7143004960257765,0.41002436399006653,0.05128269541306094,-0.016367072609768548,0.017164448406358716,-0.09583366775744596,-0.03556465443775652,0.04034435923379222,0.05097712214326145,0.029494833935175824,0.26596772220642007,-0.29871651914330416,0.03340924258336374,0.011929803897200428,0.35313963819360816
0.040560887262930126,-0.0033948838079725756,0.1311936383882547,0.08564638974379771,0.08098898197931484,0.10604255762225138,0.10226032145801082,0.052504833526464186,0.12255255629383803,0.09758925057090614,0.10525484609152075,0.09344041315427026,0.029984584276532233,0.08462564013842248,0.1321647130376864,0.0970474724912523,0.13406343943573681,0.05210859794255384,0.08620387561621404,0.19557073646470668,0.07478347346650002,0.23228937096103727,0.22241901709004205,0.11703938923269336,0.18390756603908678,0.17248944742429836,0.14628664714475959,0.18457191708545453,-0.24020647715450036,0.0595935007217305,1.1289363923690001,0.15463055774630063,0.1360626786017441,-0.0021692685708316847,0.1666924685042735,0.46803780837253484,0.28611128807170366,0.23275431960870938,0.36111300348356223,0.1479998139376091,0.21860411373556815,0.1541082609231767,-0.02954739989545317,0.2876889987406752,0.2336608814444739,0.19003552755121397,0.18151473333954887,0.004551172138539026,-0.056133881944346355,0.13114632380049224,-0.09925984765842133,0.07321011413084096,0.009393889297375975,-0.06234145114191892,0.07171980422116148,0.13965646871045923,0.05772909501081755,-0.10127639935891593,-0.10544794678419706
0.04001563075409221,0.04736474855269016,0.08859030160211832,0.18112372537844088,0.13759440017399763,0.1795819210630552,0.1306214518788207,0.09885091402058799,0.0764705694489929,0.08715252950590767,0.10651749767535651,0.1838708909228507,0.06766580257934651,0.09493491487986078,0.06940521788564237,0.14665365141692505,0.08810598559102276,0.09147794938684117,0.1325329371645594,0.12141826464568199,0.10581735556443515,0.3547825454502883,-0.03965273700960517,0.05039995143747488,0.11812857455552372,0.3332057223312747,0.13752588541285335,0.07116635922388731,0.11181543162671358,0.16603029850655643,0.15463055774630063,0.6655186890885167,0.1315908729442692,0.10748608812663733,0.012925856232400732,0.1586098171909478,-0.1089182457864332,0.09372680512792135,0.1811773420892001,-0.007371626364617827,0.037877059904725945,0.21245878919034897,0.03566641845679689,-0.06935352045602745,0.12138125768646757,0.1782090146165852,0.16150423146555098,-0.03713717829289629,0.2281416493902913,0.009792477483520513,-0.054882989283246725,0.10425074266999222,-0.019023960284364302,-0.0838715204165123,-0.11165372036189304,-0.0701102407589304,0.3299310071428638,-0.040749082609114924,-0.1795188453141225
0.020210620653201578,0.0836614094393919,0.1526826131321489,0.08500608861927947,0.05750456060012283,0.019586393540955073,0.1344197414695373,0.051731945979491385,0.17797073686120513,0.060270947098756064,0.0861590673455895,0.060898254295178464,0.03865858644388624,-0.0009642172879548781,0.08843631784763678,0.04398537645152505,0.22538491254969398,0.03630187593944995,0.09883817007273261,0.20394876541574652,-0.0346953444527676,0.21335419751280846,0.13712910166263353,0.06042248747787758,0.10134773462637842,0.19052384980383075,0.12248560980194813,0.36838383794435847,0.09153681464005474,0.003122763060158822,0.1360626786017441,0.1315908729442692,1.7709446551197103,0.20334515132561268,-0.5257045660961703,-0.10592045633922133,0.21306404108946964,0.4003893379062422,-0.00509165014617272,-0.04429454127462039,-0.306397737172719,0.30233895682927064,0.04400866912755349,0.335330285621462,-0.2769647696123769,0.13102224955401007,0.695025035275763,0.12379747334732447,0.295370547398368,-0.16590417619292236,-0.09603001943304632,0.18210956688171195,0.12425298877607514,-0.21077750643696982,-0.01836125683083387,0.026051195480350266,-0.07369378065394291,0.09635293378655321,0.17356457741144146
