2.421695577992634,0.2379743784956128,0.5086809976278504,0.08438228646328748,0.022263865124038634,0.11252779953916257,0.09100647876965237,0.08588704509678209,0.08191053583642433,0.07677633483148517,0.1023494975719854,0.10994399448238618,0.007944054875331064,0.05713716444457358,0.21123970868276998,-0.016357946005107246,0.02659384581232795,0.1538630740267327,0.03809255721489191,0.14998562937578086,0.07072547531877646,0.05699987776716051,0.1992309856166177,-0.5650420993034054,0.019781667677833282,0.22030936695882183,0.07430459891946986,-0.04549065481826491,-0.003716823835321473,0.1087217569280713,0.21477537365741783,0.04105925579220802,-0.03477950286763001,-0.13985108636912733,0.03188914234505928,0.019450423585026244,-0.03913701066561217,0.2315327176561159,-0.03887028493004014,0.07808912324263531,0.054795172137114524,0.051843028859722286,0.18296561129966854,0.07542282141616784,0.2926069662834993,0.17467356928341204,0.06270227313794367,-0.047224947450574074,-0.2517863528369338,-0.0435119555128567,-0.11348504813893867,0.29023622267041466,0.06321505853500765,0.008123494194177789,-0.17342342151607534,0.014750317192663549,0.309101614155801,0.5941494211065372,-0.8584448324204835
0.2379743784956128,2.382886261175582,0.8217640885390499,-0.07149987626910682,0.0509988655052882,0.25631193275864345,0.05762658773298793,0.23832254221656812,0.1282882328012482,0.32063579384735674,0.14874766353692748,0.1393125579907744,0.07618486516382382,0.16205441053128233,0.24478265252717998,0.11107813352213587,0.23303618105199164,0.40870095762418107,0.0664191410774632,0.34953529038683423,0.2141067737995298,0.11639597923586545,0.01801576738705695,0.14949392854767543,0.1579780222237462,0.2215614366696995,0.14326717340913384,0.17680831699874575,0.3630954469976232,0.13022210605046028,-0.0650394860101525,0.18373467858771722,0.16024468300076083,0.2637095863538499,0.11207130917145268,0.12686519434686291,0.32957733986228244,0.2684962098162502,0.12907263829990293,0.020446514603034403,0.15916539688012232,0.20952122416769536,0.2088256264081881,0.002904485531791294,0.12902777865991685,0.18013477856461135,0.27018874054130176,0.0062321708412628645,0.2167519280530748,0.04847620097566336,0.03063328150019279,0.16177595863461458,-0.12817402579371256,-0.06917495753127534,-0.00336709404131185,-0.16481719074763465,-0.4959014383730855,0.022139451638528772,0.5242409497266842
0.5086809976278504,0.8217640885390499,1.8282351971845134,0.001976087372860201,-0.09986167416632413,0.2686650893616729,0.08792270935294458,0.32766206537430004,0.26008005927748545,0.4502352625157704,0.2153377923792239,0.22033140667115242,0.11290524828479437,0.16454506861475324,0.3135253508108887,0.05958003130280857,0.2691800103181353,0.3307318598805156,0.0672446092145402,0.23363160909564928,0.22566218552752854,0.19260604300984044,0.07153661270966274,0.24125418223916473,0.3296863385939025,0.22218312825993577,0.12335492537728417,0.14450458328479165,0.36598171038746624,-0.03959254949599092,0.0339083811575906,0.15293025473702243,0.12810396688129327,0.31534306448192045,0.16822620192943075,0.2507775098465725,0.39678536181032137,0.31088524538873813,0.20894219182423007,-0.06228279689892156,0.13239461929057147,0.2275017457627696,0.13627402060989122,0.02053205116378619,0.29531814237562226,0.42752954623798406,0.3575471275338776,-0.13346513307695348,-0.13277298202998603,0.056574512710472175,-0.061151578219226045,0.2215559059458091,0.05022292777928286,-0.13195463812957195,0.13383581169578684,0.024431547209738644,-0.1905110451864732,-0.26564621894882795,0.20688165279861734
0.08438228646328748,-0.07149987626910682,0.001976087372860201,1.737749538343466,0.30331395707954095,0.30438516759538936,0.014723975998890226,0.2678332151433724,-0.09172460813135455,-0.03401398094527254,0.16043635663483205,0.20502966239050277,0.0620625969250758,0.13209894310833278,0.08505517686034722,0.19915953576473294,0.08405888142499437,0.020020531784908976,0.17640356200560445,0.20930735362537525,0.07508874431000737,0.0601895327400697,0.10873081470697137,0.06899270948777592,0.08297906108213922,0.0347098826687807,0.09707273006671914,0.02292986167336984,0.15402590009928413,0.060156129628852605,0.048860293236627904,0.15397072876163428,-0.0037926443757490018,0.21749674068846886,-0.1355375408508769,0.05686668815337873,0.0984431453593046,0.1585686206292313,0.17963479430902,0.017244331487442567,0.0519707471977762,0.05839813055492013,0.09937924748075554,0.19898972462697212,-0.004308989053980511,0.0055010642906092345,0.12831320088593692,0.007117633349033259,0.04963111568320981,0.21052092737566724,-0.11681025554651346,-0.05773919866589498,-0.1994590770324031,-0.007497496160638859,-0.1356978754046759,-0.07848723770096279,0.050047898814645705,0.13003524887704812,-0.004556655802349804
0.022263865124038634,0.0509988655052882,-0.09986167416632413,0.30331395707954095,0.7963770450086987,0.3046901010927185,0.13521960559255403,0.24160457347798558,0.012091662096015709,0.07447618446238355,0.10765650080541063,0.16716591076712808,0.08469001714419744,0.1373396051197668,0.10695053283191319,0.16888022730596178,0.09216005015326525,0.1090866677846866,0.295451250523029,0.12751319119013976,0.07337703914069055,0.10013784796067457,0.06296157539623928,0.13371841483891103,0.07891670728169785,0.11946784118249472,0.08430083194072133,-0.02225743300331806,0.1740896029579421,0.02897354888774209,0.03222989234721573,0.12636246317902522,0.045026968592829675,0.15245161598793838,-0.07736703769278068,0.07743417455915338,0.12521934842414195,0.08720503308297688,0.1095627553517352,0.04237638212191739,0.06187676332003699,0.06840674443495565,0.048589962792344225,0.04305781314071413,-0.03911369683421407,0.03400064432313159,0.147578320139448,0.010971144653882397,0.25210250960436975,0.1755580610217003,0.21356551178805894,-0.36117522920227896,0.053006209894778056,-0.039595319862291575,-0.09079817509403704,-0.06988013176276185,-0.1243610857116411,0.10188179542498696,0.13050458304861828
0.11252779953916257,0.25631193275864345,0.2686650893616729,0.30438516759538936,0.3046901010927185,0.6809018512862705,0.08882654871904871,0.32138407006732905,0.09797173386963898,0.10519718467191436,0.16272982011094578,0.1931249749231176,0.07114068787682656,0.16583873750999206,0.09121566158969266,0.1699578267011378,0.16371501949059464,0.13516233855984436,0.20403132624252834,0.24359486129824953,0.0926152261553131,0.1501208250212573,0.07338515583664766,0.07245510418739758,0.03214173160352912,0.13004050586012542,0.11749088545688768,0.08078330523656788,0.24875339447224862,-0.03289010089612277,0.08781639052372493,0.1804598429766686,-0.013930892439159993,0.27579569977053037,0.07969909525292738,0.02887634737764772,0.07854013654632658,0.1104772494318592,0.19783108550144018,-0.006204486258861544,-0.09960044798763794,0.07614521843224824,0.1764859537523169,0.07079934752633976,0.048846825113590564,0.11672729897237644,0.344361319304529,-0.07662860054642555,0.2559648480829777,0.3347997213530296,-0.8663516114833094,0.2749225857177388,-0.188637207590524,0.026911671702188306,-0.04820796074755161,-0.058488088191639066,-0.1249671649990885,0.12256780630147993,0.04076871082772513
0.09100647876965237,0.05762658773298793,0.08792270935294458,0.014723975998890226,0.13521960559255403,0.08882654871904871,0.701399814695217,0.1235004076509926,0.25619286035428296,0.17165906269113043,0.19170066074533137,0.2565755474587718,0.10659728386536264,0.1918728033442737,0.15841764373503237,0.2303234863052898,0.20704442047871385,0.1343582523609122,0.006444435962504246,0.06421293636988684,0.12842344363772878,0.21366521520805445,0.04763335819827761,0.21812198608782551,0.20183324558888632,0.2385754557178012,0.15271743982800678,0.13344992840433456,0.10159269776915548,0.11426051139147353,0.13686218983475643,0.2078474999264146,0.08156990881705474,0.18151876424975022,0.1647598066910583,0.1773671514505446,0.068034633418117,0.1008041402079839,0.16396286666268978,0.03728628238698794,0.14906623876437095,0.13341531618091396,0.12561397937953567,0.05511855827344849,-0.11621514462162462,-0.0019623906653944176,-0.04170680615811382,-0.032694011222017635,0.3183537280255363,0.020123279596723997,-0.051565431298940145,-0.07633717654025327,-0.02725239225880041,0.02985658473100286,0.030745591607093205,0.17205177870859134,-0.08848940450826642,0.0735236604576503,-0.2778693299366321
0.08588704509678209,0.23832254221656812,0.32766206537430004,0.2678332151433724,0.24160457347798558,0.32138407006732905,0.1235004076509926,0.7436226289577692,0.03656452314450452,0.13666647878524057,0.1737314661939791,0.12158052447114863,0.08622481234985864,0.20040138941023408,0.06671881620246722,0.13524314709231203,0.18941107357656287,0.22562836595933472,0.1607719230589606,0.21649611381230996,0.12792866715143872,0.11882446308487488,-0.021947433567949003,0.16398763167109529,0.12022873639974503,0.21184141583767438,0.11871028702931487,0.14036266672330047,0.18877214054434988,0.05559762875754231,0.018571303760233894,0.19583103106704222,0.1178822808690969,0.21211212443758024,0.12458802279932663,0.05475601120113776,0.20214271194480407,0.15487180632210498,0.23063807485902973,0.03717335029301727,0.07780852994175962,0.12005661734898064,0.13372986075874982,0.04942601713177923,0.029654361117291285,0.08380406186004337,0.3164479357202779,0.024979978395154066,0.38885313229046303,0.18500240967752707,-0.2626778462847818,0.10678918384257796,-0.07622412748376947,-0.04493052569774334,-0.08378747625276786,-0.13234291182705668,-0.014173576793277238,0.1400643954381553,0.04471490230726811
0.08191053583642433,0.1282882328012482,0.26008005927748545,-0.09172460813135455,0.012091662096015709,0.09797173386963898,0.25619286035428296,0.03656452314450452,0.5784578977219321,0.030905044688470745,0.116827471218792,0.12336822390021249,0.056400315197989735,0.11984306224509679,0.11305578951329677,0.08040818410015381,0.16822696669691786,0.08988263320164455,-0.07170189312492509,0.05518347995547588,0.13444775420331737,0.2258997656323441,0.04236069867189153,0.14718078094964335,0.10460578085881152,0.26518005364509467,0.0982751820715947,0.09751398454470592,0.06057141938790954,0.012191205818924683,0.12083470977728175,0.13830724012376722,0.1036432647711899,0.1477834551424685,0.09621020253002997,0.11530584863435157,0.11268345229051055,0.1262169843635751,0.09799838921036631,0.009466935855107385,0.08851882989023724,0.1288125003931838,0.12387023419222426,0.020101582101381354,-0.009422680632546981,0.09256724709115437,0.08731208678745334,-0.0538713791442145,0.15994454510372502,0.028912377119096947,-0.09800734928110987,0.011832163144937341,-0.013821073307301856,-0.012840302196044354,0.0992673792361432,0.10237242343059465,-0.13120162017491555,-0.049656638815535545,-0.10197657262291325
0.07677633483148517,0.32063579384735674,0.4502352625157704,-0.03401398094527254,0.07447618446238355,0.10519718467191436,0.17165906269113043,0.13666647878524057,0.030905044688470745,0.6885618782030671,0.1073187318231225,0.1645512660290346,0.11317671053954709,0.19119584882947196,0.2862488563722884,0.11101768299886423,0.20131911240993275,0.30368085953778745,0.05002182553895959,0.09492611225214198,0.1507031347347877,0.10357022210433595,-0.012287295639864484,0.2925148988156259,0.2939540476740646,0.15304232771344586,0.12742051925165984,0.14616388461697336,0.268971917599027,0.18144589539792466,0.03368268852359703,0.1758636831265001,0.1528283788785108,0.218750175219139,0.17428963929681474,0.1353491961444302,0.30463849287245165,0.14217739435062715,0.13948854168391195,0.00850965702071591,0.2069631455392738,0.16378455215103563,0.13597192214328396,0.030943948499663147,0.008966905865089336,0.07922809347315592,0.2289465575799296,0.02706006615988516,0.35184750502814344,-0.03171392283405575,0.03711590701323306,-0.0075339743271589455,0.05971443954604138,-0.01880885519259386,0.0943001035482932,0.06616613959209502,-0.18546874192754068,-0.1432287778125365,0.15250778211289806
0.1023494975719854,0.14874766353692748,0.2153377923792239,0.16043635663483205,0.10765650080541063,0.16272982011094578,0.19170066074533137,0.1737314661939791,0.116827471218792,0.1073187318231225,0.36742254378380035,0.20736636133158332,0.10574069781357388,0.1302101478868672,0.20375465436529672,0.16934971115419137,0.20988680303610094,0.1481536054430892,0.04534508157983319,0.18197831949220267,0.11859834483434331,0.1352132853198339,0.06698931500601289,0.1465896181347347,0.0969892898235551,0.19381908764366834,0.14009102099525964,0.11147651274627594,0.14231453436952818,0.08660904620099433,0.11774122468689559,0.14023240301647397,0.07305508192679093,0.1506144063121761,0.14050689718597323,0.12585771125305908,0.08303243839386537,0.11567942402415013,0.16354046018940505,0.05796071779661619,0.10425193909480406,0.12172468912388287,0.11784342255194233,0.029156371319100677,-0.014232440845140032,0.06585206158526549,0.10913996107648004,-0.02832749203024637,0.22080337762657667,0.04227498179410324,-0.13964079116382336,0.05705232474234994,-0.014684538364305168,0.02699227720456626,-0.018029078065169873,0.00977139317773936,-0.08211334752620955,0.024883820366728003,-0.016951079700536036
0.10994399448238618,0.1393125579907744,0.22033140667115242,0.20502966239050277,0.16716591076712808,0.1931249749231176,0.2565755474587718,0.12158052447114863,0.12336822390021249,0.1645512660290346,0.20736636133158332,0.5620085098803314,0.08103998229532418,0.16679719224866993,0.24523590774154755,0.23931900300728262,0.16416432676563822,0.010965985543854133,0.0632801272804253,0.165123775641099,0.08911779124863829,0.1549916131145569,0.10396296970382467,0.13607478812720397,0.09877790264871787,0.1747036152242886,0.18418630777442616,0.08463645722702684,0.04444188820190859,0.05684826228350297,0.11303130743001497,0.1827637850701222,0.03874717004622328,0.17976241205825325,0.12454773606094281,0.1672541866519279,-0.04513035445901771,0.11205735848188461,0.19285523155833803,0.054522020555630865,0.0983788860088784,0.09314392969239622,0.11525215238408265,0.05603186154803596,-0.12513192390914593,0.07740131419716671,0.11580134707031436,-0.05453691318172503,0.3492424676578109,-0.03351092701269362,-0.11681890327251884,-0.033061364190852816,0.014174766872732482,0.04057100774212521,0.026694780559566374,0.12426456512639476,-0.11088373326836073,-0.015164250871928067,-0.09175806408140065
0.007944054875331064,0.07618486516382382,0.11290524828479437,0.0620625969250758,0.08469001714419744,0.07114068787682656,0.10659728386536264,0.08622481234985864,0.056400315197989735,0.11317671053954709,0.10574069781357388,0.08103998229532418,0.26428846229830905,0.07205998458855355,0.010578823875712549,0.10215295693215908,0.1080202538514349,0.09685694992351732,0.04685412774159912,0.01066737784325411,0.07862873367435377,0.11799036386361811,0.028890731386891525,0.1722300206177734,0.19187021411608304,0.058752781277578874,0.08270244663927818,0.059256213304673115,0.21461154709191546,0.10778971713600245,-0.022393753384611335,0.07007276702184767,0.0784270212157199,0.10410689852409798,0.08252635940029363,0.08945838855194548,0.15041494005627667,0.033901556166678726,0.12637897146734817,0.013921464995031087,0.08481590321217419,0.08089004386197564,0.0675130064402066,0.024090156286476393,-0.02136468710024661,0.08766425712507618,0.09680957117405095,-0.016367807380286488,0.15844695966879938,0.05463515175502082,0.018572982229861368,-0.03613062008503625,0.02964102646381281,-0.06103328101023905,0.030370988247984558,-0.013888928341038541,-0.04065338283823766,-0.014826392415351728,0.00451667030618107
0.05713716444457358,0.16205441053128233,0.16454506861475324,0.13209894310833278,0.1373396051197668,0.16583873750999206,0.1918728033442737,0.20040138941023408,0.11984306224509679,0.19119584882947196,0.1302101478868672,0.16679719224866993,0.07205998458855355,0.5851869120113519,0.3048734755077507,0.3762426771426264,0.20815202838792077,0.1994878336606128,0.07289238787123607,0.13900093798699806,0.15711528333724753,0.26487406573231476,0.14912679861672104,0.26170422822973743,0.07333070835932137,0.24144158130137144,0.1842530899622225,0.13908167867073504,0.1411962569148432,0.21980153724224546,0.09682441788908418,0.5156359459553203,0.17601783582482386,0.203951925435974,0.17823617527278376,0.21055774377094402,0.05960831127714996,0.22865905731134292,0.0912976127891922,0.06894924288471034,0.1656224452855926,0.16847597234461437,0.21469592510526045,0.0716651897348106,-0.09988044081659288,0.05277598839282098,0.22032434354105615,-0.06506717028954569,0.48945688758279043,-0.09306145023939208,-0.12783402523119355,-0.0021279926398973673,0.06000751650994629,0.09918971809236411,-0.16627581295200133,0.024323867026809342,-0.2490458157037305,0.08748178766304417,0.2683758536951659
0.21123970868276998,0.24478265252717998,0.3135253508108887,0.08505517686034722,0.10695053283191319,0.09121566158969266,0.15841764373503237,0.06671881620246722,0.11305578951329677,0.2862488563722884,0.20375465436529672,0.24523590774154755,0.010578823875712549,0.3048734755077507,1.0835962718367655,0.20458688455783341,0.1699210021203066,0.37228165520629874,0.05945330215202871,0.20195100668994284,0.21738780765630022,0.12703723967363362,0.132530153260444,0.30951653353371433,0.0924722936822917,0.22634451585212106,0.1844811197162281,0.10016353586815799,0.1539121472652911,0.26340901033803304,0.17939955629819418,0.2651436542296666,0.19776438249021772,0.180734017769129,0.10595260390727823,0.1799594958570544,0.2120947077090235,0.2622715238551286,0.09952200661067342,0.045513851825141456,0.21897340989490646,0.2084564624091734,0.24500378223375963,0.0351373762621752,0.03683058056543252,0.12149443760122532,0.21003682957441827,0.037474851147468576,0.4045055467140002,-0.09309624054608115,-0.1299895134939911,0.2703853007919214,0.14302355668103478,-0.06707141949072315,-0.031930687193611126,0.10506676677029,-0.3936015288692156,0.0716370385446997,0.17343172732096002
-0.016357946005107246,0.11107813352213587,0.05958003130280857,0.19915953576473294,0.16888022730596178,0.1699578267011378,0.2303234863052898,0.13524314709231203,0.08040818410015381,0.11101768299886423,0.16934971115419137,0.23931900300728262,0.10215295693215908,0.3762426771426264,0.20458688455783341,0.7824153430545359,0.2644468163477165,0.11942520695743424,0.10699874195122125,0.17216161077549408,0.16183160318226397,0.37012060252843076,0.06656642070569033,0.27060274906148507,0.09234478971382601,0.17919367270305653,0.24175710557773888,0.23292802097945542,0.22598846608087556,0.2908590807409221,0.07582507317321971,0.37868484573257083,0.1532206280196048,0.21051648980118803,0.2893343081234146,0.23587795565190503,0.07754469288249086,0.21028142043972115,0.1738283180491958,0.09996375853378636,0.20139246375132677,0.17927248952420252,0.23964391492936038,0.07760057317388575,-0.12703257496902506,0.05414998584328197,0.17127259103021616,-0.0941131333904546,0.5417603235145562,-0.150511275237827,-0.12468504617159307,-0.011338040666525164,-0.021157440308096558,0.10167633064172131,-0.030516323378242297,0.012620840903052223,-0.33173239628358425,0.018188933211368746,0.27844140601411166
0.02659384581232795,0.23303618105199164,0.2691800103181353,0.08405888142499437,0.09216005015326525,0.16371501949059464,0.20704442047871385,0.18941107357656287,0.16822696669691786,0.20131911240993275,0.20988680303610094,0.16416432676563822,0.1080202538514349,0.20815202838792077,0.1699210021203066,0.2644468163477165,0.679194499883339,0.18343889027496785,0.0564026986665016,0.23906648479195122,0.21808988201427632,0.26067250066838227,0.04170237720096338,0.17881290443864647,0.21093214348008082,0.22404362363514982,0.19450798772746725,0.2717156439365735,0.18100934527657744,0.16883985933635035,0.11129171583711497,0.22098205508884428,0.19362616424089693,0.21028314453193225,0.23732376845846442,0.19256973221764132,0.3041008914398438,0.2647961428811784,0.24409721852758523,0.07607489978823682,0.18690676506676435,0.24510963856500914,0.20323976568613605,0.05301198137073282,0.12599076076233393,0.1106287745633414,0.24333647435837175,-0.03578700041620723,0.27725929904109303,0.17856295832797117,-0.232259406543219,0.20619157362103288,-0.07906256838656205,-0.0008387237727018978,-0.030593547429102565,-0.03098212400918889,-0.2350504354060271,0.018371514493280887,0.09934563210417519
0.1538630740267327,0.40870095762418107,0.3307318598805156,0.020020531784908976,0.1090866677846866,0.13516233855984436,0.1343582523609122,0.22562836595933472,0.08988263320164455,0.30368085953778745,0.1481536054430892,0.010965985543854133,0.09685694992351732,0.1994878336606128,0.37228165520629874,0.11942520695743424,0.18343889027496785,0.8571445624804612,0.09529871701813675,0.001591716883605204,0.20480837110644012,0.1519925449109005,0.033976883637280235,0.3245287817163533,0.22614331755988992,0.2717693927785425,0.11387068368197191,0.15019737455417773,0.2785766630136434,0.18012587603215738,-0.0003587974757818332,0.1823465717013283,0.18977910444345616,0.1681310329544674,0.11458239387351768,0.12420310324293907,0.2855750692771327,0.17734753422379876,0.03446274859685262,0.01772328577702456,0.20548164885702663,0.19321272186253627,0.16366782336259883,0.017257073383587222,0.031014705583741482,0.08926772469551428,0.21636652706103707,0.048680405822093355,0.3622317559630991,0.010845954981512222,0.039832712761794425,0.16862043943415567,-0.05147734487007542,-0.09737488192793521,-0.028230828707149967,-0.040396603559359756,-0.23166788976250416,0.06290475762806202,0.1846629505048986
0.03809255721489191,0.0664191410774632,0.0672446092145402,0.17640356200560445,0.295451250523029,0.20403132624252834,0.006444435962504246,0.1607719230589606,-0.07170189312492509,0.05002182553895959,0.04534508157983319,0.0632801272804253,0.04685412774159912,0.07289238787123607,0.05945330215202871,0.10699874195122125,0.0564026986665016,0.09529871701813675,0.6180308245852405,0.16362388085120425,0.05886983158988608,0.05508671214547507,-0.0010009010993884061,0.021728236724148697,0.018098538993029045,0.015741490814641084,0.06190022967467654,0.06206418532780317,0.16497581573241507,0.035431736115019194,0.037201020599752214,0.09738470088151836,0.00490644362956572,0.09097504114226244,-0.05567762626371733,0.09408256607931025,0.06762912795886025,0.10318002073018878,0.04637970892593987,0.03752433781912146,0.05934386967667518,0.050460174106326694,0.020388524277452583,0.00615245768086279,0.03346396746996892,0.031989709264224224,0.0025813164349223097,-0.007602213907145972,0.04386419209666602,0.061250306365682815,0.27542968696245557,0.09887941494625706,-0.22330511123839325,-0.04489077082271225,-0.12641373305067682,-0.06300064353936452,-0.0431691098105166,0.13624880782026447,0.09038575946152597
0.14998562937578086,0.34953529038683423,0.23363160909564928,0.20930735362537525,0.12751319119013976,0.24359486129824953,0.06421293636988684,0.21649611381230996,0.05518347995547588,0.09492611225214198,0.18197831949220267,0.165123775641099,0.01066737784325411,0.13900093798699806,0.20195100668994284,0.17216161077549408,0.23906648479195122,0.001591716883605204,0.16362388085120425,1.295047209480433,0.13540645673187646,0.012363240232536942,0.38808595797869744,0.02017649857491386,-0.1916558225399109,0.13898811120487958,0.23865767008496874,0.0010974215782660883,0.30549340210624065,0.1291724324231008,0.5234014707209084,0.1750800224845824,-0.06331792429982433,0.37287993744821446,-0.07203070540230239,0.21743653067231553,0.17487642991481672,0.3313196046799483,0.20364214988905932,0.24185563341899716,0.18494407952529593,0.170186140195907,0.29143133418192857,0.0314505182511851,0.059535770737962936,0.16828586031252316,0.040322119806710154,-0.03415636395390858,0.13212626677032477,0.21189902953177295,-0.3971939130588458,0.3784818778267151,-0.14864506757661775,-0.013573218494813785,-0.07183455229053136,-0.049533291178881646,-0.010215036259143214,0.03978160027288465,0.032216080320100635
0.07072547531877646,0.2141067737995298,0.22566218552752854,0.07508874431000737,0.07337703914069055,0.0926152261553131,0.12842344363772878,0.12792866715143872,0.13444775420331737,0.1507031347347877,0.11859834483434331,0.08911779124863829,0.07862873367435377,0.15711528333724753,0.21738780765630022,0.16183160318226397,0.21808988201427632,0.20480837110644012,0.05886983158988608,0.13540645673187646,0.5812521782404099,0.1713680212362643,0.021497325191873567,0.21464684623382455,0.23651492939768326,0.15319565410903546,0.1447564540650356,0.18106196473020678,0.1564000331360807,0.31035175911532226,0.2073282404826669,0.15982777747949461,0.2865862462799484,0.14501053215813833,0.17649371228237204,0.18355612336416635,0.45875231945358735,0.31221170428824485,0.24926724927851018,0.1481664979201171,0.22598398036635287,0.4632754330379446,0.3143246620696024,0.06158696526473833,0.35733562915100764,0.10167623890227685,0.31579952540828493,0.061775573397012375,0.24808955395941637,0.040320746846001294,-0.019856470218120616,0.02045059218074744,0.03524155245471727,-0.060320749861038206,0.00809442521563544,-0.0018491753142013134,-0.2462222200997674,0.04844502636907214,0.17546182497856802
0.05699987776716051,0.11639597923586545,0.19260604300984044,0.0601895327400697,0.10013784796067457,0.1501208250212573,0.21366521520805445,0.11882446308487488,0.2258997656323441,0.10357022210433595,0.1352132853198339,0.1549916131145569,0.11799036386361811,0.26487406573231476,0.12703723967363362,0.37012060252843076,0.26067250066838227,0.1519925449109005,0.05508671214547507,0.012363240232536942,0.1713680212362643,0.7232266380922467,0.14977198456303314,0.22822725475883962,0.07951067412167157,0.14763531456799653,0.1842209034198159,0.14425538518997988,0.16966165720915546,0.16837195147553055,0.13842548099116392,0.2810202447102022,0.18161243230244029,0.1844743115851708,0.12568523283531657,0.27052811211795297,0.055725481671531955,0.22447411411896015,0.19892999114889814,0.04111314515400813,0.1026011131643429,0.1700846082275654,0.1940853781747597,0.07638070970737837,-0.06911875561533516,0.222698097307266,0.20848454012517478,-0.25469890861110034,0.3645777349473065,-0.01217871632480149,-0.0907993140714487,-0.1555957428887449,-0.007951522207479387,0.0467305071504961,0.015746132861469128,0.040070523582997924,-0.21005158010568262,-0.04337370594791128,0.09941226715946583
0.1992309856166177,0.01801576738705695,0.07153661270966274,0.10873081470697137,0.06296157539623928,0.07338515583664766,0.04763335819827761,-0.021947433567949003,0.04236069867189153,-0.012287295639864484,0.06698931500601289,0.10396296970382467,0.028890731386891525,0.14912679861672104,0.132530153260444,0.06656642070569033,0.04170237720096338,0.033976883637280235,-0.0010009010993884061,0.38808595797869744,0.021497325191873567,0.14977198456303314,1.9221918658177506,0.07159625220038505,-0.12702262439593048,-0.11635283749614332,0.04181666277441394,-0.5893011163058453,0.2731804703741107,0.07110275598551392,0.39758837742210534,0.0680375359129452,-0.3875185669873934,0.4374736423047839,-0.4063406573651197,0.5480046794005281,-0.3001111426176536,0.007474745591884689,0.1899648832188302,0.2057550778316554,0.05864195709185279,0.05553476487452293,0.17136234622494131,0.15727495876628664,-0.21442153215899376,0.419055265079285,-0.09182528755263535,-0.346402315857214,-0.5238474430353047,0.1785956081887686,-0.11034498289407631,0.006261230065152263,0.07853656636224596,-0.030491088232633065,-0.13019978744815147,0.09204902607290914,-0.037951868631664054,0.04730539569784228,-0.09487208651754273
-0.5650420993034054,0.14949392854767543,0.24125418223916473,0.06899270948777592,0.13371841483891103,0.07245510418739758,0.21812198608782551,0.16398763167109529,0.14718078094964335,0.2925148988156259,0.1465896181347347,0.13607478812720397,0.1722300206177734,0.26170422822973743,0.30951653353371433,0.27060274906148507,0.17881290443864647,0.3245287817163533,0.021728236724148697,0.02017649857491386,0.21464684623382455,0.22822725475883962,0.07159625220038505,1.938918134246802,0.8985743524488785,0.043221479243575424,0.1293220032875649,0.19605703980761627,0.3485941705247372,0.48801555965738497,-0.25091763735296935,0.2319706181248321,0.3844068799529616,0.2892953675816193,0.15981075847879034,0.3313177307532812,0.6261796455578583,0.18913948645954096,0.36122480216953656,0.04399502111122471,0.3365007187992304,0.24494403554857183,0.27234102790444753,0.05828960512504524,-0.09427050118761411,0.11533201587209836,0.37665207712666826,0.04795204436286383,0.9703590361126229,-0.18158021740443106,0.2668109818462692,-0.42221457595635853,0.24567733380741538,-0.08829102553591053,0.03320812949395786,0.09358649532977707,-0.2353245439052372,-0.14385561168488634,0.35282940910282634
0.019781667677833282,0.1579780222237462,0.3296863385939025,0.08297906108213922,0.07891670728169785,0.03214173160352912,0.20183324558888632,0.12022873639974503,0.10460578085881152,0.2939540476740646,0.0969892898235551,0.09877790264871787,0.19187021411608304,0.07333070835932137,0.0924722936822917,0.09234478971382601,0.21093214348008082,0.22614331755988992,0.018098538993029045,-0.1916558225399109,0.23651492939768326,0.07951067412167157,-0.12702262439593048,0.8985743524488785,2.7370145366658947,-0.18965265822174443,0.20912586802919583,0.19822632341225305,1.0562478761064173,0.8513087929827544,-0.8206764761658399,0.09210457751028912,0.2756257124423964,0.5000868107284446,0.210037532525406,0.40374730698097433,1.3509712526523174,0.2696043969465462,0.6627734796866092,-0.03962254381012963,0.4695856033925951,0.29816589346742,0.44877963887638095,0.10347088511408753,0.39268466080223996,0.24774928841525581,0.3197191182220925,-0.028202283824727902,-0.42166765371164555,-0.23885486982689863,0.7230035664084238,-0.6970946464079035,0.26790653655546964,-0.11740674591850625,0.10575608494396302,0.07158536538378789,-0.13689127555486183,0.02576992042264532,-0.02335975183386942
0.22030936695882183,0.2215614366696995,0.22218312825993577,0.0347098826687807,0.11946784118249472,0.13004050586012542,0.2385754557178012,0.21184141583767438,0.26518005364509467,0.15304232771344586,0.19381908764366834,0.1747036152242886,0.058752781277578874,0.24144158130137144,0.22634451585212106,0.17919367270305653,0.22404362363514982,0.2717693927785425,0.015741490814641084,0.13898811120487958,0.15319565410903546,0.14763531456799653,-0.11635283749614332,0.043221479243575424,-0.18965265822174443,1.76715982502905,0.09104114404202134,0.16511219516019895,-0.18560392055934508,-0.0572948903431247,0.1831031855473905,0.27181199860131805,0.15298686908954442,0.016841557899853796,0.2953613522647379,-0.03800819508467054,-0.29168318912127117,0.2572333812806591,-0.9613615644826167,-0.015563059831276694,0.5576360596185194,0.20193801606518752,0.20450390797621965,0.020499844276781386,-0.6182577871807429,-0.23498861117325237,-0.012928618700023098,0.26920032271901967,1.3197569985486126,-0.5075886484571187,0.14281317955422068,0.0669604940287172,0.09119299043366998,0.11999167146571438,-0.04165147884029371,0.015473432062143898,-0.10227506604282083,0.21382717296221565,-0.16394892928074523
0.07430459891946986,0.14326717340913384,0.12335492537728417,0.09707273006671914,0.08430083194072133,0.11749088545688768,0.15271743982800678,0.11871028702931487,0.0982751820715947,0.12742051925165984,0.14009102099525964,0.18418630777442616,0.08270244663927818,0.1842530899622225,0.1844811197162281,0.24175710557773888,0.19450798772746725,0.11387068368197191,0.06190022967467654,0.23865767008496874,0.1447564540650356,0.1842209034198159,0.04181666277441394,0.1293220032875649,0.20912586802919583,0.09104114404202134,0.6944722769751327,0.20362392697229506,0.12981154781717835,0.2857555093900917,0.1551536165231719,0.25229602423393405,0.19334442743546945,0.1982254370689668,0.17656105093847843,0.26046760929250795,0.21167227722025966,0.23116432428209643,0.211735745390091,0.09039858894942362,0.23929150890294268,0.1669751367199277,0.3750482052743982,0.025722700595095422,-0.09798152391741892,0.09771108765828501,0.11498411797650969,-0.038978677924329797,0.4531710735248519,0.02659665091923405,-0.07554083246797236,0.10599402426164595,-0.07791558865754178,0.040369503481153035,0.04155694716345545,0.012376284367349775,-0.12728661932201688,-0.02977479902123454,0.10030455102348979
-0.04549065481826491,0.17680831699874575,0.14450458328479165,0.02292986167336984,-0.02225743300331806,0.08078330523656788,0.13344992840433456,0.14036266672330047,0.09751398454470592,0.14616388461697336,0.11147651274627594,0.08463645722702684,0.059256213304673115,0.13908167867073504,0.10016353586815799,0.23292802097945542,0.2717156439365735,0.15019737455417773,0.06206418532780317,0.0010974215782660883,0.18106196473020678,0.14425538518997988,-0.5893011163058453,0.19605703980761627,0.19822632341225305,0.16511219516019895,0.20362392697229506,1.5450549260490098,-0.2308177223943233,0.24581548503357395,0.0547180277968994,0.29753575162701446,0.8624620270375888,-0.15207268948728522,0.8305702500240117,0.1015388605811753,0.5123141797892694,0.25593242369418345,0.14057426439498885,0.06381630348350548,0.1986355894639741,0.203158492852295,0.21524645243311097,0.08265563010627781,0.05390570461575944,-0.2462807242423642,0.1325895707620492,0.16801367052274724,0.5936125155785994,0.0678953809389236,-0.09709178725482548,0.5842348500636587,-0.8103016104982155,0.09302906372634187,0.14631203105475857,-0.03658034841820278,-0.1291384626028753,-0.06701106255763567,0.3427498605932539
-0.003716823835321473,0.3630954469976232,0.36598171038746624,0.15402590009928413,0.1740896029579421,0.24875339447224862,0.10159269776915548,0.18877214054434988,0.06057141938790954,0.268971917599027,0.14231453436952818,0.04444188820190859,0.21461154709191546,0.1411962569148432,0.1539121472652911,0.22598846608087556,0.18100934527657744,0.2785766630136434,0.16497581573241507,0.30549340210624065,0.1564000331360807,0.16966165720915546,0.2731804703741107,0.3485941705247372,1.0562478761064173,-0.18560392055934508,0.12981154781717835,-0.2308177223943233,2.8271900261444967,0.5343945887216565,-0.3978922964757938,0.14287700705283712,-0.1336405459506303,0.7544522093401613,-0.3398186389066741,0.3661770369920315,0.8277367510869788,-0.15111760222510898,0.42255346583732445,-0.10556712374830717,0.5501970515613753,0.15807586546253508,-0.005491665106577482,-0.10135075894500961,-0.1987139438522435,0.17677400850692865,0.07341691709148786,-0.10660144747652908,0.33090408368932284,0.22318751088405056,0.04290947079364407,-0.07816486214629809,-0.07964541415339747,-0.09212513657713274,0.011849306907593811,-0.16711127862335556,-0.35831121629096035,-0.04737479311620182,0.39747383932838093
0.1087217569280713,0.13022210605046028,-0.03959254949599092,0.060156129628852605,0.02897354888774209,-0.03289010089612277,0.11426051139147353,0.05559762875754231,0.012191205818924683,0.18144589539792466,0.08660904620099433,0.05684826228350297,0.10778971713600245,0.21980153724224546,0.26340901033803304,0.2908590807409221,0.16883985933635035,0.18012587603215738,0.035431736115019194,0.1291724324231008,0.31035175911532226,0.16837195147553055,0.07110275598551392,0.48801555965738497,0.8513087929827544,-0.0572948903431247,0.2857555093900917,0.24581548503357395,0.5343945887216565,2.2465176546966887,-0.15421414386641996,0.24495699009998903,0.31392334807531197,0.0778800690569547,0.34854713644645025,0.3322234627429891,0.7543791382625621,0.469124375324089,0.5935919216389591,0.12144592277869977,0.7282283403745458,0.3578327743899493,0.9558091728231785,0.21392726275149945,0.36818584542627253,0.04470441822481161,0.5217737383383148,0.17560038485854362,1.053392098609032,-0.2032674633875325,0.1225928965016988,-0.06605065565822128,0.17564539017721567,2.681869304991995e-5,-0.11972191651476782,-0.09737071726598828,-0.33800015056528865,0.663830332074347,-0.014321266698575615
0.21477537365741783,-0.0650394860101525,0.0339083811575906,0.048860293236627904,0.03222989234721573,0.08781639052372493,0.13686218983475643,0.018571303760233894,0.12083470977728175,0.03368268852359703,0.11774122468689559,0.11303130743001497,-0.022393753384611335,0.09682441788908418,0.17939955629819418,0.07582507317321971,0.11129171583711497,-0.0003587974757818332,0.037201020599752214,0.5234014707209084,0.2073282404826669,0.13842548099116392,0.39758837742210534,-0.25091763735296935,-0.8206764761658399,0.1831031855473905,0.1551536165231719,0.0547180277968994,-0.3978922964757938,-0.15421414386641996,2.2405479882293817,0.09219940675508338,0.05348171777163716,0.039402318367098906,0.06238804970857419,0.17940693445065334,-0.36519136838100297,0.2756641266175561,-0.04272532484167378,0.12969323084898365,0.00631457908387522,0.17937517339554235,0.07172793547583456,0.13573863445399162,0.09292420057228455,-0.054227043983510394,-0.0828699042668467,-0.044631950674043304,0.018339210162607675,0.2372775847104786,-0.640030489114785,0.6540920148598154,-0.1988054267041691,0.0452594646501256,0.0035195194467750233,0.2672992251501162,0.390375402895405,-0.18515380381275037,-0.4481100552857837
0.04105925579220802,0.18373467858771722,0.15293025473702243,0.15397072876163428,0.12636246317902522,0.1804598429766686,0.2078474999264146,0.19583103106704222,0.13830724012376722,0.1758636831265001,0.14023240301647397,0.1827637850701222,0.07007276702184767,0.5156359459553203,0.2651436542296666,0.37868484573257083,0.22098205508884428,0.1823465717013283,0.09738470088151836,0.1750800224845824,0.15982777747949461,0.2810202447102022,0.0680375359129452,0.2319706181248321,0.09210457751028912,0.27181199860131805,0.25229602423393405,0.29753575162701446,0.14287700705283712,0.24495699009998903,0.09219940675508338,0.8543761176174939,0.2476190692903886,0.22762799716520338,0.18175475228010485,0.21855287949338115,0.07107407821311952,0.2935111827717404,0.0771747207601101,0.061415595687215774,0.17997061131897363,0.17832424829484173,0.27364202779479413,0.06945934669374243,-0.11626814048310449,-0.0211502355947682,0.15963563094108696,-0.05268409476973732,0.5197496830502646,-0.04774233727853375,-0.029887482291703408,0.2508826210759235,-0.3714272393097018,0.12321273577560636,-0.14968011692931457,0.022486538981614023,-0.23448067391402128,0.08333203192435906,0.2659039437674601
-0.03477950286763001,0.16024468300076083,0.12810396688129327,-0.0037926443757490018,0.045026968592829675,-0.013930892439159993,0.08156990881705474,0.1178822808690969,0.1036432647711899,0.1528283788785108,0.07305508192679093,0.03874717004622328,0.0784270212157199,0.17601783582482386,0.19776438249021772,0.1532206280196048,0.19362616424089693,0.18977910444345616,0.00490644362956572,-0.06331792429982433,0.2865862462799484,0.18161243230244029,-0.3875185669873934,0.3844068799529616,0.2756257124423964,0.15298686908954442,0.19334442743546945,0.8624620270375888,-0.1336405459506303,0.31392334807531197,0.05348171777163716,0.2476190692903886,1.8481991409277652,-0.3058695296757198,0.19582666159657808,-0.15697467145040106,0.9685374770379349,0.3810782882083146,0.1018174155632196,-0.03343628874288042,-0.06030003213908923,0.2838947902302834,0.3642724677469963,0.07361451956009324,0.06683740671367955,-0.12217861084331241,0.5869166559537013,0.2914257795431858,0.927287007485893,-0.1332211806259541,-0.04946534298751254,0.09732160085701977,0.041761458002180535,-0.12310261424665725,0.13438963713570984,-0.11866957818066504,-0.2569316460522376,-0.11407099312422603,0.5408642517078085
