0.7377317435579918,0.16121033680488064,0.0824435626190466,0.09937756292562987,0.11524371265579164,0.06782139217248571,0.07157692464897632,0.09939477972506236,0.007356374428773231,0.10312322192753036,0.08575776186343413,0.08191288415375976,0.08799483733820776,0.04090839386992172,0.07302393278547378,0.054962697674151365,0.04865471057786015,0.10895342216752078,0.08228559002822725,0.06149022027367167,0.06290066847054125,0.08115377874061849,0.05928580092165207,0.06827285937225018,0.12211545564725758,0.025856511066602958,0.036237601274973316,-0.014070283419886049,0.11807171805947371,0.08617488413135772,0.07489475732514494,0.025076743337614688,0.06877404338638113,-0.029577442935168712,0.018344425773199093,0.06271192845709275,0.07449012673792976,0.05683450328780291,0.08749247264499653,0.056855803533252265,0.02568653522895451,0.048084465548333566,0.058564848314099964,0.02812258645539667,0.03881669114429837,0.04287883684112144,0.0942738173288555,-0.0040974008843355164,0.006600349434272874,0.0199250758471618,0.0033200287464935836,-0.04034911586562466,0.03060755243851661,-0.020513016625948843,0.08694025291753119,0.0004446523391527356,-0.031149880508590584,-0.061626485190090514,0.0057472416753093815
0.16121033680488064,3.1153247924372756,0.556282670512461,-0.016994400629172304,0.06338536912708513,0.22124103951657345,0.2716960984833596,0.31052517027706544,0.3005300293037202,0.2804928312734065,0.2546738134551379,0.22827816325434658,0.35033371526523516,0.15960681094755508,0.49240751211505246,0.22060260384548971,0.27083662717802276,0.3167706899736759,0.10287834864519066,0.3326480255547712,0.35000734296341196,0.0612605288925695,-0.8670478804165053,-0.0014442663193067464,0.11442882409597034,0.09654722550163809,0.7230443689766971,0.43716135250160826,-0.058389585159463075,0.32170841157651286,0.2220604469711926,0.3908103255951876,0.37344242624857166,0.29476717388919776,0.21364513985111716,0.29076742942502964,0.41508547944786384,0.209650321927853,0.456572828749443,0.33113435554254506,0.29346189479969065,0.31869450922628145,0.47295261971787006,0.26758024372010925,0.4650473660130442,-0.21133193604304498,0.2428914041001581,0.387501687899586,0.5937061239108209,0.10290341538580319,-0.0697253447744118,0.06958619652193017,-0.11761756244090824,-0.04377666544003666,-0.5331197848190655,0.05414451538080176,-0.12373893652638694,0.5264471482551039,-0.06913723474987772
0.0824435626190466,0.556282670512461,2.3799353662195686,0.015052968376774351,-0.22859837839023636,0.2306589859206773,0.0682949838533285,0.4031314112267348,0.5610981195230024,0.34281870588087976,0.2271765276936894,0.08276753446988341,0.3177396975741695,0.13181857173812517,0.3157289270960472,0.16134057785051248,0.3111432505878492,0.3621011158517614,0.02832324014170518,0.39879572923468426,0.3280433328603103,0.2774632839184962,0.28253350791677034,0.2722247559070633,0.013175790470918823,0.1967378904736048,0.3835111848339588,0.3767139127328512,0.26708102420116403,0.45751448844805875,0.1724409963921762,0.2316922969360849,0.3757583745045597,0.42836482638786727,0.284712736482888,0.36599785058528356,0.6602115491811472,0.13055053836645936,0.48682992087895494,0.24147797787151581,0.3341242960540982,0.3337027861202096,0.4103376775890974,0.13479365785767297,0.3214062221119953,0.0801694408190575,0.46630369576115305,0.3057540043757553,0.9575660899829598,0.246203955454639,0.10004118078611055,-0.009866461077336488,0.10588106254098179,-0.28909355995719,0.017051873883735785,-0.006959595164403971,-0.0027781445558928337,-0.0033718652224891043,-0.07798001428753634
0.09937756292562987,-0.016994400629172304,0.015052968376774351,1.146640278094919,0.4420319510214318,0.31134018870466795,0.238152891973152,0.3138837351253811,0.03554132936750038,0.3213572301193763,0.2950960322551602,0.34374998659111744,0.2596467518214014,0.25377755331176727,0.16241387563757084,0.27072102868654285,0.2307236562997219,0.3274595511369494,0.31980552815286134,0.2393398135452229,0.163773952355954,0.250817701686531,0.278436114608186,0.18659974229325604,0.2494568034383361,0.279249499782975,0.049459621611055486,-0.00011696032135894914,0.3580414878432415,0.12147738552689023,0.1454642975787657,0.26164052371476343,-0.01053200270933852,0.47572831937213744,-0.18947539367229413,0.28800481484522156,0.0899536524251585,0.14323131326841945,0.17793888392812585,0.2001417231818534,0.16539335676774353,0.15915164207497096,0.28588140178961036,0.27415948013238084,0.1827843948844985,-0.060217224375092096,0.26698050301770426,0.06359856232459998,0.45177136969601656,0.027932933393172776,-0.001099883651009186,-0.14988993803932799,0.0026237028305193936,0.03651107340590911,-0.2028467572280671,-0.022575346215478697,-0.18543868036380018,0.24856219204254454,-0.026294258403455992
0.11524371265579164,0.06338536912708513,-0.22859837839023636,0.4420319510214318,0.8916794913777487,0.355456552868928,0.18779188913611158,0.37246506158631687,0.04542787910859665,0.30011260522409655,0.31162275540771966,0.2981475586578817,0.3062844066518479,0.2466503755006203,0.17208724051439567,0.2700097975371825,0.22743181667871837,0.28447380233235064,0.5254562212767976,0.2139522654048571,0.15500677735047902,0.29409323712142005,0.2579601626070275,0.13920330909389814,0.2623819235631401,0.27274508473157055,0.03256875182354616,-0.0350027395202262,0.28979437142149017,0.10635696199591047,0.186903598596104,0.3056492934348801,0.04022388783043526,0.3603754863195801,-0.14060919360786053,0.31923484166390903,0.09100699540916223,0.1498083418206683,0.2042255778556754,0.19193903951408564,0.22022447566926598,0.1530686755048026,0.2363330273447965,0.24486660231272814,0.15424208314860988,0.018093088159218937,0.2257926472416799,0.000654595488487893,0.20571252146005686,0.133478631721542,0.03626533040159752,-0.3606807301044962,0.13610383045129767,0.030128113282631992,-0.2388829915630588,-0.021910785708524935,-0.1947467963697625,0.2470504543496841,0.014565097631135759
0.06782139217248571,0.22124103951657345,0.2306589859206773,0.31134018870466795,0.355456552868928,0.662498495019268,0.18089457268254855,0.4441909410051569,0.16808657898705195,0.32663904963040197,0.3481415792694969,0.32155985670935233,0.31272769926088545,0.2730286813752419,0.2780397705339999,0.26161368826952297,0.3140372933665889,0.2712536156881374,0.4084783813861229,0.37205855413995936,0.21834054239584472,0.2858539195869047,0.1533402981614079,0.1712647740893407,0.23779154390188859,0.3039423712101999,0.19729452766240638,0.07888417562905108,0.31250490888194804,0.23936634848611033,0.19335952938911988,0.36278565377512934,0.09378928265439253,0.39085571799681607,0.17138766010868398,0.24761195304020542,0.20541820434207267,0.2111376064625486,0.34432526700251986,0.20037196855303402,0.2629296519952855,0.2194564833772756,0.3428452151885084,0.20755973687378926,0.16344761727032153,0.025558846221731508,0.31512312093267997,0.06138823490741434,0.4211332101454337,0.29581063033323207,-0.3545655841079678,-0.0034484231230334193,-0.12424801499516641,0.0010382592048417507,-0.25327700390603763,0.010593029706711773,-0.09637184812871205,0.30188624499601074,-0.15603910759130757
0.07157692464897632,0.2716960984833596,0.0682949838533285,0.238152891973152,0.18779188913611158,0.18089457268254855,0.7375355416632361,0.16052449550354597,0.29929860003618675,0.23589839214980057,0.272216856939328,0.43020025757110136,0.2628508609933376,0.36738007044590537,0.08323749370456225,0.2903718348778251,0.2836967930517965,0.3051405800145324,0.1459981590439445,0.19101866096587897,0.20113696491392674,0.2430987431026624,0.35423682182865046,0.17051041453961763,0.2646250564097905,0.219735303057888,0.21074059768399328,0.12565050648492634,0.21970254433730327,0.2011957864783978,0.2165027567567181,0.1538909870935044,0.1309902013621163,0.30834686538255734,0.1863974830482833,0.2900525763374514,0.2012858699279294,0.10463331233689786,0.30876615125420487,0.18323881703569628,0.10859831073537615,0.1900839082165355,0.3243723588574815,0.21978012783646564,0.18565864809090557,-0.037233888912289854,0.24733665086156845,0.13953867480421836,0.5952716255567054,0.04297285056370998,-0.04449508114568977,-0.027410862193096158,-0.07340390466374727,-0.06191867549858157,-0.11051421937148502,0.05706984943223701,-0.02610660479892717,0.16873628201579902,-0.23989568137479875
0.09939477972506236,0.31052517027706544,0.4031314112267348,0.3138837351253811,0.37246506158631687,0.4441909410051569,0.16052449550354597,0.884033062655209,0.07770468685341612,0.4229415474065264,0.4097341924415374,0.23855835974999903,0.386168563168551,0.30880182681560814,0.316424168627579,0.27999538906311233,0.3177302791438337,0.3320671974987946,0.33004645631435175,0.4310466567060447,0.20557796854949714,0.32024757182641667,0.25362832275022523,0.15816970247228912,0.21567435057736323,0.35709679304681163,0.3345245110724589,-0.03260646966713957,0.298248990955351,0.3339090567686222,0.18110809020843321,0.3521847944597025,0.06268788417504281,0.4823433580791355,0.3216391389841845,0.22354122656741904,0.23138052735166387,0.22348078532098453,0.372987102107137,0.2647554333342277,0.31140939170547743,0.2197586314898583,0.3934861500795075,0.3252314810200353,0.18144484232117625,0.07043334277157873,0.413415615337301,0.06244053592753108,0.5458837777451113,0.1702324649186046,-0.21958321373761125,-0.119295371498912,0.06992834731609572,0.07310161734396523,-0.32479562596674993,-0.02302410082140607,0.014185623424030997,0.4033569740017066,-0.27950182632623904
0.007356374428773231,0.3005300293037202,0.5610981195230024,0.03554132936750038,0.04542787910859665,0.16808657898705195,0.29929860003618675,0.07770468685341612,0.6545808547514552,0.14925496909004207,0.10787783285356961,0.1344332607794496,0.1934124889558712,0.2450016596995063,0.08378312745712822,0.19093658592297663,0.19551640260188227,0.22220393877485858,0.062106550677359644,0.13448279851978417,0.17595612219145174,0.2249455168565327,0.2854918607202271,0.15803705588722375,-0.04584985324372711,0.1264527014495292,0.2007223281054429,0.2619080302498631,0.037339267486606265,0.19278117740536843,0.10617972418302861,0.11927720090328996,0.2572414384268495,0.24863557960586166,0.16726786645942388,0.12061679643134059,0.3188892340278741,0.06322970362453045,0.29583924328827066,0.13670335303689302,0.15033277908430295,0.16427902735299987,0.24413312732421913,0.1781239235435407,0.0712060760386679,-0.04749756601475107,0.22639474016250913,0.17777077578004716,0.8503357743351135,0.038987528975799,-0.05436818307868837,-0.05431293075313619,0.1350060280992813,-0.0771200930923308,-0.012443832701194651,0.07831827241215832,0.0023093993713786346,0.028700025797927815,-0.14190372413174873
0.10312322192753036,0.2804928312734065,0.34281870588087976,0.3213572301193763,0.30011260522409655,0.32663904963040197,0.23589839214980057,0.4229415474065264,0.14925496909004207,0.7010662233625014,0.3496861016818729,0.3001396361674966,0.3655123068432003,0.2188755743604903,0.2858272275144638,0.2606228252163868,0.28407579584949927,0.36448924777018543,0.2653641949962421,0.2804433893845646,0.1859434815614783,0.3254947885559568,0.3087143348474748,0.21768512345642113,0.20219741702596855,0.25288851841667437,0.3178201451801313,0.11486384021385268,0.2857014668915067,0.26568276972196453,0.16154532053600135,0.2981123217536609,0.012972187156900353,0.5653375760207506,0.19969451539833144,0.2686418338092115,0.2020845061503268,0.14700082878142043,0.30537258975694226,0.23255505750195907,0.2909094340641203,0.19148080449275837,0.3610872283665987,0.3142674430398721,0.1769645171938534,0.04621384927828343,0.37864038844414,0.038235822614994586,0.48670405972285463,0.044932350624263366,-0.06031678280866399,-0.13985161763115236,0.0519995254064827,0.0749954114479876,-0.03084454778170321,0.12017916634581122,-0.022084431895052384,0.03343217265419421,-0.14874267530265178
0.08575776186343413,0.2546738134551379,0.2271765276936894,0.2950960322551602,0.31162275540771966,0.3481415792694969,0.272216856939328,0.4097341924415374,0.10787783285356961,0.3496861016818729,0.5887360394763231,0.3954832067521282,0.39116341701364626,0.2772351145434145,0.3132711156596804,0.2832320255470622,0.3450986064971308,0.33944911508230347,0.2712516140304822,0.42969201658650336,0.2582271958522381,0.31768791665355894,0.348758386191596,0.22681334021354627,0.19144876361002724,0.27526569143588697,0.23239635708922665,0.13693271384180836,0.31998378102918507,0.35899506780789964,0.2508842426820458,0.3037431085467125,0.1781386220057926,0.35135152372193695,0.20879242739606715,0.35040813093947143,0.3149486244654877,0.22415782234944853,0.41842933427178425,0.27596235477375763,0.25633555620539056,0.2542719920865342,0.38557904702989865,0.26566063743271806,0.18524159413511163,0.035978697922728155,0.3888929709781585,0.13229439278081667,0.5303513497737407,0.15558020340682066,-0.1268948801754657,-0.12350818849477616,0.14282838388415642,-0.049600079465846776,-0.21410800626068083,0.03173127961001061,-0.1252274746627072,0.2250042376379506,-0.1128764818541908
0.08191288415375976,0.22827816325434658,0.08276753446988341,0.34374998659111744,0.2981475586578817,0.32155985670935233,0.43020025757110136,0.23855835974999903,0.1344332607794496,0.3001396361674966,0.3954832067521282,0.811263151631804,0.3257367129995372,0.30265747013310645,0.17216719717799753,0.27947542518827634,0.2829195157526701,0.3840999911875258,0.3036663634962884,0.26703546291518865,0.21268212690854882,0.25041945769195567,0.2712894208324371,0.19111957713099784,0.344853135094145,0.34398416123685693,0.18340723827946645,-0.12327186742806469,0.3558470368229073,0.1675019847654906,0.2755327005993558,0.2916120855111946,-0.05862711122099695,0.365205376080118,0.20466862450347895,0.45616591013636654,-0.015758267134238453,0.14071776702114222,0.25295926095571375,0.26426347167376874,0.14174298779135552,0.2049756277870858,0.3424912883261113,0.24814125163830214,0.28167898824412424,0.003742707942805415,0.26642233537610255,0.04973541948926605,0.17099779291129363,-0.08777443762013176,0.09157375997465735,0.02965254720491875,-0.26527697135167294,0.013928608958315093,-0.19742943831591928,0.0747592935257763,-0.06329209604128377,0.21570859055550942,-0.26191336750113237
0.08799483733820776,0.35033371526523516,0.3177396975741695,0.2596467518214014,0.3062844066518479,0.31272769926088545,0.2628508609933376,0.386168563168551,0.1934124889558712,0.3655123068432003,0.39116341701364626,0.3257367129995372,0.7139980518504251,0.250113980588896,0.1822094674052684,0.2681034189546346,0.31145693938309327,0.37427842335151046,0.23421985377671684,0.3828572639782402,0.2442323930647156,0.46545869896465225,0.35777003218704095,0.22368341709925463,0.13418270028374485,0.2200892317488396,0.15562960224941225,0.08259875796728275,0.30654392357615434,0.368618308391091,0.17746931157004595,0.31203570508088907,0.23091318123818175,0.4338590086566819,0.2041377862607658,0.29949385537262113,0.31731850835662045,0.20499914147203618,0.4239425804807486,0.25880556940342475,0.304116692393519,0.2417447566616664,0.3490425967039722,0.3971335587427749,0.059781974042358445,0.03245611087742131,0.4061293111873044,0.07204558471860587,0.6865736642096123,0.1767561293180296,-0.08062886737733428,-0.29415706926864277,0.1503721584418795,-0.006174599878130335,-0.22373520069674901,-0.011719349527973995,-0.23034648492311408,0.13679122750334324,0.0879710007485232
0.04090839386992172,0.15960681094755508,0.13181857173812517,0.25377755331176727,0.2466503755006203,0.2730286813752419,0.36738007044590537,0.30880182681560814,0.2450016596995063,0.2188755743604903,0.2772351145434145,0.30265747013310645,0.250113980588896,0.8386479140233551,0.16217787299310732,0.3659314429208085,0.29293994570442616,0.24226610950155453,0.20979424078210346,0.36082174541018897,0.2189799847339141,0.22992473658014742,0.3327325328378683,0.17177583781502773,0.2206084293651581,0.2573585267328121,0.18444377398847178,0.25545678864695714,0.21772710570488732,0.3406526193342691,0.22905911790856096,0.19858827165203985,0.15619451906885368,0.2669775033587893,0.24384307997522053,0.21863840043963365,0.34942155747216386,0.19227580489637455,0.33402181918900326,0.2686300744599119,0.2042744846662407,0.2180022257627062,0.4086587802916312,0.34779296716284336,0.1874474916136126,-0.17567474672925146,0.3387205840810177,0.23371725370460428,0.9605194341073946,0.09365957896494027,-0.13898042612840342,-0.029748860691250895,0.005441000002650308,0.010126420939519414,-0.3390065760005604,0.015481662542983277,-0.1436020898706679,0.4044373445797396,-0.07208686367732238
0.07302393278547378,0.49240751211505246,0.3157289270960472,0.16241387563757084,0.17208724051439567,0.2780397705339999,0.08323749370456225,0.316424168627579,0.08378312745712822,0.2858272275144638,0.3132711156596804,0.17216719717799753,0.1822094674052684,0.16217787299310732,0.7458211224890418,0.17515156700068876,0.2974026067548996,0.1946951043106307,0.1714238382171046,0.3749431123474489,0.23676165995035237,0.09738659639231147,0.2772805879776322,0.16878071095356892,0.15282305578562802,0.20194130814545813,0.35802228709850964,0.4231265124159008,0.2817010595432651,0.41812448144621767,0.17832444346212983,0.20320467988104354,0.2197946177839471,0.28806647470504754,0.2143351415197181,0.22310865246856215,0.32030856833339344,0.18620131532178189,0.33595300211321844,0.2895878406439053,0.2308443332445887,0.2294371245643366,0.4173076037163678,0.2145912589135703,0.20129630225086073,-0.08821877287200723,0.3505286286605055,0.24085472294260618,0.5484352307677007,0.1978907706900306,-0.3215275579974882,0.15354079244987756,-0.03537657740145963,0.04746925584258935,-0.11423142020887135,0.08793544099228,-0.14719788642501486,0.15964513326398394,0.007136844570992127
0.054962697674151365,0.22060260384548971,0.16134057785051248,0.27072102868654285,0.2700097975371825,0.26161368826952297,0.2903718348778251,0.27999538906311233,0.19093658592297663,0.2606228252163868,0.2832320255470622,0.27947542518827634,0.2681034189546346,0.3659314429208085,0.17515156700068876,0.7092581454469205,0.2958093283605947,0.3558181548270793,0.22719551128515095,0.278618111104149,0.20292514887462354,0.24576847062106477,0.28741959817731483,0.2027996664979383,0.16074568066095885,0.25824404318037997,0.12375282637157484,0.21083582047028745,0.2523604624984275,0.25688486677902295,0.1699679178559035,0.21403483532484252,0.06417685874970638,0.34472871234650154,0.28298332325746167,0.20634418661384193,0.3278859902945145,0.1489479081640267,0.29111725618681533,0.21571202091863348,0.21955369877540126,0.21485556560102004,0.3857956132693742,0.27969357097158615,0.22897195533457482,-0.06812434215920869,0.34273170246515594,0.12425658862356793,0.5986014403525972,0.010211044448253817,-0.08291271841663742,-0.041454995713711876,-0.006926050479734703,-0.0029038371663898423,-0.2079081752280957,0.03942010240420097,-0.12720351766496857,0.25764477997214985,-0.07515402992170485
0.04865471057786015,0.27083662717802276,0.3111432505878492,0.2307236562997219,0.22743181667871837,0.3140372933665889,0.2836967930517965,0.3177302791438337,0.19551640260188227,0.28407579584949927,0.3450986064971308,0.2829195157526701,0.31145693938309327,0.29293994570442616,0.2974026067548996,0.2958093283605947,0.6132826402851871,0.30289642352112517,0.21135056915014494,0.42542913774270935,0.3161390720495077,0.3625553563486568,0.34452640469704726,0.2219182208473462,0.2906980435964865,0.22012633270894263,0.24526647275679747,0.40794486397933455,0.3106260823761643,0.4016036633643775,0.28612517531361864,0.2695894303415782,0.31492534605606687,0.3294248238060145,0.21742322178769172,0.3911858209946405,0.4494327579068502,0.23113483984236058,0.5034241953556675,0.2975599178602061,0.2834091714774294,0.3048354406082495,0.455766730291045,0.2760743522264675,0.33785848708279764,-0.040925807423180444,0.4267906206283321,0.18503224912619512,0.6578417995314604,0.30973425853315295,-0.15403527653312724,-0.136615207059328,0.0093585928024718,-0.06509499162829696,-0.20277678695817103,0.036535884840266306,-0.13953375715427913,0.21889957299452453,-0.11291204986608334
0.10895342216752078,0.3167706899736759,0.3621011158517614,0.3274595511369494,0.28447380233235064,0.2712536156881374,0.3051405800145324,0.3320671974987946,0.22220393877485858,0.36448924777018543,0.33944911508230347,0.3840999911875258,0.37427842335151046,0.24226610950155453,0.1946951043106307,0.3558181548270793,0.30289642352112517,1.2618955544802863,0.27986700632238987,0.265313376764944,0.24060588405792332,0.272031234278235,0.5576792163923588,0.41436682682852355,0.29926817231949493,0.33834035638942683,-0.4235116645706863,0.11455211704583676,0.5335208045935252,0.06323323968490661,0.17929833337015272,0.11027717116690765,-0.07437968025309066,0.5380654394154964,0.09471405288700015,0.15557480245774521,0.41279207807663926,0.10900989024028279,0.22787809347460067,0.2063595078145734,0.27212719652180306,0.2330361074606753,0.3164474511653532,0.14332500832642156,0.2855762881964621,0.06778549578792203,0.6060088066286873,0.012972720873286192,0.38105534066864316,0.14709811719641946,0.38256875639234666,-0.3302867334512961,-0.162445914168551,-0.10712221396424418,-0.05807964957930815,0.0744098466651191,-0.09127419391052186,0.07240515905295763,-0.09542426505142079
0.08228559002822725,0.10287834864519066,0.02832324014170518,0.31980552815286134,0.5254562212767976,0.4084783813861229,0.1459981590439445,0.33004645631435175,0.062106550677359644,0.2653641949962421,0.2712516140304822,0.3036663634962884,0.23421985377671684,0.20979424078210346,0.1714238382171046,0.22719551128515095,0.21135056915014494,0.27986700632238987,0.5841997526387099,0.1770806540767188,0.14898912639785458,0.18651290965567874,0.12312165481057388,0.13522734126072705,0.4155968728501302,0.3156895652122188,0.073062391455616,0.0016768809031575376,0.3717651698704801,0.07509523412894627,0.1935872510835573,0.26799668048454106,-0.06635399958913625,0.34205389320499413,-0.06072239116378091,0.29980999717843265,0.050577240377049935,0.12213641863762335,0.09740264657846566,0.17715226039363152,0.20621812708461368,0.14382866560279267,0.2437872094825963,0.1592789765684004,0.3203749118792963,0.059568292091240135,0.19510820933785067,0.004291278398690882,-0.037400475041682715,-0.04323265642398944,0.2581674425533322,0.04071192129776857,-0.19004635097090333,-0.03608241198028992,-0.19359049259157926,0.003629512557388194,-0.09846326311908762,0.23132390584724313,-0.09887612110439749
0.06149022027367167,0.3326480255547712,0.39879572923468426,0.2393398135452229,0.2139522654048571,0.37205855413995936,0.19101866096587897,0.4310466567060447,0.13448279851978417,0.2804433893845646,0.42969201658650336,0.26703546291518865,0.3828572639782402,0.36082174541018897,0.3749431123474489,0.278618111104149,0.42542913774270935,0.265313376764944,0.1770806540767188,1.5139378390383067,0.37121293027445335,0.2521247870233819,0.3673524029188267,0.2983961889913093,0.09514764835508883,0.1574628160975764,0.22058186289234596,0.2684415426842213,0.3911176696165551,0.8722118883234937,0.4631470021166433,0.6632580968711176,0.2666745432538057,0.4406678258234144,0.3129386623363231,0.5866207402576511,0.7320873504630299,0.6860326987828699,0.6691408940225242,0.43572090657595264,0.47816604798975837,0.41222331102652754,0.656379269491071,0.45421935868600105,0.3532572967915358,0.004059753560365069,0.5813572198017999,0.37565142822673697,0.8891125438383974,0.3209943427864349,-0.43138996713368855,-0.07297347749269167,0.2486252820434938,-0.0747721713524417,-0.21025789747521054,0.013552216539301564,-0.24416510222791826,0.20366739430428865,0.07451589952809491
0.06290066847054125,0.35000734296341196,0.3280433328603103,0.163773952355954,0.15500677735047902,0.21834054239584472,0.20113696491392674,0.20557796854949714,0.17595612219145174,0.1859434815614783,0.2582271958522381,0.21268212690854882,0.2442323930647156,0.2189799847339141,0.23676165995035237,0.20292514887462354,0.3161390720495077,0.24060588405792332,0.14898912639785458,0.37121293027445335,0.568253100852052,0.28178334434989943,0.27384332030686626,0.2392129911655036,0.18259625653831615,0.14623667698568363,0.21056537668264041,0.3704527357548338,0.24827083780157944,0.5583997006841664,0.37033507879899025,0.3538401849830068,0.49861619067331925,0.18215051821040212,0.2060668842820812,0.583361804249824,0.471513348591041,0.238279262444555,0.5555499836643378,0.38596735462498455,0.3381864906216392,0.47042262266212576,0.4752133644460523,0.25168911214149275,0.4665541153345703,-0.1279062320262129,0.4249916815636882,0.3392736121257862,0.5453082995507299,0.22558266862586537,-0.10078883000333283,-0.11022066040160071,0.0950832570746877,-0.10300585032787046,-0.06487845174888272,-0.015658937935422012,-0.19665312896884488,0.09264264807323376,0.106267263769457
0.08115377874061849,0.0612605288925695,0.2774632839184962,0.250817701686531,0.29409323712142005,0.2858539195869047,0.2430987431026624,0.32024757182641667,0.2249455168565327,0.3254947885559568,0.31768791665355894,0.25041945769195567,0.46545869896465225,0.22992473658014742,0.09738659639231147,0.24576847062106477,0.3625553563486568,0.272031234278235,0.18651290965567874,0.2521247870233819,0.28178334434989943,1.7536116839450049,0.6397064474403675,0.2364972703859984,-0.20151194579319126,0.13810307083619547,0.277777147083553,0.05379791301641066,0.41719157736834867,0.4007125114131405,0.17877035048431478,0.6498611374925344,0.3234884709425606,0.4473782567491369,0.11511446046157585,0.5414602352013582,0.18495886743239223,0.22699597580502776,0.5641034418030891,0.18249812746450556,0.5484394594862624,0.2558085908111638,0.26950521994251264,0.4635199252950355,-0.14282124144220654,0.2032001540401151,0.4305562544974605,-0.603486770256196,1.2308265567577745,0.20192913069377885,-0.1737508886718693,-0.5662502300708714,0.27444808599556336,-0.009083217905566219,-0.13817135824594434,0.008530430098559572,-0.0384630090676514,0.060345142098290186,-0.11581691442541082
0.05928580092165207,-0.8670478804165053,0.28253350791677034,0.278436114608186,0.2579601626070275,0.1533402981614079,0.35423682182865046,0.25362832275022523,0.2854918607202271,0.3087143348474748,0.348758386191596,0.2712894208324371,0.35777003218704095,0.3327325328378683,0.2772805879776322,0.28741959817731483,0.34452640469704726,0.5576792163923588,0.12312165481057388,0.3673524029188267,0.27384332030686626,0.6397064474403675,2.722892515326531,0.3780218103649913,0.07736066807165587,0.05967925111537326,0.15008435144969454,0.2678144375983724,0.7893059217966502,0.7079762990072781,0.1922482465150504,-0.08791546620772522,0.3739716035976034,0.480373768136993,0.2544747172036326,0.37091414080544743,0.5431210536146832,0.12600389089434633,0.5691069853711005,0.360086023687619,0.13887144777570823,0.25566315511580134,0.46916682282313643,0.42253870383590947,-0.3614797303896158,0.18283904793864753,0.7776570328126919,0.0979238311288871,1.2896092453120191,0.25006386687105786,-0.24279216326107803,-0.2036092488450389,0.41604836661519556,-0.07788096518051756,0.15206028984018838,0.03263203205116032,-0.17491814615456477,-0.17820972116549594,0.13648531401981054
0.06827285937225018,-0.0014442663193067464,0.2722247559070633,0.18659974229325604,0.13920330909389814,0.1712647740893407,0.17051041453961763,0.15816970247228912,0.15803705588722375,0.21768512345642113,0.22681334021354627,0.19111957713099784,0.22368341709925463,0.17177583781502773,0.16878071095356892,0.2027996664979383,0.2219182208473462,0.41436682682852355,0.13522734126072705,0.2983961889913093,0.2392129911655036,0.2364972703859984,0.3780218103649913,0.8969608509948711,0.18053470024615148,0.1368477938010055,-0.07284007750293496,0.16365968049684587,0.539183281310472,0.4507909935049982,0.10734908480802056,0.1170275392288003,0.14421849900497793,0.25662379902483945,0.07807922702704315,0.38617567817320536,0.4844046685065143,0.14690101715280346,0.3178914950311503,0.20621043510680495,0.07347719827859178,0.23347369268560333,0.3230542789855028,0.15829026668938476,0.3130174269189429,-0.10613610272332806,0.41422105831151634,0.24593811002479976,0.876084207575185,0.09381455517944624,0.007581402231573238,-0.12323605466665409,0.11497943893214892,-0.0995691578689454,0.24288254516157,0.0718526358917532,-0.002563655191017176,-0.43851049999801656,0.21864486928084984
0.12211545564725758,0.11442882409597034,0.013175790470918823,0.2494568034383361,0.2623819235631401,0.23779154390188859,0.2646250564097905,0.21567435057736323,-0.04584985324372711,0.20219741702596855,0.19144876361002724,0.344853135094145,0.13418270028374485,0.2206084293651581,0.15282305578562802,0.16074568066095885,0.2906980435964865,0.29926817231949493,0.4155968728501302,0.09514764835508883,0.18259625653831615,-0.20151194579319126,0.07736066807165587,0.18053470024615148,2.5305701670026157,0.503406474185753,0.17540262366478393,0.09015900634296843,1.2039614315312948,0.2014770895633485,0.5306403319942687,0.08077207655606504,-0.2848701704178559,0.3646710180587276,0.04818422868351689,0.6223920193886476,0.12804990240799785,0.10626821410138707,-0.029278261641259812,0.14889517438718405,0.09930095500451527,0.15909007256466576,0.40661108571656107,0.018382753860296825,1.0571315966477288,0.16692034443082887,0.27586601717635245,0.07571756809131466,-0.9678375132099526,-0.474033122778768,0.7765097927839237,0.16223881729338155,-0.24256151537469,-0.06558258457791272,-0.12093482449976041,0.008849868782510652,-0.03186508174109832,0.1868713357349813,-0.18407447670509702
0.025856511066602958,0.09654722550163809,0.1967378904736048,0.279249499782975,0.27274508473157055,0.3039423712101999,0.219735303057888,0.35709679304681163,0.1264527014495292,0.25288851841667437,0.27526569143588697,0.34398416123685693,0.2200892317488396,0.2573585267328121,0.20194130814545813,0.25824404318037997,0.22012633270894263,0.33834035638942683,0.3156895652122188,0.1574628160975764,0.14623667698568363,0.13810307083619547,0.05967925111537326,0.1368477938010055,0.503406474185753,1.534770806816285,0.38789469657256626,0.39019324239821324,0.41956916730605165,-0.2694820648219194,0.29862505051890464,0.2503479494042339,-0.23815494426468525,0.45384671278493577,0.020620032772729446,0.26167139611182433,-0.028179447211949756,0.10367227269115036,-0.49145704901696974,0.10836001515672693,0.42560950022738875,0.16356993006373358,0.17258035521988896,0.12070142781350059,0.24791304723594038,0.0499615505189854,0.13503025244142278,0.05823550381802549,0.4073845980620753,-0.09942872812047936,0.1610415766779372,0.14158429670061584,-0.2950134920806006,0.026076283164912617,-0.2143567950667708,-0.018135540815844505,-0.07603542767220853,0.3118439172654096,-0.11841109523050106
0.036237601274973316,0.7230443689766971,0.3835111848339588,0.049459621611055486,0.03256875182354616,0.19729452766240638,0.21074059768399328,0.3345245110724589,0.2007223281054429,0.3178201451801313,0.23239635708922665,0.18340723827946645,0.15562960224941225,0.18444377398847178,0.35802228709850964,0.12375282637157484,0.24526647275679747,-0.4235116645706863,0.073062391455616,0.22058186289234596,0.21056537668264041,0.277777147083553,0.15008435144969454,-0.07284007750293496,0.17540262366478393,0.38789469657256626,2.4771008850145373,0.7137165579277451,0.06642651629439152,0.4909451936750924,0.3438914585413064,0.35683371924036217,0.3777864915708747,0.2756065616727881,0.19253722102606718,0.6144865311933545,0.24686614114821795,0.16415034949307505,0.3265012494837156,0.3922602681468583,0.09481424105821229,0.22451517207897667,0.5530862635686044,0.35518788073175644,0.05467403400742546,0.03915654974391599,0.14247218843733664,0.4128930299090705,1.2914846020066764,0.02326520803177055,-0.605507975433485,0.5288056614455553,0.161858483920801,0.014858263540075215,-0.044170140916067746,0.1187894012344759,0.4094220657575955,0.17440246767005804,-0.44084516120247785
-0.014070283419886049,0.43716135250160826,0.3767139127328512,-0.00011696032135894914,-0.0350027395202262,0.07888417562905108,0.12565050648492634,-0.03260646966713957,0.2619080302498631,0.11486384021385268,0.13693271384180836,-0.12327186742806469,0.08259875796728275,0.25545678864695714,0.4231265124159008,0.21083582047028745,0.40794486397933455,0.11455211704583676,0.0016768809031575376,0.2684415426842213,0.3704527357548338,0.05379791301641066,0.2678144375983724,0.16365968049684587,0.09015900634296843,0.39019324239821324,0.7137165579277451,2.612882606770874,-0.08042603944879594,0.3620511802374969,0.291107282379323,0.0015681219943096637,0.9555897956180558,0.03873590389955139,-0.01625520206545257,0.22053017470903263,0.7794428318845241,0.18319126198576666,0.3389928168653588,0.3074650338946941,0.29660307520369567,0.31742878983368444,0.5133217485874616,0.22252063242405995,0.2953671167571175,-0.4387599820056539,0.30828680676308423,0.7005042849838411,1.3924458603862133,0.2481352012632182,-0.4442757586859058,0.42276632042481477,0.07085118424374702,-0.14752854325726614,0.27032093934356316,0.026383023599744447,-0.10254288830754808,-0.15119380820673511,0.5255955821201637
0.11807171805947371,-0.058389585159463075,0.26708102420116403,0.3580414878432415,0.28979437142149017,0.31250490888194804,0.21970254433730327,0.298248990955351,0.037339267486606265,0.2857014668915067,0.31998378102918507,0.3558470368229073,0.30654392357615434,0.21772710570488732,0.2817010595432651,0.2523604624984275,0.3106260823761643,0.5335208045935252,0.3717651698704801,0.3911176696165551,0.24827083780157944,0.41719157736834867,0.7893059217966502,0.539183281310472,1.2039614315312948,0.41956916730605165,0.06642651629439152,-0.08042603944879594,4.043133330655668,0.7206257730776692,0.0815725654060054,0.05861080607978303,-0.8471789476359843,0.5066169965705718,-0.26758734140493723,0.7612439815812237,0.5540089620557076,0.022145294313722585,-0.010311588426883187,0.17680838170436552,-0.16066822585439983,0.19803287211891704,0.20976413147390896,-0.6844024455368105,0.4523462045747532,0.567729043786877,0.8408129665218111,-0.3514963473094321,0.9164903663828801,0.02466933562519314,0.27787692208144404,0.14970900370864354,-0.21704969269054253,-0.09832031662077087,-0.13222366370355523,-0.03626323739520891,-0.17739159137569577,0.09212219803264945,0.03663639084278828
0.08617488413135772,0.32170841157651286,0.45751448844805875,0.12147738552689023,0.10635696199591047,0.23936634848611033,0.2011957864783978,0.3339090567686222,0.19278117740536843,0.26568276972196453,0.35899506780789964,0.1675019847654906,0.368618308391091,0.3406526193342691,0.41812448144621767,0.25688486677902295,0.4016036633643775,0.06323323968490661,0.07509523412894627,0.8722118883234937,0.5583997006841664,0.4007125114131405,0.7079762990072781,0.4507909935049982,0.2014770895633485,-0.2694820648219194,0.4909451936750924,0.3620511802374969,0.7206257730776692,3.0858532133532997,0.32293363313639817,0.6270802978472817,0.6929654275263901,0.11404072016126238,0.7841133649409323,0.5825943801076923,1.2636700808912782,0.5123568122438368,1.3854757897463377,0.9637252305828066,0.715952112077787,0.5659950185031446,1.1570114649886476,0.9308523580878019,0.7424157015270495,-0.33632611918365884,1.3347281819953014,0.568414996679721,1.796798140543698,0.3391113579363446,-0.45390855408557035,-0.2041283348688687,0.4366295175235663,-0.05834795583821482,-0.105387719635242,-0.04939914065109103,-0.30152815022122736,0.19461915208373343,0.10621019237949576
0.07489475732514494,0.2220604469711926,0.1724409963921762,0.1454642975787657,0.186903598596104,0.19335952938911988,0.2165027567567181,0.18110809020843321,0.10617972418302861,0.16154532053600135,0.2508842426820458,0.2755327005993558,0.17746931157004595,0.22905911790856096,0.17832444346212983,0.1699679178559035,0.28612517531361864,0.17929833337015272,0.1935872510835573,0.4631470021166433,0.37033507879899025,0.17877035048431478,0.1922482465150504,0.10734908480802056,0.5306403319942687,0.29862505051890464,0.3438914585413064,0.291107282379323,0.0815725654060054,0.32293363313639817,1.5442965041089862,0.4197464839035313,0.07606703383836537,0.0657634667923953,0.009748432955175787,1.2456152315389108,0.07974325391932796,0.35105049361527046,0.3279807426891486,0.29965658283716806,0.1895419708005157,0.33417443727135865,0.42019513868939606,0.3711755784556079,0.7376241017888349,-0.11076813531448006,0.23018741728124859,0.27796745136241,-0.3679855376462365,-0.0026680441615233,0.13553721478297395,-0.07790398437218314,0.06797384935870363,-0.1109354809039803,-0.04338714937668041,0.05023927823702065,0.15281339131431412,-0.010427085267482735,-0.2014236363332058
0.025076743337614688,0.3908103255951876,0.2316922969360849,0.26164052371476343,0.3056492934348801,0.36278565377512934,0.1538909870935044,0.3521847944597025,0.11927720090328996,0.2981123217536609,0.3037431085467125,0.2916120855111946,0.31203570508088907,0.19858827165203985,0.20320467988104354,0.21403483532484252,0.2695894303415782,0.11027717116690765,0.26799668048454106,0.6632580968711176,0.3538401849830068,0.6498611374925344,-0.08791546620772522,0.1170275392288003,0.08077207655606504,0.2503479494042339,0.35683371924036217,0.0015681219943096637,0.05861080607978303,0.6270802978472817,0.4197464839035313,2.705642195280089,-0.05510881626366304,0.6716055329744265,0.22339068260745062,1.426675658225995,-0.32972249629442457,0.4528996366660837,0.5300990913168986,0.3434112289107657,1.0237884258381753,0.3764976463574556,0.42062867773223406,0.40002481361988274,0.47600921936853613,-0.026734362797810593,0.36233216640160115,-0.07700136112142021,0.24442435033049056,0.14276326359923378,-0.20106690953359072,-0.11199360144661648,0.1524738860392346,0.08573894361795097,-0.26897916056496946,0.05429477801602296,0.02858050828023641,0.20219459046561128,-0.2680886691833615
0.06877404338638113,0.37344242624857166,0.3757583745045597,-0.01053200270933852,0.04022388783043526,0.09378928265439253,0.1309902013621163,0.06268788417504281,0.2572414384268495,0.012972187156900353,0.1781386220057926,-0.05862711122099695,0.23091318123818175,0.15619451906885368,0.2197946177839471,0.06417685874970638,0.31492534605606687,-0.07437968025309066,-0.06635399958913625,0.2666745432538057,0.49861619067331925,0.3234884709425606,0.3739716035976034,0.14421849900497793,-0.2848701704178559,-0.23815494426468525,0.3777864915708747,0.9555897956180558,-0.8471789476359843,0.6929654275263901,0.07606703383836537,-0.05510881626366304,3.2855747060892733,-0.3253229365705398,0.21633698499651635,-0.17168043376279052,0.8254908523665363,0.2664186177698375,0.9351381149785427,0.3860156385101641,0.6228917702253718,0.42367339908811397,0.5261970687836971,0.30362917243872733,-0.29685534319056417,-0.32236807004783546,0.37703234989805195,0.9189955277757114,1.3764605019335792,0.5836167109684058,-0.7612976451379344,-0.029048593205079545,0.48355823514660795,-0.28288023130786616,-0.006581215128329947,-0.1846467006407185,-0.6239106941878351,0.15299462150729343,0.6890947459193859
-0.029577442935168712,0.29476717388919776,0.42836482638786727,0.47572831937213744,0.3603754863195801,0.39085571799681607,0.30834686538255734,0.4823433580791355,0.24863557960586166,0.5653375760207506,0.35135152372193695,0.365205376080118,0.4338590086566819,0.2669775033587893,0.28806647470504754,0.34472871234650154,0.3294248238060145,0.5380654394154964,0.34205389320499413,0.4406678258234144,0.18215051821040212,0.4473782567491369,0.480373768136993,0.25662379902483945,0.3646710180587276,0.45384671278493577,0.2756065616727881,0.03873590389955139,0.5066169965705718,0.11404072016126238,0.0657634667923953,0.6716055329744265,-0.3253229365705398,2.4383599328893184,0.1018386019203592,0.15512908998548425,0.313672815782199,0.2181066136857058,0.27011757078810966,0.1272670820760708,0.7148872986472874,0.22830069446693277,0.7737881406045979,0.7977328743795852,0.5996138554816457,-0.05803064549445538,0.5521719811151168,0.15225559417401657,1.1629110623984042,-0.24689058746611012,0.23363645600162905,-0.25838549971863034,0.050048633643020556,0.12174275457280734,-0.25844849273862486,0.0906010291761677,-0.34086928741851474,0.3062083728574116,0.05188226259467838
