0.5102446987361303,0.1351939252811008,0.30136614762144903,0.020067384677583126,0.1887760266110006,0.11006019882445228,0.1328544848995182,0.11943975096351854,0.12012811551569647,0.11061953640234568,0.11069497902568017,0.11817382917894174,0.1102316023153041,0.11414179917708972,0.09878986983039106,0.10047030101762415,0.08057975146910147,0.12137862702716927,0.1451641524038205,0.057435846043851796,0.10627540947469531,0.12150425958607307,0.10298342082421562,0.07863591095689847,0.11776030604436104,0.08433138435392723,0.08263232771429185,0.03156751350764502,0.16823748345750397,-0.06440492622268058,0.09368593563446369,0.11300467882900848,0.03621324191846802,0.028909602818102634,0.03763961798432,0.11539260019761104,0.013034427637740561,0.06915579496952792,0.09052242028457963,-0.007469341858996106,0.07232831523342254,0.1032522237381758,0.06010452653191617,0.03520937892647546,0.11082059545436819,0.14002939751906804,0.03729236349018409,-0.05290532818893226,-0.17997289665612445,0.003040604156080274,0.019333556780406953,-0.009767735309468086,0.008253811917714206,-0.007766503088455154,0.11791257389869603,-0.024776100981210483,0.13846312673570846,-0.08299622617218046,-0.11712850466996512
0.1351939252811008,1.959285918611863,0.2672464983819913,-0.35087696693129133,-0.03275537206625779,0.25450489157268386,0.16058106099948458,0.21749023962867733,0.24897447041927462,0.12937769556741177,0.16857476446555028,0.06359072633555425,0.17463833974543372,0.09185777194853367,0.29519993784913295,0.11867752531440001,0.16489108094763077,0.0013017557922990431,0.12737509234842437,0.1793068123777322,0.31738579470442335,0.12402144843679215,-0.28653436393620774,-0.0043166302986448,0.15853999582101624,0.17859866063434468,0.11994962493845428,0.2431270399461469,0.2914677447573782,-0.12545812993489794,0.1374565097464088,0.13195161085771184,0.014891725223530983,0.02975964458290368,0.35087051266073793,-0.13470826864990249,0.1895993151302869,0.11273836552556701,0.16192921122531773,0.09576055978064131,0.10307632751461673,0.31289268844300017,0.2172883580358759,0.013809086813314553,0.539883391074268,0.09219772584203192,-0.05182830713477835,0.10254290294402411,0.44253682542277467,-0.25411796212591176,0.2606581304983052,0.19449761346795577,-0.18495131016656152,-0.0013711801541873203,-0.34428547518434804,0.10494391803566261,-0.00991680226835582,0.3633229011578843,-0.15806499670387852
0.30136614762144903,0.2672464983819913,2.9639032174368456,0.8929689718713579,-0.22578527698276157,0.397058730995609,0.29401625669496595,0.43577471666917916,0.5376199220467317,0.4620352426730625,0.3562224807152672,0.3272697873848576,0.367357383718902,0.2866885949505305,0.3089984603132783,0.26579158304833295,0.3225035914331475,0.4399158177601133,0.2066252088023199,0.17351772523675113,0.3061770204259726,0.43759653357372835,0.37532549285579186,0.2463536740110112,0.1509843677846819,0.41392827610654515,0.2508297218648918,0.17054009123457123,0.5794790299769261,-0.8227789868897727,0.24825564992426621,0.324739100489775,0.15477184665892876,0.2989192416573091,0.04663066259828146,0.4095635775011032,-0.110504657476401,0.23414634390971736,0.09504970596420553,-0.6414922942121365,0.17915811827629322,0.29993910876244056,0.2555365074623243,0.1649079604060291,0.7431033674834039,0.532259278926493,-0.1268809161243982,-0.286780158932368,-0.9523195562059291,-0.029085953876131176,0.14542658256241142,0.38508737676684107,-0.21836521205694887,-0.1264284353201481,0.0014981911527956328,-0.12537180829747763,0.04318255101868508,0.020710384049758928,-0.04968885971089367
0.020067384677583126,-0.35087696693129133,0.8929689718713579,2.541256963787726,0.010905460621647435,0.6189817460407036,0.4296122753515836,0.3859087450354374,0.3789796003833148,0.6263069027176711,0.49366147731959104,0.7225323019462263,0.43622687681513395,0.5898449082544382,0.31605927431896313,0.5708515263256253,0.4949667278474828,0.5735765569491452,0.35215401693853493,0.23914438046992725,0.16519759609135745,0.5321532755400785,0.5461206663913517,0.36250131268614777,0.10787653688294015,0.5348182803735984,0.4273281450139553,0.0881786630277539,0.4766097331694058,-0.2990007921217589,0.32003847953779835,0.5879085533196298,0.2694146088441222,0.3425382525178219,-0.18822173053668012,0.552696188841976,0.04394896406849392,0.2709197866195798,0.12875550945219288,0.004200286212435336,0.14256383576065731,0.1319998594359974,0.34827007155587014,0.19407830293413209,0.07612558695676439,0.4474504581780101,0.21644984012341187,-0.1737623889496888,-0.1734811375989064,0.10276153781281572,0.05766659772341197,0.20049633860086738,-0.13630423826905397,-0.20857042293046796,-0.228992315115543,-0.10348122028929667,0.17080835462201321,0.21749227000033794,-0.1633834815554093
0.1887760266110006,-0.03275537206625779,-0.22578527698276157,0.010905460621647435,1.5933522095935826,0.22954604117516997,0.15649303084445404,0.37665000392665493,0.17129124018920436,0.16929312084570808,0.23398256207703813,0.24489414300107393,0.30119914030347505,0.2158687433766444,0.11933013785250086,0.23672344127045097,0.16956090441128868,0.18533472328905845,0.7614207337768977,0.2840735459500812,0.0905297063521466,0.2398017512482521,0.24030741712198372,0.19216465506760633,-0.015993901399556663,0.26255639615972476,0.20600303539807696,-0.041766070000602284,0.2850262904857002,0.0074853719870607875,0.13081916934478544,0.18396805089153348,0.14805231924415682,0.490742756139237,-0.15651883240801825,0.2965195666044789,0.17542966037046737,0.1058969868123728,0.14095976372454766,0.11049245543593592,0.11871056635088811,0.09385739674183352,0.13949214785150924,0.03390199667875,-0.3689210253152537,0.16972786231491532,0.09696159401744239,-0.03313104994661671,0.01731106250652171,0.44473489840891484,-0.08721070580527811,-0.35772692456974675,0.03591529954337252,-0.15002359705682222,-0.003195254003412973,-0.14941862966240302,0.06141590284633826,0.038090822523703695,0.04060203846287373
0.11006019882445228,0.25450489157268386,0.397058730995609,0.6189817460407036,0.22954604117516997,1.0146647671959268,0.2552388012363428,0.5746838950074424,0.35745394970194794,0.45515343529659774,0.47159057231113943,0.4946085814424563,0.4379307904950973,0.4194059356823943,0.3872632647100291,0.42373235787381425,0.47684093266340477,0.3314635769612962,0.6380399791991815,0.5715047912229455,0.32323102543791266,0.4185446251533292,0.21545396865221883,0.3433996736765449,0.1728846621165073,0.474181302387934,0.4011752672314631,0.25049005821293985,0.6826746828696623,-0.0526427620950726,0.3292889736952284,0.43606113050810874,0.08019086926806562,0.4268469149427748,0.34717631405755084,0.3623053932476904,0.1723863646229929,0.3131768950494534,0.3095554240580459,0.21506190063866457,0.0979269209787278,0.2849150225371108,0.5978886802404297,0.1281433856418816,0.45172229493424787,0.32518984158433256,0.25803997406131657,-0.06723689317827264,-0.03936104678975283,0.18122715890524693,-0.04480645277035107,0.03002353020418713,-0.17779954795014677,-0.06720103139496979,-0.1218934495577084,-0.0785913540592256,0.1759333353873836,0.17375566273038742,-0.15970713141025555
0.1328544848995182,0.16058106099948458,0.29401625669496595,0.4296122753515836,0.15649303084445404,0.2552388012363428,0.4934321507360301,0.22095783600083066,0.25409066766226207,0.21921048360297263,0.26154081034026916,0.34603044736749083,0.25084008696494636,0.20802913677082305,0.13632221094163666,0.24597973173143972,0.25064698869435936,0.24494606530431087,0.21112197433164576,0.1357161792424935,0.1821537393300035,0.28278655242440043,0.23398141665464092,0.19916325407419008,0.15221200891400785,0.2442015693563184,0.20075626617268624,0.08156738331195836,0.2956987219960685,-0.1115662047108992,0.17855387918517132,0.21088609618469986,0.10385785349423332,0.24706124871367685,0.08564774002785967,0.24140871854775475,0.037982637664290525,0.10146330800368683,0.20911488775274778,0.07274877538082135,0.11601557420770882,0.1716566004279523,0.20796631306221988,0.08449096837860805,0.1277336296381821,0.21781984235512222,0.05111340507076413,-0.06384907827693502,-0.009510049372808619,-0.020816610825222914,0.058257309392701295,-0.04037396978701351,0.011908726254770071,-0.09155880510250489,0.0018235776737256148,0.024880267365231783,0.07809959411797364,0.010996144475205513,-0.14766079641346339
0.11943975096351854,0.21749023962867733,0.43577471666917916,0.3859087450354374,0.37665000392665493,0.5746838950074424,0.22095783600083066,1.0092009568327795,0.1738216658652493,0.3639300547829791,0.35951785724309404,0.09265684454752446,0.45099882142812203,0.31154576107946,0.2186748599761444,0.27989068309057114,0.36272743501534366,0.2134384844033318,0.45357944493203434,0.5255448429277805,0.18147168540149047,0.29697227735563436,0.14976879154031322,0.22756228865275022,0.047687312713375916,0.41476722529820514,0.2884573020162318,0.1408268237274556,0.5673762233668235,-0.05677198833837561,0.21090495357183228,0.298717667057555,0.07892027453890604,0.4343597406213083,0.2624729683981747,0.2684480167081241,0.14997803961868766,0.12852448615822334,0.3719659337124721,0.13616727587113933,0.19426005092568494,0.15648008406581165,0.39772892856879816,0.09440222751077672,0.2821891253388343,0.277833690117845,0.17376947164658993,-0.026446298983973698,0.15820733376882212,0.20358559575397803,-0.010194979653095322,-0.1605975988750682,0.0142082036834079,-0.07602031174166946,-0.16262281007318513,-0.2266392960319804,0.30110342470347595,0.23145840835828704,-0.09499791787950934
0.12012811551569647,0.24897447041927462,0.5376199220467317,0.3789796003833148,0.17129124018920436,0.35745394970194794,0.25409066766226207,0.1738216658652493,0.7303189584226936,0.3068433007893638,0.2873843910299972,0.33884294564986367,0.3230724735022067,0.25452912845391185,0.23524125995159711,0.2352159482707392,0.23276505939740855,0.32368678656826794,0.29606906306431713,0.1394150275316501,0.1923249839207496,0.4486852547124915,0.3392591551555699,0.2805776465066573,0.10561101569844435,0.325383262737636,0.2201135586344973,0.1029267820600912,0.3461602365830997,-0.06360505812185048,0.25474510617732665,0.2596934487681024,0.1440623700662804,0.20545338282271056,0.10171858900324574,0.37752319938204704,-0.054424162924747936,0.12982464237982924,0.22532664608200692,0.049540940950645936,0.16181038717771729,0.18415417843473508,0.21980862634005793,0.10684095250060362,0.20317638916036362,0.3387107258871606,0.15326453679545204,-0.130013979021284,0.09904375749255542,-0.1080091956589078,0.1490636757900857,-0.03587080354553038,0.07526103805324769,-0.12420848714389875,0.034342487704425315,0.12705862104595764,0.006845118587860169,-0.09033753212522173,-0.09129265377458465
0.11061953640234568,0.12937769556741177,0.4620352426730625,0.6263069027176711,0.16929312084570808,0.45515343529659774,0.21921048360297263,0.3639300547829791,0.3068433007893638,0.8568546840675971,0.4206953061513515,0.42531464675568537,0.40644499965155434,0.3325478481948179,0.2826093059591005,0.35592111851915054,0.35372057230102993,0.3379397190857727,0.34600338291594657,0.3915943372441789,0.20603640702588533,0.3650134896626579,0.28587226762821066,0.3033483627388273,0.13780045219328255,0.3693952034678251,0.32034985629662777,0.1969165546568629,0.5518421376482031,0.0018559177955469344,0.29819406938981924,0.3258567775884025,0.11712884594445377,0.44045984140559835,0.2728682778138669,0.4093125547520985,0.06662236349254541,0.17313678520335998,0.24308396924119882,0.12404675847209178,0.2792043777304683,0.18702901526053647,0.4313671500952692,0.11716693484622685,0.3012373582016316,0.3459998946986906,0.20453637159730195,-0.09713790863343712,-0.16109773740612282,-0.028685584246612255,0.02751833035878304,0.041728327585706514,-0.026660068741516996,-0.02586481895415033,0.06704425523071499,0.10772093030330773,-0.07587542075265566,-0.07320305660210218,-0.0172417125122107
0.11069497902568017,0.16857476446555028,0.3562224807152672,0.49366147731959104,0.23398256207703813,0.47159057231113943,0.26154081034026916,0.35951785724309404,0.2873843910299972,0.4206953061513515,0.6110360482638568,0.4517172739699492,0.39705105284252823,0.3188046575560191,0.3200036667564184,0.37264376775531344,0.41850224858089524,0.3381739366730735,0.35992457799916866,0.3708046864837073,0.2410025314653685,0.35841893544920694,0.2923794309489555,0.29078819337926204,0.15826100733817997,0.3473348435825148,0.31923771177046434,0.17583195768206597,0.5399510206040898,-0.056073505110924605,0.2800068408927202,0.30115036818596136,0.12849561835681192,0.40037065811946737,0.28741623728146903,0.3845860129720227,0.11576802934466379,0.17755594292735463,0.29736316756915626,0.17219377316079554,0.2258032879857773,0.2219717829485639,0.3876215317423288,0.10924765490174658,0.22014324762957393,0.3254310226886374,0.17376405649196217,-0.06296545034948738,-0.08016802493213783,-0.012296004194487441,0.02463093062966358,-0.02924738591494694,0.09579584303464561,-0.07640698811035551,-0.03842415543521497,-0.07254967385291258,0.09124307285668651,0.05254061768455665,-0.09540477502847555
0.11817382917894174,0.06359072633555425,0.3272697873848576,0.7225323019462263,0.24489414300107393,0.4946085814424563,0.34603044736749083,0.09265684454752446,0.33884294564986367,0.42531464675568537,0.4517172739699492,0.8626953557432285,0.3042451907137967,0.36650548295940943,0.28329198587977705,0.43441403141053514,0.40927103304400025,0.4819782760261604,0.41111390945043325,0.21312649708740408,0.2563974816145491,0.388960716745693,0.33865267525952725,0.25481536673014876,0.2152436676277322,0.3754559496063541,0.3617491830724326,0.17474254624180405,0.40267644986770246,-0.10160463947050703,0.31876172199609143,0.3555493952574004,0.17443296948974324,0.32885742022362086,0.186105364784101,0.40379372326636903,0.10729492168831993,0.24125796099472663,0.16932073363921407,0.15646198706564704,0.1408182668624958,0.2339805806494712,0.4255278595176254,0.11239268846632129,0.24081094548371235,0.3282919058632327,0.21289489260142114,-0.08303531568712372,-0.1992517658563591,0.02545456886024114,0.0644023210119958,0.06238199558161997,-0.03793096674132746,-0.13513259266146138,-0.028618423727241958,0.0845803727405811,-0.004720403183802099,0.057298636502875436,-0.23910317904370756
0.1102316023153041,0.17463833974543372,0.367357383718902,0.43622687681513395,0.30119914030347505,0.4379307904950973,0.25084008696494636,0.45099882142812203,0.3230724735022067,0.40644499965155434,0.39705105284252823,0.3042451907137967,0.6435517340466299,0.3224074970736901,0.17985139628478328,0.34926478079618106,0.33802026737851115,0.30771407449880883,0.37693678984990914,0.3049045902565344,0.1923888702965092,0.4114693480604655,0.2793950458708765,0.24770221876358584,0.049139145373923665,0.29396672231694654,0.32474297095456,0.17394704027971444,0.5678084331317814,-0.05992406093156834,0.21939090444143036,0.306753143644264,0.1722448873465318,0.37406949438276355,0.2218202474709591,0.4119318021020157,0.08950390442691156,0.07930206828078985,0.3090366401528452,0.14685742841351007,0.22304803632023104,0.1731778672604897,0.3060218315889178,0.1170725504623566,0.07892878299741189,0.33845070568670943,0.15778054849910755,-0.10514941052184615,0.007321757293047596,0.11649594695202639,0.06846504709262097,-0.12826419100812453,0.023490240485839066,-0.10717539019111326,-0.019720109334255997,-0.17943371102401065,-0.030783198190387263,-0.03705494590255092,0.19620263360364157
0.11414179917708972,0.09185777194853367,0.2866885949505305,0.5898449082544382,0.2158687433766444,0.4194059356823943,0.20802913677082305,0.31154576107946,0.25452912845391185,0.3325478481948179,0.3188046575560191,0.36650548295940943,0.3224074970736901,0.5932533520285767,0.3080435899095934,0.42869229186180013,0.33356465597459045,0.27375553238337946,0.3207579957941323,0.2753617775062208,0.16182599834305653,0.3522730685442645,0.27416852848951156,0.2649629333998366,0.09597809850460516,0.3705222492400284,0.315384662773555,0.13168437840702377,0.4139583400698861,0.012186860577526529,0.23507694256109402,0.5249093435453988,0.14103691805564322,0.22956165027063338,0.15590014161979054,0.3474745272181663,0.11653357483373111,0.18704806533808394,0.0964400595070423,0.15047608933552759,0.1935512880657446,0.14326520228183123,0.28416930682273694,0.09890523370217887,0.13116366157784695,0.32097431277992117,0.21327811028349067,-0.056598524859868674,0.16268622053178494,0.016512931657777376,0.008050982767182925,-0.025696477946780632,0.07338226963585824,-0.02140978082983706,-0.13538563438610224,-0.1172240681241986,0.1434738027279409,0.10153535758479082,0.004667815971709769
0.09878986983039106,0.29519993784913295,0.3089984603132783,0.31605927431896313,0.11933013785250086,0.3872632647100291,0.13632221094163666,0.2186748599761444,0.23524125995159711,0.2826093059591005,0.3200036667564184,0.28329198587977705,0.17985139628478328,0.3080435899095934,0.6693798568071601,0.3165096342862163,0.32281641706362607,0.21015987218460233,0.2812383051695782,0.3060898589915172,0.19031310188826212,0.23003867194931268,0.29091709665735904,0.2935697187227273,0.1366643402407288,0.3066754334620192,0.22822937686396874,0.1941598284852698,0.4396791758117092,-0.06826567170461902,0.2051819080786622,0.30665418796148836,0.06371142120788131,0.235138234383381,0.20687913053171822,0.28512073870956145,0.07865517983205286,0.16499167718829805,0.0915863834498709,0.09548020524931745,0.21385924649726992,0.18064126196395364,0.29340631146019874,0.08144912015662611,0.15483288361807332,0.2298116513796135,0.09205059799931045,-0.0460129614221477,-0.14608812110522493,0.005977470720240955,-0.08103286432493902,0.30956864787941696,-0.20319005681253102,0.030962093960913553,-0.02711153025405853,0.0539053319806199,0.03150695632967759,0.05151636515844694,-0.09053886175567682
0.10047030101762415,0.11867752531440001,0.26579158304833295,0.5708515263256253,0.23672344127045097,0.42373235787381425,0.24597973173143972,0.27989068309057114,0.2352159482707392,0.35592111851915054,0.37264376775531344,0.43441403141053514,0.34926478079618106,0.42869229186180013,0.3165096342862163,0.623449730643569,0.4315155512208547,0.3277995966449853,0.33991878965486466,0.29906428837961907,0.20576011309648534,0.40682388531364777,0.27176164262449315,0.252850484756084,0.11914376891755667,0.26860894242138117,0.3513145677834667,0.18825325714947455,0.48303043268046186,-0.004717951587239745,0.2699810394711841,0.38545259990081393,0.13295001075615445,0.31241995088397334,0.2820465332774561,0.3493049275412627,0.17256291655633774,0.19759821922791052,0.21935671584647676,0.2168047606954327,0.2152736451369706,0.18937325568511837,0.4412648411977778,0.10875562702977838,0.16499698013442776,0.308454930998164,0.20898269725266297,-0.07847270992984326,0.11066177667348734,-0.04379209959996842,0.026484133114169306,-0.0039141076986914155,0.057674592993565726,-0.07024672280402763,-0.14503073261179886,-0.03499477546011716,-0.040984509345603166,0.2032738435350969,-0.03032511418526854
0.08057975146910147,0.16489108094763077,0.3225035914331475,0.4949667278474828,0.16956090441128868,0.47684093266340477,0.25064698869435936,0.36272743501534366,0.23276505939740855,0.35372057230102993,0.41850224858089524,0.40927103304400025,0.33802026737851115,0.33356465597459045,0.32281641706362607,0.4315155512208547,1.0098963579240317,0.3758635651536875,0.34458224695307244,0.46294666209645186,0.24381922105685072,0.37369175964666485,0.22159125381260913,0.20635051791073575,0.317769158045737,0.1646037920997199,0.33464900063832853,0.26075323944463896,0.5950956442816945,-0.06335892052330633,0.328247189374522,0.28988690431967656,0.192173055972241,0.37957211471939356,0.3573649496465308,0.29950604938163894,0.45864560773504987,0.3642418316920093,0.4029782094291643,0.24175356369394485,0.18916851634812684,0.2160294195419695,0.6108059015474613,0.1266084476418535,0.3282483227609891,0.31167035632632606,0.22657212581510391,-0.0068652640498932235,0.06500093783637652,0.16398272473924755,0.01865703651822264,0.04253142189216151,0.05732211186780311,-0.13225484497539208,-0.09231174846373724,-0.12881451211437384,0.025810943811260048,0.1907568826736872,0.03378822850765804
0.12137862702716927,0.0013017557922990431,0.4399158177601133,0.5735765569491452,0.18533472328905845,0.3314635769612962,0.24494606530431087,0.2134384844033318,0.32368678656826794,0.3379397190857727,0.3381739366730735,0.4819782760261604,0.30771407449880883,0.27375553238337946,0.21015987218460233,0.3277995966449853,0.3758635651536875,1.3469880774458924,0.35797661901013833,-0.16620855791430258,0.17750800008487128,0.4370588050776495,0.48310979495792883,0.0451526349611007,0.19397041782055918,0.4939994426215475,0.21331980627777816,0.30785114987733625,0.31360896952445105,-0.03974613522248467,0.4819986580077637,0.22163609502914705,0.3575659549564481,0.32224234300823557,0.18342796181173032,0.6391485252900417,0.13647580927872335,0.14628265499869317,-0.018758176793264053,0.07537107253066043,0.32495411492403664,0.12680911253185137,0.5757144998870313,0.1085256356004186,0.5071406744456188,0.40459010116925037,0.626222933483256,-0.16607387588127526,-0.549262837215803,-0.09680319152812793,0.27054909581265996,0.19486626049592062,-0.12609377535883395,-0.18544905004835802,-0.02179411278868929,0.08510853834317529,-0.1374444111404825,0.17000897771682888,-0.1817365091319146
0.1451641524038205,0.12737509234842437,0.2066252088023199,0.35215401693853493,0.7614207337768977,0.6380399791991815,0.21112197433164576,0.45357944493203434,0.29606906306431713,0.34600338291594657,0.35992457799916866,0.41111390945043325,0.37693678984990914,0.3207579957941323,0.2812383051695782,0.33991878965486466,0.34458224695307244,0.35797661901013833,1.022762944852926,0.41446216945391845,0.23172062693924483,0.341317500400599,0.23974235422732607,0.26266316863850714,0.057695555778151615,0.3406072658800556,0.31434453199274054,0.19842977733386555,0.45187116750096196,-0.18676337081188168,0.2742191546811917,0.33529229915872105,0.11009117991599844,0.3893788096460553,0.08931331280839727,0.3323434904365438,-0.013447155712818725,0.25098280724859434,0.2025901940398773,0.22359549588781705,0.11668585488606108,0.20229757434981738,0.4075454117707556,0.08685957939475024,0.2529797741768657,0.30277154408330653,0.11006258052178965,-0.06505715570410411,-0.18233909972514545,0.08469189898460845,0.32107617600185684,0.3070579091239685,-0.4005027724965634,-0.20196529326110851,-0.059470062020752626,-0.04514709095144924,0.0633030417173172,0.11180224730508613,-0.08425974010398893
0.057435846043851796,0.1793068123777322,0.17351772523675113,0.23914438046992725,0.2840735459500812,0.5715047912229455,0.1357161792424935,0.5255448429277805,0.1394150275316501,0.3915943372441789,0.3708046864837073,0.21312649708740408,0.3049045902565344,0.2753617775062208,0.3060898589915172,0.29906428837961907,0.46294666209645186,-0.16620855791430258,0.41446216945391845,1.679532955415869,0.1208159971131513,0.16299816880815976,0.09683046439817718,0.38525779847287916,-0.14984264466549332,0.2880440236001608,0.45334145905069595,0.2792227983286993,0.932345406536096,0.19005953119189883,0.2834427653715205,0.30285958355381104,0.11301923273480877,0.6396563856694478,0.5165985086581222,0.30624521764630935,0.5089730905622386,0.3735861625990307,0.45571459371271666,0.4642823400919943,0.24334856580160366,0.0844143462022974,0.9607498398824077,0.0763530705842133,0.6379132116753276,0.27003624186808545,-0.004148157669655357,0.1132561040484756,0.1128178513467965,0.0831018594852455,-0.11827600006897405,-0.09449067451819707,0.11316719567158737,-0.0363006180537293,-0.0177282048820674,-0.18965485804168467,0.003874045311525795,0.15420992990373386,0.08308544805832721
0.10627540947469531,0.31738579470442335,0.3061770204259726,0.16519759609135745,0.0905297063521466,0.32323102543791266,0.1821537393300035,0.18147168540149047,0.1923249839207496,0.20603640702588533,0.2410025314653685,0.2563974816145491,0.1923888702965092,0.16182599834305653,0.19031310188826212,0.20576011309648534,0.24381922105685072,0.17750800008487128,0.23172062693924483,0.1208159971131513,1.0898126949515,0.24234791186340718,-0.058784926878997,0.03596743490452226,0.37820238100977654,0.12920131998002363,0.15936869473004386,0.3393720889314897,0.2509123016603517,-0.03529257705021999,0.1944167443716488,0.16878468575468364,0.13273773218808507,0.23328252045597278,0.4717061867949384,-0.055321843669159855,0.13493861758780615,0.4648446479571807,0.33023191663086926,0.1273056204705034,0.13744602353134036,1.0221587332191777,0.5818969764977635,0.13421577529239875,1.2496842276668885,0.10912843232273173,0.15061752904275444,0.1355044901226476,-0.4236206489176306,0.0007095088145501235,0.12250420149544512,-0.059215833906356256,-0.14572272125906768,-0.007992641699946438,-0.07716583599313513,-0.02414467253855098,-0.02576610671162653,0.18507510218819187,-0.10056805662444483
0.12150425958607307,0.12402144843679215,0.43759653357372835,0.5321532755400785,0.2398017512482521,0.4185446251533292,0.28278655242440043,0.29697227735563436,0.4486852547124915,0.3650134896626579,0.35841893544920694,0.388960716745693,0.4114693480604655,0.3522730685442645,0.23003867194931268,0.40682388531364777,0.37369175964666485,0.4370588050776495,0.341317500400599,0.16299816880815976,0.24234791186340718,0.8128993724771035,0.3932472035483281,0.25844687768910585,0.018151202308679115,0.2783071751872094,0.29478367935503336,0.153199054964721,0.5246986424958515,0.000795705482939031,0.31121593067678976,0.35632553558097596,0.18989250286700873,0.3519099983151347,0.16890099565805106,0.5148276150325312,0.053653501030650655,0.23426803163217425,0.2968481475454799,0.115224335049898,0.22765815541635032,0.2308669883827573,0.33343860873859654,0.13179982646500724,0.11637026376173636,0.42178293054301286,0.2609052536735674,-0.27065871122458934,0.39539102172322554,0.007602390232417528,0.06921979842859931,-0.10835559531795223,0.04979775273982031,-0.10904690283746105,-0.05690590207090801,-0.030196470766787664,-0.014106632335938193,0.0438583087188657,0.00447818184842557
0.10298342082421562,-0.28653436393620774,0.37532549285579186,0.5461206663913517,0.24030741712198372,0.21545396865221883,0.23398141665464092,0.14976879154031322,0.3392591551555699,0.28587226762821066,0.2923794309489555,0.33865267525952725,0.2793950458708765,0.27416852848951156,0.29091709665735904,0.27176164262449315,0.22159125381260913,0.48310979495792883,0.23974235422732607,0.09683046439817718,-0.058784926878997,0.3932472035483281,1.4245302006308573,0.5590951695309673,0.15850264111356477,0.24885485070567837,0.179848555054844,-0.08753731260285941,0.619366518034815,-0.05583212807406672,0.05528340411463589,0.23739292345287277,0.08831780030815507,0.36971988479716955,-0.17166312257818536,0.8884634280758591,-0.3065768282367954,-0.021341655416047427,0.08367277808873218,0.13632520509619067,0.36138272226856644,-0.0710704590874229,0.23365233371698987,0.20949736936995839,-0.4274905311829975,0.4426058198044578,0.17701757181815478,-0.3190932791049433,-0.9612956588479067,-0.04169255823093626,0.06871107061179367,0.011058994121856503,0.03379525023507796,-0.07953330393480858,0.13330331136564547,0.030255928283022163,-0.09498271855753934,-0.187255545459911,0.07323991566473091
0.07863591095689847,-0.0043166302986448,0.2463536740110112,0.36250131268614777,0.19216465506760633,0.3433996736765449,0.19916325407419008,0.22756228865275022,0.2805776465066573,0.3033483627388273,0.29078819337926204,0.25481536673014876,0.24770221876358584,0.2649629333998366,0.2935697187227273,0.252850484756084,0.20635051791073575,0.0451526349611007,0.26266316863850714,0.38525779847287916,0.03596743490452226,0.25844687768910585,0.5590951695309673,1.3787675905431285,0.3199938743541594,0.24201623181958046,0.22422532973854922,0.10763585985395344,0.3931425000844867,0.33415185727159824,0.4620990015614735,0.2584139071171854,0.08143056502450868,0.38696773189985245,0.19805701716132876,0.6372216351730555,-0.010637065500869767,0.0796463245297247,0.24166142499367435,0.03567338658953293,0.37405599983159465,0.04341141915982359,0.0917554573216596,0.1376206325505325,-0.02228716289014656,0.40315396055584685,0.2305581315440355,-0.11857768870873076,-0.47758504383053657,0.04202362410149878,-0.04826589137899698,-0.06871920052918488,0.07102330327158302,-0.07468137431183126,0.22046070162999892,0.12416643448344801,0.18525580916291223,-0.5349189155750311,0.08137515035889463
0.11776030604436104,0.15853999582101624,0.1509843677846819,0.10787653688294015,-0.015993901399556663,0.1728846621165073,0.15221200891400785,0.047687312713375916,0.10561101569844435,0.13780045219328255,0.15826100733817997,0.2152436676277322,0.049139145373923665,0.09597809850460516,0.1366643402407288,0.11914376891755667,0.317769158045737,0.19397041782055918,0.057695555778151615,-0.14984264466549332,0.37820238100977654,0.018151202308679115,0.15850264111356477,0.3199938743541594,3.5282956048453644,-0.23897975520054732,0.053386271523987484,0.15839444306204434,0.4026558994815772,0.4808795219422799,0.1801943461473978,0.11442420334231938,0.10425442153937986,0.7171023891181856,0.38667164647554186,-0.04764549608284755,0.4760029096330919,0.5830201812242354,0.891114320159257,-0.09211215716637094,0.02561716523976343,0.4088589778090525,0.5814354059006989,0.15243054712510087,0.5632070330867829,0.3941656721908713,0.38392715808251177,0.08370060234282045,-0.7803718847061082,-0.17321399030979698,-0.026026296069275177,-0.11589785162332797,0.1300172336689952,-0.016612706393451627,0.1252440913387373,0.34277921643598,0.24926663120284706,-0.18855711374497106,-0.3713637182931748
0.08433138435392723,0.17859866063434468,0.41392827610654515,0.5348182803735984,0.26255639615972476,0.474181302387934,0.2442015693563184,0.41476722529820514,0.325383262737636,0.3693952034678251,0.3473348435825148,0.3754559496063541,0.29396672231694654,0.3705222492400284,0.3066754334620192,0.26860894242138117,0.1646037920997199,0.4939994426215475,0.3406072658800556,0.2880440236001608,0.12920131998002363,0.2783071751872094,0.24885485070567837,0.24201623181958046,-0.23897975520054732,1.9747197333010185,0.25138898586049974,0.24611861498366056,0.054556237145463676,-0.07569834405601812,0.3556564199191484,0.38594811770554294,0.26678324918274504,0.5145130543528096,0.14839482404977922,0.5343189102642429,-0.1759894203793488,0.14229841694131037,-0.8470688511614021,-0.010290397262698672,0.48215612829371746,0.11458048374631052,0.5374891320926297,0.06316175682077278,0.35145142011365454,0.3249027854576927,0.21226093604602947,-0.016964566689754955,-0.13413317135601224,0.356365960785974,-0.12451563974463048,-0.055932245070266035,-0.21492654893156246,-0.11586653415016036,-0.10706359415134933,0.07664299734945665,-0.011092018078916665,0.2398124681468402,-0.19907021807394978
0.08263232771429185,0.11994962493845428,0.2508297218648918,0.4273281450139553,0.20600303539807696,0.4011752672314631,0.20075626617268624,0.2884573020162318,0.2201135586344973,0.32034985629662777,0.31923771177046434,0.3617491830724326,0.32474297095456,0.315384662773555,0.22822937686396874,0.3513145677834667,0.33464900063832853,0.21331980627777816,0.31434453199274054,0.45334145905069595,0.15936869473004386,0.29478367935503336,0.179848555054844,0.22422532973854922,0.053386271523987484,0.25138898586049974,0.5760929661031119,0.20301306552146836,0.43827147883989515,0.006004373988276375,0.2421154770086317,0.37891022393515855,0.19121738639859095,0.289851004898173,0.2194308296515229,0.3247340689618483,0.20811471666770717,0.16521466696381565,0.21378919981017414,0.1906963260821601,0.2009200137977432,0.1431096553924618,0.3926205066040946,0.0874383114154691,0.1743939426523922,0.3247661791071269,0.13161561447248646,-0.03652536215076791,-0.04443916123767161,0.07043826878648625,0.007366812765833963,-0.006943499894323309,-0.009136530545672079,-0.06693250653505876,-0.05886173451034316,-0.07363026667114152,0.004199054403629787,0.08512156843568373,0.008616204278890469
0.03156751350764502,0.2431270399461469,0.17054009123457123,0.0881786630277539,-0.041766070000602284,0.25049005821293985,0.08156738331195836,0.1408268237274556,0.1029267820600912,0.1969165546568629,0.17583195768206597,0.17474254624180405,0.17394704027971444,0.13168437840702377,0.1941598284852698,0.18825325714947455,0.26075323944463896,0.30785114987733625,0.19842977733386555,0.2792227983286993,0.3393720889314897,0.153199054964721,-0.08753731260285941,0.10763585985395344,0.15839444306204434,0.24611861498366056,0.20301306552146836,0.9635293147467683,0.22218351563122454,0.25686657379008887,0.34351265468610975,0.16073956671221337,0.5143671716825755,0.24372901697723795,0.7402325774792249,0.2827604344259428,0.47621215393292887,0.2330245001737833,0.1207408787717593,0.11656789501813607,0.30580874445650685,0.3346976935393208,0.5372588052968483,0.13383703515416226,0.681768369758627,0.13426011949043232,0.3030131693422716,0.16310190308381345,-0.18672729871733962,0.19595926627421656,0.02315994862967557,0.4553394327645417,-0.6565096966247628,-0.008720242162679847,-0.029799737898491326,-0.017182392476426958,-0.12935353464585353,0.05722340981719749,0.05982756690902153
0.16823748345750397,0.2914677447573782,0.5794790299769261,0.4766097331694058,0.2850262904857002,0.6826746828696623,0.2956987219960685,0.5673762233668235,0.3461602365830997,0.5518421376482031,0.5399510206040898,0.40267644986770246,0.5678084331317814,0.4139583400698861,0.4396791758117092,0.48303043268046186,0.5950956442816945,0.31360896952445105,0.45187116750096196,0.932345406536096,0.2509123016603517,0.5246986424958515,0.619366518034815,0.3931425000844867,0.4026558994815772,0.054556237145463676,0.43827147883989515,0.22218351563122454,3.1721321125362083,-0.5048623571559342,0.030249130416301825,0.4255821850797445,-0.17571471269919492,0.72837836563265,0.6379020281128253,0.8204235346895214,-0.3993027884408149,-0.2472782895611934,0.61842199567483,0.39219916063749405,0.9554822373082361,0.21246402711453122,0.7297649248395198,0.030497513771108615,0.2799673325373511,0.5554345116933908,-0.16371737242790302,-0.5059884297669945,-0.9888446736555254,0.1886369856554767,-0.050996913636499705,-0.28247031182683996,-0.12642738033846485,0.10112114720670168,0.019567758968588065,-0.2598497284458796,-0.1269981944091325,0.08524040345905805,0.2272753815393365
-0.06440492622268058,-0.12545812993489794,-0.8227789868897727,-0.2990007921217589,0.0074853719870607875,-0.0526427620950726,-0.1115662047108992,-0.05677198833837561,-0.06360505812185048,0.0018559177955469344,-0.056073505110924605,-0.10160463947050703,-0.05992406093156834,0.012186860577526529,-0.06826567170461902,-0.004717951587239745,-0.06335892052330633,-0.03974613522248467,-0.18676337081188168,0.19005953119189883,-0.03529257705021999,0.000795705482939031,-0.05583212807406672,0.33415185727159824,0.4808795219422799,-0.07569834405601812,0.006004373988276375,0.25686657379008887,-0.5048623571559342,3.8744647335729487,0.4034381984799557,-0.09902237271482925,0.4761992503027921,0.15154503711844539,0.5863431335412974,0.871492954816061,0.9206959858706545,0.3509027438803256,0.6107359863793148,0.02619819083737091,0.5021341201552498,-0.028474312774893436,0.6460148867600434,0.05065460521348337,0.7805122457443808,0.49363474430027854,1.9057196333833395,0.14543367451333508,-0.6415607363007869,-0.07934050873840687,-0.3176062012556648,-0.9258028908700192,0.8915755158448871,-0.00956480594316494,0.2610184574088883,0.07742953612938616,-0.059909645561558623,-0.20067243434184565,0.018889832631002888
0.09368593563446369,0.1374565097464088,0.24825564992426621,0.32003847953779835,0.13081916934478544,0.3292889736952284,0.17855387918517132,0.21090495357183228,0.25474510617732665,0.29819406938981924,0.2800068408927202,0.31876172199609143,0.21939090444143036,0.23507694256109402,0.2051819080786622,0.2699810394711841,0.328247189374522,0.4819986580077637,0.2742191546811917,0.2834427653715205,0.1944167443716488,0.31121593067678976,0.05528340411463589,0.4620990015614735,0.1801943461473978,0.3556564199191484,0.2421154770086317,0.34351265468610975,0.030249130416301825,0.4034381984799557,1.2665778485381634,0.20885907191197275,0.27087312888278375,0.2002964258324076,0.3976689123510654,0.611705675168898,0.4431228668267983,0.29220496580775823,0.16325500857655648,0.0535386484930925,0.33816790076515846,0.1781361617667673,0.34598582587732923,0.0862883329759088,0.5897972445849534,0.42247189824275017,0.49614811708385653,-0.00570625138854557,-0.2702942953435798,0.05781304474598862,0.03720577637196787,0.04844502374073082,0.006044984823245082,-0.1401443776521959,0.08597957833263596,0.1758361218024635,0.1307484512653193,-0.18011687518486463,-0.1652392721727324
0.11300467882900848,0.13195161085771184,0.324739100489775,0.5879085533196298,0.18396805089153348,0.43606113050810874,0.21088609618469986,0.298717667057555,0.2596934487681024,0.3258567775884025,0.30115036818596136,0.3555493952574004,0.306753143644264,0.5249093435453988,0.30665418796148836,0.38545259990081393,0.28988690431967656,0.22163609502914705,0.33529229915872105,0.30285958355381104,0.16878468575468364,0.35632553558097596,0.23739292345287277,0.2584139071171854,0.11442420334231938,0.38594811770554294,0.37891022393515855,0.16073956671221337,0.4255821850797445,-0.09902237271482925,0.20885907191197275,0.9916394159458902,0.16406038572481038,0.06546000611519265,-0.0027944244268871387,0.2955252299356751,0.05859371347866461,0.23534086324738196,0.018608369063524543,0.15305939222849982,0.09037569091452685,0.14697959503492744,0.22650792654526178,0.07320512378648646,0.14072275004943255,0.35618015391404473,0.10946929703398658,-0.06519190056746642,0.19376796167462848,0.14245794798379605,0.055903899190897256,0.14375600425410107,-0.3141618074458705,0.02426074665207594,-0.13286766196354693,-0.10168495079104013,0.12486350339262961,0.09628985906942149,-0.017329437091901732
0.03621324191846802,0.014891725223530983,0.15477184665892876,0.2694146088441222,0.14805231924415682,0.08019086926806562,0.10385785349423332,0.07892027453890604,0.1440623700662804,0.11712884594445377,0.12849561835681192,0.17443296948974324,0.1722448873465318,0.14103691805564322,0.06371142120788131,0.13295001075615445,0.192173055972241,0.3575659549564481,0.11009117991599844,0.11301923273480877,0.13273773218808507,0.18989250286700873,0.08831780030815507,0.08143056502450868,0.10425442153937986,0.26678324918274504,0.19121738639859095,0.5143671716825755,-0.17571471269919492,0.4761992503027921,0.27087312888278375,0.16406038572481038,1.3067882708811114,0.2085653818221616,-0.15482636114691892,0.30178960768025365,0.8440293399331218,0.2949636179888358,0.0930393583932093,-0.13690290166471963,-0.06383662514966888,0.1381705083542066,0.2902285425856681,0.15491321320840648,0.1707808206139894,0.17799184492182213,0.5264110112119186,0.19652828728566268,-0.2416399577784649,0.29119929554876695,-0.13055152388195568,-0.01422359121265637,0.015121457660072812,-0.1896225015531922,0.029117021314391752,-0.1841889841434319,-0.1622247976879805,0.017860751604048496,0.22599298458851955
0.028909602818102634,0.02975964458290368,0.2989192416573091,0.3425382525178219,0.490742756139237,0.4268469149427748,0.24706124871367685,0.4343597406213083,0.20545338282271056,0.44045984140559835,0.40037065811946737,0.32885742022362086,0.37406949438276355,0.22956165027063338,0.235138234383381,0.31241995088397334,0.37957211471939356,0.32224234300823557,0.3893788096460553,0.6396563856694478,0.23328252045597278,0.3519099983151347,0.36971988479716955,0.38696773189985245,0.7171023891181856,0.5145130543528096,0.289851004898173,0.24372901697723795,0.72837836563265,0.15154503711844539,0.2002964258324076,0.06546000611519265,0.2085653818221616,2.9464963860508697,0.5833207558976323,0.45636502948676577,0.5653375483746874,0.07357482332863795,0.32155409101169313,-0.2959738795201022,0.3091591426328118,0.20918594011380745,1.0281750832130045,0.1142207982193636,0.39365241604678836,0.09765289321301786,0.24822922724184257,0.03673501048553875,0.39182328796128507,-0.111363764841544,-0.1429018965103222,-0.4117246112437402,0.3735125452819019,-0.11931572329171748,0.0582515431178234,-0.11406741588327654,-0.0773454252084719,0.05136568187753849,0.11261366124008225
