1.6190619270396023,0.14094143011519572,0.8891137203552176,0.17012483207382187,0.44321058546937814,0.12580650812338112,0.23486692914730342,0.27192402453833386,0.3194688855401705,0.23368649885468293,0.17200853923725276,0.243125056521683,0.1331680062891983,0.16050985958179792,0.25236394096962445,0.13410740188929055,0.08269333699268186,0.42351334657353146,0.2692566768822404,0.1330424556640551,0.12685227791401343,0.24962846049886253,0.36129288421980016,-0.0022764262794334506,0.2016175345386684,0.14429487156322332,0.11156457856930599,-0.1261306008579374,0.2269804640480357,0.2630967480427301,0.2744285311923172,0.02121458022206287,0.12862614211793147,-0.36705829265659595,0.22898474408116457,0.25958569468222614,0.1081542607025596,0.10144118738592868,0.3684379076329347,-0.015548849304566287,0.098210165680498,0.06447200200222329,0.11380839758394438,0.024782266789542616,0.37551054188118804,0.3136574821589242,0.1306646859191853,-0.18629648530219423,-0.02018128331080955,0.04485661534868744,0.061640848111206445,0.1394603417441325,-0.14289015892436466,-0.06067405028934037,0.2124483707294126,-0.02484641657102465,0.35504340724831496,0.07004220957414646,-0.6829267542410815
0.14094143011519572,2.3182296155070055,0.07398261728402887,-0.880524549022022,-0.17338384479693258,0.44524869700706016,0.0962371523092832,0.04935989437721895,0.2153823458749636,0.11209704359210423,0.0402199559286821,0.07490783522619511,0.04989606851906838,0.019527435534080356,0.02797845297592332,0.019211986423450317,-0.05765328848435321,0.48601316459496763,0.037899255270989404,-0.059885469391141526,0.17764545986668656,0.1327023709256277,-0.10052355741708525,0.062372137175209535,0.04405558227128652,0.15124915071619166,0.2369759935115776,0.2973845076934723,0.13571704974641016,0.059022501293229515,0.09282031082990878,0.05177275148637927,0.09058173775363683,0.04914980031073297,0.2561865825392496,0.029026598401485318,0.3344929545657526,-0.019787937945734763,0.07683918638272705,0.05667410006930503,0.055494691770652936,0.10692578783967745,0.22209325976703662,-0.026911974524686116,0.21537017024798663,0.1218060008170777,0.14802369219023062,0.019433315648632623,0.2541139968528605,-0.18821493455006635,0.32977199867858104,0.45398442560274394,-0.3487148852432886,-0.18692313507876204,-0.3268584412131007,0.01429322439463109,0.08480086735149191,0.24000578608886927,-0.06391937240162558
0.8891137203552176,0.07398261728402887,2.1103585807261465,0.6009589245771801,0.1707639457445389,0.4643271624204111,0.09034110318139846,0.5776229215585583,0.636092710267563,0.4226531676827199,0.3284565699540305,0.31522064357064644,0.28921247810294903,0.309978643978681,0.35727010077299776,0.23856907886993362,0.37201134733733765,0.48744618284523455,0.46866813576387967,0.4393954442849459,0.2689988632484878,0.4310074616757156,0.24639500178639676,0.2875991592651313,0.2815796291010756,0.34879095977074365,0.1667262912412563,0.1648381032680821,0.5061261074782497,0.1467230714985808,0.33412743489505664,0.23642982073397173,0.10217596211071069,0.14819511739368443,0.39941988525925,0.5142115939069688,0.29798958550822136,0.24088615605393987,0.5136562490531216,-0.13376854814238795,0.2706384979560993,0.22470172358897997,0.14182626584751729,0.036934642792800315,0.47352000933295163,0.5487528897184314,0.3707578319524697,-0.2999100299267245,-0.06824621894850304,0.20415928173934444,0.03916802902119629,0.18168170477204582,-0.1761248658313444,-0.17054632232432076,-0.012490594467914914,-0.02532508351017354,0.21706070933483387,0.1996867830924621,-0.6371223598481687
0.17012483207382187,-0.880524549022022,0.6009589245771801,2.956731516691825,0.2185620785239692,0.7029383758633242,0.06607282278447864,0.4452531416576138,0.05794886421959755,0.02137467310426496,0.3062718253317719,0.40720873246012457,0.23136966855039168,0.3243965147128799,0.14400679656278606,0.4068731091917946,0.3335323292334808,0.07707280344362963,0.4303512390624829,0.4727699424313803,0.12347228726529622,0.2115805508141547,0.019336688472128265,0.237271814180495,0.2093223469176648,0.3316504228305855,0.002251435526138913,0.16586500675052054,0.48750102096530173,-0.1712164394547593,-0.0540037759476014,0.4575666644365218,-0.0047699828854126805,0.31219260997155607,-0.5186984463279889,0.20584417820823106,-0.007391571842313172,0.25290194749282163,0.1540293149293426,0.11198587729756197,0.0679878314387509,0.09812532039125911,0.16932592708579192,0.09921161874573375,0.02768731535819791,0.20806934571800884,0.20947363325395055,-0.12867045449284134,-0.03366380296214144,0.11910564001057813,-0.056626010667801874,-0.06611925344242892,-0.06743163948859571,-0.056333178853395366,-0.1766194560219878,0.08097158095468861,-0.1574246042841036,0.3528509665107735,-0.232287340508293
0.44321058546937814,-0.17338384479693258,0.1707639457445389,0.2185620785239692,1.4317120923242157,0.048159494761890985,0.21369605623146642,0.42015317551828396,0.16817752341382627,0.12581845892226126,0.15113434932445602,0.18112284743202223,0.19926925515409719,0.25301212930262235,0.1926717005503045,0.27115072429380066,0.1971099251505455,0.20621647203701943,0.4758186316864746,0.1860722119761184,0.14225809286435107,0.21293818605798218,0.08594412602657306,0.08066397466655204,0.16359502798172676,0.2099388409047614,-0.007757526322786095,-0.038525909145971676,0.24655381177805646,-0.0041935985827706475,0.07142237570015113,0.16061808059893806,0.06634186797711501,0.3214564930586732,-0.1520722129214228,0.19974784056522388,0.2094559800694956,0.09796061424194773,0.19971128273334068,0.05292939482529151,0.16924853676733115,0.13591523270527234,0.025122600115918464,0.032436498895055045,-0.12734012801164932,0.20107186129631316,0.1711674563540943,-0.049757950607511064,0.3088634007425998,0.25469752442431687,-0.04000785295946856,-0.3362097894338374,0.148569189864259,-0.09413582210816622,-0.002796327198155409,-0.021754562634428185,-0.032327146075262846,0.1768396356631469,-0.11232510873971889
0.12580650812338112,0.44524869700706016,0.4643271624204111,0.7029383758633242,0.048159494761890985,1.2536270713985473,0.0066249995986842085,0.4192089077260807,0.3681488066484834,0.14072432048146324,0.27062271592149717,0.26307449612707606,0.24888295953964965,0.3662862360915051,0.21081977677178537,0.3459064940345193,0.3536437603312623,0.23732604066783083,0.6469747702744616,0.4779947700282242,0.27434106231368693,0.3366938644990417,-0.02081577532678204,0.26644875665989337,0.20515129136845237,0.46524593076744913,0.22934388106764553,0.22257467296755884,0.6400305271141314,-0.10098974392885227,0.14311779914012007,0.39264540257652136,-0.06637296909523212,0.435422994445719,0.02086962792299502,0.16768537027509986,0.24180083964290075,0.2552231409970118,0.18683679656621185,0.1450030559713882,0.16515296076430777,0.20625967047980387,0.25144191975498986,0.040101644154878345,0.1084342875537673,0.23086170173340173,0.41307464608902295,-0.08312852836868057,0.43263755956488714,0.24193934726517236,-0.11298376958408883,0.11657936175528122,-0.22058838174143836,-0.06199186352898656,-0.23455209804975705,0.12571613394089007,-0.1160402318830333,0.3347065943042629,-0.16112009098794708
0.23486692914730342,0.0962371523092832,0.09034110318139846,0.06607282278447864,0.21369605623146642,0.0066249995986842085,1.143531793550966,0.08919650875657426,0.34169271076754987,0.2500262687906464,0.23278231927538814,0.3384603701637066,0.23578387017500324,0.1715995336909991,0.16251893535489323,0.22639800788884665,0.19024848029319658,0.3323001980917161,0.04745417137450225,0.040172969173364735,0.22234859086143807,0.29422596125921174,0.07646710684149005,0.2724366379093044,0.20757998054866758,0.18746037168039897,0.15648932177052965,0.11992661713306238,0.11314987115893257,0.26795608920224595,0.26255597091111654,0.004828655264037574,0.19536080807863077,0.30105202119959545,0.20894169885767425,0.27246010306062257,0.33885788534428146,0.031039250694199362,0.3242681078993416,0.04206967728858736,0.18245005562706118,0.18375389793908398,0.19703804794033827,0.04479853997214151,-0.04617728038755744,0.2719728584569021,0.09377566342054851,-0.06974589408752645,0.3081996783360945,0.03887952430308806,-0.0974899847600284,0.024706753977270526,0.031492734447800846,-0.17484840396512646,0.09777602326943066,0.05114959378455296,0.07183690643670414,-0.04960573614374745,-0.10589287359876697
0.27192402453833386,0.04935989437721895,0.5776229215585583,0.4452531416576138,0.42015317551828396,0.4192089077260807,0.08919650875657426,1.0617646081573224,0.06804323579229078,0.2163258850373241,0.2149134703613226,0.06606799956580547,0.24356513538482996,0.3131648387865003,0.17808546830605812,0.254588157282027,0.37681221616801375,0.19473829363003664,0.39337534032669885,0.42173874197004,0.17348259906429603,0.1616789173172031,-0.11860579923584394,0.1280133455423823,0.24563390147718905,0.2901993215802793,0.13977938074076945,0.1655058710440207,0.3175110766539357,0.05013114526263735,0.1274025080136484,0.2007538485548413,0.0021847362362508414,0.400991192150646,0.22085277053846278,0.08213435015125559,0.3836003740483231,0.21510943229975965,0.41324675306214037,0.062157700251479805,0.21077034067718825,0.17550590308065067,0.23743357067912438,0.03047539487400849,0.26625369597898113,0.22254858214511117,0.4588805066840736,0.00897910558535233,0.4130489511594965,0.22753815084033646,-0.05325815624443215,-0.05535278062936389,0.016573313810955684,-0.09417144243722918,-0.3472835615628598,0.0159352721695066,0.17113995055299053,0.5987492789470537,-0.6030954643820792
0.3194688855401705,0.2153823458749636,0.636092710267563,0.05794886421959755,0.16817752341382627,0.3681488066484834,0.34169271076754987,0.06804323579229078,0.995960874691274,0.2246325824696831,0.21841662566870587,0.25780731630876585,0.27144012476298973,0.2890740444241261,0.16528832432989254,0.21587633329850847,0.2414358506044939,0.3949053798061249,0.294829124265107,0.1258213246648682,0.2422511029541172,0.535600242075278,0.21688943451027642,0.31195603397818616,0.1639312338387402,0.2615187977989608,0.1903586011441647,0.07144773455572273,0.32804708632634955,0.12587756478923678,0.40024211947971855,0.10265863451242764,0.15512659160923833,0.20275720543766146,0.21071874889726813,0.36213884458391454,0.22842322560228254,0.08577893941252815,0.3233916236941639,-0.0167026249917624,0.15055745431671902,0.16793220615506252,0.1031522287460263,0.03841286038611408,0.02162143742359541,0.36936914223313816,0.2209638769131082,-0.2254261708934647,0.24413927213082454,0.11219568772208124,-0.035357098693013664,0.06715972190215808,-0.06753307605973544,-0.14188736728338247,0.20938424503132025,0.23063511273416812,0.03720945140398168,-0.1888317659549785,-0.2676946213749814
0.23368649885468293,0.11209704359210423,0.4226531676827199,0.02137467310426496,0.12581845892226126,0.14072432048146324,0.2500262687906464,0.2163258850373241,0.2246325824696831,0.567707178827429,0.15132426696708162,0.1463841718609001,0.1666297037434441,0.19102074864740765,0.2424503343532394,0.16623946972323853,0.27327516467232243,0.2243320404111902,0.10708021431636278,0.22126922421694253,0.1763387388094844,0.18946174172237834,0.02102314964633754,0.17281852606488698,0.17872589570141373,0.15401578032048494,0.19292355586967128,0.11606858203998432,0.1668375213941446,0.21215922327539086,0.1885228359615182,0.08120241372059075,0.08505362921874984,0.27314667957490596,0.2748485080107705,0.1983316810300756,0.3525875005472744,0.1165804781171585,0.3304438840484208,0.0874668760424903,0.26670062417436374,0.1748545629906606,0.24079136111096136,0.020258162026026066,0.19078203041679836,0.25326171301319034,0.3485558752620152,-0.04989035466305081,0.2738997743858883,0.06104897282314036,-0.037415683115554495,-0.025643758681252602,0.029867078971659324,-0.04984276384203733,0.02625159027719364,-0.05417629816797701,0.1424881730192749,-0.0328942641892002,-0.1303485599214261
0.17200853923725276,0.0402199559286821,0.3284565699540305,0.3062718253317719,0.15113434932445602,0.27062271592149717,0.23278231927538814,0.2149134703613226,0.21841662566870587,0.15132426696708162,0.5652759935613717,0.2955258241827596,0.24240749073915432,0.20859935216988057,0.2753443299174286,0.2570501272032049,0.27234952861846634,0.18877649449281658,0.16941422382231502,0.2749464010317037,0.19995551446186496,0.22129345099357023,0.03347492500207367,0.24376602682495624,0.21364400695931565,0.24777231282940412,0.16944258373660986,0.08514878730649897,0.2928528112448966,0.11271840799314531,0.1355970376533516,0.2144617711294267,0.06528908741192879,0.28023669757122494,0.20903315759957591,0.22536001778388906,0.21247592688102554,0.14433006971724052,0.28137269144582866,0.05193214448331022,0.15511077630491207,0.1740930664195715,0.142208056147777,0.019814931470130404,0.10317299215301873,0.25501654158031806,0.22953213473722855,-0.08229758081011605,0.06906706995743071,0.05986596836136836,-0.09926458461930296,-0.06093751939752606,0.16105884515659208,-0.06106739982981274,-0.006081002980390484,0.050075559364158334,-0.07124700561309721,0.043972734145114656,-0.127908005928531
0.243125056521683,0.07490783522619511,0.31522064357064644,0.40720873246012457,0.18112284743202223,0.26307449612707606,0.3384603701637066,0.06606799956580547,0.25780731630876585,0.1463841718609001,0.2955258241827596,0.7056582389501233,0.19184134041182951,0.20609106860531368,0.1022711959522433,0.2721929200009897,0.137057882192496,0.3738548793271791,0.1910037260559909,0.11571700605841347,0.1794613431578242,0.25806952792591054,0.17374542680514454,0.21172020374873765,0.2528219405148263,0.24913186983898214,0.11121632220821966,0.037657316580506854,0.23622802412467214,0.09861885598337045,0.14973658507582832,0.13194130040013102,0.1628501025524803,0.19728673500165325,0.2376680537859871,0.20788133930656985,0.20921211894878383,0.07027165697549603,0.27339280906818225,0.05816661320394274,0.05693517763156966,0.15206745485116013,0.164332521965663,0.03450044086655189,0.051185560853857975,0.2441667073495585,0.19963844039229878,-0.09064061321924134,0.253524149365321,-0.05038329670897366,-0.04254691031124551,0.12332745322622653,-0.08092802833954393,-0.11192980315052238,-0.006314248864628664,-0.0008855922328361924,0.03948574809309669,0.08574258233128974,-0.20696947735918841
0.1331680062891983,0.04989606851906838,0.28921247810294903,0.23136966855039168,0.19926925515409719,0.24888295953964965,0.23578387017500324,0.24356513538482996,0.27144012476298973,0.1666297037434441,0.24240749073915432,0.19184134041182951,0.38433573556403156,0.21912398035193173,0.14157920411775152,0.24307938414404423,0.26055237209292464,0.17777080289389796,0.19449574230782962,0.2267737797192854,0.16243199314510792,0.2592685846325803,0.053168830945904764,0.19985436567896192,0.15776734356062785,0.18827991168774594,0.09768066463613574,0.07142639902455965,0.28658222888289786,0.11278863517603041,0.12205337894303735,0.13921896910362763,0.07796713633372979,0.2646922121179094,0.17534909385307634,0.18691919216252453,0.25325591357053046,0.11529398976162943,0.2792665238809006,0.04930811069526978,0.16607658178564524,0.1492984484954499,0.13525641183136972,0.03640362431619687,0.03343289382364411,0.21797442881384108,0.21517675336537823,-0.08007178335995306,0.18620228266963612,0.16730587487029006,-0.06105568422316202,-0.09219594006172961,0.01701306312437752,-0.07183604720576102,0.05053657106046699,-0.01697961561199697,-0.1525792925915398,-0.07984900780811627,0.16678437496071935
0.16050985958179792,0.019527435534080356,0.309978643978681,0.3243965147128799,0.25301212930262235,0.3662862360915051,0.1715995336909991,0.3131648387865003,0.2890740444241261,0.19102074864740765,0.20859935216988057,0.20609106860531368,0.21912398035193173,0.6543643183226805,0.26215903399653995,0.40356064906811595,0.38514721966231535,0.11397158498693896,0.3022725914440641,0.3086329315497548,0.25218495969460636,0.3069120484878357,0.021842359616175522,0.17836118512474866,0.19249527378840972,0.3338848604254044,0.12171197748485875,0.1027242850164547,0.3785043164054765,0.1181212529144859,0.17317519420623953,0.1778867794095839,0.05287697304745343,0.3169956790897069,0.22958528993943314,0.19992675062838658,0.2895206815827892,0.16425532534712714,0.21362996977343068,0.09390733595275057,0.2611070996651844,0.21438535704845174,0.16760758504534654,0.02639926878243617,0.04737679996731948,0.2380448391284595,0.3670121388489156,-0.07574462687808177,0.5023046289771783,0.15376236343967334,-0.09839379516035407,-0.06661245652605102,0.020853458346912608,-0.009046604697293804,-0.1749558003476519,0.014091975055872561,-0.09949426885419936,0.3053912797480184,-0.17735435994266968
0.25236394096962445,0.02797845297592332,0.35727010077299776,0.14400679656278606,0.1926717005503045,0.21081977677178537,0.16251893535489323,0.17808546830605812,0.16528832432989254,0.2424503343532394,0.2753443299174286,0.1022711959522433,0.14157920411775152,0.26215903399653995,1.1206118939794427,0.19101924169875034,0.287027544325966,0.019184791643007043,0.23819241129607133,0.2522554219806757,0.22202993589760237,0.12225896876519221,-0.19918191750426076,0.26547494901223834,0.2521426945322115,0.25746761621506514,0.21094125428261562,0.24386555361803525,0.29794066739994884,0.1670325356577966,0.0882370690754576,0.17963675805368812,0.06686220931910343,0.2417663108007251,0.21675379909768466,0.1729373548169483,0.18498041895489847,0.12726334016930577,0.2096568837964283,0.06088430027488968,0.21362190422950086,0.18496364454833242,0.12891091737545635,-0.007366328691771515,0.03389924573661465,0.19350736424758377,0.223381027785582,-0.03577185751299135,0.17133172364990082,0.010384916934224797,-0.22788996056775404,0.1330262517121163,0.13767008579130716,0.023804361904823164,0.029628551277957618,0.16465161501770617,-0.19921470439820474,0.023830986247685627,-0.07335400582524845
0.13410740188929055,0.019211986423450317,0.23856907886993362,0.4068731091917946,0.27115072429380066,0.3459064940345193,0.22639800788884665,0.254588157282027,0.21587633329850847,0.16623946972323853,0.2570501272032049,0.2721929200009897,0.24307938414404423,0.40356064906811595,0.19101924169875034,0.6559635779491052,0.3394232841376991,0.18756043600654623,0.2818150463522598,0.23317916882358852,0.24637011202615133,0.37464590532214054,-0.04800054075076386,0.20915306797348063,0.21921377419936577,0.275032861066899,0.09934606082738927,0.21408124922424893,0.3903009783431681,0.16630880777904217,0.13729529537062493,0.19648218699560113,0.07535216672821578,0.32002976113623227,0.285207637684193,0.21714570850118062,0.25363231758152427,0.1279342334733977,0.275200370188199,0.09117761928828522,0.22123938293914502,0.22021850908492754,0.15867728066386444,0.028110472462946304,0.010558954665804546,0.25098396591258465,0.30984021800998257,-0.10841445891071365,0.3868046635563471,0.07643811612016244,-0.13505538934102165,0.03053313740149842,-0.027597571579602735,-0.04750755329019381,-0.13047123239711123,0.017743389582799973,-0.12067498852038147,0.23032878559374168,-0.11572670270065039
0.08269333699268186,-0.05765328848435321,0.37201134733733765,0.3335323292334808,0.1971099251505455,0.3536437603312623,0.19024848029319658,0.37681221616801375,0.2414358506044939,0.27327516467232243,0.27234952861846634,0.137057882192496,0.26055237209292464,0.38514721966231535,0.287027544325966,0.3394232841376991,0.9676321407439629,-0.03460396906924506,0.2674002885951031,0.4060410389267785,0.25728802644475685,0.2744866506910509,-0.03315704981035397,0.16438070788492945,0.22264219705214372,0.25127574015698784,0.2403713346047963,0.1299986163696288,0.39340126151055976,0.11537408060452627,0.13890981579489695,0.24528531591462674,0.1587322815633347,0.43000769279071505,0.2012738633353908,0.19610279038650064,0.4487518107131713,0.21206785217111496,0.2967866712224831,0.11875686706859115,0.3035112829665786,0.23877051401007915,0.24525137019480475,0.025358801571009275,0.098716265966216,0.2914582733269319,0.5082511552171043,-0.04855949702345006,0.4011265836299695,0.37081643588981866,-0.09918202179788554,-0.22953995630770155,0.06638237621640201,-0.0283845007329195,-0.10534838869207952,-0.038949881203948405,-0.14737116696550387,0.19408824769088645,-0.03626398281832528
0.42351334657353146,0.48601316459496763,0.48744618284523455,0.07707280344362963,0.20621647203701943,0.23732604066783083,0.3323001980917161,0.19473829363003664,0.3949053798061249,0.2243320404111902,0.18877649449281658,0.3738548793271791,0.17777080289389796,0.11397158498693896,0.019184791643007043,0.18756043600654623,-0.03460396906924506,1.385926548928707,0.2642680429912293,-0.11471038044047024,0.19597969751623062,0.3427222050274335,0.3147525443574088,0.3140503384026788,0.15931831358688694,0.3375904446388564,-0.16009577389857033,0.009370530919783997,0.19420436817206002,0.04112663978260043,0.3440956778379899,-0.06403821573171746,0.20601035316877128,0.05275793038510709,0.15364911128168823,0.16220135290122564,0.32952441637942975,-0.040831016694878416,0.1902982151555455,-0.04380318646510535,-0.00958890659792161,0.10118761419072557,0.24688924963238748,0.034690786521188934,0.30081215722803856,0.27755266626085434,0.1919912629387038,-0.1161809669494048,0.10731951746674982,0.08107679368833391,0.3735890832262274,0.2550188574707667,-0.4924982864092628,-0.34666942860742106,0.008738990636371683,0.11281900937821336,0.33629627611336116,0.11801572292242017,-0.6110572390105011
0.2692566768822404,0.037899255270989404,0.46866813576387967,0.4303512390624829,0.4758186316864746,0.6469747702744616,0.04745417137450225,0.39337534032669885,0.294829124265107,0.10708021431636278,0.16941422382231502,0.1910037260559909,0.19449574230782962,0.3022725914440641,0.23819241129607133,0.2818150463522598,0.2674002885951031,0.2642680429912293,1.1822499409841272,0.29828302579838445,0.19746827764549157,0.28002105882350264,0.058020584380384745,0.1665873532728523,0.11879682960433152,0.28963452793387656,0.07335193892602587,0.2756586835839908,0.37436333700354923,-0.05138818741389226,0.19303406258490557,0.25393789385694004,0.015376083577181619,0.2432677064366216,-0.08207629427153965,0.2960678531382389,0.06310263328845755,0.16224285613663073,0.1454141140029672,0.0632500375706318,0.19627460796952897,0.14631396891943563,0.08109731489315745,0.04018800869285818,0.06235581872033272,0.28129476702417655,0.097912287693643,-0.13159934198254114,0.02750695358937369,0.19424779892010147,0.2419340512741714,0.23688565398599018,-0.3978851987541584,-0.14558096220930844,-0.0777337270642201,0.11002572191077323,-0.05224742329564033,0.23399728082551857,-0.19983777431012886
0.1330424556640551,-0.059885469391141526,0.4393954442849459,0.4727699424313803,0.1860722119761184,0.4779947700282242,0.040172969173364735,0.42173874197004,0.1258213246648682,0.22126922421694253,0.2749464010317037,0.11571700605841347,0.2267737797192854,0.3086329315497548,0.2522554219806757,0.23317916882358852,0.4060410389267785,-0.11471038044047024,0.29828302579838445,1.2233562537250164,0.18183069171272834,0.07740634499300733,-0.08979526877226376,0.17952651974623596,0.1381351058270267,0.4217275077767149,0.281460139027013,0.20486514233462552,0.4233136696627548,0.1851923291557101,0.15895617131705667,0.4593041455879254,-0.12477233312867556,0.47287890355457585,0.047261184515180174,0.27368694754325246,0.42774327019140207,0.5961223187642116,0.2807377634346912,0.1968390348726653,0.42133865445578483,0.2767973657890302,0.471146389330579,0.02403300633603753,0.528146799919707,0.2872551710972688,0.33647112319372907,-0.018604373667250842,0.18093296847739235,0.1598983292989481,-0.11006885838524949,-0.18191177517867835,0.2318640950724302,-0.02453860553687423,-0.061329748243052984,-0.034000790020638265,-0.14436657783891702,0.1362684563484754,0.02835388703903456
0.12685227791401343,0.17764545986668656,0.2689988632484878,0.12347228726529622,0.14225809286435107,0.27434106231368693,0.22234859086143807,0.17348259906429603,0.2422511029541172,0.1763387388094844,0.19995551446186496,0.1794613431578242,0.16243199314510792,0.25218495969460636,0.22202993589760237,0.24637011202615133,0.25728802644475685,0.19597969751623062,0.19746827764549157,0.18183069171272834,0.5704298319541031,0.2524264215472517,-0.018387095351210924,0.19413786996779986,0.1426129128406545,0.43373582789167353,0.197684284291296,0.24664185137895142,0.1883521143313494,0.17962419301632315,0.3005784899033239,0.1541014522682359,0.21522851852766,0.30272716005682754,0.3313109872810401,0.3194775904283706,0.3548846820516919,0.11188513125043649,0.1399773928090063,0.09261795953749247,0.3683606406720972,0.3299005644721554,0.20938635268230787,0.019072283014950293,0.02191251101653439,0.3334953681461337,0.3272308174268718,-0.06796897765736955,0.27798399233619836,0.22080828553327775,-0.13803767750772497,-0.018324133938701498,-0.030783904644677937,-0.09301826448998195,0.0004894651210398951,-0.0012278398920460738,-0.07232320994847069,0.050741617234096835,-0.05570478868979239
0.24962846049886253,0.1327023709256277,0.4310074616757156,0.2115805508141547,0.21293818605798218,0.3366938644990417,0.29422596125921174,0.1616789173172031,0.535600242075278,0.18946174172237834,0.22129345099357023,0.25806952792591054,0.2592685846325803,0.3069120484878357,0.12225896876519221,0.37464590532214054,0.2744866506910509,0.3427222050274335,0.28002105882350264,0.07740634499300733,0.2524264215472517,0.7269883393182544,0.24175804993249986,0.23735808154972532,0.16899325652921696,0.2282104508494599,0.16975129232061273,0.06221314504630425,0.39636542019807913,0.17607040346873845,0.32272774047910724,0.20895977831333876,0.13769641317768985,0.2605475188558371,0.23154087361106626,0.4091896686515263,0.1829489688924676,0.06448475811835032,0.34414132208901554,0.033140433404771436,0.19566692014583872,0.1861954392988789,0.08395866455516016,0.04434183000824465,-0.08974055081950194,0.40751941579086304,0.2797807518541193,-0.2978830877481088,0.3635044573134,0.1729810246679334,-0.04902640462589084,-0.048948105729507134,-0.06124564553463263,-0.10717226416791464,0.02804350476088435,0.09629274759066017,-0.0055656110639322725,0.020470006275022285,-0.22585938644432488
0.36129288421980016,-0.10052355741708525,0.24639500178639676,0.019336688472128265,0.08594412602657306,-0.02081577532678204,0.07646710684149005,-0.11860579923584394,0.21688943451027642,0.02102314964633754,0.03347492500207367,0.17374542680514454,0.053168830945904764,0.021842359616175522,-0.19918191750426076,-0.04800054075076386,-0.03315704981035397,0.3147525443574088,0.058020584380384745,-0.08979526877226376,-0.018387095351210924,0.24175804993249986,2.3381072216340164,0.10948832788379363,0.2684505401994386,-0.23033564202592807,0.20282917438798156,-1.435196721045422,0.391127032290248,0.34090985783897193,0.3487870890278584,-0.44377763336078363,-0.05407752232146612,-0.07739714426734257,0.06905108738004952,0.676822282461319,-0.07010972869738741,-0.06653964709829577,0.30579086157419944,-0.011211620067412262,0.11965017242249844,-0.03671097953733878,0.1792366015693244,0.15649747789209137,-0.020258021078057076,0.3846018757275713,0.07685308012438916,-0.3841663475981822,-0.2085306174674705,0.055498460224107864,0.20278123529977313,-0.08969815635125564,-0.1639454581141972,-0.04010856265678832,0.2443306566358739,-0.0386514546825971,-0.013869137999380428,-0.22828591796243308,0.02385725819856354
-0.0022764262794334506,0.062372137175209535,0.2875991592651313,0.237271814180495,0.08066397466655204,0.26644875665989337,0.2724366379093044,0.1280133455423823,0.31195603397818616,0.17281852606488698,0.24376602682495624,0.21172020374873765,0.19985436567896192,0.17836118512474866,0.26547494901223834,0.20915306797348063,0.16438070788492945,0.3140503384026788,0.1665873532728523,0.17952651974623596,0.19413786996779986,0.23735808154972532,0.10948832788379363,0.9256082951080132,0.24103187977634974,0.1430531508737724,0.17120344380682076,0.1091070429292157,0.3095411066097784,0.24205601076013716,0.20251744262572668,0.04589036940505294,0.21999058368263266,0.0058259700403900895,0.13751615786326635,0.2912534359953641,0.22452056558851916,0.09619578969830989,0.29553439766267964,0.02444003641701362,0.11022199657757409,0.13676097767963724,0.14499619750311385,0.015619612057598575,0.03808115896273823,0.25849994840186735,0.15310672964628172,-0.10616594967905194,0.25740974599167593,0.04848969319416282,-0.13334667814247453,0.12851060724436222,-0.0007020352225249226,-0.11955278627330061,0.16952508359873425,0.12533201967147503,-0.013345673188440405,-0.2684629491629754,0.05701775274058986
0.2016175345386684,0.04405558227128652,0.2815796291010756,0.2093223469176648,0.16359502798172676,0.20515129136845237,0.20757998054866758,0.24563390147718905,0.1639312338387402,0.17872589570141373,0.21364400695931565,0.2528219405148263,0.15776734356062785,0.19249527378840972,0.2521426945322115,0.21921377419936577,0.22264219705214372,0.15931831358688694,0.11879682960433152,0.1381351058270267,0.1426129128406545,0.16899325652921696,0.2684505401994386,0.24103187977634974,0.7793445467601301,0.049901384071236225,0.22866317627057858,-0.10541134624402705,0.510930288428095,0.3107475766531477,-0.10378544581951248,0.12731118224706406,0.08944339193455351,0.33224380928414876,0.2676615294823374,0.1761271665301888,0.2652475984411857,0.08308069626813175,0.4667539627519855,0.03398746076946747,0.1540005456161405,0.1309208140815265,0.24730135419824362,0.040528349849287416,0.06900057128076663,0.2633161771016438,0.32688782110510645,-0.08796685324179734,0.2662416892554324,-0.20660725323153692,-0.2439874710950394,0.09092470010996037,0.1585971835598601,-0.015416378803617216,-0.04842720192796899,0.0518114352193448,0.023140124661793354,0.11393001945564185,-0.20374275503276978
0.14429487156322332,0.15124915071619166,0.34879095977074365,0.3316504228305855,0.2099388409047614,0.46524593076744913,0.18746037168039897,0.2901993215802793,0.2615187977989608,0.15401578032048494,0.24777231282940412,0.24913186983898214,0.18827991168774594,0.3338848604254044,0.25746761621506514,0.275032861066899,0.25127574015698784,0.3375904446388564,0.28963452793387656,0.4217275077767149,0.43373582789167353,0.2282104508494599,-0.23033564202592807,0.1430531508737724,0.049901384071236225,1.5511981960420635,0.19792520220122609,0.32767761833242165,0.1638281825254558,-0.2533590356561513,0.2049568645849653,0.5693085768659545,0.2561028262638103,0.46463524307746257,0.29037715262172387,0.0699529622909382,0.055603863659137276,0.23099058579706414,-0.4327883563338426,0.18899530735509507,0.07607670739455379,0.35553060085755483,0.41995110295376487,0.017168647328974926,-0.023635528442775194,0.2593248125331855,0.3283752083018922,0.008828324876844186,0.2780199736644879,0.5662632278786479,-0.2263444323397809,-0.09058336823501932,-0.246535590820698,-0.15098683004080063,-0.1355185333283806,0.016487323245119097,-0.05554642017039339,0.2186289948438791,-0.2490767044907605
0.11156457856930599,0.2369759935115776,0.1667262912412563,0.002251435526138913,-0.007757526322786095,0.22934388106764553,0.15648932177052965,0.13977938074076945,0.1903586011441647,0.19292355586967128,0.16944258373660986,0.11121632220821966,0.09768066463613574,0.12171197748485875,0.21094125428261562,0.09934606082738927,0.2403713346047963,-0.16009577389857033,0.07335193892602587,0.281460139027013,0.197684284291296,0.16975129232061273,0.20282917438798156,0.17120344380682076,0.22866317627057858,0.19792520220122609,1.441263238597455,0.13309294926598073,0.14818739557066873,0.26010975934867125,0.17962772592202986,0.27273580986857626,0.21985089831951218,0.26123579366850097,0.3133836628187078,0.4941378846873294,0.23154170694732734,0.155785434743273,0.23342242977168381,0.24191353446645558,0.2818791886241173,0.23039336054012644,0.6702624754174513,-0.028919170816910013,0.15896709799743475,0.4032186711794277,0.21693414333579797,-0.17271878604633092,0.15178736443927698,-0.0016978849794202296,-0.2309036968113554,0.03510377199065606,0.15628230203287066,0.03704165518587375,0.010691999224899643,0.09458083046735391,0.11073428097051494,0.02451772372874339,-0.2841039045868678
-0.1261306008579374,0.2973845076934723,0.1648381032680821,0.16586500675052054,-0.038525909145971676,0.22257467296755884,0.11992661713306238,0.1655058710440207,0.07144773455572273,0.11606858203998432,0.08514878730649897,0.037657316580506854,0.07142639902455965,0.1027242850164547,0.24386555361803525,0.21408124922424893,0.1299986163696288,0.009370530919783997,0.2756586835839908,0.20486514233462552,0.24664185137895142,0.06221314504630425,-1.435196721045422,0.1091070429292157,-0.10541134624402705,0.32767761833242165,0.13309294926598073,2.972280364959794,-0.35448417401938664,0.087703389837013,0.1263668368653823,0.5370776432981663,0.04862477491201113,0.16030733821669496,0.005337162251872005,0.6424163513548284,0.030419481787944267,0.1258754201740954,0.0031349462569472577,0.07920130271718594,0.3818183373818957,0.2525611075262372,0.05687535592977063,0.13688496796568533,0.03114465540927162,0.23198323683250427,-0.3230805736113282,-0.16886522314305127,-0.3711871753240236,-0.48702774920658737,0.07709778411985677,1.1221855057697758,-0.8499084232904411,0.031050342163066298,-0.26020758347284184,0.05712223000297499,0.04002023850478915,0.2673574879046897,-0.014748584699421311
0.2269804640480357,0.13571704974641016,0.5061261074782497,0.48750102096530173,0.24655381177805646,0.6400305271141314,0.11314987115893257,0.3175110766539357,0.32804708632634955,0.1668375213941446,0.2928528112448966,0.23622802412467214,0.28658222888289786,0.3785043164054765,0.29794066739994884,0.3903009783431681,0.39340126151055976,0.19420436817206002,0.37436333700354923,0.4233136696627548,0.1883521143313494,0.39636542019807913,0.391127032290248,0.3095411066097784,0.510930288428095,0.1638281825254558,0.14818739557066873,-0.35448417401938664,2.8341721095499843,0.34005274022537857,-0.34201437268404533,0.4852893770767817,-0.09705994157049999,0.428197685426574,-0.0955132146503619,0.4398827916234344,-0.8714686706893269,0.14670135856131364,-0.0016270574249224376,0.10765061089751367,0.24993019776980052,0.04535277127759098,-0.13914552814164283,-0.0955499432194768,-0.4523878127346532,0.39265729621393636,0.47871972345989444,-0.26932138592955995,0.823867616211918,0.3763987140059706,-0.41068480182558686,-0.2546098480710046,0.1006034030581501,0.013383713990079083,-0.16163370253094228,0.07627892341044633,-0.2509269694310252,0.26598361708769036,-0.01939397036602824
0.2630967480427301,0.059022501293229515,0.1467230714985808,-0.1712164394547593,-0.0041935985827706475,-0.10098974392885227,0.26795608920224595,0.05013114526263735,0.12587756478923678,0.21215922327539086,0.11271840799314531,0.09861885598337045,0.11278863517603041,0.1181212529144859,0.1670325356577966,0.16630880777904217,0.11537408060452627,0.04112663978260043,-0.05138818741389226,0.1851923291557101,0.17962419301632315,0.17607040346873845,0.34090985783897193,0.24205601076013716,0.3107475766531477,-0.2533590356561513,0.26010975934867125,0.087703389837013,0.34005274022537857,2.212039241186653,0.3797691965982458,0.0014860423412232763,0.16368208127855194,-0.18334322385354204,0.6494891037858281,0.5863068373240251,0.321150315758374,0.10843010890746178,0.5134749510128293,0.036559512198085425,0.5457711734307894,0.21090177700280138,0.7671822291212913,0.09872781667738786,0.5909390454711195,0.4749663404760052,0.2696126046202791,-0.24149503753326104,-0.15354773406854774,-0.1624873295574371,-0.19491138867750352,0.008388079135517458,0.2010505655608892,0.028084966203327504,-0.0050367460051489185,-0.16460767804059862,-0.07055828488192263,0.2097192906344637,0.07791308066280073
0.2744285311923172,0.09282031082990878,0.33412743489505664,-0.0540037759476014,0.07142237570015113,0.14311779914012007,0.26255597091111654,0.1274025080136484,0.40024211947971855,0.1885228359615182,0.1355970376533516,0.14973658507582832,0.12205337894303735,0.17317519420623953,0.0882370690754576,0.13729529537062493,0.13890981579489695,0.3440956778379899,0.19303406258490557,0.15895617131705667,0.3005784899033239,0.32272774047910724,0.3487870890278584,0.20251744262572668,-0.10378544581951248,0.2049568645849653,0.17962772592202986,0.1263668368653823,-0.34201437268404533,0.3797691965982458,1.8545707372716531,-0.6211762220786787,0.24441255875841636,0.014416509167782018,0.5833726965847046,0.45288939372309145,0.8774822110225837,0.11177536089576874,0.308316785597241,-0.13360021285664214,0.25948544180221267,0.2794255995175304,0.19432206383543577,0.09687509124186677,0.34034133008231876,0.4520472084186142,0.26879854722364505,-0.19678482841610245,-0.21902574059388857,0.37509128462957336,-0.1303598068106908,0.29187274754405723,-0.32708755153977565,-0.17892188841434778,0.3386534547826467,0.21269129524285954,0.3462605705955872,-0.2658836540405675,-0.4358219271305541
0.02121458022206287,0.05177275148637927,0.23642982073397173,0.4575666644365218,0.16061808059893806,0.39264540257652136,0.004828655264037574,0.2007538485548413,0.10265863451242764,0.08120241372059075,0.2144617711294267,0.13194130040013102,0.13921896910362763,0.1778867794095839,0.17963675805368812,0.19648218699560113,0.24528531591462674,-0.06403821573171746,0.25393789385694004,0.4593041455879254,0.1541014522682359,0.20895977831333876,-0.44377763336078363,0.04589036940505294,0.12731118224706406,0.5693085768659545,0.27273580986857626,0.5370776432981663,0.4852893770767817,0.0014860423412232763,-0.6211762220786787,2.982345938829943,0.21103821590787855,0.4070923840706954,-0.18856034819280068,0.18384964059239145,-0.8580770337122395,0.27663299183397816,-0.5566521805383033,0.1712943845184217,0.10725438948069652,0.1572169274894106,0.12837949881959437,-0.009953645043059992,-0.30596958591930384,0.5954412845329251,0.3448249720994998,-0.23574086782630357,-0.3729810659022396,0.12584704977647174,0.21299401507552726,-0.18533845306216393,0.14144496103341378,-0.0435706713612732,-0.3530176809031767,-0.036083025789335595,-0.12005806020313699,0.3144668393601431,-0.4317019699111669
0.12862614211793147,0.09058173775363683,0.10217596211071069,-0.0047699828854126805,0.06634186797711501,-0.06637296909523212,0.19536080807863077,0.0021847362362508414,0.15512659160923833,0.08505362921874984,0.06528908741192879,0.1628501025524803,0.07796713633372979,0.05287697304745343,0.06686220931910343,0.07535216672821578,0.1587322815633347,0.20601035316877128,0.015376083577181619,-0.12477233312867556,0.21522851852766,0.13769641317768985,-0.05407752232146612,0.21999058368263266,0.08944339193455351,0.2561028262638103,0.21985089831951218,0.04862477491201113,-0.09705994157049999,0.16368208127855194,0.24441255875841636,0.21103821590787855,2.040468739465947,-0.2572255358002021,0.045221121795410074,-0.2993832344074597,0.44546776052623616,-0.030739235243693784,-0.1328002230513061,-0.0259553483520239,-0.2937346858106498,0.1522532912521812,0.40670926706720806,0.04878255394982578,-0.5291964075070719,0.3466723693112338,0.42836062157154514,0.21418746968787358,0.4563459807129585,0.48907628893424604,-0.2803859314077402,0.19204091209164525,-0.13166197287730774,-0.3721834424755142,0.032785591250777055,-0.03407562707891485,0.04568792348667753,-0.02442663125068821,-0.22427905414132332
-0.36705829265659595,0.04914980031073297,0.14819511739368443,0.31219260997155607,0.3214564930586732,0.435422994445719,0.30105202119959545,0.400991192150646,0.20275720543766146,0.27314667957490596,0.28023669757122494,0.19728673500165325,0.2646922121179094,0.3169956790897069,0.2417663108007251,0.32002976113623227,0.43000769279071505,0.05275793038510709,0.2432677064366216,0.47287890355457585,0.30272716005682754,0.2605475188558371,-0.07739714426734257,0.0058259700403900895,0.33224380928414876,0.46463524307746257,0.26123579366850097,0.16030733821669496,0.428197685426574,-0.18334322385354204,0.014416509167782018,0.4070923840706954,-0.2572255358002021,1.9428383109920258,0.19377520965588765,0.19362823272986587,0.491994350668717,0.2085292483513291,0.07624213623228403,0.07286099024510834,0.4900421853454779,0.36755177984863086,0.3508736240124496,0.10029423458092483,-0.2344986922244013,0.2490901280749683,0.6089961027932402,0.04232147860210721,0.47370180848542626,0.04093771544513202,-0.13144092491506135,-0.43109493373874397,0.4332499281083139,-0.07985706506925551,-0.2567180200402246,0.06693504509783309,-0.2867065282529106,0.2862303368532688,0.16584803616078347
