0.5400011457612046,0.14108681893142527,0.31205918854853293,0.03048472110430465,0.20573335166188367,0.12776736112301024,0.15011668153982582,0.14323608059482293,0.12704129443907908,0.13384620446937978,0.12000618895637434,0.11495444341377924,0.11889347122971984,0.12121242984185693,0.10269040065632826,0.10051076214332764,0.09315870980383512,0.11745530980409274,0.1579207084099333,0.08044438784641163,0.11523564085305626,0.12696843947687755,0.11679727761678403,0.08439742413253945,0.1296894166588064,0.08883524903267272,0.08897986009944937,0.028067407322694006,0.19505203375135136,-0.09205588721347012,0.08963119837461948,0.12478368981494907,0.03273167674480185,0.03226133870151458,0.03887637973454199,0.10959842866946812,0.011610480746443993,0.0701514478827348,0.09972122194964232,0.007580552299129724,0.06961019287023476,0.1132002397522829,0.0683800234474852,0.039423984873441356,0.10021676404028924,0.15053571471726945,0.015407804227851377,-0.048576818945619306,-0.20080408720235093,0.007427254043018111,0.022349794341909552,-0.021408558847279564,0.01822981905606431,-0.003774680521268682,0.14449185672804046,-0.04325069792181647,0.16686045940430405,-0.09830408120332539,-0.13622560438185533
0.14108681893142527,2.0072768118289477,0.2518106483854465,-0.2644519307987054,0.0108041084199882,0.30589489317069557,0.20002428134261285,0.20041946379871825,0.23749622767901635,0.13737871564415835,0.2506178668994589,0.1956056447023332,0.2594041347886796,0.1273133284582678,0.2674266938445219,0.18072435226906622,0.2094794522985908,0.08845469453099823,0.1828828020258583,0.19278674149473282,0.3587536982768385,0.16275956801845332,-0.2616796278028633,-0.009665405874672899,0.12130556996434078,0.21030197818261973,0.1711641811520697,0.26639365029862944,0.3432847846519118,-0.14810778649684786,0.1828243903768181,0.14369596444032337,0.0334829675314524,0.096189178009399,0.3777326354045375,-0.061407585233626556,0.21395605688313488,0.17397681279818916,0.187329173305557,0.14717043142729605,0.13556742167069674,0.3513392113700292,0.27800411942324127,0.030826739645091094,0.5906276091678464,0.11647744392292854,-0.01932814741222674,0.08458647615820336,0.3955432071332429,-0.24473938798562442,0.3036712906217194,0.21453883977347318,-0.18794085644223943,-0.04252749797887527,-0.3669629011684828,0.057257071150949065,-0.043455222569232205,0.4014186785195095,-0.13501355070078394
0.31205918854853293,0.2518106483854465,2.991546410236142,0.9481721407853266,-0.21522945821799813,0.3880686117232092,0.3236991288163812,0.46701352095950366,0.45450022286445074,0.3578516189691281,0.3247310648163526,0.33250905662998237,0.370063115612401,0.37672985866940256,0.37036334961663864,0.37614120331121725,0.35382342995047283,0.4282913910012691,0.2255691192973747,0.1601902050149446,0.33485871947132195,0.45709495938795025,0.4116718238121546,0.2829537970241615,0.23693555469446473,0.3991884279751467,0.27648332729262626,0.17846773291858908,0.5788918039928829,-0.8725073351295071,0.2598462138803099,0.38673446085421753,0.19248139551194615,0.25431668089012927,0.04042474586423744,0.3630059108978969,-0.06009965163021051,0.26405015634861484,0.06203796314868679,-0.6144666840522073,0.1778599283532529,0.3254889365734854,0.2519425109283473,0.18444486989974665,0.6523721540613857,0.5874019571736544,-0.1702104745382394,-0.27929040798410704,-0.8993766660042988,-0.04894882409199266,0.15441147583381887,0.45045860671130294,-0.161178060341377,-0.1817198488785911,-0.0582801155366439,-0.17226977922728504,0.11682184656277511,0.09611852122288496,-0.10932863943148156
0.03048472110430465,-0.2644519307987054,0.9481721407853266,2.7826105751914656,0.02549743762744952,0.7467336263606613,0.5869675475791153,0.5988005161054574,0.4575695759664641,0.611431506879614,0.4532085360372449,0.7130307453359863,0.426532714534382,0.57082756658192,0.3321036112592756,0.5657853997223146,0.5309125744916984,0.5852003285250724,0.4269738114603574,0.36744197477769036,0.17659230314437616,0.5662154879516572,0.5496662650145419,0.4165834627418772,0.18199667809610834,0.6186108879774423,0.45485488224614185,0.040288173425253156,0.46701208625643736,-0.28755227281334944,0.34675746624238923,0.610616537028681,0.2442913102997088,0.43692379975752027,-0.21755950390530857,0.49751812347023405,0.025255561253454798,0.40587950439666504,0.2112020429912784,0.04996528197996796,0.05322135210737084,0.132052817033919,0.48106485752698297,0.2134199759204594,0.20752941771677147,0.496982777866949,0.23224420336824073,-0.11492876890676694,-0.06295872294731225,0.0354979764387767,0.13890715522413688,0.28380679274549525,-0.10992262715308618,-0.36635644246731697,-0.2606388627916576,0.018684809479831175,0.2752508973567963,0.31216010038995173,-0.4143345398027107
0.20573335166188367,0.0108041084199882,-0.21522945821799813,0.02549743762744952,1.649596398123165,0.2728502902140743,0.1742379774220248,0.4047812382229012,0.15631916414483019,0.2095327265634078,0.23068449182080164,0.21237347436284232,0.2939800938485829,0.21483869873831798,0.16559223138252063,0.20598653693263627,0.2063892664361461,0.14659456433660437,0.765970271651829,0.3324318391299865,0.07134608021075675,0.20488069620404295,0.26902930835869865,0.2010336785576,-0.013520532954124698,0.3027867680207062,0.20948001619940876,-0.07001874937489579,0.38841381831816796,-0.11014022202943717,0.09257322588576461,0.2325687047809418,0.12023591311894696,0.5285284584395501,-0.2109962265896623,0.2387145292752306,0.1102339951161326,0.10251945097481813,0.13377315222884079,0.13569315090593795,0.11576222908318967,0.08121236375967245,0.08254631705570703,0.046160391880123754,-0.431282499049624,0.17674957031132058,0.006029981671978831,0.026208198388942488,-0.010115215675523849,0.46235422032105966,-0.10667582811338136,-0.33106936851367014,-0.06075305047821904,-0.04874643572845491,0.01137832548656521,-0.13068389535161154,0.0870119947263558,0.010311570842696642,0.024140093071245
0.12776736112301024,0.30589489317069557,0.3880686117232092,0.7467336263606613,0.2728502902140743,1.1348509921186676,0.36080730529527644,0.6635414112081923,0.37149761238183726,0.4480855423311083,0.4776616706151709,0.526133688156148,0.48595576125458756,0.418793629621338,0.3677843830626261,0.42034980360642776,0.48974588994360374,0.35165075837166665,0.6973036063434357,0.6409820893719471,0.33617673630755013,0.4285368332402111,0.23872979515512358,0.36143802210604925,0.14662130086761804,0.5532171904727158,0.42470746432325623,0.1970037755030229,0.763962367687585,-0.14225449216967062,0.33175008402495476,0.47135382719324836,0.04908059067865128,0.521774607695978,0.3077015034583278,0.36231736593450575,0.09210410407475275,0.3852927943526006,0.35904443304318595,0.2594112452414191,0.050966949572270354,0.28214941352180156,0.6316654576722409,0.1463191623850795,0.4908930594460994,0.3333846628945807,0.2220049424754617,-0.034435737525726116,-0.044513439759681604,0.20211840866612613,0.011198143769674134,0.06483019376906762,-0.21781024723837492,-0.1422882001970152,-0.1277384435838584,-0.04981917241436492,0.2069433341898075,0.19142012553623555,-0.23426278122085928
0.15011668153982582,0.20002428134261285,0.3236991288163812,0.5869675475791153,0.1742379774220248,0.36080730529527644,0.6005925428016011,0.2965539231764134,0.30630352720215936,0.23491998972724207,0.26662901803390227,0.36883310436796735,0.28760576651305975,0.2527453177475917,0.17119615941080046,0.28455337146744664,0.30901495171191673,0.24307031770637344,0.2536735736255171,0.2086850232002167,0.17667069512230468,0.31069975967116564,0.27858039239492155,0.2320836914910882,0.14988670181885394,0.33442581831957563,0.2301011787112649,0.060358633169839956,0.40810702813117233,-0.24017815860618064,0.1540257938777448,0.2642675548848995,0.10156696832826807,0.36549832441782143,0.055886039593081215,0.19857754271996161,-0.021456420029321327,0.17355326352721653,0.22504137613848588,0.10591002498009289,0.07161758536000717,0.16240385059844614,0.27337075849244924,0.11426717918614977,0.0676843898923278,0.23159041735282315,-0.029728505146971305,-0.008283225358405344,0.10413067832654413,0.035840723227610796,0.05813322476745108,0.03620556920091645,-0.01987814906103908,-0.148167343829435,-0.004864269276351116,0.06260449719987647,0.11741842515909587,0.046095887202062064,-0.2389501656351011
0.14323608059482293,0.20041946379871825,0.46701352095950366,0.5988005161054574,0.4047812382229012,0.6635414112081923,0.2965539231764134,1.0926506610474458,0.1296893663452402,0.4781416931862486,0.4116078327961785,0.21838344389430117,0.4768074484195852,0.318399151146524,0.21466155074322038,0.3221125469498457,0.42314886994166795,0.24767869719361912,0.4851133597222413,0.5623263761518774,0.20136429309854556,0.2947700900028829,0.21714866328237745,0.24436980067991126,0.08722604961091529,0.5006758177830549,0.31358507162932053,0.09331208418403855,0.7135463270594599,-0.3456060785356079,0.18110611048380396,0.33787918301414405,0.11058517725683119,0.5628818078434502,0.20986389035273967,0.16377591161519955,0.04166371150637029,0.16641165552064247,0.4422501193357649,0.17254473000329865,0.12261492503263187,0.16008448931786184,0.48416077134262264,0.12869715111339264,0.10168171967572265,0.2857175325452351,0.0009300051344160267,0.03323725512599995,0.055459487008480655,0.25365150230532146,0.017670893909891107,-0.06381218295790472,0.0345702016725688,-0.19865823281500028,-0.15593701796210668,-0.165933149621385,0.3258377430378346,0.269568686215697,-0.26358894741177985
0.12704129443907908,0.23749622767901635,0.45450022286445074,0.4575695759664641,0.15631916414483019,0.37149761238183726,0.30630352720215936,0.1296893663452402,0.6322367081322819,0.22976328631094786,0.29199285530521984,0.4160651834927609,0.23595280851323847,0.3301072086771648,0.3406961404364389,0.31840657129120714,0.2886299544585186,0.31797900514534044,0.30006032636665336,0.11843152978242766,0.24485667244322093,0.433702854232979,0.35343905641020307,0.28053326991763716,0.1824707586626632,0.275666584068687,0.2383763709239592,0.12149507648376819,0.32760393137632066,-0.004429269056740933,0.25641415615854524,0.30558891694834917,0.14137027392630175,0.16785936230035203,0.13576452053024304,0.3350976092027069,0.05526136330641245,0.19209877008685394,0.16567205312719865,0.08450517449765961,0.12437373259916881,0.24124521224265977,0.27674680651139866,0.11655408326318982,0.2005417341587385,0.3582535049172067,0.1711721981771349,-0.12221421665029962,0.1225439263849047,-0.17169548953302385,0.12954553904262842,0.005351548137576863,0.12125883770314744,-0.1318365962910513,0.03205074174435962,0.12770133138226272,0.07239710787303777,-0.04149226014815969,-0.19128802040089182
0.13384620446937978,0.13737871564415835,0.3578516189691281,0.611431506879614,0.2095327265634078,0.4480855423311083,0.23491998972724207,0.4781416931862486,0.22976328631094786,0.7558411920702379,0.28593787191213194,0.33333487766934805,0.31972084210478163,0.36955636081475596,0.2921063802349065,0.34941510532932535,0.3311348556967075,0.3206887912301185,0.3557969089391439,0.38432321588783364,0.20387051229977157,0.3309865242664938,0.24411734254789982,0.2837691610123474,0.08258449510485728,0.28099366940894344,0.3016805234970348,0.16866622507139598,0.39042707360537,0.11987178521881932,0.31683423838328467,0.3586675435312334,0.08063835234372772,0.2832485765663251,0.26338032084494734,0.35841929861151506,0.2075815323191723,0.18606900241559254,0.2311997501338062,0.14587187354342948,0.21475729307835784,0.18001326105564802,0.4529677654500323,0.08946715121758421,0.3142461738606643,0.33225949477273864,0.26409358523457643,-0.11036282237339752,-0.2077520952573468,-0.04552206303056085,0.0436436509139424,0.02593873662900355,0.027117715453025038,-0.07913667028381524,0.08339208817008999,0.02267236294407563,0.055963615864598214,0.00034195060575488385,-0.138874125110138
0.12000618895637434,0.2506178668994589,0.3247310648163526,0.4532085360372449,0.23068449182080164,0.4776616706151709,0.26662901803390227,0.4116078327961785,0.29199285530521984,0.28593787191213194,0.5450581222890457,0.35045536123044824,0.36676644054360424,0.29557647508131096,0.3732622958430779,0.3254795357566613,0.36226594695337944,0.30493522322270733,0.3597093533451978,0.4182536799057823,0.22963548319480612,0.32692479252715334,0.25757290685352224,0.28094344687710915,0.12263308487206383,0.34308835217262257,0.29289420782307024,0.1417303235988839,0.49370663304404405,0.007313829002345471,0.2867773084228386,0.27780836310601775,0.06930469882758768,0.4064257573965602,0.25577143310112044,0.42626335602736576,0.0740553247426301,0.20235467340543997,0.33211973462344296,0.1684398849888692,0.2150685378261502,0.20014608280527288,0.3659374526425296,0.08610399017808754,0.3367393552882776,0.29583596018520536,0.20941188145635212,-0.09404358591991482,-0.13960047282276536,-0.0908131700036666,0.054989099707191125,0.00660071244340322,0.04463193200700327,-0.07949892413730593,-0.04361812325245817,-0.06765893049194927,0.1151927708858047,0.06389514482254781,-0.10154974391353505
0.11495444341377924,0.1956056447023332,0.33250905662998237,0.7130307453359863,0.21237347436284232,0.526133688156148,0.36883310436796735,0.21838344389430117,0.4160651834927609,0.33333487766934805,0.35045536123044824,0.7155735509963833,0.29059496831435955,0.362151909096987,0.31030161238394477,0.3898301762391524,0.37710770205148053,0.43444603749347455,0.39815863002695884,0.32307554139410377,0.237847345520468,0.3956330300812842,0.2953270881042452,0.2601485170905157,0.1809325695220176,0.40850540932519336,0.3516572093842602,0.12815223773179268,0.374026122464052,0.05292962298224419,0.31474802756324066,0.36015894971640144,0.08855587388800766,0.35623983611394694,0.1939477003808741,0.43123577235000005,0.07596966068744364,0.29677375186076743,0.18976752899904442,0.17287183750795002,0.11387594467258293,0.20727702412940127,0.4187055675226625,0.10474390689795714,0.46591548046214476,0.315699714256503,0.30823450692361687,-0.08828213461803228,-0.054689119496740046,-0.10702707754975666,0.1370662205125158,0.03183126374180285,-0.04226653387696449,-0.1460658477384348,-0.052816447891132275,0.12645456667440585,0.040609775251782075,0.08174220055079119,-0.24959829176077208
0.11889347122971984,0.2594041347886796,0.370063115612401,0.426532714534382,0.2939800938485829,0.48595576125458756,0.28760576651305975,0.4768074484195852,0.23595280851323847,0.31972084210478163,0.36676644054360424,0.29059496831435955,0.5461614030097662,0.27376494260504425,0.23713417365806413,0.2930518870490415,0.34607050728666594,0.28641905554897845,0.35678112624921676,0.38807442567650663,0.18636080846928382,0.33653590255059695,0.2843127410286473,0.27015990699137266,0.008713038589338777,0.35204937160189076,0.29860477802094565,0.1141743529264605,0.5511907869880501,-0.20561061661995572,0.20381186224163025,0.30512307078430045,0.0981220472113926,0.3947478102463251,0.16364532583681804,0.32888459162679573,0.03603102615682263,0.11575545103997395,0.2516526043609722,0.17020041631891494,0.2092937664855106,0.1558353265680837,0.2630513331715895,0.11495048753470184,0.11045222980428174,0.2708257564198087,0.07041771006240577,-0.026496653886213594,-0.156355748941043,0.07887711208000513,0.08378020529244272,-0.030928427225294396,-0.05407884307139942,-0.08884273416032572,-0.05780193343254239,-0.1305041715913206,-0.000689039667934343,0.02765613281612593,0.09279922028356662
0.12121242984185693,0.1273133284582678,0.37672985866940256,0.57082756658192,0.21483869873831798,0.418793629621338,0.2527453177475917,0.318399151146524,0.3301072086771648,0.36955636081475596,0.29557647508131096,0.362151909096987,0.27376494260504425,0.5322477892582872,0.2770985689315928,0.35164720652065157,0.30685183835802693,0.24922780739478378,0.33034901020715335,0.2530496897618861,0.19483075411077078,0.35731258681270717,0.23141293473826824,0.2833587879288275,0.14425983948096624,0.34957818329427154,0.3024317573296706,0.12408797377628603,0.364653783865774,0.0363945404888959,0.26289897307364773,0.5283958724125514,0.1429620127700025,0.21978632894161276,0.12451185477376792,0.31566092128300055,0.11134160483227475,0.22161420638385265,0.13516003101044913,0.10493234270116103,0.18803693260631987,0.18709334346137882,0.27644114094755107,0.1000695455193331,0.24354374891360514,0.320309319404251,0.21712479113762306,-0.0313915929815192,0.08838546687305103,-0.018269163199137066,0.012517404945089669,-0.0485567594238622,0.10623358010774583,-0.027430793427974248,-0.11527237080380286,-0.07067835430953438,0.18956983097158805,0.08517495502910155,-0.08157255145025673
0.10269040065632826,0.2674266938445219,0.37036334961663864,0.3321036112592756,0.16559223138252063,0.3677843830626261,0.17119615941080046,0.21466155074322038,0.3406961404364389,0.2921063802349065,0.3732622958430779,0.31030161238394477,0.23713417365806413,0.2770985689315928,0.588473456594752,0.3252241643908201,0.31974613406454094,0.28021310206909694,0.3473808887059391,0.25244480630002464,0.23276520534444478,0.30115975805142986,0.2765975440682192,0.27835713355666464,0.15918026170769436,0.2752033223511749,0.23540922540548842,0.2339486264745148,0.3823573125416726,0.08896868203328477,0.3050465512574831,0.22108949320738353,0.10337919490218361,0.24640724236657963,0.22681879475910002,0.43234892466507346,0.12770582786317408,0.21788031650300432,0.1951030998068168,0.07354501952888855,0.26471465172183606,0.227507204380345,0.33230616996313095,0.08641256669383697,0.3257257475505696,0.30195155275887353,0.22783282843465255,-0.16227541216662214,-0.0733878638012799,-0.04111263540461924,-0.03765703830545746,0.26487580667240235,-0.1750547031573706,-0.020133794866751018,-0.01203244101543547,0.0497178461632707,0.011458487434255893,0.016038524671024033,-0.030108420300240846
0.10051076214332764,0.18072435226906622,0.37614120331121725,0.5657853997223146,0.20598653693263627,0.42034980360642776,0.28455337146744664,0.3221125469498457,0.31840657129120714,0.34941510532932535,0.3254795357566613,0.3898301762391524,0.2930518870490415,0.35164720652065157,0.3252241643908201,0.546018237945909,0.40539366120495146,0.3488611946030097,0.3409160489541962,0.26583199013379355,0.2068616669517403,0.40272608536618487,0.22226378705350025,0.2753620675068477,0.1594689608894471,0.28317172986767175,0.33617799747893545,0.2044472562658438,0.40550256430432724,0.08373577177572782,0.31258309509957105,0.30508537257982654,0.13521732532869504,0.3147279001461349,0.25990801145916315,0.3350470288565377,0.17113004886017766,0.2544703364189779,0.2771926034044315,0.16725440379342593,0.22852720657014455,0.22078574848731433,0.44021998866582535,0.11261833333876245,0.3205007927838381,0.3113624140277647,0.2766859063305795,-0.08614468262991358,0.15882739617841893,-0.058613417474455844,0.036864413630111226,0.07186425465175338,-0.0009141209146194295,-0.10547388408616042,-0.1484370503050285,0.05429706452800537,-0.016988139014632548,0.20148476313603766,-0.09470219046076879
0.09315870980383512,0.2094794522985908,0.35382342995047283,0.5309125744916984,0.2063892664361461,0.48974588994360374,0.30901495171191673,0.42314886994166795,0.2886299544585186,0.3311348556967075,0.36226594695337944,0.37710770205148053,0.34607050728666594,0.30685183835802693,0.31974613406454094,0.40539366120495146,0.8527702232366222,0.40431833290138636,0.367362539967055,0.3734036738460401,0.2695150155788299,0.37555514537390233,0.21768765544386076,0.23216594265453866,0.2197589990998568,0.21862826311285682,0.24869964365255992,0.19648217715323055,0.6077451520163034,-0.08675815777325213,0.3522052215030818,0.2761105916632,0.18571157941073171,0.48439032087494743,0.31711476763809404,0.3109978144499091,0.34762980020852774,0.3736095538603948,0.46301303279677963,0.1262971924291444,0.15226666478358983,0.14456986187023982,0.5132508344889746,0.13489662689517656,0.3691218814467324,0.31143041781372255,0.2362010948710717,-0.04488741072537708,0.11972764399526356,0.15766484814391304,0.02027618596443344,0.1327572585731698,-0.051813051556722355,-0.16808226572789453,-0.11955645705467194,-0.11431574868782002,0.06774687054960458,0.16442812601216156,0.0280040217254268
0.11745530980409274,0.08845469453099823,0.4282913910012691,0.5852003285250724,0.14659456433660437,0.35165075837166665,0.24307031770637344,0.24767869719361912,0.31797900514534044,0.3206887912301185,0.30493522322270733,0.43444603749347455,0.28641905554897845,0.24922780739478378,0.28021310206909694,0.3488611946030097,0.40431833290138636,1.2291614424458444,0.3296596420381727,0.0108323253336207,0.19096055041508514,0.4615074918956346,0.4714073204873929,0.07169447324523782,0.32501011539118835,0.5281313652120901,0.1876926032192331,0.24002511170713464,0.2391060965360358,0.04596664602791359,0.40809511465962683,0.17781453419099075,0.3140483910287601,0.23902191275004409,0.225430518848288,0.5883048006545093,0.18366618129152412,0.1406204328555907,-0.06171771871566454,0.13446249431256546,0.25340274817698905,0.07623623132983455,0.5856097189437561,0.10856660374544858,0.6452001203845847,0.41435644597419286,0.6350188406986477,-0.2023343554305981,-0.32029443356039744,-0.26666575146550786,0.3116991443260002,0.15704250068918438,-0.1451119044448621,-0.1943840845321317,-0.045612993461779563,0.10487475801490018,-0.10816345350301858,0.17001595897963448,-0.14501122481831133
0.1579207084099333,0.1828828020258583,0.2255691192973747,0.4269738114603574,0.765970271651829,0.6973036063434357,0.2536735736255171,0.4851133597222413,0.30006032636665336,0.3557969089391439,0.3597093533451978,0.39815863002695884,0.35678112624921676,0.33034901020715335,0.3473808887059391,0.3409160489541962,0.367362539967055,0.3296596420381727,1.0503889650293645,0.4517160493659725,0.22895613421574826,0.32804207269255126,0.26265369835010344,0.2767657996488972,0.06920746113129359,0.39113712855917904,0.3203174651904939,0.16383804767735985,0.49467776073760733,-0.24000055319363642,0.26395142654321985,0.373734590513942,0.07755052650759517,0.3987011461554664,0.052602969655100265,0.3071703215980823,-0.05325666051373759,0.31900145119270734,0.21451572748735453,0.2598804718697636,0.08707589576824813,0.19556307618468138,0.40127498092971825,0.1014789180693675,0.261612575019939,0.32864507434845547,0.06894904096741802,-0.049191238001146616,-0.14726938972454115,0.06566754461689446,0.3403553787403058,0.4202707513889276,-0.49701821341074603,-0.2140414204621086,-0.06463512661309856,-0.016266978612573296,0.10396162109199007,0.11205478195744485,-0.11699258845629744
0.08044438784641163,0.19278674149473282,0.1601902050149446,0.36744197477769036,0.3324318391299865,0.6409820893719471,0.2086850232002167,0.5623263761518774,0.11843152978242766,0.38432321588783364,0.4182536799057823,0.32307554139410377,0.38807442567650663,0.2530496897618861,0.25244480630002464,0.26583199013379355,0.3734036738460401,0.0108323253336207,0.4517160493659725,1.6589471054950542,0.07957127105489716,0.1432217371873038,0.12163681115965051,0.36590214913028923,-0.27828696566186273,0.3991697496145837,0.4760149373261763,0.22954087954486826,0.964026867664507,0.1258986750550118,0.3526468806616432,0.3198152521305709,0.09244827057069745,0.7299319105538067,0.46625890044834106,0.4301868790302631,0.3980483366498583,0.3862574774102946,0.4911124290906686,0.46623030245688035,0.23619220253513903,0.026077278941872697,0.965404771806955,0.07045368665863634,0.6892840026637848,0.27471469283383954,0.040595754167801715,0.09064881363472051,-0.12953032277227938,0.09737833106080071,-0.03824864791817221,-0.06082683640029156,0.039057746435335286,-0.12983667928201834,-0.009554685259184993,-0.18191669945573521,-0.030847569841904718,0.15616727504201722,0.008064675432249806
0.11523564085305626,0.3587536982768385,0.33485871947132195,0.17659230314437616,0.07134608021075675,0.33617673630755013,0.17667069512230468,0.20136429309854556,0.24485667244322093,0.20387051229977157,0.22963548319480612,0.237847345520468,0.18636080846928382,0.19483075411077078,0.23276520534444478,0.2068616669517403,0.2695150155788299,0.19096055041508514,0.22895613421574826,0.07957127105489716,1.1161179751463224,0.24851983218566492,-0.0820355238791478,0.024335161630399116,0.35549782165085114,0.13233248425487282,0.14678896266502656,0.333223555372993,0.21133458190624232,0.006359365756196755,0.22792450441136916,0.18619127166724558,0.09711854785435677,0.1780504631992306,0.5036233210334162,-0.02146715943808469,0.16743266501169105,0.5016034046974039,0.3552297088657348,0.125975106943813,0.1642932515789612,1.0355261395707902,0.5391927813530236,0.13512728407349414,1.3965798398435225,0.10871615156496824,0.20153266785029877,0.10453648139653673,-0.4017725383394179,-0.03581162324093676,0.1334400629388561,-0.03910121479925205,-0.14289789007901713,0.010068433220720825,-0.07006111436694563,-0.08564755763730039,0.007290234969957758,0.18105777349944469,-0.09063825063802997
0.12696843947687755,0.16275956801845332,0.45709495938795025,0.5662154879516572,0.20488069620404295,0.4285368332402111,0.31069975967116564,0.2947700900028829,0.433702854232979,0.3309865242664938,0.32692479252715334,0.3956330300812842,0.33653590255059695,0.35731258681270717,0.30115975805142986,0.40272608536618487,0.37555514537390233,0.4615074918956346,0.32804207269255126,0.1432217371873038,0.24851983218566492,0.8146772824173517,0.39877915667379765,0.2669079732378684,0.06681926542043447,0.29225117763814695,0.28189244444138545,0.1445866687359696,0.4738297321941266,0.021938948792733167,0.315355015984153,0.36116147892631567,0.18119912613046169,0.3179983889102936,0.16013834493269571,0.47776406568685564,0.07512887056725893,0.2679172643003131,0.25489098779947333,0.11209975621429231,0.20852760624395583,0.23553838638819444,0.33494764262834104,0.1349739329818662,0.15523364836559816,0.43074416592778314,0.28405821302062056,-0.2627933911728749,0.4178950253044335,-0.0541818186802175,0.07845945260102234,-0.040652624597474485,0.032032764636509524,-0.12710247184241874,-0.07155193260725763,0.023902211202497418,0.018909793643051037,0.07528339393031284,-0.0849535243159265
0.11679727761678403,-0.2616796278028633,0.4116718238121546,0.5496662650145419,0.26902930835869865,0.23872979515512358,0.27858039239492155,0.21714866328237745,0.35343905641020307,0.24411734254789982,0.25757290685352224,0.2953270881042452,0.2843127410286473,0.23141293473826824,0.2765975440682192,0.22226378705350025,0.21768765544386076,0.4714073204873929,0.26265369835010344,0.12163681115965051,-0.0820355238791478,0.39877915667379765,1.4803690170786128,0.569015792363661,0.1942569458841156,0.25843665871750054,0.1535801832551609,-0.13608637682816155,0.5860109259080636,-0.07439729467586331,0.03207470818071941,0.1932867955138652,0.0769835840283769,0.34730451609982116,-0.2184339341953199,0.8813877831427237,-0.3031376857582513,-0.05578956051926268,0.06238882337843993,0.13538550121064402,0.32114257209905467,-0.10742611218389832,0.16547178668731355,0.21696178858822324,-0.4709332363140748,0.47297575059741515,0.15493129577888592,-0.3371431586345794,-0.9439156242459064,-0.08612691300569233,0.11838058234713644,-0.018654131059890937,0.03881283926142383,-0.12658085044419018,0.15776967061962255,0.057663772993396305,-0.05275051942866523,-0.2330584904636581,0.04506714174620126
0.08439742413253945,-0.009665405874672899,0.2829537970241615,0.4165834627418772,0.2010336785576,0.36143802210604925,0.2320836914910882,0.24436980067991126,0.28053326991763716,0.2837691610123474,0.28094344687710915,0.2601485170905157,0.27015990699137266,0.2833587879288275,0.27835713355666464,0.2753620675068477,0.23216594265453866,0.07169447324523782,0.2767657996488972,0.36590214913028923,0.024335161630399116,0.2669079732378684,0.569015792363661,1.4007922538399957,0.30066286242764806,0.21462423295311203,0.24823863212077285,0.12090309319332879,0.4201318442543567,0.3313063656683553,0.4706765058629227,0.27335384245444044,0.10362546678342327,0.41249912905883285,0.18421741008965162,0.6531497748963104,0.011705819770059866,0.12056105967842415,0.2746590319261126,0.04829826680161166,0.3779974161530761,0.05384686086833713,0.13527124802322987,0.1487272641925041,-0.08267485036700113,0.43181340916678784,0.24545674794540726,-0.10322450073344001,-0.5212792376292926,0.05677006911885625,-0.04080617794613521,-0.0599583107990456,0.08144629216399749,-0.11698857808114597,0.2310799491923301,0.08034443311299604,0.17899730739292152,-0.5387213150560743,0.1316227568548547
0.1296894166588064,0.12130556996434078,0.23693555469446473,0.18199667809610834,-0.013520532954124698,0.14662130086761804,0.14988670181885394,0.08722604961091529,0.1824707586626632,0.08258449510485728,0.12263308487206383,0.1809325695220176,0.008713038589338777,0.14425983948096624,0.15918026170769436,0.1594689608894471,0.2197589990998568,0.32501011539118835,0.06920746113129359,-0.27828696566186273,0.35549782165085114,0.06681926542043447,0.1942569458841156,0.30066286242764806,3.668648318564318,-0.18557782088032984,0.018183723691650035,0.16554184829397278,0.36180988590562146,0.5945917883132688,0.19317831550130743,0.1312397190622175,0.20560429830944751,0.7440497205519262,0.347335173778341,0.03866275630852111,0.4998019856863635,0.5678190810202546,0.8648283023868538,-0.20874887785422147,-0.002955903138423198,0.3561487556667704,0.48741232036276244,0.15338432061635127,0.5692541496265175,0.46565077300460256,0.5158177781663471,0.034440427308980275,-0.631508930011875,-0.18306505762126604,-0.009794292953042762,-0.10207011811692793,0.12197871591985097,-0.10761821854557707,0.15305891930926604,0.20803755906848437,0.4297691373146281,-0.25336614241927685,-0.3250509786216546
0.08883524903267272,0.21030197818261973,0.3991884279751467,0.6186108879774423,0.3027867680207062,0.5532171904727158,0.33442581831957563,0.5006758177830549,0.275666584068687,0.28099366940894344,0.34308835217262257,0.40850540932519336,0.35204937160189076,0.34957818329427154,0.2752033223511749,0.28317172986767175,0.21862826311285682,0.5281313652120901,0.39113712855917904,0.3991697496145837,0.13233248425487282,0.29225117763814695,0.25843665871750054,0.21462423295311203,-0.18557782088032984,2.1274167083724786,0.2862811787640248,0.2158652696739731,0.10575859529532464,-0.1723103354276375,0.3148181929980343,0.39515082191061524,0.2794572265550486,0.5774274132582145,0.09865523361320919,0.5141079390950237,-0.24999903745192711,0.1974881130880433,-0.9059189702583259,0.06882630694293097,0.4553158075920258,0.11160911059284484,0.640626901422675,0.08095069718446044,0.4277834872834872,0.32858692489387,0.16760886495205618,0.020951705229346543,-0.09579048540834274,0.32257403229054327,-0.05886407282999779,-0.06989752079258071,-0.24566154781400726,-0.1792883340859502,-0.16411942606959287,0.08506225059118291,-0.008074546518614893,0.338907538542438,-0.24696201763920808
0.08897986009944937,0.1711641811520697,0.27648332729262626,0.45485488224614185,0.20948001619940876,0.42470746432325623,0.2301011787112649,0.31358507162932053,0.2383763709239592,0.3016805234970348,0.29289420782307024,0.3516572093842602,0.29860477802094565,0.3024317573296706,0.23540922540548842,0.33617799747893545,0.24869964365255992,0.1876926032192331,0.3203174651904939,0.4760149373261763,0.14678896266502656,0.28189244444138545,0.1535801832551609,0.24823863212077285,0.018183723691650035,0.2862811787640248,0.603894474556618,0.17923919732728755,0.3992548773245758,0.035682604694683935,0.2546525415801984,0.3928950381811015,0.1497032638123068,0.29305859628479886,0.18464207440537525,0.32254469913411105,0.1454210210066107,0.18884098860662324,0.21205643964334966,0.19532095875137806,0.20339598231321182,0.15353322943185965,0.3731437971313956,0.08306990675257545,0.24236376757162276,0.31368422618320524,0.14190622983130438,-0.024162408868740073,-0.07528293976356147,0.013833159152109479,0.03224798605608417,0.010485536041443448,-0.030895670320198108,-0.07538932000005076,-0.07665039177966912,-0.016910035776881705,0.013484726045649464,0.10677448805754898,-0.05822857623950424
0.028067407322694006,0.26639365029862944,0.17846773291858908,0.040288173425253156,-0.07001874937489579,0.1970037755030229,0.060358633169839956,0.09331208418403855,0.12149507648376819,0.16866622507139598,0.1417303235988839,0.12815223773179268,0.1141743529264605,0.12408797377628603,0.2339486264745148,0.2044472562658438,0.19648217715323055,0.24002511170713464,0.16383804767735985,0.22954087954486826,0.333223555372993,0.1445866687359696,-0.13608637682816155,0.12090309319332879,0.16554184829397278,0.2158652696739731,0.17923919732728755,0.9801273973607209,0.13947401156306655,0.34046727935661386,0.3599342443479986,0.13264098891146134,0.5294076155224011,0.1705827376270376,0.7503683305568115,0.27346612632256806,0.461399362293311,0.20769384387217762,0.12819612001610248,0.08636350981566361,0.3256899045255844,0.3315779917304239,0.4280472253969462,0.12862975495803564,0.7209139037837968,0.12868463196974939,0.33135866015182863,0.12767919392309462,-0.05252175296717764,0.10384935618241166,-0.00030373548485123047,0.48683440912164094,-0.662074339889707,0.029114781854686293,-0.04271138700227143,0.002129099525047221,-0.11405127850931727,0.03528952214821139,0.08966820384159656
0.19505203375135136,0.3432847846519118,0.5788918039928829,0.46701208625643736,0.38841381831816796,0.763962367687585,0.40810702813117233,0.7135463270594599,0.32760393137632066,0.39042707360537,0.49370663304404405,0.374026122464052,0.5511907869880501,0.364653783865774,0.3823573125416726,0.40550256430432724,0.6077451520163034,0.2391060965360358,0.49467776073760733,0.964026867664507,0.21133458190624232,0.4738297321941266,0.5860109259080636,0.4201318442543567,0.36180988590562146,0.10575859529532464,0.3992548773245758,0.13947401156306655,3.350584842135441,-0.6698352371845626,0.0387895484930942,0.43033522225361087,-0.19347954549591692,0.8568727509324358,0.5336055098660286,0.7782511517832089,-0.5174495893411695,-0.3165454838066413,0.6931525302516791,0.27315009726943396,0.883159966905267,0.13409501510090754,0.5356497385101656,0.013263545604597773,0.19513996588004046,0.5076865360966759,-0.2926871783042991,-0.4846977823728697,-0.943865024301138,0.3657239079812684,-0.07220832588657676,-0.31973391386646727,-0.21166773039369752,0.06154675828038241,-0.03139563715565678,-0.26934878391052586,0.033749238453256884,0.08936548869507559,0.10638883482815761
-0.09205588721347012,-0.14810778649684786,-0.8725073351295071,-0.28755227281334944,-0.11014022202943717,-0.14225449216967062,-0.24017815860618064,-0.3456060785356079,-0.004429269056740933,0.11987178521881932,0.007313829002345471,0.05292962298224419,-0.20561061661995572,0.0363945404888959,0.08896868203328477,0.08373577177572782,-0.08675815777325213,0.04596664602791359,-0.24000055319363642,0.1258986750550118,0.006359365756196755,0.021938948792733167,-0.07439729467586331,0.3313063656683553,0.5945917883132688,-0.1723103354276375,0.035682604694683935,0.34046727935661386,-0.6698352371845626,4.339798372114702,0.48975838281605216,-0.13448795017307838,0.4785301351512213,0.02671026299705518,0.7292225212711264,1.0476686327906393,1.052408107876546,0.462040816887139,0.5962593046833415,0.06242121892365822,0.5933965410170431,0.055702459901671456,0.8984887460171246,0.031692214122329844,1.0551080374512292,0.5544633359251901,2.212920065459856,0.05070531713749573,-0.806661956866253,-0.26563420189305276,-0.332332364764141,-0.9164658783438222,0.9046321118241804,0.029235390622328397,0.2958430637377183,0.264362657367706,-0.25238688284980254,-0.17657938491662328,-0.01891147434556022
0.08963119837461948,0.1828243903768181,0.2598462138803099,0.34675746624238923,0.09257322588576461,0.33175008402495476,0.1540257938777448,0.18110611048380396,0.25641415615854524,0.31683423838328467,0.2867773084228386,0.31474802756324066,0.20381186224163025,0.26289897307364773,0.3050465512574831,0.31258309509957105,0.3522052215030818,0.40809511465962683,0.26395142654321985,0.3526468806616432,0.22792450441136916,0.315355015984153,0.03207470818071941,0.4706765058629227,0.19317831550130743,0.3148181929980343,0.2546525415801984,0.3599342443479986,0.0387895484930942,0.48975838281605216,1.267779769789747,0.21595737850615973,0.2606378032737305,0.176513478664359,0.4566122806107704,0.6384645589015931,0.4972670761137599,0.3711631662272855,0.2006399014482664,0.0923612403172377,0.3319275957463677,0.2035350210093419,0.451342979039792,0.08982046100511747,0.6305303572907232,0.44615003738706344,0.5267110629867982,-0.019135712736300704,-0.25318202368555176,-0.0037981722985978056,0.013270188529674258,0.10468709250912002,-0.017088357950307984,-0.14609125976951673,0.10306398330631877,0.11891347001738957,0.1223276189293762,-0.18195524892100703,-0.06957044771731682
0.12478368981494907,0.14369596444032337,0.38673446085421753,0.610616537028681,0.2325687047809418,0.47135382719324836,0.2642675548848995,0.33787918301414405,0.30558891694834917,0.3586675435312334,0.27780836310601775,0.36015894971640144,0.30512307078430045,0.5283958724125514,0.22108949320738353,0.30508537257982654,0.2761105916632,0.17781453419099075,0.373734590513942,0.3198152521305709,0.18619127166724558,0.36116147892631567,0.1932867955138652,0.27335384245444044,0.1312397190622175,0.39515082191061524,0.3928950381811015,0.13264098891146134,0.43033522225361087,-0.13448795017307838,0.21595737850615973,1.0937710028954353,0.17798586650723164,0.07706762988699237,-0.08783592366186013,0.24741591929693332,0.0163504684377878,0.26550108491741575,0.03395748715552785,0.12446756023796815,0.059088209975485695,0.1722696097914392,0.20031911441778483,0.07653575728246766,0.178776804195781,0.35996262412275815,0.07607864803890742,-0.0021488545397810727,0.13684009635140218,0.14919165340615537,0.07726640778726163,0.07215773378663827,-0.2617308143070842,0.017308749211804066,-0.13740791769079372,-0.12114754886144813,0.20195912299524763,0.09129969638219623,-0.07366752364913076
0.03273167674480185,0.0334829675314524,0.19248139551194615,0.2442913102997088,0.12023591311894696,0.04908059067865128,0.10156696832826807,0.11058517725683119,0.14137027392630175,0.08063835234372772,0.06930469882758768,0.08855587388800766,0.0981220472113926,0.1429620127700025,0.10337919490218361,0.13521732532869504,0.18571157941073171,0.3140483910287601,0.07755052650759517,0.09244827057069745,0.09711854785435677,0.18119912613046169,0.0769835840283769,0.10362546678342327,0.20560429830944751,0.2794572265550486,0.1497032638123068,0.5294076155224011,-0.19347954549591692,0.4785301351512213,0.2606378032737305,0.17798586650723164,1.4043024417488015,0.19330296474938113,-0.19983626190711556,0.25166606503782935,0.8600693540488304,0.25094705117312366,0.05978296134917248,-0.20487640903163348,-0.11457163111455258,0.07744967666850931,0.18402830427192915,0.15945094319566802,0.047529245209255756,0.21498598234439,0.5048065283866664,0.21389038128884336,-0.11584803343596121,0.23658680560532674,-0.1612015411870042,0.009902216098171815,0.02436865028744598,-0.17867697790600712,-0.022560783236345403,-0.11094833884213536,-0.08592143614400442,0.028922852224415117,0.16170380348982277
0.03226133870151458,0.096189178009399,0.25431668089012927,0.43692379975752027,0.5285284584395501,0.521774607695978,0.36549832441782143,0.5628818078434502,0.16785936230035203,0.2832485765663251,0.4064257573965602,0.35623983611394694,0.3947478102463251,0.21978632894161276,0.24640724236657963,0.3147279001461349,0.48439032087494743,0.23902191275004409,0.3987011461554664,0.7299319105538067,0.1780504631992306,0.3179983889102936,0.34730451609982116,0.41249912905883285,0.7440497205519262,0.5774274132582145,0.29305859628479886,0.1705827376270376,0.8568727509324358,0.02671026299705518,0.176513478664359,0.07706762988699237,0.19330296474938113,3.2194437370278064,0.5023616449799122,0.4196611865986142,0.4880534793975518,0.08672218434894,0.43076811122782344,-0.35210196800003274,0.21849183493174157,0.11400800932800725,0.9373874549570425,0.12005461607268487,0.27051159000802744,0.06999108644451242,0.1532258227293209,0.08130084841310244,0.5750074525003491,-0.022137829709543682,-0.15974606483604614,-0.40943244229726095,0.3177025639254,-0.18083893828329922,-0.030271703126435328,-0.10665582149701533,0.04475964309005444,0.1008451311345722,0.015338981516082423
