1.1524955523659495,0.45545728999313956,0.3013612816777248,0.21447457325623548,0.369574393724214,0.2686827810598766,0.27082255120042625,0.3184964388327636,0.35269358429745384,0.3091012107645848,0.31607999491230065,0.3047920082845412,0.29108593946582784,0.24454057554278782,0.2622574009511391,0.27176235033205864,0.1959273294257234,0.18798772420873905,0.20848827710920795,0.1785503237039898,0.22543783535706222,0.21055152853120343,0.1567746539655283,0.20485662666560073,0.19928551816229886,0.20562488860608916,0.18710056122912466,0.19227631910348453,0.2106036012889362,0.18337157498898707,0.18441956383447802,0.17599243050762242,0.16190241604882732,0.14780394045347847,0.17237572713679383,0.17304307718254106,0.14665488780940023,0.1194348560640809,0.15591613564786339,0.1024862948044549,0.2554134483128931,0.14660927583693636,0.11775343807170871,0.15793485100334823,0.09479335643593023,0.08742558138622927,0.1631961856125927,0.11766757815844793,0.010150536625994163,0.016889091706105565,-0.02298278620776685,-0.07289671265023935,0.10454298090619536,-0.011167926422101966,-0.03346273219681207,-0.043024525293814335,0.16267555229911582,-0.16220910106454564,0.48739302565414644
0.45545728999313956,2.0015825214116525,0.45017117774329096,0.3346325151296555,0.3998940697466163,0.3264091201458953,0.259853152179588,0.317606136691473,0.27658046852526974,0.3157576492096809,0.30732255897920535,0.3203298142055582,0.30707626302438845,0.29860474736698406,0.24349937818727488,0.25272648890735516,0.16954303108693802,0.20505960747327834,0.23787256895647396,0.2425751265395418,0.3183563870165675,0.22823179933156026,0.18589949795109265,0.2367484736170752,0.21958665124147864,0.29320820223681143,0.21298080412129552,0.2042587498054479,0.245351153874278,0.1950187637277061,0.22319145935521556,0.1854467074054721,0.20579365462304705,0.1567408216213745,0.17565983432149632,0.18007801870924534,0.14001658401762332,0.13335188976400938,0.15509158974353568,0.09852626797025393,0.24734118724245696,0.15871117361268391,0.11428116927819598,0.1727119447101574,0.09885470009214259,0.09098404075123157,0.045949613640992246,0.12644606011752152,0.017329860081386362,0.03867964980761689,-0.004722532083192109,0.02869521516706081,0.04965773603239745,0.08665861351211725,0.16702465379623338,-0.17253361059313896,-0.0938161667681005,-0.06577549227850235,0.23207874524002678
0.3013612816777248,0.45017117774329096,1.4630230522509935,0.2802957387858795,0.3745521179519358,0.27056120013110857,0.3263036498624911,0.3481421980370141,0.165227740020542,0.311317626656532,0.25173428571693873,0.3242479362309703,0.2494188468874071,0.22030458216285087,0.2517937624978013,0.24809299842079724,0.20493358440295947,0.2600259054696513,0.1504042588516164,0.09520330741928146,0.23662258728367064,0.2994872949193363,0.19080106533203106,0.26249328706086067,0.2212109840783894,0.19923913524698988,0.26738372524528076,0.18822410672619508,0.20744494875949365,0.2874761552551898,0.21525846330331588,0.19723890993103807,0.17097033023228483,0.11520272159410831,0.18338479048371187,0.1617461323483207,0.1655876375005663,0.08940030511643134,0.14671593320969906,0.09661162017059689,0.24784810443270563,0.15532338846741728,0.1437015647952232,0.14994488909681686,0.0972133836412397,0.06979281695918935,0.10865860704752618,0.17418546120753176,0.011711199408498792,0.06718777193858888,-0.01563788880680931,-0.1379163304782016,0.1854362079486104,-0.040308714885953584,-0.10004577288523034,-0.25137355941212697,-0.027928273165527914,-0.08196895778322298,-0.34279934314672544
0.21447457325623548,0.3346325151296555,0.2802957387858795,0.8730852709834461,0.26387487107885876,0.6160672416364802,0.3330079207889003,0.33281920245515334,0.27520021873838285,0.3074712316268732,0.3121981975192385,0.317598214905875,0.31436698698108406,0.3026788095336316,0.297583551274647,0.2157972465654886,0.33378448381536646,0.26910576966745525,0.2204402822751513,0.22968820073407295,0.2575912785398833,0.1896347802182807,0.1612558182349212,0.20486797663300674,0.18422741926768216,0.2282557413892847,0.1318298020400028,0.22433832732545397,0.21562556614383474,0.20185648269544806,0.178581819122241,0.13629474330142916,0.13593145121142083,0.14915847939282054,0.14014299691138127,0.17175349230299006,0.09999281773224893,0.1179473026031649,0.14830514566975245,0.10076437758713172,0.2651776185270406,0.1546189818001677,0.1306048871061315,0.15433105615911738,0.0870597069888267,0.09420482386976935,0.15758531571262713,0.111707537771937,0.011108332832965511,0.006908106281610048,-0.018542912847624996,0.04883606641677444,0.013190754542505057,-0.05094642065384957,-0.11194079147240146,-0.13495118572522566,0.17907096417096563,-0.09155413083290512,-0.008976104449910153
0.369574393724214,0.3998940697466163,0.3745521179519358,0.26387487107885876,0.9450216572862888,0.27884800008992916,0.33171244662939997,0.3486082414974943,0.2601863162626612,0.3191760655057799,0.29135072935993644,0.3431982451217736,0.2772760238669847,0.25078678657849984,0.28398552828361373,0.2519364855417493,0.29543468604748363,0.2633433343778364,0.25142527090324995,0.2345831906980007,0.2464829243432728,0.24342422233423375,0.15182637348238534,0.2401679870003775,0.18115863199555304,0.20177967926386098,0.2701019519928377,0.20944262982153777,0.21234183015556482,0.21473021827658986,0.19031884046614386,0.2195650551448062,0.16702474146392152,0.1617414606239928,0.22358974791356384,0.18001734735985417,0.26421531942073356,0.1586965509737878,0.1499770699770763,0.1306827335357996,0.2692752356463308,0.1892025101203815,0.137277296191713,0.1683264584081565,0.11627986899494547,0.05954681927519315,0.1489128812631006,0.12291120218630801,0.008744881838152668,-0.02547188968029793,-0.04296955280611721,-0.03025941704067632,-0.038347475383249355,-0.001005278817905586,0.37710965516933886,-0.20714460897448517,0.3351400863144102,0.0029120680447434905,0.048973505099907305
0.2686827810598766,0.3264091201458953,0.27056120013110857,0.6160672416364802,0.27884800008992916,0.8576975039825304,0.3306695055420628,0.37920669705877,0.2949306294436607,0.30070187583090147,0.324765293838,0.31975625617830106,0.3197341995249312,0.32449121322848234,0.30426486130515784,0.261813855811229,0.31189586829997007,0.3074494524479848,0.21140733611935528,0.19651765601454033,0.26951208127290494,0.19874230404504645,0.15393711299706858,0.21812203705341787,0.16972559049615132,0.2314219225778505,0.07248414044878555,0.23429193931972517,0.21085310011292305,0.22457879536096884,0.18996047328313867,0.13380407973191935,0.14103215979245157,0.1721235566829922,0.14299776712339288,0.17141829648729726,0.1133167504634748,0.1300705307045604,0.15370326408079232,0.10337831107567935,0.25387533139979895,0.1613527911297651,0.13472989780407837,0.15257371453194055,0.09276439304873389,0.1045478548684001,0.15949439764688633,0.1203838941740687,0.010830458533615549,-0.02338508098876431,-0.018331810230162053,0.025470661515649064,-0.01713912910826344,-0.04309940031150085,-0.09278335732658542,-0.0773929841660976,0.15810370269952043,-0.08361217487159839,-0.02450842174760864
0.27082255120042625,0.259853152179588,0.3263036498624911,0.3330079207889003,0.33171244662939997,0.3306695055420628,0.5573417111569603,0.3178857358764889,0.27801938816689,0.27318686730447306,0.30167415034840767,0.35637629693359935,0.293198953532885,0.2788157398008833,0.2879836831248497,0.2686263857000346,0.27225598388661465,0.22761780019891142,0.22719911125574171,0.19148902056024786,0.26629561786045963,0.1827907745027358,0.1790911875964523,0.21210332419984596,0.18351388742547775,0.2040612457586369,0.15964609535280505,0.21597829274430774,0.19058511757915483,0.22301125022841817,0.1679658664693719,0.17100978216586996,0.1275785289301316,0.14092451070239323,0.16836846273140763,0.17339962633874637,0.1484593499338932,0.11907091947983403,0.16756763356561555,0.11186520369177899,0.2747877324919319,0.17190703845701996,0.15035535507954728,0.15328258564730812,0.0975713663552531,0.08471578603526506,0.20880674226096801,0.11436371372478693,0.010709001968259283,-0.024582961252688683,0.005880752555672334,-0.031910682662070075,-0.06997790562889719,-0.007837996906682755,-0.05219174353410581,-0.007001311173585473,0.1850115671508543,-0.16634206128852197,0.004311713328224994
0.3184964388327636,0.317606136691473,0.3481421980370141,0.33281920245515334,0.3486082414974943,0.37920669705877,0.3178857358764889,0.5416376220054732,0.28129020393647103,0.35434829991367695,0.29819448746731203,0.30105689515283507,0.301604436492437,0.2846448588483334,0.311677528991026,0.2579268357449509,0.3331284352872627,0.268826727194849,0.22113078102895792,0.1764079919132041,0.24007866675205555,0.19600601153569092,0.1509113321865739,0.2167031226066719,0.17557465021812232,0.19184953360430376,0.18140910770287122,0.24627659399651167,0.20588816522249628,0.21710051499707012,0.1748413581496065,0.19356635601665526,0.13756936448645685,0.14931618412631528,0.18053574387202112,0.1823077632200468,0.16165936720786248,0.1365823923852814,0.15129267328728724,0.10895270104964933,0.2678738130193839,0.1687128406935181,0.12450644679120902,0.16563569376648685,0.1004595164723842,0.08229535120632181,0.15384780665222472,0.11691964669140874,0.009105052474147581,-0.0411244087997028,-0.024571490232561194,-0.04995182114119475,0.05073595837468804,0.012461846541216634,-0.07032624433884244,-0.08620752606560046,0.1205353386834374,-0.11155082579783854,0.1178905367167543
0.35269358429745384,0.27658046852526974,0.165227740020542,0.27520021873838285,0.2601863162626612,0.2949306294436607,0.27801938816689,0.28129020393647103,0.8132394314316079,0.3686206080392756,0.3106205943642372,0.2973783883890318,0.2866759105508671,0.30434796494582456,0.24357273480768454,0.18765012262927855,0.23407770731075114,0.17949583287608467,0.1990993842336151,0.18131755924403228,0.2170140653937256,0.15917524373667682,0.117295491944443,0.21494430682394816,0.25078378386647887,0.20045427354790402,0.18561126254032184,0.25514065129216656,0.18279319456187115,0.21292838107502673,0.19821027737352923,0.18404616885985634,0.17320061040222098,0.18430724708678392,0.1729044737164025,0.20505845798390068,0.13190029571065542,0.1426766717373668,0.19288334960023712,0.10213446062591307,0.25683226976639734,0.14886503400288004,0.1079659324005706,0.175574241078616,0.0913509143617972,0.07283290528177014,0.1784628344737534,0.09589213024613961,0.006292545296024923,-0.04263341469364027,0.005224002346356698,-0.03409847772541298,-0.022846705726570146,0.003511335357979656,-0.11888648821343832,0.06103335624855164,0.07540562152241725,-0.12344023228920122,0.26638313345177467
0.3091012107645848,0.3157576492096809,0.311317626656532,0.3074712316268732,0.3191760655057799,0.30070187583090147,0.27318686730447306,0.35434829991367695,0.3686206080392756,0.6654408623185629,0.30419883555826605,0.3010220570710087,0.2968847087763105,0.2865629104457963,0.2732473942789291,0.23946880420271083,0.24716549547060787,0.22196919019898328,0.25247744068902767,0.22492268989289024,0.2289760602363864,0.2367249649598325,0.13754356701944148,0.2363702234555674,0.23092627529468937,0.2358438914385465,0.2503497637216548,0.24422919089993111,0.22946205686334611,0.21934579269817372,0.19375379184933267,0.21208226779373512,0.16670765463545434,0.15036044857226605,0.18808264825632623,0.19476243463181225,0.1502667289423947,0.1538993889067098,0.1581083792965709,0.10994954220822223,0.26784692275598465,0.16441427375218348,0.1126557689790341,0.1787129955065147,0.1016139547730701,0.07985813781801301,0.16243082195447928,0.13080833428119737,0.009727170462582556,-0.0006341955413961797,-0.016692390836625198,-0.05723968370498979,0.0591583264374219,-0.009453660565230572,-0.1364071595942365,-0.15252180055619333,0.10242078578844101,-0.23186190349972444,0.3735671290826139
0.31607999491230065,0.30732255897920535,0.25173428571693873,0.3121981975192385,0.29135072935993644,0.324765293838,0.30167415034840767,0.29819448746731203,0.3106205943642372,0.30419883555826605,0.48318918482756346,0.3197433319934448,0.3592272713455277,0.309071499864483,0.2884007032752711,0.2743456479259359,0.24085255511512405,0.2549937896756403,0.24269630858851562,0.20639540356332628,0.25985207570951707,0.24332047074329305,0.17365373168038303,0.23201842459842256,0.1980852399460892,0.2296113171922273,0.19384982766408804,0.21172967387502992,0.20562796082156837,0.20006168762027507,0.19022228185201856,0.19054232414489286,0.17357363827349134,0.1822134825473094,0.18338409683367904,0.19441701339376677,0.14679749731848513,0.15091288670757902,0.16672590842699928,0.1356439674437096,0.27807165057962785,0.1881421313289742,0.14351542262981531,0.1746969072583855,0.10422882219269573,0.08797364018467314,0.2622916830085938,0.14120145749150376,0.009260501814045129,-0.010167377426823157,-0.005966086688288513,-0.03642721589962637,0.09931807450328488,-0.036498254976754886,-0.04668598054012094,0.0008431341106496317,0.16593674375683118,-0.16177314135202442,0.09566654736717141
0.3047920082845412,0.3203298142055582,0.3242479362309703,0.317598214905875,0.3431982451217736,0.31975625617830106,0.35637629693359935,0.30105689515283507,0.2973783883890318,0.3010220570710087,0.3197433319934448,0.5613256030153998,0.3125523935226647,0.27790137493223654,0.29856912830263854,0.2566934738066239,0.30685541005896266,0.25185516567841315,0.23256626258942797,0.19043516646447634,0.2563779950178346,0.23752681723138716,0.17895097184615366,0.23311708347660837,0.20543644701467276,0.21238786572509089,0.17572497961646585,0.20504197537050453,0.19921567204359716,0.19868821328973355,0.18248207871640978,0.17947165400770618,0.16847189957087647,0.14798240329979562,0.17457407685736084,0.18061337516799528,0.14783326527073365,0.13675859760403108,0.17173910134506482,0.12979283253596016,0.288061321079427,0.1726099101438886,0.14074850390695962,0.169908919879643,0.10073718555909018,0.08556599272118791,0.1815204174816412,0.1349858209473486,0.011991396510858213,0.0017498994021741883,0.003804456670340481,0.016437948302370286,-0.12433558185656873,0.01773231768704908,-0.03065773467809018,0.04605642021667956,0.21275503612110697,-0.12055688309114797,0.012764512684768888
0.29108593946582784,0.30707626302438845,0.2494188468874071,0.31436698698108406,0.2772760238669847,0.3197341995249312,0.293198953532885,0.301604436492437,0.2866759105508671,0.2968847087763105,0.3592272713455277,0.3125523935226647,0.5337780624113098,0.32256217838214013,0.3072379050060222,0.2971396983258145,0.21879253750476377,0.26742515947899376,0.2386383442137855,0.20737717230732905,0.26771346100675925,0.2052793749227339,0.1962230512998601,0.21940940864019273,0.1883776443777526,0.18225857206739093,0.174578164251993,0.2094098425111925,0.20842012547767244,0.19826051795148075,0.18193209618773365,0.17490981217785864,0.15606378134044724,0.14114848963148713,0.17524427115040356,0.18897163483538518,0.1391091334602843,0.14309551753833655,0.159884156004677,0.12700458776997886,0.2522964885740081,0.1834435002839684,0.1239910853598811,0.17749319190342971,0.10845339775859092,0.10112621146658397,0.21833581531162777,0.12526817956960812,0.013481533184110814,0.007175577157772666,-0.013903978255590083,0.030672617111302102,-0.015983705145676656,-0.10983699251124374,-0.0072386675720022805,0.008822720393080387,0.14060375637163958,-0.213306542004678,0.0918812299320743
0.24454057554278782,0.29860474736698406,0.22030458216285087,0.3026788095336316,0.25078678657849984,0.32449121322848234,0.2788157398008833,0.2846448588483334,0.30434796494582456,0.2865629104457963,0.309071499864483,0.27790137493223654,0.32256217838214013,0.5941124142817441,0.3750936227961455,0.3414272694919827,0.23355674420198105,0.3015753163427629,0.22733508616010092,0.16393935011295396,0.2658961729854257,0.20672790209757216,0.18237945686185278,0.2399904070051499,0.12678311304559847,0.20407180231731845,0.12681666588329504,0.2935568814660175,0.1761318542590751,0.2155197504834718,0.19314595273450352,0.20459906619640553,0.17658898957806324,0.17835712167422793,0.1934922619240174,0.20769827649100267,0.16446611032483407,0.1701829099521995,0.18078333033985017,0.13526174051939646,0.25684890214521994,0.19255633208493442,0.14145318390543818,0.19387126117955872,0.11469260912775499,0.11352962500703839,0.17890994535514104,0.12390327613508323,0.013622967688277811,-0.0646514615394047,-0.01953381613937481,0.007856970820587181,-0.21972376066567187,0.03094730635991536,0.03876353011072294,0.017555762095696675,0.15156223305962943,-0.19781349749146307,0.04693834126834241
0.2622574009511391,0.24349937818727488,0.2517937624978013,0.297583551274647,0.28398552828361373,0.30426486130515784,0.2879836831248497,0.311677528991026,0.24357273480768454,0.2732473942789291,0.2884007032752711,0.29856912830263854,0.3072379050060222,0.3750936227961455,0.6566610728143507,0.3941307651570661,0.30645627450686047,0.35646556180003675,0.27794948340813297,0.21743897439830928,0.29253391906349646,0.26004314890521474,0.21700961533288243,0.2491076420239662,0.1693411092618212,0.24806419153692288,0.050389235661959866,0.25384010835445264,0.25776290766285403,0.2206764772561434,0.1999796569255344,0.1708903124968146,0.164179579549876,0.17831799349900312,0.1722196009531259,0.194814200674237,0.13359202735097275,0.13198276177540985,0.18169479685069087,0.11369492384094883,0.29351605557597277,0.17229442288688268,0.14094322751448074,0.18558934620420514,0.10180680353946293,0.125539983825269,0.15873535756829313,0.14612707383989834,0.01693372465709583,0.00019719414581098659,-0.009834703854732651,-0.061213164669200015,0.13296959319023388,-0.06048154376342951,0.09434898887257506,0.08106874866477483,0.14674533539585513,-0.2363982061182543,-0.019189344130903646
0.27176235033205864,0.25272648890735516,0.24809299842079724,0.2157972465654886,0.2519364855417493,0.261813855811229,0.2686263857000346,0.2579268357449509,0.18765012262927855,0.23946880420271083,0.2743456479259359,0.2566934738066239,0.2971396983258145,0.3414272694919827,0.3941307651570661,0.7142258076037888,0.16497777823340187,0.4137644659336018,0.2953187192529091,0.1370809491380439,0.2880583110717965,0.2702808448721911,0.2348086503345678,0.24847627585068288,0.16418227474903133,0.27229539625015486,0.095512030793203,0.22762947414738924,0.32329007551270583,0.2433009489930425,0.23775981111577085,0.20822633839312785,0.18718283119123633,0.17993295644923726,0.2114370384053086,0.2092383590580747,0.16849929121895224,0.11448513521646637,0.18624776535522555,0.1068603747101111,0.2405011552596954,0.18781988551500703,0.14291203040451866,0.19791036124959047,0.12306339033728142,0.13084620244361497,0.21549374598415777,0.15470204060835824,0.013751533784291642,-0.0009590376394393456,-0.00845548404963393,-0.01862771580294512,-0.02865897206603503,-0.001341796675311113,0.12904376265275813,0.10396386913574145,0.09727499627957278,-0.4445625929688584,-0.14273447424810437
0.1959273294257234,0.16954303108693802,0.20493358440295947,0.33378448381536646,0.29543468604748363,0.31189586829997007,0.27225598388661465,0.3331284352872627,0.23407770731075114,0.24716549547060787,0.24085255511512405,0.30685541005896266,0.21879253750476377,0.23355674420198105,0.30645627450686047,0.16497777823340187,1.0084076031204356,0.33207923118484994,0.29138214667122514,0.2799951828112148,0.26236068848490113,0.08737325241393425,0.05845714937481623,0.17536908448530383,0.15521819540152293,0.12097012071191217,0.22172702118437848,0.2860842478625048,0.20470745298075965,0.22962874913057937,0.1338299025171585,0.18623236134946058,0.08339998316214074,0.12019321290495613,0.15826463530845716,0.1373943455001817,0.16492285160307923,0.13940192404915422,0.1383774221430775,0.11110632590079779,0.318683626327877,0.1352170315163389,0.10766069343087516,0.13159059973432008,0.08706539441121787,0.08200630947532053,0.08438495283489945,0.0583414131458011,0.0051651127292198775,0.052253044663681865,-0.01058024565082166,-0.060971869945129514,-0.012480120697568738,0.052134188673093815,-0.050561887392393666,-0.16325559585423244,0.028618901789585174,0.050852634463551344,0.009863285217606916
0.18798772420873905,0.20505960747327834,0.2600259054696513,0.26910576966745525,0.2633433343778364,0.3074494524479848,0.22761780019891142,0.268826727194849,0.17949583287608467,0.22196919019898328,0.2549937896756403,0.25185516567841315,0.26742515947899376,0.3015753163427629,0.35646556180003675,0.4137644659336018,0.33207923118484994,0.9199391337264363,0.25684159059262573,0.14320580323757762,0.29579791080610257,0.2548079420843447,0.25195724733743136,0.23953997777126107,0.11736105916971337,0.1259245133905243,0.16625875418332156,0.2740107959186941,0.27172189468547014,0.35290006737644447,0.22195704299554297,0.26005407419830184,0.1617864340637365,0.19100666322114596,0.2381340778567606,0.21628960255917756,0.2154959977052561,0.14611869849283132,0.10147060112374509,0.12671860523808237,0.26065017115931743,0.22109337877839508,0.1597279665280464,0.20825496757889664,0.13732394422830432,0.1457933844774874,0.10527956306169978,0.16275606221322503,0.015622314590458045,-0.041044951160799266,-0.0053566441024449135,-0.12033207808603018,0.0015681585816878884,0.038238309400594625,0.008036231955816164,-0.08091978303223198,0.052895618906217606,-0.059038456511908324,-1.563936399201864e-5
0.20848827710920795,0.23787256895647396,0.1504042588516164,0.2204402822751513,0.25142527090324995,0.21140733611935528,0.22719911125574171,0.22113078102895792,0.1990993842336151,0.25247744068902767,0.24269630858851562,0.23256626258942797,0.2386383442137855,0.22733508616010092,0.27794948340813297,0.2953187192529091,0.29138214667122514,0.25684159059262573,0.6786501173839611,0.4413874479957834,0.32637047544095715,0.20753238634415588,0.15837609119710036,0.2249949075364594,0.23217985272885644,0.2019907563973536,0.09063889594073808,0.18357213761524044,0.2806024341825248,0.16645284551423495,0.18669453553117335,0.1869478581318264,0.16869583114440556,0.12111318286124745,0.16860610783607402,0.18884190028478912,0.07662269819938754,0.1505412696547619,0.158170344237145,0.11380374109008357,0.23518224686148764,0.1389556460112723,0.11700525558940011,0.16981516102945252,0.1012467965273962,0.16769481787398172,0.12801143609022547,0.11947623851869946,0.019906697659887406,0.0241387618978066,-0.0018581541327958528,-0.023296207441305443,0.02808975688748919,-0.0570622767327122,0.15940097849107074,0.06112542240719723,0.10157804974510133,-0.3768866020293461,0.03013603213155584
0.1785503237039898,0.2425751265395418,0.09520330741928146,0.22968820073407295,0.2345831906980007,0.19651765601454033,0.19148902056024786,0.1764079919132041,0.18131755924403228,0.22492268989289024,0.20639540356332628,0.19043516646447634,0.20737717230732905,0.16393935011295396,0.21743897439830928,0.1370809491380439,0.2799951828112148,0.14320580323757762,0.4413874479957834,1.0056034042465158,0.29362351496266015,0.1519337276276921,0.15087734642369524,0.22889009059586202,0.309321741432508,0.20081155635715853,0.16706611339003,0.26303121784104194,0.3447595025316879,0.11484249033154721,0.19709711541694777,0.16132072729807242,0.18866786947042616,0.10242474805800142,0.12335412126056779,0.2165415251760753,-0.04246423485926019,0.20994568601447436,0.19478226784188088,0.10321269777356734,0.2859012134233948,0.13067695978130014,0.10999698390177945,0.1985961283386905,0.08289392859106508,0.18546232753031264,0.17206914940477083,0.09282300931267709,0.026147134438757214,0.049314094067347755,-0.013004818852832953,0.038576757770333765,0.07008375033476207,-0.01289080909616597,0.18387605682091573,0.03817255294747303,0.06710024147354529,-0.20221620994461748,0.1220947253197953
0.22543783535706222,0.3183563870165675,0.23662258728367064,0.2575912785398833,0.2464829243432728,0.26951208127290494,0.26629561786045963,0.24007866675205555,0.2170140653937256,0.2289760602363864,0.25985207570951707,0.2563779950178346,0.26771346100675925,0.2658961729854257,0.29253391906349646,0.2880583110717965,0.26236068848490113,0.29579791080610257,0.32637047544095715,0.29362351496266015,0.6241752351037329,0.19000544549844778,0.18679406070731341,0.25266767076287644,0.24726051717132969,0.26587158054950355,0.15395808908216801,0.15720466042450204,0.31795618997832414,0.20464913554718903,0.2597264260802557,0.21181701251673432,0.20623323341631966,0.16000961836744,0.1934434649663036,0.1888909811978215,0.1180043656345001,0.11620058118797884,0.1692981484251342,0.10445331735745039,0.2506929041179788,0.14573239262511764,0.13693874869520223,0.17145351117553775,0.10591213742495885,0.13659554191748682,0.1419449154520867,0.11855475225370918,0.01683511129506591,-0.08220921667744707,-0.005407087390617339,0.00593649463390522,-0.09017664236247541,-0.10503993757286374,0.045458878833598115,-0.012971726764199592,0.06644722196248778,-0.19334472632836264,0.0021254393659863777
0.21055152853120343,0.22823179933156026,0.2994872949193363,0.1896347802182807,0.24342422233423375,0.19874230404504645,0.1827907745027358,0.19600601153569092,0.15917524373667682,0.2367249649598325,0.24332047074329305,0.23752681723138716,0.2052793749227339,0.20672790209757216,0.26004314890521474,0.2702808448721911,0.08737325241393425,0.2548079420843447,0.20753238634415588,0.1519337276276921,0.19000544549844778,1.0905261429007376,0.20568653578595242,0.43969186967128965,0.18329072375020214,0.5213414476431345,0.24563731821039747,0.09831583713227347,0.19190575343169458,0.3002829297426618,0.26567320746241924,0.2570373055621262,0.26473128149006303,0.22236042444722046,0.2028505255320106,0.1836001267273088,0.1595510082975752,0.13670405021547719,0.17574160057808194,0.14547686023063006,0.1531208986526832,0.1774873319439512,0.23376898952498187,0.14901803844496903,0.1240332807649718,0.10822397971906715,0.15346734902025827,0.4915351629958899,0.011261432393226939,-0.009184251707058208,0.01513984697481517,-0.03263040697708976,0.025170838162195897,0.07906498021429414,0.024582487070115323,-0.04162603580324694,0.07142171932689031,0.0524966737488539,0.0004224681963270003
0.1567746539655283,0.18589949795109265,0.19080106533203106,0.1612558182349212,0.15182637348238534,0.15393711299706858,0.1790911875964523,0.1509113321865739,0.117295491944443,0.13754356701944148,0.17365373168038303,0.17895097184615366,0.1962230512998601,0.18237945686185278,0.21700961533288243,0.2348086503345678,0.05845714937481623,0.25195724733743136,0.15837609119710036,0.15087734642369524,0.18679406070731341,0.20568653578595242,1.4316103407882683,0.08611239270703161,0.3183678805613909,0.15677730912606594,0.0530986981918747,0.07783018255390928,0.14750321278188597,0.44344057804392695,0.16887220078152984,0.12418101161063402,0.1294655675128598,0.01840184890411608,0.15871290953064138,0.23850133530587883,0.07369337678829,-0.18490622434403942,0.17507918964811417,-0.029648956624393007,0.24206420720032357,0.2736760641402685,0.09889681344734808,0.37340932721425524,0.09637051941467145,0.06994089234846478,-0.06001702113064577,0.1980308455273375,0.12289406433937917,0.016323815043615374,0.008163384315004631,-0.009549000637682596,0.025224359734478015,-0.12629663542110578,-0.02515582723837765,0.10321813604340704,0.06297521528708948,-0.10961441839802179,-0.015594957076340196
0.20485662666560073,0.2367484736170752,0.26249328706086067,0.20486797663300674,0.2401679870003775,0.21812203705341787,0.21210332419984596,0.2167031226066719,0.21494430682394816,0.2363702234555674,0.23201842459842256,0.23311708347660837,0.21940940864019273,0.2399904070051499,0.2491076420239662,0.24847627585068288,0.17536908448530383,0.23953997777126107,0.2249949075364594,0.22889009059586202,0.25266767076287644,0.43969186967128965,0.08611239270703161,0.5244868275091404,0.20530370028463252,0.23681481216549563,0.23432952574756064,0.332484361368489,0.23301310810680365,0.23116759948277824,0.25096166648505364,0.25816667146722033,0.27713760392143016,0.22476385980588062,0.2238388941265555,0.2304237363709692,0.17595306855723924,0.20397274283593478,0.20881735225950318,0.16225672330223015,0.22560687454802927,0.16626956719360836,0.19815666913554064,0.17113199842814555,0.12351223816132641,0.12994514865324608,0.16837014974617703,0.20808960259088538,0.007995603176701048,-0.08652794187403338,-0.023337750296480827,-0.06439763760055259,-0.00933893265687563,-0.0014757325077868818,0.134304563351681,-0.008467608374985046,0.06316214052923294,-0.06497387886634888,-0.009080187156770971
0.19928551816229886,0.21958665124147864,0.2212109840783894,0.18422741926768216,0.18115863199555304,0.16972559049615132,0.18351388742547775,0.17557465021812232,0.25078378386647887,0.23092627529468937,0.1980852399460892,0.20543644701467276,0.1883776443777526,0.12678311304559847,0.1693411092618212,0.16418227474903133,0.15521819540152293,0.11736105916971337,0.23217985272885644,0.309321741432508,0.24726051717132969,0.18329072375020214,0.3183678805613909,0.20530370028463252,1.4940769877932505,0.30122140938231307,0.2914712090079967,0.24359079485345989,0.2476512576186981,0.3591746075321393,0.17011410456615902,0.20476916598847542,0.17613623575647908,0.1286029216755651,0.17233648509149838,0.23528807066693885,0.01723593092378962,0.07880260104524942,0.35190869852362666,0.07916026532737823,0.5906982605741725,0.18952105470511796,-0.016000903792622315,0.3466336704407423,0.0723782332510579,-0.04581606183760723,0.0620986156542492,0.12818329633234551,0.015306904254474795,0.059723512646390434,-0.016762119720606934,-0.04008915091069548,0.058026903685173055,-0.0669411919167782,-0.10744750033437482,0.03649002119135279,-0.060365332439427925,-0.08005093131553152,-0.07665112183315226
0.20562488860608916,0.29320820223681143,0.19923913524698988,0.2282557413892847,0.20177967926386098,0.2314219225778505,0.2040612457586369,0.19184953360430376,0.20045427354790402,0.2358438914385465,0.2296113171922273,0.21238786572509089,0.18225857206739093,0.20407180231731845,0.24806419153692288,0.27229539625015486,0.12097012071191217,0.1259245133905243,0.2019907563973536,0.20081155635715853,0.26587158054950355,0.5213414476431345,0.15677730912606594,0.23681481216549563,0.30122140938231307,1.531750795712846,0.05540447417581249,0.011366406840548793,0.24537842901293366,0.07096083381682107,0.2169104687127235,0.19585747660873548,0.16641656242229383,0.2712724135085402,0.13044976822063303,0.09847806549824524,0.1001451544627689,0.12227908238026305,0.20990954343035667,0.14072590479432046,0.2979501594216616,0.1873282860512755,0.23464296025760176,0.07824205834877299,0.053874959704537505,-0.025840285542873504,0.246911306073147,0.25975455639098416,0.014697151555266397,0.08216894834500063,0.028068512813952055,-0.002852057696769889,0.04062252435799526,0.04085691776660618,-0.11482376473446854,-0.02458036181701378,0.03350868550056522,-0.11922099303593277,-0.03197663353408041
0.18710056122912466,0.21298080412129552,0.26738372524528076,0.1318298020400028,0.2701019519928377,0.07248414044878555,0.15964609535280505,0.18140910770287122,0.18561126254032184,0.2503497637216548,0.19384982766408804,0.17572497961646585,0.174578164251993,0.12681666588329504,0.050389235661959866,0.095512030793203,0.22172702118437848,0.16625875418332156,0.09063889594073808,0.16706611339003,0.15395808908216801,0.24563731821039747,0.0530986981918747,0.23432952574756064,0.2914712090079967,0.05540447417581249,1.6797681827634854,0.23162140616709287,0.18803499654294534,0.23545588800812436,0.2998758164580893,0.23816651771633573,0.31139384953870186,0.031215038605019934,0.21157769524948958,0.19309901204294236,0.22668759223412738,0.1782354694927908,0.16966925199171745,0.26324615827623965,0.16330595268551326,0.12902964386069232,0.1938236555955553,0.15893304646870351,0.10427225139684976,0.03608160726607379,-0.033722428741005867,0.14187685008051362,0.003481632733256258,-0.11965873940565872,-0.018076308247486374,0.31216530190960784,0.06854145022328707,0.042520914754090484,-0.21860754752712597,-0.34829636454835367,-0.23074075978851644,0.11841420248686559,-0.0460578209097621
0.19227631910348453,0.2042587498054479,0.18822410672619508,0.22433832732545397,0.20944262982153777,0.23429193931972517,0.21597829274430774,0.24627659399651167,0.25514065129216656,0.24422919089993111,0.21172967387502992,0.20504197537050453,0.2094098425111925,0.2935568814660175,0.25384010835445264,0.22762947414738924,0.2860842478625048,0.2740107959186941,0.18357213761524044,0.26303121784104194,0.15720466042450204,0.09831583713227347,0.07783018255390928,0.332484361368489,0.24359079485345989,0.011366406840548793,0.23162140616709287,0.9877706736737177,0.34215021209669494,0.2022232705446027,0.20199473100186122,0.22524460814129033,0.2022126654385261,0.18797792855089202,0.20462200914056736,0.3163474129783754,0.14940762902630247,0.27996898699095346,0.30814955523540943,0.12534473382781644,0.4496501393139063,0.25439290803957326,0.15890407768410772,0.2650367389949631,0.1285522157432976,0.1270223605336925,0.11176771661563545,0.07019707631842403,-0.00016914851191131855,-0.19085756482314323,-0.12111652035003376,-0.16327932460235864,0.02149665457395598,0.05463631266157264,0.01975555583779836,0.014576285280572891,0.04566543738655385,-0.08121690652799433,0.059411731529552717
0.2106036012889362,0.245351153874278,0.20744494875949365,0.21562556614383474,0.21234183015556482,0.21085310011292305,0.19058511757915483,0.20588816522249628,0.18279319456187115,0.22946205686334611,0.20562796082156837,0.19921567204359716,0.20842012547767244,0.1761318542590751,0.25776290766285403,0.32329007551270583,0.20470745298075965,0.27172189468547014,0.2806024341825248,0.3447595025316879,0.31795618997832414,0.19190575343169458,0.14750321278188597,0.23301310810680365,0.2476512576186981,0.24537842901293366,0.18803499654294534,0.34215021209669494,0.8289625343518567,0.0851425636372878,0.3183451476373369,0.18694332150507265,0.16436433691367774,0.1173821110840299,0.18053161308481935,0.2264305699215736,0.07506685576890142,0.12879980646889044,0.21069661285401733,0.07917782185421947,0.2950962752031214,0.13016697267391295,0.13558370658885768,0.21434929009992898,0.10608555288874398,0.12886855964854696,0.09984680194058819,0.12192049393024426,0.012108720870100493,0.12136915594014051,-0.026189200046885026,0.09989501174905357,0.11149845781052002,-0.07783165097208825,0.05921895253226434,-0.0014595613593885873,0.06767050936107954,-0.23578199616251816,0.04496661745101783
0.18337157498898707,0.1950187637277061,0.2874761552551898,0.20185648269544806,0.21473021827658986,0.22457879536096884,0.22301125022841817,0.21710051499707012,0.21292838107502673,0.21934579269817372,0.20006168762027507,0.19868821328973355,0.19826051795148075,0.2155197504834718,0.2206764772561434,0.2433009489930425,0.22962874913057937,0.35290006737644447,0.16645284551423495,0.11484249033154721,0.20464913554718903,0.3002829297426618,0.44344057804392695,0.23116759948277824,0.3591746075321393,0.07096083381682107,0.23545588800812436,0.2022232705446027,0.0851425636372878,1.5827773626325485,0.26529250646639735,0.24040141046500407,0.27589230430258616,0.24601563332488185,0.23476534470641608,0.18183955280205055,0.30810795667697594,-0.13759450643790574,0.3119686423486047,-0.08453193372519821,0.20896462537460453,0.18606230357287737,0.18408296854579317,0.1506518925091343,0.14637469893836264,0.11433207381635113,-0.04625826474339092,0.1880602950275013,0.027134803019467888,-0.04359600966467765,-0.01293441862313639,-0.09766554915520963,0.03281936027075146,0.07436503027644445,-0.17771316179133173,-0.22884849497965737,-0.17445209632761757,-0.0198266958374375,-0.10857441974411178
0.18441956383447802,0.22319145935521556,0.21525846330331588,0.178581819122241,0.19031884046614386,0.18996047328313867,0.1679658664693719,0.1748413581496065,0.19821027737352923,0.19375379184933267,0.19022228185201856,0.18248207871640978,0.18193209618773365,0.19314595273450352,0.1999796569255344,0.23775981111577085,0.1338299025171585,0.22195704299554297,0.18669453553117335,0.19709711541694777,0.2597264260802557,0.26567320746241924,0.16887220078152984,0.25096166648505364,0.17011410456615902,0.2169104687127235,0.2998758164580893,0.20199473100186122,0.3183451476373369,0.26529250646639735,0.8393907214075864,0.25476238710079313,0.42288352024701237,0.336743641241112,0.23612732332759365,0.22029793554754984,0.15384768316127473,0.1303031830434508,0.20424454095881547,0.1129948172401309,0.06922795442023871,0.18213819306793216,0.26035392603691554,0.13844821731351448,0.12968509636505257,0.16239360517450785,0.1006825301906083,0.1758745017082643,0.008962364555443554,-0.22488037857114893,0.007643938588998151,0.09402947339297874,0.01102371271866588,-0.001547196231172487,0.00605985228727196,-0.09555549503532765,0.003213724507795071,-0.11096465207885127,0.02979329551270599
0.17599243050762242,0.1854467074054721,0.19723890993103807,0.13629474330142916,0.2195650551448062,0.13380407973191935,0.17100978216586996,0.19356635601665526,0.18404616885985634,0.21208226779373512,0.19054232414489286,0.17947165400770618,0.17490981217785864,0.20459906619640553,0.1708903124968146,0.20822633839312785,0.18623236134946058,0.26005407419830184,0.1869478581318264,0.16132072729807242,0.21181701251673432,0.2570373055621262,0.12418101161063402,0.25816667146722033,0.20476916598847542,0.19585747660873548,0.23816651771633573,0.22524460814129033,0.18694332150507265,0.24040141046500407,0.25476238710079313,0.8261374522052737,0.35570941121970523,0.25021096145569555,0.5423008943901793,0.3441823323989375,0.39081882352779684,0.2628215706405738,0.10752520699773074,0.16709598464544773,0.159996298474503,0.2962241827948414,0.1867397229273745,0.26994883655408675,0.21317913217282675,0.035499920016072085,0.04623735670745271,0.1283379941001532,-7.474488882460626e-5,0.03499495157920053,0.0697859466413663,-0.6358491378416633,-0.22242516571879178,0.09642668871077822,-0.03553510498251388,-0.05530185387143461,0.00967903377877126,0.04161073339942296,0.14073932782406787
0.16190241604882732,0.20579365462304705,0.17097033023228483,0.13593145121142083,0.16702474146392152,0.14103215979245157,0.1275785289301316,0.13756936448645685,0.17320061040222098,0.16670765463545434,0.17357363827349134,0.16847189957087647,0.15606378134044724,0.17658898957806324,0.164179579549876,0.18718283119123633,0.08339998316214074,0.1617864340637365,0.16869583114440556,0.18866786947042616,0.20623323341631966,0.26473128149006303,0.1294655675128598,0.27713760392143016,0.17613623575647908,0.16641656242229383,0.31139384953870186,0.2022126654385261,0.16436433691367774,0.27589230430258616,0.42288352024701237,0.35570941121970523,0.7865239568300217,0.34066715601818215,0.2843834357111805,0.24664011677155898,0.18101240606399704,0.18551700097271528,0.2021618878892013,0.19509949680300126,-0.0698163291930211,0.1780467832913318,0.349820752565239,0.11318194681153104,0.15363911654223872,0.1292544199575075,0.13822482102837577,0.1539352639567321,0.009625123435206598,-0.25199981084485623,0.012639517997730592,0.04549986251355546,-0.03004816557605361,0.02026284406853234,0.006947173701395602,0.0028397527452990933,0.003992541087202993,-0.03317788760308383,0.0490586701428193
0.14780394045347847,0.1567408216213745,0.11520272159410831,0.14915847939282054,0.1617414606239928,0.1721235566829922,0.14092451070239323,0.14931618412631528,0.18430724708678392,0.15036044857226605,0.1822134825473094,0.14798240329979562,0.14114848963148713,0.17835712167422793,0.17831799349900312,0.17993295644923726,0.12019321290495613,0.19100666322114596,0.12111318286124745,0.10242474805800142,0.16000961836744,0.22236042444722046,0.01840184890411608,0.22476385980588062,0.1286029216755651,0.2712724135085402,0.031215038605019934,0.18797792855089202,0.1173821110840299,0.24601563332488185,0.336743641241112,0.25021096145569555,0.34066715601818215,1.4256085721202731,0.2705856538874797,0.24498346690454167,0.27278238438775715,0.3622365467016773,0.04656576778358678,-0.021152777024593335,-0.08750870853784196,0.3187540065650151,0.3228397092234703,0.09725335745708003,0.12734420561161186,0.02831665391784833,0.33374904741532885,0.09041460409866264,-0.02710957509394762,-0.23446166212241834,-0.07177994734973348,0.11358259243490686,0.1035519580355375,0.02205983074162034,0.09734256361462759,-0.060479762357202725,0.04048815486828808,-0.02020299402239651,0.10542507512279373
