1.176908179510606,0.4627376503362573,0.3095655180788563,0.21542754090038263,0.3764536925965417,0.269199629033492,0.27381262514667226,0.31926880559801096,0.3548248524798737,0.3132350816330831,0.3163313495565134,0.31072658331868513,0.2889646032783379,0.24339055367045886,0.26461984696163204,0.27264595170122613,0.1919220315116815,0.18735353118896966,0.21259358151157046,0.1844695474016068,0.23255470419449722,0.20653447731694918,0.16814314201100072,0.19828495511210126,0.21108359396244789,0.21069800664128477,0.21166592533867726,0.18641287261853862,0.21291184767100832,0.19821541223715244,0.19462512097941614,0.1820645177950927,0.16714951400218725,0.1571563066671117,0.1821915216443009,0.1810257208493463,0.14774589023144535,0.12347333945848206,0.15936555504845054,0.11028587369396273,0.25964727538258475,0.15305954572943187,0.12019132663094817,0.16820923792627263,0.10026279825847981,0.09077175375451355,0.17213315189288977,0.12214687549196888,0.011930448198114237,0.025095223486864285,-0.01498515832922764,-0.06272314963348151,0.1066670890088443,-0.0248289475304233,-0.0319805621860105,-0.04587249625341438,0.19682882355304168,-0.15577682921166228,0.3743986036309531
0.4627376503362573,2.034757710676533,0.45522840419105776,0.3266257665224141,0.3946551838946397,0.3218171636002184,0.2610280389968535,0.31769672797959214,0.2864104654689084,0.32773694864550645,0.3100401466805705,0.33173758670967896,0.30912323250049845,0.3036342940824042,0.24696220274638547,0.2570787225629431,0.16394187038397676,0.2006540627903923,0.24381377987174868,0.23974980304647078,0.31921123156290665,0.21674472910931378,0.18978450845261458,0.22393055067332693,0.2255866372102767,0.2992440972427623,0.22441079432566668,0.19966645227341837,0.23942892427659754,0.20117297802740686,0.22923340481882748,0.18753691249213872,0.20642913894834686,0.16926280106561495,0.18340855904269032,0.19319648129525857,0.13952937654817704,0.14695457388686944,0.16796731288333347,0.12619634310699845,0.2646453977656577,0.17645106852893272,0.12376935261088921,0.18864817478526552,0.10538851478937374,0.09885871207539149,0.06080180578516561,0.13021257309970719,0.017911884830323885,-0.0020135034198160724,0.019767089397310242,0.052820971766050655,0.0568169319472806,0.07605235568906818,0.1466394958255269,-0.11377020776325777,-0.05917988424577031,-0.06922270363861081,0.2018570565740401
0.3095655180788563,0.45522840419105776,1.4968064939070957,0.27359817228824274,0.38995349190593454,0.27111768969321987,0.319494715403056,0.34325773734756243,0.1586437095285823,0.3111848485419331,0.2450575231916162,0.3331336027145354,0.24128334326719678,0.22194308500763432,0.25258050154431283,0.25200628934722075,0.20304611498870037,0.26435360150333453,0.15008555832105555,0.08990909354369334,0.24077739870202483,0.30290056871116255,0.1982892087992087,0.25608097473165,0.22430758385728441,0.20319289634642348,0.2628083280562242,0.18034610433990447,0.2024618977709787,0.28726023890924507,0.21917534769051827,0.20974306562173695,0.16373418940849233,0.11806478563474364,0.19750303751525275,0.17338138759791497,0.17118507543752762,0.09858227349473134,0.15911956657086224,0.11992153038459413,0.26123879643527353,0.1695894991190337,0.14909568587319155,0.16798634460402212,0.10701842670729389,0.0790339466430564,0.12034214711992121,0.18408793817651872,0.01288971025156712,-0.0022758367454902254,-0.029963590890005325,-0.18880359952343553,0.14406828779911746,-0.01847314731963568,0.08081224876226271,-0.1693103669846042,0.05483748215409768,-0.01428812945394415,-0.26551049913631714
0.21542754090038263,0.3266257665224141,0.27359817228824274,0.8779286159249914,0.24256983098417678,0.6091474091169874,0.33308526907609654,0.33057747489855244,0.2880819007078054,0.3212649404185421,0.3178003597198341,0.327937318537835,0.3234542169254826,0.3170922632045079,0.3114496773026645,0.23607636271714144,0.33688276773472786,0.2763995937164623,0.2353931370565208,0.2354031512465575,0.2687772781899962,0.1883122138070928,0.1784043220838034,0.20229050884373576,0.19620301284798627,0.2365593319706374,0.15005745385953576,0.2243945779298894,0.22274893494839337,0.2208883363726253,0.19332837451906343,0.13444947119795214,0.14190780882088863,0.16110829692585488,0.1439949219652744,0.18397077232811707,0.09610469854765816,0.11933022024042808,0.15962927760429046,0.10973248499969346,0.2731218591740746,0.16161860106242756,0.13622600970225796,0.16768043204389896,0.09280874505918907,0.10529104466988931,0.18008990481903164,0.11760042800969578,0.012933774892162842,0.0662656709814,0.02679493403145723,0.115262619883547,0.05699239783673387,-0.050381558258701366,-0.13321324493634795,-0.11619306447432677,0.17235664114412713,-0.12969861237883007,0.043843894166871615
0.3764536925965417,0.3946551838946397,0.38995349190593454,0.24256983098417678,1.01304537633053,0.2554544289142077,0.3190275415417549,0.3400462103342548,0.25933112933285674,0.31406100185070274,0.2848739157656788,0.3572670261689681,0.2710216374847838,0.25181200080465854,0.29046713773890454,0.2531448325010469,0.30539398445331384,0.2703003656097631,0.2561505796208176,0.24445493656771775,0.24954626906980665,0.25424394730866773,0.15965201597025513,0.23731617521119058,0.1930489567625241,0.20568798590844706,0.3064940608851667,0.20481982293208634,0.21334548867042183,0.22624913745475184,0.2024675345942763,0.23650822919033057,0.181564385049556,0.17533518572950757,0.2444345605535262,0.19313900930884303,0.2820767110229067,0.17280756366926844,0.163716615514411,0.1493463748480692,0.27428257735991957,0.19985564392634864,0.14062865045513256,0.1854686217813987,0.12676362479893002,0.057505834809378084,0.15427259086135017,0.1333826687435648,0.010718471915369622,0.02500093501899817,0.0033510277025352877,0.001259036358346941,-0.02715160898086022,0.007886910104643936,0.48925161380247906,-0.16266218372205057,0.43961726530988504,0.12162213292328923,-0.11688168690285836
0.269199629033492,0.3218171636002184,0.27111768969321987,0.6091474091169874,0.2554544289142077,0.8510416478151345,0.31729882299100753,0.37456214523233006,0.30221193586488876,0.30937419000121413,0.3241205107771475,0.32503402883262095,0.3251864926948941,0.3419031965891511,0.32082021487355383,0.2906032676804964,0.3124220319005832,0.31915819764574854,0.22930138615768247,0.20191903434901337,0.282768391029369,0.2030664026793787,0.17639874054424207,0.2173566650119042,0.1816236220037114,0.2433302249592588,0.0840871785416829,0.23274181442745137,0.22037232601741502,0.24356872096660998,0.20534915003746768,0.13230342064006836,0.14729029639253158,0.1791212923399412,0.14628164886474687,0.1824999303016707,0.10883857359926569,0.13017722574680368,0.16493362134815187,0.11351037614934234,0.26133521271843707,0.16874242581703194,0.13986271640141162,0.16676060330146944,0.0994160735020472,0.11820719969056671,0.18092226492906868,0.13012301416168232,0.013504345862293855,0.036386854630629656,0.026277220904371575,0.07842415461670338,0.0348029526633463,-0.04085677075561345,-0.11385478415264923,-0.05700416649072842,0.15279001772786918,-0.13020364019916017,0.003286304487382984
0.27381262514667226,0.2610280389968535,0.319494715403056,0.33308526907609654,0.3190275415417549,0.31729882299100753,0.5779941413150991,0.3309542957275455,0.2992535757820369,0.2992526677795838,0.30488956795521094,0.3621658612544719,0.28788914222230105,0.2843724019713498,0.29151956242222304,0.27614209303510295,0.27448420883187186,0.23061250263620403,0.2383274175156382,0.19996035397219408,0.2792180732256685,0.18455348802221436,0.1964330883176857,0.21179390339011986,0.20352721756370473,0.21833751732299037,0.19619829450753432,0.21821847283409676,0.20054067485147867,0.25170403526549023,0.18599831485994947,0.1811406328192909,0.1364242491942716,0.15093410950131594,0.1774056666545829,0.18251384809488583,0.14938235081213025,0.11471226354049194,0.17249965385356172,0.10730307266262133,0.27467787257237064,0.1710644678342603,0.15119378754462529,0.16209941788190738,0.10026098378832833,0.08611982092285157,0.22352980756918153,0.12012451626724786,0.013151069399628817,0.017816608216488394,0.01836663154973591,-0.02095094375223438,-0.00967464895657088,-0.026996010021068738,-0.06032804881528586,-0.027357641747225395,0.17234032645946987,-0.19738326910495751,0.04832468927091203
0.31926880559801096,0.31769672797959214,0.34325773734756243,0.33057747489855244,0.3400462103342548,0.37456214523233006,0.3309542957275455,0.5467504774631782,0.2865988618783451,0.3639619289675329,0.3031978867629077,0.31076359788707747,0.30412335533382434,0.2924328642737916,0.3182428250088238,0.2693728831610653,0.3346381552162726,0.2733852253201394,0.23197039463051505,0.18371819835053238,0.2535474577959806,0.1964313063238561,0.17229779456797115,0.21408040724925295,0.19146099760102053,0.20398707617203268,0.20456696345653336,0.24358798533355278,0.21147336716791024,0.23924829352121665,0.18954748106821367,0.2017141532478005,0.1436805787981945,0.1574321773678323,0.19023603074378886,0.19279022283945224,0.1622272907043446,0.13724235837551768,0.16068233071445556,0.11810013318069369,0.27658463746271844,0.1764770426014862,0.13056946785291593,0.1779130447166628,0.10566555146972909,0.08733066266261934,0.16966193276045377,0.12434017684374452,0.011671611153700627,-0.0035100865865887354,-0.007417717293954562,-0.029902477617574287,0.07569962447364706,-0.014922851669388846,-0.05863611943797275,-0.08078147520844334,0.13012868758569626,-0.1323194156369753,0.1206780381384286
0.3548248524798737,0.2864104654689084,0.1586437095285823,0.2880819007078054,0.25933112933285674,0.30221193586488876,0.2992535757820369,0.2865988618783451,0.839415832867758,0.36661330468928083,0.3106651932167395,0.3023495990584311,0.2792619374793097,0.3070520077399107,0.2514163108191061,0.19700154461573127,0.23192566523545693,0.18226353007942314,0.21136865983865266,0.19351512722259534,0.232787185263528,0.15206343302331685,0.13685827528306685,0.20902546952079287,0.2758169395769309,0.2184670623738744,0.2271244850078138,0.25551767635917316,0.19612365079702546,0.24399195875375385,0.21777319205035522,0.18609703972657174,0.18575277522202485,0.20139429822052987,0.18217938268063108,0.21537272435697905,0.1317318672845563,0.1379789905678783,0.20273397039413263,0.10097126966399447,0.25967930492839253,0.14601664645950363,0.11220987277468294,0.18340283756903486,0.08940728605016457,0.0680800364702598,0.18325962674014187,0.0985276218944005,0.009000938533970939,0.02200814314495523,0.03146951894793952,0.029365051571156292,0.04193351100783135,-0.018950872328797688,-0.10532114304970351,0.058940405114100154,0.07188193332049199,-0.14634474044593665,0.21013490065994883
0.3132350816330831,0.32773694864550645,0.3111848485419331,0.3212649404185421,0.31406100185070274,0.30937419000121413,0.2992526677795838,0.3639619289675329,0.36661330468928083,0.6833604275172265,0.3113872171533611,0.3107898290806436,0.29291708752413925,0.27771691836948775,0.2675172925792365,0.23224805725167258,0.2460920833498845,0.21179357080512984,0.2560837774327665,0.22972762142303438,0.2368769543299106,0.22512397373724266,0.14899067962191198,0.22546586336436822,0.24577476833693998,0.24298455951295914,0.27908695197858935,0.23536068094684412,0.22721001189426504,0.23771727230594986,0.20342745831943587,0.21738334781363666,0.16458059622653798,0.15941998961796117,0.19729884675284134,0.20220742512478476,0.14907979626287382,0.15548013836604105,0.16497989594195447,0.12192479495511083,0.2813732874634652,0.1715546817277073,0.12022967910853243,0.18732165818065902,0.10432454885854946,0.08040352178499298,0.17564478543384088,0.13319272039934862,0.011249889967625716,0.014823794580898934,-0.016637327205383436,-0.0585768691252584,0.07518541997673583,-0.04334076890838299,-0.11422295136376738,-0.17050100547372282,0.11120044631069666,-0.24997712713148526,0.3936629357590517
0.3163313495565134,0.3100401466805705,0.2450575231916162,0.3178003597198341,0.2848739157656788,0.3241205107771475,0.30488956795521094,0.3031978867629077,0.3106651932167395,0.3113872171533611,0.4924923601270146,0.32318649466163957,0.366049823502453,0.3129441863125684,0.2983152567209009,0.2756326519368427,0.23919288714709114,0.26086642907009683,0.24830429753469524,0.21624852533477604,0.26956773850576854,0.24014127503607965,0.19153351290889667,0.22741572008033437,0.20898246880141197,0.2346023572637386,0.21279598200643132,0.21092068950450327,0.21203609494872774,0.21317014828874353,0.19958523025232056,0.19667363619383826,0.17939157059140998,0.18737707344401208,0.19224478729805913,0.20342314275342052,0.14782455576893636,0.15176786166533626,0.1707302083990184,0.14202801186249184,0.2847420650911383,0.19527219283881597,0.14699024607289368,0.18574191472547058,0.10943661946271378,0.09163021074618033,0.273007913059445,0.14568428847655335,0.011406271026436052,0.01706057513008984,0.0003131871688694378,-0.024405382979017808,0.10086843331082826,-0.05130285653494122,-0.05081668343756776,0.0014841184199100145,0.17127127325768313,-0.17400042817679934,0.09961945220007729
0.31072658331868513,0.33173758670967896,0.3331336027145354,0.327937318537835,0.3572670261689681,0.32503402883262095,0.3621658612544719,0.31076359788707747,0.3023495990584311,0.3107898290806436,0.32318649466163957,0.5674768311787981,0.3101489015842255,0.272000686685652,0.3031413047949662,0.25254913907580384,0.31269764795889177,0.2537656203274452,0.2372704963996102,0.2011696236816415,0.26294333587389856,0.23449897334698067,0.19121460660707956,0.2289492194598864,0.21620673168295246,0.21770649689432695,0.20248297183281863,0.2036773960524934,0.20506307036017965,0.21587314168044075,0.1934930736518796,0.18467271968779975,0.17357760082649454,0.15618982245499932,0.18243895400788956,0.1869333211494802,0.1527739310254866,0.1377708866593405,0.1702985969240962,0.13084741428130758,0.2900407482637983,0.17512128677168393,0.140827334138321,0.17724892094229894,0.10448175779961054,0.08536875497395352,0.1905882280306446,0.13821113255492173,0.014233693879271411,0.01312372665670274,0.014547250945108703,0.03881952088118543,-0.10331738457700108,0.0017348194671564033,0.002407394476888682,0.007038750621029035,0.22659516886802009,-0.13118963341566134,-0.026597990985000937
0.2889646032783379,0.30912323250049845,0.24128334326719678,0.3234542169254826,0.2710216374847838,0.3251864926948941,0.28788914222230105,0.30412335533382434,0.2792619374793097,0.29291708752413925,0.366049823502453,0.3101489015842255,0.5469554586809655,0.32898391918599273,0.3221791259686918,0.3001606822290594,0.22343081208069052,0.2813908693118536,0.24313649411430588,0.21857741707545,0.27743729943865164,0.19698053297290427,0.21623062949230742,0.21439572883633395,0.19584519041583706,0.17631686316524695,0.18364720032862472,0.21312363165457116,0.21668275392842942,0.20639173183880438,0.1892640598280388,0.18079908032095446,0.15907566653552963,0.14480941881907364,0.18571932070618263,0.19817442671445284,0.14157932717609584,0.1439572118544764,0.16214396066937561,0.12747435048831735,0.2559998051713817,0.1866022762001814,0.12199311874775426,0.19066677552739944,0.11347653671432482,0.10622981304814466,0.22475564310380258,0.1270190688654612,0.01593384941582348,0.03940887915924603,-0.013048917295697859,0.04399534053114139,-0.044094921656171876,-0.11292586785852943,0.015305236266216741,0.012879116960417793,0.15472579367753655,-0.2100332814429695,0.09715038247582385
0.24339055367045886,0.3036342940824042,0.22194308500763432,0.3170922632045079,0.25181200080465854,0.3419031965891511,0.2843724019713498,0.2924328642737916,0.3070520077399107,0.27771691836948775,0.3129441863125684,0.272000686685652,0.32898391918599273,0.6065949135289084,0.3782410569128205,0.3401452291126945,0.23306682362881967,0.30835129061764655,0.22140913237764162,0.1631438876921029,0.26734769997321706,0.19133433775663622,0.20244425819593614,0.23217171932407782,0.12631693960236587,0.19765115712770634,0.13187581013692978,0.29939861804989015,0.1769983566122345,0.22414151900489998,0.19846315014285634,0.2097232259297868,0.17878378208201204,0.18066788755055777,0.2001880247466341,0.21513148260408882,0.167611934106283,0.17120272937830525,0.18249520756753018,0.1383021768066206,0.25646145135517173,0.19760582488338635,0.14084163954864476,0.20464617187554562,0.1187530181321167,0.11562889888752342,0.18440863856287798,0.1238529458720709,0.016382438848979695,-0.0102122282093312,0.009342918171195097,0.05571791675756254,-0.2510376922367185,0.026028445571528645,0.050069928876290186,0.02539444082051255,0.1643890140038346,-0.20364529683253613,0.001892562365009643
0.26461984696163204,0.24696220274638547,0.25258050154431283,0.3114496773026645,0.29046713773890454,0.32082021487355383,0.29151956242222304,0.3182428250088238,0.2514163108191061,0.2675172925792365,0.2983152567209009,0.3031413047949662,0.3221791259686918,0.3782410569128205,0.6627078342494253,0.3800358381036455,0.29501036950302045,0.35389780752697914,0.2631073164038811,0.2132092795207702,0.29089071226674973,0.2448282061299741,0.23331152245399897,0.23895751996451456,0.1647441199761706,0.23238694698656076,0.04028347810035106,0.25244474814736023,0.25441744248816145,0.21353275754100937,0.19693192789626057,0.16848226993044058,0.16141177042016358,0.17144780474532395,0.17724333075800666,0.20235524971725077,0.13494812241188509,0.13443099372444767,0.18315403001656821,0.12779788538763914,0.3028974644915481,0.1842041050221784,0.14439364223366274,0.1984901237189747,0.10970174654125696,0.13318195138985015,0.17218644048048484,0.1471918131007881,0.01869713697145657,0.042619999021535994,-0.0012471209805707017,-0.04460377224648083,0.11274500366424657,-0.08509352598478113,0.12005429646826928,0.11388206762719212,0.18322375087986764,-0.21539882756829423,-0.06137925856784556
0.27264595170122613,0.2570787225629431,0.25200628934722075,0.23607636271714144,0.2531448325010469,0.2906032676804964,0.27614209303510295,0.2693728831610653,0.19700154461573127,0.23224805725167258,0.2756326519368427,0.25254913907580384,0.3001606822290594,0.3401452291126945,0.3800358381036455,0.6960001389584802,0.1581961426534652,0.407888920912227,0.2718997990103008,0.12091372072254489,0.27600943573389314,0.24117516272140185,0.23899048428904437,0.2293228466551846,0.1487916975610662,0.2512124007600506,0.0736046700233131,0.2300849190882249,0.313801111987774,0.22694175715817827,0.23020178151276266,0.2075495806635229,0.17539782403131196,0.17093275650972825,0.21567517568599331,0.21476215785964,0.1681929717903866,0.12130507335187828,0.18566276150457642,0.12957631172695425,0.2561241593578208,0.20459611208478654,0.15365485773263757,0.20821006705111417,0.13204793964480446,0.13984379029715596,0.22520811831417717,0.15241946283533833,0.014041015573564323,0.01955631779330272,-0.0030419839371540625,-0.019962117634414384,-0.05996698732942875,-0.009997632265189205,0.19295169269028462,0.12842843624906955,0.15086311752806833,-0.41395820616691464,-0.1492414696648185
0.1919220315116815,0.16394187038397676,0.20304611498870037,0.33688276773472786,0.30539398445331384,0.3124220319005832,0.27448420883187186,0.3346381552162726,0.23192566523545693,0.2460920833498845,0.23919288714709114,0.31269764795889177,0.22343081208069052,0.23306682362881967,0.29501036950302045,0.1581961426534652,1.068098097605597,0.34868173864692104,0.29467541354720905,0.2984563483632588,0.2714625823858545,0.08060026263426995,0.06263025377159462,0.17250574595549717,0.1699989615238884,0.11473265866880207,0.25310229892352776,0.29694944143299334,0.21302066782822152,0.24886291127018254,0.14856540515407787,0.21032171382219436,0.08888036443342827,0.12576157964443482,0.1745570919145319,0.1449700129782225,0.172303304629543,0.14192693039413468,0.1415866938975563,0.11384463811022005,0.32510690533019987,0.13167304389134424,0.10242393814815022,0.14144951313322496,0.08468370724124867,0.07603700865821006,0.06825364660823034,0.05707687082965338,0.007486692587440345,0.04081202454400238,-0.01263584834212919,-0.07084035290686257,-0.061944139618450446,0.008876705512280758,-0.00016332658501972227,-0.17817395028348737,0.023597845240961795,0.05410369048584615,-0.006296703319684773
0.18735353118896966,0.2006540627903923,0.26435360150333453,0.2763995937164623,0.2703003656097631,0.31915819764574854,0.23061250263620403,0.2733852253201394,0.18226353007942314,0.21179357080512984,0.26086642907009683,0.2537656203274452,0.2813908693118536,0.30835129061764655,0.35389780752697914,0.407888920912227,0.34868173864692104,0.9383395698910221,0.24457571166007344,0.13502552898894377,0.2927050119786432,0.246424290265354,0.2562334856059937,0.23048583488507948,0.1122310676065323,0.11634723003355843,0.15655589413892929,0.2844486831139947,0.27230780432198043,0.34543506318339534,0.22722943614886382,0.27417760274576664,0.15593436118805792,0.19244988956430514,0.2486639385969569,0.2245029956936591,0.21541633924458187,0.15753904361034665,0.10516064219567663,0.14749633738469511,0.27674958124139454,0.23592013002938284,0.16612082577427068,0.22164333125429073,0.14364987951962527,0.15235598130797706,0.10221476273498767,0.1661459024828896,0.016018572204921245,-0.023434117582797676,0.006674937200289922,-0.12204990435878352,-0.026333624354469204,0.03939938924322833,0.04086700911573809,-0.03355265639288164,0.0867211695863506,-0.04964843391217459,-0.0412127884372066
0.21259358151157046,0.24381377987174868,0.15008555832105555,0.2353931370565208,0.2561505796208176,0.22930138615768247,0.2383274175156382,0.23197039463051505,0.21136865983865266,0.2560837774327665,0.24830429753469524,0.2372704963996102,0.24313649411430588,0.22140913237764162,0.2631073164038811,0.2718997990103008,0.29467541354720905,0.24457571166007344,0.6743834495442316,0.4330761958373919,0.31252225633565445,0.1879842470603265,0.14251318671382313,0.20889162110232842,0.21779701221136463,0.1854477510355767,0.07819232505813818,0.18029570567138134,0.2681272836639682,0.14976155502857316,0.1785512555465472,0.1856207335034093,0.15705352148842985,0.11476078560850797,0.16907083861785405,0.19169881619940207,0.07546780205474656,0.1623098519500216,0.15365330629151844,0.13419866864823496,0.24603746304541788,0.15228093199868095,0.12211216428303501,0.1766142694327971,0.11040525792852811,0.1781118658286897,0.14849585787734051,0.11927666165227725,0.01865215368668584,0.02815243372606944,-0.0042775341431998855,-0.03218168085244752,0.02190121927916542,-0.008161421212306699,0.18375505746473783,0.08084355894490886,0.14939415846179702,-0.3541373182380002,0.04176894614758385
0.1844695474016068,0.23974980304647078,0.08990909354369334,0.2354031512465575,0.24445493656771775,0.20191903434901337,0.19996035397219408,0.18371819835053238,0.19351512722259534,0.22972762142303438,0.21624852533477604,0.2011696236816415,0.21857741707545,0.1631438876921029,0.2132092795207702,0.12091372072254489,0.2984563483632588,0.13502552898894377,0.4330761958373919,1.0253881787265444,0.28723821830831725,0.13994039097094232,0.12624380315428832,0.21822343671731415,0.30502898329889494,0.18843629301912412,0.17130817321729744,0.27058859690337694,0.34530622214597334,0.10142017237266317,0.19590975981826703,0.1669774015610665,0.1868917646105228,0.11027929452168266,0.13235714438487556,0.22783499356572456,-0.04265946994916293,0.2278196297455974,0.19286131004999044,0.11259312382023624,0.2932169288891181,0.13600346343840164,0.10940829157073748,0.2114432716146873,0.08957888258028074,0.19380096102367,0.1910970370016263,0.09158899881273282,0.02399640482841792,0.05554007425673658,-0.015395103105093285,0.039818588552184966,0.049772606606888384,-0.026031770471071653,0.17556079038222344,0.08788529316309844,0.11101003383935368,-0.18500002550254793,0.1561344993534004
0.23255470419449722,0.31921123156290665,0.24077739870202483,0.2687772781899962,0.24954626906980665,0.282768391029369,0.2792180732256685,0.2535474577959806,0.232787185263528,0.2368769543299106,0.26956773850576854,0.26294333587389856,0.27743729943865164,0.26734769997321706,0.29089071226674973,0.27600943573389314,0.2714625823858545,0.2927050119786432,0.31252225633565445,0.28723821830831725,0.6297030649380827,0.17642164175518324,0.1751585772586412,0.2391845042086031,0.24943059977606036,0.25749629794547757,0.15855528039886344,0.16181501411530208,0.3217671342693155,0.19746287973783058,0.26403941037081063,0.21807376346162843,0.1980090252531142,0.1664942436955011,0.2057827317213744,0.19850735595059193,0.11890387366922163,0.12461212110845825,0.176567241489141,0.12199905520082549,0.27239161827467334,0.15219307476864027,0.14453878799925737,0.18362270349908125,0.10907014672085615,0.1396386989762612,0.14985331109134753,0.12018745543942451,0.015967124692013137,0.013983143643798122,0.00343372998786116,0.004351196662793841,-0.058203673428969316,-0.1071652116735129,0.06447445167055224,0.013819765298304955,0.10262492908860447,-0.19548762591017788,0.008998458996542096
0.20653447731694918,0.21674472910931378,0.30290056871116255,0.1883122138070928,0.25424394730866773,0.2030664026793787,0.18455348802221436,0.1964313063238561,0.15206343302331685,0.22512397373724266,0.24014127503607965,0.23449897334698067,0.19698053297290427,0.19133433775663622,0.2448282061299741,0.24117516272140185,0.08060026263426995,0.246424290265354,0.1879842470603265,0.13994039097094232,0.17642164175518324,1.1175802134877846,0.18415840705739409,0.4259528431362863,0.16495369143968444,0.5224281996712802,0.22934312174757365,0.07798309947172205,0.16806853887099435,0.28142069747692705,0.2540690612611872,0.2554048743741778,0.2434918272220101,0.21406830785496178,0.20537413596941803,0.1887900163216408,0.16014378065698145,0.16365013704202452,0.18311702470648208,0.2111272394043418,0.19635522153446597,0.21609908799154892,0.2664268397921774,0.15946393518881083,0.13893293222675435,0.12770197508817496,0.17281899885408897,0.5153419402368353,0.009471421557263899,-0.036544028587137525,0.012466789555205804,-0.052345454119772726,0.03206354875101639,0.08280860604169665,-0.008266742921823092,-0.01083533588337837,0.08744813707622869,0.05828002994691104,-0.03380790608350244
0.16814314201100072,0.18978450845261458,0.1982892087992087,0.1784043220838034,0.15965201597025513,0.17639874054424207,0.1964330883176857,0.17229779456797115,0.13685827528306685,0.14899067962191198,0.19153351290889667,0.19121460660707956,0.21623062949230742,0.20244425819593614,0.23331152245399897,0.23899048428904437,0.06263025377159462,0.2562334856059937,0.14251318671382313,0.12624380315428832,0.1751585772586412,0.18415840705739409,1.4458779480938162,0.06847521454968104,0.29495527240805125,0.13819834834235967,0.031082064042042477,0.07969185754209601,0.1356332164966613,0.43038447373270383,0.16113709932621773,0.11649820927998784,0.10875934525000415,0.02479422437894761,0.15893670098091786,0.2498171998623691,0.0633717925829279,-0.17727574215684552,0.15485563963424792,-0.03924572561659163,0.243639728978157,0.30614368717952584,0.10046771327958212,0.4003689441265251,0.12136016954492322,0.10489986638584953,-0.025717953587994037,0.19446503287525427,0.11645483506724702,0.02359710104202576,0.006329052763526967,-0.004759493352759765,0.017456230175108996,-0.0828065584820741,-0.01798171603380261,0.12946344724711362,0.09840763075914812,-0.14619834104237706,-0.04671203001785231
0.19828495511210126,0.22393055067332693,0.25608097473165,0.20229050884373576,0.23731617521119058,0.2173566650119042,0.21179390339011986,0.21408040724925295,0.20902546952079287,0.22546586336436822,0.22741572008033437,0.2289492194598864,0.21439572883633395,0.23217171932407782,0.23895751996451456,0.2293228466551846,0.17250574595549717,0.23048583488507948,0.20889162110232842,0.21822343671731415,0.2391845042086031,0.4259528431362863,0.06847521454968104,0.5076153122313383,0.1839490114419419,0.2159041164275371,0.21531087263394016,0.3209504602029194,0.2143152080468483,0.20936297437811585,0.23163194541123575,0.2437298730513924,0.2516638654190914,0.19697119021431553,0.2179936164494575,0.23346857495512688,0.17284546405011858,0.22472431017049518,0.22013743819070936,0.23011869733471974,0.27312887998737956,0.19694786509979323,0.22328480721955926,0.18185997666266104,0.13538740813670505,0.15195911904536524,0.19978912805964372,0.2189848661938345,0.008714500169448011,-0.022834938657420808,-0.00044764990574151016,-0.032088043090259595,-0.01758096586013198,-0.001156391061296312,0.08671003952579193,0.013149483819070284,0.06597205631111362,-0.05470664213577184,-0.01310355819069416
0.21108359396244789,0.2255866372102767,0.22430758385728441,0.19620301284798627,0.1930489567625241,0.1816236220037114,0.20352721756370473,0.19146099760102053,0.2758169395769309,0.24577476833693998,0.20898246880141197,0.21620673168295246,0.19584519041583706,0.12631693960236587,0.1647441199761706,0.1487916975610662,0.1699989615238884,0.1122310676065323,0.21779701221136463,0.30502898329889494,0.24943059977606036,0.16495369143968444,0.29495527240805125,0.1839490114419419,1.5504166356678244,0.3064843877324346,0.36006417527668694,0.2525982920136703,0.25349903703981663,0.39572433834265,0.19174538432352445,0.23403520528375485,0.19513265908505742,0.16174214490440075,0.20276135221566474,0.2564224364021998,0.0339817285945628,0.08658108379047953,0.3549852410751882,0.07263675958313527,0.5899423962791035,0.17619382603024922,-0.033390205599620644,0.3636295725519846,0.06662692569720578,-0.06851199124367248,0.05517601635119843,0.1207623669316183,0.013658581852604393,0.08445091074571928,-0.013907149101000852,-0.03876520410967386,0.06838714389618632,-0.0664565824169325,-0.03270093677928434,0.04934956618819085,-0.00738993097137527,-0.11882409663138549,-0.04947956186480206
0.21069800664128477,0.2992440972427623,0.20319289634642348,0.2365593319706374,0.20568798590844706,0.2433302249592588,0.21833751732299037,0.20398707617203268,0.2184670623738744,0.24298455951295914,0.2346023572637386,0.21770649689432695,0.17631686316524695,0.19765115712770634,0.23238694698656076,0.2512124007600506,0.11473265866880207,0.11634723003355843,0.1854477510355767,0.18843629301912412,0.25749629794547757,0.5224281996712802,0.13819834834235967,0.2159041164275371,0.3064843877324346,1.5741722500449244,0.08983418026144405,-0.0015721510937847934,0.23097632958091563,0.10316721978171485,0.2312189025037164,0.21697137219304638,0.18122255138072751,0.28846860228850624,0.13702214918794256,0.1028004603674148,0.10332280345694457,0.12445578176117497,0.2143957032577992,0.16662578798756772,0.30685382266532435,0.20830314204865494,0.26221725075604235,0.07539434071666272,0.05634910934244778,-0.03203646384559492,0.2465460954283128,0.26417585912560443,0.012988760020013385,0.03593545487349832,0.020311786349987905,-0.03807714920248254,0.09173252748772358,0.11662453344547384,-0.07055905886383958,0.005791540548320262,0.07713317336983895,-0.15586127607593267,-0.06230652089807329
0.21166592533867726,0.22441079432566668,0.2628083280562242,0.15005745385953576,0.3064940608851667,0.0840871785416829,0.19619829450753432,0.20456696345653336,0.2271244850078138,0.27908695197858935,0.21279598200643132,0.20248297183281863,0.18364720032862472,0.13187581013692978,0.04028347810035106,0.0736046700233131,0.25310229892352776,0.15655589413892929,0.07819232505813818,0.17130817321729744,0.15855528039886344,0.22934312174757365,0.031082064042042477,0.21531087263394016,0.36006417527668694,0.08983418026144405,1.8519491072367382,0.26571257189240755,0.2000219960218419,0.27993232600328716,0.3267821504647215,0.2692619953713948,0.33332755656682383,0.08933140572128574,0.24827059593798043,0.22010777086264255,0.24135889351033843,0.1879525263665717,0.19886322981681123,0.27004956591988516,0.19443707327386098,0.12180530070756775,0.2077212346555135,0.17468023365147684,0.08385195317294018,-0.013252138796695054,-0.08768163872676209,0.13038081763070017,0.0008593351010551818,-0.06939038549865009,-0.013231199714011344,0.3614904553137855,0.062047974790686286,0.009874747828738156,-0.0023501608949550623,-0.3138310749755812,-0.11410583201708747,0.11787612379692299,0.06569816457373795
0.18641287261853862,0.19966645227341837,0.18034610433990447,0.2243945779298894,0.20481982293208634,0.23274181442745137,0.21821847283409676,0.24358798533355278,0.25551767635917316,0.23536068094684412,0.21092068950450327,0.2036773960524934,0.21312363165457116,0.29939861804989015,0.25244474814736023,0.2300849190882249,0.29694944143299334,0.2844486831139947,0.18029570567138134,0.27058859690337694,0.16181501411530208,0.07798309947172205,0.07969185754209601,0.3209504602029194,0.2525982920136703,-0.0015721510937847934,0.26571257189240755,1.0096366101941352,0.35596183856431624,0.23041746994262,0.22152031007565864,0.2405391859858209,0.224380316096112,0.20412533788108014,0.22199284144675283,0.33722875765184124,0.16076663831999294,0.2891233748480509,0.31827220129132594,0.13316994297477938,0.44270349995005637,0.24691784781220644,0.15358519613737273,0.27948910887157286,0.12519481941739813,0.12106018429659256,0.11074074051818443,0.06586828812632314,0.0031226279825382793,0.006352823106731285,-0.036308756245182816,-0.02170297867019542,-0.024607507579905055,0.011252676673773969,0.026445798964177945,0.042060174228859014,0.050644489013911186,-0.10028295029134804,0.02737932461118549
0.21291184767100832,0.23942892427659754,0.2024618977709787,0.22274893494839337,0.21334548867042183,0.22037232601741502,0.20054067485147867,0.21147336716791024,0.19612365079702546,0.22721001189426504,0.21203609494872774,0.20506307036017965,0.21668275392842942,0.1769983566122345,0.25441744248816145,0.313801111987774,0.21302066782822152,0.27230780432198043,0.2681272836639682,0.34530622214597334,0.3217671342693155,0.16806853887099435,0.1356332164966613,0.2143152080468483,0.25349903703981663,0.23097632958091563,0.2000219960218419,0.35596183856431624,0.849742754589548,0.08755210323763592,0.3381409400431783,0.2067931971244844,0.17082208658339196,0.1450901166568431,0.2067363500166511,0.2472415078160699,0.08129304714300192,0.14332942006699512,0.2216556584320576,0.09355863420339514,0.30682577836791697,0.1293577483904945,0.14297978698222139,0.23170816366002267,0.10652050588170106,0.1274736101342547,0.09445697557686118,0.11744244240723431,0.011805619885558864,0.1651432578843123,-0.02207050619528103,0.10006288118323887,0.10049194814016266,-0.111223260749819,0.09250347563371783,0.06866806163107159,0.12376729235599093,-0.24779312585707208,0.021686688825870114
0.19821541223715244,0.20117297802740686,0.28726023890924507,0.2208883363726253,0.22624913745475184,0.24356872096660998,0.25170403526549023,0.23924829352121665,0.24399195875375385,0.23771727230594986,0.21317014828874353,0.21587314168044075,0.20639173183880438,0.22414151900489998,0.21353275754100937,0.22694175715817827,0.24886291127018254,0.34543506318339534,0.14976155502857316,0.10142017237266317,0.19746287973783058,0.28142069747692705,0.43038447373270383,0.20936297437811585,0.39572433834265,0.10316721978171485,0.27993232600328716,0.23041746994262,0.08755210323763592,1.6064233729391655,0.2834629552464168,0.2528715252058117,0.24199944288299483,0.28921260104673635,0.25768531697596203,0.19807236593196909,0.2928742510037359,-0.11770221894805015,0.32950990288514265,-0.05672134253901586,0.2695708621832632,0.20191970563434553,0.19836958430843737,0.17322832948833955,0.14190949766447866,0.10500476958445891,-0.06611961099960434,0.19285863311626436,0.025697534868426682,0.0017579465175178363,0.006679623074547867,-0.06832869414359959,0.06585463876330097,0.1058222166446198,-0.03714876448642785,-0.21032051751405623,-0.10212197407972755,-0.020501513274072316,-0.031132415839692746
0.19462512097941614,0.22923340481882748,0.21917534769051827,0.19332837451906343,0.2024675345942763,0.20534915003746768,0.18599831485994947,0.18954748106821367,0.21777319205035522,0.20342745831943587,0.19958523025232056,0.1934930736518796,0.1892640598280388,0.19846315014285634,0.19693192789626057,0.23020178151276266,0.14856540515407787,0.22722943614886382,0.1785512555465472,0.19590975981826703,0.26403941037081063,0.2540690612611872,0.16113709932621773,0.23163194541123575,0.19174538432352445,0.2312189025037164,0.3267821504647215,0.22152031007565864,0.3381409400431783,0.2834629552464168,0.8878011318456676,0.2888498069961303,0.41557354489743137,0.3952226308326233,0.27554253756331537,0.23748702740079441,0.14957188704474386,0.1424200374768443,0.2117267086230937,0.12108538737692166,0.0987511636741915,0.19533917362476796,0.28086259388624085,0.15486755113826775,0.13056655914890902,0.15277277388433466,0.07626231692699159,0.18167499971699497,0.007306139578048347,-0.1692633127080217,0.0193934181588417,0.10065475834861903,0.0060307559853787825,0.01856180446008595,0.08370519795534401,-0.09907624724063738,0.055752692042931505,-0.1252029070000089,0.04786606881696546
0.1820645177950927,0.18753691249213872,0.20974306562173695,0.13444947119795214,0.23650822919033057,0.13230342064006836,0.1811406328192909,0.2017141532478005,0.18609703972657174,0.21738334781363666,0.19667363619383826,0.18467271968779975,0.18079908032095446,0.2097232259297868,0.16848226993044058,0.2075495806635229,0.21032171382219436,0.27417760274576664,0.1856207335034093,0.1669774015610665,0.21807376346162843,0.2554048743741778,0.11649820927998784,0.2437298730513924,0.23403520528375485,0.21697137219304638,0.2692619953713948,0.2405391859858209,0.2067931971244844,0.2528715252058117,0.2888498069961303,0.9219133948120055,0.3670606613926931,0.29901837980872276,0.6147877231330785,0.37027478251017815,0.4295583090452729,0.2947690912446879,0.12103225175979973,0.19096718156867473,0.1830194723578995,0.29899460160996516,0.1916068531904737,0.2880573228429671,0.20695306689680187,-0.011255138107226255,-0.01168258808685705,0.13027321795355973,0.0018946478825628585,-0.11153086056376987,0.02813108026057428,-0.7976782580841315,-0.24206095726371274,0.13737435164250236,0.009655298667364575,-0.06471588823642445,0.027533771036632692,0.03295311765868586,0.10944691072861876
0.16714951400218725,0.20642913894834686,0.16373418940849233,0.14190780882088863,0.181564385049556,0.14729029639253158,0.1364242491942716,0.1436805787981945,0.18575277522202485,0.16458059622653798,0.17939157059140998,0.17357760082649454,0.15907566653552963,0.17878378208201204,0.16141177042016358,0.17539782403131196,0.08888036443342827,0.15593436118805792,0.15705352148842985,0.1868917646105228,0.1980090252531142,0.2434918272220101,0.10875934525000415,0.2516638654190914,0.19513265908505742,0.18122255138072751,0.33332755656682383,0.224380316096112,0.17082208658339196,0.24199944288299483,0.41557354489743137,0.3670606613926931,0.78769872884608,0.41889140655594914,0.33604948701852855,0.2859032273647586,0.21397836587730032,0.2332123856751781,0.22963351628635809,0.24127156098864033,-0.018316344389577233,0.19823108830629851,0.3731849918274351,0.14234479614635048,0.14710160385109464,0.08663328594471507,0.11842931048581061,0.14663469583336639,0.007811178529041217,-0.19372999840612665,0.023671066017049307,0.09572385856793772,-0.03246741952800914,0.03561438727104544,0.06329968460331965,0.03246036014550568,0.04031491608812486,-0.024135699844348945,0.05161048976589783
0.1571563066671117,0.16926280106561495,0.11806478563474364,0.16110829692585488,0.17533518572950757,0.1791212923399412,0.15093410950131594,0.1574321773678323,0.20139429822052987,0.15941998961796117,0.18737707344401208,0.15618982245499932,0.14480941881907364,0.18066788755055777,0.17144780474532395,0.17093275650972825,0.12576157964443482,0.19244988956430514,0.11476078560850797,0.11027929452168266,0.1664942436955011,0.21406830785496178,0.02479422437894761,0.19697119021431553,0.16174214490440075,0.28846860228850624,0.08933140572128574,0.20412533788108014,0.1450901166568431,0.28921260104673635,0.3952226308326233,0.29901837980872276,0.41889140655594914,1.4909378603798065,0.30693640630619995,0.2539184169305182,0.2517779824993128,0.35782988368707963,0.0728447735656978,-0.006311102113057604,-0.0842144777834228,0.3144437103892186,0.37532321002649666,0.09451721965926442,0.11887901840984662,0.00506411999846573,0.282312210827291,0.10462610252755322,-0.024967354116915027,-0.07769741533836277,-0.00485990251795362,0.21695022792105734,0.0917407523084868,0.041557690657576106,0.15504283217117373,-0.1291370385467006,0.05742726475524966,-0.043847849078876795,0.13922464560968356
