3.82734989806626,0.4466271996449266,0.48943548976885437,0.1447094012671698,1.0724350844361519,0.2790878904268281,0.4878327969745993,0.33713361190469227,-0.094129727238886,0.31492693961755736,0.27753008936838724,0.4429926966280584,0.15907436418697465,0.24044048964676845,0.17707965032600298,0.23796714902166072,0.23262195872377764,0.3517982129537734,0.11302772704582646,0.08451154541654551,0.368263456825926,0.13398963074405001,0.2518661661152333,-0.0852601911269812,0.3317230495829559,0.050058419111921625,0.16656573354382817,-0.10772198563001832,0.32300904136713854,0.056961512185375644,0.00808685525501194,0.1558575608933252,0.05598975563934193,-0.38608931516249706,0.1745710708696986,0.029803031394498785,0.1268775982469992,0.13403946031467828,0.10929466523834618,0.19273500903933855,0.1857598896654762,0.279422176768656,0.20201821118881602,-0.028041898590760485,0.3734394613119196,0.2695679822331031,0.279269492163359,-0.013030203053558065,-0.1263503263024771,0.11174702894462922,-0.0060447002427289,-0.03577313773134058,0.0445340023391425,0.05431456562072908,0.4558029148972802,-0.036844747832648114,-0.44515087081879506,-0.6844528514861313,0.7013090375831396
0.4466271996449266,1.580382265985294,0.675723166990037,-0.16173693397372374,0.2401223586365168,0.34957400763914703,0.19088962668011175,0.24287857670041343,0.18448924201182393,0.19666983112086944,0.17431429133459436,0.21999487183310046,0.10096455400434291,0.17089862025473984,0.16476960725287237,0.1591098974035673,0.2270315402414714,0.3382266183198296,-0.11350634156688814,0.30536686172725475,0.2867926263684479,0.18527133005097474,0.22387362613401157,0.006222343992334999,0.16292213052052387,0.24312242165102974,0.1490638179243529,0.26950725866729824,0.3315968399580329,-0.04846769905033225,0.03300948346859131,0.12237432986713759,0.15843254454303812,0.11458375308118803,0.2825384110269317,0.1106934995081974,0.3940351689697271,0.18665914650606974,0.1606152271543964,0.15548325822394987,0.06712027925761488,0.26599693578012695,0.28905037653651305,-0.024192657672586618,0.5648636155292674,0.22019954770146813,0.24590452451142242,0.0025887869104426306,0.20065180216786352,-0.041742231146746495,0.1798055909500853,0.2273483775442488,-0.18139050911256238,-0.11670645311851227,-0.09927441033600608,-0.24986162009190716,-0.5574654833183752,0.15258514225949218,0.4971310558521662
0.48943548976885437,0.675723166990037,1.7523258780543105,0.10917914118771588,-0.21882957139805204,0.19513702254749746,0.2672857729175116,0.1613997580479335,0.2630047448046423,0.28463250737529494,0.15277521511109507,0.26201491822239287,0.10165849322688833,0.17935120050291065,0.22107712474438207,0.21730324586763125,0.2012910649944075,0.21912608843702333,0.013966969161107257,0.06878134262264739,0.28128839923885196,0.24262197621689166,0.15728815015465616,0.08224666519300639,0.17852642608382313,0.15238859020453846,0.1517877637949213,0.27488946833255173,0.28747983320371306,-0.2952435564499136,0.10443172426041714,0.12646012767243095,0.15083310818327547,0.05901339958372051,0.2690038697143503,0.23431458800869742,0.10350451171732057,0.07214775189475152,0.11557262385500026,-0.04439859158951807,0.13273447099079774,0.3275701282821252,0.22053317198787778,0.01845654813214036,0.3137453514782249,0.25763998561222456,0.09969374360134703,-0.03677597855953205,0.00883182993453027,-0.09848320079281483,0.07071238487307714,0.23626109888312657,-0.06977160227076759,-0.12000837409324229,0.3051991217877968,0.060570657485975815,-0.26420734225352044,-0.5947916658325255,0.40334663066855836
0.1447094012671698,-0.16173693397372374,0.10917914118771588,3.0197833159126355,0.0853815898452769,0.3848773420334247,0.1835192825485427,0.3100842023106251,0.08731803161316319,0.33151378696666023,0.24188760582637053,0.49026823338953723,0.07414991937232272,0.17863694711344522,0.06644271885922734,0.26596926726201897,0.24334715346855662,0.2273652953937224,-0.040855821845069216,0.19876535375238785,0.08905709327262533,0.17785356527981558,0.21128340635395879,0.17173826606106843,0.2586090259723322,0.1872367599697702,0.21574741075113033,-0.16574325383526478,0.264154117855771,0.043014342353070244,0.09755324364063209,0.2435590180727167,-0.023202377796801937,0.4009093700635483,-0.48698940850672173,0.3049958728623372,-0.14409786046974662,0.15736412675938563,0.13426960243176092,-0.012178557146506067,0.018317343629072988,0.02455770319337026,0.18404474611905622,0.15759857274160338,-0.01936159609027042,0.19582476268140642,0.25943440432087,0.024284757022388404,0.2508529188295425,-0.46252258933461227,0.11262014000200052,0.1457898353617466,0.14440977173602598,-0.03063785006629668,-0.3183667361142112,0.13139458725893338,0.24017372584186986,0.35117238513598825,-0.5171437939921978
1.0724350844361519,0.2401223586365168,-0.21882957139805204,0.0853815898452769,1.810827322502947,0.4363563339687193,0.326907899609858,0.29220638673208366,0.21500686657493948,0.24465259802573366,0.24082285197248313,0.3203554066441668,0.14705375162751555,0.25964053454205194,0.21819156477980595,0.2947387060867126,0.2908190420269013,0.25713854531702635,0.1662192434794595,0.26979759541524173,0.23704701540570858,0.2482837642530547,0.3560821262219489,0.2939069749002111,0.28274717122144116,0.14701057751993085,0.18311802370820354,-0.06554389766467318,0.39831679835642747,0.18666152712418277,0.16612550937353324,0.1489200596038876,0.12538312181491784,0.5095511607896671,-0.10330902769064566,0.2891289067677908,0.3644563312050349,0.16564879000174965,0.42179246029512857,0.07126398529001335,0.05137275620203671,0.21670870832758835,0.17072195868638115,0.0377253645471162,-0.0037386045288402493,0.2627814678618997,0.3043611599627788,0.02356796511086846,0.2275982001098738,0.17291026833108716,-0.11858568077084852,-0.1804012200459286,0.2571659247731688,-0.05215167540602677,0.16484632780707148,-0.06467657098863143,-0.5243738866341998,-0.24843719261646682,0.6230961272869033
0.2790878904268281,0.34957400763914703,0.19513702254749746,0.3848773420334247,0.4363563339687193,0.7890501782872735,0.1102437097623296,0.384878564910142,0.21110109783086284,0.2374374346568803,0.22643976453988252,0.31647342738241746,0.11708514797786754,0.18576821475288474,0.1478768249271572,0.1926039932043678,0.2957012515446363,0.2668578384044758,0.22575357254554873,0.32090453849976264,0.21186297229342235,0.20774618743242634,0.18810173152092216,0.13488399481576832,0.24266554435845544,0.2781918287981669,0.1959835293079832,0.07918779402205325,0.3364495581688298,-0.0009878546098176645,0.16197854014931795,0.18217377300436283,0.01585937825655643,0.30172731401368486,0.1298033053299108,0.146756827481477,0.22486680654847305,0.205747140739506,0.31825289619414243,0.1575575254972723,-0.020746053913432944,0.14750759917833148,0.25329294112256956,0.05086672169259121,0.2710245472537667,0.1911922940397976,0.302907148774442,0.0013896909640941928,0.2792479145595832,0.012406939977884907,-0.04256564488196401,0.13497287687871662,-0.06615395688280341,-0.031288164620012396,-0.12312797975790764,-0.018959448216637576,-0.15244613154527456,0.2296849573724222,-0.019687592214912723
0.4878327969745993,0.19088962668011175,0.2672857729175116,0.1835192825485427,0.326907899609858,0.1102437097623296,0.8751084676213771,0.1539095670409651,0.3212503063002001,0.10716013278709467,0.21384426148010066,0.3963545526242788,0.11475312916561295,0.32122446145311034,0.09519117970472045,0.2934007342360707,0.3004632797043222,0.15461302667155752,-0.08395989178063192,0.0684441700567683,0.2603274032601196,0.2924819026679384,0.2408664348003473,0.233781817974016,0.2202117991050985,0.09824569724523344,0.17523316696404634,0.0018422839139946394,0.25989141311948794,0.08437282039806177,0.09937216024987118,0.19937750300738602,0.0697012611054098,0.2942747863435749,0.11573511837025123,0.2656008402118116,0.10247307751061455,0.06724059923232614,0.22017403915523884,0.041635772037027036,0.12090531986565048,0.2635892952414723,0.2454883126394226,0.07002438464891887,0.09571146534797079,0.21810358639664731,0.07417508049416126,-0.011042620346722825,0.14005286934302907,-0.08684973641190499,0.005526541363004421,-0.2034908464686373,0.3383197571123703,-0.05491186180805871,0.14740644052550106,0.05208618996829462,-0.22305864034852568,0.016043056697813817,-0.12170609144291424
0.33713361190469227,0.24287857670041343,0.1613997580479335,0.3100842023106251,0.29220638673208366,0.384878564910142,0.1539095670409651,0.7029595438589714,0.0063509416076350305,0.22799653814891377,0.23916703654911864,0.12600357555340108,0.1315221388003372,0.1820797221553821,0.12558426792931185,0.16914296811290358,0.23363903630284644,0.22674517061329721,0.190653228274274,0.23721579995713882,0.18937712180523572,0.1215877121487778,0.17904165333901564,0.1037445381293389,0.21898756556365975,0.19218386874285895,0.14410089402366777,-0.11450622604711566,0.24479058120467212,0.06814104415430887,0.10353259439054005,0.1280439312246918,0.04024971872178178,0.20776517129704244,0.1479682649084757,0.12089982572813426,0.2500718026055605,0.15327976318875017,0.29604467011776014,0.14887504636003582,0.048175345693214834,0.12572590955852883,0.2238616256428671,0.0536219919325555,0.19133957803530463,0.1844448585559689,0.2509960548405836,-0.003540986670466538,0.13502049257934212,0.24500258953036513,0.021275972713937066,-0.022802331865478056,0.0647815451196978,-0.09778885254418775,-0.11307212446038839,-0.09706205204271813,-0.04896671221008334,0.24485924543039758,-0.016395350627497984
-0.094129727238886,0.18448924201182393,0.2630047448046423,0.08731803161316319,0.21500686657493948,0.21110109783086284,0.3212503063002001,0.0063509416076350305,0.6794681897677927,0.12339640263075605,0.1471934555998661,0.2520760953648673,0.07585549977865658,0.22433339411849687,0.2166468718075839,0.18437130876074176,0.24084851809720031,0.1575195370737248,-0.03081950103533761,0.07282694813087452,0.20157311180638166,0.36502422741528273,0.22425769849985924,0.235007136277943,0.1302717413512777,0.19946592076101363,0.14096627442152304,0.24205481318276328,0.12849821301276126,0.07295774974690934,0.16210768552329188,0.14344002282882726,0.17557698792200802,0.10717978195174263,0.07322406908170041,0.16547984035976943,0.1406996491060253,0.058534172628279445,0.14587295618708307,0.04109270503366926,0.09884529263101839,0.23187718668795793,0.2924190880197207,0.04210726897930937,0.12340281450947685,0.19107085181942593,0.15348726208341665,-0.03878145743355123,0.4952984072165135,-0.15010915857373794,0.04372460834380061,-0.012740745875471722,0.17481173278015522,-0.08392957215310198,0.07051836316620735,0.10482246673581691,-0.19449933624673366,0.009595871680988695,-0.06584503129825586
0.31492693961755736,0.19666983112086944,0.28463250737529494,0.33151378696666023,0.24465259802573366,0.2374374346568803,0.10716013278709467,0.22799653814891377,0.12339640263075605,0.6369494983308908,0.18735277690183466,0.2341082748841905,0.11489997536444972,0.18935982663521253,0.24956779346141156,0.22793536556394134,0.23935908058284003,0.3060250749914517,0.2015835228785882,0.18198660324719323,0.10571800844877619,0.19637916520578122,0.3136917700319202,0.20037384629218272,0.25260975345385417,0.18835251709334547,0.17885641572645247,0.15938271681405325,0.2781734718304241,0.09028398515824948,0.17650791159297957,0.09815060506089092,0.1588860860048443,0.3550139327694417,0.1369184435275366,0.2179626745540163,0.2625877198383269,0.11173115414830734,0.41252009128019745,0.08128865659905504,0.13441127056652913,0.09375015782178661,0.2058544830028865,0.039393011411742944,0.0016480401099115386,0.23092441123102236,0.29845445445289276,-0.030352899584439947,0.22946908188666978,0.06702628320472234,-0.048272006939450156,0.021703779007113386,0.06433771886393708,-0.12775608111266704,0.41806566825647623,0.12593939903851892,-0.28333431833321765,-0.46239882340251587,0.2905852824143157
0.27753008936838724,0.17431429133459436,0.15277521511109507,0.24188760582637053,0.24082285197248313,0.22643976453988252,0.21384426148010066,0.23916703654911864,0.1471934555998661,0.18735277690183466,0.4600231639332421,0.24490351107452685,0.12094237588674694,0.2453646426306979,0.3007963891025418,0.17548166548065727,0.21456165591139997,0.16962741354532107,0.10486034287926817,0.28629041906220604,0.15713119969790915,0.15920381219015153,0.21725337744785791,0.18341009081558154,0.221968839667125,0.16812111364098717,0.183160130907114,0.09484307174865043,0.2569617404209283,0.0865332036546939,0.14259729168236046,0.15361695057781774,0.13062066120565702,0.2583062741177643,0.11978093582505099,0.18290354586555396,0.18111816162585395,0.14788645922488677,0.3194254329886598,0.12508701015456225,0.047397772845516405,0.14462139972259216,0.1545353162153078,0.003434095098456886,0.07753289988243414,0.20947222754403638,0.22020505193357726,-0.009356941671749648,0.19292783590641419,-0.003966651995103476,-0.05266183024810102,-0.06392430554453765,0.2780462889655377,-0.09032619001656624,0.027903684321856834,0.06639587304271656,-0.1657252249199756,0.042514843628673714,-0.0024718328428964516
0.4429926966280584,0.21999487183310046,0.26201491822239287,0.49026823338953723,0.3203554066441668,0.31647342738241746,0.3963545526242788,0.12600357555340108,0.2520760953648673,0.2341082748841905,0.24490351107452685,0.6921625309050756,0.09620890053236338,0.28263230999536343,0.1635013276812931,0.27862643797560765,0.28589764341236146,0.3043614900585192,0.053531438977630706,0.2192191096175868,0.1958803453996967,0.2590608052036396,0.2921195960209297,0.19357574603523311,0.304388334997448,0.27127155733811464,0.24084649524567123,-0.023619307847795458,0.33147225173287154,0.03487803187701442,0.13698393628002228,0.23862595267754597,0.09037670573266939,0.3798291448552334,0.14372098698978164,0.2927047153254095,0.059798780478641136,0.1448048223145642,0.3243383344988493,0.12948715579117734,0.05034809053657383,0.16389046165406151,0.1952310785939664,0.04204154247369961,0.1710509417947722,0.23629303904336987,0.26789073280730247,-0.009168825016476504,0.2399096149133998,-0.2202772034936967,-0.012054067799610085,-0.015146936677462045,0.19254122916594646,-0.05146158066642023,0.1210168122586752,0.1532160832189453,-0.2626774885203038,-0.12667628293156002,0.0167162235896052
0.15907436418697465,0.10096455400434291,0.10165849322688833,0.07414991937232272,0.14705375162751555,0.11708514797786754,0.11475312916561295,0.1315221388003372,0.07585549977865658,0.11489997536444972,0.12094237588674694,0.09620890053236338,0.19180186927617873,0.08494625031903352,0.0864343200117402,0.10835309479347785,0.11167311733764108,0.11332294179375849,0.03551338563814382,0.11465323043947742,0.04718057312841623,0.10990717282090677,0.13117430919314219,0.1286411793653347,0.09996651644108875,0.13001038854467634,0.10356783020462987,0.04919440698188305,0.13820540352474192,0.011864126299686221,0.08202950411734733,0.08618049101389444,0.079218947892141,0.1462580837515948,0.08537632833061796,0.08605112139177268,0.09951019002829489,0.059915525207134196,0.15238878203404296,0.06225011027860348,0.03824597357404829,0.04235206817996723,0.07697031530809789,0.025382943375593534,0.0182079286880373,0.0959198305861062,0.09823652636298924,0.0009613966129445,0.1606076379710282,0.06446653785132879,-0.02882296231830908,-0.03190154657000185,0.050283159650710424,-0.035055818115918166,0.03673979086168845,0.00991528258159383,-0.0709301129190551,-0.022499965789061906,0.03346932518916694
0.24044048964676845,0.17089862025473984,0.17935120050291065,0.17863694711344522,0.25964053454205194,0.18576821475288474,0.32122446145311034,0.1820797221553821,0.22433339411849687,0.18935982663521253,0.2453646426306979,0.28263230999536343,0.08494625031903352,0.547964213748579,0.13810529073411937,0.27681165629003174,0.22149242002747188,0.15259173902929116,0.09571131289378433,0.2384817345281069,0.17134623000985724,0.23602077505095917,0.25766840008464653,0.2919259619658606,0.21656226992608305,0.1361884165082925,0.15258158337658803,0.11460095178107448,0.2704303527991714,0.1457672632037036,0.14943433357019198,0.2992934853277805,0.18501819776096412,0.2627313300227395,0.1184557296087813,0.19924994548919384,0.25158156204736565,0.10990263628426453,0.2809794725885607,0.15031114062315742,0.10710987283576685,0.16183845738788832,0.24042108689286795,0.048374062725072615,0.16172447881659172,0.22066202622871675,0.2604698948715497,-0.011337968215880788,0.22250270358098753,0.05409955547176004,0.043790589392180904,-0.2978271037269967,0.31328704785592315,-0.05217304754160914,-0.14100929390139474,0.05260889505829815,-0.1553104081147897,0.06127244440525961,0.20431337292392837
0.17707965032600298,0.16476960725287237,0.22107712474438207,0.06644271885922734,0.21819156477980595,0.1478768249271572,0.09519117970472045,0.12558426792931185,0.2166468718075839,0.24956779346141156,0.3007963891025418,0.1635013276812931,0.0864343200117402,0.13810529073411937,0.6634349678420833,0.1421769566580292,0.16525576271686257,0.11069419633301206,0.11819533788988809,0.21109271356190015,0.15224362522537735,0.14713247147177735,0.23640906841627427,0.1902343452674832,0.2163146879837626,0.0708362616802737,0.1829098843467071,0.1842341156891015,0.24793330305264058,0.15005903955449212,0.16061625807502508,0.07313832730577076,0.18359211353313915,0.17844408694380298,0.15257434692418156,0.19173878743712908,0.27383337657762125,0.1146159026041214,0.24900001257368382,0.0443996698071673,0.0859860328204003,0.1898275716655804,0.10591002665205272,-0.013903156320566412,-0.03774049438942937,0.20614319049205077,0.199090507355577,-0.03719612275302656,0.17600471901375978,0.1237565916288867,-0.19007107803194545,0.31720142373714477,-0.11402239839959342,-0.10215136382762494,0.13775166023620172,0.09732256025652554,-0.2644717955799345,-0.07799292930161661,0.1148336355474456
0.23796714902166072,0.1591098974035673,0.21730324586763125,0.26596926726201897,0.2947387060867126,0.1926039932043678,0.2934007342360707,0.16914296811290358,0.18437130876074176,0.22793536556394134,0.17548166548065727,0.27862643797560765,0.10835309479347785,0.27681165629003174,0.1421769566580292,0.6328715237144169,0.24123122413691464,0.19545314697252736,0.07355939967457556,0.128860154957516,0.14338042430642262,0.33844090320310793,0.2750784914269956,0.33965778080589504,0.2540096178610081,0.07414294100273092,0.279568252342573,0.1197613965505139,0.3308047083695568,0.19226802543185392,0.14877967309657195,0.17016732630042242,0.18684562266095633,0.3081973992913912,0.23492213124717065,0.22451626418299317,0.2407974584289904,0.1399291037162529,0.271248223251304,0.11100048854227249,0.19962640914661367,0.17466606533800405,0.3092129635397933,0.08005885694750405,0.10202198536238613,0.23722666132684592,0.2962981033164781,-0.04802282627902957,0.09333721964085684,-0.07198055170243339,-0.07341508807683952,-0.0056044865288455165,0.17802952975842004,-0.04242764042633286,-0.04508695728862781,0.10712811727501186,-0.2466693206107932,-0.04728405951245292,0.23720319320288435
0.23262195872377764,0.2270315402414714,0.2012910649944075,0.24334715346855662,0.2908190420269013,0.2957012515446363,0.3004632797043222,0.23363903630284644,0.24084851809720031,0.23935908058284003,0.21456165591139997,0.28589764341236146,0.11167311733764108,0.22149242002747188,0.16525576271686257,0.24123122413691464,0.5061957076760643,0.23946183304274962,0.10750766938326153,0.19783930998149876,0.24747908622542117,0.2914494783387339,0.2970507963872566,0.22118419896424307,0.2320998484740046,0.06584996807358114,0.17983451326837605,0.2009814332349649,0.3135757819708177,0.09162048719328783,0.14430532073975083,0.1556700282711689,0.20692218965269749,0.3025999482921113,0.12303187085941496,0.16786400240121588,0.30801040152649894,0.15068495272830573,0.32150969732850126,0.11002088911135784,0.08761294835293487,0.19187919788309674,0.27247946829891895,0.050024301913691054,0.2031330308514219,0.22584750081247243,0.2813177819622935,-0.022097744618188038,0.333304697865735,0.016134628505661542,0.03417662251870336,-0.13516610144384528,0.11588689373705238,-0.09395374885128634,0.01860696151943517,0.009747503414553814,-0.2064069254727065,0.035091039690972034,0.10206577087977786
0.3517982129537734,0.3382266183198296,0.21912608843702333,0.2273652953937224,0.25713854531702635,0.2668578384044758,0.15461302667155752,0.22674517061329721,0.1575195370737248,0.3060250749914517,0.16962741354532107,0.3043614900585192,0.11332294179375849,0.15259173902929116,0.11069419633301206,0.19545314697252736,0.23946183304274962,0.9558103668215493,0.12170771910615621,0.05498206961448318,0.25372181976986874,0.2568500357233357,0.6551749696391784,0.22257096872788307,0.2650885059875352,0.4058106792532642,0.09364709418674304,0.4881461541727711,0.17565597019988438,-0.05876331654323653,0.34166798790601305,0.15112474513212093,0.31590420323109,0.22636336333445706,0.18390702723730204,0.032076511305141414,0.38256288879859235,0.08208845209055712,0.4073135431707765,0.2117149183160423,0.14074678408785127,0.18564914289469595,0.30850567227677955,0.04036635380769313,0.3606792817202942,0.2565924283482059,0.4651627742524045,-0.013442736189608761,0.4679117957386215,0.17895062044966523,0.2381325279269842,-0.08911515310186782,-0.289169555401095,-0.214700331998175,0.08695971345152949,0.08719583872874019,-0.18041356748083456,-0.04606558822464233,0.0870152154241714
0.11302772704582646,-0.11350634156688814,0.013966969161107257,-0.040855821845069216,0.1662192434794595,0.22575357254554873,-0.08395989178063192,0.190653228274274,-0.03081950103533761,0.2015835228785882,0.10486034287926817,0.053531438977630706,0.03551338563814382,0.09571131289378433,0.11819533788988809,0.07355939967457556,0.10750766938326153,0.12170771910615621,1.535968453594347,0.0642984457074428,0.21587714953029863,0.051606526053369316,-0.20436854981674238,0.03370710515510794,0.07395278333600139,-0.055727644658837554,0.05356503075037286,0.1961071989667742,0.03010276085785608,0.044104709437694345,0.2757893694639191,0.04408495302009571,0.2328258814418337,0.1724595121015331,0.0808327314553042,0.09835931942446711,0.37104014739932295,0.07510698886612617,0.483639786719171,0.03516722998760836,0.07472349109585051,0.13975634084324837,0.052534542340461274,0.02567829791455518,0.09865664655628247,0.15785852345016493,0.0015368198401129348,0.009501835926235188,-0.41692821989546863,0.580029635319389,-0.010083942851090951,-0.15536821870420237,-0.11717534627899223,-0.1799486919413085,0.013855188122003658,0.05826427219604939,-0.03200758468236341,-0.02843377885198582,0.09210547215195829
0.08451154541654551,0.30536686172725475,0.06878134262264739,0.19876535375238785,0.26979759541524173,0.32090453849976264,0.0684441700567683,0.23721579995713882,0.07282694813087452,0.18198660324719323,0.28629041906220604,0.2192191096175868,0.11465323043947742,0.2384817345281069,0.21109271356190015,0.128860154957516,0.19783930998149876,0.05498206961448318,0.0642984457074428,1.2899896224165326,-0.06495452669061166,0.1023294502980049,0.14868958707341923,0.32980477582061113,0.21623233757598018,0.3260975026220508,0.27512490239998555,0.08178969709049,0.3700804259029315,0.17953576422494114,0.27358279833004223,0.17988597830693148,0.173015317917969,0.44864390193388076,0.047247393623263446,0.2744152015662727,0.5658919723300821,0.6005107520561881,0.6782574197977741,0.3885156771259237,-0.005018694406929814,-0.08744218543199488,0.28805755745371975,-0.05052300611321167,0.2616904821734395,0.32263777387814835,0.1387514885420868,0.04634701851865932,0.3254369717100074,0.21439827412460843,-0.15655425530297998,0.041815715579841005,0.3388436291722805,-0.19691690807134893,-0.0488139839190258,0.044097874992652365,-0.09717146055105318,0.03843831275304247,0.10252751612287107
0.368263456825926,0.2867926263684479,0.28128839923885196,0.08905709327262533,0.23704701540570858,0.21186297229342235,0.2603274032601196,0.18937712180523572,0.20157311180638166,0.10571800844877619,0.15713119969790915,0.1958803453996967,0.04718057312841623,0.17134623000985724,0.15224362522537735,0.14338042430642262,0.24747908622542117,0.25372181976986874,0.21587714953029863,-0.06495452669061166,1.2025170047078064,0.1992103834521134,-0.040450367888751414,-0.10656760554093996,0.08925260937424896,-0.283630177717819,0.056819694524024064,0.4153555792697847,0.14378047338987937,0.08491380176146021,0.1495258338098165,0.1352037534261588,0.11015232187679992,-0.019296468803020942,0.3137295614618114,-0.11628850332814339,0.26228049029535055,0.05546889688772695,0.035798519592836156,0.10538177251966484,0.15904678865032168,1.0285950385517575,0.4046824564407848,0.00717817498794596,0.9798924165935008,0.06373290282566145,0.34526977725999636,-0.028272505415401775,-0.6330055599300626,-0.15786192532362522,0.19400640653620793,-0.00871840607875852,-0.05842068381848818,0.045847442504179756,-0.029049251052662647,-0.07828379318701013,-0.19500101347134371,0.00651700610559478,0.16586900729218193
0.13398963074405001,0.18527133005097474,0.24262197621689166,0.17785356527981558,0.2482837642530547,0.20774618743242634,0.2924819026679384,0.1215877121487778,0.36502422741528273,0.19637916520578122,0.15920381219015153,0.2590608052036396,0.10990717282090677,0.23602077505095917,0.14713247147177735,0.33844090320310793,0.2914494783387339,0.2568500357233357,0.051606526053369316,0.1023294502980049,0.1992103834521134,0.6088450926576726,0.3196920138082292,0.3007569392302549,0.18811255163743945,0.15506256224135223,0.2001740771129014,0.21234140762667442,0.28203769719610333,0.12655737046418705,0.17831867254728553,0.18313016872318488,0.22455782875083843,0.2363315219379329,0.13407798259215553,0.20556402969483017,0.2208595030037867,0.10981541288372064,0.2873624901699413,0.08421535825025649,0.15942652236117552,0.21581122849463777,0.3679033326104612,0.07928478135373392,0.13946196700251873,0.2473398669063998,0.2698421737017105,-0.07492325088993243,0.5097158025887193,-0.005406439625350795,0.008374483395844188,-0.09535264619421545,0.12646849830153742,-0.0845287070619347,0.02367153946464227,0.09668122125464397,-0.21820009591699363,-0.031879294103956235,0.09571604893027195
0.2518661661152333,0.22387362613401157,0.15728815015465616,0.21128340635395879,0.3560821262219489,0.18810173152092216,0.2408664348003473,0.17904165333901564,0.22425769849985924,0.3136917700319202,0.21725337744785791,0.2921195960209297,0.13117430919314219,0.25766840008464653,0.23640906841627427,0.2750784914269956,0.2970507963872566,0.6551749696391784,-0.20436854981674238,0.14868958707341923,-0.040450367888751414,0.3196920138082292,1.6081672386384354,0.71466691115989,0.4838974421942668,0.2536402953675788,0.07437477563904854,0.21576955197787084,0.5346155171160065,0.1965477789287971,0.0016364157031969174,0.11676022847296565,0.43428358600446865,0.4876920025661783,0.01376328889533286,0.22252813614659156,0.3593425985059367,0.0756340293539613,0.6932132035896745,0.24176214723901496,0.19073886933657036,-0.010509308947954493,0.17576518430609153,0.05340223025561199,-0.3017938909678002,0.3594034944386414,0.5129864868218809,0.003664951636393484,0.8872850101123767,0.32322516374077476,-0.08136457804536197,-0.28708511657182056,0.30683783339913834,-0.2532292477477484,0.17024719865647095,0.0849911181463317,-0.3601528570899986,-0.192496873274136,0.3772497050555729
-0.0852601911269812,0.006222343992334999,0.08224666519300639,0.17173826606106843,0.2939069749002111,0.13488399481576832,0.233781817974016,0.1037445381293389,0.235007136277943,0.20037384629218272,0.18341009081558154,0.19357574603523311,0.1286411793653347,0.2919259619658606,0.1902343452674832,0.33965778080589504,0.22118419896424307,0.22257096872788307,0.03370710515510794,0.32980477582061113,-0.10656760554093996,0.3007569392302549,0.71466691115989,1.6150994887344372,0.2576544134455179,-0.04836205315807164,0.15990999965305755,0.08670504363040661,0.2902232256851897,0.6889395460554721,0.6939790070650751,0.16784139919301072,0.4369677676074631,0.5306236093104659,0.005508551907158013,0.6354922247913068,0.4106646574380006,0.16353894657202786,0.4011371480903881,0.052625669272410636,-0.07098530547150099,-0.053210063310303014,0.051357140598037705,0.0742341016671438,-0.28556530781756934,0.36685317510983345,0.42489692918668087,0.015898684285874792,1.0336354052374086,0.06080162706147975,-0.15263051160697924,-0.08472902528533192,0.46288001913107896,-0.1758168210692964,0.04103273608276257,0.180253991824497,-0.110191789173063,-0.2707318020195311,0.28327232367224936
0.3317230495829559,0.16292213052052387,0.17852642608382313,0.2586090259723322,0.28274717122144116,0.24266554435845544,0.2202117991050985,0.21898756556365975,0.1302717413512777,0.25260975345385417,0.221968839667125,0.304388334997448,0.09996651644108875,0.21656226992608305,0.2163146879837626,0.2540096178610081,0.2320998484740046,0.2650885059875352,0.07395278333600139,0.21623233757598018,0.08925260937424896,0.18811255163743945,0.4838974421942668,0.2576544134455179,0.8971367471590059,0.1298498051873836,0.19311811999227427,0.0762892406029732,0.5165531353410816,0.18655036478420947,-0.019981890415592996,0.12659635382270315,0.13915516726784272,0.3983156787631801,0.17349456221425763,0.2265808202713255,0.2597506418332829,0.1509007811916142,0.37689419677251046,0.10491626711086446,0.1981302702114199,0.0940108617515676,0.19717918903656248,0.0836293848083125,-0.10311700418349629,0.31955519965949675,0.2804780194214155,-0.04817889711820297,-0.17267322458640386,-0.29866707062747205,-0.1694999487782654,0.10164137317138498,0.26827326249479133,-0.09199769246888065,0.0878271894646527,0.12113860626921139,-0.17957978277036293,-0.09303652018824293,0.08199912286061338
0.050058419111921625,0.24312242165102974,0.15238859020453846,0.1872367599697702,0.14701057751993085,0.2781918287981669,0.09824569724523344,0.19218386874285895,0.19946592076101363,0.18835251709334547,0.16812111364098717,0.27127155733811464,0.13001038854467634,0.1361884165082925,0.0708362616802737,0.07414294100273092,0.06584996807358114,0.4058106792532642,-0.055727644658837554,0.3260975026220508,-0.283630177717819,0.15506256224135223,0.2536402953675788,-0.04836205315807164,0.1298498051873836,2.0362561571244506,0.13513233065296204,0.4487139166305031,-0.19450982520414925,-0.6735780852018342,0.1335134930976815,0.24834566475184394,0.06367444861471191,0.16903047991176323,0.14300972119257566,-0.15817734468523198,-0.1366731816789254,0.12747248771218297,0.5607359466659908,0.309992109705508,0.34168677607863024,-0.2110553760632682,0.24810790909662528,-0.024566284847692455,0.04055620193963994,0.12929542526106075,-0.021125438895354454,0.03747232534516937,1.5519278076263796,0.4534125191264564,-0.08557773019050924,-0.016691373312544878,-0.37505707001216904,-0.20527161814216216,0.11685927239915925,0.08887974050847539,-0.17693165581428896,-0.019904022268363953,-0.014956799237843734
0.16656573354382817,0.1490638179243529,0.1517877637949213,0.21574741075113033,0.18311802370820354,0.1959835293079832,0.17523316696404634,0.14410089402366777,0.14096627442152304,0.17885641572645247,0.183160130907114,0.24084649524567123,0.10356783020462987,0.15258158337658803,0.1829098843467071,0.279568252342573,0.17983451326837605,0.09364709418674304,0.05356503075037286,0.27512490239998555,0.056819694524024064,0.2001740771129014,0.07437477563904854,0.15990999965305755,0.19311811999227427,0.13513233065296204,0.6332195234910204,0.17071193271873975,0.18985992811622818,0.18372644721466835,0.1582651426970207,0.1677614197239753,0.12163521814677475,0.21872285959421778,0.18170265753222073,0.27416717306565774,0.2138216047114951,0.17283322156295902,0.19563837399779013,0.13108746561190746,0.14940535495949567,0.07425713754483719,0.28367562368412147,-0.012148175555871572,0.09040708058025819,0.2240875006973555,0.17687470829110613,-0.019209799571844408,0.3728946023176409,-0.04059321823912015,-0.1462349556130247,0.2017861563534955,0.06514275829179943,-0.02985052553099437,0.017019045612874747,0.10919006747119253,-0.08160843332092146,0.022580263404244478,-0.049950361110424404
-0.10772198563001832,0.26950725866729824,0.27488946833255173,-0.16574325383526478,-0.06554389766467318,0.07918779402205325,0.0018422839139946394,-0.11450622604711566,0.24205481318276328,0.15938271681405325,0.09484307174865043,-0.023619307847795458,0.04919440698188305,0.11460095178107448,0.1842341156891015,0.1197613965505139,0.2009814332349649,0.4881461541727711,0.1961071989667742,0.08178969709049,0.4153555792697847,0.21234140762667442,0.21576955197787084,0.08670504363040661,0.0762892406029732,0.4487139166305031,0.17071193271873975,2.5518347893126885,-0.2486356643162915,-0.360729759344906,0.34775887019720614,0.15009273628467812,0.5741980738455039,-0.1429203653737829,0.3362275284700773,-0.5204665940660951,0.5917001808568914,0.06021361127149309,0.23071174012024792,0.17740459656122248,0.4937552812288203,0.47255481382627346,0.5106043989397512,-0.04840395137652041,0.43634862602562,0.09518192586853778,0.15843922825424447,-0.020701284939964162,0.33459458660687924,-0.0018403649382764896,0.019680873406822653,0.4072332535384279,-0.5706499371898633,-0.14083889069189218,0.09800362406006846,0.07739209649767427,-0.10209376238470223,-0.1571587398020284,0.2830035043771221
0.32300904136713854,0.3315968399580329,0.28747983320371306,0.264154117855771,0.39831679835642747,0.3364495581688298,0.25989141311948794,0.24479058120467212,0.12849821301276126,0.2781734718304241,0.2569617404209283,0.33147225173287154,0.13820540352474192,0.2704303527991714,0.24793330305264058,0.3308047083695568,0.3135757819708177,0.17565597019988438,0.03010276085785608,0.3700804259029315,0.14378047338987937,0.28203769719610333,0.5346155171160065,0.2902232256851897,0.5165531353410816,-0.19450982520414925,0.18985992811622818,-0.2486356643162915,2.1475549033323587,-0.06412191919374499,-0.21592002891407758,0.1716034579852425,-0.159469677409389,0.7249561987964572,0.09770322704042335,0.7312125779718237,-0.01603256567542443,0.1465978131862168,0.4972372659282478,0.14625488095688732,0.15604638027607834,0.07417469795265377,-0.10160051730824898,-0.08809495557857529,-0.25297088112603267,0.2856462234840344,0.17578053179049363,-0.04005165953675857,0.35709988420239286,0.14443715458333964,-0.30223214095694295,-0.04129176897150099,0.1945418691552477,0.01584654930955917,0.02502665670509436,-0.011253879386109845,-0.35007396206954455,-0.022854830841098406,0.21526985507176413
0.056961512185375644,-0.04846769905033225,-0.2952435564499136,0.043014342353070244,0.18666152712418277,-0.0009878546098176645,0.08437282039806177,0.06814104415430887,0.07295774974690934,0.09028398515824948,0.0865332036546939,0.03487803187701442,0.011864126299686221,0.1457672632037036,0.15005903955449212,0.19226802543185392,0.09162048719328783,-0.05876331654323653,0.044104709437694345,0.17953576422494114,0.08491380176146021,0.12655737046418705,0.1965477789287971,0.6889395460554721,0.18655036478420947,-0.6735780852018342,0.18372644721466835,-0.360729759344906,-0.06412191919374499,3.1548928447216427,0.364778144344005,0.03452842969452043,0.011630983955317456,-0.06074200251788715,0.19359349179135402,0.7284290025608494,1.0363375528146184,0.1868030745255424,0.0029127573143658955,0.08467097567332608,0.299669782623568,0.013661788457768565,0.4583486275299271,0.15418258723679773,0.4912413766577827,0.3672051309765929,1.0976937096458217,-0.05791498375237112,0.3671257782631976,-0.04919722440041962,-0.15511023749623445,-0.170246820071439,0.4364471651468408,0.044507738922266026,-0.22235840366233384,-0.04946611414481325,-0.10244987383679179,0.6253207398807351,-0.29735354375556444
0.00808685525501194,0.03300948346859131,0.10443172426041714,0.09755324364063209,0.16612550937353324,0.16197854014931795,0.09937216024987118,0.10353259439054005,0.16210768552329188,0.17650791159297957,0.14259729168236046,0.13698393628002228,0.08202950411734733,0.14943433357019198,0.16061625807502508,0.14877967309657195,0.14430532073975083,0.34166798790601305,0.2757893694639191,0.27358279833004223,0.1495258338098165,0.17831867254728553,0.0016364157031969174,0.6939790070650751,-0.019981890415592996,0.1335134930976815,0.1582651426970207,0.34775887019720614,-0.21592002891407758,0.364778144344005,1.4435266659212185,0.14270525354566385,0.30882639629774655,0.21832206996086476,0.20588781164153283,0.46458148872143146,0.4590734370818401,0.17951570683379817,0.2830851663861642,0.06450141209633077,-0.16735300040578366,0.14065522749715834,0.11338153793246314,0.09758367353365362,0.3058495756607386,0.2949681754969114,0.2952882080225278,-0.012454373431335363,0.0736124619038256,0.16323733266559498,0.08619910053358834,0.1335140782583751,-0.15681528680334028,-0.1414129720117394,0.06916776745655163,0.2321558210148201,0.10747198108702341,-0.21650316686292895,-0.04567861333404282
0.1558575608933252,0.12237432986713759,0.12646012767243095,0.2435590180727167,0.1489200596038876,0.18217377300436283,0.19937750300738602,0.1280439312246918,0.14344002282882726,0.09815060506089092,0.15361695057781774,0.23862595267754597,0.08618049101389444,0.2992934853277805,0.07313832730577076,0.17016732630042242,0.1556700282711689,0.15112474513212093,0.04408495302009571,0.17988597830693148,0.1352037534261588,0.18313016872318488,0.11676022847296565,0.16784139919301072,0.12659635382270315,0.24834566475184394,0.1677614197239753,0.15009273628467812,0.1716034579852425,0.03452842969452043,0.14270525354566385,0.6051169124392762,0.12024012106741581,0.13416168031171932,0.01961894658111051,0.13017026649342306,0.047824106740469,0.11096272354913782,0.05457045523403681,0.10664397867504478,0.03098578944327235,0.10818977679912054,0.20313358359537573,0.02186582271635463,0.18489324319395511,0.16385541483275823,0.1664677632551463,-0.01363337919667878,0.22580401845540518,-0.06681128982697374,0.04928720729993899,0.18813155252143862,-0.19256490274618476,-0.004412049909495919,-0.22213782774721685,0.00048339666130564623,0.17389971114706326,0.10230897564683339,-0.09311170425154335
0.05598975563934193,0.15843254454303812,0.15083310818327547,-0.023202377796801937,0.12538312181491784,0.01585937825655643,0.0697012611054098,0.04024971872178178,0.17557698792200802,0.1588860860048443,0.13062066120565702,0.09037670573266939,0.079218947892141,0.18501819776096412,0.18359211353313915,0.18684562266095633,0.20692218965269749,0.31590420323109,0.2328258814418337,0.173015317917969,0.11015232187679992,0.22455782875083843,0.43428358600446865,0.4369677676074631,0.13915516726784272,0.06367444861471191,0.12163521814677475,0.5741980738455039,-0.159469677409389,0.011630983955317456,0.30882639629774655,0.12024012106741581,2.406455696880205,0.0852455571808316,-0.04982232469469714,-0.24758767126208897,0.852348307977769,0.10528365572402208,0.05080605861546545,-0.04988821473749771,-0.5014027558261633,0.134769541891111,0.260137099329855,-0.018848445386496233,-0.23376727455305618,0.37419186983640895,0.34960831925106783,0.08698822667947789,0.3366566682129603,0.15529695367715696,-0.16268555604165194,0.04546167433630158,0.15548759159503409,-0.39433832525634877,0.002408271032637621,0.027798846122883865,-0.28563671920926786,-0.1466721231956093,0.5655377823388689
-0.38608931516249706,0.11458375308118803,0.05901339958372051,0.4009093700635483,0.5095511607896671,0.30172731401368486,0.2942747863435749,0.20776517129704244,0.10717978195174263,0.3550139327694417,0.2583062741177643,0.3798291448552334,0.1462580837515948,0.2627313300227395,0.17844408694380298,0.3081973992913912,0.3025999482921113,0.22636336333445706,0.1724595121015331,0.44864390193388076,-0.019296468803020942,0.2363315219379329,0.4876920025661783,0.5306236093104659,0.3983156787631801,0.16903047991176323,0.21872285959421778,-0.1429203653737829,0.7249561987964572,-0.06074200251788715,0.21832206996086476,0.13416168031171932,0.0852455571808316,2.146533386094204,-0.020399644453457044,0.6075397236699975,0.41402382247888564,0.19680699768773705,0.9483184896970364,-0.13909085049667594,-0.1711818783801357,-0.04372866104788467,0.017038236078870568,0.209551634359368,-0.5177867608843666,0.19785429639266763,0.18093824429569857,0.02874250177366429,-0.011432812189776133,-0.13017875673135365,-0.22375690447921645,-0.5097051576147421,0.702931627738997,-0.16704402981944988,0.1469078995394613,0.11784853911311385,-0.374151041361123,-0.09196620791592416,0.16418163913452766
