1.0035103750867684,-2.460931973095694e-5,-2.999253485527318e-5,-4.7756049387411066e-5,-8.119294884916325e-5,-0.00014341255935100455,-0.0002406371803821696,-0.00015520186102859125,-5.028273794546749e-5,2.0684880202737327e-5,5.141489117903561e-5,5.948038673124725e-5,7.252277005355409e-5,9.377486511186385e-5,0.00010047011175403954,0.00010647981611671272,0.00010303595093862849,9.43007992436891e-5,8.378061906062497e-5,5.95666686057174e-5,4.576720751109618e-5,3.0415458281965917e-5,1.8158014590533498e-5,7.22234595078163e-6,-5.489613924973627e-6,-9.365913199773519e-6,-1.4213110138964527e-5,-1.7486879203384343e-5,-1.880174368206742e-5,-2.2705806261441447e-5,-2.3292632858592066e-5,-2.241778093202749e-5,-2.0043451291130758e-5,-1.5842394184317896e-5,-1.1771419308529494e-5,-7.834515814201756e-6,-4.404059048633916e-6,-1.8896664527495498e-6,-3.0409764381644013e-7,3.4270142101787854e-6,8.689773572341056e-6,1.4270287612453868e-5,2.1760911750189214e-5,1.3592785613470673e-5,8.358032420229147e-6,3.797225413752064e-6,1.2957343778002418e-6,-5.739282496500955e-7,-1.3498395750130977e-6,2.584680793681225e-5,8.005480718620716e-6,2.251033123763407e-6,1.0338559191372403e-5,2.5677501098206686e-5,-8.597830230921344e-6,-1.7169796700740656e-5,-1.5603619108085425e-5,-1.3416672553439125e-5,-1.4358160586191724e-5
-2.460931973095694e-5,1.0034917622301738,-5.789101923935272e-5,-0.00010225520218873521,-0.0001668665635323347,-0.00025661382141867835,-0.00035106073009615556,-0.00011421505135674685,3.6453099290881335e-5,8.88120247596649e-5,0.00010523385379001217,9.715198641102269e-5,9.617917204128972e-5,0.00010367516691482589,0.00011093045919554675,0.00012292790655539564,0.0001235880004766088,0.00011584277055237994,0.00010481830002002288,7.558341569237885e-5,5.897238950258048e-5,3.954077696845284e-5,2.395081443244734e-5,9.471580116487743e-6,-6.996278699552623e-6,-1.2273770602171727e-5,-1.8681966736260196e-5,-2.3138907007655476e-5,-2.493736293086656e-5,-3.013052399009613e-5,-3.091603607940072e-5,-2.977412577575225e-5,-2.671696793056385e-5,-2.1084007204060506e-5,-1.566950574233693e-5,-1.0389391623257327e-5,-5.820369171646042e-6,-2.4854234667989665e-6,-3.834378375894871e-7,4.507427761095019e-6,1.1400607838800165e-5,1.8734393320378193e-5,2.85562834443691e-5,1.7879279233187367e-5,1.1007042794487719e-5,4.997774364757682e-6,1.702447743045361e-6,-7.700566885930811e-7,-1.7932369150051004e-6,3.768733473009127e-5,1.5717845979668156e-5,1.0548788689233742e-5,1.6106559380079777e-5,2.464888931393768e-5,1.4463542671910278e-6,-3.5308070109447437e-6,-5.855665708621274e-6,-3.976184035916675e-6,-8.45768864015736e-6
-2.999253485527318e-5,-5.789101923935272e-5,1.0034141784865778,-0.00022305443014092435,-0.0003619043537114505,-0.00048723765125993553,-0.0005170572066203202,0.00010949710652799108,0.00030665166896267016,0.0002554410927451735,0.00020720503215610893,0.00017092771900707856,0.00011737911457904925,8.350517001714437e-5,7.774737573455362e-5,0.00011302321587597591,0.0001187184040221802,0.0001229182031289336,0.00011273708317170839,8.555618905756723e-5,6.832390518918739e-5,4.755057778062251e-5,2.9371169447044524e-5,1.1690853914157684e-5,-8.296407713972159e-6,-1.5005483819275966e-5,-2.322309493948307e-5,-2.906178910766807e-5,-3.1769900841080375e-5,-3.835094916490783e-5,-3.9591026454399734e-5,-3.847270796774428e-5,-3.4335031123961646e-5,-2.7092501272193446e-5,-1.9861232565173196e-5,-1.287412693258854e-5,-6.7318495566335614e-6,-2.3093654277890437e-6,6.641923801449035e-7,6.702380769891993e-6,1.516438900193302e-5,2.3930853658070278e-5,3.546677826882323e-5,2.2242516301240356e-5,1.3696677050773241e-5,6.221593041063296e-6,2.123517201895498e-6,-9.575319415537381e-7,-2.2295516237646833e-6,6.02468166422583e-5,4.186916482710706e-5,4.8402424128373625e-5,4.575770499946567e-5,3.878030307967181e-5,1.6840878504916336e-5,1.2932084254657383e-5,4.090266501040079e-6,4.571098866326333e-6,-1.8885743766279312e-6
-4.7756049387411066e-5,-0.00010225520218873521,-0.00022305443014092435,1.0030718740990239,-0.0007553035263512199,-0.001012215944643758,-0.0010189608389724013,0.00039286772872925183,0.0008185391715747988,0.0006278938304970703,0.00048379116112772923,0.0003733069666824281,0.00019452530354710702,3.497370842655917e-5,3.219088823994446e-5,0.00011882386043611359,0.00018140043212229012,0.00019451389499264336,0.0001899920383421213,0.0001391475351376613,0.00011110067189442847,7.59150703976596e-5,4.647833957009233e-5,1.7381206339332802e-5,-1.606428011464849e-5,-2.7129614204059338e-5,-4.02261807347188e-5,-5.0170904530664646e-5,-5.447375012990699e-5,-6.591559289497054e-5,-6.866648413219432e-5,-6.623548975508476e-5,-5.954863031208152e-5,-4.6804225095996856e-5,-3.471837363844632e-5,-2.2408023773643162e-5,-1.185377719923303e-5,-3.568315731275107e-6,2.1397223407698896e-6,1.3094737667260153e-5,2.805022082874626e-5,4.325826547342231e-5,6.283898103159163e-5,3.922961184538908e-5,2.399838329240679e-5,1.0873554966780188e-5,3.698750481931194e-6,-1.6134835963827052e-6,-3.802046835427665e-6,0.00011601596425840688,9.259038005047943e-5,0.00011192853116232422,9.762592226303383e-5,4.98109551773695e-5,4.9844092374806595e-5,5.722270424137608e-5,3.4881302390936815e-5,3.0100689274867786e-5,2.2647271054990117e-5
-8.119294884916325e-5,-0.0001668665635323347,-0.0003619043537114505,-0.0007553035263512199,1.0022311533866655,-0.0018560090071272088,-0.0021364265888554916,0.00023079295992575857,0.0013158110413385984,0.001350559186454536,0.0012907230799737593,0.0011230612584391504,0.0005258634335813784,-2.7468779923810315e-6,-9.391944884147987e-5,0.00010700292206445488,0.00026525218786831737,0.0003168451454342488,0.0003124040849964026,0.00023085749782172327,0.00018070142428701304,0.00012317988414051832,7.34143591133817e-5,2.631533301288953e-5,-3.2100859699539775e-5,-4.9759912454005144e-5,-7.151730557191414e-5,-8.81607846664208e-5,-9.54941577114309e-5,-0.00011546455292667032,-0.00012171969160470809,-0.00011791843221578067,-0.00010543447866168222,-8.389502045647604e-5,-6.26393084808409e-5,-4.110611985666388e-5,-2.1901317377930563e-5,-5.5390720732255e-6,6.6841802202408455e-6,2.737351516988839e-5,5.506121093676419e-5,8.193152220985056e-5,0.00011582559044455926,7.153021407263238e-5,4.32619153447066e-5,1.9515709564481108e-5,6.577740180547296e-6,-2.783890016385359e-6,-6.6406444250000696e-6,0.00020078658622757823,0.0001593051986963066,0.00018547393482660587,0.00017237802399719323,7.755540323638139e-5,9.781628051719355e-5,0.00011146787762075203,6.453245105180707e-5,5.147784002265386e-5,5.6590456612990384e-5
-0.00014341255935100455,-0.00025661382141867835,-0.00048723765125993553,-0.001012215944643758,-0.0018560090071272088,1.000450830265076,-0.004488720974101017,-0.001595627808457104,0.0011385091628899394,0.002460378173548599,0.0032799969185756503,0.003239572654116188,0.0016715085253004832,6.237884253980337e-5,-0.0002612231612649881,5.320611049691407e-5,0.00043547777745235985,0.0005140777144108107,0.0005473813635374849,0.00039130670521434814,0.0003103694144041129,0.0002098808921637764,0.0001261922709901444,4.4304932822714764e-5,-5.883493715842216e-5,-9.02304149784301e-5,-0.0001284807439510269,-0.00015825774059512564,-0.00017045762610812213,-0.00020653815438025384,-0.00021837565328169906,-0.0002097292143697224,-0.00018854653812986616,-0.00014958679292577406,-0.00011315369846674452,-7.42493119553932e-5,-4.0526960044636275e-5,-1.0715513806665608e-5,1.1018452058607878e-5,4.882863198727742e-5,9.88058647481563e-5,0.0001485218864160188,0.00020970966441003015,0.00012929796274449974,7.794435239781878e-5,3.5040848078182127e-5,1.1778988592826958e-5,-5.003286746081657e-6,-1.1878152485669101e-5,0.0002823915879169893,0.00016384234078952996,0.00015140535723742724,0.00017390484367885283,8.350603947888634e-5,0.0002056630669705826,0.0002476788028076416,0.0001461809793746582,0.00011239973673092333,0.00013013726851112537
-0.0002406371803821696,-0.00035106073009615556,-0.0005170572066203202,-0.0010189608389724013,-0.0021364265888554916,-0.004488720974101017,0.9940011625461762,-0.005249458259257639,-0.00232291537584462,0.004222218116306822,0.006016138142809648,0.008601916988759051,0.005120008092752384,2.0000494194969965e-5,0.00014277461444683738,-0.0005892089637237758,0.0011155799140430028,0.0006557343789887822,0.0009783200250556452,0.0006894376149932992,0.0005420863469608783,0.0003672053394687772,0.0002189346099381572,8.076284287012703e-5,-0.00010498248220074359,-0.00015750364925848871,-0.00022551480067475242,-0.0002740918440421336,-0.00029069991287403223,-0.00035170150853479565,-0.00038032975598384047,-0.0003596609873170019,-0.0003208102912075731,-0.00026337429371600733,-0.00020410248690792544,-0.00014496041392971168,-8.812275920966468e-5,-3.63530629890916e-5,4.314464029716486e-6,7.466015282728425e-5,0.0001685994035263991,0.00026450863948702306,0.0003832782773338617,0.00023359793082383215,0.0001393262410942429,6.213080664321268e-5,2.0515990273631928e-5,-9.23677994525904e-6,-2.1365324476270227e-5,0.0002950574595452759,-1.7518003546081588e-5,-0.0001370818328557155,-2.1231269176780472e-5,0.000142718119908228,0.00032699157341554015,0.0003632175510779258,0.00018014834934653576,0.0001237619870518516,0.00017923818823335438
-0.00015520186102859125,-0.00011421505135674685,0.00010949710652799108,0.00039286772872925183,0.00023079295992575857,-0.001595627808457104,-0.005249458259257639,0.9881044742159726,-0.0063240574097211295,-0.002823299234549392,0.009100195316233003,0.011918091940469477,0.007962341478466023,0.0026534802416435166,-0.002098589766909942,0.0007105500262234039,-0.00044266151934071064,0.0008583620391414868,0.0005383130342053917,0.0004614141082436321,0.00038513512968047983,0.000248953777300751,0.00015190254697060302,5.717860984866958e-5,-6.392200565465735e-5,-0.0001009496356172392,-0.00013692130688251603,-0.00016459103131177488,-0.00016482225913786296,-0.00019420126658993214,-0.0001789623762479059,-0.00020714452780255896,-0.0002213798422283004,-0.00020211214411913243,-0.000179346504248067,-0.00015002398917474282,-0.00012524812568696597,-8.187217521434411e-5,-5.3578268806907595e-5,9.129554781477114e-6,9.064079328633354e-5,0.00019128170468201504,0.00032233262247222534,0.00020370232450682584,0.00012098383916593881,5.5835457642267726e-5,2.0522645694418842e-5,-3.095373967032207e-6,-1.305758952456527e-5,-0.00024455173569030986,-0.000663358587803073,-0.0008935595834908117,-0.0007099980068878337,0.00019854026457980086,0.00025155238084087554,0.0002240077583379818,8.155058030146521e-5,4.5557838419537e-5,0.00013961074186680402
-5.028273794546749e-5,3.6453099290881335e-5,0.00030665166896267016,0.0008185391715747988,0.0013158110413385984,0.0011385091628899394,-0.00232291537584462,-0.0063240574097211295,0.9847530138502049,-0.0035547035601727357,0.0026769717521820395,0.011561399198184759,0.010880982644556858,0.0009160629353670834,0.00035454512967281085,-0.001125229591803213,0.0010265820768692697,0.00015136740684915903,0.0006340472332634275,0.0004473261821908076,0.0002922966899389205,0.0001722252762250667,9.253329411607622e-5,4.859236779813482e-5,-2.0762894117618888e-5,-3.2238668349367534e-5,-5.07945008314304e-5,-5.467824323480432e-5,-4.5515584595475964e-5,-4.818182269439979e-5,-3.504251066048321e-5,-9.993940283576355e-5,-0.00011941083741800917,-0.0001281341427565223,-0.0001181121753638023,-0.00012557740896011461,-0.00011136896520610384,-0.00010835563764794287,-8.453035091618734e-5,-4.6964222361970775e-5,1.7482102111399702e-5,0.00010688556785033677,0.00024687243899724104,0.00014799928612177233,8.518165441562196e-5,4.065083168926148e-5,1.6454236445575466e-5,1.4571546516118658e-6,-5.247922681225789e-6,-0.00036562721355673435,-0.0006782686549174944,-0.0007995354737934108,-0.0006578751428816694,0.0004989439131322208,-0.00013058933822270166,-0.0004724328375169383,-0.0003749761728180378,-0.00029295913916282907,-4.094117774431864e-5
2.0684880202737327e-5,8.88120247596649e-5,0.0002554410927451735,0.0006278938304970703,0.001350559186454536,0.002460378173548599,0.004222218116306822,-0.002823299234549392,-0.0035547035601727357,0.9859158635134146,-0.008593372602572022,0.007156581909619142,0.010029581633615356,0.003476653127188662,-0.0008045701890114112,0.0013344034945819974,0.0001962429081592405,0.0008350941640535337,0.0005478306030776202,0.00040227029137561795,0.00026475055820830246,0.00010688568199336325,5.842691588850644e-5,2.9726245890435258e-5,1.986451964319011e-5,1.1851870828031515e-5,1.6771639724039915e-5,1.9679857885102196e-5,3.346183068462802e-5,4.3028709171192204e-5,8.037778232401496e-5,2.7263798997559483e-5,-2.7160739363840003e-5,-4.745381642514474e-5,-6.711223995256623e-5,-8.175337237968065e-5,-9.760055953551554e-5,-9.532215150358142e-5,-9.539824871364508e-5,-7.211563079626915e-5,-3.996906643213741e-5,2.498875938355575e-5,0.00011737838171358808,8.051734819173233e-5,4.757162702987868e-5,2.4271479517352297e-5,1.1477566696352805e-5,4.329953315199114e-6,9.350761629330248e-7,-4.750673336471394e-5,-0.0001192876080919417,-6.829167938111216e-5,3.174629098010294e-5,0.0007782707585297402,-0.0004475183711176796,-0.00030857844448362054,-0.00019098144692880335,-0.00018538816034183612,-0.00021664017997613297
5.141489117903561e-5,0.00010523385379001217,0.00020720503215610893,0.00048379116112772923,0.0012907230799737593,0.0032799969185756503,0.006016138142809648,0.009100195316233003,0.0026769717521820395,-0.008593372602572022,0.9864369598648497,-0.010857733020551742,-0.001598000885996825,0.004556586129451161,0.005019528868882583,0.002107051603618159,0.0009697340702839602,0.0005472102195407074,0.0005996734203912475,0.0005181754918256156,0.00022848238787758496,5.242391438341842e-5,1.6147019613882579e-6,1.326158147814861e-5,3.082873390239463e-5,4.5917929503043e-5,5.325670307383853e-5,7.101111322849707e-5,8.045170580171232e-5,0.00010288955521340652,0.00013367625149758336,5.1959527546010486e-5,1.5761646421472428e-5,-2.0288666279851688e-5,-2.419286546418258e-5,-5.446234887948858e-5,-5.90272590228482e-5,-8.792107228124865e-5,-8.884702706789857e-5,-8.89606399325829e-5,-7.066235564189825e-5,-1.9841504050757186e-5,6.94639414395868e-5,4.804071615775478e-5,2.795008770956766e-5,1.686677249380831e-5,1.0498845440696468e-5,7.988224987946742e-6,6.156186638978093e-6,0.00011797571821050665,0.00021851371826596904,0.0003422376652457762,0.0002692165016086526,0.00021989266267871275,-0.0005425282802284967,-0.0003383873091782197,-0.00016100636430802455,-0.0001520440560038812,-0.00029043987595996453
5.948038673124725e-5,9.715198641102269e-5,0.00017092771900707856,0.0003733069666824281,0.0011230612584391504,0.003239572654116188,0.008601916988759051,0.011918091940469477,0.011561399198184759,0.007156581909619142,-0.010857733020551742,0.9688305034002074,-0.022488985514029176,0.004785169182260545,0.011665293484636022,0.005359747927129292,0.0006513484069373605,3.474531611235509e-5,0.0004898838077241068,0.00028079752289483594,7.87931915130885e-5,-9.370564561233787e-5,-7.288428836592307e-5,-3.715229874923549e-5,3.4281454777903466e-5,5.053755536265442e-5,7.921215814222799e-5,9.57473545164655e-5,0.00010608443115842203,0.00013035555415774074,0.00017101363080323218,0.00010433044563671752,3.933469720866981e-5,3.082160411745475e-5,6.313905526038909e-6,-9.17453848543827e-6,-3.0491221771114998e-5,-5.732477815809566e-5,-7.327547477154018e-5,-8.16918834486197e-5,-8.659898950010964e-5,-5.4653744533696536e-5,1.437400985009762e-6,8.54684306464939e-6,6.138715206622908e-6,7.615107678824217e-6,8.105203728896254e-6,9.964979636026208e-6,1.0013174765011348e-5,2.389406461212858e-5,0.00017461803516420315,0.0002667326740714697,-0.00010487255472834152,-0.000951597487688425,-0.0003287640637952537,-0.00034817102932168455,-0.0001783994086851196,-0.00011280657135348871,-0.00017836883082512057
7.252277005355409e-5,9.617917204128972e-5,0.00011737911457904925,0.00019452530354710702,0.0005258634335813784,0.0016715085253004832,0.005120008092752384,0.007962341478466023,0.010880982644556858,0.010029581633615356,-0.001598000885996825,-0.022488985514029176,0.9791067914462964,-0.002173290463471396,0.007772295194287735,0.004930717173537035,0.0001684311598170941,0.0005083901683494469,0.00019182367228347881,0.00023614866584507747,-0.00010026422913598181,-0.00022376817393628497,-0.00017429326510394024,-7.445624789292328e-5,1.2937013031017129e-5,5.367881850237564e-5,8.175194839084105e-5,0.00011142963938485534,0.00011760909715941995,0.00015041373052538482,0.00017858085423178233,0.00011084361838465476,8.348628223467112e-5,4.2442921834598386e-5,3.68369524487906e-5,6.6353208755386175e-6,-1.6901026318882024e-6,-3.4198974089268055e-5,-4.3544452237337315e-5,-6.436273617773182e-5,-7.737792698051543e-5,-7.005258238866217e-5,-4.467827732496024e-5,-2.158190465668606e-5,-1.3196565654469557e-5,-1.8921630903166864e-6,3.9565614167636055e-6,9.688144461430522e-6,1.1269150485050162e-5,-2.472923783267607e-6,0.00019224076242876275,0.00026927358948174894,-3.3256903064533514e-5,-0.0009056163526137141,-4.652690348104918e-5,-4.871495021880489e-5,-2.2139038009854764e-5,2.4955231587630174e-5,-8.311884238048301e-5
9.377486511186385e-5,0.00010367516691482589,8.350517001714437e-5,3.497370842655917e-5,-2.7468779923810315e-6,6.237884253980337e-5,2.0000494194969965e-5,0.0026534802416435166,0.0009160629353670834,0.003476653127188662,0.004556586129451161,0.004785169182260545,-0.002173290463471396,0.9936506979121282,-0.005433100861682759,-0.002893267841964625,0.0014816062071689937,0.000822674056384726,0.0010076470935892975,0.00021213254771911374,-0.00018665095017130398,-0.000352449437050852,-0.0002419415025763631,-0.00012127816263019044,8.877289309952185e-6,4.692584885596102e-5,9.450072734693442e-5,0.00012023438001833741,0.00013151631044175548,0.00016485385021469348,0.00019117107236623837,0.0001417484347769171,8.646459963446447e-5,8.206854419853622e-5,5.275505066718274e-5,3.8346221854681925e-5,1.4573421947217728e-5,-1.4699416972868883e-5,-3.200242398008764e-5,-5.488203519101894e-5,-8.063105986539551e-5,-8.37668861723952e-5,-7.148135202146143e-5,-4.4121537102881776e-5,-2.6809821658174334e-5,-8.12451144920472e-6,1.9538874153959407e-6,1.0326539184325627e-5,1.3166196536641868e-5,8.335464666661648e-5,0.0003481384509529669,0.00037014940533465143,0.0004476796498022323,0.00010958867628957205,0.00013974894994296417,0.00015729166964108206,9.90943176991814e-5,0.00010647104759026638,-1.0398931640933381e-5
0.00010047011175403954,0.00011093045919554675,7.774737573455362e-5,3.219088823994446e-5,-9.391944884147987e-5,-0.0002612231612649881,0.00014277461444683738,-0.002098589766909942,0.00035454512967281085,-0.0008045701890114112,0.005019528868882583,0.011665293484636022,0.007772295194287735,-0.005433100861682759,0.9900787720321496,-0.004794610184357302,-0.00030783965101807047,0.0015489603258110995,0.00040456008282066465,7.666172084078076e-5,-0.0003205041878962824,-0.0003889910513084783,-0.0002722850145619793,-0.00011693051444912739,1.594349707918504e-6,5.237911138003307e-5,8.95917349474798e-5,0.00012291766598606534,0.00013392045998095084,0.00016953533147904043,0.00018150742402771956,0.00015969471137741758,0.00015679009828969254,0.00010894153585274584,8.986235777199894e-5,5.060872073455659e-5,2.807989131099978e-5,1.5835798515854118e-6,-1.0504306548757734e-5,-3.9067171835853717e-5,-7.03847457543145e-5,-0.00010392477544945633,-0.00013853195557232036,-8.892100715145691e-5,-5.509440571170057e-5,-2.3801974600128795e-5,-6.804019313515773e-6,5.898394486122921e-6,1.0797060509937296e-5,4.812668991047002e-5,0.0003149701701746046,0.0003093551148892219,0.0005402130559612284,0.0004329577018057114,0.00011864640972871689,9.850825214485823e-5,6.668871722624253e-5,3.627848077760999e-5,-2.842023199433136e-6
0.00010647981611671272,0.00012292790655539564,0.00011302321587597591,0.00011882386043611359,0.00010700292206445488,5.320611049691407e-5,-0.0005892089637237758,0.0007105500262234039,-0.001125229591803213,0.0013344034945819974,0.002107051603618159,0.005359747927129292,0.004930717173537035,-0.002893267841964625,-0.004794610184357302,0.9994504914774018,-0.00035305820926125736,-0.0006767784142730408,-0.00012945903575878554,-0.00037300027393182087,-0.00041276361858031687,-0.00037889531147429056,-0.0002298880061360106,-0.00010648417023360711,1.3212554075673646e-5,4.4275528530691135e-5,8.74293642612065e-5,0.00010877916966404073,0.00012242223061751422,0.0001520786493452062,0.0001513702416391757,0.00016895881790885138,0.00015101088473159943,0.0001371867958744342,9.875135363787842e-5,7.78254910301731e-5,4.2503458393292816e-5,2.7855924963341736e-5,1.0863944498825456e-5,-1.561456341872483e-5,-5.62847970927705e-5,-0.00010295528509306178,-0.00015953076641617508,-0.00010754871537043148,-6.646249164576817e-5,-3.027299760765278e-5,-1.028209559512045e-5,3.7396806344001665e-6,9.565541873072704e-6,-7.220475131579693e-5,0.00010128828813956315,0.0001230328819092645,0.00019387062717788088,6.340669397475938e-5,7.136415964732813e-5,3.775979576957576e-5,3.379676114886923e-5,4.0960356366588454e-6,1.2394119647100894e-5
0.00010303595093862849,0.0001235880004766088,0.0001187184040221802,0.00018140043212229012,0.00026525218786831737,0.00043547777745235985,0.0011155799140430028,-0.00044266151934071064,0.0010265820768692697,0.0001962429081592405,0.0009697340702839602,0.0006513484069373605,0.0001684311598170941,0.0014816062071689937,-0.00030783965101807047,-0.00035305820926125736,1.0012993318520431,-0.0014698030707206583,-0.0015785472654563288,-0.0008640283316377574,-0.00046216769192589373,-0.00014620442132086132,-6.648265143398402e-5,-1.4407633003197666e-5,4.204125955960488e-5,5.976207827068103e-5,7.837291489392643e-5,9.593481686180669e-5,9.938931203842138e-5,0.00012329540403238046,0.00011092229778205877,0.00014765354689222257,0.00018264877814946562,0.00014805481766462045,0.0001310062694800234,0.00010096265368474253,7.608336082880269e-5,6.205840774124427e-5,4.832844904310343e-5,1.2171356692486233e-5,-3.762187676766509e-5,-0.000113314259997925,-0.0002151074097531381,-0.00014149121391432754,-8.566365864744507e-5,-4.0286013579288695e-5,-1.5506815189178347e-5,7.290725110947667e-7,7.606619082258871e-6,-0.00016479473513555454,-6.192470009942385e-5,-1.1822891169151511e-5,-5.960299385730979e-5,-0.00020426004731151652,6.0744854236944215e-5,4.5233720052004335e-5,4.299809171719002e-5,4.170348503441026e-5,4.792301132537859e-5
9.43007992436891e-5,0.00011584277055237994,0.0001229182031289336,0.00019451389499264336,0.0003168451454342488,0.0005140777144108107,0.0006557343789887822,0.0008583620391414868,0.00015136740684915903,0.0008350941640535337,0.0005472102195407074,3.474531611235509e-5,0.0005083901683494469,0.000822674056384726,0.0015489603258110995,-0.0006767784142730408,-0.0014698030707206583,1.0008374518931373,-0.0022754248585169813,-0.0014414741429841366,-0.0003688210445216494,0.00022541260481692465,0.00020655067872575185,9.606721878799442e-5,8.457280922945747e-5,6.029657926446271e-5,7.214284043692967e-5,7.088097164730386e-5,6.711577444214962e-5,7.49666318821906e-5,4.457016390367433e-5,0.00013509589373927774,0.00016422551111925344,0.00016891764251645444,0.0001474627771066611,0.00014536225449481575,0.00011907669951101045,0.00011609542279123908,9.419692688626261e-5,5.360345484240139e-5,-1.4880696497029828e-5,-0.00011690054402580959,-0.000265820416368481,-0.00017001468178818116,-0.000100274984106115,-4.84550388107727e-5,-2.0201078687769095e-5,-2.766313107803566e-6,5.06389006100714e-6,-0.00017038027014456563,-9.754313430106034e-5,-6.918749068590967e-5,-0.0001370061630514144,-0.00025462897037563923,6.417390675202755e-5,8.445804929075974e-5,9.538118537763882e-5,0.00010787978604581209,0.00012035908054071154
8.378061906062497e-5,0.00010481830002002288,0.00011273708317170839,0.0001899920383421213,0.0003124040849964026,0.0005473813635374849,0.0009783200250556452,0.0005383130342053917,0.0006340472332634275,0.0005478306030776202,0.0005996734203912475,0.0004898838077241068,0.00019182367228347881,0.0010076470935892975,0.00040456008282066465,-0.00012945903575878554,-0.0015785472654563288,-0.0022754248585169813,1.000785328406783,-0.0015560130175435642,-0.0003107467346026966,0.0004088184079173099,0.0003185820070442682,0.0001538599857604044,9.659824907356001e-5,6.55749674296437e-5,5.6330394099404516e-5,4.807833108559216e-5,2.5893315104272347e-5,1.7500726256881943e-5,-2.440149797978291e-5,8.628086953547057e-5,0.00016270041719969116,0.0001700757637540163,0.00017898950149479022,0.00018270509640376466,0.00017686003828663353,0.00017026075075481792,0.00014962762397287323,9.432692168732831e-5,9.653118926058258e-6,-0.00012715534102714923,-0.0003378323473403954,-0.0002031726879967812,-0.00011552134925644594,-5.5629409530812384e-5,-2.3742654812513617e-5,-5.022370891098025e-6,3.3931006376072784e-6,-0.00016532702805989363,-0.00010005330938464167,-8.771397605508786e-5,-0.00012991278497080598,-0.0002475034104248332,6.440240121701187e-5,7.53049683614083e-5,0.00010422254407864227,0.00011661955464863404,0.00013828255085652976
5.95666686057174e-5,7.558341569237885e-5,8.555618905756723e-5,0.0001391475351376613,0.00023085749782172327,0.00039130670521434814,0.0006894376149932992,0.0004614141082436321,0.0004473261821908076,0.00040227029137561795,0.0005181754918256156,0.00028079752289483594,0.00023614866584507747,0.00021213254771911374,7.666172084078076e-5,-0.00037300027393182087,-0.0008640283316377574,-0.0014414741429841366,-0.0015560130175435642,1.0025445285874874,-0.00022746518727990344,0.0002016827944816803,0.0001663625834699659,7.537134274863611e-5,5.61808107284828e-5,3.784817571942811e-5,4.1256685339596345e-5,3.489060222413637e-5,2.1486608827780993e-5,1.489946052231013e-5,-1.8151741205519812e-5,5.730984662093876e-5,9.523390627227278e-5,0.00011188762103069183,0.00011429996434702544,0.0001264770518170528,0.00012295689670255392,0.0001230040237683298,0.00011130506172603305,7.62247733975557e-5,1.783260095909603e-5,-7.601791666881315e-5,-0.0002207122816601356,-0.00013403068796727705,-7.665619063256009e-5,-3.7149217695780855e-5,-1.6043272420027134e-5,-3.290660771299155e-6,2.519564496817151e-6,-0.00010673156108834556,-5.594149067274472e-5,-4.9710312887716404e-5,-7.327169874124928e-5,-0.00015142329797059194,3.588524913891928e-5,4.146822186337905e-5,5.9275190711056374e-5,6.504802079739751e-5,7.823191906744546e-5
4.576720751109618e-5,5.897238950258048e-5,6.832390518918739e-5,0.00011110067189442847,0.00018070142428701304,0.0003103694144041129,0.0005420863469608783,0.00038513512968047983,0.0002922966899389205,0.00026475055820830246,0.00022848238787758496,7.87931915130885e-5,-0.00010026422913598181,-0.00018665095017130398,-0.0003205041878962824,-0.00041276361858031687,-0.00046216769192589373,-0.0003688210445216494,-0.0003107467346026966,-0.00022746518727990344,1.0032817481922245,-0.00021159809692528544,-0.00013011895722700448,-5.838983800625777e-5,-3.108979132476709e-6,1.2261816534889624e-5,2.73335054513646e-5,3.063531618904918e-5,2.535655543299291e-5,2.5758441314921154e-5,4.806288357121221e-6,4.364167866814253e-5,6.537272815603626e-5,7.167574492443222e-5,7.192794019481187e-5,7.756428067733035e-5,7.648735977408814e-5,7.814001821157977e-5,7.524842924813963e-5,5.2840101371672296e-5,1.560674822737795e-5,-4.75089619963089e-5,-0.00014254174131439766,-8.832087359226613e-5,-5.186142235718669e-5,-2.5477222521873086e-5,-1.1279342793723386e-5,-2.076278093534665e-6,2.102317250984372e-6,-7.336254909953893e-5,-2.703868888756216e-5,-1.9333147838712365e-5,-3.3045441060570695e-5,-9.524156046168397e-5,-6.9958529911308e-6,-1.1599997999728846e-5,-1.7962839594295128e-5,-1.81274083794791e-5,-7.62151135944454e-6
3.0415458281965917e-5,3.954077696845284e-5,4.755057778062251e-5,7.59150703976596e-5,0.00012317988414051832,0.0002098808921637764,0.0003672053394687772,0.000248953777300751,0.0001722252762250667,0.00010688568199336325,5.242391438341842e-5,-9.370564561233787e-5,-0.00022376817393628497,-0.000352449437050852,-0.0003889910513084783,-0.00037889531147429056,-0.00014620442132086132,0.00022541260481692465,0.0004088184079173099,0.0002016827944816803,-0.00021159809692528544,1.003129326780497,-0.00027052002481912473,-0.0001261995769298759,-3.898870953293426e-5,-8.927463891467826e-6,1.2716790621888054e-5,1.9494666457275235e-5,2.0185342142708293e-5,2.3976793145275378e-5,1.3133670734811657e-5,3.0530696030655625e-5,3.621274477547066e-5,3.929976227426784e-5,3.7482353795474645e-5,4.022995732109066e-5,3.935126370193186e-5,4.2861746730331644e-5,4.5467412179141116e-5,3.456654967565187e-5,1.5483048911525235e-5,-1.907391273933498e-5,-6.992261453988744e-5,-4.347836018935455e-5,-2.6216609057690405e-5,-1.2894284290570523e-5,-5.753120168883163e-6,-5.687133752122918e-7,1.7333833078448748e-6,-4.394000391357491e-5,-9.150866701157683e-6,-2.6287997359888133e-6,-1.2065589915887974e-5,-5.684350492166395e-5,-3.3275750555543486e-5,-4.547356957368104e-5,-5.996102755389783e-5,-6.058449460554814e-5,-5.423779122356337e-5
1.8158014590533498e-5,2.395081443244734e-5,2.9371169447044524e-5,4.647833957009233e-5,7.34143591133817e-5,0.0001261922709901444,0.0002189346099381572,0.00015190254697060302,9.253329411607622e-5,5.842691588850644e-5,1.6147019613882579e-6,-7.288428836592307e-5,-0.00017429326510394024,-0.0002419415025763631,-0.0002722850145619793,-0.0002298880061360106,-6.648265143398402e-5,0.00020655067872575185,0.0003185820070442682,0.0001663625834699659,-0.00013011895722700448,-0.00027052002481912473,1.0033398049266837,-9.350813750823674e-5,-3.7817466844367127e-5,-1.7900221051130852e-5,-4.99438319135806e-7,3.1674253968964876e-6,3.97404201059725e-6,8.143271350584214e-6,1.1448939770005744e-6,9.811278681718901e-6,1.4006941415785843e-5,1.752342225783182e-5,1.965722159676898e-5,2.3673643929349538e-5,2.515189132680642e-5,3.2830751110617824e-5,4.121841886669925e-5,3.712319426612386e-5,2.9448920867994438e-5,9.237666217006768e-6,-1.831964292702815e-5,-1.2151246112718058e-5,-7.931517885664814e-6,-3.67098019005727e-6,-1.5067642408882451e-6,5.516980092473946e-7,1.3597023950230622e-6,-2.4140946982736584e-5,-2.069041964969087e-6,2.6089038769979804e-6,-2.6567639673185153e-6,-3.054987824800809e-5,-2.9577198073732846e-5,-3.469029692380246e-5,-4.2374523905169706e-5,-4.159896662513855e-5,-4.143154161351424e-5
7.22234595078163e-6,9.471580116487743e-6,1.1690853914157684e-5,1.7381206339332802e-5,2.631533301288953e-5,4.4304932822714764e-5,8.076284287012703e-5,5.717860984866958e-5,4.859236779813482e-5,2.9726245890435258e-5,1.326158147814861e-5,-3.715229874923549e-5,-7.445624789292328e-5,-0.00012127816263019044,-0.00011693051444912739,-0.00010648417023360711,-1.4407633003197666e-5,9.606721878799442e-5,0.0001538599857604044,7.537134274863611e-5,-5.838983800625777e-5,-0.0001261995769298759,-9.350813750823674e-5,1.0034761062743887,-3.3624336541586505e-5,-3.068506171186392e-5,-2.532051364163316e-5,-3.125525393337416e-5,-3.798064368627847e-5,-3.671914300998577e-5,-3.9472116582342336e-5,-2.8504489349307854e-5,-1.4305393714603869e-5,4.255587283911978e-6,2.235606621938604e-5,4.083569424536346e-5,4.997634145215624e-5,5.791721372322991e-5,6.372688891665904e-5,5.510176706380888e-5,4.6096747613309375e-5,2.7806932942465822e-5,6.664548490093041e-6,6.179956844764256e-6,5.368180832143669e-6,4.29077970376744e-6,3.339110407536179e-6,2.3118199710738085e-6,1.5690324083757362e-6,-9.104843862267957e-6,-5.798391721813337e-7,8.225183233385379e-7,-2.6107602086334122e-6,-1.412330277063998e-5,-2.6003992155683207e-5,-2.56195950387726e-5,-2.7312486159751215e-5,-2.2594509896595355e-5,-2.5704637078000475e-5
-5.489613924973627e-6,-6.996278699552623e-6,-8.296407713972159e-6,-1.606428011464849e-5,-3.2100859699539775e-5,-5.883493715842216e-5,-0.00010498248220074359,-6.392200565465735e-5,-2.0762894117618888e-5,1.986451964319011e-5,3.082873390239463e-5,3.4281454777903466e-5,1.2937013031017129e-5,8.877289309952185e-6,1.594349707918504e-6,1.3212554075673646e-5,4.204125955960488e-5,8.457280922945747e-5,9.659824907356001e-5,5.61808107284828e-5,-3.108979132476709e-6,-3.898870953293426e-5,-3.7817466844367127e-5,-3.3624336541586505e-5,1.0034874472636617,-5.4139764209731735e-5,-6.237336838203466e-5,-7.968953635904111e-5,-9.544246454405101e-5,-9.720796031235043e-5,-9.593498272063221e-5,-7.694639064219895e-5,-4.302040055010608e-5,-6.0203940915416655e-6,3.3171832118408166e-5,6.881682464217287e-5,8.702125979919083e-5,9.736170828763764e-5,0.00010105254008077411,8.55829138709969e-5,7.285979794793115e-5,5.0899244371039383e-5,2.913115561546261e-5,2.3309825923890996e-5,1.8811685840640336e-5,1.276110610664167e-5,8.751519976174753e-6,4.288428826472452e-6,1.7781305291983968e-6,6.438253450282382e-6,-2.212655811460887e-6,-5.365069346431391e-6,-5.718061184715479e-6,2.3241244619391107e-7,-3.444706637987988e-5,-2.9445037970751018e-5,-2.7313183528532037e-5,-1.8733355429898243e-5,-2.2400017484522587e-5
-9.365913199773519e-6,-1.2273770602171727e-5,-1.5005483819275966e-5,-2.7129614204059338e-5,-4.9759912454005144e-5,-9.02304149784301e-5,-0.00015750364925848871,-0.0001009496356172392,-3.2238668349367534e-5,1.1851870828031515e-5,4.5917929503043e-5,5.053755536265442e-5,5.367881850237564e-5,4.692584885596102e-5,5.237911138003307e-5,4.4275528530691135e-5,5.976207827068103e-5,6.029657926446271e-5,6.55749674296437e-5,3.784817571942811e-5,1.2261816534889624e-5,-8.927463891467826e-6,-1.7900221051130852e-5,-3.068506171186392e-5,-5.4139764209731735e-5,1.0034513546581065,-9.904399258853116e-5,-0.00012884860322724627,-0.00015578603708242178,-0.00015929221784972652,-0.00015375886238857119,-0.00012141613756330568,-6.434943472791921e-5,-3.3521703303161313e-6,6.000656196751846e-5,0.00011713076357129616,0.0001449701996023901,0.00015627918808917737,0.00015493518706580396,0.00012573224845619508,0.00010051817085400294,6.456603498429671e-5,2.82351754684457e-5,2.7418688642037912e-5,2.547468024833984e-5,1.8525546960140394e-5,1.3599508843793408e-5,6.785827913055262e-6,2.9319486623462967e-6,9.060675014261564e-6,-6.082999027793409e-6,-1.1709941046663089e-5,-1.1535233911330386e-5,7.008457962477717e-7,-4.760966143182355e-5,-4.067655777051671e-5,-3.708256146532777e-5,-2.3282937226463628e-5,-2.6336736530286552e-5
-1.4213110138964527e-5,-1.8681966736260196e-5,-2.322309493948307e-5,-4.02261807347188e-5,-7.151730557191414e-5,-0.0001284807439510269,-0.00022551480067475242,-0.00013692130688251603,-5.07945008314304e-5,1.6771639724039915e-5,5.325670307383853e-5,7.921215814222799e-5,8.175194839084105e-5,9.450072734693442e-5,8.95917349474798e-5,8.74293642612065e-5,7.837291489392643e-5,7.214284043692967e-5,5.6330394099404516e-5,4.1256685339596345e-5,2.73335054513646e-5,1.2716790621888054e-5,-4.99438319135806e-7,-2.532051364163316e-5,-6.237336838203466e-5,-9.904399258853116e-5,1.0033923757697252,-0.00018204187626921835,-0.00022668500087829423,-0.00023761843611408857,-0.00022516312900025545,-0.00018000311357493055,-9.55922363034637e-5,1.5832719609833867e-8,9.974064386494953e-5,0.00018716254154226987,0.0002302931260852283,0.0002317739148356317,0.00021476434464596787,0.00016249555876405393,0.00011609364562395212,6.11802390729447e-5,2.8987315942183726e-6,2.1310501923957665e-5,2.899835229326449e-5,2.3865713216289395e-5,1.9217521846083834e-5,9.829255955861698e-6,4.457034634528171e-6,1.2396254495780648e-5,-1.1136050218927071e-5,-1.992839909410614e-5,-1.8463582696923376e-5,5.279908662531311e-8,-5.871274420025228e-5,-5.213833634938731e-5,-4.837502383252046e-5,-2.9426756553700925e-5,-2.904710100510315e-5
-1.7486879203384343e-5,-2.3138907007655476e-5,-2.906178910766807e-5,-5.0170904530664646e-5,-8.81607846664208e-5,-0.00015825774059512564,-0.0002740918440421336,-0.00016459103131177488,-5.467824323480432e-5,1.9679857885102196e-5,7.101111322849707e-5,9.57473545164655e-5,0.00011142963938485534,0.00012023438001833741,0.00012291766598606534,0.00010877916966404073,9.593481686180669e-5,7.088097164730386e-5,4.807833108559216e-5,3.489060222413637e-5,3.063531618904918e-5,1.9494666457275235e-5,3.1674253968964876e-6,-3.125525393337416e-5,-7.968953635904111e-5,-0.00012884860322724627,-0.00018204187626921835,1.0032848756805555,-0.00031533364129497665,-0.0003403536499317048,-0.00032119615289824164,-0.00026354412489274274,-0.0001590564148822484,-4.217411296030304e-6,0.00014954775706193268,0.00028486340311475853,0.00035415764747095247,0.00033953277221952316,0.0003060114428232218,0.00022373484617577337,0.00015154608306947097,7.155680552938245e-5,-1.7726407330942518e-5,2.191180442016623e-5,3.8054384316057905e-5,3.29249596178501e-5,2.7241267942024297e-5,1.4226300276467845e-5,6.727306641894102e-6,1.2695605709708757e-5,-1.818582449263462e-5,-3.0462722715112376e-5,-2.826442261574035e-5,-5.127202437938707e-6,-7.346154852678895e-5,-6.55329721520448e-5,-6.02451120125235e-5,-3.404121078407863e-5,-3.2829415663927615e-5
-1.880174368206742e-5,-2.493736293086656e-5,-3.1769900841080375e-5,-5.447375012990699e-5,-9.54941577114309e-5,-0.00017045762610812213,-0.00029069991287403223,-0.00016482225913786296,-4.5515584595475964e-5,3.346183068462802e-5,8.045170580171232e-5,0.00010608443115842203,0.00011760909715941995,0.00013151631044175548,0.00013392045998095084,0.00012242223061751422,9.938931203842138e-5,6.711577444214962e-5,2.5893315104272347e-5,2.1486608827780993e-5,2.535655543299291e-5,2.0185342142708293e-5,3.97404201059725e-6,-3.798064368627847e-5,-9.544246454405101e-5,-0.00015578603708242178,-0.00022668500087829423,-0.00031533364129497665,1.0030878664503504,-0.0005064791376291569,-0.0004685829264398451,-0.0004289084239206515,-0.0003428796394104284,-4.7315614722065795e-5,0.0002221898636155105,0.0004655526159976149,0.0006056933368746192,0.0005274200220253893,0.0004546171893022838,0.0003083635924502195,0.00018853131200225002,7.642149324674455e-5,-5.3694699123854774e-5,2.842834902853683e-5,5.597746838784647e-5,4.865150346937686e-5,4.0181977370600956e-5,2.1407636281794302e-5,1.0627683871913468e-5,1.170358806330124e-5,-2.3957098208687064e-5,-3.890065754289577e-5,-3.565620124748818e-5,-1.083981215575504e-5,-8.384644036850621e-5,-7.720238718032283e-5,-6.864807449266541e-5,-3.335938334162754e-5,-3.095044835426621e-5
-2.2705806261441447e-5,-3.013052399009613e-5,-3.835094916490783e-5,-6.591559289497054e-5,-0.00011546455292667032,-0.00020653815438025384,-0.00035170150853479565,-0.00019420126658993214,-4.818182269439979e-5,4.3028709171192204e-5,0.00010288955521340652,0.00013035555415774074,0.00015041373052538482,0.00016485385021469348,0.00016953533147904043,0.0001520786493452062,0.00012329540403238046,7.49666318821906e-5,1.7500726256881943e-5,1.489946052231013e-5,2.5758441314921154e-5,2.3976793145275378e-5,8.143271350584214e-6,-3.671914300998577e-5,-9.720796031235043e-5,-0.00015929221784972652,-0.00023761843611408857,-0.0003403536499317048,-0.0005064791376291569,1.002918705005823,-0.0005767171382291508,-0.0005495065352749493,-0.0004744952084832397,-7.439260190686735e-5,0.0002688280124824169,0.0005808902607205794,0.0007680175239874332,0.0006313151889294146,0.0005284506185483689,0.0003446129856623068,0.00020015830548478827,7.762904693608253e-5,-7.676818235867289e-5,3.3011094699347816e-5,6.70764670673106e-5,5.784290285380571e-5,4.737069792435007e-5,2.508753340013487e-5,1.2439108921091992e-5,1.5844366337456575e-5,-2.877132683532677e-5,-4.681997428918479e-5,-4.4322091575563796e-5,-1.3744009775751917e-5,-7.714143972172926e-5,-7.038124976828681e-5,-6.265607700169527e-5,-2.468674964276319e-5,-2.1998835544865933e-5
