0.845333664983941,0.1817096153445696,0.31539421378872473,-0.00040152466986405794,0.09376836854167706,0.07606587856189469,0.1905089442513673,0.07854485036245032,0.13944808019336147,0.13993736844392257,0.09440249362016132,0.13644075859134913,0.11553408792500795,0.11543148651238211,0.08794541348800831,0.07962573284696843,0.11084747588769663,0.10707912058721122,0.1040933102948461,0.08881460333151138,0.0782944308138519,0.11387270890275764,0.057470315503440846,0.032957689959317096,0.11111243120373619,0.10295685203685194,0.0898422550042191,0.04777428095754245,0.1449664788591961,0.04150431896209276,0.07055534643849838,0.11403535625589326,0.020009576931922686,0.017981355315686755,0.06796016292425953,0.055921510044996785,0.04791390771900497,0.08696074640299932,0.1144572344881412,0.031231692808577564,0.009211375379001097,0.054173109922046624,0.16398110886451148,0.029649701262551387,0.1258885675468347,0.11006331436707546,0.11877667607399757,-0.029847825002797732,0.09176631391145898,0.004532487632573836,0.05016081899480429,0.0007517471199735419,-0.005751341590740062,-0.02284383530642611,-0.010924234338645875,0.026639050319944138,0.11788993651827881,0.7547359972723416,-0.9303964888847217
0.1817096153445696,1.5055891897793954,0.9271709717314449,0.19376468392026544,0.15122606043899062,0.3974141959036515,0.18899694573249484,0.437304061820669,0.38448924221020025,0.3256558319153018,0.3053812955522517,0.23136397537391915,0.32642690706775696,0.23553422109985653,0.44264514160608665,0.22298689168853786,0.33530811703811286,0.42115821643865786,0.2875508337539096,0.4259842815723609,0.38417641113966383,0.3267674294949658,0.0372689189997039,0.24711968251060637,0.2653230221957864,0.20902984470494704,0.25454186546367363,0.32006580948353086,0.4241216966239896,0.0755603791799209,0.3200626792094716,0.22232457473330242,0.25839529507784237,0.314928081609805,0.3123442821584249,0.278441990657448,0.4015487247581103,0.2597765518112293,0.4326681017148121,0.11082000312705294,0.15075949356027282,0.22807035108162085,0.2854875112979579,0.1063864500366766,0.39590514874216753,0.3362054074987091,0.3068276545946982,-0.0734733867330662,0.08656588757503163,0.0251119792733789,0.11047133788876537,0.10905949210594618,-0.08148874310646788,-0.11679404859470452,-0.1314225875785257,-0.07113264464147906,-0.2821999374096313,-0.1793299087405744,0.5978974474144564
0.31539421378872473,0.9271709717314449,1.8877502914972237,0.14919939875057145,-0.049977262762039995,0.4143471341749109,0.15947465989342424,0.5278829165971783,0.5940810193714361,0.37361848413395,0.24728489930288255,0.14711589155886745,0.34919738412267476,0.231131639843957,0.37591210984004214,0.15956806596412335,0.4166030949962246,0.31030754719154063,0.28310848977051495,0.3244020717613055,0.33859456290101103,0.4072452531357862,0.12610798539795973,0.30091555532598724,0.3058476809683483,0.20909644529220286,0.21900916532770198,0.3311290003420346,0.5144744944271625,-0.057887499253870746,0.31168802065620793,0.26051423686614955,0.3042559253681208,0.3245647876268833,0.38897926022082774,0.3802132573588433,0.4491499480710461,0.24840979645437553,0.4551049592902821,-0.02834262848213496,0.16398889962558505,0.21693929569109532,0.14258704724732238,0.14584513272832417,0.37947306824101207,0.43384280289245336,0.2834299839253803,-0.1293001905743453,-0.022664202237202773,0.03774418849311709,0.11240303876036245,0.1481192042590141,-0.04667686607069478,-0.14006529703450635,-0.007666539493919798,-0.04958733278089021,-0.10709661669732641,-0.6447428386167064,0.7288068973237476
-0.00040152466986405794,0.19376468392026544,0.14919939875057145,1.1662637394984225,0.5669747429119165,0.44299548689174095,0.3750106178005117,0.3721716501691805,0.22230800030236214,0.3704244163852391,0.3517222666909338,0.44858657920336625,0.32215812343835876,0.3239200642129147,0.25463865172699407,0.3631186739271476,0.319426209703622,0.3277032594332795,0.3770408804349504,0.2441768799051097,0.26258397232921915,0.3130855549578458,0.2431348362299243,0.1983916561739835,0.31244155801159773,0.26595934668928567,0.2542232369605722,0.05643844343222578,0.3762073934216089,0.049937107595528274,0.2050374712918165,0.29481795688255213,0.12244997883401244,0.44414488492691306,0.04105170434485286,0.17544716172627178,0.2300635324235844,0.19999495452255775,0.37990348082739844,0.1392107275487542,0.06947115318955216,0.2025054159643752,0.3089919959397814,0.16064987846668105,0.09933477530025712,0.1790982099773575,0.286426812664493,-0.04829194818281282,0.2424477929356829,0.07440277414315316,-0.050149614418090654,-0.058197637672346994,0.04625546435895731,-0.0382842044919788,-0.11451014104592834,0.019974339597058223,-0.14274592359108831,0.06955600003419092,0.15231589257340156
0.09376836854167706,0.15122606043899062,-0.049977262762039995,0.5669747429119165,1.1445203411959457,0.3946050689783124,0.3213746542402101,0.3298572639037217,0.21531961421403867,0.3670613971022022,0.35252047138678216,0.44513774413651147,0.3447224647916447,0.28410907103506144,0.25487659285481923,0.4008242470864135,0.29789966247032307,0.31565487991347874,0.5283707441773351,0.2723760210156028,0.25789563932326737,0.31392292824462287,0.23395258823709753,0.19271497180611794,0.29284419211595736,0.30796596664109166,0.26971836352019624,0.03406204226662165,0.3452951892974156,0.13423281778150645,0.24532519009298612,0.2617932011745644,0.14252481753538393,0.45768033127764557,0.048595352289579105,0.19765225174785547,0.33178561779492205,0.2083644984449002,0.3846174372635153,0.17366638062104753,0.12880835653551342,0.24888143387146106,0.3185312527108561,0.14518275014398338,0.10801682946584096,0.2005930966504335,0.3195535375291809,-0.04254252268200641,0.22931020754123535,0.0648315001526797,0.002692942116479076,-0.2312118221716636,0.1861779321854982,-0.03775542969092932,-0.13841719435066221,0.036654598878287314,-0.15422629787458647,0.24341219051644214,-0.012337197847519264
0.07606587856189469,0.3974141959036515,0.4143471341749109,0.44299548689174095,0.3946050689783124,0.9434002457550852,0.17644554794905404,0.5499849578101677,0.3338552115926718,0.3857686583309108,0.425029881191843,0.44362060001416376,0.3909356323970319,0.3732603520731947,0.3761676934445867,0.38474482929164183,0.4442281915195459,0.3238815918327182,0.531793157825094,0.3831172418921871,0.34771198597825165,0.395680237699431,0.09444434385277231,0.2620537012941257,0.35972485008089156,0.3411680408105704,0.3069370429595001,0.18437207357466107,0.4665988648210361,0.08590016717528261,0.27663603132693754,0.3417559695926357,0.16656485056672346,0.4404625888724584,0.20692202332982307,0.24431976948100523,0.3072245450804645,0.27845663704079715,0.49521426723183815,0.16363912683166332,0.09001674207610938,0.2607239335016726,0.3667926595946266,0.1226197010461122,0.17752789021142257,0.2861921109027114,0.37169656078455127,-0.0810767947965769,0.16276353758039555,0.20176232194599653,-0.25155292304525384,-0.020231702532435697,-0.005316955239255637,-0.06945314189409464,-0.1615864131662451,-0.04115530048599635,-0.1493999075882342,0.11364604184728178,0.21391054107063906
0.1905089442513673,0.18899694573249484,0.15947465989342424,0.3750106178005117,0.3213746542402101,0.17644554794905404,0.6575149240558604,0.19490134282655744,0.30611329901746237,0.2787797804453461,0.28335206310730193,0.4138565922355929,0.2386881721598147,0.12268807794200055,0.08608446979278221,0.2317682324374235,0.27413910565401073,0.24844504768471087,0.2266745690602667,0.17569351490880214,0.19464644236883466,0.2776407537232598,0.24022034565915898,0.11589616503713197,0.20656139525472975,0.16935888931053203,0.21189311569605576,0.018836636840320546,0.25616161759663925,0.05221328803528515,0.1477635017037784,0.1761263648532503,0.10377196543031181,0.26956306937905844,0.05495867787839447,0.1620338300873248,0.1284069069974986,0.14664630484349095,0.22582314144084048,0.10077560030999251,0.057631549690672385,0.13401550347742214,0.27925522029458755,0.10386355333910838,0.08791565739911272,0.15469817243225112,0.15599137351161937,-0.04745111724123548,0.22421046293150143,-0.04672167725086936,0.030765215227568882,-0.03665678409972942,0.0915759976183522,-0.030408959338053133,0.036221987505692034,0.07760958370097595,-0.09267979047199772,0.30277006920415606,-0.4138067675115841
0.07854485036245032,0.437304061820669,0.5278829165971783,0.3721716501691805,0.3298572639037217,0.5499849578101677,0.19490134282655744,0.9054975272498158,0.16793628521102688,0.40043428982298956,0.39579966685450785,0.1486865654891242,0.4015227074008897,0.32517101590838837,0.303289245185632,0.28438907862982815,0.4171498952600963,0.34614502009543585,0.39483069924460745,0.32307949822443344,0.27994140274339163,0.28472027141261164,0.13852260183100004,0.22011708524121776,0.31960056414328075,0.2743099965730301,0.24248280398063016,0.11133988750445072,0.5267759943060065,0.08129809323043168,0.2363012043119995,0.2840317095151072,0.03790720410264655,0.4114561837032304,0.2478579737558453,0.17568699601134377,0.3016550294734021,0.22990822166156524,0.6309699278103983,0.1609608759697582,-0.0022454814955471802,0.1866405352991815,0.28005801902185673,0.13381180853394845,0.3172122405992542,0.23479938197776615,0.3636915318176093,-0.07218550026229993,0.12621559222328668,0.16806621746542225,-0.019597563016035706,-0.012699751510327805,0.006309434184309619,-0.056937233857095135,-0.15281359506731132,-0.14778233375288158,-0.01165959565305036,0.1950020090634765,0.1075217281539817
0.13944808019336147,0.38448924221020025,0.5940810193714361,0.22230800030236214,0.21531961421403867,0.3338552115926718,0.30611329901746237,0.16793628521102688,1.0324906792176594,0.13286646931645604,0.20321605952858018,0.23867079537668062,0.2851188200102117,0.20149416628495267,0.10517731261426591,0.21207826502062094,0.3163601243887366,0.26791784376171696,0.2822112704147382,0.19176602683910351,0.30619194196488403,0.5464730384009725,0.2165770690203616,0.23210730038014388,0.21887880563485898,0.29246564273592424,0.23687443062841382,0.24858140613378257,0.19968866593424378,0.1319781034348016,0.2771892375396441,0.23105589553782369,0.3856901622875017,0.1958029313743613,0.18777172476060677,0.3251146649797131,0.3282977295299494,0.17963344845619067,0.25332853921420156,0.05723740236468737,0.2835982428713567,0.2021857360809184,0.28117998160937774,0.14512053646931866,0.02024953712174797,0.31189618035724087,0.2549256316893613,-0.07923040610751636,0.6550939605225287,-0.016314249776538118,-0.03645559589730654,-0.00011792924254258224,0.07087758608108966,-0.09731277028359699,0.009375780892537067,0.16544913210454854,-0.19712521298665248,-0.1326835227388475,0.09943505446071496
0.13993736844392257,0.3256558319153018,0.37361848413395,0.3704244163852391,0.3670613971022022,0.3857686583309108,0.2787797804453461,0.40043428982298956,0.13286646931645604,0.9079249123738027,0.39918872652944387,0.4413402368963352,0.3755409808862377,0.2728577753673337,0.39391068360979437,0.2853519306815631,0.3786353363819587,0.351041112041522,0.357376880977978,0.2609971258497959,0.20512176598206172,0.24263172157357124,0.2656461603695569,0.2077433400765306,0.4088548363239847,0.20963878282107096,0.28702857571615986,0.09115746505507727,0.5701477429494185,0.11041061520156385,0.250926899775386,0.2779182857253413,0.04046658375095532,0.5348009006713597,0.25157629069498677,0.21692474514576612,0.3619885415670412,0.20099334027999322,0.45306798725677805,0.1304966986640432,0.031801756335528425,0.19416233198459282,0.2944784321201668,0.1566515405550381,0.26325052278746375,0.23498050046651198,0.30008120830109786,-0.07728845467494785,-0.06854221116442749,0.008910043428375484,0.06312643087506042,-0.061461642248864204,0.06219284689273221,-0.04486689517998629,-0.00994387555037738,0.02583515584544465,-0.03420761859079276,-0.032502817672753134,0.019586936274542385
0.09440249362016132,0.3053812955522517,0.24728489930288255,0.3517222666909338,0.35252047138678216,0.425029881191843,0.28335206310730193,0.39579966685450785,0.20321605952858018,0.39918872652944387,0.6937145876729225,0.4138384730050714,0.356781447029285,0.23774315103402896,0.3460520109809935,0.3147865885269397,0.3874430924545376,0.31863493133062554,0.3399319254784169,0.37207766260408737,0.29804590686644644,0.2815935525490304,0.18871782798047668,0.21445919822042098,0.3166517797792479,0.23192340996720667,0.2935997941624872,0.13417571495147776,0.45153823480636973,0.0896119552337877,0.26410428318203816,0.2534806295645404,0.11624053794278408,0.3939119365589066,0.2433931255909603,0.23844975295040668,0.2846571762111793,0.2428792970043092,0.49636399064038267,0.18679649128310308,0.06897675536946436,0.22923971869093723,0.320611606696346,0.1138426018313005,0.2629369833802154,0.25285136374528056,0.3157743619635258,-0.066803952834492,0.13101227731381354,0.020215934583455546,-0.027838509097686235,-0.014930362097995595,0.07655830030535263,-0.057322132382963825,-0.07513221015957196,-0.03080695930122176,-0.09160119880453635,0.14726217391599894,-0.026114821934556894
0.13644075859134913,0.23136397537391915,0.14711589155886745,0.44858657920336625,0.44513774413651147,0.44362060001416376,0.4138565922355929,0.1486865654891242,0.23867079537668062,0.4413402368963352,0.4138384730050714,0.9376171261313263,0.26129756613082106,0.251496571987993,0.3060012961240492,0.3552022310567683,0.319059799374771,0.32300112645005585,0.3587459410527235,0.2614745593969467,0.25281867733107166,0.2948209640326442,0.25387250016261564,0.1608065971255461,0.3359727491309914,0.26630782553656634,0.326035113355173,-0.0017668868272251556,0.36207733890758764,0.002417837726634747,0.17883879500853,0.28449557100012407,0.09019420236492565,0.4184873745959197,0.08762234966765818,0.20258734125704514,0.06447667211782165,0.2006086567939796,0.2198794197078362,0.14695059706730293,0.03473212812323038,0.2052111005108325,0.36105202899258676,0.09450334335066769,0.08750371487690609,0.21352728719244332,0.2412687482876409,-0.06682346291973029,0.10638206875205314,-0.08511201581615999,-0.06458866640158004,-0.11742303074337095,0.1479281654189302,-0.02717863306811284,-0.04875097939446017,0.08756902887023595,-0.19850484498803933,0.1813154532913292,-0.11372239306211003
0.11553408792500795,0.32642690706775696,0.34919738412267476,0.32215812343835876,0.3447224647916447,0.3909356323970319,0.2386881721598147,0.4015227074008897,0.2851188200102117,0.3755409808862377,0.356781447029285,0.26129756613082106,0.7757141339323635,0.2909040324149653,0.13829080409936714,0.3354645828376195,0.34946667880845916,0.3608450293109869,0.3832133673903474,0.21927899118122635,0.25053836984521516,0.4057322648208084,0.25454072668277467,0.2325958552246875,0.3467248365780085,0.2303118086422757,0.27321296828141534,0.16013889670355502,0.6317369521300066,0.042899179538516435,0.21457894180325673,0.32146068281071305,0.04350659352807706,0.4082203908714709,0.2960950105052873,0.2286878418965118,0.26063639532205224,0.17306637949581782,0.7050700665087921,0.1828785959790502,-0.03746598297619056,0.18553453320706745,0.26852768582168884,0.19300225157325673,0.2375216783358656,0.26160282930734396,0.3155658212524436,-0.09457038892353001,0.24170287410616326,0.14495599715934457,0.08520057170998205,-0.033269960987419606,-0.05620033439027617,-0.1003983240591656,-0.04262405015811317,-0.0915723386016906,0.014692999283521533,-0.06013046781784184,0.12370576718067514
0.11543148651238211,0.23553422109985653,0.231131639843957,0.3239200642129147,0.28410907103506144,0.3732603520731947,0.12268807794200055,0.32517101590838837,0.20149416628495267,0.2728577753673337,0.23774315103402896,0.251496571987993,0.2909040324149653,0.5578580642102228,0.2762317182157107,0.33491135068590094,0.23430516655125433,0.2457770092589259,0.2971510269802172,0.21027590321636483,0.23053873030223798,0.28244613444119204,0.15777445832574344,0.20970079810682185,0.34915139613069723,0.24068348813796533,0.20184289157912014,0.1347157991252615,0.36339928733053445,0.1166856811389281,0.18636374855970256,0.35494985227380527,0.07817178007327359,0.31246532096927493,0.22288265329017193,0.17471209062346715,0.1730070465998235,0.16679310894879362,0.36171145276209565,0.13363028889970005,0.04251356898193498,0.19375099480876853,0.262580242528838,0.12681381760136204,0.17617777803822587,0.17135828500538255,0.281724071208997,-0.06751779799553491,0.27905342330935845,0.021352251354767662,-0.038531463138584444,-0.13178128173828005,0.03831706321250671,0.009462847548235107,-0.20139171824412985,-0.0048892353893979935,-0.0722324040142955,0.06280400257625547,0.22582631812833184
0.08794541348800831,0.44264514160608665,0.37591210984004214,0.25463865172699407,0.25487659285481923,0.3761676934445867,0.08608446979278221,0.303289245185632,0.10517731261426591,0.39391068360979437,0.3460520109809935,0.3060012961240492,0.13829080409936714,0.2762317182157107,1.045792272868855,0.17052857062721963,0.28201118994715846,0.2613743941833827,0.26139578867667074,0.3940956509239809,0.2735405275676634,0.11974541953777802,0.12889869322786315,0.194982997057665,0.32173081845005425,0.20908501816405536,0.20674029525368004,0.23408122884010374,0.3193332382872743,0.1821565463393956,0.2883755804126768,0.20382257544572094,0.19746237010337375,0.38517010381028577,0.2018901934778665,0.24605396102263313,0.41044127008649683,0.1950432690770721,0.3213062044054064,0.0693734039082905,0.2406764120098607,0.22935124186514072,0.2580999012617698,0.089345595108248,0.21631695228813388,0.2588679286481551,0.25887893731478656,-0.024444769337079376,-0.023848966187053712,0.09804322094491764,-0.07177992353433565,0.1494266376269196,-0.07762681533483042,-0.08140683657628837,-0.018167837923970323,0.06839139420359579,-0.22809730602606182,0.04439930983419626,0.06887303740072381
0.07962573284696843,0.22298689168853786,0.15956806596412335,0.3631186739271476,0.4008242470864135,0.38474482929164183,0.2317682324374235,0.28438907862982815,0.21207826502062094,0.2853519306815631,0.3147865885269397,0.3552022310567683,0.3354645828376195,0.33491135068590094,0.17052857062721963,0.8102377857969911,0.30767600576850546,0.281718061506887,0.3804317358779556,0.24323638720812688,0.2644367220507672,0.45907785986088684,0.11816943918204457,0.2201259494864394,0.30989038188410745,0.29606854531860316,0.2965147640511651,0.21068727781665691,0.4633628356829978,0.10361720541018878,0.2053369082187074,0.3077859695864049,0.056561424581558654,0.36373852911357585,0.39380995466220825,0.2175972378831204,0.2161530892910204,0.1760172010144171,0.4697819689909767,0.26064452289176676,0.03802996321321005,0.30243106035384204,0.37759647030641996,0.11273229774524567,0.2507079483987735,0.20114626988584436,0.3340052552852388,-0.10976602018334031,0.27311874197387376,-0.2906079895970788,-0.050760040859788885,-0.10533607322662161,0.0963697958803968,0.03841931263323385,-0.06583451237821263,0.011306381486048483,-0.17457672824834053,0.05983371845766858,0.17203039125756847
0.11084747588769663,0.33530811703811286,0.4166030949962246,0.319426209703622,0.29789966247032307,0.4442281915195459,0.27413910565401073,0.4171498952600963,0.3163601243887366,0.3786353363819587,0.3874430924545376,0.319059799374771,0.34946667880845916,0.23430516655125433,0.28201118994715846,0.30767600576850546,0.8769992914145295,0.22829619025348447,0.4178931746292556,0.4178040937785072,0.3233283698938817,0.3823405631357923,0.09195588306455774,0.23460137554138663,0.296061238884623,0.1326926628931867,0.27694201734609236,0.24626977532275784,0.3493821343218294,0.10319015754693492,0.28063499144543397,0.2245236926673525,0.24028840379432223,0.32582191917258163,0.20897588859971572,0.2550523807462149,0.4543183996173407,0.2947369664800117,0.3127367362393857,0.149854786257802,0.17785031853437827,0.2490121590310094,0.3850882823088477,0.10912286442479027,0.32063828229407737,0.3181134449719504,0.3451997484362854,-0.0617840005929984,0.11721516178050811,0.38959148106358665,0.12142827783952012,-0.06482452305491714,-0.08725323879924043,-0.12795727337454568,-0.029856476749456875,-0.0006184764900419732,-0.12337872424144007,0.06100506426625846,0.05866506449335477
0.10707912058721122,0.42115821643865786,0.31030754719154063,0.3277032594332795,0.31565487991347874,0.3238815918327182,0.24844504768471087,0.34614502009543585,0.26791784376171696,0.351041112041522,0.31863493133062554,0.32300112645005585,0.3608450293109869,0.2457770092589259,0.2613743941833827,0.281718061506887,0.22829619025348447,0.9677410686775089,0.3274322310804181,0.03232358957871037,0.2835204097033251,0.3493845084088067,0.43756285647477206,0.17757224519596743,0.32976294966912606,0.25295894899855303,0.18552097913677537,0.16904764830860536,0.5053937584127005,0.015873896608829725,0.2563065916706621,0.2667646509225041,0.05773082311286295,0.3889270525998961,0.1626387890216961,0.24140828924587782,0.13819534025169805,0.08779254715286709,0.503445902145122,0.13459881778846028,0.006252928677467297,0.10860675506842138,0.2943869741228326,0.21604011683497157,0.3515185378564851,0.20492822729227878,0.23033403501692845,-0.07784387254964441,0.045135170882549445,0.2857025329673607,0.2721085256186781,-0.06570382758229552,-0.31302943067112543,-0.07451326477023883,-0.18966466837325802,-0.0792588422083638,-0.11692704214049277,0.14315645467477817,0.12159518669876647
0.1040933102948461,0.2875508337539096,0.28310848977051495,0.3770408804349504,0.5283707441773351,0.531793157825094,0.2266745690602667,0.39483069924460745,0.2822112704147382,0.357376880977978,0.3399319254784169,0.3587459410527235,0.3832133673903474,0.2971510269802172,0.26139578867667074,0.3804317358779556,0.4178931746292556,0.3274322310804181,1.1190642209579236,0.3015695965300929,0.3243760938491284,0.35904876418107634,0.07505674292763943,0.2292460581845944,0.27147147334345273,0.2092224464096194,0.24966025724074206,0.29208238034142975,0.39732762647209613,0.06946053846175788,0.26833284121204215,0.3062477128753894,0.20112531274955936,0.3535266679685144,0.10828411318284853,0.2214424932186166,0.39564891254339635,0.2732554758278624,0.5382096206633159,0.18215670842520507,0.11129077789358284,0.2232931885916997,0.2784233921607221,0.1282815798638864,0.4130871207428786,0.32640004515219423,0.38395632753310005,-0.04757384340957003,-0.03737185452624571,0.1360649699979673,0.3936847346352973,0.3060097181936583,-0.3115830267712131,-0.1726191679912682,-0.19672193448096084,-0.007240062721380466,-0.10654796555110443,0.15263399305677564,0.09594633435409271
0.08881460333151138,0.4259842815723609,0.3244020717613055,0.2441768799051097,0.2723760210156028,0.3831172418921871,0.17569351490880214,0.32307949822443344,0.19176602683910351,0.2609971258497959,0.37207766260408737,0.2614745593969467,0.21927899118122635,0.21027590321636483,0.3940956509239809,0.24323638720812688,0.4178040937785072,0.03232358957871037,0.3015695965300929,1.1239844534050838,0.26770567393335826,0.2429292254617033,-0.010824439087522116,0.2381676397994089,0.2767297838712058,0.26339343853504776,0.3499724788680178,0.2758480323416414,0.2674829169903101,0.22631385423042508,0.36248160778008603,0.20059699863086305,0.24726082624112786,0.44528783366502295,0.2854903919217595,0.1615020143407548,0.6557185004220819,0.5183356824054985,0.4826938565242107,0.28634977441651366,0.1716836570758653,0.3478151331823754,0.5673536685645775,0.03213125423398699,0.47665466452465044,0.3227960398300826,0.5349046493215502,-0.01738958481498314,0.31673870136067467,-0.16652987150692217,-0.11639616544830172,0.12188659275165795,0.10962537384729569,-0.07231022578630779,0.061509454358988774,0.03680048214224349,-0.09882945366828783,0.07291541038517321,-0.033002931676084854
0.0782944308138519,0.38417641113966383,0.33859456290101103,0.26258397232921915,0.25789563932326737,0.34771198597825165,0.19464644236883466,0.27994140274339163,0.30619194196488403,0.20512176598206172,0.29804590686644644,0.25281867733107166,0.25053836984521516,0.23053873030223798,0.2735405275676634,0.2644367220507672,0.3233283698938817,0.2835204097033251,0.3243760938491284,0.26770567393335826,0.6085524207275101,0.32485783637779,0.1678356614772274,0.2314343483989494,0.2048055095005654,0.21720773377595615,0.20990488164810225,0.23374422271520567,0.21551146118113837,0.08692442349535287,0.2918727257742035,0.22073701397604575,0.35228474412216637,0.17571247310869956,0.17017286868043377,0.3127991120557495,0.2558724049935132,0.2110896141916394,0.37243268904601506,0.1624893905203114,0.286360690424878,0.24699750311773927,0.329722464249143,0.1398909979745559,0.3153428040109407,0.3012745849494426,0.3158465120281208,-0.047556694565825196,0.2630654046124547,0.017712754608591876,0.07045655193803808,-0.021845783860638356,0.03792207709393399,-0.0800175162895354,-0.13753576082479577,0.01355870209585294,-0.2729374091702041,0.01237057553976205,0.3068304106225804
0.11387270890275764,0.3267674294949658,0.4072452531357862,0.3130855549578458,0.31392292824462287,0.395680237699431,0.2776407537232598,0.28472027141261164,0.5464730384009725,0.24263172157357124,0.2815935525490304,0.2948209640326442,0.4057322648208084,0.28244613444119204,0.11974541953777802,0.45907785986088684,0.3823405631357923,0.3493845084088067,0.35904876418107634,0.2429292254617033,0.32485783637779,1.0571510661287111,0.3001801063645779,0.2678073153076402,0.2814017125379294,0.2924102035856156,0.31376274763310613,0.22598261437399764,0.36213491427488487,0.12013817875963481,0.2589051497168746,0.3200028489250223,0.2827767641835436,0.2800984536883537,0.2453768230899254,0.39381136937110006,0.23364737314008058,0.19805049810758607,0.46514947412695323,0.17684930941393645,0.1728918587124669,0.2717545609206177,0.40187151016152384,0.16121227583716585,0.00041909752751218585,0.37300326566479675,0.31874400608278536,-0.20547864024953014,0.788697630942813,-0.15097404597746641,-0.05973556927951407,-0.16749904687369913,0.0691404694293019,-0.029472786917726312,-0.017811368691529397,0.048198699195518446,-0.19164468061225415,-0.0865496450758761,0.21303419977449348
0.057470315503440846,0.0372689189997039,0.12610798539795973,0.2431348362299243,0.23395258823709753,0.09444434385277231,0.24022034565915898,0.13852260183100004,0.2165770690203616,0.2656461603695569,0.18871782798047668,0.25387250016261564,0.25454072668277467,0.15777445832574344,0.12889869322786315,0.11816943918204457,0.09195588306455774,0.43756285647477206,0.07505674292763943,-0.010824439087522116,0.1678356614772274,0.3001801063645779,1.328877752297995,0.20022807407954227,0.3442104328046575,-0.012568629083002594,0.1557540002482421,-0.24771159089098044,0.49384131208199405,0.14295477785575259,0.03158340907225208,0.1795810626623071,-0.008565389925342618,0.41766043223371446,-0.042997991044828966,0.4088307447099652,0.07887943610122959,0.001540397120998586,0.42719654264357865,0.013252822645920669,0.08250529517825925,0.01382088038048123,0.21013490768654988,0.31939218582796286,-0.048888903052552314,0.16712557591375019,0.03866872678285551,-0.10276834495527584,0.17649930751957643,-0.04476892554068683,0.15214762771347912,-0.10564283690125813,0.09219430740197143,0.026332137081935936,0.028525393726425072,-0.019148255258506542,-0.06671451071857372,-0.1936371829948169,0.21463926146488474
0.032957689959317096,0.24711968251060637,0.30091555532598724,0.1983916561739835,0.19271497180611794,0.2620537012941257,0.11589616503713197,0.22011708524121776,0.23210730038014388,0.2077433400765306,0.21445919822042098,0.1608065971255461,0.2325958552246875,0.20970079810682185,0.194982997057665,0.2201259494864394,0.23460137554138663,0.17757224519596743,0.2292460581845944,0.2381676397994089,0.2314343483989494,0.2678073153076402,0.20022807407954227,0.483067891258416,0.19765432429686186,0.13376716519840542,0.17800734328935608,0.2602109988063972,0.21708902263487417,0.27346583344991493,0.21844191908277638,0.24783565714242017,0.46958210441389325,0.2080295138749499,0.25898087667692543,0.3802260951499651,0.41210904240577534,0.16140346573620984,0.2552403138519263,0.07291069456646056,0.23796538486853383,0.216740250608351,0.15470054939844177,0.12984627651072025,0.13809647589171822,0.2494467152974301,0.1321403133059769,-0.07105307094636763,0.08461238347270986,-0.0340396911919733,-0.02397429309831002,-0.06717292003687268,0.10544937386709276,-0.050484190048860976,0.06578254719545815,-0.08634293622291522,-0.04645748258568317,-0.7071968573688125,0.8600189844747886
0.11111243120373619,0.2653230221957864,0.3058476809683483,0.31244155801159773,0.29284419211595736,0.35972485008089156,0.20656139525472975,0.31960056414328075,0.21887880563485898,0.4088548363239847,0.3166517797792479,0.3359727491309914,0.3467248365780085,0.34915139613069723,0.32173081845005425,0.30989038188410745,0.296061238884623,0.32976294966912606,0.27147147334345273,0.2767297838712058,0.2048055095005654,0.2814017125379294,0.3442104328046575,0.19765432429686186,1.8602626531594675,0.095878050032257,0.3471916863525876,-0.017879773364451804,1.5225215999041533,0.33094776632671424,0.28538726144210946,0.3326875045310175,-0.28886792266188543,0.9586769861405171,0.45379942260334755,0.12280171165813708,0.5572759814851348,0.23712031212850468,0.8091393867544207,0.1602673181560063,-0.11924337224990852,0.1938584946291215,0.44962969616517046,0.2375852389684331,0.5397551018355713,0.22061989761754255,0.536099478662894,-0.1600563092136861,-0.15565531457865542,-0.4223425239501166,-0.04630284865463145,-0.176308190166489,0.2119745180895635,0.08807689161858775,-0.0522649824766745,0.03333483525871565,-0.003924957309149357,0.0514187867853127,-0.07875432384208092
0.10295685203685194,0.20902984470494704,0.20909644529220286,0.26595934668928567,0.30796596664109166,0.3411680408105704,0.16935888931053203,0.2743099965730301,0.29246564273592424,0.20963878282107096,0.23192340996720667,0.26630782553656634,0.2303118086422757,0.24068348813796533,0.20908501816405536,0.29606854531860316,0.1326926628931867,0.25295894899855303,0.2092224464096194,0.26339343853504776,0.21720773377595615,0.2924102035856156,-0.012568629083002594,0.13376716519840542,0.095878050032257,2.6049612727948763,0.268402943400946,0.3955898843285994,-0.05869183238643767,-0.7889455843346597,0.07837378954931294,0.4977844892012265,-0.08966486218006425,0.4497297264328384,0.2642788292060076,0.09027446625708793,-0.4937837658353085,0.09997951870234867,0.07715876616422777,0.30710367400686706,0.309751106653461,0.358677752189095,0.19900188186947532,0.04797047759582812,-0.2895638857707141,0.05069210721517184,0.13342612677236765,0.034247213408171474,0.7188522665612799,0.4360130607033389,-0.27203903052767303,0.2123611127035417,-0.6200911338938325,-0.017267804623731606,-0.012997973374386494,-0.015098091334847555,-0.05368062874620924,0.4916579776118675,-0.3838551921391861
0.0898422550042191,0.25454186546367363,0.21900916532770198,0.2542232369605722,0.26971836352019624,0.3069370429595001,0.21189311569605576,0.24248280398063016,0.23687443062841382,0.28702857571615986,0.2935997941624872,0.326035113355173,0.27321296828141534,0.20184289157912014,0.20674029525368004,0.2965147640511651,0.27694201734609236,0.18552097913677537,0.24966025724074206,0.3499724788680178,0.20990488164810225,0.31376274763310613,0.1557540002482421,0.17800734328935608,0.3471916863525876,0.268402943400946,0.7643921343265894,0.21058032684829123,0.3731194423710973,0.17812175160530946,0.2651982063335505,0.2508697708006329,0.0812615086378237,0.3138195074409451,0.31528511612465115,0.3942967360675356,0.22489885215262342,0.230507418024281,0.3692834128719664,0.25243083968853103,0.12290035580295014,0.24074746642364264,0.5414712839619872,0.02415461531878067,0.22071199787908657,0.2857329907081338,0.2571372056358259,-0.11778801809791796,0.23514603337133472,-0.09506410639760488,-0.10676688937947065,0.014229591455281895,0.07407214072881911,0.0181428924375173,0.028893575966251896,0.05130594358556733,-0.06349695728634643,0.07820533992817297,-0.07054867191153717
0.04777428095754245,0.32006580948353086,0.3311290003420346,0.05643844343222578,0.03406204226662165,0.18437207357466107,0.018836636840320546,0.11133988750445072,0.24858140613378257,0.09115746505507727,0.13417571495147776,-0.0017668868272251556,0.16013889670355502,0.1347157991252615,0.23408122884010374,0.21068727781665691,0.24626977532275784,0.16904764830860536,0.29208238034142975,0.2758480323416414,0.23374422271520567,0.22598261437399764,-0.24771159089098044,0.2602109988063972,-0.017879773364451804,0.3955898843285994,0.21058032684829123,1.3009299978840068,-0.15121817244204042,-0.01280182544878176,0.34432762678264517,0.19577544680813153,0.5489937960783375,-0.04119896534582638,0.6204247344508078,0.44065609755420887,0.3766035064314341,0.1587151839160319,0.13751288482916624,0.15587720790139953,0.3460452802849641,0.31299031140410083,0.15907444220067254,0.128887619854306,0.3058990252946558,0.1931409839282202,0.016941169424728276,-0.04028254476542394,-0.13697463984991975,0.12278415372804426,-0.004985896578870591,0.7395559969341219,-0.8691714140485268,-0.043608674560962374,-0.05246856520245236,0.052682563678814846,-0.06553477738493872,-0.3189114361014674,0.4073761341989153
0.1449664788591961,0.4241216966239896,0.5144744944271625,0.3762073934216089,0.3452951892974156,0.4665988648210361,0.25616161759663925,0.5267759943060065,0.19968866593424378,0.5701477429494185,0.45153823480636973,0.36207733890758764,0.6317369521300066,0.36339928733053445,0.3193332382872743,0.4633628356829978,0.3493821343218294,0.5053937584127005,0.39732762647209613,0.2674829169903101,0.21551146118113837,0.36213491427488487,0.49384131208199405,0.21708902263487417,1.5225215999041533,-0.05869183238643767,0.3731194423710973,-0.15121817244204042,3.77060245924468,0.35937542923934257,0.04852666474024772,0.47246119721751223,-0.8880735372832154,1.2997578264750949,0.6606230433911024,0.02595000630366486,0.6334017059557907,0.160216615031651,1.278291851626058,0.29622286782580204,-0.39417616059324373,0.13656853707626762,0.46731455463840066,0.18547454107995787,0.9811027511298306,0.20047835412833642,0.715024418221111,-0.23046418510289352,-0.0722699606381092,-0.3659538163688064,0.1844231760777459,-0.10229107758119203,0.03936830123408696,0.10098343022296921,0.005941248829351739,-0.19854660768857418,0.0015151127547406407,0.13246763977650355,-0.04247474256651606
0.04150431896209276,0.0755603791799209,-0.057887499253870746,0.049937107595528274,0.13423281778150645,0.08590016717528261,0.05221328803528515,0.08129809323043168,0.1319781034348016,0.11041061520156385,0.0896119552337877,0.002417837726634747,0.042899179538516435,0.1166856811389281,0.1821565463393956,0.10361720541018878,0.10319015754693492,0.015873896608829725,0.06946053846175788,0.22631385423042508,0.08692442349535287,0.12013817875963481,0.14295477785575259,0.27346583344991493,0.33094776632671424,-0.7889455843346597,0.17812175160530946,-0.01280182544878176,0.35937542923934257,3.245172329496259,0.3167783392722036,-0.13800182197769365,0.051548832560624064,-0.48740760524214366,0.5521594622019512,0.48056695149062123,0.6535122942886606,0.15200131366252392,-0.15410114769281402,-0.053751012021715595,0.8790918160416032,0.0633044734740704,0.43307546234032535,0.2546217476196747,0.6709822162835613,0.28785491208091335,0.19666527153941002,-0.036161086062477185,0.17261932270278124,-0.346552107739212,-0.0035312135886819748,-0.8057287321053015,0.8987934545994575,0.058596687296382705,-0.031928816402750686,0.11577253631752882,-0.2966934933390846,0.2636620735861581,-0.04961917438719773
0.07055534643849838,0.3200626792094716,0.31168802065620793,0.2050374712918165,0.24532519009298612,0.27663603132693754,0.1477635017037784,0.2363012043119995,0.2771892375396441,0.250926899775386,0.26410428318203816,0.17883879500853,0.21457894180325673,0.18636374855970256,0.2883755804126768,0.2053369082187074,0.28063499144543397,0.2563065916706621,0.26833284121204215,0.36248160778008603,0.2918727257742035,0.2589051497168746,0.03158340907225208,0.21844191908277638,0.28538726144210946,0.07837378954931294,0.2651982063335505,0.34432762678264517,0.04852666474024772,0.3167783392722036,1.0207561947207395,0.20180112381032556,0.4181939155277707,0.2609289513335928,0.3277860878762772,0.5142201017054001,0.44309663177537123,0.28693004291439717,0.4329921082200611,0.09525918785296565,0.277797585029625,0.25221631899970476,0.1901272120935301,0.1641812131759695,0.4059984707691832,0.3188271981791945,0.16384565804920675,-0.10735652200475884,-0.3309213207664321,-0.019814687459244345,0.004730753640807988,-0.045275678772742134,0.076026367900868,-0.06310111236614398,-0.09085549596265587,0.048957257161057796,0.038386728432263185,-0.32975732750933867,0.273610233281984
0.11403535625589326,0.22232457473330242,0.26051423686614955,0.29481795688255213,0.2617932011745644,0.3417559695926357,0.1761263648532503,0.2840317095151072,0.23105589553782369,0.2779182857253413,0.2534806295645404,0.28449557100012407,0.32146068281071305,0.35494985227380527,0.20382257544572094,0.3077859695864049,0.2245236926673525,0.2667646509225041,0.3062477128753894,0.20059699863086305,0.22073701397604575,0.3200028489250223,0.1795810626623071,0.24783565714242017,0.3326875045310175,0.4977844892012265,0.2508697708006329,0.19577544680813153,0.47246119721751223,-0.13800182197769365,0.20180112381032556,0.751877187564834,-0.02271826862719339,0.3815903104564253,0.16484199833835528,0.18293373754581163,-0.04027361470704091,0.20747342960224366,0.5181450386270634,0.1812436932114321,-0.12984549987272345,0.20133547230582488,0.20241982171355624,0.11992504375939052,0.23241544851828,0.15419447543291817,0.24867655778183229,-0.10888112145144203,0.20009901660967455,0.10789853794651393,0.002291451659837253,0.13042472887858447,-0.3147387054202555,0.0327025256994601,-0.13633595379256053,-0.014466547889426385,0.16805676166923367,-0.1266147986358154,0.09574980082657109
0.020009576931922686,0.25839529507784237,0.3042559253681208,0.12244997883401244,0.14252481753538393,0.16656485056672346,0.10377196543031181,0.03790720410264655,0.3856901622875017,0.04046658375095532,0.11624053794278408,0.09019420236492565,0.04350659352807706,0.07817178007327359,0.19746237010337375,0.056561424581558654,0.24028840379432223,0.05773082311286295,0.20112531274955936,0.24726082624112786,0.35228474412216637,0.2827767641835436,-0.008565389925342618,0.46958210441389325,-0.28886792266188543,-0.08966486218006425,0.0812615086378237,0.5489937960783375,-0.8880735372832154,0.051548832560624064,0.4181939155277707,-0.02271826862719339,2.131385813945819,-0.4632856644163199,-0.35319678241908886,0.3993494102779368,0.7124976315850557,0.13507548066163103,-0.4097382612289997,-0.15688453283251896,0.6783755237603183,0.3257097910565299,0.1248025229134067,0.07649222789387283,-0.2664284652032458,0.3983983666638131,-0.03604074950662873,0.054276340695736454,0.20946269858657782,0.05210422379409358,-0.04299299719582789,-0.16060540004783058,0.3326204554735977,-0.26744587233311407,0.15953683856089867,0.1220051162485246,-0.2694708123954602,-0.7567928689467852,0.9002193684128731
0.017981355315686755,0.314928081609805,0.3245647876268833,0.44414488492691306,0.45768033127764557,0.4404625888724584,0.26956306937905844,0.4114561837032304,0.1958029313743613,0.5348009006713597,0.3939119365589066,0.4184873745959197,0.4082203908714709,0.31246532096927493,0.38517010381028577,0.36373852911357585,0.32582191917258163,0.3889270525998961,0.3535266679685144,0.44528783366502295,0.17571247310869956,0.2800984536883537,0.41766043223371446,0.2080295138749499,0.9586769861405171,0.4497297264328384,0.3138195074409451,-0.04119896534582638,1.2997578264750949,-0.48740760524214366,0.2609289513335928,0.3815903104564253,-0.4632856644163199,2.6813115383464177,0.2942237600133755,-0.2117921040264375,0.8226219533361568,0.28931690943559285,0.9276982455598523,0.17464040737657352,-0.4695796545383741,0.2739862038802759,0.6576296152765568,0.3134068318011266,0.21442245571553872,-0.0841608899625533,0.8915428838668891,-0.036477470309215804,-0.06746079339637842,-0.1532143559717481,-0.13443433650006822,0.06515868078947835,-0.10695141678915526,0.05706465327023622,-0.029707204573473384,-0.0044892946302557656,-0.0826049662761807,-0.0840079329109873,0.13955543559050243
