1.8859125636620266,0.4176461464354643,0.8937228151901909,0.10178397433764222,0.24579915233394375,0.32700476835714326,0.40360454890537395,0.35987097225850645,0.4563692075437651,0.30438814879288956,0.27648068067529086,0.28056272999232584,0.2548889382383098,0.35428034464143515,0.17318856700260787,0.25954214323337854,0.3081860725604043,0.2538275414728605,0.2610754229028704,0.26375304391208815,0.25112282312934736,0.34277153746715106,0.11600868545376161,0.1704771648828455,0.32616179056240424,0.22943630077874852,0.24425103176773927,0.13311380428940128,0.24587645107194087,0.4859200081103792,0.3463318800823253,0.32765779880746687,0.21171433809765644,-0.3259413564487167,0.1888627794147743,0.38452606519341853,0.32492650988865956,0.32515241032056,0.21130795792328486,0.2911315596210447,0.2375759529302921,0.24180090654516756,0.09977746113023211,0.1135054889992583,0.074393177719239,0.46721214513604314,0.4077774702041009,0.0938373706758477,0.2437183191728232,-0.029582388201685055,0.016627497147056306,-0.19466896216999913,0.23429797345467088,-0.07945850949954471,-0.0641832718906861,-0.089704175784137,0.7500588758978638,0.2162132619270134,-0.7671780016716243
0.4176461464354643,1.3669262738485597,1.0852610218678675,0.2191195049815763,0.15215224853899653,0.43462740901835106,0.26190933946289197,0.4633353901425471,0.44004781379311714,0.3712693063350852,0.3467403087615371,0.2940249097506319,0.4176835149852847,0.2904507219867454,0.40234898083921217,0.2779138959060809,0.38402112854725995,0.4625346200326417,0.30416544252372446,0.5604335181451742,0.38530311608838547,0.32629249724108894,0.14730306881296723,0.25054250665405337,0.40236132894484367,0.42249256907791227,0.3338698315219684,0.3597948979585111,0.5654977059752283,0.48341857524117976,0.3645417034956013,0.312905381798741,0.3171329973105997,0.4516364382725717,0.3976855011658159,0.5513831398706658,0.5641282291722887,0.3029436307049743,0.3840407617379792,0.325236511900779,0.4079739057413873,0.3711385566217885,0.47543711053515614,0.13260984228495717,0.43494553525454344,0.37993370236268187,0.4943781865930437,0.16390221431374372,0.22252312314687056,-0.022723611436714128,0.1374657172266598,0.127961860085137,-0.1300347440224378,-0.11676925167351979,-0.10832695727520898,-0.15129877830335586,-0.07281373302415901,0.15351927100435125,0.07606334776744916
0.8937228151901909,1.0852610218678675,2.527647260254594,0.3853446540265344,0.18839632082577334,0.6995069235918939,0.37027448047146355,0.7807608163684433,0.8951534028542889,0.7401537646196562,0.5092089650848898,0.46116441968471616,0.6010864326250926,0.4693957931639643,0.4422312756344409,0.4287229369965268,0.6312470285164802,0.570641677316016,0.4722356108208141,0.6084667528694556,0.48602387069211833,0.5788992794478138,0.3852866841678497,0.5283798692248352,0.5849062702735145,0.6651319864712588,0.47665060766132067,0.35629945250052486,0.7837777319189889,0.5262791191982625,0.5472605711792273,0.4772961776167494,0.263511930156925,0.6958316152773448,0.5835150720676892,0.8487233426387215,0.4949853097500676,0.4126289633136041,0.7093903360767427,0.40267375483238205,0.49156858603917863,0.4730494709073903,0.5201869912247798,0.25527639625307963,0.5927290534863459,0.6271960450694651,0.6974346197965576,0.14193818924135002,0.306850610458268,0.0012736384668269414,0.10925949710317145,0.10747480395172081,-0.006868729218519176,-0.1918049881429177,0.37130561183851646,0.03719045842842819,0.43946178516941603,-0.3626281232224704,-0.4727129724828053
0.10178397433764222,0.2191195049815763,0.3853446540265344,1.2960240215768546,0.500056756513426,0.5184838218006153,0.3774395107558246,0.5180592142642977,0.25893327837442626,0.35418247408290243,0.4029592889834844,0.4198880893806581,0.432605402305763,0.4422070296985763,0.34448939670870526,0.43652440963744843,0.43035949511598326,0.44120351426167165,0.43262014642587243,0.3620293825383817,0.33525322944049685,0.5112876562302917,0.44940768981965207,0.5119305772249787,0.4257828749828201,0.36264527264817487,0.34232681528320397,0.1761664945269879,0.4530002766167429,0.2875494098884006,0.40427530933003797,0.4295516828913394,0.30210451671030936,0.4772331617366,0.008071865164960376,0.6160782207467698,0.48107874404092205,0.47772955322049926,0.5315367050710562,0.1653572146704586,0.2790575038379462,0.31959535850743453,0.3662197342275474,0.35480256262110454,0.2443054494392312,0.4080957340257781,0.47645079237315874,0.07812117575710338,0.053916518461955755,0.2768897739972152,-0.13272149013298076,0.10109195022363547,-0.08462173438716926,-0.1754482479740616,0.011617257932276432,-0.046698834549599284,0.1434002129653366,-0.0003952580657195866,-0.14068782918974745
0.24579915233394375,0.15215224853899653,0.18839632082577334,0.500056756513426,1.3047099632141332,0.456020249069532,0.28689612331810344,0.4095580077624054,0.17926764377318496,0.3780813949789966,0.3319474698002731,0.42226529574909377,0.39402527660988157,0.35316693542920813,0.3184695646217556,0.39832952246851167,0.37727160954003397,0.3353584266993321,0.7289908642289413,0.19217746653643808,0.27487006692869526,0.5700135957112756,0.3131129720013259,0.4150250055045239,0.3248516422615201,0.27738052730460033,0.2626253583313486,0.08186228750588731,0.30606351133058907,0.1811178103666965,0.3588678528544692,0.3261276093390258,0.3529071266128812,0.1961314550539169,-0.14291212500165648,0.5341804541612266,0.45296138082156945,0.39278249036744917,0.4943086079780235,0.07939612562462059,0.17610185256750358,0.2685648060345082,0.16615857571628395,0.2104016796452874,0.032341510799484545,0.38394081060689644,0.3227775934297287,0.03693488754003311,0.36299384201205165,0.42552611467691553,-0.11964090905326003,-0.21171132318673455,0.06230894957965267,-0.2353857929110571,0.0195528445167253,-0.11701320504890042,0.16650806178182087,-0.02729945636348096,-0.0722074251283758
0.32700476835714326,0.43462740901835106,0.6995069235918939,0.5184838218006153,0.456020249069532,0.8993439938932797,0.25011969199149275,0.6234760025774302,0.48457770730225896,0.38804288298146217,0.43453871913776637,0.4546120102066324,0.4848601630120477,0.4529362388579237,0.37430740939030355,0.4115620698539166,0.4967013410501828,0.45430396193328065,0.5929054904167878,0.44706276967733555,0.351955631595953,0.5613274138414539,0.2726561338637302,0.36844636556743016,0.4522837250695531,0.6098533489089223,0.38305899395576026,0.2739938442976342,0.5743862231527312,0.25564838778763394,0.4172367385988348,0.471609246379344,0.22659612926875172,0.5943570120545177,0.32015623620015154,0.547725010720128,0.5127032615100989,0.3880759580758588,0.6119928898579876,0.17292773364187602,0.2873123390053815,0.3381715389325648,0.41988517948760795,0.2639489329299923,0.3560784315480815,0.3816385403562724,0.48976013304232713,0.1141101852749594,0.7095694568257164,0.37718450807651605,-0.25255500149102705,0.056032582088595066,-0.19984451318873017,-0.1092060247873731,0.04043954912289046,-0.0521375302722315,0.24608550804054594,-0.0010742485231076354,-0.26731760228541246
0.40360454890537395,0.26190933946289197,0.37027448047146355,0.3774395107558246,0.28689612331810344,0.25011969199149275,0.779347522648845,0.38185307254145573,0.40407435179510637,0.24389448614044412,0.33292974515847595,0.30527917663214654,0.3411349329851166,0.21207900023470966,0.0477204866653116,0.2771568257848198,0.3290126431097937,0.29902913344848464,0.2047376809675154,0.25997438590886324,0.24632748268481583,0.3125218145006334,0.3648638641160984,0.38952896052186436,0.2950871221025379,0.29530857822896206,0.2407897028307779,0.0437290739578915,0.3021156366612859,0.27942559415659024,0.28649323145350986,0.1950121213546771,0.1691774872057128,0.27443565146170773,0.12419162672370439,0.4849304078911853,0.2771053014326557,0.2571076975129269,0.34983359265595804,0.19087063255957776,0.1901935052326201,0.24391417641601287,0.23878710049620305,0.20637023027512613,0.16946374362547015,0.35390251061018224,0.2844345897217647,0.08107475803782026,0.011220826545824483,0.038536530222412234,-0.029239617577181944,-0.16925802051900518,0.22064085070666167,-0.10505664619358811,0.010163612317705701,0.012066750857415317,0.24693028951374396,0.03815668615708615,-0.3107169502018061
0.35987097225850645,0.4633353901425471,0.7807608163684433,0.5180592142642977,0.4095580077624054,0.6234760025774302,0.38185307254145573,0.9128014325689028,0.36412573672216725,0.40864807979944506,0.44006416874291937,0.27751639512818516,0.5101687440396414,0.4032711997920918,0.2727595707658198,0.3612933223474478,0.4935855712966568,0.5073855251196702,0.44233131377793755,0.4842391961296389,0.3436993827520857,0.4705986681426225,0.35194563635517406,0.4007910442474519,0.4579475853789385,0.566803226335636,0.36196431779601274,0.17586139094218275,0.5902626885675122,0.36268029699044774,0.409227987824604,0.40229328571451217,0.15620323305274011,0.564701411489907,0.33101711411534823,0.5866541547063648,0.4318375911462766,0.3190290853761131,0.6492999060321211,0.247020613651182,0.37591388567885164,0.3286125970006657,0.39686879081868986,0.24931956691329196,0.3230279543277987,0.446217561336536,0.5523666133132862,0.1177712406020432,0.43267089656043906,0.27709639227135574,-0.08556081361367834,-0.1294871533448374,-0.019727661541297088,-0.08690646462411844,-0.052439307853094225,-0.07722341510471467,0.3404372183422261,0.10571806157714429,-0.35305674319359076
0.4563692075437651,0.44004781379311714,0.8951534028542889,0.25893327837442626,0.17926764377318496,0.48457770730225896,0.40407435179510637,0.36412573672216725,1.0179053348380214,0.2568295489782686,0.3239513857667439,0.28716790463427205,0.3610452627445396,0.32958892876913537,0.07398533555661906,0.31262984525848037,0.4072161925275333,0.32280147229088985,0.2981153132421849,0.3719285532109424,0.3204319843447959,0.33012086959620285,0.3214143819056207,0.44476023016868554,0.2761162458795161,0.5183450308442753,0.2898920483972185,0.23739827102553887,0.39140729490343446,0.3030298808564373,0.3637236016813768,0.33838622204784347,0.21874650243514027,0.40805372039485555,0.2630614289261302,0.5923260476136207,0.2897932675523082,0.34962760307317253,0.38485954301765496,0.2575486886531773,0.30282518588232904,0.3187335087445471,0.3955275466757992,0.21515359499254183,0.43289543259137425,0.44917455652334903,0.3784497944546051,0.1176604912677497,-0.2121029397749679,0.09380146358379604,-0.014487632824101596,0.007378280684388212,-0.03154587596336441,-0.018169556959849266,0.20287889517827945,0.09002119742781312,0.29375327643690247,-0.1305233606196856,-0.435077111449368
0.30438814879288956,0.3712693063350852,0.7401537646196562,0.35418247408290243,0.3780813949789966,0.38804288298146217,0.24389448614044412,0.40864807979944506,0.2568295489782686,0.903209298423013,0.3420164104438289,0.43332148656448927,0.3819051248453072,0.33158896988844505,0.37884982400660283,0.3647504618066358,0.39086274262829085,0.3803868292436516,0.3306731969603751,0.29908996882832517,0.24387243556922353,0.3917387591102796,0.36364946947285653,0.38636538520412633,0.3949241412914858,0.35433322705468656,0.30956614010999595,0.13560294318152574,0.5140720243407961,0.3189592643792189,0.3140364548941348,0.3140776634472503,0.0844580072631741,0.4410379555281157,0.30977224071332865,0.5830911338988194,0.21220991680997084,0.19798565724481368,0.39444849815033,0.23945585305136102,0.3054548019910221,0.23138527028919353,0.258886823728653,0.21882931594722388,0.1876519832594435,0.408914893377746,0.45030710737432744,0.11507762096804681,0.4266805176774056,-0.07395351764381988,0.021355728966062387,-0.1966834737103159,0.1741291548450829,0.02074337382903649,0.37172623908097235,0.01059692041089768,0.28189540482755965,-0.3785975164004645,-0.262270860572882
0.27648068067529086,0.3467403087615371,0.5092089650848898,0.4029592889834844,0.3319474698002731,0.43453871913776637,0.33292974515847595,0.44006416874291937,0.3239513857667439,0.3420164104438289,0.5703470086241098,0.3711027460375477,0.3967254206729507,0.3092107085786648,0.3186594173555723,0.34958027337237657,0.4176063799353536,0.3885873919345479,0.3401169918177185,0.41024024947459603,0.310538415534085,0.34846644805798793,0.3182539840283847,0.41338566127352444,0.36166565944696505,0.3329399216052279,0.32695857051099514,0.20350108106558937,0.4683212996396355,0.35006514602932054,0.3881382176033077,0.3057887665205354,0.20533089406469804,0.335095128178739,0.2618256429120025,0.6086176012096036,0.3592286764616103,0.29895125772176495,0.4237796533585392,0.2648956346897001,0.30150738151946843,0.30094626753929365,0.32369069792369776,0.18390686884867133,0.27159235523982517,0.4402958946809652,0.4270739628166484,0.11612472174045818,-0.026233272850831338,0.07940792644348992,-0.03540509726429879,-0.029752334371059893,0.033297650894812396,-0.054792148537722886,0.07431569741640061,-0.027518556564797764,0.16938954370499287,-0.057378178345003146,-0.190721218838955
0.28056272999232584,0.2940249097506319,0.46116441968471616,0.4198880893806581,0.42226529574909377,0.4546120102066324,0.30527917663214654,0.27751639512818516,0.28716790463427205,0.43332148656448927,0.3711027460375477,0.641171926445478,0.3400417009082527,0.3538696829475782,0.3658617065672019,0.38337477278748777,0.37224008366618666,0.2796164493348499,0.37870960905861595,0.2925257350755412,0.24542246988484495,0.42623467395805603,0.274209940740605,0.32290301213214384,0.3698267991240907,0.3698541703260633,0.33656633696368,0.12244075880360573,0.3741096311503593,0.201788026888728,0.28651423364370426,0.33823129058465756,0.17490505667079276,0.36905905017494894,0.22683790926168207,0.4494307498026588,0.3254136500802478,0.26470371535682025,0.33042513153043823,0.17985988141305037,0.14769491858605527,0.23701213381426753,0.2595415243023208,0.19703897731389744,0.17628822001821318,0.30654165720722243,0.31282067661063273,0.09723486466164591,0.6045329737569057,0.0006289821397777805,-0.10858220685304344,-0.027677465682708156,0.12110265242505433,-0.08931470375694579,0.14495145570500143,0.004033667169122794,0.1361768810588559,-0.11629042640532357,-0.19474494608157134
0.2548889382383098,0.4176835149852847,0.6010864326250926,0.432605402305763,0.39402527660988157,0.4848601630120477,0.3411349329851166,0.5101687440396414,0.3610452627445396,0.3819051248453072,0.3967254206729507,0.3400417009082527,0.6790121932725128,0.3337151270077445,0.23843934287713062,0.3842278372701256,0.426481266388353,0.41298275365465603,0.38650059838638035,0.3956686719084482,0.32818926296691775,0.4432504539244328,0.35083171316916884,0.42821762615023534,0.3928326594708766,0.436675795182522,0.356916459948782,0.21713747346050624,0.5489584710015123,0.3536140702694074,0.36925494991696595,0.32815206429169996,0.23354056691059305,0.44908927775624075,0.2893026888824986,0.6202254579720207,0.360197100728082,0.26837943319830637,0.5574024403460801,0.24352600139592898,0.3297683016353477,0.31683706015674545,0.3398967014161614,0.24338762406204748,0.2048107812294414,0.4300477117969183,0.45325271047622934,0.10135346505201305,0.2431015506846258,0.19496873911096196,-0.03707146819704943,-0.09589834851366705,-0.01871038701444393,-0.1136965593789966,0.16807385059440114,-0.09560106670761921,0.10354046965403241,-0.21329305166042184,0.008313217325392704
0.35428034464143515,0.2904507219867454,0.4693957931639643,0.4422070296985763,0.35316693542920813,0.4529362388579237,0.21207900023470966,0.4032711997920918,0.32958892876913537,0.33158896988844505,0.3092107085786648,0.3538696829475782,0.3337151270077445,0.7155433429075907,0.3711943709446235,0.4544762235773682,0.3801885299013784,0.3084156767227576,0.3762038453468589,0.4004831536683844,0.29183334130660765,0.5115079957986621,0.26919879115234413,0.43343722519924616,0.38612621556687554,0.35462785333899616,0.34155831420191685,0.27854634604699885,0.40939981651553325,0.42913439283622495,0.3951879521934721,0.6858522738700172,0.2194589161878652,0.24020827692266097,0.264671755193838,0.5715442807377745,0.458932205211365,0.3795848921133462,0.3359740814638992,0.267335090262108,0.37646282958248445,0.27996136426590507,0.32249130736256365,0.2322687228901313,0.19732100593068783,0.3851181284456085,0.46907522309155775,0.1049133674341948,0.5826139536687309,0.09524408874417901,-0.0597804888371176,0.031108239609872877,-0.08392537768074483,-0.033597358152728365,-0.010317004340471746,-0.02741240096779043,0.18594368133376935,0.04868007983686981,-0.24128397406286858
0.17318856700260787,0.40234898083921217,0.4422312756344409,0.34448939670870526,0.3184695646217556,0.37430740939030355,0.0477204866653116,0.2727595707658198,0.07398533555661906,0.37884982400660283,0.3186594173555723,0.3658617065672019,0.23843934287713062,0.3711943709446235,1.0366605222185201,0.29989098703386863,0.2252522032780927,0.4434982930242213,0.35370933452942266,0.34915282363519906,0.2922212978744921,0.42378727599913224,0.3864402322231533,0.342748511504021,0.46280671934936723,0.1773276570614158,0.2660305756985969,0.2915916253716883,0.50753314328229,0.47506202397878416,0.3256746722532214,0.3527386682543439,0.25268522904928037,0.34094341232463043,0.23390181920833608,0.6720634255159477,0.3002048050523409,0.2791028144730429,0.3854798532724929,0.2750115233389027,0.2799870895428754,0.27999776680026756,0.402353303132869,0.2010811293073852,0.28074790141933176,0.2973571084717025,0.46280936350477164,0.1016082944081752,0.2517563020585033,-0.1510225548435502,-0.015899211400965778,0.23057386030461965,-0.052374153166767266,-0.056972341981385365,0.048479238071827774,0.00849201923101673,0.012855147750472811,-0.03640748345629275,-0.06604584180892714
0.25954214323337854,0.2779138959060809,0.4287229369965268,0.43652440963744843,0.39832952246851167,0.4115620698539166,0.2771568257848198,0.3612933223474478,0.31262984525848037,0.3647504618066358,0.34958027337237657,0.38337477278748777,0.3842278372701256,0.4544762235773682,0.29989098703386863,0.7749361897845599,0.4162067638327013,0.350411205461166,0.37826108391696406,0.3713099749552725,0.25913354612555983,0.43893938061731413,0.29298605272753175,0.3750999929850649,0.41594290746670853,0.4051778062003914,0.3670897674767884,0.2712209352386632,0.43508396575234354,0.3377940073438395,0.36048896229728833,0.44379406835030466,0.16304312673070898,0.36764779660782565,0.39400531941325373,0.5612029573338643,0.3640728525022137,0.2993174267956904,0.40182030172900746,0.25069081029930407,0.27558066588828484,0.25185397170447454,0.35326733597331617,0.2587480554856862,0.27543620168272354,0.35152648484836335,0.4092901508463871,0.09172876496764336,0.36580188323895274,-0.027717921961092136,-0.10040235525978702,0.06810536575329479,9.851230708576748e-5,-0.03714338849516474,0.12616276525093956,-0.020595478588773853,0.13848618463093032,-0.10847584093304233,-0.1629087808092761
0.3081860725604043,0.38402112854725995,0.6312470285164802,0.43035949511598326,0.37727160954003397,0.4967013410501828,0.3290126431097937,0.4935855712966568,0.4072161925275333,0.39086274262829085,0.4176063799353536,0.37224008366618666,0.426481266388353,0.3801885299013784,0.2252522032780927,0.4162067638327013,0.9603571384449976,0.3389115179259259,0.4086307280308604,0.5224786299562868,0.3779956312941943,0.6914747113084442,0.2748794121302661,0.48415215995132893,0.4914644080590683,0.21691575242756472,0.36918584316518954,0.2944712111671105,0.4462529760180446,0.467192299459322,0.4578169231308528,0.3589573764309378,0.40239572713401855,0.3362277341906332,0.22974378961966813,0.6254895676733291,0.7614108265611191,0.49209443506045897,0.341027207691404,0.3039978216693317,0.39368621535657156,0.36462404936067355,0.44146021315192036,0.2575144281906809,0.3386734990709481,0.5363990501354864,0.5629468753053946,0.06806456120794162,0.4217762342313611,0.1837942404699074,-0.021978034268415922,-0.12517353599350364,0.016575964085643765,-0.09795068807668929,0.10312873857171968,-0.09201286832340488,0.20308993899060546,-0.05932389265295444,-0.18123018502444446
0.2538275414728605,0.4625346200326417,0.570641677316016,0.44120351426167165,0.3353584266993321,0.45430396193328065,0.29902913344848464,0.5073855251196702,0.32280147229088985,0.3803868292436516,0.3885873919345479,0.2796164493348499,0.41298275365465603,0.3084156767227576,0.4434982930242213,0.350411205461166,0.3389115179259259,0.8003452030825593,0.3693810194080601,0.3258349600862569,0.36640494357676273,0.37947650543740513,0.4576820395838091,0.36665388796487797,0.4388693484555158,0.44814603601378417,0.2935851340925222,0.30043013082067954,0.5899697612430713,0.35611395413763763,0.4669228225143186,0.3135062016414578,0.22760210190789373,0.472537491617793,0.26516473129257295,0.7818251691284231,0.39302156006516265,0.3112855474837013,0.5250409987273825,0.2645613052505743,0.33668057300136633,0.3514972266285146,0.4279641053243734,0.2432407592749813,0.3789758662997668,0.39392640116943145,0.5771047041293766,0.12372107079988996,-0.11535234844225899,0.18378462301590223,0.037381131978226206,-0.0024634107245810398,-0.19834495581857073,-0.05056661359027806,-0.041164388602252536,-0.04544193514130185,0.1449869183988557,0.032335894330179325,-0.12887867177458667
0.2610754229028704,0.30416544252372446,0.4722356108208141,0.43262014642587243,0.7289908642289413,0.5929054904167878,0.2047376809675154,0.44233131377793755,0.2981153132421849,0.3306731969603751,0.3401169918177185,0.37870960905861595,0.38650059838638035,0.3762038453468589,0.35370933452942266,0.37826108391696406,0.4086307280308604,0.3693810194080601,0.831660799471555,0.23651233731237456,0.3289650307768983,0.5877585632269596,0.22109634081530807,0.3252176497084341,0.3868165134649665,0.3683721076200087,0.30542461976913443,0.29821777700872293,0.35833388424570045,0.22721554071341987,0.3716697710912872,0.41441076596422727,0.3394237539119837,0.3707309240011164,0.09603804909083595,0.4996475230794319,0.3908427087864508,0.4144071095687928,0.5281132875958122,0.15389871599397517,0.2753054305931649,0.3127024321373723,0.3209210244360388,0.190666499576823,0.2722210453730887,0.31838688540045534,0.3535035802857626,0.04510944348560483,0.480178270633427,0.3013735871771084,0.04913755115630785,0.35925312420848976,-0.4236618425892094,-0.23278310134894056,0.007904235669164525,-0.07486222557673909,0.13616884495177636,0.016518431984904994,-0.12099634597166192
0.26375304391208815,0.5604335181451742,0.6084667528694556,0.3620293825383817,0.19217746653643808,0.44706276967733555,0.25997438590886324,0.4842391961296389,0.3719285532109424,0.29908996882832517,0.41024024947459603,0.2925257350755412,0.3956686719084482,0.4004831536683844,0.34915282363519906,0.3713099749552725,0.5224786299562868,0.3258349600862569,0.23651233731237456,1.4826702349129537,0.2941714079602208,0.40330638170276145,0.21118850700228517,0.5172861616542431,0.5282472514280744,0.3027442519391443,0.44200072581402833,0.26072537611248514,0.5666842913436299,0.731515159289029,0.5123895614767396,0.3733595652484745,0.34872335958057327,0.33958598762157305,0.3462449326509225,0.6170562700383442,0.9548909270269581,0.40971441700154493,0.4636468122078939,0.5421897546878539,0.6471439763380229,0.30542328647552314,0.4660431714390189,0.15755631367654516,0.2621623792013983,0.7421577955024494,0.5031461719822607,0.2819897131464388,0.6739210715804977,-0.13041250525501435,-0.027012942492958835,-0.21927052969396127,0.30734614441693453,-0.07012542340146372,0.07341798049715147,-0.04172010307704069,0.2130922356295752,-0.04704885693798965,-0.1891179831546642
0.25112282312934736,0.38530311608838547,0.48602387069211833,0.33525322944049685,0.27487006692869526,0.351955631595953,0.24632748268481583,0.3436993827520857,0.3204319843447959,0.24387243556922353,0.310538415534085,0.24542246988484495,0.32818926296691775,0.29183334130660765,0.2922212978744921,0.25913354612555983,0.3779956312941943,0.36640494357676273,0.3289650307768983,0.2941714079602208,0.6421482336210654,0.411522391296531,0.32851573179278676,0.34759276456331484,0.33355919060665107,0.19652092325800846,0.24130106412025323,0.34280795981093637,0.35876804949936203,0.5554202553008416,0.4032302280141956,0.29483239290103536,0.45335800265271303,0.2529664188553568,0.15048731333387466,0.6683518690600536,0.45185735276869565,0.4702797688472661,0.39628571333613655,0.3697888221175071,0.4138445649769648,0.6057240833590369,0.5186730979009808,0.22761401408098547,0.46535249386920596,0.35357656352955824,0.5400856718481768,0.17201470717767472,-0.1598015405762511,0.10135658539501949,0.04634498061800691,0.05340408771021104,-0.13337604942390516,-0.06756698959686701,-0.06260918088400384,-0.06627304736342433,-0.015079724715212267,0.11922734659783671,-0.029841299209920864
0.34277153746715106,0.32629249724108894,0.5788992794478138,0.5112876562302917,0.5700135957112756,0.5613274138414539,0.3125218145006334,0.4705986681426225,0.33012086959620285,0.3917387591102796,0.34846644805798793,0.42623467395805603,0.4432504539244328,0.5115079957986621,0.42378727599913224,0.43893938061731413,0.6914747113084442,0.37947650543740513,0.5877585632269596,0.40330638170276145,0.411522391296531,2.7944602452452614,0.3230504685754023,0.3416012291660264,0.6239919005191616,0.40161992908082206,0.41270398069380804,0.3897613230747323,0.23706698807030108,0.36414171067673606,0.39340960753735776,0.5240331918353691,0.7985690581079042,0.44998784992215424,0.01593858022685492,0.48764740271925705,0.8106954719286402,0.8236830840369467,0.37588182258380626,0.2602276541621766,0.4776371012082191,0.4720253465532088,0.5461430614816677,0.49680991150449477,-0.0041902275201195415,0.5632739184645738,0.4801134019276252,-0.7287799896575576,2.59451478178114,-0.02370180890951066,-0.038704398399855976,-0.08320669732731524,-0.1338354684548769,-0.22582449149101214,0.15708286698598675,-0.05000516805070862,0.1946868993074906,-0.06956062240122983,-0.2837290817928716
0.11600868545376161,0.14730306881296723,0.3852866841678497,0.44940768981965207,0.3131129720013259,0.2726561338637302,0.3648638641160984,0.35194563635517406,0.3214143819056207,0.36364946947285653,0.3182539840283847,0.274209940740605,0.35083171316916884,0.26919879115234413,0.3864402322231533,0.29298605272753175,0.2748794121302661,0.4576820395838091,0.22109634081530807,0.21118850700228517,0.32851573179278676,0.3230504685754023,1.3974371165534845,0.90947561134524,0.5411179281943023,-0.0036383008980996347,0.18370574146287375,-0.10376899726124707,0.7222647871707277,0.6884759053667479,0.2927754483862377,0.19403051309904032,0.12121181161924414,0.3172643807600874,-0.09423323407337698,1.2723759021908547,0.05770933828335338,0.3145557008184927,0.555820187069078,0.42346885732924405,0.2539759522741071,0.2973603693610593,0.4618468900574982,0.4537173566781172,0.18523280938755932,0.5360571414896648,0.582437063221486,0.17995597204799163,-0.8188765721474017,-0.14257964045548838,0.08573693679942686,-0.2106993464202314,0.281217439947773,-0.006391554194359549,0.15453535657501527,0.013332320396193146,0.17558362501933394,-0.17734277514934843,-0.1602195112866642
0.1704771648828455,0.25054250665405337,0.5283798692248352,0.5119305772249787,0.4150250055045239,0.36844636556743016,0.38952896052186436,0.4007910442474519,0.44476023016868554,0.38636538520412633,0.41338566127352444,0.32290301213214384,0.42821762615023534,0.43343722519924616,0.342748511504021,0.3750999929850649,0.48415215995132893,0.36665388796487797,0.3252176497084341,0.5172861616542431,0.34759276456331484,0.3416012291660264,0.90947561134524,2.4346119290670427,0.3831852715961949,-0.4861510848163502,0.3589969985799333,0.011761917061922656,0.4605960732367708,1.071893782030594,0.9625670051024632,0.3579147492043138,0.24099961169142642,-0.45765132341105724,-0.07975586929906946,1.1594436764260623,0.6592552712133986,0.5147139102286008,0.24514956714756475,0.487724017860092,0.6748483153873595,0.3170653249398477,0.14905533949785202,0.321428098567973,-0.23219380050212882,0.842190971353753,0.7695872508790689,0.21610454948358146,-0.6650906345720565,-0.06817471022970358,0.011474880921902847,-0.14816873397512637,0.383467406239743,-0.10812186588227073,0.18341162808860484,-0.02829012632879079,0.38175449519107774,-0.2212826546929559,-0.25799498099629614
0.32616179056240424,0.40236132894484367,0.5849062702735145,0.4257828749828201,0.3248516422615201,0.4522837250695531,0.2950871221025379,0.4579475853789385,0.2761162458795161,0.3949241412914858,0.36166565944696505,0.3698267991240907,0.3928326594708766,0.38612621556687554,0.46280671934936723,0.41594290746670853,0.4914644080590683,0.4388693484555158,0.3868165134649665,0.5282472514280744,0.33355919060665107,0.6239919005191616,0.5411179281943023,0.3831852715961949,1.4891948968467144,0.33846712856890093,0.32851984951701635,0.21222855573045574,0.6412916203178292,0.5572915470894928,0.35340935257324974,0.34846860696738424,0.26042525942905176,0.593048321745539,0.3355782707032822,0.76390725303212,0.42531793997197487,0.4171151455394705,0.5403973462479168,0.38017106066229517,0.30391683744297093,0.33499163367683293,0.5477304931873774,0.3058412319716027,0.47612777162024233,0.5143049047977917,0.5435147942349962,0.07282447659992099,0.31060244373941986,-0.28914853642452754,0.1299320820220828,-0.03572598181029765,0.18717379579463653,-0.0842610132990364,0.12261764351449048,-0.038290560793477424,0.2251772970292524,-0.0852344810650293,-0.2332110412059635
0.22943630077874852,0.42249256907791227,0.6651319864712588,0.36264527264817487,0.27738052730460033,0.6098533489089223,0.29530857822896206,0.566803226335636,0.5183450308442753,0.35433322705468656,0.3329399216052279,0.3698541703260633,0.436675795182522,0.35462785333899616,0.1773276570614158,0.4051778062003914,0.21691575242756472,0.44814603601378417,0.3683721076200087,0.3027442519391443,0.19652092325800846,0.40161992908082206,-0.0036383008980996347,-0.4861510848163502,0.33846712856890093,2.563208460140007,0.2731101682184089,0.523304334445657,0.5422807265216643,-0.6616163540757367,0.10201170437418713,0.4147369008174398,-0.02297554409404208,1.1714036470466063,0.7633287241549063,0.37526607842914184,-0.46104779676987306,0.06249697236129493,0.8152713038189225,0.04652421956004262,-0.1485565668487918,0.23758612077584798,0.5368522224759379,0.21995183905424603,0.9421488890290611,-0.12235685258433311,-0.029808299360356085,0.0057721134436398945,0.7000360927739884,0.4501147662157888,-0.3823163411093712,0.16058611680405827,-0.5508176446265988,0.03989630695447664,0.1787585096776681,0.06389375720419654,0.19747397095696678,-0.1347030527590352,-0.34011855801450175
0.24425103176773927,0.3338698315219684,0.47665060766132067,0.34232681528320397,0.2626253583313486,0.38305899395576026,0.2407897028307779,0.36196431779601274,0.2898920483972185,0.30956614010999595,0.32695857051099514,0.33656633696368,0.356916459948782,0.34155831420191685,0.2660305756985969,0.3670897674767884,0.36918584316518954,0.2935851340925222,0.30542461976913443,0.44200072581402833,0.24130106412025323,0.41270398069380804,0.18370574146287375,0.3589969985799333,0.32851984951701635,0.2731101682184089,0.8054755568531178,0.3045810045594903,0.3334059021851008,0.2954593020375433,0.3862406845505295,0.3888978940329337,0.2768896079801711,0.33320172813999593,0.31670171598285524,0.5343231387527788,0.5041063610849115,0.3205153990197211,0.29864485098359045,0.284321979829237,0.3354755355341439,0.24333904896392872,0.32146410517742646,0.17904657778529987,0.1714352165278955,0.5319657630896815,0.3526436453319435,0.12270754588999389,0.2830478188245624,0.045414254490584144,-0.0707168992319258,0.1132960388212903,-0.058078577737077634,-0.0646126256135311,0.0970557060716329,-0.04339146619917741,0.14278670903655127,-0.08438310335625297,-0.1293426827432731
0.13311380428940128,0.3597948979585111,0.35629945250052486,0.1761664945269879,0.08186228750588731,0.2739938442976342,0.0437290739578915,0.17586139094218275,0.23739827102553887,0.13560294318152574,0.20350108106558937,0.12244075880360573,0.21713747346050624,0.27854634604699885,0.2915916253716883,0.2712209352386632,0.2944712111671105,0.30043013082067954,0.29821777700872293,0.26072537611248514,0.34280795981093637,0.3897613230747323,-0.10376899726124707,0.011761917061922656,0.21222855573045574,0.523304334445657,0.3045810045594903,1.1343875585874175,0.2165875250814158,0.3758143027079374,0.3629514338090466,0.38219480797174304,0.637220988188052,0.2644958168274383,0.5542733730671647,0.7170750636482311,0.4188567801643154,0.4437819930353944,0.18316599844062267,0.2811877382087727,0.2821556786821253,0.34380531523790003,0.6745747632519831,0.25088076364770795,0.7440540191639023,0.0739395914465149,0.3217136288706296,0.14155040916584505,-0.10264929285588112,0.1723392923237984,-0.07135321944278224,0.7541156569369902,-0.9525806464368862,0.03637800733265203,-0.077493432758703,-0.05595003950865184,-0.09193011205577133,0.08526580990231818,0.0831551066733813
0.24587645107194087,0.5654977059752283,0.7837777319189889,0.4530002766167429,0.30606351133058907,0.5743862231527312,0.3021156366612859,0.5902626885675122,0.39140729490343446,0.5140720243407961,0.4683212996396355,0.3741096311503593,0.5489584710015123,0.40939981651553325,0.50753314328229,0.43508396575234354,0.4462529760180446,0.5899697612430713,0.35833388424570045,0.5666842913436299,0.35876804949936203,0.23706698807030108,0.7222647871707277,0.4605960732367708,0.6412916203178292,0.5422807265216643,0.3334059021851008,0.2165875250814158,3.2260581892336897,0.6326830199748144,0.15205757956695842,0.4596522728034981,-0.2434984191378847,0.953608924241293,0.46670670136903863,1.296035055684754,-0.5480995324153084,-0.13067212715653548,1.0995832796648437,0.29073787878340435,0.02968419044287149,0.2657697146784005,0.4483203440744,0.04481932048275312,0.8052904421233328,0.32531782314345997,0.7344180967571974,0.06837499691412566,-0.028325642438162206,0.47149502469110893,-0.28329974101823996,0.08934274914110184,-0.46025419791936245,0.12485808252867517,0.1943850601562461,-0.09177201073952822,0.13434927188581125,-0.22170233658562943,-0.05525311198019927
0.4859200081103792,0.48341857524117976,0.5262791191982625,0.2875494098884006,0.1811178103666965,0.25564838778763394,0.27942559415659024,0.36268029699044774,0.3030298808564373,0.3189592643792189,0.35006514602932054,0.201788026888728,0.3536140702694074,0.42913439283622495,0.47506202397878416,0.3377940073438395,0.467192299459322,0.35611395413763763,0.22721554071341987,0.731515159289029,0.5554202553008416,0.36414171067673606,0.6884759053667479,1.071893782030594,0.5572915470894928,-0.6616163540757367,0.2954593020375433,0.3758143027079374,0.6326830199748144,3.505600426331387,0.5421620037823515,0.3735610831712636,0.6840889214192658,-0.62460127142171,0.3678155126387678,1.173805864143735,0.8837987392087626,0.6907793463647104,0.317824829031822,0.9428169001264163,1.3033856476166314,0.5752200805774285,1.1405986842257132,0.4181718921940504,0.13331592034720552,0.6494326023763743,1.6033451820364173,0.403652392274503,-0.3479319044825777,-0.4984546311440372,0.27769157218696744,-0.45893961113890286,0.5582493376539355,0.06541435593753256,-0.12833121583320153,-0.22662809625457778,0.0734416811381948,0.39628487808511353,-0.06401762678377318
0.3463318800823253,0.3645417034956013,0.5472605711792273,0.40427530933003797,0.3588678528544692,0.4172367385988348,0.28649323145350986,0.409227987824604,0.3637236016813768,0.3140364548941348,0.3881382176033077,0.28651423364370426,0.36925494991696595,0.3951879521934721,0.3256746722532214,0.36048896229728833,0.4578169231308528,0.4669228225143186,0.3716697710912872,0.5123895614767396,0.4032302280141956,0.39340960753735776,0.2927754483862377,0.9625670051024632,0.35340935257324974,0.10201170437418713,0.3862406845505295,0.3629514338090466,0.15205757956695842,0.5421620037823515,1.4691356980839065,0.4049448782731045,0.34907039713325233,-0.057073625366591337,0.21183921148476614,0.9087491748935511,0.9022620698269495,0.576942765746303,0.3844174675447403,0.2863311770570168,0.5999069778553465,0.39333764648768854,0.22857502278234446,0.21751161349314357,0.1981153333300329,0.6258590240285044,0.6088049418767066,0.21744698970765258,-0.06453426524086192,0.2582459624131605,-0.08981297051831606,0.11786399810313876,-0.08915116428206923,-0.1584481410270499,0.10865391066376315,-0.035415528798723686,0.38630358635379847,-0.1397989061239482,-0.28160137299339477
0.32765779880746687,0.312905381798741,0.4772961776167494,0.4295516828913394,0.3261276093390258,0.471609246379344,0.1950121213546771,0.40229328571451217,0.33838622204784347,0.3140776634472503,0.3057887665205354,0.33823129058465756,0.32815206429169996,0.6858522738700172,0.3527386682543439,0.44379406835030466,0.3589573764309378,0.3135062016414578,0.41441076596422727,0.3733595652484745,0.29483239290103536,0.5240331918353691,0.19403051309904032,0.3579147492043138,0.34846860696738424,0.4147369008174398,0.3888978940329337,0.38219480797174304,0.4596522728034981,0.3735610831712636,0.4049448782731045,0.9957969088376896,0.1871314640773165,0.295274617036582,0.28547419852981254,0.5296635086417788,0.42937052508878354,0.3879191748713646,0.3503468405828204,0.23159575450074701,0.3799650454155297,0.28414865279797413,0.3158918527673187,0.19612190282622863,0.2453163163813707,0.3356502684824587,0.4609136134103153,0.09552827605026697,0.7376229075043356,0.2229903213036367,-0.07420472835204454,0.3630092468557985,-0.5329904469057483,-0.01467160898385353,-0.011522545314036339,-0.026894641267728055,0.16787527330026047,0.04841818349427031,-0.24249973027413213
0.21171433809765644,0.3171329973105997,0.263511930156925,0.30210451671030936,0.3529071266128812,0.22659612926875172,0.1691774872057128,0.15620323305274011,0.21874650243514027,0.0844580072631741,0.20533089406469804,0.17490505667079276,0.23354056691059305,0.2194589161878652,0.25268522904928037,0.16304312673070898,0.40239572713401855,0.22760210190789373,0.3394237539119837,0.34872335958057327,0.45335800265271303,0.7985690581079042,0.12121181161924414,0.24099961169142642,0.26042525942905176,-0.02297554409404208,0.2768896079801711,0.637220988188052,-0.2434984191378847,0.6840889214192658,0.34907039713325233,0.1871314640773165,2.2433357464638273,-0.11367036497712905,-0.52859424351925,0.6716917650257188,1.0467901539008313,0.8325962565926222,-0.20645355426297418,0.2889371371081534,0.5041845040451679,0.4678332570784936,0.8286978355646252,0.2680194376394771,0.20210538809511203,0.49663009142345355,0.4418049969608907,0.15920762320070034,-0.4905547509834994,-0.13161566929666887,0.07419197068574133,0.05056097933453535,0.05812797934347897,-0.23813073511231028,-0.1858370530454396,-0.14162717412400558,-0.1793004393923031,0.25526947908969816,0.2703186618936503
-0.3259413564487167,0.4516364382725717,0.6958316152773448,0.4772331617366,0.1961314550539169,0.5943570120545177,0.27443565146170773,0.564701411489907,0.40805372039485555,0.4410379555281157,0.335095128178739,0.36905905017494894,0.44908927775624075,0.24020827692266097,0.34094341232463043,0.36764779660782565,0.3362277341906332,0.472537491617793,0.3707309240011164,0.33958598762157305,0.2529664188553568,0.44998784992215424,0.3172643807600874,-0.45765132341105724,0.593048321745539,1.1714036470466063,0.33320172813999593,0.2644958168274383,0.953608924241293,-0.62460127142171,-0.057073625366591337,0.295274617036582,-0.11367036497712905,3.5133296121273787,0.8914649052582695,0.3001171912861988,0.022611853591237782,0.01867276279913828,1.1351055568876398,-0.33597929861699255,0.2848659326941212,0.23771768660015638,1.077147546958657,0.3780019894488948,1.3155360340206184,-0.11677732922138799,0.12080708408838109,0.06443213196380233,1.283194521537994,-0.023763565499106878,-0.12185724444610477,0.30434641302983245,-0.25653767032880875,-0.0351409393460403,0.005507461573836265,0.14668123155826737,-0.37642269162962394,-0.012718895492338395,0.15301074038026824
