1.6589843145191137,0.40273358913946117,0.9813321783550158,-0.15972655573196012,0.41690121939111446,0.21866128335749171,0.5679407913235929,-0.026812985238144967,0.16904359829368534,0.2596298005119423,0.17219160907032782,0.2727678987507669,0.10562767116937173,0.14075552693662197,0.16023250604144668,0.1606484250997101,0.27525905985459387,0.14540634099831684,0.08113724681426707,0.17383903340921109,0.2065907558367637,0.16967076551940258,0.02320075690899693,0.1002990102890947,0.13086895039619467,0.21749177466728326,0.3328286976586214,0.11636466418545811,-0.027607198444830894,0.13179978028089376,0.1664622772152928,0.11266970565627571,0.21030724795523154,-0.1475863553471114,0.05251368306786237,0.10716409919224254,-0.023144810618517798,0.10993346737238063,0.04941644746502641,0.27925357869276524,0.1902967601838525,0.10425353928189815,0.17058031699503384,0.01305419848594959,-0.1205218911316848,0.18123228851850054,0.050128815775952566,-0.009195152742815604,0.6174966564568216,-0.18781131199721085,0.31210197181495847,-0.20774344434292444,0.094346766810845,0.05751379372471733,0.28863261373251703,0.11754931701902664,0.07098608322986076,0.1283919505672746,-0.426961025554656
0.40273358913946117,3.1085085664606074,0.4739252260290281,-0.3056441754517258,0.3211626732882465,0.9252188866030651,0.0065381801855290194,-0.07298938724593106,0.15607298835923047,0.07213968816254201,0.18352275434686696,0.15263477176702045,0.09716752119865806,0.16539196961616692,0.1846694114599246,0.09937501540023538,0.23634325932654368,0.34349287714357607,-0.2607629662833464,0.45014095244395746,0.3235812271107824,0.09901498360302,0.10101284215724649,0.1830255229003695,0.09390953163375124,0.013642062868231683,0.4618155950677316,0.2802943402910887,0.01074385399961055,0.24667416031144832,0.254566234284883,0.21011400805621983,0.2512818837087944,0.10101110921127548,0.11114229509082986,0.1468880602698507,0.31657243956440745,0.23437819698068765,0.31709020984041847,0.4753355965099263,0.24223556313027347,0.1464914623384883,0.27133529159795866,0.007481258985937275,0.2275807154847351,0.14244421855170794,0.4030182898382158,-0.026200868503185683,1.0625471261604207,-0.9068945037949568,1.5425994737755038,-0.28195726205760147,-0.06861846374638021,0.1294259387766632,-0.3735463852650001,0.0536647559850956,-0.21573236569536466,0.30438340152409,0.2120697935671667
0.9813321783550158,0.4739252260290281,2.8496598420761163,0.04356339965402273,0.4097055892347269,0.5636209627962256,0.4318273253231775,0.3460433298110558,0.38022990561816117,0.3873072021760204,0.36239516509527153,0.4646642304278074,0.2597924771334559,0.2863142549855327,0.4884017838752335,0.2597947009148727,0.4868853144755373,0.3536247127477948,0.34641896042143105,0.41331059859662306,0.472138195373431,0.3304854577428722,0.2812403919070168,0.3887089139522664,0.32457929036579636,0.4003245710762419,0.45105038998346453,0.42044279092699993,0.26731961485443667,0.30317793691305894,0.3592220376694972,0.23367823252877748,0.5554241395038311,0.2813945617490736,0.31817054685772334,0.27341956075792134,0.506331618908375,0.25325113635522256,0.46140650174060094,0.20878750310460406,0.2958083488405603,0.30504162457350414,0.4117813028769348,0.017671828980790907,-0.02317641192875873,0.34816028463470794,0.36103681447984975,0.0007979621839866931,0.9998986521918929,0.2111348211144239,0.018892725786168484,0.0008969972139843633,0.03667475905943472,-0.2095521595980682,0.09490237979987745,0.01921048305746972,-0.3595160951311047,-0.03884196721266502,0.2395819500644232
-0.15972655573196012,-0.3056441754517258,0.04356339965402273,1.4752961911031193,0.22208009088905803,0.2590051976441113,0.3164121797342053,0.4446052012467129,0.18492718460502974,0.2730564370922969,0.296670455100912,0.432210838287894,0.20336256205042463,0.3738127896800977,0.31379768778862716,0.3434906745745528,0.31357671391500086,0.2690582654160672,-0.02360764276860319,0.346304186881263,0.22929621771452527,0.23021754534606476,0.35403440462680114,0.3242771307168411,0.32042983403074576,0.2925781264245507,0.04742004833053295,0.04956116619181736,0.4225978632678849,0.019828959684060912,0.22443300799065413,0.3733068281021654,0.1475043833049442,0.5127635388275343,-0.10246175673697695,0.2346475545739948,0.25346819798383485,0.2071266671815866,0.320514170278241,0.03185430054332703,0.08937233482700463,0.08835192688479832,0.4098057329268704,0.0660013458305939,-0.0009740008629062238,0.06297868357823871,0.19234350604515763,-0.02228680287484498,0.19239655453814702,0.032065095060565166,-0.03957498895857476,0.06762721897754904,-0.005792313935274471,-0.023999396234834183,-0.10465048713823541,0.03348034486111226,-0.2789060805412398,0.36353137623471543,-0.1454165739916166
0.41690121939111446,0.3211626732882465,0.4097055892347269,0.22208009088905803,1.3605335323736616,0.35036562487251544,0.2938416496046167,0.14681914272749055,0.2901490925358858,0.2449976748959484,0.1816589946758289,0.2983788690469988,0.16990274919670068,0.2598395210426631,0.34520402729221955,0.31600574438782164,0.21033691358237316,0.2618607991234286,-0.022208868070671187,0.3291197820680308,0.18851773399766794,0.22651380000569393,0.2584767316640011,0.1859149985542625,0.2596582850724904,0.23239039789500282,0.0920793399018333,-0.02288714662481343,0.31759434787024665,0.04876155841559355,0.19760439564922844,0.25088145024869096,0.09591319306282899,0.3589430429323583,-0.23851767144775535,0.24691502258262057,0.18045544712560083,0.1821433745246595,0.22053504505669633,0.1262584677486287,0.1504863239898956,0.14031763709891135,0.27792105775581055,0.057430970030383006,-0.11334816667460174,0.09223505854462019,0.16109597363179595,-0.02580560949270944,0.4169926594033998,-0.20573030973430015,0.20678702066908547,-0.10709793840234709,0.04543741696499294,0.09161311297227649,-0.023127177292429225,0.08762162360033349,-0.28891673222258774,0.139565660787582,0.08253199020224729
0.21866128335749171,0.9252188866030651,0.5636209627962256,0.2590051976441113,0.35036562487251544,1.385645841166424,0.08316440043855716,0.11297955251879156,0.23253820995029875,0.1420229139771893,0.37018795229387164,0.3271707587037667,0.19878564014595654,0.3058113208032147,0.21870327985351934,0.25020874333719834,0.3908168951254042,0.3098997954304598,0.21765657526778498,0.5620811846851499,0.460665420538787,0.2854004429895246,0.30748233551581916,0.40993884970375966,0.3119438089321296,0.1962202461537866,0.23751469952441573,0.2651505963029661,0.4347345115170069,0.3100018237778145,0.34637444697097114,0.3267028395669031,0.38642501282099306,0.38426977923616096,0.10800562481738465,0.2319767863253251,0.5009811463511868,0.29120936704014405,0.6168169921540652,0.3339447046866354,0.2968124640418671,0.1415293878290588,0.50504270007315,0.06722315690315075,0.027396218008313118,0.11030485906638034,0.4837880476833186,-0.012257254175262059,1.4752198692978638,-0.15843929195430934,0.10825830773661357,-0.10938746337885191,0.035606835109937764,0.10216635538854558,-0.1868417578213747,0.08722838048338444,-0.35686383726053983,0.31704730425794503,0.15987709842543749
0.5679407913235929,0.0065381801855290194,0.4318273253231775,0.3164121797342053,0.2938416496046167,0.08316440043855716,0.8406636981257791,0.05263337551327804,0.19828266360722135,0.23434321586737675,0.1936867952073683,0.324696789119596,0.16715653660531138,0.1198877402700362,0.15816412008742037,0.22134567823342036,0.3034132773968567,0.14225580465251428,-0.02728121830650296,0.18742808382987075,0.20830571390180183,0.21040378276193716,0.157445842198168,0.18793812222660347,0.20712106148103385,0.23588354006686355,0.1430076690625199,0.07979954512418323,0.23348888829739992,0.006108007255260075,0.14204979442172389,0.14282768242673238,0.19493329304836338,0.2254384084046596,-0.017067550332977324,0.13568001547856,0.06334895624945008,0.10859956216256879,0.02294824132650852,0.07734050858553186,0.0460453968670867,0.12659842536741067,0.2607192606031253,0.04899282100890282,-0.19780743925690022,0.07131494080174385,-0.09247194004806321,-0.011255823261421946,0.47721026708528425,-0.11818282274946527,0.05970074364733422,-0.1266202986323596,0.06321010925486963,0.0928974116842828,0.19773525393496233,0.17618446493646375,-0.050894304495190515,0.022132303614120385,-0.2581033508626323
-0.026812985238144967,-0.07298938724593106,0.3460433298110558,0.4446052012467129,0.14681914272749055,0.11297955251879156,0.05263337551327804,0.7791627707064104,0.0370303507393221,0.24657737692396114,0.2383751341946148,0.22409540220132865,0.17953097148860797,0.2297428589655308,0.26954723045170226,0.20093130185163324,0.26297045317092416,0.2659706211434049,0.1465250969201035,0.19857699682696217,0.19035159270643864,0.12975154051310048,0.24676917473042803,0.19406096108228124,0.266108942723841,0.3102418120611555,0.18632001658873118,0.1488846114578885,0.2444744816621889,0.08869570187041509,0.17019731671466712,0.18979827872456304,0.16798418497938258,0.29687116450089496,0.2248418674835647,0.10120620549658922,0.24942517498713,0.13721921980553753,0.2623217364493616,0.05385698667523797,0.049480898479679646,0.09590095114987914,0.3605703901702386,0.025986451893496004,0.03633992944228086,0.19028020605658627,0.24201311067555076,0.0024133101298313728,0.43974394632996805,0.23276676385348666,-0.06504467886152834,0.14809306837595734,-0.005873442779700057,-0.17298419853482278,-0.09567340063976294,-0.06755150882241943,-0.12191187310377372,0.38402280470567846,-0.16628032909037993
0.16904359829368534,0.15607298835923047,0.38022990561816117,0.18492718460502974,0.2901490925358858,0.23253820995029875,0.19828266360722135,0.0370303507393221,0.564621727540667,0.12222952116712128,0.16492106821693026,0.21653858099511805,0.14765501107732595,0.21248021475021042,0.13134736084999282,0.19571754143013104,0.1786226579265012,0.16780753607005144,-0.052361758996446524,0.2301861853414009,0.17532681051229143,0.32171107449394415,0.23856704179802,0.2111205552823201,0.15244936305747056,0.26741637986321126,0.11552238670905118,0.15579038719229962,0.09390366883317347,0.07586364299101063,0.1584956436318179,0.2023430184170974,0.22717904053342325,0.1545638113961231,0.07815344014339204,0.11093696120059686,0.2168486163459154,0.12105223308685657,0.20425165646142582,0.08957240551791107,0.07406015964111194,0.12806535413161205,0.2639846522104822,0.03124393569507371,-0.03932251834967649,0.1205640061972776,0.15063029415156828,-0.03302871732577771,0.3792411149520145,-0.07784871809501244,-0.003318447441578152,-0.06746340602513447,0.0750743184626532,0.002417921012933971,0.08382311738007377,0.09698437040453924,-0.2035909636781739,-0.012257621077649153,0.04167546853959053
0.2596298005119423,0.07213968816254201,0.3873072021760204,0.2730564370922969,0.2449976748959484,0.1420229139771893,0.23434321586737675,0.24657737692396114,0.12222952116712128,0.5213092427701403,0.170902792908539,0.255992468210673,0.14456587914700966,0.18546423555155406,0.2540952810641772,0.21875749558605054,0.23498206152649168,0.24867568875025783,0.12322455263320926,0.1567831359284159,0.1574432070914128,0.18128573902916192,0.25010975384021406,0.17952899419626306,0.21762864485181796,0.23064440748859033,0.22193001806591411,0.15979247920744036,0.2559276516934026,0.1283870460826607,0.15588706648701942,0.1724458541013179,0.08183719101050724,0.3241247055493087,0.21035592186445917,0.09251315003633952,0.18513951132824724,0.10820933139007888,0.2633615371370438,0.0847370896844608,0.05547599999237392,0.13024179951628698,0.2902687363451795,0.01638267236627001,0.04719516821131818,0.05175032376352221,0.20406762586863683,-0.0038965517043204824,0.4250674133027378,0.014271368539066753,0.00619718041613613,0.008163741906949585,0.010102222915223691,-0.0151140040011136,0.08516371485580508,0.04052976421752513,-0.10900509096811832,0.0811282146238073,-0.0867347268267325
0.17219160907032782,0.18352275434686696,0.36239516509527153,0.296670455100912,0.1816589946758289,0.37018795229387164,0.1936867952073683,0.2383751341946148,0.16492106821693026,0.170902792908539,0.40166323331177867,0.26379392682171676,0.2307099279305535,0.2308688681945434,0.24207147612880708,0.1949268879679788,0.31553627969239495,0.23792684994090788,0.07761572637210805,0.3596678727367517,0.22358379258585145,0.19058847009365545,0.24832085730326908,0.27582683041636474,0.2468239231243638,0.23580449420077387,0.17710232741673518,0.21512470824291166,0.25564131732374884,0.1691326323165541,0.2231495535411555,0.23388728763282368,0.25053918456228497,0.27808294051066934,0.18262253457264543,0.12743643875841298,0.2974470026047209,0.18702345232894593,0.33725509993718567,0.16578309662848228,0.13931172061696231,0.14894069885110944,0.3233463766170818,0.028828377195472238,0.0530097552530622,0.06693459006935788,0.25723796529518983,-0.0030084141304179825,0.521237024301044,-0.016333209028910993,0.03972348821909718,-0.06802725028360616,0.04672291045437105,0.017160099203537053,-0.05671608397150684,0.01954071649225264,-0.20173326209137118,0.21063677114958018,-0.009830275547907812
0.2727678987507669,0.15263477176702045,0.4646642304278074,0.432210838287894,0.2983788690469988,0.3271707587037667,0.324696789119596,0.22409540220132865,0.21653858099511805,0.255992468210673,0.26379392682171676,0.6690884310895134,0.1448748578005648,0.29759210362102206,0.3571784112533275,0.24926598062141456,0.3385860587743332,0.2067242610059974,0.06904040062187658,0.34783544015053663,0.2682936250330125,0.2027744066248871,0.2548993513191986,0.3333150609341475,0.3143291047544765,0.3621967164813834,0.34725294948190377,0.21584492895038881,0.2556055631004662,0.14093779561117775,0.30029124660189854,0.3161065579091064,0.20678736525721972,0.4075133786005651,0.2676629101480056,0.17776892771203195,0.23747190081392822,0.19473193148643178,0.36733189504060315,0.1743202350458589,0.16657375455607398,0.20790342531246897,0.3241697941199346,0.010465556627051472,-0.036241312151159014,0.0774535661279797,0.2191136575345958,-0.009352590090018285,0.9522482731345736,-0.1360053307867981,0.034755433580262764,-0.10270922236979613,0.08629557540956363,0.08563640111042194,-0.04172905253182879,0.20083264940859744,-0.218729304196558,0.2151791988187183,-0.2663426185197381
0.10562767116937173,0.09716752119865806,0.2597924771334559,0.20336256205042463,0.16990274919670068,0.19878564014595654,0.16715653660531138,0.17953097148860797,0.14765501107732595,0.14456587914700966,0.2307099279305535,0.1448748578005648,0.35544628257244654,0.1225117488535839,0.12825048722478932,0.1582227268685661,0.18566489808309758,0.18382589741348263,0.05773342847565622,0.21884015634824874,0.13590032344810418,0.17899479555223533,0.1867106385215176,0.172950909906385,0.1648797796656857,0.1856404390716466,0.09846433403864378,0.16324227832187665,0.183850178135615,0.058428500448498955,0.13229311447472303,0.1709345492665475,0.21509256384751685,0.2012007661640315,0.12652890204633407,0.06729549822833249,0.20146944789623622,0.08291043554796808,0.2606290003554446,0.08837368471744014,0.06800490901723553,0.09224953344665164,0.19052302390903028,0.030031741683338043,-0.05553320002514575,0.048555130378666024,0.13174750476494765,-0.0009235219432266349,0.5203642629493196,0.035581416392585295,0.047429676725834174,-0.08076088619338735,-0.0013619503476627116,-0.006934956201652348,-0.008413755932117871,-0.012756773385756414,-0.12219466695434263,0.03653751774861957,0.08349667469965391
0.14075552693662197,0.16539196961616692,0.2863142549855327,0.3738127896800977,0.2598395210426631,0.3058113208032147,0.1198877402700362,0.2297428589655308,0.21248021475021042,0.18546423555155406,0.2308688681945434,0.29759210362102206,0.1225117488535839,0.4887887693761148,0.2966775021995373,0.2614965373331297,0.23470598003543164,0.1983593766575629,0.060702747782461285,0.3214751954419603,0.20935127233921125,0.2146829960516914,0.27933270189052106,0.26992464030186275,0.2380712320223007,0.20216234245184042,0.22272297708732403,0.1890272856885426,0.17814618782911606,0.19857552817457388,0.229185355014533,0.4235269859858644,0.17800805432522349,0.29833072107286307,0.14853468840593875,0.16446806059502977,0.2399707438496614,0.18787311441179347,0.40781467108661257,0.20278518961698494,0.16447211633127687,0.13083196034103514,0.33281759599514005,0.021479476524259793,0.003015220103976161,0.06889611087004308,0.28671830342149135,-0.012341400367705146,0.7674872675056705,-0.08006723655574322,0.19146598783999155,-0.11059417098396224,0.06155114009854041,0.02129397801929845,-0.18004633870916972,0.0702109351761823,-0.27418556673873085,0.33618256473461716,0.010929729904947349
0.16023250604144668,0.1846694114599246,0.4884017838752335,0.31379768778862716,0.34520402729221955,0.21870327985351934,0.15816412008742037,0.26954723045170226,0.13134736084999282,0.2540952810641772,0.24207147612880708,0.3571784112533275,0.12825048722478932,0.2966775021995373,0.8784134834783806,0.14058608199795503,0.22220549347719085,0.33106761303644744,0.008355443409925112,0.349248635354669,0.2581629553414695,0.06687188141640343,0.28418024360341004,0.23839434043779367,0.34367254017206283,0.23433256261865645,0.2637036866180383,0.25127664403385636,0.3474250262686443,0.39660160938631445,0.2628652716182561,0.22445568786555026,0.19303732610800878,0.3913710919133838,0.07849704014513685,0.17216088346719804,0.36110396206106493,0.2576356692559754,0.3162260202772837,0.13277725003815705,0.22241584007238765,0.2381612387462486,0.4046166405789158,0.02059201471214745,0.17811700541102787,0.08445396159665937,0.4183816440024661,0.007842386215374154,0.2622870984684918,0.08972628668277036,0.01737768234879249,0.08843326491044301,-0.07708150411545862,-0.032416575722457194,-0.09804149614079864,0.08589889854305337,-0.3514673991989585,0.2654281611058443,0.054875304896372136
0.1606484250997101,0.09937501540023538,0.2597947009148727,0.3434906745745528,0.31600574438782164,0.25020874333719834,0.22134567823342036,0.20093130185163324,0.19571754143013104,0.21875749558605054,0.1949268879679788,0.24926598062141456,0.1582227268685661,0.2614965373331297,0.14058608199795503,0.6541929804042658,0.24563009413564457,0.2382387216785454,0.08720178643278882,0.24939671932933205,0.16857096926497514,0.35820485199094937,0.2588010780254609,0.22065134299912145,0.20955077747911063,0.2513387763061265,0.21424471361426584,0.206401276687088,0.1999733680961954,0.10540837337128049,0.18617354307863632,0.22572632939924983,0.16201585248185255,0.2897516452011697,0.28303017344972164,0.06979088652534292,0.24463417600593002,0.16023301205574186,0.3102335184727506,0.17963217508772594,0.08984932416055139,0.11687180781067769,0.4295638903696371,0.056653929336128374,0.17258016096451964,0.06888954109805608,0.22526260251700442,-0.0022103100762386097,0.4240528069313071,-0.1604780224538707,0.030098007635086913,-0.06519921542531117,0.04240282097607196,0.06556170011233134,-0.0721818331827722,0.07958235866601863,-0.24106658414160723,0.253936483205078,-0.05569490189693116
0.27525905985459387,0.23634325932654368,0.4868853144755373,0.31357671391500086,0.21033691358237316,0.3908168951254042,0.3034132773968567,0.26297045317092416,0.1786226579265012,0.23498206152649168,0.31553627969239495,0.3385860587743332,0.18566489808309758,0.23470598003543164,0.22220549347719085,0.24563009413564457,0.7577171373787501,0.2802950545411897,0.13445471179119717,0.4294147357814659,0.2710569214707728,0.2719826157787551,0.3024578565959869,0.3289337641739617,0.26550206170874086,0.192423123062416,0.25408681041796954,0.31638803908080493,0.2209356863252719,0.16914436700988958,0.2714258067935605,0.21701972694711455,0.399836161715357,0.2761680971827469,0.25347138264517255,0.0632414137408774,0.4409325913654037,0.2463313903349885,0.3945910191177358,0.31708502449660547,0.14035003722146025,0.17461007308976634,0.44232661455716077,0.039858012521430654,0.2065477059473042,0.09954009702697995,0.2672142400568748,-0.006874219934153439,0.8069509072261495,0.01950110597134587,0.34588993706799115,-0.22450461538578106,-0.01591768517466499,0.05564536028568315,-0.02423086143808461,0.019652916814701923,-0.20892373219499144,0.24840574508462004,0.016165834459690456
0.14540634099831684,0.34349287714357607,0.3536247127477948,0.2690582654160672,0.2618607991234286,0.3098997954304598,0.14225580465251428,0.2659706211434049,0.16780753607005144,0.24867568875025783,0.23792684994090788,0.2067242610059974,0.18382589741348263,0.1983593766575629,0.33106761303644744,0.2382387216785454,0.2802950545411897,0.8119454174753791,0.025464586618431484,0.23902401593495518,0.29807947036171173,0.2188161714713496,0.5859561655800702,0.21458919131501408,0.2928037037376021,0.3864850697312684,0.023953463686272228,0.2995028923389757,0.3584802104776292,0.14256886703909355,0.2515468531762606,0.17155940964642488,0.29003901799754717,0.3274600652662763,0.2069677873480146,0.03638763762751187,0.4188046870826986,0.1633310063555748,0.5508855614769018,0.2879293873732202,0.03134679125297948,0.11368507007243801,0.5599596928499846,0.06849423894929141,0.4764413477809268,0.03945676752228331,0.4897430793296431,0.01823670183770241,0.48091721773767754,0.12384387362985486,0.28172017899818774,-0.07558063358180299,-0.16660424526550127,-0.05646723339356964,-0.03247262013814284,0.059281074328297136,-0.2102192376757909,0.26271923097906125,-0.0536694619877857
0.08113724681426707,-0.2607629662833464,0.34641896042143105,-0.02360764276860319,-0.022208868070671187,0.21765657526778498,-0.02728121830650296,0.1465250969201035,-0.052361758996446524,0.12322455263320926,0.07761572637210805,0.06904040062187658,0.05773342847565622,0.060702747782461285,0.008355443409925112,0.08720178643278882,0.13445471179119717,0.025464586618431484,1.1774229013409743,-0.16133761592180826,0.24114445534228907,0.11351111649133165,-0.20967656026149176,0.13943466874043053,0.02651767093237863,-0.04653876811716482,0.2875406739148517,0.18540046580179914,0.026351957309429384,0.14492979791255425,0.20943862638450095,0.06399062711422371,0.25164393749465247,0.02505485913752619,0.1937289683622805,0.20519273549748318,0.09580152422390358,-0.00987002726313152,0.3221737901759939,0.056418357760759964,0.20747073788018616,0.07385226028414427,0.011271598604081216,-0.011982076855662908,-0.15001332004156426,0.07628805215174686,0.04624049086380207,0.013796307488917862,0.6185662080028936,0.32999510087036243,-0.020786907558466287,-0.029197289826938488,-0.12613672739249784,-0.0929403210725782,-0.05283950566845889,0.012492257626728306,-0.011615994904990665,0.05174297737506156,0.02449237413748563
0.17383903340921109,0.45014095244395746,0.41331059859662306,0.346304186881263,0.3291197820680308,0.5620811846851499,0.18742808382987075,0.19857699682696217,0.2301861853414009,0.1567831359284159,0.3596678727367517,0.34783544015053663,0.21884015634824874,0.3214751954419603,0.349248635354669,0.24939671932933205,0.4294147357814659,0.23902401593495518,-0.16133761592180826,1.2434767613652427,0.14627493951421808,0.19121299120469795,0.4716240886692453,0.38371500338471004,0.3397936295674119,0.263173708098852,0.03948208156315616,0.29510165197659843,0.2707803388264821,0.43091386675751736,0.25877760251592036,0.31186837372893916,0.3994222825911387,0.39287090279376735,0.1802611911267995,-0.010237479647927364,0.8694253563845823,0.552445640725658,0.6694080756876006,0.4663792060161075,0.21423654201883713,0.23086817943245186,0.8874008760169357,0.06770025090111927,0.7374507161316336,0.17788668492308157,0.3733323756893325,0.044155881421490614,1.2125731590841549,-0.15821268527752183,0.13694705448491462,-0.06927362119621419,0.07439086733603112,0.04676266872655389,-0.09756625414699419,0.022021981567061095,-0.37798869998778434,0.36094061673534716,0.06032724756133197
0.2065907558367637,0.3235812271107824,0.472138195373431,0.22929621771452527,0.18851773399766794,0.460665420538787,0.20830571390180183,0.19035159270643864,0.17532681051229143,0.1574432070914128,0.22358379258585145,0.2682936250330125,0.13590032344810418,0.20935127233921125,0.2581629553414695,0.16857096926497514,0.2710569214707728,0.29807947036171173,0.24114445534228907,0.14627493951421808,0.695048917358228,0.158553852633378,0.2765020004281841,0.2805191610848394,0.2619996087614944,0.17745431150656296,0.2466963098628302,0.34164137624467406,0.32213452977859425,0.3354041078223714,0.36388343540962176,0.19478472087457158,0.4618504117374156,0.23554919685920966,0.23081055245941365,0.31158783706505017,0.28945310128673424,0.13880380042686394,0.5070827331758058,0.2467324332574535,0.32102561574732313,0.18198840313752637,0.29776724166194757,0.051830299763819074,-0.18037767091984355,0.03586843933921252,0.35645442168111613,-0.02431038328062781,1.0666081038852844,0.021679574925170014,0.0775292791420847,-0.08530947293359258,0.017164937228447072,0.0034314815437952377,-0.035396998921041554,0.04713927618380819,-0.22922104535297794,0.14239975197644944,0.08666888303396122
0.16967076551940258,0.09901498360302,0.3304854577428722,0.23021754534606476,0.22651380000569393,0.2854004429895246,0.21040378276193716,0.12975154051310048,0.32171107449394415,0.18128573902916192,0.19058847009365545,0.2027744066248871,0.17899479555223533,0.2146829960516914,0.06687188141640343,0.35820485199094937,0.2719826157787551,0.2188161714713496,0.11351111649133165,0.19121299120469795,0.158553852633378,0.7978595212532913,0.3075467839864868,0.18354833256816186,0.21075298248587332,0.2739854540631218,0.1338437092531032,0.16857366456865705,0.16303023991796103,0.0062962262536741,0.12712390430283502,0.19913078517959695,0.2105722296204323,0.2255900399064215,0.2241322785455881,0.007845481032064316,0.19097506056579844,0.0913949131668156,0.28264815517344755,0.1511096046210285,0.003954422721067345,0.12745563670733892,0.2653889284300097,0.0410530942828979,-0.023174143322639763,0.08833696052952428,0.1562520399457751,0.0020884053214672337,0.5054296196755882,-0.12126042033251197,0.03175152582272246,-0.21119277128949243,0.08285801534169142,0.03299114883417416,0.009093332877473681,0.05308038491938494,-0.18228928207161849,0.08317887473318207,0.01490209851084272
0.02320075690899693,0.10101284215724649,0.2812403919070168,0.35403440462680114,0.2584767316640011,0.30748233551581916,0.157445842198168,0.24676917473042803,0.23856704179802,0.25010975384021406,0.24832085730326908,0.2548993513191986,0.1867106385215176,0.27933270189052106,0.28418024360341004,0.2588010780254609,0.3024578565959869,0.5859561655800702,-0.20967656026149176,0.4716240886692453,0.2765020004281841,0.3075467839864868,1.9402944223033878,0.48577974853785694,0.3841612100611524,0.09479319669248254,-0.041681512892117925,0.37915473231485536,0.6004432194096777,0.5698826778917615,0.028130655755163336,0.20020649676367705,0.5567583968688636,0.5245370006839463,0.34899830459192027,-0.20792531485398116,0.8337777042995549,0.22029712049295708,1.0119740527904688,0.5287285894547225,-0.0016495052504107521,0.25978007708305506,0.8209005260282259,0.13219449983887954,0.4204189628882079,0.098238642611783,0.661637089367806,0.10166204511714193,1.3108959949319257,0.21451895369455445,-0.092159948151019,-0.1543106319120552,0.19477711746992393,-0.032739863572778714,0.027634368409647884,0.020293069712678535,-0.3264086265960336,0.19987878746721982,0.12180950305585309
0.1002990102890947,0.1830255229003695,0.3887089139522664,0.3242771307168411,0.1859149985542625,0.40993884970375966,0.18793812222660347,0.19406096108228124,0.2111205552823201,0.17952899419626306,0.27582683041636474,0.3333150609341475,0.172950909906385,0.26992464030186275,0.23839434043779367,0.22065134299912145,0.3289337641739617,0.21458919131501408,0.13943466874043053,0.38371500338471004,0.2805191610848394,0.18354833256816186,0.48577974853785694,0.9165449292512403,0.22737329390649533,-0.11129250861680783,0.3522726829290567,0.4636713498131355,0.16367795077222957,0.6822742205628243,0.3706171083751547,0.2802931027976423,0.7457538457437192,0.22878468310064,0.30603381874284497,0.2363649299944453,0.5504751922841695,0.2849261273313565,0.29429193475563903,0.16387127436817256,0.41284310037739436,0.32013781817915155,0.4167863183516943,0.05781890698972247,-0.1759413304702083,0.07767637393200241,0.5099419338658637,0.0026218590214296227,1.1017036221196317,-0.10511978656603943,0.14102970674933238,-0.18035155731823813,0.1713391661477138,0.02225380059918604,-0.1599363610929009,0.012672659125352495,-0.2511841913529481,0.31058796174532305,0.0036936048204233287
0.13086895039619467,0.09390953163375124,0.32457929036579636,0.32042983403074576,0.2596582850724904,0.3119438089321296,0.20712106148103385,0.266108942723841,0.15244936305747056,0.21762864485181796,0.2468239231243638,0.3143291047544765,0.1648797796656857,0.2380712320223007,0.34367254017206283,0.20955077747911063,0.26550206170874086,0.2928037037376021,0.02651767093237863,0.3397936295674119,0.2619996087614944,0.21075298248587332,0.3841612100611524,0.22737329390649533,1.3547864228165507,0.25992010989437064,0.12043164814342379,0.1671925089430217,0.8337640498845936,0.3726985581906355,0.3439212423233173,0.2098517287367318,0.12023084596398147,0.49415776409397166,0.23158348405775608,0.34906285023306466,0.2481564715883244,0.1964690785932784,0.2663667229389986,0.11945702450483164,0.1197811148245212,0.15019854706527228,0.5155875823650373,0.048761312851892606,0.050794936505343155,0.05661641749540035,0.3528918554327477,-0.06346053294065165,0.5048672178552619,-0.16011941254930387,-0.43582486915319735,0.05834298545073983,0.13924414024420592,0.062387012919668194,-0.02394913088533503,0.05718937229342651,-0.2372098294303303,0.24131198600028245,-0.058785864307740576
0.21749177466728326,0.013642062868231683,0.4003245710762419,0.2925781264245507,0.23239039789500282,0.1962202461537866,0.23588354006686355,0.3102418120611555,0.26741637986321126,0.23064440748859033,0.23580449420077387,0.3621967164813834,0.1856404390716466,0.20216234245184042,0.23433256261865645,0.2513387763061265,0.192423123062416,0.3864850697312684,-0.04653876811716482,0.263173708098852,0.17745431150656296,0.2739854540631218,0.09479319669248254,-0.11129250861680783,0.25992010989437064,2.4485678121787826,0.384023126187162,0.326294851837035,0.18780106089207207,-0.9198971458582623,0.21449850904173307,0.22597002543028696,0.015873059204816273,0.34040715624847995,0.4409309373692238,0.021640293122753642,-0.24073120969904999,0.09786083057415804,0.36354404957998926,0.13412228565904794,-0.16396140601526588,0.12867573902134968,0.4622362505467673,0.004299298844475521,0.1871094679516971,0.18481231848280025,-0.21613067681908021,-0.004859559315627053,0.48881083111366447,0.47871799156648015,-0.6653915791569108,0.2066518627157955,-0.2847913062155057,-0.053253467418198086,0.07865130546024152,0.13984442043102044,-0.14687589920894079,0.08023067629598826,-0.14236317847305247
0.3328286976586214,0.4618155950677316,0.45105038998346453,0.04742004833053295,0.0920793399018333,0.23751469952441573,0.1430076690625199,0.18632001658873118,0.11552238670905118,0.22193001806591411,0.17710232741673518,0.34725294948190377,0.09846433403864378,0.22272297708732403,0.2637036866180383,0.21424471361426584,0.25408681041796954,0.023953463686272228,0.2875406739148517,0.03948208156315616,0.2466963098628302,0.1338437092531032,-0.041681512892117925,0.3522726829290567,0.12043164814342379,0.384023126187162,2.9992506663561302,0.6854318973589567,-0.38070410022780726,0.3834075725225186,0.5311682483922707,0.20853000595209306,0.5274533751086696,0.13620733390964493,0.7021502370974368,0.5491234301593965,0.22895159145772942,0.19806116460554318,-0.03828116287788046,0.26963186485262997,0.5315104870433007,0.49815782540682657,0.3561761298141644,-0.15585334273629597,-0.5333227709022178,0.9914401908711442,0.33648398132742063,-0.17512831943125454,0.99830975732085,-0.10334513885715242,0.17593238259835195,0.003958993557985442,0.09909302692248198,0.0036283585603944448,0.004711485829067189,0.3509539250137514,0.02168529255043923,0.3095129616931475,-0.44022570538739725
0.11636466418545811,0.2802943402910887,0.42044279092699993,0.04956116619181736,-0.02288714662481343,0.2651505963029661,0.07979954512418323,0.1488846114578885,0.15579038719229962,0.15979247920744036,0.21512470824291166,0.21584492895038881,0.16324227832187665,0.1890272856885426,0.25127664403385636,0.206401276687088,0.31638803908080493,0.2995028923389757,0.18540046580179914,0.29510165197659843,0.34164137624467406,0.16857366456865705,0.37915473231485536,0.4636713498131355,0.1671925089430217,0.326294851837035,0.6854318973589567,1.6219325750254971,-0.157928695055482,0.41917814617786914,0.3926635419056982,0.20085785374293827,1.1553735027713696,0.1373334513033583,0.9519931235818173,-0.10821289574972424,0.7569565159777133,0.22755573286483805,0.4505116811002238,0.17417238714452324,0.2778500444943154,0.4859969093473612,0.404958534103811,-0.04314254731812061,-0.18825453639661388,-0.08845837964547679,0.4578545702368797,0.1000817873323799,1.6140567674469026,0.2483773761352553,-0.027802092578732875,0.2671145847758217,-0.410852934569807,-0.00379510335280899,-0.10820853382143947,0.06019749117449345,-0.1720970257842066,0.13281237941460003,0.1195112667489987
-0.027607198444830894,0.01074385399961055,0.26731961485443667,0.4225978632678849,0.31759434787024665,0.4347345115170069,0.23348888829739992,0.2444744816621889,0.09390366883317347,0.2559276516934026,0.25564131732374884,0.2556055631004662,0.183850178135615,0.17814618782911606,0.3474250262686443,0.1999733680961954,0.2209356863252719,0.3584802104776292,0.026351957309429384,0.2707803388264821,0.32213452977859425,0.16303023991796103,0.6004432194096777,0.16367795077222957,0.8337640498845936,0.18780106089207207,-0.38070410022780726,-0.157928695055482,2.879039174468141,0.3232593035227992,-0.06589279592296489,0.21111787578544094,-0.33546455529353336,0.9084460368088558,-0.11057069112551711,0.35717168477938394,0.16942839234616458,0.0638019660369184,0.3360967135689032,-0.14159313152123296,-0.24815517811678253,-0.1440696918912558,0.3431407652638472,0.04195880966676824,0.024900157421852934,-0.11197371839897804,0.34429890338766,-0.10263026317804692,0.15011017336052077,0.7310172385211626,-1.465811630563223,0.5061347573040619,-0.26717560062452617,0.037152291673166395,0.010396908682824384,-0.0015131892988324987,-0.2910793899816429,0.1294934261876708,0.10479990884429546
0.13179978028089376,0.24667416031144832,0.30317793691305894,0.019828959684060912,0.04876155841559355,0.3100018237778145,0.006108007255260075,0.08869570187041509,0.07586364299101063,0.1283870460826607,0.1691326323165541,0.14093779561117775,0.058428500448498955,0.19857552817457388,0.39660160938631445,0.10540837337128049,0.16914436700988958,0.14256886703909355,0.14492979791255425,0.43091386675751736,0.3354041078223714,0.0062962262536741,0.5698826778917615,0.6822742205628243,0.3726985581906355,-0.9198971458582623,0.3834075725225186,0.41917814617786914,0.3232593035227992,2.701710473288797,0.26482926746025665,0.06941952840987617,0.5595068298221966,0.015303264577823196,0.5614729819411008,0.5985161072546106,1.0230618788888508,0.4774101601965451,0.07143401509530695,0.6254545646395117,1.1451660665388137,0.6538531551822893,1.2118620599559375,0.224390625405208,0.43325241482809757,-0.15069978931214922,1.4433954839032799,0.052226484093702036,0.8344630447202698,-0.17658986042861513,0.05254262646635796,-0.478731789255278,0.4381756534533355,0.10361459191618669,-0.011973362551776879,0.03916328909072055,-0.32902360686793913,0.5207249555618972,-0.10072361886910401
0.1664622772152928,0.254566234284883,0.3592220376694972,0.22443300799065413,0.19760439564922844,0.34637444697097114,0.14204979442172389,0.17019731671466712,0.1584956436318179,0.15588706648701942,0.2231495535411555,0.30029124660189854,0.13229311447472303,0.229185355014533,0.2628652716182561,0.18617354307863632,0.2714258067935605,0.2515468531762606,0.20943862638450095,0.25877760251592036,0.36388343540962176,0.12712390430283502,0.028130655755163336,0.3706171083751547,0.3439212423233173,0.21449850904173307,0.5311682483922707,0.3926635419056982,-0.06589279592296489,0.26482926746025665,0.9913835485978546,0.24595704650197622,0.44874219977421165,0.21148066269723292,0.2223631829613652,0.6875659593933426,0.36181979254864416,0.27230195543841984,0.32572509885486445,0.10460958532979794,0.4951573929002034,0.2577872722065443,0.3006942078475139,0.04781787949334361,-0.15962553517148784,0.10312507336148566,0.29464698436337516,-0.08037950561138203,0.7441234114823614,-0.024541273965979278,0.15434487007872513,0.0003574087455827565,-0.08881666881077925,0.005633063964648474,-0.0989195772737619,0.10423242016188813,-0.13494857302769434,0.16831126554935716,-0.05401335565697314
0.11266970565627571,0.21011400805621983,0.23367823252877748,0.3733068281021654,0.25088145024869096,0.3267028395669031,0.14282768242673238,0.18979827872456304,0.2023430184170974,0.1724458541013179,0.23388728763282368,0.3161065579091064,0.1709345492665475,0.4235269859858644,0.22445568786555026,0.22572632939924983,0.21701972694711455,0.17155940964642488,0.06399062711422371,0.31186837372893916,0.19478472087457158,0.19913078517959695,0.20020649676367705,0.2802931027976423,0.2098517287367318,0.22597002543028696,0.20853000595209306,0.20085785374293827,0.21111787578544094,0.06941952840987617,0.24595704650197622,0.5890012331882888,0.0996649469127279,0.3533848634804222,0.11420104241244353,0.1832744843146252,0.11305651826533523,0.16974673593623635,0.44910089132290576,0.17344792599429457,0.14240967365943188,0.09476593516739958,0.2646753734008225,0.024120598865605948,-0.07639304069094671,-0.018938548210397047,0.18003573966400657,-0.012337070793568942,0.8918718149304745,-0.11208133042512536,0.3215759663159626,0.03762341662708164,-0.21252506129092025,0.05874194470211007,-0.18436520732164072,0.07503151468989873,-0.23150761638748021,0.27142129828468203,-0.0013723645079211845
0.21030724795523154,0.2512818837087944,0.5554241395038311,0.1475043833049442,0.09591319306282899,0.38642501282099306,0.19493329304836338,0.16798418497938258,0.22717904053342325,0.08183719101050724,0.25053918456228497,0.20678736525721972,0.21509256384751685,0.17800805432522349,0.19303732610800878,0.16201585248185255,0.399836161715357,0.29003901799754717,0.25164393749465247,0.3994222825911387,0.4618504117374156,0.2105722296204323,0.5567583968688636,0.7457538457437192,0.12023084596398147,0.015873059204816273,0.5274533751086696,1.1553735027713696,-0.33546455529353336,0.5595068298221966,0.44874219977421165,0.0996649469127279,2.382956932157137,-0.14599518323439212,0.25747597494061025,-0.010544998381524423,1.111470043126171,0.34846135431925457,0.3274719031374836,-0.02437587228852313,0.5453517468408847,0.46172439783229285,0.3258601824926473,-0.017876318749842062,-0.8742863461847032,0.19201074372195706,0.5095902431090834,0.012897916216732823,2.229187013996486,0.16718591610126968,0.08021344907621607,-0.3298550507738328,0.27149634099716397,-0.15195140122907458,-0.07718885308314767,-0.053049491294938425,-0.25438852150534225,0.12293837083710814,0.30733918338702076
-0.1475863553471114,0.10101110921127548,0.2813945617490736,0.5127635388275343,0.3589430429323583,0.38426977923616096,0.2254384084046596,0.29687116450089496,0.1545638113961231,0.3241247055493087,0.27808294051066934,0.4075133786005651,0.2012007661640315,0.29833072107286307,0.3913710919133838,0.2897516452011697,0.2761680971827469,0.3274600652662763,0.02505485913752619,0.39287090279376735,0.23554919685920966,0.2255900399064215,0.5245370006839463,0.22878468310064,0.49415776409397166,0.34040715624847995,0.13620733390964493,0.1373334513033583,0.9084460368088558,0.015303264577823196,0.21148066269723292,0.3533848634804222,-0.14599518323439212,1.4500512050214573,0.2904709846785549,0.13223042487503084,0.6482987733638835,0.2126708377715026,0.5968450371910202,-0.13523028427382655,-0.08591852654991056,0.2363517673140633,0.7013454679005271,0.07007826203873105,0.17784218371578192,-0.17783968314023718,0.2357917825479447,0.017826243299053843,0.7090443808499922,0.08076606409227113,-0.3804798014673144,0.13384662260799912,-0.08598153560645479,0.0696345788164563,-0.13298069156119952,0.10262106596532257,-0.3549527748506519,0.262219513410742,0.013547573914523527
