0.7587115714644769,0.18043070908712983,0.27731811436208964,0.020258521418365937,0.023414575488390526,0.0449887196748722,0.18659792680362597,0.011365598661243285,0.10112422663363076,0.09182268120517678,0.04538335994709327,0.08536686472311372,0.04281087987446091,0.0845505067670223,0.051356882694596706,0.06566335476917114,0.07217933909770578,0.0807286502892601,0.0461690883170791,0.020629040604108872,0.07480220334826744,0.07634260767021754,0.017363154910349485,0.07136580457070714,0.09104591360824778,0.018494985962501344,0.05769647237879092,0.046055712066728934,0.06575955612955996,0.059594886587226906,0.1260849587599677,0.04877267617121225,0.12006181527922986,-0.03602641723656677,-0.03581720560562088,0.10370257558129992,0.086384007413792,0.12116753055471115,-0.015789824246849594,-0.0729566202582142,0.01717413534922399,0.059735226629479964,0.03825832546143674,0.01605519468445201,0.13225822044542057,0.16717434605196252,0.0910566838699315,-0.12571025949710105,0.07280654242419779,-0.04153981157520254,0.014979600483849378,-0.031327813493750134,0.05614136513474284,-0.03838695195892842,0.1882906064202333,-0.03432284366065812,0.06395938051749701,0.3660898047877418,-0.558911409866412
0.18043070908712983,2.6393410758337112,1.0619431763659248,0.06727804438519228,-0.08630660687595323,0.10626329300147663,0.0633672422161641,0.36876796812400714,0.09896429839444408,0.40182233405618695,0.21537889749063632,0.18348116073389467,0.14566485384069364,0.177043172356454,0.24466491367195278,0.18615526260019474,0.2804244743522038,0.4846892651036405,0.13646160958262923,0.455871152027762,0.24570977587687468,0.1435527300839989,0.22022974532209283,0.24565252126732212,0.47076495764795123,0.11911961268946303,0.25489063823015196,0.11356969640713395,0.42918419220848103,-0.09603368990313178,0.2339509063013543,0.3380440695062727,0.08136540875211018,0.47027575565698154,0.35586760257196726,0.5391131517472693,0.6133804110472905,0.1759434975645827,0.3274083119919025,-0.27514533946755854,0.21783793830926657,0.24980465532202045,-0.20711081447004687,0.0305275745626881,0.12306652799716081,0.4456120875867142,0.1646526816773584,-0.26820201801022026,-0.2968616245393139,0.27175257419553916,-0.06833903138125805,0.0339821410775957,-0.13216268535799583,-0.15338864653488066,-0.8299999250697998,-0.2246038674852771,-0.01212650551866271,-0.3389113777924832,1.0335059865301919
0.27731811436208964,1.0619431763659248,2.061735637211335,0.05207982049774881,-0.31124595558506246,0.12662953840626073,0.1111134637433202,0.5634395221124607,0.28967219682307377,0.41948208443918394,0.19661231285143205,0.21842335228447057,0.17061754588268713,0.1661776440202882,0.2507328431030626,0.19051024752330142,0.3145767912130867,0.381526184844708,0.1496165155962163,0.24080298962607605,0.22676378769490044,0.25402785443949844,0.27957496295259504,0.18613387260185177,0.45797702879361885,0.27452250253598237,0.1882233841424221,0.01225103388865988,0.4814219805240903,-0.3578432232970792,0.2182810997693203,0.2438919225320584,0.20075871231540104,0.4304303752253065,0.18566382719352978,0.5381774164070574,0.6531544389813266,0.22765357178322232,0.19523292309475315,-0.7371477009308345,0.2604431481067542,0.19581692573219267,-0.2625719304112389,0.02762547277305478,0.1634583673316796,0.6631827682702308,0.2544477041531111,-0.3537605349285422,-0.4677332773703671,0.27623138903501426,-0.10486290424913537,0.17056176196022513,-0.07088457358621843,-0.32243194144051285,-0.23692949540672864,-0.03535033126415859,-0.007087714504862687,-0.5711005278956616,0.6364096996500105
0.020258521418365937,0.06727804438519228,0.05207982049774881,1.1051481235793328,0.3809302438771924,0.3186871314319954,0.2785615006495509,0.09906167972715443,0.16182012295419024,0.1347484932312661,0.21198756727708176,0.22294912636510095,0.14115505743602422,0.24318083838416976,0.15154097052535662,0.20221258942537035,0.17473785119594476,0.08798019577653976,0.07030742552538236,0.15900615796692866,0.13957333625008497,0.15392591829288782,0.06931095291265403,0.12459083096751072,0.13010301596681353,0.1756294880684325,0.1503205199592555,0.10283740501256017,0.16581283820038903,0.04949350290860072,0.13013960823171009,0.16429449506655328,0.08848844476566227,0.20075164928412717,0.13832095085015259,0.14457977763871188,0.1881204019365924,0.16685189551292495,0.0860372350193817,0.15266629975039886,0.0418323663843365,0.1532895353496412,0.074435393578366,0.09723188111109202,0.13661438647015647,0.10678580307898562,0.15594743049722612,-0.10194560556397121,0.08503991597920281,-0.1158770642869853,0.010162147407579187,0.0021987448012955723,0.04822945677904124,0.055969470295259297,-0.016068515644957343,-0.009730341774048083,-0.10223579591209328,0.11218987595896739,0.003019040090268956
0.023414575488390526,-0.08630660687595323,-0.31124595558506246,0.3809302438771924,1.154784465971361,0.518312747933395,0.13786494929540122,-0.0006188152370577408,0.22998038999111264,0.15615829652267055,0.22415674525085358,0.2051177976668598,0.15235060046727752,0.20230693156046192,0.18022959683330358,0.20416711997673404,0.15500314513515148,0.0644039818140246,0.07054709656715617,0.1752731886689636,0.1410270976238295,0.1606096351512164,0.07317351851968035,0.15452303847591603,0.1401687620746993,0.21144932575630881,0.1611080647854383,0.06771140619890127,0.19018191268813636,0.1081067629114884,0.14866146288846535,0.2340472231397962,0.0647537730296132,0.27764255364877977,0.1834987343156632,0.1276384043815802,0.25128145528059054,0.16330730815896727,0.046017334668552415,0.361182853920339,-0.006636204885974127,0.17935765718415,0.09811048945141626,0.06734104562328556,0.19266762397507173,0.06982829479891621,0.24561161447074442,-0.06987589298254536,0.2340956521765195,-0.32670119930053393,0.2703754089864773,-0.09548601300374125,0.24235195822521574,0.09269459981237235,-0.03547869962597209,0.009163725204007564,-0.06440211210005244,-0.05304521151462277,0.12271742633156184
0.0449887196748722,0.10626329300147663,0.12662953840626073,0.3186871314319954,0.518312747933395,0.8248115222718388,0.1195636952431414,0.12780876427658644,0.2404583028464071,0.1865824382189508,0.26946285431019157,0.21338497436306342,0.15043304618251432,0.2189561266839978,0.18253840316506126,0.20496802982645831,0.22824542631433062,0.1325112046515033,0.12233351597909829,0.23363752444195027,0.15443442368848237,0.1888366113228219,0.06922792912838331,0.10967112826240132,0.16550086325278685,0.2823354859231746,0.17198861464408352,0.10610360407376969,0.2752519936334412,-0.06287438131323221,0.15453975344280788,0.22920103210785317,0.010504680041564466,0.295379058674796,0.1973599759045716,0.11518011057530796,0.2538746379032169,0.18421188454811652,0.18595007744343284,0.15234168043645596,0.04400407395319788,0.16880162051629832,0.10817284830155204,0.049460054613799376,0.13460432859582463,0.09746400591587322,0.28756744825392233,-0.06579508357222373,0.22349185464909882,0.12279272328185883,-0.23774935499355132,0.22295299809471109,-0.20248928889537496,0.02826825755568798,-0.03731972302976656,0.017434127611687077,-0.09093350031809597,-0.013066228371042732,0.08487807056418534
0.18659792680362597,0.0633672422161641,0.1111134637433202,0.2785615006495509,0.13786494929540122,0.1195636952431414,0.6724804963685244,0.05408019630978874,0.2447381926376561,0.14966658557859863,0.1681722149101198,0.26070183796010654,0.1344432952899025,0.18364320888257288,0.09676062446828508,0.19170408576273643,0.1837073223039887,0.10876176806410129,0.0284942132107295,0.0832114904656861,0.1240831884922129,0.1843558074422957,0.06877346175762734,0.10203836672911196,0.10318403130170281,0.15547097912070415,0.1408718087729183,0.08630579981352406,0.11851633400329797,0.07947025081383782,0.1393461785766922,0.10880467776908079,0.14904252147201222,0.1167649243730588,0.060169226321568875,0.18603902973101957,0.1047845729938288,0.1209779502820724,0.05260304207682683,0.06654771948909848,0.014946022181286486,0.12969722472869832,0.055578960563858956,0.04736917795932615,0.09914509801767644,0.15118721744723018,0.01946379784413396,-0.14615611789655844,0.2455690057283599,-0.13522808461690852,-0.01180277482769924,0.005156623429787979,0.054975139875791675,-0.03358495456515958,0.12115091268795818,0.10542741079411524,-0.05624348686804447,0.2778023672173107,-0.5210485030617465
0.011365598661243285,0.36876796812400714,0.5634395221124607,0.09906167972715443,-0.0006188152370577408,0.12780876427658644,0.05408019630978874,1.0033167935985814,0.0009450379313260201,0.2768087261992891,0.3063816478581946,0.2616315403082267,0.2330639464951646,0.2373220178600593,0.24093139865668106,0.237111952051748,0.27611265054042644,0.32446026670656397,0.1846476245364637,0.2894600820121612,0.21337810453289063,0.13902421982550256,0.25840067524091265,0.11778992983767035,0.26926917731713557,0.2807457874518747,0.18606837102672052,-0.15812593505538336,0.4359618477093458,-0.052397845825556455,0.1058247794039245,0.06875020117322111,0.1610670683433089,0.3335034944385852,0.1934341502683178,0.1890232625118521,0.3976327523517839,0.14098939804023006,0.3583226704103388,-0.07054795392154807,0.18725098038045615,0.1875046589133921,0.05097745494566094,0.014858158391942254,0.06480032800872527,0.3073412110449832,0.4677618528690325,-0.07653416405177083,0.2748688992720674,0.23063419486092127,-0.11382862468094555,0.18302080444565727,-0.10417056911133914,-0.16222667575610902,-0.10869943944811183,-0.058283559769478535,-0.1959053846237177,0.5838991145230975,-0.27243656808013106
0.10112422663363076,0.09896429839444408,0.28967219682307377,0.16182012295419024,0.22998038999111264,0.2404583028464071,0.2447381926376561,0.0009450379313260201,0.7312523868671508,0.09248412149678842,0.11293845198004851,0.12030326905115954,0.09078339343312436,0.17955623060639972,0.12297195214252327,0.10411416176174051,0.15648877152542848,0.1046685373556888,0.013951753274017764,0.09669045916641798,0.14102598776340516,0.2820257607415493,0.0754551087108331,0.1465111377287074,0.09772531643677067,0.3005994361005556,0.11375349757290035,0.10848246234440113,0.1239543036671152,-0.01006384288208223,0.20920612830298554,0.21655597247326497,0.182438664793062,0.12680203392223083,0.07516749236126544,0.20543076664325188,0.25113311445583925,0.14809019256725964,-0.02336404124019833,0.006492429000213529,-0.00739956005978071,0.14929606752185265,0.013787221474410616,0.04947958990734475,0.15706002375659034,0.18123936540088803,0.100854339435961,-0.16263200493526714,0.11312488973256361,-0.13221590327708124,0.05313297101501535,-0.0261589235265518,0.08701551629692521,-0.05357060803189667,0.022383481800196683,0.09867115818089908,0.015280404128252404,-0.2477513674997535,0.06311570688280803
0.09182268120517678,0.40182233405618695,0.41948208443918394,0.1347484932312661,0.15615829652267055,0.1865824382189508,0.14966658557859863,0.2768087261992891,0.09248412149678842,0.7549491692676563,0.2576386610547855,0.25007656807868106,0.1446590201131469,0.1385222791945706,0.2624281427251104,0.20113016127907032,0.2726916180331288,0.3279549131213431,0.11986143755231451,0.15240184634628243,0.15421416086059034,0.18205341199252828,0.2761964840150184,0.1435142984846489,0.3477915068429691,0.20678807178222333,0.1712032125037137,-0.010137300274515955,0.4251622975945296,-0.011788330570639223,0.15019736150566354,0.17529140033972485,0.05592895482451017,0.4290366235045843,0.31263583437074927,0.3413802273032937,0.3524513279203278,0.05456642968676301,0.2496227282322702,-0.004633391414090507,0.18642406273768974,0.1733104415566429,-0.11072009519377181,0.051425225382389736,0.0033642496720274746,0.30701163186748165,0.3532955990225852,-0.20463473348129066,0.07474472201850701,0.14273418220462386,0.013688080126948105,-0.029783290949835107,-0.0973546458252006,-0.03027730588010983,-0.17979552269589197,0.00919166119017866,0.12411638729033395,-0.41024275677309635,0.3727010493441677
0.04538335994709327,0.21537889749063632,0.19661231285143205,0.21198756727708176,0.22415674525085358,0.26946285431019157,0.1681722149101198,0.3063816478581946,0.11293845198004851,0.2576386610547855,0.47190413817408267,0.2717241494289802,0.21173505253443317,0.1771686249806648,0.2378076588881121,0.21221858902129365,0.269756063218161,0.20611810763352958,0.10713194634045038,0.2574480662382221,0.18639317013403467,0.168757347371559,0.16766862065275906,0.1579503642190061,0.2650227323950004,0.19635769341372497,0.19155140745189791,-0.01869945267114033,0.3536095490109606,0.03559080036343614,0.13359679577128106,0.17630275020228425,0.13193635130100512,0.3139387611785221,0.2019644823696168,0.24023652845849977,0.2807584736475939,0.1478378763984908,0.24330953785896495,0.11275696445271174,0.09588032727365753,0.19383839095960198,-0.0060373606704004655,0.035485136722528725,0.047111106774934415,0.2518898065601357,0.30106512624325765,-0.17482843351915434,0.14532363827150355,0.05401193494552383,-0.10297077447311923,-0.07168189776223632,0.0959802317412091,0.0021282413674438678,-0.08203324326643552,-0.013878209878270095,-0.05798242230620023,0.0987932551435006,-0.0023953435851679565
0.08536686472311372,0.18348116073389467,0.21842335228447057,0.22294912636510095,0.2051177976668598,0.21338497436306342,0.26070183796010654,0.2616315403082267,0.12030326905115954,0.25007656807868106,0.2717241494289802,0.5489039620447678,0.19442645072414452,0.20063914729973034,0.19974685323211339,0.23800949567345733,0.2246179178077223,0.1457449565591254,0.06593122364706955,0.1759386448636816,0.15345260633706162,0.15898959424148124,0.1388947569774585,0.132344862574128,0.2066025374961946,0.2018292292514084,0.22433006209684714,0.02110564392920196,0.23374015537101298,-0.015934470290676347,0.09871574485899552,0.1761246201116624,0.15654841126016578,0.24893932788971002,0.11954571451085987,0.22527058701736774,0.20691524315720747,0.1479947382046936,0.1201131332288881,0.10444801546761781,0.05993442246105164,0.1691967230728299,-0.00904337694465733,0.03346339618536614,0.024619240662640356,0.21423618618368717,0.26658887557745,-0.1686775521605512,0.30666393462882174,-0.206509732691999,-0.038301488798362475,0.05962315801995995,0.06705486617664878,-0.0006816154403274552,-0.04813007432986979,0.04518794486898123,-0.08385039146717461,0.15771615976163414,-0.178611106397286
0.04281087987446091,0.14566485384069364,0.17061754588268713,0.14115505743602422,0.15235060046727752,0.15043304618251432,0.1344432952899025,0.2330639464951646,0.09078339343312436,0.1446590201131469,0.21173505253443317,0.19442645072414452,0.34902279189344604,0.13977876529831332,0.12374802946306199,0.1619926509195848,0.15569943675308273,0.15458653422055235,0.08698708345167372,0.1643170611982582,0.13781783644779527,0.15377343232164406,0.13919305000870533,0.14289970499437057,0.2388537648073089,0.21160626126353177,0.16093344394866285,-0.024418002901106843,0.32285331607668266,0.04342687041547665,0.08510693230893403,0.14071529515642775,0.13014726939901453,0.24287794232445684,0.1908124590332684,0.19226806651688721,0.2263865554351931,0.0714314649000891,0.1787526382545799,0.051216943163322454,0.07466254879009841,0.148159856755748,-0.009245634244154187,0.035191918730480734,-0.01034912932305061,0.21323071608971264,0.22567078625861808,-0.1453915439102414,0.2251627598420402,0.04243716375624403,-0.0688826073210073,-0.049079211174154605,0.08246637846417379,-0.03759013673949246,-0.033250419875302126,-0.007678749610369153,-0.023995528526209817,-0.014113746646317602,0.030508028403534896
0.0845505067670223,0.177043172356454,0.1661776440202882,0.24318083838416976,0.20230693156046192,0.2189561266839978,0.18364320888257288,0.2373220178600593,0.17955623060639972,0.1385222791945706,0.1771686249806648,0.20063914729973034,0.13977876529831332,0.49836075512179506,0.20540258973135742,0.23447587342679216,0.17445354113668973,0.13385832734770503,0.07088857479147205,0.21925982764900445,0.17352572232085445,0.16077090369396868,0.08339567492048604,0.1446942633410723,0.12806933168359785,0.25035103398377456,0.16808081691787824,0.10966055729808359,0.2401759780086307,0.04309411542228548,0.17282854739323436,0.18485092328689687,0.10657158043716108,0.20934375002227126,0.16461365066530848,0.1723741484632698,0.2920779746198366,0.14368851331421784,0.08746680457912903,0.08099103159934358,0.12225774051845961,0.18360446060426813,0.08258921795541412,0.05032915689955727,0.1159713890923686,0.1192593285057604,0.28015812765041664,-0.07771554666864107,0.38140171038235815,0.05302547966115407,-0.022649378531198913,0.061533143379346844,-0.12433254827445951,0.011936475890612743,-0.10794514001046597,-0.003512693929726768,-0.16542129651011944,0.3057196618076152,-0.022658994646886914
0.051356882694596706,0.24466491367195278,0.2507328431030626,0.15154097052535662,0.18022959683330358,0.18253840316506126,0.09676062446828508,0.24093139865668106,0.12297195214252327,0.2624281427251104,0.2378076588881121,0.19974685323211339,0.12374802946306199,0.20540258973135742,0.5798785163599497,0.14299633143012655,0.17368910698785542,0.24332179471687432,0.11580284769473463,0.2519340966488219,0.19652329686322131,0.11302502576029265,0.2020398241026575,0.18782727342421332,0.2672504987261642,0.17898920897949908,0.16075728264474354,0.06561250919323347,0.30417533603501634,0.12772544978610947,0.15217328495945995,0.2016940896373632,0.14536523460339942,0.2886403731013018,0.1639686515718405,0.2994394673131928,0.3469933860119798,0.13822173382285796,0.22443698515212446,0.015760523392003196,0.18918834378150282,0.19443473747726137,0.08911007047126344,0.049604530791700144,0.08030677836597432,0.25428642151473513,0.25870585206799895,-0.12436044329159134,0.16056467811788144,0.1439381877439142,-0.11695036128672272,0.15236116906395128,-0.1220586780562003,-0.0896786069171266,-0.09366567186746982,0.0032775361490451752,-0.08847032197164431,0.01640445714521481,0.12422639925085503
0.06566335476917114,0.18615526260019474,0.19051024752330142,0.20221258942537035,0.20416711997673404,0.20496802982645831,0.19170408576273643,0.237111952051748,0.10411416176174051,0.20113016127907032,0.21221858902129365,0.23800949567345733,0.1619926509195848,0.23447587342679216,0.14299633143012655,0.5371842500923689,0.231628722396279,0.17735994314824965,0.1506607984062704,0.16358165747292058,0.17885515656264908,0.2759619848838828,0.12157805090826115,0.1285692152796572,0.1757407562144752,0.25585547122352514,0.20675501752591674,0.058636880470481684,0.32080826855988703,0.03462582484069856,0.155198440539648,0.1577444777037108,0.10333331406464408,0.264926613810401,0.23149282254466352,0.2090495427518823,0.26806639645022623,0.140436724602814,0.18658457522648622,0.1570292063425472,0.08823712974204208,0.2067374886148315,0.07515164734413407,0.046545675273310716,0.12353939379666047,0.1687568646830315,0.2880093927596929,-0.12833033014345843,0.2235323677708923,-0.07518121476328969,-0.040851777908730104,0.001665989821915428,0.03161816804726834,0.0058841017100187175,-0.04375566464274083,0.020929690567794743,-0.09789065155101426,0.0632289779566226,0.04684046392117257
0.07217933909770578,0.2804244743522038,0.3145767912130867,0.17473785119594476,0.15500314513515148,0.22824542631433062,0.1837073223039887,0.27611265054042644,0.15648877152542848,0.2726916180331288,0.269756063218161,0.2246179178077223,0.15569943675308273,0.17445354113668973,0.17368910698785542,0.231628722396279,0.5110248933857934,0.17465330855443797,0.1709431331949914,0.2591108701027226,0.2003497208430008,0.23669959219130657,0.15560206964029077,0.20469774362719306,0.2725542730721461,0.09418993390342292,0.18769603624890469,0.04168058933480683,0.28040954694349807,0.07305421225888466,0.18894094470299447,0.19922191175106008,0.23214842473329983,0.26475501566379517,0.1374147593482749,0.2652485422254089,0.39215631808274676,0.23889952384625768,0.1929781049216885,0.05744944588268884,0.14895536514027918,0.20353148594731837,0.05458283049876758,0.05404883361738291,0.12177103479312963,0.2854501119109837,0.3258333597119382,-0.1703686070567531,0.10202865267743202,0.13890586281322945,-0.04182024688101061,-0.046226305513503936,-0.003342143495513803,-0.055644540305132606,-0.07991320370100533,-0.05455263599054465,-0.022958612251360744,0.015695543776213242,0.08193586359996777
0.0807286502892601,0.4846892651036405,0.381526184844708,0.08798019577653976,0.0644039818140246,0.1325112046515033,0.10876176806410129,0.32446026670656397,0.1046685373556888,0.3279549131213431,0.20611810763352958,0.1457449565591254,0.15458653422055235,0.13385832734770503,0.24332179471687432,0.17735994314824965,0.17465330855443797,0.6734183007107825,0.13760642239301135,0.1819515741764169,0.24028695366917918,0.17925181085544623,0.393899145470991,0.176339033802072,0.37770146271732424,0.34553036487951017,0.12248986263987768,-0.018657737038233667,0.4241507900191037,0.040911236550788065,0.25867551426902946,0.13005882694257362,0.16964982507995355,0.33958731928870156,0.21887655725817723,0.3477375074197674,0.3939503837946571,0.11557542781443547,0.29164790812452973,0.0386265925694082,0.12384266633252852,0.22559439135071627,0.15099471252355237,0.06359567464624699,0.2132638653204708,0.30660839740898344,0.33638676498984155,-0.15581988731891938,0.16202315869952216,0.3306955836716981,0.0870366819348332,0.09486746975469626,-0.4017225435677627,-0.1532330172929637,-0.10965161073364446,-0.04138109577139018,0.025019900869550735,0.2519109622948416,-0.20042368704975225
0.0461690883170791,0.13646160958262923,0.1496165155962163,0.07030742552538236,0.07054709656715617,0.12233351597909829,0.0284942132107295,0.1846476245364637,0.013951753274017764,0.11986143755231451,0.10713194634045038,0.06593122364706955,0.08698708345167372,0.07088857479147205,0.11580284769473463,0.1506607984062704,0.1709431331949914,0.13760642239301135,1.080428428197114,0.08943815429150026,0.22008378852597785,0.1804607873649697,-0.16408709288296458,0.1782176138708881,0.04160995530877206,0.008462210265762313,0.07743690478415922,0.3021114696711609,-0.05309514591159211,0.3051112445631516,0.23843348509796086,0.08011727909715656,0.3648686664968638,-0.058797706923010104,-0.05589171033694049,0.2186693882166703,0.3002637601522429,0.35406615719341805,0.4010303169519845,0.04380188856778246,0.28991896219173385,0.171855058352401,0.2700051113158781,0.04565429454346895,0.28050217267885846,0.20070545916611543,-0.009649513362725905,0.08551956673121908,-0.23774300070758922,0.4070250817824758,-0.09593959050378839,0.04634772244275273,-0.14941774886422116,-0.1342858125145346,-0.10272757103447368,-0.022725042995522603,0.0035417612989200745,0.22807442903355782,-0.12051926150992211
0.020629040604108872,0.455871152027762,0.24080298962607605,0.15900615796692866,0.1752731886689636,0.23363752444195027,0.0832114904656861,0.2894600820121612,0.09669045916641798,0.15240184634628243,0.2574480662382221,0.1759386448636816,0.1643170611982582,0.21925982764900445,0.2519340966488219,0.16358165747292058,0.2591108701027226,0.1819515741764169,0.08943815429150026,0.9021031752998541,0.18162003442425736,0.078709926335721,0.17622666523093916,0.2546858039282988,0.4307540376106372,0.2116047496488596,0.288468837369326,0.015845920247690902,0.45527640100285605,0.18781608858530072,0.11650865072482995,0.33875884777235604,0.02380704949750307,0.48289335253487015,0.26184665954315656,0.3224659659199806,0.5701476226599318,0.3233407652189261,0.5777969467091715,0.12455766610057484,0.12231406599185635,0.25274017671190124,0.16780458753859653,0.04145102095030656,0.28305808498405005,0.27353299644047,0.2862328838234235,-0.05772390259371848,0.3784069655239154,0.12951040424649385,-0.2314089726625405,0.08658737300828691,0.12685860003467928,-0.11615344915547018,-0.2011469975847625,-0.05998649502320393,-0.06954055193816948,0.11632370243939426,0.12279218517877356
0.07480220334826744,0.24570977587687468,0.22676378769490044,0.13957333625008497,0.1410270976238295,0.15443442368848237,0.1240831884922129,0.21337810453289063,0.14102598776340516,0.15421416086059034,0.18639317013403467,0.15345260633706162,0.13781783644779527,0.17352572232085445,0.19652329686322131,0.17885515656264908,0.2003497208430008,0.24028695366917918,0.22008378852597785,0.18162003442425736,0.4380766483821558,0.17083305746147984,0.186747519602112,0.24409627330188036,0.23217794112376663,0.14554011628961738,0.13491546743967844,0.10248749497004267,0.24180238536482385,0.2181584728900201,0.26679165983492764,0.16968054477912878,0.38363887744175923,0.15570941833627602,0.0780615938681026,0.3669266387848624,0.4215893444473763,0.34232185074598054,0.15426539811840306,0.14568199259654177,0.15878332063251538,0.3434792508636276,0.23530029906734098,0.06629697651603006,0.375177284682397,0.2966962725206435,0.28292723177508816,-0.2114162102644666,0.04008115871061034,0.09923776728042184,-0.011151830691771775,0.013088493188478958,-0.017848419214220115,-0.06660795986504073,-0.06371186927850978,-0.04564941347603208,-0.07652889924634143,0.18394734082003095,-0.058616784171789726
0.07634260767021754,0.1435527300839989,0.25402785443949844,0.15392591829288782,0.1606096351512164,0.1888366113228219,0.1843558074422957,0.13902421982550256,0.2820257607415493,0.18205341199252828,0.168757347371559,0.15898959424148124,0.15377343232164406,0.16077090369396868,0.11302502576029265,0.2759619848838828,0.23669959219130657,0.17925181085544623,0.1804607873649697,0.078709926335721,0.17083305746147984,0.6808171761623782,0.14050819112458798,0.15135626509546823,0.1467130675002149,0.2369592329792935,0.15967164637766895,0.03138503214492849,0.19719457114230143,-0.024776815370331277,0.20831591787376083,0.27451085377671974,0.1301612534370509,0.2463906716757929,0.10630038441566145,0.20670004972760855,0.15940549093446504,0.2039555295740614,0.2379173316814088,0.09557563462818519,0.08847816543945472,0.17149746380910305,0.018388621207181495,0.07082731931419896,0.06376006950413278,0.2058349769119847,0.2168589066247153,-0.1415237918943627,0.06415290193350195,0.02200489260090165,-0.038274270632654754,-0.13759105587112994,0.0752221742203637,-0.0337063152207698,-0.001287422319616559,0.0574142926014828,-0.015223837187717604,-0.09106925131714344,0.03062194606465072
0.017363154910349485,0.22022974532209283,0.27957496295259504,0.06931095291265403,0.07317351851968035,0.06922792912838331,0.06877346175762734,0.25840067524091265,0.0754551087108331,0.2761964840150184,0.16766862065275906,0.1388947569774585,0.13919305000870533,0.08339567492048604,0.2020398241026575,0.12157805090826115,0.15560206964029077,0.393899145470991,-0.16408709288296458,0.17622666523093916,0.186747519602112,0.14050819112458798,1.1613105404075952,0.28276333757690997,0.7000000367520434,0.027174425803813462,0.0855311357455957,-0.6896369083866066,0.6410137116982372,0.33481852211613083,-0.15218678899299384,0.009178205303027582,0.32998539955684913,0.43476740911391326,0.14979120808563226,0.5723592447452982,0.40183737537620107,0.09928212644148801,0.4830966860173415,-0.04584511433227855,0.3760873788722649,0.16858151916525382,0.0864335676837873,0.13121719811889318,-0.254508879586043,0.4783870083019236,0.3781669256534288,-0.225086632438589,0.2269387711005801,0.16186943224530487,-0.15953788679556746,-0.0971052998385352,0.23251621689823174,-0.15715905393898977,-0.12351814396761973,-0.0771829738374084,-0.019554171491336234,-0.28492720810497824,0.37938527580626347
0.07136580457070714,0.24565252126732212,0.18613387260185177,0.12459083096751072,0.15452303847591603,0.10967112826240132,0.10203836672911196,0.11778992983767035,0.1465111377287074,0.1435142984846489,0.1579503642190061,0.132344862574128,0.14289970499437057,0.1446942633410723,0.18782727342421332,0.1285692152796572,0.20469774362719306,0.176339033802072,0.1782176138708881,0.2546858039282988,0.24409627330188036,0.15135626509546823,0.28276333757690997,0.87864834982644,0.35012706593867465,-0.24449044516088056,0.2269410247297776,0.03770988997693157,-0.011321688915696305,0.5877058410167671,0.3333962933295421,0.7441692239140638,0.7158058232493497,0.1024649468538319,-0.07367626152412678,0.49034568154216845,0.54575023015226,0.41261720029229054,-0.0956808183920862,-0.045455738602612365,0.30938408495626935,0.26327641360638754,0.11253422578698052,0.09661283040660112,-0.05516093307601096,0.5045687126482244,0.296213877278726,-0.3297567173536844,0.23693938453048838,-0.05567846725656859,-0.06613878768191823,-0.03988079825454009,0.3535277896736529,-0.12743543435305718,-0.2525892221484578,-0.14822294369108,0.1140319746426191,0.031127046826469006,0.03341605298161096
0.09104591360824778,0.47076495764795123,0.45797702879361885,0.13010301596681353,0.1401687620746993,0.16550086325278685,0.10318403130170281,0.26926917731713557,0.09772531643677067,0.3477915068429691,0.2650227323950004,0.2066025374961946,0.2388537648073089,0.12806933168359785,0.2672504987261642,0.1757407562144752,0.2725542730721461,0.37770146271732424,0.04160995530877206,0.4307540376106372,0.23217794112376663,0.1467130675002149,0.7000000367520434,0.35012706593867465,2.496392816983397,0.3173255285341226,0.25965143328306123,-0.2656989645013385,1.29222579831356,0.5847676921933443,-0.2738393425026382,0.2564446731328755,0.10934272287459222,0.9162186013760588,0.39988591920825783,0.8484599408781748,0.6406032624522285,0.5121508656537731,0.5960949003728736,0.03977673265103334,0.38829742882854834,0.3082756241982759,0.3026744935846677,0.09661409516696057,0.18237595580885785,0.8570889028506578,0.49489846913410007,-0.742688420921986,-0.3106008586501821,-0.08023737606214688,-0.22665112023630637,-0.1876181894612785,0.5243579372920223,-0.12762757356901616,-0.18792342615524354,-0.048816723199742666,0.060382456960471315,-0.3682474537451557,0.40028701109101106
0.018494985962501344,0.11911961268946303,0.27452250253598237,0.1756294880684325,0.21144932575630881,0.2823354859231746,0.15547097912070415,0.2807457874518747,0.3005994361005556,0.20678807178222333,0.19635769341372497,0.2018292292514084,0.21160626126353177,0.25035103398377456,0.17898920897949908,0.25585547122352514,0.09418993390342292,0.34553036487951017,0.008462210265762313,0.2116047496488596,0.14554011628961738,0.2369592329792935,0.027174425803813462,-0.24449044516088056,0.3173255285341226,1.7970062954048571,0.1549655197618633,0.2510112733945433,0.8282756843027086,-0.5921369407405017,0.0850708088937742,-0.044983076145817404,-0.26729480723352395,0.5287898098129129,0.4753487972561947,0.11115355528333683,0.26959285665120747,-0.09807829051727952,0.18323772777011232,0.3186416695478345,-0.3386882047896507,0.24268388233505742,0.07234891551802512,0.004946838710398069,0.5762175338411398,-0.06916000754066881,0.27693988808503095,-0.08606868269341789,0.6849465207943346,0.1653801404026502,0.1337140346767249,0.1184618663224704,-0.631639951444895,0.037635206661257775,0.04987383683412067,0.10048981427497587,-0.05791842661991359,-0.05754688558591862,0.021870742271849406
0.05769647237879092,0.25489063823015196,0.1882233841424221,0.1503205199592555,0.1611080647854383,0.17198861464408352,0.1408718087729183,0.18606837102672052,0.11375349757290035,0.1712032125037137,0.19155140745189791,0.22433006209684714,0.16093344394866285,0.16808081691787824,0.16075728264474354,0.20675501752591674,0.18769603624890469,0.12248986263987768,0.07743690478415922,0.288468837369326,0.13491546743967844,0.15967164637766895,0.0855311357455957,0.2269410247297776,0.25965143328306123,0.1549655197618633,0.43108812638957933,0.09341861521613141,0.21542497634191463,0.060707237166111476,0.16263985768279893,0.4736040626989841,0.05310480419296468,0.2783349114371793,0.13459743762658355,0.26287510721293894,0.2777913664369859,0.17348563924290888,0.14916774722188753,0.09542087675556275,0.131435591165227,0.17631964526638932,0.007538300872343607,0.037338834213262104,0.04845962144728119,0.24628503933805437,0.25197853633554324,-0.1466032833481359,0.3043025105991348,-0.04083386798951721,-0.08811954108650812,0.05768497505765946,0.10150653042854667,-0.02887888935714898,-0.09983128464969186,0.029553874442652048,-0.017641122894524817,0.14149941819225445,-0.11763931966422325
0.046055712066728934,0.11356969640713395,0.01225103388865988,0.10283740501256017,0.06771140619890127,0.10610360407376969,0.08630579981352406,-0.15812593505538336,0.10848246234440113,-0.010137300274515955,-0.01869945267114033,0.02110564392920196,-0.024418002901106843,0.10966055729808359,0.06561250919323347,0.058636880470481684,0.04168058933480683,-0.018657737038233667,0.3021114696711609,0.015845920247690902,0.10248749497004267,0.03138503214492849,-0.6896369083866066,0.03770988997693157,-0.2656989645013385,0.2510112733945433,0.09341861521613141,1.899442279861517,-0.40140391377629386,0.042866052779638536,0.3648687700021072,0.27048087025855644,-0.07645165401318307,-0.15395927729056272,-0.18572025672538245,0.523512038455902,0.0651224767939491,0.31161529166565766,-0.28973224681245446,0.22485851607211144,-0.12842116023016906,0.14648484449761914,0.3114290223738506,0.243495288111936,0.7582603540671188,-0.24937415221941103,-0.2901437908994719,-0.09752112736945473,-0.1394069454557041,-0.23622811588456138,0.31090501302510726,0.5861938414666615,-0.8621793789245219,0.13385785239050163,-0.11731595412399022,0.05423987323510291,0.059588852607304475,0.02225276168845126,-0.06943713254219006
0.06575955612955996,0.42918419220848103,0.4814219805240903,0.16581283820038903,0.19018191268813636,0.2752519936334412,0.11851633400329797,0.4359618477093458,0.1239543036671152,0.4251622975945296,0.3536095490109606,0.23374015537101298,0.32285331607668266,0.2401759780086307,0.30417533603501634,0.32080826855988703,0.28040954694349807,0.4241507900191037,-0.05309514591159211,0.45527640100285605,0.24180238536482385,0.19719457114230143,0.6410137116982372,-0.011321688915696305,1.29222579831356,0.8282756843027086,0.21542497634191463,-0.40140391377629386,2.801323402513703,0.07441306933527073,-0.43748390829134554,-0.07411929806857433,-0.18022007307753204,1.1101139239659366,0.5616474834982499,0.5741614316231839,0.7148224852868782,-0.2594337447224334,0.4991694800020052,-0.01292539585828177,0.037740513001757715,0.277176401745605,-0.07097594595683705,-0.0924807565839171,0.13197529381731204,0.5221640828512967,0.7925000688094401,-0.5265033060588222,0.9421603022396745,0.18648880945354396,-0.13048100189696343,-0.0396143910807701,-0.07775672820688664,-0.03902310842510203,-0.02649854526141763,0.019710429981835982,-0.16950138422689462,-0.2337624106184141,0.4720604369564963
0.059594886587226906,-0.09603368990313178,-0.3578432232970792,0.04949350290860072,0.1081067629114884,-0.06287438131323221,0.07947025081383782,-0.052397845825556455,-0.01006384288208223,-0.011788330570639223,0.03559080036343614,-0.015934470290676347,0.04342687041547665,0.04309411542228548,0.12772544978610947,0.03462582484069856,0.07305421225888466,0.040911236550788065,0.3051112445631516,0.18781608858530072,0.2181584728900201,-0.024776815370331277,0.33481852211613083,0.5877058410167671,0.5847676921933443,-0.5921369407405017,0.060707237166111476,0.042866052779638536,0.07441306933527073,2.8181414184404807,-0.0813570552728692,-0.009018832605223166,0.5416378433900655,-0.4059408602646392,0.1861661377386893,0.721005647323909,0.791194003281192,0.8413980966363694,0.11312255623948307,-0.4179818503732472,0.9035745939471348,0.19964835180388227,1.6767727293501655,0.18622833458247698,0.8473828010757144,0.5177524796927723,0.1957961541973697,-0.2550432214597804,-0.08693029096636581,-0.12805206757852747,-0.22716668050670016,-0.3835519143736512,0.8092850620928764,-0.1388638182086001,-0.003498877052614651,-0.1327463223346785,0.04462513749937651,0.5111036590761506,-0.5030529927870361
0.1260849587599677,0.2339509063013543,0.2182810997693203,0.13013960823171009,0.14866146288846535,0.15453975344280788,0.1393461785766922,0.1058247794039245,0.20920612830298554,0.15019736150566354,0.13359679577128106,0.09871574485899552,0.08510693230893403,0.17282854739323436,0.15217328495945995,0.155198440539648,0.18894094470299447,0.25867551426902946,0.23843348509796086,0.11650865072482995,0.26679165983492764,0.20831591787376083,-0.15218678899299384,0.3333962933295421,-0.2738393425026382,0.0850708088937742,0.16263985768279893,0.3648687700021072,-0.43748390829134554,-0.0813570552728692,1.549786552066339,0.5305688997595978,0.28789969069739124,-0.03254506928082812,0.35144033608746517,0.1422342024919236,0.329939487790572,0.03628592873549943,-0.1908645486018671,0.07090958277479777,-0.23395097939768278,0.25294708209115196,-0.285322340458245,0.06114377071541085,0.30166980493500084,0.15886824052473075,0.23265671787185996,-0.11384632440007492,-0.166453849609222,0.06890826481323668,0.22406992740806042,0.08733949778228525,-0.28532045275089224,-0.049962583756180984,-0.005098780145021145,0.01572500259336587,0.16005955176781542,0.35769148071289486,-0.5227186895482384
0.04877267617121225,0.3380440695062727,0.2438919225320584,0.16429449506655328,0.2340472231397962,0.22920103210785317,0.10880467776908079,0.06875020117322111,0.21655597247326497,0.17529140033972485,0.17630275020228425,0.1761246201116624,0.14071529515642775,0.18485092328689687,0.2016940896373632,0.1577444777037108,0.19922191175106008,0.13005882694257362,0.08011727909715656,0.33875884777235604,0.16968054477912878,0.27451085377671974,0.009178205303027582,0.7441692239140638,0.2564446731328755,-0.044983076145817404,0.4736040626989841,0.27048087025855644,-0.07411929806857433,-0.009018832605223166,0.5305688997595978,2.151514075050219,-0.11141678225242782,0.42982616254751327,-0.11610406178788417,0.4307650122680736,0.2643626202189614,0.13364304182068523,-0.14197928690030373,-0.013351045265705738,0.39669195782033817,0.23246836596742607,-0.34757770886594763,0.0428822291856813,-0.27105957199232367,0.35153101936080444,0.3653285498035343,-0.1391724126411137,0.3927348789714157,-0.08333688061522126,-0.01766288875017846,0.14957986536996742,0.1876368147585754,-0.06489953855147476,-0.42606605541529236,0.08057340075069928,0.13526028791401984,-0.08201362481309228,0.018934728504058897
0.12006181527922986,0.08136540875211018,0.20075871231540104,0.08848844476566227,0.0647537730296132,0.010504680041564466,0.14904252147201222,0.1610670683433089,0.182438664793062,0.05592895482451017,0.13193635130100512,0.15654841126016578,0.13014726939901453,0.10657158043716108,0.14536523460339942,0.10333331406464408,0.23214842473329983,0.16964982507995355,0.3648686664968638,0.02380704949750307,0.38363887744175923,0.1301612534370509,0.32998539955684913,0.7158058232493497,0.10934272287459222,-0.26729480723352395,0.05310480419296468,-0.07645165401318307,-0.18022007307753204,0.5416378433900655,0.28789969069739124,-0.11141678225242782,2.35184380010485,-0.46756459934740535,-0.7089836096131751,0.28312276943939374,0.816215805737719,0.7806066748640276,-0.515522740345243,0.11507777559334753,-0.1553678526751457,0.35096729590168113,0.34225992460054916,0.11493919510969099,-0.030027791215906655,0.6650075606454796,0.2437460823403977,-0.5884219988768954,0.2020932444822494,-0.013241958226394554,0.005498856069388924,-0.06183716564179046,0.254216058581636,-0.19989113373321862,0.0007932993188110984,-0.14351381284722062,0.0508778625547366,0.2703073417619974,-0.30790767146664394
-0.03602641723656677,0.47027575565698154,0.4304303752253065,0.20075164928412717,0.27764255364877977,0.295379058674796,0.1167649243730588,0.3335034944385852,0.12680203392223083,0.4290366235045843,0.3139387611785221,0.24893932788971002,0.24287794232445684,0.20934375002227126,0.2886403731013018,0.264926613810401,0.26475501566379517,0.33958731928870156,-0.058797706923010104,0.48289335253487015,0.15570941833627602,0.2463906716757929,0.43476740911391326,0.1024649468538319,0.9162186013760588,0.5287898098129129,0.2783349114371793,-0.15395927729056272,1.1101139239659366,-0.4059408602646392,-0.03254506928082812,0.42982616254751327,-0.46756459934740535,2.0325922987701954,0.7716319420240526,0.4363068408197784,0.5245070812874499,-0.22796495039692327,0.5717887108352976,0.05965512585698243,0.028519490744735008,0.29202630109635763,-0.4083550538848224,0.062290458107025874,-0.1879902559107756,0.24262990291069925,0.6400173756922173,-0.2207604831838812,0.5064055849806969,-0.02091018744448305,-0.10580039711313298,-0.09585639007971171,0.12942175832765568,-0.0312887234165378,-0.2277620117091024,0.08597909679720007,-0.14452505074331273,-0.5710244697644044,0.7993473647509042
