1.0929277807753497,0.4508151800543062,0.33897907999519394,-0.06640887289725972,0.2578858331406766,0.20632986908948628,0.2984242675023128,0.21307698953691942,0.08985001511565595,0.1641268100966084,0.19007439082424835,0.18641059425263734,0.17954736869779842,0.21369866274828192,0.21884948407224764,0.19947060668329916,0.17842188860584432,0.16623974084423812,0.05148255680251598,0.16618201780563113,0.21903785458168648,0.14648196263884924,0.10089135720573982,0.048568721042050546,0.21715045246890496,0.14276981579936548,0.14991246322689442,0.12673456519296222,0.24185798144358067,-0.0055941075181222535,0.14326427500263456,0.09157991846582075,0.06460873707595724,0.0522511509536907,0.22526306742118665,0.17995604936136203,0.10903438343231245,0.11959171148562663,0.1643623197169813,0.12853166330411583,0.1933854995400961,0.18960201345191013,0.1754982618171877,0.026430493913705843,0.1413523842337441,0.28357335110560644,0.2449877992920231,0.03147258614243245,0.004691108112935241,-0.07337059017773018,-0.038008495458221166,0.013270640867361239,0.019721619154099944,0.04278936452329306,0.1245881813266944,0.03565686070217471,-0.1509705204759709,-0.013741495858616351,0.019858774123397843
0.4508151800543062,4.574923875710149,0.44781638378097843,-0.45687781328453836,0.2425711572100635,0.4759476009374968,-0.024789104247247312,0.0657603671895485,0.1231141069783119,0.11005345638076974,0.07746437946285839,0.14830848951549455,0.059794101522439254,0.12594120735710532,0.05259557984620406,0.07899925927901727,-0.03039542377192085,0.0881162853514937,-0.28502748303556674,0.299676352113007,0.35143805877315504,0.06123490221375775,-0.013156016076125937,-0.030153339016050135,0.07108654812489469,0.24555310892985746,0.12305023920155725,0.058891010429820166,0.16504684075574655,-0.2637606640333087,0.08085177175345246,0.1167680251358283,-0.09887713029609989,0.16091012598477872,0.1388684364950842,-0.016158497006319918,0.020808409674867426,0.22350850700115782,-0.10935637990456763,0.16646931495937048,0.14612019034478063,0.25233613969155805,0.28050648854748395,0.041398403877447754,0.3288162727430572,0.17531133527887077,0.3302567754897725,0.09393959437315087,1.0181110833273925,-0.549903776982198,0.21362989833716367,0.24685437004121813,-0.025162826385007876,0.00612068224857488,-0.6975235273765532,0.012386609750078603,0.025356238897432267,0.161951843662931,0.33674383750890763
0.33897907999519394,0.44781638378097843,2.5268505180258862,0.2543565305219639,0.09498247796343418,0.6209164777399956,0.12094652084689549,0.36661086515905417,0.2639827992469735,0.5458297682109652,0.39791141624004633,0.43419760165223154,0.3554559221571845,0.3679388241981283,0.32316701259837954,0.39255831056263374,0.521024166385716,0.2938629622190658,0.26193538467232846,0.36849072845720204,0.39007252610917464,0.3439436993702962,0.160474316349913,0.2468031291085965,0.3745393457330821,0.3000537755149294,0.3496561422724743,0.3629189781546811,0.5068445529722582,-0.4457532091595645,0.3191449289850413,0.330693868426327,0.2771598061593263,0.4108256393807311,0.4049447116963548,0.5116885186240951,0.4679524531671402,0.2981434174199214,0.21767754876641449,0.05141541070406203,0.38090260021783323,0.3715622540305746,0.28408293674921076,0.06890973548623462,0.34329333247402877,0.714304034372199,0.7639554372019464,-0.06545062501731744,0.2502974200108629,0.033202510592282776,-0.09502268705009523,0.2844981983554652,-0.08606722767800372,-0.1113535529203485,0.06900012253128375,0.007946492829602464,-0.2679251639017085,-0.2076552237290416,0.2718330071017058
-0.06640887289725972,-0.45687781328453836,0.2543565305219639,2.8751253061576185,0.6579715064240497,0.5311123490811767,0.6455136731412192,0.8555269692524402,0.30877528873244403,0.36745563290452254,0.42619231907264726,0.5585301825416007,0.41806862966154046,0.678095044530221,0.4063086022422699,0.6262606791083143,0.5595471977640499,0.38525087861679636,0.18039929612654335,0.390013204904832,0.34673437702050813,0.4203821549126118,0.39561827346178197,0.44327269206422004,0.40931106180804977,0.5796131258501649,0.4009354450357849,-0.0019032229117891427,0.5331852303061204,0.22523501779241142,0.2803237293941616,0.44699490176201967,0.35060822337694114,0.514279732387698,-0.3844324914158712,0.40718400063644566,0.40811653320650526,0.2863707549530712,0.35762418990173445,0.156922866781829,0.22597967166443267,0.3565903456718191,0.3948394542833424,0.05502012977598792,0.13731130104873895,0.523086040191562,0.7555753981927431,-0.16248207437029621,0.9926241349989643,0.037134100834316175,-0.005579827877778518,0.21536150553019565,-0.12043067949589584,-0.17363999804356794,-0.40327679429530555,-0.008483795847209093,-0.20979105723407035,0.6762169590014213,-0.23443247216616578
0.2578858331406766,0.2425711572100635,0.09498247796343418,0.6579715064240497,1.7342428226312212,0.5536558524445832,0.295458788852014,0.5734082803892184,0.17533083227164276,0.22147845914441136,0.34196628543829793,0.4356867324951504,0.34226050428253396,0.4267968855734226,0.33992294057770794,0.42362250592843037,0.3810537542481059,0.33478114256458197,0.07609157735601565,0.34593836968291314,0.3011027112878132,0.28226113337823255,0.32130197930552024,0.30896884278846787,0.32067376461556113,0.4308368540929888,0.279783317101851,-0.04559168549999486,0.48026430260407826,-0.06893997378884135,0.2262922462351375,0.3628147157905444,0.2594364881621466,0.39730780712231895,-0.3108260454831435,0.357855092131072,0.29440393518129376,0.232341786871612,0.21137182362041074,0.10944422246510768,0.16795962422617403,0.3062391553469739,0.12030346536985898,0.035487639435438124,-0.009485315452770815,0.4100954247210617,0.6394474436130929,-0.05444771882102777,0.5359940707236054,-0.06417583523851307,0.0801593141484327,0.13038685517044177,-0.01953135829012409,-0.13185502910152128,-0.17048976075703615,-0.29911729510080204,-0.3973844017527608,0.11980071459918391,0.6250860197688803
0.20632986908948628,0.4759476009374968,0.6209164777399956,0.5311123490811767,0.5536558524445832,1.0778013523317362,0.03559591209078442,0.40184421066322695,0.1977480109308677,0.23312302411979294,0.367481078255847,0.4319444682164901,0.3252842394969325,0.48985036122969144,0.2891538074749778,0.437777430414915,0.4399546238685624,0.2195913755925306,0.14694526474038072,0.43166234682084365,0.40715770012690966,0.3153157806299506,0.17930487483111987,0.24112737579374466,0.34330689728596664,0.38509803511788204,0.3188278359786634,0.16464124158543905,0.5335549277813085,-0.1553995557755252,0.20506583958737096,0.392765623796415,0.06669350772938716,0.4424562453907486,0.1556639349258846,0.22113575037148112,0.31554691089071396,0.2980412299817586,0.19509450504567055,0.18108535167219533,0.22743862460585182,0.36927760140451843,0.3672316088367067,0.056516139450825245,0.2980430564032866,0.41607411356169,0.8488685367328377,0.10393109143957056,0.3661939281217192,0.027170283252673986,-0.2514607115827561,0.2958184581258827,-0.17582864754930275,0.03353293627692688,-0.12829551851396762,-0.09819073515230434,-0.20679482402877233,0.2710478908185143,0.07723947961038317
0.2984242675023128,-0.024789104247247312,0.12094652084689549,0.6455136731412192,0.295458788852014,0.03559591209078442,0.9590102809146128,0.26528139981915383,0.12996064031653434,0.20431662695384892,0.27929261740812583,0.28803813872825557,0.2777132523914336,0.12753190200122658,0.26227638155299415,0.2504692360713701,0.28392900882625144,0.2763747562525775,0.10368611709621073,0.20426680727818317,0.22773411025378779,0.23159648971275212,0.18611922559656874,0.21795549178541632,0.20642785726795446,0.20291488329733084,0.2258151967953748,0.08405187899929756,0.2228166161363334,0.18167805068598414,0.20116146801318052,0.22467183824404838,0.2161761276812509,0.19639464931225098,-0.004925091992961754,0.28824053546342016,0.15808426151220825,0.13002506592948948,0.26958560468638065,0.13390089964469418,0.1577910528365215,0.20979396033678807,0.20899190625168512,0.031903999184007374,0.04699018868433399,0.335623142701634,0.06667593861850986,-0.10801848659252293,0.33017423115932426,0.011360478531331595,-0.05619357010327649,0.03700578272883469,-0.008780901069775335,-0.037574153297878575,-0.05578522607244158,0.14285998362860636,-0.029442846358451593,0.17863470190644126,-0.25233883931428047
0.21307698953691942,0.0657603671895485,0.36661086515905417,0.8555269692524402,0.5734082803892184,0.40184421066322695,0.26528139981915383,1.1486553122566794,0.1610773320522234,0.3481055110866153,0.2872037320908836,0.2420665880281306,0.33011967635106354,0.5059818650323521,0.2539819309488303,0.40571700895305635,0.46180788680984974,0.2584687480727891,0.19479784070626963,0.39561275706016263,0.2625013359620257,0.2791646678848799,0.21397122437020363,0.26793444557456464,0.3560711413564863,0.43253510999413514,0.27173268626876085,0.10017805298597167,0.4490952584609408,0.21210096963751465,0.22973371012446706,0.19157979446335813,0.20450445449619592,0.40422319340569296,0.16290176740081652,0.22700615701047056,0.4359449402824813,0.2457428948865144,0.4054298046789195,0.18292078636536538,0.2718875564520471,0.28165577147254706,0.3606544813334477,0.06630553997661297,0.24482617652163793,0.43753083287401184,0.778538405341594,0.05345602556435975,0.7348622158857462,0.05083579225206982,-0.016876366990770778,0.038773948275915945,0.08194655018937864,-0.15508621752271742,-0.15333716033306224,-0.06036498528069085,-0.4175164816857628,0.38445687626461206,0.17202010731704123
0.08985001511565595,0.1231141069783119,0.2639827992469735,0.30877528873244403,0.17533083227164276,0.1977480109308677,0.12996064031653434,0.1610773320522234,0.7901100422295836,0.0834675572680596,0.12315623901884044,0.12428545327659876,0.15171530245175777,0.1835048964124983,0.1425989347937142,0.13517809187689445,0.1408307608075352,0.0862809578403369,-0.04263878865528724,0.18244832042135042,0.17442674712769388,0.30211598942587936,0.17438561898244273,0.22857592954517073,0.11193765080285564,0.3861686463829003,0.15302798550641375,0.038898399627655414,0.16543540974197504,0.013924240577930558,0.15191976127684292,0.2669569774916638,0.1890020090979491,0.25470029317419735,0.03573069760571578,0.17358935004150022,0.17657233767640698,0.14917023595677026,0.11247124102387632,0.07333059394335009,0.16570579349835024,0.1787181972375654,0.1611539234492625,0.04063220319252648,0.022426688424021613,0.2671242392964475,0.29550427489088954,-0.014845849617924723,0.7844705327909579,-0.13279391032685212,-0.01988836969161947,0.017547237717193,0.1556341510798145,-0.057562831240248115,-0.04736345444820837,0.05716235340072801,-0.03863169730767345,0.03970554120930892,-0.01724125990097198
0.1641268100966084,0.11005345638076974,0.5458297682109652,0.36745563290452254,0.22147845914441136,0.23312302411979294,0.20431662695384892,0.3481055110866153,0.0834675572680596,0.7436832181328955,0.26627641783258676,0.265551571779892,0.2660201668273134,0.25091304291209354,0.2436733776675037,0.25499084140863887,0.32683346406891495,0.18458158899927007,0.10488198454293847,0.19748168393788407,0.18712612234112072,0.20348227677961603,0.17165969574345397,0.1835684228659023,0.24717938631495068,0.20081773455904814,0.21740343972930853,0.1369730918402103,0.3225982264509236,-0.02559207515409605,0.1717731155702818,0.21473574085710734,0.12012367007698863,0.2917757457231427,0.2100936065884852,0.24289524670722118,0.28387667862703364,0.13146478636965925,0.20730784450468634,0.10854194217669451,0.2908499334893757,0.19839493108755815,0.1937108073130889,0.0432408661578841,0.06911270216492958,0.3626806059924019,0.5528445936876402,0.0014730848795582244,0.21253561748252656,0.023560608038490406,-0.0373472249989046,0.07697585099072483,0.0055317982879710004,-0.030903661304187396,0.06679709454950356,0.05530325630768949,-0.03325084930270138,-0.2130151258867153,0.12182165309705331
0.19007439082424835,0.07746437946285839,0.39791141624004633,0.42619231907264726,0.34196628543829793,0.367481078255847,0.27929261740812583,0.2872037320908836,0.12315623901884044,0.26627641783258676,0.5980107480463379,0.3779018094375649,0.40085518226408584,0.2677834986179378,0.31276361659546437,0.33452505391558107,0.4034405846445506,0.24708778173763252,0.08559761544205527,0.34373187672520916,0.272435728920186,0.24531113934390864,0.17495624125494427,0.23242479068772118,0.2744610042652877,0.2604440193721896,0.29878677066040393,0.14343477728468906,0.39848918903321895,0.04241397437067138,0.22058367340673052,0.2679393679728284,0.17269120341872418,0.28825958785154215,0.20218370054430804,0.31327646264850406,0.26239433080016555,0.2094812103418749,0.27755482028744605,0.1787497806065016,0.26938927954536507,0.2778555462741951,0.266603519701492,0.04990600821862843,0.148905896513226,0.4351528076660589,0.47791178452613114,-0.0042719921239883565,0.385206948538763,0.023453309216553597,-0.11385359517284574,-0.03271535935017227,0.0882427160386589,0.030251998751375787,-0.05444560426663211,-0.012582659110211477,-0.05589698017296664,0.13613997945064776,-0.08926060626219803
0.18641059425263734,0.14830848951549455,0.43419760165223154,0.5585301825416007,0.4356867324951504,0.4319444682164901,0.28803813872825557,0.2420665880281306,0.12428545327659876,0.265551571779892,0.3779018094375649,0.6605861685469457,0.2595571772984193,0.3190786171894389,0.2831538620025526,0.3730960198681725,0.37344608851387767,0.3305076671927816,0.10442373509703039,0.2650345280934437,0.290758438260221,0.23258272620647355,0.21044770870145332,0.215197559821919,0.31501507929794487,0.29853269472012534,0.3122675956663352,0.13934963893162072,0.3194028259520616,-0.05659635491274588,0.22402452866180023,0.31209491652517113,0.1662417371775864,0.28840035844735573,0.1427057248950954,0.33711630529580816,0.16246325540690817,0.19884741545289675,0.1863295829538261,0.1539636860477606,0.1992086070208016,0.2796941271992561,0.2644912087676032,0.03025793510657929,0.21190686928848926,0.4233975503842332,0.48854804762478427,-0.01424571513338767,0.18816356907996032,-0.12900095762367988,-0.0364287435460954,0.14029931864802941,-0.03663989556500542,0.0006781308459154175,-0.15304430868670743,0.0325670168857695,-0.0993915441936867,0.1898821553694902,-0.16351680384653677
0.17954736869779842,0.059794101522439254,0.3554559221571845,0.41806862966154046,0.34226050428253396,0.3252842394969325,0.2777132523914336,0.33011967635106354,0.15171530245175777,0.2660201668273134,0.40085518226408584,0.2595571772984193,0.6492467179541056,0.27272351024499814,0.17349308397899535,0.3298299836973082,0.3312325899926361,0.24963964059339872,0.16695699629292743,0.2550364562869959,0.2515791864764754,0.32987921464270914,0.16792580124971165,0.2636427604335427,0.23065196638660973,0.2814553354521222,0.29963938281384817,0.15623843963396433,0.3914509654762505,0.08508253472054879,0.20645574021305052,0.2640597112692019,0.2236214241266878,0.2552453725371723,0.173991060085919,0.2964160520191865,0.2633306322234535,0.15542119381041433,0.2877323089532522,0.1584195216619924,0.24433019062067973,0.256410762174172,0.2739507505813861,0.06456499418238505,0.08886184385111927,0.40264789654880995,0.42877274913186697,-0.021183345339102502,0.5063937526487613,0.1157955817797834,-0.08242511207956484,-0.07185417113573718,0.03506671451829275,-0.015272185629076203,-0.02555446467765993,-0.027585244987986878,0.0009094075442166777,0.09362503886043817,-0.0630010464898558
0.21369866274828192,0.12594120735710532,0.3679388241981283,0.678095044530221,0.4267968855734226,0.48985036122969144,0.12753190200122658,0.5059818650323521,0.1835048964124983,0.25091304291209354,0.2677834986179378,0.3190786171894389,0.27272351024499814,0.6840970159411679,0.3624260445308215,0.4544587228132946,0.37555446056941905,0.14424494786533287,0.1498674042920296,0.31347531896450215,0.2885400525005315,0.2416367453764425,0.17653267490115004,0.25760914457993456,0.3179604083391372,0.3816257912201927,0.2617035750297655,0.17860899024678642,0.40815464405555474,0.08514504676727445,0.1749534931426854,0.2712570849929004,0.15605060204639634,0.3166051520112859,0.1972367989944097,0.254512413920499,0.30410592757357413,0.22490893654418637,0.19218371429178518,0.16103664056096972,0.28932225601064576,0.2995898442011309,0.29515902257865606,0.05377359686541875,0.16025068545191326,0.4164085571898482,0.6623886963288164,0.05908535692902941,0.7111458819972156,-0.00527755650240413,-0.07100909158191511,0.10696417138424678,-0.059096126484872245,-0.010393483654779373,-0.12370692458785026,-0.04105672045327307,-0.3266514114621307,0.3130815694235059,0.12683214406380644
0.21884948407224764,0.05259557984620406,0.32316701259837954,0.4063086022422699,0.33992294057770794,0.2891538074749778,0.26227638155299415,0.2539819309488303,0.1425989347937142,0.2436733776675037,0.31276361659546437,0.2831538620025526,0.17349308397899535,0.3624260445308215,0.9366071875721307,0.29459378885489773,0.3575977759716665,0.17828744084395337,0.12941905953919375,0.37889468774860785,0.2643968700510322,0.08623698136047796,0.1412481698049632,0.2757231922871161,0.2879649233409551,0.20217335300038752,0.25166981597791965,0.29606063098969343,0.34805687873892005,0.24731040477350988,0.2428899507283541,0.27942090401093916,0.2644531199171471,0.2360380743024704,0.19520998843879678,0.3498310280136683,0.32768188914783897,0.23584714076597493,0.24927289988121493,0.1430747321257272,0.2968119351306498,0.2792985486245129,0.22419549292156093,0.038375036859665215,0.0675789639000719,0.49190270147688414,0.4803085959899363,-0.06162245538981171,0.5755899167095863,0.1511796648292708,-0.17658849722748313,0.30064467226789093,-0.20578895131244068,-0.06025555041332421,-0.018251590075293322,0.09885096543165743,-0.24964002626128443,0.15373976320413243,0.04427214621038447
0.19947060668329916,0.07899925927901727,0.39255831056263374,0.6262606791083143,0.42362250592843037,0.437777430414915,0.2504692360713701,0.40571700895305635,0.13517809187689445,0.25499084140863887,0.33452505391558107,0.3730960198681725,0.3298299836973082,0.4544587228132946,0.29459378885489773,0.703491993030772,0.4447868003379068,0.2300032333079733,0.18036141989720905,0.2817567481566921,0.3141235063176966,0.3355050648003725,0.17928402267995322,0.2337503988046673,0.3117176639843508,0.2842427954977068,0.32157217683862216,0.21389175590728143,0.4346611820338188,0.04869453548818013,0.21005491637632034,0.2665805101141588,0.14930713912738067,0.3294409394124369,0.3202618752187515,0.32036828010698154,0.3077015231409618,0.20878399607729256,0.2609113157200414,0.1921227548397743,0.3075904959911185,0.3331680709537617,0.32789301358780687,0.05454429688782298,0.1861690446781747,0.4440009854326943,0.5920997437107139,0.0026215602978958232,0.4152747592898173,-0.09376898309183,-0.07419745662765642,0.06660647203290886,0.006362282064994143,-0.0044265949875303716,-0.046758599292935826,0.006917613304079933,-0.2383777489023066,0.29004517448161055,-0.05955087323347518
0.17842188860584432,-0.03039542377192085,0.521024166385716,0.5595471977640499,0.3810537542481059,0.4399546238685624,0.28392900882625144,0.46180788680984974,0.1408307608075352,0.32683346406891495,0.4034405846445506,0.37344608851387767,0.3312325899926361,0.37555446056941905,0.3575977759716665,0.4447868003379068,0.9333515061238673,0.2215868558005871,0.1709390470139122,0.4639853617532155,0.31828451175711714,0.30469264003928226,0.18936636730835937,0.25193387404469375,0.36733005551206205,0.19560701127120897,0.332130314473826,0.2658707944849154,0.5006675150430688,0.03395327875608242,0.282658159751154,0.2620657367080519,0.22939663353537026,0.33380422939688675,0.26966201532232725,0.37988252972125364,0.4982858898233459,0.2968441023617682,0.36372087400677927,0.20652269816061805,0.3483348519865724,0.33346892434129555,0.34512718186709723,0.059817863430953994,0.2530307920199706,0.520517185064914,0.768788122049838,-0.05137204680668466,0.3962946247386512,0.30011359174561386,-0.14062145827177594,0.07108606072645703,-0.09120054995258792,-0.024641782930532135,0.05695673538504087,-0.06761624300908027,-0.265559644361721,0.06615296079684319,0.22003765750419543
0.16623974084423812,0.0881162853514937,0.2938629622190658,0.38525087861679636,0.33478114256458197,0.2195913755925306,0.2763747562525775,0.2584687480727891,0.0862809578403369,0.18458158899927007,0.24708778173763252,0.3305076671927816,0.24963964059339872,0.14424494786533287,0.17828744084395337,0.2300032333079733,0.2215868558005871,1.1250224127655661,0.13253071833028246,0.06973001442437472,0.26982560151585716,0.27087753846835844,0.4120946391536671,0.24635150088675878,0.21919527719507476,0.299904074600875,0.22307836332884773,0.2609205633970226,0.19970789155102378,-0.05500949355410555,0.3509812034754948,0.2162822333365951,0.3942738203263628,0.11682547113010845,-0.012129409428670399,0.38630379040014073,0.21607232216678487,0.11044327945303835,0.17792218774597418,0.10096976330784627,0.08037632478613702,0.2018441064636492,0.3641942600340409,0.038627933059914146,0.30556262164470605,0.3775819873123816,0.37321756628130887,-0.09727750964014108,0.2078159336556399,0.4367113113523353,0.14269697124330916,0.11384552473746588,-0.3954270745184495,-0.2294008433929417,-0.0406151072219023,0.028064384236436722,-0.06266343579052842,0.11652816410962805,-0.14654658817366162
0.05148255680251598,-0.28502748303556674,0.26193538467232846,0.18039929612654335,0.07609157735601565,0.14694526474038072,0.10368611709621073,0.19479784070626963,-0.04263878865528724,0.10488198454293847,0.08559761544205527,0.10442373509703039,0.16695699629292743,0.1498674042920296,0.12941905953919375,0.18036141989720905,0.1709390470139122,0.13253071833028246,1.0004125742513679,-0.018382005577522047,0.1531654588812556,0.13503029994842977,-0.1365507894164853,0.11186910295872193,0.15126737575319513,-0.010936137814084293,0.08541641852447084,0.2422844648304739,0.10341068441298028,0.2975116647442163,0.11711735571481936,0.06007223820661313,0.20774221731807105,0.012619844164399924,0.13706047309634697,0.11537920607160297,0.15207798610482354,0.013330803207448796,0.2570221911126394,0.020793955506817355,0.051683630077571104,0.1117018152548055,0.06112805123887063,0.015606267564404159,0.05220111767215727,0.22758234709455002,0.02996692465949967,0.1545442549011481,-0.3001522996464754,0.3362082963675933,-0.026586102381100145,0.044028466823637515,-0.20645685904359348,-0.10507579633847823,0.05810562568459757,-0.013098943818084862,-0.08148611420218246,0.06800194183310349,-0.05454319207805762
0.16618201780563113,0.299676352113007,0.36849072845720204,0.390013204904832,0.34593836968291314,0.43166234682084365,0.20426680727818317,0.39561275706016263,0.18244832042135042,0.19748168393788407,0.34373187672520916,0.2650345280934437,0.2550364562869959,0.31347531896450215,0.37889468774860785,0.2817567481566921,0.4639853617532155,0.06973001442437472,-0.018382005577522047,1.2993425924564288,0.22170791608809154,0.09760527569934806,0.0591264786780127,0.32081249067284756,0.30137474966014427,0.17231932596247435,0.39196798218043466,0.1980888985242573,0.5347521678789537,0.5017203946755582,0.4060220998402765,0.3280498079939953,0.24191864102255559,0.4637489038834635,0.25932634435072643,0.23369372782972472,0.7873266964604976,0.6854758808917002,0.5732251576439243,0.3738351259030374,0.42074243893060476,0.33435539183249424,0.7370582596448862,0.06401249051331435,0.7492408375930348,0.648931532852079,0.6570906673558221,0.23520458177428907,0.8472839523715144,-0.0883742197003274,-0.21741689999212443,0.07600346704642674,0.15603856579747202,-0.02498272077880196,-0.07530358438610016,-0.10384017786173536,-0.1821457400656749,0.094064649959427,0.21617763233097137
0.21903785458168648,0.35143805877315504,0.39007252610917464,0.34673437702050813,0.3011027112878132,0.40715770012690966,0.22773411025378779,0.2625013359620257,0.17442674712769388,0.18712612234112072,0.272435728920186,0.290758438260221,0.2515791864764754,0.2885400525005315,0.2643968700510322,0.3141235063176966,0.31828451175711714,0.26982560151585716,0.1531654588812556,0.22170791608809154,0.7013667937883086,0.24709408357562254,0.12716290329716826,0.14388759928275774,0.22775808865627506,0.21136846051628733,0.23024577686979336,0.2636965806209802,0.30760498231892514,-0.07618313474314102,0.21565014113458686,0.22527465638067024,0.20168802966820965,0.19961716597433293,0.2639710130612253,0.29222473952589184,0.232074483237593,0.1989627791938046,0.14063258579444898,0.1994494076821061,0.23098010453817613,0.487958671249658,0.2700351059152878,0.025119977707350156,0.2791110156678132,0.3841216105479729,0.5777097251838083,-0.0052403100691196984,0.14474617926793912,0.022413698511639372,-0.0812421873291918,0.1717724190011154,-0.11649652848043675,-0.0023975157529307453,-0.06595896712854382,0.007545853465089277,-0.16057594980167,0.12368556151406448,0.028435508057743548
0.14648196263884924,0.06123490221375775,0.3439436993702962,0.4203821549126118,0.28226113337823255,0.3153157806299506,0.23159648971275212,0.2791646678848799,0.30211598942587936,0.20348227677961603,0.24531113934390864,0.23258272620647355,0.32987921464270914,0.2416367453764425,0.08623698136047796,0.3355050648003725,0.30469264003928226,0.27087753846835844,0.13503029994842977,0.09760527569934806,0.24709408357562254,0.7609270979141982,0.3287651080918961,0.2491623085915837,0.18341963598750638,0.2643564188742388,0.23559919762492404,0.06987382742436987,0.387062757721489,-0.05169055896963962,0.17702964507571717,0.36358551241832104,0.1634343987796088,0.35047660534520514,0.10908519956513188,0.30566326832997676,0.16297708363693467,0.1410598101310002,0.2732734902093249,0.11222164700116607,0.19650771923038474,0.23724464474632398,0.2094019635695483,0.07579142496371237,0.004761982009307875,0.3466160591148134,0.45408175194551015,-0.056825554203614875,0.26350542031839513,0.011366178123381022,-0.039601360266399356,-0.07429052863713709,0.05437416813278408,-0.05914722883117118,-0.02176249897373432,0.016103586538218667,-0.08726060284331999,0.09085138944470673,-0.05480771128814571
0.10089135720573982,-0.013156016076125937,0.160474316349913,0.39561827346178197,0.32130197930552024,0.17930487483111987,0.18611922559656874,0.21397122437020363,0.17438561898244273,0.17165969574345397,0.17495624125494427,0.21044770870145332,0.16792580124971165,0.17653267490115004,0.1412481698049632,0.17928402267995322,0.18936636730835937,0.4120946391536671,-0.1365507894164853,0.0591264786780127,0.12716290329716826,0.3287651080918961,1.3264540196795265,0.4321250244652526,0.3113122916014333,0.10704692597985546,0.16122789504866689,-0.06869961098650541,0.4706007225305815,0.15137226307084967,0.06756295090777796,0.29825912144973366,0.3626812260571207,0.26499405612619403,-0.20914963950033305,0.5257679587122382,0.28743379492923393,0.09684910937466638,0.3107439951035601,0.13286905392533457,0.1364611510403801,0.1563778351105454,0.19511059591052735,0.14285156353043962,-0.10005837170140733,0.423142007339794,0.5626289159113151,-0.11916400747809489,0.5716815755999245,0.045887015981919375,-0.027504782904936676,0.09225725339469218,0.1120233842364061,-0.13289450937685135,-0.025513710702192768,-0.04678758316921197,-0.10043556960414547,0.09671858086012888,0.022239441508097806
0.048568721042050546,-0.030153339016050135,0.2468031291085965,0.44327269206422004,0.30896884278846787,0.24112737579374466,0.21795549178541632,0.26793444557456464,0.22857592954517073,0.1835684228659023,0.23242479068772118,0.215197559821919,0.2636427604335427,0.25760914457993456,0.2757231922871161,0.2337503988046673,0.25193387404469375,0.24635150088675878,0.11186910295872193,0.32081249067284756,0.14388759928275774,0.2491623085915837,0.4321250244652526,0.8059035739427606,0.2745145378120415,0.1507139274013724,0.26150335809630726,0.2180203786332372,0.3555389960100462,0.5631834533931585,0.24856320946668278,0.5496603430713269,0.6965896961386435,0.13186441095779688,-0.0166501582754076,0.700347261776368,0.30615856486493787,0.25004516105566943,0.3503592535512857,0.10074042135436423,0.13127482626595255,0.22603460558417704,0.1497497810425529,0.06167603144592322,-0.0039294923264925,0.6008695933752152,0.5810441410506643,-0.43420755547543866,1.0525950451053963,0.12165284363472682,-0.21792848766720305,0.13716777779699157,0.12445466360348151,-0.16175307969164204,-0.054610599266712495,-0.07577140028709103,-0.09644077665103142,0.08336198809661882,0.09635275138929561
0.21715045246890496,0.07108654812489469,0.3745393457330821,0.40931106180804977,0.32067376461556113,0.34330689728596664,0.20642785726795446,0.3560711413564863,0.11193765080285564,0.24717938631495068,0.2744610042652877,0.31501507929794487,0.23065196638660973,0.3179604083391372,0.2879649233409551,0.3117176639843508,0.36733005551206205,0.21919527719507476,0.15126737575319513,0.30137474966014427,0.22775808865627506,0.18341963598750638,0.3113122916014333,0.2745145378120415,1.0878486242061614,0.1891477906491828,0.2547567735133516,0.11345335449366022,0.791319937183932,0.24500391521438913,0.21439595823443677,0.26533229732600044,0.1222088818037402,0.4891336744662,0.22650066403057484,0.31769021076008597,0.45272247072178623,0.22815208170799284,0.31387155115006415,0.13878911914536954,0.27451494980971197,0.24604507863734532,0.3046436989925152,0.07520152169780983,0.2266629705041469,0.5732881140093072,0.5864406866565561,-0.1645630816525862,-0.1774493029024814,-0.32950949678293384,-0.07769040717998749,0.15246139877628034,0.1300101365936288,-0.020030635328601835,0.009597959064898234,-0.004823814304535334,-0.20279078749090204,0.15804024235300426,-0.04196892899813673
0.14276981579936548,0.24555310892985746,0.3000537755149294,0.5796131258501649,0.4308368540929888,0.38509803511788204,0.20291488329733084,0.43253510999413514,0.3861686463829003,0.20081773455904814,0.2604440193721896,0.29853269472012534,0.2814553354521222,0.3816257912201927,0.20217335300038752,0.2842427954977068,0.19560701127120897,0.299904074600875,-0.010936137814084293,0.17231932596247435,0.21136846051628733,0.2643564188742388,0.10704692597985546,0.1507139274013724,0.1891477906491828,1.5460598901383202,0.22296048385829145,0.10786792233220217,0.1459423261998676,-0.3367238489921418,0.2111273054682648,0.30752707514464195,0.046781601870384895,0.4439551300058163,0.08983373950281157,-0.08689714281285013,0.17186991489856548,0.14517149662272266,-0.30293188177598945,0.115716313594603,0.4149724324472501,0.2522794870015333,0.32873945414324374,0.02681310022630933,0.05014734792952546,0.28030338886271855,0.32911572920714416,0.4531786659364197,1.4205070475953168,-0.045448783470571796,0.16775920777237077,0.01901782473790037,-0.1925970481186371,-0.010810924858396373,-0.28642323251723917,-0.007742877263228013,-0.08910791547845565,0.41858260095634664,-0.14732634904462105
0.14991246322689442,0.12305023920155725,0.3496561422724743,0.4009354450357849,0.279783317101851,0.3188278359786634,0.2258151967953748,0.27173268626876085,0.15302798550641375,0.21740343972930853,0.29878677066040393,0.3122675956663352,0.29963938281384817,0.2617035750297655,0.25166981597791965,0.32157217683862216,0.332130314473826,0.22307836332884773,0.08541641852447084,0.39196798218043466,0.23024577686979336,0.23559919762492404,0.16122789504866689,0.26150335809630726,0.2547567735133516,0.22296048385829145,0.5340756572946903,0.1812864732021426,0.3133274534215858,0.08512598073289204,0.25447069694924124,0.42874910913561526,0.21876220177368402,0.27200566336795834,0.1840787404852652,0.42046256712975705,0.24345489178896243,0.25980754036310116,0.2581432742762079,0.18434557308896787,0.27722588230023854,0.26275943773232496,0.3936859585803114,0.02530164132178328,0.21801896990467165,0.4832377593405334,0.4312074614088849,-0.08194901742944673,0.563344609729224,-0.010916675427948136,-0.10196073214224481,0.11892813757371569,0.006704851829931524,-0.016852042945590825,-0.055113554647024186,0.02637195291396148,-0.08909094830124112,0.08109725402624227,0.011917184642567477
0.12673456519296222,0.058891010429820166,0.3629189781546811,-0.0019032229117891427,-0.04559168549999486,0.16464124158543905,0.08405187899929756,0.10017805298597167,0.038898399627655414,0.1369730918402103,0.14343477728468906,0.13934963893162072,0.15623843963396433,0.17860899024678642,0.29606063098969343,0.21389175590728143,0.2658707944849154,0.2609205633970226,0.2422844648304739,0.1980888985242573,0.2636965806209802,0.06987382742436987,-0.06869961098650541,0.2180203786332372,0.11345335449366022,0.10786792233220217,0.1812864732021426,1.2313066330890592,0.08723078673117972,-0.12188211308078324,0.2921335290937037,0.09607268502502636,0.6611494171950704,-0.19910313832493567,0.7600744755962519,0.4706630812765596,0.4179860063216831,0.1548538786805358,0.11205525571537248,0.1502502311276107,0.3350318155166868,0.2841961110740702,0.10499760806081736,0.06858329360376479,-0.010508238108598343,0.43771589242630465,0.2614188456702896,-0.0470368227778895,0.6915916076022319,0.47292737651578975,-0.24004570277136586,0.6050360366198306,-0.7962778049977705,-0.04131430421219655,0.15485785521203663,0.08572353934764577,-0.11881136102076117,-0.03216011010437266,-0.02296692751951974
0.24185798144358067,0.16504684075574655,0.5068445529722582,0.5331852303061204,0.48026430260407826,0.5335549277813085,0.2228166161363334,0.4490952584609408,0.16543540974197504,0.3225982264509236,0.39848918903321895,0.3194028259520616,0.3914509654762505,0.40815464405555474,0.34805687873892005,0.4346611820338188,0.5006675150430688,0.19970789155102378,0.10341068441298028,0.5347521678789537,0.30760498231892514,0.387062757721489,0.4706007225305815,0.3555389960100462,0.791319937183932,0.1459423261998676,0.3133274534215858,0.08723078673117972,2.416627943305123,0.195307773798015,0.09649904445437316,0.1925017479285499,-0.02908210957227156,0.7120032513304058,0.18376968485306922,0.5957064918443794,0.9824948568910493,0.2260666758305568,0.2985771933897342,0.19599724436446223,0.6378987148291355,0.32629608458958165,0.18416577968374032,0.04086628808505889,0.19587387852074462,0.6526060428639843,0.7745054410027534,-0.2869314029497476,1.186821548582638,-0.2550485895636204,-0.06589195120120339,0.10053203364333697,0.08293495687486482,0.05678200237598167,-0.024885895924478114,-0.21769701298198338,-0.28475482795313384,0.3101522464883869,0.11136787984970221
-0.0055941075181222535,-0.2637606640333087,-0.4457532091595645,0.22523501779241142,-0.06893997378884135,-0.1553995557755252,0.18167805068598414,0.21210096963751465,0.013924240577930558,-0.02559207515409605,0.04241397437067138,-0.05659635491274588,0.08508253472054879,0.08514504676727445,0.24731040477350988,0.04869453548818013,0.03395327875608242,-0.05500949355410555,0.2975116647442163,0.5017203946755582,-0.07618313474314102,-0.05169055896963962,0.15137226307084967,0.5631834533931585,0.24500391521438913,-0.3367238489921418,0.08512598073289204,-0.12188211308078324,0.195307773798015,3.687696406683074,0.19774422994226862,0.003958820095905742,0.3230660756055138,-0.1994108658886565,-0.0006036789727924396,0.2416498823661567,0.4346924557908341,0.324521650482096,0.8711703342563315,0.2250656853399387,-0.06882712318492985,0.0209872349214026,0.46178871959190526,0.10141580342639929,0.7811192888034851,0.33737670590843893,0.5182406309199605,-0.10874577160590412,0.08740523541993722,-0.018690795993590095,-0.17700594168000472,-0.5324562176160907,0.6194240265818172,-0.10108307234995259,-0.16978873674900408,-0.2597629352997182,0.04291174623596563,0.2536448822742495,-0.05217388560831031
0.14326427500263456,0.08085177175345246,0.3191449289850413,0.2803237293941616,0.2262922462351375,0.20506583958737096,0.20116146801318052,0.22973371012446706,0.15191976127684292,0.1717731155702818,0.22058367340673052,0.22402452866180023,0.20645574021305052,0.1749534931426854,0.2428899507283541,0.21005491637632034,0.282658159751154,0.3509812034754948,0.11711735571481936,0.4060220998402765,0.21565014113458686,0.17702964507571717,0.06756295090777796,0.24856320946668278,0.21439595823443677,0.2111273054682648,0.25447069694924124,0.2921335290937037,0.09649904445437316,0.19774422994226862,0.9355043443215375,0.1918987131898526,0.498367188381749,0.06350060795819998,0.11092008218379004,0.5835878090700893,0.3342565143916336,0.3242259185522988,0.31320050319472426,0.12694592129054413,0.19470700544022296,0.24225083225599695,0.25397320563226616,0.05403677584669855,0.269025636177117,0.5989796624615751,0.48885995823299433,-0.21386964078292173,0.23992706930267343,0.2731858258405986,-0.12650686789216095,0.06037713258061872,-0.06973683843818405,-0.17685150116782042,0.029689809678618076,0.04060016040590134,-0.05734571456475679,0.012506770811818719,-0.06967843496397132
0.09157991846582075,0.1167680251358283,0.330693868426327,0.44699490176201967,0.3628147157905444,0.392765623796415,0.22467183824404838,0.19157979446335813,0.2669569774916638,0.21473574085710734,0.2679393679728284,0.31209491652517113,0.2640597112692019,0.2712570849929004,0.27942090401093916,0.2665805101141588,0.2620657367080519,0.2162822333365951,0.06007223820661313,0.3280498079939953,0.22527465638067024,0.36358551241832104,0.29825912144973366,0.5496603430713269,0.26533229732600044,0.30752707514464195,0.42874910913561526,0.09607268502502636,0.1925017479285499,0.003958820095905742,0.1918987131898526,1.5970132101851024,0.17395431594960076,0.41165116430821486,0.014336840537017205,0.6390190058170507,-0.2644976876597697,0.2738109778296262,0.19227616663500324,0.06980444785382584,0.2600158338710695,0.282078513464354,0.18885397166576037,0.01533531631702886,-0.006070648882931787,0.5989023741453132,0.5337545104627651,-0.33573966726581994,0.3441099648354961,0.0432548325454494,-0.13941261636802457,0.4800183685464699,-0.17689644450342912,-0.004575492995216753,-0.08927584891448688,0.16797404558163495,-0.12130903462640226,-0.03519495675789371,0.009940944753679957
0.06460873707595724,-0.09887713029609989,0.2771598061593263,0.35060822337694114,0.2594364881621466,0.06669350772938716,0.2161761276812509,0.20450445449619592,0.1890020090979491,0.12012367007698863,0.17269120341872418,0.1662417371775864,0.2236214241266878,0.15605060204639634,0.2644531199171471,0.14930713912738067,0.22939663353537026,0.3942738203263628,0.20774221731807105,0.24191864102255559,0.20168802966820965,0.1634343987796088,0.3626812260571207,0.6965896961386435,0.1222088818037402,0.046781601870384895,0.21876220177368402,0.6611494171950704,-0.02908210957227156,0.3230660756055138,0.498367188381749,0.17395431594960076,1.9290573626475687,-0.4751710064529309,-0.26404041937417644,0.8443143125872936,0.574626170366634,0.2605987766218743,0.3928287058679407,0.0512479543261131,-0.057939778252305084,0.2853028165019015,0.08441105963368023,0.04633436729748868,-0.2690171352163396,0.7855733689933007,0.6844760097535851,-0.8597340261893948,1.186219799700291,0.5060677699583901,-0.34973358970597673,0.21719486764770468,0.03490574424308099,-0.45500556837344647,0.08833360399606201,-0.10931204659364209,-0.19051308031774786,-0.012579765195656142,0.2298125925997228
0.0522511509536907,0.16091012598477872,0.4108256393807311,0.514279732387698,0.39730780712231895,0.4424562453907486,0.19639464931225098,0.40422319340569296,0.25470029317419735,0.2917757457231427,0.28825958785154215,0.28840035844735573,0.2552453725371723,0.3166051520112859,0.2360380743024704,0.3294409394124369,0.33380422939688675,0.11682547113010845,0.012619844164399924,0.4637489038834635,0.19961716597433293,0.35047660534520514,0.26499405612619403,0.13186441095779688,0.4891336744662,0.4439551300058163,0.27200566336795834,-0.19910313832493567,0.7120032513304058,-0.1994108658886565,0.06350060795819998,0.41165116430821486,-0.4751710064529309,1.9713511015672465,0.25994141181298797,-0.2719515030830386,0.9538712433930348,0.16608532346794413,-0.001202721669922247,0.008835061310403361,0.5329354947248437,0.23142954669522817,0.4139870481594973,0.1435439461761338,0.0495831170953328,0.13249307275284344,0.6045981096596359,0.6594516055779007,-0.0910344549075488,-0.45129889748705193,0.05172212703581795,-0.031627292373259015,0.2679850069007643,0.01021975173304069,-0.0632700557470308,0.027930886563651353,-0.17288812611130464,0.12371083908210964,0.025653737337408174
