1.0470557639489535,0.23410533199673367,0.38647467415814724,0.06321725331819325,0.17399901898945844,0.1376157512683178,0.23334599934379324,0.1365275255863319,0.13186186962543064,0.1486478198145183,0.13167247179238983,0.1653224206274276,0.09092654572519908,0.15463843439948197,0.14256836584511978,0.1317550558834734,0.10405065504038244,0.16636218669442718,0.12217515300725279,0.10285689311786739,0.12069898003442789,0.14109063507087635,0.08039075571960026,0.05880062975650209,0.15694549207108952,0.11607123390002655,0.12148464049013698,0.07374226957363268,0.14117639880246885,0.09184756048796275,0.13457721220825644,0.1325234095602166,0.09410841165044236,-0.07055980236130822,0.06986310755216321,0.1410637361656562,0.09733918003456632,0.09588955276854692,0.12403612153606366,0.04414755775245219,0.10423242205199448,0.09582524854492702,0.10198163413192408,0.03196155291173889,0.1336049383251168,0.17566772847824408,0.12518812992006428,-0.016466336142869797,0.05373085999463329,0.005589362540457417,-0.010976705172469741,0.01037901260447171,0.013685836461813063,-0.01602755149320224,0.13179635930556577,-0.01175121673833955,0.10117118976645363,0.09755618665511354,-0.3046365920460531
0.23410533199673367,2.2286014495802506,0.7900721103872774,0.12241152487614958,0.10881729153366058,0.23987869888092545,0.1973713377948831,0.25229710022131585,0.23476674020309604,0.2420358802146312,0.21903217406535033,0.20939060908521195,0.17775052330890073,0.16146594344528253,0.3110535544892885,0.15755308103530496,0.23161964002105945,0.32384234576291865,0.15554691322535488,0.33745882080877776,0.2579788823191293,0.18946521876245567,-0.020674628673557013,0.12102205948100667,0.19066657872795267,0.2530987490343173,0.22433131345695909,0.20787557740157847,0.38129635316246724,0.08088148232614309,0.2001861371901949,0.14536327782793362,0.1936868132951424,0.2555177659301677,0.1393140861475254,0.23008836049889536,0.47475228046685464,0.2076544463358904,0.15389374022625524,0.05536870186085807,0.20320685679893466,0.2192103646291463,0.22456597968988956,0.04731810249899039,0.2906938861013541,0.2437172767982875,0.19527853588498256,0.0032958272949566553,-0.05590795505381267,-0.07480211370327934,0.1698278084705332,0.0836541158563141,-0.08294555044846609,-0.12372742153253839,-0.3614087371929864,-0.12104247032759392,-0.31795928612931357,0.368147858910044,0.23538690968298567
0.38647467415814724,0.7900721103872774,2.1683708847280037,0.14731570555694337,-0.060135920987315336,0.34084546908137364,0.2106030314324776,0.3444705990062313,0.4158749165224008,0.381416450787711,0.2718810397512321,0.2775897479684416,0.20761690640072952,0.1873673737829129,0.31927197131443136,0.16567003934969335,0.3070419414809812,0.29413158385340654,0.22914862405046052,0.2711742921420892,0.2511119889820039,0.3018250002852228,0.14759229229329607,0.22123698469092554,0.25876916741380246,0.2706432287120694,0.22697800553327108,0.22629104733028182,0.36337669167119546,-0.10395915660623867,0.2650362461856638,0.2064446403461506,0.22208375932612073,0.32049745795251344,0.18680217712710467,0.39752509235760664,0.39892405006016085,0.20741465325746744,0.21590989053470463,-0.1247806088111868,0.1933336812452547,0.2277727216915562,0.1465895190624259,0.08845675655157223,0.28405360915255917,0.4638216944222668,0.1858926577550131,-0.059768299238607596,-0.26351213003395774,0.08576300071178666,0.03986011476009033,0.19177285057543086,-0.10007437207022629,-0.20512048147209141,0.05077667023952978,0.020592162444357087,-0.05407661633455307,-0.2056238217733717,0.041390933506106
0.06321725331819325,0.12241152487614958,0.14731570555694337,1.2690030541334625,0.4090308032493615,0.30707635246710496,0.2963259288551299,0.28404510540393385,0.156304372787135,0.1992425636078716,0.22631756079576454,0.29166934899741503,0.1842338641093022,0.2752720599898928,0.19556274105413937,0.28102651442327364,0.22589049375355671,0.20780296394768807,0.22283900725860079,0.21333304113715915,0.1925716242591968,0.22971364477737435,0.18352872974086434,0.19468712698894075,0.21264739532503105,0.23311625170017797,0.17816662913460005,0.07149906909509444,0.26404734849365585,0.11261508105141668,0.15410949523267017,0.2188170082187247,0.16489223643990655,0.3176800500323657,-0.001579272544328039,0.2124016483378104,0.2537653300647618,0.15163954160338713,0.23054169242142328,0.05388129593451083,0.13616226550684773,0.18327706680260586,0.2309533010969834,0.11161412113081579,0.08196020190228175,0.1613110315189862,0.20638436819994535,0.0012747839246474092,0.10989916527175012,0.08819028206700087,-0.09627135850573564,0.04167514190546812,0.006326014961706142,-0.10964561573637706,-0.06965925279947528,-0.05085853461497273,-0.23719185784458058,0.3056796056524908,-0.06025677471336517
0.17399901898945844,0.10881729153366058,-0.060135920987315336,0.4090308032493615,1.0825437777955522,0.26638016363697925,0.22411982092891514,0.26407845611027275,0.14776904773931207,0.1755012743787232,0.1968754168346977,0.24150386648869526,0.1820236687983461,0.2237932620356008,0.20018201585389148,0.256216867408305,0.17233136738391103,0.1874448121524975,0.3899912956026632,0.17140233019040002,0.16795519019627703,0.20723290794614121,0.1420983780986823,0.16628956331523806,0.17267786251553627,0.2042243391829145,0.14596122841984685,0.04449782408230628,0.22515493364892034,0.0730076690105526,0.16340949162972837,0.21107738933278858,0.12170188486679677,0.28864950214938806,-0.007879904976507507,0.19868157613090823,0.2339366211761311,0.11883559920285532,0.21034692979983005,0.09748105094826266,0.14589348575263814,0.17790341149964692,0.13677289256402886,0.07223887153030158,0.02229105296020893,0.13974935625524754,0.1707391526704296,0.013448023812305214,0.2129391219595046,0.15542806974933476,-0.058451468007829355,-0.14929414520094053,0.03686806079423842,0.0013263207877079852,-0.052457607761057526,-0.05188031362253638,-0.0538492416215419,0.11620545064255289,0.015572966317260708
0.1376157512683178,0.23987869888092545,0.34084546908137364,0.30707635246710496,0.26638016363697925,0.7984523042824719,0.1478102990349871,0.3476615928568702,0.24624481471024492,0.18773100041845717,0.2691926991378796,0.27942272735700086,0.19100219188284162,0.2584862643975657,0.24143605060176335,0.25188739307306873,0.27290778965418533,0.21469560410422386,0.36561882212818536,0.3206944783300677,0.23178692618266908,0.27652190410602256,0.10384981842245536,0.20472377702599623,0.258548551341558,0.2966427884055768,0.22604196987096387,0.15503232754939308,0.3902232088408757,0.09504580473728697,0.20639652106038595,0.26498324082625735,0.08517427883364445,0.32617888146356905,0.14935431831182192,0.19033812540217804,0.3059915181178468,0.20575245707354634,0.270853106488064,0.10807329603389705,0.11359323209338207,0.21465542512644215,0.29389527302838075,0.0980391301070267,0.22048961232589287,0.1786284770410951,0.2673911433678584,-0.001756751063427101,0.24099773883383455,0.1786432384331394,-0.2756422516013769,0.05658935327670536,-0.09982986178117322,0.006456837997302508,-0.04576470353513684,0.006867687340223382,-0.030442927032683323,0.20180776159725097,-0.1807932454853092
0.23334599934379324,0.1973713377948831,0.2106030314324776,0.2963259288551299,0.22411982092891514,0.1478102990349871,0.6909488900293841,0.1497258079505888,0.2658408743715417,0.17068791586513737,0.22112272981441342,0.3220990470209554,0.1570688091672416,0.1697831411356195,0.1305471364626295,0.22249259745504463,0.21257375943050683,0.2094296854603154,0.13492103874068814,0.16081835608786818,0.18430255379817345,0.2537361047743898,0.18324426551082723,0.16973902322114737,0.20857040551582948,0.1994066999058453,0.18850006910365338,0.08904157975246811,0.2038873468285295,0.09223239119642486,0.17598378032474188,0.18761503174227673,0.153760134078673,0.24610836141311532,0.07505491045421081,0.23282848013319893,0.18536472184121508,0.11660042195611738,0.21511382588731617,0.057253327708335106,0.11663330144267406,0.1701974266211508,0.17883409785123053,0.0625636214931715,0.09536255344047331,0.174761856428491,0.1282894705094463,-0.016055918834377868,0.21105685764085882,-0.04415584725547872,-0.04256174615453414,0.024127868795515105,0.02059248297634946,-0.09014574705572033,0.0460963490431839,0.09204721221411452,-0.03521129996676875,0.10788790910551423,-0.28648190634789694
0.1365275255863319,0.25229710022131585,0.3444705990062313,0.28404510540393385,0.26407845611027275,0.3476615928568702,0.1497258079505888,0.8423558972745796,0.09601904209501827,0.2382382551485824,0.2716347314270029,0.1530630000284872,0.216101840220127,0.25013872826253697,0.17753620451586613,0.21990904204720396,0.2619129036297032,0.26780946775410275,0.25651899905154574,0.28556286167720324,0.18397984274694854,0.19883102720477272,0.1312247327431111,0.1656045970893654,0.23944771823609368,0.2905092353204943,0.20977419080309434,0.0989726140868506,0.2698628268044173,0.1308456386823291,0.18724596778897284,0.21326246409215194,0.1065603814717926,0.30215360092933635,0.15372707854166923,0.1769173946970852,0.2930314097590275,0.1767542117929864,0.3041333587797463,0.1171573806766223,0.16580160572368272,0.18028518173474956,0.2741190922743941,0.0876148393603888,0.18110887416117744,0.20985059548958654,0.29257004071053216,0.016357099542779367,0.21891157574530978,0.14473690279586793,-0.05846822487188831,0.012491638110145234,0.01227870596895143,-0.10147863781228865,-0.07358959739398398,-0.06705126465383113,0.025921431202590536,0.3129340363314495,-0.2222183868426507
0.13186186962543064,0.23476674020309604,0.4158749165224008,0.156304372787135,0.14776904773931207,0.24624481471024492,0.2658408743715417,0.09601904209501827,0.7827288531352836,0.11848635220974157,0.14955527851365064,0.18663059049744354,0.15033074383578918,0.17724267312415573,0.14084141004369785,0.135439698173736,0.1841578401204337,0.19220228926634578,0.150707101061925,0.14903831434257173,0.18758436682203192,0.3638191453697492,0.17515449343503653,0.1906003680157072,0.14032425552162792,0.264647003404696,0.1658160995011655,0.12579251750895085,0.17731437947953532,0.06592686235350924,0.19440356019802574,0.1886409081088144,0.1923680636128841,0.20747303459003494,0.09333471228915809,0.23090114980184953,0.19451524598010178,0.12186718446175294,0.19091589672844564,0.035519537075684504,0.11711222230933643,0.16647380619503624,0.16079466955973457,0.07253234346142205,0.07996626383357912,0.19735721386233138,0.1517505398581201,-0.04201907902697543,0.222944145616842,-0.033176597166272324,-0.0013652193968195533,-0.02509100506384626,0.04271500368435025,-0.07163981551466277,0.04586953496028164,0.14177952633523602,-0.04528126854169982,-0.06803971199473181,-0.12534034710147954
0.1486478198145183,0.2420358802146312,0.381416450787711,0.1992425636078716,0.1755012743787232,0.18773100041845717,0.17068791586513737,0.2382382551485824,0.11848635220974157,0.7339581939842661,0.19077001030177246,0.215253858479582,0.17074497139067632,0.1655600284795324,0.22689339192322755,0.18129435174764663,0.2209412928949467,0.2590748450208339,0.16133555902230445,0.15307951245207016,0.14620150387101946,0.17994615529685354,0.1760467797537333,0.16829604778167118,0.20667141202372563,0.16123363199226726,0.18264358313053392,0.1356653543993752,0.25828853648155925,0.13351209518879859,0.18113327065889614,0.17438356352120668,0.0915872393495479,0.30590754730058667,0.18203633990978837,0.2414959307762514,0.24897046581418011,0.10478965550594076,0.20907900850983047,0.07406734360581439,0.2171829006706547,0.15269629745827185,0.14191386459474006,0.08163557701396984,0.08608173142946243,0.21418237513525462,0.264767681630388,-0.003917233285991063,0.11701461707604315,0.04651451151511607,-0.00406923630476289,-0.007912875080001092,-0.02883997081965088,-0.003317676298212632,0.03232798280504446,0.01492756201694531,0.026973416565957364,-0.11046921181839144,0.003719114228752128
0.13167247179238983,0.21903217406535033,0.2718810397512321,0.22631756079576454,0.1968754168346977,0.2691926991378796,0.22112272981441342,0.2716347314270029,0.14955527851365064,0.19077001030177246,0.5302548207037076,0.2937675853601006,0.20502443701003914,0.19100889015182076,0.2563279867839497,0.2215497285935797,0.273490496968543,0.209247103245894,0.16709358447856848,0.27985364438790944,0.19867322154126252,0.19378659256929015,0.13566866945893238,0.1818020279734701,0.21447668596624103,0.23808088098547414,0.21348663189650077,0.12983096944508635,0.2622040727879254,0.11450181055976724,0.19681900937402122,0.19796473668507844,0.12165220735612978,0.256768857953198,0.18780703754788355,0.2289225845499153,0.2293038824113587,0.16238262714486607,0.2523155077222398,0.1152090441020869,0.1597939401997009,0.19670620624488422,0.20436930362834715,0.06456046199030702,0.15660252916485598,0.20563976770950518,0.20998890941252804,0.0056989826605281044,0.10287023780940147,0.016949113409380212,-0.05810292256346037,-0.021761976557100052,0.08140102086284517,-0.01726821078997135,-0.052012426614469746,0.01683684415865804,-0.039198276810142145,0.13938202052063806,-0.15849632642290584
0.1653224206274276,0.20939060908521195,0.2775897479684416,0.29166934899741503,0.24150386648869526,0.27942272735700086,0.3220990470209554,0.1530630000284872,0.18663059049744354,0.215253858479582,0.2937675853601006,0.6691516370321621,0.15772229349443248,0.226402751142755,0.2307764512549273,0.2689326842884653,0.24828613985045767,0.19334358151968853,0.1996681894055397,0.21824743863801221,0.18427773787897367,0.2203275262655976,0.14848091436017624,0.17184505491076363,0.2649056004066964,0.24247397430572606,0.25688413436086927,0.09714237991065494,0.244333833328238,0.0681204184775969,0.18511582317303474,0.2506212908522265,0.11216902104667024,0.26944583814943013,0.14111631988246295,0.2569365266521709,0.1469731922700295,0.14347779058430568,0.22421201458002893,0.09455327124006695,0.12920651446154754,0.18176955823505628,0.19697428331235242,0.0535156925695239,0.13470313878899887,0.1857903470405499,0.17469288420444884,-0.00313100302720679,0.20400895246183076,-0.10533564110958167,-0.04005017968898478,0.05986553450409783,0.015441540378659656,-0.025001883344960632,-0.04357279797466545,0.09350649492356877,-0.044153315062563495,0.15044452398944635,-0.3007743031860647
0.09092654572519908,0.17775052330890073,0.20761690640072952,0.1842338641093022,0.1820236687983461,0.19100219188284162,0.1570688091672416,0.216101840220127,0.15033074383578918,0.17074497139067632,0.20502443701003914,0.15772229349443248,0.39682764885600535,0.1630217102898013,0.0932962990397028,0.1805818542223262,0.17149822109418167,0.150829536820052,0.15349204533329094,0.1501276509088386,0.1414195983020404,0.20128385787803332,0.11630143536815797,0.1526376853583577,0.14755756590991362,0.16719158260757558,0.16561319152681564,0.10574851179558753,0.22758474115481941,0.09989430034340945,0.12832005511823166,0.168190750558505,0.1133681088717765,0.2026501936149954,0.13847568090274437,0.17687070904075117,0.171447854484039,0.09453363734221976,0.19195679532368584,0.07200679191173308,0.13481273701001584,0.13842713019954256,0.14636886003597058,0.07630783843442422,0.02798123561970622,0.1597250856647471,0.1568015788998669,-0.007466781464645579,0.15439285698231275,0.08431087733261959,-0.036872629542581324,-0.04253692804480669,0.012249975907934986,-0.03445972677235758,-0.004446439135005796,-0.0258867756288661,-0.057759785373073504,-0.01751510837223157,0.06919655253041794
0.15463843439948197,0.16146594344528253,0.1873673737829129,0.2752720599898928,0.2237932620356008,0.2584862643975657,0.1697831411356195,0.25013872826253697,0.17724267312415573,0.1655600284795324,0.19100889015182076,0.226402751142755,0.1630217102898013,0.5541600643000906,0.21482346104324093,0.3132336209900374,0.20733209602661795,0.15524263979305886,0.18883669372910455,0.23118773884725952,0.1791543936486471,0.24180026132137447,0.13300178621037842,0.20284762562125588,0.2137711403624519,0.265841895054186,0.19058314993981956,0.12653841474629293,0.24910760022190556,0.16475121125536904,0.17591355113831472,0.34959382718909626,0.11737629176748537,0.22545715595842053,0.1511948197024185,0.22025319906249025,0.20063933923851315,0.16042503265350017,0.1727029976639484,0.108570322151993,0.2067884828272584,0.18542754351568355,0.2294172057889978,0.08232237049398605,0.09989770671643775,0.17115167447255772,0.22557506634118463,0.004453781390978808,0.32084501669419746,0.053231461152615234,-0.04302310441954647,-0.03292341171464972,0.039789351319172744,-0.007245592337813183,-0.12797870805655182,-0.004815856257032489,0.001981876274178738,0.2003512475426912,-0.11887062138194614
0.14256836584511978,0.3110535544892885,0.31927197131443136,0.19556274105413937,0.20018201585389148,0.24143605060176335,0.1305471364626295,0.17753620451586613,0.14084141004369785,0.22689339192322755,0.2563279867839497,0.2307764512549273,0.0932962990397028,0.21482346104324093,0.8336547361962583,0.1945911609402441,0.2354590581737736,0.2463257453747049,0.19196331392577165,0.26578531210650486,0.2057493310537917,0.14143062744192655,0.17439251178548912,0.1984204074998957,0.26602213847147554,0.20775288087356264,0.1872458242835072,0.21281159394407326,0.28324076708412943,0.1831317972775292,0.21369205411029316,0.18227283147883316,0.16036852153527537,0.2667193320146741,0.18052933714594827,0.23554900341474516,0.3324186877278007,0.1514981193929237,0.20624829271954265,0.0690124198140337,0.21483381370263613,0.20425325285058726,0.22651517364337942,0.06868154364765376,0.1390823004878649,0.2125096001017609,0.24112817536145315,0.02232221563429054,0.11714753630818993,0.1006444581356436,-0.13183369090940678,0.22848346438343217,-0.13543375981823724,-0.05561856763835999,-0.011278603833317826,0.07965799894516395,-0.1275636381040607,0.07981610046508379,-0.041332615405266636
0.1317550558834734,0.15755308103530496,0.16567003934969335,0.28102651442327364,0.256216867408305,0.25188739307306873,0.22249259745504463,0.21990904204720396,0.135439698173736,0.18129435174764663,0.2215497285935797,0.2689326842884653,0.1805818542223262,0.3132336209900374,0.1945911609402441,0.7108442761250228,0.264478673841744,0.19945504260319039,0.22431925023269253,0.19716071360770882,0.19253296798157515,0.34869051059865735,0.14507519376623992,0.19558621132311188,0.2431422002633186,0.20340239422404688,0.24601339087275198,0.17779800396048473,0.2963298888446497,0.18130167461998226,0.18399095231348334,0.27459247410742,0.10613401807958063,0.27347429991862765,0.25996847510781046,0.2305301811007678,0.22939040286843881,0.14269496387122005,0.2406175672222734,0.14217424723168598,0.20891646687319376,0.22133397483231626,0.29666607547683926,0.09745056409299244,0.12190802012567822,0.1767186235037425,0.2406725808030332,-0.024943847221722767,0.29232521331289885,-0.040296469793814675,-0.06091297880547751,0.009438443558589804,-0.0026286718212148942,-0.015352771638883048,-0.02685722394505446,0.052874881052089644,-0.12334246061854147,0.22468707812210378,-0.15945736506651817
0.10405065504038244,0.23161964002105945,0.3070419414809812,0.22589049375355671,0.17233136738391103,0.27290778965418533,0.21257375943050683,0.2619129036297032,0.1841578401204337,0.2209412928949467,0.273490496968543,0.24828613985045767,0.17149822109418167,0.20733209602661795,0.2354590581737736,0.264478673841744,0.7496705527182814,0.17926468261070594,0.205736574133738,0.34920298037573877,0.24561557477501741,0.2624417820354888,0.11199159874455418,0.20508677162893235,0.2601777529727486,0.1968256004266648,0.2336971007957328,0.2976978108526549,0.27839524277118755,0.15880905587070823,0.24065563102327314,0.2011872972913761,0.22118286630789735,0.26395935410125876,0.2518665028667212,0.2733903114294302,0.42927053771416634,0.21893813879668209,0.2904568438037387,0.13217459827094377,0.22669933193010042,0.2733731107468787,0.27270534024816656,0.08910429590905146,0.2974878002953495,0.23729176300344085,0.27813494494769614,0.00671371094089419,0.10812076768887888,0.18980057771320585,-0.04213980559751752,-0.0027041275201050378,-0.07251006151615874,-0.046624260743500213,-0.08529448083195873,-0.009320130714190711,-0.0705019488348901,0.14257921424907774,-0.14040069522497514
0.16636218669442718,0.32384234576291865,0.29413158385340654,0.20780296394768807,0.1874448121524975,0.21469560410422386,0.2094296854603154,0.26780946775410275,0.19220228926634578,0.2590748450208339,0.209247103245894,0.19334358151968853,0.150829536820052,0.15524263979305886,0.2463257453747049,0.19945504260319039,0.17926468261070594,0.8735719199264743,0.18670339691550555,0.037843975788363175,0.22316320634936304,0.23200466965067723,0.371103619210312,0.15293986969642948,0.23241531991347114,0.28195645528385116,0.12254585266134556,0.15657004982949374,0.2728369258905336,0.045099881340769456,0.29293992678969927,0.16633689444602065,0.15531685934986506,0.2707936178666631,0.11756612734861083,0.2641084655802094,0.30493183701586435,0.07840185963309221,0.18504438724862374,0.10434709989262422,0.20403216776709862,0.1750471308152928,0.3018312337973856,0.07698866862843039,0.2321894254995507,0.25001813108886095,0.3817124067893375,-0.0161405061554984,0.028574144951269934,0.13694493303045996,0.1655405359880357,-0.0392737688764946,-0.18784573972029023,-0.09315664724866982,0.012390282347826409,0.06941191064918938,0.004501325403837535,0.20958834442220037,-0.31807584199293265
0.12217515300725279,0.15554691322535488,0.22914862405046052,0.22283900725860079,0.3899912956026632,0.36561882212818536,0.13492103874068814,0.25651899905154574,0.150707101061925,0.16133555902230445,0.16709358447856848,0.1996681894055397,0.15349204533329094,0.18883669372910455,0.19196331392577165,0.22431925023269253,0.205736574133738,0.18670339691550555,0.8215316246118834,0.15896040372700654,0.19341176359398052,0.22186031839496947,0.013666686400864846,0.154296590816816,0.1772752899623573,0.13432362115716373,0.14993669431607481,0.186061502792679,0.19410949654781237,0.09538164523695178,0.20297680144915697,0.19536280046752144,0.1673549963463109,0.20274862961634463,0.06348239690194166,0.19948593282959384,0.2455593979701486,0.14119794753471748,0.23810065534540795,0.07645914854082747,0.14109396769984298,0.16974230216818725,0.17249579486653713,0.06075502738521471,0.152641975283972,0.1845433932952773,0.15541170045245128,0.013508790911391046,0.08442802680234963,0.10061835606847555,0.09676072310105603,0.191031133018108,-0.23115986706675287,-0.10882812158246247,-0.035197222632514846,0.003556059673199444,-0.018648721983695327,0.11447897708909471,-0.08398149922022868
0.10285689311786739,0.33745882080877776,0.2711742921420892,0.21333304113715915,0.17140233019040002,0.3206944783300677,0.16081835608786818,0.28556286167720324,0.14903831434257173,0.15307951245207016,0.27985364438790944,0.21824743863801221,0.1501276509088386,0.23118773884725952,0.26578531210650486,0.19716071360770882,0.34920298037573877,0.037843975788363175,0.15896040372700654,1.1804031629587763,0.18991685316399548,0.14260635910796718,0.030309928244047157,0.24544795843600425,0.24768523441143403,0.2513475851592702,0.3230349789268172,0.22962974585434237,0.3563822027069999,0.3549138534096654,0.26090257260932675,0.22254817979850258,0.19131509244519004,0.33582403231851443,0.24167936338845694,0.1867416333824697,0.658753020069071,0.5256020613643042,0.35712408985356475,0.23018836070277662,0.2203936671306871,0.2579992086614406,0.4844896142847451,0.06946698946049308,0.49922944642339495,0.2480209066390674,0.25521946062341727,0.09711948492873375,0.35066560823397014,-0.002500078999734766,-0.18548970636210957,0.13394990345033717,0.0826303985601937,-0.067384242744804,-0.059916355412278265,-0.04041102427686156,-0.04034920816273675,0.1284590454521788,-0.05494635081168673
0.12069898003442789,0.2579788823191293,0.2511119889820039,0.1925716242591968,0.16795519019627703,0.23178692618266908,0.18430255379817345,0.18397984274694854,0.18758436682203192,0.14620150387101946,0.19867322154126252,0.18427773787897367,0.1414195983020404,0.1791543936486471,0.2057493310537917,0.19253296798157515,0.24561557477501741,0.22316320634936304,0.19341176359398052,0.18991685316399548,0.5569377958159072,0.20290493147438812,0.14216024434919353,0.16816385969109968,0.1784735524311828,0.1854661292622727,0.1607179658388035,0.2015906497289127,0.216004567835699,0.19483219361232387,0.25406016527794434,0.18214829780675915,0.19338968821511704,0.20078671795119926,0.20871370717838075,0.2819435545793548,0.33347610532298877,0.1671586589307527,0.2807943055010514,0.17061840307078155,0.26710903123405366,0.3747697555299898,0.30129022447812565,0.08365583559795746,0.40159538210839274,0.19298128740882808,0.2692576367453374,0.022418685217713792,0.025017157738748862,0.11642289288266269,-0.02617277955906467,-0.006850352678419234,-0.05770634232758051,-0.04063885335192577,0.02854683628525003,0.003781059555667628,-0.11219112048528848,0.09456395975448004,-0.04768465276793655
0.14109063507087635,0.18946521876245567,0.3018250002852228,0.22971364477737435,0.20723290794614121,0.27652190410602256,0.2537361047743898,0.19883102720477272,0.3638191453697492,0.17994615529685354,0.19378659256929015,0.2203275262655976,0.20128385787803332,0.24180026132137447,0.14143062744192655,0.34869051059865735,0.2624417820354888,0.23200466965067723,0.22186031839496947,0.14260635910796718,0.20290493147438812,0.8475747123784532,0.23659843087416138,0.211086431778088,0.19558569596901934,0.21248963694228837,0.21814411623287225,0.14447547378620346,0.31900474832146936,0.1439375109973924,0.19913023952557093,0.27492312003377517,0.1836824471763409,0.2849961960045534,0.14605929628120942,0.28900804869652574,0.21602972357962372,0.1505173358823653,0.28067998677836026,0.09081046884848613,0.18874275427518758,0.21072132791681203,0.26965636130152465,0.12390980292265505,0.009946785520772139,0.2583052889312539,0.23163998420713425,-0.14347227091170506,0.4964652729210584,0.014971194201118027,-0.03771295057081371,-0.0844123428679686,-0.015367409794428619,-0.05505263509006329,-0.004731165566015676,0.07487669342514126,-0.07282511799810748,0.0899519435544065,-0.1497451995635806
0.08039075571960026,-0.020674628673557013,0.14759229229329607,0.18352872974086434,0.1420983780986823,0.10384981842245536,0.18324426551082723,0.1312247327431111,0.17515449343503653,0.1760467797537333,0.13566866945893238,0.14848091436017624,0.11630143536815797,0.13300178621037842,0.17439251178548912,0.14507519376623992,0.11199159874455418,0.371103619210312,0.013666686400864846,0.030309928244047157,0.14216024434919353,0.23659843087416138,1.3375594231321557,0.29089335754494877,0.3409933723787773,0.012463597411706127,0.09698766909235908,-0.11448815323672411,0.3856809781758822,0.2674765165701444,0.013475845628940684,0.11246067609618368,0.17432052899934636,0.3197184027900386,-0.06654617544319195,0.4315306367879606,0.17153158874305896,0.01509400655318109,0.32820716420134327,0.08417799592724477,0.1942856407077139,0.12183989084524521,0.1905082280355206,0.23036199938797125,-0.1555761215382735,0.2812847904212671,0.30749894081030255,-0.0012856450442850346,0.1677085385152416,-0.0010018117180045712,-0.010952404890279967,-0.078779364290266,0.11751465155263113,-0.07056499976025653,0.018986438512383578,0.02907266737755083,-0.04367136117753862,-0.008472076956494488,-0.025174807234089828
0.05880062975650209,0.12102205948100667,0.22123698469092554,0.19468712698894075,0.16628956331523806,0.20472377702599623,0.16973902322114737,0.1656045970893654,0.1906003680157072,0.16829604778167118,0.1818020279734701,0.17184505491076363,0.1526376853583577,0.20284762562125588,0.1984204074998957,0.19558621132311188,0.20508677162893235,0.15293986969642948,0.154296590816816,0.24544795843600425,0.16816385969109968,0.211086431778088,0.29089335754494877,0.6644952082790595,0.2437832105422418,0.1269750445676854,0.17707209682715838,0.2099035237699057,0.24588189007530278,0.37608656749875996,0.21783406626433044,0.24338400302811375,0.38891169299587935,0.1971371185316875,0.1693076573042231,0.3363442299255908,0.3134416350438258,0.16538841012864824,0.22605179152092572,0.06538903429424679,0.1836244501393355,0.18697491893371126,0.1766238575706888,0.11421588923307488,0.032774938890957124,0.22507687968295428,0.2750778634337294,0.014552308159288936,0.2613870790601354,0.016971577497572644,-0.1112794666465829,0.05163008053288761,0.060384796518360255,-0.06900089836384105,0.031595506803825564,-0.01672655903768217,0.04312731179381398,-0.1642252130154732,0.08533212692113902
0.15694549207108952,0.19066657872795267,0.25876916741380246,0.21264739532503105,0.17267786251553627,0.258548551341558,0.20857040551582948,0.23944771823609368,0.14032425552162792,0.20667141202372563,0.21447668596624103,0.2649056004066964,0.14755756590991362,0.2137711403624519,0.26602213847147554,0.2431422002633186,0.2601777529727486,0.23241531991347114,0.1772752899623573,0.24768523441143403,0.1784735524311828,0.19558569596901934,0.3409933723787773,0.2437832105422418,1.295337941777844,0.14702228576323997,0.21904709010227752,0.11267848836646199,0.5620585019238692,0.29994359050975944,0.1786093068509544,0.20301565672688318,0.111115739066734,0.43887649029195325,0.24523783765850582,0.3072507650149436,0.27406605824356434,0.1750578075680619,0.30566667654370905,0.08681400810682131,0.18832178779531178,0.19246035943825596,0.28321673088011107,0.1279784481471602,0.15656858275097285,0.33273364241209163,0.3080949433219998,-0.03541202179205929,-0.045082853506069706,-0.35639565304830223,-0.10344695466391726,0.15157888391768654,0.13360719203758112,-0.042088776016879624,-0.006183130557486728,0.07062689463953596,-0.011176799238669906,0.07996091629998969,-0.18590857200583968
0.11607123390002655,0.2530987490343173,0.2706432287120694,0.23311625170017797,0.2042243391829145,0.2966427884055768,0.1994066999058453,0.2905092353204943,0.264647003404696,0.16123363199226726,0.23808088098547414,0.24247397430572606,0.16719158260757558,0.265841895054186,0.20775288087356264,0.20340239422404688,0.1968256004266648,0.28195645528385116,0.13432362115716373,0.2513475851592702,0.1854661292622727,0.21248963694228837,0.012463597411706127,0.1269750445676854,0.14702228576323997,1.5002769007355483,0.207048169444491,0.19898308739835988,0.023801465048684467,-0.21292579966159467,0.22185586767531085,0.321188460403954,0.0895085320600405,0.2660310576924743,0.24336724605483478,0.15669217003740774,-0.02934145400332542,0.16663946441379376,-0.3039941441974076,0.09748435929048842,0.23962337639628278,0.23559776397495313,0.30353859165328023,-0.0032539473330035792,0.1272663508972124,0.09590587732526915,0.06327102184974571,0.03053452381408291,0.2905616541417327,0.1932314821266506,-0.13463528226817179,-0.022978857386159336,-0.1553652901112955,0.005799858848324793,-0.10398532905270215,0.03366642140391451,-0.079168756646133,0.263784744811965,-0.18534574060451586
0.12148464049013698,0.22433131345695909,0.22697800553327108,0.17816662913460005,0.14596122841984685,0.22604196987096387,0.18850006910365338,0.20977419080309434,0.1658160995011655,0.18264358313053392,0.21348663189650077,0.25688413436086927,0.16561319152681564,0.19058314993981956,0.1872458242835072,0.24601339087275198,0.2336971007957328,0.12254585266134556,0.14993669431607481,0.3230349789268172,0.1607179658388035,0.21814411623287225,0.09698766909235908,0.17707209682715838,0.21904709010227752,0.207048169444491,0.7871068838746734,0.21076251575012647,0.1781469352111986,0.1608375147435296,0.22060232593778337,0.24098887506241934,0.19484633959376033,0.2298173091735237,0.21412812228595898,0.30961287092005546,0.2846987615332568,0.19226265394871797,0.20336573902315763,0.14017043312151434,0.20110312385153478,0.1969955894230047,0.37005801544076106,0.03919324470636565,0.16031988053676371,0.227103329760422,0.17323574945688203,0.014767251210660491,0.2809631614002166,-0.0035753039509852777,-0.11143754284500296,0.10557995882376822,-0.0016785793190392379,-0.029764539721418033,0.003361484875847659,0.04275925770837091,0.01685261715917206,0.0971922898238344,-0.16294310432716208
0.07374226957363268,0.20787557740157847,0.22629104733028182,0.07149906909509444,0.04449782408230628,0.15503232754939308,0.08904157975246811,0.0989726140868506,0.12579251750895085,0.1356653543993752,0.12983096944508635,0.09714237991065494,0.10574851179558753,0.12653841474629293,0.21281159394407326,0.17779800396048473,0.2976978108526549,0.15657004982949374,0.186061502792679,0.22962974585434237,0.2015906497289127,0.14447547378620346,-0.11448815323672411,0.2099035237699057,0.11267848836646199,0.19898308739835988,0.21076251575012647,1.2139959655636563,-0.011051281184713439,0.20561664681718828,0.31506968713142725,0.1512790932489851,0.4788962811600375,0.030960581811916275,0.6920184479537261,0.24195172880923388,0.4256185949190909,0.17071990723755387,0.13080528027363217,0.14034290986859524,0.26849245622770607,0.21859185919908936,0.2559719107671399,0.1675963931697321,0.2304407301915127,0.11408977412059564,0.17950875295177443,0.057191936781192276,0.0970660685671188,0.21783274043806136,-0.1027386475094501,0.5180527778437621,-0.6193189102145158,0.0007539091359865786,0.11660265902591825,0.007421349263198354,-0.03053391487946495,-0.09445733737497279,0.12448289104339255
0.14117639880246885,0.38129635316246724,0.36337669167119546,0.26404734849365585,0.22515493364892034,0.3902232088408757,0.2038873468285295,0.2698628268044173,0.17731437947953532,0.25828853648155925,0.2622040727879254,0.244333833328238,0.22758474115481941,0.24910760022190556,0.28324076708412943,0.2963298888446497,0.27839524277118755,0.2728369258905336,0.19410949654781237,0.3563822027069999,0.216004567835699,0.31900474832146936,0.3856809781758822,0.24588189007530278,0.5620585019238692,0.023801465048684467,0.1781469352111986,-0.011051281184713439,2.4570056234234787,0.27877885279247566,0.0019580977202047697,0.2708738327946329,-0.055788384900533346,0.5700661284417281,0.0859686245924288,0.4743501837485068,0.002839301993057852,0.07369693586621454,0.3703781603806565,0.1384419961847849,0.3026857447048346,0.17109035011847307,0.1308451823789818,-0.08146978460178865,0.04627918327821327,0.3972692422878349,0.37262819900752786,-0.10483116498789417,0.5401429001051924,0.2548939454337294,-0.35669465473182504,-0.009108124612596734,-0.14989679753955787,0.06416830195885587,-0.09253616338648704,-0.015580580488989033,-0.1612813215971766,0.2026358917575848,-0.03632581918042797
0.09184756048796275,0.08088148232614309,-0.10395915660623867,0.11261508105141668,0.0730076690105526,0.09504580473728697,0.09223239119642486,0.1308456386823291,0.06592686235350924,0.13351209518879859,0.11450181055976724,0.0681204184775969,0.09989430034340945,0.16475121125536904,0.1831317972775292,0.18130167461998226,0.15880905587070823,0.045099881340769456,0.09538164523695178,0.3549138534096654,0.19483219361232387,0.1439375109973924,0.2674765165701444,0.37608656749875996,0.29994359050975944,-0.21292579966159467,0.1608375147435296,0.20561664681718828,0.27877885279247566,2.4534952789115336,0.18482188730939286,0.10897706900197034,0.20027725647692918,-0.02252231302108271,0.5003690574587238,0.35690503395424417,0.6198688656694001,0.257817679244363,0.551617030472581,0.16841471131299152,0.6067715355897364,0.22944327578586543,0.6588217410763757,0.2939549374423573,0.3747524966079472,0.29355232238244855,0.8962407489695828,0.05439127669564741,0.4626909987560746,-0.19183247482268934,-0.1677022589112466,-0.1739540388068577,0.35012150296494793,0.011890186055107426,0.085858140951736,-0.12348533386504966,-0.07763072763183686,0.21503029386594574,-0.08389428854769343
0.13457721220825644,0.2001861371901949,0.2650362461856638,0.15410949523267017,0.16340949162972837,0.20639652106038595,0.17598378032474188,0.18724596778897284,0.19440356019802574,0.18113327065889614,0.19681900937402122,0.18511582317303474,0.12832005511823166,0.17591355113831472,0.21369205411029316,0.18399095231348334,0.24065563102327314,0.29293992678969927,0.20297680144915697,0.26090257260932675,0.25406016527794434,0.19913023952557093,0.013475845628940684,0.21783406626433044,0.1786093068509544,0.22185586767531085,0.22060232593778337,0.31506968713142725,0.0019580977202047697,0.18482188730939286,1.1031549691081004,0.21258122325517811,0.26741043704317485,0.17842874563284727,0.26659553997556695,0.49170227701789787,0.40575404675018206,0.24984153620313115,0.2404441064377226,0.09942886269525338,0.25944500489914357,0.2434199082637194,0.19094658510812354,0.08685326756863092,0.30663661248056545,0.28640636414422443,0.2599993191596981,-0.006976848085244082,-0.16069538305132453,0.16438813822166903,-0.025383291176339428,0.11747063359218014,-0.13341875915174084,-0.09360163276024519,0.06244793785334678,0.07832336942969352,0.095653587177779,-0.06962909166300246,-0.169901583591784
0.1325234095602166,0.14536327782793362,0.2064446403461506,0.2188170082187247,0.21107738933278858,0.26498324082625735,0.18761503174227673,0.21326246409215194,0.1886409081088144,0.17438356352120668,0.19796473668507844,0.2506212908522265,0.168190750558505,0.34959382718909626,0.18227283147883316,0.27459247410742,0.2011872972913761,0.16633689444602065,0.19536280046752144,0.22254817979850258,0.18214829780675915,0.27492312003377517,0.11246067609618368,0.24338400302811375,0.20301565672688318,0.321188460403954,0.24098887506241934,0.1512790932489851,0.2708738327946329,0.10897706900197034,0.21258122325517811,0.690028155531911,0.092702560698993,0.2503794087690236,0.11989204622298252,0.2728998420836984,0.06548697044489087,0.17436875894683265,0.14774149185934674,0.10612259465412877,0.1979184501533692,0.18599082334895486,0.1677915242336425,0.056094147162739236,0.09926915258107627,0.2013825532383662,0.20124514624437337,-0.019356750053860096,0.2981283286933816,0.08032441260412435,-0.031427096436999515,0.1135591564332456,-0.16734136960481782,0.013771415004463175,-0.11466525477994867,-0.005458248297248518,0.23273407529369175,0.02053924834952072,-0.21318180560894687
0.09410841165044236,0.1936868132951424,0.22208375932612073,0.16489223643990655,0.12170188486679677,0.08517427883364445,0.153760134078673,0.1065603814717926,0.1923680636128841,0.0915872393495479,0.12165220735612978,0.11216902104667024,0.1133681088717765,0.11737629176748537,0.16036852153527537,0.10613401807958063,0.22118286630789735,0.15531685934986506,0.1673549963463109,0.19131509244519004,0.19338968821511704,0.1836824471763409,0.17432052899934636,0.38891169299587935,0.111115739066734,0.0895085320600405,0.19484633959376033,0.4788962811600375,-0.055788384900533346,0.20027725647692918,0.26741043704317485,0.092702560698993,1.6493390407768653,-0.15351204529838922,-0.32266619945437897,0.13980468955843958,0.5945907849446797,0.18157714122620394,0.08757992755965427,-0.08030512340903473,-0.08719174397854793,0.20704087532522722,0.1881831065512439,0.12706691949264698,-0.15604357773941094,0.17364639429334466,0.26229260929578874,0.09721153132455791,0.2670318717588676,0.1547113729673296,-0.12138981424356071,0.16102189950071671,0.03713704269860907,-0.2681285575477375,0.03581487727665009,-0.024342407323032098,-0.09554991085199115,-0.020139412572285312,0.11937997673212446
-0.07055980236130822,0.2555177659301677,0.32049745795251344,0.3176800500323657,0.28864950214938806,0.32617888146356905,0.24610836141311532,0.30215360092933635,0.20747303459003494,0.30590754730058667,0.256768857953198,0.26944583814943013,0.2026501936149954,0.22545715595842053,0.2667193320146741,0.27347429991862765,0.26395935410125876,0.2707936178666631,0.20274862961634463,0.33582403231851443,0.20078671795119926,0.2849961960045534,0.3197184027900386,0.1971371185316875,0.43887649029195325,0.2660310576924743,0.2298173091735237,0.030960581811916275,0.5700661284417281,-0.02252231302108271,0.17842874563284727,0.2503794087690236,-0.15351204529838922,1.7529022396021265,0.32526782301235774,0.21945388862434892,0.5111762902164874,0.16480384788178534,0.2884492596151693,0.009354667236535667,0.24033621938010444,0.2558659227016554,0.41923509904198375,0.18834884681909586,0.04333270601414956,0.20843253380035676,0.33333059271396465,0.02155740967984115,0.3857330416457701,-0.25101407821969174,-0.05062855548188066,-0.037647942783026314,0.15496364679768915,-0.06591411041680738,-0.09929230176938852,0.0805992834772077,-0.18058009103515332,0.09937337533932354,0.05321555949190523
