2.476257210554646,0.7203987196286793,0.6748866004438041,0.5601619779756329,0.6637351705842631,0.47903473430294125,0.4645364434102302,0.5678655965738515,0.253311315755222,0.2877128291197764,0.35385950723244836,0.37401700153170925,0.48165057834584674,0.22751353916793787,0.16501815348597787,0.43597823671105945,0.3937547889247902,0.3667405050653679,0.4637143376661332,0.24091426424693843,0.345872143211627,0.3733203000623514,0.14276902255193002,0.028759240973451842,0.37063568949566816,0.4949257786973837,0.4935605989002597,0.2077629648982967,0.4045922133921572,0.09578253344275668,0.3041349912243247,0.1114107724081319,0.1239770728548982,-0.43048362590206285,0.4774607558035606,0.3394472949081985,0.3685783631836894,0.32296983678104263,0.3264872204892733,0.254743892963944,0.30546479012966904,0.2876751865637043,0.361748687632745,0.29538580929161184,0.17022037309575286,0.5824493607160534,0.25547101400770417,0.007700844237526766,-0.26418421534022696,0.07888652998606714,-0.08367428594878458,-0.13619404731334545,0.07339419366264101,0.028053461151009224,0.0171330677601572,-0.20298335423490582,0.08586444760148666,0.006456872250878075,-0.09397446947806665
0.7203987196286793,3.541114294273356,1.3605366017524125,0.5793236203495192,0.4827120501662225,0.4238543060992972,0.36199593875496033,0.7486972738627826,0.22689453440585436,0.5244115070830494,0.35134681017593883,0.3135838023248544,0.5192981599408525,0.2551785576789019,0.27741350889414396,0.5505231079120341,0.4740427019705453,0.7025103829441935,0.42333456197069136,0.46408252677367445,0.5988403291281589,0.4107445808659258,0.29846278474135984,0.2781437333805013,0.441957581356309,0.19367162119009104,0.3068502022714072,0.17040882001328456,0.758062211540091,0.2071564979682069,0.3633113054943221,0.20054463709165218,0.366591256352329,0.49344310172491634,0.5597630631447589,0.7040764829860547,0.7407229935893345,0.38579460036056373,0.37912693998704045,-0.09064972493446866,0.39911151608467604,0.48661428174022214,0.9126990262904049,0.3926285134592219,0.8450966765461374,0.4637710707081134,0.48493212391238466,0.047475294345509636,-0.4783399613432478,-0.06766703525157919,0.02139609973844116,0.10215641416893534,0.0031616628862079187,-0.1605099774515295,-0.04035771880199089,-0.5913995453142709,-0.6525206384156028,0.2746020775080265,0.599929477462072
0.6748866004438041,1.3605366017524125,2.762414284074418,0.301875577567305,0.19692102686832275,0.4546409355186408,0.3135471742232501,0.6658028561624725,0.683700559237564,0.4843493480430306,0.334601400562446,0.2568005817963891,0.4080802913534853,0.30234483941639845,0.2516431326029205,0.4239851840291097,0.49510412831823475,0.42670526489715854,0.3962447570411219,0.3877188058712027,0.45011884158125093,0.5666428827645585,0.20547937153751764,0.22594681313904888,0.3861006120097919,0.5198068322089741,0.2680004927834084,0.2091307142307336,0.7471322672998777,-0.20293027755075754,0.4452257271494748,0.26832373048530256,0.3136912398465704,0.5844883276926632,0.2857732031037679,0.9419896277764906,0.6032893590076142,0.35985090487813587,0.09763582812029141,-0.4781991409465792,0.3956005443508072,0.43918351404786593,0.7845378340536213,0.42171304659370307,0.6710909884277015,0.7725188973218908,0.24686782387746334,0.02990534782912289,-0.48737800433776746,-0.33364529797794695,0.1087843613839477,0.27776663976525695,0.09259365371880623,-0.22523141574656966,-0.040801669269978746,-0.07199239277971645,0.07576544021569763,0.0378379633838279,-0.22345799876122288
0.5601619779756329,0.5793236203495192,0.301875577567305,1.2296316672872627,0.6214880630131585,0.44006215536349264,0.42444293811563455,0.4440188026094709,0.15717424040687802,0.3492327279461211,0.3212546234321035,0.4182938417262857,0.44812726886080145,0.27522581997369333,0.199819788269591,0.4521358496705123,0.338775020467185,0.3692830654354389,0.4115792123077312,0.2681746897051985,0.32312973382766,0.321956628443621,0.24219180830744316,0.29963081653279483,0.3215944513861578,0.30822094027025404,0.17914725238098433,0.06552319670781656,0.44979176502488233,0.22327229979261445,0.16527996326224464,0.2612353815356805,0.25340220799804486,0.2949347475557202,0.15996691428340226,0.3981380511181135,0.2918514272815389,0.20152076172172984,0.2402934866488725,0.08647275391693572,0.27149122358775896,0.27926507514805415,0.3904644786916218,0.15503466260509982,0.16748397949075233,0.3220549449416987,0.32281666100439443,0.046925773039885384,-0.005031016439392407,0.04393728778734699,-0.0838919232450954,-0.08777175142584276,0.037547460203479495,0.0007930845313656651,0.12226861146641922,-0.3055374625931228,-0.34932153579404607,0.017094204022591854,0.31630650971922636
0.6637351705842631,0.4827120501662225,0.19692102686832275,0.6214880630131585,1.5243448906284602,0.4049209181178541,0.40822198297845713,0.41947915222617416,0.20205773824007683,0.35517726040492875,0.38306748500513654,0.4642547713603363,0.5030338478384325,0.34453238312919743,0.3243811089302453,0.6120202402179231,0.358297654531139,0.44556222576060905,0.7052548860793325,0.23576494520653093,0.3530693146307924,0.42682662746686606,0.3469302719339938,0.3312753014107024,0.40370091892660454,0.43192734548205897,0.2622552373951036,0.19358472317131378,0.5115825578527754,0.2750400807281873,0.23078890902171828,0.28573191486261607,0.3508075427943111,0.38230916547244453,0.12846562359812916,0.5013764792738655,0.3773782844653385,0.18794403727492842,0.2928207368962428,0.1350228735234594,0.3787229126822362,0.32704312951717085,0.1722493885344418,0.16882611105868728,-0.14120613415122268,0.4764282763658209,0.3749113829636482,0.04871093491250096,0.12459131568315462,0.07143697527084986,-0.08753873609326944,-0.1968272526296789,0.19212433542825202,-0.05857090736191754,-0.12287586531394495,-0.03974585375748099,-0.280055251644245,0.10434394170695024,0.2188562982226667
0.47903473430294125,0.4238543060992972,0.4546409355186408,0.44006215536349264,0.4049209181178541,0.8790871792153535,0.3446901356568723,0.4114345020557196,0.3297200518545854,0.2890029563314842,0.31174686588197326,0.3754752058523924,0.4049418828248207,0.3267160770768628,0.209090633779531,0.39162986076610473,0.4078296129143318,0.3487040496640618,0.4979079231244146,0.38225399156374906,0.3421512852356884,0.4017639486669713,0.29489348330733467,0.3050549492070502,0.32676276736642756,0.3804800217785803,0.19346685580100081,0.2210583714509074,0.49965149861093805,0.12804984651285323,0.2337008555057189,0.33568686940612585,0.2135967819788043,0.41640907577600506,0.2394815117682759,0.33621769130827406,0.3034415516434337,0.27239343769399277,0.26490120649603943,0.1001755803698832,0.3708488740625366,0.29062730369372136,0.5067206928337311,0.2667425726747775,0.20310214956207132,0.28936526875300617,0.3136183108496156,0.03846280225937291,0.13401597615801392,0.21310997226156567,-0.16713898667712873,-0.05430476423966387,-0.13474256223486902,0.028057543865611795,-0.15512230764197424,-0.0657871243964693,-0.13580040304710214,0.14996007017405374,0.05734627897600569
0.4645364434102302,0.36199593875496033,0.3135471742232501,0.42444293811563455,0.40822198297845713,0.3446901356568723,0.836627557274579,0.33135759932343506,0.43628366798369855,0.29789082994397,0.39390982486981435,0.5029719318415208,0.4639269407597383,0.3642571922269183,0.33826126041706145,0.42763212322904204,0.3880054422881367,0.3392464608681525,0.2977142376035654,0.2629453712165089,0.3491614222354899,0.42852525387286716,0.2684551842624829,0.34714205869152526,0.3458790804062228,0.41380983815166666,0.24873225557480988,0.13612781963665685,0.4218587859034047,0.2798731183673567,0.23348401903989024,0.34595218549530166,0.2569662612733682,0.4298604826807048,0.2986791352363013,0.4881459230923759,0.18738854833073532,0.17986652051894966,0.30564878954948344,0.11429829324328088,0.3502330926870807,0.318787563323873,0.4454374398860502,0.2172308460375886,0.110102600576689,0.3387281376599348,0.311261016120242,0.0727121360319747,0.3358593509739517,-0.0692037098400377,-0.09274367427767373,-0.06764535371970351,0.15842430220470888,-0.027097377626633123,0.09413574088379115,0.05309161196142092,-0.15578359735854072,-0.04343441530081049,-0.125286023716369
0.5678655965738515,0.7486972738627826,0.6658028561624725,0.4440188026094709,0.41947915222617416,0.4114345020557196,0.33135759932343506,0.9063317023210545,0.20043585088179808,0.3874028520524131,0.40534243378040874,0.27139786417386785,0.4887731276771677,0.36550223291865275,0.2776750265700656,0.3937210965116811,0.4024428814300373,0.46839422615518306,0.3655540439020628,0.37385260184923136,0.3398934178966739,0.3490587330814268,0.2619380675746824,0.27895862785112957,0.40099312273639826,0.41848114074180986,0.3127107468847355,0.1148156384376518,0.55258718498344,0.1544221303513538,0.2439895914817006,0.33887239979336525,0.1469630005514052,0.47043457748351075,0.4676952296514364,0.4345558737550902,0.3676249802348088,0.25150638622349175,0.36453524140249177,0.10282135488618233,0.3286952139733627,0.3131184237835236,0.6037903325617855,0.2994629433155241,0.4269668270949461,0.3586168020770163,0.4038101347987155,0.06225951832853475,0.037629089043763206,0.06335898229872058,-0.02468312643591791,0.02609865654583753,-0.022237906472946423,-0.03250865181343741,-0.11244193730891343,-0.26693613971298125,-0.10451612090334829,0.14599420272649113,0.14300453550711678
0.253311315755222,0.22689453440585436,0.683700559237564,0.15717424040687802,0.20205773824007683,0.3297200518545854,0.43628366798369855,0.20043585088179808,1.006258691152576,0.19818572965337217,0.27437376520413737,0.29716774783300276,0.307926995793503,0.3339297459318945,0.2024158234759223,0.25841751448597416,0.3318336087974135,0.203463595013351,0.22268640947631219,0.20923942669831488,0.29685103341124386,0.5632695673071356,0.22084353972462026,0.3018267119822561,0.20576314736819645,0.5966072737228112,0.19098782804161848,0.23460990565179968,0.330547355348953,0.11621390944695442,0.30634913052812024,0.32452530413062614,0.28752972950244166,0.4513117898510785,0.14483906154553877,0.5022109145501982,0.2325780039087614,0.17417898859513112,0.21189337236514905,-0.0515336071966466,0.30533221215092815,0.27338124740696895,0.40610159602169926,0.21029543635126205,-0.08477587952877767,0.3848559759938968,0.2127992079678598,0.03895566591668857,0.5901395420125836,-0.16426084343656552,-0.058376504934911394,0.161688878697389,0.1482294870262259,-0.1479803031731015,0.08958463138532533,0.2994205228341228,0.026239867743742668,-0.10667482226325734,-0.35831168483060677
0.2877128291197764,0.5244115070830494,0.4843493480430306,0.3492327279461211,0.35517726040492875,0.2890029563314842,0.29789082994397,0.3874028520524131,0.19818572965337217,0.7773658154754396,0.3074236512335195,0.3014811459716562,0.36176260296012636,0.326649954847879,0.35047013884905204,0.35745414049927804,0.3455742954758035,0.4285853300947615,0.27740689313440775,0.367214264870893,0.3182610636191147,0.32943206463633157,0.2174182839506588,0.2762752803905066,0.3291730227309831,0.3340872015416821,0.3848968750960287,0.30687919731943814,0.48106265283442173,0.28166741302362547,0.2724209936159663,0.2943057790809209,0.21285354635877748,0.4612579818325878,0.411054197154544,0.48038005448310567,0.38547569630452305,0.21623301225851865,0.4125231392473131,0.13022015421950206,0.4269521998560104,0.30385588222777205,0.5071571930200486,0.18861862128411097,0.4055854525099712,0.3779067458035808,0.44288240698684134,0.06229132330660254,0.11360328859121971,-0.03880785966811804,-0.03181563890910988,0.009140448795159576,0.08812934139573926,-0.06548570137170542,0.1727918261656922,-0.10165284490361208,-0.16819103545421685,-0.0993356877058319,0.10936478031138139
0.35385950723244836,0.35134681017593883,0.334601400562446,0.3212546234321035,0.38306748500513654,0.31174686588197326,0.39390982486981435,0.40534243378040874,0.27437376520413737,0.3074236512335195,0.6611887776588402,0.44001219213371573,0.42048413586949773,0.3400839358793478,0.5519377531717669,0.30639975399268216,0.3359089602297459,0.39810236460155707,0.3008446784231681,0.36260561457175194,0.3330503389601344,0.30825875903317396,0.2890702983644763,0.2954649036553035,0.3642882720629858,0.34657179170815794,0.41304989942491543,0.2753281369039691,0.48016323838583824,0.18610025783331713,0.25575936887412637,0.3494515465894296,0.20601748186512236,0.4314555783549639,0.4149943559648416,0.4437544883291895,0.2174561305667283,0.1742644244777691,0.3745502724075988,0.17586649687825068,0.38624648738938105,0.2942716004193249,0.3231262135242134,0.15736369620529794,0.27368348931427827,0.3865405185026547,0.37503537372802065,0.08693355253855178,0.14642116791242038,-0.04381957063226536,-0.03585514360808739,0.004587269642786257,0.0822058738945675,-0.009801876086923275,0.10211007997649842,0.03221774088561437,-0.16543852809585027,-0.050211352013831076,-0.019883356362087486
0.37401700153170925,0.3135838023248544,0.2568005817963891,0.4182938417262857,0.4642547713603363,0.3754752058523924,0.5029719318415208,0.27139786417386785,0.29716774783300276,0.3014811459716562,0.44001219213371573,0.7460569105608781,0.3985439309051426,0.34180980594791077,0.41086008560242065,0.3962954629790972,0.3607695085946373,0.307285364819446,0.3472424180619657,0.3355162631189501,0.31235764119831105,0.33655974456053156,0.24966357267663541,0.3255289231704837,0.36891478749913015,0.3855697722592046,0.33345641372765505,0.1106355096789197,0.4099926350423222,0.20690203073209415,0.1794464521366548,0.3512224122883663,0.22844345545016856,0.408063725587345,0.2961013711853472,0.39870355484217884,0.11631347653249921,0.1805502634865196,0.32903986149239756,0.16374504887282954,0.3808648223359149,0.2808053121904078,0.30232466957624443,0.1480666470710781,0.18358932778102705,0.3064309383455569,0.33962017242804043,0.08081184146076059,0.28574627449194767,-0.11248939269002232,-0.07082321374350718,-0.040262803980531295,0.136001873807309,-0.02813555929325555,0.10808256869814231,0.09711626355092481,-0.1794112577200165,-0.06587562773676069,-0.12798441857754864
0.48165057834584674,0.5192981599408525,0.4080802913534853,0.44812726886080145,0.5030338478384325,0.4049418828248207,0.4639269407597383,0.4887731276771677,0.307926995793503,0.36176260296012636,0.42048413586949773,0.3985439309051426,0.7283534925221581,0.3535568302037736,0.2999185667970343,0.4947390513240165,0.38355282706108434,0.4711670378187711,0.3723549279824056,0.3624023701289102,0.37715280603139784,0.44099886593130316,0.31271529053366176,0.3712002202439549,0.38178423007601336,0.5312331464909228,0.2510867503828289,0.1980469349568792,0.6171659853106869,0.2048665179186357,0.23984030727817543,0.35380509686469785,0.24948968263069318,0.5105845222545606,0.47536371818319206,0.46222330653953375,0.2860072671023656,0.21478970752367926,0.45867189829885324,0.14341997054263245,0.3852512194871373,0.337041830487994,0.45153957580674764,0.2881289666897162,0.3451780750363893,0.2883157938831592,0.4151868491280087,0.07146035244399036,0.27168134279049155,0.05312315803078773,-0.05529030490224375,-0.004443144769900616,0.0062003816554307535,-0.09344643643976074,0.13544443122131972,-0.15296612174918295,-0.24351714299118704,-0.15068278050107606,0.2515301911578307
0.22751353916793787,0.2551785576789019,0.30234483941639845,0.27522581997369333,0.34453238312919743,0.3267160770768628,0.3642571922269183,0.36550223291865275,0.3339297459318945,0.326649954847879,0.3400839358793478,0.34180980594791077,0.3535568302037736,0.6089130712728306,0.36395936085247216,0.3563055641624506,0.2960939534402066,0.30874470777658897,0.29181294975274574,0.29180656159705864,0.2910651765272431,0.3663029727579234,0.24717386518332687,0.34943760788736766,0.3110498486962905,0.37736777683219236,0.3180075813121769,0.271328779739309,0.37429825197490724,0.18299920000809303,0.18572555671812183,0.5852316092419237,0.12994770011159892,0.4368413194976585,0.31331312839202763,0.3776872017660179,0.1297561555483112,0.1506739920881853,0.2114850910553984,0.12309614765629415,0.4366872521803095,0.2647761991596722,0.2240550146806775,0.24012386313318437,0.1735611218335468,0.24686951724740275,0.35736459798615244,0.09590164401332589,0.4676697114800338,0.08070823656585692,-0.05743272758207194,-0.07689793779445624,-0.017168454055820057,0.07902951840407325,-0.07020288391783536,0.0021191366422719164,-0.14763742374748126,0.052776974590143584,0.11577826597076608
0.16501815348597787,0.27741350889414396,0.2516431326029205,0.199819788269591,0.3243811089302453,0.209090633779531,0.33826126041706145,0.2776750265700656,0.2024158234759223,0.35047013884905204,0.5519377531717669,0.41086008560242065,0.2999185667970343,0.36395936085247216,1.0790643162850295,0.14325250334541265,0.31473604323413185,0.46942475090892843,0.2961593873894501,0.2583860640443959,0.30560686152189026,0.20688141061758855,0.3688988138964537,0.25631021502024975,0.4251977974948368,0.1382002803130771,0.5829341360370376,0.5348766255211035,0.4102848099020954,0.1798811836395845,0.2117587368535205,0.3753552153670151,0.3480260327854806,0.3467014385943642,0.2684768758891303,0.41962973142591964,0.29936232442498545,0.07753180863080189,0.34532192407509094,0.14868277565010501,0.42463878267290706,0.2521735050382642,0.009573121891849373,0.055512588696745316,0.11451192438599983,0.48807945549563314,0.39694848152074397,0.11403150273508615,0.22079191653390318,0.10368240832232725,-0.012588732448751076,0.14985436395427754,-0.0003631218320472225,-0.094209344742311,0.09394951283647561,0.10214494083623038,-0.26501454009462555,0.006237082742536215,0.07907554822577181
0.43597823671105945,0.5505231079120341,0.4239851840291097,0.4521358496705123,0.6120202402179231,0.39162986076610473,0.42763212322904204,0.3937210965116811,0.25841751448597416,0.35745414049927804,0.30639975399268216,0.3962954629790972,0.4947390513240165,0.3563055641624506,0.14325250334541265,1.227781610737545,0.3512167058072839,0.43644992488808415,0.4803317301474803,0.3624324104698008,0.3671424977227168,0.6129980183320345,0.24138416190729087,0.26555258269971926,0.46914318263560245,0.36809643976513556,0.34113044413670296,0.13030354532083824,0.6723579076187894,0.47580436514308616,0.32525775365269055,0.21983116430570987,0.21317840434388063,0.5325255836596888,0.698471168930043,0.48725307682488045,0.3696891879237461,0.3288418586273003,0.5646893028789673,0.13190819700470793,0.5285575013660092,0.4392539583500512,0.6732704361921947,0.60795044932484,0.5403058711100452,0.1779904116209962,0.5115613304321475,-0.06513351212238004,0.13776573094025865,-0.488461854577241,-0.051318826604893536,-0.09468560894448036,0.2707707812096635,-0.07950088129265183,-0.09776202718356175,-0.10034036034102066,-0.2900794955568948,0.0833310958035371,0.2264487955454277
0.3937547889247902,0.4740427019705453,0.49510412831823475,0.338775020467185,0.358297654531139,0.4078296129143318,0.3880054422881367,0.4024428814300373,0.3318336087974135,0.3455742954758035,0.3359089602297459,0.3607695085946373,0.38355282706108434,0.2960939534402066,0.31473604323413185,0.3512167058072839,0.6588763447024154,0.41784928766337476,0.36645424593017173,0.3726867053178853,0.3727526702146538,0.38678628650518443,0.2876734704949666,0.29783851922133214,0.3608983039884537,0.24302271533130418,0.4687869343487727,0.5088536183890643,0.45753128721428427,0.3004070331964495,0.32957303401489135,0.2503561152537939,0.30816880604655084,0.41217175931813577,0.3657633545951842,0.4309622341037517,0.4589861734319884,0.2805080203331576,0.3955711606648798,0.11044413225849,0.5089862488401052,0.331061423315276,0.5648816171882748,0.26902243523354974,0.3435805548296241,0.3178737879987828,0.44819193113020067,0.055665076720870205,0.10408919469033122,0.22145948468994914,-0.08161370221383887,0.052062311817200634,-0.03474229619573549,-0.07659750138870523,-0.07636675335005405,-0.0702163961012246,-0.13668369804893443,0.10404186987910512,0.015670002508515805
0.3667405050653679,0.7025103829441935,0.42670526489715854,0.3692830654354389,0.44556222576060905,0.3487040496640618,0.3392464608681525,0.46839422615518306,0.203463595013351,0.4285853300947615,0.39810236460155707,0.307285364819446,0.4711670378187711,0.30874470777658897,0.46942475090892843,0.43644992488808415,0.41784928766337476,0.9763374847097172,0.3820442563786796,0.2274645285312718,0.4267981776281676,0.39119858595488716,0.4750450634550587,0.2889115026822992,0.4386854610104675,0.4235075420832402,0.42687955967928076,0.5814519030117139,0.6067816679965992,0.009412510328835085,0.311793380517135,0.2812192799083694,0.3908468057515278,0.4960009454812994,0.45295940378322147,0.4324591732588221,0.5141665992411041,0.20253430489968732,0.4644111009776042,0.1495072128879381,0.3834683909078377,0.3191022077691755,0.48073216701175847,0.22196250024187217,0.4703599725094118,0.3261983552656242,0.4992828898387098,0.02045720232204527,0.10276659690627528,0.2579788107803119,0.004017673675775217,0.13767183129338556,-0.1991253386910961,-0.16366633676248174,-0.01830467776279295,-0.1827346502367629,-0.2334212818499645,0.06413470434539673,0.23492910722970567
0.4637143376661332,0.42333456197069136,0.3962447570411219,0.4115792123077312,0.7052548860793325,0.4979079231244146,0.2977142376035654,0.3655540439020628,0.22268640947631219,0.27740689313440775,0.3008446784231681,0.3472424180619657,0.3723549279824056,0.29181294975274574,0.2961593873894501,0.4803317301474803,0.36645424593017173,0.3820442563786796,0.9306941875920196,0.1576660439066731,0.32163727117558993,0.4003325537823779,0.2421376626355712,0.2789661806218637,0.35393169514840145,0.274406339844411,0.29004632975851924,0.3053081808872572,0.42931947468925374,0.18272171741461327,0.20470703785674263,0.2735275681253392,0.3369602100249327,0.2868107279088311,0.14500909260195752,0.43404126454528424,0.3477673146626217,0.17291971576504092,0.15417976461138125,0.05709986445286566,0.37773135389910284,0.2808525358482154,0.21122631493082128,0.13461532089354827,0.03898980115214719,0.4410312531912374,0.26142046127557933,0.00017840583623635173,-0.07121552178428857,0.0736203391318733,0.05518943999321491,0.20904430021180728,-0.17943208260706145,-0.11804526389919939,-0.10445615859089462,-0.05983176568128073,-0.17152665597539135,0.10004902151686199,0.1346946642571158
0.24091426424693843,0.46408252677367445,0.3877188058712027,0.2681746897051985,0.23576494520653093,0.38225399156374906,0.2629453712165089,0.37385260184923136,0.20923942669831488,0.367214264870893,0.36260561457175194,0.3355162631189501,0.3624023701289102,0.29180656159705864,0.2583860640443959,0.3624324104698008,0.3726867053178853,0.2274645285312718,0.1576660439066731,1.2110638391965425,0.30427362452846557,0.22678971390779457,0.12767200604611498,0.262757347692655,0.27121591931605676,0.2222602354268021,0.3001210528942733,0.19350310415010671,0.5498524282695542,0.5884655640796445,0.42294203403941555,0.27317043610641617,0.03019708262915622,0.5991571104278901,0.5983447194152813,0.4405753554458175,0.475625068076753,0.5969300873870782,0.6590637218688851,0.23272345505616188,0.4265503807991176,0.36353102339218196,1.0918689911144535,0.44656183434445523,1.2856603914180516,0.02226816339114062,0.44374969962087746,0.1247011153518063,0.06932637379290166,-0.21292913605345148,-0.0827481398391648,-0.17834260642671318,0.261719512716621,-0.012973523307807502,0.05609426195415185,-0.06180748756229672,-0.09485076137099224,-0.006380926711626859,-0.00036462610581427537
0.345872143211627,0.5988403291281589,0.45011884158125093,0.32312973382766,0.3530693146307924,0.3421512852356884,0.3491614222354899,0.3398934178966739,0.29685103341124386,0.3182610636191147,0.3330503389601344,0.31235764119831105,0.37715280603139784,0.2910651765272431,0.30560686152189026,0.3671424977227168,0.3727526702146538,0.4267981776281676,0.32163727117558993,0.30427362452846557,0.6016137524100575,0.3504982926284294,0.22442796681238486,0.29699742286449815,0.32163632558492683,0.21624478332720704,0.30544960627905277,0.29781433396415175,0.49319126334451446,0.30317165268416146,0.35067616857947326,0.26362447757156265,0.3716724697911174,0.37822085326027644,0.40629601222927925,0.5689616420538569,0.4237427909416989,0.23553015551726716,0.3138983679784199,0.0910574467725465,0.4446241070148701,0.4279192029565069,0.5188584601188045,0.21192497100955185,0.4331288546667428,0.32656855371871035,0.4191691795825335,0.0913070737253827,-0.04656050795653232,0.0024822573570044268,-0.044068280524830236,0.05376948957168,0.014677855018994886,-0.07750469930636637,0.06128559600197285,-0.10456243123892173,-0.2172031707307105,-0.028061456330403634,0.1791148220059619
0.3733203000623514,0.4107445808659258,0.5666428827645585,0.321956628443621,0.42682662746686606,0.4017639486669713,0.42852525387286716,0.3490587330814268,0.5632695673071356,0.32943206463633157,0.30825875903317396,0.33655974456053156,0.44099886593130316,0.3663029727579234,0.20688141061758855,0.6129980183320345,0.38678628650518443,0.39119858595488716,0.4003325537823779,0.22678971390779457,0.3504982926284294,0.9473790197874632,0.25172098032786383,0.2882678813720608,0.3110918825745372,0.5422008542396984,0.3915837741823293,0.28276083398683893,0.5541828692328116,0.2294044212509294,0.36604180944324,0.3243173549160513,0.23015946004343796,0.5528398127383507,0.4257522953736675,0.5782064512993356,0.26706632974206546,0.25009985749838937,0.5153008887300755,0.07203607783407229,0.43383635931818326,0.3438862263284057,0.38715492742170216,0.4887487794452808,0.025679507381557633,0.3719962289883398,0.375964704425401,-0.09479929379303244,0.6755118589976579,-0.1721607078949992,-0.079604161874223,-0.04104984549022574,0.12074828356187457,-0.10138420008595248,0.006567450559220489,0.05192108621595449,-0.12043144047513384,-0.023497648025193454,-0.029509495020177644
0.14276902255193002,0.29846278474135984,0.20547937153751764,0.24219180830744316,0.3469302719339938,0.29489348330733467,0.2684551842624829,0.2619380675746824,0.22084353972462026,0.2174182839506588,0.2890702983644763,0.24966357267663541,0.31271529053366176,0.24717386518332687,0.3688988138964537,0.24138416190729087,0.2876734704949666,0.4750450634550587,0.2421376626355712,0.12767200604611498,0.22442796681238486,0.25172098032786383,2.275472393222198,0.2880708175949066,0.5781337586753157,0.1959885723457206,-0.3554608346496922,0.049991388960789855,0.5408965666381443,0.2497222667375869,0.21872492320824824,0.17123548571469221,0.42793431824346695,0.4275604876025571,0.15423914139493955,0.43770000450552193,0.2610556826683279,0.034683543602329905,0.3637680541769987,0.11796005907525046,0.33329747823884337,0.19160689754140162,0.13544600732970902,0.24032704423713241,-0.2362559328954367,0.4271684822452746,0.5177097734504117,0.06115629415289173,-0.0972390306629118,0.4195782117766373,-0.08640887785494611,0.06925588920376209,0.06518854773250826,-0.10298804168301129,-0.13381867372331543,0.039821357230447794,-0.3110656953884834,0.13607945148760778,0.15773431407805102
0.028759240973451842,0.2781437333805013,0.22594681313904888,0.29963081653279483,0.3312753014107024,0.3050549492070502,0.34714205869152526,0.27895862785112957,0.3018267119822561,0.2762752803905066,0.2954649036553035,0.3255289231704837,0.3712002202439549,0.34943760788736766,0.25631021502024975,0.26555258269971926,0.29783851922133214,0.2889115026822992,0.2789661806218637,0.262757347692655,0.29699742286449815,0.2882678813720608,0.2880708175949066,0.7265798018807037,0.2653920500178916,0.01424575621031733,0.17737900732395673,0.15899314969854295,0.23631051440293785,0.46256204694740094,0.208778097354122,0.43032491796019784,0.7275163779386897,0.17568335922250367,0.09811321125858229,0.3012492852229195,0.42129180198172095,0.17375384997751198,0.14476644679760012,0.007996294606262952,0.4004477003097716,0.2697057320717,0.334042974081471,0.049566230908125286,0.015169144430268148,0.37571160421008326,0.39633290426705753,0.14645208654709732,0.25757941869846945,0.09352298754239642,-0.11186302263953901,0.14449081283841034,-0.03964387105252035,-0.07247476794034834,0.15141262744744688,-0.05609059869180723,-0.20501928951659062,-0.18550678144821256,0.23678163299473085
0.37063568949566816,0.441957581356309,0.3861006120097919,0.3215944513861578,0.40370091892660454,0.32676276736642756,0.3458790804062228,0.40099312273639826,0.20576314736819645,0.3291730227309831,0.3642882720629858,0.36891478749913015,0.38178423007601336,0.3110498486962905,0.4251977974948368,0.46914318263560245,0.3608983039884537,0.4386854610104675,0.35393169514840145,0.27121591931605676,0.32163632558492683,0.3110918825745372,0.5781337586753157,0.2653920500178916,0.9165035702112451,0.292000481272372,0.364296433210725,0.24384876301008865,0.6779602352293612,0.3438811681892625,0.21096104467635707,0.259345116884579,0.24813111342595395,0.5208140167355364,0.459712334526702,0.44071197945627766,0.41341735637963944,0.20054847276748658,0.506841793460726,0.12129801193697475,0.39191302784007664,0.3171335906674509,0.44596490690514623,0.3491475248606472,0.378765918046231,0.3724210826835197,0.47841934199421543,0.06227586676995878,-0.012082502714245524,-0.19607332282685852,-0.011550598259581565,0.06657514105945257,0.1546052633668667,-0.09231221558566913,-0.004878203056463711,-0.03551868979780921,-0.1601288864900355,0.027252903727916167,0.08665071070077342
0.4949257786973837,0.19367162119009104,0.5198068322089741,0.30822094027025404,0.43192734548205897,0.3804800217785803,0.41380983815166666,0.41848114074180986,0.5966072737228112,0.3340872015416821,0.34657179170815794,0.3855697722592046,0.5312331464909228,0.37736777683219236,0.1382002803130771,0.36809643976513556,0.24302271533130418,0.4235075420832402,0.274406339844411,0.2222602354268021,0.21624478332720704,0.5422008542396984,0.1959885723457206,0.01424575621031733,0.292000481272372,2.646501664797809,-0.1291708830897316,0.3738347681628791,0.6800894468563311,-0.509221710991373,0.05549772513395332,0.3809206154212757,-0.37307513988140945,0.7822329032237778,0.40686953837144463,0.4988205521868066,-0.30165160949919834,0.0825894054787939,0.3728105993183058,0.27330666280982663,0.2904014827582818,0.21145315907777926,0.35617606862886303,0.23365867810722613,0.2599207913236874,0.07254577574638299,0.09541350274274704,-0.003982223660778081,1.1176134882466755,0.03511134150776135,-0.012466127439541353,-0.17940688762778914,-0.039158518516775404,-0.028207040517076617,0.01334574190429387,0.1384778143786776,0.18124021320959552,-0.07604511512579618,-0.31642907347123
0.4935605989002597,0.3068502022714072,0.2680004927834084,0.17914725238098433,0.2622552373951036,0.19346685580100081,0.24873225557480988,0.3127107468847355,0.19098782804161848,0.3848968750960287,0.41304989942491543,0.33345641372765505,0.2510867503828289,0.3180075813121769,0.5829341360370376,0.34113044413670296,0.4687869343487727,0.42687955967928076,0.29004632975851924,0.3001210528942733,0.30544960627905277,0.3915837741823293,-0.3554608346496922,0.17737900732395673,0.364296433210725,-0.1291708830897316,3.96354112156257,1.4433884625941602,0.10171054795977255,0.22067351352261583,0.545044550552463,0.29472667928505925,0.2001802479926673,0.35980182888275164,0.8070679865414304,0.3523677834812384,0.5440899501982702,0.21092823382787576,0.5829746973375023,0.44108901371239206,0.7011884902687298,0.33356674860940655,0.21698531107991198,0.153052461888652,-0.11249497366609293,0.92874246635067,0.40431876517685233,0.13487417784210903,0.49037634273691094,0.14127733829407538,-0.25814309765916144,0.33514943834740485,0.06249471347610697,-0.1079998721048166,0.34303603125479415,0.01459809195373509,-0.02513331489562491,-0.14052030989725792,0.05222840117463596
0.2077629648982967,0.17040882001328456,0.2091307142307336,0.06552319670781656,0.19358472317131378,0.2210583714509074,0.13612781963665685,0.1148156384376518,0.23460990565179968,0.30687919731943814,0.2753281369039691,0.1106355096789197,0.1980469349568792,0.271328779739309,0.5348766255211035,0.13030354532083824,0.5088536183890643,0.5814519030117139,0.3053081808872572,0.19350310415010671,0.29781433396415175,0.28276083398683893,0.049991388960789855,0.15899314969854295,0.24384876301008865,0.3738347681628791,1.4433884625941602,3.6526691981369526,0.17025185779553825,-0.2023809964219751,0.36793543480181035,0.24149797945349508,0.3004813982108603,0.27572775994418913,0.3487664735826105,0.013555048936838728,0.5950517116561626,0.12858802058992938,0.45786348616870104,0.25334627252808717,0.6779725148842137,0.18169279296092775,0.05901266404170581,0.1192807495179961,-0.12018974751565423,0.2818593201769309,0.30927237593751694,0.041891120908633346,0.5770342314213913,0.4003732767287119,-0.16875764967843213,0.26108985218290065,-0.1602997613501114,-0.10424109297500422,0.24586567375147614,0.027064183424372664,0.021693830596194667,-0.09305930498626214,0.4145089341895671
0.4045922133921572,0.758062211540091,0.7471322672998777,0.44979176502488233,0.5115825578527754,0.49965149861093805,0.4218587859034047,0.55258718498344,0.330547355348953,0.48106265283442173,0.48016323838583824,0.4099926350423222,0.6171659853106869,0.37429825197490724,0.4102848099020954,0.6723579076187894,0.45753128721428427,0.6067816679965992,0.42931947468925374,0.5498524282695542,0.49319126334451446,0.5541828692328116,0.5408965666381443,0.23631051440293785,0.6779602352293612,0.6800894468563311,0.10171054795977255,0.17025185779553825,2.7081161792243273,0.31087259801867817,0.005078680053235414,0.3052948397453777,0.08588468136419522,0.8885260479167654,0.5644151181824936,1.0668851279708,0.4242350002255946,0.1884924333146386,0.2803870948985383,0.11404842004188782,0.4189071669641617,0.4761709895018554,0.9731203842535676,0.12238934542195108,0.9198387524119453,0.4843544267573476,0.6361014078484104,0.04247246962416856,0.2618272912113717,-0.30701535834901467,0.0890880603005981,-0.05414017924378178,0.09321627745291082,-0.03764302535159241,-0.09620304462954894,-0.07924871126523274,-0.38487858867935676,0.08837189443064455,0.2692991430157605
0.09578253344275668,0.2071564979682069,-0.20293027755075754,0.22327229979261445,0.2750400807281873,0.12804984651285323,0.2798731183673567,0.1544221303513538,0.11621390944695442,0.28166741302362547,0.18610025783331713,0.20690203073209415,0.2048665179186357,0.18299920000809303,0.1798811836395845,0.47580436514308616,0.3004070331964495,0.009412510328835085,0.18272171741461327,0.5884655640796445,0.30317165268416146,0.2294044212509294,0.2497222667375869,0.46256204694740094,0.3438811681892625,-0.509221710991373,0.22067351352261583,-0.2023809964219751,0.31087259801867817,2.78769025185164,0.45890731609755614,0.06130754350483219,0.17742918343671352,0.2954230773828801,0.7034539695513338,0.7071688381537778,0.9592783853857687,0.4687776297707312,0.36378247382676404,-0.056338336132906876,0.6062892935866986,0.4733930494177791,1.1889362462083093,0.5698644200969545,1.3890750090302173,0.1880117803697463,0.9940381248621647,0.09703850934673014,-0.24434820058273957,-0.5093187118627756,-0.058887201226954296,-0.19047067407721235,0.4732096441919758,0.03473147173783425,0.1934336482843776,-0.10659440241034435,-0.2790184765912702,0.07325125503510918,0.03695544005421021
0.3041349912243247,0.3633113054943221,0.4452257271494748,0.16527996326224464,0.23078890902171828,0.2337008555057189,0.23348401903989024,0.2439895914817006,0.30634913052812024,0.2724209936159663,0.25575936887412637,0.1794464521366548,0.23984030727817543,0.18572555671812183,0.2117587368535205,0.32525775365269055,0.32957303401489135,0.311793380517135,0.20470703785674263,0.42294203403941555,0.35067616857947326,0.36604180944324,0.21872492320824824,0.208778097354122,0.21096104467635707,0.05549772513395332,0.545044550552463,0.36793543480181035,0.005078680053235414,0.45890731609755614,1.265487250301291,0.10601512966040845,0.23380915583088963,0.31061306638079267,0.4666201096616525,0.7897357297730141,0.38907003380228933,0.34938243568024047,0.46362455843630346,0.10536150370124588,0.4216471643109643,0.35312121635975385,0.47851081793805295,0.41674762470220844,0.4782250226089032,0.35774563059556536,0.3841350500374961,0.06490596207259659,-0.375844709647106,-0.08514992833318206,-0.05208058930543696,0.02502872043406821,0.13018619191874864,-0.08125944064873147,0.16692388334878794,0.008512620343992533,0.15996219976771864,-0.1549200036945089,-0.1282102206853302
0.1114107724081319,0.20054463709165218,0.26832373048530256,0.2612353815356805,0.28573191486261607,0.33568686940612585,0.34595218549530166,0.33887239979336525,0.32452530413062614,0.2943057790809209,0.3494515465894296,0.3512224122883663,0.35380509686469785,0.5852316092419237,0.3753552153670151,0.21983116430570987,0.2503561152537939,0.2812192799083694,0.2735275681253392,0.27317043610641617,0.26362447757156265,0.3243173549160513,0.17123548571469221,0.43032491796019784,0.259345116884579,0.3809206154212757,0.29472667928505925,0.24149797945349508,0.3052948397453777,0.06130754350483219,0.10601512966040845,0.8884944209414216,0.050853160014071745,0.4135905711150993,0.1873720764432394,0.37926996221955567,-0.012068009359329675,0.11468145536806953,0.06435850753242196,0.10930190664510439,0.3946249285845296,0.22461319986546432,0.10784640510953904,0.12405175999462897,0.11010712888695863,0.22913236272856258,0.28502790072864814,0.10543885119303577,0.5376369696128314,0.2671027821826487,-0.03865196365939753,0.13979530870596418,-0.40945862696060037,0.1394167058990594,0.0059481380855890605,0.008420370060346554,-0.1294832246364187,-0.042619238433407015,0.11018480568257959
0.1239770728548982,0.366591256352329,0.3136912398465704,0.25340220799804486,0.3508075427943111,0.2135967819788043,0.2569662612733682,0.1469630005514052,0.28752972950244166,0.21285354635877748,0.20601748186512236,0.22844345545016856,0.24948968263069318,0.12994770011159892,0.3480260327854806,0.21317840434388063,0.30816880604655084,0.3908468057515278,0.3369602100249327,0.03019708262915622,0.3716724697911174,0.23015946004343796,0.42793431824346695,0.7275163779386897,0.24813111342595395,-0.37307513988140945,0.2001802479926673,0.3004813982108603,0.08588468136419522,0.17742918343671352,0.23380915583088963,0.050853160014071745,2.4889732549211745,-0.32882982096417235,-0.5377554277235811,0.034020753333693414,1.0007630718896015,0.10326266083783588,0.024352883685448048,-0.20826282070082403,0.3510646410354905,0.2678055298378712,0.25150566635190186,-0.3986525751210274,-0.8159714443345119,0.8065021656724385,0.354442666331015,0.29969821605019625,0.0935058810149685,0.12913246215499724,-0.2451408851945332,0.4567355825177324,0.16296126632297606,-0.4717652052205317,0.2657089452863276,-0.017885524056239648,-0.27264561007471017,-0.33591751575717405,0.3996324658377521
-0.43048362590206285,0.49344310172491634,0.5844883276926632,0.2949347475557202,0.38230916547244453,0.41640907577600506,0.4298604826807048,0.47043457748351075,0.4513117898510785,0.4612579818325878,0.4314555783549639,0.408063725587345,0.5105845222545606,0.4368413194976585,0.3467014385943642,0.5325255836596888,0.41217175931813577,0.4960009454812994,0.2868107279088311,0.5991571104278901,0.37822085326027644,0.5528398127383507,0.4275604876025571,0.17568335922250367,0.5208140167355364,0.7822329032237778,0.35980182888275164,0.27572775994418913,0.8885260479167654,0.2954230773828801,0.31061306638079267,0.4135905711150993,-0.32882982096417235,1.9106816170187875,0.7900487813291379,0.6854241540166695,0.1438064275586623,0.24530841078936072,0.611666776653028,0.01907845307583085,0.6883427031192029,0.4134496750411105,0.9911511690912496,0.7239682174446228,0.9452677733590373,-0.033802935184880624,0.5232531220260941,0.019395431351250943,0.5550757008600558,-0.42440845120383314,0.04011466987198034,-0.1766973133118046,0.3133525518411418,-0.04960160734801484,-0.06820453554513402,0.08390027276763079,-0.2792460787514578,0.11937950381509316,0.030236697341684778
