1.0733260068210084,-8.556793364815385e-5,-0.00020069482868572035,-5.741739139717945e-5,7.985970124191303e-5,0.0008168036097402841,0.0015423118497092632,0.0004102576197315393,-0.0007059836969491503,-0.0009519896781645952,-0.000730805728280968,-0.0004957531123357169,-0.0004902035563460469,-0.00047619722911655915,-0.0001631220407705436,3.625629615659456e-5,0.00021002737298559472,0.00030761497465159305,0.00030952989564828526,0.0002180512804782235,0.00010479539639875027,3.425814741824199e-5,-1.9966212181671177e-6,-5.239798196255822e-6,-3.314760689210258e-6,-7.987150863186357e-6,-1.8950299605161064e-5,-2.6856659164006905e-5,-2.973601125910454e-5,-2.121529625915843e-5,-9.544796799902568e-6,1.315972675883885e-6,1.1212877190449708e-5,1.1535584220550305e-5,1.1906919853468793e-5,9.586890253379287e-6,6.887421352623164e-6,6.587205054681108e-6,5.27306029610119e-6,3.7256328983619915e-6,6.136182952957729e-9,-6.408737070540924e-7,3.7008072480744383e-5,3.7718263783376896e-5,4.049882141657591e-5,4.426923904152767e-5,4.744681415212189e-5,5.040202728178429e-5,5.128129825496081e-5,-2.2757564328989327e-5,-2.282898535574659e-5,-3.396698228947133e-5,-3.5518081711014875e-5,-4.339494123580951e-5,-6.6064429600946195e-6,1.0752744612105273e-5,3.9120293095709214e-5,3.4224691958036276e-5,1.127804479817053e-5
-8.556793364815385e-5,1.0732090848179663,-0.0002160310671631876,-0.0004356231616667597,7.067525700411616e-5,0.001073854146721045,0.003192190599238387,0.0012180814378558898,-0.0013934502663576977,-0.0021337540091828414,-0.0016042164819500965,-0.0010749832022824805,-0.0011476008670018804,-0.001049951453100204,-0.0003461258003817359,0.00016450459809534302,0.0005718112493394184,0.0008432396272806301,0.0008586178369707335,0.0006441849996150575,0.0004054639630009705,0.00018488384826640812,8.415945860198121e-5,5.951978283064735e-5,5.3279434161915176e-5,2.4087382270607735e-5,-1.9781834832079987e-5,-4.225539148952775e-5,-5.4877007844083486e-5,-4.872594534404304e-5,-3.340404402881132e-5,-1.7761031991151757e-5,-6.117644443536272e-6,-4.157189281444084e-6,1.4340913827226832e-7,-1.7689622945183625e-8,-2.5343881216421838e-6,-2.013720313180545e-6,-5.418013841661606e-6,-1.1468951064008422e-5,-2.256850323377709e-5,-2.4552151403168856e-5,5.86410027575691e-5,5.383800121532259e-5,5.3587789180236006e-5,5.6301387853464916e-5,5.735898003930281e-5,6.39452383821124e-5,6.579862419229061e-5,8.552121975899251e-5,0.00011236369554712168,0.0001129892097907764,0.000158459063422125,0.000114493659980046,1.369308058492047e-5,-5.7486896785396775e-6,4.9210060174495295e-5,6.641186839666442e-5,8.345827051388412e-5
-0.00020069482868572035,-0.0002160310671631876,1.072819380702754,-0.0006538521455070641,-0.0003958766023350713,0.0018451810297239752,0.005728124767963802,0.002802399131472685,-0.002328409121369824,-0.0035923884322403973,-0.0029700026590357355,-0.0026512536682170465,-0.002878919508595432,-0.0025371958589684215,-0.0010263521716887766,6.609627885723518e-5,0.0011785347794314792,0.0019354596486124399,0.0020432715600430824,0.0015313849873840198,0.000925004354026189,0.00042828804506109546,0.00018931555590388465,0.0001519884928753306,0.000148517253215949,0.00010311462365243024,2.3603590312943554e-5,-2.390551132693339e-5,-4.8732098470099594e-5,-3.6647162132642066e-5,-1.1450959799361639e-5,9.43156606153691e-6,2.9897868344872998e-5,2.7839655608260672e-5,2.4422248376224604e-5,1.331256610521977e-5,-4.795897184871711e-7,-7.099280671903175e-6,-2.0914207379759032e-5,-4.2134833768467936e-5,-7.721203799975698e-5,-9.695607567350696e-5,8.157135744654234e-5,7.592573932667104e-5,9.177444227249107e-5,0.00010848367406870352,0.00012428443082685616,0.000139984503940855,0.00014721347160333181,1.6959111671033113e-5,5.2080609040688226e-5,1.1994184606655343e-6,5.974404576485587e-5,-2.811186091344912e-5,-4.527286354830042e-5,-1.4929065198803303e-5,6.207794931470497e-5,7.31777653980534e-5,3.286831273222552e-5
-5.741739139717945e-5,-0.0004356231616667597,-0.0006538521455070641,1.072003885502037,-0.0013633196926976965,-0.0004397980960365251,0.0036977988970169537,0.004939833277766706,0.0013247643980190743,-0.0009591269273584305,-0.0030539802162089084,-0.005736177231591313,-0.006343591073499019,-0.005142745860325264,-0.002716788759773039,-0.0009157134106348228,0.0017634987189015562,0.00373262024635858,0.004210789874287395,0.0031608734302518457,0.0019545701766139297,0.0009356668251684126,0.0004559387874336657,0.0003628692539133359,0.00034569748676532516,0.00024799514311820125,8.642180301304909e-5,-1.463180396950918e-5,-7.072409765551456e-5,-6.063638189675e-5,-2.0231992092095284e-5,1.7915467683047275e-5,5.404820411111201e-5,4.350019280240261e-5,3.6686723649933854e-5,1.5213368656956052e-5,-1.1300056088959395e-5,-2.6977940195398555e-5,-5.678703333208004e-5,-0.00010194902894485198,-0.00016749374661553868,-0.00017489849654155559,0.0003094125614323317,0.00025279120234454193,0.00024390869890894332,0.0002433150684982682,0.00025000429919197443,0.0002642366913672328,0.00026784149318711826,0.0002600911846165895,0.00047317073007439116,0.0004819447198992899,0.0006247749399424142,0.00046881058084480385,4.843759721058163e-5,0.00013711103454428137,0.00027513587998938055,0.00029261202583419425,0.00025883428884300507
7.985970124191303e-5,7.067525700411616e-5,-0.0003958766023350713,-0.0013633196926976965,1.0690977003455147,-0.010240238245563403,-0.017032371337673262,0.004661952911109405,0.017739561567693754,0.016499595800067705,0.0033801489049803493,-0.010762681820142105,-0.012286113032765026,-0.009046256470619941,-0.007091984729095384,-0.005281201240175177,0.0006514838747494581,0.0056061775024327945,0.007392267868312524,0.005696375446452058,0.0035891251066576717,0.0018368540256145601,0.0009778611451761307,0.0007746440846563619,0.0006980993823767354,0.0005421135882022901,0.0002842509553828052,0.00010427310237623643,-2.740376865761489e-6,-3.7076116914221994e-6,4.581915309542928e-5,0.00011623654141358961,0.00017987601948024946,0.00013619465174812456,0.00010832451027713019,6.158226046940228e-5,7.816379184094635e-6,-2.0935732114398472e-5,-7.200856450711708e-5,-0.00014780282772297433,-0.00024386107013821184,-0.00014876913041083937,0.0011880373516061679,0.0009548600969877058,0.0008290756493208344,0.0007259034829903536,0.0006641584224671965,0.0006269471285546417,0.0005898150714137075,0.00018382888054769542,0.0008060522759705589,0.0009131981639739819,0.0009494767304665889,0.0006043082333459413,4.1425698533007056e-5,0.0002110290000663268,0.0003133070974766779,0.00031099935208039393,0.00021745408199202833
0.0008168036097402841,0.001073854146721045,0.0018451810297239752,-0.0004397980960365251,-0.010240238245563403,1.0344043264485818,-0.08435452603189504,-0.01023298274969971,0.055509599037577406,0.0625757886271305,0.027573281440070263,-0.011729799308183986,-0.016730874806452127,-0.012867384716598408,-0.015583438974416648,-0.017354255391560814,-0.005321746915391495,0.00539749472346916,0.011110154361396082,0.008774053701009395,0.005666418523111373,0.0032529735075241535,0.0020918723352910946,0.0017061066164566297,0.0014294883001539913,0.0012155764910967471,0.0008540193794553515,0.00047863349052369665,0.00025155040341678627,0.00015152864274148154,0.0002036326909767372,0.0003932935750572523,0.0005370842048278051,0.000346165230978063,0.0002828686958061124,0.00020500133507407847,0.00012006406036085508,0.00010551431995644416,6.497112165805239e-5,-4.8708913017137295e-8,3.0458587376111968e-5,0.000862384742444996,0.0055631038996158825,0.004576566887770759,0.003784636419315325,0.0030352723904310945,0.0024855495572172616,0.0021244585353086547,0.0018363591514359366,0.0003268006696538365,0.001976628164471647,0.0025660256455404228,0.0023008024772325545,0.0015169735783650256,0.0004017340177684425,0.000673959764267783,0.0004487347093261148,0.0003297693651196897,0.00025022788960916
0.0015423118497092632,0.003192190599238387,0.005728124767963802,0.0036977988970169537,-0.017032371337673262,-0.08435452603189504,0.8537639420569033,-0.07273836533992044,0.07383791004268271,0.12199693828039485,0.0820177168066884,0.028216983483569723,0.00045839855278925176,-0.016178215639787982,-0.027871461396477618,-0.03771441952822891,-0.01992553675779011,-0.000756037446127302,0.01254344638435629,0.010048502362485117,0.007057506372568783,0.005423703427832019,0.00468147370036096,0.004241675471702467,0.003213240073840752,0.0028563763324394175,0.0022090787419651154,0.0013187993498719873,0.0006841293365794518,0.00017258999353841342,0.00014591711472675248,0.0008036951689400901,0.0012205242203755567,0.0007076872734805806,0.0007142191761233979,0.0007052506427371878,0.0006468918597769473,0.0007298864091985814,0.0007329285550618901,0.0007429919098672042,0.0011507380621825155,0.004179562924449074,0.018855843656861566,0.01674805181866873,0.014285838103250315,0.01151785340437915,0.009234163624720534,0.007849191914908179,0.006681298154358371,-0.00019898472890566372,0.002692778176078841,0.003990400320911291,0.0032655644924001947,0.0018587724765238237,0.0008871791315831897,0.0007720338578753388,-0.0011495715687310818,-0.0016989801224803433,-0.0014682718230144736
0.0004102576197315393,0.0012180814378558898,0.002802399131472685,0.004939833277766706,0.004661952911109405,-0.01023298274969971,-0.07273836533992044,0.9676783359894483,-0.0795229566453036,-0.004708371249212669,0.03829753446706316,0.09069989635981206,0.06079745113746369,0.01051454957924401,0.005466178456201941,-0.00491277653723313,-0.009101648110549329,-0.010898928846754122,-0.006186131230936237,-0.005058777680819576,-0.002416508034966207,0.00029424141774952106,0.0018772584907888175,0.002232791580424018,0.0017651001503872345,0.002116312174561805,0.002470336590598491,0.0022452420909207034,0.002077888865800397,0.0013434636616024797,0.0008315209786524156,0.0007588458933129311,0.0005331847748887927,7.27771133676557e-5,-2.694490649038011e-5,0.00010001558265730506,0.00023492231498956865,0.0006141663086580348,0.0010504132249764997,0.001444579715961303,0.0023166067063470877,0.0047819287631313484,0.013515555934632622,0.011510995352002833,0.00939335351621513,0.006988991409214954,0.005053904175031151,0.0037902581276817956,0.0027934760457065735,0.0007380625718750505,0.0008815974187327876,0.0009549875865478101,0.0011765766972977275,0.0006573767115153277,0.0011214226680056087,0.0009423510688583937,-0.0016150137209845297,-0.0023437640259464294,-0.002573772416781706
-0.0007059836969491503,-0.0013934502663576977,-0.002328409121369824,0.0013247643980190743,0.017739561567693754,0.055509599037577406,0.07383791004268271,-0.0795229566453036,0.8681236623421866,-0.15058838966620303,-0.028259888999659904,0.105955212200188,0.09121302178190513,0.03373310580611962,0.030150477543131823,0.0234661740988748,0.004366025674268195,-0.007921542265617348,-0.011121499524142086,-0.009598210350271887,-0.005458595726288483,-0.0012802432664375015,0.001010561428751133,0.0017276703268780536,0.00142630914879981,0.0016995815805953061,0.0019299254459566688,0.0017990729543482856,0.0016511950436371163,0.0010476263424013552,0.0006296218873919838,0.00039804571208201133,0.0001981782710356347,-5.372818619338876e-6,7.083375058088764e-5,0.0002686171672326028,0.0005184138777085685,0.00079603035580357,0.0011132673023571235,0.0013383740421480932,0.0016536473111225104,0.00246056004640928,0.005802617828335891,0.007377656720356936,0.007172239389278338,0.005778697150084594,0.004362372621100166,0.0032968016820861903,0.0024126971374465195,0.0008065985904396801,-0.001245268334148981,-0.0019146506595394998,-0.00081309856430784,-0.001258724565571231,0.0009432272386372462,0.0004100607937637099,-0.002514697120893327,-0.0032474638305893143,-0.0032056736121527742
-0.0009519896781645952,-0.0021337540091828414,-0.0035923884322403973,-0.0009591269273584305,0.016499595800067705,0.0625757886271305,0.12199693828039485,-0.004708371249212669,-0.15058838966620303,0.812688003972682,-0.030302841509423653,0.021933085795171565,0.07745109193744906,0.07394785708025156,0.044035000456468056,0.019694945529545958,0.00411052815550775,-0.007196699759808471,-0.010338085936755986,-0.009937248052092047,-0.006462602647363554,-0.0023223343038923307,-5.9530206557272176e-5,0.0005121177232225319,0.0005837838675628392,0.0009569434220214214,0.0015458349112417126,0.001560014438163213,0.0014928918421375748,0.001057885286198019,0.0006207820912622664,0.0005936168001422536,0.0004162501251191202,0.0001051966392549155,3.090295334457516e-5,0.00011700067981173407,0.00022589298116563637,0.0004653116965063096,0.0008011586239237444,0.0012766761825430226,0.0022323208101112596,0.004295557877477955,0.009281450886143506,0.007126063198900867,0.005223076636147945,0.0034992519489397125,0.002186833134737868,0.0012763146265382605,0.0006203163721861624,0.0006882380557297192,-0.0010793292956975606,-0.0016603064005255707,-0.0008363921323159672,-0.00032063917626186134,6.204405750651218e-5,-0.0024816254475148623,-0.004637889439366684,-0.004685828822222474,-0.002132652105185502
-0.000730805728280968,-0.0016042164819500965,-0.0029700026590357355,-0.0030539802162089084,0.0033801489049803493,0.027573281440070263,0.0820177168066884,0.03829753446706316,-0.028259888999659904,-0.030302841509423653,0.8389674014615196,-0.13431502304246296,0.06749541791965998,0.14048006996477988,0.055903808651494816,0.002382307113897194,-0.006964440250761831,-0.004845697511533152,-0.0024414727610771194,-0.0014221602595906062,0.0005467175925926015,0.002548792860572684,0.0034357512053184167,0.0036727199965326226,0.0035326271958515997,0.003298210718123236,0.0029613053763427504,0.00253677598097926,0.002080587806703438,0.0014420077870380466,0.000985462015176685,0.0006180677547498598,0.00032376496890837637,4.150387990060179e-6,-4.50814407000334e-5,-1.139295382273688e-5,5.861811372030045e-5,1.7660695703209492e-5,-1.3140289797656185e-5,-1.6573068453228636e-5,0.0002613879923322056,0.0015841508430992795,0.005735847389558235,0.0040948421926027,0.00264100371661743,0.0012435137929288156,0.0002556265776523717,-0.0005649065536644039,-0.0010565237903890975,0.0008018804131233023,0.00042346848840474626,0.0006564180743319895,0.0007992991597022248,0.0010168501112240145,0.0008607224033582146,0.002530484719076277,0.0022934600791795394,0.0017916820300074485,-0.00030434496656279466
-0.0004957531123357169,-0.0010749832022824805,-0.0026512536682170465,-0.005736177231591313,-0.010762681820142105,-0.011729799308183986,0.028216983483569723,0.09069989635981206,0.105955212200188,0.021933085795171565,-0.13431502304246296,0.8330651484709776,-0.07033410179318705,0.1413802335037445,0.08050740339774655,-0.015086760801698039,-0.015557944410253013,-0.0024833490904927957,0.008010700670995033,0.008545736608351525,0.006609833001735433,0.0052079615068594595,0.004531358711363293,0.004976763432948238,0.005311821343975834,0.005081490018393619,0.004699581992772227,0.004004178034174365,0.0035320840606191646,0.0027222119541572463,0.00198381270345933,0.0013242945854465467,0.0008139210770689473,0.00030618496023617983,-7.355458476340983e-5,-0.0003556906396918661,-0.0006096505267339688,-0.0009003140070786417,-0.00116899537209261,-0.0014286544648299828,-0.0012891030801413439,9.330958580692038e-5,0.0054694606325844,0.0014509346927536477,-0.0006802552032612701,-0.0019032521826940654,-0.002401190958308354,-0.0027843215967281957,-0.0028593686133040405,0.0019704378547692252,0.003518887868598462,0.004296989556514005,0.004125243970910529,0.0035163163704262372,-0.00013031585948477132,0.0005309393069211656,0.002256801584218993,0.0025440776550160298,0.002178035934711051
-0.0004902035563460469,-0.0011476008670018804,-0.002878919508595432,-0.006343591073499019,-0.012286113032765026,-0.016730874806452127,0.00045839855278925176,0.06079745113746369,0.09121302178190513,0.07745109193744906,0.06749541791965998,-0.07033410179318705,0.8671055425144844,-0.09824656854913912,0.017160194764490738,0.03808068525584834,0.039317412738299494,0.02430476088103457,0.015255352596581472,0.014808210515288888,0.011424746983230582,0.0063568410762383605,0.00426296107008374,0.005263344460440068,0.0058919811929565415,0.005412456633127685,0.00416553367537597,0.0034582061857533083,0.0028792038717119837,0.002064782766864988,0.0013493620129687257,7.17196632791663e-5,-0.0006802098749970227,-0.0005113766208487483,-0.000549763671482643,-0.0006109464199956086,-0.0006337377217881642,-0.0010901926406337718,-0.001696780227439719,-0.0026779317435390187,-0.0044519587585234496,-0.0077943264960341225,-0.013939746676315503,-0.01029201477123012,-0.007603700711110542,-0.005881946071995311,-0.004646837212473597,-0.0038313153605219435,-0.003216342110566151,0.0007956820190493474,0.0014234936494188688,0.0025614676359614684,0.0009915384801980167,4.9126277909342156e-5,-0.0007315698144434172,-0.0005210434817222529,0.0016295033102084345,0.0021774482482010697,0.0022557414433697605
-0.00047619722911655915,-0.001049951453100204,-0.0025371958589684215,-0.005142745860325264,-0.009046256470619941,-0.012867384716598408,-0.016178215639787982,0.01051454957924401,0.03373310580611962,0.07394785708025156,0.14048006996477988,0.1413802335037445,-0.09824656854913912,0.7256857302905467,-0.1626729360948533,0.0910656031185263,0.11467782773379069,0.048432883675892435,0.01722033398983774,0.012555406013629842,0.007545078225149234,0.0018582245252844098,0.00042217806173009006,0.0022177169900493812,0.003932846778388764,0.00416923868822352,0.003766229610575659,0.0031975518473447207,0.002940400259834865,0.002381737332547688,0.0017429837125245797,0.0006035985916505391,-3.138187019818089e-5,1.5367596191367644e-5,-0.00026322998813279073,-0.0005316777786142706,-0.0007390285741096771,-0.0011542993291285251,-0.001605668387389276,-0.0023603777992448863,-0.0037683355502829913,-0.007047567158534981,-0.013362383796615335,-0.009606697598342767,-0.006595138276279139,-0.004613531067858915,-0.003150180970049262,-0.002060922166508281,-0.0013132344425662303,-7.05834002708443e-5,-0.0005417764878989759,0.0018409163154363064,-0.0005073641763409078,0.0004937806674677006,-0.0002452019434143563,0.0006903908476042614,0.0023585701406138226,0.0026001195136300267,0.0018664790402669953
-0.0001631220407705436,-0.0003461258003817359,-0.0010263521716887766,-0.002716788759773039,-0.007091984729095384,-0.015583438974416648,-0.027871461396477618,0.005466178456201941,0.030150477543131823,0.044035000456468056,0.055903808651494816,0.08050740339774655,0.017160194764490738,-0.1626729360948533,0.9324454417446506,0.008948556800377578,0.03502333520906053,0.02207085226451208,0.0163466818196769,0.01435379091677458,0.009399116192037415,0.004026507136220943,0.0024036855740025742,0.004502169531056215,0.005767653706235175,0.005534519133280768,0.004103600967273778,0.0030301587479672092,0.0021585144650853407,0.0014403272231954154,0.0008757119095457829,0.00021598060558175686,-0.000133203898767583,-8.53917165606437e-5,-0.000149907618980546,-0.0002862037893426668,-0.0004408102458018942,-0.0008398339210074576,-0.0013437039098645736,-0.002020877154554237,-0.0031663138340842566,-0.005195868354457064,-0.007403920558934789,-0.003510169069794587,-0.0011485697442028115,-6.166515077865944e-5,0.0005044044202393028,0.001150857114143598,0.0014868696618080268,-0.00020482221133854675,0.0002866445117932315,0.0009278220188388314,0.0011047482556186337,0.0014629863247084883,-0.00036971361841690495,-6.183865087251745e-5,0.0009258805106672071,0.0010896957290087168,0.0006944918283403052
3.625629615659456e-5,0.00016450459809534302,6.609627885723518e-5,-0.0009157134106348228,-0.005281201240175177,-0.017354255391560814,-0.03771441952822891,-0.00491277653723313,0.0234661740988748,0.019694945529545958,0.002382307113897194,-0.015086760801698039,0.03808068525584834,0.0910656031185263,0.008948556800377578,0.9427502958043505,-0.09803679012760169,-0.01313255702970547,0.026527167594658493,0.018117690330931042,0.008330188874933721,0.0009687186128840765,-0.000422285951210084,0.0022961741683566617,0.0047509862466736785,0.005304642829755543,0.004643652812392697,0.003365617942045125,0.0024696800750755145,0.0019223060907210025,0.0014781806289065693,0.0013536364649526821,0.0012572869339104722,0.0007547619056787561,0.000316655568854153,-9.590523322081824e-5,-0.0005396452037569735,-0.0008367234471486478,-0.0011190231848678097,-0.001300604652727367,-0.0010448219037292154,0.00027235615002945486,0.007397558526453438,0.0068540887788268706,0.006416886941724857,0.005703493782273765,0.005073402816135878,0.004973197146387807,0.0047605498736588035,0.0007095090642796136,0.002520069069351547,6.873528438092348e-5,0.0033690979088529644,0.00218733210706826,-0.00022587823529087171,0.0003042369672922146,0.0008678348681372682,0.0009145513403000764,0.0005249300489520678
0.00021002737298559472,0.0005718112493394184,0.0011785347794314792,0.0017634987189015562,0.0006514838747494581,-0.005321746915391495,-0.01992553675779011,-0.009101648110549329,0.004366025674268195,0.00411052815550775,-0.006964440250761831,-0.015557944410253013,0.039317412738299494,0.11467782773379069,0.03502333520906053,-0.09803679012760169,0.9758286094471301,-0.029473046404019168,-0.00016555429419251968,-0.0005260778202044448,-0.0024912413596565484,-0.0051700665556534625,-0.0037786360202038457,0.0008824091320398808,0.004243957499454052,0.004921789771093612,0.00354727376851361,0.0024594216359503495,0.0015957288152456538,0.0013802352378796017,0.0011629134840893472,0.0012736819830570676,0.0014286850257020606,0.0012322717216719902,0.0009921626515313623,0.0007044129443395802,0.0004175247791878984,0.0001615393249022252,-0.00018426382371635318,-0.0005031511239740085,-0.0008552525941801998,-0.0007368006882205108,0.0025707011634037175,0.005476554397805894,0.006818361003575914,0.0068431924696423395,0.006504176339331851,0.006476392792018023,0.006244747318988794,-0.0009233168668194788,-0.0009078879448942125,-0.0029734443005376542,-0.0008447161275792482,-0.0008413557622121352,-0.0004301360683764044,-0.000547403673549097,-0.0004701526050700229,-0.00029787563055111936,-0.0004134124089085546
0.00030761497465159305,0.0008432396272806301,0.0019354596486124399,0.00373262024635858,0.0056061775024327945,0.00539749472346916,-0.000756037446127302,-0.010898928846754122,-0.007921542265617348,-0.007196699759808471,-0.004845697511533152,-0.0024833490904927957,0.02430476088103457,0.048432883675892435,0.02207085226451208,-0.01313255702970547,-0.029473046404019168,1.0305708061631935,-0.03918654280726481,-0.029356942387711457,-0.01959009134675716,-0.01216082155706301,-0.006189546310681119,-0.002873623904258407,-0.0008391523513110972,0.0002286434808726457,0.0007257565827278938,0.0006618224488368709,0.0005011068185137576,0.0007893487618949053,0.0010230729934850651,0.0017080022939832684,0.002228626702801516,0.0018106098131223524,0.0014872899216056064,0.0011784985235943335,0.000886912615554761,0.0009536731519626009,0.0010305031459947763,0.0014785367414533268,0.0025024945466826484,0.005182512486912708,0.012745666691340607,0.010792189621514405,0.009511692915915719,0.008323278323933874,0.007430084281969505,0.007158089315254321,0.0068395017548752235,-0.0022449242389015237,-0.0042321883891549535,-0.004729782026135807,-0.005114070142223864,-0.003025960596306343,-0.00034533034472414265,-0.00035722747840561856,-0.0004412980867219519,-0.00048022478684391816,-0.00031066929651590457
0.00030952989564828526,0.0008586178369707335,0.0020432715600430824,0.004210789874287395,0.007392267868312524,0.011110154361396082,0.01254344638435629,-0.006186131230936237,-0.011121499524142086,-0.010338085936755986,-0.0024414727610771194,0.008010700670995033,0.015255352596581472,0.01722033398983774,0.0163466818196769,0.026527167594658493,-0.00016555429419251968,-0.03918654280726481,1.0187040683268935,-0.03994750474147461,-0.02016789412479667,-0.002713764034992258,0.004161809051118061,-0.0005747371071159671,-0.006432979737018233,-0.0072950518774648485,-0.005251059151619703,-0.0033416947421466324,-0.0024061288728358995,-0.0010697999465457083,-0.0001304832378060059,0.0010598855280431877,0.00197290019846967,0.0020089511339975467,0.0018888637607770516,0.001658820825452332,0.0013637956671326752,0.0013937691629465146,0.0012609347409013273,0.0015362715052884288,0.00192157486688018,0.0034748617813706094,0.007408430094501083,0.0061917324071099405,0.00560013763195622,0.0053933225852157395,0.005276724122399445,0.005563795596266047,0.005672617809702293,-0.0027926794750061314,-0.005401079274172152,-0.005319663076593279,-0.006556301954888618,-0.0038462179929977993,-0.0004605272353826082,-0.0008041890933555577,-0.0010103884652741533,-0.0010093314398089577,-0.000572851463421959
0.0002180512804782235,0.0006441849996150575,0.0015313849873840198,0.0031608734302518457,0.005696375446452058,0.008774053701009395,0.010048502362485117,-0.005058777680819576,-0.009598210350271887,-0.009937248052092047,-0.0014221602595906062,0.008545736608351525,0.014808210515288888,0.012555406013629842,0.01435379091677458,0.018117690330931042,-0.0005260778202044448,-0.029356942387711457,-0.03994750474147461,1.03726014555388,-0.027874176709958766,-0.019566260189549416,-0.012689494440420921,-0.009359456742567236,-0.006210908270162958,-0.0035583528991295628,-0.0017617407415904918,-0.0011112814164910697,-0.001083911519023967,-0.00018007812517806384,0.0007431151152668129,0.0016572750246731304,0.002511490377582409,0.0021252379559520695,0.0019009763399384634,0.001577405196561063,0.0013455630670669966,0.001533022787911492,0.0017178161710560728,0.0024496454559405087,0.003593844510135466,0.00642882779451545,0.012562026362091435,0.010682790036086954,0.009447755030846959,0.008401068502908572,0.007692229710170648,0.007130981834752212,0.006672886915136763,-0.002126489917799876,-0.004125287417809203,-0.004070728242914461,-0.004584385638856133,-0.0025769412771005015,-0.0003395097047739065,-0.0005517234041086364,-0.0006454390666281049,-0.0006243804419756563,-0.0002150820436701164
0.00010479539639875027,0.0004054639630009705,0.000925004354026189,0.0019545701766139297,0.0035891251066576717,0.005666418523111373,0.007057506372568783,-0.002416508034966207,-0.005458595726288483,-0.006462602647363554,0.0005467175925926015,0.006609833001735433,0.011424746983230582,0.007545078225149234,0.009399116192037415,0.008330188874933721,-0.0024912413596565484,-0.01959009134675716,-0.02016789412479667,-0.027874176709958766,1.0255505521878474,-0.07021183397071536,-0.063848054660807,-0.031344619849360975,0.0020073504787801247,0.01439381873566649,0.012043581477902368,0.0073332028879584,0.003674816690951339,0.0026297321447429794,0.002578661663478596,0.002782246711540685,0.0031254122323644213,0.0019189382627372376,0.001548930420757289,0.0013143241493722506,0.0015332763263530772,0.0023249867045589314,0.0036060688548543783,0.005557795072550103,0.00865049453494398,0.013986883561328581,0.023225352922418604,0.020698257285791517,0.018470540861559092,0.01571145743316806,0.013576188775372963,0.011231864930901987,0.009472929665304806,-0.0014361519181372209,-0.0027067404333825217,-0.0026077763429139035,-0.002665871557819405,-0.0014906287330994942,-0.00031353472000987607,-0.0003131616925061295,-0.0003188887322631451,-0.0003471813788132126,-5.9276247568082435e-5
3.425814741824199e-5,0.00018488384826640812,0.00042828804506109546,0.0009356668251684126,0.0018368540256145601,0.0032529735075241535,0.005423703427832019,0.00029424141774952106,-0.0012802432664375015,-0.0023223343038923307,0.002548792860572684,0.0052079615068594595,0.0063568410762383605,0.0018582245252844098,0.004026507136220943,0.0009687186128840765,-0.0051700665556534625,-0.01216082155706301,-0.002713764034992258,-0.019566260189549416,-0.07021183397071536,0.9440926655336683,-0.12356660373233597,-0.056154686521629506,0.013266834859033894,0.03682359592718014,0.028922145415069652,0.017867177326604044,0.00974295388738113,0.006408082242077395,0.0048885833387482865,0.004246624882100585,0.003836587851321739,0.0018097368751855383,0.001200286901683453,0.0011041851949341827,0.0018334998529087152,0.003367751882577795,0.005868501435405005,0.009140362289351682,0.014194095233934235,0.02181999305563319,0.033254925801945286,0.031196090810866006,0.028588147216420667,0.02423561190911893,0.020576947367504886,0.016202188800096592,0.012905752659233004,-0.0008423635066627344,-0.001365519340131728,-0.0014032066499656813,-0.00124368722951995,-0.00046087496030212087,-0.0003987736249985829,-0.00021558653950717483,-0.00019537147106854716,-0.0002901435742047953,-0.00010406637842612743
-1.9966212181671177e-6,8.415945860198121e-5,0.00018931555590388465,0.0004559387874336657,0.0009778611451761307,0.0020918723352910946,0.00468147370036096,0.0018772584907888175,0.001010561428751133,-5.9530206557272176e-5,0.0034357512053184167,0.004531358711363293,0.00426296107008374,0.00042217806173009006,0.0024036855740025742,-0.000422285951210084,-0.0037786360202038457,-0.006189546310681119,0.004161809051118061,-0.012689494440420921,-0.063848054660807,-0.12356660373233597,0.9536696337743357,-0.055221498190091124,0.01146640577549042,0.03361328803749789,0.025756220399581014,0.01551923545211758,0.008275163520675831,0.005289909333674344,0.003994216345155139,0.0034730029354937213,0.0030273786802489143,0.0011337557910467908,0.0006459642272507089,0.0006843626115272233,0.0015309694003487065,0.003217389398237173,0.005969683482044629,0.009486632843060628,0.01486646600525094,0.022618814243414935,0.033225176144207134,0.029487165090466425,0.02617830674892401,0.021902050814220638,0.018395843269575173,0.014241450303512728,0.011129165084236562,-0.0006908924873282806,-0.0008927960354941986,-0.0010146796307767012,-0.0008404678659166396,-0.00041266092187621184,-0.0003284388592803888,-0.0001765373888992103,-0.0001236623672154059,-0.00019117757774666778,-4.9586137278755233e-5
-5.239798196255822e-6,5.951978283064735e-5,0.0001519884928753306,0.0003628692539133359,0.0007746440846563619,0.0017061066164566297,0.004241675471702467,0.002232791580424018,0.0017276703268780536,0.0005121177232225319,0.0036727199965326226,0.004976763432948238,0.005263344460440068,0.0022177169900493812,0.004502169531056215,0.0022961741683566617,0.0008824091320398808,-0.002873623904258407,-0.0005747371071159671,-0.009359456742567236,-0.031344619849360975,-0.056154686521629506,-0.055221498190091124,1.0425223000710604,-0.005205637260914669,0.002665375515003701,0.0009061434557476324,-0.0006300726688271875,-0.0008521114371787585,-0.00033124210075594426,0.0004467527079632651,0.0010737457024544148,0.0014482471864159531,0.000509735079754908,0.00033323481971311104,0.00036757967546066726,0.000802221766499522,0.0021761399826749207,0.004298174090475098,0.007216231762366114,0.011481741301735772,0.017510868867447557,0.024848593274490807,0.01781464266003144,0.013931531195136857,0.011207915848544785,0.009354379850863171,0.007242513454329207,0.005723855984701587,-0.0008296576374730817,-0.0009589205811111189,-0.0011700172188666813,-0.0010285033104511009,-0.0006586291697697874,-0.00010166621292413529,4.1853533076916784e-5,0.00011993237590403612,7.665538925362073e-5,0.00022849719266318256
-3.314760689210258e-6,5.3279434161915176e-5,0.000148517253215949,0.00034569748676532516,0.0006980993823767354,0.0014294883001539913,0.003213240073840752,0.0017651001503872345,0.00142630914879981,0.0005837838675628392,0.0035326271958515997,0.005311821343975834,0.0058919811929565415,0.003932846778388764,0.005767653706235175,0.0047509862466736785,0.004243957499454052,-0.0008391523513110972,-0.006432979737018233,-0.006210908270162958,0.0020073504787801247,0.013266834859033894,0.01146640577549042,-0.005205637260914669,1.0501850013176635,-0.03251668064261231,-0.028592134062086823,-0.01967607153869624,-0.010679587562887078,-0.006194368117452232,-0.003269185859335333,-0.001643064437590076,-0.0004407487380199636,-0.00047115232232268587,-0.00019279152534811792,4.2318067973550064e-5,0.0003636063138569496,0.001680856542672637,0.0035852625284430403,0.006404596723934202,0.010492104430430409,0.016172849121519804,0.0231168897963696,0.008290878921509337,0.0020658227894429504,0.0002584874307451954,-0.00013998417606269785,-8.112523695909676e-5,0.00010529401654903428,-0.0009795561126534162,-0.0011761332736349745,-0.0014477969939766487,-0.0013848309321344548,-0.0011574329302883467,6.127005898350376e-5,0.00021555593065024288,0.00028908851185178335,0.00022242806253944407,0.00040670658361188994
-7.987150863186357e-6,2.4087382270607735e-5,0.00010311462365243024,0.00024799514311820125,0.0005421135882022901,0.0012155764910967471,0.0028563763324394175,0.002116312174561805,0.0016995815805953061,0.0009569434220214214,0.003298210718123236,0.005081490018393619,0.005412456633127685,0.00416923868822352,0.005534519133280768,0.005304642829755543,0.004921789771093612,0.0002286434808726457,-0.0072950518774648485,-0.0035583528991295628,0.01439381873566649,0.03682359592718014,0.03361328803749789,0.002665375515003701,-0.03251668064261231,1.0225154909702134,-0.04559626874790611,-0.031036350907862227,-0.01603957284097469,-0.009301071294624071,-0.005334522724862212,-0.0032273062593797678,-0.0015701898049150103,-0.00122776566487073,-0.0005995072523791392,-1.6256079301772643e-5,0.0005913716306244456,0.0023229071731623693,0.004795377154497333,0.008421840682457389,0.013782215544789705,0.021000501554205905,0.030407510707833357,0.008015279751578754,-0.0008207804319588084,-0.0030783140502033146,-0.003262158275671462,-0.0025127777709004454,-0.0017697469251936762,-0.0011284560382473661,-0.001390228550132502,-0.0017682613054854444,-0.001818168721551521,-0.0017162853107485973,9.0961574896896e-5,0.0004249920729558217,0.0004974845384316529,0.0003258981662606831,0.0005057566197180969
-1.8950299605161064e-5,-1.9781834832079987e-5,2.3603590312943554e-5,8.642180301304909e-5,0.0002842509553828052,0.0008540193794553515,0.0022090787419651154,0.002470336590598491,0.0019299254459566688,0.0015458349112417126,0.0029613053763427504,0.004699581992772227,0.00416553367537597,0.003766229610575659,0.004103600967273778,0.004643652812392697,0.00354727376851361,0.0007257565827278938,-0.005251059151619703,-0.0017617407415904918,0.012043581477902368,0.028922145415069652,0.025756220399581014,0.0009061434557476324,-0.028592134062086823,-0.04559626874790611,1.0312464585640313,-0.02965094371488513,-0.0161512528295466,-0.010147834360855588,-0.0064891040208867636,-0.004330721431340794,-0.002532055026557656,-0.0019157892666868933,-0.0008821240428869329,0.00017152353041854926,0.0012137844505946637,0.0031481323727800842,0.005711446772940907,0.009266985113253124,0.014586044184335331,0.021637217509194746,0.030923761754861532,0.009138375521594503,0.00044610241979503687,-0.001977405220393285,-0.0023856499850673503,-0.0018070469797403605,-0.0012356205136586803,-0.0012394325928326915,-0.0015377395433874164,-0.0020186155520924946,-0.0021816929744387795,-0.0021642547930311178,-2.6052149383129856e-5,0.00029426414685536215,0.0003958351045614148,0.0002086852942121349,0.0004039718129015281
-2.6856659164006905e-5,-4.225539148952775e-5,-2.390551132693339e-5,-1.463180396950918e-5,0.00010427310237623643,0.00047863349052369665,0.0013187993498719873,0.0022452420909207034,0.0017990729543482856,0.001560014438163213,0.00253677598097926,0.004004178034174365,0.0034582061857533083,0.0031975518473447207,0.0030301587479672092,0.003365617942045125,0.0024594216359503495,0.0006618224488368709,-0.0033416947421466324,-0.0011112814164910697,0.0073332028879584,0.017867177326604044,0.01551923545211758,-0.0006300726688271875,-0.01967607153869624,-0.031036350907862227,-0.02965094371488513,1.051025808012204,-0.01440676900072017,-0.01067790163758956,-0.007944884523998332,-0.005686125603514094,-0.003706719455512505,-0.002744971368580133,-0.001113615467672568,0.0005483196489910123,0.001931692044785372,0.003611112356758586,0.005420294223953043,0.00790209518777947,0.011706518778142981,0.016759034281292075,0.023353921791008245,0.008211991375442406,0.0018060010931357806,-0.00019151623235389952,-0.0007749717789645396,-0.0004901306088857881,-0.00022154646746499942,-0.0012778760931795015,-0.0016091869554606623,-0.0021051857227278124,-0.002308092127605728,-0.0023071156334644543,-6.633875149653475e-5,0.0002541551101952734,0.0004343664493150812,0.00025260051775638205,0.00040352892047411756
-2.973601125910454e-5,-5.4877007844083486e-5,-4.8732098470099594e-5,-7.072409765551456e-5,-2.740376865761489e-6,0.00025155040341678627,0.0006841293365794518,0.002077888865800397,0.0016511950436371163,0.0014928918421375748,0.002080587806703438,0.0035320840606191646,0.0028792038717119837,0.002940400259834865,0.0021585144650853407,0.0024696800750755145,0.0015957288152456538,0.0005011068185137576,-0.0024061288728358995,-0.001083911519023967,0.003674816690951339,0.00974295388738113,0.008275163520675831,-0.0008521114371787585,-0.010679587562887078,-0.01603957284097469,-0.0161512528295466,-0.01440676900072017,1.06097348891075,-0.011713347958841344,-0.00992943358445426,-0.006040286983004029,-0.0036372187154911123,-0.00465252431037367,-0.0023027688510951208,0.0007224431923610351,0.002713776895828864,0.004195203863261643,0.004990820128297703,0.006103999623325957,0.007920090107215994,0.010462841772640261,0.013373217766119912,0.0058540693701027435,0.002185158601554396,0.0009295942404492314,0.00035935595338127844,0.0004785145223574449,0.0005374093564596997,-0.001305528655828355,-0.001610497088158963,-0.0021180396545388094,-0.0023336049408219117,-0.0022674423597812453,-8.576785786688604e-5,7.814993120351112e-5,0.00039991868421013075,0.00016300363722292316,0.00035205988729945136
-2.121529625915843e-5,-4.872594534404304e-5,-3.6647162132642066e-5,-6.063638189675e-5,-3.7076116914221994e-6,0.00015152864274148154,0.00017258999353841342,0.0013434636616024797,0.0010476263424013552,0.001057885286198019,0.0014420077870380466,0.0027222119541572463,0.002064782766864988,0.002381737332547688,0.0014403272231954154,0.0019223060907210025,0.0013802352378796017,0.0007893487618949053,-0.0010697999465457083,-0.00018007812517806384,0.0026297321447429794,0.006408082242077395,0.005289909333674344,-0.00033124210075594426,-0.006194368117452232,-0.009301071294624071,-0.010147834360855588,-0.01067790163758956,-0.011713347958841344,1.0594880937476436,-0.012638736545973663,-0.0031419815527174723,0.0005914808813153852,-0.008286648850326539,-0.005276682341670922,0.0005253486439507857,0.0037257524280494446,0.005763221119090952,0.006085527550447217,0.006323320378408139,0.006914469169683033,0.00804039890840849,0.008844217352455252,0.004650865458478254,0.0021940172367206985,0.0011393164572039859,0.0004634817888980688,0.0004677976103670575,0.00040317678028422383,-0.0011895686176061748,-0.001474534017409575,-0.0019454604344466364,-0.0022056327782452776,-0.002174508867980199,-8.807949517554625e-5,-0.00022723856778600668,0.0003960166188190986,-0.00014677778667949667,0.00028694328947341183
-9.544796799902568e-6,-3.340404402881132e-5,-1.1450959799361639e-5,-2.0231992092095284e-5,4.581915309542928e-5,0.0002036326909767372,0.00014591711472675248,0.0008315209786524156,0.0006296218873919838,0.0006207820912622664,0.000985462015176685,0.00198381270345933,0.0013493620129687257,0.0017429837125245797,0.0008757119095457829,0.0014781806289065693,0.0011629134840893472,0.0010230729934850651,-0.0001304832378060059,0.0007431151152668129,0.002578661663478596,0.0048885833387482865,0.003994216345155139,0.0004467527079632651,-0.003269185859335333,-0.005334522724862212,-0.0064891040208867636,-0.007944884523998332,-0.00992943358445426,-0.012638736545973663,1.060457390851117,-0.00774361029194388,-0.0039677137856173736,-0.0062522630472909985,-0.003180772708358691,0.00036712353921967733,0.002680920321120612,0.005062168685890004,0.0053636969250086515,0.00532630394958666,0.00593851127605123,0.007317274969153432,0.008820059846796364,0.00499972180893343,0.0025889461355913844,0.0013926151556779257,0.0005601342818594883,0.00041184595670187927,0.0002380263148360215,-0.0009889249443787804,-0.0012172657337156676,-0.0016546364503595356,-0.0019286800380452214,-0.0019155382528591497,-5.657138053877834e-5,-1.8333308491429195e-5,0.0004262215449773935,3.330254854138963e-5,0.00022487303437997041
