1.2160004469707166,0.6264866120838697,0.11253132899935689,0.03351166518482907,0.23355370153889196,0.09965448189413334,0.28221170633827,0.16650071688731538,0.13647581928215957,0.18910654820202605,0.1940074361872719,0.22265650672123313,0.24577709899615854,0.20801526664940106,0.1823835430842088,0.22820089704866803,0.17462365775546088,0.2655029516521002,0.10531498494967369,0.09965082157023065,0.1810618133139036,0.18446524453543675,0.0957819584454374,0.16592452294296903,0.1635341022269723,0.11130060768500744,0.25470373020090276,0.21304040290109383,0.17060763669581197,0.09590131919634583,0.14748071243670668,0.17455657838809338,0.24168949976036294,-0.10718919813427492,0.2585561457012523,0.1039383953334726,0.09881778813871006,0.12524146928037616,0.2299023625444465,0.11589754139425208,0.16435668183862803,0.1639211326548212,0.07448551193188484,0.012757325896939392,0.09507984189226498,0.2564952213110873,0.198760649455552,0.07225427638444758,0.3332981990145236,0.019542958541061084,-0.06958968072219113,-0.0457928799001391,0.048193046160297445,0.005306316691334901,0.13484274259571855,-0.025394813882571227,0.08563626574534036,-0.1278030935543075,-0.02131207045489321
0.6264866120838697,5.075479857196615,0.6328069039910769,0.28980727175826043,0.31482679709872563,0.19113107314455544,0.6030167904980337,0.3622452261855551,0.4953590584371383,0.49548513767164887,0.5111963445971247,0.4786536501217505,0.6392315725520589,0.4710144903949959,0.6327762855124417,0.49383914493390013,0.5539261090262112,0.8042492060036851,0.17223024671536494,0.6121820481959521,0.22009187936089697,0.4865267644969119,-1.0857977798064662,0.22902934646464893,0.3714006765816227,0.18459590562350173,1.1352778792450593,0.6051568278441208,0.3051925738240449,0.2653192991718515,0.46501564282811486,0.45114934771636317,0.23497254826209987,0.22847792666666497,0.9438014062698533,0.25713693041064817,0.40336982278199046,0.62987711269116,0.6879116348510295,0.22746065572913904,0.5625148654150826,0.39116769974097354,0.15128078582402738,0.01180844110328517,0.28522977792759985,1.1474948849573348,0.520195763194705,0.2266911228771155,0.7485512441194765,0.12859037834189194,-0.14076980825247182,-0.08806289948709368,-0.05223877940344086,-0.08842301975570178,-0.7034153025627545,0.21610625422383697,-0.4211593604854988,-0.12897520581805283,0.7387553907698662
0.11253132899935689,0.6328069039910769,2.0941506892801507,0.6040749108628501,-0.04526560320188724,0.4713222611035119,0.27804720800481014,0.6212662548701814,0.5638597612871498,0.5340494994322238,0.47578102712954823,0.32983811415791325,0.4234828011287514,0.3725544743045678,0.3687057995975951,0.34074560758120936,0.4475947200079876,0.6242589250816184,0.22960908274607025,0.5797261375805723,0.24124266754021292,0.450197330515755,0.4171183171624369,0.28721021765926674,0.21290595003266483,0.31384297647988546,0.27200221740527586,0.31959490087891845,0.5448650724177452,-0.4421239026383853,0.26978416130459104,0.4045869751626816,0.16470802915635818,0.39599452901032345,0.5201097725877494,0.2344530979326678,0.36786923666261495,0.3227308868573882,0.38729237937103284,-0.4845697319997112,0.3230851777650834,0.3112566615538021,-0.07681057762397143,0.05798853034717569,-0.011971557888522406,1.3154152684274636,0.24500262355416924,0.051805757802874185,0.045999872091395,0.01440752040187116,-0.04948772854398346,0.15908895848956034,0.04123385633142799,-0.14877357858052445,-0.14496223142576026,-0.15026826989116623,0.23831012616881095,-0.061526775065712976,-0.17479181376433425
0.03351166518482907,0.28980727175826043,0.6040749108628501,2.3041158770882717,0.24184688073077643,0.4163258091123512,0.41069133845103506,0.3475372445380013,0.2180344353272008,0.45642812722474224,0.330156731923391,0.46742841980670036,0.419617114445088,0.4852693745125305,0.32965187864521267,0.4287986559078307,0.3761542586915618,0.581310859385633,0.19964424739608322,0.4966708555657978,0.20398493849492597,0.3229285900157928,0.48912931950088,0.2799120705616082,0.21126361372961058,0.33828308332154905,0.19251693715548385,0.15833191765106927,0.5409639192595548,-0.06130298366449595,0.2146912996880153,0.48648053184140044,0.027622749968128076,0.5236798221727602,0.2572872613823062,0.259682265887601,0.06697805742171316,0.14069806855649794,0.29002955890816534,-0.045334015755255946,0.2840219273219636,0.34446565827850834,0.052443662818108944,0.029674972631824902,-0.10049220172149943,0.5182217326930251,0.31593332635068205,0.0031626567332139564,0.1601049034315602,0.27245565009551426,-0.16386004583885594,0.14371493428644552,-0.1537899068531802,-0.026692761009091556,-0.29843540758329545,-0.0720240622810911,-0.0017748026236872696,0.1126729622155144,-0.03615635370681543
0.23355370153889196,0.31482679709872563,-0.04526560320188724,0.24184688073077643,0.8776737870420247,0.21234209544299024,0.16797585080366517,0.14543499226544856,0.12144096471888038,0.15929806349787062,0.166251627577091,0.2111401954780026,0.2862706674173167,0.23198193936230965,0.20380462455331594,0.24923156095107735,0.162070455400943,0.16904139465284707,0.2941010366579152,0.22333441619681735,0.1367846855352845,0.18644544961261425,0.23059460455915304,0.1665444262479813,0.16665199772119035,0.1924815945114173,0.1948712124400085,0.08858692416763139,0.2820533236137515,0.16904846447169034,0.16120139841133976,0.19516967662909304,0.10804704730766136,0.32980222916626734,0.11510586290859497,0.11689352921565963,0.2314311942630281,0.14371173744397583,0.17079227706043695,0.11517834636444307,0.199852758685883,0.20878821740387163,0.17282955634400363,0.049112791384665386,0.03023853314512124,0.10195177396880083,0.19802004107810547,0.0852917076460131,0.3569736999398789,0.21042120704791392,-0.10494855767650654,-0.200814343400788,0.08471629356771761,0.030987469036637252,0.02376163526895572,0.02247020962767706,-0.22867846947399936,-0.15828929409717588,0.3628192237714393
0.09965448189413334,0.19113107314455544,0.4713222611035119,0.4163258091123512,0.21234209544299024,0.6771602596515233,0.13063871234058247,0.33851154313416826,0.25007814141434603,0.2546689998936354,0.2548048729603132,0.2189901342362494,0.27274819051044785,0.3366429645285092,0.24251630079119213,0.27648277655832754,0.27398151806300913,0.2421036864085341,0.2908935402214356,0.4201392981441344,0.2014977803677006,0.2715564500452214,0.11193120364796647,0.1922234764109103,0.13109073768471613,0.287190838282173,0.1975786123444162,0.07459652874735495,0.4175495131188431,0.01444219631370258,0.1730442713278614,0.35788452694361916,0.02053878646862895,0.2849154222542677,0.028001184187817458,0.13740213901523424,0.19187481393671438,0.2782971813551227,0.24087819149284748,0.02186268412041822,0.1921886971962931,0.27009473144852314,0.14842468666277772,0.043255657114221795,0.1705858670614953,0.3527054533924705,0.2224832174468101,0.05963162002473075,0.4186719360968566,0.1316489410787952,-0.125743513680277,-0.02936214140558685,-0.0790743421329067,-0.0010720410450366952,-0.10994986795891239,-0.052965076143069716,0.012930128779658299,0.08652913259909129,-0.06540489168305207
0.28221170633827,0.6030167904980337,0.27804720800481014,0.41069133845103506,0.16797585080366517,0.13063871234058247,0.6273175604382821,0.15596976278462119,0.25401274728512635,0.2856121410352846,0.2951540045092945,0.36052837932487086,0.33847788612531043,0.2029901524257523,0.1857862335517369,0.26985955389817645,0.25477893155977904,0.37593033418803024,0.06771163885061969,0.2623367039378414,0.2003607915088472,0.264007750207104,0.31246674494368853,0.19226462200171524,0.20760797451567367,0.18161326516901602,0.27805089522934956,0.1409883750694517,0.2977503154626416,0.0693849001708199,0.20529649186311794,0.24268962228970353,0.1797249805600822,0.2827958814064122,0.12470403503396557,0.18500368720065744,0.14772121328271132,0.10776614766199331,0.2843895463733648,0.020548969847175143,0.23011697281301016,0.24420737639946816,0.01462311064514477,0.02088966642050831,-0.05352894060094396,0.3444749921640352,0.231080308363399,0.04149776578041901,0.3894548442405251,0.039914331611704684,-0.08186565554108763,0.014924096749394135,0.004937510838353754,-0.041738981768323476,-0.10159936184403097,0.03561873058141555,0.05898196555224468,-0.050983746597677265,-0.06116041517326833
0.16650071688731538,0.3622452261855551,0.6212662548701814,0.3475372445380013,0.14543499226544856,0.33851154313416826,0.15596976278462119,0.8987641604394081,0.2097133397848586,0.28151662008421663,0.36309835038410415,0.2915783085748929,0.31905841467146046,0.38565254644723557,0.24285039770029848,0.32821472755750486,0.34065606643614704,0.47119034791187475,0.2088130838693332,0.47746680575787537,0.15314071137301227,0.26643318587646053,0.30866420398944744,0.2224832536073553,0.0644930677914788,0.32566801130637246,0.14500711824952514,0.071032535284612,0.42369282521219714,-0.1049945091253896,0.14973466968493465,0.3821294354216399,0.04595216829414651,0.2904334757285657,0.1876988970753464,0.1155390759609748,0.07268078428017555,0.13241466029708224,0.3628732071003648,-0.008787915643108338,0.232379969590716,0.32460253533827255,0.05035990692736643,0.01658635248457708,-0.0017899895617209689,0.535493287642518,0.2849978450491846,0.10553878145947608,0.5327651115880984,-0.04962298387867934,-0.06970810527488733,0.15070503604481636,0.014501872729775094,-0.00824865891549269,-0.19840748164024527,-0.15121262010167913,0.05433026221757524,0.26186278460088125,-0.17036818379076815
0.13647581928215957,0.4953590584371383,0.5638597612871498,0.2180344353272008,0.12144096471888038,0.25007814141434603,0.25401274728512635,0.2097133397848586,0.5758341176824646,0.26697311775138094,0.21353152845859033,0.16961260240711412,0.25690537501548716,0.24684307695952543,0.20350031172209312,0.1971973086227392,0.2337269368102523,0.3006275036795784,0.0995241484972583,0.2462849705264676,0.18978142686541455,0.3738852528024992,0.2703687023863819,0.1971502614500721,0.19866065305224428,0.20151052045655535,0.28994565687030777,0.2162089109290935,0.23118370378722727,0.04997886576650441,0.2256805564568674,0.2625293536296878,0.21623702480790413,0.15493824409289952,0.26105282787550943,0.20175568298592192,0.2222212542313094,0.2283130807188798,0.2730752642343529,-0.05977619935164499,0.20639018116453622,0.18738027183487121,0.07756473256831402,0.038337876556007,0.08167671304960508,0.5232893997132153,0.23244704170068792,-0.006857131726461033,0.2669617686937127,-0.041579087396589776,-0.056814884226113346,-0.014995033099834009,0.11573760335579927,-0.08711006312226427,-0.030760137116701374,0.0662860939244525,0.039503333310572625,-0.09396219854571859,-0.06312652765937038
0.18910654820202605,0.49548513767164887,0.5340494994322238,0.45642812722474224,0.15929806349787062,0.2546689998936354,0.2856121410352846,0.28151662008421663,0.26697311775138094,0.6014173045912239,0.2905012591965844,0.22594832919210303,0.2985556683929812,0.22629319439526363,0.2760226280326888,0.25190162561989277,0.31588925740371676,0.36487297487881465,0.12344675215906971,0.37383211634662544,0.14917948234649822,0.2573738675675337,0.3079211966004737,0.1977977381379102,0.2844134684595079,0.17893393617173878,0.3483714029343427,0.2200795533846071,0.3869004580832765,0.11796391892229723,0.25911033405463874,0.23356602389654726,0.09979348344060408,0.4126288224807113,0.3431466751134318,0.20223540079066876,0.35679984655981106,0.18300055881476024,0.28576453017373804,-0.029989550987124115,0.3401437215601833,0.2561581076942768,0.05562077836775739,0.04185780379825367,-0.026227807343182943,0.6371328493137769,0.31435046450605525,0.09675399831138261,0.2435503093293358,0.11594714232714788,-0.08361851906803668,-0.06656295616615798,0.04219287885373289,-0.026591392897014527,-0.062057746967858096,0.016874721298287123,0.14262516961072746,-0.11937830686062749,-0.06352473735686677
0.1940074361872719,0.5111963445971247,0.47578102712954823,0.330156731923391,0.166251627577091,0.2548048729603132,0.2951540045092945,0.36309835038410415,0.21353152845859033,0.2905012591965844,0.559302414866482,0.3325585360481815,0.33411225219223056,0.2737369608062996,0.3022835903328492,0.26368232178430695,0.3118658027813726,0.35499484811915727,0.11005232235660936,0.4446244844242539,0.18720608887499873,0.2339549371451311,0.2785356131376789,0.2150895972559399,0.19845453103030244,0.2214393185182596,0.24444135631262515,0.16545519358742009,0.3793862266578954,0.03702195022216659,0.21638841826649427,0.25294730892029155,0.11418295386561043,0.3418154053812477,0.32766052579019683,0.1513242468171752,0.23701294510680296,0.16764402603337758,0.3187854815055712,-0.004719217244790078,0.29451111655255546,0.27315964432105133,0.04519791054799152,0.03371795814058744,-0.020001057096463295,0.5444217433008973,0.26708719141885606,0.10974813833615613,0.26100290597652626,-0.06692843694911797,-0.08192257303509942,-0.05221612421956698,0.1775748878873544,-0.02985788196564124,-0.12908775633600356,-0.07397127409917063,0.10401526241118947,0.032112681223675804,-0.08806697495002748
0.22265650672123313,0.4786536501217505,0.32983811415791325,0.46742841980670036,0.2111401954780026,0.2189901342362494,0.36052837932487086,0.2915783085748929,0.16961260240711412,0.22594832919210303,0.3325585360481815,0.6416992124243146,0.34571676519555594,0.2921971673782087,0.187176786368954,0.28730644966203256,0.25390896928434203,0.4035736204686814,0.1317461454335433,0.32750647745963857,0.10652245899745497,0.22780441761701353,0.2472903724627988,0.17368517898318342,0.07221887313712064,0.22779075532684542,0.15741708098842733,-0.017491056460860983,0.27895182110111943,-0.07331243139246234,0.15128713780867672,0.2888840121867311,0.0937951107329477,0.2680791322945518,-0.006407241961103105,0.1581666945400175,-0.04027510016590735,0.08508252723441684,0.2505442950058221,0.021990592715494445,0.14436237551348535,0.23703395085359344,-0.05236914357611912,0.009537011996653693,-0.10966195547269884,0.31232758368518293,0.19862767189660152,0.02896820404996454,0.4436402916362928,-0.05523016857379751,-0.038655706315788727,-0.04556797450788909,0.0840622152482342,-0.026392519755742458,-0.18554061260404406,-0.04385031636963183,0.0377911911102999,0.09267596884718819,-0.16586937410070582
0.24577709899615854,0.6392315725520589,0.4234828011287514,0.419617114445088,0.2862706674173167,0.27274819051044785,0.33847788612531043,0.31905841467146046,0.25690537501548716,0.2985556683929812,0.33411225219223056,0.34571676519555594,0.6952760791783821,0.26986197820391095,0.19956874626272922,0.2496620670397826,0.2793355425865609,0.40051199211207916,0.16253262070517055,0.37757167245227324,0.20775209828538702,0.2548678438115463,0.32507251389747993,0.27073865180754436,0.15815546394695162,0.201828607038264,0.20608753471101843,0.21579587397153477,0.4439606547489085,-0.002587169122588722,0.17201709950764577,0.25611734945190856,0.20739796351869405,0.34032210124392914,0.3616820675000364,0.1326148208828554,0.17113229837712846,0.04571015326287749,0.3480638655382144,-0.027745475639275593,0.24648121395887146,0.2666316958409994,0.002687916226510529,0.042845930922192306,-0.2155655337939889,0.48384593226561645,0.2600462467756581,0.09482863358140232,0.42837327182295426,0.09667450402587116,-0.07299349197924335,-0.0650217712359386,0.1347820260498826,-0.12812850435576503,-0.003545555456358617,-0.11619821045663345,0.029292384083147355,-0.28708329853716763,0.31866389445389887
0.20801526664940106,0.4710144903949959,0.3725544743045678,0.4852693745125305,0.23198193936230965,0.3366429645285092,0.2029901524257523,0.38565254644723557,0.24684307695952543,0.22629319439526363,0.2737369608062996,0.2921971673782087,0.26986197820391095,0.5997422687201804,0.34048035324634246,0.3415964581429244,0.29654326133451997,0.31870987807443196,0.20994807412888117,0.4294127494060604,0.13686114434014413,0.2913488128625639,0.17489474224111282,0.26964328342870425,0.1094850753930539,0.2818136582789652,0.1596222570410179,0.14091258984968166,0.3438597371884885,0.03431732770116206,0.16284226256856768,0.5096498248059186,0.06913951186620926,0.2764137714026097,0.23638018387046042,0.17555484838453128,0.05087986585423124,0.19445744455639902,0.2128036837802017,0.050505361158430795,0.25076835280565446,0.3122108430639012,0.14193422226142624,0.038122700763932975,0.014572679581000005,0.3926170367444818,0.25274139388436756,0.07056464218622777,0.5129975822644751,-0.006364194364475739,-0.10663457062991234,0.05403289603310533,0.024678337024038106,0.03253091804048326,-0.16221020029277766,-0.047887799195708146,-0.11573174601223063,0.12956776912779033,0.08985662616099938
0.1823835430842088,0.6327762855124417,0.3687057995975951,0.32965187864521267,0.20380462455331594,0.24251630079119213,0.1857862335517369,0.24285039770029848,0.20350031172209312,0.2760226280326888,0.3022835903328492,0.187176786368954,0.19956874626272922,0.34048035324634246,0.6213089686107893,0.23872055344544857,0.297970585714169,0.23204237036177047,0.17450957206548182,0.369562057958097,0.1783489034046776,0.2211122951286471,0.20635902465032496,0.23090163034452976,0.2598903377466239,0.1841536953246981,0.2949875146675512,0.29779887242945696,0.3238648237300943,0.16999588982447247,0.2287263387758841,0.3001056456899288,0.15363256306808892,0.3076249986728654,0.3295463328864937,0.1569162711841273,0.37767933432506445,0.20493001047575274,0.22611104854885636,0.0025871629863726733,0.32963035720721917,0.25595089817244504,0.15907092149135918,0.037955502559062604,0.08650439742453724,0.4722649827497778,0.27037160087791656,0.12950847924290398,0.27197616154122306,0.27728152508914233,-0.15648041669534168,0.06929924666526405,-0.1555282451348688,0.031278079798894416,-0.06309713504520724,0.01252385528025986,-0.058512683262239615,-0.027538259412663323,0.11042441509056633
0.22820089704866803,0.49383914493390013,0.34074560758120936,0.4287986559078307,0.24923156095107735,0.27648277655832754,0.26985955389817645,0.32821472755750486,0.1971973086227392,0.25190162561989277,0.26368232178430695,0.28730644966203256,0.2496620670397826,0.3415964581429244,0.23872055344544857,0.6959369972210729,0.3067415494097703,0.29893432634735334,0.21716389397432953,0.3022895320142859,0.14384344587234854,0.42686009654197166,0.13073006895828615,0.221055294193062,0.08772568108215227,0.2012374318606276,0.18674668191188828,0.151225009978743,0.35964074875526053,0.055179200845578216,0.18848493478269665,0.3253702163330584,0.08845764870911656,0.24565868360378387,0.26377840087526344,0.22725813556763622,0.10626396042704478,0.15866262322196342,0.2865646732022404,0.09858508267113172,0.24224449913317259,0.3326730143584397,0.18253873571210671,0.06159882492179632,0.07132074935088822,0.2891520301170863,0.2306793237405644,-0.024268331193859648,0.35051658052059914,-0.21039481178862546,-0.08327206530113629,0.07004983406826729,0.06682111067770806,0.008770544784597456,-0.03983005916958758,-0.06273861177141964,-0.016841081585156077,0.009670419557414182,0.01794803897278616
0.17462365775546088,0.5539261090262112,0.4475947200079876,0.3761542586915618,0.162070455400943,0.27398151806300913,0.25477893155977904,0.34065606643614704,0.2337269368102523,0.31588925740371676,0.3118658027813726,0.25390896928434203,0.2793355425865609,0.29654326133451997,0.297970585714169,0.3067415494097703,0.6856220905350777,0.23686524168970324,0.19256194241708044,0.4726143681074085,0.15542043152598983,0.27956047950424595,0.13243062684341833,0.25640665938137763,0.24634059623740642,0.19710533347117937,0.3361058380995714,0.3819381176507754,0.2997334684334782,0.16071170008898158,0.28018391643753177,0.2667691007603188,0.23857358188583497,0.2988302204673729,0.42784495968821334,0.19111184113282131,0.4192330283757049,0.2885137555267877,0.3296315750480115,0.020906942209941406,0.3539451335554616,0.3991805951838339,0.18809076446851425,0.040269242722059416,0.1601073976657335,0.5498055279399692,0.3091240808531487,0.14907551511333672,0.3007684174121913,0.045027677416023114,-0.09774358932224271,0.17629397938507416,0.015835499019117665,-0.07950930054333157,-0.20043036756238766,-0.02109266015200859,-0.010380416594923454,0.061722977858476746,-0.07031196713606551
0.2655029516521002,0.8042492060036851,0.6242589250816184,0.581310859385633,0.16904139465284707,0.2421036864085341,0.37593033418803024,0.47119034791187475,0.3006275036795784,0.36487297487881465,0.35499484811915727,0.4035736204686814,0.40051199211207916,0.31870987807443196,0.23204237036177047,0.29893432634735334,0.23686524168970324,1.3240449834656667,0.10899428972865266,0.26949327901457476,0.270791941440078,0.29072739239481554,0.5328377796358507,0.26761930209628537,0.030715484215979593,0.38045668981092257,-0.29778075347445304,0.09225237447126744,0.4187181427714256,-0.41956926414999657,0.037840441688432154,0.3222362813546003,0.12844770841841674,0.34341026802690683,0.22707376779018104,0.08062472464143502,-0.12231814487750932,-0.10296150380303837,0.19439079086640268,-0.08630863414290445,0.11710491933517445,0.3013277409416039,0.07836372572058886,0.03968121755939242,-0.22724085846775918,0.31405179711719206,0.4221283056327262,0.0026715748999146657,0.2737866335932646,-0.0007104352997746428,-0.03948544989213319,-0.06233251394387616,0.1207008536672626,-0.012298160174284336,-0.06655816879742887,-0.15655514559732742,0.18475559636975514,0.16475717698950432,-0.2767543282060042
0.10531498494967369,0.17223024671536494,0.22960908274607025,0.19964424739608322,0.2941010366579152,0.2908935402214356,0.06771163885061969,0.2088130838693332,0.0995241484972583,0.12344675215906971,0.11005232235660936,0.1317461454335433,0.16253262070517055,0.20994807412888117,0.17450957206548182,0.21716389397432953,0.19256194241708044,0.10899428972865266,0.6912042931839635,0.13963398286794548,0.16710166941290594,0.17709925362213974,0.03486254184932665,0.12886852043911795,0.04721128038210062,0.1505231987541521,0.10712952810964717,0.1306225629700779,0.21749294213612974,0.020794999825530805,0.10063820679346604,0.2029273383356187,0.09614369090383132,0.1275478756801912,-0.014106264435211386,0.10891189474781818,0.14297714170851034,0.16292360160538644,0.10443728866064149,0.03647912795451832,0.11005980246123774,0.17444441920276854,0.18128231399273878,0.034293848230670575,0.15921586101935842,0.12535030724593738,0.0888791563640894,0.01128835192464576,0.14265265048657153,0.02960372096738437,0.1154925493635885,0.41621605456106997,-0.20970628981737655,-0.139620117807692,-0.06458988443670477,-0.017030517174226302,-0.07610477138511672,0.07770352959044591,0.057152881538517636
0.09965082157023065,0.6121820481959521,0.5797261375805723,0.4966708555657978,0.22333441619681735,0.4201392981441344,0.2623367039378414,0.47746680575787537,0.2462849705264676,0.37383211634662544,0.4446244844242539,0.32750647745963857,0.37757167245227324,0.4294127494060604,0.369562057958097,0.3022895320142859,0.4726143681074085,0.26949327901457476,0.13963398286794548,1.8528233856230756,-0.13804871171439972,0.24494530048911742,0.3086051750465459,0.27710930042132653,0.20661005832211132,0.3489683700124769,0.41041312574268196,0.03049956469051326,0.7927553771443645,0.6046029654763234,0.5759946463045003,0.4251457061659399,-0.06607956490041257,0.8534778163779067,0.17758164182701905,0.389110236293695,0.8891026361722357,0.600794825098258,0.4956343716110904,0.12566684369003048,0.8477245366713713,0.6179298389643081,0.15997662821684586,-0.008031369096002194,-0.0009874691115237275,1.2987516676448234,0.5239984861294892,0.37124412615638086,0.8429519161762128,-0.09665636280175596,-0.15324855526076603,-0.19261187479190942,0.17775513043659413,0.03336698282340982,-0.234444065663092,-0.04704215925867118,-0.14874687528172698,0.07966511731873867,0.15047547176326923
0.1810618133139036,0.22009187936089697,0.24124266754021292,0.20398493849492597,0.1367846855352845,0.2014977803677006,0.2003607915088472,0.15314071137301227,0.18978142686541455,0.14917948234649822,0.18720608887499873,0.10652245899745497,0.20775209828538702,0.13686114434014413,0.1783489034046776,0.14384344587234854,0.15542043152598983,0.270791941440078,0.16710166941290594,-0.13804871171439972,0.9728816357708678,0.16355634931141633,0.4393881512503266,0.17355776992678815,0.32304044479704364,0.22348080425841468,0.18777725259678132,0.4300188273267257,0.1535668932336875,0.02769949726467936,0.13262777730686315,0.09949990488495761,0.19945952024080948,0.031745299546066225,0.6324730996059322,0.09102280398591318,0.25208946261348286,0.22566436414486057,0.08752500333188752,0.07099835976705719,0.3494804857720464,0.13235369145676015,0.3521797967772562,0.08535202531665757,0.6443394396327373,-0.08761955442989965,0.2206346931416732,0.11955565592747536,0.1739621384749441,0.09480252676073452,-0.027161602203711,0.04038260366181957,-0.017759423385594476,-0.03620477158143475,0.1517358920343556,-0.05328527209460859,0.16703773311815942,-0.10536848875335623,-0.07322741429390882
0.18446524453543675,0.4865267644969119,0.450197330515755,0.3229285900157928,0.18644544961261425,0.2715564500452214,0.264007750207104,0.26643318587646053,0.3738852528024992,0.2573738675675337,0.2339549371451311,0.22780441761701353,0.2548678438115463,0.2913488128625639,0.2211122951286471,0.42686009654197166,0.27956047950424595,0.29072739239481554,0.17709925362213974,0.24494530048911742,0.16355634931141633,0.5394691563233289,0.21131491361182975,0.2081309995901854,0.12226196412857886,0.19646248095782157,0.2511068533637427,0.1763169761802013,0.28838902216740825,0.07339516390575343,0.22404634010848432,0.3005347840203,0.15760086975476723,0.20074990058542766,0.22229077221372684,0.2659512350204267,0.13762432406080732,0.22121055858966351,0.29662239073381724,0.01280851751822687,0.20778925367794293,0.2502645469964593,0.1268491824558015,0.059969579309455213,0.0791243377725364,0.4026162526811943,0.23396783241585076,-0.09698065774982396,0.31994184328227343,-0.11284861859388236,-0.07173301328828845,0.04647580742471993,0.06623108851701462,-0.055516839591202086,-0.056868561142537556,0.007568666399485357,0.010569019529806295,-0.030788248331143506,-0.040483198067723054
0.0957819584454374,-1.0857977798064662,0.4171183171624369,0.48912931950088,0.23059460455915304,0.11193120364796647,0.31246674494368853,0.30866420398944744,0.2703687023863819,0.3079211966004737,0.2785356131376789,0.2472903724627988,0.32507251389747993,0.17489474224111282,0.20635902465032496,0.13073006895828615,0.13243062684341833,0.5328377796358507,0.03486254184932665,0.3086051750465459,0.4393881512503266,0.21131491361182975,2.8907118976883988,0.3449483317098603,0.3510609611099723,0.1476223450381946,0.006237351830465782,0.08433741067104766,0.7101961527949779,0.16589358667543355,0.22003746232772584,0.11142495927557287,0.3108130855989551,0.6481998708282675,0.03396999855503521,0.2880207372534174,0.325014901432314,-0.33780210876382694,0.12246135239674558,-0.23116795856334385,0.428249533951648,0.2316269027161907,-0.1364168613279172,0.025311242934978263,-0.6529097429756168,0.6258459500731255,0.46249067546296874,0.062464197746523495,0.2701666456258289,0.31542045487484505,-0.1154540370143439,-0.13403282536007238,0.1617388371376131,0.01144466771506669,0.3178133970030744,-0.18631774857949257,0.15041337251794185,-0.34257472448595966,0.15359027403461206
0.16592452294296903,0.22902934646464893,0.28721021765926674,0.2799120705616082,0.1665444262479813,0.1922234764109103,0.19226462200171524,0.2224832536073553,0.1971502614500721,0.1977977381379102,0.2150895972559399,0.17368517898318342,0.27073865180754436,0.26964328342870425,0.23090163034452976,0.221055294193062,0.25640665938137763,0.26761930209628537,0.12886852043911795,0.27710930042132653,0.17355776992678815,0.2081309995901854,0.3449483317098603,0.6840778656140043,0.35381118168217346,0.17453516531847943,0.09379367647989331,0.4719619722773638,0.18655006553399422,0.40438807873099636,0.12183792232158691,0.3627632168780322,0.6564228503078555,0.28233747875910964,0.42098672885392213,0.056292439239702625,0.4062193958870324,0.10878416085907198,0.24536050834000292,-0.08981966288936119,0.16022369132637573,0.29966321975460297,0.2454340861997708,0.08340650547993932,-0.1421894786950205,0.5608013342967317,0.40844995948527724,0.2112683105032371,0.43027482126495975,0.08488722341629629,-0.15475703584603226,0.15218239845772114,0.024852693321998305,-0.11554949472179403,0.2433486269060816,-0.1858021776912652,-0.03807934995032026,-0.40484713963202335,0.5973001401169357
0.1635341022269723,0.3714006765816227,0.21290595003266483,0.21126361372961058,0.16665199772119035,0.13109073768471613,0.20760797451567367,0.0644930677914788,0.19866065305224428,0.2844134684595079,0.19845453103030244,0.07221887313712064,0.15815546394695162,0.1094850753930539,0.2598903377466239,0.08772568108215227,0.24634059623740642,0.030715484215979593,0.04721128038210062,0.20661005832211132,0.32304044479704364,0.12226196412857886,0.3510609611099723,0.35381118168217346,2.168526350647334,0.06133567685996749,0.6696381642029308,0.3443977077290395,0.6717591042350569,1.1116594464342904,0.43895452157432757,0.10580609272138675,0.35271339923572287,0.6758058470281193,0.3692452418027829,0.08630097919919774,1.563889478701291,0.5720015098895842,0.5170730898028377,-0.13324403339610447,0.47044931794541367,0.2150534323284912,0.4898049788388568,0.2074339480904245,0.7111435853179069,0.7217505443809616,0.6299603784100292,0.27620541431304996,-0.19192675044033322,0.06992889904123781,-0.13251208129402842,-0.18285320160312174,-0.002893095964383034,0.05454291454186398,0.06724486579652228,0.15621301165218515,0.46512351406302627,-0.10988670436129348,-0.5930316630799791
0.11130060768500744,0.18459590562350173,0.31384297647988546,0.33828308332154905,0.1924815945114173,0.287190838282173,0.18161326516901602,0.32566801130637246,0.20151052045655535,0.17893393617173878,0.2214393185182596,0.22779075532684542,0.201828607038264,0.2818136582789652,0.1841536953246981,0.2012374318606276,0.19710533347117937,0.38045668981092257,0.1505231987541521,0.3489683700124769,0.22348080425841468,0.19646248095782157,0.1476223450381946,0.17453516531847943,0.06133567685996749,1.1611455401924367,0.14086967148490662,0.13753700502621746,0.23146038732153096,-0.14494902372390928,0.08617207217693129,0.30714711486355883,0.0736201896692151,0.24685673195167518,0.1596318198786363,0.03578055793447428,-0.024746046404938892,0.2504945227371283,-0.23857462336200388,0.2074757877651236,0.15330855869802523,0.3359367219692169,0.4167175569938372,-0.03265498023251896,0.3311739657413476,0.1850037337343756,0.17090187107603805,0.15654531563131613,0.5911051343727508,0.011005980241002163,-0.046098004963988005,-0.034535422949388044,-0.010500128009683333,0.010428017440180804,0.01480062849830908,-0.07944050761916556,-0.06716097499420334,0.09431302569390089,0.06080777602020863
0.25470373020090276,1.1352778792450593,0.27200221740527586,0.19251693715548385,0.1948712124400085,0.1975786123444162,0.27805089522934956,0.14500711824952514,0.28994565687030777,0.3483714029343427,0.24444135631262515,0.15741708098842733,0.20608753471101843,0.1596222570410179,0.2949875146675512,0.18674668191188828,0.3361058380995714,-0.29778075347445304,0.10712952810964717,0.41041312574268196,0.18777725259678132,0.2511068533637427,0.006237351830465782,0.09379367647989331,0.6696381642029308,0.14086967148490662,2.0304746211398674,0.44371146151654567,0.0637450551173025,0.8289036361360353,0.6745766492142441,0.1511948646792221,0.22117727577013854,0.17498845518392234,0.5087998205273732,0.3572552568207271,0.9208688191701855,0.8620248112950253,0.40995045874977654,0.3819870513233878,0.7317427954264346,0.18789719466558827,0.2712313830094225,-0.06329614244917874,0.6871593161024905,1.2747805821340146,0.3839100476444459,0.34494110607526945,0.5705005122409749,0.15232768918419876,-0.11947417137767209,-0.0572053455230829,-0.05754555137902308,-0.030141372636204075,-0.2712161582662878,0.2760434454480065,0.3876358311539021,0.1826739365712536,-0.73179346663008
0.21304040290109383,0.6051568278441208,0.31959490087891845,0.15833191765106927,0.08858692416763139,0.07459652874735495,0.1409883750694517,0.071032535284612,0.2162089109290935,0.2200795533846071,0.16545519358742009,-0.017491056460860983,0.21579587397153477,0.14091258984968166,0.29779887242945696,0.151225009978743,0.3819381176507754,0.09225237447126744,0.1306225629700779,0.03049956469051326,0.4300188273267257,0.1763169761802013,0.08433741067104766,0.4719619722773638,0.3443977077290395,0.13753700502621746,0.44371146151654567,1.865150306882465,-0.2612351247457399,0.07141193928270324,0.19941424239153105,0.10119760258102627,0.8487022789398353,-0.09937351475468818,1.9297425479289216,-0.008581397763669427,0.46204689644666014,0.3206988462230365,0.1475871993394096,0.12968481619727276,0.36280959981690075,0.04311757557654517,0.6412948986226915,0.10555848317529101,0.20616913684980293,0.4100497605017467,0.19178413849840822,0.3487649895280417,0.1795750853358844,0.3397903427663039,-0.18597786517500825,0.5688218509699671,-0.30439204437399187,-0.29909171651419353,0.5696766588459676,-0.05686595638202927,0.034365526158830886,-0.5930582201130048,0.6225145054303463
0.17060763669581197,0.3051925738240449,0.5448650724177452,0.5409639192595548,0.2820533236137515,0.4175495131188431,0.2977503154626416,0.42369282521219714,0.23118370378722727,0.3869004580832765,0.3793862266578954,0.27895182110111943,0.4439606547489085,0.3438597371884885,0.3238648237300943,0.35964074875526053,0.2997334684334782,0.4187181427714256,0.21749294213612974,0.7927553771443645,0.1535668932336875,0.28838902216740825,0.7101961527949779,0.18655006553399422,0.6717591042350569,0.23146038732153096,0.0637450551173025,-0.2612351247457399,2.6781113951075803,0.2926258048798226,0.24863708802235757,0.30614387997042,-0.22473946926765345,0.966546445639064,-0.24703165707839053,0.35823232991163073,0.8200010642529064,-0.22510085701469648,0.3466214213683132,-0.10760330521520971,0.6064802407113761,0.4707948128673372,0.11530413881447289,-0.04191515471620367,-0.2380825641466816,0.7992063471097934,0.43630464811751934,0.004945046027790849,0.5340385421326943,0.02654131950187716,0.0015308579521328648,-0.18451346914239858,0.020975809499814407,0.07292842978570958,-0.05980663712338282,-0.17390028804209431,0.0027167892580386346,0.051644534983886214,0.022312147487692766
0.09590131919634583,0.2653192991718515,-0.4421239026383853,-0.06130298366449595,0.16904846447169034,0.01444219631370258,0.0693849001708199,-0.1049945091253896,0.04997886576650441,0.11796391892229723,0.03702195022216659,-0.07331243139246234,-0.002587169122588722,0.03431732770116206,0.16999588982447247,0.055179200845578216,0.16071170008898158,-0.41956926414999657,0.020794999825530805,0.6046029654763234,0.02769949726467936,0.07339516390575343,0.16589358667543355,0.40438807873099636,1.1116594464342904,-0.14494902372390928,0.8289036361360353,0.07141193928270324,0.2926258048798226,4.178472501714669,0.7893883951516565,-0.08218579791721517,0.3529518338376497,0.3262537585855728,-0.11019682932056143,0.5246592361065735,1.649431147339949,0.7190706469637047,0.6518454940119528,-0.21464704997967754,0.7323351444821644,0.21481986517550858,0.5634351077081722,0.15892847483993397,0.8430936561073488,2.412241567870075,1.646043822805103,0.350199910180977,0.25787388782041964,-0.013609642079887555,-0.11252800104855104,-0.22980231207132565,0.07587892694308279,0.08167698987899163,-0.25248588125069316,0.19067863280711975,-0.17697321701035576,0.258789652166005,-0.14815474469843368
0.14748071243670668,0.46501564282811486,0.26978416130459104,0.2146912996880153,0.16120139841133976,0.1730442713278614,0.20529649186311794,0.14973466968493465,0.2256805564568674,0.25911033405463874,0.21638841826649427,0.15128713780867672,0.17201709950764577,0.16284226256856768,0.2287263387758841,0.18848493478269665,0.28018391643753177,0.037840441688432154,0.10063820679346604,0.5759946463045003,0.13262777730686315,0.22404634010848432,0.22003746232772584,0.12183792232158691,0.43895452157432757,0.08617207217693129,0.6745766492142441,0.19941424239153105,0.24863708802235757,0.7893883951516565,0.9155258708347204,0.11482302192584576,0.18231395033945175,0.3440742914840667,0.14775388077604273,0.6481138721941179,1.0238706294787323,0.6291388876674642,0.4427085338330508,0.05459232843423313,0.6950766320362357,0.2165326582967808,0.17215687668967403,0.09268495268416235,0.5105656984522128,0.6098741937489687,0.42900759603111865,0.07859745403201451,0.10064568429819773,0.04197537204506088,-0.11963493181689461,-0.01014436665951472,0.05067288480204958,-0.034275484556118486,-0.11349932152780635,0.12387702115578805,0.2928587946387076,0.01998144853663275,-0.49860116622356543
0.17455657838809338,0.45114934771636317,0.4045869751626816,0.48648053184140044,0.19516967662909304,0.35788452694361916,0.24268962228970353,0.3821294354216399,0.2625293536296878,0.23356602389654726,0.25294730892029155,0.2888840121867311,0.25611734945190856,0.5096498248059186,0.3001056456899288,0.3253702163330584,0.2667691007603188,0.3222362813546003,0.2029273383356187,0.4251457061659399,0.09949990488495761,0.3005347840203,0.11142495927557287,0.3627632168780322,0.10580609272138675,0.30714711486355883,0.1511948646792221,0.10119760258102627,0.30614387997042,-0.08218579791721517,0.11482302192584576,0.9977618672242851,-0.017698366520976134,0.2911052327764942,0.1253260163869786,0.24384567124059567,-0.24365446830391033,0.17629725174681035,0.1835098796603954,0.06559522837968845,0.20669344332395032,0.3580949456793575,0.06932507442720405,0.030964826605415163,-0.05863233510638966,0.36653423213512504,0.19488672109751887,-0.007869560973426054,0.4572788442531974,-0.006183880382803996,-0.06961131155134474,0.28766544214020423,-0.2644611957816887,0.04969254407090077,-0.19443297724772082,0.01935684423783737,-0.13331022899383244,0.0704212189550866,0.147632414511368
0.24168949976036294,0.23497254826209987,0.16470802915635818,0.027622749968128076,0.10804704730766136,0.02053878646862895,0.1797249805600822,0.04595216829414651,0.21623702480790413,0.09979348344060408,0.11418295386561043,0.0937951107329477,0.20739796351869405,0.06913951186620926,0.15363256306808892,0.08845764870911656,0.23857358188583497,0.12844770841841674,0.09614369090383132,-0.06607956490041257,0.19945952024080948,0.15760086975476723,0.3108130855989551,0.6564228503078555,0.35271339923572287,0.0736201896692151,0.22117727577013854,0.8487022789398353,-0.22473946926765345,0.3529518338376497,0.18231395033945175,-0.017698366520976134,1.9081215597191075,-0.3974462912288449,0.04513840853636474,-0.24367939987203893,0.8692748058098481,0.17722606927454473,0.28790423127763043,-0.10352596897987625,-0.08281173887312118,0.21739531595802525,0.39259397711598953,0.08893421806305568,-0.092215472962081,0.45798132590066937,0.38379533798962584,0.4222028127421278,0.5676696313750318,0.19363270833112947,-0.20919527459467976,0.2768653426114211,0.09668599675570441,-0.3081230445984319,0.5006842977926893,-0.09437295815617573,-0.16737555938911325,-0.5380125840118197,0.711935917611652
-0.10718919813427492,0.22847792666666497,0.39599452901032345,0.5236798221727602,0.32980222916626734,0.2849154222542677,0.2827958814064122,0.2904334757285657,0.15493824409289952,0.4126288224807113,0.3418154053812477,0.2680791322945518,0.34032210124392914,0.2764137714026097,0.3076249986728654,0.24565868360378387,0.2988302204673729,0.34341026802690683,0.1275478756801912,0.8534778163779067,0.031745299546066225,0.20074990058542766,0.6481998708282675,0.28233747875910964,0.6758058470281193,0.24685673195167518,0.17498845518392234,-0.09937351475468818,0.966546445639064,0.3262537585855728,0.3440742914840667,0.2911052327764942,-0.3974462912288449,2.2478641933136245,0.09129355445191527,0.27605820666165476,0.9846360433288701,-0.01639635978746719,0.17932501996614053,-0.34019834288174483,0.5833701932858029,0.3851951785438256,0.05254044511305387,0.1215943457977852,-0.5666010520034023,0.43079216521415115,0.3978311097894276,0.11676872559468648,0.17055470816493726,0.17614459156940926,-0.1842702796442274,-0.13416897689224483,0.052077777577152436,-0.021164781053443025,-0.1759357773991375,-0.026275203255457198,0.03917061003603678,-0.08589740877766949,0.07460665327226632
