0.8357071012564687,0.2021272329880984,0.3500709437532133,-0.14450590787699255,0.11837759432896801,0.10939026867862436,0.19565008759075575,0.07182088983325771,0.11226142786280581,0.11374336623976222,0.0922492525736827,0.118838470491859,0.05157283996354636,0.11372024184440101,0.11522422487724186,0.08897833541531258,0.07444990484790481,0.1163679501846802,0.10935622188155499,0.0485613051861563,0.0954504228817222,0.11810722492777283,0.09378888109807165,0.057787384081288196,0.14639933516507328,0.10648481386281097,0.136624274497102,0.09334164163598466,0.034724250462637475,0.023515146318868214,0.11719925630407121,0.0910700190018655,0.1143556069535224,-0.08487483917252849,0.0648114604697789,0.05725173009606191,0.010817394354311694,0.08091992829275939,0.09732501368113475,0.061809211327139776,0.0420407036614852,0.06046865993774711,0.17408751893155833,0.010690823214704919,0.08753868311056551,0.06579840883956657,0.056505312849567044,-0.009940709361430468,0.10916165734881086,-0.01760697180919892,0.0134339146891215,0.007513525707151564,0.011024502102263987,0.0071010641082228715,0.1165052938892248,0.008226405308662223,0.04151894073945514,0.167812667515513,-0.3001583565839338
0.2021272329880984,3.1456836842149127,0.43420949703332984,0.12538090978093652,0.17005281944653838,0.013698487011926117,0.22283256376931398,0.20951869621331387,0.267781430524287,0.19595068868148682,0.046445276254327816,0.1608028968526818,0.11194458531948191,0.07893120457009037,0.23153808422805802,0.15153665019564574,-0.0233965797364288,0.3446539306304598,0.24417080244896294,-0.06709272659717201,0.3227197709967675,0.22474184716388163,-0.47358756707579147,0.06260412340942795,-0.1427480471539254,0.03000110293700739,0.4497913141549853,0.05353876802130279,0.11348392980815397,0.07892099263208675,0.13581179593033738,0.10672651543678897,0.1165600302096362,0.08455287083725879,-0.007256818052085694,0.25284438395018016,0.23955068195065,0.25209220530950777,-0.07219986237705056,0.062454334798004475,0.16770182814183374,0.10682375643982092,0.3933789015310921,0.06657252958578819,0.2799350230805213,0.17013306770392392,0.13125708743985512,-0.05432546532855082,0.15188725983499235,-0.4532412613029464,0.2280009450532272,0.14224626705508106,0.11050963168319959,-0.0957559904300728,-0.28437841716544154,0.12094550619054649,-0.12573411270584361,0.19236518795156038,0.06594785107723461
0.3500709437532133,0.43420949703332984,2.8718423828041333,0.07260912853699544,0.17852027598625914,0.5322549024529729,0.09976204172167562,0.5545770899179546,0.2980484655095957,0.533442718358937,0.3236270951873082,0.33021073660044226,0.18764516994865657,0.19856944571669524,0.3027898828607183,0.15851447735938637,0.35805895367642043,0.36542521869628264,0.48516691826114794,0.20363430546301128,0.2506286087181985,0.31998393600591807,0.10059648212815092,0.26227190712123416,0.12276003662901523,0.21866078144212725,0.44695174630744794,0.3067770704858348,0.24171441366695945,0.20352915090725152,0.21820343815852575,0.24932618211300875,0.2735994347344027,0.28102573979893275,0.25422078187646485,0.14657770689650831,0.36384841624383063,0.27549434669218786,0.27761189093294425,0.2080843290801387,0.10770997481742377,0.2207657623617427,0.46614462104981214,0.06640259288167684,0.28272941517400346,0.14249126458179612,0.3384979528167421,-0.002605115085614689,0.388972504062748,0.11491184525768842,0.08926120970239373,0.04332348668821023,-0.07540928019607637,-0.0036764515964949848,0.08264615382923128,-0.01592404276910676,0.07536776466636055,-0.12306183315764173,0.029781785016880342
-0.14450590787699255,0.12538090978093652,0.07260912853699544,1.7515393140287032,0.21531019913601235,0.16122424415479147,0.33846603193124636,0.15964215679777172,0.10384476511240937,0.1360019298415627,0.08863101022609715,0.2233644488425561,0.10576253891217567,0.29408343653702956,0.0919497579246534,0.23904352167624063,0.14762645092992518,0.09792348808692158,0.1466360685931257,0.10548767857225391,0.15974489873459696,0.18479544523481695,0.12654597127995326,0.16673083558106275,0.21554891946647758,0.11180509917991302,0.0698981733986187,0.07785088425731754,0.16217794209168337,0.054227689669090993,0.1797689755558713,0.23780506122992326,0.04683861023645068,0.31034890399447224,0.10433654743659125,0.14695204408977763,0.22882765546908404,0.27611300924265275,0.11431596698653261,-0.008242986662216937,0.3133025376514627,0.11872425605012116,-0.012925983783955333,0.5532811197028977,0.07587488308587449,-0.03748139351586726,0.04733599961534963,0.05659210474783749,-0.07876104769760574,-0.01311511041563764,-0.02243643341732712,-0.04508693401026089,-0.0172401903415069,-0.004305610020897166,-0.10114831233680528,-0.0730946456140106,0.0461344864307515,-0.17322660663906952,0.22845333183520436
0.11837759432896801,0.17005281944653838,0.17852027598625914,0.21531019913601235,0.8828547900431101,0.2825048823199342,0.14076727733559263,0.1861870944996388,0.09084245434093927,0.032822108419152875,0.08064428449158287,0.12172967921233503,0.08677859019350484,0.12591189236713984,0.10058539362845612,0.1526960248838694,0.08865259884983336,0.13336891785044827,0.3418767583711818,0.058618509288487185,0.1130805869629473,0.15861754332206954,0.04169467904596082,0.10280066715419175,0.009762645820326082,0.11493003334367959,0.024291500456070415,0.04242408027725036,0.1334428336980582,-0.07576456855215022,0.10259456028877395,0.15174272674182704,0.040480801159625476,0.1888879376202032,0.015157505412966073,0.04842950747705585,0.13511201474854734,0.1626222426227373,0.17394898094723796,0.0553276204166221,0.08249993177152289,0.1302643416845133,0.047847399535266684,0.16254832796444635,0.07853831330987561,0.01888043442659611,0.05483308005044802,0.033146676248621276,0.1690236387370808,0.2032063189917705,0.05056089136506684,-0.1179770174898865,-0.04347290990627696,-0.03095305369552445,0.011173268891227137,-0.12422720063643379,0.054958219753239064,-0.013606452335972486,0.08091657118802754
0.10939026867862436,0.013698487011926117,0.5322549024529729,0.16122424415479147,0.2825048823199342,0.639929815679348,0.08347574315892295,0.23155622744365076,0.1455005187952861,0.10055555569310733,0.13559662808854855,0.1443599778882671,0.09457002865720819,0.1527825443844524,0.13735907371248993,0.13075317729456085,0.1273274448277036,0.14931205712321333,0.3105065756414857,0.14122756296340697,0.11899379746108757,0.21662101737860454,0.026765018634933833,0.14054176440313962,0.10934446591447115,0.18211086502659724,0.11142423764723597,0.101502605326201,0.20694803561981762,0.06986504081774735,0.10956514814539625,0.1871563036910721,0.03367291952080545,0.2237095713883641,0.09269279337216976,0.053380032369698585,0.1689436771814714,0.17143169168870995,0.2167800758760084,0.09970286250400542,0.017470622128839722,0.09327903343946237,0.17132460101284633,0.14726132386017712,0.10568407238486406,0.02187778431546082,0.17194288404605018,-0.013984493213954683,0.2989166638001398,0.1249674235402816,-0.15989422555885713,-0.041664233571879365,-0.09513198350070373,0.03820628125384847,0.04035140186809652,-0.0990969626479798,0.0912671532711879,-0.013582711195038177,0.015125657838861216
0.19565008759075575,0.22283256376931398,0.09976204172167562,0.33846603193124636,0.14076727733559263,0.08347574315892295,0.5015948513589712,0.02066447212375987,0.1343834689876138,0.09108826519619387,0.12635221478904657,0.21620407234659977,0.0724141822736245,0.06493492833272096,0.07151831521424086,0.13565198938709305,0.10502973337027303,0.08201890876161641,0.0932859064085641,0.061596125880178876,0.12678298083309406,0.14301117695958493,0.12259059795387875,0.07491026125043604,0.15660798912185805,0.0473483453799937,0.0837290923677098,0.0553379699731093,0.11979876858385832,0.006909895406281531,0.13715437566855432,0.09974272834601587,0.08702207555082753,0.14563509537045105,0.04118496102580931,0.11597813388458715,0.15392742313480132,0.11745376000793491,0.08168319499075961,0.006249895103112484,0.09268097167877927,0.10940506289228184,0.028459701960825142,0.1759697150227963,0.07310883187767822,0.02052276893902576,-0.024114944776067092,-0.008299855888783321,-0.043919304885032165,-0.03203076546359162,0.003571781172805031,-0.048386261245212704,-0.0008260895466635242,-0.01805229427108873,0.10204606515595903,0.026257804543740104,-0.03198598955359326,0.06845800246400228,-0.21116739415195973
0.07182088983325771,0.20951869621331387,0.5545770899179546,0.15964215679777172,0.1861870944996388,0.23155622744365076,0.02066447212375987,0.6558907630773985,0.05145786491759947,0.16798887764937298,0.15134054646704453,0.06810617517198293,0.10228134594018816,0.15766277662313027,0.07752344852484869,0.09715159696168836,0.17040327625505586,0.1855209104464133,0.1879256625896668,0.14288518839377773,0.0791047219706662,0.1259844224491748,0.002965997167874855,0.10024105610259579,-0.018322370105299936,0.15029420382487482,0.19870918292618164,0.058253144159192555,0.12000925756347358,0.09240622257809236,0.0851255505778177,0.12765976175647986,0.029829029563283458,0.16505586886100743,0.061662719288128214,0.0442182104578468,0.16607675209473602,0.14081065564103282,0.18507077109659342,0.10710056857174262,0.1042327692278741,0.11053118778564931,0.24380771801436912,0.04653845010053631,0.08146922013912351,0.04849120708829288,0.18876876745387688,0.040366202912237116,0.27703316911531645,0.0914074192397308,0.006480189673814378,0.0029175204182860215,0.006209920959906326,-0.03523054702689696,-0.01095349306345346,-0.10526846811567518,0.10393622112135935,0.15576112367954792,-0.07693844933016288
0.11226142786280581,0.267781430524287,0.2980484655095957,0.10384476511240937,0.09084245434093927,0.1455005187952861,0.1343834689876138,0.05145786491759947,0.6753680078410529,0.12413705103267214,0.03395709554203058,0.08445545151037509,0.08443724559890498,0.14277489891871362,0.1274975820077371,0.09744278468329265,0.08271786241567416,0.12608520736564333,0.12273061663572032,0.09130058383487306,0.13918122438732344,0.18194170144423893,0.14356926299393263,0.13687561526702471,0.15327562324044738,0.1675126406594606,0.1535608025443244,0.13595122903073667,0.06114877918245221,0.1638716131859159,0.1390011754042361,0.14376574753189103,0.24854216580890243,0.10210374182660716,0.04716018627187718,0.07972816219268208,0.1676937989706697,0.12600805884441035,0.12149683634467422,0.05891872472397784,-0.017808398106743752,0.045770085738761804,0.20690762460296386,0.0639156368002917,0.12626271049816223,0.14130592001995798,0.1377545947464718,-0.05067904342494806,-0.039620125635272375,-0.12222783690123533,0.032783651563685484,0.013532519292701878,0.0792941304077069,-0.09648266389027642,0.03000664347451707,0.15746295158745846,0.07647030466908299,-0.1118228210860289,-0.1369311083211078
0.11374336623976222,0.19595068868148682,0.533442718358937,0.1360019298415627,0.032822108419152875,0.10055555569310733,0.09108826519619387,0.16798887764937298,0.12413705103267214,0.5591845020841926,0.03939830103508161,0.11342957082773923,0.08083233406438298,0.12366191143670163,0.16085689785791651,0.07677511816759527,0.1459097221213508,0.20372614058601277,0.0718928807116061,0.09165836321505133,0.08701019229960694,0.12682055126582678,0.13394907588733185,0.10279060414647878,0.0873358397749171,0.13034595336226365,0.1699140429047372,0.13891761818281484,0.13508403698721422,0.09596925897598804,0.1075507047413257,0.13003629947589687,0.09670183237602109,0.19556030316418554,0.14306710135254966,0.06369961748254759,0.20463302215704346,0.10839351926074706,0.0911579601882826,0.07257773572473214,0.15108454690175085,0.11566188790928228,0.14496099095791573,0.09634924853457705,0.044671637315784364,0.019645112569925537,0.14373863353461935,0.03123765665977908,0.21444206378170463,0.03794534367421102,-0.014846426351223236,0.03837870208131059,-0.02570183455193368,0.015326705282816953,0.05931358954342896,0.0974474970883958,0.0807216638089522,-0.12356417257595491,-0.06586439911083983
0.0922492525736827,0.046445276254327816,0.3236270951873082,0.08863101022609715,0.08064428449158287,0.13559662808854855,0.12635221478904657,0.15134054646704453,0.03395709554203058,0.03939830103508161,0.48398819055400993,0.16082399357719945,0.07422758144836404,0.05750516214663648,0.1613673816938747,0.12197233587871963,0.17542164272908792,0.11458906752183992,0.04852777834716904,0.18290516294202908,0.13868914822070252,0.09030155488347896,0.1429300156393645,0.09978342523487999,0.18600148589243432,0.11271616598316789,0.14814079940259317,0.13212897818363517,0.1858965362310351,0.001424249797936648,0.13932201818117582,0.08800721671739979,0.10401676550188338,0.1419493190003077,0.19069299396407952,0.06205609785260859,0.10151618263103877,0.08149497104316808,0.13699667833708618,0.11641453527940905,0.011106506251393478,0.1693784277674313,0.17332086059056256,-0.009986283619974744,0.1385182217053576,0.0535879983205014,0.0669363882176302,-0.01959132907452537,-0.0940896311875194,-0.06519356791414586,-0.033120533336668014,-0.06345354874046573,0.08483952435249259,0.07228806143751162,0.06446206816045806,-0.04185003526295517,-0.05540783522889233,0.09572243622984099,-0.0633683876029436
0.118838470491859,0.1608028968526818,0.33021073660044226,0.2233644488425561,0.12172967921233503,0.1443599778882671,0.21620407234659977,0.06810617517198293,0.08445545151037509,0.11342957082773923,0.16082399357719945,0.47374461279932384,0.0825101038359656,0.097813005213283,0.12416452857348725,0.15038790385039444,0.1300139932902578,0.05592912204512715,0.11471304851383073,0.07038081286987612,0.11134436612868669,0.10482592347744442,0.07894425856929574,0.07473239337563527,0.15788888732385864,0.07328618786847058,0.14451414979557733,0.05436551695554599,0.11036886500261389,-0.033931109959093646,0.12026364108843299,0.13118069151273606,0.08797700978435463,0.12099145862731804,0.03643430045283885,0.09583170758446903,0.08138381997632681,0.10845682188645382,0.06384063060561844,0.019919650087125013,0.0455942746530949,0.08950435899583667,0.09519884731918318,0.10568228294434205,0.0686750681115233,0.029291510134808844,0.01895968361200596,0.01754233979191461,0.1551742834134607,-0.03054522059272047,0.021299431349998062,-0.02772269205921499,-0.03488015666566784,-0.015935255519334737,-0.018372990645260868,0.06005618963670377,-0.06597893409733029,0.08964611022512135,-0.12671411349388603
0.05157283996354636,0.11194458531948191,0.18764516994865657,0.10576253891217567,0.08677859019350484,0.09457002865720819,0.0724141822736245,0.10228134594018816,0.08443724559890498,0.08083233406438298,0.07422758144836404,0.0825101038359656,0.1836805805945853,0.07129476075132479,0.048171726722500176,0.0899350347185742,0.08158121647433035,0.0916661187226686,0.07686014221578233,0.05619955455699255,0.0772789151279999,0.13467867355732205,0.06447764917552407,0.06919554159930483,0.042581353236411074,0.0879057225128719,0.07231274595565507,0.0628636643581687,0.08950280342699753,0.016276548123893297,0.06172371181891294,0.0836357563880984,0.06435822382717471,0.08516968532961604,0.06236519774082905,0.06412285196249545,0.07390450016515952,0.05367256156265576,0.11336322097565478,0.0352354034768784,0.057725589776043265,0.06994251470443068,0.0668642952260219,0.07728734614785024,0.02258920897267064,0.05006051663231098,0.0583038665014243,-0.01888649732116274,0.09303323433170878,0.05286005576674698,0.010803741581039786,-0.04860337029978167,-0.011051913849093152,-0.02584323738042289,0.0053860848665379605,-0.00913521187624494,-0.010272850790099413,-0.056823730484083554,0.06665139174770282
0.11372024184440101,0.07893120457009037,0.19856944571669524,0.29408343653702956,0.12591189236713984,0.1527825443844524,0.06493492833272096,0.15766277662313027,0.14277489891871362,0.12366191143670163,0.05750516214663648,0.097813005213283,0.07129476075132479,0.3885246127108941,0.1479991640059795,0.19859477972558565,0.11443703365699258,0.11315872430545185,0.13725081079050933,0.09972645579046317,0.10866591658715823,0.1471103885671287,0.0982857103111826,0.13227959296753877,0.1265179299533657,0.20154034133710808,0.12853129734944532,0.1172694061512561,0.0899331670273978,0.038424244571852714,0.12500972084004885,0.2391448183379138,0.07849028001304964,0.12444834077636163,0.12167810435390873,0.04862077476797959,0.06441674833589132,0.14814175329136023,0.11156966980064281,0.08207470856119219,0.156234381880262,0.08370153895272572,0.17208386730396122,0.15112423128067876,0.05926173082491173,0.017243183566501525,0.1130355792458303,0.03199501660640076,0.2543608082327198,-0.029877168205918857,-0.017812844475442832,0.021017261067270233,0.04271962542456717,0.03307599917869233,-0.07766298374701654,-0.00831071156048808,0.08822121279972808,-0.09465670399885144,0.1258198753899534
0.11522422487724186,0.23153808422805802,0.3027898828607183,0.0919497579246534,0.10058539362845612,0.13735907371248993,0.07151831521424086,0.07752344852484869,0.1274975820077371,0.16085689785791651,0.1613673816938747,0.12416452857348725,0.048171726722500176,0.1479991640059795,0.5155251163498944,0.12544764728509522,0.14315775167894798,0.19587677371305195,0.11641105806683165,0.14156190143949807,0.13727849183315582,0.06835519221357872,0.22890553532847568,0.12406294937147241,0.24886699959254852,0.22184948798864437,0.1470169272585658,0.22442865028030234,0.15679938848627228,0.107728312908537,0.1376462313141175,0.12346029325855502,0.17660843773565232,0.15102980306953284,0.18788784489565288,0.02556024252660612,0.15903172134313615,0.034702868784676724,0.16428801290436088,0.10385428152851812,0.049293358356629395,0.1060740765015742,0.18363829766297046,-0.0008007733593307885,0.10228851258732756,0.044218050200179375,0.1410629099490631,0.027658801244039712,0.1414894268504297,0.07310854465491612,-0.09675513589919296,0.12746781812486857,-0.051636027352029275,0.01588640993060189,0.06813989651713945,0.06023831003557363,-0.03968739938528486,-0.04801857226248548,0.016694588145083015
0.08897833541531258,0.15153665019564574,0.15851447735938637,0.23904352167624063,0.1526960248838694,0.13075317729456085,0.13565198938709305,0.09715159696168836,0.09744278468329265,0.07677511816759527,0.12197233587871963,0.15038790385039444,0.0899350347185742,0.19859477972558565,0.12544764728509522,0.6295306904186786,0.04894748250599948,0.13026179555744352,0.18085779843510594,0.08332748347661638,0.09767147453186287,0.11845715971484602,0.09315640798187066,0.11690339576403866,0.15989679075030966,0.11231750401998855,0.12133972251840695,0.09566970027173693,0.12087651432384089,-0.0011977492201391473,0.09322624757457854,0.1889020865340872,0.06656380939789207,0.16542135667653288,0.10156984623982199,0.03890867533758163,0.08059592723555256,0.0842450787619683,0.16596450288280643,0.04643845392245133,0.10565475448384985,0.038634757195954134,0.17521530966772306,0.1844760391658908,0.02574300328357671,0.039523720509504215,0.07422306245273617,0.01838625605850429,0.13356293891784243,-0.17187270785243117,0.015495665748157285,0.010829852051037724,0.007290454462422224,-0.05139957026366476,-0.019807304379223234,-0.007177886010494343,-0.0477618099112422,0.028825786877842423,0.08355299237082767
0.07444990484790481,-0.0233965797364288,0.35805895367642043,0.14762645092992518,0.08865259884983336,0.1273274448277036,0.10502973337027303,0.17040327625505586,0.08271786241567416,0.1459097221213508,0.17542164272908792,0.1300139932902578,0.08158121647433035,0.11443703365699258,0.14315775167894798,0.04894748250599948,0.6796568505206372,0.10811623239286704,0.14488457070906757,0.22602258914408696,0.20401125196072675,0.10837789188551794,0.1948229821341649,0.12028005119768267,0.27133597306616486,0.04555774366001652,0.18069014733104852,0.33607445953901494,0.1598826242835529,-0.08689039957567506,0.23438790754796215,0.0799493633781264,0.21688095968460908,0.11485169132476189,0.24867098652077907,0.04376008422404506,0.3559398880116126,0.2743996780111823,0.11088256194982678,0.11304005187410913,0.212638142401961,0.42519526648536804,0.19206861569513276,0.1199487390998433,0.3209417641696183,0.009403010068023378,0.0715536270213432,0.12679286267671208,0.06636201375357954,0.3357009066878783,0.047494757145873236,0.00454776685715144,-0.08746998577345043,-0.012833984720882576,-0.029383285048977036,-0.0398877018262696,-0.02353224382542495,-0.004021744546777286,0.03992015627986373
0.1163679501846802,0.3446539306304598,0.36542521869628264,0.09792348808692158,0.13336891785044827,0.14931205712321333,0.08201890876161641,0.1855209104464133,0.12608520736564333,0.20372614058601277,0.11458906752183992,0.05592912204512715,0.0916661187226686,0.11315872430545185,0.19587677371305195,0.13026179555744352,0.10811623239286704,0.7750647948357605,0.15916346732148814,0.021682757865986498,0.15593631361234075,0.21242640635365811,0.2083374232935755,0.10194953606212136,0.0850009291765101,0.3790247731290074,0.033196689131746726,0.15816221152481202,0.16375646476681055,-0.06487466803864614,0.11283697373256145,0.10751433785347678,0.1469784120866089,0.18745371670921104,0.09599624403220045,0.028052077027886046,0.20800328298882687,0.09720856388832998,0.1518405978915225,0.07158586390120705,0.113841211017271,0.11787167940163841,0.1268944344163192,0.04410791954622656,0.09611198415098801,0.12458101477168247,0.2857377813259244,-0.001672748641887109,0.20710029841024943,0.02147232013059791,0.03209801156380298,0.16797671894486252,-0.010765909716648368,-0.11673600151009618,0.027330806396630575,0.024549563141370537,-0.05814514354526434,0.14195127056029194,-0.0951233920854985
0.10935622188155499,0.24417080244896294,0.48516691826114794,0.1466360685931257,0.3418767583711818,0.3105065756414857,0.0932859064085641,0.1879256625896668,0.12273061663572032,0.0718928807116061,0.04852777834716904,0.11471304851383073,0.07686014221578233,0.13725081079050933,0.11641105806683165,0.18085779843510594,0.14488457070906757,0.15916346732148814,0.7986658368001425,-0.015243262048121216,0.16140436999726152,0.17834577349159256,-0.1313338390164756,0.1323079161524365,0.07542611832142072,0.03342678697771363,0.15675086298099172,0.17046218897110355,0.0375999795256721,0.06339730682314271,0.16430909691840376,0.14344327162608367,0.16375857087083942,0.07921013462370585,0.02681629105894399,0.08676606189965282,0.18793303108711507,0.2550099292306404,0.18246191938996567,0.049791202195658364,0.11661877992051224,0.04883936654097033,0.21780998868881227,0.15946822062990892,0.1876777972783461,0.08773186993494968,0.11103875965061887,0.05453604810297089,0.18659773952024133,0.12243279770974817,0.165400734434468,0.15570958502126292,-0.15687082597471835,-0.11675418816074498,-0.026557907033139844,-0.04930709405988079,0.028386171709291474,-0.02130251668418191,0.0644902788558341
0.0485613051861563,-0.06709272659717201,0.20363430546301128,0.10548767857225391,0.058618509288487185,0.14122756296340697,0.061596125880178876,0.14288518839377773,0.09130058383487306,0.09165836321505133,0.18290516294202908,0.07038081286987612,0.05619955455699255,0.09972645579046317,0.14156190143949807,0.08332748347661638,0.22602258914408696,0.021682757865986498,-0.015243262048121216,1.0117522521244249,0.07034347940097771,-0.10856132186971976,0.1616587664354294,0.14442956430682202,0.20686419787026503,0.186151824770697,0.006449848340899168,0.17866037503820775,0.3412412274093326,0.2063404669424007,0.0846811815824539,0.10765783631719189,0.08073495442967749,0.28054095007504964,0.25634908997951106,-0.15191896617799355,0.4932056714477061,0.1816544840864108,0.32326237255902035,0.2282994886217225,0.008170768777729678,0.24405956322099356,0.26614266474993264,-0.09590770201035413,0.23749538072104548,-0.0033709789017409685,0.10901397650281767,0.1952493203367025,0.306088208214708,0.08601303489330976,-0.09155802105748748,-0.06896393904588116,0.0325393510692652,-0.0037189728089446483,0.17139675459190418,-0.06437951821910348,0.09511896265236437,-0.1753594386053843,0.07108626108019488
0.0954504228817222,0.3227197709967675,0.2506286087181985,0.15974489873459696,0.1130805869629473,0.11899379746108757,0.12678298083309406,0.0791047219706662,0.13918122438732344,0.08701019229960694,0.13868914822070252,0.11134436612868669,0.0772789151279999,0.10866591658715823,0.13727849183315582,0.09767147453186287,0.20401125196072675,0.15593631361234075,0.16140436999726152,0.07034347940097771,0.41757180297974267,0.18956136932311413,0.12341967820255957,0.10425672233902415,0.1506063322405,0.05382383967868885,0.15461239919010614,0.18400017677647365,0.13651386013613911,0.007180092135015602,0.2699568920000359,0.1001301842547929,0.20585237010709537,0.07451522201902692,0.14704481904158537,0.15664104342046645,0.18575487991723097,0.23202555476079437,0.1667997674835812,0.09636859133086513,0.18295084695521296,0.23961650157479805,0.20885970935034576,0.195657040033187,0.2927164905624897,0.058544128794742065,0.09568713415293455,0.03286460715571852,0.09694907163177788,0.04383945048652682,0.03654237135076526,-0.006698308268965914,0.002900770242451933,-0.02400749811132266,-0.008492703738004762,0.014909029280296523,-0.157101519035716,0.05032044768207181,0.07834343308514655
0.11810722492777283,0.22474184716388163,0.31998393600591807,0.18479544523481695,0.15861754332206954,0.21662101737860454,0.14301117695958493,0.1259844224491748,0.18194170144423893,0.12682055126582678,0.09030155488347896,0.10482592347744442,0.13467867355732205,0.1471103885671287,0.06835519221357872,0.11845715971484602,0.10837789188551794,0.21242640635365811,0.17834577349159256,-0.10856132186971976,0.18956136932311413,1.3783640466231628,0.14577332994068937,0.12082003991800568,-0.24374018658222923,0.1636789118439135,0.2701395308681353,0.01578911782724003,0.04600501209579355,-0.02056624125271427,0.2138022740327637,0.22080678663785033,0.1559158566148256,0.07471698234020827,-0.038152629631769595,0.4787749395772784,0.03248590398983235,0.3151428358530487,0.26296630822571304,0.08886910615304495,0.0966565983724789,0.24362518161399058,0.1674214047206991,0.26180852691031004,0.05002449716588172,0.428692967445218,0.11882421987696665,-0.5919717292939067,0.27631345012072395,0.017281636993431656,-0.0037483417010650234,-0.3182037751031707,-0.00932287925392229,-0.025894899965854628,-0.13823779906764957,0.05528083129357407,-0.046262081287407504,0.01595977386017319,0.04021705366174655
0.09378888109807165,-0.47358756707579147,0.10059648212815092,0.12654597127995326,0.04169467904596082,0.026765018634933833,0.12259059795387875,0.002965997167874855,0.14356926299393263,0.13394907588733185,0.1429300156393645,0.07894425856929574,0.06447764917552407,0.0982857103111826,0.22890553532847568,0.09315640798187066,0.1948229821341649,0.2083374232935755,-0.1313338390164756,0.1616587664354294,0.12341967820255957,0.14577332994068937,1.560127999959627,0.15489401923488355,0.6614609564437406,0.15292260782980496,-0.0800813029157382,0.2648903633156246,0.30341735510918416,0.12071286168834836,0.21483829829274054,0.02432866825520418,0.35701523749275055,0.23222668821960854,0.2343399979324099,-0.04951456634810508,0.34544176223424167,-0.12245718607842958,0.4392401550953061,0.009736475861012587,0.1081557134795164,0.13155720548781794,-0.032609878383620824,0.16386551839313565,-0.177929973276645,0.0651118596216904,0.16333363940978132,0.08140183470547176,0.1172567249705227,0.4279613065023582,-0.14385566731259733,-0.11672892707683982,0.0025837903557643705,-0.04782842744202432,0.3049989077261083,0.018183443977754402,-0.13718857093473355,-0.1954946121389921,0.10191124086515971
0.057787384081288196,0.06260412340942795,0.26227190712123416,0.16673083558106275,0.10280066715419175,0.14054176440313962,0.07491026125043604,0.10024105610259579,0.13687561526702471,0.10279060414647878,0.09978342523487999,0.07473239337563527,0.06919554159930483,0.13227959296753877,0.12406294937147241,0.11690339576403866,0.12028005119768267,0.10194953606212136,0.1323079161524365,0.14442956430682202,0.10425672233902415,0.12082003991800568,0.15489401923488355,0.3905924314626218,0.16193174801677968,0.02197564435194583,0.06864357488999104,0.2570142969690243,0.03318791103977377,0.39508167030561436,0.05694791563256754,0.18959467033026703,0.3883493287376291,0.08509901562767903,0.20509111403896554,-0.0072773393103737335,0.2822793122802092,0.13430373047877783,0.10663971262769435,0.0723766697923588,-0.021536100205749788,-0.01985639255928404,0.12942060836345268,0.09057875055248014,0.09439353215100567,0.04078463531350541,0.22869375909862572,0.016123302240386935,0.15034402948045597,-0.007198478154223524,-0.009425745526235855,-0.00624984824716166,0.02787938277259807,-0.018461540626278947,0.10281481205719248,-0.07899012800039078,0.12185872210507843,-0.6119803162564105,0.4911682213677312
0.14639933516507328,-0.1427480471539254,0.12276003662901523,0.21554891946647758,0.009762645820326082,0.10934446591447115,0.15660798912185805,-0.018322370105299936,0.15327562324044738,0.0873358397749171,0.18600148589243432,0.15788888732385864,0.042581353236411074,0.1265179299533657,0.24886699959254852,0.15989679075030966,0.27133597306616486,0.0850009291765101,0.07542611832142072,0.20686419787026503,0.1506063322405,-0.24374018658222923,0.6614609564437406,0.16193174801677968,3.886685910275055,0.25063148805503804,0.31296726085401283,0.22079010701244275,0.6775991244537163,-0.057766673439152184,0.49964715864459935,0.12313722687175234,0.20597538019246847,0.39544464840690574,0.3003893286195287,0.20941632381539124,0.07783379720908971,0.15410178609684347,0.2897125769975212,0.011638117245785244,0.1505067182101955,0.18304036417411976,0.3320520627578083,0.24207029854458717,0.07730902991008151,0.0859737540372672,-0.04297507067421096,-0.0012731584839761555,-1.0172855770217786,-0.27637309633960205,-0.12407754492761075,-0.12479356741913653,0.06045030078100199,-0.0116665705512864,0.2806616286360996,-0.056944654432587775,-0.028632976726588107,-0.08851264233924917,-0.02517776016894813
0.10648481386281097,0.03000110293700739,0.21866078144212725,0.11180509917991302,0.11493003334367959,0.18211086502659724,0.0473483453799937,0.15029420382487482,0.1675126406594606,0.13034595336226365,0.11271616598316789,0.07328618786847058,0.0879057225128719,0.20154034133710808,0.22184948798864437,0.11231750401998855,0.04555774366001652,0.3790247731290074,0.03342678697771363,0.186151824770697,0.05382383967868885,0.1636789118439135,0.15292260782980496,0.02197564435194583,0.25063148805503804,1.6219561645022693,0.018269274468817032,0.16978205366325452,0.11448690914152411,-0.4489150532519024,0.12500505662212866,0.24451008457574547,0.07689070714254159,0.1716921478611592,0.08565517877062712,-0.031053057501538275,-0.1880651440838381,-0.03352913892271025,0.27179376367413316,0.2040907014894812,0.0373631509394402,0.2376545517282521,0.15770291908456321,-0.14251887362109114,0.12146315726140186,0.02008452695071077,-0.012207591226514516,0.002370029504839752,0.43455625016992394,0.39217112427755385,-0.2104170805572556,-0.005473522876003589,-0.23169479699822187,-0.07196860853280383,0.028668513827751145,0.06505649226514529,-0.006955060787007857,0.1373326662890061,-0.10951029536334146
0.136624274497102,0.4497913141549853,0.44695174630744794,0.0698981733986187,0.024291500456070415,0.11142423764723597,0.0837290923677098,0.19870918292618164,0.1535608025443244,0.1699140429047372,0.14814079940259317,0.14451414979557733,0.07231274595565507,0.12853129734944532,0.1470169272585658,0.12133972251840695,0.18069014733104852,0.033196689131746726,0.15675086298099172,0.006449848340899168,0.15461239919010614,0.2701395308681353,-0.0800813029157382,0.06864357488999104,0.31296726085401283,0.018269274468817032,1.7768667374595255,0.23714179291585463,-0.06075099054840916,-0.25155404108621765,0.41688411892373295,0.1748554687173198,0.15103238656616624,0.09522231794310929,0.19889928404239313,0.46050160790877875,0.042906682585048234,0.29923991603386807,0.12342856788645394,0.26927746793407414,0.3307669654257947,0.4144008868587785,1.3812875838841217,-0.21964419600533028,0.1991282742167885,0.20719999521656987,-0.04791958115936457,-0.04782154278379386,0.12751235252147095,-0.13290849251266282,0.00763741136977665,0.09498470071460038,0.011088339120494622,0.020042818322766807,0.11855679175781313,0.016564848117508826,0.14036563419558482,0.3269853662519343,-0.27979915034287917
0.09334164163598466,0.05353876802130279,0.3067770704858348,0.07785088425731754,0.04242408027725036,0.101502605326201,0.0553379699731093,0.058253144159192555,0.13595122903073667,0.13891761818281484,0.13212897818363517,0.05436551695554599,0.0628636643581687,0.1172694061512561,0.22442865028030234,0.09566970027173693,0.33607445953901494,0.15816221152481202,0.17046218897110355,0.17866037503820775,0.18400017677647365,0.01578911782724003,0.2648903633156246,0.2570142969690243,0.22079010701244275,0.16978205366325452,0.23714179291585463,1.3345225556432496,-0.1358722263799284,0.15817172419506417,0.27621294326744394,0.07356238958438416,0.6962322102799553,-0.07681640858243079,0.8869578930842921,-0.25511812684768953,0.4561830974449233,0.10276020010410644,0.16420776225509978,0.18221530724634194,0.053324763569426864,0.10134856998121784,0.3773135411845229,0.05850761578036212,0.3195080458591815,-0.12187771187601246,0.1733010815868016,0.19208893310268682,0.31240838679641836,0.1984240865874242,-0.08911812434506315,0.4022426163184662,-0.2927356810240923,0.03345498387100708,0.26886552924642787,0.021626337970039936,-0.03265915345588096,-0.410482037592435,0.3366555273050417
0.034724250462637475,0.11348392980815397,0.24171441366695945,0.16217794209168337,0.1334428336980582,0.20694803561981762,0.11979876858385832,0.12000925756347358,0.06114877918245221,0.13508403698721422,0.1858965362310351,0.11036886500261389,0.08950280342699753,0.0899331670273978,0.15679938848627228,0.12087651432384089,0.1598826242835529,0.16375646476681055,0.0375999795256721,0.3412412274093326,0.13651386013613911,0.04600501209579355,0.30341735510918416,0.03318791103977377,0.6775991244537163,0.11448690914152411,-0.06075099054840916,-0.1358722263799284,1.8044063773012946,-0.1596872458858793,-0.14447916188918686,0.15038609307407408,-0.29864059698255546,0.7228863145866528,0.06623593635532904,0.27540210895044737,0.17569887716210095,-0.06929093913960555,0.22597956363181507,0.10222121412219638,0.23321657018008546,0.31100179819983187,-0.18127937609168315,-0.011771805354287129,-0.18483076375789734,-0.03888472317103826,-0.01705899952162421,-0.03303523374461199,0.13004479659362003,0.2502020260042215,-0.2648736828886929,-0.22966929381498027,-0.05370872447749148,0.08514471412236703,0.1094047902010901,-0.060738117705844766,-0.007376150294939987,0.08854602336714354,-0.10612261734255278
0.023515146318868214,0.07892099263208675,0.20352915090725152,0.054227689669090993,-0.07576456855215022,0.06986504081774735,0.006909895406281531,0.09240622257809236,0.1638716131859159,0.09596925897598804,0.001424249797936648,-0.033931109959093646,0.016276548123893297,0.038424244571852714,0.107728312908537,-0.0011977492201391473,-0.08689039957567506,-0.06487466803864614,0.06339730682314271,0.2063404669424007,0.007180092135015602,-0.02056624125271427,0.12071286168834836,0.39508167030561436,-0.057766673439152184,-0.4489150532519024,-0.25155404108621765,0.15817172419506417,-0.1596872458858793,3.0209260149497883,-0.06867426664544439,-0.10165412022247688,0.28437443560495757,-0.01913148862419331,0.3415702049274239,-0.044880938007154085,0.9756738534358717,0.08269114401798781,0.10216563145132614,0.0763645363048155,-0.11054920305870711,-0.7268195293971281,0.18903574737301596,0.18145934827249857,0.23429977197057048,0.05908351869664997,1.1323837753825898,-0.023351245359856786,0.2806566361884474,-0.2756849540775247,-0.10414986711213582,-0.16167062435208246,0.2345489399188642,0.08632449012446787,0.2246095179287163,-0.028724043382147964,-0.09299345914599094,-0.5043600868998597,0.39851980853321256
0.11719925630407121,0.13581179593033738,0.21820343815852575,0.1797689755558713,0.10259456028877395,0.10956514814539625,0.13715437566855432,0.0851255505778177,0.1390011754042361,0.1075507047413257,0.13932201818117582,0.12026364108843299,0.06172371181891294,0.12500972084004885,0.1376462313141175,0.09322624757457854,0.23438790754796215,0.11283697373256145,0.16430909691840376,0.0846811815824539,0.2699568920000359,0.2138022740327637,0.21483829829274054,0.05694791563256754,0.49964715864459935,0.12500505662212866,0.41688411892373295,0.27621294326744394,-0.14447916188918686,-0.06867426664544439,1.3639541352272746,0.1262694388766362,0.1712526514582388,0.15203261357099093,0.2705647237119869,0.5452184265416542,0.3106046833216889,0.31791567696596545,0.18995432592526143,0.027989730953738166,0.42426172558321723,0.2025534502028795,0.07806159058887438,0.34426613534672745,0.09203149229853234,0.05676778710447346,0.004194388677327391,-0.028002274785622998,-0.18193646185316617,0.07836293638404337,-0.008262199115907476,0.12552444303878715,-0.07729943588439143,-0.009125529251756912,0.13381958422010587,-0.01492680791347389,0.011341999420137966,0.1010786823471154,-0.18904365604519371
0.0910700190018655,0.10672651543678897,0.24932618211300875,0.23780506122992326,0.15174272674182704,0.1871563036910721,0.09974272834601587,0.12765976175647986,0.14376574753189103,0.13003629947589687,0.08800721671739979,0.13118069151273606,0.0836357563880984,0.2391448183379138,0.12346029325855502,0.1889020865340872,0.0799493633781264,0.10751433785347678,0.14344327162608367,0.10765783631719189,0.1001301842547929,0.22080678663785033,0.02432866825520418,0.18959467033026703,0.12313722687175234,0.24451008457574547,0.1748554687173198,0.07356238958438416,0.15038609307407408,-0.10165412022247688,0.1262694388766362,0.586002015291295,-0.01367527640541266,0.20617779489030436,0.060031856430106306,0.103650153960337,-0.09526204806756922,0.1797444655048268,0.15372770722957524,0.08300384461897556,0.13136938007263718,0.060805946378295776,0.1769701828655144,0.12976395272264285,0.02814447423298904,0.03001314850590222,0.028519915773493942,-0.043177478180440716,0.19843721965049538,0.03966003950784018,0.017707251785896144,0.011846482625212117,-0.10893342911789708,0.03554631204333875,-0.07271279113299602,0.010363949368850513,0.35191293814959085,-0.3660820344627499,0.06293144035978726
0.1143556069535224,0.1165600302096362,0.2735994347344027,0.04683861023645068,0.040480801159625476,0.03367291952080545,0.08702207555082753,0.029829029563283458,0.24854216580890243,0.09670183237602109,0.10401676550188338,0.08797700978435463,0.06435822382717471,0.07849028001304964,0.17660843773565232,0.06656380939789207,0.21688095968460908,0.1469784120866089,0.16375857087083942,0.08073495442967749,0.20585237010709537,0.1559158566148256,0.35701523749275055,0.3883493287376291,0.20597538019246847,0.07689070714254159,0.15103238656616624,0.6962322102799553,-0.29864059698255546,0.28437443560495757,0.1712526514582388,-0.01367527640541266,1.6241403018442113,-0.3645516782618286,-0.03521970407439159,-0.28788627605768785,0.368227632723008,0.12614659070353432,-0.006910582364071614,0.01927268921405307,-0.5439135467030065,-0.09467662370015968,0.29658075318270366,-0.09719891172070208,0.22320854668649537,0.10429450899679935,0.2513480536389997,0.04403446406084761,0.08960328923063077,0.023025153191102134,0.05198578674401832,0.11697289812039458,0.07932823769540925,-0.20037463958857452,0.18127536941132344,0.14553024113176458,-0.17974814288508906,-0.5106745336604476,0.4601096954965674
