1.4152780297899374,0.9282563529747969,0.14484324823974198,0.10429481180760128,0.26796992161588673,0.0983166699337335,0.33972085281646575,0.18682393154113688,0.15636010258942892,0.21029650142607034,0.20282765391058624,0.2348676713611721,0.2285801843104303,0.22328256220611784,0.19729115424639604,0.2312685763921676,0.1841899112666645,0.2811378909635193,0.1382617614670727,0.10889811992984148,0.2089184606095058,0.1969282646207172,-0.04600143894588467,0.151165095082784,0.11150548007475258,0.10028057240367852,0.2592148709877974,0.18088981955341268,0.13882974597176778,0.12321734676102317,0.1567814406863535,0.1965458969558161,0.23353957012746135,-0.15978488971769936,0.14285928279541762,0.11778759236126628,0.11829275118861007,0.17690314340842292,0.23947929917826716,0.12202147720505077,0.173719327464789,0.17357344007371525,0.07410791462655905,0.015129868590636107,0.19380613002125135,0.275916839447372,0.21089368200498254,0.06597472925734987,0.3516481972299781
0.9282563529747969,6.185361544532566,0.8163460368389802,0.4212984846422813,0.2644465119515664,0.029453454185076913,0.6887413206130572,0.3646531186547503,0.5194932572822784,0.49298694275519855,0.5110473259960693,0.440256062048972,0.5479760396586087,0.39196360663789304,0.6541141213800734,0.4455173493995088,0.5073290760920435,0.9195766665932558,0.11766095470039081,0.5473028373874821,0.3644736371184958,0.46196530325996654,-1.6110702175144038,0.21621533146018157,0.27776838964659367,0.10320510523510013,1.0551266220116444,0.5930872398818472,0.12763630403316478,0.14729520236027327,0.47449966495141754,0.37119465221571646,0.3385821778465756,-0.01906026231410318,0.7522222433141732,0.2081106121591202,0.7318804921545654,0.7526449653351918,0.6482465840317074,0.23135747957674008,0.6111134083569005,0.4359140701309716,0.26699311615455606,0.03284100119835706,0.7174320990668227,0.9985533142599373,0.49756954634770445,0.2811590380096406,0.48620432249410656
0.14484324823974198,0.8163460368389802,2.2068646515063364,0.5629754009837746,-0.05861772936943842,0.42369098055428184,0.25434188142637437,0.6392027224192112,0.5938049985547066,0.5441377144687398,0.4747566435350332,0.31480729653715367,0.41803998327291647,0.42148354461030735,0.4745564464105942,0.31800401107801496,0.42464906637250427,0.6278139541344755,0.21988218588284522,0.6282031147426562,0.28848191980547333,0.44945466412783935,0.3960020854315973,0.2644427407597165,0.25674929140308517,0.3277442186727812,0.2900539608566381,0.3801646732516209,0.5132028784156091,-0.4066847303504418,0.2900760776766911,0.4569232247415965,0.180754235511028,0.381569157193293,0.6028138026104684,0.2436527070879005,0.40781419801429786,0.35410679037605464,0.33468095633921285,-0.4443954635941165,0.4265698922888406,0.39491014924845064,0.0666924306818845,0.09712363628618245,0.07701515083071997,1.4428523574674994,0.2812815020489228,0.12249553686646836,0.05800976265663831
0.10429481180760128,0.4212984846422813,0.5629754009837746,2.515650979407593,0.2639492882501537,0.3731504992340948,0.4880722309962794,0.27298784997920716,0.30077342063216156,0.5265685150456515,0.3180513261675052,0.41488683759125283,0.33119882205141976,0.4467074607427243,0.34803937877287466,0.3755512998755804,0.3364606961089361,0.5402117122092059,0.1961117915969638,0.5269058541822851,0.2708142589319981,0.3331798504417403,0.47810735406928084,0.2856324661216984,0.3034011001956184,0.3128562592876336,0.2494925357017008,0.1843500433203234,0.4979021974179343,0.09960149252300368,0.2817224907029877,0.44763182247107725,0.07258533382655488,0.5562321339454926,0.2582826390785111,0.31188098104888873,0.2770816263397488,0.21855704803673687,0.22475335265809127,0.02149845382482663,0.4011024028544359,0.40334117297976857,0.20264533766500586,0.06665734901781308,0.0416707093581377,0.6027148992620546,0.3780527006442612,0.04601956390980247,0.03661365613838251
0.26796992161588673,0.2644465119515664,-0.05861772936943842,0.2639492882501537,0.9799520444054031,0.25938159900978064,0.22597109777295302,0.18561496500402364,0.17512792856983037,0.2065493865239754,0.19194931599307447,0.21910897046726072,0.25248437968790916,0.22652536597587863,0.20471267391684275,0.2514494640604886,0.1735529456607529,0.1719809648741748,0.37337337622509226,0.24531806707300874,0.18262390881767906,0.21772949328380878,0.26278533985133545,0.17563617668192089,0.23472049034689854,0.21250330823975797,0.27797869878491244,0.07493252933697574,0.3207962357755769,0.260688921981504,0.22154730508881576,0.20648177435891615,0.08795308970214451,0.396417527864815,0.01110520693108167,0.15976925801984035,0.3767702605923215,0.2096920031866958,0.17535311197812894,0.1363780992968991,0.2563892595324775,0.22006736368281066,0.20073802932684442,0.05379125902133112,0.13203241176101663,0.1453171593419081,0.24266282395803151,0.08587536205052172,0.3536028244965207
0.0983166699337335,0.029453454185076913,0.42369098055428184,0.3731504992340948,0.25938159900978064,0.7375297604468104,0.1222561032639117,0.3252362263580067,0.2924721555409115,0.2811512078268045,0.25879359928515827,0.19572762526080809,0.24994914977514832,0.3502487565218979,0.26652993748656356,0.2769377258609563,0.27915439426020494,0.22687429059252537,0.35610554551830753,0.47602521027385214,0.2729919894984292,0.2972829506691687,0.2665550315907164,0.22133268930586908,0.23442217290136674,0.31034453638908754,0.24716093252861387,0.10839426887705167,0.4704405334990311,0.1494212803802416,0.22904125482518958,0.3681514370075923,0.03432692070097515,0.34601205908225097,0.06493319334334237,0.18610316288999745,0.3094031123305015,0.3243937226910776,0.21858250644623503,0.08714469526823816,0.2944892734088933,0.3233769607329149,0.25603929929205943,0.07106185108008524,0.25093846935994557,0.4470197408007896,0.2964744916211429,0.09470544739839121,0.4209372899552341
0.33972085281646575,0.6887413206130572,0.25434188142637437,0.4880722309962794,0.22597109777295302,0.1222561032639117,0.6524409240630301,0.13299417807332017,0.25425576129928396,0.2995165924172649,0.29115811019627674,0.36807873027792787,0.32371364222833765,0.22510691840873986,0.22028786853716573,0.2697850218578796,0.2468440454757356,0.40783052943680187,0.10493744298619644,0.2856795195262521,0.25859587335683193,0.26519286433416506,0.3456967461744863,0.20367328031114745,0.2256236990304695,0.18895852173800093,0.269104363749112,0.15349986172443658,0.3233479020892224,0.13393857882198693,0.21672189492252844,0.23720859244371315,0.17836491274476218,0.309042865808437,0.11205408691495192,0.19578074237642945,0.2285028389631268,0.12514326983950433,0.2388643456233412,0.05489288888849373,0.29198335144825366,0.28536750248329973,0.08357765904986049,0.037866958914425417,0.011730533976114245,0.37270654749127674,0.27586926497819203,0.07343714792539507,0.3555512304592512
0.18682393154113688,0.3646531186547503,0.6392027224192112,0.27298784997920716,0.18561496500402364,0.3252362263580067,0.13299417807332017,0.9734405611207857,0.2668554590310741,0.36164433389466805,0.3683614084740443,0.29335637353015115,0.33633862009011334,0.41092682711617295,0.3007315147436977,0.3322876635138936,0.33402515750591966,0.49253662938658904,0.21090498882356923,0.48863530731592214,0.20459277733124798,0.29481052039095373,0.35680115936695217,0.20672783174637757,0.15477327647380607,0.346228390376696,0.2158018730432119,0.15232149080217763,0.40710094121006035,-0.0883060418486419,0.2070949114018164,0.4008407664355182,0.06651823723809808,0.31802179174340406,0.29962208056882256,0.1654438292669297,0.14596948988396743,0.15214456537793594,0.3877935071626867,0.050548951180525194,0.3229719799885002,0.3664025362944215,0.11646897107153029,0.040114613959615325,0.05051717028102973,0.5835047241975624,0.32205316112719745,0.11928168016129659,0.5103432991725969
0.15636010258942892,0.5194932572822784,0.5938049985547066,0.30077342063216156,0.17512792856983037,0.2924721555409115,0.25425576129928396,0.2668554590310741,0.5976841800042704,0.2593835411911745,0.2187464275179087,0.1965604729782863,0.2857068990479336,0.3172784988980673,0.25574165447338115,0.209742358086574,0.23361220380763506,0.3592072578872097,0.14682182036359065,0.2765403913113409,0.23588751173788808,0.39007282202114,0.3172021395435729,0.21417673778232701,0.17260974297787618,0.24569215274521206,0.2522347365931424,0.21168840562232505,0.2863260657874632,0.039429036490158435,0.21109092025059387,0.3191672984155258,0.19500184209655347,0.16848063182849315,0.2123496553690318,0.19556084347533673,0.20971294573119054,0.21476097190609297,0.24585874184480197,-0.03461258985040854,0.24003731005583986,0.23713539795701233,0.09307769026456378,0.05240251483338016,0.10182121807835072,0.5638360615992579,0.2620079604827855,0.023754080994141242,0.31631045947592
0.21029650142607034,0.49298694275519855,0.5441377144687398,0.5265685150456515,0.2065493865239754,0.2811512078268045,0.2995165924172649,0.36164433389466805,0.2593835411911745,0.602718438250557,0.28406011472571313,0.23887904688515518,0.32428590310500205,0.2677027794844935,0.30953818239471725,0.28233058342371103,0.3293812031503715,0.42927350967214123,0.17287870156747395,0.41750826064010604,0.20354649081267487,0.2718348866442108,0.37211808447646205,0.22145362842814229,0.2880503791152596,0.22421369629875515,0.32185729742736163,0.22465056702010544,0.4507648755455243,0.13674816468316342,0.25431670960668284,0.2700119681376673,0.10278466064199797,0.435124946350411,0.3258991679444122,0.20156117396484546,0.36849862408286366,0.18203568658871733,0.27906680817949586,0.008444965963356659,0.38204913777181654,0.3197949400413656,0.14204292293862916,0.05501645265469479,0.021086564086463762,0.6660708807235434,0.3598957705917973,0.13204989486736493,0.3045730717033658
0.20282765391058624,0.5110473259960693,0.4747566435350332,0.3180513261675052,0.19194931599307447,0.25879359928515827,0.29115811019627674,0.3683614084740443,0.2187464275179087,0.28406011472571313,0.5791898994817922,0.33070899636378503,0.36944330586485724,0.30604187829325846,0.34126366288236115,0.2980911472309309,0.3169353854806933,0.3858985224697319,0.14597306902919052,0.4575706309638019,0.23838522382699603,0.25401996877386784,0.3206107677541041,0.22055026793434696,0.2382688552452776,0.25364508308712874,0.27081293504898674,0.24619305634389635,0.40403345446243205,0.029894961942494885,0.22989564240051769,0.31158004347802254,0.12525265615609218,0.33678751562086884,0.3830781962069062,0.1660552337747312,0.23078637414144884,0.1677370611557986,0.3172047962129158,0.060356460548335066,0.3491319416229127,0.32558118270681874,0.13095889326871965,0.05014884150718596,0.022524403788424168,0.565819391783188,0.28235938904005153,0.1357544596399068,0.29955134431031905
0.2348676713611721,0.440256062048972,0.31480729653715367,0.41488683759125283,0.21910897046726072,0.19572762526080809,0.36807873027792787,0.29335637353015115,0.1965604729782863,0.23887904688515518,0.33070899636378503,0.6451438516244546,0.33656663624616445,0.3018453385581759,0.18590715401897098,0.296848300061769,0.23422638640375498,0.42504537658512204,0.1475074000352954,0.3162634804363458,0.16804528679024952,0.24471410640581157,0.3191208993781364,0.17810751776076061,0.1067119605804482,0.2583100268503617,0.17404301182750959,0.058591898811507656,0.26053580787688,-0.05980968802290529,0.16531990727843918,0.32012763463321786,0.12753687066855682,0.2586591047834467,0.024545126007687625,0.1664813944683995,-0.022978529170297038,0.08775380860474352,0.22932383901515438,0.08271467598652728,0.1945093735866,0.3025916339904387,0.05657864546648316,0.03135268585317482,-0.07640033137376218,0.3120016174769572,0.22227205099070516,0.05807285730812275,0.5050922999539069
0.2285801843104303,0.5479760396586087,0.41803998327291647,0.33119882205141976,0.25248437968790916,0.24994914977514832,0.32371364222833765,0.33633862009011334,0.2857068990479336,0.32428590310500205,0.36944330586485724,0.33656663624616445,0.6966216054780421,0.28383474828496913,0.20111870008432003,0.2683486915940197,0.2859021568647868,0.4410688320335238,0.1703250453450671,0.396051281240762,0.256084355362017,0.27668293421841417,0.4153786634877058,0.24001615357209827,0.23678742651340012,0.23094234939914668,0.2680255334925032,0.24488070575119114,0.47520215912947583,0.05171632210494206,0.20720977078033487,0.29957175125713176,0.1634723849112843,0.34153446603300197,0.3917884041087208,0.16909492378969826,0.18281868609925947,0.0623666036404944,0.33636309631145633,0.03866736141182383,0.3350721396399452,0.3007777480067893,0.0826892941760605,0.057150946004224414,-0.11268099815694695,0.5562409074077169,0.30565429521945037,0.11923510889531498,0.4480624493379171
0.22328256220611784,0.39196360663789304,0.42148354461030735,0.4467074607427243,0.22652536597587863,0.3502487565218979,0.22510691840873986,0.41092682711617295,0.3172784988980673,0.2677027794844935,0.30604187829325846,0.3018453385581759,0.28383474828496913,0.6352103792798866,0.32342255410605936,0.39567711988377086,0.3094784866786767,0.3637385987723276,0.22507447932877897,0.4413372970874275,0.18622723030309535,0.35208011650456067,0.25641120538032,0.28198583998707605,0.16991643505339216,0.3210071679139519,0.2090728252165085,0.20430273735765367,0.3602299934739354,0.019187773268422133,0.2054967633687373,0.5681885940944824,0.09348524993500829,0.2857527819556371,0.305544926924588,0.22464022570689277,0.07475099964435727,0.2140143707285461,0.23409454714369643,0.09604376232507844,0.3059848449627339,0.3538643378878833,0.1903292310300214,0.05319691014693676,0.05538535121576887,0.4416111754139653,0.2788969657848526,0.06590448998908664,0.548241376675402
0.19729115424639604,0.6541141213800734,0.4745564464105942,0.34803937877287466,0.20471267391684275,0.26652993748656356,0.22028786853716573,0.3007315147436977,0.25574165447338115,0.30953818239471725,0.34126366288236115,0.18590715401897098,0.20111870008432003,0.32342255410605936,0.6115081592346406,0.3044500845232428,0.3282359653107556,0.3139651487070241,0.18914378516809718,0.3992757734072489,0.2102749238246592,0.2766340157697572,0.23349051292057194,0.2355484805399795,0.2757553472950633,0.22078448544392312,0.3232162955560398,0.2970587407348167,0.3699724108493507,0.1367103613822635,0.24756827852300464,0.3050545392034535,0.163109708867874,0.3017445437871795,0.38264734032274195,0.17513930591878232,0.3809028035401661,0.22568643296639115,0.2630300595550315,0.040407948630569124,0.36562345644438743,0.3044429922281946,0.1933075168626246,0.04968199597473933,0.13412374877241637,0.5902002837508514,0.30177001814268345,0.14496369769680528,0.29774775253499736
0.2312685763921676,0.4455173493995088,0.31800401107801496,0.3755512998755804,0.2514494640604886,0.2769377258609563,0.2697850218578796,0.3322876635138936,0.209742358086574,0.28233058342371103,0.2980911472309309,0.296848300061769,0.2683486915940197,0.39567711988377086,0.3044500845232428,0.815209952520385,0.3419608374733075,0.32065488150070615,0.24233655857019354,0.3293080681363267,0.17289791300904722,0.4880649986207157,0.22259745257161853,0.251386901204295,0.15643556439392758,0.23489157071548727,0.26222850287653937,0.23728258013481737,0.40847634997611165,0.10218401754677768,0.22899754021082097,0.40090523807017736,0.09686885259825259,0.274216729078651,0.3912283251762743,0.2771417546902578,0.10741350949437578,0.16429481242219546,0.30391173810001426,0.17810586344384505,0.3209340765888941,0.39651701168611275,0.27612099665327927,0.07734751472862345,0.08204959814207935,0.35984512891163084,0.275951101918615,-0.011424400630281394,0.45347565043901616
0.1841899112666645,0.5073290760920435,0.42464906637250427,0.3364606961089361,0.1735529456607529,0.27915439426020494,0.2468440454757356,0.33402515750591966,0.23361220380763506,0.3293812031503715,0.3169353854806933,0.23422638640375498,0.2859021568647868,0.3094784866786767,0.3282359653107556,0.3419608374733075,0.7270046285302583,0.26306008364364025,0.19337202862998532,0.504823454160071,0.18371219044070236,0.2949178112257352,0.1971099541681296,0.2857574921437419,0.3378412656910149,0.23844668947867165,0.4096095648145375,0.48212349455112996,0.3385238352818839,0.18176008286927972,0.2959345970781615,0.3049677027551339,0.28124004606062697,0.2956721281857729,0.5561817174952434,0.17845824163466728,0.41928956476034973,0.2962443400939579,0.31476411855090436,0.13417755766803524,0.4333517993213952,0.49634432632458464,0.2944086149676765,0.06418309594766519,0.16970713700600903,0.6743869375548132,0.35140916953244816,0.23643564171460962,0.3913273596820008
0.2811378909635193,0.9195766665932558,0.6278139541344755,0.5402117122092059,0.1719809648741748,0.22687429059252537,0.40783052943680187,0.49253662938658904,0.3592072578872097,0.42927350967214123,0.3858985224697319,0.42504537658512204,0.4410688320335238,0.3637385987723276,0.3139651487070241,0.32065488150070615,0.26306008364364025,1.5010565538053116,0.11479498882399278,0.3278941810428621,0.31040344258840324,0.3278131009241402,0.6422529930561759,0.26997504115402987,0.08281903629503122,0.44046388036749806,-0.33507092579152414,0.1987412046338809,0.43463385685145306,-0.4005154545061513,0.07048492481111299,0.4080603983853772,0.13401956288682057,0.41368060494888476,0.38107471326438597,0.1375745998130625,-0.12393851631849316,-0.12127328807778263,0.19250464129642605,-0.04323328753838864,0.19907848083112897,0.37400502649564127,0.18100087311077512,0.06474078204164385,-0.2410170281021602,0.35999924856376,0.5101854081837766,0.006862450430978886,0.3317678125789896
0.1382617614670727,0.11766095470039081,0.21988218588284522,0.1961117915969638,0.37337337622509226,0.35610554551830753,0.10493744298619644,0.21090498882356923,0.14682182036359065,0.17287870156747395,0.14597306902919052,0.1475074000352954,0.1703250453450671,0.22507447932877897,0.18914378516809718,0.24233655857019354,0.19337202862998532,0.11479498882399278,0.7214580818097026,0.19020124513353598,0.18748664655594055,0.21352864450971518,0.11524774150603312,0.14167505946959325,0.13740408964961287,0.175428608757656,0.1750401022842154,0.09472220528271713,0.27025494848323833,0.10515970404407668,0.15106538480846227,0.20376666871521923,0.082224220010997,0.19557808127086412,0.02875493307092076,0.14323513577888417,0.22226653523406453,0.22241862439821272,0.12135400716464695,0.06413325590447394,0.1782413664536071,0.2037272159020051,0.19538961514935527,0.052929631011740065,0.19932391268339117,0.17889968564120973,0.14486680427253407,0.03629405752432377,0.17905138205295204
0.10889811992984148,0.5473028373874821,0.6282031147426562,0.5269058541822851,0.24531806707300874,0.47602521027385214,0.2856795195262521,0.48863530731592214,0.2765403913113409,0.41750826064010604,0.4575706309638019,0.3162634804363458,0.396051281240762,0.4413372970874275,0.3992757734072489,0.3293080681363267,0.504823454160071,0.3278941810428621,0.19020124513353598,2.024646496241448,-0.16636682593703994,0.26244165737372144,0.36442801763568466,0.29919107842423814,0.2708962915865699,0.38693805531770087,0.5112268881042801,0.12236374053176365,0.8721256086993999,0.5889017055388454,0.646881432357474,0.48923897759393353,-0.10817939495782096,0.9089779529474182,0.2832081233428332,0.4321208226053755,0.9479922620913668,0.633187141149827,0.5200252266152394,0.22541320231951054,0.9640551888850314,0.7014916908511583,0.2071875516587555,-0.01002281718825518,-0.026525064404456407,1.4739304705863312,0.5503167090567181,0.4267312594127081,0.8882499173788686
0.2089184606095058,0.3644736371184958,0.28848191980547333,0.2708142589319981,0.18262390881767906,0.2729919894984292,0.25859587335683193,0.20459277733124798,0.23588751173788808,0.20354649081267487,0.23838522382699603,0.16804528679024952,0.256084355362017,0.18622723030309535,0.2102749238246592,0.17289791300904722,0.18371219044070236,0.31040344258840324,0.18748664655594055,-0.16636682593703994,1.012609885269345,0.190098367545158,0.33647293565022607,0.14417459202414476,0.27758021353772633,0.2526868296217332,0.23704775766193456,0.41374322061866764,0.16338467651008295,-0.052494058565281436,0.11574315618196547,0.15037308421697546,0.14687287838042998,0.025503752583570093,0.7114998936071025,0.08972353186598427,0.10793784410895738,0.23464302764896036,0.10448501761076333,0.10211372212068358,0.3412407757723458,0.13594941748087225,0.32820935995033645,0.08792042085945462,0.658103964799356,-0.053345360284856515,0.2077012573696512,0.11756710033795639,0.2220134219726913
0.1969282646207172,0.46196530325996654,0.44945466412783935,0.3331798504417403,0.21772949328380878,0.2972829506691687,0.26519286433416506,0.29481052039095373,0.39007282202114,0.2718348866442108,0.25401996877386784,0.24471410640581157,0.27668293421841417,0.35208011650456067,0.2766340157697572,0.4880649986207157,0.2949178112257352,0.3278131009241402,0.21352864450971518,0.26244165737372144,0.190098367545158,0.5952321385755527,0.2790501431621665,0.22914734315249166,0.13473498023779107,0.23512840072769625,0.27108560276217236,0.21312261206827435,0.3386074073080547,0.08157362786821439,0.232239324065133,0.3649086191839874,0.1466653042838637,0.21902635147705726,0.27016201981465643,0.28811798688964635,0.10847750507727001,0.21257180778664314,0.28630513503180727,0.07394475427254944,0.2574045486424103,0.309780722511901,0.18291055365902756,0.07836466891073718,0.08045674892588317,0.46314066061086084,0.26608681118348315,-0.0806707942965835,0.39451819782679376
-0.04600143894588467,-1.6110702175144038,0.3960020854315973,0.47810735406928084,0.26278533985133545,0.2665550315907164,0.3456967461744863,0.35680115936695217,0.3172021395435729,0.37211808447646205,0.3206107677541041,0.3191208993781364,0.4153786634877058,0.25641120538032,0.23349051292057194,0.22259745257161853,0.1971099541681296,0.6422529930561759,0.11524774150603312,0.36442801763568466,0.33647293565022607,0.2790501431621665,3.4461038572761162,0.326747983868168,0.46960745851345453,0.24750605852778929,0.2058106930978462,0.15446382054227145,0.946856126154266,0.14732769227708833,0.2356345091109393,0.23122196765784195,0.1908050198768298,0.8407726388097695,0.28906319863693297,0.3486659596286745,-0.022141967366416205,-0.48533317237147555,0.1391863189456947,-0.1536193552408184,0.44984907074668734,0.2478249015231485,-0.1918942330168156,-0.0028462307688292008,-1.0292954044442177,0.9573135837362038,0.5158419111382914,0.057892709273664314,0.4745217087378917
0.151165095082784,0.21621533146018157,0.2644427407597165,0.2856324661216984,0.17563617668192089,0.22133268930586908,0.20367328031114745,0.20672783174637757,0.21417673778232701,0.22145362842814229,0.22055026793434696,0.17810751776076061,0.24001615357209827,0.28198583998707605,0.2355484805399795,0.251386901204295,0.2857574921437419,0.26997504115402987,0.14167505946959325,0.29919107842423814,0.14417459202414476,0.22914734315249166,0.326747983868168,0.6458718269404394,0.4988691967212704,0.1836977612603141,0.28660378360601296,0.4469639460550397,0.2547668127752111,0.6109087183985339,0.19774562737289716,0.40683197292429896,0.5678913189940279,0.29576546209512783,0.4503315822247938,0.1449824919994361,0.4030198795345549,0.16744393597297524,0.2668095909869674,-0.02652347432634641,0.24383601380298803,0.2667639307667394,0.2286639769191829,0.07926787408629046,-0.02044500754505951,0.8080264901748795,0.4923988381745573,0.22194348461843563,0.44374925072349103
0.11150548007475258,0.27776838964659367,0.25674929140308517,0.3034011001956184,0.23472049034689854,0.23442217290136674,0.2256236990304695,0.15477327647380607,0.17260974297787618,0.2880503791152596,0.2382688552452776,0.1067119605804482,0.23678742651340012,0.16991643505339216,0.2757553472950633,0.15643556439392758,0.3378412656910149,0.08281903629503122,0.13740408964961287,0.2708962915865699,0.27758021353772633,0.13473498023779107,0.46960745851345453,0.4988691967212704,2.3189307804872583,0.12739339891030205,0.6915623594100616,0.39162419054722536,0.9356032121030441,1.1517647298938416,0.3664355789601822,0.15906922848512808,0.4441486353929532,0.7775346989372504,0.43956586624616834,-0.011199526424433382,1.4650407669023244,0.528582116975266,0.571549533190491,-0.1049872018557607,0.42738965281582186,0.31900934619030796,0.5729445703834375,0.2212024129808912,0.5156812991492818,1.0049979098719868,0.6978096469175689,0.3998632711039285,-0.021118172540895666
0.10028057240367852,0.10320510523510013,0.3277442186727812,0.3128562592876336,0.21250330823975797,0.31034453638908754,0.18895852173800093,0.346228390376696,0.24569215274521206,0.22421369629875515,0.25364508308712874,0.2583100268503617,0.23094234939914668,0.3210071679139519,0.22078448544392312,0.23489157071548727,0.23844668947867165,0.44046388036749806,0.175428608757656,0.38693805531770087,0.2526868296217332,0.23512840072769625,0.24750605852778929,0.1836977612603141,0.12739339891030205,1.3166543029718745,0.21181381497765456,0.1892948599642395,0.2598174646910443,-0.1662948228420036,0.12383024514700232,0.36415739342675146,0.10332278746755856,0.3025969117623594,0.24357209679970154,0.07209629528094419,-0.04930116398827848,0.2515085254712127,-0.27820072715488464,0.24753642769514075,0.19558263027308434,0.36554415706454996,0.4184294675225791,-0.04333704523392262,0.31482447513712886,0.2660608591169629,0.1998107866571111,0.1649357206572764,0.6622322906918838
0.2592148709877974,1.0551266220116444,0.2900539608566381,0.2494925357017008,0.27797869878491244,0.24716093252861387,0.269104363749112,0.2158018730432119,0.2522347365931424,0.32185729742736163,0.27081293504898674,0.17404301182750959,0.2680255334925032,0.2090728252165085,0.3232162955560398,0.26222850287653937,0.4096095648145375,-0.33507092579152414,0.1750401022842154,0.5112268881042801,0.23704775766193456,0.27108560276217236,0.2058106930978462,0.28660378360601296,0.6915623594100616,0.21181381497765456,2.149850552121851,0.5389827073461426,0.24276685729856357,0.9124310166999087,0.6483188972898207,0.1642763148137189,0.41863961017631307,0.19789032059528824,0.5510545141116032,0.2855633978790121,0.9835384469177335,0.8928381105256984,0.4210220197125679,0.49149041888642203,0.811150760082951,0.33063974361181764,0.4037234893171126,-0.047777409019489875,0.6454574787841909,1.5418685707274573,0.45393858705980084,0.5388331119635029,0.7495921121900182
0.18088981955341268,0.5930872398818472,0.3801646732516209,0.1843500433203234,0.07493252933697574,0.10839426887705167,0.15349986172443658,0.15232149080217763,0.21168840562232505,0.22465056702010544,0.24619305634389635,0.058591898811507656,0.24488070575119114,0.20430273735765367,0.2970587407348167,0.23728258013481737,0.48212349455112996,0.1987412046338809,0.09472220528271713,0.12236374053176365,0.41374322061866764,0.21312261206827435,0.15446382054227145,0.4469639460550397,0.39162419054722536,0.1892948599642395,0.5389827073461426,1.7783479058174005,-0.158978035447437,0.1066140991356316,0.20855837905897187,0.15982648115531053,0.8054865758475354,-0.12335857343609233,2.013145251278576,5.462707287609922e-6,0.3153500504791362,0.3481990631341306,0.1829714786018373,0.20092787351886338,0.44488394938815556,-0.0009687095843574385,0.45789252701691757,0.10479251216754504,0.2816962843411386,0.742766220882915,0.27282192227371554,0.43502983331309686,0.3288106842498812
0.13882974597176778,0.12763630403316478,0.5132028784156091,0.4979021974179343,0.3207962357755769,0.4704405334990311,0.3233479020892224,0.40710094121006035,0.2863260657874632,0.4507648755455243,0.40403345446243205,0.26053580787688,0.47520215912947583,0.3602299934739354,0.3699724108493507,0.40847634997611165,0.3385238352818839,0.43463385685145306,0.27025494848323833,0.8721256086993999,0.16338467651008295,0.3386074073080547,0.946856126154266,0.2547668127752111,0.9356032121030441,0.2598174646910443,0.24276685729856357,-0.158978035447437,3.060118674800275,0.4129901693448599,0.3370024177010572,0.3431501092277813,-0.22503947634673208,1.1276603345779521,-0.09346559173506451,0.44158271194152265,0.9177506309076278,-0.26981156162975356,0.38688300232954853,-0.062305245626889626,0.7197658324098419,0.5387161741695283,0.23447091826118852,-0.060681128052097244,-0.37088944774761384,0.9860903520101225,0.5158091425870277,0.011627366638563036,0.6585922503783914
0.12321734676102317,0.14729520236027327,-0.4066847303504418,0.09960149252300368,0.260688921981504,0.1494212803802416,0.13393857882198693,-0.0883060418486419,0.039429036490158435,0.13674816468316342,0.029894961942494885,-0.05980968802290529,0.05171632210494206,0.019187773268422133,0.1367103613822635,0.10218401754677768,0.18176008286927972,-0.4005154545061513,0.10515970404407668,0.5889017055388454,-0.052494058565281436,0.08157362786821439,0.14732769227708833,0.6109087183985339,1.1517647298938416,-0.1662948228420036,0.9124310166999087,0.1066140991356316,0.4129901693448599,4.406167881757405,0.7957466813029781,-0.10627017912614188,0.3892145758667796,0.30160542337775115,-0.1779204707921635,0.5061810533767416,1.6125225358243525,0.6700563313180669,0.7470278179076905,-0.22153741937561464,0.6806857646721325,0.24701120200661453,0.43615779633576923,0.152296677902105,0.6616869255144556,2.7673861942289784,1.746355051978117,0.409937444461785,0.3252217869036757
0.1567814406863535,0.47449966495141754,0.2900760776766911,0.2817224907029877,0.22154730508881576,0.22904125482518958,0.21672189492252844,0.2070949114018164,0.21109092025059387,0.25431670960668284,0.22989564240051769,0.16531990727843918,0.20720977078033487,0.2054967633687373,0.24756827852300464,0.22899754021082097,0.2959345970781615,0.07048492481111299,0.15106538480846227,0.646881432357474,0.11574315618196547,0.232239324065133,0.2356345091109393,0.19774562737289716,0.3664355789601822,0.12383024514700232,0.6483188972898207,0.20855837905897187,0.3370024177010572,0.7957466813029781,0.9317223388951775,0.14932035389609694,0.19844951557062648,0.34686852488498054,0.1199815924187831,0.6422511614345067,0.9748235178574307,0.6327971081117885,0.44999232806225137,0.12897821496947154,0.7297649371752106,0.3152925432121381,0.2417036535943306,0.11831272689502499,0.4633807423647542,0.7224528970117221,0.45695682603860605,0.15698938949746563,0.20466070415335147
0.1965458969558161,0.37119465221571646,0.4569232247415965,0.44763182247107725,0.20648177435891615,0.3681514370075923,0.23720859244371315,0.4008407664355182,0.3191672984155258,0.2700119681376673,0.31158004347802254,0.32012763463321786,0.29957175125713176,0.5681885940944824,0.3050545392034535,0.40090523807017736,0.3049677027551339,0.4080603983853772,0.20376666871521923,0.48923897759393353,0.15037308421697546,0.3649086191839874,0.23122196765784195,0.40683197292429896,0.15906922848512808,0.36415739342675146,0.1642763148137189,0.15982648115531053,0.3431501092277813,-0.10627017912614188,0.14932035389609694,1.0971001236447746,0.03918998148903842,0.33709625508280644,0.29150684383753195,0.2907237506778644,-0.22036735821340994,0.19387038165463388,0.19427684723048363,0.10302314844555166,0.2745509636229841,0.42894212677424187,0.1586217681264145,0.04838676387200492,-0.05523388612718425,0.41817716748753375,0.24989703515971773,0.0032468189964803486,0.49497470027380974
0.23353957012746135,0.3385821778465756,0.180754235511028,0.07258533382655488,0.08795308970214451,0.03432692070097515,0.17836491274476218,0.06651823723809808,0.19500184209655347,0.10278466064199797,0.12525265615609218,0.12753687066855682,0.1634723849112843,0.09348524993500829,0.163109708867874,0.09686885259825259,0.28124004606062697,0.13401956288682057,0.082224220010997,-0.10817939495782096,0.14687287838042998,0.1466653042838637,0.1908050198768298,0.5678913189940279,0.4441486353929532,0.10332278746755856,0.41863961017631307,0.8054865758475354,-0.22503947634673208,0.3892145758667796,0.19844951557062648,0.03918998148903842,1.9698051762649074,-0.4866131728833674,-0.17067588610971032,-0.2692709044237639,0.8545527559949534,0.22399008218556526,0.2672638647399773,-0.026463768328992304,-0.05001538068801397,0.15114061404477533,0.20633234688597307,0.0879698751495972,0.03980226461545416,0.7270660639406246,0.4134158345812923,0.5177809831696322,0.6458403942432508
-0.15978488971769936,-0.01906026231410318,0.381569157193293,0.5562321339454926,0.396417527864815,0.34601205908225097,0.309042865808437,0.31802179174340406,0.16848063182849315,0.435124946350411,0.33678751562086884,0.2586591047834467,0.34153446603300197,0.2857527819556371,0.3017445437871795,0.274216729078651,0.2956721281857729,0.41368060494888476,0.19557808127086412,0.9089779529474182,0.025503752583570093,0.21902635147705726,0.8407726388097695,0.29576546209512783,0.7775346989372504,0.3025969117623594,0.19789032059528824,-0.12335857343609233,1.1276603345779521,0.30160542337775115,0.34686852488498054,0.33709625508280644,-0.4866131728833674,2.5325962949839846,0.14427012810038528,0.28522759137855813,0.9917233886781297,-0.09162797718734214,0.12112413562504828,-0.29822886987340497,0.6350325170186057,0.45852848280166736,0.14259899052389832,0.14187525027267536,-0.688725291887001,0.4995933480651299,0.4272678480721288,0.15800494376766344,0.20247258091164677
0.14285928279541762,0.7522222433141732,0.6028138026104684,0.2582826390785111,0.01110520693108167,0.06493319334334237,0.11205408691495192,0.29962208056882256,0.2123496553690318,0.3258991679444122,0.3830781962069062,0.024545126007687625,0.3917884041087208,0.305544926924588,0.38264734032274195,0.3912283251762743,0.5561817174952434,0.38107471326438597,0.02875493307092076,0.2832081233428332,0.7114998936071025,0.27016201981465643,0.28906319863693297,0.4503315822247938,0.43956586624616834,0.24357209679970154,0.5510545141116032,2.013145251278576,-0.09346559173506451,-0.1779204707921635,0.1199815924187831,0.29150684383753195,-0.17067588610971032,0.14427012810038528,5.241620655814337,0.09150759320288705,-0.6496994893663319,0.13963606089123726,0.1656970061574887,0.39658416919419703,0.8252398474390101,0.033362556021528676,0.7205671616676719,0.15040816124248954,0.18981641002157168,1.128831926820473,0.23558304012421466,0.44503297981302736,0.03376897524479538
0.11778759236126628,0.2081106121591202,0.2436527070879005,0.31188098104888873,0.15976925801984035,0.18610316288999745,0.19578074237642945,0.1654438292669297,0.19556084347533673,0.20156117396484546,0.1660552337747312,0.1664813944683995,0.16909492378969826,0.22464022570689277,0.17513930591878232,0.2771417546902578,0.17845824163466728,0.1375745998130625,0.14323513577888417,0.4321208226053755,0.08972353186598427,0.28811798688964635,0.3486659596286745,0.1449824919994361,-0.011199526424433382,0.07209629528094419,0.2855633978790121,5.462707287609922e-6,0.44158271194152265,0.5061810533767416,0.6422511614345067,0.2907237506778644,-0.2692709044237639,0.28522759137855813,0.09150759320288705,2.3441781566483093,-0.23810527352192107,0.17874261189802998,0.1601464481415334,0.2134218445660267,0.7180083826491518,0.18698165141162182,0.041830576737687704,0.008166066160637146,0.1590283403723248,0.026496914867412416,0.11140238021680308,-0.8613223886196868,-0.7114805931665159
0.11829275118861007,0.7318804921545654,0.40781419801429786,0.2770816263397488,0.3767702605923215,0.3094031123305015,0.2285028389631268,0.14596948988396743,0.20971294573119054,0.36849862408286366,0.23078637414144884,-0.022978529170297038,0.18281868609925947,0.07475099964435727,0.3809028035401661,0.10741350949437578,0.41928956476034973,-0.12393851631849316,0.22226653523406453,0.9479922620913668,0.10793784410895738,0.10847750507727001,-0.022141967366416205,0.4030198795345549,1.4650407669023244,-0.04930116398827848,0.9835384469177335,0.3153500504791362,0.9177506309076278,1.6125225358243525,0.9748235178574307,-0.22036735821340994,0.8545527559949534,0.9917233886781297,-0.6496994893663319,-0.23810527352192107,5.773914169608549,1.2662577964623176,0.601570847217721,-0.38853836073734593,1.1393594742798756,0.2411418755868845,0.555747126276984,0.1540059802091846,1.5643530745482044,0.9515834887586602,0.8786962520427866,1.100627358342329,0.6510408666543619
0.17690314340842292,0.7526449653351918,0.35410679037605464,0.21855704803673687,0.2096920031866958,0.3243937226910776,0.12514326983950433,0.15214456537793594,0.21476097190609297,0.18203568658871733,0.1677370611557986,0.08775380860474352,0.0623666036404944,0.2140143707285461,0.22568643296639115,0.16429481242219546,0.2962443400939579,-0.12127328807778263,0.22241862439821272,0.633187141149827,0.23464302764896036,0.21257180778664314,-0.48533317237147555,0.16744393597297524,0.528582116975266,0.2515085254712127,0.8928381105256984,0.3481990631341306,-0.26981156162975356,0.6700563313180669,0.6327971081117885,0.19387038165463388,0.22399008218556526,-0.09162797718734214,0.13963606089123726,0.17874261189802998,1.2662577964623176,2.6986621991061743,0.2646963966300295,0.604879047804303,0.4964608022862665,0.08504711801202133,1.2759077801079393,0.3050737274495585,2.062571399424722,0.11665665551352002,0.3697822812841108,0.3926545864693751,0.18011307185887054
0.23947929917826716,0.6482465840317074,0.33468095633921285,0.22475335265809127,0.17535311197812894,0.21858250644623503,0.2388643456233412,0.3877935071626867,0.24585874184480197,0.27906680817949586,0.3172047962129158,0.22932383901515438,0.33636309631145633,0.23409454714369643,0.2630300595550315,0.30391173810001426,0.31476411855090436,0.19250464129642605,0.12135400716464695,0.5200252266152394,0.10448501761076333,0.28630513503180727,0.1391863189456947,0.2668095909869674,0.571549533190491,-0.27820072715488464,0.4210220197125679,0.1829714786018373,0.38688300232954853,0.7470278179076905,0.44999232806225137,0.19427684723048363,0.2672638647399773,0.12112413562504828,0.1656970061574887,0.1601464481415334,0.601570847217721,0.2646963966300295,2.191936100797086,0.13475264621547242,0.283524655182478,0.36929330457390835,-0.13903691233717053,0.1445900043836019,0.6257660895291984,0.7805108266084233,0.5280072008601014,0.1853209761297691,0.6791269296375344
0.12202147720505077,0.23135747957674008,-0.4443954635941165,0.02149845382482663,0.1363780992968991,0.08714469526823816,0.05489288888849373,0.050548951180525194,-0.03461258985040854,0.008444965963356659,0.060356460548335066,0.08271467598652728,0.03866736141182383,0.09604376232507844,0.040407948630569124,0.17810586344384505,0.13417755766803524,-0.04323328753838864,0.06413325590447394,0.22541320231951054,0.10211372212068358,0.07394475427254944,-0.1536193552408184,-0.02652347432634641,-0.1049872018557607,0.24753642769514075,0.49149041888642203,0.20092787351886338,-0.062305245626889626,-0.22153741937561464,0.12897821496947154,0.10302314844555166,-0.026463768328992304,-0.29822886987340497,0.39658416919419703,0.2134218445660267,-0.38853836073734593,0.604879047804303,0.13475264621547242,1.8990197611052466,0.2714256603602865,0.1574188804689461,0.5365368157161877,0.11907743620192766,0.5419348366647175,0.3321857621845257,-0.012991926000223359,0.3095438857706043,0.43416512273939495
0.173719327464789,0.6111134083569005,0.4265698922888406,0.4011024028544359,0.2563892595324775,0.2944892734088933,0.29198335144825366,0.3229719799885002,0.24003731005583986,0.38204913777181654,0.3491319416229127,0.1945093735866,0.3350721396399452,0.3059848449627339,0.36562345644438743,0.3209340765888941,0.4333517993213952,0.19907848083112897,0.1782413664536071,0.9640551888850314,0.3412407757723458,0.2574045486424103,0.44984907074668734,0.24383601380298803,0.42738965281582186,0.19558263027308434,0.811150760082951,0.44488394938815556,0.7197658324098419,0.6806857646721325,0.7297649371752106,0.2745509636229841,-0.05001538068801397,0.6350325170186057,0.8252398474390101,0.7180083826491518,1.1393594742798756,0.4964608022862665,0.283524655182478,0.2714256603602865,2.3191953327191706,0.54038336223485,0.015167183985184513,0.1927389096477888,-0.13873654020966647,1.2543726687897043,0.5599764504720135,0.6125206554073553,0.7454877785832126
