1.363626817039119,0.1835886813454767,0.013616442670924775,0.12984341352831663,0.2817474254349989,0.11359772003820055,0.2104527033690648,0.1682609785812506,0.06425000185971509,0.15330593835277231,0.13409766037158471,0.15586529408874922,0.0964894480860876,0.11692340106635343,0.13739174874441526,0.11894171918273835,0.08854639287426294,0.14749937998065452,0.03145489819557553,0.12583664409675868,0.12044742421366805,0.1916477837807122,0.20244344285438232,-0.16973161044687765,0.11487066506928434,0.16885057422575675,0.13504506267520727,0.06548584642372318,0.06137701046287388,0.18649309608094622,0.10590660080460443,0.10066011026649041,0.08620957407453451,-0.2189562813589432,0.04596122459901755,0.15588130872995126,0.03254229826024571,0.09179081984414376,0.06322549115506228,0.09806828466241395,0.12748003371428016,0.07657850522304739,0.05621302315028254,0.18789999031464336,-0.0704095780164703,0.0644637792543723,0.025702461778632734,-0.013875067503767022,0.14731784502503645
0.1835886813454767,2.0355656815049543,0.7490022856000192,0.1552683948455132,0.2546655521351526,0.33527122936678283,0.2747872941528895,0.3178222910729293,0.3889462356182255,0.35050552264938384,0.29760926595409853,0.31354420428468266,0.20486703023813557,0.18905754653428108,0.5214765220628513,0.27354835008512174,0.3181724375065461,0.45363138906774486,0.007531984125968948,0.3640924543798784,0.36795219415227687,0.12592807503234407,-0.2770067952133427,0.3636669001458668,0.34030265771373386,0.4318877797336687,0.2586397474909234,0.32635006255616755,0.4293633796226331,0.0880257774488608,0.1554514870113942,0.19945308227210812,0.1571934757634807,0.37088454684747946,0.417345704457566,0.2914664976424465,0.6896282396762476,0.21265465489999308,0.17499288967982057,-0.06705166768244701,0.2941356471454347,0.21529441169358995,0.23274938367126222,-0.0700791430585748,0.4561523202592611,0.20397394398953048,0.33891466561248657,0.0818496153377999,0.40575664177291315
0.013616442670924775,0.7490022856000192,2.016452510982905,0.19125202391786417,0.16447058717243052,0.3501607088507146,-0.05663199050271883,0.25851721146563067,0.5060792060305942,0.3673678766622798,0.23097002618984774,0.286606484696288,0.1738326665927265,0.11636244035683072,0.44575304723555553,0.19288049907135735,0.32915605981911655,0.23975052674223868,0.3413636970050898,0.4009374704721614,0.2265213433063508,0.16378036261386883,-0.009591197127200171,0.33959031126867467,0.2862034178740118,0.24664296589607895,0.1780973077238258,0.2362182640107761,0.43603247989044913,-0.17247118483821622,0.1490889632190653,0.108738784966695,0.03868804416811764,0.505131166127649,0.37499010284489515,0.4061083625528839,0.5107239524096194,0.24424880728010265,0.05889181180354362,-0.49592810701870704,0.22647253697063469,0.12176909871347152,0.08834241661605434,-0.022388947880316395,0.45954358386864136,0.40786862077055497,0.17101001130112325,-0.01928590974552621,-0.1826899101598489
0.12984341352831663,0.1552683948455132,0.19125202391786417,1.2820506818296755,0.4504700927435123,0.3900191156307886,0.39083832198796403,0.3039831315348728,0.2399476297695378,0.30300950954237443,0.26462576908873203,0.4167968230921784,0.21241240389281243,0.33520760070774347,0.23627065416004212,0.3353802398695395,0.22965105719778783,0.3167337306683183,0.020005863805878495,0.25927072393392886,0.2407355441246721,0.2732692464158459,0.3082447860142556,0.3967021795093078,0.2990165664576177,0.2980944146654745,0.239432735652815,0.06524495236645404,0.39236007349260826,0.13796206113138154,0.18037184149619073,0.3360269714594136,0.16165503882916832,0.4137341766749564,-0.07040179325052641,0.362865000755009,0.1606182059051763,0.16242294992027922,0.20768734262156452,0.1200048005232659,0.21892217951582202,0.22754133233654458,0.22754286832516152,0.19643508637638868,0.07773803059568855,0.06815672189244888,0.31893624270256293,0.05024553180690039,0.5056090006279238
0.2817474254349989,0.2546655521351526,0.16447058717243052,0.4504700927435123,1.4044843199724972,0.40886384160603345,0.3841390715384691,0.3571075963042868,0.354937881997331,0.402846205017873,0.2763492433243613,0.4342275795896248,0.24848688252255682,0.3624346942835788,0.30046689661175274,0.36209084208591613,0.20540968530320958,0.28698772899714303,0.09277831909943073,0.30359235435420073,0.23743508887716475,0.3094466329724388,0.4230854652040102,0.3558893946800299,0.2949848079775077,0.32669405103441346,0.2845027267590676,0.053728693826867416,0.41752217540866876,0.17457114916994323,0.25298869508553207,0.36937195862979655,0.18971634089708697,0.48575080712769436,-0.10102070384672353,0.38724989173889907,0.1628675314177862,0.19840506962130058,0.25068351472842326,0.14594363025330995,0.22814716753317854,0.2382000923396452,0.2725670311693577,0.28603458224631906,0.05725069807472374,0.047811667969547285,0.3557146596153577,0.07056365384601292,0.6567889151917506
0.11359772003820055,0.33527122936678283,0.3501607088507146,0.3900191156307886,0.40886384160603345,1.0359730244550216,0.09466454869301194,0.5152588395910531,0.417617367374381,0.3354031532961828,0.3568879414890413,0.38529714224388506,0.2556794064815607,0.3445854281147318,0.4417572633733554,0.35041144552570336,0.3910274334493354,0.3381761660908089,0.3066717920870631,0.5258456893093238,0.3249146960839089,0.29295610690035623,0.1478725648603263,0.45056950732100687,0.3693104303769618,0.46263967405383666,0.3078116192037002,0.19813052124418878,0.5233515541899642,0.11287859492460967,0.2516712579201983,0.3518806161841363,0.10594185521739063,0.5537232645943986,0.22629582772636217,0.33069490750912134,0.32498317779776026,0.26565797778072797,0.3069481609518571,0.16277488226514444,0.27243871869062114,0.3006235025452639,0.3040998036411222,0.2048377953822564,0.23513687636914463,0.1155668317987218,0.5514916688808396,0.0730916754713624,0.5353463292591946
0.2104527033690648,0.2747872941528895,-0.05663199050271883,0.39083832198796403,0.3841390715384691,0.09466454869301194,0.98251443238571,0.21815607943952178,0.29482698000121765,0.29730443318018757,0.3064893559275887,0.4498965679593911,0.25568036292151614,0.43760210410117245,0.09825999079423232,0.37102595809277855,0.26161680287201694,0.365118951429173,-0.06835488848882451,0.17824848745374694,0.3133931748038532,0.43147262147992843,0.47154947742093756,0.4105403128606845,0.3220396165992207,0.30585993691261026,0.28686286507492503,0.21371745277795248,0.3435774629743251,0.39500217020735967,0.2739016392462036,0.43298685014037674,0.2645226229651665,0.38294238911946693,0.1819939582394858,0.5329738675897188,0.18400100407027356,0.15217569332030656,0.26954267416466704,0.15110628532446177,0.3135247977135161,0.22886035178459815,0.30171008447325387,0.3431747696301105,0.07836207602042053,0.03739433389396938,0.18742629013342946,0.06392131130483472,0.7913309876874086
0.1682609785812506,0.3178222910729293,0.25851721146563067,0.3039831315348728,0.3571075963042868,0.5152588395910531,0.21815607943952178,0.8002531700384808,0.1692955750558135,0.3023294315805249,0.33573230641857654,0.2798095187176337,0.27037153969797495,0.3233349039660105,0.3492693876317743,0.31389591897919183,0.38832744361436655,0.3243380471768378,0.2772201096908428,0.4367186109467323,0.27416511965510637,0.2750721049146072,0.1904331916053279,0.3454371319448915,0.34919052668150613,0.37031654168974654,0.27820332974165485,0.22542978945836573,0.42771068438967064,0.21585593045799664,0.2388216443133087,0.28416150356923187,0.1369236849389127,0.48017991418879225,0.31359888003390024,0.3362521515251431,0.335766483577445,0.21601196156015626,0.34388177585141433,0.1437138892461652,0.3127677099635918,0.26429617252644405,0.30204170105369843,0.2071103415196399,0.24458138303353388,0.1353241711283198,0.4579090327441662,0.05639350949155959,0.4008107278447101
0.06425000185971509,0.3889462356182255,0.5060792060305942,0.2399476297695378,0.354937881997331,0.417617367374381,0.29482698000121765,0.1692955750558135,0.7609457299881376,0.23921081399979757,0.26048277758984534,0.3193932328727799,0.23330628353722574,0.3614530140743536,0.23994553750053277,0.3086215572280503,0.2660622204459674,0.27736697287890527,0.03969139131859735,0.24579253312293045,0.30606186199294944,0.31207351280322887,0.25190837205684236,0.4135304439005593,0.29454035022876124,0.3514481326918289,0.23777654734800618,0.2310176846274762,0.35989854905607666,0.16707166618951183,0.24868506024323908,0.3613658022601493,0.21067003757459135,0.41159786767509604,0.23247613366335576,0.404775270684014,0.2524237786101515,0.1780218888141717,0.20375536981329193,-0.0077951128053806735,0.2552630299138388,0.19199009942491854,0.22763960475004996,0.23046784907018117,0.13724003453992734,0.1021278153593858,0.31548362861287793,0.05569918028598834,0.577837629990609
0.15330593835277231,0.35050552264938384,0.3673678766622798,0.30300950954237443,0.402846205017873,0.3354031532961828,0.29730443318018757,0.3023294315805249,0.23921081399979757,0.7307567158441464,0.25062615463946886,0.30326532962555935,0.20340314403064091,0.3132904733090751,0.3156380934935862,0.28025897520995247,0.25941360031817423,0.33115687217254614,0.14404276503559696,0.3065596500069445,0.22203803168641684,0.25628073821784286,0.2263000273082711,0.3357732744736273,0.29274733688112264,0.263820007814583,0.2515658294406449,0.18667972755304443,0.39663116713349955,0.19345482496181313,0.17462175709638394,0.30829695363556775,0.15626148528572997,0.45248235581369817,0.19734797225740433,0.37824700722357485,0.2995752312718028,0.1826971688421401,0.21502328733595827,0.03825848411518197,0.27313041659997334,0.19313559344711057,0.23789075067463783,0.18420449745551243,0.1612791985336207,0.13626722413372885,0.3589997674724674,0.04938876820782348,0.4337672401755038
0.13409766037158471,0.29760926595409853,0.23097002618984774,0.26462576908873203,0.2763492433243613,0.3568879414890413,0.3064893559275887,0.33573230641857654,0.26048277758984534,0.25062615463946886,0.5856101400551098,0.33999898282805835,0.2548605494364143,0.28020995765023454,0.32514880289823406,0.3068661906066599,0.3381050449562934,0.3144755358924634,0.0263611380603678,0.30391129515572624,0.2931808505883327,0.2751804708046489,0.2445052789522972,0.37351722280973937,0.3013917368086522,0.3209043497162594,0.2689278514104627,0.23073282992341196,0.36725446007222134,0.2121643956484125,0.24873651088730175,0.29555096534055114,0.18882236732317206,0.35837417240011415,0.26072836892172563,0.3727608792984955,0.26233137119043176,0.17526913435769273,0.269816169606773,0.11539482682455388,0.27808263750386325,0.23115204801982728,0.25021144610657925,0.19907030662192798,0.15645821111584474,0.12013316432295981,0.3523629557765366,0.054739057913063736,0.4026344710521309
0.15586529408874922,0.31354420428468266,0.286606484696288,0.4167968230921784,0.4342275795896248,0.38529714224388506,0.4498965679593911,0.2798095187176337,0.3193932328727799,0.30326532962555935,0.33999898282805835,0.7988487146372094,0.2244349442040481,0.31531815779702643,0.23275366554230623,0.3378313040793836,0.24773045675906077,0.4167985373940392,0.0678494134285834,0.26405284921621297,0.27650221527958496,0.2968178637500156,0.28828978418973195,0.38422814244095754,0.3480869380863299,0.37223685466980905,0.31566199151464663,0.16783999946975922,0.40213903968712855,0.13775981585465163,0.22062740475598208,0.34943703102015483,0.14940453110246416,0.42796379218116143,0.21178307511715394,0.44265301506560145,0.2294419295629424,0.17053446706644168,0.20298584508859263,0.09283958334609091,0.2371422472297066,0.21448698580486028,0.241617309864534,0.18889403075410377,0.13120794791957519,0.08517034610817635,0.29105133198399397,0.06980062058484654,0.6298548579071547
0.0964894480860876,0.20486703023813557,0.1738326665927265,0.21241240389281243,0.24848688252255682,0.2556794064815607,0.25568036292151614,0.27037153969797495,0.23330628353722574,0.20340314403064091,0.2548605494364143,0.2244349442040481,0.39428133775728014,0.23301265709630192,0.12775882685038578,0.23141447728518885,0.22588450608396363,0.2209402764009029,0.1140634601308501,0.19897553730829068,0.2112787450385472,0.30536485381670075,0.24391692890181008,0.27478234698902954,0.22561282177408631,0.2415813690989011,0.21779379668358712,0.17087202611521235,0.2915980305043162,0.19950094605074845,0.1857866515873169,0.2434186325187379,0.14474471873541803,0.3064733876751429,0.19863198364985665,0.3115939346146031,0.14992782440788052,0.12641090811131192,0.2504721242828591,0.09226928419008422,0.2267665883186535,0.16424614697819312,0.21002107940613968,0.22455925999357995,0.06947136808556242,0.10879469193172257,0.24001500848695126,0.017553224505896796,0.37876088068516994
0.11692340106635343,0.18905754653428108,0.11636244035683072,0.33520760070774347,0.3624346942835788,0.3445854281147318,0.43760210410117245,0.3233349039660105,0.3614530140743536,0.3132904733090751,0.28020995765023454,0.31531815779702643,0.23301265709630192,0.8954318748001933,0.2631011808927498,0.5943718876517718,0.3229880823378667,0.22613025913962898,0.20471499887488812,0.32210609076323127,0.32228505455764905,0.35072992758604926,0.3085770319551477,0.4962106707134381,0.4364447677017014,0.353043924640394,0.2966371110999443,0.3348960910858003,0.4164978349507023,0.4254650312228894,0.28644865267489455,0.7404669757729615,0.34359159674731543,0.43284896783935006,0.34100165934583004,0.5217089404737297,0.2953139900156585,0.22764180776961998,0.2892672395481679,0.11669054580990344,0.3821924085368849,0.2989805647780358,0.32495860581932323,0.28783882208006767,0.1593113551145994,0.038224074170246446,0.47862222237693186,0.09429298264209167,0.7418056610822086
0.13739174874441526,0.5214765220628513,0.44575304723555553,0.23627065416004212,0.30046689661175274,0.4417572633733554,0.09825999079423232,0.3492693876317743,0.23994553750053277,0.3156380934935862,0.32514880289823406,0.23275366554230623,0.12775882685038578,0.2631011808927498,0.9752393144334883,0.34563471308805355,0.3879681806137034,0.3108650383260094,0.1905013914969897,0.3913359150244781,0.28858328259311267,0.07023944262004496,0.1321872927213371,0.4343499586429501,0.3751757002550547,0.2574357913779719,0.22131197028489036,0.26578868192929017,0.40764907036267173,0.2144334792774516,0.20809405368039371,0.25340045708694436,0.17913697816697904,0.3828684117448423,0.3022812270168178,0.3593078399077349,0.4305677555257331,0.18369785466393282,0.2496593863165616,0.03407161960981552,0.29994831882966083,0.2526540416161951,0.24039951255799352,0.09561889280037364,0.3383733136629459,0.14782196188328112,0.4037536850658087,0.09716549677378765,0.21262495809224294
0.11894171918273835,0.27354835008512174,0.19288049907135735,0.3353802398695395,0.36209084208591613,0.35041144552570336,0.37102595809277855,0.31389591897919183,0.3086215572280503,0.28025897520995247,0.3068661906066599,0.3378313040793836,0.23141447728518885,0.5943718876517718,0.34563471308805355,0.7448820130677857,0.3986080992403085,0.21665917329273307,0.1643475305780303,0.34264951295458407,0.31100038936541324,0.3006121094598424,0.16352552969669695,0.4424901724440984,0.4188535765418601,0.3162922797185414,0.30663894208706777,0.33821810144204806,0.39813452572270996,0.3845561159872799,0.2538982580775376,0.521157072188414,0.2530947872636646,0.4210027621486322,0.4157536789754914,0.4381463997307534,0.33559207736239083,0.20756404238920445,0.3128632436133681,0.12743822378620628,0.35974125749564373,0.33670190485766055,0.3120931584642915,0.1910309704513896,0.24478232975161174,0.09096456685323813,0.4447924013691195,0.07726467519245339,0.5153972580801143
0.08854639287426294,0.3181724375065461,0.32915605981911655,0.22965105719778783,0.20540968530320958,0.3910274334493354,0.26161680287201694,0.38832744361436655,0.2660622204459674,0.25941360031817423,0.3381050449562934,0.24773045675906077,0.22588450608396363,0.3229880823378667,0.3879681806137034,0.3986080992403085,0.8901827765568376,0.259271307026497,0.1638727319983759,0.4587255550687679,0.3463700777960565,0.3297507444815741,0.1700192206724111,0.36954206625546954,0.37876625916213863,0.2779748602323308,0.301997247414144,0.3984717463579479,0.4104999615660251,0.35239857619426634,0.2985027520774645,0.32352689179877386,0.2635180001628274,0.42236343323122283,0.431455784503173,0.4367525637333798,0.5405969561270353,0.27064943357797644,0.2491445323325527,0.09102837176731185,0.41563218640944277,0.3910057244657532,0.31366386112220335,0.1820634288510559,0.32717070788877595,0.18343986249994002,0.5499987725286873,0.0658059672348952,0.34828597135278727
0.14749937998065452,0.45363138906774486,0.23975052674223868,0.3167337306683183,0.28698772899714303,0.3381761660908089,0.365118951429173,0.3243380471768378,0.27736697287890527,0.33115687217254614,0.3144755358924634,0.4167985373940392,0.2209402764009029,0.22613025913962898,0.3108650383260094,0.21665917329273307,0.259271307026497,1.2548302149317443,0.062694723752144,0.14620500599310435,0.3320268702242731,0.254661824812102,0.3324287181640322,0.579959852893024,0.3481077136267457,0.5254279540870993,0.15453653909354345,0.24267227424545448,0.42960918004175674,0.12177538244889881,0.2542872635674396,0.21190664582912905,0.19543932981203896,0.365722937360951,0.26406680516236386,0.48990540247798775,0.41423659305726374,0.12957516298858723,0.23243745484917505,0.1701655634221161,0.2869053741436044,0.18906997572156,0.28213884094341607,0.15085748688000908,0.18639447386761235,0.13882869616953844,0.34639896477010185,0.08504007566830456,0.631770117793014
0.03145489819557553,0.007531984125968948,0.3413636970050898,0.020005863805878495,0.09277831909943073,0.3066717920870631,-0.06835488848882451,0.2772201096908428,0.03969139131859735,0.14404276503559696,0.0263611380603678,0.0678494134285834,0.1140634601308501,0.20471499887488812,0.1905013914969897,0.1643475305780303,0.1638727319983759,0.062694723752144,1.9489727391602594,0.44817244021682207,0.09535188227458383,0.10612696404921676,-0.01709093090253966,0.08763892434315952,0.12155682058397346,0.004638358931666766,0.10667069020302926,0.11165452982674115,0.2849309396327413,0.18924579585741633,0.15363483636524106,0.14868956280218734,0.08320408634427555,0.18576135422801185,0.1079555422506007,0.2514346623767188,0.1386499852477894,0.23372308997505048,0.1527650464130748,-0.0188741025443139,0.22894188178469768,0.18708465386477605,0.09647352585561286,-0.010747132648074665,0.2977878267976177,0.24625309393984562,-0.03434392506004574,-0.01825818201330567,-0.4656791897498872
0.12583664409675868,0.3640924543798784,0.4009374704721614,0.25927072393392886,0.30359235435420073,0.5258456893093238,0.17824848745374694,0.4367186109467323,0.24579253312293045,0.3065596500069445,0.30391129515572624,0.26405284921621297,0.19897553730829068,0.32210609076323127,0.3913359150244781,0.34264951295458407,0.4587255550687679,0.14620500599310435,0.44817244021682207,1.5136615288139756,0.17371153032384795,0.10270256728858898,0.35113390945087497,0.43975633702100775,0.3226323071960149,0.464924486886555,0.42046152778572693,0.16064537820615368,0.6102568880756998,0.3264584818310296,0.32864011662564446,0.3109480410116165,-0.013341588198170419,0.521537759847619,0.23780884362203106,0.4620846235375044,0.6141522955765154,0.5684904028873013,0.2596528365830242,0.1711989793373629,0.433258812314058,0.4999299073201718,0.33954752734890925,0.1819933874059922,0.401755773169265,0.2187199019769773,0.34815484156437215,0.17112706265363115,0.7683378511049488
0.12044742421366805,0.36795219415227687,0.2265213433063508,0.2407355441246721,0.23743508887716475,0.3249146960839089,0.3133931748038532,0.27416511965510637,0.30606186199294944,0.22203803168641684,0.2931808505883327,0.27650221527958496,0.2112787450385472,0.32228505455764905,0.28858328259311267,0.31100038936541324,0.3463700777960565,0.3320268702242731,0.09535188227458383,0.17371153032384795,0.6818276222965616,0.29351924591110407,0.20621934962657765,0.3581511807573418,0.31550582242872377,0.3643862042738539,0.21935338201042953,0.3294296717710421,0.31588762209728255,0.3061030336470221,0.3820281360850553,0.32390487974626125,0.29552795638603535,0.34490533302043097,0.3457154030052636,0.4515543408452676,0.27560362403825633,0.18622539705679256,0.33444068620360873,0.16708673905818835,0.4792413794363015,0.2449316961166408,0.3007597941542485,0.26336552845896855,0.24715439282839038,0.13063360636560167,0.4254987634398957,0.06121651000211836,0.3425567942536431
0.1916477837807122,0.12592807503234407,0.16378036261386883,0.2732692464158459,0.3094466329724388,0.29295610690035623,0.43147262147992843,0.2750721049146072,0.31207351280322887,0.25628073821784286,0.2751804708046489,0.2968178637500156,0.30536485381670075,0.35072992758604926,0.07023944262004496,0.3006121094598424,0.3297507444815741,0.254661824812102,0.10612696404921676,0.10270256728858898,0.29351924591110407,1.6160403615584735,0.4730672779085089,0.31403302921702253,0.20403965361931883,0.3892028904989488,0.33211867840537246,0.2593089540118961,0.2774246188690466,0.3390825766603128,0.2675613133962889,0.4272824531974817,0.3138274132548976,0.3934622574760682,0.21803729602802116,0.45792281453079403,0.0576139086724419,0.21001369915807444,0.38292950738171666,0.1308810785282677,0.3463297682070477,0.2028229357508826,0.3833560137233715,0.5870934804336169,-0.19658555279857765,0.15705995272566542,0.2782135588523992,-0.270497687956974,1.124687537299602
0.20244344285438232,-0.2770067952133427,-0.009591197127200171,0.3082447860142556,0.4230854652040102,0.1478725648603263,0.47154947742093756,0.1904331916053279,0.25190837205684236,0.2263000273082711,0.2445052789522972,0.28828978418973195,0.24391692890181008,0.3085770319551477,0.1321872927213371,0.16352552969669695,0.1700192206724111,0.3324287181640322,-0.01709093090253966,0.35113390945087497,0.20621934962657765,0.4730672779085089,2.1583982524725855,0.4115871489658359,0.3904714873189568,0.06274128514362261,0.3026932931697112,-0.07224204802988839,0.5501925150382201,0.5851042252778822,0.5316901476934647,0.32092175280651986,0.14503177103397347,0.4744756056582348,-0.13522286310216,0.982163175561811,-0.00807384317162591,0.18563849449307834,0.2882566079927934,0.20018217725095652,0.39784076381359135,0.1316500673431511,0.31763390834387184,0.9773936044135285,-0.23340221094226463,0.15098020265412446,0.26970050301663484,0.06447074088866883,0.7194455766102484
-0.16973161044687765,0.3636669001458668,0.33959031126867467,0.3967021795093078,0.3558893946800299,0.45056950732100687,0.4105403128606845,0.3454371319448915,0.4135304439005593,0.3357732744736273,0.37351722280973937,0.38422814244095754,0.27478234698902954,0.4962106707134381,0.4343499586429501,0.4424901724440984,0.36954206625546954,0.579959852893024,0.08763892434315952,0.43975633702100775,0.3581511807573418,0.31403302921702253,0.4115871489658359,1.628370125199655,0.528131537506324,0.26541672318414394,0.2845634035372621,0.38295685347355896,0.5556631887494392,0.5223073522315211,0.29420092819604254,0.47162681740822426,0.36272207788213573,0.2770827207047343,0.3636202973211315,0.844136750176937,0.5022437004272273,0.26469432239478724,0.22818285467087232,0.0846306131067622,0.42228067169385847,0.2874365174017395,0.28124879303236106,0.21940329947122408,0.14562339082458328,0.10208984398909879,0.40529870290831005,0.17153888087710195,1.201630171035782
0.11487066506928434,0.34030265771373386,0.2862034178740118,0.2990165664576177,0.2949848079775077,0.3693104303769618,0.3220396165992207,0.34919052668150613,0.29454035022876124,0.29274733688112264,0.3013917368086522,0.3480869380863299,0.22561282177408631,0.4364447677017014,0.3751757002550547,0.4188535765418601,0.37876625916213863,0.3481077136267457,0.12155682058397346,0.3226323071960149,0.31550582242872377,0.20403965361931883,0.3904714873189568,0.528131537506324,1.3012535601338056,0.18928452561323075,0.3283361942222117,0.33121727855234606,0.722685220124277,0.5876060603535634,0.17889671263801407,0.42381507795062806,0.25323709550391055,0.6581216509719053,0.43173486352140067,0.5848421651074724,0.4360008149758418,0.21328240424506084,0.48505823011977683,0.0815165758591153,0.4073341029531218,0.24924645475046514,0.42948696219199545,0.3116993558716617,0.4971783427668438,0.264294115149891,0.47106114382699177,0.05664399640531397,-0.027940692539699673
0.16885057422575675,0.4318877797336687,0.24664296589607895,0.2980944146654745,0.32669405103441346,0.46263967405383666,0.30585993691261026,0.37031654168974654,0.3514481326918289,0.263820007814583,0.3209043497162594,0.37223685466980905,0.2415813690989011,0.353043924640394,0.2574357913779719,0.3162922797185414,0.2779748602323308,0.5254279540870993,0.004638358931666766,0.464924486886555,0.3643862042738539,0.3892028904989488,0.06274128514362261,0.26541672318414394,0.18928452561323075,1.8357689510761928,0.2527128532631019,0.2521197245096299,0.2047000528840878,-0.4560754425778468,0.4393471788207754,0.35455464787067625,0.23303945802134976,0.48857156665609525,0.28505035665355255,0.08491677222479027,-0.28430264733126503,0.16930294312271083,0.3531870938876062,0.3322797464370612,0.1830064108648634,0.41383546281227346,0.24986746862010564,0.14654035753966543,-0.10955215554743583,-0.12584730704991046,0.2420404777204201,0.11316669093624608,1.2540435131930165
0.13504506267520727,0.2586397474909234,0.1780973077238258,0.239432735652815,0.2845027267590676,0.3078116192037002,0.28686286507492503,0.27820332974165485,0.23777654734800618,0.2515658294406449,0.2689278514104627,0.31566199151464663,0.21779379668358712,0.2966371110999443,0.22131197028489036,0.30663894208706777,0.301997247414144,0.15453653909354345,0.10667069020302926,0.42046152778572693,0.21935338201042953,0.33211867840537246,0.3026932931697112,0.2845634035372621,0.3283361942222117,0.2527128532631019,0.7728094146496542,0.2680288090684264,0.30949880296421994,0.323351550397064,0.24413316300842391,0.3725942256770936,0.27987426491180545,0.38956980931751456,0.24946210192905932,0.469333901695524,0.313303311491821,0.22879104467610206,0.27649326807630287,0.12805693343366617,0.28645008229575025,0.2342874193938243,0.37593278683739206,0.28014184788236074,0.19349099112645562,0.062186855483199105,0.28414738741491524,0.08971506887263522,0.7049476760271641
0.06548584642372318,0.32635006255616755,0.2362182640107761,0.06524495236645404,0.053728693826867416,0.19813052124418878,0.21371745277795248,0.22542978945836573,0.2310176846274762,0.18667972755304443,0.23073282992341196,0.16783999946975922,0.17087202611521235,0.3348960910858003,0.26578868192929017,0.33821810144204806,0.3984717463579479,0.24267227424545448,0.11165452982674115,0.16064537820615368,0.3294296717710421,0.2593089540118961,-0.07224204802988839,0.38295685347355896,0.33121727855234606,0.2521197245096299,0.2680288090684264,1.1196841394765058,-0.018072511840645355,0.5366603450896736,0.2600302898937694,0.3408945053165897,0.7854949785635036,0.23162428186164863,0.9786929399336738,0.4069345401620284,0.5721472275517746,0.19218360954904048,0.36394056168367245,0.0059004930399901385,0.3474270344359546,0.078315634749539,0.4000286791901719,0.42179273964404185,0.3975639079731014,0.033700213748731445,0.379159957147434,0.1434621484360115,0.25345871370347656
0.06137701046287388,0.4293633796226331,0.43603247989044913,0.39236007349260826,0.41752217540866876,0.5233515541899642,0.3435774629743251,0.42771068438967064,0.35989854905607666,0.39663116713349955,0.36725446007222134,0.40213903968712855,0.2915980305043162,0.4164978349507023,0.40764907036267173,0.39813452572270996,0.4104999615660251,0.42960918004175674,0.2849309396327413,0.6102568880756998,0.31588762209728255,0.2774246188690466,0.5501925150382201,0.5556631887494392,0.722685220124277,0.2047000528840878,0.30949880296421994,-0.018072511840645355,1.9144846478528035,0.455472441410565,-0.07510792548988411,0.4809952591131132,-0.20938760351926342,0.8437493496026722,0.13651406678543787,0.98267469003302,-0.07651490941950287,0.17615328336716068,0.3055269383621153,0.06466324282388629,0.566404006622629,0.35944431270511384,0.11466563024880899,-0.14657318814507522,0.17236040638273706,0.4579981331062496,0.4730689462681001,-0.032767812644777954,0.6248361799195573
0.18649309608094622,0.0880257774488608,-0.17247118483821622,0.13796206113138154,0.17457114916994323,0.11287859492460967,0.39500217020735967,0.21585593045799664,0.16707166618951183,0.19345482496181313,0.2121643956484125,0.13775981585465163,0.19950094605074845,0.4254650312228894,0.2144334792774516,0.3845561159872799,0.35239857619426634,0.12177538244889881,0.18924579585741633,0.3264584818310296,0.3061030336470221,0.3390825766603128,0.5851042252778822,0.5223073522315211,0.5876060603535634,-0.4560754425778468,0.323351550397064,0.5366603450896736,0.455472441410565,2.543906881917227,0.3101560669273954,0.47152068771661526,0.41175884262227697,0.15078849103770867,0.6372606141550565,0.8875969124001359,0.6501012304776135,0.33517982617786307,0.46287751618312073,-0.002648385315406482,0.798908849839912,0.263150523870965,0.836139761926702,0.799819246372086,0.8005158735279589,0.3599127325057463,0.4111457717335763,0.028173932638700352,-0.3461749291424474
0.10590660080460443,0.1554514870113942,0.1490889632190653,0.18037184149619073,0.25298869508553207,0.2516712579201983,0.2739016392462036,0.2388216443133087,0.24868506024323908,0.17462175709638394,0.24873651088730175,0.22062740475598208,0.1857866515873169,0.28644865267489455,0.20809405368039371,0.2538982580775376,0.2985027520774645,0.2542872635674396,0.15363483636524106,0.32864011662564446,0.3820281360850553,0.2675613133962889,0.5316901476934647,0.29420092819604254,0.17889671263801407,0.4393471788207754,0.24413316300842391,0.2600302898937694,-0.07510792548988411,0.3101560669273954,1.8613942038699083,0.27822508641220695,0.23462396141528685,0.3596060385580765,0.30387779460242614,0.5072929355149507,0.38608412724405766,0.3180755791185116,0.4145528671824165,0.1949725633519094,0.26073986106085095,0.2705460767083369,0.36309711300490355,0.5827893177294291,0.45484506526404384,-0.015832380700470553,0.3889949324729577,0.12238232305145366,-0.15232131358328851
0.10066011026649041,0.19945308227210812,0.108738784966695,0.3360269714594136,0.36937195862979655,0.3518806161841363,0.43298685014037674,0.28416150356923187,0.3613658022601493,0.30829695363556775,0.29555096534055114,0.34943703102015483,0.2434186325187379,0.7404669757729615,0.25340045708694436,0.521157072188414,0.32352689179877386,0.21190664582912905,0.14868956280218734,0.3109480410116165,0.32390487974626125,0.4272824531974817,0.32092175280651986,0.47162681740822426,0.42381507795062806,0.35455464787067625,0.3725942256770936,0.3408945053165897,0.4809952591131132,0.47152068771661526,0.27822508641220695,1.2200813547994653,0.4223937494379062,0.4937324227267676,0.28856938554872563,0.6385868326594034,0.14274842428844187,0.24275523124394183,0.3273640558025547,0.09928628821651911,0.36702696337742186,0.3233893907105251,0.3321459007414747,0.27755626266232725,0.166476701083014,0.03791984867344141,0.4815184714891865,0.06850242305663472,0.5713340440330605
0.08620957407453451,0.1571934757634807,0.03868804416811764,0.16165503882916832,0.18971634089708697,0.10594185521739063,0.2645226229651665,0.1369236849389127,0.21067003757459135,0.15626148528572997,0.18882236732317206,0.14940453110246416,0.14474471873541803,0.34359159674731543,0.17913697816697904,0.2530947872636646,0.2635180001628274,0.19543932981203896,0.08320408634427555,-0.013341588198170419,0.29552795638603535,0.3138274132548976,0.14503177103397347,0.36272207788213573,0.25323709550391055,0.23303945802134976,0.27987426491180545,0.7854949785635036,-0.20938760351926342,0.41175884262227697,0.23462396141528685,0.4223937494379062,1.741773000030245,0.08796952172301443,0.1083700760303787,0.09055668096092738,0.3799934246251979,0.16213350908675592,0.29360194136606904,0.024921554384280693,0.06671194316441388,0.051485898194701285,0.44245886105100146,0.597462408388854,-0.028277355873734235,-0.2146957757690016,0.48491172712497904,0.2205777754471434,0.5397460924143194
-0.2189562813589432,0.37088454684747946,0.505131166127649,0.4137341766749564,0.48575080712769436,0.5537232645943986,0.38294238911946693,0.48017991418879225,0.41159786767509604,0.45248235581369817,0.35837417240011415,0.42796379218116143,0.3064733876751429,0.43284896783935006,0.3828684117448423,0.4210027621486322,0.42236343323122283,0.365722937360951,0.18576135422801185,0.521537759847619,0.34490533302043097,0.3934622574760682,0.4744756056582348,0.2770827207047343,0.6581216509719053,0.48857156665609525,0.38956980931751456,0.23162428186164863,0.8437493496026722,0.15078849103770867,0.3596060385580765,0.4937324227267676,0.08796952172301443,2.005630015377495,0.4111168231929724,0.37701106186549876,0.4833863367246376,0.24708634397900575,0.6969490548562696,0.05308961014371223,0.4900020344179472,0.3257580085868708,0.6714723557463793,0.4671750155282669,0.6935669861805932,0.20004768238107248,0.8156021581271379,0.06800509770729508,0.3408741662660048
0.04596122459901755,0.417345704457566,0.37499010284489515,-0.07040179325052641,-0.10102070384672353,0.22629582772636217,0.1819939582394858,0.31359888003390024,0.23247613366335576,0.19734797225740433,0.26072836892172563,0.21178307511715394,0.19863198364985665,0.34100165934583004,0.3022812270168178,0.4157536789754914,0.431455784503173,0.26406680516236386,0.1079555422506007,0.23780884362203106,0.3457154030052636,0.21803729602802116,-0.13522286310216,0.3636202973211315,0.43173486352140067,0.28505035665355255,0.24946210192905932,0.9786929399336738,0.13651406678543787,0.6372606141550565,0.30387779460242614,0.28856938554872563,0.1083700760303787,0.4111168231929724,2.1069601437966465,0.4404909891265393,0.6356861649440989,0.1253122753315687,0.4420555834564288,-0.05486668754596132,0.4651012156902427,0.0991589393188759,0.3910828262098939,0.19405836575304045,0.7045530940366463,0.26936506338026195,0.3691426683304407,0.051499980609583954,-0.2049200303746857
0.15588130872995126,0.2914664976424465,0.4061083625528839,0.362865000755009,0.38724989173889907,0.33069490750912134,0.5329738675897188,0.3362521515251431,0.404775270684014,0.37824700722357485,0.3727608792984955,0.44265301506560145,0.3115939346146031,0.5217089404737297,0.3593078399077349,0.4381463997307534,0.4367525637333798,0.48990540247798775,0.2514346623767188,0.4620846235375044,0.4515543408452676,0.45792281453079403,0.982163175561811,0.844136750176937,0.5848421651074724,0.08491677222479027,0.469333901695524,0.4069345401620284,0.98267469003302,0.8875969124001359,0.5072929355149507,0.6385868326594034,0.09055668096092738,0.37701106186549876,0.4404909891265393,3.219569180375893,0.2012843961683565,0.3052604211417318,0.2239464602498589,0.1868205669632511,0.723453008937834,0.35215525024271804,0.0819334326986123,-0.020120013146204558,0.3385756256146265,0.4583415441144239,0.010204133884254734,0.16459386105206428,0.4974854987134288
0.03254229826024571,0.6896282396762476,0.5107239524096194,0.1606182059051763,0.1628675314177862,0.32498317779776026,0.18400100407027356,0.335766483577445,0.2524237786101515,0.2995752312718028,0.26233137119043176,0.2294419295629424,0.14992782440788052,0.2953139900156585,0.4305677555257331,0.33559207736239083,0.5405969561270353,0.41423659305726374,0.1386499852477894,0.6141522955765154,0.27560362403825633,0.0576139086724419,-0.00807384317162591,0.5022437004272273,0.4360008149758418,-0.28430264733126503,0.313303311491821,0.5721472275517746,-0.07651490941950287,0.6501012304776135,0.38608412724405766,0.14274842428844187,0.3799934246251979,0.4833863367246376,0.6356861649440989,0.2012843961683565,3.193528802025688,0.5522329920145745,0.00401799837768673,-0.105956273100413,0.41331884664761215,0.16572967360273005,0.7525831980758365,0.3285155312263556,1.4111653275800033,0.2820476594739251,0.9586843888947189,0.29456563572469274,0.5261123347448172
0.09179081984414376,0.21265465489999308,0.24424880728010265,0.16242294992027922,0.19840506962130058,0.26565797778072797,0.15217569332030656,0.21601196156015626,0.1780218888141717,0.1826971688421401,0.17526913435769273,0.17053446706644168,0.12641090811131192,0.22764180776961998,0.18369785466393282,0.20756404238920445,0.27064943357797644,0.12957516298858723,0.23372308997505048,0.5684904028873013,0.18622539705679256,0.21001369915807444,0.18563849449307834,0.26469432239478724,0.21328240424506084,0.16930294312271083,0.22879104467610206,0.19218360954904048,0.17615328336716068,0.33517982617786307,0.3180755791185116,0.24275523124394183,0.16213350908675592,0.24708634397900575,0.1253122753315687,0.3052604211417318,0.5522329920145745,0.7980364963460392,0.10998757792688044,0.18141125366687955,0.3134393093238179,0.2028409674194859,0.31309248450624894,0.35616475268181874,0.25841302423589957,0.23567146634197741,0.2948146956873704,0.09915643873848484,0.249647943687645
0.06322549115506228,0.17499288967982057,0.05889181180354362,0.20768734262156452,0.25068351472842326,0.3069481609518571,0.26954267416466704,0.34388177585141433,0.20375536981329193,0.21502328733595827,0.269816169606773,0.20298584508859263,0.2504721242828591,0.2892672395481679,0.2496593863165616,0.3128632436133681,0.2491445323325527,0.23243745484917505,0.1527650464130748,0.2596528365830242,0.33444068620360873,0.38292950738171666,0.2882566079927934,0.22818285467087232,0.48505823011977683,0.3531870938876062,0.27649326807630287,0.36394056168367245,0.3055269383621153,0.46287751618312073,0.4145528671824165,0.3273640558025547,0.29360194136606904,0.6969490548562696,0.4420555834564288,0.2239464602498589,0.00401799837768673,0.10998757792688044,1.9957307739213108,0.46613509506042644,0.33483897413268515,0.23216630138718022,0.6107702984157515,0.5230274613369904,0.7759131723935239,0.03195860231052475,0.28828998915942633,-0.001102855079649769,-0.12332213653167202
0.09806828466241395,-0.06705166768244701,-0.49592810701870704,0.1200048005232659,0.14594363025330995,0.16277488226514444,0.15110628532446177,0.1437138892461652,-0.0077951128053806735,0.03825848411518197,0.11539482682455388,0.09283958334609091,0.09226928419008422,0.11669054580990344,0.03407161960981552,0.12743822378620628,0.09102837176731185,0.1701655634221161,-0.0188741025443139,0.1711989793373629,0.16708673905818835,0.1308810785282677,0.20018217725095652,0.0846306131067622,0.0815165758591153,0.3322797464370612,0.12805693343366617,0.0059004930399901385,0.06466324282388629,-0.002648385315406482,0.1949725633519094,0.09928628821651911,0.024921554384280693,0.05308961014371223,-0.05486668754596132,0.1868205669632511,-0.105956273100413,0.18141125366687955,0.46613509506042644,1.810666668315082,0.20426228328181348,0.19562939680273597,0.29998918328011603,0.19568750057260262,0.028298068395974554,0.3512011190973079,0.3374047813719512,0.10779362308516086,0.1447685339607443
0.12748003371428016,0.2941356471454347,0.22647253697063469,0.21892217951582202,0.22814716753317854,0.27243871869062114,0.3135247977135161,0.3127677099635918,0.2552630299138388,0.27313041659997334,0.27808263750386325,0.2371422472297066,0.2267665883186535,0.3821924085368849,0.29994831882966083,0.35974125749564373,0.41563218640944277,0.2869053741436044,0.22894188178469768,0.433258812314058,0.4792413794363015,0.3463297682070477,0.39784076381359135,0.42228067169385847,0.4073341029531218,0.1830064108648634,0.28645008229575025,0.3474270344359546,0.566404006622629,0.798908849839912,0.26073986106085095,0.36702696337742186,0.06671194316441388,0.4900020344179472,0.4651012156902427,0.723453008937834,0.41331884664761215,0.3134393093238179,0.33483897413268515,0.20426228328181348,2.0137982626147033,0.35281684728024937,0.08656847715776339,0.2968485023639991,-0.16416535048952174,0.7341361461018403,0.7353216583339024,-0.09678265766667968,0.41647604830010554
