0.9946831588520502,0.1773670174728669,0.35873933857173823,0.15674894888607596,0.23354455578275066,0.21383960498770863,0.1609635993441509,0.20124212516506806,0.09789618706933699,0.13388387903100069,0.14728195675690334,0.16552686244206463,0.10438230773026753,0.15808611015189708,0.19725030376829988,0.15180203688673805,0.1092237650906317,0.18826752775121305,0.13357873413960256,0.08181757106208426,0.10334404816880707,0.14082021668475195,0.14718152762440762,0.04048006071767435,0.22507739953477593,0.09475612697853687,0.10772009011506635,-0.013749874933051326,0.23787865579955922,0.05925519242444609,0.08986574243501297,0.13201057684054995,0.0601365962384424,0.05297146390549089,0.11478057262039516,0.14016662305745206,0.14674648178668936,0.08403395882864349,0.17825672014973645,0.07431283024924862,0.06240891430425704,-0.07739575574208847,0.11152277419675682,0.10023927221752403,0.0988763785150398,0.2261813937484888,0.13044644439996558,0.003067820205117272,0.09639027344978714,0.025029179955174514,-0.16252758233809297,0.07150427439675748,0.07250741974456978,-0.02416192603855296,0.13285901296072353,-0.00748990716423691,0.06145104693407228,-0.0020036691324197137,-0.18829325215505247
0.1773670174728669,2.340437818572463,0.26833002335494055,-0.5002509272863477,0.03418044387824099,0.2256132017732675,0.33516193326695504,0.10148837690417153,0.23245391065172588,0.014886526762094015,0.09265130658751247,0.13156262269137672,0.07888925809758456,0.0595312698241478,0.2589830507696128,0.00878951498225721,0.08122061778482943,0.10972872102338577,0.03122731369041613,-0.024475648922319248,0.15549705189812388,0.10504659210252512,-0.040927385720309586,-0.018907157100645444,0.05528437836678899,0.22156638743791116,0.0641894023363383,0.14518775811209803,0.17163393681545067,-0.03326379124963203,0.02730944859426494,0.09780584568688357,0.0257400805832961,0.06846827002269992,-0.06601146902358225,0.09644090202879671,-0.006180861145144473,0.01095545844025095,-0.07664553141797587,0.007804019604167487,0.0618052119430495,0.14899468600855834,0.05729831380028853,-0.03357131024770151,0.05983787260818923,0.0491905985807109,0.040995416079616445,0.007120470436422792,0.16509252547121062,-0.2783434561788686,0.5182421659826525,-0.16394861619602752,-0.05569329105912893,0.0024450780478251287,-0.27441888800264846,0.049110871911470476,-0.024315216192697116,0.4116912170442878,-0.20825978714199134
0.35873933857173823,0.26833002335494055,2.4021523688632205,-0.037184806339632816,-0.011557441055456965,0.447451726146403,0.04112376276082738,0.29556218000310713,0.35254907313855094,0.2231350691495007,0.0988346818406664,0.2858418060375048,0.16974025329854472,0.24207414767549815,0.2828894420201879,0.2095797329824627,0.30711384182980145,0.22636907442592724,0.1982936843448642,0.270978645164345,0.23018387812606184,0.2885414585070358,0.11938811019266304,0.17171424154799797,0.21893958651156323,0.3832155916746359,0.2257300004749106,0.26014203967447724,0.379449846398898,-0.19973276033827442,0.19880540620462006,0.32119914478064915,0.12663583895923308,0.2990240968971719,-0.05431100361865255,0.5417155882035618,0.1552008945099046,0.15674999390467445,0.24011435412302654,-0.14130044552155951,0.22151112065930967,0.5773245767171743,0.12959501544700472,0.020530742776090197,0.45089476683572416,0.5953349781874353,0.12968392753981403,0.02887212955395372,-0.451645107889304,0.08177950204085312,-0.07391909069150804,0.024170873637788245,0.037830541465294465,-0.15687746620495885,0.28542366653039714,0.039543506880374675,0.2795541663900543,-0.12178420630889224,-0.4089017261765564
0.15674894888607596,-0.5002509272863477,-0.037184806339632816,2.1175190294160218,0.48813010272106655,0.4561261397010456,-0.1996702152260708,0.49586829577039027,0.003909580480888904,0.44684854347083397,0.348368379576927,0.2719005809191086,0.19412836451794094,0.37792100819863084,0.2649473069890128,0.37781362992398676,0.289160449143354,0.23427784875437765,0.265129925507414,0.3864763540784938,0.24529491315671795,0.18865399303445907,0.21007188549256667,0.2771249783607255,0.30212913659754764,0.38729655661153645,0.2519148728130023,0.11556916489550849,0.3270513796568883,0.16020387499173758,0.2089600755375655,0.3116656129462391,0.13815446965065908,0.34930410205642665,0.30246277548431155,0.25849784335479853,0.31600321040952983,0.2377977913402209,0.5074470122591984,0.22956637575822533,0.20827654730879933,-0.06399849046355038,0.1930997965285117,0.30885259659581593,0.08828614521398225,0.23720446022841093,0.25337346057558513,0.02773956046076457,0.23897241326385155,0.3214857735562331,-0.49029678762974305,0.32132306828274354,-0.0024769197280601726,-0.16536208956176535,-0.1290474675518855,-0.13515954428509097,0.060943059033333274,-0.02144434141841037,0.09938110456998289
0.23354455578275066,0.03418044387824099,-0.011557441055456965,0.48813010272106655,1.1459998915041254,0.38071633486346634,0.3115066172695211,0.3118041920391189,0.030346482204561615,0.25940210465225844,0.28376795792850995,0.2962410698061554,0.2102365865597708,0.2783542863281414,0.2433946495709494,0.35172577363597946,0.22282646093316402,0.176947538233923,0.48801828052494634,0.16098646579098702,0.19934700019004972,0.21310962051114393,0.13746405717339827,0.20832268471759383,0.263797028896503,0.33393679790932473,0.19855844699767078,0.1187991664281544,0.2581017463072933,0.1186725839922455,0.17577892430290004,0.23578616484462883,0.15962742515568917,0.17591133145684068,0.17453934983523872,0.2572933522639468,0.2295274993073039,0.11118882646534342,0.3544202163453085,0.1596591544084494,0.19419917405499984,0.13989743386842368,0.08353638380318308,0.15755628287885265,0.015388451837542741,0.19233145237462795,0.16458590077186847,0.03857679962339386,0.18296331045496012,0.22889416801254844,-0.14579825143113953,-0.1314221715551494,0.028546445528410996,0.0030691997022443246,-0.11427843512107497,-0.06616760379220979,-0.12338975997304025,-0.032874741428186,0.19618803215851716
0.21383960498770863,0.2256132017732675,0.447451726146403,0.4561261397010456,0.38071633486346634,1.0018341163840077,-0.019219580289247234,0.506619152300823,0.3367062803198969,0.3052675172849063,0.36429542293853134,0.37184180247179405,0.23131376292108483,0.4214772955226741,0.36369374932987175,0.4039479176856426,0.40333855054685724,0.18319743508339834,0.4368093029134632,0.3341515382216919,0.28787907965497866,0.35601890778390644,0.12727410279338341,0.2589164274642433,0.3219492354011009,0.5893981170719186,0.29628639978725974,0.24487174873387543,0.49832819661346217,0.07749525259030933,0.20889670875423014,0.43169377731122993,0.06706706686887003,0.33099062732251044,0.242221796274159,0.34910504675585774,0.23826115945259038,0.21117645226059378,0.4935547066567709,0.17933670903817073,0.17811189946059794,0.0897889721477047,0.22667209887125297,0.24294260699534428,0.16680848960868488,0.3086575338349948,0.2135336732636866,0.02989475422293005,0.41495231732600407,0.3948925523581771,-0.6492408195009167,0.21877575626309745,-0.059569185753966324,-0.022200093262441604,-0.06200530421537543,-0.050053862375417375,0.18597086075343444,0.08663207476976753,-0.20070357134126598
0.1609635993441509,0.33516193326695504,0.04112376276082738,-0.1996702152260708,0.3115066172695211,-0.019219580289247234,1.5270367181387483,0.08883835374315291,0.2550484305410736,0.004267501050040655,0.26103528904222023,0.2737176041128903,0.1925599800723592,0.24773610434797771,-0.02141137109453009,0.2856019042549308,0.23163081254106882,0.28159133091349436,0.1234485831246759,-0.004862916569042007,0.1154724028827932,0.2714611854603713,0.33546168925501213,0.12163098316085434,0.1969439173916546,-0.0402772538208863,0.1496826624296369,-0.12216507663622347,0.18302015491233697,0.11325037780201068,0.053054066670605034,0.14894097491774852,0.1386618952526338,0.21191769176035,0.08832421943994381,0.1506950021160891,0.22315881475821375,0.038919463664655915,0.20497408924725005,0.10369348709076597,0.04628593624135663,-0.019836108373901415,0.13986048505656154,0.12418045764068848,-0.05799338356395006,0.09285532951409874,0.18986780806786477,0.004574804266719984,0.529528917044308,0.030544403595957552,0.14078926196585345,-0.09404701051917072,0.023758529374562447,-0.09596050925044927,-0.07631054116705577,0.0659098981172905,-0.06763588081938667,0.14927632451203202,-0.16201839164788998
0.20124212516506806,0.10148837690417153,0.29556218000310713,0.49586829577039027,0.3118041920391189,0.506619152300823,0.08883835374315291,0.8753851351868513,0.15005548477379418,0.3799172772953791,0.4129424894756882,0.27414985276995574,0.2567179607797767,0.45273395452186904,0.26702217783588406,0.369686149249158,0.3937394205715457,0.28455724647937936,0.2809692325823446,0.31851925044831286,0.212247524673237,0.2707472727881312,0.23809121319006904,0.23787346601153325,0.338167580093014,0.38470332249551453,0.26681358147347983,0.021824498136992155,0.41403322190604097,0.16072243494960434,0.17885669690930844,0.33158938208689775,0.13679347970303044,0.328716499125348,0.22884346093254096,0.27587590445590765,0.31259830361321855,0.21074518262277184,0.43794051680213997,0.18941866839105445,0.156773775438374,-0.014297651308345323,0.25634138636180837,0.2003036702010149,0.09538103223476598,0.2955033240685017,0.2807232101534058,0.02522728800389409,0.47239093947053734,0.24033788179514332,-0.32334004461853544,0.1717838081567895,0.04805288114287256,-0.15419103387767696,-0.07565770471764185,-0.10174417232290693,0.153047311066292,0.22285896853184645,-0.21816600573841488
0.09789618706933699,0.23245391065172588,0.35254907313855094,0.003909580480888904,0.030346482204561615,0.3367062803198969,0.2550484305410736,0.15005548477379418,0.9419432917800025,0.07885182837893595,0.1509275185646213,0.2364554311156902,0.15696966878080032,0.3236202709433397,0.1013084476987166,0.20710302976627495,0.2475296788882545,0.22151648014151018,0.12611181404514857,0.1794673540512875,0.16526075960723083,0.45782993574479014,0.16495057821265866,0.18147187029961892,0.09288110644105987,0.33386031101460706,0.1924303936204663,0.12923876845855495,0.16200901253426375,0.057802842551192814,0.2586734185830738,0.34925098327234094,0.15292520172672083,0.29420115396445307,0.07362609149053959,0.2252174736847464,0.2030747109044301,0.15299405914136882,0.2669618170339802,0.05527541486387213,0.1372705359415204,0.05438941230009708,0.16027272894199618,0.15992402244322762,0.06071459957761512,0.1878638803310971,0.20130438585212285,-0.0026739439714729514,0.6942358730105214,0.08227099009530074,-0.12437847415091961,0.13541919159588212,-0.052460079101586454,-0.07942525940839962,0.08082536909216496,0.12744032534314362,0.32564487791499663,0.06378841377091804,-0.5131756454541482
0.13388387903100069,0.014886526762094015,0.2231350691495007,0.44684854347083397,0.25940210465225844,0.3052675172849063,0.004267501050040655,0.3799172772953791,0.07885182837893595,0.7909642371983185,0.3267445137514978,0.24671325991875548,0.24003615171851797,0.3287997380248236,0.24533336789093765,0.2652247369909171,0.3134453976006567,0.2569994143232724,0.2180102257726924,0.40068763105645017,0.23131721610693215,0.1944875173489541,0.16403951260832544,0.2598250215236232,0.26493879249067276,0.3156494315173735,0.24512381550196558,0.1170611332527407,0.3445761517512055,0.23792278132687422,0.27092758726193317,0.2689734345691748,0.1672202376340981,0.33514197458729444,0.3160452119254093,0.2832683040755876,0.37715067046613393,0.22940118183936112,0.41821912332148,0.2038421920004169,0.30161597680440577,0.07833298832949397,0.22438559106586553,0.1702389519676852,0.10327648944980579,0.34605480420589896,0.33554660786090346,0.03853439966870961,0.2678279146145241,0.1132778564549212,-0.24880846249606708,0.12570157691926293,0.07920700444247912,-0.07699024712315061,0.17726018860692305,-0.04257172270793708,0.05598511035146642,-0.23372442606301486,0.10473716733218351
0.14728195675690334,0.09265130658751247,0.0988346818406664,0.348368379576927,0.28376795792850995,0.36429542293853134,0.26103528904222023,0.4129424894756882,0.1509275185646213,0.3267445137514978,0.7965718870959826,0.3530510670055608,0.2211138738037336,0.30992766055712045,0.26154054378132946,0.36627322899640025,0.37925629650056936,0.26967631088458427,0.21025621058818725,0.26505100862751546,0.21444654953439235,0.25446291061208276,0.23800708053349764,0.24703338150548504,0.283368812608026,0.26784885833713634,0.2724884324836897,0.08753900040986572,0.37035067675453753,0.20483985130298865,0.20605813969764855,0.2870687761497082,0.15100337218238638,0.2309690035532004,0.2547945730667349,0.3125570804860601,0.22810676067008195,0.17816360789167565,0.33732948909431926,0.19998078185832094,0.17663138334884854,0.02837339143360898,0.22365235805974867,0.15136360437505594,0.08265419804833579,0.3187780043828776,0.24931391140901354,0.026961940478068436,0.19698005117001965,0.012340847321967876,-0.24588801350577236,0.12893686455560818,0.14454159861054897,-0.04368186063863646,-0.06641976901622032,-0.04722856606430443,-0.001176702906661974,0.13783425044454334,-0.1377228024168514
0.16552686244206463,0.13156262269137672,0.2858418060375048,0.2719005809191086,0.2962410698061554,0.37184180247179405,0.2737176041128903,0.27414985276995574,0.2364554311156902,0.24671325991875548,0.3530510670055608,0.5992650520767536,0.1872458274122753,0.36271499065236085,0.26137296130158616,0.368418175737486,0.34344556267305265,0.20809742108468945,0.24817938261397085,0.16568963752177313,0.1943985924104143,0.2911373643363515,0.23816963202079508,0.21877111842782226,0.2933177245330393,0.18566044944735444,0.2709325960105235,0.04907614052840697,0.31628034702264424,0.1581441542653869,0.12573619923161222,0.3163767932169769,0.11847864564950883,0.24077970403614207,0.17687200285162355,0.329902414883557,0.17151005374511125,0.12570190670821904,0.3217666242273442,0.16434765458047304,0.1810000929833582,0.09695956578811683,0.156734069562973,0.14655056717625126,0.07138935969274061,0.2961646839025743,0.22504154301487,0.02626019518042214,0.35341972764410523,0.05568590669177127,-0.08442881193789123,-0.015515250477736713,0.003107929479689481,0.012142431189455485,-0.01669907301119448,0.0499293038975863,0.05318651447772632,0.044465552655329844,-0.27390561542854786
0.10438230773026753,0.07888925809758456,0.16974025329854472,0.19412836451794094,0.2102365865597708,0.23131376292108483,0.1925599800723592,0.2567179607797767,0.15696966878080032,0.24003615171851797,0.2211138738037336,0.1872458274122753,0.39118841253629566,0.18403583129014586,0.06285007024313531,0.22423458003789978,0.21678736135791427,0.1992733169205041,0.16081939628924355,0.17323747002238835,0.12065637965538815,0.2127390858460407,0.20280015601763848,0.1818837319904501,0.1944886881984999,0.10213792261258682,0.19491440487963996,0.018520348579815576,0.28826568688757226,0.15734641956983011,0.1057478940183421,0.1965338577068816,0.1089248009501162,0.22766694158327982,0.2299157259161882,0.21568588204859823,0.2438973917694201,0.11267883806306207,0.26624181262118535,0.12938382302635001,0.14041701538407195,0.04854731487114513,0.10497696069652888,0.17510494644423522,-0.006886967514355569,0.21306587649917236,0.18800625280133654,0.021135489997780265,0.2217705538437175,0.17997477418841942,-0.04260047741997747,-0.08151915391474256,-0.03989601581911251,-0.02336720723013127,-0.024016883412199402,-0.03629107116779936,-0.02802599088997101,-0.28061039243801666,0.28950937228903595
0.15808611015189708,0.0595312698241478,0.24207414767549815,0.37792100819863084,0.2783542863281414,0.4214772955226741,0.24773610434797771,0.45273395452186904,0.3236202709433397,0.3287997380248236,0.30992766055712045,0.36271499065236085,0.18403583129014586,1.0222580560613033,0.2685059538198933,0.5027090498895472,0.475248665624344,0.23146029761522632,0.2478484262846157,0.2682386977291841,0.24880907702629032,0.4017462861836336,0.25600261074569447,0.2945739059465682,0.2903135070394753,0.37018425144463174,0.24963510947263828,0.15627740635200946,0.3704382972158585,0.24347979914888288,0.24462397244204445,0.3871261096269556,0.1398831076832996,0.27975825706529617,0.25679821456907687,0.30814086326727086,0.2788413427176288,0.19573990904613092,0.3978740990677265,0.19184443695088102,0.26256759104854677,0.06591446624109483,0.22171393560140035,0.23733076052229277,0.04588834661701273,0.23371327980286027,0.2917545252237623,0.02253940379121176,0.856842372916357,0.05215605746209261,-0.2554991183053936,0.0997715615451333,0.08561108951306214,-0.00733063446292584,-0.04147803077669817,-0.012947677071856272,0.17492229084190627,0.09902494045711041,-0.14402844425281452
0.19725030376829988,0.2589830507696128,0.2828894420201879,0.2649473069890128,0.2433946495709494,0.36369374932987175,-0.02141137109453009,0.26702217783588406,0.1013084476987166,0.24533336789093765,0.26154054378132946,0.26137296130158616,0.06285007024313531,0.2685059538198933,0.9286964573423587,0.11442009620607692,0.29737300901541885,0.14732815349809245,0.18669272114783456,0.19605532138780646,0.1911119179953806,0.13079074153864084,0.1572759206132571,0.23607821321726635,0.24686846766072207,0.38779323505464786,0.1700914191142247,0.2658248572906724,0.26288200880861606,0.21968640417523913,0.19439781514119606,0.2318076595134246,0.14852306996647313,0.1703491173807676,0.13188091289294457,0.27284152910161924,0.18954999121659813,0.13856352348068898,0.19723526612116996,0.08283928598079765,0.24912257688864625,0.14639494175547346,0.18222397497641005,0.12099492591497148,0.11703680007675074,0.28676022324281625,0.19520533699300094,0.037053001358464274,0.08361763748093187,-0.016492815239108827,-0.3033947436168564,0.19222025633629813,0.06276899625263054,0.0375967801889725,0.02288672069314486,0.01380936027552266,0.12025038207137334,0.06233684749830557,-0.09922367166102991
0.15180203688673805,0.00878951498225721,0.2095797329824627,0.37781362992398676,0.35172577363597946,0.4039479176856426,0.2856019042549308,0.369686149249158,0.20710302976627495,0.2652247369909171,0.36627322899640025,0.368418175737486,0.22423458003789978,0.5027090498895472,0.11442009620607692,1.008870982648422,0.34807099362562166,0.21237135901578613,0.2727811979538034,0.3011370642992421,0.22327016531195196,0.51039716649487,0.1940417588535949,0.29214156632439003,0.25672048383350293,0.18982567914872817,0.363862326337766,0.19336539566914543,0.4320613392985517,0.27527907872568697,0.20672843611915104,0.40542800651959354,0.138465872360136,0.32292774077520187,0.3251142018889834,0.34531935816083753,0.29624239238823347,0.21654359157039146,0.43779898956944147,0.2046594453273725,0.26747629856740884,0.09235483884267649,0.2855704967943875,0.22755667782193403,0.06318020554518534,0.2512754054604554,0.2804541997217864,0.0030629317035208987,0.6581704788054044,0.056414365454349205,-0.28376786756531014,0.13487387833507886,0.04692258731185762,-0.06016611571780183,-0.03307569720178219,-0.023383199845188503,-0.041746602507788215,0.07584531120834942,-0.051022282066275446
0.1092237650906317,0.08122061778482943,0.30711384182980145,0.289160449143354,0.22282646093316402,0.40333855054685724,0.23163081254106882,0.3937394205715457,0.2475296788882545,0.3134453976006567,0.37925629650056936,0.34344556267305265,0.21678736135791427,0.475248665624344,0.29737300901541885,0.34807099362562166,0.8247360772061718,0.264789257350575,0.21229806754764655,0.19912175997886902,0.2577627067288892,0.3487961678279297,0.29767656336612713,0.2442115077646145,0.31653873156440643,0.21909464042754262,0.24898389233469256,0.1340257815193705,0.4044802736477959,0.23706224176256704,0.17396296803707026,0.2911957273470279,0.16943621691028274,0.27824290089615755,0.22221136273293293,0.307892102232346,0.33467384442989934,0.15571020053967025,0.336212267122959,0.1684258060595398,0.23411599378901957,0.05794100945812931,0.2704414333660106,0.21000675253536288,0.11791685810357848,0.30391018261368274,0.30575514183955743,0.020554471746481548,0.4754375811196797,0.13234218812105547,-0.25034318939023725,0.04922058086748747,0.0680888647598888,0.007863989119305963,-0.0390497739963056,-0.07072845658962143,0.02546103910560366,0.1626910691220225,-0.054267769876163975
0.18826752775121305,0.10972872102338577,0.22636907442592724,0.23427784875437765,0.176947538233923,0.18319743508339834,0.28159133091349436,0.28455724647937936,0.22151648014151018,0.2569994143232724,0.26967631088458427,0.20809742108468945,0.1992733169205041,0.23146029761522632,0.14732815349809245,0.21237135901578613,0.264789257350575,0.8718136366765905,0.128982276532343,0.0687775985562576,0.16317953789316783,0.25478273746137287,0.41375232201531587,0.13097338515033824,0.2202459167485799,0.13015894597572972,0.1660274129464736,-0.02543722413295298,0.25502909408998004,-0.007450687145265783,0.33839103569578677,0.20375404256757307,0.12240661346242893,0.30362099942966325,0.14963156104547762,0.25750497906229025,0.2863402790304995,0.088901386135661,0.2477477218471206,0.13266235567999812,0.09904004058129723,-0.023392502596814788,0.13996482394735893,0.12597583886087058,0.017965501043843275,0.2582802756584757,0.3500041758592648,0.015926545795232967,0.36191071178157935,-0.036927734037522135,0.03972372779090526,0.1242138236773001,0.013721753997533484,-0.11203416893351936,-0.03005060874090262,-0.014932864832911705,0.06619734987221926,0.013145994723912,-0.07569767427155911
0.13357873413960256,0.03122731369041613,0.1982936843448642,0.265129925507414,0.48801828052494634,0.4368093029134632,0.1234485831246759,0.2809692325823446,0.12611181404514857,0.2180102257726924,0.21025621058818725,0.24817938261397085,0.16081939628924355,0.2478484262846157,0.18669272114783456,0.2727811979538034,0.21229806754764655,0.128982276532343,0.8655020496810387,0.1459208179666152,0.19398770063000667,0.22088692953395012,-0.014776822072162089,0.17834619802309565,0.26040127997004403,0.23794299609113875,0.1758423681850429,0.273203866221188,0.19296750998254716,0.07295156563257058,0.19028482855402346,0.2591320181314815,0.17181974548313325,0.1480646211662956,0.0794116760122743,0.2396414969112025,0.17138985762137596,0.11797549842096518,0.4321158033940431,0.1332878235202904,0.17973919573804914,0.16068091456588873,0.009714700597347225,0.10587305870087989,0.13697907450059063,0.17711621833958965,0.1329031465174014,0.03950526050350706,0.11755537761043995,0.19876795881589546,0.11768817161041772,0.0634714991010373,-0.25941693615466255,-0.07450048024571611,-0.02701723456516124,-0.03359844545572852,0.10186700679073779,-0.13582437302089467,0.035491784798804916
0.08181757106208426,-0.024475648922319248,0.270978645164345,0.3864763540784938,0.16098646579098702,0.3341515382216919,-0.004862916569042007,0.31851925044831286,0.1794673540512875,0.40068763105645017,0.26505100862751546,0.16568963752177313,0.17323747002238835,0.2682386977291841,0.19605532138780646,0.3011370642992421,0.19912175997886902,0.0687775985562576,0.1459208179666152,1.6872410035641603,0.35639914742976203,0.07217784520127794,-0.28277204878867346,0.3441777503786101,0.1277499539211051,0.7124457791487473,0.4322425166326883,0.4553224073320378,0.3408713647540457,0.302739099994777,0.6510501064345604,0.4251880540611299,0.3363514582886319,0.365462577437127,0.2426457136648021,0.29019704531380874,0.6243419988153073,0.7821762038462712,0.8372215238266116,0.3725731171711435,0.5588580444326982,0.40790485799803294,0.44974804778779004,0.1431560944346478,0.33348970557817387,0.5499071401050789,0.36287134910418883,0.10998532009162883,0.17900373333583655,0.2130447901828712,-0.5037931068734506,0.25671829405132596,0.12005372121671082,-0.14837652890149558,0.1665112687207104,-0.0589512023896205,0.3361127615912695,-0.14962298647181413,-0.12949017856611053
0.10334404816880707,0.15549705189812388,0.23018387812606184,0.24529491315671795,0.19934700019004972,0.28787907965497866,0.1154724028827932,0.212247524673237,0.16526075960723083,0.23131721610693215,0.21444654953439235,0.1943985924104143,0.12065637965538815,0.24880907702629032,0.1911119179953806,0.22327016531195196,0.2577627067288892,0.16317953789316783,0.19398770063000667,0.35639914742976203,0.7172877566540428,0.1961929957653325,0.04584234195282288,0.18894789836746148,0.09633956260256128,0.5021177517864439,0.18434002561647872,0.2492748711162,0.26954038958161386,0.13461425501570168,0.26524704536796206,0.2493534519104618,0.21866886272573866,0.12142765138795371,0.10835209853164711,0.25014834696314125,0.08783857768154026,0.20408010227837514,0.3840545443116852,0.21572381221558512,0.36354998181314213,0.323155953245951,0.24747687123063722,0.1111090058058744,0.19855480460290173,0.247566980786546,0.2132913109633218,0.03631930895039382,0.1979865347941325,0.17827668863220336,-0.18735594426495472,0.036837675769891866,-0.02931167312755412,-0.03613045945512626,-0.07327129659700472,-0.039698337481435655,-0.19852029236808116,0.2892771235840667,-0.029810361208412597
0.14082021668475195,0.10504659210252512,0.2885414585070358,0.18865399303445907,0.21310962051114393,0.35601890778390644,0.2714611854603713,0.2707472727881312,0.45782993574479014,0.1944875173489541,0.25446291061208276,0.2911373643363515,0.2127390858460407,0.4017462861836336,0.13079074153864084,0.51039716649487,0.3487961678279297,0.25478273746137287,0.22088692953395012,0.07217784520127794,0.1961929957653325,0.9312436960632767,0.24519582297741702,0.2553668901720045,0.1281867018009691,0.23725675385028885,0.25734815326315097,0.1112269433742978,0.2960069575581815,0.15707162211651013,0.260173023303429,0.4670700530339799,0.16001480057909173,0.3214071019868143,0.14701040133789436,0.3435292187653824,0.1543654473410464,0.13806537097137547,0.40296205223825693,0.11065475658414836,0.19157016406698085,0.098864289067511,0.11036355259144705,0.23350359753901695,-0.0307740530536027,0.18123723634927347,0.24712564596837866,-0.05027132270844703,1.037633195423899,0.1255776814331476,-0.1338907339304654,-0.024138765753937565,-0.001280418747614766,-0.05079678236442075,-0.007926496978334023,0.03215562277080045,0.20711058355997247,-0.06816977201098326,-0.1622167528470515
0.14718152762440762,-0.040927385720309586,0.11938811019266304,0.21007188549256667,0.13746405717339827,0.12727410279338341,0.33546168925501213,0.23809121319006904,0.16495057821265866,0.16403951260832544,0.23800708053349764,0.23816963202079508,0.20280015601763848,0.25600261074569447,0.1572759206132571,0.1940417588535949,0.29767656336612713,0.41375232201531587,-0.014776822072162089,-0.28277204878867346,0.04584234195282288,0.24519582297741702,1.4126374288503862,0.35842643739272834,0.48256711501705263,-0.2725299787666208,0.06711871185506167,-0.5832296893276521,0.5065467281462521,0.3413536228014079,-0.3872684855520429,0.0309692692997636,0.137681146358303,0.3121379111566891,0.2636815268280334,0.24110238082159538,0.5182619889045093,-0.08507012829879018,0.45017089973410634,0.2370804659662593,-0.00098520293289206,-0.22171830949963423,0.18313122381732772,0.3915701422071847,-0.10228994799252562,0.3020408623372357,0.3367971467858187,0.026178808616655166,0.40543352592347337,0.3552367919085741,-0.1941178850263768,-0.04167675015875111,-0.01208686559326095,-0.08925672239772117,-0.1252347893275451,-0.0032792822358038774,-0.1707353817365931,-0.2571975034782937,0.40034561396906804
0.04048006071767435,-0.018907157100645444,0.17171424154799797,0.2771249783607255,0.20832268471759383,0.2589164274642433,0.12163098316085434,0.23787346601153325,0.18147187029961892,0.2598250215236232,0.24703338150548504,0.21877111842782226,0.1818837319904501,0.2945739059465682,0.23607821321726635,0.29214156632439003,0.2442115077646145,0.13097338515033824,0.17834619802309565,0.3441777503786101,0.18894789836746148,0.2553668901720045,0.35842643739272834,0.6986589109099296,0.2738990459880242,0.15439249135806604,0.23068243149440204,0.12845718948243653,0.22444486121627455,0.4495755158993356,0.3021227624011437,0.34191519988291735,0.2902605461694787,0.22850675898741787,0.2936408796518178,0.4268917869663151,0.37659973261724256,0.23851669950576723,0.39109225549808574,0.18379348788148744,0.3329409818058812,0.13064955863212135,0.05805823928514843,0.24210258269830823,0.029975102856829805,0.3653361570977865,0.28631915440917016,0.04162919778281356,0.2670491659059339,0.13135001468466007,-0.1943904615033749,0.03685134682936035,0.04075907478092049,-0.04446573126952817,0.06743249394128645,-0.034963266113928415,0.26939405359136215,-0.6812540930194212,0.4107878914708682
0.22507739953477593,0.05528437836678899,0.21893958651156323,0.30212913659754764,0.263797028896503,0.3219492354011009,0.1969439173916546,0.338167580093014,0.09288110644105987,0.26493879249067276,0.283368812608026,0.2933177245330393,0.1944886881984999,0.2903135070394753,0.24686846766072207,0.25672048383350293,0.31653873156440643,0.2202459167485799,0.26040127997004403,0.1277499539211051,0.09633956260256128,0.1281867018009691,0.48256711501705263,0.2738990459880242,1.15660690073312,0.054597042361035714,0.18760824942159005,-0.05107996943599222,0.5182859803906861,0.31866252878964985,-0.04533273848288577,0.22613483361182102,0.07433926283929543,0.3539324024595927,0.3356145709591531,0.31003639280604506,0.3795959250267418,0.13423059629516415,0.40175574056548674,0.1979140374524461,0.19597552179564098,0.003335788282930484,0.17368601464779745,0.22731433224367162,0.10589162476543981,0.3862689169386575,0.2902674084864472,0.025115409968611682,0.1492404612664921,0.07461270784834256,-0.07263904948685866,0.015980911730978216,0.021460693014399696,-0.06394191680835126,0.00821296892895502,-0.033636339402626045,0.13602613763607932,-0.2375688920018041,0.08933002481131933
0.09475612697853687,0.22156638743791116,0.3832155916746359,0.38729655661153645,0.33393679790932473,0.5893981170719186,-0.0402772538208863,0.38470332249551453,0.33386031101460706,0.3156494315173735,0.26784885833713634,0.18566044944735444,0.10213792261258682,0.37018425144463174,0.38779323505464786,0.18982567914872817,0.21909464042754262,0.13015894597572972,0.23794299609113875,0.7124457791487473,0.5021177517864439,0.23725675385028885,-0.2725299787666208,0.15439249135806604,0.054597042361035714,3.1604922941964,0.2945035803767069,0.7137798388037802,0.21323565476703527,-0.7128623957617403,0.3554433829784578,0.8186842914620203,0.10615612017124983,0.1301026942666955,0.07276911947861611,0.43146236316322767,-0.8409511823569552,0.34448570075728135,0.6975476477562532,0.25309012424295935,0.42049850153232626,0.5649685584073072,0.08015434313684373,0.08135571778769551,-0.016842268036716096,0.10885280027882549,-0.189630479995495,0.02841823837401713,0.22751108835463382,0.48140829080290315,-0.8719492315627404,0.3044138663414747,-0.009664541689395002,-0.10429689313005316,0.046075005525833275,0.022620867371557267,0.4179026977853085,0.13716443341542522,-0.42836463704127137
0.10772009011506635,0.0641894023363383,0.2257300004749106,0.2519148728130023,0.19855844699767078,0.29628639978725974,0.1496826624296369,0.26681358147347983,0.1924303936204663,0.24512381550196558,0.2724884324836897,0.2709325960105235,0.19491440487963996,0.24963510947263828,0.1700914191142247,0.363862326337766,0.24898389233469256,0.1660274129464736,0.1758423681850429,0.4322425166326883,0.18434002561647872,0.25734815326315097,0.06711871185506167,0.23068243149440204,0.18760824942159005,0.2945035803767069,0.4784126731655091,0.2072450365704139,0.2655659480096929,0.16453409828771753,0.2705285787186506,0.36277092788339704,0.16972454514989202,0.2509078127713506,0.2018973736034453,0.3596401126577549,0.22883383267873406,0.2476908354940352,0.3544222328989856,0.17159932407670278,0.2378854246947168,0.13957951641492383,0.24156013909141416,0.13002732573366005,0.10416884786817696,0.30829401596076683,0.20339205491611392,0.03246885011369622,0.2739524078280426,0.08954775019280899,-0.19385003587527969,0.08972457133817775,0.03594705037149442,-0.05561241146711641,0.03998841980536259,-0.0240441962438847,0.20570646655380473,-0.07575185361804283,-0.13244559810071732
-0.013749874933051326,0.14518775811209803,0.26014203967447724,0.11556916489550849,0.1187991664281544,0.24487174873387543,-0.12216507663622347,0.021824498136992155,0.12923876845855495,0.1170611332527407,0.08753900040986572,0.04907614052840697,0.018520348579815576,0.15627740635200946,0.2658248572906724,0.19336539566914543,0.1340257815193705,-0.02543722413295298,0.273203866221188,0.4553224073320378,0.2492748711162,0.1112269433742978,-0.5832296893276521,0.12845718948243653,-0.05107996943599222,0.7137798388037802,0.2072450365704139,2.3359217405715462,-0.24247719761926642,0.041792531159554745,0.5931222294232193,0.38459286822980204,0.3050579574383031,-0.051936678655228025,-0.02722116744597953,0.4909574423833149,-0.1956894658998097,0.2687542452958477,0.12894020145306787,-0.06102438718813731,0.5004984374946158,0.5036803813710632,-0.016954050177962948,0.228466680860317,0.37173962856273524,0.05740085903945026,-0.06066280106573305,0.04927515274807178,-0.28531178655932427,-0.4289749529571906,-0.1732146912413904,0.5524507223732554,-0.14550027922207523,0.06285124952982642,0.02992540285829932,0.009581456276880373,0.3811987870734982,-0.18659816793097456,-0.09373327105022242
0.23787865579955922,0.17163393681545067,0.379449846398898,0.3270513796568883,0.2581017463072933,0.49832819661346217,0.18302015491233697,0.41403322190604097,0.16200901253426375,0.3445761517512055,0.37035067675453753,0.31628034702264424,0.28826568688757226,0.3704382972158585,0.26288200880861606,0.4320613392985517,0.4044802736477959,0.25502909408998004,0.19296750998254716,0.3408713647540457,0.26954038958161386,0.2960069575581815,0.5065467281462521,0.22444486121627455,0.5182859803906861,0.21323565476703527,0.2655659480096929,-0.24247719761926642,1.9458797004885042,0.29732893989872466,-0.230738970816901,0.22170401472743417,-0.0005099971364280962,0.3566993438879865,0.33635755051734795,0.4444471235008002,0.41613152096082207,0.12469279819961619,0.4679738187571633,0.31780262722347813,0.1062022342360748,-0.08233762381245856,0.5293930296276237,0.0026683149697700665,0.36711835459526165,0.6099166491385658,0.3586506559635922,0.00905136007856647,0.2992633307991442,0.6559371135039238,-0.7073032265209761,0.1689502639272094,-0.15636551838883542,-0.02696539066821843,-0.00839086672160915,-0.08862518864210192,-0.3140144428516995,0.28187996534173126,0.04274988635802368
0.05925519242444609,-0.03326379124963203,-0.19973276033827442,0.16020387499173758,0.1186725839922455,0.07749525259030933,0.11325037780201068,0.16072243494960434,0.057802842551192814,0.23792278132687422,0.20483985130298865,0.1581441542653869,0.15734641956983011,0.24347979914888288,0.21968640417523913,0.27527907872568697,0.23706224176256704,-0.007450687145265783,0.07295156563257058,0.302739099994777,0.13461425501570168,0.15707162211651013,0.3413536228014079,0.4495755158993356,0.31866252878964985,-0.7128623957617403,0.16453409828771753,0.041792531159554745,0.29732893989872466,2.6316090290770773,0.13874456640873073,0.032499140845620354,0.37524541523515703,0.06054924558593062,0.6447973304767072,0.3228702620015001,0.8653470252743553,0.26939314132389364,0.11102547036044984,0.09317923907743,0.6879026640264373,0.2693501207604556,0.4366096843339261,0.29948090121201754,0.23270899195149777,0.4999013207903262,0.9023102418496359,0.05934999990113438,0.4845678070960212,-0.19911514113286996,0.003892087550001997,-0.2539894393654572,0.2224440169089606,0.15326939978283785,0.14103105716782993,-0.11260740107980693,-0.16391528556476995,0.0120503993412155,0.12900715451439837
0.08986574243501297,0.02730944859426494,0.19880540620462006,0.2089600755375655,0.17577892430290004,0.20889670875423014,0.053054066670605034,0.17885669690930844,0.2586734185830738,0.27092758726193317,0.20605813969764855,0.12573619923161222,0.1057478940183421,0.24462397244204445,0.19439781514119606,0.20672843611915104,0.17396296803707026,0.33839103569578677,0.19028482855402346,0.6510501064345604,0.26524704536796206,0.260173023303429,-0.3872684855520429,0.3021227624011437,-0.04533273848288577,0.3554433829784578,0.2705285787186506,0.5931222294232193,-0.230738970816901,0.13874456640873073,1.5328931388124873,0.4785737784601197,0.2840097234678642,0.13938234715859793,0.166096956564751,0.49370495085100746,0.09701932768060226,0.40511339294633125,0.2216026706675036,0.093366994322386,0.3929325210524418,0.29522591456726,-0.039558790220214246,0.051386901262752284,0.2048994144562461,0.3402859606223221,0.24225778038123694,0.04536909855752983,0.148364072265676,-0.22416750403125218,-0.04378831000139905,0.2579367546422619,0.06752993078725163,-0.04896941180599176,0.24580068824895016,0.010600771790654067,0.7055476502973755,-0.4276627731619798,-0.3047782441055288
0.13201057684054995,0.09780584568688357,0.32119914478064915,0.3116656129462391,0.23578616484462883,0.43169377731122993,0.14894097491774852,0.33158938208689775,0.34925098327234094,0.2689734345691748,0.2870687761497082,0.3163767932169769,0.1965338577068816,0.3871261096269556,0.2318076595134246,0.40542800651959354,0.2911957273470279,0.20375404256757307,0.2591320181314815,0.4251880540611299,0.2493534519104618,0.4670700530339799,0.0309692692997636,0.34191519988291735,0.22613483361182102,0.8186842914620203,0.36277092788339704,0.38459286822980204,0.22170401472743417,0.032499140845620354,0.4785737784601197,1.0052701734357141,0.12323938255308288,0.2571800422994006,0.10602529320860787,0.6073880018591243,-0.15977648648469975,0.28518558863957844,0.5407557745443432,0.18874640261646283,0.2984473127892475,0.22338262595715275,-0.14463963523313297,0.18610854985994768,0.07768418081129379,0.37503894096700774,0.17910226024395834,0.014909412237682334,0.65665874553958,0.10724429049246961,-0.17870226470734274,0.05634485567209071,0.04644341531505746,-0.07876183667039174,0.05225764430506517,-0.04788534532298476,1.193251581107046,-0.6215094175770874,-0.43554897776915147
0.0601365962384424,0.0257400805832961,0.12663583895923308,0.13815446965065908,0.15962742515568917,0.06706706686887003,0.1386618952526338,0.13679347970303044,0.15292520172672083,0.1672202376340981,0.15100337218238638,0.11847864564950883,0.1089248009501162,0.1398831076832996,0.14852306996647313,0.138465872360136,0.16943621691028274,0.12240661346242893,0.17181974548313325,0.3363514582886319,0.21866886272573866,0.16001480057909173,0.137681146358303,0.2902605461694787,0.07433926283929543,0.10615612017124983,0.16972454514989202,0.3050579574383031,-0.0005099971364280962,0.37524541523515703,0.2840097234678642,0.12323938255308288,1.1568098558912663,0.004245562067520604,-0.21610360637570655,0.1538034093073534,0.4796360821749672,0.2396876648612317,0.14228431472478087,-0.06097002319395003,0.23949549422803715,0.19069996251323726,0.27334888095437304,0.1139731572634687,-0.019098685441561142,0.23384826519879212,0.2894228988318772,0.05252261284759265,0.1659701392625313,0.0543645711159127,-0.0698637471551287,0.07662789625402244,-0.0007595111867197322,-0.12152118030328528,0.10019153121535065,-0.056799147042735434,-0.1182792463377745,0.03740638880621592,0.08211468109554335
0.05297146390549089,0.06846827002269992,0.2990240968971719,0.34930410205642665,0.17591133145684068,0.33099062732251044,0.21191769176035,0.328716499125348,0.29420115396445307,0.33514197458729444,0.2309690035532004,0.24077970403614207,0.22766694158327982,0.27975825706529617,0.1703491173807676,0.32292774077520187,0.27824290089615755,0.30362099942966325,0.1480646211662956,0.365462577437127,0.12142765138795371,0.3214071019868143,0.3121379111566891,0.22850675898741787,0.3539324024595927,0.1301026942666955,0.2509078127713506,-0.051936678655228025,0.3566993438879865,0.06054924558593062,0.13938234715859793,0.2571800422994006,0.004245562067520604,1.382146156207429,0.4189014691211072,0.1278108349237156,0.6964997186169378,0.22327668154521058,0.27322867777765125,0.037019299326098945,0.23483174071208548,-0.07344499431655158,0.40174732252467765,0.3531970553674814,-0.08609556474959262,0.0941549731409925,0.4089046458328612,0.05083254596499728,0.8943397286305088,-0.050175081205856495,-0.1780945838600202,0.11559890652444584,0.14467519385167493,-0.11932884254314507,-0.08334500767838944,0.009464858221817066,-0.033422893003929574,-0.1670565573826727,0.26385410337799603
