2.4013798969363007,0.15857891550799036,0.622842426194377,0.07395890275123153,0.629971581831686,0.04039718526223679,0.5522340790884217,0.36859216819210017,0.13665891036583372,0.5174570081263051,0.23326436639209103,0.3319965174857586,0.34911213187779894,0.6807639023274673,0.20497722353735687,0.3445537900958277,0.18624582321602018,0.4557535819830984,0.19377937213356622,0.05531620985600597,0.24732504494881427,0.25452268610203826,0.5490508127965908,0.1927783929958937,0.31091449219078404,0.0706643792956962,0.08327752640986426,0.08045195447745562,0.37372582811321364,0.1308461425310074,0.21001411773803697,0.005567617491222146,0.37692995516175504,-0.18103781436581257,0.2958655053938506,0.15667233598209868,0.367344822664974,0.05289656836547892,0.3770097707263083,-0.05752007887135699,0.3089500241119621,0.14811115127252647,0.13911667668263913,0.09456027823165908,-0.02499993750166322,0.367752189896523,0.21375270309636488,0.08899870153839355,0.3315899215163406,0.0032852260742954995,0.049536638078448984,-0.2350284393816877,-0.048232986230800586,0.04052846009626501,-0.09256306544419042,-0.022433267410701032,0.02421717880590094,0.041059968642476574,-0.013525360706388215
0.15857891550799036,1.9166329753932156,0.12130355733683025,-0.1983039711180991,-0.012334620049595896,0.23235336372091137,0.05932726898789448,0.14371964796026246,0.12312941691642383,0.05242243506346012,0.11545100194743681,0.08396686597293002,0.05385090268309194,-0.031939237635758407,0.28505289820939744,-0.030205627294564837,0.05316886516234887,-0.03024998236171211,0.051916421657026104,0.18529094143300343,0.14228707618952302,0.037005853218947886,-0.177085147180664,-0.005415429036462096,0.0644967693026172,0.10738295812646383,0.13638836988207415,0.03575439149786376,0.14209262918773277,0.038443125593809975,0.09197436551860914,0.06870360244016649,-0.03221456849721198,-0.02577072936581904,0.19550148713451407,0.09702533171107862,0.014207258065761052,0.10599487585749427,0.1355810541686258,0.06152343018174911,0.02920416211850316,0.03538664111358143,0.0384925333267955,-0.02813357777076156,0.15611615671121054,0.060398058315092026,0.006664439076653753,-0.008189542898217567,0.05874054300082271,-0.12610673040361317,0.3122236972719608,0.24653688394070122,-0.10904231802127455,0.08941738068252134,-0.014798215407911885,0.013127320734017903,-0.043529235499139465,0.08445231998228168,-0.1027601752268858
0.622842426194377,0.12130355733683025,1.98923889712583,0.1535323960864699,0.21186765586080614,0.09149235013869032,0.1277573218498948,0.4182687423829015,0.2992013656640271,0.5711967412496661,0.31823435773125003,0.23207864707251455,0.2746128253410417,0.3194906361928665,0.2374625305161233,0.2109153271246488,0.263365644465426,0.3718029771689607,0.18269591449327754,0.22103036670337964,0.2331051726821444,0.2850518019657287,0.3583540689190947,0.19766149074402428,0.2680688591532269,0.0871442247622555,0.205171274351499,0.1802926859761863,0.37481866735718555,-0.2406771805730144,0.2475013572973639,0.07975477691767674,0.3222288440257123,0.2832695260437744,0.3219369065664828,0.18505793476364726,0.5087168151094794,0.12432903267532368,0.35501927257797716,-0.3814884361008455,0.1947915508210436,0.1824834626634494,0.21597336889867277,0.04954542165081904,0.0737688480724782,0.4586402413886122,0.09608740896838887,-0.004072663115337295,0.05733616320583282,-0.05990728473911133,0.1533012357380457,0.00786660901125289,-0.010017572583673123,-0.04800082341420774,-0.09249692403299876,0.008835878609395675,0.026576973090846546,-0.04374521248644995,-0.023156111548050078
0.07395890275123153,-0.1983039711180991,0.1535323960864699,1.0255074406486095,0.17423675200676422,0.24133229676753146,0.21095274527667118,0.21684439570379369,0.07519935414804035,0.09832959484552602,0.17724983011931555,0.23434842685996832,0.27658162736167086,0.3427411619837587,0.08724973020172613,0.295211710542937,0.14480679556434928,0.1856517548571753,0.12214917675238028,0.10890358827737211,0.12404080322433234,0.17398232920190665,0.17012391153214693,0.17888012307874032,0.1680121988149642,0.12390138795296692,0.0965048292369631,0.11764134786088547,0.1549909404365243,-0.01774405886688024,0.10630059755929115,0.20998701795747074,0.17833845217148006,0.2480741610445585,-0.0558745363870084,0.09901266321361937,0.1373831316046761,0.06333046510409937,0.15480690096731212,0.0025040708696268807,0.04918185847521627,0.07536603045307338,0.12324799038182804,0.07946881554172715,-0.09087343821472141,0.12581176034573047,0.13154750895178519,-0.0027626978009213285,0.08909863457524868,0.027165538501529474,-0.061969691509378685,0.01198017136803511,-0.019382424073149288,0.0020434657317323314,0.0423517273393961,0.06724754659731047,-0.14115635047378505,-0.027727524276175763,0.05540286614707496
0.629971581831686,-0.012334620049595896,0.21186765586080614,0.17423675200676422,0.9038815948380097,0.030768600600253042,0.23817444058759804,0.22452752697472853,0.15365683184211104,0.18614616179596488,0.12368241411808743,0.17221281989440942,0.21085059490512228,0.2245745183349589,0.10454279098210816,0.326891908295329,0.12494038219203225,0.2158969485160455,0.24063235414462303,0.01631867884895324,0.12028853139852158,0.22371506244127726,0.21190570834899844,0.14261662175338188,0.16028001960636923,0.1777268625980899,0.08367987553537098,0.057523336618162536,0.12502093565138028,0.07292301224410334,0.1332118885547153,0.11129674738216501,0.208906883083289,0.24925434377655972,-0.010733838776845514,0.15041988655563893,0.27584965721734994,0.029973963786263325,0.12130196322165611,-0.03935182303890127,0.15742495816221957,0.14554101870487035,0.059857834741544186,0.04008523263756608,-0.17496251366732735,0.21518976451425892,0.1374600318881364,0.03201689491737517,0.17042946180461374,-0.0027109500446759927,-0.08957096374593997,-0.2134359665427406,0.1013902385349412,-0.008619668262332389,-0.003527429890588179,0.012313471257605072,-0.12796312800551332,-0.006542198882653496,0.12277305574409395
0.04039718526223679,0.23235336372091137,0.09149235013869032,0.24133229676753146,0.030768600600253042,0.7410035370954449,0.06668502216675402,0.2888609553854358,0.14407889540497446,0.061132514167600675,0.20758088909849767,0.21893628585724556,0.21065893895839527,0.1526368230528111,0.24385985934766527,0.11318780517800692,0.20555072989806186,0.17381476071564,0.24405799162822922,0.18862689450192294,0.1489163425991162,0.1333282260627252,0.03498729836479526,0.12036275710082864,0.1618044755509307,0.13219766057113758,0.18828250458874496,0.15103757223831818,0.18712107552259893,0.05712886830063217,0.13602933396695732,0.1719924437624959,0.12167979634386089,0.1380647879442344,0.21424424822956217,0.08767769939297537,0.14670009050681546,0.10031512190473432,0.25090684508743294,0.04315801818089512,0.04386999101750687,0.09241381996858244,0.17330470412651228,0.05246421145763328,0.01513151200335274,0.1537240288083611,0.22275156280079725,0.053247837669999284,0.11382553003990593,0.03341154410910779,-0.24500970515571477,-0.0742170909782439,0.010832723349165444,0.04802497779947625,0.026167834100732038,0.009126571113417761,-0.08523205543822404,0.027682843982614978,-0.03284009018046912
0.5522340790884217,0.05932726898789448,0.1277573218498948,0.21095274527667118,0.23817444058759804,0.06668502216675402,0.5273771918689245,0.12794581390860912,0.18771085123371997,0.1466581993374289,0.19181629776405804,0.2676002966935192,0.1917202623491121,0.14623827183255553,0.06864133745901697,0.22988091558546384,0.14542788449988286,0.19481017832057917,0.0872904139066238,0.07006255334905523,0.13293489840325037,0.20497204572019284,0.22573006190734937,0.1258370471253212,0.1630124838475704,0.12188857941905015,0.1168021435750722,0.042501720620034454,0.1956315517933238,0.02384555925582893,0.11560886210415837,0.13423620081610804,0.13618838792021942,0.13526120200101827,0.1541052918657405,0.10332340488247377,0.1282790259196289,0.04745549877240404,0.21491701389538323,0.0023234314312089352,0.035433940427452,0.09754763700201928,0.08624830554176316,0.038638943538279465,-0.003816283758573292,0.1499431161959066,0.03213538228296217,-0.010283386470200695,0.16069060298973956,-0.0553695395795456,-0.01769525548125246,-0.028995423297512563,0.09353168498713192,-0.021587506149622935,0.04950122704074651,0.046072322907418285,-0.09898741446019342,-0.029165980074448452,-0.041820219929037825
0.36859216819210017,0.14371964796026246,0.4182687423829015,0.21684439570379369,0.22452752697472853,0.2888609553854358,0.12794581390860912,0.6311907459360115,0.05613248381652884,0.22289705698855708,0.2216820373619216,0.06324194530455922,0.26325078497494553,0.2545870345921017,0.18461255692477946,0.18425642521464658,0.18042480956191034,0.21146477961346002,0.185485570276499,0.16457465312502512,0.1222264952481438,0.13278950694667355,0.13814965370876875,0.10164618661558851,0.2028443906292423,0.1773207724628021,0.16904598846522972,0.05547751213850735,0.2090239475880502,0.07341465317120464,0.1338495755571751,0.04139123772704962,0.12143071712729062,0.17782997925652475,0.2883437991733178,0.0845843517003577,0.28957738110217845,0.09228234360932508,0.2230318431141957,-0.04752228300883528,0.13598780958330467,0.1313587898242928,0.16922237945171772,0.0458465689079132,0.026023903535685764,0.20917444546386094,0.21718900872758157,0.0718004137260975,0.1460845930982035,0.07832966782033032,-0.06491177506184198,0.042470610846758294,-0.04706640885273184,-0.013098716504631097,-0.0590125536030756,-0.06445409255744719,0.022608068446104447,0.04839589160697943,0.005277628502941091
0.13665891036583372,0.12312941691642383,0.2992013656640271,0.07519935414804035,0.15365683184211104,0.14407889540497446,0.18771085123371997,0.05613248381652884,0.5154057853867225,0.041461860679604334,0.16102813487054418,0.15768785195316723,0.10740378137489297,0.06537349999477603,0.1320533713829339,0.08442732176149627,0.14762638649761087,0.12870067331530838,0.11648715649495903,0.10810063530913225,0.1354061364859179,0.25117581821084667,0.13296516241739126,0.11896954395518117,0.0982802260194801,0.10495643403540968,0.12322659721876231,0.13595464961191248,0.17225417152929842,0.03154729133672618,0.13368909619739483,0.16530588762868187,0.1618018468916458,0.03172494216590386,0.0763219983923127,0.13618256789409802,0.13833447053740316,0.06767930748907854,0.24462276440850247,-0.06651471591624412,0.006298918872768517,0.056219688288984,0.060439052447150136,0.0038494380487799876,0.0024538798693937124,0.14912941703139582,0.05069627220720044,-0.08424494766342282,0.09512392322813036,-0.08185138705691922,0.03294284304060009,0.04581347093643544,0.11007021599318513,-0.054164020481651906,0.04810158163555296,0.05361066161034213,-0.06610108350713864,-0.05066636192086877,-0.05069209794938111
0.5174570081263051,0.05242243506346012,0.5711967412496661,0.09832959484552602,0.18614616179596488,0.061132514167600675,0.1466581993374289,0.22289705698855708,0.041461860679604334,0.697574743035992,0.06739725234599724,0.16978773292215052,0.17215817941664044,0.28609213189569316,0.09509140170452364,0.20258245859103965,0.1611049665272777,0.24087616676486076,0.07954955737666987,0.11540617208560312,0.13544609382137157,0.1594114202478569,0.250301981372727,0.15317111643556283,0.18185220906550434,0.1303135518270807,0.11872537977595353,0.1217769096238634,0.18971136173193734,0.002721942486670066,0.14545811213736162,0.06908267292956824,0.1899075167210742,0.3346441299350974,0.23314285412127456,0.07271056525061162,0.32252382058019796,0.06869186903554705,0.12585786348699107,-0.0744069155018516,0.19544142926027103,0.1519769584118392,0.1883517687789844,0.05045296383388891,-0.05181965215176853,0.2452848580505831,0.16646201146186307,0.07353017480599569,0.1878896068341573,-0.07815134151366937,0.04938001291552574,-0.21917589095926526,0.02484961195474665,0.03764340056390622,-0.04408891713641276,0.014678761499447721,-0.01622961252592555,-0.047135826775388606,0.0793340579472845
0.23326436639209103,0.11545100194743681,0.31823435773125003,0.17724983011931555,0.12368241411808743,0.20758088909849767,0.19181629776405804,0.2216820373619216,0.16102813487054418,0.06739725234599724,0.5574123731331038,0.21402398755916277,0.3157648479839674,0.10604903750948995,0.2575113488183696,0.1533027035830971,0.18667392148141115,0.2186499919764608,0.09649629494234904,0.22539795982691457,0.1664935264763633,0.1571522886577426,0.21359120704790435,0.15093402449526583,0.17511401976525395,0.07242710961299169,0.18049890312092498,0.13544561619319356,0.28235259152016867,-0.043281746155173856,0.15128091083328174,0.1642689772679923,0.1557949292382304,0.10778761201619692,0.230829395033047,0.08339714683972398,0.2002103555068654,0.11505636990430186,0.31178019854916944,-0.020292935240594525,0.0020763622518818548,0.10838786347825957,0.1376225176404493,0.0213070711534608,0.07783031419549648,0.1956903869559608,0.08702611560026655,0.03165471205461703,0.08815006473282512,-0.0036717127156064458,-0.000823255174171739,0.07655417237733855,0.09457490245843883,-0.041808494073776764,0.036619017149441796,-0.0075928694008381235,-0.07008161152837991,-0.01323133244656105,-0.01811802214778344
0.3319965174857586,0.08396686597293002,0.23207864707251455,0.23434842685996832,0.17221281989440942,0.21893628585724556,0.2676002966935192,0.06324194530455922,0.15768785195316723,0.16978773292215052,0.21402398755916277,0.5629761929716928,0.18185777847124937,0.17824108302721473,0.15469284188627302,0.1643394483486102,0.16127722139001313,0.24471382399768615,0.11564055273444189,0.10836351864974954,0.15857342236962582,0.16427645031951332,0.2127811320133364,0.13447435393481047,0.1918395118493594,0.11922035537143087,0.15455592465873907,0.009319865720148212,0.20371973208342462,-0.07567772516632881,0.136993922114989,0.18052152126067952,0.15228849168459271,0.16566616490912547,0.21257480048032995,0.09848602471375179,0.09040055410970016,0.06281603469329669,0.24510958600734326,-0.0008618237803631282,-0.0030589719467803457,0.10268112465311838,0.11449549953423949,0.03336286861257573,0.004788407465466403,0.16202083054301047,0.07692098084816529,0.02005306789272635,0.13248587030420794,-0.03679861638867216,-0.016850990608398935,-0.10926912617001266,0.07306721964282402,0.009347737999741285,0.04934924058569155,0.07967231450349406,-0.12562150399378103,-0.05715685382571487,-0.05576876792775741
0.34911213187779894,0.05385090268309194,0.2746128253410417,0.27658162736167086,0.21085059490512228,0.21065893895839527,0.1917202623491121,0.26325078497494553,0.10740378137489297,0.17215817941664044,0.3157648479839674,0.18185777847124937,0.8115237699090054,0.26057755293386703,0.04376007792358704,0.30594252796660193,0.18882205315909378,0.2929548058958236,0.1803085109823111,0.09066663245788643,0.16359536926622578,0.21784173186022734,0.28800820322886406,0.16113517151952644,0.198500815079608,0.05172330303449731,0.14722406769831023,0.11738768121850357,0.3541453122001212,-0.020340141073408056,0.13105565955212037,0.10457399867228237,0.1868376754811753,0.16191377258942086,0.2725177408728377,0.07719653183945491,0.26418195670017847,0.04754555007968381,0.2513265747093124,0.003505492422192185,0.10600048055104547,0.14864178098001912,0.20547006952144656,0.07471331676956378,-0.005936459902906963,0.2547034223481916,0.15889187550155057,0.03911629897679467,0.1392563488924915,0.02051695078461526,0.04628059377164746,-0.044759654003482585,-0.01500034868179469,-0.024510758045120602,0.0891097832514352,-0.08127553661268079,-0.08163842389344503,-0.11166026983465893,0.1542420295858682
0.6807639023274673,-0.031939237635758407,0.3194906361928665,0.3427411619837587,0.2245745183349589,0.1526368230528111,0.14623827183255553,0.2545870345921017,0.06537349999477603,0.28609213189569316,0.10604903750948995,0.17824108302721473,0.26057755293386703,0.8385107218924102,0.14499559860687083,0.17550414279935592,0.12606819351345433,0.20493379571055834,0.1174813086168827,0.056221877860005195,0.15316467249875215,0.10454342705803629,0.2982917909736481,0.14989229394521406,0.18461939875933914,0.07805986383646078,-0.016119814761554063,0.15663303369073858,0.18590380667596565,0.06573725940005445,0.1075976005733987,0.025960429320996032,0.23879039129660073,0.054742728546153994,0.1333951810577624,0.04682297834508061,0.2396798111456249,0.034109687542022135,0.15094662628942043,-0.03293939124594273,0.24453059558907503,0.10005483520669833,0.15524910866534927,0.07860737320806957,-0.12359092615799183,0.18459303664063717,0.20312663584698643,0.10132567529994314,0.2658143523204336,0.014036795760255669,0.028014074393577747,-0.20925196516649897,-0.141499877960539,0.0832839680402317,-0.12573199235052437,0.02332531377033908,-0.06966377456370802,0.08887209661676991,0.11262850808813071
0.20497722353735687,0.28505289820939744,0.2374625305161233,0.08724973020172613,0.10454279098210816,0.24385985934766527,0.06864133745901697,0.18461255692477946,0.1320533713829339,0.09509140170452364,0.2575113488183696,0.15469284188627302,0.04376007792358704,0.14499559860687083,0.8013448817998008,-0.007425117115047667,0.20317015556862086,0.11279399431368928,0.14084759399739327,0.1869378225023915,0.1460707736533426,0.07048997952464753,0.1494152090231489,0.1513948641302405,0.19773542538126831,0.07693477117380616,0.14380252480360337,0.28990253678831224,0.20772490706461327,0.062303987552656336,0.1332366659010036,0.14587164892291027,0.19128620115318207,0.13034924568937076,0.14001717491452118,0.07407575580209261,0.23213187308965713,0.09438567114087751,0.1940886484723246,-0.05069924067365337,0.06863720204866063,0.10146705898294635,0.053235825006488324,-0.011166590811365692,-0.02245876832110538,0.1725556486789609,0.11424711744925975,0.08175291739690517,0.11037481967377873,0.28589880403550616,-0.043042333223562476,0.1539867527497428,-0.1072067780101278,-0.03245117875012496,0.0391330947897711,0.05873327961118255,-0.18779823853764965,0.033894548042065015,0.0321476630024914
0.3445537900958277,-0.030205627294564837,0.2109153271246488,0.295211710542937,0.326891908295329,0.11318780517800692,0.22988091558546384,0.18425642521464658,0.08442732176149627,0.20258245859103965,0.1533027035830971,0.1643394483486102,0.30594252796660193,0.17550414279935592,-0.007425117115047667,1.0712081906030004,0.2092661093429379,0.2340056322695059,0.16083971601060215,0.1699558308331982,0.1461828738756126,0.4885032190763677,0.12971086781802477,0.18477378111432846,0.25941430854826136,-0.0019982443760591232,0.37448124955501244,0.19920879204488662,0.47117569686574884,0.0734919010446044,0.18534934766174072,0.21425378591415933,0.046767666341155194,0.2814602399746646,0.48081346272343484,0.1432670477410011,0.2554941909814602,0.09835655322579413,0.30450147519819826,0.05533431018972639,0.0645257466677662,0.1616746002437269,0.3101537334947961,0.0685238805296095,0.06416443696296979,0.16949945396990776,0.17492378276931955,-0.19714434608927603,0.149366983228871,-0.30706671085183634,-0.06934065151294871,0.07579152827253095,0.20558864130233298,0.07598381268146842,0.12875949242999501,-0.018365403969720792,-0.17541848644848054,-0.15803388850955585,0.21505249325257977
0.18624582321602018,0.05316886516234887,0.263365644465426,0.14480679556434928,0.12494038219203225,0.20555072989806186,0.14542788449988286,0.18042480956191034,0.14762638649761087,0.1611049665272777,0.18667392148141115,0.16127722139001313,0.18882205315909378,0.12606819351345433,0.20317015556862086,0.2092661093429379,0.571935932864303,0.1959622381194286,0.1395805884803117,0.2746199260042957,0.22498648854728562,0.23271627011542292,0.19118902925606293,0.17133590748706334,0.1881125510718622,0.01953581956210409,0.3147241128175236,0.5028028899150063,0.28971030845533163,-0.04410916873749737,0.18978625846183733,0.19760474775073827,0.2006948174430196,0.20003557529552207,0.2533985269205505,0.09784128591599643,0.33750773447226157,0.13760704935462628,0.3191642185011984,0.04329241068851356,0.09401217433677479,0.2650531915698806,0.29941488030793606,0.05066442640961852,0.16699173700282688,0.21713303759611544,0.12024169780991006,0.05246187053818124,0.16790324790691058,0.04949281546313059,-0.01456735061176116,-0.16049879843468282,-0.0506851395823142,-0.03976890635293241,-0.03388857290160602,0.013120453381949837,-0.1297114941721048,-0.0021456383524770515,0.0574877946346912
0.4557535819830984,-0.03024998236171211,0.3718029771689607,0.1856517548571753,0.2158969485160455,0.17381476071564,0.19481017832057917,0.21146477961346002,0.12870067331530838,0.24087616676486076,0.2186499919764608,0.24471382399768615,0.2929548058958236,0.20493379571055834,0.11279399431368928,0.2340056322695059,0.1959622381194286,1.076699858710278,0.14994348281949282,-0.0821897426285808,0.15574759397162333,0.20430000007404667,0.5768133216282346,0.10745826725725385,0.24268983061239405,-0.20979026476920673,0.2742228615971071,0.29552895042745964,0.2603618046350627,-0.06743309359073811,0.2241642589383632,-0.044659608510751,0.3309725347272009,0.16193699216476343,0.2497790981549816,0.1090913292420507,0.3575487390601913,-0.05017892975950286,0.35611316449280334,-0.10458976349781154,0.030078373994663257,0.08051332860464636,0.3051078409891162,0.08193332314617115,-0.01271812773754024,0.2137756190389384,0.40992245786305187,-0.03517817250596768,-0.12081338632772438,0.08443569472287207,0.18082245544585185,-0.43206772187609255,-0.301889002121401,-0.040799655029774125,0.11934579595481536,-0.04535241413051337,-0.09360432074434577,-0.07896159025710463,0.08993668072938504
0.19377937213356622,0.051916421657026104,0.18269591449327754,0.12214917675238028,0.24063235414462303,0.24405799162822922,0.0872904139066238,0.185485570276499,0.11648715649495903,0.07954955737666987,0.09649629494234904,0.11564055273444189,0.1803085109823111,0.1174813086168827,0.14084759399739327,0.16083971601060215,0.1395805884803117,0.14994348281949282,0.5237741994446413,-0.023014433858414358,0.12039356888819379,0.15243700710127364,0.033545756620287664,0.08854355228830704,0.13810623781057285,0.026243664499483527,0.1428340672449201,0.12618080966172762,0.12813808006821692,0.07043235664148967,0.13023721020856335,0.02669152388682242,0.1834391971933007,0.09286883845507624,0.09992819609883793,0.14328790936109254,0.25112426722334585,0.013234555434957206,0.2055627385990772,-0.02667174125963365,0.14170785863969515,0.10153001389477696,0.022406069388807546,0.012623217399326618,-0.01974951081041809,0.17616555297159892,0.10646097581198823,0.04797888723380107,0.10278852063171014,0.07532804275505614,0.16151887471434803,0.20561245312332443,-0.20939552261091218,-0.02683693984161269,-0.005533147902105113,-0.0029482730591064016,-0.05582869809624024,0.011631199273985945,0.028706985487690476
0.05531620985600597,0.18529094143300343,0.22103036670337964,0.10890358827737211,0.01631867884895324,0.18862689450192294,0.07006255334905523,0.16457465312502512,0.10810063530913225,0.11540617208560312,0.22539795982691457,0.10836351864974954,0.09066663245788643,0.056221877860005195,0.1869378225023915,0.1699558308331982,0.2746199260042957,-0.0821897426285808,-0.023014433858414358,1.3805037107963685,0.2568548505153906,0.11697584517997585,-0.15980447899100766,0.2556405688607028,0.13593690429970193,-0.09203310749872676,0.3746188142684046,0.3127304312191172,0.39883349729507495,0.119477996144109,0.26483085766714504,0.47665171293627356,0.1564649953695112,0.2336941187939286,0.27352711695065185,-0.09968687685250731,0.5272524911979138,0.6578782019682262,0.6434613378877897,0.09253997045551306,-0.21001431641991847,0.0862247576358932,0.5830902319363388,0.07646123379561402,0.6213953922853297,0.10046804113328328,-0.05788991638777824,0.21046517560657343,0.48154679338706,0.012498814938502752,-0.21324991740999322,0.22589223597632332,0.3078138309416359,-0.013559109247564358,0.02778017305192988,0.0004428855127081256,-0.10614220804431909,-0.04870333587911955,0.09382435678634825
0.24732504494881427,0.14228707618952302,0.2331051726821444,0.12404080322433234,0.12028853139852158,0.1489163425991162,0.13293489840325037,0.1222264952481438,0.1354061364859179,0.13544609382137157,0.1664935264763633,0.15857342236962582,0.16359536926622578,0.15316467249875215,0.1460707736533426,0.1461828738756126,0.22498648854728562,0.15574759397162333,0.12039356888819379,0.2568548505153906,0.4586944783220513,0.16862762588109373,0.19754150955794098,0.1827336648005782,0.1338268782273323,0.07527795210709952,0.10483129009367952,0.1987392272504122,0.3269480941636988,0.020382495814641095,0.2050870831700627,0.1592314453973505,0.272989588898183,0.07082886183295828,0.1621561977998735,0.1917671455675821,0.27588708417247004,0.1399605336493066,0.3136528985237383,0.11000013506324005,0.21881915280852277,0.18400285383876655,0.25234030620374104,0.06199980830117947,0.1584266716920626,0.2590651544199547,0.08905493177987922,0.08124217561372701,0.2024952964055346,-0.05563933127367403,0.017994372542104686,-0.053384185792402,0.0541219357851399,-0.009254891706856153,0.006794342368899692,0.003845841306291915,-0.22866041799828674,0.015152707546057126,0.16384299557722445
0.25452268610203826,0.037005853218947886,0.2850518019657287,0.17398232920190665,0.22371506244127726,0.1333282260627252,0.20497204572019284,0.13278950694667355,0.25117581821084667,0.1594114202478569,0.1571522886577426,0.16427645031951332,0.21784173186022734,0.10454342705803629,0.07048997952464753,0.4885032190763677,0.23271627011542292,0.20430000007404667,0.15243700710127364,0.11697584517997585,0.16862762588109373,0.7633008157394392,0.1480699762798337,0.17751938445017784,0.17296755774486844,-0.007058741410269462,0.32828930393215017,0.19950696085537875,0.45367524590123326,0.035927858930343365,0.19956400311947883,0.2691317042398569,0.12657796225914208,0.2193488975695673,0.2708758680917515,0.2438333545114378,0.1675635244589154,0.08926040728424901,0.3805266705307164,-0.039464963901358605,-0.01856076449262851,0.1382247903245751,0.2341281406803514,0.03350830007061855,-0.014707438732570239,0.18701268536109175,0.12739441412789324,-0.3923334554039054,0.14785581201357212,-0.1569126812228413,-0.013742683520385851,-0.016798403778909,0.13754710177118792,0.012711072866104386,0.08458400893536529,0.022284485228045117,-0.12793623494627074,-0.13453152793444606,0.1016517957747935
0.5490508127965908,-0.177085147180664,0.3583540689190947,0.17012391153214693,0.21190570834899844,0.03498729836479526,0.22573006190734937,0.13814965370876875,0.13296516241739126,0.250301981372727,0.21359120704790435,0.2127811320133364,0.28800820322886406,0.2982917909736481,0.1494152090231489,0.12971086781802477,0.19118902925606293,0.5768133216282346,0.033545756620287664,-0.15980447899100766,0.19754150955794098,0.1480699762798337,1.5141124900439509,0.3560782844437131,0.40896135593804644,-0.12291277217101157,-0.02535165605404912,0.206103309249455,0.3844252297551421,0.07071723479807478,0.05973679519090968,-0.045133760146228906,0.61481151122774,0.20651244175443262,0.2262314787616353,-0.08936831161307235,0.5824348549936561,-0.10049473061888528,0.3980923939983029,-0.19412957304940887,0.1323071150837946,0.14560817538126258,0.12841570358958063,0.08103526521669722,-0.20045773826073174,0.2992659752921414,0.32816238342173115,0.2374725620900971,0.2866304865045208,0.06609178313329298,0.073210259314509,-0.24088541842639247,0.06622854001004862,-0.0575209583387149,0.12587171339342537,-0.02098952416087162,-0.2230117650711713,-0.16527306183114257,0.3078868551768951
0.1927783929958937,-0.005415429036462096,0.19766149074402428,0.17888012307874032,0.14261662175338188,0.12036275710082864,0.1258370471253212,0.10164618661558851,0.11896954395518117,0.15317111643556283,0.15093402449526583,0.13447435393481047,0.16113517151952644,0.14989229394521406,0.1513948641302405,0.18477378111432846,0.17133590748706334,0.10745826725725385,0.08854355228830704,0.2556405688607028,0.1827336648005782,0.17751938445017784,0.3560782844437131,0.5834413950125373,0.1974656838909114,0.11894998936042872,0.06184896192245896,0.2358582348104815,0.20146763230562933,0.21297142273735792,0.16674168634537004,0.4182971941500586,0.4492506180829957,0.2525845029418315,0.11038491942645343,0.03990309158541185,0.3156689955637922,0.13997256473606673,0.1415058969363762,-0.10030823383599714,0.07865626859823797,0.10575267678533934,0.14691871331279482,-0.002318774934176233,-0.18827229202779946,0.18310806596947235,0.1624757673117124,0.06730694414519925,0.2898580591667029,-0.09486700403204631,-0.031292691817223155,-0.058643462189050574,0.21547317293357846,-0.04103723823304284,0.13282548361028562,0.03300944723672782,-0.1898824077246342,-0.2879139852515742,0.36699884735037774
0.31091449219078404,0.0644967693026172,0.2680688591532269,0.1680121988149642,0.16028001960636923,0.1618044755509307,0.1630124838475704,0.2028443906292423,0.0982802260194801,0.18185220906550434,0.17511401976525395,0.1918395118493594,0.198500815079608,0.18461939875933914,0.19773542538126831,0.25941430854826136,0.1881125510718622,0.24268983061239405,0.13810623781057285,0.13593690429970193,0.1338268782273323,0.17296755774486844,0.40896135593804644,0.1974656838909114,0.7652136674956483,0.059467864766454666,0.21971066422988553,0.16593677300694895,0.5712155928382117,0.15761330809835092,0.12196066967812891,0.1550899328203409,0.17209061858289665,0.2644277176138972,0.35768038378695816,0.075537701896181,0.362002632957691,0.08743887156204701,0.2543035772172871,-0.07578474217333887,0.04362567248008157,0.1399982963863811,0.1770122863194319,0.05039945064563969,0.0778461882752586,0.25643071252655586,0.22514074379291157,-0.009796272124528663,-0.016918693964585427,-0.043262210489437056,0.0527013135110085,0.053289975159452614,0.1006637004815815,-0.00963211792823538,0.0612199013727891,0.07071814575964505,-0.09764590415382537,-0.10446902645651059,0.04032714265594729
0.0706643792956962,0.10738295812646383,0.0871442247622555,0.12390138795296692,0.1777268625980899,0.13219766057113758,0.12188857941905015,0.1773207724628021,0.10495643403540968,0.1303135518270807,0.07242710961299169,0.11922035537143087,0.05172330303449731,0.07805986383646078,0.07693477117380616,-0.0019982443760591232,0.01953581956210409,-0.20979026476920673,0.026243664499483527,-0.09203310749872676,0.07527795210709952,-0.007058741410269462,-0.12291277217101157,0.11894998936042872,0.059467864766454666,2.3057274134135297,-0.5128318384998231,0.09225112698263888,-0.17824376827147584,0.04109085567079569,-0.06523722281239312,0.3164873712443702,0.11906210195117294,0.3057351850292999,-0.07638817360141047,-0.016650321879743763,-0.02351382880424634,0.013318333722170539,-1.1421032099649286,0.17527148723551536,0.6702358635901002,0.18459340302694058,0.006752492966492574,-0.12468551122482532,-0.6657141608693459,0.3794079925738337,-0.036417694248976555,0.44459506692976813,0.6660444586710852,-0.04574066568051777,0.06655674192608839,-0.5004894780096611,-0.06529800137940588,-0.041503020989722146,0.018969931701484925,0.07045634816208914,0.05548496146186596,-0.0470343628866937,0.013118757194123429
0.08327752640986426,0.13638836988207415,0.205171274351499,0.0965048292369631,0.08367987553537098,0.18828250458874496,0.1168021435750722,0.16904598846522972,0.12322659721876231,0.11872537977595353,0.18049890312092498,0.15455592465873907,0.14722406769831023,-0.016119814761554063,0.14380252480360337,0.37448124955501244,0.3147241128175236,0.2742228615971071,0.1428340672449201,0.3746188142684046,0.10483129009367952,0.32828930393215017,-0.02535165605404912,0.06184896192245896,0.21971066422988553,-0.5128318384998231,2.535648996965123,0.7618514247819749,0.1229580100092699,0.00785705152642307,0.38669600130135434,0.307159792158376,0.03051469578484189,0.19637367663028898,0.4994354360553972,0.44159771951043125,0.13804444175746602,0.16356154347595314,0.6195139135108682,0.17328437085317014,-0.23320636731426744,0.17587524778793978,0.964296256356068,-0.04794427569448987,0.13474186033850744,0.031506047866427675,0.08400022107105001,-0.13564538432940046,0.40377657582674614,-0.14551771756099838,-0.06703980421084339,0.28758255159318347,0.19342872820600376,0.16616228781143078,0.2826989169164122,0.010086246219349726,-0.05243446560480475,-0.11071444751014412,0.07347128385596341
0.08045195447745562,0.03575439149786376,0.1802926859761863,0.11764134786088547,0.057523336618162536,0.15103757223831818,0.042501720620034454,0.05547751213850735,0.13595464961191248,0.1217769096238634,0.13544561619319356,0.009319865720148212,0.11738768121850357,0.15663303369073858,0.28990253678831224,0.19920879204488662,0.5028028899150063,0.29552895042745964,0.12618080966172762,0.3127304312191172,0.1987392272504122,0.19950696085537875,0.206103309249455,0.2358582348104815,0.16593677300694895,0.09225112698263888,0.7618514247819749,1.9978638084759044,0.2578576775299041,-0.1218487657277965,0.22067728207287746,0.327310865871706,0.35438537210849136,0.2125510818607208,0.14417918215738423,-0.04255378133217698,0.3747921097715124,0.13470902199727985,0.2165035754726567,0.10510754213620199,0.05464990586749491,0.05712939824836219,0.5361297464627957,0.029798727604695076,-0.1591563539413291,0.10080449071747415,0.09895242070383112,0.0925026661731967,0.49345033936729943,-0.008384426186173568,0.0045536809204760826,-0.04470013304465302,-0.13273922386677864,-0.011657879132389033,0.3395386643651701,-0.003982271593534796,-0.19719444765394162,-0.18037331237953877,0.45930200925348963
0.37372582811321364,0.14209262918773277,0.37481866735718555,0.1549909404365243,0.12502093565138028,0.18712107552259893,0.1956315517933238,0.2090239475880502,0.17225417152929842,0.18971136173193734,0.28235259152016867,0.20371973208342462,0.3541453122001212,0.18590380667596565,0.20772490706461327,0.47117569686574884,0.28971030845533163,0.2603618046350627,0.12813808006821692,0.39883349729507495,0.3269480941636988,0.45367524590123326,0.3844252297551421,0.20146763230562933,0.5712155928382117,-0.17824376827147584,0.1229580100092699,0.2578576775299041,2.9056034717390387,-0.2899952368766373,0.02161080403703976,0.39938404263683486,-0.07211553640180067,0.1656566349205519,0.6940892623159545,0.05993268601300904,0.28426671970760825,0.1612028566289267,0.491845328035462,0.22737947918259196,-0.11736614289546728,0.21282052268453425,0.30219208097868894,-0.09421677760810881,0.5693282931360415,0.462841759532533,0.018923670018733293,-0.12145207656182791,0.3910038722378851,0.014595832075906787,-0.006064216213574636,0.2211708665352064,0.07340106091461064,-0.004116099180754534,0.08931176425230605,-0.04674803444234636,-0.28385145655518457,-0.1294423170246536,0.3207773779948898
0.1308461425310074,0.038443125593809975,-0.2406771805730144,-0.01774405886688024,0.07292301224410334,0.05712886830063217,0.02384555925582893,0.07341465317120464,0.03154729133672618,0.002721942486670066,-0.043281746155173856,-0.07567772516632881,-0.020340141073408056,0.06573725940005445,0.062303987552656336,0.0734919010446044,-0.04410916873749737,-0.06743309359073811,0.07043235664148967,0.119477996144109,0.020382495814641095,0.035927858930343365,0.07071723479807478,0.21297142273735792,0.15761330809835092,0.04109085567079569,0.00785705152642307,-0.1218487657277965,-0.2899952368766373,2.3213551410320967,0.18783571869643054,0.03546934889264541,0.12328288139909675,-0.1364250050956231,0.2523324084947262,0.5471116185966206,0.27021004679328003,0.08909960464353818,0.2065411774976196,-0.2973695072036297,0.17103606674605845,-0.05575780982679902,0.04313531990843291,0.0327056510650443,-0.1057333233464208,-0.08229961367156084,0.94061140526672,-0.1509708478651535,-0.2320863251875155,-0.043619035881971926,-0.036808125321762294,-0.0752961660327447,0.18419809458807848,0.07253983632960255,0.007140557606916509,-0.008463268224237852,-0.10067356437517139,0.19520797645110768,-0.1303823145585209
0.21001411773803697,0.09197436551860914,0.2475013572973639,0.10630059755929115,0.1332118885547153,0.13602933396695732,0.11560886210415837,0.1338495755571751,0.13368909619739483,0.14545811213736162,0.15128091083328174,0.136993922114989,0.13105565955212037,0.1075976005733987,0.1332366659010036,0.18534934766174072,0.18978625846183733,0.2241642589383632,0.13023721020856335,0.26483085766714504,0.2050870831700627,0.19956400311947883,0.05973679519090968,0.16674168634537004,0.12196066967812891,-0.06523722281239312,0.38669600130135434,0.22067728207287746,0.02161080403703976,0.18783571869643054,0.62871495885069,0.11545750822907053,0.244952047320887,0.11009385826520902,0.22984909292799702,0.4388665972204164,0.350865710290269,0.16167940632824765,0.3139838011952339,-0.017656957215238526,0.21766453754227383,0.1522253217273518,0.1852154641933532,0.03266553906843232,0.05857255532592862,0.28812453165963536,0.18700871241488515,-0.035447436757927865,-0.07629242955294446,-0.004630254270371276,5.957433907755418e-5,0.005870732087372072,0.021743719236528146,0.0022261181817600684,0.09063976132094585,0.05283944460954041,0.02489714321132455,-0.14057219839300808,-0.03098882405903561
0.005567617491222146,0.06870360244016649,0.07975477691767674,0.20998701795747074,0.11129674738216501,0.1719924437624959,0.13423620081610804,0.04139123772704962,0.16530588762868187,0.06908267292956824,0.1642689772679923,0.18052152126067952,0.10457399867228237,0.025960429320996032,0.14587164892291027,0.21425378591415933,0.19760474775073827,-0.044659608510751,0.02669152388682242,0.47665171293627356,0.1592314453973505,0.2691317042398569,-0.045133760146228906,0.4182971941500586,0.1550899328203409,0.3164873712443702,0.307159792158376,0.327310865871706,0.39938404263683486,0.03546934889264541,0.11545750822907053,1.8340752684679806,-0.05403446863545562,0.3231438435808673,-0.13240524135243842,0.0039050974111987553,-0.2641929377467327,0.27001166189677583,0.16856521058182133,-0.008626585567533117,-0.29259725822307,-0.05252357034257576,0.28125336437770254,0.0022664197237142044,-0.10558503542329079,0.09806702870954634,-0.046683788565026,-0.139417454615484,0.08873615178156526,-0.30201600400373646,-0.0889984145312367,-0.17717712727957652,0.43722820963015246,-0.053553188290341114,-0.0031666176801373952,0.17168080584217976,-0.16123737523548012,-0.15172086372454413,0.08313565452729778
0.37692995516175504,-0.03221456849721198,0.3222288440257123,0.17833845217148006,0.208906883083289,0.12167979634386089,0.13618838792021942,0.12143071712729062,0.1618018468916458,0.1899075167210742,0.1557949292382304,0.15228849168459271,0.1868376754811753,0.23879039129660073,0.19128620115318207,0.046767666341155194,0.2006948174430196,0.3309725347272009,0.1834391971933007,0.1564649953695112,0.272989588898183,0.12657796225914208,0.61481151122774,0.4492506180829957,0.17209061858289665,0.11906210195117294,0.03051469578484189,0.35438537210849136,-0.07211553640180067,0.12328288139909675,0.244952047320887,-0.05403446863545562,1.7927218040330086,0.06613202174163507,-0.1767295011643472,-0.10561819080581861,0.8232618811793964,0.09016493235167776,-0.03803044963980606,-0.38191246317667993,0.16332756525400607,0.1514873048177511,0.10001747313311139,-0.04634336776754688,-0.558152803506685,0.3038870575972836,0.2730641759500291,0.2806030786270835,0.46825356785781175,0.019657076311828305,0.08342805653394766,-0.19852316196568043,0.04415012300932976,-0.10840122875865817,0.1792636864111516,0.03763782419564671,-0.22510292476925714,-0.28249544808149163,0.3934126003892854
