0.7585193961276209,0.1583024673747803,0.20716429504305298,0.05646914265941459,0.007255217849624668,0.06720505949814354,0.07279688138192565,0.03976000914954159,0.0953856582661382,0.07444333297935642,0.05884048612711898,0.06644440404389013,0.03507552791252034,0.06218105902029422,0.08990922661539358,0.054732574796993255,0.029004935350162814,0.09074027294713809,0.07004652271544168,0.05625359032548407,0.06752272804995377,0.07704028829308998,0.08767651261277819,0.03769167062145565,0.0902287184039777,0.04446250896803563,0.09323926092379554,0.02515420861120746,0.1328337657230966,-0.00909866811569134,0.05717077244972862,0.06316507774360236,0.02308747543532017,0.09942716856095321,0.08222000581697694,0.057546783152646025,0.027439760977295696,0.03098358528589721,0.0519253013878439,0.020031676916263133,0.07274303000513803,0.060126199010341844,0.1051843998403512,0.019349387983703923,0.09193794773822951,0.09871203345705365,0.04658481713833223,-0.016986427883525133,0.01733027291799696,-0.08393634374647659,0.003924933050132645,0.009858323138302677,0.06260943960076065,0.00624018566617826,0.1661652868726817,-0.010386973489920239,0.0883103327429273,-0.08806406161753187,-0.11780829179460826
0.1583024673747803,2.7184590236305417,0.9514256806009946,0.2963451078010507,0.3110488933514,0.08283354012353478,0.7065397966358505,0.2912973381597494,0.4440992612355234,0.5531733201063186,0.3706250489634928,0.36665067107929394,0.24610853383289225,0.2944993191124681,0.6168506579782776,0.28642207058581254,0.43515878764089705,0.5968761982149983,0.3580510091302316,0.4278292988312021,0.45604540825157514,0.32980050921199044,0.10618887078948107,0.28990593231890954,0.26915198207757957,0.5746180626852267,0.6149554905897691,0.5190170844971346,0.6429726882944388,0.048708502279896454,0.3435437825482123,0.27079027572903513,0.5116848847646857,0.32158213118503737,0.21015155352386483,0.44878550619470653,0.6509247216974132,0.2569799683418445,0.07401210362514583,0.05523483653125419,0.5469596333776673,0.4235554835948814,0.3774160500442264,0.13761815057382906,0.3218108497941918,0.4592546705463736,0.247726690629031,-0.05313294394217064,-0.07937496025871793,0.004201321442153974,-0.04480057655934754,0.12351503012315318,-0.003464601046022701,-0.05235922815104202,-0.7224309545668739,-0.08501658041141162,-0.4372788100592698,0.7818832174654735,0.2361331180028112
0.20716429504305298,0.9514256806009946,2.2426318895190342,0.1521503306365316,-0.29152869672753196,0.5700969178175108,0.27732389252866774,0.4914730471312634,0.7030062999482191,0.5092195129628242,0.39286925017373037,0.3451830471646699,0.2624798233988299,0.32743442063439826,0.43430496437506305,0.28270418853560714,0.46336707532653315,0.42511505029703767,0.5087721564371807,0.36514279040849223,0.3738876638984856,0.4686898592607985,0.3053146527845912,0.3095431955730662,0.3002866611419019,0.5304638807186897,0.6695358056932671,0.5499682187638141,0.5628023211495238,-0.32124303042543517,0.32749697069816086,0.3401620986144885,0.3799365416159757,0.4069507324977976,0.4171337695983434,0.36450715046628784,0.3579947343389812,0.2140630040066125,0.1452554030524154,-0.06349933521819341,0.4486509507784892,0.3578054168558508,0.5647904201349834,0.24382787587994195,0.5160294247842603,0.5074325793711434,0.058374924359698196,-0.06468896702068429,-0.2590836433699181,0.16888244887213555,-0.012275465404989446,0.03543249585584427,-0.0700961208468485,-0.08599494899455176,0.03945265357940719,0.03990553214837169,0.038580025717617664,-0.35544911163094517,0.16174490998074964
0.05646914265941459,0.2963451078010507,0.1521503306365316,1.106579065854486,0.6877891737128361,0.37877892065681174,0.3837667363812185,0.3494557440067103,0.2382949759795426,0.2876791575019508,0.2855188050085641,0.3508341338219412,0.18955321247652326,0.2580429543417419,0.29966378440614005,0.2907053180374232,0.32984342051646515,0.3166979144334357,0.174422677902881,0.3327214210913559,0.22465514452090657,0.24895910653912387,0.34580538881835143,0.2573188218794428,0.28179364538075813,0.3154454511081787,0.14958733341605832,0.3985139164163717,0.41548061870201103,0.10382355106867698,0.20108555318213597,0.24734226732315218,0.28505176147442285,0.26423371674370216,-0.08002852867678951,0.30272613073916615,0.3198829393207506,0.20354938380163273,0.2004731829974281,0.05491149217141779,0.1938854852860121,0.21977661820895472,0.10095467728208894,0.06444505690828196,-0.005252172716960017,0.25675986001118617,0.22579588348227214,-0.0367171979040474,0.17303563682663942,0.11767445262253598,-0.15988460295074888,0.14243720599712908,-0.022679861647206527,-0.10997102906357295,-0.11838137429160399,-0.01622431885253376,-0.15775953168274065,0.3100581114739814,-0.06490293513222326
0.007255217849624668,0.3110488933514,-0.29152869672753196,0.6877891737128361,1.676217380341999,0.21799118300795228,0.5392173577313258,0.3479334789796059,0.1595295193640043,0.37422399745291135,0.3077971372846907,0.37602854485115056,0.2337326699285677,0.3157813318821641,0.36197890161174157,0.36333139416875604,0.3458876025268575,0.36404984656480205,0.16500347125470552,0.375797066802735,0.2517855227202144,0.23868490422606825,0.4614464853907308,0.3115911849355834,0.30876817607618967,0.30054079023610164,-0.008490466163018193,0.38715381270548554,0.4787397730281865,0.1624745276061587,0.19539078116971445,0.30968866533503053,0.30847995280193813,0.3070078578492035,-0.12449547170882704,0.2852543152996325,0.3772682780611809,0.23565378355488914,0.24161392218678665,0.13687992518061576,0.2375349911067495,0.24945007519874593,-0.033913538472020235,0.031061924514418148,-0.17608155736957531,0.2663875345828257,0.2641111484521507,-0.02602191545342093,0.5004193209699387,0.12239901537530441,-0.17487049689877765,0.1437792397530635,-0.04744302046385279,-0.06466135427353285,-0.22864600040067684,-0.1263593567546952,-0.10652593267955976,0.23295926879319798,0.18704600602680319
0.06720505949814354,0.08283354012353478,0.5700969178175108,0.37877892065681174,0.21799118300795228,1.308631374968058,-0.12045798059890506,0.6443168089602287,0.5288262937553581,0.10063124956200244,0.414841710694959,0.331648773738522,0.24363466474013434,0.33234044678284697,0.38570220182499604,0.280725781572059,0.43533606965151905,0.2718412663995927,0.29478652697231966,0.5138967237439671,0.3184220379895024,0.38422428526485414,0.24105327874737315,0.2855236133653526,0.3719631796893812,0.45900509112900917,0.34214142978698475,0.6057834917387698,0.5135371392358967,0.035252647500264564,0.25038849450007916,0.35799798417102074,0.09506631260494691,0.40610506793761525,0.33993377332346136,0.1816444096592719,0.27714569561396474,0.28768183589885715,0.33668125731955517,0.15435335266559574,0.1616094606448782,0.2999722102744181,0.3772487730404584,0.17874646591312635,0.2692800659803127,0.26202265598150903,0.20146002455218698,-0.012774123212024095,0.5313574469072845,0.12854807858048162,-0.1862558725848808,0.2246238258980594,-0.09430000490025887,-0.10530558570589617,0.08517100535558925,0.004403288902956624,0.1755332939559977,0.04373706473691351,-0.24729177392044377
0.07279688138192565,0.7065397966358505,0.27732389252866774,0.3837667363812185,0.5392173577313258,-0.12045798059890506,1.3061798854654756,0.11310669900024764,0.38879273717420026,0.5114319489934557,0.3350098045010144,0.4668103610036126,0.2077645476041729,0.318720949336045,0.204185633139629,0.3465875481690642,0.3556739360148814,0.4123886289481279,0.2845808628809639,0.3749344461254807,0.31771513117655453,0.38744102459569385,0.5512477058453922,0.35337017386493275,0.34709419789414525,0.40529295382742275,0.3377816909033988,0.35924991550958946,0.5065299526992766,0.10036046335554082,0.2678578464516895,0.3357103180408536,0.4911286507915957,0.26109770199439913,0.14270777741980262,0.28061560181428347,0.4267225041231471,0.21873249745464135,0.13418424947150778,0.10212722724413449,0.37215218436621045,0.3119209736657144,0.31615287827788874,0.07483522043602593,0.1206537492011056,0.3510153392979696,0.20962695465275577,-0.03456557338812811,0.386022861785311,0.11687691465507452,-0.1904040695163477,0.23911706124638385,-0.24808133271572397,-0.014250816386489482,-0.20610440176252914,0.07846348870265529,-0.12074757467196792,0.3285253345292961,-0.18551675172165022
0.03976000914954159,0.2912973381597494,0.4914730471312634,0.3494557440067103,0.3479334789796059,0.6443168089602287,0.11310669900024764,1.0008199362540384,0.28631534492013,0.3538405366416757,0.3720561496989777,0.22453246484736913,0.2344569211453733,0.2922894048542085,0.34467251508815794,0.26739067512792464,0.46079711441483806,0.3547143431031128,0.27519456775025936,0.425611804663414,0.28988052408560916,0.2791447052447527,0.3182308474430263,0.2907213208724022,0.3511532389337819,0.39130141789610934,0.3490356975065741,0.5689367055000766,0.4064600450284398,0.1319953183043818,0.25149654237478397,0.2843396964899232,0.24265773729931947,0.32109898522126623,0.354819815643678,0.1876753928003783,0.3846768313827338,0.23622704572780648,0.4105756696934036,0.1789572467367033,0.27013500078506103,0.28755859907959663,0.3375746998207279,0.16474844766024582,0.25130702494721857,0.29573717272209155,0.24759211884951693,-0.005697743904492556,0.5228659204634825,0.224150967226625,-0.13911834838591833,0.046943368329055754,0.022024109699966963,-0.09367005972510603,-0.020366258627076125,-0.1159993645807778,0.16102118418082467,0.1637242620275977,-0.1193024542711106
0.0953856582661382,0.4440992612355234,0.7030062999482191,0.2382949759795426,0.1595295193640043,0.5288262937553581,0.38879273717420026,0.28631534492013,1.014468424240885,0.22439633597494726,0.3152330165583181,0.30132461679608824,0.23840712843626768,0.39154121426805455,0.15976781302270424,0.2924329783472299,0.3974956489217531,0.3589357658570813,0.4238483981559102,0.38842458223859844,0.33703795027238137,0.5735588566178381,0.4466137573036826,0.32999316158608727,0.2668584366322843,0.5492970572476015,0.46997378155052083,0.46862348766335266,0.4504750001934272,-0.08025766869775464,0.27527947648250667,0.37827726262937844,0.4181109310059705,0.3511324157501071,0.23923360300668917,0.27365205140038484,0.27476393940475524,0.21939183802912193,0.14324986242505555,0.09024010240571469,0.2961248522866263,0.321485679136978,0.49985924639340357,0.12323542049429256,0.3042523477837523,0.36281416313965964,0.15807443704351312,-0.0207975321925955,0.1249433318765067,0.0906759526758065,-0.014620181993762252,0.09104826163901736,-0.004979888721295076,-0.14681798907992114,0.008042772600968768,0.14649326317849454,0.05709234609376196,-0.009597679359739262,-0.23570198349658564
0.07444333297935642,0.5531733201063186,0.5092195129628242,0.2876791575019508,0.37422399745291135,0.10063124956200244,0.5114319489934557,0.3538405366416757,0.22439633597494726,1.10036597259726,0.16632714999407563,0.2762542622112498,0.16181849256226938,0.23249272240492866,0.40767275383615476,0.2954206864044442,0.43529981620658237,0.447416385241004,0.27443767876061265,0.24003068833433236,0.22888577592154422,0.27163078547598435,0.4521249830559741,0.26881278680203385,0.32685210972204193,0.29999584742377683,0.39495154036788294,0.4478022800591969,0.4464706248057917,0.09954348879037073,0.2529004468691162,0.2582539515285604,0.2605522408140209,0.27152265920137914,0.2293980861867799,0.28657867395603354,0.33144949739475194,0.14008034107354053,0.17274892792057292,0.09284418612549027,0.421694453480065,0.24282135128422597,0.27792970185076044,0.11407317062914556,0.16341012377019265,0.3360915486449194,0.22265451258286273,-0.05191769539310111,0.26885139273307274,0.12355129989199981,-0.11493775025923371,0.07403604171828636,-0.14701293056069967,0.10841509970819255,-0.11111924594839297,-0.0140196411250291,0.0922548082018527,0.07470673632640375,-0.06310829911832017
0.05884048612711898,0.3706250489634928,0.39286925017373037,0.2855188050085641,0.3077971372846907,0.414841710694959,0.3350098045010144,0.3720561496989777,0.3152330165583181,0.16632714999407563,0.6231104350509469,0.3753469471744408,0.22387676361497108,0.27704430748628284,0.3340338631011446,0.2733381034105944,0.3798326663037059,0.3191748970582603,0.24062502623921506,0.44454548644846037,0.30944235543997717,0.2833027035649046,0.3144092694298209,0.2707118122128714,0.28471573531206545,0.39565259885116605,0.2938486686615081,0.3967268891665534,0.4287609608906773,0.03909907157414467,0.24790246713939368,0.27244275110719407,0.25316425718855085,0.33772164575755537,0.33298818789183726,0.21541992360776457,0.2963841519218844,0.2377006768466245,0.26924223876343345,0.16356173784563227,0.2713337341381543,0.2999239659381078,0.3162625056791895,0.12513177964228928,0.2754984661747892,0.30530113818865223,0.18912790456416598,-0.010593680544615937,0.2509662944558047,0.012531654283151158,-0.05393219771138688,0.028999208115414062,0.11095892430789406,-0.06356552205096921,-0.054375058522668246,0.006476338793314408,-0.028237332951994445,0.15804350702338646,-0.14113207558981403
0.06644440404389013,0.36665067107929394,0.3451830471646699,0.3508341338219412,0.37602854485115056,0.331648773738522,0.4668103610036126,0.22453246484736913,0.30132461679608824,0.2762542622112498,0.3753469471744408,0.6813806712724045,0.213216756756269,0.31861193743990435,0.30722501130219204,0.3206278929793882,0.3479905068718866,0.27320390761604696,0.24520774582478133,0.3722321208229259,0.2612767880780368,0.29357061991330974,0.32517557239775213,0.2611402199646373,0.34459691713622626,0.371242138658692,0.2709983022539201,0.2947103091425717,0.4426834558765801,0.016773142957869632,0.22741207790946116,0.32347963195549034,0.26230698269752034,0.3446084855422723,0.2807480824953697,0.22625855666088798,0.20820465518571132,0.21212425481966812,0.21512638757973404,0.13058671301391825,0.2497433402540116,0.26089236299757784,0.2610169982864292,0.10357133193249579,0.19901789330593964,0.2956579972568256,0.11816178337211874,-0.015310133835085936,0.4886283055664312,-0.07499157559176542,-0.030077524744655613,0.11596284147941333,0.009301654674952628,-0.0663288251602914,-0.07759220702354232,0.10752713224128256,-0.08959265379853772,0.17403985342115177,-0.2762916231098734
0.03507552791252034,0.24610853383289225,0.2624798233988299,0.18955321247652326,0.2337326699285677,0.24363466474013434,0.2077645476041729,0.2344569211453733,0.23840712843626768,0.16181849256226938,0.22387676361497108,0.213216756756269,0.38547472736883354,0.2682794261369941,0.10875446236343649,0.24635819708892184,0.23910020230176146,0.19513422394343402,0.23386673044063622,0.20395715307407897,0.1940309778799741,0.26736342223336534,0.21170004467046458,0.22256357263154808,0.17040911513808843,0.23684195150078388,0.20161333201971396,0.2350188627331141,0.3173822926400353,0.05439141965243288,0.15959802551483854,0.2472484708154478,0.22328658001586632,0.24977817350267795,0.21705008963485503,0.14707288437508173,0.20243483275518986,0.11866791604747393,0.1850897397207067,0.09295141207428191,0.21460064314461474,0.19458850456330629,0.24224945440040122,0.10231406808179407,0.13758660635608996,0.2137607348250515,0.12408604563826481,-0.006683965796278652,0.28794212372419875,0.175185043664757,-0.030224909944700507,-0.10728403095571316,0.01907332284435002,-0.048033855795470086,-0.030166958133434455,-0.026860091973047492,-0.0025419906456318033,0.00401159107833651,0.02133574147347118
0.06218105902029422,0.2944993191124681,0.32743442063439826,0.2580429543417419,0.3157813318821641,0.33234044678284697,0.318720949336045,0.2922894048542085,0.39154121426805455,0.23249272240492866,0.27704430748628284,0.31861193743990435,0.2682794261369941,0.8012218895624177,0.22227937070553017,0.45642061108258847,0.33882436676929695,0.26125352183015205,0.310004206729863,0.40633190984463835,0.3341292315162708,0.3974944550487855,0.3369439248749283,0.3505858584290829,0.2968399486593334,0.49597539204355806,0.2649463530892822,0.2756507302849369,0.5271667247693678,0.05281020032958649,0.22242782342727965,0.6167502879561693,0.22657558527303284,0.5312658166840379,0.32444485316938493,0.2086450336814274,0.16073130066855262,0.2444912385889813,0.10708959043617644,0.15759626243575106,0.3978523153474193,0.3292807788493193,0.44482004004148956,0.09231128368850539,0.1974448386179212,0.33673458659265,0.11834472917691892,-0.015541381142903227,0.6934694731226834,0.0015080569073553116,-0.01600293378778408,-0.1457239496439951,0.2791204460914341,-0.04886120328198428,-0.09786360806324237,-0.006687442295822599,0.17712842089229336,-0.0017014679266218766,-0.08405464626270828
0.08990922661539358,0.6168506579782776,0.43430496437506305,0.29966378440614005,0.36197890161174157,0.38570220182499604,0.204185633139629,0.34467251508815794,0.15976781302270424,0.40767275383615476,0.3340338631011446,0.30722501130219204,0.10875446236343649,0.22227937070553017,1.0571097616033038,0.23186753662353488,0.37971009136004047,0.4460259413803489,0.21216956158183717,0.4399000205585776,0.31409822940144866,0.15260982646434748,0.47221148388433276,0.31950876113753646,0.42392225939338324,0.3218466823764379,0.27507380385142,0.5142121330279087,0.48733562868586994,0.3042870061714048,0.26535128165525645,0.20993885829686146,0.25582758761925584,0.38515789199253664,0.24603237550308646,0.32735722129129907,0.4112390621017646,0.23840275411529044,0.2710849810648096,0.12418501913541594,0.3926889217798297,0.30643760691812055,0.24941283069945885,0.11566936528755443,0.11946319303430065,0.37499728354245543,0.3386437234188315,-0.04580411718922032,0.40571766742331267,-0.12026914815460724,-0.16060326755180274,0.2436553814003904,0.1695914019006115,-0.05850380497327798,-0.12163496229924324,-0.020757270065432168,-0.06517221765915315,0.21662814096145497,0.011977240872135093
0.054732574796993255,0.28642207058581254,0.28270418853560714,0.2907053180374232,0.36333139416875604,0.280725781572059,0.3465875481690642,0.26739067512792464,0.2924329783472299,0.2954206864044442,0.2733381034105944,0.3206278929793882,0.24635819708892184,0.45642061108258847,0.23186753662353488,0.7044600254976573,0.37363773430554953,0.30023526547116514,0.37458015171803305,0.3132505186524783,0.30361757960580177,0.42647445738987516,0.3595479050845212,0.28811710270119095,0.32166365753901544,0.33596081904338454,0.2567941532787575,0.3938922896880845,0.48890282345894215,0.08005920375233831,0.21230167857511995,0.40779535271129574,0.23924059087944288,0.40900297977613503,0.39301532273933426,0.16756227547832292,0.24216131608699396,0.18704966717259633,0.21167348216209791,0.17272685316055855,0.37044687494660616,0.3095058036914615,0.39001632193305724,0.12602802730272958,0.21719626753256288,0.2834765574862486,0.1679572928095117,-0.005147476517398388,0.5346136153464777,0.027442697272044767,-0.058123152847098555,-0.0043857892563654525,0.04404726023589339,-0.03995082104740564,-0.06355225658964692,0.01717310341176535,-0.0001258556110544609,0.101118779272201,-0.08463000097912482
0.029004935350162814,0.43515878764089705,0.46336707532653315,0.32984342051646515,0.3458876025268575,0.43533606965151905,0.3556739360148814,0.46079711441483806,0.3974956489217531,0.43529981620658237,0.3798326663037059,0.3479905068718866,0.23910020230176146,0.33882436676929695,0.37971009136004047,0.37363773430554953,1.0198021919885452,0.3768388332230892,0.31247560199256325,0.6313841666307075,0.34469300033917,0.3920667190378883,0.3752840857126703,0.31747014232069315,0.445976952712371,0.4625142762232255,0.3274376918485322,1.1586824365066404,0.5136529596453266,0.024080144783791724,0.29620288220997665,0.30618766022905064,0.520026797498704,0.2652426894764977,0.2992894786720298,0.12028176514168082,0.6447088261454981,0.34585354153685044,0.2665572958207718,0.13888343834637598,0.393591846709727,0.36840616990130026,0.3849306478182562,0.1210067751166407,0.22869830928922322,0.34927269501291025,0.20460264575482415,0.02224373575002631,0.6655007652971973,0.2422843949257299,-0.3016900407643546,0.16656243752955088,0.09066910240036767,-0.08076920057352327,-0.1471578208310402,-0.0007148756964923938,-0.043977204922789476,0.22430871089944526,-0.05365233036318679
0.09074027294713809,0.5968761982149983,0.42511505029703767,0.3166979144334357,0.36404984656480205,0.2718412663995927,0.4123886289481279,0.3547143431031128,0.3589357658570813,0.447416385241004,0.3191748970582603,0.27320390761604696,0.19513422394343402,0.26125352183015205,0.4460259413803489,0.30023526547116514,0.3768388332230892,0.9486273102316102,0.31530417555465634,0.2248953261447977,0.3578600562773711,0.34956316106094526,0.6056666994349705,0.2764877774016939,0.3417685816737552,0.4960822479425069,0.194265913182776,0.528105035030943,0.49133398266278927,0.08688546827366728,0.34587846261942584,0.24674045429301938,0.29887098752928387,0.40131872674600305,0.2679124544704136,0.3024023053768155,0.45266598603382124,0.14792064910749558,0.1631530355702983,0.1499939155413047,0.5013708080048671,0.33209809097574355,0.4518299659415586,0.05889741109861315,0.2760623526361735,0.39588890049927145,0.47527646705498316,-0.036123317921588245,0.08568145724034378,0.07824181995440783,-0.028089541763839345,0.11733724408650352,0.02228204053528689,-0.07332079861132432,-0.13301133769467904,0.0027903696339936297,-0.06262007096553276,0.35782884847613206,-0.17646087133582694
0.07004652271544168,0.3580510091302316,0.5087721564371807,0.174422677902881,0.16500347125470552,0.29478652697231966,0.2845808628809639,0.27519456775025936,0.4238483981559102,0.27443767876061265,0.24062502623921506,0.24520774582478133,0.23386673044063622,0.310004206729863,0.21216956158183717,0.37458015171803305,0.31247560199256325,0.31530417555465634,1.4918513261343498,0.30746945040325313,0.3126482848737495,0.431821174510007,0.23304670980940154,0.3192224233656288,0.23028429378785928,0.26924684478511246,0.1939110621485412,0.41626219063558906,0.3910637458134832,0.4915542167708907,0.3349393874512207,0.27428294098139433,0.3749355002925386,0.2734466500867249,0.19044436119975056,0.4594718183439395,0.4378439533188283,0.2088046298292139,0.29201829812592256,0.06036040095626043,0.4748972536945231,0.2879216793231161,0.2171099649111545,0.08701431740279161,0.15872007393062817,0.41051378161692637,0.4092968427668006,-0.07322209931682429,0.2670049235650785,0.7445405444531956,-0.14754857350096784,-0.2858280084699587,-0.13101404172991563,-0.14316699724667226,-0.005474030343911805,0.0040409562712392265,-0.008612576964964919,0.058133523309526376,-0.09818584656220579
0.05625359032548407,0.4278292988312021,0.36514279040849223,0.3327214210913559,0.375797066802735,0.5138967237439671,0.3749344461254807,0.425611804663414,0.38842458223859844,0.24003068833433236,0.44454548644846037,0.3722321208229259,0.20395715307407897,0.40633190984463835,0.4399000205585776,0.3132505186524783,0.6313841666307075,0.2248953261447977,0.30746945040325313,1.3418591889652292,0.342656967242957,0.34691245474725174,0.4750394370657909,0.42450832952500306,0.4733540228665471,0.46802842342480766,0.3508554604659741,0.9538187622724154,0.6460065536866852,0.25401884822429904,0.25550560920361254,0.3907529030292538,0.42671453660130937,0.3024421918379181,0.3703947717924854,0.02703340564950062,0.6731894418168521,0.633792892574609,0.3029766638169002,0.2565106483907909,0.2909339826678404,0.3867527375931406,0.6764681289727855,0.1475318454453548,0.3725420306604556,0.39718452202366183,0.19487987315950667,0.010371847408858964,1.0550636013463603,-0.053851036134329885,-0.26304430871626155,0.3729856471819044,0.057491942513722555,-0.11901047642726137,-0.06507676215611614,-0.035269656203175896,0.059501301531575006,0.14884344098346167,-0.06026122828259346
0.06752272804995377,0.45604540825157514,0.3738876638984856,0.22465514452090657,0.2517855227202144,0.3184220379895024,0.31771513117655453,0.28988052408560916,0.33703795027238137,0.22888577592154422,0.30944235543997717,0.2612767880780368,0.1940309778799741,0.3341292315162708,0.31409822940144866,0.30361757960580177,0.34469300033917,0.3578600562773711,0.3126482848737495,0.342656967242957,0.6230826182293108,0.3108835017267023,0.3253927392803307,0.2887042811863549,0.2864187320356373,0.4332817886280583,0.3142311917183455,0.33455509050384075,0.4031804029452559,0.13656896503801824,0.2888251745890782,0.31839514836325916,0.2850865091381953,0.4390457197887207,0.4962016200422969,0.2182429225650464,0.4515613586073503,0.21934208341579486,0.16910720273532745,0.2012692744785773,0.4593621060017227,0.5047330131100904,0.41685877449406117,0.11088335162820646,0.35401412623229495,0.33366357171089145,0.2595861411367509,0.006826695415962246,0.390644453512285,0.12144573682346307,-0.08903052502279733,0.015966472808019,0.03165665165986505,-0.04307274865218057,-0.08592363656021287,-0.035608773836066206,-0.0022463756412833833,0.11112853765507047,-0.0022515909922402374
0.07704028829308998,0.32980050921199044,0.4686898592607985,0.24895910653912387,0.23868490422606825,0.38422428526485414,0.38744102459569385,0.2791447052447527,0.5735588566178381,0.27163078547598435,0.2833027035649046,0.29357061991330974,0.26736342223336534,0.3974944550487855,0.15260982646434748,0.42647445738987516,0.3920667190378883,0.34956316106094526,0.431821174510007,0.34691245474725174,0.3108835017267023,0.88280389468204,0.4857630942051093,0.2990013525561156,0.3078626084084381,0.401451348184408,0.3466322892228722,0.34799552941197975,0.5037621443165575,-0.03998938993579508,0.21414568540157694,0.38558781851125634,0.322208452717784,0.394733279015255,0.3702338084145582,0.11933595179795657,0.27137286608755695,0.19575403996731686,0.1789537742136159,0.14445590240243716,0.31350248875681075,0.3089870812842122,0.5835781056726519,0.12813725437855988,0.2833354413705348,0.3089092911001346,0.15251599102054905,0.0033042664815645098,0.40127678837497655,0.10688446927649708,-0.028296608127901336,-0.00814705725595462,-0.025341049416622213,-0.10564258620951966,-0.041872665946540745,0.07523571359402625,-0.01134674225563477,0.08685893616191823,-0.15296787246876445
0.08767651261277819,0.10618887078948107,0.3053146527845912,0.34580538881835143,0.4614464853907308,0.24105327874737315,0.5512477058453922,0.3182308474430263,0.4466137573036826,0.4521249830559741,0.3144092694298209,0.32517557239775213,0.21170004467046458,0.3369439248749283,0.47221148388433276,0.3595479050845212,0.3752840857126703,0.6056666994349705,0.23304670980940154,0.4750394370657909,0.3253927392803307,0.4857630942051093,1.9057571825747956,0.6341479748635709,0.6008707355304491,0.23086892517986787,0.2886485193202331,0.413354188003717,0.809099323454891,0.33789707856009193,0.1852755878370174,0.29515010444561185,0.5932259403287293,0.5469254444014132,0.3227717838123404,0.294422559644544,0.4691549163360933,0.22814148850715915,0.4093560627779073,0.2009304191091766,0.4016379523293334,0.34318363947097513,0.5039109426673448,0.17354608086127088,0.03420761102971804,0.5350610281715773,0.4455316201416794,-0.03765013294069932,0.6516198580857443,0.059504991411249854,-0.13097001092375557,0.0053524099234852004,0.3293948142499512,-0.1634705478273388,0.006749970551090001,-0.026294695292575568,-0.03186795416296881,0.11462724568779764,-0.029037965541364574
0.03769167062145565,0.28990593231890954,0.3095431955730662,0.2573188218794428,0.3115911849355834,0.2855236133653526,0.35337017386493275,0.2907213208724022,0.32999316158608727,0.26881278680203385,0.2707118122128714,0.2611402199646373,0.22256357263154808,0.3505858584290829,0.31950876113753646,0.28811710270119095,0.31747014232069315,0.2764877774016939,0.3192224233656288,0.42450832952500306,0.2887042811863549,0.2990013525561156,0.6341479748635709,0.9833522874154123,0.3424356493757222,0.21031042797430144,0.31887828228489384,0.3814216349022925,0.5609073452203265,0.7049101719660785,0.35507384742814374,0.33890267257173673,0.7487560598245271,0.36775664408509273,0.22278366124605045,0.5452558041347281,0.5798440136453091,0.2751251196575897,0.4339294820374049,0.10329141715231069,0.3464010034327012,0.318531795535716,0.245755584746941,0.14909656003555455,0.11583332937956997,0.43002591686325997,0.49187500074302887,-0.060935837797263255,0.5765390282245544,0.2685868651199017,-0.23024429933738516,0.01871122296185197,0.1391023842680974,-0.184327922696174,-0.02771018480769488,-0.15797427879712586,0.07527486966366398,-0.008228501169852126,0.11080235064026416
0.0902287184039777,0.26915198207757957,0.3002866611419019,0.28179364538075813,0.30876817607618967,0.3719631796893812,0.34709419789414525,0.3511532389337819,0.2668584366322843,0.32685210972204193,0.28471573531206545,0.34459691713622626,0.17040911513808843,0.2968399486593334,0.42392225939338324,0.32166365753901544,0.445976952712371,0.3417685816737552,0.23028429378785928,0.4733540228665471,0.2864187320356373,0.3078626084084381,0.6008707355304491,0.3424356493757222,1.0517387369167484,0.22027964899959676,0.21655220484522933,0.5570017291135263,0.6362265382325057,0.2576314130994207,0.20352998813055714,0.2823269269317792,0.3062814303825129,0.49786986632849445,0.37723937282934156,0.15705232925330317,0.37889031243524657,0.2645038262063827,0.3703117696753036,0.1813186495184587,0.3105277996906019,0.29321163676460954,0.35631395035241487,0.1392330476255877,0.19610555947933256,0.3791102109877366,0.26611943685099415,-0.020799794100460702,0.7651578287087993,-0.5540187933307645,-0.15193439343387619,0.432076220302346,0.23556887177418406,-0.07098958297056965,-0.007650539466380816,0.07063326574249705,0.06976574502954264,0.05783673586575786,-0.17641885031918317
0.04446250896803563,0.5746180626852267,0.5304638807186897,0.3154454511081787,0.30054079023610164,0.45900509112900917,0.40529295382742275,0.39130141789610934,0.5492970572476015,0.29999584742377683,0.39565259885116605,0.371242138658692,0.23684195150078388,0.49597539204355806,0.3218466823764379,0.33596081904338454,0.4625142762232255,0.4960822479425069,0.26924684478511246,0.46802842342480766,0.4332817886280583,0.401451348184408,0.23086892517986787,0.21031042797430144,0.22027964899959676,1.7372923620880505,0.4949221393981946,0.4277638756002963,0.05142409744455242,-0.14711047520416703,0.26008590165715806,0.485928545910816,0.25840159812877833,0.291916104002104,0.3831232173633372,0.17910759962941175,0.1653298034818617,0.23974926977340952,-0.6347729221821985,0.022082783051946817,0.5521715703906825,0.43335000562959775,0.733000620990581,0.01603037245658433,0.21286299884499826,0.3498479950144233,0.061937769047939385,-0.015220499225785625,0.07694506727759723,0.12164485346133012,-0.180086123616396,0.18233827034944172,-0.07718685246994506,-0.0009221443881937839,-0.20683978202125392,0.07429249128260004,-0.10398218880716727,0.3931050841318343,-0.23833465165342868
0.09323926092379554,0.6149554905897691,0.6695358056932671,0.14958733341605832,-0.008490466163018193,0.34214142978698475,0.3377816909033988,0.3490356975065741,0.46997378155052083,0.39495154036788294,0.2938486686615081,0.2709983022539201,0.20161333201971396,0.2649463530892822,0.27507380385142,0.2567941532787575,0.3274376918485322,0.194265913182776,0.1939110621485412,0.3508554604659741,0.3142311917183455,0.3466322892228722,0.2886485193202331,0.31887828228489384,0.21655220484522933,0.4949221393981946,2.3979448509736137,0.0032109309983114447,0.20161468776423536,-0.2111485072007789,0.296903647894704,0.30170168555205235,0.5934989486184795,0.11335153780037342,0.5674250100226034,0.4180785554048775,0.21938293391764938,0.11518039480003267,0.02764808688170071,0.08533647146828433,0.32821524952240183,0.35947389077452774,1.265041030245828,0.3411264950342946,0.627859757622366,0.36122046585816786,-0.07875505486416286,-0.010566794323203408,-0.13524716869876224,0.07449903946233329,-0.1055919282155511,0.10336372389537822,-0.06731072755187205,0.013913175696402717,0.056451313792400544,0.0736976001731418,0.1601681745250239,0.08064044757788176,-0.2532070164805987
0.02515420861120746,0.5190170844971346,0.5499682187638141,0.3985139164163717,0.38715381270548554,0.6057834917387698,0.35924991550958946,0.5689367055000766,0.46862348766335266,0.4478022800591969,0.3967268891665534,0.2947103091425717,0.2350188627331141,0.2756507302849369,0.5142121330279087,0.3938922896880845,1.1586824365066404,0.528105035030943,0.41626219063558906,0.9538187622724154,0.33455509050384075,0.34799552941197975,0.413354188003717,0.3814216349022925,0.5570017291135263,0.4277638756002963,0.0032109309983114447,5.696667968967671,-0.03694061823346048,0.16281892526851874,0.41893672548077904,0.2782962831855269,1.127523446594545,-0.33865126231225373,-0.025603165553720945,-0.2944834632431064,1.575546216468745,0.5206089203622251,0.3071985577292683,-0.04673797359464439,0.7050606720882416,0.3658104929880927,0.15235074341710048,0.06985108428941936,-0.3661458960928836,0.15856445490021118,0.31528506403684387,0.17159173193488428,1.6552854500391574,0.2529334763356884,-0.890110847410467,1.3456865241747218,-0.37622887470797584,-0.23209376696140055,0.3541374373306648,-0.038240570825570426,0.1512561813466625,-0.3036930935622335,0.571380529909626
0.1328337657230966,0.6429726882944388,0.5628023211495238,0.41548061870201103,0.4787397730281865,0.5135371392358967,0.5065299526992766,0.4064600450284398,0.4504750001934272,0.4464706248057917,0.4287609608906773,0.4426834558765801,0.3173822926400353,0.5271667247693678,0.48733562868586994,0.48890282345894215,0.5136529596453266,0.49133398266278927,0.3910637458134832,0.6460065536866852,0.4031804029452559,0.5037621443165575,0.809099323454891,0.5609073452203265,0.6362265382325057,0.05142409744455242,0.20161468776423536,-0.03694061823346048,3.349317469303863,-0.09557185187278035,0.23987906954740393,0.535766717097798,0.2791807516874869,1.0701281968345506,0.31485049570847085,0.7563668482281983,-0.13525746120625037,0.31789521335875925,0.6010503837786005,0.30396799420585774,0.5478485696805554,0.3780974037719941,0.11725255880861883,0.02855271698767365,0.2722703517145087,0.7185058275376386,0.15138422974986634,-0.21904562533746638,0.8110895685219215,0.19569843526184932,-0.19709533313440072,-0.2082858953086642,0.11756774897637245,0.004592727817634741,-0.3249158619006668,0.03439071317181007,-0.16200651122764587,0.41681516907817295,-0.1592299973203609
-0.00909866811569134,0.048708502279896454,-0.32124303042543517,0.10382355106867698,0.1624745276061587,0.035252647500264564,0.10036046335554082,0.1319953183043818,-0.08025766869775464,0.09954348879037073,0.03909907157414467,0.016773142957869632,0.05439141965243288,0.05281020032958649,0.3042870061714048,0.08005920375233831,0.024080144783791724,0.08688546827366728,0.4915542167708907,0.25401884822429904,0.13656896503801824,-0.03998938993579508,0.33789707856009193,0.7049101719660785,0.2576314130994207,-0.14711047520416703,-0.2111485072007789,0.16281892526851874,-0.09557185187278035,3.5322969986640187,0.42492014782933085,-0.036412394950916395,0.42827607135975954,-0.12051022419365635,-0.06893976794051926,1.2655679563031994,0.8665070156955939,0.24515849795987643,0.8482230247669541,0.03192891429409891,0.6107550820603076,0.16535313443990454,-0.39447466210434684,0.16989990101573302,-0.1953248533368742,0.3907107643538145,1.604439174296793,-0.2687542041900669,0.6307912615401243,0.42825490928948107,-0.45487344652860545,-0.19898685293726365,0.262157020461863,-0.09232840102607667,-0.023448079615544105,-0.3539973871094691,-0.15591856107210364,0.6224621375891765,-0.15584438916083992
0.05717077244972862,0.3435437825482123,0.32749697069816086,0.20108555318213597,0.19539078116971445,0.25038849450007916,0.2678578464516895,0.25149654237478397,0.27527947648250667,0.2529004468691162,0.24790246713939368,0.22741207790946116,0.15959802551483854,0.22242782342727965,0.26535128165525645,0.21230167857511995,0.29620288220997665,0.34587846261942584,0.3349393874512207,0.25550560920361254,0.2888251745890782,0.21414568540157694,0.1852755878370174,0.35507384742814374,0.20352998813055714,0.26008590165715806,0.296903647894704,0.41893672548077904,0.23987906954740393,0.42492014782933085,0.8764840417691798,0.22312349700087603,0.3961214845193583,0.3090089966732503,0.14288039607524639,0.6844972339036551,0.5576796134918025,0.23395360261177164,0.33684509455814804,0.07032690743025877,0.4709280565628011,0.2952167647807924,0.1163031394689077,0.12243622760674833,0.1798851574482426,0.3902129700307308,0.3993490728156557,-0.08181149757696975,0.18239227739436836,0.3162241965426885,-0.17463432204014231,0.14333299596875856,-0.14031893625074562,-0.08803145963449348,0.018779145028985943,0.03431024150697873,0.05139046944369352,0.018268623540345596,-0.1055499093074658
0.06316507774360236,0.27079027572903513,0.3401620986144885,0.24734226732315218,0.30968866533503053,0.35799798417102074,0.3357103180408536,0.2843396964899232,0.37827726262937844,0.2582539515285604,0.27244275110719407,0.32347963195549034,0.2472484708154478,0.6167502879561693,0.20993885829686146,0.40779535271129574,0.30618766022905064,0.24674045429301938,0.27428294098139433,0.3907529030292538,0.31839514836325916,0.38558781851125634,0.29515010444561185,0.33890267257173673,0.2823269269317792,0.485928545910816,0.30170168555205235,0.2782962831855269,0.535766717097798,-0.036412394950916395,0.22312349700087603,0.7615987662418477,0.1713720941300516,0.47485614962750977,0.3354489904685291,0.15144657262621353,0.08650181520676187,0.24061920634145226,0.07925990988837163,0.1679966990764201,0.361862653293191,0.3091654037968384,0.43710209458225885,0.08173410040117557,0.235700393356071,0.30759424243407507,0.062343421583165304,-0.019264901096676005,0.7015097681116191,0.03265486966589604,-0.022355992061221238,0.23277743172368223,-0.2302774138054162,0.016390250790396212,-0.0499419457513356,-0.012095454860469966,0.35632782286132625,-0.17895993744796534,-0.11664493165391145
0.02308747543532017,0.5116848847646857,0.3799365416159757,0.28505176147442285,0.30847995280193813,0.09506631260494691,0.4911286507915957,0.24265773729931947,0.4181109310059705,0.2605522408140209,0.25316425718855085,0.26230698269752034,0.22328658001586632,0.22657558527303284,0.25582758761925584,0.23924059087944288,0.520026797498704,0.29887098752928387,0.3749355002925386,0.42671453660130937,0.2850865091381953,0.322208452717784,0.5932259403287293,0.7487560598245271,0.3062814303825129,0.25840159812877833,0.5934989486184795,1.127523446594545,0.2791807516874869,0.42827607135975954,0.3961214845193583,0.1713720941300516,2.273242365081472,-0.33395699648800203,-0.25534807424662903,0.2584850212275151,1.1241858354503216,0.28775781944339585,0.25342940814391424,-0.1170238674738089,-0.026819135850783143,0.33112784321147315,0.21615009079896755,0.06369421268895874,-0.15879289087481924,0.3637693427410001,0.445086601176795,0.06282152067432373,0.8071751386355711,0.687929907777398,-0.5357670747983817,0.25553705298639995,0.07876154437686511,-0.47086898510269937,-0.07378926228580009,-0.03526667079287193,-0.2249485142484652,0.17802947644039768,0.2139450977797698
0.09942716856095321,0.32158213118503737,0.4069507324977976,0.26423371674370216,0.3070078578492035,0.40610506793761525,0.26109770199439913,0.32109898522126623,0.3511324157501071,0.27152265920137914,0.33772164575755537,0.3446084855422723,0.24977817350267795,0.5312658166840379,0.38515789199253664,0.40900297977613503,0.2652426894764977,0.40131872674600305,0.2734466500867249,0.3024421918379181,0.4390457197887207,0.394733279015255,0.5469254444014132,0.36775664408509273,0.49786986632849445,0.291916104002104,0.11335153780037342,-0.33865126231225373,1.0701281968345506,-0.12051022419365635,0.3090089966732503,0.47485614962750977,-0.33395699648800203,3.005674368596134,0.487770028743909,0.32843381504364333,0.22619739479592244,0.17469221931149617,0.44740773542016227,0.1387429031163883,0.7982899395354696,0.42628211010860984,0.42412239728894385,0.22074055244700538,0.36963115613872943,0.42102661020502086,0.2758414238981769,0.03518052345273561,1.1958419362556576,-0.7982663112280293,0.25083821788952126,-0.7524439238946085,1.1512305774308136,-0.04583752071267374,-0.18854342549711878,0.08314676957536235,-0.08708563863338024,0.2229350376868253,-0.13100816617415603
