0.8679857100715642,0.16896482773005106,0.2149915525989533,0.09609044818483356,0.2153652281761444,0.18088072684173795,0.1266175088901683,0.15332216956018715,0.11614111332338758,0.18746859463277973,0.09337549257507144,0.13149098075680649,0.08314696569384562,0.10835279934221281,0.16721725114684852,0.10411466171750583,0.08551742789447024,0.1613234885045644,0.13586656571865255,0.11888953282433959,0.1278386439390064,0.13704501960914844,0.11801584406120116,0.03815585356441764,0.1631705545323383,0.05299933071965018,0.11164753286944293,0.03217962567664324,0.1766831665956583,0.11909079311243569,0.11354754878842903,0.10195269547787505,0.012084401608675174,0.00686028748676626,0.05079321160472888,0.08655291410920253,0.14414722224167162,0.10995205611816321,0.1629617282953609,0.13826729271983618,0.11952420665726286,0.07338756655084734,0.11362275662803326,0.041530846034914415,0.10059845408185156,0.1800559852585779,0.13771956931220802,0.0023363659596033638,0.07835398910679904,-0.11113479544250222,-0.009468769887486397,0.006163880708273133,0.02867888224637194,0.04594707307682539,0.0712851707325088,0.0044838226091683244,0.027795533689176012,-0.05837194092272124,-0.01612527362142793
0.16896482773005106,1.5711342223278135,0.3571078443656659,-0.22283292113853287,0.03978366260179847,0.35357302369957566,0.1723639346260317,0.21177030773760996,0.28399996955791607,0.2513323512926637,0.11672503224388661,0.1275870301622245,0.08179188504342348,0.12848986423003642,0.4734044507587598,0.00831855250674057,0.164455969851762,0.07972233402389149,0.0621556455110681,0.16164931092981535,0.3825804603362393,0.06674507275510512,-0.10658251778324931,0.13024599561218517,0.1649146712085485,0.2506578046702006,0.12275655203848125,0.21563915336940326,0.18275953633224556,0.14663793063543554,0.14021445700653584,0.24838757506688328,0.030149358525988552,0.11941129694271707,0.18769136165649816,0.05211388441592139,0.2499295544927757,0.10745372565584543,0.15567864750212873,0.14214817054465692,0.1443303076104219,0.12121640055098379,0.11830515706752236,0.023440205204825686,0.07736751045615888,0.18208967218941585,0.18507709875649994,0.07224721833682674,0.29286829213419857,-0.1579241436492948,0.16402033762323667,0.14801142920077542,-0.22860557393847072,0.029290872532277867,-0.09706731505090957,0.06993086721494393,0.23937157456529348,-0.06315203089567888,-0.10099783557801498
0.2149915525989533,0.3571078443656659,2.166996750697205,0.19278749957185645,-0.3686847552011735,0.5446483653115887,0.12529244235159387,0.5993894497900485,0.49596061399924846,0.5994409167362033,0.013750147151570448,0.1770611948880034,0.23913682042239912,0.2329687957613272,0.26400939923357936,0.1496141210978544,0.42165109889420094,0.3477617871480802,0.3183003299208111,0.46507302639703124,0.21440341762453807,0.38170543085701153,0.23447335724190108,0.324785028138375,0.3142587276625587,0.2605726129610423,0.28901183614674153,0.3348355650432712,0.5594670911886348,0.33737463999536305,0.24803607198061628,0.2568507819480049,0.16759382253331306,0.27716368820080256,0.28118803137072623,0.4166359862896248,0.403118670802976,0.20998807294054397,0.38176749895504336,0.2874381943775467,0.329003231172866,0.26776170822261286,0.3706034168778244,0.06073050116116936,0.23083957840274266,0.47774428626780985,0.40639049725992965,-0.1562658935715944,0.29873894770833553,0.07277196395421494,0.024435387865671183,0.1015160811118143,-0.3258178538223717,-0.010179344756740039,0.15263311183146386,-0.18366395272569538,0.014993618535008487,-0.3915657094954882,0.41338269570993486
0.09609044818483356,-0.22283292113853287,0.19278749957185645,1.1410617768765954,0.34661867506580246,0.36763442973310567,0.203917333616831,0.1592748667086681,0.20336429196051756,0.1235921784638983,0.18635005279702346,0.23024364178859918,0.1406122635256528,0.17106182922800361,0.08211747370348277,0.1924233345722968,0.17887695244786925,0.2050385040726132,0.27960162644536485,0.2531167734167702,0.13252319868244597,0.2091325761172248,0.21235234934265226,0.1845897827516145,0.15662482504531977,0.19699583933784628,0.15721260063901252,0.08459680308695096,0.2329812190641656,0.08160605005641863,0.1312482145990084,0.10459512737696242,0.12494727628837948,0.22880741330094215,0.009649061697580102,0.21000901947485617,0.1270379896123029,0.16064380341051737,0.14686017514449576,0.09416348558435622,0.11258590042170001,0.17159791529748505,0.20417278635309444,0.08343411436976107,0.021887338682581005,0.22123039375314424,0.1606767923906186,-0.1019122455974466,0.097662961271868,0.059392388991165466,-0.04554203767572728,0.07225061978217895,-0.039521887060561756,-0.058539583038914544,0.22042149748475068,-0.10479687527075655,-0.27697589230597347,0.18241125413123283,-0.021883551578303156
0.2153652281761444,0.03978366260179847,-0.3686847552011735,0.34661867506580246,1.2324782461595327,0.3572099759401632,0.1674900504523729,0.06364085806634569,0.2704562272733199,0.1563080351313372,0.26630895990973746,0.291757273038949,0.17002747372937319,0.2055358935860872,0.24750724738774812,0.24441618766414802,0.12714002595483817,0.14958942375295334,0.5174186002786743,0.272082943027179,0.22280598475056465,0.19009059531458614,0.23770264546835349,0.21401838810829552,0.16286140321293166,0.35366586862614074,0.17994125444615108,0.03406275447279702,0.19310933495590793,0.028885094670843322,0.23247890017513453,0.30340363250232755,0.10838413367304654,0.34758233000925504,0.034797424114682576,0.3836343095973808,0.1680331571939453,0.22058249913973652,0.05141722579563904,0.06707085297668676,0.21220374780588563,0.24150165232952342,0.1725667294982328,0.07543370311915573,-0.1266515894807962,0.4106859586748505,0.1110434061777035,-0.18766674602669853,0.015095565697051385,0.1581219227736429,-0.04115585772314245,-0.15125503268351415,0.13578531084406845,-0.011320754219863493,-0.0666390908182517,-0.05278548911063433,0.10221995381428987,-0.1809319863198625,0.17892087893207173
0.18088072684173795,0.35357302369957566,0.5446483653115887,0.36763442973310567,0.3572099759401632,1.1099389608802384,0.11783785647787172,0.42459657549326807,0.5628182093225058,0.35797067673106026,0.3271099360910517,0.3132788307629045,0.2160727410051014,0.28664507653734933,0.419460533272686,0.18849617586968317,0.37350134978046745,0.24129105381802513,0.77237383979165,0.6686842319902417,0.3743344468334429,0.35926822516377416,0.17649542183049197,0.3313147445850001,0.3019907511125851,0.5259251159184121,0.34822795458221834,0.25091362782078813,0.49932351553631305,0.21352935205390955,0.29100411646109475,0.4308715673419349,0.07650930224228818,0.3530624482035235,0.12859116223240571,0.3306334517257314,0.3730269926722922,0.3801595142137992,0.22101805320019144,0.2868522051193199,0.23018061451903732,0.34891277151074873,0.43542863677671756,0.13046858004114528,0.24640005968201523,0.5146554076310661,0.39218348166168354,-0.10729325643981218,0.2288183921019223,0.2708791473035326,-0.1394929477969602,0.13824596119464647,-0.3289462573882982,0.03261112612525501,0.13728994981276582,-0.05865787256450913,0.17294958753328266,0.0704837002254784,-0.2706496232544219
0.1266175088901683,0.1723639346260317,0.12529244235159387,0.203917333616831,0.1674900504523729,0.11783785647787172,0.8565379624919021,0.16898346608486317,0.3209502290088704,0.18830239096285273,0.24269694637300232,0.3109695785164792,0.12590939595640374,0.31895677771117975,-0.0015448173518688112,0.2824017210688464,0.2503505001712076,0.2247848840011357,0.06804653808749031,0.18028179120042587,0.25482844240313796,0.3179132122758012,0.29674094211914565,0.25544606818257326,0.23188191712776626,0.2735531241660099,0.1712008431478487,0.03304390172119202,0.17217609632510186,0.15597082814139612,0.21867400882397264,0.2855469252399187,0.22583343959994112,0.27757133384684296,-0.03176908974256683,0.3134205031788002,0.1772809931540667,0.16904280149569595,0.21364789889896074,0.057457452358928594,0.18837968941053151,0.23335780750743734,0.2809883846171104,0.08484313725429918,-0.015776297101274525,0.30525472844717605,0.15060239729238348,-0.16484166124879196,0.4278756969468168,-0.10233793850221508,0.03478255678286321,-0.19079435328823136,0.19375419310023093,-0.13108295137370818,0.018383084223015465,0.05510670845889337,0.08183560782246148,0.3873616049415132,-0.6230142727590013
0.15332216956018715,0.21177030773760996,0.5993894497900485,0.1592748667086681,0.06364085806634569,0.42459657549326807,0.16898346608486317,0.9687773954311429,0.1836512754084691,0.3431971767254158,0.28371314730474717,0.16769274167358766,0.20806081010563834,0.3218559485205624,0.20583719511445683,0.19862650014496755,0.3220616497453091,0.28721842043786733,0.3553185561392604,0.4627305204036941,0.1517770671065857,0.23038573681083543,0.19470600023006307,0.23446938146390148,0.2755544703056393,0.3181566547664934,0.271348836833307,0.12547283074038612,0.34320820945777564,0.23111762503653208,0.19030712191886745,0.21051986324560645,0.09792194388088567,0.276647713403607,0.06151374554983562,0.20871109270267127,0.3112516437087791,0.25505907433497416,0.369790954107947,0.2271830255825199,0.2708494721118334,0.24595032194178315,0.337136783959782,0.06343840672374705,0.1818550894232981,0.3228541192498106,0.3646631566024441,-0.004259936849821805,0.393206098185987,-0.009031208899961103,0.04704912196005394,0.0320350337161684,-0.12592635977458874,0.02833714796383314,0.018880846319864607,-0.10120100091306856,-0.05344808845656491,0.44635814368802773,-0.29898916492587385
0.11614111332338758,0.28399996955791607,0.49596061399924846,0.20336429196051756,0.2704562272733199,0.5628182093225058,0.3209502290088704,0.1836512754084691,0.9673216533638674,0.23317418725193567,0.15572596510643247,0.2624691611007502,0.1779569983998183,0.2645165634773378,0.11965112529080196,0.18021120727397685,0.28915715585212926,0.1922310552822356,0.4558122060788917,0.38525121920951505,0.27387859855479035,0.45570762734290493,0.23822137472164645,0.29612968823201646,0.19526194973481018,0.4698993010776429,0.24896448986252784,0.20401536017934802,0.2360746598315451,0.13273587228071682,0.26302863359348755,0.38729931162572756,0.22814833197837167,0.2262561335237014,0.023035156053687014,0.3139479869841701,0.24996507590877845,0.2674361874119446,0.16554639603123952,0.13783083885798014,0.18443821519823486,0.28421803361795095,0.38677979285184494,0.09853793680165239,0.033335867381442584,0.3907745343450023,0.2292135925670883,-0.1496311813000143,0.5034741698964482,0.10409320505427938,-0.0015875367842560259,0.05633395564418259,-0.18617283207680435,-0.07325923758486226,0.16245881131267356,0.013349999741248111,0.20485268802447165,-0.02746647056745073,-0.3450652568570548
0.18746859463277973,0.2513323512926637,0.5994409167362033,0.1235921784638983,0.1563080351313372,0.35797067673106026,0.18830239096285273,0.3431971767254158,0.23317418725193567,0.8581519561709539,0.06972067709572947,0.2115451406560767,0.15503762711655164,0.3222736515500085,0.2370831135070351,0.20668143890350218,0.2511097956649184,0.2668633114162949,0.23464466485765098,0.284344063405703,0.16867040533799876,0.2500239419338159,0.2560427469345424,0.2893888106050066,0.27145984930999933,0.27323475804341585,0.22229932247076908,0.17407747862377312,0.3762070697190515,0.3609883433777981,0.2683769764799524,0.33203123436169696,0.07923890832945955,0.34508606749102066,0.22323370948512644,0.41789892599279505,0.34204911854159836,0.20356107264884518,0.2403232473508464,0.23853519777615598,0.4113256693418547,0.22353917695487424,0.28593441796586555,0.06161055493102225,0.07295487859103979,0.5299562412912946,0.3809440295319159,-0.1100585510788079,0.34284705242542607,-0.033589354571101855,0.017209580275906838,-0.1780990703565039,-0.042040008713364184,0.09697821156505201,-0.05300489452653072,-0.05890927745715465,0.31523141181167813,-0.1502177473723877,-0.04969653558098383
0.09337549257507144,0.11672503224388661,0.013750147151570448,0.18635005279702346,0.26630895990973746,0.3271099360910517,0.24269694637300232,0.28371314730474717,0.15572596510643247,0.06972067709572947,0.7848388423011179,0.36575803748412694,0.15351072526703247,0.17084314136721235,0.24831298887593514,0.2671004225833806,0.3010308073838349,0.27549321588805953,0.2873195816678752,0.34819575533177816,0.31260119662308333,0.19676520557437513,0.2092528329605822,0.20698052012900492,0.21356755296737925,0.29486957392216284,0.283049219017727,0.04866452590283061,0.25325577229323876,0.07489804799444434,0.218687950847569,0.2821442234445489,0.12305060240601476,0.2816132081233744,0.07329490729695935,0.26997161271683384,0.13903744511075217,0.2297267782113847,0.31567512521828295,0.13143128900103251,0.17271640609449804,0.2535551293186071,0.21820283350809525,0.06988007665678111,0.0983519436781791,0.3072556568469636,0.20550158701551152,-0.11161873286704097,0.19836049955654123,-0.016754878483590595,0.04868478799134763,-0.0787340613721446,0.17607989796069617,-0.0923015810003627,-0.05976699375565604,0.03733401601203478,0.01126152503097916,0.2657641561072479,-0.4071828035985754
0.13149098075680649,0.1275870301622245,0.1770611948880034,0.23024364178859918,0.291757273038949,0.3132788307629045,0.3109695785164792,0.16769274167358766,0.2624691611007502,0.2115451406560767,0.36575803748412694,0.7394534895041992,0.12064526970792362,0.2812829989579922,0.2397777287541317,0.24952595642792885,0.3021389266021117,0.3584821068315515,0.31544343810847486,0.28505050438899393,0.29830256625519824,0.21981692471104522,0.2649858054140918,0.2280573852790852,0.2737134829531158,0.34319113874866086,0.2933527299284746,0.09147441545099153,0.23628871169774843,0.06717772590204531,0.26651935794423975,0.34335664266450766,0.15485537710114738,0.2998911913307775,-0.0016352187104662584,0.4195640365551105,0.1077697389333771,0.227864153095921,0.2387352112765197,0.12137120694523383,0.23033535279370004,0.2488830359924788,0.24463523032965112,0.03572194821054573,0.09466981811519533,0.4254699284994788,0.21875800999158856,-0.22207991477503553,0.15087644111327725,-0.09377645277521483,0.14470696042483844,-0.019791233556858176,-0.020675186546001725,-0.08825673957420087,0.020427003109466414,0.03624595613478997,0.03250662206241985,0.18480012282257227,-0.4939270476514361
0.08314696569384562,0.08179188504342348,0.23913682042239912,0.1406122635256528,0.17002747372937319,0.2160727410051014,0.12590939595640374,0.20806081010563834,0.1779569983998183,0.15503762711655164,0.15351072526703247,0.12064526970792362,0.33294266612745316,0.18518174096949333,0.036191709559511676,0.17701790115639737,0.15679587748346757,0.1393235100074342,0.19157633690623965,0.18091155062670974,0.11130908466996482,0.2159054884513723,0.12580021780231343,0.14442479268837954,0.1417353575350005,0.12787260664391945,0.1656546186984514,0.09623118599156481,0.25970564771240195,0.1051213496283616,0.12465482357113619,0.18325619570091867,0.05227433977168471,0.17201465549435047,0.10046640553115052,0.17526548435449235,0.17411699817129053,0.11644888604708006,0.1808206733469481,0.11338645281358625,0.17936333925845643,0.14151168263800798,0.1808067449001277,0.031420162800667444,0.055759854244646655,0.19932751142087948,0.14343742544437318,-0.03989552643993409,0.14782576015829868,0.08443223867748759,0.00228747463531128,-0.07712994399194342,-0.06949700681662775,0.028279328198310062,0.009228167372118788,-0.037886112507000934,0.00027805022615916714,-0.22452246526293695,0.243943434155269
0.10835279934221281,0.12848986423003642,0.2329687957613272,0.17106182922800361,0.2055358935860872,0.28664507653734933,0.31895677771117975,0.3218559485205624,0.2645165634773378,0.3222736515500085,0.17084314136721235,0.2812829989579922,0.18518174096949333,0.8173709900132082,0.1825415795025032,0.30021986002333506,0.25879478392394084,0.1607915954612158,0.24444155494470093,0.32726898687276196,0.2443576060958007,0.2406125433082109,0.2087360768564609,0.30810086840702755,0.28808713135876757,0.3926093811317981,0.2048842699561271,0.21509219468825344,0.206351783972622,0.32500798659537194,0.23353132176152377,0.29055230767573165,0.18968001866099551,0.2593572006007894,0.16556219368224154,0.3084278047677437,0.3363167422162732,0.23707821468067597,0.14543228409445363,0.19173319156767685,0.40207649377035987,0.27714440036096644,0.42526881231467145,0.10027986273996677,0.010647556717114521,0.42074472490438997,0.32009998982983906,-0.020032861913368654,0.5573109788163582,-0.05319033404133471,0.06460192754775518,-0.14631943062597894,-0.0718660364533203,0.1170604710660897,-0.0675322656409912,-0.035313592126868465,0.025595733636979045,0.4203970492848673,-0.3219260654723456
0.16721725114684852,0.4734044507587598,0.26400939923357936,0.08211747370348277,0.24750724738774812,0.419460533272686,-0.0015448173518688112,0.20583719511445683,0.11965112529080196,0.2370831135070351,0.24831298887593514,0.2397777287541317,0.036191709559511676,0.1825415795025032,1.010899714744783,0.030970142813175942,0.20235499452288733,0.14444659626352407,0.3006542095340496,0.3125318877772663,0.315815869328713,-0.020034371675298698,0.1908040403249683,0.24245805344441873,0.24982826744491915,0.32462638641961605,0.1849030875218315,0.21322156021084662,0.24736354743903252,0.2922884669446918,0.21385978706484032,0.2112880712695798,0.13272239744200073,0.2518155534874633,0.18751985212930974,0.34069654105334585,0.20824587929712854,0.14288982798331648,0.15554666302586714,0.18514202814063468,0.24495965448164697,0.19315644870575074,0.161378389001269,0.08263895609552102,-0.06647952334471671,0.4471834336078848,0.26857887115529416,-0.12993236747948944,0.20359785164007083,0.007173294859313381,0.003738574653262765,0.10587941675448291,-0.08896651029051296,0.020204719366531544,0.07899717052500671,0.05633325645499683,0.08563479742952818,0.021143326726871147,-0.1203053814396518
0.10411466171750583,0.00831855250674057,0.1496141210978544,0.1924233345722968,0.24441618766414802,0.18849617586968317,0.2824017210688464,0.19862650014496755,0.18021120727397685,0.20668143890350218,0.2671004225833806,0.24952595642792885,0.17701790115639737,0.30021986002333506,0.030970142813175942,0.7443286368268176,0.2396488310380816,0.23818792735657582,0.2487232358853558,0.19897414595865487,0.1495171463268194,0.3885967807228035,0.22186228203089686,0.23912290502743372,0.25439155856799694,0.18946354499535892,0.24978041738834314,0.12917035858280718,0.2824881983330676,0.15379569487973124,0.23560806501963752,0.3240285355687413,0.13085427344839567,0.2666171933640194,0.13892238296874856,0.3023568678988893,0.24170353859837637,0.16561706773573306,0.23660579981167246,0.10873597887415062,0.28937436366247343,0.3165012726912929,0.34626694990426915,0.1038483886756247,0.04789652604263463,0.3612084229383398,0.21296863521288628,-0.09771573116740974,0.2093273402266538,-0.04980156008986154,0.038361980676406185,-0.1340418869284888,0.0265386538283871,-0.04204926160379922,0.10052419568849492,0.004727870580651128,0.002864282947677864,-0.009499380807781947,-0.12285734995283427
0.08551742789447024,0.164455969851762,0.42165109889420094,0.17887695244786925,0.12714002595483817,0.37350134978046745,0.2503505001712076,0.3220616497453091,0.28915715585212926,0.2511097956649184,0.3010308073838349,0.3021389266021117,0.15679587748346757,0.25879478392394084,0.20235499452288733,0.2396488310380816,0.6774150546183865,0.31813029772591517,0.3215430201954692,0.4096453659633498,0.34853483854504297,0.30325290693785406,0.18379329910269782,0.2622526677984349,0.28876742097044317,0.3149457708229984,0.28763976882539305,0.3097957254034145,0.32927736862145546,0.1417479154479918,0.3048596331719471,0.30293257307066057,0.22817060595771807,0.28605066535424,0.2336511544607988,0.37118256826380724,0.37951842410367104,0.282794164002615,0.2956877248229877,0.18107011162155542,0.30214705688963883,0.3066161697503332,0.3331712359965075,0.07524810112858996,0.2331249540843874,0.4791258895220177,0.29632976558047347,-0.11548559703281655,0.14110449396564267,0.17698715019402467,0.07161084369245604,-0.04434301595732371,-0.17068112880349157,-0.0534170211822869,-0.02936225208915867,-0.03828265874509779,0.04206437581006912,0.147698713711504,-0.3352763305861581
0.1613234885045644,0.07972233402389149,0.3477617871480802,0.2050385040726132,0.14958942375295334,0.24129105381802513,0.2247848840011357,0.28721842043786733,0.1922310552822356,0.2668633114162949,0.27549321588805953,0.3584821068315515,0.1393235100074342,0.1607915954612158,0.14444659626352407,0.23818792735657582,0.31813029772591517,1.090169212039133,0.2457793016820592,0.045679150183354555,0.27145240965915646,0.26946938892364114,0.33284736073184623,0.18297415095055158,0.25449478103330714,0.20393019339941423,0.21072225951927698,0.2237176411602943,0.3363953462295688,0.018624729726749226,0.3598544718502115,0.24237291303076636,0.1866437232439913,0.3284088892249615,0.06502150266397654,0.4331294620030679,0.3725806231641028,0.14053219657037735,0.28097998060998425,0.10873324636134228,0.3158816214161519,0.14936922704291677,0.24555252365685878,0.0054707620044680905,0.2069108659836332,0.546211323008984,0.4390159335990883,-0.18678805673670026,-0.004166671125582976,0.04904209344819057,0.2590669836063277,0.03621768451928989,-0.2729845204360545,-0.16219028747416628,0.06943983022275912,-0.09020434875487443,0.0016165654757264358,0.05614449138791381,-0.22533354512497844
0.13586656571865255,0.0621556455110681,0.3183003299208111,0.27960162644536485,0.5174186002786743,0.77237383979165,0.06804653808749031,0.3553185561392604,0.4558122060788917,0.23464466485765098,0.2873195816678752,0.31544343810847486,0.19157633690623965,0.24444155494470093,0.3006542095340496,0.2487232358853558,0.3215430201954692,0.2457793016820592,1.3115481671248332,0.5899661197302848,0.2912765252452571,0.3240302739678733,0.15690591784437724,0.2610556290809687,0.22370998726387015,0.4354698333916098,0.3158362118177284,0.3062709043576972,0.3591645355772313,0.06872577021004508,0.30762757500197324,0.3406628158707394,0.15222149524080467,0.31602081498822443,0.056211339220764725,0.42381992015190134,0.2242661620802354,0.3866852064556759,0.14370982636049656,0.168004951860396,0.25142586200211287,0.3319095835364777,0.3584601880176591,0.0750240703137408,0.10936562000678256,0.5004398885196936,0.17120099273125441,-0.19915384443994896,-0.09594809537278283,0.27569979249839804,0.04886780177998823,0.39567409868320585,-0.4977655445518346,-0.10215518470934766,-0.0139519070616221,-0.06173492548432429,0.07482543314093583,0.12925663749260147,-0.11950884436953783
0.11888953282433959,0.16164931092981535,0.46507302639703124,0.2531167734167702,0.272082943027179,0.6686842319902417,0.18028179120042587,0.4627305204036941,0.38525121920951505,0.284344063405703,0.34819575533177816,0.28505050438899393,0.18091155062670974,0.32726898687276196,0.3125318877772663,0.19897414595865487,0.4096453659633498,0.045679150183354555,0.5899661197302848,1.450104209305237,0.1577899246630347,0.24581429619299258,0.26904378751868663,0.40422172004230184,0.31649212521542697,0.39723224263024864,0.4339245571757571,0.07329163074954795,0.42834381739947064,0.4033067928926692,0.2274156627651768,0.3237259362450984,0.11828465917714893,0.33778352991511307,0.12210441503892751,0.2962708404736785,0.4858188207453531,0.6217307351964046,0.2683061066889951,0.3711256665792443,0.11396283017270013,0.5182514155311656,0.5705670568585091,0.09725117817117881,0.5410442725499094,0.34614337314701266,0.27710395723965603,-0.12915860676787705,0.33638135812214287,-0.15348588149075587,-0.04223521424346858,-0.03763763041316841,0.23252760171749218,-0.07363326621454769,0.033873526337772,-0.11758789933119404,0.10315508154583228,0.30366710307748684,-0.3561251149709508
0.1278386439390064,0.3825804603362393,0.21440341762453807,0.13252319868244597,0.22280598475056465,0.3743344468334429,0.25482844240313796,0.1517770671065857,0.27387859855479035,0.16867040533799876,0.31260119662308333,0.29830256625519824,0.11130908466996482,0.2443576060958007,0.315815869328713,0.1495171463268194,0.34853483854504297,0.27145240965915646,0.2912765252452571,0.1577899246630347,0.9372987836177885,0.16823601149996234,0.08850391853593616,0.18676785325178122,0.20610141694354098,0.38774814167492183,0.17666977882448187,0.3079047832557665,0.16975201247464014,0.0981904165048273,0.2604104176917267,0.36843972937285935,0.06870322091421677,0.2831011900213087,0.35063062775536846,0.28265365337272746,0.21125577122552075,0.18990729969804054,0.22438351159749026,0.24902751493956007,0.3273579002923928,0.20662690516047816,0.19977991183958535,0.09704773433073305,0.07539382788425841,0.3914830566808338,0.22530261774702018,-0.01348150152317189,0.1324225853363467,0.14065032909920713,0.059589160790772304,0.06411199109415769,-0.23828401191289214,0.0022414215515926574,-0.03804954427850811,-0.01023471615128049,0.09616593947399346,0.037178246764081886,-0.16410496379341438
0.13704501960914844,0.06674507275510512,0.38170543085701153,0.2091325761172248,0.19009059531458614,0.35926822516377416,0.3179132122758012,0.23038573681083543,0.45570762734290493,0.2500239419338159,0.19676520557437513,0.21981692471104522,0.2159054884513723,0.2406125433082109,-0.020034371675298698,0.3885967807228035,0.30325290693785406,0.26946938892364114,0.3240302739678733,0.24581429619299258,0.16823601149996234,0.9499323026200787,0.26628396528602943,0.2583499504393213,0.22694170184382192,0.27380214991084517,0.26787077822817185,0.13127333277802744,0.34444711059621846,0.14853784116652813,0.22770088597986612,0.3877092644218077,0.1932650287184167,0.22341406703095934,0.027030883022013157,0.2534821676200924,0.2697569300334164,0.18835478388127153,0.20827974647067235,0.11738558029798134,0.23287883294752304,0.28481468151744005,0.5449743507049877,0.09656586014238658,0.08504920635427378,0.3747871834118502,0.24789103540728602,-0.08756267094090493,0.3532931436343734,0.14632588307417335,0.01648117093799201,-0.2189217645764,-0.07935171047183694,-0.053728581662738,0.13493508664363335,-0.011836616592752636,0.056962045942529335,-0.06800959277105989,-0.17544567341647627
0.11801584406120116,-0.10658251778324931,0.23447335724190108,0.21235234934265226,0.23770264546835349,0.17649542183049197,0.29674094211914565,0.19470600023006307,0.23822137472164645,0.2560427469345424,0.2092528329605822,0.2649858054140918,0.12580021780231343,0.2087360768564609,0.1908040403249683,0.22186228203089686,0.18379329910269782,0.33284736073184623,0.15690591784437724,0.26904378751868663,0.08850391853593616,0.26628396528602943,1.0971376512426396,0.33343832263371387,0.3215903631397903,0.15108664788171366,0.1834317222998115,-0.12148097572247184,0.4225293380880462,0.30400799883819546,0.23997339432559245,0.21655743341345257,0.2107911437329155,0.40737489976089,-0.2204222103588643,0.7299261730170142,0.13645697415017327,0.14333168547973177,0.2852151433497252,0.18358520933533634,0.32236316309763924,0.20361466439866424,0.2416640539613398,0.14918927094428444,-0.08332522870314768,0.6456687709099855,0.2863848517102758,-0.47915310804377104,0.2504582911147137,-0.11830504070255145,0.05984329698074488,-0.28065724968579875,0.27436005016733817,-0.06798853215811727,0.062087061783110215,-0.018927088686982584,0.04777769066778455,0.09066117223317177,-0.25697208646864295
0.03815585356441764,0.13024599561218517,0.324785028138375,0.1845897827516145,0.21401838810829552,0.3313147445850001,0.25544606818257326,0.23446938146390148,0.29612968823201646,0.2893888106050066,0.20698052012900492,0.2280573852790852,0.14442479268837954,0.30810086840702755,0.24245805344441873,0.23912290502743372,0.2622526677984349,0.18297415095055158,0.2610556290809687,0.40422172004230184,0.18676785325178122,0.2583499504393213,0.33343832263371387,0.8536386750707214,0.28584436340267905,0.34663335448739135,0.2511989112184393,0.249413110253711,0.2826973564523025,0.5805950199205687,0.34292766602036556,0.46863795708936185,0.5469005666340391,0.23976661361067386,0.10209541410339183,0.5232117124782278,0.3744400994801363,0.2846974424158279,0.2180711388142497,0.16388620776504026,0.32826738053114174,0.33225670807473107,0.3591483120294207,0.14238261533980764,-0.07354066201792603,0.6492408055786351,0.43029759986361676,-0.2420337433343589,0.696547002324654,0.03683225420361266,-0.02260834025034057,-0.25032016578818933,0.1772075950668076,-0.056823328378093965,0.04072996250349832,-0.21690878461175658,0.3451608263829293,0.15531707917144646,-0.35074155049543393
0.1631705545323383,0.1649146712085485,0.3142587276625587,0.15662482504531977,0.16286140321293166,0.3019907511125851,0.23188191712776626,0.2755544703056393,0.19526194973481018,0.27145984930999933,0.21356755296737925,0.2737134829531158,0.1417353575350005,0.28808713135876757,0.24982826744491915,0.25439155856799694,0.28876742097044317,0.25449478103330714,0.22370998726387015,0.31649212521542697,0.20610141694354098,0.22694170184382192,0.3215903631397903,0.28584436340267905,0.8590589550326965,0.1455673803346904,0.2518897366328208,0.14257883152165016,0.5363820146616073,0.3291752255435036,0.28027102585888997,0.2495692099839838,0.15971738396196314,0.4101728593330914,0.1587974398062762,0.4552619459481652,0.33165460074326847,0.23552909827963375,0.36910468586350403,0.13179488162291644,0.30176191372642114,0.22350721063633452,0.2545689790164031,0.09097260007208716,0.061666740868771955,0.5711568909658495,0.3227513421034736,-0.2270758764538616,0.14482181345716605,-0.26426108535119697,-0.07100819141659637,0.08660486782163132,0.08112674071015281,-0.010641333763951932,0.018268429045739054,0.020233832378781878,0.07855005212146335,0.07790128329149082,-0.2547414658993064
0.05299933071965018,0.2506578046702006,0.2605726129610423,0.19699583933784628,0.35366586862614074,0.5259251159184121,0.2735531241660099,0.3181566547664934,0.4698993010776429,0.27323475804341585,0.29486957392216284,0.34319113874866086,0.12787260664391945,0.3926093811317981,0.32462638641961605,0.18946354499535892,0.3149457708229984,0.20393019339941423,0.4354698333916098,0.39723224263024864,0.38774814167492183,0.27380214991084517,0.15108664788171366,0.34663335448739135,0.1455673803346904,2.0333675963218543,0.24504514674883682,0.2659660276946157,-0.08986874290449114,-0.054912996329701765,0.2039556314614151,0.6085120825038597,0.1873140220290101,0.3077974015655598,0.28046650736648215,0.4988649673733879,-0.31218989416005954,0.35417629268980855,-1.0327231603966878,0.08126648732755105,0.5863894448698926,0.515446733248804,0.5721692518151338,0.04150871467798849,-0.3466515267319591,0.46076981957225593,0.11562106974469483,-0.08124438511644934,0.4265661261727257,0.38041591117826995,0.009342638092736041,-0.4001042384820805,-0.1309670718395728,0.016563736718855363,-0.015947310930150796,0.050961398522876726,0.16396471369581664,0.19801606186753884,-0.3747224197018481
0.11164753286944293,0.12275655203848125,0.28901183614674153,0.15721260063901252,0.17994125444615108,0.34822795458221834,0.1712008431478487,0.271348836833307,0.24896448986252784,0.22229932247076908,0.283049219017727,0.2933527299284746,0.1656546186984514,0.2048842699561271,0.1849030875218315,0.24978041738834314,0.28763976882539305,0.21072225951927698,0.3158362118177284,0.4339245571757571,0.17666977882448187,0.26787077822817185,0.1834317222998115,0.2511989112184393,0.2518897366328208,0.24504514674883682,0.9051492075634672,0.23844710271677047,0.16629096705978724,0.22558914713493225,0.28232949333664364,0.3281205270489859,0.16568712771314453,0.20522089466303167,0.22748633804650512,0.42798696634756506,0.27924700534257,0.2731677617408192,0.22749463805060577,0.2040538372676666,0.30303599522495595,0.27103961157869294,0.45979360040749123,0.017074709073069183,0.18023292055764945,0.3478172355864951,0.21162269498370193,-0.18187271979794606,0.31316271713235927,-0.08305902986579014,0.017159489011459327,0.021181324920386838,-0.0532994365905864,0.043368985983055997,0.07142468548262648,-0.0425537069691511,0.14793176005627387,0.0019086289026774203,-0.19362111113553782
0.03217962567664324,0.21563915336940326,0.3348355650432712,0.08459680308695096,0.03406275447279702,0.25091362782078813,0.03304390172119202,0.12547283074038612,0.20401536017934802,0.17407747862377312,0.04866452590283061,0.09147441545099153,0.09623118599156481,0.21509219468825344,0.21322156021084662,0.12917035858280718,0.3097957254034145,0.2237176411602943,0.3062709043576972,0.07329163074954795,0.3079047832557665,0.13127333277802744,-0.12148097572247184,0.249413110253711,0.14257883152165016,0.2659660276946157,0.23844710271677047,1.2597423783219361,0.01905223352914784,0.13982164486167614,0.2709553503743057,0.1486503421361145,0.439685379873464,0.07474783911069828,0.9548143180009904,0.2675457965956634,0.3990575298863078,0.143001739787474,0.07074914605561874,0.20732136190112915,0.34851396586047656,0.14077779573143562,0.27087168963026087,0.13121049743659205,-0.023694466603121682,0.34263349789893677,0.14733809035727122,0.058761703046301926,0.05887496918992688,0.11028808963218663,-0.09646628146074514,1.0139090306801701,-1.2322080023674422,0.14795148676645106,0.17270994921576804,-0.0715325048325071,-0.0034936855249792717,-0.06541767722218522,0.17378605356101204
0.1766831665956583,0.18275953633224556,0.5594670911886348,0.2329812190641656,0.19310933495590793,0.49932351553631305,0.17217609632510186,0.34320820945777564,0.2360746598315451,0.3762070697190515,0.25325577229323876,0.23628871169774843,0.25970564771240195,0.206351783972622,0.24736354743903252,0.2824881983330676,0.32927736862145546,0.3363953462295688,0.3591645355772313,0.42834381739947064,0.16975201247464014,0.34444711059621846,0.4225293380880462,0.2826973564523025,0.5363820146616073,-0.08986874290449114,0.16629096705978724,0.01905223352914784,2.382320313446184,0.23436600535817678,0.12518586291588973,0.25066117179424774,0.0706491026318568,0.6275227290668576,-0.16350445258493304,0.5804425931088554,-0.024414012567247116,0.14398335299680387,0.569643443955744,0.18910237487955842,0.3440873084184494,0.1976356832290821,-0.045246931840143376,-0.1007828408792465,0.24437534386106438,0.5839826299721603,0.30919910215073454,-0.3735718067046264,0.2844230037654473,0.4681327213865726,-0.28481822552365516,-0.000278235917428513,-0.302560232979564,0.06965261970296784,-0.022815345672905267,-0.06256141838933926,-0.014063265536883585,-0.09921337962085768,0.06858963418506774
0.11909079311243569,0.14663793063543554,0.33737463999536305,0.08160605005641863,0.028885094670843322,0.21352935205390955,0.15597082814139612,0.23111762503653208,0.13273587228071682,0.3609883433777981,0.07489804799444434,0.06717772590204531,0.1051213496283616,0.32500798659537194,0.2922884669446918,0.15379569487973124,0.1417479154479918,0.018624729726749226,0.06872577021004508,0.4033067928926692,0.0981904165048273,0.14853784116652813,0.30400799883819546,0.5805950199205687,0.3291752255435036,-0.054912996329701765,0.22558914713493225,0.13982164486167614,0.23436600535817678,2.960181452408333,0.3497591426544054,0.17174826998018186,-0.03858162828568123,0.13961619666932681,0.6520502706090989,0.5512783449961289,0.8833781620792333,0.27469166113174187,0.8317339025990554,0.6903329964105193,0.884950272723472,0.17261480900759912,0.5730654125430007,0.23123440011419935,0.19156960587790328,0.608660230097722,1.2434820102408446,0.023722474961477166,1.9758389960356149,0.05196145419307149,-0.02285907503520571,-0.8000336223947544,0.4884824111932298,0.1408260504539065,0.21802427914133438,-0.18440041236873098,0.12390571917783011,0.45662531061193573,-0.41640132462417395
0.11354754878842903,0.14021445700653584,0.24803607198061628,0.1312482145990084,0.23247890017513453,0.29100411646109475,0.21867400882397264,0.19030712191886745,0.26302863359348755,0.2683769764799524,0.218687950847569,0.26651935794423975,0.12465482357113619,0.23353132176152377,0.21385978706484032,0.23560806501963752,0.3048596331719471,0.3598544718502115,0.30762757500197324,0.2274156627651768,0.2604104176917267,0.22770088597986612,0.23997339432559245,0.34292766602036556,0.28027102585888997,0.2039556314614151,0.28232949333664364,0.2709553503743057,0.12518586291588973,0.3497591426544054,1.006382655553273,0.3869450726028258,0.1657843046792812,0.30238764086990166,0.3022194289428282,0.761837732359653,0.5493264505544015,0.2847645660742989,0.3542625051933871,0.16911521877776783,0.4139530171044975,0.22504231809259542,0.24747931994489772,0.06930268859279531,0.1461714427330276,0.8391782940625345,0.35518883937814466,-0.40610128981250015,-0.12971453483033366,0.19687079631613497,0.008028620874444534,-0.0565458872080354,-0.06031678008004628,-0.08368780055956204,0.003935302382741389,-0.016812206603750594,0.3074397518964901,-0.03231091809033726,-0.32752704716189013
0.10195269547787505,0.24838757506688328,0.2568507819480049,0.10459512737696242,0.30340363250232755,0.4308715673419349,0.2855469252399187,0.21051986324560645,0.38729931162572756,0.33203123436169696,0.2821442234445489,0.34335664266450766,0.18325619570091867,0.29055230767573165,0.2112880712695798,0.3240285355687413,0.30293257307066057,0.24237291303076636,0.3406628158707394,0.3237259362450984,0.36843972937285935,0.3877092644218077,0.21655743341345257,0.46863795708936185,0.2495692099839838,0.6085120825038597,0.3281205270489859,0.1486503421361145,0.25066117179424774,0.17174826998018186,0.3869450726028258,1.0268157743423039,0.10801196372715084,0.27354238759221533,0.13159633459130024,0.5265508411508355,0.16778637743355826,0.2984507901077711,0.0307785553043865,0.1551092549765262,0.38691441595441367,0.3814270607253178,0.36292067535372446,0.0264842696797399,0.0772862735974112,0.6793486650763714,0.2872255050923639,-0.2337759052806993,0.34398388741431773,0.1989987320970949,0.0548593578268484,-0.28240863888867984,-0.03860942827621938,0.00707271772094497,-0.1272985424887114,-0.13982113984052794,0.936828377980233,-0.32321726214627305,-0.45739770750589387
0.012084401608675174,0.030149358525988552,0.16759382253331306,0.12494727628837948,0.10838413367304654,0.07650930224228818,0.22583343959994112,0.09792194388088567,0.22814833197837167,0.07923890832945955,0.12305060240601476,0.15485537710114738,0.05227433977168471,0.18968001866099551,0.13272239744200073,0.13085427344839567,0.22817060595771807,0.1866437232439913,0.15222149524080467,0.11828465917714893,0.06870322091421677,0.1932650287184167,0.2107911437329155,0.5469005666340391,0.15971738396196314,0.1873140220290101,0.16568712771314453,0.439685379873464,0.0706491026318568,-0.03858162828568123,0.1657843046792812,0.10801196372715084,1.8441385292624193,-0.05141854642324295,-0.7036759289332449,0.20433714486409812,0.3518239951636477,0.17547877526239816,0.059499886480626415,-0.2830748796814349,-0.38537969541029915,0.30788400473675326,0.3522254199460503,0.23997853337085345,-0.5687650610828224,0.43359002792653634,0.20610326003233323,-0.3627435386896205,0.7967810129129925,-0.02866259627246561,0.0027085154977908848,-0.06368113625043827,0.16189665021341088,-0.24524639720907124,0.1909747500082373,-0.07212007851603403,-0.04624194344078684,0.20104915424088138,-0.24211899600452738
0.00686028748676626,0.11941129694271707,0.27716368820080256,0.22880741330094215,0.34758233000925504,0.3530624482035235,0.27757133384684296,0.276647713403607,0.2262561335237014,0.34508606749102066,0.2816132081233744,0.2998911913307775,0.17201465549435047,0.2593572006007894,0.2518155534874633,0.2666171933640194,0.28605066535424,0.3284088892249615,0.31602081498822443,0.33778352991511307,0.2831011900213087,0.22341406703095934,0.40737489976089,0.23976661361067386,0.4101728593330914,0.3077974015655598,0.20522089466303167,0.07474783911069828,0.6275227290668576,0.13961619666932681,0.30238764086990166,0.27354238759221533,-0.05141854642324295,1.4761116307583795,0.33406291630989005,0.7014739860414676,0.22646883149121594,0.22362693460733943,0.32038294513611004,-0.0250557844442319,0.42578977457464084,0.24313769193660764,0.2660882906181195,0.09113520700339843,-0.2330699977353781,0.5402418287447703,0.32017106942160906,-0.36320739116871625,0.14801502121919066,-0.05358824928291135,0.02436727043246397,-0.1933564494006846,0.2037933590174683,-0.08137590180096006,-0.08547067951382764,0.03244400698965723,-0.004275210626941632,0.014060111146459732,-0.053251112439480504
