0.4302373871189196,0.11506409792455821,0.2215576697310383,0.05018444623162293,0.055591057722116165,0.02367124971468698,0.0619866136963211,0.021785150647550898,0.02013534293411486,0.058934239862606465,0.036675529519687076,0.0500841815523601,0.028899916610995523,0.010506525795432884,0.03835992563435999,0.024729580625259068,0.02150483022378611,0.04567234266998108,0.03711180743923865,0.002711222508133352,0.027592692308946454,0.022321106475358295,-0.006659018870046447,-0.02225589259462164,0.026782368550966936,0.02742900090236962,0.05289735739757937,0.028305196475578803,-0.010749862544012122,-0.024827808407478502,0.036332264588476715,-0.0052258241402358685,0.03252382188199175,-0.05160803218558819,-0.024167499341350526,0.043356612979164245,0.010680640430401714,0.013257982804723928,0.017006311560873438,-0.0008928716553498444,0.02874033839106875,0.002123452254078635,-0.021115623317180324,0.006527212604670667,0.02596543806486282,0.04596500932297916,-0.007108596391596507,-0.010692487067765781,-0.0036480730039330635,0.005595458259639311,-0.01315480553463313,-0.013342485331752876,0.01271054862320557,-0.01194069317730166,-0.015181364943114643,0.01124645054479268,0.06162548548544844,0.03137867243410055,-0.10449995038805608
0.11506409792455821,2.045207374184745,1.3994935290393753,0.40207565600132095,0.4321212932953902,0.4577593170985759,0.5618943796151962,0.5695065711353959,0.46426011117103316,0.572125518749357,0.5333344886781467,0.46661038321192533,0.5953944890222808,0.4124889052776921,0.4816581856354403,0.46163870525128997,0.4491864061896715,0.6199637113688174,0.4670245642498115,0.6016084132136238,0.48441170618758456,0.45854965592201374,0.22020445215623474,0.39911491515447006,0.4550156348305645,0.4792216562164143,0.6485262265759674,0.2805703417042661,0.5534956051242237,0.32868782569508564,0.5141887071974488,0.37113216868972204,0.30839454346136513,0.7550894926428366,0.37742990070721705,0.6693085749935873,0.7365297003385463,0.3593886714033775,0.5033875748273701,0.15929134277190482,0.4925052123318215,0.5038136333451089,0.5579555563919064,0.10670011525143075,0.01117865949408036,0.6804700687263093,0.5759613568371088,-0.07840852369132795,0.17294331819984235,0.12788274363424285,-0.04549827785073719,0.06893346912973873,-0.012090150832141048,-0.14382612037693346,0.035989106333949604,-0.13276976213276057,-0.3944737510673508,0.012886299319990373,0.33329745362055846
0.2215576697310383,1.3994935290393753,2.8872152543174563,0.3438964419782129,0.23164692640444817,0.5338356096445929,0.5874934288289445,0.4911961655424383,0.5536399035658464,0.5841491018364592,0.5052803097973726,0.5468830334269273,0.573480720009656,0.3520852009662202,0.42489030116860566,0.4126737849281155,0.40710441294902394,0.5492204113886144,0.45806061099892464,0.31036050111760316,0.43186344475203386,0.5343516753649764,0.25958720388836465,0.2997856558163763,0.4309975062344857,0.4975965030327737,0.6487858536287083,0.28350831889133177,0.4292317521203674,-0.08490126020131875,0.4916449489383133,0.2983460672232666,0.3229621520646316,0.7244972094125752,0.21448664366046993,0.7635194093691634,0.7182956649539769,0.21778575148424048,0.3916285013573557,-0.03702912643303998,0.3426190963947549,0.43879371456204064,0.43870482092093505,0.1154208528060747,0.039938588662352795,0.71913746988418,0.3910059825823863,-0.1295802400067497,-0.04802212216052455,0.18761851844299654,-0.05025697530082694,0.196241199557981,-0.00579757684270962,-0.23567697653661424,0.22815423588316983,0.2118944069254996,-0.23158589293871182,-0.3604809226153356,0.07438287597294468
0.05018444623162293,0.40207565600132095,0.3438964419782129,1.2015810013076642,0.5000063241077225,0.5448527769701137,0.3503279923265059,0.4903506021538978,0.300199690498432,0.38505626846843527,0.4359279583741905,0.4549765797488674,0.4367277201252294,0.39662894018978406,0.30050096024422435,0.47470569295817033,0.34365713275219834,0.3527727466471143,0.4589618827634447,0.33921119216522533,0.3364210742380494,0.4360915849250499,0.3099259030359604,0.3554735714025151,0.3877766470474694,0.3336458030000086,0.30869207705046675,0.09448546329737109,0.4884022735424538,0.25891671635413943,0.31582556940012935,0.3775224705851508,0.2680301514695503,0.5560254833912281,0.06341010094367618,0.36514660316351283,0.5151274156909192,0.2196788901359119,0.4454849378874606,0.07818844661170957,0.2632121801951196,0.3310506763719174,0.4387053704266209,0.21006295909913292,-0.008168905572042733,0.4436368701593723,0.55982110448309,-0.03866281145880313,0.13544154781312498,0.27861629845340163,-0.16869349751103488,0.2258631580178542,0.0005793498555318553,-0.12877032121402993,0.0318540384849346,-0.03033374240151137,-0.2085128776636265,0.09996484659175028,-0.002603559935882298
0.055591057722116165,0.4321212932953902,0.23164692640444817,0.5000063241077225,1.3837304496950629,0.40357001270382875,0.48003940712621274,0.4989925241485164,0.3568180566963769,0.4461725162754552,0.4550712333761218,0.49928640388755924,0.5048984559947293,0.4705804776265324,0.3982207061191149,0.549690895315488,0.3420266361503954,0.3967093662950132,0.6246733987262812,0.32342539043380014,0.34963431310081633,0.5114993006489135,0.3909146786529639,0.3975148954074807,0.38867904280861654,0.3498899750966703,0.3140106561220458,0.03780518843447324,0.5473412090224453,0.24692632337502432,0.31546414999759004,0.42458224487921403,0.2440789416035863,0.7067163155580827,0.08050835671083639,0.45861160766396664,0.4854892970704231,0.21298893309285824,0.46910257581461035,0.10795135427038241,0.27034320431158393,0.37049583679362397,0.49072816694521637,0.13460537479573603,-0.1407422654977638,0.4305259223743459,0.5941815514494574,-0.046258575288215774,0.32548475992682585,0.08958802796035675,-0.1956606494906078,-0.23299788095524698,0.17339084986315895,0.012537217919385212,0.013778676406654757,0.005565262811275322,-0.2181985857310119,0.0468492903311133,0.07649832022769788
0.02367124971468698,0.4577593170985759,0.5338356096445929,0.5448527769701137,0.40357001270382875,1.3093493310549007,0.30817013249737474,0.60823833320601,0.4650059953058481,0.3415592084128684,0.610617891083535,0.5970749525470552,0.5443847665373541,0.5468617524123186,0.40471192459770516,0.5130593495922914,0.47108209116585775,0.3839910573832056,0.7272845070495164,0.639227741978365,0.5294494896550598,0.5940319595329888,0.269435367139357,0.5503165242329113,0.4827057885040069,0.5365123811435563,0.4167349138056291,0.060035233484460465,0.7069186452286675,0.3237093975603092,0.4426937243359919,0.5403937149508257,0.40029103812195577,0.7039622875384399,0.38754261806924895,0.38353565706940923,0.849600281396111,0.4046527884454303,0.544702708306623,0.2471327769045962,0.38000924833076066,0.5218664320206461,0.566192878851546,0.09197090148845172,0.20487374028561942,0.5929227625046204,0.6787246431176348,-0.016343647829261718,0.4159236525358482,0.28891526553597047,-0.3343819078442709,0.1387366057221707,-0.01990880915189429,-0.05877092576533805,0.05505600023534517,0.03197711576123845,-0.24901268132838958,0.08607176959558832,-0.05894763171708857
0.0619866136963211,0.5618943796151962,0.5874934288289445,0.3503279923265059,0.48003940712621274,0.30817013249737474,1.034203158098695,0.3571805255278968,0.4109063795800963,0.38494879458500375,0.47971486473598457,0.5444543290170779,0.49762241913884586,0.40299948752594145,0.2872515754272563,0.4551340635811275,0.3627201278070458,0.49357253427522374,0.3372093909185372,0.29211031003594434,0.39539544002334887,0.643225665120543,0.5063979061857027,0.41377990707014123,0.40644155797160286,0.3880721873782396,0.4102218659652097,-0.01317806095959052,0.5486463048778798,0.29877964210870106,0.3528115315209958,0.38841315239878216,0.256800735500841,0.7029301825973955,0.30725261707940976,0.5482518546769487,0.512010395026583,0.19166402812571418,0.48940532085261057,0.16508508379493858,0.2663368804404083,0.40493078603182603,0.49414597002604566,0.13939466065503456,-0.03256644160860035,0.5389305812794888,0.5090889429381591,-0.08006500664971648,0.42588391460026115,0.12012911439825012,-0.16019625306217972,0.01921082628112853,0.03389783928470206,-0.09174747414813973,0.06376755795678883,0.18754926569178956,-0.15064565771213412,0.010373385427228883,-0.252542735297922
0.021785150647550898,0.5695065711353959,0.4911961655424383,0.4903506021538978,0.4989925241485164,0.60823833320601,0.3571805255278968,0.9696401133317216,0.39946890053666656,0.5783217493954772,0.5305744623730336,0.41173553367021265,0.6044316867757219,0.47427342804811473,0.329700284285529,0.4506577146603086,0.4738585012261141,0.4392724643587375,0.5350509039784618,0.5170042163314787,0.3806452936129681,0.49604012739158787,0.3598337393701324,0.4699596720925543,0.48903835516678695,0.4752686434044869,0.501088408970147,0.13178961791396093,0.6555928403127945,0.45411650933010533,0.4061819478737338,0.436620638535467,0.3037385138350059,0.710058101555894,0.4898984793629193,0.4224054681658622,0.6990599826251069,0.321137349518809,0.59712083302909,0.2577015275791897,0.3743552129999397,0.4755072775932874,0.5320314401187782,0.1560196602209694,0.020925640813179977,0.6009749667536848,0.8330156649360176,-0.0364672926193555,0.3302035397169479,0.2715539567353854,-0.12507152558163454,0.24109693601389998,-0.0340114598181275,-0.13332407045283526,0.014703815108864784,-0.08096227220845839,-0.08194231674453471,0.13392937315149225,-0.07435616316307528
0.02013534293411486,0.46426011117103316,0.5536399035658464,0.300199690498432,0.3568180566963769,0.4650059953058481,0.4109063795800963,0.39946890053666656,1.0591459989291188,0.3295984237198223,0.3630004181177813,0.3454065444275984,0.4727286415923828,0.41078056499945365,0.2561899278475525,0.33943025936310073,0.3265495454607561,0.40243278666324644,0.4466771856701842,0.343916793652012,0.3604144849856087,0.5394077918698887,0.41010995396597794,0.4171055848413879,0.33477004202095506,0.4680661862791725,0.4516732369949967,0.08770889195324642,0.48857629410201514,0.31778096253338345,0.36010721852054134,0.4027051739514599,0.3753973720727302,0.5752432155153656,0.2921495070835619,0.461617080108255,0.5927345671876673,0.2286959315732255,0.4667421632632475,0.16644297142770112,0.3078741376457166,0.4008507742241956,0.46676636253055953,0.1199716655256792,-0.0680064795870268,0.5257385650936035,0.5497420368841488,-0.054028216589458826,0.5428648548760582,0.07179784246171635,0.022174849082449023,0.17690746096173324,0.037976617818812036,-0.14629096833544267,0.11967889481027912,0.15854125358152701,-0.023694003446341313,-0.05271919673327785,-0.2137667363558209
0.058934239862606465,0.572125518749357,0.5841491018364592,0.38505626846843527,0.4461725162754552,0.3415592084128684,0.38494879458500375,0.5783217493954772,0.3295984237198223,1.3149175521840486,0.4851304803152181,0.5021532433224921,0.4744584305121406,0.3869605431380067,0.4512492215666173,0.3793280211953623,0.4353687180965339,0.5693992261354256,0.3642955420466816,0.34368671056452427,0.27461633584525436,0.44450749505956483,0.4608824300393661,0.3464033876394607,0.4831912391541044,0.37000924615507086,0.630332010321462,0.136222890496556,0.6374275820681833,0.37023046149228683,0.39668628599254846,0.3469685430346524,0.11369559206666013,0.7666142258631264,0.42320403332264567,0.5705452737243483,0.469398911154946,0.2229555526832991,0.5120282386696181,0.2061062938029466,0.35959057150217094,0.40598052053750505,0.39886451941745565,0.15863050168509799,-0.20777176758258936,0.5562494176326457,0.9021208704016387,-0.07859292200359139,0.218698223824096,0.02461714032726005,0.028247836811912966,-0.15009320095853185,0.07975647130178551,-0.06493563663318083,0.0735781518395507,0.06734150456870355,0.08488604913644394,-0.16541299798874032,-0.07530208616461626
0.036675529519687076,0.5333344886781467,0.5052803097973726,0.4359279583741905,0.4550712333761218,0.610617891083535,0.47971486473598457,0.5305744623730336,0.3630004181177813,0.4851304803152181,0.7785550963829535,0.5500368438152229,0.5269272460850198,0.4357722110159028,0.40127452487669835,0.4863478175867667,0.47481571777370174,0.41695919940307363,0.45313461070700417,0.4985254356670809,0.4326610747277063,0.509230029712584,0.3665951194523226,0.4490725672187353,0.4696820031587269,0.500171991543971,0.49422717469850114,0.08357698934735841,0.6603497431071726,0.33981359388549126,0.4193045335518302,0.417744532499937,0.26912770689466387,0.7098550905623623,0.45846323274174794,0.5002543140496729,0.6468294744812599,0.30938409321970334,0.5087398756046421,0.2550784490104808,0.35623451811584417,0.4845406649977856,0.50086088705006,0.07986732633324534,0.05790843094277903,0.575427304356044,0.7303850790660784,-0.05479261852339084,0.23764840757368103,0.09326622755433506,-0.12573552981988972,-0.007987124601907961,0.10189411936548055,-0.032451422740376885,0.06519563928764406,0.023318044371276096,-0.1651796141914499,-0.0010900983812574337,-0.038404100497481455
0.0500841815523601,0.46661038321192533,0.5468830334269273,0.4549765797488674,0.49928640388755924,0.5970749525470552,0.5444543290170779,0.41173553367021265,0.3454065444275984,0.5021532433224921,0.5500368438152229,0.841938345460719,0.4564634360915042,0.4590869089966673,0.3774097926655849,0.4790459214662689,0.42825310307048853,0.43296682130866826,0.4575291250737747,0.39323092591995834,0.3920869136856469,0.5282543763032445,0.38000018742670827,0.4010260011910178,0.48506621792890126,0.45981140417384525,0.44998975516562284,0.006661956614439708,0.6179574043228214,0.21472625489823904,0.38229891198092414,0.43618142234438306,0.2494823249995912,0.6910909580071557,0.40629454411299415,0.44124213108447263,0.5561577567719131,0.2586880512790584,0.460974780699664,0.20173629271625454,0.25249553232528094,0.42562037197714697,0.41949385954118845,0.09324920875861177,0.06180482302468103,0.5137456825921458,0.6659735290854918,-0.0494821818630679,0.31001657074986355,0.10649054619952332,-0.16720252066322544,-0.06216293593509588,0.06377812503795029,-0.022701787437998576,0.06782772476684826,0.178929711689914,-0.17732364787554447,-0.00778282392248552,-0.27715683078883724
0.028899916610995523,0.5953944890222808,0.573480720009656,0.4367277201252294,0.5048984559947293,0.5443847665373541,0.49762241913884586,0.6044316867757219,0.4727286415923828,0.4744584305121406,0.5269272460850198,0.4564634360915042,0.8379831944169288,0.4328219965260526,0.29483015269935664,0.5035036972952733,0.4356131607686408,0.4644266152894455,0.4799958496410575,0.3905091343769092,0.4121451096333118,0.664614981992017,0.4496258908295682,0.4612014772433858,0.4289619157514451,0.46681365494843857,0.4721774434172885,0.052794252255390715,0.6641234236989824,0.3948998260498764,0.3815378096811542,0.4231854250402932,0.347525552270635,0.7190977353212014,0.4482114925212019,0.4807994886308433,0.6802520767769454,0.250745571079513,0.537275042151505,0.20205274480347207,0.3510672924703042,0.4764413540525926,0.5408414584848906,0.13726297044052535,-0.08723749032498004,0.5671809613771163,0.7346725453661299,-0.051473734276907226,0.3101023341222838,0.20189918926753697,-0.11167810658763744,0.020681301133740834,-0.021249965193145936,-0.09294732290513624,0.23918610778872887,-0.006260957393691221,-0.2512179651668989,-0.26555255431347224,0.2541567335449313
0.010506525795432884,0.4124889052776921,0.3520852009662202,0.39662894018978406,0.4705804776265324,0.5468617524123186,0.40299948752594145,0.47427342804811473,0.41078056499945365,0.3869605431380067,0.4357722110159028,0.4590869089966673,0.4328219965260526,0.788703390473301,0.354744469216912,0.5422719416418774,0.43217415918398283,0.37334420796227336,0.4505167445849004,0.4407354968177563,0.3762078786956715,0.5252668356052541,0.3763566093647081,0.5099331303853881,0.4618082891773935,0.44157148482570535,0.29327740447565287,0.08589194266051839,0.6380116320834108,0.4447075598562059,0.3400327404746378,0.6282031922854318,0.2973136256227639,0.7022345752444444,0.41590824361974776,0.41438748261523284,0.551984229104282,0.2805380663162827,0.42114157586198786,0.1887145912753809,0.3484997471701149,0.4613987181316619,0.5595778940913682,0.1470839418384872,-0.17335683960333176,0.4999504829314151,0.7393688718165402,-0.044594708304297695,0.42980116206987135,0.047672155206229125,-0.07557345657207068,-0.10178519381511984,0.10996294838043587,0.009031048817246316,-0.033602482275661365,0.014238280995836275,-0.22718533104577074,0.16964110937987797,0.011216864983798064
0.03835992563435999,0.4816581856354403,0.42489030116860566,0.30050096024422435,0.3982207061191149,0.40471192459770516,0.2872515754272563,0.329700284285529,0.2561899278475525,0.4512492215666173,0.40127452487669835,0.3774097926655849,0.29483015269935664,0.354744469216912,0.7910530455624634,0.2972788549948173,0.2852383878821826,0.36920434207324837,0.37122314901881587,0.38326656054186387,0.31028850260126406,0.28153859876576176,0.34726691584786007,0.3727395679052594,0.42672525768750974,0.352463108146622,0.3544173703989904,0.03616102229841529,0.5226581988507407,0.33476789519802747,0.3129812640316015,0.325647128849662,0.24033576565509931,0.5375955059179156,0.27733098593541883,0.39692899990809266,0.5843727694112704,0.22337724617133323,0.3317777282787355,0.14104274037487408,0.33389948114580786,0.3741311866201731,0.4311684221003401,0.08476545214219172,0.005311208716372555,0.46159619505838245,0.5553350443599262,-0.04014532431806329,0.23727198239225594,0.21295195341355044,-0.08839025653664874,0.09253432033012897,-0.009538700149637144,-0.030194573671722597,0.0503845570955276,0.041636418587012565,-0.15570953804962,0.027830407096199394,0.006313944886134241
0.024729580625259068,0.46163870525128997,0.4126737849281155,0.47470569295817033,0.549690895315488,0.5130593495922914,0.4551340635811275,0.4506577146603086,0.33943025936310073,0.3793280211953623,0.4863478175867667,0.4790459214662689,0.5035036972952733,0.5422719416418774,0.2972788549948173,1.0178835037882676,0.41531771976961124,0.33600881401354654,0.5023915218514854,0.39282899817282807,0.3923071939246575,0.5408510844601675,0.27646517262132675,0.44385139938498663,0.4496070110021571,0.41288452411568305,0.3659481000361506,0.153448302386181,0.6186163798987893,0.4333859214796712,0.34970855067487394,0.4740837148828732,0.243913285937572,0.7022285399130357,0.5517348394716651,0.39155412740656587,0.6535095373545075,0.2433138193351292,0.4555252237842772,0.2147594901710827,0.30008524868651565,0.49844459852909273,0.5930960735263683,0.13373173348302697,0.017242023522101343,0.49686154109261255,0.7026214706401743,-0.03791227265610337,0.1976086749706815,0.12944493901221144,-0.17586125045103534,0.2892087040201225,-0.011140468347326491,-0.0659893670208616,0.15794376641065025,0.00694328026620611,-0.3027417833224603,-0.053100713565294125,0.1558233568653032
0.02150483022378611,0.4491864061896715,0.40710441294902394,0.34365713275219834,0.3420266361503954,0.47108209116585775,0.3627201278070458,0.4738585012261141,0.3265495454607561,0.4353687180965339,0.47481571777370174,0.42825310307048853,0.4356131607686408,0.43217415918398283,0.2852383878821826,0.41531771976961124,1.0320938440827634,0.2414666334304766,0.36296706678927226,0.540356885612327,0.3654182621348979,0.2804046108925736,0.20751301683867135,0.43331712215376444,0.41258786844611356,0.37928333435835476,0.49702267583240806,0.5664185930592812,0.437240568255904,0.3582447034615112,0.4218534773293252,0.41205939408492803,0.33294626282357703,0.5926878364521705,0.41859938942050934,0.5380556152869604,0.6078242544803674,0.3319845372850335,0.49746164749424365,0.2350558302155309,0.4424814731363721,0.5089754952331652,0.41899921549937447,0.11915992112857184,-0.018892512616063097,0.5572768528770005,0.7883874704385869,-0.07147572382249961,0.19503236826811227,0.05112338736987269,-0.10473706863667659,-0.2405593093840995,-0.1183659505089958,-0.008294070919916848,-0.0348279206196373,-0.08220737156419619,-0.0742834427233215,0.08082678928555016,-0.026338800614404908
0.04567234266998108,0.6199637113688174,0.5492204113886144,0.3527727466471143,0.3967093662950132,0.3839910573832056,0.49357253427522374,0.4392724643587375,0.40243278666324644,0.5693992261354256,0.41695919940307363,0.43296682130866826,0.4644266152894455,0.37334420796227336,0.36920434207324837,0.33600881401354654,0.2414666334304766,1.0915004321995478,0.32996429075691147,0.07139101351530495,0.3880009068388873,0.7105716804314899,0.7797138777621195,0.3853735426612133,0.4545540444035005,0.49683125422170604,0.13929013702770662,-0.15002040702977534,0.6877968171013817,0.33977522974517227,0.3349716776773764,0.3555983419418224,0.24260905633505936,0.7097147952100886,0.3332055337227536,0.5320947880687684,0.4713117424795974,0.09731309947855989,0.37403119070868146,0.14292237485266285,0.2600809064782955,0.39427414131477884,0.510184388528423,0.1700909202019689,-0.07444115735299892,0.534780558567516,0.745850000689541,-0.06063850866333084,0.14176213602887552,-0.08739783505809098,0.13019368278632604,-0.37477998415963903,-0.0857042624028865,-0.07883149290009364,0.10296647249124634,0.11936806880205264,-0.10508845996727065,-0.018618526917223672,-0.1997323931292215
0.03711180743923865,0.4670245642498115,0.45806061099892464,0.4589618827634447,0.6246733987262812,0.7272845070495164,0.3372093909185372,0.5350509039784618,0.4466771856701842,0.3642955420466816,0.45313461070700417,0.4575291250737747,0.4799958496410575,0.4505167445849004,0.37122314901881587,0.5023915218514854,0.36296706678927226,0.32996429075691147,1.2941685578691158,0.43542677299514365,0.4157362420956948,0.44638856419745626,0.14481602748198832,0.4850665604145724,0.4264104459712389,0.3514307451481113,0.3506697202587049,0.20556806238302583,0.4853992102198569,0.32257799799893716,0.3957560407072125,0.44642760484763533,0.4959025137598491,0.5306926237712285,0.2161984858577995,0.35894954064100476,0.8827211486935042,0.2992368360391126,0.5114501010562348,0.16112500294020904,0.34616495146466986,0.4385932393763844,0.5082252484646361,0.12475756531600368,0.1661869494972766,0.5649189654475586,0.4870153175148593,0.01798968835795681,0.25447832489323213,0.5476909244030732,0.15353782482024705,0.6766497469457116,-0.3323078427400877,-0.19267175771209563,-0.013934477847265779,0.025688492037521153,-0.17351760142456088,0.12167443005800092,-0.003366478871867749
0.002711222508133352,0.6016084132136238,0.31036050111760316,0.33921119216522533,0.32342539043380014,0.639227741978365,0.29211031003594434,0.5170042163314787,0.343916793652012,0.34368671056452427,0.4985254356670809,0.39323092591995834,0.3905091343769092,0.4407354968177563,0.38326656054186387,0.39282899817282807,0.540356885612327,0.07139101351530495,0.43542677299514365,1.6500729158802088,0.3546494014835962,-0.10860705466987192,-0.043169568751837015,0.5607663701510769,0.439322316874927,0.45090874789960916,0.6231448604645604,0.36351173466073367,0.5721671340177,0.6426690956821378,0.5784428162822257,0.4117030191893429,0.4308322162077045,0.652605238760971,0.513220393285241,0.515346682631089,1.1891368504767663,0.8425073137715826,0.5660603450481827,0.42412472911176324,0.7341572722073928,0.6912016826735299,0.5256621730004326,-0.000888650946909946,0.3274299722445237,0.7466725954670282,0.6585508961434208,-0.0003166187558734419,0.9187539599622091,0.15215594950581615,-0.29740202315090464,0.23793444322111276,0.17676098878725444,-0.07997954147538866,-0.01439866248274579,-0.10001274719037162,-0.03225771769045203,0.12071527395870628,-0.020519252301247043
0.027592692308946454,0.48441170618758456,0.43186344475203386,0.3364210742380494,0.34963431310081633,0.5294494896550598,0.39539544002334887,0.3806452936129681,0.3604144849856087,0.27461633584525436,0.4326610747277063,0.3920869136856469,0.4121451096333118,0.3762078786956715,0.31028850260126406,0.3923071939246575,0.3654182621348979,0.3880009068388873,0.4157362420956948,0.3546494014835962,0.7678996951983642,0.46482070077883075,0.35687695153931925,0.40233990256927166,0.34678854816267574,0.43284048667924563,0.2882495445465292,-0.035086941105450124,0.5222579806134613,0.3704486244845069,0.37895349720083227,0.33102626698368115,0.3910731732094173,0.5479982621383602,0.3683978937841967,0.46980401544286404,0.722631747533046,0.24377629009195856,0.4531536972975053,0.2430656364302946,0.431700922537669,0.47864892720734264,0.49719070407138566,0.08047726881756365,0.21591932643323564,0.5224945909504183,0.6471973713156386,-0.046117090404672254,0.2668434511893188,0.19388476707014626,-0.11506933774270242,-0.009553630485987397,0.035694244482187255,-0.07368978842343718,0.050989751242452884,-0.01814702435998821,-0.20459784898177663,0.06369691220103209,-0.011289433659440937
0.022321106475358295,0.45854965592201374,0.5343516753649764,0.4360915849250499,0.5114993006489135,0.5940319595329888,0.643225665120543,0.49604012739158787,0.5394077918698887,0.44450749505956483,0.509230029712584,0.5282543763032445,0.664614981992017,0.5252668356052541,0.28153859876576176,0.5408510844601675,0.2804046108925736,0.7105716804314899,0.44638856419745626,-0.10860705466987192,0.46482070077883075,2.16737044359128,0.9061866143415604,0.4643523837829526,0.416728100654048,0.43000131792212426,0.30400264317124737,-0.4174783491080213,1.0440184418851195,0.4790104638598414,0.2612442380697724,0.5709973641504157,0.14806653494758326,0.9142478385844698,0.5211142847476686,0.43049094071227517,0.4620785647954551,0.03808121806844573,0.6466589304965858,0.18317024250936906,0.05971619265633129,0.39916218131246817,0.7767670348872735,0.24796028630727343,-0.10732799148736757,0.4764906320754205,0.9374384267913211,-0.07039889290913356,0.2549904666300752,0.41498635537001616,-0.11429320639460623,-0.2814924106365186,0.0002741492117412205,-0.030325186978342918,0.2330095504320165,0.13634632947483893,-0.31811252215377456,-0.12344385438601886,-0.07087823152256054
-0.006659018870046447,0.22020445215623474,0.25958720388836465,0.3099259030359604,0.3909146786529639,0.269435367139357,0.5063979061857027,0.3598337393701324,0.41010995396597794,0.4608824300393661,0.3665951194523226,0.38000018742670827,0.4496258908295682,0.3763566093647081,0.34726691584786007,0.27646517262132675,0.20751301683867135,0.7797138777621195,0.14481602748198832,-0.043169568751837015,0.35687695153931925,0.9061866143415604,1.7058639251458059,0.5854719863126452,0.5608519508026877,0.265533122157505,0.21964182692784184,-0.7133612471341004,0.9360296751080276,0.6367077223134122,0.18527073710215444,0.37640144894489425,0.40634737018742856,0.776074676346078,0.3775695496805288,0.5345882377514709,0.54458080476975,0.006080887087138083,0.5644218532098031,0.2061178277072104,0.21988808210312405,0.43210569803410576,0.5711620933088368,0.24271058472820073,-0.2764175510893458,0.579767208861015,1.0450618503341405,-0.052343728451616355,0.2918701493565213,0.1227569314211214,-0.1110124179833308,-0.22229097882370588,0.09574092514260885,-0.09188102904949856,0.154603239691586,0.06517342084447582,-0.13343074710436656,-0.10994947419305427,-0.08504276037265529
-0.02225589259462164,0.39911491515447006,0.2997856558163763,0.3554735714025151,0.3975148954074807,0.5503165242329113,0.41377990707014123,0.4699596720925543,0.4171055848413879,0.3464033876394607,0.4490725672187353,0.4010260011910178,0.4612014772433858,0.5099331303853881,0.3727395679052594,0.44385139938498663,0.43331712215376444,0.3853735426612133,0.4850665604145724,0.5607663701510769,0.40233990256927166,0.4643523837829526,0.5854719863126452,1.2316055303564943,0.45806750644054345,0.3344589874283697,0.46301535495660734,-0.01818044290697065,0.5460218908079593,0.7679492525423253,0.4676115952115859,0.6100764973052842,0.8778403940430733,0.5994332042485587,0.5759731375850524,0.5086195421555882,0.9247974631373412,0.369952129797789,0.5271353658253789,0.2775035476243719,0.5639870959913122,0.6161723371622798,0.556215153156312,0.14907601321719344,-0.2403369626035378,0.7818062012513007,0.8271652753505213,-0.07118482871514392,0.6863101156303599,0.17036206623908523,-0.1768614833717161,0.2012897759400169,0.012003767998807664,-0.11532820970897847,0.06131136213781364,-0.09057750594452843,-0.11683406610948256,0.05341693792476748,0.028599858931767006
0.026782368550966936,0.4550156348305645,0.4309975062344857,0.3877766470474694,0.38867904280861654,0.4827057885040069,0.40644155797160286,0.48903835516678695,0.33477004202095506,0.4831912391541044,0.4696820031587269,0.48506621792890126,0.4289619157514451,0.4618082891773935,0.42672525768750974,0.4496070110021571,0.41258786844611356,0.4545540444035005,0.4264104459712389,0.439322316874927,0.34678854816267574,0.416728100654048,0.5608519508026877,0.45806750644054345,1.4580725212019643,0.4524132601817322,0.3756579171146737,0.07791574501490878,1.1080660273477687,0.5664330827264117,0.4423636780290772,0.4498916088738637,0.07410885425926367,0.8634672424987775,0.509480858036498,0.5705023466815154,0.6039115684967357,0.28697922285288,0.47008125911146914,0.2097578436074644,0.30680328553522107,0.46764467731186,0.593748408240584,0.1838876930995425,0.00908468818789391,0.778618241413869,0.8952389074395349,-0.1196497639801643,-0.1470818387777336,0.05111685368686589,0.018806296094900792,0.3048240539251825,0.013089043515013308,-0.0799323824801683,0.06388524709119892,0.023902562063346695,-0.13580245514731654,0.048556577264236636,-0.08822938755236562
0.02742900090236962,0.4792216562164143,0.4975965030327737,0.3336458030000086,0.3498899750966703,0.5365123811435563,0.3880721873782396,0.4752686434044869,0.4680661862791725,0.37000924615507086,0.500171991543971,0.45981140417384525,0.46681365494843857,0.44157148482570535,0.352463108146622,0.41288452411568305,0.37928333435835476,0.49683125422170604,0.3514307451481113,0.45090874789960916,0.43284048667924563,0.43000131792212426,0.265533122157505,0.3344589874283697,0.4524132601817322,1.5132130074244419,0.386433540308445,-0.006881526224817881,0.6761512406342103,0.18658732228072916,0.3702210088641996,0.4251817949767698,0.4783278738957746,0.5849640522139011,0.5250141289354759,0.38072658551915756,0.9162565573239747,0.31575958028937984,-0.21290463124925232,0.12913027186499648,0.3829498006819502,0.6521065340353092,0.5508641286542006,-0.03601632345826223,0.19601955697649817,0.5337357923761662,0.7035871526327113,-0.011609755507959363,0.2662223611680876,-0.23809452761531866,0.05200114222022432,-0.2116733711383677,-0.07673577058725663,-0.03137751021598769,0.12208403271377999,0.05985401319716708,-0.21320820776953842,-0.012272121442386274,-0.00020457454989302972
0.05289735739757937,0.6485262265759674,0.6487858536287083,0.30869207705046675,0.3140106561220458,0.4167349138056291,0.4102218659652097,0.501088408970147,0.4516732369949967,0.630332010321462,0.49422717469850114,0.44998975516562284,0.4721774434172885,0.29327740447565287,0.3544173703989904,0.3659481000361506,0.49702267583240806,0.13929013702770662,0.3506697202587049,0.6231448604645604,0.2882495445465292,0.30400264317124737,0.21964182692784184,0.46301535495660734,0.3756579171146737,0.386433540308445,1.7864208186099375,0.19061318571784572,0.23300768816726472,0.2860820983726453,0.5567977045316842,0.3315918642542059,0.4033240957730749,0.6269556767712816,0.46475247608845477,0.5593483679145307,0.8299950790020769,0.38664408780403214,0.4925108728728173,0.3028503823386959,0.5315362281033071,0.5246612354258248,0.4907666700766329,-0.01922708768638697,-0.0034640034355504865,0.7009327924869444,0.6125828271247138,-0.05575514189622378,0.8102464706654265,0.2304993872328856,-0.1849482061192181,0.3539887921254734,0.08721297953203144,-0.11335270004203463,0.12500656633655147,0.10323986460158212,0.0961262036043905,0.0022263176476753793,-0.32733796740889765
0.028305196475578803,0.2805703417042661,0.28350831889133177,0.09448546329737109,0.03780518843447324,0.060035233484460465,-0.01317806095959052,0.13178961791396093,0.08770889195324642,0.136222890496556,0.08357698934735841,0.006661956614439708,0.052794252255390715,0.08589194266051839,0.03616102229841529,0.153448302386181,0.5664185930592812,-0.15002040702977534,0.20556806238302583,0.36351173466073367,-0.035086941105450124,-0.4174783491080213,-0.7133612471341004,-0.01818044290697065,0.07791574501490878,-0.006881526224817881,0.19061318571784572,3.3879876412797607,-0.5303112234516711,0.05228127660461514,0.34028584288018543,0.154550531229181,-0.2589500394992053,0.10583440606992826,-0.07833679634634132,0.8370042642193546,-0.295190953532396,0.18227547570580446,0.18682875599147128,-0.0776742316765631,0.4063614950576805,-0.07279629427509798,0.43656333483776616,0.3385064304160345,-0.3976009339545555,0.23196008309754618,-0.44170735872067823,-0.15595618986539772,-0.1889856649591612,-0.6598900943932176,0.03483745194813122,0.46602064904253304,-0.5674515127615677,0.11086980488869567,0.14629790841705834,-0.020024229423005597,0.03179994273552982,-0.026920415868714347,0.3389117201389345
-0.010749862544012122,0.5534956051242237,0.4292317521203674,0.4884022735424538,0.5473412090224453,0.7069186452286675,0.5486463048778798,0.6555928403127945,0.48857629410201514,0.6374275820681833,0.6603497431071726,0.6179574043228214,0.6641234236989824,0.6380116320834108,0.5226581988507407,0.6186163798987893,0.437240568255904,0.6877968171013817,0.4853992102198569,0.5721671340177,0.5222579806134613,1.0440184418851195,0.9360296751080276,0.5460218908079593,1.1080660273477687,0.6761512406342103,0.23300768816726472,-0.5303112234516711,3.294404978803824,1.0898172020874008,0.18941063756892398,0.7167603039900378,-0.4028819290403082,1.4636327460640748,0.7983596395740693,0.6059417996930726,0.7474218971770105,0.28892038020942745,0.690567002429445,0.4060671603074019,0.2230551858010209,0.610466496516935,0.7277051366875468,0.09666818618093606,0.24766644481325809,0.761205971754187,1.720115595778223,-0.1072312028563916,0.47833432142303944,0.3729785275855405,-0.08924060942763763,0.22812449471032958,-0.14257839468763844,0.013011613133407311,0.052970703759187325,0.02846010202284609,-0.315420840625424,-0.03818942441580165,0.06546470198784962
-0.024827808407478502,0.32868782569508564,-0.08490126020131875,0.25891671635413943,0.24692632337502432,0.3237093975603092,0.29877964210870106,0.45411650933010533,0.31778096253338345,0.37023046149228683,0.33981359388549126,0.21472625489823904,0.3948998260498764,0.4447075598562059,0.33476789519802747,0.4333859214796712,0.3582447034615112,0.33977522974517227,0.32257799799893716,0.6426690956821378,0.3704486244845069,0.4790104638598414,0.6367077223134122,0.7679492525423253,0.5664330827264117,0.18658732228072916,0.2860820983726453,0.05228127660461514,1.0898172020874008,2.6680070503443662,0.3613436256533282,0.4478995795056824,0.383791352121896,0.5360630901801341,1.026313308496189,0.6652624838209751,1.0317884779039754,0.36350148718597886,0.8894152436377425,0.38304197596129647,0.8897520097118957,0.71004703747964,1.1521881701944514,0.46623606502420395,0.062029578445858845,0.8350964786389816,1.0610538881223732,-0.10193703021830625,0.8162483264425003,0.18980466737930615,-0.073910094016785,0.1424954040979649,0.09300879632745014,-0.04829740448147175,0.1812084424520453,-0.2642595101472697,-0.15599401213241113,0.22451775466186707,0.10300056331366568
0.036332264588476715,0.5141887071974488,0.4916449489383133,0.31582556940012935,0.31546414999759004,0.4426937243359919,0.3528115315209958,0.4061819478737338,0.36010721852054134,0.39668628599254846,0.4193045335518302,0.38229891198092414,0.3815378096811542,0.3400327404746378,0.3129812640316015,0.34970855067487394,0.4218534773293252,0.3349716776773764,0.3957560407072125,0.5784428162822257,0.37895349720083227,0.2612442380697724,0.18527073710215444,0.4676115952115859,0.4423636780290772,0.3702210088641996,0.5567977045316842,0.34028584288018543,0.18941063756892398,0.3613436256533282,1.0269252165900307,0.3044521074181426,0.44200240771262755,0.5250947947900236,0.3360239003932626,0.8622728294460115,0.7320745794675533,0.4011773296654799,0.4626348256011456,0.20603832717589748,0.6474566462483169,0.5029051468384883,0.48350264770910245,0.0932164117743444,-0.04943632364979982,0.8173712989075483,0.5337469073675656,-0.13146361022568667,0.050026022216397806,0.11989354214319331,-0.02910342852670069,0.0492605264046775,0.06967610052387482,-0.10675623398422297,0.10121800105264996,0.012048479813270585,-0.009252284173132487,-0.026030180328864828,-0.1084861546981148
-0.0052258241402358685,0.37113216868972204,0.2983460672232666,0.3775224705851508,0.42458224487921403,0.5403937149508257,0.38841315239878216,0.436620638535467,0.4027051739514599,0.3469685430346524,0.417744532499937,0.43618142234438306,0.4231854250402932,0.6282031922854318,0.325647128849662,0.4740837148828732,0.41205939408492803,0.3555983419418224,0.44642760484763533,0.4117030191893429,0.33102626698368115,0.5709973641504157,0.37640144894489425,0.6100764973052842,0.4498916088738637,0.4251817949767698,0.3315918642542059,0.154550531229181,0.7167603039900378,0.4478995795056824,0.3044521074181426,1.1664706202665363,0.3563958323651857,0.7367707749872968,0.3918925111940716,0.35489505881432776,0.36120436911151094,0.2844862199151232,0.3672959106352058,0.16561874983295977,0.2464458431475593,0.4447050158260407,0.5307142516289431,0.1563151766117145,-0.3472848644561408,0.5451774665915509,0.8416876224992443,-0.06000837135281791,0.24286533328263915,0.09615807128563705,-0.11053180440366972,0.40256700599310535,-0.34480237753620246,0.024780611753881885,-0.03470540244232357,0.017505949133685264,-0.156120383959601,0.1854072789567762,-0.0913801606820734
0.03252382188199175,0.30839454346136513,0.3229621520646316,0.2680301514695503,0.2440789416035863,0.40029103812195577,0.256800735500841,0.3037385138350059,0.3753973720727302,0.11369559206666013,0.26912770689466387,0.2494823249995912,0.347525552270635,0.2973136256227639,0.24033576565509931,0.243913285937572,0.33294626282357703,0.24260905633505936,0.4959025137598491,0.4308322162077045,0.3910731732094173,0.14806653494758326,0.40634737018742856,0.8778403940430733,0.07410885425926367,0.4783278738957746,0.4033240957730749,-0.2589500394992053,-0.4028819290403082,0.383791352121896,0.44200240771262755,0.3563958323651857,3.380804744545132,-0.268382864792931,0.20135077617407052,-0.10614488014897973,1.8180161177131895,0.34248011624837,0.00975705554825463,-0.0357053796848675,0.4602363394054844,0.7842290316727114,0.291750891547291,0.06666581836319253,-0.5567297896279803,0.9228354292317562,0.7330296799829041,-0.014875150192556268,0.839507864201326,0.1015522512984951,-0.19539746310558556,-0.006699773228488362,0.19678712871641904,-0.3965789989340606,0.3236169899389648,-0.1227185372012533,-0.02119399784464156,-0.1479445388378908,0.04352721590343609
-0.05160803218558819,0.7550894926428366,0.7244972094125752,0.5560254833912281,0.7067163155580827,0.7039622875384399,0.7029301825973955,0.710058101555894,0.5752432155153656,0.7666142258631264,0.7098550905623623,0.6910909580071557,0.7190977353212014,0.7022345752444444,0.5375955059179156,0.7022285399130357,0.5926878364521705,0.7097147952100886,0.5306926237712285,0.652605238760971,0.5479982621383602,0.9142478385844698,0.776074676346078,0.5994332042485587,0.8634672424987775,0.5849640522139011,0.6269556767712816,0.10583440606992826,1.4636327460640748,0.5360630901801341,0.5250947947900236,0.7367707749872968,-0.268382864792931,2.3658354930349135,0.6950746762703551,0.8397912903845637,0.8449511137617954,0.3483946152658781,0.8315536942471129,0.19694265879312212,0.3167928667371947,0.7207533747239532,1.193401245599525,0.32964815580594603,-0.2951642459179965,0.8479270865275561,1.3489056277206262,-0.11230741151536543,0.4874846413112142,-0.14540138549130555,-0.112145608730678,-0.1783947710104162,0.24490507208151369,-0.04552099401195703,0.15245464654667754,0.15125481587397355,-0.414031893973364,-0.11366989183928246,0.2560938504082535
