0.4252841669875737,0.11583720595585531,0.2206557711497648,0.05003807513524508,0.05147222046836093,0.02660171030480536,0.06199364332868251,0.019330613375620104,0.02263257592563107,0.05732194375311351,0.03747944341815019,0.047850415942545924,0.031824495335234515,0.011084871787592734,0.038172130600109454,0.026600705133392303,0.021103843032586063,0.041703903331876645,0.03887658389266148,0.005878759027004706,0.030653653310566218,0.023983431670629222,-0.0075867998415582154,-0.02139830829850008,0.02577012265232872,0.026325229599943767,0.050751006676531235,0.03114259659441245,-0.009082518534180207,-0.014976330027616502,0.03622625692085357,-0.006987766707805748,0.031763877901731095,-0.049621914845491916,-0.020411225940057665,0.043233922573956744,0.022935574602608342,0.014203187593666039,0.019811197943178507,-0.0002197489488779944,0.03081387557271347,0.0059057060187459945,-0.0015862188084857889,0.006713207202764661,0.029967505914420142,0.04669210124094739,-0.006288293329411195,-0.01064136815315465,-0.0064280257192271106,0.01933582704796101,-0.01102609470877748,-0.0037823138758462213,0.01091007456012552,-0.014539554483117568,0.012766808929276266,0.007586909008848485,0.04811975315897048,0.005669859669407207,-0.06982627557581558
0.11583720595585531,2.0690430808931786,1.4386180037535239,0.40681895615747143,0.438443300017699,0.4435702143708117,0.5497560210425775,0.5619385571339615,0.46327691264050974,0.5651937404330958,0.5339225397586451,0.45484083908468037,0.6002436189568714,0.4174427301373406,0.4854328663942096,0.4621915963970848,0.4604027081312445,0.6129429038089833,0.47748404057171995,0.6018067417006808,0.4982861851711603,0.45875721570006134,0.20967719794841724,0.3945043468548874,0.4400567107905602,0.48061617183978705,0.6350407095236431,0.2835651246763437,0.5648747042051323,0.30874192378882254,0.5218005084171973,0.37160196220466984,0.3381529753523174,0.763490675521053,0.35564301427641054,0.6986039117717772,0.7844065283969653,0.34731050271570413,0.4795808403286013,0.12713573262760708,0.5147602242163927,0.5090264430568925,0.475761527981273,0.10325056388500398,-0.040567850702387324,0.669581779812631,0.549290451398733,-0.07292311568548894,0.15249103347422888,0.21075524219161756,-0.05432124783107904,0.10037598014415668,-0.030226321452867407,-0.18623134930422575,-0.06021463156499422,-0.14416612968765252,-0.4344365101107971,0.018384433625382706,0.4194715577932783
0.2206557711497648,1.4386180037535239,2.937081891944191,0.3683535483564419,0.2535291927714208,0.5658981184768915,0.6024793259233671,0.499523699623288,0.5803715254083085,0.5738535210014843,0.5266136995946261,0.5517213273563009,0.6037052800302305,0.37923016985705527,0.43599106860659076,0.4399708730254824,0.4344709970796128,0.5456766437845123,0.4872781640041069,0.32928446160974156,0.48173922402675334,0.5673599484111808,0.27169595914454825,0.3299747632062332,0.43353170642890354,0.5280834748010887,0.6229180390841196,0.2867488790154004,0.47347506813036266,-0.0558316036925241,0.5136566261056797,0.317375068003986,0.39781216594997887,0.7512636682861729,0.22659255160132616,0.7955864640795531,0.8065925540655136,0.21330212736413579,0.38055972858593895,-0.07121286078099615,0.3670677986707668,0.4748407683380253,0.40732139683948715,0.11339327928711422,-0.019122647301438832,0.7453964909232791,0.41526001560650255,-0.12814592672841324,-0.024534114996108802,0.26577845931266764,-0.09860445676475937,0.2398289150475945,-0.011379715799004275,-0.2953397756690137,0.23667901840768227,0.18811809117914527,-0.33597108463082737,-0.5217619305510846,0.3576854398786898
0.05003807513524508,0.40681895615747143,0.3683535483564419,1.1989092614019918,0.5010051929019953,0.5535212326533087,0.3618814648561282,0.49953677765767496,0.3290603310879424,0.3961678481941109,0.4481180423218227,0.4610397793727948,0.4518670392577708,0.4062325204839271,0.299840236742843,0.47820371407037604,0.35561600730075377,0.3697961496648744,0.4701312286182281,0.33972978808588644,0.3530939696992573,0.45916479649712283,0.32027237540120046,0.37640040316758067,0.391693595985899,0.351029995974443,0.3241300196425287,0.10968979184047437,0.5066483108437414,0.258728100325618,0.3355408247506084,0.39420864540332434,0.29781398750529287,0.5730632737807697,0.0717635824225344,0.38867298206725753,0.5380655138912714,0.214666531552247,0.4375200769839367,0.05988709570021584,0.2667652872597026,0.3405200322601549,0.4270771491400454,0.202992429481815,-0.058644103330303655,0.46067915602664133,0.572080896083585,-0.040877424712152326,0.14386083364841962,0.30203103672587983,-0.18715650645303405,0.25785032781607514,-0.02052558293854787,-0.1615091150582311,0.06416378965426395,-0.017605453239712958,-0.2277369947893422,0.06623204381399223,0.015503336104784498
0.05147222046836093,0.438443300017699,0.2535291927714208,0.5010051929019953,1.3685525272019943,0.40890863839175157,0.4877271738781333,0.5057988989564859,0.38073324132530617,0.4694034001602295,0.4700706157485019,0.5082025459174069,0.5206984844676235,0.47789541946560554,0.4084110075503649,0.5596052626543204,0.35343698039802934,0.40593772924345184,0.6386398582966492,0.31935353312716247,0.36610247039308375,0.5324709877851614,0.40913615747218296,0.42140709294919027,0.4107973953315714,0.36557079714443114,0.34247860991261175,0.04937444141594149,0.5772307642516031,0.2464585022036546,0.33119270753408014,0.4366669695056736,0.28444605045456917,0.7333838445624079,0.09939102095785586,0.4798189240906186,0.4984401154965838,0.20258795503223564,0.46500853683363413,0.09430254691447225,0.2724555235827442,0.3829729548429259,0.4611803474894048,0.12726919803947181,-0.21350211057777965,0.44563343348603246,0.6149370796326509,-0.050918306767695765,0.3465907194639896,0.11770869146013889,-0.17932364987978225,-0.155068920252905,0.14259667708989793,-0.005364900488899909,0.053832284760914624,0.007200816896163468,-0.2397574351310933,-0.03337540878674866,0.1579256298131796
0.02660171030480536,0.4435702143708117,0.5658981184768915,0.5535212326533087,0.40890863839175157,1.3243452940496774,0.3372546952262693,0.6158865655627874,0.503454826434422,0.35156821846152614,0.6220301035671904,0.6113575459016084,0.5574196984218938,0.556117794551698,0.4116163255224741,0.5223033718990496,0.4720316167842636,0.4149227767384051,0.7424865003476011,0.6270970725507888,0.5519351825684959,0.636297469846891,0.30179333735506153,0.5714665419064641,0.509033008261316,0.5610408248181076,0.4540531276068242,0.09040548750841933,0.7371472720778546,0.31838914151054454,0.46515822198353735,0.5651202806564956,0.4554337779012163,0.7356040303884734,0.39379420197220466,0.40580992766370033,0.8565334319372517,0.38452982844171274,0.5379359907419788,0.21838844893111165,0.3592100031053852,0.5306998124644339,0.5673114842611893,0.08348458574942748,0.10265304807777942,0.6190390364202979,0.7031523623133562,-0.02830584885802486,0.48118122549077375,0.2871339579531183,-0.38075815642748245,0.24251931692274864,-0.057334794009852086,-0.09296829544472683,0.16244672232021293,0.07965362631892849,-0.2534800332818507,-0.012175997869729126,-0.032644210449820577
0.06199364332868251,0.5497560210425775,0.6024793259233671,0.3618814648561282,0.4877271738781333,0.3372546952262693,1.0539012303306714,0.3522337885156306,0.43670521316140803,0.3825634283999955,0.4934272475501803,0.5657586893669888,0.5018244821845136,0.42416973506987016,0.29328796495212694,0.4678976678675455,0.3729688108007117,0.49821250005185996,0.3475324540915803,0.29063378639192505,0.4213720614020439,0.6707592070696108,0.5161808821286571,0.4298755792410731,0.4231033449380015,0.4021550671792439,0.4232008038210768,0.0039023760625118285,0.5628533857604452,0.3069347219430131,0.36458300049264325,0.4019867882815729,0.3037168398345684,0.7282712697602769,0.31058843739586084,0.5575892760349882,0.5088865279855774,0.18157890715500086,0.4735963056727009,0.13945417526799236,0.24939653554561533,0.4156013615856563,0.5133725289935462,0.13243525700086445,-0.09475981453125157,0.5508290897852713,0.5265553712073379,-0.08931978854471646,0.48731193674521595,0.04106026822186955,-0.19934805926825577,0.0018834243712634567,0.06628360134942675,-0.09943735435397395,0.11413510195545079,0.2236829131199917,-0.18458325159034142,-0.061293177758083385,-0.18886272373716614
0.019330613375620104,0.5619385571339615,0.499523699623288,0.49953677765767496,0.5057988989564859,0.6158865655627874,0.3522337885156306,0.9832627469277329,0.4174277257161788,0.5800565613431092,0.5445240729791913,0.41548212524460604,0.6293226009768417,0.49144174492814074,0.33591709896442856,0.47096760046299013,0.49229096103222975,0.4610743830030391,0.5609910185524891,0.5238054378279738,0.40944367736676357,0.52175643087199,0.37053280749195305,0.4881336884208696,0.4936052454750723,0.4970771058787193,0.5150115401024412,0.16401421423958473,0.675910095697917,0.4716790497879596,0.43381592534739233,0.45362663188548674,0.36827668529079594,0.7261885384769824,0.502305909040813,0.44572960230710235,0.7825072161874642,0.31103507244254197,0.5894087089356634,0.2349969210555933,0.3905713778858208,0.5019860025859639,0.5412604858680842,0.14679716955134134,-0.048445146636761235,0.6307681648640844,0.8601121593334305,-0.03575873098324608,0.35413635529227355,0.3883561055551175,-0.13329769727118262,0.3199802582215701,-0.09410493344173726,-0.1970110663737227,0.13129546801327874,-0.08566089588198256,-0.12235262232792488,0.03176106848748045,0.032944301763796834
0.02263257592563107,0.46327691264050974,0.5803715254083085,0.3290603310879424,0.38073324132530617,0.503454826434422,0.43670521316140803,0.4174277257161788,1.0799692052099985,0.3239138583206704,0.38449308426413886,0.37063591929084766,0.4953358812711247,0.4310568396648869,0.2583378303697084,0.35900431756050993,0.3453445690773708,0.4244596939291245,0.4740931912724735,0.3468825996458501,0.3967435230639495,0.5729305082193795,0.42069728297994086,0.4372382840486007,0.3421954907177505,0.4946053865272262,0.45957387252089393,0.10311249237469251,0.5041099914003307,0.32273330981203413,0.38274742405117973,0.4174009811577249,0.42811053408008937,0.5931229089592512,0.29113041120883637,0.4752729706848664,0.6370555850543493,0.2215336608558294,0.4627080400266153,0.14514471788180572,0.30379031188961964,0.41870342937113625,0.4787441050491001,0.1140248978476464,-0.099115559635209,0.5570339941517162,0.5731983446033467,-0.056224681264282796,0.602846222956203,0.11239013385318679,-0.014467671419430068,0.2043991157041838,0.010919621422092638,-0.1976580985513841,0.17302659906943518,0.1835333086668242,-0.06539961578450244,-0.13122302618181075,-0.1389303541699915
0.05732194375311351,0.5651937404330958,0.5738535210014843,0.3961678481941109,0.4694034001602295,0.35156821846152614,0.3825634283999955,0.5800565613431092,0.3239138583206704,1.276618401176953,0.482884231559018,0.5076939049487696,0.4824376443108955,0.39118690303442044,0.45485576796308164,0.3857253970132953,0.43934406964299905,0.573265222227591,0.3851678195809088,0.3427886702860921,0.30303224807456003,0.4646876522004939,0.4560798979461776,0.34054032930499356,0.4817709497055129,0.37811746039138744,0.6311711592627318,0.14447232963207965,0.6472568270644476,0.3708041490628622,0.4009287765861431,0.3546479951440112,0.13433030004679686,0.7586799446263722,0.4130665737436381,0.5671945720212015,0.48310897974224565,0.20978842477159604,0.49752913653921044,0.20022929437222856,0.35843221644323364,0.4088683948370651,0.3813127458193574,0.14917791282378945,-0.21304261264733207,0.559899672519168,0.9017009092332215,-0.07606269414941785,0.2812394668150503,0.12765268125209167,0.016483039811595775,-0.08049906576959603,0.0114645578619212,-0.06737222739243953,0.05149539678071811,0.0785551457495542,0.0708623563861918,-0.16902060194585494,-0.05298464171251632
0.03747944341815019,0.5339225397586451,0.5266136995946261,0.4481180423218227,0.4700706157485019,0.6220301035671904,0.4934272475501803,0.5445240729791913,0.38449308426413886,0.482884231559018,0.7797915162549488,0.5589405950438736,0.5430470305740409,0.4416954146475239,0.40860579512444417,0.49608319087792,0.48130628391945923,0.4417373255769122,0.47269043802123883,0.4920207567102144,0.4579208234467944,0.5409801928740204,0.38357862352753613,0.4571338027416942,0.4840410450723788,0.5207374426524979,0.5180422273286882,0.09992020281907904,0.6799722071067829,0.3380470639093591,0.4354754793412861,0.431810443971317,0.32080317222694904,0.7283863126518975,0.45668411352062244,0.5162232914077347,0.6660494703744836,0.29435255847353053,0.5034701773761371,0.23385998080917508,0.35064855872275724,0.49470837208893215,0.48701968428221104,0.07284454754923263,-0.003695891817525974,0.5948357125214903,0.7465658528706582,-0.059880296450131654,0.2894193127067991,0.12794185968786018,-0.1482388488077486,0.05554252074568178,0.06113216424612385,-0.060273662368892665,0.10613636724938758,0.0437634690578017,-0.1768295842868913,-0.05147022719303394,-0.01176194268270789
0.047850415942545924,0.45484083908468037,0.5517213273563009,0.4610397793727948,0.5082025459174069,0.6113575459016084,0.5657586893669888,0.41548212524460604,0.37063591929084766,0.5076939049487696,0.5589405950438736,0.8603475913608633,0.46635554731726636,0.465408044039729,0.3865689369060915,0.485114851509594,0.4309833718677983,0.4534487706669428,0.4613277834687941,0.38615426884564413,0.4163829540524337,0.5626562426165267,0.4040542661087589,0.41228081333091127,0.5076184419996871,0.48076233527783996,0.4813041696627038,0.02019471245975912,0.6386961659826479,0.22217153755655344,0.39353290464686846,0.4484837724859225,0.2802502285798119,0.7161742728666882,0.4124414602086242,0.45521807772999273,0.5321192775823397,0.24340319834322782,0.45604448959712607,0.18689840317557585,0.23667566499387685,0.43193938387680997,0.42885651285963233,0.08519768202394469,0.0021192188525458486,0.5272742154800363,0.6892194173327849,-0.05954372548223769,0.39312921602284623,0.030772015056130836,-0.20699769916417543,-0.030747091042226567,0.06674283961111911,-0.018146806490956888,0.09560407353563206,0.22244614746742064,-0.17909843288160002,-0.0655240198392148,-0.2616847700062888
0.031824495335234515,0.6002436189568714,0.6037052800302305,0.4518670392577708,0.5206984844676235,0.5574196984218938,0.5018244821845136,0.6293226009768417,0.4953358812711247,0.4824376443108955,0.5430470305740409,0.46635554731726636,0.8486573134759104,0.45017176770306,0.3110663456679922,0.5188093508229447,0.45177255028115476,0.4883521474146461,0.5114476094387342,0.39682869007621147,0.4432651845070347,0.6869337432416341,0.46563605478137926,0.4829042503821382,0.44702625876016366,0.4927359017266054,0.4926779448518483,0.06974478821145781,0.6964476736235168,0.3934821776615181,0.4084358111856752,0.44354715306303855,0.4028080568174719,0.7422271757975561,0.45133788888353743,0.5097085720256592,0.7264268723700298,0.24195761990020537,0.5325160787284736,0.18158513225977446,0.3605886221014935,0.49314797984377734,0.4979445288081292,0.13014383523180698,-0.15606239352962978,0.5974456078508275,0.7597133404951631,-0.05367104154440631,0.34656434091354615,0.29102684923315997,-0.12834611911826546,0.11973478786131722,-0.06404770570831943,-0.15197563204889633,0.22979058713219228,-0.005227302765567706,-0.2751741209563749,-0.27389862663656594,0.2987922879591679
0.011084871787592734,0.4174427301373406,0.37923016985705527,0.4062325204839271,0.47789541946560554,0.556117794551698,0.42416973506987016,0.49144174492814074,0.4310568396648869,0.39118690303442044,0.4416954146475239,0.465408044039729,0.45017176770306,0.7831980938635345,0.3549775502707051,0.5471311328486735,0.4244177027070677,0.4008805344866118,0.46760523271027477,0.4209338250113665,0.3939969754732583,0.5611495578113411,0.3958528839042474,0.5230318134225987,0.47202481837976834,0.4559360660385676,0.33049040977305344,0.09004432588556835,0.6559510340903167,0.4249025699348544,0.3570130224771843,0.6381808628102769,0.3119012853128364,0.7142797658000336,0.41343282243829493,0.431159107394051,0.5526133300702817,0.25833217220791777,0.42523845430542057,0.1751059749640086,0.3409546305194896,0.46046804524596746,0.5275162782783706,0.13780666180582077,-0.2235297335130995,0.5127660018997818,0.7420571568512997,-0.0478953065827642,0.48478514615331125,0.1729976168370321,-0.08835221245845691,0.019968343277736382,0.028778557571768244,-0.008561464605602968,-0.00015287285777389997,0.042794135572711924,-0.22283832017550348,0.12037370051955083,0.015962794113495084
0.038172130600109454,0.4854328663942096,0.43599106860659076,0.299840236742843,0.4084110075503649,0.4116163255224741,0.29328796495212694,0.33591709896442856,0.2583378303697084,0.45485576796308164,0.40860579512444417,0.3865689369060915,0.3110663456679922,0.3549775502707051,0.7875808417100411,0.30291511076914146,0.29139313438287395,0.39912046924321765,0.36083391550581745,0.36619003814579,0.3260821629143669,0.312014850708365,0.3656533570462756,0.3713149367765754,0.4323839502153153,0.37969075584044965,0.36936221007915476,0.05554902908220938,0.5438761865969047,0.31854915930500816,0.31864307655225144,0.3403140781424398,0.257968092848198,0.5604376514437625,0.2926389405513453,0.40763833862220267,0.5528168355573574,0.20581088719692908,0.3163511574094134,0.12562939558299144,0.31836805079420033,0.37452647323007865,0.40489380787551377,0.07627281810006471,-0.07171805371941796,0.45537627659342417,0.5700251876277262,-0.046248564444387415,0.26693331509722346,0.13670266041843868,-0.143968224792487,0.05680840735442867,-0.031114475496428613,-0.007931934057040537,0.07995495944396226,0.051673256110707194,-0.17970073754254137,-0.02965078654680408,0.06937092664548802
0.026600705133392303,0.4621915963970848,0.4399708730254824,0.47820371407037604,0.5596052626543204,0.5223033718990496,0.4678976678675455,0.47096760046299013,0.35900431756050993,0.3857253970132953,0.49608319087792,0.485114851509594,0.5188093508229447,0.5471311328486735,0.30291511076914146,1.0281141270005052,0.42274897373333276,0.36812735856698636,0.511860415142359,0.38416046260122544,0.4183310899773102,0.5792928684625016,0.3026479111114794,0.4549237179201541,0.47138431721112956,0.4404111362758172,0.39507845293421645,0.16957311885454832,0.655517154863342,0.4271101182113766,0.37013857324118404,0.4912067180077123,0.27219082019339114,0.7330731248724571,0.5676404007091966,0.4249238341532669,0.6660566875626422,0.2283570459279314,0.45481969976376774,0.19667508789622412,0.29952460082491394,0.5091680020609003,0.5597902916683516,0.12433404447346977,-0.0640724631991417,0.5146430006976348,0.723387519890043,-0.045549349633961546,0.23040645190833597,0.1510062731656022,-0.1987396359559055,0.3442473616006941,-0.027425657023152156,-0.08296045692939061,0.2037491312215062,0.020904790707853966,-0.3294554439358073,-0.11759378607425922,0.21824285778869743
0.021103843032586063,0.4604027081312445,0.4344709970796128,0.35561600730075377,0.35343698039802934,0.4720316167842636,0.3729688108007117,0.49229096103222975,0.3453445690773708,0.43934406964299905,0.48130628391945923,0.4309833718677983,0.45177255028115476,0.4244177027070677,0.29139313438287395,0.42274897373333276,1.0269633864417445,0.27024051333343146,0.3834939073726551,0.532079400322815,0.38799588065445256,0.31330247825635815,0.22675762280986012,0.43081364539003686,0.42395760469713384,0.39031588003451395,0.5297138422927081,0.5705241331420574,0.45932151120664577,0.3517402004359556,0.43719955934800075,0.41446519662762943,0.3645786194013778,0.6123669744781024,0.41388912550991525,0.556237258549898,0.6366259173245883,0.31668296847102045,0.5112432508773186,0.22381858723225026,0.441172597671399,0.5157239815441731,0.408093160890821,0.11242770371175832,-0.0574307812128405,0.5720044555449363,0.7998186512372941,-0.07657783335931595,0.23410753281383417,0.14048043648402161,-0.11559240666240116,-0.11386426131952834,-0.17051607633626886,-0.048719341822886696,0.009385173987246831,-0.06842472686370762,-0.07290713115030008,0.038621885641608726,-0.02309637395748116
0.041703903331876645,0.6129429038089833,0.5456766437845123,0.3697961496648744,0.40593772924345184,0.4149227767384051,0.49821250005185996,0.4610743830030391,0.4244596939291245,0.573265222227591,0.4417373255769122,0.4534487706669428,0.4883521474146461,0.4008805344866118,0.39912046924321765,0.36812735856698636,0.27024051333343146,1.1391278751269145,0.3860104426586149,0.0817516560738497,0.4266182962258702,0.762993847775983,0.813837237288078,0.419113956932546,0.4888589231774202,0.5316500230256529,0.17147150699947247,-0.1290723691959857,0.7450045702614777,0.36809160246060224,0.368794136313711,0.398288331734261,0.2926395915510191,0.7414395871477159,0.36548060470586563,0.5538014088442944,0.5218607069096188,0.09460422252098198,0.3993957328581652,0.14432793100241104,0.2621131760898524,0.42478052668987537,0.5375418792494074,0.16386247935972517,-0.11283916502353067,0.5794226610201366,0.8093553981126976,-0.07017666706440809,0.18874770679147834,0.10601761258468384,0.14301560094670202,-0.23001539107517063,-0.21905049001828758,-0.12721587090296696,0.15348520231619825,0.1355451912063853,-0.1221187080986867,-0.04797784517975444,-0.17917882982014346
0.03887658389266148,0.47748404057171995,0.4872781640041069,0.4701312286182281,0.6386398582966492,0.7424865003476011,0.3475324540915803,0.5609910185524891,0.4740931912724735,0.3851678195809088,0.47269043802123883,0.4613277834687941,0.5114476094387342,0.46760523271027477,0.36083391550581745,0.511860415142359,0.3834939073726551,0.3860104426586149,1.2882719310406505,0.4303641247721215,0.44172939633098934,0.47331714127045693,0.1708478466602453,0.5051779465672007,0.41385999822380537,0.3949522223268112,0.36229880537134385,0.25012277719192755,0.4976673535032193,0.32798752079008975,0.42864598493306966,0.47907838901385646,0.5425396376109197,0.549895861435219,0.22192554497535777,0.39651083415318705,0.9115385818981859,0.2853407440952085,0.4932995471229848,0.13056829168684006,0.34969720722560405,0.4541739477837175,0.5092690482760223,0.12298961374732252,0.08664138231015535,0.6018366212597217,0.5158025691037019,0.016694674472569303,0.28157105737573296,0.5021629460114712,0.07356052237963613,0.6802096256031495,-0.35707111147844983,-0.2629277172674242,0.039641793970767086,0.03604742415721027,-0.1843417989918575,0.0614713579351606,0.04057216517495629
0.005878759027004706,0.6018067417006808,0.32928446160974156,0.33972978808588644,0.31935353312716247,0.6270970725507888,0.29063378639192505,0.5238054378279738,0.3468825996458501,0.3427886702860921,0.4920207567102144,0.38615426884564413,0.39682869007621147,0.4209338250113665,0.36619003814579,0.38416046260122544,0.532079400322815,0.0817516560738497,0.4303641247721215,1.6266448646715135,0.3643293784850656,-0.10183055752465726,-0.04808788068562243,0.5186542987787418,0.42566604738481295,0.45252814219343046,0.6309827159946015,0.369737218834447,0.5674200999014859,0.625644023667668,0.5710512760345531,0.4028243257658548,0.4548332290351424,0.6417324025714632,0.500577294121326,0.4984144086118309,1.2191624805579866,0.8182408250384027,0.5527227270454934,0.40722980454262975,0.7174350286373362,0.68304566008009,0.48762382724471914,-0.004830487004410062,0.32559150627578776,0.7431685538366928,0.6575629846296906,0.008081421272329843,0.9471197323415929,0.19284532369997276,-0.32721461853769035,0.33519095748856803,0.13729379617597082,-0.12025772743888373,0.005355825024264819,-0.0996034758468129,-0.017132383800179833,0.09058515473554751,-0.028823856679657173
0.030653653310566218,0.4982861851711603,0.48173922402675334,0.3530939696992573,0.36610247039308375,0.5519351825684959,0.4213720614020439,0.40944367736676357,0.3967435230639495,0.30303224807456003,0.4579208234467944,0.4163829540524337,0.4432651845070347,0.3939969754732583,0.3260821629143669,0.4183310899773102,0.38799588065445256,0.4266182962258702,0.44172939633098934,0.3643293784850656,0.7886043678505636,0.4976843340917763,0.37735553953337553,0.4185724118299283,0.37435974844966874,0.4669811597784425,0.330647750172864,0.00862111401376168,0.5690673501127249,0.37962508028130665,0.41510791148159426,0.3633781828308564,0.4410648075711755,0.5958165215845245,0.4054751003517312,0.5220637151219553,0.7672241723786023,0.2424274587843829,0.4666736974574211,0.2300166137146304,0.43050183465010805,0.5042046854947275,0.49160758538472,0.0740127360571622,0.14195851957919559,0.5692995933099515,0.6869222991019981,-0.06366117963339947,0.27396443334880055,0.23401177706207013,-0.13940344414163497,0.06863383007786465,-0.006766370383169847,-0.11527605200963295,0.13668726395820374,0.00830680833607619,-0.20747884011501702,-0.04400290257848268,0.03147485122932349
0.023983431670629222,0.45875721570006134,0.5673599484111808,0.45916479649712283,0.5324709877851614,0.636297469846891,0.6707592070696108,0.52175643087199,0.5729305082193795,0.4646876522004939,0.5409801928740204,0.5626562426165267,0.6869337432416341,0.5611495578113411,0.312014850708365,0.5792928684625016,0.31330247825635815,0.762993847775983,0.47331714127045693,-0.10183055752465726,0.4976843340917763,2.188694181967358,0.935468251593664,0.4987869523198428,0.4575148715588,0.4868820593131271,0.34723687870325654,-0.3814820864098299,1.0843398995922817,0.47060922997431337,0.2997956037879528,0.6049225267147091,0.21230213191370353,0.9709143254947215,0.5543180402758952,0.48135046440329093,0.4642988325713692,0.03484278081069659,0.6464685828643665,0.1601719692866102,0.05166907042586518,0.42457907986241694,0.7626957302877071,0.2347761544027926,-0.21829884592214183,0.5192449170740245,0.9754089498762404,-0.08605846170583174,0.30308675078438896,0.3561598802061017,-0.15798319430759403,-0.2697773485112869,0.0009345163730707188,-0.06751087826641121,0.2848357202317026,0.16281313519117724,-0.35081759119603273,-0.1921104431267978,-0.014196064757069186
-0.0075867998415582154,0.20967719794841724,0.27169595914454825,0.32027237540120046,0.40913615747218296,0.30179333735506153,0.5161808821286571,0.37053280749195305,0.42069728297994086,0.4560798979461776,0.38357862352753613,0.4040542661087589,0.46563605478137926,0.3958528839042474,0.3656533570462756,0.3026479111114794,0.22675762280986012,0.813837237288078,0.1708478466602453,-0.04808788068562243,0.37735553953337553,0.935468251593664,1.7114709172885496,0.6037870921383935,0.5848500716104753,0.3071395340910963,0.24112461688393894,-0.6874302094655147,0.975549423732614,0.6140623069195579,0.20645793710767735,0.4072671246609975,0.45449297533263044,0.8090536133176371,0.40482330189991067,0.5425501533984005,0.5277175474252025,-0.00797750682071365,0.5550134846095742,0.1881392976553732,0.19701295000273925,0.4409568231733549,0.534139231535424,0.22645879997385995,-0.375480971764982,0.5910980264664089,1.0726118232149702,-0.05935207067717032,0.35427650392952786,0.13064191754685167,-0.14003671548778915,-0.19429728876910082,0.03838977494881434,-0.09639589085565238,0.21123389855653438,0.08437830255534963,-0.16107222850825387,-0.19115645929474803,-0.020275320716819485
-0.02139830829850008,0.3945043468548874,0.3299747632062332,0.37640040316758067,0.42140709294919027,0.5714665419064641,0.4298755792410731,0.4881336884208696,0.4372382840486007,0.34054032930499356,0.4571338027416942,0.41228081333091127,0.4829042503821382,0.5230318134225987,0.3713149367765754,0.4549237179201541,0.43081364539003686,0.419113956932546,0.5051779465672007,0.5186542987787418,0.4185724118299283,0.4987869523198428,0.6037870921383935,1.2731805952397044,0.4630746171086065,0.365370418994103,0.4804772086192245,-0.022300081190489467,0.5640044438399539,0.7193518672485082,0.48934522627789045,0.6639816423975614,0.9940679554896817,0.6054551440008898,0.5455133426373254,0.47736537326346884,0.8736760205726908,0.32110170141035405,0.4846724945779322,0.2204262316360261,0.5177143042639658,0.6029081487451428,0.4631005197653649,0.1450359586134499,-0.408323788082137,0.7869182746726774,0.8467809270274385,-0.06443593157028396,0.76928219873128,0.23031931182113508,-0.23239437478092387,0.3431884512113941,-0.06315131454629067,-0.15804891251608444,0.08183507025940982,-0.08432603719980027,-0.12328095261660056,0.009197409551388506,0.04585833028977163
0.02577012265232872,0.4400567107905602,0.43353170642890354,0.391693595985899,0.4107973953315714,0.509033008261316,0.4231033449380015,0.4936052454750723,0.3421954907177505,0.4817709497055129,0.4840410450723788,0.5076184419996871,0.44702625876016366,0.47202481837976834,0.4323839502153153,0.47138431721112956,0.42395760469713384,0.4888589231774202,0.41385999822380537,0.42566604738481295,0.37435974844966874,0.4575148715588,0.5848500716104753,0.4630746171086065,1.478135544437315,0.49983255392725945,0.40919079587785256,0.1131133931793177,1.137995661365532,0.5444014559866407,0.45240420186921354,0.4726298960090363,0.11591835895467291,0.902168505675541,0.5306649469964169,0.5871844276324424,0.5395021715998986,0.2660624173050448,0.44511177921354855,0.18409663467035373,0.27712400203918885,0.470554305356434,0.5695843826143077,0.16831113817667837,-0.12165474245199347,0.7752515063135913,0.9090916805350608,-0.12975588079137243,-0.07635041764495717,-0.17525289877685252,-0.11057882291508854,0.3068236382566766,0.03303349509088817,-0.04978750727242947,0.12727674298615446,0.04814633002290352,-0.16167972649585388,-0.028568549731620898,-0.03380590779191207
0.026325229599943767,0.48061617183978705,0.5280834748010887,0.351029995974443,0.36557079714443114,0.5610408248181076,0.4021550671792439,0.4970771058787193,0.4946053865272262,0.37811746039138744,0.5207374426524979,0.48076233527783996,0.4927359017266054,0.4559360660385676,0.37969075584044965,0.4404111362758172,0.39031588003451395,0.5316500230256529,0.3949522223268112,0.45252814219343046,0.4669811597784425,0.4868820593131271,0.3071395340910963,0.365370418994103,0.49983255392725945,1.534416472922115,0.42874918747472096,-0.00812384875566432,0.7460244360783709,0.18264719080720704,0.3991983399060275,0.44116889626659567,0.5156485030724304,0.6294254238242739,0.5468333878538336,0.42199750040982364,0.9523123569204702,0.3066219592268727,-0.18794547454211752,0.1193125785611303,0.37944106852345627,0.6706469173141547,0.509060811148492,-0.048634112124779215,0.11723448626287106,0.5694899717079789,0.7427144528706033,-0.021476348895739922,0.3369578543053827,-0.09681529002941025,0.05441088596173485,-0.06318809158938911,-0.13471452115987184,-0.07791572397066229,0.17558262258919982,0.08572556890349112,-0.23015899346187993,-0.11939155226410801,0.07753851803801423
0.050751006676531235,0.6350407095236431,0.6229180390841196,0.3241300196425287,0.34247860991261175,0.4540531276068242,0.4232008038210768,0.5150115401024412,0.45957387252089393,0.6311711592627318,0.5180422273286882,0.4813041696627038,0.4926779448518483,0.33049040977305344,0.36936221007915476,0.39507845293421645,0.5297138422927081,0.17147150699947247,0.36229880537134385,0.6309827159946015,0.330647750172864,0.34723687870325654,0.24112461688393894,0.4804772086192245,0.40919079587785256,0.42874918747472096,1.80141601862717,0.22727061507917412,0.2813829855454145,0.31156891748489024,0.5755103278879673,0.3758320765973332,0.4498814595920322,0.655166670467003,0.48993558443636953,0.5817391780423282,0.7948412791681014,0.3791376861136698,0.47325389299731807,0.3010146218266808,0.5244993108359759,0.5381844421152732,0.4848730331873313,-0.03040152532330585,-0.08735770308427772,0.7303919874102885,0.6555002790781319,-0.06616029858830419,0.8821621261644035,0.13479189616253257,-0.229674305118706,0.3123340109078552,0.09423589895974836,-0.09042163518001867,0.11011533818403935,0.11221813642732058,0.07753757579400201,0.030071401151850856,-0.33169359976754514
0.03114259659441245,0.2835651246763437,0.2867488790154004,0.10968979184047437,0.04937444141594149,0.09040548750841933,0.0039023760625118285,0.16401421423958473,0.10311249237469251,0.14447232963207965,0.09992020281907904,0.02019471245975912,0.06974478821145781,0.09004432588556835,0.05554902908220938,0.16957311885454832,0.5705241331420574,-0.1290723691959857,0.25012277719192755,0.369737218834447,0.00862111401376168,-0.3814820864098299,-0.6874302094655147,-0.022300081190489467,0.1131133931793177,-0.00812384875566432,0.22727061507917412,3.3242585214589555,-0.4808846496500225,0.049281575417891535,0.35545827802332003,0.16353369657682104,-0.22591502350389875,0.11427575250079541,-0.06621062432508058,0.8415799265840339,-0.2414684886361753,0.19395463670307003,0.23220228095843173,-0.04689759700861243,0.43732273672383964,-0.05731022535926211,0.36188222800192105,0.33128287971752196,-0.37315121833702636,0.2684116468702626,-0.40784833648096264,-0.15647086367692314,-0.14688341381452744,-0.45014153114111904,0.06498159979998042,0.6331530255456759,-0.6406846238794796,0.08088198436345377,0.09646306459775095,-0.01738870897913015,0.034543181212472344,0.0029389778921694925,0.3115926397060706
-0.009082518534180207,0.5648747042051323,0.47347506813036266,0.5066483108437414,0.5772307642516031,0.7371472720778546,0.5628533857604452,0.675910095697917,0.5041099914003307,0.6472568270644476,0.6799722071067829,0.6386961659826479,0.6964476736235168,0.6559510340903167,0.5438761865969047,0.655517154863342,0.45932151120664577,0.7450045702614777,0.4976673535032193,0.5674200999014859,0.5690673501127249,1.0843398995922817,0.975549423732614,0.5640044438399539,1.137995661365532,0.7460244360783709,0.2813829855454145,-0.4808846496500225,3.2906855264862176,1.0664381876502407,0.2286858077906823,0.73915862719753,-0.28832743662919486,1.4963168809881424,0.8143769655784913,0.6638452544430202,0.760340826297369,0.2671010382408591,0.6698270276159198,0.3653718483030532,0.2289449233012061,0.6375120002848189,0.691197309172875,0.07082254850009899,0.07696954740067377,0.8045382731857309,1.7337773627094193,-0.11954508457159954,0.564770756762539,0.2605863830331623,-0.2173080018436617,0.30793469070942486,-0.16872049377914433,-0.014093101890417858,0.1669970573667878,0.0465357939515314,-0.35415988192113135,-0.17296786968122957,0.1783196983636895
-0.014976330027616502,0.30874192378882254,-0.0558316036925241,0.258728100325618,0.2464585022036546,0.31838914151054454,0.3069347219430131,0.4716790497879596,0.32273330981203413,0.3708041490628622,0.3380470639093591,0.22217153755655344,0.3934821776615181,0.4249025699348544,0.31854915930500816,0.4271101182113766,0.3517402004359556,0.36809160246060224,0.32798752079008975,0.625644023667668,0.37962508028130665,0.47060922997431337,0.6140623069195579,0.7193518672485082,0.5444014559866407,0.18264719080720704,0.31156891748489024,0.049281575417891535,1.0664381876502407,2.5901339247688,0.37010051712010117,0.4339387746440013,0.3714470841251021,0.5320883856340054,1.0206828531403729,0.6782531025847013,1.0821951408891046,0.36053995963905355,0.8762094991042227,0.3761794523802132,0.8796503123252677,0.6975874892929222,1.0506533655290653,0.45378243497638665,0.11040964343220566,0.8370959954769305,1.0384795260630162,-0.09437537466234683,0.7856185718693699,0.2826787179956599,-0.0939538572080369,0.22792400772694518,0.05560289228453946,-0.10161394700630445,0.14864583210463997,-0.22541551244324515,-0.10669464257774779,0.2381210519439197,-0.024127560993514662
0.03622625692085357,0.5218005084171973,0.5136566261056797,0.3355408247506084,0.33119270753408014,0.46515822198353735,0.36458300049264325,0.43381592534739233,0.38274742405117973,0.4009287765861431,0.4354754793412861,0.39353290464686846,0.4084358111856752,0.3570130224771843,0.31864307655225144,0.37013857324118404,0.43719955934800075,0.368794136313711,0.42864598493306966,0.5710512760345531,0.41510791148159426,0.2997956037879528,0.20645793710767735,0.48934522627789045,0.45240420186921354,0.3991983399060275,0.5755103278879673,0.35545827802332003,0.2286858077906823,0.37010051712010117,1.042661530938713,0.34238572674816065,0.5075118541683423,0.5429008584758998,0.3449397007815243,0.864735022330772,0.7691177671944933,0.38112192875428585,0.4527175936665128,0.18546873481876766,0.6324705666002991,0.5155284598803814,0.4589107437314097,0.09029137595757315,-0.10963386184728668,0.8458069950591662,0.5756433341820456,-0.12884981106104315,0.10510679053541322,0.245192612202183,-0.05632459650929414,0.19235566641207616,-0.01855216939728807,-0.16099609623604944,0.11770427425367291,0.01110696903818959,-0.027793406369638927,-0.056240220682709174,-0.06955477388294179
-0.006987766707805748,0.37160196220466984,0.317375068003986,0.39420864540332434,0.4366669695056736,0.5651202806564956,0.4019867882815729,0.45362663188548674,0.4174009811577249,0.3546479951440112,0.431810443971317,0.4484837724859225,0.44354715306303855,0.6381808628102769,0.3403140781424398,0.4912067180077123,0.41446519662762943,0.398288331734261,0.47907838901385646,0.4028243257658548,0.3633781828308564,0.6049225267147091,0.4072671246609975,0.6639816423975614,0.4726298960090363,0.44116889626659567,0.3758320765973332,0.16353369657682104,0.73915862719753,0.4339387746440013,0.34238572674816065,1.178144638182626,0.34977361850922223,0.7427925265737043,0.38672275006794016,0.39410162426831713,0.3659178827912194,0.26151302354439765,0.3789491356040997,0.15786248278914822,0.2600805590197735,0.447048060346593,0.49234503201243185,0.14409528971763852,-0.3887612995135838,0.5774280644679952,0.845564824670895,-0.06079688453147683,0.3269907272885618,0.30347438411952343,-0.14834957609623717,0.6011783033196478,-0.4740485996992386,-0.009161581715788014,-0.029094226670737314,0.04676812790954624,-0.1416940660002597,0.15690667941315214,-0.10859190574908928
0.031763877901731095,0.3381529753523174,0.39781216594997887,0.29781398750529287,0.28444605045456917,0.4554337779012163,0.3037168398345684,0.36827668529079594,0.42811053408008937,0.13433030004679686,0.32080317222694904,0.2802502285798119,0.4028080568174719,0.3119012853128364,0.257968092848198,0.27219082019339114,0.3645786194013778,0.2926395915510191,0.5425396376109197,0.4548332290351424,0.4410648075711755,0.21230213191370353,0.45449297533263044,0.9940679554896817,0.11591835895467291,0.5156485030724304,0.4498814595920322,-0.22591502350389875,-0.28832743662919486,0.3714470841251021,0.5075118541683423,0.34977361850922223,3.278671800769471,-0.18847953310097165,0.23706262972824585,0.007624803257669377,1.8580185627395345,0.3221753720351752,0.043475609964950604,-0.031218230210760346,0.4946642693273668,0.7945885569352552,0.18461104941858208,0.04090235888856201,-0.6282064345004246,0.9686002831486171,0.7633076704591665,-0.018332440365034213,1.0051506550011275,0.2912930309567139,-0.27031671823188924,0.2250949070210685,0.0854137586726256,-0.46864963862555126,0.31662090083965666,-0.12747720395587067,-0.06392875600381301,-0.23682205781776366,0.15336556598922904
-0.049621914845491916,0.763490675521053,0.7512636682861729,0.5730632737807697,0.7333838445624079,0.7356040303884734,0.7282712697602769,0.7261885384769824,0.5931229089592512,0.7586799446263722,0.7283863126518975,0.7161742728666882,0.7422271757975561,0.7142797658000336,0.5604376514437625,0.7330731248724571,0.6123669744781024,0.7414395871477159,0.549895861435219,0.6417324025714632,0.5958165215845245,0.9709143254947215,0.8090536133176371,0.6054551440008898,0.902168505675541,0.6294254238242739,0.655166670467003,0.11427575250079541,1.4963168809881424,0.5320883856340054,0.5429008584758998,0.7427925265737043,-0.18847953310097165,2.404417756809018,0.7153538778288365,0.8667824999903717,0.8579532016523621,0.3283672688523108,0.8195285159869284,0.1648301811074122,0.30870456341291896,0.74987576071983,1.17251867226057,0.31301580858954636,-0.3861974637159022,0.8599934619627314,1.3817581482370893,-0.12675429170141445,0.5672386099988804,-0.250396960818492,-0.17117789679101306,-0.1641710856765109,0.249551116111144,-0.03859549352681682,0.23250866321775818,0.1594265080943911,-0.4859617535869514,-0.19915192159517642,0.3650804766645553
