0.8676325215590015,0.1267811882804717,0.20893930419329115,0.08642094843914461,0.13529361723069303,0.07864447361640287,0.10576799939392811,0.04981848010149138,0.0653441842984927,0.12460124449531744,0.06649572870769914,0.0769496087363396,0.05767007704417347,0.044569239953285836,0.07642823140905787,0.05199116409807062,0.046658190099655675,0.09161119851828661,0.09986171923075195,0.044325298444237486,0.04404033051251085,0.062202957954399805,-0.0062607309738029904,0.043473223231327414,0.04385936724260118,0.0551954066450616,0.054176690280136525,0.05316200772103029,-0.036317222723325084,0.10400662390768894,0.11176927696655099,0.06409692823651811,0.1023882255755678,-0.09383427727574258,0.0025566815558126393,0.027824305965321622,0.01781957961953818,0.13890089294527128,0.04488132186446322,0.027388241156667457,0.05067441845304775,0.032639305218537605,0.1182850695646186,0.018696807146609526,0.08330776087566413,0.08977200515686261,0.10026732469558076,-0.003921908089467097,0.031839653866139246,-0.034596347308792776,0.01159565481154274,0.04352379819650925,0.009239465664427722,-0.01628249660062155,0.0887584798093389,0.014983996018613218,0.046908752026262074,0.3577773450400916,-0.531539689725631
0.1267811882804717,3.103399646886761,0.26766314541391667,-0.02354575167415792,0.14376292596842002,0.25185703634348616,0.17098293073634396,0.07021759320826144,0.13439954176574198,0.22579686771832883,0.15807010108641986,0.14285255274677774,0.07716411606754124,0.11857176469919517,0.4098385852061193,0.08984812014992136,0.23826688591658102,0.2848095502337067,-0.26187201277173616,0.19625671512492507,0.17687040685919445,0.1054968831530537,-0.1185254483116822,0.06985094621263953,0.2899678986681613,0.006918260392536675,0.18391805577680534,0.224364098819581,0.3712806583104569,0.0034906683299915885,0.23664394353361062,0.0762154955556526,0.12130651647379921,0.19339430935309612,0.09616569390206402,0.1890143207603652,0.5005065169347729,0.10626830399037039,0.11815040031661378,-0.012152410772013436,0.2087976963742215,0.1659259768585148,-0.1721964558037761,-0.0090634464109157,0.08966774588620295,0.0919449586690503,0.14453947143552456,-0.015928476054716454,-0.036674710713198076,-0.08210202118169403,0.2469958522310859,0.18384502747232656,-0.223160959734217,-0.031967715456504876,-0.4779493616579281,-0.01074193247222096,-0.08965429728354198,-0.4280097706831735,0.8795841407326559
0.20893930419329115,0.26766314541391667,1.836836660474363,0.20283259671016327,-0.17221932633770357,0.34819525673663354,0.30652933230341156,0.2810432003485093,0.5729882766542072,0.44334533051303343,0.2687244767716876,0.25956945526455244,0.21787508702694036,0.2479988953559106,0.21957377518049176,0.2280967044908844,0.3457641389691859,0.2785194692731945,0.49349758765072765,0.25153051608032223,0.28581227477753035,0.41256431653942627,0.1538996638793972,0.2526436982885523,0.2666273880242486,0.33226471123517304,0.1963718830444301,0.30859815187262235,0.32198153996088275,0.052000581172198836,0.2767176963954901,0.15751066134619932,0.3548172027174911,0.22343035135257555,0.238511610065069,0.4223182562131715,0.47587260101351414,0.333499705618888,0.2568496076598946,-0.024431620240212434,0.38446967993453757,0.27643276668641314,0.09887001048770748,0.09736439254229252,0.07576429544438204,0.3861276429526575,0.17659663838912235,-0.04697531590815284,-0.16097693293330553,0.20858902651547545,-0.06724470521299031,0.11673015651113146,-0.05946354399585604,-0.16663226449655427,0.10230477277952646,0.024911930595752706,-0.3521741935055987,-0.619904763987885,0.7330423500632107
0.08642094843914461,-0.02354575167415792,0.20283259671016327,1.2939651899781153,0.527081942466971,0.4347120263202037,0.2522349768812611,0.34837048025897344,0.1262518081166,0.16363593486606273,0.23436624285110805,0.2556611024948287,0.20127600471860083,0.2618369283112482,0.23733827917414266,0.2626112704086183,0.17248867371289833,0.28604757327520663,0.04102443176219995,0.2115393263007719,0.2003618438552143,0.2005521533422914,0.23683525924979706,0.17097519234219527,0.2669843786719228,0.3286225951956928,0.11479450766294219,0.059364887603738564,0.30189351822078114,0.07627201559907457,0.1769971773697799,0.1407752395281591,0.12045472365466668,0.31300255374564123,-0.12483245036144079,0.20933699372435347,0.30905114223756325,0.20813138772300702,0.12498462134416816,0.06297128016932878,0.16067809681591141,0.1913345764205035,0.2629650601893642,0.060798199803508986,0.09697282349057242,0.18212229927190063,0.1883896230602858,-0.010061840749998352,-0.028109934104425457,0.3014971389751079,-0.06560762679730399,0.11602233442938728,-0.19462468274828926,-0.15223859450625368,0.04763057983877943,-0.09659697586865035,-0.33675783251679264,0.1788954420588721,0.1450536595411391
0.13529361723069303,0.14376292596842002,-0.17221932633770357,0.527081942466971,1.1423620800324217,0.3307539177960446,0.28580878431697365,0.43877943341751646,0.19112289784573375,0.10237165614514533,0.22214252502965443,0.23535092004793715,0.2311804011660429,0.2806082678293547,0.20024018999060947,0.27281425333576576,0.13674382265852505,0.2440932936525468,0.0648810386932705,0.2077317435931407,0.1799096930882485,0.23015595056973015,0.23250691037630108,0.16459798225560893,0.24183515270223893,0.36820911470257783,0.11560614815352904,-0.002247789937863912,0.3179492422956343,0.043381755954121776,0.12644519964925335,0.18856061074532598,0.0277061680365439,0.3880566212643647,-0.09516042373680106,0.1645834899095779,0.2062073707121913,0.17280661842785353,0.11310843896359359,0.0754876769867895,0.12608290783777046,0.17270382447362503,0.21465043970448858,0.05528893547370152,-0.001231253212765117,0.11433814589862404,0.15342644350812215,-0.0003880685510381553,0.3989278617011654,0.1842457388297021,-0.027191504127546683,0.024313642370773787,-0.11843124179036728,-0.09485610283513522,-0.05269903109833761,-0.15009047784772525,-0.23606586921013614,0.24240442030123663,0.1001044891810056
0.07864447361640287,0.25185703634348616,0.34819525673663354,0.4347120263202037,0.3307539177960446,0.9857540279791531,0.33185798504621233,0.516803141940921,0.3507438232870395,0.18747800928605782,0.31257852370434747,0.23717277486289517,0.25147271077258876,0.2674437677185918,0.2200376880736694,0.27398972303840685,0.27162794494551395,0.34070108085313666,0.3983488264830342,0.30438469390933076,0.2944010046525891,0.33428533067702726,0.12805327341192863,0.20280520114839998,0.3417988854995794,0.4795223363408229,0.19321551822200272,0.16619166563463827,0.3074431421524402,0.11669006939849728,0.31496331345940987,0.22492748517449485,0.18510280087708744,0.31932177030026443,0.08416992182634292,0.20414635958846897,0.34204142570578955,0.34701952585534507,0.18088742949806197,0.09135680345058378,0.23706401704869345,0.26374301131596734,0.3492451524761,0.08159514261210528,0.13698955006257268,0.22791273318743482,0.22363338021910745,0.005579358406717131,0.5109514798414458,0.2992994031423497,-0.1082311930999334,0.05221536578305688,-0.1254778527758533,-0.1408518492576666,-0.05921182652115004,-0.019330243768630788,-0.2802551058280758,0.4924288338841124,-0.2478385310851843
0.10576799939392811,0.17098293073634396,0.30652933230341156,0.2522349768812611,0.28580878431697365,0.33185798504621233,0.6403926771947315,0.19116417061857865,0.5333593809462532,0.18167556835067322,0.24203273716362256,0.30272188891019863,0.22610886196218286,0.3041381074792895,0.093128452754063,0.28892220432663424,0.2541818000567547,0.23899463733905055,0.3635036130875234,0.20941820511655934,0.2509734806824125,0.4128710928806807,0.15781604633520546,0.19026127443565347,0.23840583913056626,0.3554196305476372,0.18914505444075952,0.18618884952939044,0.22984013575530632,0.16960381093005006,0.20511149919684887,0.21856335148754397,0.19461973640694896,0.2583289133659841,0.09359803442814497,0.24079102380316314,0.326356062737949,0.29829794991993014,0.22899805683847466,0.1017922338610579,0.2491146503024448,0.23470846884510593,0.29195088085655735,0.08937987470687415,0.11497539821714504,0.1989662040420095,0.21178474598508276,-0.02085060786564097,0.27859238015886695,0.1778699465014847,-0.04187291211461,0.03884004660484674,-0.13361975101075166,-0.08109699559324789,0.022867907284668157,0.10034448906623618,-0.2280089347489152,0.16246173647571396,-0.1570054740791716
0.04981848010149138,0.07021759320826144,0.2810432003485093,0.34837048025897344,0.43877943341751646,0.516803141940921,0.19116417061857865,1.1806344659124401,0.05072794490677957,0.12170401375288165,0.3278658976092391,0.22034395064376805,0.2840366133496895,0.28629515229109703,0.24743865240656623,0.27976236722751047,0.2891848350348975,0.3666759536905296,0.318314534555081,0.2673599090814829,0.26332501345642256,0.18264691348335288,0.12821633377839373,0.16155989096703663,0.32767184484765205,0.5695672807408805,0.19822872951734255,0.15620684644816493,0.21112583550420613,0.1778227333315594,0.2793258200951923,0.1727483881279546,0.09402311517979421,0.3075083389846285,0.24814439167545466,0.12611176933294915,0.2274516028176266,0.2948171548528412,0.154829651119838,0.08002815264344135,0.1558591253937102,0.2407723959658693,0.40959215234244273,0.059961722421934344,0.1746690491340241,0.18562109181981706,0.2709244173510635,0.029516764400574384,0.4826418644393252,0.29730359799774236,-0.0803573505585608,0.050383986887389244,-0.07170121996969986,-0.19273405143600159,-0.10105922526361079,-0.05172872931179849,-0.3149856335087602,0.8335338390397596,-0.5322118674704344
0.0653441842984927,0.13439954176574198,0.5729882766542072,0.1262518081166,0.19112289784573375,0.3507438232870395,0.5333593809462532,0.05072794490677957,1.1189890962645908,0.20804118163049512,0.19713916936551107,0.2525339103384552,0.22095293572617108,0.373357270563664,-0.046689255906423255,0.3053604845792834,0.292796990933988,0.19917258982111088,0.5730282494880291,0.18345047149119964,0.2921839241885274,0.6873149668497632,0.1234565126295429,0.24386638250293297,0.1693983101509814,0.42985058305768176,0.19979811165087558,0.2806733341731708,0.12984840084483648,0.18215633032492942,0.25582166235800174,0.25280399160718736,0.3793621240055136,0.11632927842927486,0.10136998921029737,0.3142397322595654,0.3397846740265681,0.41773459866875146,0.2642988630325672,0.11350008394838372,0.347152628325244,0.26880899327929686,0.30017775679903713,0.121581404360328,0.04401095675445753,0.28977441657065905,0.1961732054003221,-0.0545334766788869,-0.004563969819194734,0.17032940762696944,-0.0372161349847457,0.04876175209033916,-0.12071997434702346,-0.08752629755248686,0.15029737246159947,0.1382948900696753,-0.2882018226737064,-0.12324700787195565,0.050966746898778635
0.12460124449531744,0.22579686771832883,0.44334533051303343,0.16363593486606273,0.10237165614514533,0.18747800928605782,0.18167556835067322,0.12170401375288165,0.20804118163049512,0.7004011238060819,0.20349669535975176,0.21716956295188575,0.1524274916906087,0.1728332539124311,0.22425772330891072,0.17614186773346613,0.16617441868320082,0.23316787056704016,0.19969333698708847,0.09434667277411898,0.12479133457385874,0.20492478512607334,0.2096131006956506,0.15569444077804526,0.19359118029786554,0.16709618494643802,0.16131179727590977,0.1267371471096023,0.26247926309349506,0.1547814777201438,0.1097324798257294,0.15812302002612616,0.08534284116032438,0.3062794367331336,0.15439175663255045,0.24020467448561167,0.2333912678516168,0.12536020140515575,0.19478398806643377,0.04113052164269181,0.26056820881606685,0.13768050902730883,0.07385556876145104,0.07997025691299951,-0.04917009601844872,0.1483474307251901,0.2155130771063365,-0.02125299275103767,0.16998996801873542,-0.03965852086921124,0.009526705110557985,-0.013179510921402106,-0.014548820442782887,0.006166718915620893,0.049220608352937206,0.05533342097435054,-0.0583824049403147,-0.371213182814287,0.2692891561342146
0.06649572870769914,0.15807010108641986,0.2687244767716876,0.23436624285110805,0.22214252502965443,0.31257852370434747,0.24203273716362256,0.3278658976092391,0.19713916936551107,0.20349669535975176,0.4749245095282448,0.3115472163585077,0.24614681676567152,0.2635677418123236,0.2333523569952034,0.26863378137380156,0.3224302882616967,0.24271248357820785,0.20068846580564628,0.2680752604498529,0.23032167507188758,0.23562996840413486,0.11367106971596487,0.1834485004571975,0.26718966157635515,0.3482974612948027,0.21046393337573274,0.21662371002817893,0.218119923458915,0.20000183738833524,0.2414737230834386,0.1960130750143626,0.15055642430361532,0.2403047380703746,0.26664621128412436,0.19426969634810043,0.2539946458892969,0.26581245436943757,0.1925258283327057,0.10017221843366152,0.19848083351199644,0.23246257044005425,0.24477858830584642,0.07636098075282086,0.1640762909261899,0.16591503933837173,0.23042904904655603,-0.00866129333258624,0.09156026983577194,0.094792433457578,-0.028642431650265837,0.01130659767771618,-0.03349544981666808,-0.04250705315865752,-0.07280322004472427,0.01682989363367227,-0.2145511239167121,0.2299157078803166,-0.11151999039402082
0.0769496087363396,0.14285255274677774,0.25956945526455244,0.2556611024948287,0.23535092004793715,0.23717277486289517,0.30272188891019863,0.22034395064376805,0.2525339103384552,0.21716956295188575,0.3115472163585077,0.5410067543972793,0.23009204584537266,0.3514934203766115,0.18974306561159554,0.3214876656825227,0.309688742917554,0.19550344105053094,0.25681854829670636,0.2094334770700581,0.2145545326315758,0.2883043892242453,0.1355892861735132,0.1777980929146532,0.27190640564094787,0.35779038408997826,0.2383474502311194,0.21217452261927364,0.2662556809336201,0.1959214578263672,0.164153480026376,0.22279847742286024,0.10485296215311167,0.26037618831601506,0.23554577621454287,0.2575022506236183,0.2225795568907936,0.23878901027405183,0.19915592836535914,0.09386055314737908,0.21995014940570778,0.21637041016786254,0.24852919600617748,0.06879039293751728,0.11771675407290748,0.12638259708294958,0.20642945420569667,-0.011698389257803386,0.5292833849401017,0.05486249072666286,-0.009134158822963586,0.05660026232507373,-0.13379603895380926,-0.006234500402237426,-0.02154680807176722,0.06705163641013911,-0.2686554016108267,0.24825449200769306,-0.195479532650161
0.05767007704417347,0.07716411606754124,0.21787508702694036,0.20127600471860083,0.2311804011660429,0.25147271077258876,0.22610886196218286,0.2840366133496895,0.22095293572617108,0.1524274916906087,0.24614681676567152,0.23009204584537266,0.46296854669545157,0.23534538318952408,0.06416123346932087,0.25578024633755236,0.20154445130880547,0.18340074080374333,0.3190526986134707,0.15529033993216662,0.17157193169654428,0.2438527568699103,0.1209392227648053,0.18956322456221672,0.21887888746149056,0.28908625127575555,0.19471748561307872,0.15537585896757278,0.2026406769733592,0.17322474864759158,0.1739015230962743,0.21349489265473387,0.150032946477695,0.2208301657751642,0.19452031969817657,0.17241650039927975,0.18117354900520594,0.23022228570101477,0.14915765542908382,0.06520259907245521,0.18257001462342595,0.16977576029928984,0.2219450199746669,0.07922001782578969,0.014355278954961548,0.16079102122138042,0.18515025793485965,-0.005664848687016174,0.22726841721721214,0.12614185799476657,-0.04038662146109139,0.0059855457674872934,-0.0037077794673327294,-0.07048447851979235,-0.022975855554713934,-0.011157554894715153,-0.14859263441418402,0.1840766469506255,-0.083677025721936
0.044569239953285836,0.11857176469919517,0.2479988953559106,0.2618369283112482,0.2806082678293547,0.2674437677185918,0.3041381074792895,0.28629515229109703,0.373357270563664,0.1728332539124311,0.2635677418123236,0.3514934203766115,0.23534538318952408,0.9701992587052589,0.3519186394213098,0.484932286859996,0.32763550910638006,0.19649940939193336,0.2439479449041226,0.19583696404306772,0.2651183851662667,0.4020830796048347,0.19831369762209294,0.22971230181402622,0.49425732960713875,0.46474693969687225,0.17020000373021668,0.2434059003393802,0.30746304203177893,0.3742927790424921,0.14624090201695927,0.16749833474322603,0.12656910910676436,0.2611668369789261,0.31317592712495745,0.256896050224049,0.2700373079917519,0.2767599585148787,0.13490666830510886,0.11324305466179166,0.3007200608280365,0.27207373635928017,0.43293706051045044,0.11176318280940584,0.08814301769384436,0.09216695847806794,0.28564518738285605,-0.010355584699508123,0.5614963250203429,0.042780330697040535,0.014074941597249615,-0.08421217114359614,-0.06066294358633388,0.05444204369569667,-0.1558259282904236,0.025479349391373387,-0.5595298103292261,0.6695422038423785,-0.10646248792937132
0.07642823140905787,0.4098385852061193,0.21957377518049176,0.23733827917414266,0.20024018999060947,0.2200376880736694,0.093128452754063,0.24743865240656623,-0.046689255906423255,0.22425772330891072,0.2333523569952034,0.18974306561159554,0.06416123346932087,0.3519186394213098,1.043736311120968,0.17406720474615503,0.22469161830585857,0.3576888505425273,-0.013651799968180238,0.2872196280048816,0.1919399129079912,0.06377085495659882,0.1303464041413031,0.1092058195594156,0.3937969753376315,0.3204946026603442,0.11855859648559999,0.22214256535921778,0.2881217797292693,0.25435769096832367,0.24718938264108523,0.05815584271772657,0.10674065850241003,0.27240868243858635,0.2174994165635582,0.17272784648369616,0.24030961938513054,0.11640825796209511,0.053923411283431186,0.0674443418077453,0.1911465855746603,0.19563280879133466,0.2628214789479278,0.03313119435820802,0.01807479789087936,0.14675729834364165,0.3039387977524676,0.0063600277506721935,0.07789094568075637,0.15369388519782076,0.02882657996835302,0.04179456955437274,-0.1665927598132076,-0.0827546472793561,-0.12445322477573043,0.11393506668931665,-0.36661098284238575,0.36188259608987067,-0.018088412133175875
0.05199116409807062,0.08984812014992136,0.2280967044908844,0.2626112704086183,0.27281425333576576,0.27398972303840685,0.28892220432663424,0.27976236722751047,0.3053604845792834,0.17614186773346613,0.26863378137380156,0.3214876656825227,0.25578024633755236,0.484932286859996,0.17406720474615503,0.8010012333020761,0.30944218071164237,0.1891613616340969,0.3205074602298223,0.16810677971701093,0.22257769105008765,0.5267835342761864,0.1216221220775959,0.2318198877747673,0.31704097099460654,0.4906187361820387,0.24158171101659562,0.2588906275475699,0.24615422777608553,0.29390716597187305,0.19327740880168906,0.2821774115580377,0.11748339368338609,0.28157494394415333,0.3987875062084875,0.21818929456195005,0.15758812218941748,0.30166353720773587,0.11672805645875363,0.11802597080590453,0.22432677439739265,0.23467970956585169,0.4007508180194442,0.12324513233987892,0.025767163353832945,0.11395395849341755,0.2470366131814849,-0.02332022862656405,0.5424863627354937,0.048286805285222965,-0.0451419630940985,0.002126732292388528,-0.03350980407189763,-0.0045740598714595435,-0.008510017250455188,0.022249080648025117,-0.41271105959566307,0.36484112408699115,-0.09212382673794724
0.046658190099655675,0.23826688591658102,0.3457641389691859,0.17248867371289833,0.13674382265852505,0.27162794494551395,0.2541818000567547,0.2891848350348975,0.292796990933988,0.16617441868320082,0.3224302882616967,0.309688742917554,0.20154445130880547,0.32763550910638006,0.22469161830585857,0.30944218071164237,0.9253132642272656,0.22596357249831833,0.3333007527064141,0.29939436380402346,0.39236213468011544,0.3012705759306074,-0.010131568336227624,0.2780485135264596,0.2855937800693956,0.4265177144707189,0.23845999015920072,0.6058624941040551,0.15930929440743183,0.27899442666574836,0.4018047679252273,0.21264431849382237,0.3856557455888821,0.16104806450180065,0.5136853789192781,0.3342145300445263,0.5383544207908995,0.423549391848412,0.2382964267449613,0.10444969895852695,0.3839329006070762,0.4424870199491642,0.22588020202458745,0.0989902038400859,0.4173894767238878,0.19511035679334093,0.27369903213335045,0.0023513890425816827,0.12696461428664932,0.34233839875736344,-0.01309964661139842,-0.006432939865135464,-0.30258444370823434,-0.057549889739680685,-0.3897670738704838,0.008783162071961028,-0.2921484935785448,0.39786362637724504,-0.1106398624857246
0.09161119851828661,0.2848095502337067,0.2785194692731945,0.28604757327520663,0.2440932936525468,0.34070108085313666,0.23899463733905055,0.3666759536905296,0.19917258982111088,0.23316787056704016,0.24271248357820785,0.19550344105053094,0.18340074080374333,0.19649940939193336,0.3576888505425273,0.1891613616340969,0.22596357249831833,0.9170961872009757,0.17660580720517147,0.07975711181500397,0.25598814807178255,0.21335306856486502,0.30863538612838665,0.12251494831316596,0.3977504347117123,0.5050242271284943,0.10798129206355275,0.23589249342484925,0.21499889740470735,0.10318245580334015,0.5232077205652937,0.1802237419094706,0.15932025834227131,0.3368891461988938,0.14296991688372657,0.221382233965076,0.3039004715487146,0.2698494034154203,0.0336049213849993,0.0955525245960926,0.17781447115121804,0.23028272272287553,0.42196533299125194,0.08504369762840416,0.14442798350886052,0.2071418931717536,0.5058466164833659,-0.008510616282611872,-0.13114342225264705,0.2525915513550106,0.09550074441143071,0.026710443369806772,-0.31343830691815666,-0.1621194478254768,0.03090400480687333,0.10661735483614815,-0.19504064955147818,0.33563173442175837,-0.29555854902707357
0.09986171923075195,-0.26187201277173616,0.49349758765072765,0.04102443176219995,0.0648810386932705,0.3983488264830342,0.3635036130875234,0.318314534555081,0.5730282494880291,0.19969333698708847,0.20068846580564628,0.25681854829670636,0.3190526986134707,0.2439479449041226,-0.013651799968180238,0.3205074602298223,0.3333007527064141,0.17660580720517147,2.3159627646025114,0.3413216933107454,0.3478518424649244,0.4624813859239379,-0.2574486452285973,0.27774571632311795,0.28788378792932157,0.44249192025251904,0.24710029702575,0.47925841108780703,0.009032537376517874,0.3024945364422876,0.5244665651348481,0.29207235911252,0.5237091529826293,0.1228155549918375,0.26546210726788483,0.22366565271565592,0.3769566668332455,0.6050784208086682,0.33904825284678747,0.09887668028263576,0.4230911871167676,0.28000877103122895,0.5038143612286877,0.0684969426494165,0.048719715059268656,0.41774016464456865,0.2449845653945605,0.01985908146100488,0.13937150089173792,0.5509369963684149,-0.14631048422037554,0.1949811287007329,-0.2895779177690558,-0.21041365426178552,0.016358868338837873,0.11922980053725935,-0.17018024987279562,0.7162783027824375,-0.6539572849798193
0.044325298444237486,0.19625671512492507,0.25153051608032223,0.2115393263007719,0.2077317435931407,0.30438469390933076,0.20941820511655934,0.2673599090814829,0.18345047149119964,0.09434667277411898,0.2680752604498529,0.2094334770700581,0.15529033993216662,0.19583696404306772,0.2872196280048816,0.16810677971701093,0.29939436380402346,0.07975711181500397,0.3413216933107454,1.5034765032496724,0.15608490277431444,0.16645297933528383,0.05798624742280892,0.23645032996336834,0.28363495041242387,0.19362625017477597,0.2927752677048851,0.24728777224571755,0.43671013399341424,0.2530307844722468,0.21541499270180622,0.15409272928862433,0.27833758350722826,0.28583282849777036,0.021157119840965216,0.12772201955408355,0.8219883092102362,0.4204205977682374,0.46607337203965205,0.23873794687432182,0.24860919472810464,0.1749805864823235,0.40256999572426105,-0.0010009700622826008,0.6131787602074144,0.27635885423791073,0.17717468748227574,0.039463215078786265,0.6746362866021418,0.16316845364910848,-0.10977220368274287,0.2909966075211655,-0.13570898270282455,-0.10242098179285429,-0.071104420230179,-0.0005282406016946814,-0.12590311193544124,0.2707662048806596,-0.15732253643108166
0.04404033051251085,0.17687040685919445,0.28581227477753035,0.2003618438552143,0.1799096930882485,0.2944010046525891,0.2509734806824125,0.26332501345642256,0.2921839241885274,0.12479133457385874,0.23032167507188758,0.2145545326315758,0.17157193169654428,0.2651183851662667,0.1919399129079912,0.22257769105008765,0.39236213468011544,0.25598814807178255,0.3478518424649244,0.15608490277431444,0.6968415628986451,0.2670590747456925,0.17250247290567827,0.2588964175107505,0.21724062502463526,0.2856930224878213,0.15191495575769037,0.28602541212517507,0.17348013281295363,0.41193993015090535,0.32723397606359467,0.16424695623428281,0.3304897107636502,0.20679830021851694,0.22837932133270847,0.3763478318958661,0.53773259469389,0.4244088745364477,0.29297467333752814,0.22415708431200068,0.44516782441341274,0.5793559800052446,0.39306631173745027,0.12777489181137844,0.3633854407661498,0.2053698465766147,0.3476541846920789,0.013758491881882197,0.07947195239379982,0.2259668067693437,-0.03256737276449099,-0.104281788766544,-0.044574323932303025,-0.09058878884571818,-0.0032030914350234464,-0.00214203680918592,-0.3285920392526462,0.2483691026689634,0.08145171684060126
0.062202957954399805,0.1054968831530537,0.41256431653942627,0.2005521533422914,0.23015595056973015,0.33428533067702726,0.4128710928806807,0.18264691348335288,0.6873149668497632,0.20492478512607334,0.23562996840413486,0.2883043892242453,0.2438527568699103,0.4020830796048347,0.06377085495659882,0.5267835342761864,0.3012705759306074,0.21335306856486502,0.4624813859239379,0.16645297933528383,0.2670590747456925,0.8264742059780934,0.15325251462715309,0.25931239972464776,0.22737470381322825,0.452402004318962,0.2350179400577981,0.2582990572603147,0.22957908273480562,0.2631290630861945,0.22499942567720804,0.30304044196135294,0.2641546506905612,0.2236868867037426,0.22654951514933053,0.307793919301109,0.26224965448261583,0.3930535048177121,0.2088997140608041,0.1216857540842663,0.31237034167188216,0.2633468912870145,0.38668017547180106,0.13811226651331274,-0.002372046872560275,0.22660795209469992,0.24306170469893185,-0.05868712439126279,0.4688054530892854,0.14777483590409785,-0.05407869685381984,-0.017151516892836827,-0.05999302769150326,-0.04789800769864161,0.08697054732377608,0.08112004341975422,-0.33841427224399945,0.0959745717695267,-0.03094793267797329
-0.0062607309738029904,-0.1185254483116822,0.1538996638793972,0.23683525924979706,0.23250691037630108,0.12805327341192863,0.15781604633520546,0.12821633377839373,0.1234565126295429,0.2096131006956506,0.11367106971596487,0.1355892861735132,0.1209392227648053,0.19831369762209294,0.1303464041413031,0.1216221220775959,-0.010131568336227624,0.30863538612838665,-0.2574486452285973,0.05798624742280892,0.17250247290567827,0.15325251462715309,1.8163474628936591,0.3244319102326966,0.11163343516248277,-0.3895883931743695,0.034562787456098996,-0.3040677682577643,0.9004226330186044,0.5249610376125132,-0.7290610989627964,-0.009844887357760653,-0.023758258752625553,0.49138502173113985,-0.4017768595827145,0.4907212496505677,0.6578684937914874,-0.1993914009584475,0.6929630633827359,0.15986318114545087,0.2668865531543163,0.1818637271976988,0.14376591389331647,0.22581260033267567,0.22975259935529346,0.17495582636027598,0.4256984170326147,-0.033972903753570836,0.32030429429979124,-0.09094454444071372,-0.05039430676982752,-0.20578367825527272,0.1823011375155166,-0.034224694634081204,-0.05540736237163479,-0.07251341256502,-0.14687121562566624,-0.16045478809933073,0.3963062736318121
0.043473223231327414,0.06985094621263953,0.2526436982885523,0.17097519234219527,0.16459798225560893,0.20280520114839998,0.19026127443565347,0.16155989096703663,0.24386638250293297,0.15569444077804526,0.1834485004571975,0.1777980929146532,0.18956322456221672,0.22971230181402622,0.1092058195594156,0.2318198877747673,0.2780485135264596,0.12251494831316596,0.27774571632311795,0.23645032996336834,0.2588964175107505,0.25931239972464776,0.3244319102326966,0.7340321140936248,0.08613761710348539,0.1703308276621293,0.19150143162809452,0.3165026555323383,0.21760712237300053,0.5436902234011247,0.25571415336565273,0.3009600093624118,0.667532699262707,0.19673307739304632,0.15699666438738732,0.43483179162225616,0.5155190073577374,0.36479172833509776,0.2328703200199548,0.052298566591827585,0.4741154969330783,0.27139265559386383,0.18356099134111575,0.14175802021807876,-0.16306354458427724,0.2398812962507734,0.3425832758874072,-0.0005107736857105828,0.19724962528742562,0.09349988512025928,-0.09286344823225383,-0.09563123135979747,0.13209325409424072,-0.08838161026683451,-0.18254532156546185,-0.18093306899742248,-0.02405110470897298,-0.008512130712391913,0.3974698152447775
0.04385936724260118,0.2899678986681613,0.2666273880242486,0.2669843786719228,0.24183515270223893,0.3417988854995794,0.23840583913056626,0.32767184484765205,0.1693983101509814,0.19359118029786554,0.26718966157635515,0.27190640564094787,0.21887888746149056,0.49425732960713875,0.3937969753376315,0.31704097099460654,0.2855937800693956,0.3977504347117123,0.28788378792932157,0.28363495041242387,0.21724062502463526,0.22737470381322825,0.11163343516248277,0.08613761710348539,2.1998773977621866,0.43877738755596235,0.2109211601675453,0.15977772314162425,1.0453716738291505,0.1813034780400704,0.6178225998493425,0.18390435521970636,-0.12059945672200137,0.6335127172611643,0.39031644511677877,0.26640599158162137,0.23828946391474015,0.263813388460745,0.12113243106941134,0.09041483044280244,-0.01798652603299563,0.21742230130170742,0.38038269488871734,0.04175566779678617,0.29535881166883343,0.3175004483159206,0.31034394779207614,-0.0846833648486135,-0.252153111750843,0.08220687615912248,0.02006189108421438,0.07499651582881603,-0.09081353052561213,-0.043342458271073914,-0.14007755506971006,0.0163786762343634,-0.3505147405251127,0.40128828463958766,-0.08140363766115896
0.0551954066450616,0.006918260392536675,0.33226471123517304,0.3286225951956928,0.36820911470257783,0.4795223363408229,0.3554196305476372,0.5695672807408805,0.42985058305768176,0.16709618494643802,0.3482974612948027,0.35779038408997826,0.28908625127575555,0.46474693969687225,0.3204946026603442,0.4906187361820387,0.4265177144707189,0.5050242271284943,0.44249192025251904,0.19362625017477597,0.2856930224878213,0.452402004318962,-0.3895883931743695,0.1703308276621293,0.43877738755596235,2.863044730394837,0.30191285254447403,0.5477122867659503,-0.3347697100031494,-0.18293221300402626,0.9713858272033195,0.5731966068353888,0.1396580477430625,0.3265427707585317,0.9491992088928597,0.10079622453797608,-0.7380421707316595,0.649608516922444,-1.1180048553625668,0.08993596998346451,0.32398371014386396,0.3022905844073991,0.7414576903073458,0.07791250123711789,-0.6878120008234632,0.0697971954221147,0.17192122524934633,0.046891431427483796,0.8517124551231777,0.31896773670051104,-0.016162141428612053,-0.24031249091621648,-0.2372298945562869,-0.07838131112311686,0.2501835007253817,0.012378651102472339,-0.6090050249533626,0.7532198625629825,-0.45602507396257463
0.054176690280136525,0.18391805577680534,0.1963718830444301,0.11479450766294219,0.11560614815352904,0.19321551822200272,0.18914505444075952,0.19822872951734255,0.19979811165087558,0.16131179727590977,0.21046393337573274,0.2383474502311194,0.19471748561307872,0.17020000373021668,0.11855859648559999,0.24158171101659562,0.23845999015920072,0.10798129206355275,0.24710029702575,0.2927752677048851,0.15191495575769037,0.2350179400577981,0.034562787456098996,0.19150143162809452,0.2109211601675453,0.30191285254447403,0.8601424508893908,0.25244804230487705,0.13822386634536013,0.17371745001077823,0.22819430420221556,0.25140039782767903,0.19804235121524624,0.18291384935605717,0.29154352126376104,0.20624451494378673,0.22679570248707762,0.30274547028567556,0.13979573076162297,0.11417332655702034,0.23413580166621045,0.17052238518364088,0.23184958075266357,0.03860677601375233,0.030097952329551484,0.18931948255194242,0.15205557359951183,-0.005644738846484384,0.5046812365931534,0.015777153021315216,-0.043569017696056644,0.06302123207911874,-0.01773751354184755,-0.001985871493233446,0.016102769776320074,0.03574118837120765,-0.023379606041869394,0.06224399031929108,-0.14714189441172595
0.05316200772103029,0.224364098819581,0.30859815187262235,0.059364887603738564,-0.002247789937863912,0.16619166563463827,0.18618884952939044,0.15620684644816493,0.2806733341731708,0.1267371471096023,0.21662371002817893,0.21217452261927364,0.15537585896757278,0.2434059003393802,0.22214256535921778,0.2588906275475699,0.6058624941040551,0.23589249342484925,0.47925841108780703,0.24728777224571755,0.28602541212517507,0.2582990572603147,-0.3040677682577643,0.3165026555323383,0.15977772314162425,0.5477122867659503,0.25244804230487705,1.331235373781703,-0.21130645261084477,0.2649601600978997,0.6971032786855282,0.2054404001965657,0.7991407087067944,-0.12234893050928347,0.9807680174488328,0.14689486280502803,0.4185525323835396,0.4648092691628314,0.04239623489566867,0.11978964790487527,0.3826555649765842,0.28890896729402793,0.32204285184587134,0.13912653667800406,-0.05349242595048007,0.08316052885206117,0.263788133228877,0.0459065757563342,0.017676972045522436,0.40926367660968815,-0.03929891881236924,0.42512268238881884,-0.7734434061521063,-0.06991751961471045,0.057778332946363885,0.0796980237466647,-0.22341738827112648,0.18028255362315637,0.09087448424821186
-0.036317222723325084,0.3712806583104569,0.32198153996088275,0.30189351822078114,0.3179492422956343,0.3074431421524402,0.22984013575530632,0.21112583550420613,0.12984840084483648,0.26247926309349506,0.218119923458915,0.2662556809336201,0.2026406769733592,0.30746304203177893,0.2881217797292693,0.24615422777608553,0.15930929440743183,0.21499889740470735,0.009032537376517874,0.43671013399341424,0.17348013281295363,0.22957908273480562,0.9004226330186044,0.21760712237300053,1.0453716738291505,-0.3347697100031494,0.13822386634536013,-0.21130645261084477,3.0914390982659654,0.23767702979010724,-0.7429983346309761,0.10780089721741758,-0.5485505779891215,1.1076519919833143,-0.11110747190232656,0.5705349094465658,0.6763058836779153,-0.4685323656976979,0.650145432104259,0.04190092038305306,-0.0709491391830833,0.15878206990754015,-0.15621161038031517,-0.08116714680867335,0.44066467897695843,0.1929071121298421,0.28096721095539057,-0.13386159685003185,1.3183000530845135,0.3758374655976792,-0.2547554426721369,-0.009174847308309374,-0.235796877503179,0.05711073889091923,-0.2898056500483741,-0.156118642070608,-0.24034187994470269,-0.3301073022835666,0.7408746058845186
0.10400662390768894,0.0034906683299915885,0.052000581172198836,0.07627201559907457,0.043381755954121776,0.11669006939849728,0.16960381093005006,0.1778227333315594,0.18215633032492942,0.1547814777201438,0.20000183738833524,0.1959214578263672,0.17322474864759158,0.3742927790424921,0.25435769096832367,0.29390716597187305,0.27899442666574836,0.10318245580334015,0.3024945364422876,0.2530307844722468,0.41193993015090535,0.2631290630861945,0.5249610376125132,0.5436902234011247,0.1813034780400704,-0.18293221300402626,0.17371745001077823,0.2649601600978997,0.23767702979010724,2.480965136476153,-0.04159824853868467,0.1134683278592412,0.4714378821205352,-0.06550783000147879,0.2509909238506907,0.5347600473561148,0.8306534504906756,0.5722811203741133,0.5354479022606173,0.2393704638652886,0.8238255232462822,0.43951480020213984,1.0875261911872538,0.32360635673004823,0.36795353930834584,0.14250134937707806,1.244245288266881,0.014823966259347975,-0.0018772856077257322,-0.006346992743074328,-0.10347578551195262,-0.32867208548048066,0.28022175281318,0.06377004242248853,-0.04488266492206075,-0.040222010599088656,-0.2998792547087765,1.4782732037988693,-0.9500755109925195
0.11176927696655099,0.23664394353361062,0.2767176963954901,0.1769971773697799,0.12644519964925335,0.31496331345940987,0.20511149919684887,0.2793258200951923,0.25582166235800174,0.1097324798257294,0.2414737230834386,0.164153480026376,0.1739015230962743,0.14624090201695927,0.24718938264108523,0.19327740880168906,0.4018047679252273,0.5232077205652937,0.5244665651348481,0.21541499270180622,0.32723397606359467,0.22499942567720804,-0.7290610989627964,0.25571415336565273,0.6178225998493425,0.9713858272033195,0.22819430420221556,0.6971032786855282,-0.7429983346309761,-0.04159824853868467,2.286129829649267,0.39256619605614484,0.7853601659871491,0.008396686774935169,0.5379391958705648,0.2600484407983714,-0.05733654673506029,0.8854486696778248,-0.49093810825965706,0.030860130348335908,0.3231869186866083,0.29782381363057914,0.3984393139476132,0.09141205413542718,-0.289286073246392,0.314609495519436,0.25466285943221656,0.003308706956125208,-0.9284652005262997,0.3381452676547151,0.05153803360324504,0.2149052148354871,-0.2849597252556138,-0.19673527172828917,0.0514927745734831,0.05441066476567618,-0.05735015318936358,0.2036475887701015,-0.17209040858381439
0.06409692823651811,0.0762154955556526,0.15751066134619932,0.1407752395281591,0.18856061074532598,0.22492748517449485,0.21856335148754397,0.1727483881279546,0.25280399160718736,0.15812302002612616,0.1960130750143626,0.22279847742286024,0.21349489265473387,0.16749833474322603,0.05815584271772657,0.2821774115580377,0.21264431849382237,0.1802237419094706,0.29207235911252,0.15409272928862433,0.16424695623428281,0.30304044196135294,-0.009844887357760653,0.3009600093624118,0.18390435521970636,0.5731966068353888,0.25140039782767903,0.2054404001965657,0.10780089721741758,0.1134683278592412,0.39256619605614484,0.7030531980048277,0.1667881091309903,0.29738588003784394,0.294659552141782,0.20675835137860468,-0.13595745752612357,0.3660013992973538,-0.012859072551665992,0.06224418598833295,0.1732755689345699,0.15774668230847688,0.14856710993706063,0.07844660930289084,-0.2106996680107153,0.16552835156941392,0.16694177801605647,-0.022811593183519926,0.33791649738457513,0.02884413774332278,0.007349806849465581,-0.009352840933167725,-0.022943096149276084,-0.03559011008242703,-0.16234889600302438,-0.010423909372976863,0.3568211209509893,-0.05639237620404913,-0.2199203654233181
0.1023882255755678,0.12130651647379921,0.3548172027174911,0.12045472365466668,0.0277061680365439,0.18510280087708744,0.19461973640694896,0.09402311517979421,0.3793621240055136,0.08534284116032438,0.15055642430361532,0.10485296215311167,0.150032946477695,0.12656910910676436,0.10674065850241003,0.11748339368338609,0.3856557455888821,0.15932025834227131,0.5237091529826293,0.27833758350722826,0.3304897107636502,0.2641546506905612,-0.023758258752625553,0.667532699262707,-0.12059945672200137,0.1396580477430625,0.19804235121524624,0.7991407087067944,-0.5485505779891215,0.4714378821205352,0.7853601659871491,0.1667881091309903,2.192773826228103,-0.5438696556539347,-0.29291773530554943,0.346017615649239,0.8799618451560272,0.6354842630735316,0.1712723447271691,-0.02140681120079021,0.7881455394171883,0.31919068276025214,0.05541783083695982,0.17530525177098774,-0.6054126425480219,0.48067691574791854,0.3181706228049341,0.0478889434935456,-0.7127550030312884,0.2591613736286225,-0.08329981527132767,-0.01894222339598494,0.10441238015679946,-0.2820240296639969,0.04151152654236183,0.004571090595596613,-0.14811851545273108,-0.26722353958010825,0.6085547729759225
-0.09383427727574258,0.19339430935309612,0.22343035135257555,0.31300255374564123,0.3880566212643647,0.31932177030026443,0.2583289133659841,0.3075083389846285,0.11632927842927486,0.3062794367331336,0.2403047380703746,0.26037618831601506,0.2208301657751642,0.2611668369789261,0.27240868243858635,0.28157494394415333,0.16104806450180065,0.3368891461988938,0.1228155549918375,0.28583282849777036,0.20679830021851694,0.2236868867037426,0.49138502173113985,0.19673307739304632,0.6335127172611643,0.3265427707585317,0.18291384935605717,-0.12234893050928347,1.1076519919833143,-0.06550783000147879,0.008396686774935169,0.29738588003784394,-0.5438696556539347,1.7346888839806276,0.30475859905593095,0.18097517426668894,0.5871107560831113,-0.08485309053871234,0.15885924665709805,-0.02510699630702123,-0.1075834267172385,0.2315234467409968,0.28794380243706613,0.07517954170624351,0.18867042930534553,0.06620111158371549,0.1873826607931774,-0.013068329972477368,1.0942476920288342,0.15047480826106902,-0.11562365170493447,-0.0550928329897379,-0.060446824098119946,-0.038167422749719834,-0.18599165881556648,-0.03438759210250309,-0.1416374259619774,-0.16505592635716493,0.36891660449161584
