1.9381563203730872,0.5224620803699995,0.928439496048244,0.08773119754983452,0.24665005303162657,0.31558302963799795,0.3360052592630459,0.2723919443784412,0.43125514039940144,0.2936033482252995,0.28006069385790533,0.29974383348882405,0.3053116657320427,0.3735340194707976,0.22662697282227764,0.2732609492081728,0.2936172498235133,0.24930138900623344,0.2862459634078944,0.23229447879041315,0.3216770766166308,0.31011457441885854,0.08888955816011841,0.08822761636674764,0.31130964593784405,0.1675450468716978,0.2602297526639343,0.23677377504070393,0.3086689139213029,0.5388804333847453,0.28928266386182006,0.359592033534841,0.3202477746537129,-0.28223625027608373,0.2287762242020511,0.38390782434362086,0.37979375543145166,0.3535887968584618,0.1128328857944916,0.29496773554335587,0.2955045734217196,0.29123026763962945,0.22345773759003712,0.10844108883472457,-0.017725471433294077,0.3734636612926043,0.4055663502704544,0.08093365793963495,-0.028639950742051612,0.09109698057553392,-0.048258622255801985
0.5224620803699995,1.6202099759469233,1.3489099609709505,0.2536354846303144,0.19965456971252243,0.563882637486678,0.29467283654032134,0.5129900252768461,0.5836556957977963,0.5018819607749917,0.42825367009849763,0.36774012836070974,0.510731836555117,0.3727516565096892,0.5416521151274426,0.34645200087871636,0.4764683552039215,0.5331758570641006,0.34340802795802833,0.6976295541656016,0.4788352803157669,0.429312989539399,0.21859943074014054,0.37306133194942565,0.5136314743036973,0.47362718850864965,0.4007580996586197,0.41025371988648124,0.7367115397466155,0.5789343185133089,0.4764100416200746,0.365520666468101,0.363173493818059,0.5848814765453204,0.5268542970727427,0.7346011150788857,0.7255974105566897,0.3573826517108188,0.4777294454506043,0.3311767204670805,0.46420401322763816,0.4551462201292348,0.4717030754088521,0.16240846983812263,0.32780767533435334,0.5803981905146545,0.6122879196408397,0.19733254624909033,0.2901515320924328,-0.05654514491563002,-0.06559578465002121
0.928439496048244,1.3489099609709505,2.828526175239476,0.4098300362050437,0.20883869689538342,0.8305277225766325,0.3371400167727443,0.783661416951366,0.9877701043083494,0.8252754140408702,0.5691116123431742,0.4971411704673473,0.7122033181046693,0.5595918319868803,0.604669862187644,0.48626613517056977,0.731370884658683,0.619882779972679,0.5184287737597342,0.6919656397921499,0.6423574959033843,0.6606350603444754,0.43171581547413407,0.5796562069950443,0.6679556199598805,0.6288520026840756,0.534238444731706,0.5013087957499693,1.0007962792508667,0.7783071881009195,0.5588107440985127,0.5433504538099251,0.422737709948584,0.8649115264066859,0.7015984963641163,1.0257325843604486,0.6809954533114796,0.4756645052040927,0.6578266439757445,0.42957256926827525,0.6237671935535519,0.6057708272675677,0.6793510329784033,0.2921618500309081,0.42468249887791226,0.7008355100601864,0.8507894717751625,0.18104786746805263,0.15372127289200335,-0.018339492361201828,-0.04618929263457823
0.08773119754983452,0.2536354846303144,0.4098300362050437,1.4713654155896585,0.5226426972695175,0.5344351143216759,0.45396639915950926,0.5489176574601237,0.3221668229896765,0.40576096728003064,0.4513455821059393,0.4577449428637875,0.4734230154120698,0.4880497619685553,0.34910925958129413,0.48554475874649217,0.4651914315800906,0.4846079271471676,0.445851640478715,0.38428905892708154,0.4038690549806442,0.5194187536847978,0.5384210137380644,0.5809264414755859,0.48864321288474133,0.32434740357166275,0.37428589840969895,0.1925642196469326,0.5172103639193709,0.4083638768010542,0.40150523121920106,0.46488065280653984,0.3572898226978125,0.5641567483317306,0.025957061040799197,0.6875917909237531,0.4292428201512292,0.49085543531211534,0.4149087106826992,0.21230490910779035,0.40011625273884077,0.3655242638943214,0.4374206040735707,0.398540077125261,0.12094441307688517,0.5000201164106302,0.5347712316469841,0.12070792107286733,-0.0507361468718324,0.08260329993252924,-0.0588526114053583
0.24665005303162657,0.19965456971252243,0.20883869689538342,0.5226426972695175,1.466674561196912,0.47831829794554226,0.29825058316267894,0.4008419294639443,0.24064898785005956,0.4192346563439836,0.3694114437367409,0.4449584081182559,0.4086131669511751,0.40480336130167516,0.387369701986117,0.44948175638926224,0.38578203787314425,0.33721089597263115,0.8450607390805741,0.1886866190451224,0.33230366771197795,0.5925993673232236,0.36587827997597355,0.47250110389995764,0.40131453429516983,0.19096181914072533,0.2917352384963344,0.1546122996484229,0.36349417735568634,0.2796866891292188,0.35093035483130697,0.38602494174888524,0.43322331412730014,0.2774824588262018,-0.11476500882611747,0.5918891319824212,0.3347135659891128,0.401549745591183,0.34451022798923064,0.1033635592651158,0.2869968036254249,0.3018756695489799,0.22541652744389584,0.21269555682449062,-0.11957279803322081,0.4723925059358357,0.34183249761122775,0.07330308405161967,0.33893604761036683,0.08674121355102762,-0.09841408966933066
0.31558302963799795,0.563882637486678,0.8305277225766325,0.5344351143216759,0.47831829794554226,0.9913882734766984,0.25100962317157044,0.6382231434883278,0.6003636786385693,0.4513774724705214,0.48464165902211914,0.4850013556772403,0.5350283432715384,0.5066206255042442,0.47061158658418767,0.4533489282831462,0.5488884561914904,0.48513938791092154,0.6721324275756894,0.5082727067060089,0.44032965053492074,0.590324435766892,0.3430571073905306,0.4388696348437823,0.5564118613095843,0.5336106315551821,0.4227001656763626,0.3151508822757236,0.6243083114147838,0.41165725723253327,0.41928825598594666,0.5026957018832869,0.31095636204415306,0.7354370004665839,0.38725476245181345,0.6618866723759147,0.46990207226868813,0.418205151031472,0.5425212439976363,0.2784369543049944,0.4756227985259816,0.40476079162630235,0.4960090972377137,0.27823704793876003,0.21985470483109024,0.49708612459793644,0.5600788857807608,0.1597706601327349,0.5550772011365803,0.0032589194002642834,-0.02962125170958691
0.3360052592630459,0.29467283654032134,0.3371400167727443,0.45396639915950926,0.29825058316267894,0.25100962317157044,0.849071840678361,0.4349037481022934,0.4210778328405891,0.25901252525704116,0.39101780993301666,0.39426744919115214,0.39611038346044797,0.23125682423953572,0.0016349622199595963,0.32443661381818545,0.36115453131123476,0.445771063672549,0.23184645916961952,0.24534916754146827,0.3280578927440023,0.2916203113822322,0.4266173832497325,0.37515325462090154,0.328316623686136,0.35145429990153715,0.28501914198868117,0.12201688827221734,0.3942658241898434,0.31187664225066936,0.30071470510762777,0.22880245687170847,0.18736663014921479,0.3700019560966069,0.17344368161341053,0.5523498089827743,0.28132204730819843,0.28810795448036486,0.28701708523791924,0.23954165252404538,0.22332670817003827,0.31387268103832316,0.35576396110488034,0.22493711967445984,0.18806092566319454,0.33483261720971536,0.3421453493748805,0.11247032585213722,-0.16995305235448735,0.0490578887771638,-0.012780913033012554
0.2723919443784412,0.5129900252768461,0.783661416951366,0.5489176574601237,0.4008419294639443,0.6382231434883278,0.4349037481022934,0.951105119124933,0.3797775972290814,0.4429063488070071,0.48166471531506466,0.3023503558729206,0.5607865492511598,0.42647215168517927,0.3222070284051389,0.4183734117984688,0.5317840281070914,0.5983539616051727,0.4722567452063145,0.5235001878531765,0.4215041357647272,0.5065825338961428,0.4338337228052469,0.43296146630975413,0.5391760453177831,0.5321635587158571,0.4004234609614313,0.22944055078397538,0.6424025863865793,0.4651420001861266,0.4161268392180655,0.4206252967546759,0.2005995585270889,0.6968602668576288,0.403310860683025,0.6529630715007742,0.45068382697106024,0.3510934182901648,0.5754091986142076,0.3288420879267314,0.4807738720301403,0.3866404124833786,0.5296949942343808,0.2758005537678764,0.22204873313009493,0.45246017893315804,0.6122996837728223,0.15326307175045223,0.447039900215362,0.06048182035889205,-0.022399128805130626
0.43125514039940144,0.5836556957977963,0.9877701043083494,0.3221668229896765,0.24064898785005956,0.6003636786385693,0.4210778328405891,0.3797775972290814,1.1628978525814266,0.2963503990815745,0.37617553754314,0.35891711095225504,0.45844635523423544,0.3839504952333531,0.11396105356744896,0.3564620172988677,0.4701299553618552,0.39918746777324376,0.3765664995750871,0.40637959514337335,0.43317866531642985,0.34485571698450396,0.36963287725067834,0.47348894950098647,0.32268844768576754,0.5478266290790564,0.3393523047945619,0.3191138843034514,0.4991699301745759,0.4138502553068339,0.3698620541902005,0.3779959117215821,0.3409323920653152,0.5538263378601243,0.3116534703349831,0.7277521238861437,0.3589762451800086,0.40818382719171936,0.3653460995827689,0.28215962077218676,0.36322829356279707,0.4235370287256865,0.4969389321861321,0.239289454490383,0.4031098076382385,0.4904913002901432,0.4696812849003998,0.13361732666828666,-0.628557307006403,-0.03049084997167199,0.011112734261501951
0.2936033482252995,0.5018819607749917,0.8252754140408702,0.40576096728003064,0.4192346563439836,0.4513774724705214,0.25901252525704116,0.4429063488070071,0.2963503990815745,0.9578258345996388,0.3792952776307835,0.4443477415156938,0.4457802635529322,0.37304850378247,0.46377925695764455,0.38720589685410345,0.45171776625456167,0.4069589299320909,0.4058259419639672,0.32410574493143207,0.3369114055941635,0.47234751883168896,0.38828368473222663,0.406698680769312,0.43780622006298175,0.331524387177679,0.34261977718524345,0.23361029869012495,0.5932913559445971,0.4298631210505575,0.3198889437098727,0.3661866696724818,0.20045320005207995,0.5686648095063347,0.32501247815307155,0.6330007778363995,0.35166742912547,0.2637917751648423,0.3999014610249949,0.2441678141436983,0.3678891053035388,0.3049132376449496,0.3850294829105642,0.2389982170321443,0.10548269787645205,0.3743672985370251,0.5163394005041161,0.12921240938987152,0.4949002462689395,-0.009704179379874065,-0.0020707219331900614
0.28006069385790533,0.42825367009849763,0.5691116123431742,0.4513455821059393,0.3694114437367409,0.48464165902211914,0.39101780993301666,0.48166471531506466,0.37617553754314,0.3792952776307835,0.6613903184725959,0.42929349958227575,0.45571732280626526,0.3471828844028468,0.36585595173044005,0.38923528599013635,0.4786054225849611,0.43744415548086685,0.38740623376196853,0.4565171360734301,0.3944257678779667,0.3879523299658486,0.36990141548474575,0.45801448514774507,0.41674253548565493,0.32142934993171496,0.37411012009451555,0.25562166659050023,0.5482951605986595,0.4468182321121058,0.4141338248617306,0.3440504559121192,0.2735435178941198,0.4260948595121691,0.31211736136741874,0.6891815541726394,0.4187385714621443,0.3341167896696271,0.4002113704414096,0.29976632661190333,0.3647916218488223,0.36845409306562543,0.39519717792386766,0.1915972956949909,0.16649454292952484,0.5019037348272534,0.4890462891321288,0.14259028946665478,-0.08219952160469919,0.023356310296102845,-0.026088541921623264
0.29974383348882405,0.36774012836070974,0.4971411704673473,0.4577449428637875,0.4449584081182559,0.4850013556772403,0.39426744919115214,0.3023503558729206,0.35891711095225504,0.4443477415156938,0.42929349958227575,0.703769370984619,0.37613619242571067,0.3829216130661608,0.36664233647592875,0.39505322473781,0.41598408421091604,0.2911443640111334,0.4219450900967902,0.2919124479177278,0.31813473212529586,0.434587621975089,0.31301373655618797,0.3503485596655212,0.4010140889667371,0.35515648036858066,0.36876246582371347,0.17430237290732836,0.4326610050646765,0.27947266609840987,0.2821925530743143,0.376506377059181,0.23058954894063458,0.42744480234982724,0.2279714645364765,0.5083487895589424,0.3198480132797356,0.2894964552472731,0.27986752530308967,0.2232914886433294,0.22462838946767963,0.293984204431945,0.305151246219689,0.19981314216795165,0.09034156979903595,0.3534586615100879,0.3373871471061612,0.12585424490552538,0.483123396964351,0.014349981393792502,-0.021566317256752707
0.3053116657320427,0.510731836555117,0.7122033181046693,0.4734230154120698,0.4086131669511751,0.5350283432715384,0.39611038346044797,0.5607865492511598,0.45844635523423544,0.4457802635529322,0.45571732280626526,0.37613619242571067,0.7714531888400298,0.39418243945988174,0.2848596215813009,0.43024387173233314,0.4789625738281415,0.4639275742424593,0.43014688463757916,0.4496197739166599,0.41844038516852367,0.4818251923205202,0.4282230895172743,0.5180060867203428,0.47524671284807857,0.40943358669784646,0.4082001636538662,0.2736984110186532,0.6349288511754005,0.49113362973285163,0.40909346171002486,0.37793996842567384,0.29535101867178465,0.5472733613909152,0.36212888213431826,0.7176605352402589,0.38759547791004784,0.31522048164601923,0.5238504199227291,0.2917792736617055,0.43561869908058054,0.3835754966918805,0.43113590644932653,0.268681715327087,0.07637077555215414,0.5326238110733185,0.5365986033273978,0.13798043694061146,0.18768106696717002,0.033388691324888614,-0.05628763336579333
0.3735340194707976,0.3727516565096892,0.5595918319868803,0.4880497619685553,0.40480336130167516,0.5066206255042442,0.23125682423953572,0.42647215168517927,0.3839504952333531,0.37304850378247,0.3471828844028468,0.3829216130661608,0.39418243945988174,0.8253680419613622,0.44357201466827817,0.5057385432975033,0.4275874462877011,0.2911231199853768,0.4292256403227813,0.4374229415689027,0.3621391948413114,0.5842945007019094,0.3182691604863251,0.5102306575037262,0.4421947077758578,0.31060311887979447,0.3805348037494034,0.31041041110400003,0.45432228923581025,0.5560086498133638,0.4089733066016861,0.7802827985098385,0.31945622009648883,0.30401966555209836,0.29001984095913635,0.6486336634400266,0.51144216114699,0.41176671479688376,0.29768035343816773,0.2883347287117441,0.4714507833001538,0.32938406884239396,0.3663573985648197,0.24619972684236308,0.019093208871428076,0.47637791280146685,0.523919646999412,0.1340179592303295,0.6469066660372804,0.012822843183382301,-0.02950940147906618
0.22662697282227764,0.5416521151274426,0.604669862187644,0.34910925958129413,0.387369701986117,0.47061158658418767,0.0016349622199595963,0.3222070284051389,0.11396105356744896,0.46377925695764455,0.36585595173044005,0.36664233647592875,0.2848596215813009,0.44357201466827817,1.2798023326040675,0.33324435952742465,0.2889434271425172,0.4431460356063744,0.4096093768561077,0.4209160182075615,0.36113498663732113,0.5303249881159362,0.43890412729665895,0.40552713340883156,0.5341016219977941,0.16029211811662347,0.29613656460617555,0.33936381611648714,0.6536476223518288,0.6239601191483374,0.35137868927660215,0.42217873655368005,0.32913387178430586,0.4347182800085142,0.29098492405081877,0.8182006133532751,0.39030836054918644,0.2792805486882702,0.45084792929389295,0.28769622125769434,0.34940293797719735,0.3311317248131923,0.39052772290316196,0.20699388973343227,0.12438367046508336,0.41113356064458767,0.5509948990766994,0.1403910313096285,0.4819178555399433,-0.05421599367484981,-0.012529341969834892
0.2732609492081728,0.34645200087871636,0.48626613517056977,0.48554475874649217,0.44948175638926224,0.4533489282831462,0.32443661381818545,0.4183734117984688,0.3564620172988677,0.38720589685410345,0.38923528599013635,0.39505322473781,0.43024387173233314,0.5057385432975033,0.33324435952742465,0.8962648088220445,0.49365696101034,0.3870592252845147,0.43298591312079815,0.4150655946283315,0.3362938722972219,0.5039689756896851,0.34878272646685976,0.4264934065811616,0.4784955631917708,0.39484123909031077,0.40735363304241773,0.31393214494396304,0.49370480329054633,0.45723088284868685,0.3829029090403461,0.49612199714980687,0.22513759209574355,0.4338642544888388,0.43262202156743407,0.6357833730595526,0.42929898562740737,0.3408559023609115,0.3984845975747303,0.3065960621370638,0.37890865540855334,0.30947448529721083,0.42171989969176293,0.2865745581667249,0.1714126292262055,0.415563894501689,0.4735527828966886,0.11668966885256812,0.3761950659208385,0.015589792422076929,-0.01239437548174429
0.2936172498235133,0.4764683552039215,0.731370884658683,0.4651914315800906,0.38578203787314425,0.5488884561914904,0.36115453131123476,0.5317840281070914,0.4701299553618552,0.45171776625456167,0.4786054225849611,0.41598408421091604,0.4789625738281415,0.4275874462877011,0.2889434271425172,0.49365696101034,1.1221548604483313,0.38674444359390336,0.4545419414758466,0.5968147468251809,0.4654599486391877,0.7976021001248835,0.337764917497987,0.5594452120495887,0.5997695077183135,0.1894029904527634,0.4324497820680147,0.38827172527794596,0.5803759430113977,0.5832213650467579,0.49778068266988434,0.41679895295892233,0.5076129626630863,0.4840615902018068,0.3320237272113126,0.7651638487854163,0.8517615605327528,0.52704688702674,0.2523146766165583,0.3189078297107784,0.44825073122645287,0.42341036466335463,0.48415839585039816,0.2639848148648432,0.17939042982542536,0.6118345967186505,0.6417949105640244,0.07899358620908181,0.4570971617022534,0.01576529684972176,-0.03619372279850607
0.24930138900623344,0.5331758570641006,0.619882779972679,0.4846079271471676,0.33721089597263115,0.48513938791092154,0.445771063672549,0.5983539616051727,0.39918746777324376,0.4069589299320909,0.43744415548086685,0.2911443640111334,0.4639275742424593,0.2911231199853768,0.4431460356063744,0.3870592252845147,0.38674444359390336,0.9525181789954116,0.36394176340329953,0.380117646896207,0.4503967702046358,0.4112254731598669,0.5801969094005912,0.42480991867905676,0.520129788286692,0.47284900026741855,0.3220294191994972,0.2947085713093186,0.6700576612774395,0.4544220712272841,0.5109200285930117,0.28173875370146095,0.2659223952992222,0.6272213182887494,0.3464020564619162,0.9007504699547252,0.45752237640215615,0.35324016167368844,0.528066718578843,0.30556015301257505,0.3745653459401847,0.42248611234762035,0.532418574438429,0.28023074694189865,0.3290277772532181,0.4471169386856723,0.6719994172882635,0.1638131120506284,-0.16896916676773321,-0.008928386473272227,-0.010254858012978848
0.2862459634078944,0.34340802795802833,0.5184287737597342,0.445851640478715,0.8450607390805741,0.6721324275756894,0.23184645916961952,0.4722567452063145,0.3765664995750871,0.4058259419639672,0.38740623376196853,0.4219450900967902,0.43014688463757916,0.4292256403227813,0.4096093768561077,0.43298591312079815,0.4545419414758466,0.36394176340329953,0.8902184565843992,0.2842245769356713,0.37814121123712,0.623935568047645,0.2864775666064566,0.4022502607479197,0.459815428885544,0.31344103970955245,0.3350722827202026,0.2595002688327458,0.4281058378402607,0.37696789179553897,0.36140194369935646,0.4143474138256859,0.39783460376370816,0.4500718582720278,0.16335845853348568,0.5896698138826245,0.39159066908829826,0.40795828620437,0.4349340144715391,0.16983044672851386,0.3806649436302805,0.348072862628844,0.34738277642970333,0.22369595212714571,0.049547685629958094,0.4575306866630176,0.4172911630456141,0.09091849396037442,0.4833308561364588,0.05254422587310647,-0.06835701088111987
0.23229447879041315,0.6976295541656016,0.6919656397921499,0.38428905892708154,0.1886866190451224,0.5082727067060089,0.24534916754146827,0.5235001878531765,0.40637959514337335,0.32410574493143207,0.4565171360734301,0.2919124479177278,0.4496197739166599,0.4374229415689027,0.4209160182075615,0.4150655946283315,0.5968147468251809,0.380117646896207,0.2842245769356713,1.7249904089117034,0.38325354172047654,0.4558621962383295,0.23156802754752592,0.5590036958440202,0.5859104763241244,0.32353656518779866,0.5066182837573504,0.3806651660896763,0.673848971102338,0.87014531972878,0.5727814655795507,0.45934239566097657,0.41173976694935527,0.43539806268264736,0.43938606450597695,0.6582934892039539,1.1636695458010522,0.5036542336336383,0.49292368749824517,0.6515036172130556,0.7649736536098097,0.38792405624273146,0.6246358720932985,0.15201435391204185,0.24474313549538668,0.8234771795587156,0.5848465145853375,0.3583880472764275,0.8732978096652781,0.05115880819188579,-0.0351877407080637
0.3216770766166308,0.4788352803157669,0.6423574959033843,0.4038690549806442,0.33230366771197795,0.44032965053492074,0.3280578927440023,0.4215041357647272,0.43317866531642985,0.3369114055941635,0.3944257678779667,0.31813473212529586,0.41844038516852367,0.3621391948413114,0.36113498663732113,0.3362938722972219,0.4654599486391877,0.4503967702046358,0.37814121123712,0.38325354172047654,0.7744004016667866,0.47219281144209213,0.4332783284111198,0.4622922279456383,0.445242687014783,0.24585364993445546,0.32066330454383046,0.3951476735104902,0.5407697436189662,0.6803902314265493,0.4933381606072321,0.355022805492138,0.5352334096429735,0.3763031432525789,0.2816825776148704,0.9148281624034745,0.5181678657006368,0.536618693406662,0.4363181157261579,0.3939649826683144,0.44178848796968256,0.712032881456061,0.505494852371246,0.25002579121785967,0.40003867995577347,0.4659291342481857,0.6553209780248026,0.18563565650133404,-0.3327066959945519,0.03244197022269612,-0.042911803877484805
0.31011457441885854,0.429312989539399,0.6606350603444754,0.5194187536847978,0.5925993673232236,0.590324435766892,0.2916203113822322,0.5065825338961428,0.34485571698450396,0.47234751883168896,0.3879523299658486,0.434587621975089,0.4818251923205202,0.5842945007019094,0.5303249881159362,0.5039689756896851,0.7976021001248835,0.4112254731598669,0.623935568047645,0.4558621962383295,0.47219281144209213,3.1572996939460687,0.3959482617729424,0.4126804493016763,0.7519634143430775,0.31847476697079014,0.4767602342164308,0.466591657147048,0.45640597394495813,0.5091987157267912,0.4020031829361302,0.6015537576473291,0.9554453770248058,0.646657784627649,0.10843102792624806,0.7327415165777011,0.846344324135674,0.9009996614205303,0.2515167340954591,0.24044053703882864,0.5413371337476525,0.48225362881380857,0.4227104858814569,0.5020332314838838,-0.33893256422736684,0.6776167447067507,0.5430824036233265,-0.8008156303327136,2.9369634578935946,-0.04784905207690127,-0.0470455234071035
0.08888955816011841,0.21859943074014054,0.43171581547413407,0.5384210137380644,0.36587827997597355,0.3430571073905306,0.4266173832497325,0.4338337228052469,0.36963287725067834,0.38828368473222663,0.36990141548474575,0.31301373655618797,0.4282230895172743,0.3182691604863251,0.43890412729665895,0.34878272646685976,0.337764917497987,0.5801969094005912,0.2864775666064566,0.23156802754752592,0.4332783284111198,0.3959482617729424,1.635784042793944,1.0223650723518416,0.625943483340188,0.002724751777348041,0.22573149022906652,-0.05050173956141046,0.9634637021609735,0.8376855122373934,0.3278505484174561,0.27003318474265503,0.20005518112302623,0.44279766023233136,-0.07524543300559684,1.5047720406339014,0.1707131054927648,0.3808226799696255,0.6217451205147629,0.44032946799868694,0.21950780027554728,0.3733235347912574,0.5603377410708209,0.4982595853510484,0.09192502617517644,0.5499107531016064,0.7082029525731716,0.21720938981248003,-0.8328010231327253,0.004878537568977531,-0.011107425066653912
0.08822761636674764,0.37306133194942565,0.5796562069950443,0.5809264414755859,0.47250110389995764,0.4388696348437823,0.37515325462090154,0.43296146630975413,0.47348894950098647,0.406698680769312,0.45801448514774507,0.3503485596655212,0.5180060867203428,0.5102306575037262,0.40552713340883156,0.4264934065811616,0.5594452120495887,0.42480991867905676,0.4022502607479197,0.5590036958440202,0.4622922279456383,0.4126804493016763,1.0223650723518416,2.766611759756309,0.4119909750675221,-0.6113177197073683,0.4109906796847876,0.11230148536898223,0.660300452432285,1.2965051759261081,1.0494735633222956,0.4717411428444025,0.3926028393832527,-0.40698850224820776,-0.030029900085678983,1.2806920195497264,0.8262105740259655,0.5494349688152823,0.16286162316313876,0.47029566222046126,0.7404386401972972,0.4042954846738234,0.2760210682249375,0.3330694415487288,-0.43009404194072587,0.9321532434303791,0.9068682744582226,0.2745450744525563,-0.5667292920128768,0.04793226900793348,-0.07660010024290424
0.31130964593784405,0.5136314743036973,0.6679556199598805,0.48864321288474133,0.40131453429516983,0.5564118613095843,0.328316623686136,0.5391760453177831,0.32268844768576754,0.43780622006298175,0.41674253548565493,0.4010140889667371,0.47524671284807857,0.4421947077758578,0.5341016219977941,0.4784955631917708,0.5997695077183135,0.520129788286692,0.459815428885544,0.5859104763241244,0.445242687014783,0.7519634143430775,0.625943483340188,0.4119909750675221,1.741860971668137,0.3888215909324279,0.37935659260163884,0.30711654333024746,0.8857821814587029,0.6557671098031879,0.38610383832013667,0.4185400064572587,0.36298304697934375,0.7877141315603886,0.39639045158080405,0.9331856115072868,0.5863446971493068,0.4765879129521617,0.5950327391582524,0.33366747387619183,0.29038553820627927,0.42024702134724046,0.5824637121098383,0.33055595573379815,0.32023199615372305,0.5785879878192016,0.6373042041512004,0.08971979371670294,0.44867943710582425,-0.009408247966658295,-0.040375766340423704
0.1675450468716978,0.47362718850864965,0.6288520026840756,0.32434740357166275,0.19096181914072533,0.5336106315551821,0.35145429990153715,0.5321635587158571,0.5478266290790564,0.331524387177679,0.32142934993171496,0.35515648036858066,0.40943358669784646,0.31060311887979447,0.16029211811662347,0.39484123909031077,0.1894029904527634,0.47284900026741855,0.31344103970955245,0.32353656518779866,0.24585364993445546,0.31847476697079014,0.002724751777348041,-0.6113177197073683,0.3888215909324279,2.76170798666327,0.23075740011780319,0.4897971750065045,0.40586031050174687,-0.6623877638568959,0.002409406075396142,0.30943346769129076,-0.028042277722362507,1.300278970744429,0.7677398305321476,0.35133415193176004,-0.7556791962857722,0.05563115652302386,0.7621630913562938,0.23728199505986705,0.01623242432302472,0.2943242516432967,0.6559511908912418,0.26640282420038214,1.0616855244830739,-0.20577501886721733,-0.08748027310015723,0.042885305893821654,0.361062775964139,-0.11583657838137162,0.08706354995479182
0.2602297526639343,0.4007580996586197,0.534238444731706,0.37428589840969895,0.2917352384963344,0.4227001656763626,0.28501914198868117,0.4004234609614313,0.3393523047945619,0.34261977718524345,0.37411012009451555,0.36876246582371347,0.4082001636538662,0.3805348037494034,0.29613656460617555,0.40735363304241773,0.4324497820680147,0.3220294191994972,0.3350722827202026,0.5066182837573504,0.32066330454383046,0.4767602342164308,0.22573149022906652,0.4109906796847876,0.37935659260163884,0.23075740011780319,0.9346368085625464,0.34599516694536775,0.3704901572931335,0.4128721959479918,0.4157452723665444,0.4261378299816681,0.36889959272516737,0.39654270398293223,0.35183121641415066,0.6051765232015437,0.5990798741978778,0.3572504185126659,0.2461800868222556,0.3379393352524179,0.44370799052775906,0.3078095539192544,0.3894488308574905,0.1919930851419341,-0.00042287077811783725,0.6723069145834554,0.4110808919854888,0.16209842071070515,0.28146374350124176,0.035190402349637925,-0.027273440680906796
0.23677377504070393,0.41025371988648124,0.5013087957499693,0.1925642196469326,0.1546122996484229,0.3151508822757236,0.12201688827221734,0.22944055078397538,0.3191138843034514,0.23361029869012495,0.25562166659050023,0.17430237290732836,0.2736984110186532,0.31041041110400003,0.33936381611648714,0.31393214494396304,0.38827172527794596,0.2947085713093186,0.2595002688327458,0.3806651660896763,0.3951476735104902,0.466591657147048,-0.05050173956141046,0.11230148536898223,0.30711654333024746,0.4897971750065045,0.34599516694536775,1.0661179042938582,0.1823555807874996,0.5364060984512371,0.4131450417426318,0.31018433519610555,0.7938234914792546,0.35253675051636624,0.6622922482664605,0.9124803373015364,0.5125177614561526,0.4512700631873429,0.1801564472438308,0.2841702457390006,0.37312824840627706,0.37198065289594057,0.6082185726271254,0.29413177419261166,0.5343241833967809,0.28705526413850296,0.3984146898566307,0.1847806455762035,-0.11463639324169526,-0.04257852140229995,-0.004138978771851896
0.3086689139213029,0.7367115397466155,1.0007962792508667,0.5172103639193709,0.36349417735568634,0.6243083114147838,0.3942658241898434,0.6424025863865793,0.4991699301745759,0.5932913559445971,0.5482951605986595,0.4326610050646765,0.6349288511754005,0.45432228923581025,0.6536476223518288,0.49370480329054633,0.5803759430113977,0.6700576612774395,0.4281058378402607,0.673848971102338,0.5407697436189662,0.45640597394495813,0.9634637021609735,0.660300452432285,0.8857821814587029,0.40586031050174687,0.3704901572931335,0.1823555807874996,3.6529492247031747,0.8406202149074712,0.1666886825698521,0.43838854045835846,-0.06180594455735947,1.134822009600537,0.3987358478899512,1.6141297945570634,-0.6276593145442722,-0.14820827060925781,1.1336497444874807,0.3764654907142924,0.15104283934316692,0.4160839719576842,0.4105528948315449,0.02636891831417328,0.34819475609462003,0.665407430839974,0.8499076305740709,0.07453623739332063,-0.0978958074998302,-0.14260916221292508,-0.002547017944932937
0.5388804333847453,0.5789343185133089,0.7783071881009195,0.4083638768010542,0.2796866891292188,0.41165725723253327,0.31187664225066936,0.4651420001861266,0.4138502553068339,0.4298631210505575,0.4468182321121058,0.27947266609840987,0.49113362973285163,0.5560086498133638,0.6239601191483374,0.45723088284868685,0.5832213650467579,0.4544220712272841,0.37696789179553897,0.87014531972878,0.6803902314265493,0.5091987157267912,0.8376855122373934,1.2965051759261081,0.6557671098031879,-0.6623877638568959,0.4128721959479918,0.5364060984512371,0.8406202149074712,3.9341140011700753,0.7215538447302247,0.5717858546102452,0.779971369846384,-0.6262741279734305,0.5770895509006306,1.4592711064571189,1.3522150519385665,0.9045599980419459,0.4949305476658841,0.9803151118772838,1.3033312629730418,0.6875078120282162,1.2243069332792285,0.4520428275525562,0.07404044332256493,0.7395038585914739,1.8755069801005662,0.43896428226026296,-0.16464419493884327,0.14095196066124163,-0.06416008776646807
0.28928266386182006,0.4764100416200746,0.5588107440985127,0.40150523121920106,0.35093035483130697,0.41928825598594666,0.30071470510762777,0.4161268392180655,0.3698620541902005,0.3198889437098727,0.4141338248617306,0.2821925530743143,0.40909346171002486,0.4089733066016861,0.35137868927660215,0.3829029090403461,0.49778068266988434,0.5109200285930117,0.36140194369935646,0.5727814655795507,0.4933381606072321,0.4020031829361302,0.3278505484174561,1.0494735633222956,0.38610383832013667,0.002409406075396142,0.4157452723665444,0.4131450417426318,0.1666886825698521,0.7215538447302247,1.6299839736140993,0.41637908195011,0.44895483729799784,0.057314781504728685,0.33552812660985587,0.9847083318897449,1.035202386751001,0.5946156340640768,0.262838616411468,0.30529940315194376,0.7354179671244188,0.46581504395074447,0.3640932247464743,0.22558427242113144,0.08200165222426545,0.7186213112984398,0.7062790172523775,0.2950113238114681,-0.029512080973367077,0.03407963890223158,-0.066807984930298
0.359592033534841,0.365520666468101,0.5433504538099251,0.46488065280653984,0.38602494174888524,0.5026957018832869,0.22880245687170847,0.4206252967546759,0.3779959117215821,0.3661866696724818,0.3440504559121192,0.376506377059181,0.37793996842567384,0.7802827985098385,0.42217873655368005,0.49612199714980687,0.41679895295892233,0.28173875370146095,0.4143474138256859,0.45934239566097657,0.355022805492138,0.6015537576473291,0.27003318474265503,0.4717411428444025,0.4185400064572587,0.30943346769129076,0.4261378299816681,0.31018433519610555,0.43838854045835846,0.5717858546102452,0.41637908195011,1.0767680579677894,0.3024492456709878,0.3159367081555479,0.2849929792726946,0.61441739309552,0.5168548259156741,0.42000647434176547,0.2844518171972815,0.28992776427931294,0.5321084038704704,0.3281001282428697,0.35772464507990387,0.2225008274852023,-0.019338091062865083,0.4990071532229685,0.5370556489711541,0.13953268302656774,0.7731617859670555,0.005254309308989681,-0.009208227343328493
0.3202477746537129,0.363173493818059,0.422737709948584,0.3572898226978125,0.43322331412730014,0.31095636204415306,0.18736663014921479,0.2005995585270889,0.3409323920653152,0.20045320005207995,0.2735435178941198,0.23058954894063458,0.29535101867178465,0.31945622009648883,0.32913387178430586,0.22513759209574355,0.5076129626630863,0.2659223952992222,0.39783460376370816,0.41173976694935527,0.5352334096429735,0.9554453770248058,0.20005518112302623,0.3926028393832527,0.36298304697934375,-0.028042277722362507,0.36889959272516737,0.7938234914792546,-0.06180594455735947,0.779971369846384,0.44895483729799784,0.3024492456709878,2.614299897119777,-0.14510383874601362,-0.5871650777669027,1.0144319616035788,1.1651560966813037,0.8959394986403095,-0.4364788353906397,0.14684581992340753,0.43675411662841535,0.497807883973071,0.5991651211444223,0.24450115891290986,-0.10837134474602905,0.7949679604740953,0.5292632142498632,0.2191598477471886,-0.41610696469699826,0.07943049922734596,-0.10019133388690012
-0.28223625027608373,0.5848814765453204,0.8649115264066859,0.5641567483317306,0.2774824588262018,0.7354370004665839,0.3700019560966069,0.6968602668576288,0.5538263378601243,0.5686648095063347,0.4260948595121691,0.42744480234982724,0.5472733613909152,0.30401966555209836,0.4347182800085142,0.4338642544888388,0.4840615902018068,0.6272213182887494,0.4500718582720278,0.43539806268264736,0.3763031432525789,0.646657784627649,0.44279766023233136,-0.40698850224820776,0.7877141315603886,1.300278970744429,0.39654270398293223,0.35253675051636624,1.134822009600537,-0.6262741279734305,0.057314781504728685,0.3159367081555479,-0.14510383874601362,4.084268452661269,0.9368654178735981,0.6147970130618396,0.07894893259873421,0.06683862978866058,1.3546828676889946,-0.3829000812745448,0.42093551953259517,0.34669108676087923,1.0197437300006678,0.4476934264563528,1.3330128898938076,0.1241274200731399,0.24202200561883835,0.11657666326626988,1.485428575940194,-0.21669151182947655,0.030100310831070183
0.2287762242020511,0.5268542970727427,0.7015984963641163,0.025957061040799197,-0.11476500882611747,0.38725476245181345,0.17344368161341053,0.403310860683025,0.3116534703349831,0.32501247815307155,0.31211736136741874,0.2279714645364765,0.36212888213431826,0.29001984095913635,0.29098492405081877,0.43262202156743407,0.3320237272113126,0.3464020564619162,0.16335845853348568,0.43938606450597695,0.2816825776148704,0.10843102792624806,-0.07524543300559684,-0.030029900085678983,0.39639045158080405,0.7677398305321476,0.35183121641415066,0.6622922482664605,0.3987358478899512,0.5770895509006306,0.33552812660985587,0.2849929792726946,-0.5871650777669027,0.9368654178735981,2.5561965033602703,0.35346407124485224,0.2462117438631517,-0.10522052373489642,0.8106230144561893,0.5622979714846374,0.435844166559797,0.260580391763741,0.6720403814384278,0.23390232333679,0.9277046194084468,-0.0493369099077413,0.4425480227486069,0.17657829451939686,1.0184589883869648,-0.10683515528396467,0.022949544495176787
0.38390782434362086,0.7346011150788857,1.0257325843604486,0.6875917909237531,0.5918891319824212,0.6618866723759147,0.5523498089827743,0.6529630715007742,0.7277521238861437,0.6330007778363995,0.6891815541726394,0.5083487895589424,0.7176605352402589,0.6486336634400266,0.8182006133532751,0.6357833730595526,0.7651638487854163,0.9007504699547252,0.5896698138826245,0.6582934892039539,0.9148281624034745,0.7327415165777011,1.5047720406339014,1.2806920195497264,0.9331856115072868,0.35133415193176004,0.6051765232015437,0.9124803373015364,1.6141297945570634,1.4592711064571189,0.9847083318897449,0.61441739309552,1.0144319616035788,0.6147970130618396,0.35346407124485224,3.977252569585414,0.537100209324815,0.5558745686131623,0.6437584260498714,0.6904572331572245,0.3598586603415944,0.8368010937227676,0.8117068668449143,0.030688408408318137,0.4844093137272616,1.3763346382879935,0.9969982470912488,0.4372633813687915,-2.207691822083765,-0.10382492422249738,-0.041513253154225924
0.37979375543145166,0.7255974105566897,0.6809954533114796,0.4292428201512292,0.3347135659891128,0.46990207226868813,0.28132204730819843,0.45068382697106024,0.3589762451800086,0.35166742912547,0.4187385714621443,0.3198480132797356,0.38759547791004784,0.51144216114699,0.39030836054918644,0.42929898562740737,0.8517615605327528,0.45752237640215615,0.39159066908829826,1.1636695458010522,0.5181678657006368,0.846344324135674,0.1707131054927648,0.8262105740259655,0.5863446971493068,-0.7556791962857722,0.5990798741978778,0.5125177614561526,-0.6276593145442722,1.3522150519385665,1.035202386751001,0.5168548259156741,1.1651560966813037,0.07894893259873421,0.2462117438631517,0.537100209324815,5.560108366488612,1.3168408602429686,-1.1329390286507055,0.2521719527494475,0.8570418652519051,0.5216248607382605,0.9902799922967382,0.34383163755092117,0.6514642534979803,1.532754789647389,1.131662040229325,0.6441714535161102,1.6627778415576662,0.1427621434365798,-0.12389122328680183
0.3535887968584618,0.3573826517108188,0.4756645052040927,0.49085543531211534,0.401549745591183,0.418205151031472,0.28810795448036486,0.3510934182901648,0.40818382719171936,0.2637917751648423,0.3341167896696271,0.2894964552472731,0.31522048164601923,0.41176671479688376,0.2792805486882702,0.3408559023609115,0.52704688702674,0.35324016167368844,0.40795828620437,0.5036542336336383,0.536618693406662,0.9009996614205303,0.3808226799696255,0.5494349688152823,0.4765879129521617,0.05563115652302386,0.3572504185126659,0.4512700631873429,-0.14820827060925781,0.9045599980419459,0.5946156340640768,0.42000647434176547,0.8959394986403095,0.06683862978866058,-0.10522052373489642,0.5558745686131623,1.3168408602429686,2.8055537861107354,-0.004543986551279524,0.3378217010294086,0.390602856526245,0.6514753098946306,0.9799002277147832,0.8210005709921627,0.2648089355148545,0.9742670797295533,0.8831583594890237,0.32696163045536125,-1.0002776284057695,0.13825304893671864,-0.07707986663371817
0.1128328857944916,0.4777294454506043,0.6578266439757445,0.4149087106826992,0.34451022798923064,0.5425212439976363,0.28701708523791924,0.5754091986142076,0.3653460995827689,0.3999014610249949,0.4002113704414096,0.27986752530308967,0.5238504199227291,0.29768035343816773,0.45084792929389295,0.3984845975747303,0.2523146766165583,0.528066718578843,0.4349340144715391,0.49292368749824517,0.4363181157261579,0.2515167340954591,0.6217451205147629,0.16286162316313876,0.5950327391582524,0.7621630913562938,0.2461800868222556,0.1801564472438308,1.1336497444874807,0.4949305476658841,0.262838616411468,0.2844518171972815,-0.4364788353906397,1.3546828676889946,0.8106230144561893,0.6437584260498714,-1.1329390286507055,-0.004543986551279524,3.791897474600785,0.6461286467811589,0.6880999743748174,0.4040143730415424,0.722782102968477,0.41152563874970816,0.7295582050443783,-0.02629016800514517,0.5075900798056047,0.03397255463215671,0.14792570690634088,-0.13214118309020106,-0.043418288805362915
0.29496773554335587,0.3311767204670805,0.42957256926827525,0.21230490910779035,0.1033635592651158,0.2784369543049944,0.23954165252404538,0.3288420879267314,0.28215962077218676,0.2441678141436983,0.29976632661190333,0.2232914886433294,0.2917792736617055,0.2883347287117441,0.28769622125769434,0.3065960621370638,0.3189078297107784,0.30556015301257505,0.16983044672851386,0.6515036172130556,0.3939649826683144,0.24044053703882864,0.44032946799868694,0.47029566222046126,0.33366747387619183,0.23728199505986705,0.3379393352524179,0.2841702457390006,0.3764654907142924,0.9803151118772838,0.30529940315194376,0.28992776427931294,0.14684581992340753,-0.3829000812745448,0.5622979714846374,0.6904572331572245,0.2521719527494475,0.3378217010294086,0.6461286467811589,3.7602291728130104,0.07564256407625378,0.388372095904676,0.7770164400299394,0.20066140181063521,0.6061447903653708,0.3184166614026632,0.62505535549647,0.2990636332289845,0.3287498305512474,0.04590334808590102,0.046932623035571996
