0.8498637649522803,0.20053228567485665,0.2545486242177231,0.012410993683638193,0.08910494413251738,0.14164461070810946,0.13914374317383446,0.09920338753913027,0.10553824053468529,0.09408679182104097,0.08457022896225638,0.10783741063665717,0.07871690020742468,0.0913833042388197,0.09622554620992473,0.08973970193321286,0.08853024562698195,0.1253466062770143,0.0971152778297567,0.057424023835572734,0.07877463822627512,0.10206016210532906,0.034912584136766865,-0.07410940146535007,0.173385436028203,0.10766109074724195,0.09687634013012009,0.07894709871706626,0.08050709982129593,0.03861898230077895,0.017208467629904082,0.1508249395647339,0.021624806058617704,-0.04834639106466761,0.13197066192892137,0.026686725481066487,0.06622137428344341,0.0631679904875321,0.17154089063440534,0.04704568982294921,0.13203476049739818,0.0630160517570681,0.0859005457631655,0.09625725859235204,0.29055531477100566,0.13030398769148793,0.0922608590344116,-0.07180422736599933,-0.035299522210980976,-0.016495742703432258,0.00800292240063318,-0.01390583194602973,-0.008893597910113855,0.0029903127798067545,0.022792854999159975,-0.029278477170446314,0.2058756222243566,0.18714681707704348,-0.43222834138849475
0.20053228567485665,3.2592640205542187,0.20982904112648212,-0.4394185253129957,0.1847171020192629,0.2558230047229541,0.2610897166523064,0.1027079328381796,0.2549494613167927,0.10612683985178362,0.21610375119234332,0.2654417586304451,0.19239677555102985,0.1644693601778136,0.2830910818281996,0.1348324806564888,0.21955687857122574,0.4041634167545064,0.16851972455187733,-0.07401444061929226,0.21818574656484546,0.3963938029903474,-0.1459533242592374,-0.17324368751420127,-0.10646064092076198,-0.27897717573996167,0.27947982088953,0.23133066719570744,0.7287606961830272,-0.1452121506862222,0.025478109864192622,0.0579950375871869,0.1794711676865141,0.14954611805417348,0.14532180223695257,0.14927621198351385,0.3764563099247691,-0.02396467585662128,-0.17697066451298332,0.016622647552764776,0.08082284780367924,0.05160359940959174,0.12222175242477376,-0.07105945166156649,-0.11571148509262383,0.15804062524702317,0.13221020657044993,-0.17834962906894006,0.1641493392805652,-0.21663122742814556,0.19936113989106738,-0.004345300412295412,-0.11593530952241679,0.07775070008840818,-0.6852194540179324,-0.09501938518482914,-0.3438526636883176,0.6478594679430789,0.24764239776572602
0.2545486242177231,0.20982904112648212,1.4613312116621235,0.30132600935604625,-0.13021057967448244,0.36869264030388404,0.2800904868012063,0.24741188363987926,0.26173507588480704,0.3547939205168508,0.24040759971603318,0.3258579915958341,0.2457637504756473,0.30497475399863305,0.32901671274341604,0.26097232080363153,0.26991444028226524,0.2773170674369714,0.1855370740312415,0.22798883147988136,0.1483942744380456,0.4697434607423333,0.24777169377765693,0.21540649041918075,0.439971244958334,0.33335783450423423,0.24167704544281843,0.2604819874667741,0.6372168511119756,-0.13574511790587687,0.0748285528745731,0.21676244100091938,0.023320731837162528,0.5706890193172137,0.38293678122487934,0.46312957663760107,0.21822664143854728,0.12069802732516688,0.5191776271783122,-0.0945743523581846,0.6369051509499523,0.22668184346001102,0.22546971831967771,0.30273024593026854,0.457063028080957,0.4083705057358316,0.12443275927424338,-0.20806971719529493,0.010705243059629435,0.07749460115103596,-0.11915617845711612,0.2681367949461758,-0.15616102021686892,-0.11494615491523902,0.2665677437875944,0.0500386498167018,-0.14764991463568478,-0.38733854220099384,0.1992474018910741
0.012410993683638193,-0.4394185253129957,0.30132600935604625,2.5011284735348744,0.2031663293170103,0.24646368709305277,0.13575887730463893,0.27727189619962544,-0.0649477017418394,0.2866262750073916,0.201066606360684,0.29296751337616206,0.25171447162626887,0.1907612244512055,0.18581900526429956,0.29842513807732785,0.1968531602360372,0.18783501223301124,0.20116688634032234,0.22569330493374226,0.2616610482343819,0.19174287366871415,0.30904349696727934,0.32186344283460006,0.3967364181820616,0.3307854311534289,0.15687857681448483,0.10568847637934253,0.12338557480584955,0.35259984859491666,0.1558635888713944,0.3320447003332726,0.20560068792647157,0.4706793267884416,-0.1182456920736813,0.24772453461155086,0.26057748073121334,0.14444206571107154,0.3164613166234371,0.020874117484782864,0.3708600946058588,0.23511178264055715,0.20654836240143856,0.5108445306460533,0.13482208806246465,0.3001658830148972,0.30687733353829083,0.09136228800677054,-0.12799046659357394,0.37197975493457724,-0.1181388385671702,0.38848991639985164,-0.2252562145032011,-0.19569396904579597,0.07794391249747343,-0.12397286158395639,0.09271880686984053,-0.13496809741438653,0.10567485439914291
0.08910494413251738,0.1847171020192629,-0.13021057967448244,0.2031663293170103,0.7254186697436967,0.2899203810941141,0.259238508725089,0.297551030789196,0.17557178469932413,0.19258597235198383,0.1828496561323022,0.19401993977884027,0.17316375656088825,0.2144459016145973,0.18388824761222103,0.2742494248469663,0.18609742575518542,0.18285805582034076,0.34239330235453724,0.14937538082130788,0.12161610325533576,0.20915332751278518,0.15352647311610892,0.19301917626521212,0.11358813404917785,0.20019242642602042,0.15101545527657068,0.07168504701074165,0.12252217694867015,0.22079185885705702,0.21482618785910432,0.21713720552456356,0.17599718564741776,0.19599298454009875,0.08348634825400784,0.14912907791163718,0.23801372986437436,0.10372975885153436,0.22076174209851215,0.15106525923091924,0.07928752932169363,0.19083544143068107,0.1820857300690168,0.19669618887074725,0.0174353486286753,0.12973484139730498,0.2162417015329654,0.026739634799477406,0.24656265881589556,0.11907105866818582,0.020508426929000227,-0.20646473433930376,0.16611628731624267,-0.00944143726453872,-0.11962563660840686,-0.10516156412398768,0.04304154442725988,0.13991944511784854,-0.01802192410351014
0.14164461070810946,0.2558230047229541,0.36869264030388404,0.24646368709305277,0.2899203810941141,0.6643092447324875,0.19785924417072975,0.3103073660573784,0.1930251796362642,0.2155611084253277,0.22927200488834215,0.2866045907311489,0.21167766416607348,0.29187136418730936,0.2590041885288323,0.3051184545308199,0.2815748611511455,0.26568353167132686,0.378988086979649,0.22758812656264193,0.13216726254382957,0.3492891364716153,0.13898964323194204,0.1935037848023969,0.30231929112585926,0.38085998186013903,0.21367516477620005,0.24797978033092155,0.3890495571324467,0.06954768816119115,0.2118505218406995,0.3128961693977679,0.041151313553523666,0.397573588849303,0.3161216638043931,0.11155054882764351,0.3283818568687695,0.1464054974376654,0.3819140561410854,0.08977288447547668,0.275390971555612,0.2241668579489936,0.25129646047503795,0.29139996754735814,0.30044418841057774,0.19230793208107666,0.211929654200486,-0.08478776185919719,0.41171767967244066,0.013158573939725544,-0.1733447868635531,0.02532535452175639,-0.20596380141306542,0.043410586965486705,-0.06284078745512461,-0.051650804590592084,0.09451451410981357,0.07861387213426237,-0.10775172900449996
0.13914374317383446,0.2610897166523064,0.2800904868012063,0.13575887730463893,0.259238508725089,0.19785924417072975,0.7043074381724878,0.20684417671356528,0.2790316719584795,0.20027106549242266,0.2493299322465284,0.2970792506846216,0.19655443878754855,0.23052489275097449,0.20021334695458567,0.2747280777466658,0.25174811279014353,0.20902367084112802,0.1732544465529016,0.12439554947271447,0.14058830865024968,0.2655599471153441,0.2207217697432672,0.18978275669184141,0.242914358176833,0.16237911322389542,0.2191394187106518,0.13698038314045813,0.2945490760599093,0.12694604367339962,0.1454972467523281,0.19678868542797115,0.14783765137082663,0.33935197555026625,0.20422303865700933,0.2942835550969054,0.2159171801328905,0.07263938071998971,0.1948274630624009,0.06190104940230633,0.22595018990035287,0.21058562308222092,0.2213687977360295,0.1639217133702576,0.09483354292842257,0.22319803077055425,0.16529982160481468,-0.026779603647566732,0.21257816521223086,0.045942561271488096,-0.0319896891148677,0.017810443828424127,0.10722464700242214,-0.06816692300638073,-0.06963011954060606,0.0269908860500993,-0.002066152013258016,0.06741138061031754,-0.10782737258359461
0.09920338753913027,0.1027079328381796,0.24741188363987926,0.27727189619962544,0.297551030789196,0.3103073660573784,0.20684417671356528,0.7255319457364435,0.14292789226291422,0.2863415429929923,0.2548292926467152,0.178632182839582,0.18793547403231678,0.2979338749274143,0.204285387265352,0.2792863289264048,0.23800443254759476,0.2723134877992473,0.26872598950260274,0.2722727307060887,0.20927994232753763,0.3047734691993931,0.21549528273058102,0.19266309834852394,0.2778030375074436,0.44445911142159467,0.22613598988724787,0.0872851497181776,0.18403716100731857,0.2647781307120469,0.20988090717143076,0.2640408252168959,0.05095641103608668,0.3971247054541001,0.24150382484780664,0.20370373255686344,0.37194805351123694,0.15555152122844462,0.48358920199500893,0.0988738131673749,0.30787190073026455,0.23758438722924544,0.3271144271967123,0.16453192487340054,0.37375771303107574,0.21879130772810265,0.3010201868959881,-0.04878370193940528,0.33541705951476763,0.13528996856773398,-0.08984870995599915,0.07902800128004886,0.042285630072407814,-0.1321611644797744,-0.10120712734358094,-0.06890927827003927,0.09460885063106612,0.1980269504121469,-0.19695661517236493
0.10553824053468529,0.2549494613167927,0.26173507588480704,-0.0649477017418394,0.17557178469932413,0.1930251796362642,0.2790316719584795,0.14292789226291422,0.7552983984682509,0.07459700550977194,0.22483228433813407,0.18151343137331558,0.122652657626512,0.30114796951735534,0.16848466477354712,0.19002169400764365,0.17630630003999875,0.15758651937390458,0.11806028953619865,0.14398162823099575,0.14369250895210348,0.21641373055123542,0.1520115195132204,0.15553854114226903,0.20919650572190227,0.1413356490757121,0.16398622576250055,0.13142775326490472,0.23716037079736116,0.16506847989032647,0.16814485918098396,0.13735259050082654,0.08770866680286728,0.27220115898755204,0.23322269456506803,0.2091443804086041,0.2322505945416583,0.0658675049939047,0.1983706366308339,0.04621990805090182,0.1486828207102478,0.16148023871209202,0.2265127858367739,0.11389960192901642,0.2293051464954958,0.17887010599255282,0.17497064747691699,-0.120698036478357,0.059419325781119324,-0.16360531208660148,-0.03957204887853825,-0.025781955053115757,0.1810860744313501,-0.024112016970210225,0.011121933517930187,0.08087062721535587,0.051155456776309775,-0.026629854301760115,-0.1273455886655256
0.09408679182104097,0.10612683985178362,0.3547939205168508,0.2866262750073916,0.19258597235198383,0.2155611084253277,0.20027106549242266,0.2863415429929923,0.07459700550977194,0.6953757195613534,0.14859548041113962,0.2281740134754982,0.18479133363907707,0.2655926288216469,0.23764060351846789,0.21388434643010407,0.2150063044930926,0.27152438718846267,0.1928922269396607,0.2762607826637004,0.1602939677133899,0.3093107705612731,0.16737266496832934,0.1737506959777364,0.2787134434615253,0.2175522727380969,0.20855975239217914,0.1512350266759819,0.2644269182468159,0.2764068903132555,0.20826181190603169,0.20360064888890286,0.05994236971934704,0.39934992176043327,0.2323633178687169,0.3365656874046265,0.3297789168286482,0.1490397083325324,0.45482856829732154,0.08760941686877094,0.39058453622324363,0.1994125686161283,0.26101119413485446,0.2361858589691839,0.3643360930286709,0.26003269467868173,0.31719382636433374,-0.12316836337364176,0.018922278106169935,0.07199349369521746,-0.02737656258831886,0.06128865709467562,-0.011871145758898048,-0.06772138018036182,0.11231695502220386,-0.011943107643635374,-0.007282510376917143,-0.1129491336285954,0.008262451647859102
0.08457022896225638,0.21610375119234332,0.24040759971603318,0.201066606360684,0.1828496561323022,0.22927200488834215,0.2493299322465284,0.2548292926467152,0.22483228433813407,0.14859548041113962,0.5311157277516051,0.2858559935029701,0.20560761757582524,0.22524923184804715,0.24107932421813486,0.22778300998271075,0.20670449288095596,0.1835197731405861,0.14525814963160907,0.24923645706473535,0.11449275905117459,0.25195730726224624,0.1358953539737315,0.19494323970719188,0.14321509637391147,0.26190537930412244,0.22363403718097663,0.07396199195882053,0.20951898959983514,0.10697578612949694,0.21039493259229575,0.2333441076274422,0.006236603720109232,0.30012016865002583,0.22416940059734206,0.2544814536858983,0.16645413256548433,0.11820265231013122,0.33858192559322897,0.10694115835665832,0.20072884827205614,0.18830404532504988,0.165049951592145,0.1213529906111926,0.23670233267535815,0.15476855227406053,0.17573842173019333,-0.06185764617990122,0.10162572668333067,-0.15165585305074192,-0.05523162483314154,-0.0150133331857018,0.1462876818571554,0.005630092279665931,-0.061935137937290594,0.018162146834396608,-0.006033173188282551,0.0465290650857233,-0.08817202432830254
0.10783741063665717,0.2654417586304451,0.3258579915958341,0.29296751337616206,0.19401993977884027,0.2866045907311489,0.2970792506846216,0.178632182839582,0.18151343137331558,0.2281740134754982,0.2858559935029701,0.5133586868319617,0.1879826039362313,0.25851963583989807,0.28358602083413986,0.2747374616561248,0.2569650825664939,0.18637253097804704,0.20069081720894388,0.23212983460039277,0.11770533414305365,0.2651909348582308,0.14572620658895447,0.17615847833478318,0.2547702254660364,0.2763820229355386,0.25609704254557863,0.1092994630732957,0.3326013886003696,0.11187855754845943,0.1320460094733573,0.27682764021544115,-0.0065646251398929776,0.3793628471173775,0.21479872396547364,0.33643743460494746,0.17225280722622102,0.11945781025336703,0.3134595431693507,0.07979627531420923,0.3349036134376627,0.2056011351025849,0.13908715023831564,0.12451815313050638,0.3228179336098639,0.18164780224371815,0.17892816351514612,-0.054450543098020485,0.12706318981609446,-0.04832450882354842,-0.06265985531013371,0.07615573436176074,-0.029372311215767662,0.006453511118788215,-0.0390578652673123,0.032061461524771934,-0.049674980595402214,0.0031876001366289808,-0.08339201090216425
0.07871690020742468,0.19239677555102985,0.2457637504756473,0.25171447162626887,0.17316375656088825,0.21167766416607348,0.19655443878754855,0.18793547403231678,0.122652657626512,0.18479133363907707,0.20560761757582524,0.1879826039362313,0.4342806084590527,0.16426015566618227,0.10258674291360566,0.24667010262017677,0.17687017046743947,0.1660852726723836,0.1503696364328328,0.15881671734257158,0.12994749698184585,0.3014068404833632,0.138781205304994,0.13370564176596433,0.15953515428011353,0.202876856620817,0.2037118943145579,0.10862760786281737,0.28673655323668257,0.07836080127701718,0.09713597936738595,0.24737772196940738,0.03197286010292981,0.30413756908970874,0.2053141232852449,0.2118127869508621,0.09030395479118429,0.06282799895959344,0.33631437988182594,0.07836241119594087,0.30078775288959586,0.1503255843968869,0.12808143076640757,0.18491071807637985,0.1386208444588681,0.15418905672729405,0.14845196323062784,-0.024971871404227027,0.25436923380715054,0.08225186787195211,-0.019022684240345412,-0.05204385118809399,-0.006573891320944757,-0.05240785976467696,-0.09565169649618936,-0.031484431607042264,-0.022041656265805447,0.07642919374648595,-0.0010710168666726297
0.0913833042388197,0.1644693601778136,0.30497475399863305,0.1907612244512055,0.2144459016145973,0.29187136418730936,0.23052489275097449,0.2979338749274143,0.30114796951735534,0.2655926288216469,0.22524923184804715,0.25851963583989807,0.16426015566618227,0.6206763055433565,0.2734867364954924,0.3572780240310092,0.26769972253822166,0.23633458991051426,0.2529488964134916,0.21285612364368334,0.12622510795336936,0.27742525652213945,0.1840674530355112,0.18706991691341895,0.34505839085799844,0.26143036792404156,0.1473885327486291,0.25204222341070254,0.34783521542384044,0.27795256573923843,0.18217350641057012,0.22479325660108304,0.1281079179502837,0.2985193494376165,0.2892923651371584,0.21708712669800204,0.27529064344621385,0.11495023500088553,0.34165268272279115,0.09768992156120886,0.4751964803497078,0.22068225386721124,0.2372582486207599,0.34590004912443323,0.36756855033110986,0.2224869547101771,0.2973821124797594,-0.17051600391424634,0.08528087215100477,-0.0884055518103505,0.0007994928862617027,-0.05598575268200273,-0.045019216869300945,0.06303320728227418,-0.018620965135058894,0.006543447827946048,0.007482420854971902,0.04049894963423098,-0.05375267489999544
0.09622554620992473,0.2830910818281996,0.32901671274341604,0.18581900526429956,0.18388824761222103,0.2590041885288323,0.20021334695458567,0.204285387265352,0.16848466477354712,0.23764060351846789,0.24107932421813486,0.28358602083413986,0.10258674291360566,0.2734867364954924,0.6825365773861549,0.17757945224959115,0.2727311242434367,0.2714545277012117,0.26277276900909347,0.17369774723551826,0.12655694790949795,0.24684798919399742,0.17120266356955663,0.2111244818833008,0.33680264762297696,0.24464995258332084,0.18855950202108218,0.2629253057183835,0.3139325652066747,0.2708342567502435,0.20434460130082607,0.19736790620952718,0.16382340563782496,0.3056650252275905,0.16558077425941212,0.29194279954401836,0.2725830879197774,0.12305382689099041,0.2879251345797745,0.028769829210373358,0.4152429073034568,0.2023638362842737,0.157845949395943,0.26839673290501803,0.2680069360613554,0.26917921052041127,0.291589811677936,-0.17311503499644684,-0.1568045242828181,0.06146975886275755,-0.045688361159725785,0.18470055610959102,-0.19803118159349642,0.0015836016453458389,0.002506433348600855,0.03591828639913326,0.004753686882512983,-0.019492346464239935,-0.05595391550436576
0.08973970193321286,0.1348324806564888,0.26097232080363153,0.29842513807732785,0.2742494248469663,0.3051184545308199,0.2747280777466658,0.2792863289264048,0.19002169400764365,0.21388434643010407,0.22778300998271075,0.2747374616561248,0.24667010262017677,0.3572780240310092,0.17757945224959115,0.7776041489043244,0.2690087240363852,0.2407683786017713,0.33600438936011096,0.15229225398490476,0.10560517360453787,0.33281498812085136,0.14585627969150688,0.21100651965243525,0.3392260114746524,0.2658265539406647,0.2554285818419056,0.2722842301734332,0.30222614805215714,0.303722942466321,0.13254726930127939,0.31607825137993145,0.0667932610937234,0.3790332173154226,0.44946757276342164,0.13588453507152198,0.19428748527756598,0.12919596070568423,0.4009048616946601,0.13079057885422266,0.5239127117352071,0.2688400196762255,0.30129077261519366,0.44438408300276605,0.10013385724436148,0.19137964506216043,0.30109909602812746,-0.09414025905287374,0.1477438029424321,-0.04011940497419217,-0.04821265384121242,0.17976903046056908,-0.05917012908772045,-0.006279383560413741,0.0003011441605251715,0.004537946708678788,-0.01743031095381906,0.07103570309733022,-0.07720570112063425
0.08853024562698195,0.21955687857122574,0.26991444028226524,0.1968531602360372,0.18609742575518542,0.2815748611511455,0.25174811279014353,0.23800443254759476,0.17630630003999875,0.2150063044930926,0.20670449288095596,0.2569650825664939,0.17687017046743947,0.26769972253822166,0.2727311242434367,0.2690087240363852,0.5900973283596778,0.2197374094323517,0.2730425137439237,0.2116890337648443,0.1284845448736261,0.31071344505428844,0.1376923175673599,0.14903940599941382,0.25915147557240525,0.18339347551800703,0.18923464305138654,0.3880774016440483,0.34566951401614815,0.1579158556389507,0.2072043208322474,0.2310836343560212,0.2568405097890141,0.3245724060823485,0.3113076789695584,0.29133692726887594,0.3846775519121221,0.15442737151550384,0.20328525022303223,0.07201329106780553,0.3180963291906798,0.2780085922328808,0.19942239401756348,0.25850328369803804,0.2449555560759698,0.25481217541937207,0.23172115366328203,-0.10486160917610611,0.16698475478721664,0.09767623092661074,-0.004611942989356806,0.1465798298140049,-0.29961992206178034,-0.02442112078949321,-0.27156651578096935,-0.025814563188124796,-0.02534687171096077,0.25252853783781243,-0.19920122862460923
0.1253466062770143,0.4041634167545064,0.2773170674369714,0.18783501223301124,0.18285805582034076,0.26568353167132686,0.20902367084112802,0.2723134877992473,0.15758651937390458,0.27152438718846267,0.1835197731405861,0.18637253097804704,0.1660852726723836,0.23633458991051426,0.2714545277012117,0.2407683786017713,0.2197374094323517,0.643060197119698,0.2261564966500064,0.058270360655824915,0.15232975696821294,0.40879506757599177,0.3097274089103784,0.19571963232880837,0.306768166702075,0.2764489684788177,0.11538014200397981,0.27233918783549677,0.3183676901632312,0.08478854852531346,0.2859507964866619,0.20566053577633003,0.2669050652421341,0.29540584054909497,0.18059244002148817,0.19351465062753187,0.40335836279854903,0.06627607619274277,0.2924240163245933,0.09192950500581262,0.3384174626297057,0.17769860035059445,0.27220331247629775,0.38667163625848805,0.1538085210378368,0.27836556763890535,0.36547513485609145,-0.15842713019317414,0.1351127744131686,0.08278018729397017,0.04015229420423304,0.023250968994155494,-0.23016460809664263,-0.04797563836559288,-0.023271413632400983,0.07156152082249885,0.05895929913925959,0.131728260020506,-0.23893957254642917
0.0971152778297567,0.16851972455187733,0.1855370740312415,0.20116688634032234,0.34239330235453724,0.378988086979649,0.1732544465529016,0.26872598950260274,0.11806028953619865,0.1928922269396607,0.14525814963160907,0.20069081720894388,0.1503696364328328,0.2529488964134916,0.26277276900909347,0.33600438936011096,0.2730425137439237,0.2261564966500064,0.7050556032428463,0.09054398162134317,0.15153270931505708,0.27941281784641503,0.05384095908363811,0.17392917767025584,0.2169458733920161,0.25267932219231637,0.15652218488652597,0.3222835551452244,0.1302824497755755,0.2515990915991818,0.25814136997905646,0.26789241243267736,0.21626919163420436,0.23896241245028732,0.1989945594446028,0.06616669464341463,0.3226540992443527,0.11104718776747392,0.29500597116155214,0.052514515777588706,0.25660102188918993,0.21422543107646275,0.21524417508184954,0.30076014043545396,0.20744043001729554,0.18713221854354653,0.238940876227009,-0.02700942580965104,0.16670052627286894,0.1493616545820779,0.09072012107643851,0.43131723088214685,-0.4392121308649826,-0.056681282532138326,-0.007726558994116931,-0.05177426080642472,0.10672249986363072,0.06712763566330876,-0.11978134332435303
0.057424023835572734,-0.07401444061929226,0.22798883147988136,0.22569330493374226,0.14937538082130788,0.22758812656264193,0.12439554947271447,0.2722727307060887,0.14398162823099575,0.2762607826637004,0.24923645706473535,0.23212983460039277,0.15881671734257158,0.21285612364368334,0.17369774723551826,0.15229225398490476,0.2116890337648443,0.058270360655824915,0.09054398162134317,1.0367915000842725,0.07140596324976234,0.047046882359486786,0.06062162568698902,0.22467501863628117,0.288234631703161,0.44196331572833797,0.2779869149700192,0.019887288134910714,0.2125545477721433,0.26536500156867643,0.17996369817140587,0.2609126655363585,-0.14443451250055842,0.3814559285043353,0.2146767974506327,0.3514861489473485,0.5698080755795176,0.48783826498818506,0.7755812690256312,0.29417737148798834,0.19622163676033874,0.30783322095893706,0.2570054077341251,-0.19636083224320772,1.0286853367240556,0.13845466211929086,0.16965584927654292,0.07820231363508127,0.2098244135266769,0.02651800512133666,-0.14923051259439507,0.056113536902962106,0.09904211098688252,-0.0623859456138012,0.07353626420310697,-0.07631646628308898,0.12368646604901429,-0.12120548003508527,-0.05207790520433051
0.07877463822627512,0.21818574656484546,0.1483942744380456,0.2616610482343819,0.12161610325533576,0.13216726254382957,0.14058830865024968,0.20927994232753763,0.14369250895210348,0.1602939677133899,0.11449275905117459,0.11770533414305365,0.12994749698184585,0.12622510795336936,0.12655694790949795,0.10560517360453787,0.1284845448736261,0.15232975696821294,0.15153270931505708,0.07140596324976234,1.4001988725970738,0.12026447167867116,0.07470329456342709,0.12284976748733811,0.015495157101943711,-0.4104615126923351,0.031078101335178545,0.15878225012311656,0.2132224425707378,0.5762763197855347,0.2968594140498357,0.19544551450956021,0.33688266742838446,0.06187827222139976,-0.003839475019058603,0.22676303983160523,0.25643851827558706,0.08327562606013952,-0.3368913827306174,0.1591122288534993,-0.06767780450168837,0.14517285524294418,0.1646956995127482,0.23555286983251864,0.6280518936239741,0.15316728515880287,0.4099757913626641,-0.11467948710415582,-1.003531263871553,-0.13767417489124184,0.052969807330999576,0.0522360313049532,0.12376214636958188,0.0001649080467984978,-0.0393591202377946,-0.04055699063952499,-0.03274460051410405,0.19536561491181637,-0.10703111643818608
0.10206016210532906,0.3963938029903474,0.4697434607423333,0.19174287366871415,0.20915332751278518,0.3492891364716153,0.2655599471153441,0.3047734691993931,0.21641373055123542,0.3093107705612731,0.25195730726224624,0.2651909348582308,0.3014068404833632,0.27742525652213945,0.24684798919399742,0.33281498812085136,0.31071344505428844,0.40879506757599177,0.27941281784641503,0.047046882359486786,0.12026447167867116,2.2398478570482143,0.2901434667387722,0.30892292197141924,-0.03832418282529016,0.1312188602533593,0.3124684890327857,0.3035493808426514,1.1945173810269964,-0.014651899452672945,0.5063418431182071,0.4899343043584824,0.39553796759463844,0.5837017345990466,0.20371001013435214,0.593492490652212,0.07129717722429749,0.08054965424981361,0.6191078403431293,0.07640598796306275,0.6193892097917587,0.2498614999998087,0.5208977862013815,0.5705304047268942,-0.52542862281572,0.7379831147718444,0.27898187374043487,-0.8331485101376648,0.8546639965310675,0.3086181130150184,-0.11223664385438333,-0.04087476792814674,-0.09459127513774555,-0.07203948483530999,-0.06210480392073774,0.07470564058451012,-0.1500263089025255,0.14168345655724326,-0.03861667995486332
0.034912584136766865,-0.1459533242592374,0.24777169377765693,0.30904349696727934,0.15352647311610892,0.13898964323194204,0.2207217697432672,0.21549528273058102,0.1520115195132204,0.16737266496832934,0.1358953539737315,0.14572620658895447,0.138781205304994,0.1840674530355112,0.17120266356955663,0.14585627969150688,0.1376923175673599,0.3097274089103784,0.05384095908363811,0.06062162568698902,0.07470329456342709,0.2901434667387722,1.269045836786933,0.2842709616238983,0.8291604123048434,-0.013269278856556816,0.08811125121488457,-0.05158050882086708,0.7302376616988102,0.2565681012027986,-0.23872935787289912,-0.062478221825896886,0.1604951163686247,0.4942630413886556,-0.10697679322435737,0.6671982524265474,0.1200697391788853,0.02819792375328966,0.7663875029486609,0.17270951583615476,0.7035546273391357,0.0991032974618022,0.07809502715258791,0.675038403851291,-0.16196922401269812,0.3286558066145745,0.3001480589467239,-0.062108568943860326,0.05386249208651624,-0.010855702550607586,-0.09482811745982599,0.01560346684121048,0.11651314750508202,-0.07021275101468996,-0.060069591396782744,0.04314286299013711,-0.38771876404600264,-0.09764463405269092,0.3746494958511738
-0.07410940146535007,-0.17324368751420127,0.21540649041918075,0.32186344283460006,0.19301917626521212,0.1935037848023969,0.18978275669184141,0.19266309834852394,0.15553854114226903,0.1737506959777364,0.19494323970719188,0.17615847833478318,0.13370564176596433,0.18706991691341895,0.2111244818833008,0.21100651965243525,0.14903940599941382,0.19571963232880837,0.17392917767025584,0.22467501863628117,0.12284976748733811,0.30892292197141924,0.2842709616238983,0.9896557166500253,0.18319824654883107,0.05458278954693177,0.16977958605861906,0.17494360303870807,0.1808146066472012,0.38283664393700595,0.5510329364195088,0.21059331361145883,0.38434672076541737,0.153017520763129,0.030043010519156848,0.43984894899902277,0.39512216305409764,0.12060123130535479,0.1459180413426389,0.06105527037912125,0.08868214342144788,0.23342583834785477,0.11521958560054815,0.22570202995925578,-0.16604105425741067,0.2681335386602761,0.29935503947673586,-0.0514896949265419,0.2579941430146063,0.022612501972975797,-0.11984363325363928,0.11843015693508382,0.07388369558444967,-0.07222729756209259,0.4287403584704172,0.03368603200885549,0.16155088941301018,-0.9033462150848376,0.49585268599865123
0.173385436028203,-0.10646064092076198,0.439971244958334,0.3967364181820616,0.11358813404917785,0.30231929112585926,0.242914358176833,0.2778030375074436,0.20919650572190227,0.2787134434615253,0.14321509637391147,0.2547702254660364,0.15953515428011353,0.34505839085799844,0.33680264762297696,0.3392260114746524,0.25915147557240525,0.306768166702075,0.2169458733920161,0.288234631703161,0.015495157101943711,-0.03832418282529016,0.8291604123048434,0.18319824654883107,3.095988514837603,0.33739935278619343,0.20178948104058633,0.16041729608886907,1.2997681456812584,0.940144690817282,-1.019745624613012,0.16320127126171308,-0.2898622377939462,1.033989358161194,0.6524829240621857,0.24598045014248365,0.38146348038229766,0.2683353934756952,1.4605197955252749,0.03220653569033528,1.6093057661232002,0.22721158260298982,0.24585351479435386,0.9156462343417304,1.0165858566054164,0.6413274828939003,0.6231260254061545,-0.42102643394568545,-0.9867568405107522,-0.06200673415530742,-0.20311905339361883,0.16380417543092027,0.03401371057922738,-0.029029749656088344,0.050615391033166014,-0.03963430616213419,-0.0483399125105865,-0.12739237443789425,0.0903804627963445
0.10766109074724195,-0.27897717573996167,0.33335783450423423,0.3307854311534289,0.20019242642602042,0.38085998186013903,0.16237911322389542,0.44445911142159467,0.1413356490757121,0.2175522727380969,0.26190537930412244,0.2763820229355386,0.202876856620817,0.26143036792404156,0.24464995258332084,0.2658265539406647,0.18339347551800703,0.2764489684788177,0.25267932219231637,0.44196331572833797,-0.4104615126923351,0.1312188602533593,-0.013269278856556816,0.05458278954693177,0.33739935278619343,2.736445773120543,0.31384381445982956,0.3020351994801512,-0.7908405791263253,-0.23656664796819005,0.1407292720740708,0.6278172646388066,-0.31052267951142015,0.6398214539774514,0.7021704598960089,-0.12141107316433693,0.17914402946847105,0.23854090081999,0.930805249468841,0.16758664411148538,0.8830468823158534,0.38372312923045754,0.4277842320383776,0.030287924343994764,1.0494488721373942,-0.03461907295095217,-0.01928017643474076,0.22813208461344098,1.2666407575289265,0.5527770935035422,-0.2104665964920262,0.07953334992233066,-0.5526548889151108,-0.16789134252916055,0.2848980850595109,-0.15762676234815667,0.1877337950142615,-0.07580523634905245,-0.14933758859265658
0.09687634013012009,0.27947982088953,0.24167704544281843,0.15687857681448483,0.15101545527657068,0.21367516477620005,0.2191394187106518,0.22613598988724787,0.16398622576250055,0.20855975239217914,0.22363403718097663,0.25609704254557863,0.2037118943145579,0.1473885327486291,0.18855950202108218,0.2554285818419056,0.18923464305138654,0.11538014200397981,0.15652218488652597,0.2779869149700192,0.031078101335178545,0.3124684890327857,0.08811125121488457,0.16977958605861906,0.20178948104058633,0.31384381445982956,0.6553170199455357,0.1350858353669298,0.2440876326583044,0.06876258485464208,0.15137080835722172,0.34424537254678506,-0.0054464799813685365,0.34221830358103567,0.28018673184426246,0.4128019291284727,0.17084252226384408,0.15039450389761733,0.37740144479983834,0.11074150248874177,0.33938309292990715,0.20825242630066815,0.22442273999074905,-0.12171200552930063,0.3342509032371576,0.19711302964134386,0.10898495412546065,-0.03541255985170635,0.5089952205291495,0.034612510996237314,-0.11004089724349622,0.16190429162938233,0.003223372907805074,-0.06963851829149108,-0.006782689336033118,0.014422929635198168,0.2290509542926271,0.011671869566929902,-0.25926366544631385
0.07894709871706626,0.23133066719570744,0.2604819874667741,0.10568847637934253,0.07168504701074165,0.24797978033092155,0.13698038314045813,0.0872851497181776,0.13142775326490472,0.1512350266759819,0.07396199195882053,0.1092994630732957,0.10862760786281737,0.25204222341070254,0.2629253057183835,0.2722842301734332,0.3880774016440483,0.27233918783549677,0.3222835551452244,0.019887288134910714,0.15878225012311656,0.3035493808426514,-0.05158050882086708,0.17494360303870807,0.16041729608886907,0.3020351994801512,0.1350858353669298,1.1232758414050814,0.0762363018249196,0.07106944208013313,0.4018326778967021,0.22521282922975297,0.679056187199902,0.11389365970693026,0.7081119833825641,0.05801699043053126,0.21452754486558068,0.07765544229663701,-0.005644162609583352,0.1396505252583723,0.3297653537277292,0.20782927613056687,0.27283545670413006,0.6609650071725317,-0.036429358993471224,0.21009464066454764,0.1871689346156863,-0.11050953794401602,0.14392923633989832,0.10638990508783938,0.04074819607807585,0.543462464650241,-0.8317290264277496,0.03286395454290765,0.23464072475860598,0.015930358081749096,0.12290441665331937,-0.19453654269711315,0.07933726677771386
0.08050709982129593,0.7287606961830272,0.6372168511119756,0.12338557480584955,0.12252217694867015,0.3890495571324467,0.2945490760599093,0.18403716100731857,0.23716037079736116,0.2644269182468159,0.20951898959983514,0.3326013886003696,0.28673655323668257,0.34783521542384044,0.3139325652066747,0.30222614805215714,0.34566951401614815,0.3183676901632312,0.1302824497755755,0.2125545477721433,0.2132224425707378,1.1945173810269964,0.7302376616988102,0.1808146066472012,1.2997681456812584,-0.7908405791263253,0.2440876326583044,0.0762363018249196,4.467065320628542,-0.24952900561543243,-0.8388891983793995,-0.16144188233101367,0.010199464062288907,0.9722331783048649,0.07872693534158419,1.3329434910901339,-0.6914913117443143,-0.025820692159066364,0.8653604610170192,0.10900404867710176,1.469761422137458,0.021547779853872323,-0.15302200059659005,0.023377254169601246,-0.4496906407768951,0.7372810842429068,0.16967021145059263,-0.7366500067034116,1.110058480118634,0.07440305641270908,-0.31579905528642194,-0.13590166626639313,0.07051998030803365,0.12355971408571341,-0.5825819984855974,0.12187729606571078,-0.9546023404593298,0.5433948976126188,0.4713190773487715
0.03861898230077895,-0.1452121506862222,-0.13574511790587687,0.35259984859491666,0.22079185885705702,0.06954768816119115,0.12694604367339962,0.2647781307120469,0.16506847989032647,0.2764068903132555,0.10697578612949694,0.11187855754845943,0.07836080127701718,0.27795256573923843,0.2708342567502435,0.303722942466321,0.1579158556389507,0.08478854852531346,0.2515990915991818,0.26536500156867643,0.5762763197855347,-0.014651899452672945,0.2565681012027986,0.38283664393700595,0.940144690817282,-0.23656664796819005,0.06876258485464208,0.07106944208013313,-0.24952900561543243,3.6698964028164927,0.48982193385641576,0.3550166782466762,0.2965705480717367,0.33985907890820205,-0.06891636610156543,0.1995217101951025,1.239831296263924,0.2643643119275338,-0.04999865709126222,-0.35541870086017574,0.5538063185235615,0.33970515988312283,0.5386539314625519,0.4776297363893423,0.9761207809378797,0.5514219296052024,1.678808534206381,-0.408051910226964,-2.235144590518847,-0.03865249855523744,-0.12939632673979584,0.26861282560669525,0.1512059779762193,-0.035651712263132934,0.21313036787060818,-0.32568772433896087,0.23170950175796007,0.20326884090329486,-0.239007812457937
0.017208467629904082,0.025478109864192622,0.0748285528745731,0.1558635888713944,0.21482618785910432,0.2118505218406995,0.1454972467523281,0.20988090717143076,0.16814485918098396,0.20826181190603169,0.21039493259229575,0.1320460094733573,0.09713597936738595,0.18217350641057012,0.20434460130082607,0.13254726930127939,0.2072043208322474,0.2859507964866619,0.25814136997905646,0.17996369817140587,0.2968594140498357,0.5063418431182071,-0.23872935787289912,0.5510329364195088,-1.019745624613012,0.1407292720740708,0.15137080835722172,0.4018326778967021,-0.8388891983793995,0.48982193385641576,2.206842093730774,0.4178986338145802,0.7508623096153849,-0.21361558765117478,0.0024283983708697377,0.2369512360648284,1.022561759815786,0.1104056497738997,-0.5384997677955571,-0.009579323487787929,-0.8027611355348859,0.3420863317645849,0.35794829136081213,0.1653730542939718,-0.0065893834543041254,0.2933011303459723,0.42636388733978287,-0.0790158605860503,-0.20322485690092013,0.18379380082782745,-0.009686715354739842,0.12020189272337678,-0.14671381174135317,-0.09808285171254588,0.5626381784027699,0.04538466916793052,0.7001668146603445,-0.6988524247972389,-0.22755955991689922
0.1508249395647339,0.0579950375871869,0.21676244100091938,0.3320447003332726,0.21713720552456356,0.3128961693977679,0.19678868542797115,0.2640408252168959,0.13735259050082654,0.20360064888890286,0.2333441076274422,0.27682764021544115,0.24737772196940738,0.22479325660108304,0.19736790620952718,0.31607825137993145,0.2310836343560212,0.20566053577633003,0.26789241243267736,0.2609126655363585,0.19544551450956021,0.4899343043584824,-0.062478221825896886,0.21059331361145883,0.16320127126171308,0.6278172646388066,0.34424537254678506,0.22521282922975297,-0.16144188233101367,0.3550166782466762,0.4178986338145802,1.1274846748953309,0.10346771574102408,0.2544229866243825,0.28543671335957915,0.1869859500159626,0.20117547209556566,0.1575168193467342,0.2430999107251382,0.06398215977392334,0.1957492123029954,0.3283004354325696,0.20977669417441938,0.053240760985268774,0.601203731029708,0.3640086510360635,0.326015011362163,-0.20347722215839695,-0.042116166933535856,0.09647337336780973,-0.041384206233377935,0.08379280583455588,-0.11935852314611288,-0.07663627690229859,0.1235194912209098,-0.1974792525473694,1.044834719121819,-0.3209447776782257,-0.5593642214128979
0.021624806058617704,0.1794711676865141,0.023320731837162528,0.20560068792647157,0.17599718564741776,0.041151313553523666,0.14783765137082663,0.05095641103608668,0.08770866680286728,0.05994236971934704,0.006236603720109232,-0.0065646251398929776,0.03197286010292981,0.1281079179502837,0.16382340563782496,0.0667932610937234,0.2568405097890141,0.2669050652421341,0.21626919163420436,-0.14443451250055842,0.33688266742838446,0.39553796759463844,0.1604951163686247,0.38434672076541737,-0.2898622377939462,-0.31052267951142015,-0.0054464799813685365,0.679056187199902,0.010199464062288907,0.2965705480717367,0.7508623096153849,0.10346771574102408,2.5904667423165395,-0.44693249061288126,-0.8727827045790563,0.2916143244225764,0.4255443331992231,-0.00610909017703307,-0.9382259991841663,0.012559069120087146,-1.0790338660218692,0.2736978629223597,0.2577929474066116,0.5837910123666455,-1.053466638388988,0.39928320050328603,0.34959726084257503,0.013689715000412874,-0.4492944302584068,0.021235939592374135,0.10840227954542854,0.01624803237577661,0.040231429819887136,-0.16074248367819724,0.25685952156425873,-0.07053043175705194,0.026050079808299986,-0.09094054665309159,0.13941787099533268
-0.04834639106466761,0.14954611805417348,0.5706890193172137,0.4706793267884416,0.19599298454009875,0.397573588849303,0.33935197555026625,0.3971247054541001,0.27220115898755204,0.39934992176043327,0.30012016865002583,0.3793628471173775,0.30413756908970874,0.2985193494376165,0.3056650252275905,0.3790332173154226,0.3245724060823485,0.29540584054909497,0.23896241245028732,0.3814559285043353,0.06187827222139976,0.5837017345990466,0.4942630413886556,0.153017520763129,1.033989358161194,0.6398214539774514,0.34221830358103567,0.11389365970693026,0.9722331783048649,0.33985907890820205,-0.21361558765117478,0.2544229866243825,-0.44693249061288126,1.998817806725437,0.7035744082671586,0.3582301991509635,0.2409415162530781,0.15486476326814874,0.9363586195936293,-0.09489187872191038,1.288382770743582,0.2719538648948029,0.5282070704394546,0.579794327752468,0.6645352607426515,0.3531138583056089,0.3543099430505172,-0.21129847056501663,0.34545948665148035,0.05992191609632982,-0.13891183844155164,0.08256811184354694,0.0243127893666608,-0.08811311204541056,-0.26732016773770895,0.01885854891549158,-0.47053457180962643,0.27300249250803205,0.25188459330038004
