0.9233340203114782,0.16393289658573984,0.30447480832998974,0.09936459592448406,0.11992351890217808,0.1190040911945817,0.16731025935442645,0.07872331091195892,0.13260540490644132,0.09748523738225734,0.08915072382092828,0.09916794968777172,0.04426649934046194,0.12166776007558276,0.13238722098845288,0.10938184475312923,0.12514857219901449,0.1411062060458172,0.11688431753646968,0.12133191519487461,0.11320679429103582,0.14169585009005511,0.07189366276870232,0.09798875185564514,0.12407437795587098,0.03614270146602454,0.15979668602614933,0.17089578664552293,0.06961666501411691,0.13852110844840576,0.16324046922217228,0.15162879320938838,0.02746982302249325,-0.40680351604952825,0.15980357467017367,0.2185889090503296,0.04692170245445756,0.11450596923883155,0.2250664517315069,0.09906579297790927,0.17170657403403267,0.09941414523768816,0.19334930189031488,0.016693045110100196,0.358219479495369,0.28249320697195324,0.1316380918259863,-0.06555486161013832,-0.10720523574570885,-0.14174340436630065,-0.028731367353613358,-0.020402206481651343,0.24941250870434117,-0.0503577278195674,0.17940101452296525,-0.05913053717282773,0.21190977593741753,0.14728221348387355,-0.4595217540827303
0.16393289658573984,2.625489188551614,1.014646227201536,0.3612071269931135,0.3487324906842648,0.2887890862594998,0.45316864759445413,0.3858384996053727,0.37011063531089755,0.3347436812092916,0.31557587806449877,0.273917740971082,0.28487958239518785,0.3222435158567225,0.5048888368787716,0.3488860295074622,0.39477172482257833,0.5169202990587534,0.3871770349253963,0.3936266079580107,0.5947579773466332,0.3615643616331703,-0.04706722397891531,0.18127481273395776,0.3878600326691123,0.3464738613110817,0.5277772002581405,0.12223681165895611,0.5398661600432626,0.20563288282725933,0.4217945809436427,0.25996207742774513,0.18641084472990804,0.5775119181264798,0.4664890704563944,0.46110143101574236,0.8043742127275385,0.5820387114758822,0.0010102693001668999,0.07596973777581036,0.5411292799717041,0.5805397725607175,0.4573783947372985,0.05664460760742087,0.41604799755406646,0.5082957438079043,0.4107673007039578,-0.024061253090108554,-0.21019333446270588,-0.45813318130679787,0.22920680890130546,0.03865356853407233,0.279777900430208,-0.1371058446260844,-0.3089199480308462,-0.13599750480831146,-0.39005252357592085,0.29277888094018734,0.36279370388906473
0.30447480832998974,1.014646227201536,1.9960035135971876,0.3012294249030813,0.24018629208175435,0.45575998656269284,0.28573531197718716,0.46332203102531383,0.4612568411272208,0.44120665905067885,0.34994389615650845,0.3228646807048636,0.2778559993937719,0.4062367159379722,0.45323759074786507,0.36229163975057127,0.45446536661832604,0.4388211824692546,0.3970281723950558,0.36383730304830897,0.4653149404022454,0.48745282458685646,0.2154056022424219,0.302479277206414,0.4420573724844858,0.2829115383445469,0.33537417608281134,0.29124197725018164,0.5176369612656729,0.09400434127591989,0.4296984096813077,0.3123130520164008,0.2884825893392528,0.3562265705139729,0.6147534524076581,0.47830037703949485,0.6158573947856518,0.6247785584000574,0.1433831412729443,-0.09110385187011423,0.36168109953234334,0.46130144248229044,0.45370421853008747,0.16707867128212237,0.5254904911172772,0.7256722929829612,0.357462339292234,-0.13521596634068048,-0.3451723206545103,-0.09173289061085926,-0.015484813816003567,0.08713044014244702,0.21166132111153121,-0.1499937429635624,0.12147674998222947,0.07898886316373074,-0.15536801056617744,-0.3021521235036538,0.1221808481305921
0.09936459592448406,0.3612071269931135,0.3012294249030813,0.9656838546610236,0.31933219906307736,0.26770952207534215,0.2593152580530199,0.27933465854588807,0.09940496939819106,0.27629628411941715,0.21227816600982494,0.3383891295046763,0.17055006231816006,0.2537519415687496,0.1936619928285619,0.3051277448665618,0.2218848645973923,0.33771846402555095,0.23942267972322331,0.23245439790983344,0.20927016986346328,0.2160936878521379,0.2126195654959101,0.20988101061390288,0.2622860154350259,0.3039725593910181,0.15430121883068984,0.13385490266856562,0.30284641062389683,0.09063211946938109,0.2281385522058686,0.2587567184334479,0.16833887069166611,0.4136437696925611,-0.016521983672117237,0.16400837158956796,0.4384371728470631,0.2434270705442132,0.26475555655716276,0.06141014125888521,0.20796980580818275,0.20007617076611003,0.2066186416395993,0.03576301425832335,0.07450623377504417,0.22525894507026856,0.2564915924705848,0.03889127109421009,0.1871855967122441,0.22155861619646408,-0.3039056888043226,0.21205746139838272,0.098013802494149,-0.2219170956733852,0.05587662642827148,-0.1389650400431209,-0.060447953212282565,0.09748697001220803,-0.02611677256937165
0.11992351890217808,0.3487324906842648,0.24018629208175435,0.31933219906307736,0.8391070535557267,0.2730159939443076,0.3423688494323453,0.3102862483692574,0.28654076013853963,0.23711703259302225,0.24659820995268653,0.28336789232854287,0.21513305898558366,0.30125213038396126,0.2703458479096759,0.3381062591169228,0.26414955162850406,0.3047143766635914,0.44219777686383444,0.19660089647762077,0.26876343717682144,0.29056214520580764,0.14156384104282624,0.19923354416312744,0.24568783489990015,0.32863708169569034,0.1382933095910356,0.2881932318714902,0.2901489778831998,-0.023808294082764674,0.2825936723418148,0.3197422829426183,0.17339010337562635,0.6209804348745936,0.005159834015870299,0.14373321488351778,0.4733310265252938,0.33697616808846675,0.16533375700893993,0.06416719590441695,0.21535665657364814,0.25810389547718277,0.17124124409612618,0.056019451976623266,-0.008830050306831098,0.08202598140459644,0.21247176557050085,0.03771233535853011,0.35257737366619685,0.23788313457087418,-0.09188079293730238,-0.19560879894353925,0.09754565229756795,-0.023174181415196084,-0.0056290334670978295,-0.09147259943466315,0.09586103788761723,0.06134500835437264,-0.06498061477805052
0.1190040911945817,0.2887890862594998,0.45575998656269284,0.26770952207534215,0.2730159939443076,0.8609060763098774,0.25052337755810106,0.27114397786871985,0.37636742155700664,0.32226823003843913,0.3223692064452294,0.2738782609218381,0.2107735437765074,0.42056216142609704,0.37295547098269854,0.31650279648178914,0.40925172764864587,0.31506899904360597,0.4615078055525363,0.3852169756952314,0.4390632714525805,0.40599494702056926,0.1882190392524829,0.3192270269143754,0.3185672167695461,0.49208433305494237,0.3486515917879469,0.4424065055887834,0.39748351492358713,0.1237231445421572,0.41856297344358934,0.43753986188512406,0.17935865584958346,0.43216650387894134,0.20265423393706525,0.2843611702848192,0.5311431379603389,0.3487189911230108,0.37725159704175387,0.15707317260473672,0.25451038747172905,0.4137232983797142,0.2958514594538332,0.11666049650260737,0.28265155757686516,0.1518582977625039,0.28154137890806646,-0.02405422831070046,0.4262193484219657,0.32731413955257393,-0.35157708149582295,-0.03596889921711433,0.005202750534781394,-0.014783306705951394,0.06783656010262572,-0.04529417303912255,0.21327237016128237,-0.03903655914837435,-0.17825266623848232
0.16731025935442645,0.45316864759445413,0.28573531197718716,0.2593152580530199,0.3423688494323453,0.25052337755810106,0.9160097372027034,0.12387687414730941,0.4477729364753215,0.20969225548383338,0.2543202127508501,0.29383355599988364,0.19379894372062942,0.2862126513214746,0.23323142015529663,0.30988498200883424,0.31975008045718994,0.3354615330915239,0.334633702742163,0.33388857818820794,0.4182537813834267,0.3916540408762107,0.31520145401118943,0.28724791141778366,0.3246260988577492,0.30204745023558655,0.3401733582961706,0.17869891757283538,0.3050968291541051,0.16905741838861638,0.28076245035164604,0.33137722059546787,0.2794284692916477,0.5196640687370431,0.08827336161393301,0.27937132668040093,0.5239567340961054,0.316452519108191,0.2146579726257009,0.13661007614141937,0.3221252001591133,0.39014885130086824,0.3152688997290649,0.04462731313711732,0.08598866641050124,0.20396131579126506,0.32406937866224667,0.03686081475158233,0.5350157431658402,-0.10530474164598122,-0.07113492719828995,0.13541479506199436,0.16207738747908387,-0.17803536355815727,-0.0043359162754042285,0.016786026325317033,0.10510764451856094,0.09274864569498628,-0.2052756027046622
0.07872331091195892,0.3858384996053727,0.46332203102531383,0.27933465854588807,0.3102862483692574,0.27114397786871985,0.12387687414730941,0.803565424902015,0.1176426830788623,0.3074610695887449,0.2893049148085879,0.2005056785912171,0.23331008383964394,0.370010493102998,0.19644282642722635,0.26915408880077585,0.2842612417109951,0.20915554987487667,0.2419124847800676,0.2651428341650196,0.1772925059947314,0.2311600824726587,0.16272955889673035,0.19451651823286847,0.32719632584363323,0.23856154773771548,0.34740917046251474,0.2824361270095447,0.265782709687392,0.1851303466540004,0.16165608944685858,0.19583125946741314,0.18511887998003207,0.35293247079849105,0.30570513758472984,0.1780084482299488,0.4391962966043434,0.3160508959757041,0.14988951995465194,0.04231634939873339,0.2301209309329714,0.1956091917737341,0.3635363041955715,0.07620440383391001,0.1408052752317953,0.17438262310957625,0.23775040001762102,0.0432461330884956,0.31831802821481825,0.03828154391158366,-0.12568142370096583,-0.06807369988399632,0.31053592911707123,-0.1444798178848009,-0.00607017341351825,-0.03912663803387062,-0.020475910535545167,0.29156783630680355,-0.25497516037109735
0.13260540490644132,0.37011063531089755,0.4612568411272208,0.09940496939819106,0.28654076013853963,0.37636742155700664,0.4477729364753215,0.1176426830788623,1.0026004917062463,0.22410931379899057,0.22909711624474557,0.18352350112699067,0.20449483470737934,0.3400347094633726,0.2542146821108516,0.24537076536202204,0.33552149684415217,0.28412501290828207,0.3698000629301599,0.3124023941688386,0.3697989432059407,0.5667293548518704,0.3110540931966321,0.3524779924070486,0.2817207409455318,0.3431461093648184,0.48051051384622845,0.33940529792305785,0.1995600897546461,0.2777075216155821,0.3970885206560152,0.3483693903478741,0.3849791112174912,0.12296639077220435,0.19831478266926555,0.37186027107638964,0.4658601406612033,0.3523071882220058,0.30895817749863175,0.10927092648916262,0.23647726465386723,0.3450342908733917,0.4001698275485896,0.06025774613154095,0.29445878455565283,0.22695757205751024,0.3283162347234748,-0.09583401546448525,0.5774378445315161,0.024671732147593592,-0.036153769257788945,0.14532111377862575,-0.12205507458268855,-0.09262319833693598,0.07798305451176465,0.10211876747364987,0.22068520047848333,-0.08619992414192344,-0.3037160571253237
0.09748523738225734,0.3347436812092916,0.44120665905067885,0.27629628411941715,0.23711703259302225,0.32226823003843913,0.20969225548383338,0.3074610695887449,0.22410931379899057,0.46391845083755445,0.2288568106109332,0.17733780333214294,0.21046091488330432,0.296307389693873,0.2672798926661262,0.25885338825992626,0.2782157267849454,0.28250591168158107,0.26880295036601864,0.23359142591272966,0.24876929742727674,0.27198913178438744,0.19759349751704322,0.20591127606255458,0.2690394934503308,0.24131575622240278,0.27311848332378286,0.3062461026567526,0.27917802715253676,0.12687084050943656,0.2601311523569838,0.2218698084474565,0.184136008457493,0.3880012397999023,0.26036833521716873,0.2085951959195639,0.4269374800003422,0.2691991652459039,0.1952459778144463,0.040182347647935004,0.22380539168651856,0.25163602271800184,0.25708376602140365,0.06021686955620532,0.13441200646948068,0.12510727025303475,0.2542938658262522,-0.006748106719920172,0.24819368787741863,0.004937756866711109,-0.07646603058336673,0.006036546823540033,0.05320883743512991,-0.025203184485154153,0.23459045728608316,0.04935581220215091,-0.020092905603259808,-0.2004892041906053,-0.018542018153544008
0.08915072382092828,0.31557587806449877,0.34994389615650845,0.21227816600982494,0.24659820995268653,0.3223692064452294,0.2543202127508501,0.2893049148085879,0.22909711624474557,0.2288568106109332,0.4316447813103365,0.3409315616071784,0.2144713326272056,0.29376888310171057,0.3049455983957307,0.25577080276324077,0.30721091368496556,0.23308864643301674,0.227360589138769,0.3063488949956674,0.2804798269984605,0.26260459016610627,0.20951945467294944,0.244709602149474,0.2992787298044451,0.3079529045164895,0.30756233978126785,0.2716938623535826,0.2865715563726713,0.13394163051077962,0.23897050166485995,0.28053181403646915,0.1939076802221005,0.39004206907916394,0.29355427983076443,0.21456418170976357,0.3714626360220186,0.2557299590042323,0.19885537112532,0.09385752942577413,0.21579435341018638,0.28339076259362805,0.24332258080292352,0.06061924232863923,0.13103821762554602,0.09403150865833809,0.2286831936083684,0.0174561088651891,0.2740948716269897,0.018331939507708877,-0.13319205585175672,-0.08935587849824285,0.20124150510126207,-0.02238121753477823,0.0639950644837643,0.0024403505223348242,0.013692599925125023,0.01049630624723915,-0.12278300961031091
0.09916794968777172,0.273917740971082,0.3228646807048636,0.3383891295046763,0.28336789232854287,0.2738782609218381,0.29383355599988364,0.2005056785912171,0.18352350112699067,0.17733780333214294,0.3409315616071784,0.9322514874527402,0.1651186892356539,0.2639516095945335,0.2380881000366642,0.31195236818632605,0.22237299238352293,0.29192519607276524,0.23578527272524755,0.2891985189094476,0.22601363281729034,0.2525341435839934,0.3403753206722868,0.26145430369100525,0.3845127540715793,0.2223212921660132,0.2664868778554395,0.1463734265283102,0.3469788038926336,0.0739574947492338,0.10447135673440072,0.3153985460752439,0.20534675071290295,0.48159992464589396,0.24762057525675496,0.11314504701470447,0.32567115775084965,0.19659986031239501,0.3068275223536137,0.08733295127735236,0.14837382080708555,0.22566373714188992,0.2016065149721289,0.07403480599769258,0.03231496349461072,-0.025668883693587982,0.22732265372700688,0.09273698566584107,0.48676168212421544,0.04910809193867718,-0.05574119982756058,0.021724213989439387,-0.008301623365815337,-0.005654358236994836,0.17605848214547423,0.06839554545651105,-0.12350605137192437,0.004568888290542414,-0.14547016359084228
0.04426649934046194,0.28487958239518785,0.2778559993937719,0.17055006231816006,0.21513305898558366,0.2107735437765074,0.19379894372062942,0.23331008383964394,0.20449483470737934,0.21046091488330432,0.2144713326272056,0.1651186892356539,0.3271791992588055,0.191212286260305,0.11678631929866512,0.22603596074139057,0.18482848564373314,0.18559999102491206,0.19955064718859253,0.18510126270521501,0.18675152933911351,0.2475011794324657,0.17418954589887967,0.18235405673875224,0.19909461632984934,0.18153092855948377,0.18114657775859824,0.12460357058557814,0.26344509988147014,0.10177439163442528,0.1692174107331328,0.2167812581928374,0.15102046347826065,0.29961843303123437,0.2030082296614304,0.16919449424295127,0.27973490506755117,0.2138590663111292,0.1648766630614639,0.07886732486395279,0.14609519082802414,0.18701214462624308,0.1575229333795115,0.04539247311042714,0.08051129461765487,0.08566082042025015,0.1791546899071189,-0.00958675926267372,0.22790123410652333,0.0982712199268881,-0.024356177775641016,-0.0441044142726821,-0.04645156509419531,-0.013899830630841803,-0.0004749039731306613,-0.034579271070373056,-0.014957565311778847,-0.08851016796280033,0.11035052087061553
0.12166776007558276,0.3222435158567225,0.4062367159379722,0.2537519415687496,0.30125213038396126,0.42056216142609704,0.2862126513214746,0.370010493102998,0.3400347094633726,0.296307389693873,0.29376888310171057,0.2639516095945335,0.191212286260305,0.7370225601763417,0.3399081426863754,0.37722109440180135,0.3762651997067994,0.28806143232384956,0.32289313119982804,0.3284046062699102,0.34883516346848714,0.36399741154603915,0.21455521751260304,0.2628111667450704,0.3368041286565578,0.42099106992278634,0.35858580123848216,0.3663981153052382,0.31565943647943795,0.17323984700506567,0.3281648631307103,0.35035686851075676,0.22405819052312656,0.38219356937445154,0.3255236120274169,0.2682046379484166,0.4568779995850146,0.3335034567656084,0.25163579601655656,0.10708151108613236,0.33201628463699834,0.3606328519973501,0.3112985363824083,0.09976236766585804,0.12914834974533534,0.1365579629322423,0.28366255810705854,0.01542887531036271,0.5171182109774664,-0.03889302686318402,-0.16569754137388631,-0.07427276584586993,0.31219142937689626,-0.035325783006309126,0.020949446498267844,0.013313195157908339,0.06510841840351686,0.15200402135466634,-0.2722263975301642
0.13238722098845288,0.5048888368787716,0.45323759074786507,0.1936619928285619,0.2703458479096759,0.37295547098269854,0.23323142015529663,0.19644282642722635,0.2542146821108516,0.2672798926661262,0.3049455983957307,0.2380881000366642,0.11678631929866512,0.3399081426863754,1.0040045595432714,0.13498490458014956,0.3992767185688563,0.1919133750631986,0.26496383699708803,0.38710204554496336,0.35216427478480006,0.182910865136601,0.08165925368712382,0.2518994774226923,0.35007973674007364,0.4551913843810162,0.43458492438363544,0.5030413903723178,0.21792515165773516,0.3328230472636582,0.31597834707403266,0.25816722791959174,0.2540388116261422,0.39809711345669757,0.30064201099521753,0.2640538015767176,0.4428751725819327,0.29923822141173984,0.07766147250673333,0.028429487326628623,0.36169519124024413,0.39555752417604206,0.28531158653270533,0.06537819865530536,0.13254763587625304,0.11687828279777,0.29862507648173103,0.04640675048844942,0.2459318560371065,-0.12521976097922707,-0.22697972847054787,-0.111042555864065,0.38057651942220616,0.05595052818198798,0.042955330982850655,0.06195156791156491,-0.005200707194340858,0.02174283742670166,-0.10196328755669888
0.10938184475312923,0.3488860295074622,0.36229163975057127,0.3051277448665618,0.3381062591169228,0.31650279648178914,0.30988498200883424,0.26915408880077585,0.24537076536202204,0.25885338825992626,0.25577080276324077,0.31195236818632605,0.22603596074139057,0.37722109440180135,0.13498490458014956,0.967275650269077,0.26070942255686097,0.2876947776636066,0.37918636728786875,0.35448456384894084,0.2411477710026076,0.5302158063300145,0.19803308000844722,0.27065373101742607,0.36354962489559645,0.20100109146015502,0.23601562121196457,0.2646681381746488,0.5177197666343808,0.03792480452506432,0.2685643149887429,0.4458127386472128,0.2090488547843023,0.3974883682300108,0.5089642600664561,0.3220785109154043,0.3675204122815856,0.21116197065898726,0.44698603663375985,0.17923002874148009,0.2532582502164524,0.23601467211867416,0.2533912633627809,0.1653171320132309,0.13883740510191925,0.1777931337772671,0.2113194057523014,-0.12495370678044368,0.37571094800326543,0.03645202522371992,-0.13054642534685829,0.2682994507219398,-0.09182430364769363,-0.07345869163334254,0.12466058947796406,-0.017614751547548536,0.04650014311816112,-0.056499408958430634,-0.11710784908806852
0.12514857219901449,0.39477172482257833,0.45446536661832604,0.2218848645973923,0.26414955162850406,0.40925172764864587,0.31975008045718994,0.2842612417109951,0.33552149684415217,0.2782157267849454,0.30721091368496556,0.22237299238352293,0.18482848564373314,0.3762651997067994,0.3992767185688563,0.26070942255686097,0.7216307387674256,0.320566296814275,0.34143177198216523,0.34016047589690973,0.42795402878891703,0.32706423809940566,0.14426591094491376,0.2571184790519359,0.30753788948751065,0.3564240139730324,0.3011301564079043,0.6902983065905874,0.27910715409115816,0.13810224583002884,0.3928479575732718,0.3265319962165653,0.2776719435352175,0.3901814104287996,0.31948729132706083,0.29108902627090033,0.5612881355109223,0.3338306014696959,0.17935883381698167,0.09611183606696377,0.3499354636001303,0.41491960855770565,0.27949266694577957,0.047093366170556074,0.2960622184902121,0.18007607398742737,0.2931522810109355,-0.011290318768754902,0.18335741856526558,-0.07366954144388833,-0.098356340621608,-0.02368302950625964,0.20486025636558253,-0.05631866845563581,0.025011270565272473,-0.006389591146456298,0.08181186018379522,0.04487437735103947,-0.2751774414101358
0.1411062060458172,0.5169202990587534,0.4388211824692546,0.33771846402555095,0.3047143766635914,0.31506899904360597,0.3354615330915239,0.20915554987487667,0.28412501290828207,0.28250591168158107,0.23308864643301674,0.29192519607276524,0.18559999102491206,0.28806143232384956,0.1919133750631986,0.2876947776636066,0.320566296814275,1.063622108121349,0.38141693932917037,0.06848647302203457,0.40809002722089477,0.2989495200552221,0.3225044080447255,0.1852898784907081,0.18570948711363164,0.5632412280097026,-0.1444811601631442,0.2955050272200283,0.25201737166889765,-0.09503442189243722,0.6484721284211588,0.35585186381250855,0.09673826560547322,0.4797706148119501,0.17274543476833443,0.17523108016880365,0.46442499631818646,0.26353725109384923,0.32599401189792265,0.12319973389456818,0.2721511900220821,0.3443726972783264,0.11709124159333055,0.0036958018257250143,0.2248076784605196,0.29879333708674877,0.49830966160169565,-0.033636079872235373,0.1401278341329657,-0.11629397523289131,0.21593786522525427,0.13148574898557028,-0.20981412842235297,-0.11031263296900708,0.11962496592965068,0.03860130476606947,0.06815740067100187,0.004624496688223669,-0.2742372388363819
0.11688431753646968,0.3871770349253963,0.3970281723950558,0.23942267972322331,0.44219777686383444,0.4615078055525363,0.334633702742163,0.2419124847800676,0.3698000629301599,0.26880295036601864,0.227360589138769,0.23578527272524755,0.19955064718859253,0.32289313119982804,0.26496383699708803,0.37918636728786875,0.34143177198216523,0.38141693932917037,0.799690115414096,0.18887910548338638,0.37742062048888503,0.3699620233380864,0.022250103069009375,0.2645002708942239,0.20157086546734712,0.2977154704958554,0.1453613906982095,0.39943823038851906,0.19112512423643896,0.07970809106344699,0.5138228585693624,0.35979284761029684,0.2862737317871446,0.4166061573026185,0.12697782607745484,0.2239206815022476,0.40756565343903733,0.4035570293543318,0.2709885254445267,0.052714135664823164,0.20772325657770818,0.3349051372124092,0.21342753058797928,0.12297387548084558,0.18040825728479515,0.0784694030590844,0.2896007743205784,0.008963831571979459,0.3245091250496592,0.008661559517511687,0.3411796081828467,0.6482128786944836,-0.8879795326008911,-0.054604997851068336,0.03719637692935484,-0.017206249939469325,0.1488007728346785,-0.031434031033178385,-0.13980884374555252
0.12133191519487461,0.3936266079580107,0.36383730304830897,0.23245439790983344,0.19660089647762077,0.3852169756952314,0.33388857818820794,0.2651428341650196,0.3124023941688386,0.23359142591272966,0.3063488949956674,0.2891985189094476,0.18510126270521501,0.3284046062699102,0.38710204554496336,0.35448456384894084,0.34016047589690973,0.06848647302203457,0.18887910548338638,1.2960981557737818,0.11326285641199572,0.2956437709951364,0.2835669586622931,0.32095105647126765,0.4597289114122383,0.4602143189612352,0.6474445175501892,0.41366790728206815,0.46046458392250283,0.30592542433187164,0.15303444482806286,0.3585262148608495,0.3002070482483464,0.3147785662623851,0.30461581535350746,0.21138523409844884,0.7080058994447491,0.17044555553719493,0.8495111808616929,0.19114263611395854,0.3663213206564024,0.13360378458054956,0.39613379440539853,0.10673277062721363,0.26159348914971836,0.011472220325952824,0.23537935761891252,0.16908092690118395,1.1204310517869505,-0.028534188621336838,-0.36866493639981085,-0.03453959162004778,0.5020282780699721,-0.11786502249069651,0.12727043728972484,-0.07341321459471424,0.1370385703409706,-0.04636364647336985,-0.19772957886891623
0.11320679429103582,0.5947579773466332,0.4653149404022454,0.20927016986346328,0.26876343717682144,0.4390632714525805,0.4182537813834267,0.1772925059947314,0.3697989432059407,0.24876929742727674,0.2804798269984605,0.22601363281729034,0.18675152933911351,0.34883516346848714,0.35216427478480006,0.2411477710026076,0.42795402878891703,0.40809002722089477,0.37742062048888503,0.11326285641199572,0.8932240541193416,0.30154253289223587,0.13607575086113166,0.21442372100446766,0.26365410564254516,0.43188118957164,0.25030759613678016,0.0846849284747701,0.3101631079798027,0.17709620984213045,0.456977473277325,0.3760056701719251,0.10697188572807552,0.536994778314779,0.5272488996338943,0.42294743295396914,0.48401915572483084,0.3891448802695541,-0.1036673671419255,0.1640896858159952,0.494989319517962,0.8177318258231604,0.2375797342621183,0.04952970229909274,0.2794643871130225,0.28135314176512305,0.36811196305157917,-0.01450536813080026,-0.14911211832459745,0.021961539023208503,-0.03747284138334751,0.02446949310092267,-0.05451896221457573,-0.031236770465433387,-0.008808271217515212,-0.021594357082584923,0.02370129662912215,0.03171647719992183,-0.09792538268251728
0.14169585009005511,0.3615643616331703,0.48745282458685646,0.2160936878521379,0.29056214520580764,0.40599494702056926,0.3916540408762107,0.2311600824726587,0.5667293548518704,0.27198913178438744,0.26260459016610627,0.2525341435839934,0.2475011794324657,0.36399741154603915,0.182910865136601,0.5302158063300145,0.32706423809940566,0.2989495200552221,0.3699620233380864,0.2956437709951364,0.30154253289223587,0.9159170436545697,0.31989163977592106,0.32179391126486856,0.34533888358699305,0.2761506254292388,0.41697248177213253,0.2554657726116445,0.38885841738372545,0.13972891405588986,0.3221823522290699,0.43757877012042,0.3058590501674644,0.23940325535567872,0.3613448065879792,0.47045985976919397,0.3980023758978838,0.27759967380473266,0.45161575058620534,0.16292294528622528,0.2042184311484999,0.29046334364841764,0.3461541788626977,0.12292679824887698,0.2471736235245635,0.37955299673378295,0.2635352088607873,-0.31627027497555504,0.4420812125027628,0.10778646481550497,-0.1306419446833391,0.08756312552493985,-0.009902396046452483,-0.10033803555247486,0.08898112126192131,0.03517097973630125,0.10094670553181634,-0.06764452465715359,-0.21210835710172873
0.07189366276870232,-0.04706722397891531,0.2154056022424219,0.2126195654959101,0.14156384104282624,0.1882190392524829,0.31520145401118943,0.16272955889673035,0.3110540931966321,0.19759349751704322,0.20951945467294944,0.3403753206722868,0.17418954589887967,0.21455521751260304,0.08165925368712382,0.19803308000844722,0.14426591094491376,0.3225044080447255,0.022250103069009375,0.2835669586622931,0.13607575086113166,0.31989163977592106,1.6350881108720685,0.3540597440301159,0.5916406623909778,-0.09932318401642487,0.46978381149289183,0.21782118074181897,0.5903576067897974,0.37668245593999994,-0.387228560618739,0.17621752184678544,0.4415720851024454,0.2904788305581199,0.26368540823575387,0.09366373952128033,0.5478406585414797,-0.0430043996621306,0.7568174614666661,0.0480773849063826,0.2828575409027659,0.1199890139807408,0.35524558092694886,0.07652439786339287,-0.019169680338299685,0.05195805096804584,0.4017258663340163,0.155235012068974,1.0199850246587183,0.14404995745861868,-0.3135979725749896,-0.3077286640210107,0.44217288309504443,-0.12037048772617231,0.2384253028036773,-0.002170836093750032,-0.035046814236088956,-0.11996800294154036,-0.016594714272067854
0.09798875185564514,0.18127481273395776,0.302479277206414,0.20988101061390288,0.19923354416312744,0.3192270269143754,0.28724791141778366,0.19451651823286847,0.3524779924070486,0.20591127606255458,0.244709602149474,0.26145430369100525,0.18235405673875224,0.2628111667450704,0.2518994774226923,0.27065373101742607,0.2571184790519359,0.1852898784907081,0.2645002708942239,0.32095105647126765,0.21442372100446766,0.32179391126486856,0.3540597440301159,0.6376785879703729,0.33643792642935566,0.26507379920950924,0.4233778227200288,0.32640369447381523,0.11411323719150442,0.5396027294101724,0.3865758593575227,0.3729173697054391,0.6377057210881861,0.13096839316044656,0.232633916066585,0.25649811951412094,0.41608325769621685,0.2970771474883363,0.2912029038724988,0.02107811358967722,0.10988647051940609,0.21411880078667994,0.2884398767689407,0.08842117145367212,0.09746211382159899,0.0805886458640097,0.37911591772485737,0.033043729987682444,0.6108700245963047,0.053620176636676016,-0.13180290148011484,0.10490783551247775,0.0277803820478545,-0.08918175771796474,0.16350728885951055,-0.08046819976703004,0.24403190665502117,-0.2465393059265642,-0.09374464936079817
0.12407437795587098,0.3878600326691123,0.4420573724844858,0.2622860154350259,0.24568783489990015,0.3185672167695461,0.3246260988577492,0.32719632584363323,0.2817207409455318,0.2690394934503308,0.2992787298044451,0.3845127540715793,0.19909461632984934,0.3368041286565578,0.35007973674007364,0.36354962489559645,0.30753788948751065,0.18570948711363164,0.20157086546734712,0.4597289114122383,0.26365410564254516,0.34533888358699305,0.5916406623909778,0.33643792642935566,1.5701151592210378,0.1300813955269109,0.652767828169482,0.28917637089182824,0.6520541583506052,0.40168105072461807,-0.15057108625519108,0.29362525291697583,0.3399720733370596,0.5760388095023853,0.43601796815034577,0.31766858711580903,0.5984048426806328,0.39923172574150656,0.24155598043072102,-0.0018942786550101246,0.46803480790402213,0.2902144003611652,0.489219890014415,0.1862321169120005,0.09492525343297344,0.08638563089000444,0.3405161064976974,0.05580645199676669,0.36698063417358184,-0.2023029518372115,-0.39160198987638517,-0.007000197924678841,0.49631058037057574,-0.05976418555056292,0.14898368388648445,-0.006419497630745198,0.02342751781918458,0.022020421513587754,-0.18858581755491907
0.03614270146602454,0.3464738613110817,0.2829115383445469,0.3039725593910181,0.32863708169569034,0.49208433305494237,0.30204745023558655,0.23856154773771548,0.3431461093648184,0.24131575622240278,0.3079529045164895,0.2223212921660132,0.18153092855948377,0.42099106992278634,0.4551913843810162,0.20100109146015502,0.3564240139730324,0.5632412280097026,0.2977154704958554,0.4602143189612352,0.43188118957164,0.2761506254292388,-0.09932318401642487,0.26507379920950924,0.1300813955269109,2.3232147421601046,0.39262915743479176,0.1663739774678209,-0.09992775263884354,-0.43235971751362307,0.8342892230875798,0.648552172789569,0.15566532561600233,0.5697665708831665,0.15324254310607555,0.28336843362660746,-0.15202801932549195,0.4359660092583153,0.41945687928979186,0.36026219651302627,0.2888401590744492,0.40084194024137393,0.09731985950603735,-0.0546459171758861,-0.0815712998367704,-0.1313262597817504,0.12222408285964063,0.1309975891940885,1.1592830521847295,0.588813422522207,-0.48246547910675974,-0.03463666026421251,-0.07469626327679663,-0.08861170674547501,-0.12702709244058144,-0.07103448420157488,0.11768450357371069,0.1267526441883063,-0.18387451485936074
0.15979668602614933,0.5277772002581405,0.33537417608281134,0.15430121883068984,0.1382933095910356,0.3486515917879469,0.3401733582961706,0.34740917046251474,0.48051051384622845,0.27311848332378286,0.30756233978126785,0.2664868778554395,0.18114657775859824,0.35858580123848216,0.43458492438363544,0.23601562121196457,0.3011301564079043,-0.1444811601631442,0.1453613906982095,0.6474445175501892,0.25030759613678016,0.41697248177213253,0.46978381149289183,0.4233778227200288,0.652767828169482,0.39262915743479176,2.0500939420624396,0.39519811807237776,0.430800803849503,0.258854512777621,0.007171089620979688,0.34488131506655895,0.6920814516999951,0.21688785847601538,0.5250009585474671,0.6178269617156161,0.36679130817238526,0.5191614746142997,0.3678643858075202,0.18888792960524523,0.44849687058933096,0.3010616227155905,0.8447587517719797,0.037101597029231694,0.2621279650770599,-0.2992985668040858,0.09900344794083868,0.1399141667897977,1.158525301818045,-0.02971133353353543,-0.4049371566797866,-0.12701974660227636,0.5057307575755675,-0.0566015041446523,0.17737468540566956,-0.0054324024508514415,0.1777963371898259,0.19340975613344485,-0.42901172623006595
0.17089578664552293,0.12223681165895611,0.29124197725018164,0.13385490266856562,0.2881932318714902,0.4424065055887834,0.17869891757283538,0.2824361270095447,0.33940529792305785,0.3062461026567526,0.2716938623535826,0.1463734265283102,0.12460357058557814,0.3663981153052382,0.5030413903723178,0.2646681381746488,0.6902983065905874,0.2955050272200283,0.39943823038851906,0.41366790728206815,0.0846849284747701,0.2554657726116445,0.21782118074181897,0.32640369447381523,0.28917637089182824,0.1663739774678209,0.39519811807237776,3.957559019022617,-0.17895136232031508,0.002438970067699518,0.4010427532773933,0.2715725143832862,0.5942224832605899,0.1356880176681178,0.29196722703784633,-0.19499586183082931,0.8245235844272699,0.2596968648288014,0.3987902907768936,0.11308454583320592,0.47593564152605355,0.019051899190067664,0.5340272203213633,0.05113085353734987,0.15745624401184521,-0.4144901070783355,0.1797110441771248,0.2704538500319471,1.2339844181022885,-0.5762548077316492,-0.09526246723874486,-0.13974288522929387,0.7306598693676202,0.0050187308784373314,0.5449374324176463,0.040346617019631714,0.2672235337397556,-0.24703197610825386,0.27550096680194597
0.06961666501411691,0.5398661600432626,0.5176369612656729,0.30284641062389683,0.2901489778831998,0.39748351492358713,0.3050968291541051,0.265782709687392,0.1995600897546461,0.27917802715253676,0.2865715563726713,0.3469788038926336,0.26344509988147014,0.31565943647943795,0.21792515165773516,0.5177197666343808,0.27910715409115816,0.25201737166889765,0.19112512423643896,0.46046458392250283,0.3101631079798027,0.38885841738372545,0.5903576067897974,0.11411323719150442,0.6520541583506052,-0.09992775263884354,0.430800803849503,-0.17895136232031508,2.3659833072906853,-0.27695371687127196,-0.3807695779754906,0.3071032474241304,-0.06638251860311253,0.8046710473718006,0.3587075130227607,0.599102398687895,0.17969605533597624,-0.227789261396431,0.5039905940106523,0.25002790885122794,0.4519686390116168,0.31152697125756906,0.124346420331881,-0.06925190869161851,-0.13564642850223946,0.3120372060084793,0.06941943275950622,-0.16228272073144315,0.3635485147066418,0.8045632183634475,-0.7555979216440918,-0.0002455571383974747,-0.178855221133401,0.031468797181158685,-0.017301003025351504,-0.022321490986337435,-0.07326902654700515,0.08063000042846154,-0.12666818044671663
0.13852110844840576,0.20563288282725933,0.09400434127591989,0.09063211946938109,-0.023808294082764674,0.1237231445421572,0.16905741838861638,0.1851303466540004,0.2777075216155821,0.12687084050943656,0.13394163051077962,0.0739574947492338,0.10177439163442528,0.17323984700506567,0.3328230472636582,0.03792480452506432,0.13810224583002884,-0.09503442189243722,0.07970809106344699,0.30592542433187164,0.17709620984213045,0.13972891405588986,0.37668245593999994,0.5396027294101724,0.40168105072461807,-0.43235971751362307,0.258854512777621,0.002438970067699518,-0.27695371687127196,2.828828545995203,0.14078289644675826,0.06362179240140212,0.2955021400454695,-0.29454080344052463,0.2315762408299365,0.25031554075011175,0.9218130680436479,0.40085075321666985,0.06647470862912291,-0.23792128968796744,0.5401567454647136,0.20945301819887327,0.5465867956265228,0.1843527049522135,0.5029372261640465,0.4368391432780576,1.15632110404428,0.08061392557960723,0.3092238272489225,-0.48946039581958795,-0.09433692942645172,-0.15722192927276696,0.5796171613806385,-0.04877538043649543,0.10841340369547144,-0.22493756757944877,0.08115512643286887,0.021622279760829755,-0.05628628973759237
0.16324046922217228,0.4217945809436427,0.4296984096813077,0.2281385522058686,0.2825936723418148,0.41856297344358934,0.28076245035164604,0.16165608944685858,0.3970885206560152,0.2601311523569838,0.23897050166485995,0.10447135673440072,0.1692174107331328,0.3281648631307103,0.31597834707403266,0.2685643149887429,0.3928479575732718,0.6484721284211588,0.5138228585693624,0.15303444482806286,0.456977473277325,0.3221823522290699,-0.387228560618739,0.3865758593575227,-0.15057108625519108,0.8342892230875798,0.007171089620979688,0.4010427532773933,-0.3807695779754906,0.14078289644675826,2.26786389031342,0.5076544701330455,0.26122787777241246,0.17003173238305602,0.19299134582463937,0.5363660301182375,0.39497640135626766,0.5571576171927304,0.19430670901383243,0.12145248118261415,0.0905011694323868,0.4213514281347286,0.0751939217705763,0.04979106435923251,0.5453365199080119,0.2626462318743251,0.42316800486252965,-0.19429597919062866,-0.34676688990695487,0.03843604327877323,0.22907740288762682,0.4895524419078805,-0.658324531284611,-0.0648302104858462,0.21150716914144557,-0.040676874638883864,0.43557708183947025,-0.36760245217997456,-0.30821011639091067
0.15162879320938838,0.25996207742774513,0.3123130520164008,0.2587567184334479,0.3197422829426183,0.43753986188512406,0.33137722059546787,0.19583125946741314,0.3483693903478741,0.2218698084474565,0.28053181403646915,0.3153985460752439,0.2167812581928374,0.35035686851075676,0.25816722791959174,0.4458127386472128,0.3265319962165653,0.35585186381250855,0.35979284761029684,0.3585262148608495,0.3760056701719251,0.43757877012042,0.17621752184678544,0.3729173697054391,0.29362525291697583,0.648552172789569,0.34488131506655895,0.2715725143832862,0.3071032474241304,0.06362179240140212,0.5076544701330455,0.7272464836460201,0.1441452047447319,0.3487878482054289,0.30049084829218375,0.4246854914605966,0.25579870816044664,0.2675423427449375,0.46222770170466104,0.23494958433466623,0.277587760140739,0.34883198458676645,0.14292054647784277,0.05786051200184245,0.17635199739056245,0.1483810743604105,0.25282863750297213,-0.0807338657967716,0.4683023991690067,0.14293926572033366,-0.17679149408395878,0.037041096175061,0.0029935990105341985,-0.0681314358596676,0.1829082483595232,-0.14582402908718303,0.5786546998714567,-0.34321756171457984,-0.32228403120627197
0.02746982302249325,0.18641084472990804,0.2884825893392528,0.16833887069166611,0.17339010337562635,0.17935865584958346,0.2794284692916477,0.18511887998003207,0.3849791112174912,0.184136008457493,0.1939076802221005,0.20534675071290295,0.15102046347826065,0.22405819052312656,0.2540388116261422,0.2090488547843023,0.2776719435352175,0.09673826560547322,0.2862737317871446,0.3002070482483464,0.10697188572807552,0.3058590501674644,0.4415720851024454,0.6377057210881861,0.3399720733370596,0.15566532561600233,0.6920814516999951,0.5942224832605899,-0.06638251860311253,0.2955021400454695,0.26122787777241246,0.1441452047447319,2.013156807869223,0.15359481070404774,0.1180367806884941,-0.09324534405579862,0.5739691993075715,0.5230749944648506,-0.007480876995408648,-0.1788369699339049,-0.34833016007270734,0.12629458516923445,0.5023989332396712,0.13165139708353263,-0.2590680410594667,-0.3216925314575795,0.3111681038442609,0.2782591077196246,1.1750713508196806,0.23853846754409125,-0.03776633257122692,0.5192701567141244,-0.43881480264661105,-0.12456123451909198,0.17923784194275227,0.026729406760074875,-0.047302745170058655,-0.0993371949711416,-0.017386382874665558
-0.40680351604952825,0.5775119181264798,0.3562265705139729,0.4136437696925611,0.6209804348745936,0.43216650387894134,0.5196640687370431,0.35293247079849105,0.12296639077220435,0.3880012397999023,0.39004206907916394,0.48159992464589396,0.29961843303123437,0.38219356937445154,0.39809711345669757,0.3974883682300108,0.3901814104287996,0.4797706148119501,0.4166061573026185,0.3147785662623851,0.536994778314779,0.23940325535567872,0.2904788305581199,0.13096839316044656,0.5760388095023853,0.5697665708831665,0.21688785847601538,0.1356880176681178,0.8046710473718006,-0.29454080344052463,0.17003173238305602,0.3487878482054289,0.15359481070404774,2.897669951087738,0.09187418611970408,-0.052442150746603876,1.0777730291073335,0.477054599297329,-0.362789417038295,-0.16203443498826836,0.35954360177984496,0.5611444410770644,0.0813872984159313,0.1739724951343874,-0.8651419940628118,-0.40636148933577754,0.2715062030418056,0.27762646856000345,0.753818930193476,0.24200487029688558,-0.17631472837603188,-0.26424155827877666,0.05685264756942465,0.05484569012613931,-0.13181565048435898,0.027419991209861015,-0.21882724787985625,0.02091542937649817,0.26661069955743566
