1.183160139856729,0.4262583940971253,0.4078262978484827,0.18210749161906586,0.29108110107166757,0.1481905255520442,0.35963657683891403,0.1890051165379881,0.1475788744483436,0.1905234571564495,0.1787190162620392,0.21529562252205656,0.13884241423784646,0.2560640907423277,0.19981163322822443,0.228104001601375,0.2251396673360958,0.23091554502632322,0.20011590287901082,0.300962680516261,0.18931708741525663,0.20733139218015476,0.25210428817051833,0.12273780106366143,0.40872575711929204,0.22866921244243965,0.16633818681766557,0.07060248424311187,0.21874420568518793,0.006201954088710282,0.21460604512940046,0.12889781423010144,0.10588544727108638,0.10366866810231777,0.06393152272965603,0.2602483400155853,0.16346786616515982,0.17217214727443528,0.10658600722326916,0.039565549148622085,0.21189098154123667,0.16544599234497123,0.22365945874019752,0.02250781996177291,0.19883455824178792,0.23003004673515498,0.08572988852278411,-0.05267418538502184,-0.1996688800860103,-0.07187766452909088,0.08194538242319095,-0.020777273830263846,-0.021775059470972243,-0.0027163321939817652,0.040780146622843974,0.02391206928198243,-0.19776330147523286,0.13379996714776907,-0.06499887916293529
0.4262583940971253,1.99491558120358,1.1790369896884172,0.26349596016556637,0.27422392201573204,0.21693526616578454,0.4828922725144024,0.26307387546325933,0.2717830144942291,0.2430379655524688,0.265647826973336,0.2622852081026178,0.2130042211368695,0.20590923506661474,0.34477866075476316,0.23996619900046157,0.36837348134121967,0.4329082850213351,0.3195801841883336,0.6414208264274494,0.28720385325824865,0.27097172061424896,-0.04409766364669054,0.16299732815176335,0.5480442835621006,0.4344272752497817,0.3314082426694008,0.21378080461219967,0.3355888094498709,-0.142486251695335,0.31134637304218715,0.16082076947775253,0.22730751859707052,0.3658198228064014,0.05853147816710852,0.29878545701893305,0.3740971549540073,0.38143175877648977,-0.03883238529902711,0.005137115687804493,0.28769091090176785,0.2793465094682723,0.3069132764359527,0.05693023992300825,0.33314437666125973,0.4113290145240538,0.14495823060519775,-0.051071568329545604,-0.4900597393006181,-0.019415216514612314,0.14779342216571542,0.05229330978487791,-0.16878686070318782,-0.12569163531544483,-0.3989334487635496,-0.144003990435504,-0.4945129463164393,0.5045374555697267,0.2524918520681822
0.4078262978484827,1.1790369896884172,2.560896080348914,0.10071235820082605,0.041024781631733835,0.22582970312868944,0.22146964296793484,0.21074746909530692,0.2658862261148725,0.18184909371097652,0.11058962257597314,0.20473725659224534,0.12061553549599618,0.1450312699304361,0.21378788655656944,0.1861844243948867,0.3090593798302421,0.30181091301999896,0.24189382249275898,0.3400052173929791,0.1863786550285671,0.2601281314402646,0.028008744544838083,0.13850910996369056,0.6410362533148991,0.38234238519990443,0.20135514492192538,0.1595520597573657,0.3000997209429848,-0.48742822348330694,0.25583462104579013,0.15061649163956892,0.18565451781516434,0.31537649265631523,-0.013670774781082409,0.38619177581081654,0.38748898331261744,0.2662979824788063,-0.2967039860932865,-0.35381436014278284,0.10638171178400616,0.17932139088009524,0.23659937244798374,0.14136964638102836,0.35088657005611135,0.8132881006037076,-0.01999144774830182,-0.1789737164065623,-1.425859290247238,-0.19608277501903873,0.35650111623249386,0.06998855221027189,-0.12985453805157518,-0.17077033482635115,0.09797302139798009,0.07124457798783122,-0.1572887876465462,0.019406033570966767,-0.14597757594719518
0.18210749161906586,0.26349596016556637,0.10071235820082605,0.7795456392071306,0.5153563892485716,0.3763934369440481,0.3214744025615679,0.33399319400393396,0.2116001068048928,0.29743639350559314,0.2910607673388828,0.3217473636418438,0.21154256579579042,0.3156794914651229,0.24900205685107804,0.3118012262075565,0.29297297327788724,0.233390773487477,0.3412164139652258,0.26198730171153695,0.25352192450996913,0.27016998908863127,0.19537172818337512,0.2493587943341098,0.13878897081359826,0.23318385199979008,0.22020144588142637,0.054797352703690086,0.2583574377376601,0.03775519155155026,0.22030073847398543,0.18999347132291916,0.1503177076337129,0.35414536368393135,0.020870825964228495,0.2440708103819537,0.182054024050825,0.15862707238956789,0.2778804236653534,0.10284439180062487,0.205703167866853,0.2243137188391835,0.29991731652453085,0.030924583770559046,0.014343871667857885,0.09016602986083808,0.1347210060328073,-0.022050877475821448,0.23802202139550357,0.13569148459821342,-0.17949698486727275,0.017372490994873105,0.0007015419539204913,-0.012872579282945978,-0.027330142216874045,-0.02868498980187787,-0.30939841615885066,0.13619002105416061,0.22633254972563938
0.29108110107166757,0.27422392201573204,0.041024781631733835,0.5153563892485716,0.9284343896993892,0.32412179784872286,0.337127201342446,0.3779975529902254,0.19442872898068492,0.3079126667214674,0.314725120473362,0.3440364071352102,0.24447355538639273,0.30717615772306944,0.25394589191706674,0.3194866168150248,0.2787187631946939,0.24172606535826566,0.43262790949242863,0.2519086780532196,0.2550670554174039,0.26574725224034346,0.19850107176287599,0.2167725711720645,0.10197079235246231,0.25629380082157266,0.2282554708246944,0.03002140099416992,0.27782119173264797,0.011018329538564546,0.22429970646479072,0.22373229621939902,0.131381745923327,0.36904460695139674,0.023398282853876417,0.25118215241614433,0.12060723765725885,0.15595987563365613,0.27367703838716684,0.1285112500844747,0.19353429036988054,0.22041711351721682,0.28076115154344844,0.027873149611109534,0.02209827818401764,0.07033466544414115,0.1331659616868203,-0.023955039602177722,0.271250168350064,0.15573164964354372,-0.16445600641086774,-0.16489217472430254,0.08920365457417517,0.10001021905658779,-0.0974036018927187,-0.05819950807867719,-0.26953674501060226,0.21345427796660646,0.16816191477015505
0.1481905255520442,0.21693526616578454,0.22582970312868944,0.3763934369440481,0.32412179784872286,0.9869752346798044,0.015318643674047805,0.4720970254016627,0.3162623290369898,0.3915677623107792,0.4238326627658118,0.3920078924644928,0.235090305632522,0.3726605496510195,0.37779276898934,0.36678964262639113,0.4009101925087781,0.2724768287242289,0.4824929467985909,0.346722517822658,0.3672398031289554,0.35778502153151526,0.1176831936372008,0.3737587559969674,0.12132676528146547,0.24859316264883477,0.29386569806034163,0.17144997905497628,0.31964268294946135,0.05627969486705076,0.28717443434056794,0.24742362243103802,0.12979163502208232,0.3554716943803695,0.13803325375185474,0.30880656666149575,0.22010384000101338,0.2266244195182073,0.4078992685156491,0.16683410689940778,0.28535986178215056,0.3131082025472226,0.3335451489640411,0.03698954925695235,0.12170219724782562,0.08591113166721381,0.1649803095749172,-0.028538676387344062,0.32548825388467617,0.47054251802348607,-0.518176317596345,0.06234648424764314,-0.1833540885101589,0.09582695564477423,0.013997870353720642,0.01472212451901506,-0.32806960260981866,0.06200546658778077,0.20668946380710546
0.35963657683891403,0.4828922725144024,0.22146964296793484,0.3214744025615679,0.337127201342446,0.015318643674047805,1.0153754422040062,0.08654704103946506,0.18954852537436495,0.07065637961768678,0.19177638355434432,0.2562585271189033,0.1793008836518794,0.12177373229827429,0.14931240724219444,0.19357734482222547,0.2676435153896024,0.21426232867174055,0.19883535027882207,0.3813021660823287,0.2814076984517665,0.22465301888679384,0.2985656488968143,0.1808642587296546,0.29690291746768593,0.15454412166678322,0.20057052443735002,-0.014411678361725605,0.18401584300183768,0.052660347392394065,0.24040923535834213,0.16782079950779866,0.2152042809784832,0.31006632551133956,-0.09091713088313283,0.2642150424969942,0.23867697196487558,0.20968610286530762,0.2451411129156388,0.08141683243294458,0.24614511348615736,0.24349187368967237,0.2544825504798188,0.03206800913966583,0.0769651101339777,0.2233944298033708,0.1208608659187209,-0.023604991699542784,-0.05015554780515029,-0.17021476364599653,0.07067271105160215,0.07767173987961337,0.13565445922419617,-0.15354448014025956,-0.1306105728219657,-0.010312615264929778,-0.16667357964218069,0.19534483798056226,0.059599858840654246
0.1890051165379881,0.26307387546325933,0.21074746909530692,0.33399319400393396,0.3779975529902254,0.4720970254016627,0.08654704103946506,0.9096004604216429,0.16841384456019365,0.38833823531430667,0.36559941344508773,0.26633221744320934,0.24879064939924708,0.30542778992682496,0.22551597965812623,0.2920937361037541,0.3049867606000715,0.29170349885166147,0.3893423770372725,0.26891290629700715,0.2554506147694583,0.24242359741438654,0.13243721670277975,0.22196112771260065,0.2347135938479068,0.3121039730300206,0.24901902478028762,0.1191674292235471,0.3149855232869275,0.14855448933456464,0.2389146136274985,0.21358859242222927,0.18957374077498618,0.3552256941848968,0.17599947568912336,0.23922471391501549,0.2892133526663295,0.16786051678645927,0.3194581767896529,0.12295933590312096,0.2270013868394108,0.23828224617368204,0.3284111684114008,0.08234967654041497,0.07755970695578161,0.18713448067178512,0.21637921248623387,0.0006608626243993992,0.2471151059647296,0.1220547314787224,-0.1064503259256993,0.041127897065951415,0.07773493380250267,-0.11165608073795692,0.006043773321508946,-0.07945344081374717,-0.20639270432512205,0.15566375763816148,0.1603802499020868
0.1475788744483436,0.2717830144942291,0.2658862261148725,0.2116001068048928,0.19442872898068492,0.3162623290369898,0.18954852537436495,0.16841384456019365,0.8118842868234432,0.2518726728396209,0.20747441419757875,0.2137798920965084,0.152054497868856,0.25365681287326225,0.24020466074450642,0.23428665238159915,0.2915311216112982,0.22748435053278523,0.3258355930991159,0.2622655076750181,0.2596356105245006,0.49318687386058474,0.24693023544279732,0.2597935307500438,0.20804023960973875,0.3880752671868416,0.21255748613147532,0.12540661599575803,0.23992924296659018,0.12265452770335977,0.2296410237404028,0.22276029576679063,0.2732960373562603,0.2585752917844127,0.09339082987196312,0.31031439241116293,0.3258224247995588,0.16494978954816625,0.19168563364470814,0.06669910309777542,0.2329637980880362,0.25096222002254026,0.355272400992864,0.06890927972684935,0.17654488122078416,0.2378456870328731,0.16845663503293232,-0.07010710729537369,0.1643363318476446,-0.19863082796026962,0.1599022957168875,0.007000257303103772,0.07720394347033868,-0.11749839077017933,-0.009414354066920459,0.1320260609010641,-0.23277353389177977,0.08741119902106119,-0.06683494330817574
0.1905234571564495,0.2430379655524688,0.18184909371097652,0.29743639350559314,0.3079126667214674,0.3915677623107792,0.07065637961768678,0.38833823531430667,0.2518726728396209,0.812716768803402,0.3641363279394161,0.35763329043701764,0.22215513322826386,0.3322569223157805,0.327630910133161,0.33822957663136194,0.3359266077868032,0.3645774089875579,0.3688743400119136,0.1918743213181199,0.1942077330708095,0.3047141915745258,0.26359520680444365,0.3346648744997666,0.17439804268964282,0.3046873077328535,0.27208028225766145,0.16844810093064777,0.40550747270669596,0.04949021048527471,0.23656585866409655,0.21643808625148722,0.08834988317737946,0.4373056187204266,0.22672564160869635,0.2730735572118873,0.23495457255825952,0.11535230203613822,0.28476120220353707,0.1251686453494456,0.2235884621436219,0.2018713983843993,0.3111410714953088,0.0788255149781965,0.022578596083257664,0.10530732907418833,0.22293659127229373,-0.023726475657293952,0.4433880386980836,0.15946612335704644,-0.10424930173069341,0.12142450996653974,-0.19756649049932046,0.025840360953514916,0.05611156323599811,0.11808994685527927,-0.25884393040580483,-0.03202938093256708,0.14600351402571776
0.1787190162620392,0.265647826973336,0.11058962257597314,0.2910607673388828,0.314725120473362,0.4238326627658118,0.19177638355434432,0.36559941344508773,0.20747441419757875,0.3641363279394161,0.582319858708103,0.37990227350340977,0.25411136933524053,0.28295355779190334,0.3189485619791941,0.32236546156767926,0.37191759487547393,0.24433299041655054,0.30930049661277803,0.3823332670569116,0.24641477390967684,0.2708062139470188,0.2055103859759952,0.2747805348424722,0.16305528877449138,0.2529539913630476,0.30865877437771716,0.08882064908232504,0.3306581769152803,0.08059989286641803,0.2673313209324681,0.22429421746975062,0.1283911187809331,0.3440218437165703,0.16502742584339872,0.25562485644332267,0.16661652241636898,0.21974821566762517,0.34772235460327794,0.1826273570690405,0.22753405214639688,0.22328445199405833,0.2777619734026363,0.03718514930198092,0.06488095066551078,0.1406213801791909,0.1674315753552553,-0.017331265497524624,0.24457274422544956,0.1114908271542012,-0.1899996216638098,-0.050749921286584045,0.08282314030591341,0.02547743590389176,-0.05891639927554146,0.016657457348490123,-0.26207265359007975,0.12550042575125236,0.10899317116059891
0.21529562252205656,0.2622852081026178,0.20473725659224534,0.3217473636418438,0.3440364071352102,0.3920078924644928,0.2562585271189033,0.26633221744320934,0.2137798920965084,0.35763329043701764,0.37990227350340977,0.6948402058285265,0.2439379625297727,0.3049514428189136,0.2709953003313233,0.3639474781100295,0.3353253048397141,0.1582573135472564,0.34797616840930906,0.3505653031650026,0.2171299279338574,0.2919581616604756,0.19756699353478502,0.230197928360339,0.17810060839333608,0.26789113212966825,0.3321561099102556,0.11689283083925495,0.26400400963013293,-0.00016800798616468257,0.2782854848945908,0.2716661778628863,0.11409602884656837,0.31546295998440704,0.11005702702792036,0.2922692052464305,0.0626710632846013,0.20879960034323472,0.3339630850309272,0.17886274237504718,0.1579669891027514,0.19789086657661886,0.29659209435602135,0.005291178863279797,0.12788549572639882,0.14813349277182153,0.0969685986274249,-0.0576530439055697,0.023724661233181385,-0.2452130714116959,-0.03638643441751837,0.18487433643770493,-0.06514744040442562,0.041538615608640354,-0.04441732489662542,0.08958170185732652,-0.2586744103170145,0.1267097138608017,-0.020273814882420856
0.13884241423784646,0.2130042211368695,0.12061553549599618,0.21154256579579042,0.24447355538639273,0.235090305632522,0.1793008836518794,0.24879064939924708,0.152054497868856,0.22215513322826386,0.25411136933524053,0.2439379625297727,0.41485172918568697,0.17509616438863665,0.13281381092813194,0.2157745176574593,0.21510917220960868,0.1667154690674543,0.20409575272813865,0.21458704389001293,0.15843508517043156,0.19461758932132112,0.18541126522370474,0.23248569318740817,0.1896819116589715,0.23524205545862287,0.22964123043393875,0.047324191798360546,0.3164736544875717,0.06580203689386915,0.17028683111523363,0.20254362072661797,0.09167219338267768,0.28123704947663136,0.14068070727468515,0.19561430082156445,0.11621311674848356,0.12704511461766033,0.15220184542724874,0.07642409218597496,0.1527963963552266,0.14848552846626697,0.15566654507967842,0.055302027988034054,-0.00645471430137047,0.08878066783195367,0.12288776176695028,-0.013291694094696207,0.2537960508466329,0.056050977422104714,-0.0890152608915303,-0.07456314039527681,0.09102440052774952,-0.00482728845753876,-0.02023684893435838,-0.023911256441930467,-0.17613863919980746,-0.03957484143976372,0.21564090671055752
0.2560640907423277,0.20590923506661474,0.1450312699304361,0.3156794914651229,0.30717615772306944,0.3726605496510195,0.12177373229827429,0.30542778992682496,0.25365681287326225,0.3322569223157805,0.28295355779190334,0.3049514428189136,0.17509616438863665,0.8900744494447971,0.2638304755955831,0.5548861040935663,0.41727754785863014,0.16995150430490014,0.25670717620174816,0.2853515766100422,0.23264631157533525,0.38401793179375027,0.2757108492952224,0.2744039369897904,0.08725322239820775,0.349616124709521,0.19100694953569972,0.1322567850694366,0.2886002636457583,0.03890345391253655,0.2214507532935759,0.16267121523332562,0.0489708707530152,0.2528903031925482,0.21341006347006794,0.3043819660600156,0.15669646181767857,0.17226267081539245,0.19012850351573607,0.13737228804560503,0.25157979770213323,0.22070651318899004,0.4275188383928773,0.039904418829815366,0.12845621355000095,0.006879092950677408,0.09636756103702004,-0.0520626604297221,0.36213803829139257,0.20887458324432692,-0.14171196360011323,-0.09559086069100747,-0.14746470863942643,0.10486506618846216,-0.03993271400510385,0.07673267122602194,-0.4965973266925026,0.2191808479151667,0.20376197472677382
0.19981163322822443,0.34477866075476316,0.21378788655656944,0.24900205685107804,0.25394589191706674,0.37779276898934,0.14931240724219444,0.22551597965812623,0.24020466074450642,0.327630910133161,0.3189485619791941,0.2709953003313233,0.13281381092813194,0.2638304755955831,0.6956586144854416,0.2662179419069866,0.27224880366270127,0.3027322355270567,0.2956445323640341,0.35274645589589326,0.2521923095404823,0.25148853060647386,0.26830896045067754,0.26268138835382254,0.03164729760867179,0.2326408580786958,0.23489102398607378,0.19241170456933734,0.2604391114581452,0.0942154502324159,0.23221348914161113,0.1424381098220899,0.13819604202055666,0.307135580979555,0.14742376359614817,0.23859743397536762,0.2852786651750883,0.20411975831529428,0.23512780505354905,0.09269188145134018,0.24855343541480007,0.2391789751495291,0.3271664652544828,0.06418463752239373,0.08095042628757489,0.1236800867752812,0.18092816899078304,-0.005456786063856345,0.25492088448309475,0.3379755209328308,-0.3265485191369567,0.29307775266731884,-0.331229244491028,-0.018774145556445264,-0.0156712945749814,0.07680623059105095,-0.354244371557659,0.08375481595317338,0.1766324092768093
0.228104001601375,0.23996619900046157,0.1861844243948867,0.3118012262075565,0.3194866168150248,0.36678964262639113,0.19357734482222547,0.2920937361037541,0.23428665238159915,0.33822957663136194,0.32236546156767926,0.3639474781100295,0.2157745176574593,0.5548861040935663,0.2662179419069866,0.6095882720711092,0.4557156419283797,0.1744447058237475,0.2886580521746881,0.31133695639366776,0.2189198922003517,0.4061322084610829,0.25112434354579954,0.2704339863494309,0.15236894585131136,0.29822817952927094,0.27228098979423476,0.1178916353646934,0.313675741409687,0.03936711763751303,0.2428162556939328,0.2140009348479874,0.08952158370349425,0.3154909115603004,0.20818724573887554,0.2946357110257615,0.16315296651625835,0.19146806750225184,0.2588641580563758,0.15573102872437602,0.1996623271819061,0.2099384056618054,0.4089275203799733,0.03442135973523184,0.09938118442561142,0.08864285370926753,0.11749896298093197,-0.06531378429325543,0.26448176788389033,0.036131928718351664,-0.12944065771640859,-0.031643344488234755,-0.037200357709114076,0.06079554001231409,-0.0026114944387618786,0.06403061853395874,-0.42295636246491536,0.16627730349454017,0.1520705504857687
0.2251396673360958,0.36837348134121967,0.3090593798302421,0.29297297327788724,0.2787187631946939,0.4009101925087781,0.2676435153896024,0.3049867606000715,0.2915311216112982,0.3359266077868032,0.37191759487547393,0.3353253048397141,0.21510917220960868,0.41727754785863014,0.27224880366270127,0.4557156419283797,0.9579511852730944,0.1725322262270357,0.3267413029922626,0.5593250984918487,0.2896497974965755,0.40082885593935225,0.27231321621256477,0.2676822011753351,0.6019302928714149,0.18896796278932426,0.3462171540501726,0.1246940806433657,0.32994209260939844,0.053916612962114654,0.38274364802306016,0.2013920714003351,0.20219505525051487,0.33717691269775646,0.1662464323900702,0.3728571277258991,0.33625024124769176,0.3098090609571974,0.47405202081857295,0.2144974595108782,0.3040899994223775,0.26908206786928235,0.3974423614862312,0.03994382498271557,0.21964148336606126,0.29382590644814943,0.1278880210604962,-0.07261920019066319,-0.14690588928522186,0.12786648045349222,-0.07523731369795446,-0.03273702565552322,0.07138347302246856,-0.016494955576898663,-0.011370749650662596,-0.0024431763239041227,-0.38197582829977034,0.12093972606694227,0.16966875569367912
0.23091554502632322,0.4329082850213351,0.30181091301999896,0.233390773487477,0.24172606535826566,0.2724768287242289,0.21426232867174055,0.29170349885166147,0.22748435053278523,0.3645774089875579,0.24433299041655054,0.1582573135472564,0.1667154690674543,0.16995150430490014,0.3027322355270567,0.1744447058237475,0.1725322262270357,0.8789432698876146,0.3382100174891999,0.10146437041913411,0.2923307301929091,0.21010156923909312,0.22056310969918122,0.33535712818818936,0.27159636211580734,0.40497493960999364,0.14730951913939522,0.18200182121823202,0.3700804673350624,-0.03650929128108314,0.17537140335855225,0.193376151180716,0.059275228813740644,0.378925332131968,0.19338496281226017,0.20838152346500116,0.30417622864367494,0.06351589135406199,0.021321716131362734,0.038644133148336465,0.20431268084573873,0.26304947313928,0.27063838167547916,0.0659534135789256,0.1919688819292456,0.10730101706364883,0.35334802765834533,0.01493620411867851,0.5124759140085569,0.3606943994346557,0.08777221124440736,0.08916863680802217,-0.35629215286332006,-0.10126354146788157,0.0025981918699839956,0.07666565073133971,-0.10807125315716952,0.15909520000918384,-0.1342888268554769
0.20011590287901082,0.3195801841883336,0.24189382249275898,0.3412164139652258,0.43262790949242863,0.4824929467985909,0.19883535027882207,0.3893423770372725,0.3258355930991159,0.3688743400119136,0.30930049661277803,0.34797616840930906,0.20409575272813865,0.25670717620174816,0.2956445323640341,0.2886580521746881,0.3267413029922626,0.3382100174891999,0.9926106969485715,0.3193047718803744,0.3431495438611697,0.3328086395863933,0.031478910024164405,0.25707742442892323,0.407066486650125,0.25312685584730044,0.2388663500709429,0.28055442120646146,0.2811402117192516,0.10689892168414808,0.28575903196220026,0.24621810176784065,0.2397583960541014,0.30648346763565326,0.12205084380238845,0.27105625292303054,0.34693337710544037,0.17745010820142867,0.29444057439216964,0.14383508089908348,0.29979479354521293,0.2998181709362108,0.365257198414362,0.04895557572896024,0.23820912223008806,0.29930682131430997,0.21842354164301378,-0.02427449902451253,-0.01309614765788391,-0.20038692781625975,0.32292020950768574,0.3805043974700867,-0.3208702459940394,-0.12687257084490755,-0.06537060269932748,0.030308748393751334,-0.1948906126136457,0.22970400884858597,-0.05317559333825638
0.300962680516261,0.6414208264274494,0.3400052173929791,0.26198730171153695,0.2519086780532196,0.346722517822658,0.3813021660823287,0.26891290629700715,0.2622655076750181,0.1918743213181199,0.3823332670569116,0.3505653031650026,0.21458704389001293,0.2853515766100422,0.35274645589589326,0.31133695639366776,0.5593250984918487,0.10146437041913411,0.3193047718803744,1.5505610253367503,-0.013465624863348393,0.2879351137376423,0.44127107823377004,0.16860421970960268,0.25510833543526185,0.47539374013048014,0.4444675198528156,0.06985990547449158,0.36430486360083736,0.0790439721045895,0.432383766560086,0.23056396051427838,0.153002539568505,0.19921143284859502,0.02181534350795686,0.4033254991234396,0.2691063782421528,0.7492766390282979,0.22923922610652706,0.2338440795053627,0.42993726125914156,0.06852900959141549,0.3966510966088898,-0.09889870380942745,0.2403742603559394,0.3714811395546628,0.1162588858083257,-0.047638579333213,-0.07430758087312367,-0.09162797367422332,-0.0734680483290126,0.18607999336553707,-0.023858917716235585,-0.09822125112735715,-0.17565966541439154,-0.03756093039361047,-0.28426155357538135,0.31936598407831074,-0.007890337688748923
0.18931708741525663,0.28720385325824865,0.1863786550285671,0.25352192450996913,0.2550670554174039,0.3672398031289554,0.2814076984517665,0.2554506147694583,0.2596356105245006,0.1942077330708095,0.24641477390967684,0.2171299279338574,0.15843508517043156,0.23264631157533525,0.2521923095404823,0.2189198922003517,0.2896497974965755,0.2923307301929091,0.3431495438611697,-0.013465624863348393,0.8805628489644419,0.2216963351038005,0.12075012036336985,0.06844142660534362,0.204015968901453,0.010564236835962087,0.13655175534592018,0.2794391482797068,0.18993802480356856,0.24024082059291793,0.2697809968916515,0.17378147399855087,0.266136854058758,0.24836010462670413,0.26739279564763413,0.27228130137364726,0.5399339569304898,0.06921098774300549,0.4656066403547155,0.18522817765665733,0.41325154087481,0.6775001132046095,0.27764333121706436,0.12936561762795235,0.61518728012959,0.10623793528124528,0.2301514601862234,0.049071104598918114,-0.08436355711686744,0.19337292784808274,-0.021849132327956114,0.13806245418082658,-0.1984788400426707,-0.04115137949479574,-0.05765154588793833,-0.012811810040370445,-0.2356527332606126,0.13604340735456982,0.06299597511558962
0.20733139218015476,0.27097172061424896,0.2601281314402646,0.27016998908863127,0.26574725224034346,0.35778502153151526,0.22465301888679384,0.24242359741438654,0.49318687386058474,0.3047141915745258,0.2708062139470188,0.2919581616604756,0.19461758932132112,0.38401793179375027,0.25148853060647386,0.4061322084610829,0.40082885593935225,0.21010156923909312,0.3328086395863933,0.2879351137376423,0.2216963351038005,0.671485699675003,0.2557083034526585,0.2550806341893627,0.18980355675678745,0.35772430128719507,0.2568609230097166,0.12389009789495924,0.2869666733592302,0.08120055475280291,0.2359621996047946,0.2595989032626606,0.2139008000447693,0.32143930765784917,0.14002910633819712,0.3312779241162167,0.2453549758107081,0.18475691981664352,0.21276702912421017,0.08875013346276582,0.19383943204127055,0.22518274266277877,0.44836356973649083,0.07137716622696204,0.06698314934040103,0.20636688232753986,0.15668205688898165,-0.11741805659767807,0.31670716713117325,-0.08803522079976432,0.017480119038110135,-0.04168974423856135,0.024807903532690804,-0.04592198672111054,0.0016897222382471553,0.08897803569549967,-0.3223257081771999,0.15006245130492682,0.024558459400886915
0.25210428817051833,-0.04409766364669054,0.028008744544838083,0.19537172818337512,0.19850107176287599,0.1176831936372008,0.2985656488968143,0.13243721670277975,0.24693023544279732,0.26359520680444365,0.2055103859759952,0.19756699353478502,0.18541126522370474,0.2757108492952224,0.26830896045067754,0.25112434354579954,0.27231321621256477,0.22056310969918122,0.031478910024164405,0.44127107823377004,0.12075012036336985,0.2557083034526585,1.7065727755585143,0.2643017691406731,0.01719045140068211,0.18455823049473133,0.1461383502829159,-0.34406041659332576,0.4725353125881289,0.13021720539301765,0.26595092484395727,0.12281696753150491,-0.04719978390698249,0.3099369364061253,-0.0584370267401327,0.5243678629805358,-0.017430470791001854,0.21028510447655027,0.23384551624483152,-0.0042016216850354945,0.32212660866589315,0.1060696994165377,0.21696390189124792,0.16458105037411191,-0.28447795539529447,0.16707297527909312,0.09479561433958894,-0.06911467828585027,0.4426216159029397,0.19198796602333562,-0.18752665499185883,-0.09863985909167837,0.21373421158755418,-0.02511867215139566,0.0449103826802256,0.0848653150092541,-0.23832186592278795,-0.11537537996563496,0.2145436663465669
0.12273780106366143,0.16299732815176335,0.13850910996369056,0.2493587943341098,0.2167725711720645,0.3737587559969674,0.1808642587296546,0.22196112771260065,0.2597935307500438,0.3346648744997666,0.2747805348424722,0.230197928360339,0.23248569318740817,0.2744039369897904,0.26268138835382254,0.2704339863494309,0.2676822011753351,0.33535712818818936,0.25707742442892323,0.16860421970960268,0.06844142660534362,0.2550806341893627,0.2643017691406731,1.2414096176843015,0.48969708611623747,-0.054286169096883864,0.1992664084522139,0.06823067123297484,0.2177137729113905,0.09806703500258632,0.22347723567219804,0.12748232932870507,0.07923138053630814,0.37676913227607084,0.19535688857498518,0.24477533052301242,0.10914978147263886,0.08117148313820319,0.3409961046092329,0.10720049942347712,0.25175117460717944,0.0981864950896565,0.02905083476969466,0.09268532192895014,-0.29008078748926797,0.13668051517700053,0.16902681358495783,-0.013849287770467796,0.4781054148914262,-0.005603845113384484,-0.13823702111663705,-0.01764904898283737,0.1423592625799265,-0.02812977300226807,0.08966912148005077,0.09250850538499839,-0.20073187563361883,-0.49287159241365125,0.5317065101955809
0.40872575711929204,0.5480442835621006,0.6410362533148991,0.13878897081359826,0.10197079235246231,0.12132676528146547,0.29690291746768593,0.2347135938479068,0.20804023960973875,0.17439804268964282,0.16305528877449138,0.17810060839333608,0.1896819116589715,0.08725322239820775,0.03164729760867179,0.15236894585131136,0.6019302928714149,0.27159636211580734,0.407066486650125,0.25510833543526185,0.204015968901453,0.18980355675678745,0.01719045140068211,0.48969708611623747,5.670005699437995,0.16762376013602284,0.23778626419360732,0.14010250426228282,0.5846452505161219,0.24024397264515862,0.6958256438590382,0.124863706767249,0.3043838672343607,0.48159915589125024,0.3891748266562809,0.46709501242128315,0.26117067531131144,0.026773522288104073,0.17238331713305846,0.11573459436550185,0.06549601323127989,0.22188967503536597,0.4489097730607132,0.10547235894669643,0.4044519945019207,1.2290349950571293,0.068602536538415,-0.27834187002925515,-3.0533092829893276,-2.434485796348819,1.5800637686779488,-0.10550928308687232,0.9313455336643927,-0.41367904587058063,0.10462814110899782,-0.08556187650123519,-0.2175877808361138,-0.012285258297255235,0.08948782239679864
0.22866921244243965,0.4344272752497817,0.38234238519990443,0.23318385199979008,0.25629380082157266,0.24859316264883477,0.15454412166678322,0.3121039730300206,0.3880752671868416,0.3046873077328535,0.2529539913630476,0.26789113212966825,0.23524205545862287,0.349616124709521,0.2326408580786958,0.29822817952927094,0.18896796278932426,0.40497493960999364,0.25312685584730044,0.47539374013048014,0.010564236835962087,0.35772430128719507,0.18455823049473133,-0.054286169096883864,0.16762376013602284,1.750684898095468,0.2678918027478948,0.09556460650443263,0.5801471724564261,-0.22014280557826435,0.1352776550199123,0.43964330153858305,0.02266247823088676,0.4382124051119205,0.21615589678330288,0.27549171194053546,0.08295425472596511,0.2412780323866861,-0.8254574344462037,-0.1389817637724323,-0.021810162254905698,0.10806654931186388,0.5706368502127271,-0.06441854679308422,0.31860591874014094,-0.06848450485031728,0.1699207437342899,-0.06016999555417966,0.7130664067978352,0.09471818946306278,0.09253859985081454,-0.038382220434645606,-0.18643985597684454,-0.05189345763180852,-0.10297946067237929,0.04899963645310944,-0.2550797454095185,0.4763451968898998,-0.23541851919629808
0.16633818681766557,0.3314082426694008,0.20135514492192538,0.22020144588142637,0.2282554708246944,0.29386569806034163,0.20057052443735002,0.24901902478028762,0.21255748613147532,0.27208028225766145,0.30865877437771716,0.3321561099102556,0.22964123043393875,0.19100694953569972,0.23489102398607378,0.27228098979423476,0.3462171540501726,0.14730951913939522,0.2388663500709429,0.4444675198528156,0.13655175534592018,0.2568609230097166,0.1461383502829159,0.1992664084522139,0.23778626419360732,0.2678918027478948,0.797543164789742,0.09581842432977364,0.2520201540239595,0.007858065623283842,0.33025847267122427,0.27455955725696085,0.15555759301183375,0.29024393849362234,0.1054020822665313,0.2898410194399195,0.13519419704763208,0.2792605654893636,0.23540776219573734,0.18819680166604885,0.2229891933810871,0.15588360635772597,0.24498795158442002,-0.06311988288144438,0.08959303692886468,0.21184067912384252,0.1208467928238862,-0.03948972221091131,0.16006820124497115,-0.017653030920177122,-0.1443046311478364,0.05495518571514745,0.030441305816159656,0.023434952673841335,-0.06135262713901349,-0.0011335369698339606,-0.1262262106335937,0.15133291627173276,-0.024747625645460316
0.07060248424311187,0.21378080461219967,0.1595520597573657,0.054797352703690086,0.03002140099416992,0.17144997905497628,-0.014411678361725605,0.1191674292235471,0.12540661599575803,0.16844810093064777,0.08882064908232504,0.11689283083925495,0.047324191798360546,0.1322567850694366,0.19241170456933734,0.1178916353646934,0.1246940806433657,0.18200182121823202,0.28055442120646146,0.06985990547449158,0.2794391482797068,0.12389009789495924,-0.34406041659332576,0.06823067123297484,0.14010250426228282,0.09556460650443263,0.09581842432977364,1.6260786029952645,-0.1733576303695841,0.2719565253302257,0.23081329119293495,0.0920961803860306,0.6860186412761499,-0.12010160992155848,0.7596191426405005,0.18170810761908673,0.939601273236128,0.0941275052420556,0.17654459742418063,0.1134229465095238,0.4496926551800767,0.3350563825548126,0.3675237010200315,0.30150410959238005,0.6815187561497833,-0.15793262552310414,0.24166365651035862,0.16195300921263178,0.635725084561873,0.30400483849616383,0.08093481616036029,0.8070849187575859,-1.1909199365099545,-0.006568773099897071,0.09079344616785012,0.05435421571459013,-0.09029065711916853,-0.025467412920138613,0.007595860590659859
0.21874420568518793,0.3355888094498709,0.3000997209429848,0.2583574377376601,0.27782119173264797,0.31964268294946135,0.18401584300183768,0.3149855232869275,0.23992924296659018,0.40550747270669596,0.3306581769152803,0.26400400963013293,0.3164736544875717,0.2886002636457583,0.2604391114581452,0.313675741409687,0.32994209260939844,0.3700804673350624,0.2811402117192516,0.36430486360083736,0.18993802480356856,0.2869666733592302,0.4725353125881289,0.2177137729113905,0.5846452505161219,0.5801471724564261,0.2520201540239595,-0.1733576303695841,2.404360086175975,0.011969116430116352,0.06899274961192177,0.397086386221984,-0.4156999473754113,0.8045503101868267,0.27180968145535306,0.414382556963013,0.06916505240126851,0.14540461872079033,-0.08886788930911703,0.0467897564080357,0.04525699805481818,0.1608629579745214,0.09738722519701043,-0.019575752799017528,0.08047873431641153,0.09086476403037576,0.34197408982456623,-0.09692950885474994,1.09183823255995,0.08970147058599168,-0.07642292449855388,0.00782479427815334,-0.05950383513255715,0.02127571752787677,-0.02537664716566099,0.009585078371734643,-0.18351939772416237,-0.07391847284271708,0.2607906987005167
0.006201954088710282,-0.142486251695335,-0.48742822348330694,0.03775519155155026,0.011018329538564546,0.05627969486705076,0.052660347392394065,0.14855448933456464,0.12265452770335977,0.04949021048527471,0.08059989286641803,-0.00016800798616468257,0.06580203689386915,0.03890345391253655,0.0942154502324159,0.03936711763751303,0.053916612962114654,-0.03650929128108314,0.10689892168414808,0.0790439721045895,0.24024082059291793,0.08120055475280291,0.13021720539301765,0.09806703500258632,0.24024397264515862,-0.22014280557826435,0.007858065623283842,0.2719565253302257,0.011969116430116352,2.2885215897309488,0.09833269740538761,0.09331465809108629,0.5557687049862063,-0.1728289704621791,0.462197125268415,0.08990367213944334,1.045194753911227,0.10775076479124804,0.5729795830371683,0.07936515505987825,0.5396440970016261,0.2946083198175127,0.6344626515874918,0.4359380535254564,0.6902357315712486,0.36148363754907303,0.7544779643386955,0.14450660239126237,0.24649649487091035,-0.3014530217025888,0.02008102612177021,-0.10295855282778484,0.464008039433483,-0.1365260709278388,0.05833995355955482,-0.1491765124332329,0.007144741086656666,0.1827922059951471,-0.15400961511851907
0.21460604512940046,0.31134637304218715,0.25583462104579013,0.22030073847398543,0.22429970646479072,0.28717443434056794,0.24040923535834213,0.2389146136274985,0.2296410237404028,0.23656585866409655,0.2673313209324681,0.2782854848945908,0.17028683111523363,0.2214507532935759,0.23221348914161113,0.2428162556939328,0.38274364802306016,0.17537140335855225,0.28575903196220026,0.432383766560086,0.2697809968916515,0.2359621996047946,0.26595092484395727,0.22347723567219804,0.6958256438590382,0.1352776550199123,0.33025847267122427,0.23081329119293495,0.06899274961192177,0.09833269740538761,1.13172243610566,0.20600882751288213,0.32766282621143916,0.17950020761746044,0.10798759670656535,0.6927253774665585,0.32381126481575784,0.3268068408407904,0.5177309765710638,0.19079489827272866,0.6122577801591561,0.2824764811456458,0.25596567222325656,0.08936282085571605,0.2445537299946569,0.25393631526475535,0.0669091353488805,-0.034845828725643194,-0.07732377462751212,0.0011978357645790001,0.029099644082389065,0.0433614924134816,5.998219800212792e-5,-0.0987696754416871,-0.02581039959694838,0.013126082425195019,-0.1539708604007609,-0.0007626814483710176,0.06698969257611344
0.12889781423010144,0.16082076947775253,0.15061649163956892,0.18999347132291916,0.22373229621939902,0.24742362243103802,0.16782079950779866,0.21358859242222927,0.22276029576679063,0.21643808625148722,0.22429421746975062,0.2716661778628863,0.20254362072661797,0.16267121523332562,0.1424381098220899,0.2140009348479874,0.2013920714003351,0.193376151180716,0.24621810176784065,0.23056396051427838,0.17378147399855087,0.2595989032626606,0.12281696753150491,0.12748232932870507,0.124863706767249,0.43964330153858305,0.27455955725696085,0.0920961803860306,0.397086386221984,0.09331465809108629,0.20600882751288213,0.7390856876855751,0.1841788385984192,0.28207711361793847,0.029517353066473656,0.25489225995801956,0.02720554415852841,0.1662356529274241,0.05230863618520439,0.05229106236612497,0.042847037280696575,0.15446160623518534,0.13697167524737494,0.024478561002196947,0.10597005724975316,0.10916433778187347,0.17099652286302613,-0.049373500245531325,0.4019091799704038,0.06775750662942086,-0.05144894631436204,0.1331648443090579,-0.0843123209063121,-0.016486778773306808,-0.1053729441474977,-0.001666305041580774,0.351007881471642,0.03829821513994412,-0.35127392359393883
0.10588544727108638,0.22730751859707052,0.18565451781516434,0.1503177076337129,0.131381745923327,0.12979163502208232,0.2152042809784832,0.18957374077498618,0.2732960373562603,0.08834988317737946,0.1283911187809331,0.11409602884656837,0.09167219338267768,0.0489708707530152,0.13819604202055666,0.08952158370349425,0.20219505525051487,0.059275228813740644,0.2397583960541014,0.153002539568505,0.266136854058758,0.2139008000447693,-0.04719978390698249,0.07923138053630814,0.3043838672343607,0.02266247823088676,0.15555759301183375,0.6860186412761499,-0.4156999473754113,0.5557687049862063,0.32766282621143916,0.1841788385984192,2.16722670121987,-0.08629251471008555,-0.23780292227524238,0.2668883725554201,1.2957176057806246,0.1285351603419707,0.32296559674406483,-0.17346106689946028,0.654263088352479,0.36112699088845807,0.40186530824349087,0.2770508587924626,-0.014056561552660064,0.43054078599177825,0.27894261564569883,0.17823615049067199,0.15246071682732776,-0.15429045400559863,0.0892316829425187,0.17816948713030903,0.2328750383944704,-0.358585212484858,0.04515526773485727,-0.05597821882130726,-0.1145656451088181,0.030194558333309002,0.09631154564213398
0.10366866810231777,0.3658198228064014,0.31537649265631523,0.35414536368393135,0.36904460695139674,0.3554716943803695,0.31006632551133956,0.3552256941848968,0.2585752917844127,0.4373056187204266,0.3440218437165703,0.31546295998440704,0.28123704947663136,0.2528903031925482,0.307135580979555,0.3154909115603004,0.33717691269775646,0.378925332131968,0.30648346763565326,0.19921143284859502,0.24836010462670413,0.32143930765784917,0.3099369364061253,0.37676913227607084,0.48159915589125024,0.4382124051119205,0.29024393849362234,-0.12010160992155848,0.8045503101868267,-0.1728289704621791,0.17950020761746044,0.28207711361793847,-0.08629251471008555,2.449867764992919,0.3159166534477618,0.13950224344788573,0.4102293698134267,0.0429922117971729,0.14265984198176365,-0.0702921493943217,-0.4759139900883336,0.32216010047813814,0.940595483759617,0.25519007541098293,-0.417628793536365,0.12706092474873795,0.40672632860681895,-0.09298515058905613,0.08514816220726419,-0.030878598136821447,-0.2657984223475752,-0.06700855837442847,0.3141843798835119,-0.10876702941487451,0.08112780920984396,0.0410243109895467,-0.414429706735172,-0.057309796446379194,0.5594877185216413
