2.0737434193406687,0.23605965511765262,0.16198218802202372,0.5423521679996627,0.3407162651474987,0.27859146755609804,0.3830859280617957,0.21628072304349033,0.31950071861470963,0.19973378684692844,0.23376367116230115,0.2601395683139032,0.31632625296159705,0.21471912976710741,0.14299623222142122,0.3818533142952318,0.23979646410361197,0.19442196540364745,0.23356835975618898,0.23273244872225926,0.19700854701311504,0.11080163228788914,0.21154344161494593,0.14333051732950583,0.0028953886414759583,0.20850101265561582,0.20045905530169716,0.11364541885103965,0.20431656993056013,0.11276698658891479,0.14584231910143386,0.12393867953460498,0.08831414835639421,0.10925087718268438,0.08754338713541975,0.15212178956675057,0.22535586700821023,0.14160192367039293,0.14946628839665285,0.13970530932474182,0.16523608239293844,0.14257051018211786,0.18098254697078975,0.00101352537008694,-0.0373379855060103,0.16022905903020748,0.01682505076671631,0.004168313073065021,0.06034176782451296,0.06837309886749587,-0.05405068527797632,-0.054111026298847335,-0.03738032847789009,-0.004894871501045175,0.3638887672264829,0.1436902362545613,-0.35444292164389557,-0.3153843613110376,0.16342850386655922
0.23605965511765262,1.14030550749497,0.18637108258498591,0.14246790075429316,0.04926102988622798,0.18654012164655473,0.1974284592968752,0.14789773376721016,0.15214638318246723,0.16439812339394594,0.115605700604497,0.08526428030444044,0.12543738127668946,0.1006767286290041,0.11111541496483648,0.11633108732892312,0.12300230421644699,0.11982462842361144,0.09542727640814548,0.08482953254701556,0.11810860773721063,0.1495367476119445,0.14042165898966355,0.16133201357416707,0.0506734824846395,0.1017219529021686,0.08842248960478,0.13101502212745933,0.1606881764416626,0.09801897615440483,0.14618073975682544,0.11153144181850053,0.0661229953603195,0.11053932337650701,0.09896043422462353,0.1263958551207787,0.14319924907768847,0.1247932488839582,0.09599493234164118,0.08858887010783595,0.11098531747205713,0.1314875772825386,0.1472245461289218,0.07521008422559956,0.060484388504197024,0.09451895371503534,0.029990161018460307,0.014808132827494398,0.07201710831155993,0.0310677353728045,0.03851943360125063,0.05862973148029034,0.04171948184097152,0.017953149819319343,0.014639436043102038,0.04495963002274898,-0.16464508780124062,-0.023294937084698118,-0.06720120025908849
0.16198218802202372,0.18637108258498591,1.4900005428412295,0.27596129190532404,0.3292811391694974,0.32090159405409485,0.2159618914107826,0.25587750397621817,0.26577425079644795,0.15986969734266418,0.18982818584901212,0.2522806027849535,0.1375971666744219,0.21973303651948287,0.3116479251251523,0.27506562600627865,0.1288732960481511,0.15457703597061848,0.21877651944309984,0.11810581233153578,0.25098983343482634,0.17750369067689317,0.19680643958279118,0.17534066120050149,0.13311775075979762,0.19693335795571024,0.19315692145071145,0.17937687536235672,0.18557498466059275,0.2757501189588942,0.18157651737526026,0.1465688513268637,0.07257165570293557,0.13675829861203448,0.14228695949071132,0.13710725657286973,0.1472101947940965,0.13174805766789446,0.1844433932808514,0.14771074326862704,0.1615415389549365,0.11249801862795279,0.15931382833876212,0.15210478118917153,0.07934615167727492,0.14093789355555147,0.08077076530012331,0.02669189570184234,0.14596299302479354,-0.011617416974368834,-0.029081551420795028,-0.044394395309947494,0.22195140064648125,-0.021230389229760754,0.06856959767745766,-0.1255508670796961,0.4381912025862586,0.3157641710858138,-0.052643257465037424
0.5423521679996627,0.14246790075429316,0.27596129190532404,1.0091101483986908,0.34877533484840073,0.3470422238896561,0.2863986274331201,0.2409658001685337,0.24874098492893343,0.261026090319916,0.23319816214248923,0.2116992904828376,0.20843403944959626,0.19270666214073026,0.296267791908717,0.2742277182072114,0.2078121499166789,0.15919109135423126,0.216746221196111,0.19464219753158235,0.21455685353133783,0.09474054388858383,0.18332010510980506,0.1865921501782941,0.09080637394574075,0.20525608425541225,0.1880972322534933,0.10056329524417719,0.20238198933571394,0.1298486469872748,0.08628029624457396,0.14741118901984301,0.11947762703287514,0.10649524624948901,0.1028139473036946,0.10188918262472035,0.1253127228915381,0.11491937286926758,0.1486997415397654,0.10809534314287378,0.17188708196513133,0.1092719994523428,0.14372531167492938,0.05999589925717378,0.12375663370145716,0.08493872470812036,0.054974821160890606,0.021682411082050667,0.08363896039998006,0.01358487971972166,-0.07090874710113214,-0.14410738450103222,-0.08002019694886997,-0.05841534208050015,0.10136264153929968,-0.0034332965476291896,-0.08889735059606241,0.14040207704177582,-0.0024621579794025443
0.3407162651474987,0.04926102988622798,0.3292811391694974,0.34877533484840073,0.8224128637052108,0.24715140413022393,0.16019885333225545,0.24164440507566484,0.2892675895396076,0.2690254124602186,0.20270384221687027,0.24359492463552126,0.19942172887738657,0.2034411551438598,0.2798846280646921,0.2777887297377164,0.24826981840694623,0.22385329424809142,0.23547994990123441,0.28041132427654203,0.26627608662520785,0.11736590926671212,0.22735051940919834,0.19540373112764128,0.17452918867148742,0.23069118662649224,0.2005960644049495,0.14916748674006455,0.23381160895973116,0.15685877808080287,0.1385331233385482,0.1415055513603754,0.08811237094548534,0.12092530766808857,0.1419943975479017,0.10524741593068308,0.09652684329886535,0.11294415258526079,0.1767025420837608,0.14726056916717106,0.13606254154524833,0.10991647703360735,0.16629556529645642,0.14299390226265143,0.11423987187784616,0.11325566113945239,0.04803546010942844,0.020807331105011335,0.1187404725977609,-0.017374809726480204,-0.04108422145039791,-0.05996704319894814,0.013458743630007328,-0.04781595835554377,0.0135269217384843,-0.1345264314192427,0.47031042323969124,-0.4868434383971846,0.13037449530630021
0.27859146755609804,0.18654012164655473,0.32090159405409485,0.3470422238896561,0.24715140413022393,1.012123161848275,0.11927648524064588,0.19430451302362806,0.1862227593644254,0.1768085594225793,0.12403544839871895,0.18042117050906983,0.12970602406534937,0.17784894836028092,0.21397506819320125,0.1881550589233629,0.21571017258797348,0.19671730364927073,0.19259360030917216,0.24946389476407177,0.15095733040902498,0.10157609189310002,0.23745338735304158,0.01571895512829361,0.19298901422716422,0.14645811917199145,0.18363864053462628,0.2244740958254999,0.16932277294366463,0.15806899117930434,0.14772750990457467,0.22581647878903577,0.08965313883692888,0.14672432891204248,0.17920396217911239,0.14165067279814142,0.10222668816735009,0.16663852163944612,0.1898812075544533,0.17604083201735402,0.16337322527785036,0.13107880368366556,0.1731949014757716,0.16746439684491762,0.1977949366171014,0.12621149642931676,0.10436220925891974,0.041795119408106034,0.2187660537252001,-0.027529630587314814,-0.017781488941110233,-0.0604896611101542,0.013386103935438492,-0.07728216103400756,0.19319697507207587,0.14602385554633912,0.10348772846038763,0.2547557499103853,0.05162830334466929
0.3830859280617957,0.1974284592968752,0.2159618914107826,0.2863986274331201,0.16019885333225545,0.11927648524064588,0.694246317394431,0.3005569805677358,0.21584783791591336,0.21426205166417764,0.2217305608689532,0.18150055662959033,0.24433773795784622,0.16186238255323626,0.18740390074213611,0.23251809083848565,0.14864680466399133,0.1875295953498741,0.19178721311328178,0.17723938120830104,0.20337165400765875,0.15130632422680773,0.18200604549078897,0.22168904724274774,0.08758137921275291,0.17969197570322437,0.16447775698686773,0.10044948307721714,0.1691741394183703,0.1462741410242492,0.11933389940573101,0.11753391485153551,0.0737416871675769,0.09096034966131739,0.10112120965644432,0.10199653431817159,0.13064642068627602,0.0991114554841704,0.09329186044932086,0.09716043468315169,0.1346376582820458,0.08958525317927131,0.13187948812581776,0.06666934785782849,0.0650047854310223,0.08224944572018286,0.024595426441621892,0.010438165836373163,0.07498297147735274,0.007482682090613595,0.00661750985742197,0.030836698947881498,0.08262034587056706,0.04638500482190374,0.09101116354215179,-0.012361313519482109,0.07225786380170257,0.37193227287970476,-0.03796790007502972
0.21628072304349033,0.14789773376721016,0.25587750397621817,0.2409658001685337,0.24164440507566484,0.19430451302362806,0.3005569805677358,0.5394790712911602,0.19357965817286835,0.18086135378871876,0.22262033887264027,0.21750027102987313,0.2582755789921543,0.19018535737797693,0.21673698522926052,0.22452375911668096,0.2058390111862376,0.16511932380910585,0.1795195187243788,0.2356443654221533,0.1608115741244891,0.10076586171835428,0.17079027872645516,0.14641030938050292,0.19714250483867385,0.1675586475213959,0.19260755885640735,0.09046269589978571,0.18488850068637827,0.13694708817511592,0.16450026659063785,0.126048698400997,0.06755712430794829,0.09843439103757724,0.11058289979676501,0.09812921181804049,0.11874374572254959,0.11405792235103816,0.12880077009528154,0.12756185354152264,0.14593778461014753,0.05973005401994694,0.15236480753589515,0.0824583096990372,0.07443543560210444,0.09053159182332117,0.016975291325869866,0.007759128448813605,0.10961399652566856,-0.01736212081260056,0.01927829557256885,0.06318143918912836,0.20214485376430757,0.08091410865883232,0.046684568659876954,0.033703716318053634,0.09936022401281754,0.16055244355778878,0.03577813549714521
0.31950071861470963,0.15214638318246723,0.26577425079644795,0.24874098492893343,0.2892675895396076,0.1862227593644254,0.21584783791591336,0.19357965817286835,0.4914137251741275,0.20705596731124837,0.22060247928860852,0.22398624545901533,0.23155457659696294,0.22935742403530454,0.25694644228850533,0.25138278686477544,0.233623427411841,0.19342253266965334,0.21051529545212172,0.25004932780067196,0.24144203692006552,0.14753995856316904,0.19287853818435563,0.29517845144435684,0.12560022269493204,0.24205298587738044,0.22411564087736763,0.18125912178290796,0.21941010170805733,0.15653100116820037,0.16109460365705275,0.13621088761749955,0.09958908430160797,0.13505325863237133,0.16464613442517453,0.14339883915411344,0.20739917310491043,0.1368004715566761,0.17574296730795552,0.13154596742951646,0.14872481709969043,0.12973277524677435,0.17790381158212015,0.11745753001054828,0.10455610889549154,0.12663461086948005,0.04383204454901489,0.019503310617658833,0.11704890323921334,0.012181491793278086,-0.00980253485403393,-0.014598675731021145,-0.16429410497490168,-0.0021336879862613204,0.0707544517941132,-0.09934856887690227,0.05360685038028948,-0.015771611223146947,-0.11240240478029022
0.19973378684692844,0.16439812339394594,0.15986969734266418,0.261026090319916,0.2690254124602186,0.1768085594225793,0.21426205166417764,0.18086135378871876,0.20705596731124837,0.6572203206734425,0.2585578474971765,0.23163983494264465,0.19554018165893938,0.17821251872874758,0.25427743981323786,0.2151472861004628,0.2106692493129692,0.20791516333446883,0.2256107178629916,0.2231709755554668,0.24670778567649884,0.210084903866259,0.21013285937858245,0.2647438041011047,0.08926300766811811,0.2019272937061585,0.17343855421820084,0.14583987373790847,0.18807476499858505,0.09927802335427513,0.11877401716234808,0.09604170246697112,0.08613392522793038,0.11252374139746092,0.12944348542471565,0.1344235978019029,0.09874455347939953,0.13003414833022298,0.16784089471782432,0.11163540602164468,0.10269339353558665,0.0997385191874927,0.16614150771226,0.10357831592344634,0.09829661098927053,0.13522786945724258,0.05090426098161424,0.01919167013045659,0.11592052455467976,-0.01907853957641651,-0.015462067324150742,0.008572925410117666,-0.07833307651945179,-0.05372747897977245,0.05442633669894396,-0.03771015540248791,0.04649569214024645,-0.02235045468871616,-0.02619604052161721
0.23376367116230115,0.115605700604497,0.18982818584901212,0.23319816214248923,0.20270384221687027,0.12403544839871895,0.2217305608689532,0.22262033887264027,0.22060247928860852,0.2585578474971765,0.4996883255353119,0.2427384856656811,0.2575638024114873,0.2165118832507965,0.20170716976629904,0.2336389033107367,0.17654888537947647,0.1696904611002996,0.2373043859113786,0.23746620057106388,0.1408647246997541,0.16007051151070995,0.1671483818714258,0.17136417005293558,0.12768713739822737,0.2418437986820672,0.20681499598616299,0.16164719552284898,0.17014740161010122,0.11847691879697829,0.12419385839696184,0.146823186711197,0.06864848257201926,0.10707908738591514,0.16681355553859628,0.12939745709763428,0.12160850906027824,0.12029606574548211,0.15307080165733125,0.12172814245341532,0.13190212736285697,0.10815433391848817,0.15280043439594954,0.11352522940838781,0.08876586156825943,0.13105051604449336,0.04209416433202326,0.016958215716764133,0.12560194461376775,0.037947674913352734,-0.007111578900973871,-0.0250987386325199,-0.07963008181203363,0.023970611173969897,0.08888439789848837,0.027405436308739754,0.060889242077782645,0.09424179304104251,0.0030774600625308995
0.2601395683139032,0.08526428030444044,0.2522806027849535,0.2116992904828376,0.24359492463552126,0.18042117050906983,0.18150055662959033,0.21750027102987313,0.22398624545901533,0.23163983494264465,0.2427384856656811,0.5354167248165755,0.27829808863268174,0.2589182903298032,0.2986831978841378,0.27196788653632537,0.2450512523929314,0.24229852155617454,0.24177382545257112,0.27097268991909357,0.24590328325079835,0.19692934294361955,0.2288042926347158,0.2431463823354916,0.16535376958054127,0.20777103391849142,0.23502844981911838,0.2221658765878163,0.20480940393968242,0.15638713463848228,0.1679454867476773,0.14279790350764968,0.07039800042676495,0.12644318759726167,0.14142311985186756,0.12661101147651396,0.13265935815068616,0.13433795779255736,0.15625076871506804,0.14434582802194867,0.13994096689405097,0.12372973809902599,0.168103259167298,0.13433349767937605,0.08589572277378711,0.14670858970461148,0.04966490357868438,0.019232664794380898,0.12357673742893213,-0.043344570821753164,0.007480292483627255,-0.004262202652536412,0.008664555754607476,0.027512907378239665,0.0414426142979988,-0.00013162840666112663,0.027886455671954646,0.007138633109072631,-0.005390430066608283
0.31632625296159705,0.12543738127668946,0.1375971666744219,0.20843403944959626,0.19942172887738657,0.12970602406534937,0.24433773795784622,0.2582755789921543,0.23155457659696294,0.19554018165893938,0.2575638024114873,0.27829808863268174,0.6872295181976235,0.1922630506926461,0.21750921337876222,0.25950350604274824,0.1548291626216843,0.20348201375167432,0.196798346219355,0.2837063620502115,0.12504695851915268,0.11702484566324597,0.20724431225483486,0.17702133016890031,0.17016218053807375,0.1760725040452146,0.18595204510316346,0.1781400817382926,0.17810617077234556,0.10966507987882547,0.14314147010729714,0.11045019402969493,0.05203459762211629,0.09502494531952291,0.12244779257528678,0.07965393264762428,0.09102326189550498,0.1010734136660239,0.11116681319952788,0.11297597028457941,0.12023535451013297,0.10005406939079738,0.12645596361269967,0.1281131567640679,0.09450799883970004,0.08585936445218784,0.028013110444783423,0.013522786050726593,0.09156606522306532,-0.060252611682481805,0.008374443099407873,0.010626371939277282,-0.05825412238420361,-0.0066004877630143404,0.04618432493993786,0.059471224378703204,-0.04766885678026017,0.0521562134611691,0.031873273239365105
0.21471912976710741,0.1006767286290041,0.21973303651948287,0.19270666214073026,0.2034411551438598,0.17784894836028092,0.16186238255323626,0.19018535737797693,0.22935742403530454,0.17821251872874758,0.2165118832507965,0.2589182903298032,0.1922630506926461,0.42920503037779373,0.2268692904579186,0.24843834601662954,0.27351101826305924,0.23139303033201913,0.253655462448449,0.29343777917471425,0.2082569181535505,0.19932956241745678,0.21018632178940297,0.239657154270652,0.15610684555972712,0.19820623996397865,0.33978490417629026,0.14119494256847168,0.18840368327959747,0.1669980526155572,0.1991512134094725,0.1479619326957561,0.06593683594415115,0.13391263711309073,0.17547588907295622,0.1392844212037438,0.1503908231948128,0.1514039568435062,0.16981371585657803,0.12707521178391967,0.1448119219788976,0.14327713764041425,0.16380934126750316,0.13522978602579902,0.07864084667564827,0.1480553478470932,0.051539408763911845,0.018917144054386728,0.11290356818632878,-0.0011131686078981716,0.002711262079017372,0.018593068609680883,0.028482143061845842,0.06695924156837542,0.058285876156109445,-0.016592442496668577,0.027416537875030178,0.02013325910147926,-0.03387554838609377
0.14299623222142122,0.11111541496483648,0.3116479251251523,0.296267791908717,0.2798846280646921,0.21397506819320125,0.18740390074213611,0.21673698522926052,0.25694644228850533,0.25427743981323786,0.20170716976629904,0.2986831978841378,0.21750921337876222,0.2268692904579186,0.784792832462196,0.27122458565411955,0.24228397088828021,0.206691155827176,0.23018252536065423,0.17245344126526674,0.31545350262996746,0.15124441088141768,0.21023447354042557,0.2012499478256434,0.17698155905005206,0.2205784562208754,0.22308673270732043,0.17649577662053229,0.21347833373868919,0.17882419156274548,0.15419921665838962,0.12655089111482856,0.07024936230591781,0.12111699351939233,0.14823398271086524,0.09886901226547504,0.13417089325233753,0.10236600750585406,0.14858775087578618,0.12324438375327494,0.12459094777560971,0.10908992040125302,0.14640608533582475,0.09462337132237436,0.11840090360808653,0.10025797896375661,0.0629799766777367,0.029987786257196204,0.13614049663704653,0.026144361895966407,0.007805582350540214,-0.008252141703362866,-0.032021013443313914,-0.03485164343526164,0.0033636500154201805,-0.08289020723829978,0.13083647152527625,0.05459181402322865,-0.047980189903251286
0.3818533142952318,0.11633108732892312,0.27506562600627865,0.2742277182072114,0.2777887297377164,0.1881550589233629,0.23251809083848565,0.22452375911668096,0.25138278686477544,0.2151472861004628,0.2336389033107367,0.27196788653632537,0.25950350604274824,0.24843834601662954,0.27122458565411955,0.5425861429144556,0.21473170178723328,0.20116301219764643,0.2698775486620886,0.22693987569563487,0.2616267559767977,0.1687447903701363,0.2229557388682313,0.26210297467282095,0.1503284575043122,0.23452986512884885,0.21174635740004485,0.19680907324567168,0.2127709616464893,0.12088700190520728,0.14154770428784016,0.14878667178101512,0.08695438985682565,0.1299193752122476,0.09188354471758846,0.12361850189160868,0.13893791425467333,0.11112747167864596,0.14371614666149846,0.10927440032237981,0.14755346876570127,0.12459302353152574,0.16183972737008076,0.1363293459187292,0.08685864199037842,0.1261727939870135,0.053696824987895006,0.020460937605402924,0.11264004921757086,0.13016439157386453,-0.07099218919895119,-0.05523018148517225,-0.07501216191256807,-0.04009355697562885,0.04910091312199202,0.03172416243794209,-0.08913995789551628,-0.011530850141260833,0.006329068351094589
0.23979646410361197,0.12300230421644699,0.1288732960481511,0.2078121499166789,0.24826981840694623,0.21571017258797348,0.14864680466399133,0.2058390111862376,0.233623427411841,0.2106692493129692,0.17654888537947647,0.2450512523929314,0.1548291626216843,0.27351101826305924,0.24228397088828021,0.21473170178723328,1.0105393646580747,0.25597172515497124,0.25475442836938555,0.36905392131838305,0.2829952525169114,0.15478968610849678,0.23781123471534515,0.30601468842149965,0.18121082301462615,0.1847383462552092,0.33973952922445083,0.10719998847188106,0.21276488968019494,0.15745863315766728,0.15889445600373844,0.2266882936859933,0.0991418773652175,0.14042144467530696,0.10891153722707812,0.12207098245624541,0.14718796124603836,0.1610594096860462,0.1461587717614702,0.17334357805969844,0.16251451907089537,0.13756779520418375,0.17763114195385107,0.12086963467356454,0.08637909513058688,0.14055738209522023,0.04423814868076495,0.01395875999041182,0.10387189214755174,-0.024302145503459802,0.006705354216616588,0.030318236870593672,0.07535576947165577,0.023314593194770167,0.06204926824537497,-0.006111246655476174,-0.0063288057529923055,-0.09270174997544371,-0.05268736792479531
0.19442196540364745,0.11982462842361144,0.15457703597061848,0.15919109135423126,0.22385329424809142,0.19671730364927073,0.1875295953498741,0.16511932380910585,0.19342253266965334,0.20791516333446883,0.1696904611002996,0.24229852155617454,0.20348201375167432,0.23139303033201913,0.206691155827176,0.20116301219764643,0.25597172515497124,0.5701352630558167,0.2534550579467103,0.46923379523447195,0.18388663834681768,0.3360676696857185,0.3863997563603589,0.3022916959372454,0.10959537655264952,0.17019572835319868,0.19955296786988055,0.10238940183995515,0.12240468064887902,0.11103269855755853,0.12470666065988781,0.12081104720855601,0.04664918872041833,0.10043695173144991,0.12432217952127482,0.1344082619932695,0.12283504950623374,0.1322139898764137,0.12845813490924368,0.10413321502291689,0.10844125089379542,0.11155281824044423,0.12412011189241422,0.15684511046730676,0.06540753224586085,0.13805859284100977,0.04087155120172821,0.0148960824092582,0.11637873241602611,-0.059271854009766534,0.02357143999725034,0.0445192244286575,0.1271703249651342,-0.013824624666444402,0.049209742325089526,-0.018445511407449055,0.10977815233878456,0.024480272248147566,0.0126433256256987
0.23356835975618898,0.09542727640814548,0.21877651944309984,0.216746221196111,0.23547994990123441,0.19259360030917216,0.19178721311328178,0.1795195187243788,0.21051529545212172,0.2256107178629916,0.2373043859113786,0.24177382545257112,0.196798346219355,0.253655462448449,0.23018252536065423,0.2698775486620886,0.25475442836938555,0.2534550579467103,0.6585069944648162,0.2662946068541652,0.23408813297725856,0.26699381478070777,0.2248894369091874,0.19726796135842473,0.10373883593854297,0.21216989436753653,0.1847543162508751,0.18323906072337268,0.15112940338012784,0.20759025536209358,0.14763059394845468,0.15159595056081385,0.06495356263517361,0.13154556733778935,0.14674644460587685,0.13676004420575766,0.1370081954338042,0.1385254686510873,0.18571699643037518,0.08310208261997802,0.12535414310335646,0.14216372163545477,0.13751651262866105,0.16175432295368936,0.06423416163433626,0.15154935164924674,0.060859161044036963,0.023985091629345666,0.11044102315416889,-0.05439743400856847,0.008182243923687738,-0.0009060240990499342,-0.1181355748579445,-0.04541886896717282,0.07733482777804243,0.0263762187687894,0.09918153962023625,0.04352665437846988,0.008441997271510095
0.23273244872225926,0.08482953254701556,0.11810581233153578,0.19464219753158235,0.28041132427654203,0.24946389476407177,0.17723938120830104,0.2356443654221533,0.25004932780067196,0.2231709755554668,0.23746620057106388,0.27097268991909357,0.2837063620502115,0.29343777917471425,0.17245344126526674,0.22693987569563487,0.36905392131838305,0.46923379523447195,0.2662946068541652,1.358968533089396,0.14729036775760757,-0.06362389879334389,0.4090835731521507,0.3716602015536516,0.06241269645844282,0.19741930819807113,0.2494968098370379,0.16778888856109037,0.10734692619860882,0.10034053104034388,0.19113974230107908,0.1400769844864942,0.07440921144434005,0.08485949140254527,0.08222483836990774,0.08579995682757637,0.07611157481326751,0.1285086451769263,0.22070627782817906,0.10607103697467106,0.13909309725776622,0.1407165885536298,0.10860481637227394,0.11689216356124128,0.026874144069617238,0.15230945412306518,0.009796087088610324,0.0009043621983326704,0.03997715376888626,-0.10221781096388163,-0.01860782563978946,-0.023319442313699857,0.006990440708808113,0.04492787675740496,0.04023690119350583,-0.030554835679492593,0.07350183708989746,-0.05279366666593328,0.05075267613253772
0.19700854701311504,0.11810860773721063,0.25098983343482634,0.21455685353133783,0.26627608662520785,0.15095733040902498,0.20337165400765875,0.1608115741244891,0.24144203692006552,0.24670778567649884,0.1408647246997541,0.24590328325079835,0.12504695851915268,0.2082569181535505,0.31545350262996746,0.2616267559767977,0.2829952525169114,0.18388663834681768,0.23408813297725856,0.14729036775760757,1.1137199753951024,0.1776530558799889,0.19658048508636494,0.5854190435325399,-0.026259038121535197,0.40065452396535917,0.20257472990445777,0.29253529809345596,0.2561807617759248,0.16433543974927695,0.15127015210051423,0.08092903215779865,0.08764068154318182,0.1859358448283719,0.2083556543354129,0.14218856467248733,0.17419114470372626,0.08529379522460301,0.12913977960229306,0.05708766721828114,0.09995036250271291,0.10718383242073078,0.20422782780837612,0.10653093508095832,0.16232714196678813,0.05863301593875705,0.056704645012178916,0.02428601530846546,0.12070953794260689,0.041982916287145,0.03522967444367454,0.057917016643635015,0.012784451064447462,-0.024447013437005727,0.004820362639045258,-0.14195391190326073,0.08146506322576803,-0.0247522043147739,-0.04751779291569554
0.11080163228788914,0.1495367476119445,0.17750369067689317,0.09474054388858383,0.11736590926671212,0.10157609189310002,0.15130632422680773,0.10076586171835428,0.14753995856316904,0.210084903866259,0.16007051151070995,0.19692934294361955,0.11702484566324597,0.19932956241745678,0.15124441088141768,0.1687447903701363,0.15478968610849678,0.3360676696857185,0.26699381478070777,-0.06362389879334389,0.1776530558799889,1.2743654444623131,0.2559264535138523,0.4511594360798898,0.19927441423282868,0.17282779766459805,0.18566632068507016,0.09119761030339577,0.176678851301435,0.1308251283758987,0.12461645317963874,0.12858407256624205,0.029125901611180515,0.1388268440350283,0.1641592628512447,0.19628317538238108,0.201400871709005,0.1834972264076663,0.07662254134220517,0.09893929338131552,0.09686072618315704,0.11948755624631827,0.1489717571558779,0.29969216224329714,0.09430588612025265,0.18889284130162518,0.09186886501072203,0.03843336843569857,0.17426209130242412,-0.011664958551968344,0.058531644954233825,0.062326842218861665,0.2117477902415159,-0.14004553388208965,0.06812178416674748,-0.005219006022505179,0.09160867105510749,0.11576249645005891,-0.018324113627387572
0.21154344161494593,0.14042165898966355,0.19680643958279118,0.18332010510980506,0.22735051940919834,0.23745338735304158,0.18200604549078897,0.17079027872645516,0.19287853818435563,0.21013285937858245,0.1671483818714258,0.2288042926347158,0.20724431225483486,0.21018632178940297,0.21023447354042557,0.2229557388682313,0.23781123471534515,0.3863997563603589,0.2248894369091874,0.4090835731521507,0.19658048508636494,0.2559264535138523,0.6748299747185682,0.2818258646850329,0.04641897682445457,0.16625065790125798,0.1780671287546618,0.10131161115325239,0.09150540466556485,0.11363083910568961,0.14103200168103952,0.10745615603200738,0.025495788810374176,0.08895064995359897,0.11631946016115301,0.1284589235304077,0.10950072330475184,0.12995854705528526,0.13604026432233945,0.09824049467625201,0.09721791184200267,0.07239311029893711,0.10910028005094513,0.10749012557779643,0.07369413926621139,0.12084766580865303,0.0318940388163009,0.008559201827603414,0.1529528072128252,-0.08440186862444793,0.014454104655263417,-0.005626075806942537,-0.027993274716397922,-0.04675242137379188,0.06258267713453494,0.002130489142416576,0.14313175864956745,0.049527082431713915,0.021055697407746207
0.14333051732950583,0.16133201357416707,0.17534066120050149,0.1865921501782941,0.19540373112764128,0.01571895512829361,0.22168904724274774,0.14641030938050292,0.29517845144435684,0.2647438041011047,0.17136417005293558,0.2431463823354916,0.17702133016890031,0.239657154270652,0.2012499478256434,0.26210297467282095,0.30601468842149965,0.3022916959372454,0.19726796135842473,0.3716602015536516,0.5854190435325399,0.4511594360798898,0.2818258646850329,1.5848771536302941,-0.1429048200724927,0.3145064972277502,0.2103452846925138,0.18981246744895605,0.16093028542066246,0.1263599560394309,0.1621791759666827,0.05877898263119987,0.10150416714319364,0.14142381704990864,0.15314837629409012,0.17730493888971433,0.21937535645627923,0.09959723429407,0.07699331389679691,-0.05320040298593713,0.14440848954457516,0.12534393417237497,0.1549906098654185,0.12980806057857527,0.08013034851084697,0.16328456538857714,0.05443912864401081,0.021493823148254494,0.10550359753272949,0.02470208066662872,0.047922769661021845,0.09494735265984583,0.19086009538749435,-0.07431717998698373,-0.022780055835595465,-0.2291110617432528,0.022765197196176076,-0.0024619980904185537,-0.1378164798155785
0.0028953886414759583,0.0506734824846395,0.13311775075979762,0.09080637394574075,0.17452918867148742,0.19298901422716422,0.08758137921275291,0.19714250483867385,0.12560022269493204,0.08926300766811811,0.12768713739822737,0.16535376958054127,0.17016218053807375,0.15610684555972712,0.17698155905005206,0.1503284575043122,0.18121082301462615,0.10959537655264952,0.10373883593854297,0.06241269645844282,-0.026259038121535197,0.19927441423282868,0.04641897682445457,-0.1429048200724927,1.1515118593011806,0.0687797437487393,0.19746205775571415,-0.018473920128812167,0.35696463251245225,0.1531478432770043,0.13824927681601556,0.20957997290959596,0.058217343294585465,0.12096554037220038,0.1637285570242356,-0.014862404395268867,0.07639290352019618,0.18307285758888295,0.22708086858274187,0.22619411204017237,0.10893605240549623,0.1278558169731996,0.15986298368798915,0.19323025316025888,0.13785543244653692,0.09384157304896736,0.07330758503171107,0.043968518339213926,0.23175536172324587,0.03971908334118776,0.03618514532925569,0.03413325125583673,-0.0781289415140367,0.013800545213339932,0.02965064361852092,0.04596010098868874,0.09892764490372342,0.06376526177914349,0.04625637328227252
0.20850101265561582,0.1017219529021686,0.19693335795571024,0.20525608425541225,0.23069118662649224,0.14645811917199145,0.17969197570322437,0.1675586475213959,0.24205298587738044,0.2019272937061585,0.2418437986820672,0.20777103391849142,0.1760725040452146,0.19820623996397865,0.2205784562208754,0.23452986512884885,0.1847383462552092,0.17019572835319868,0.21216989436753653,0.19741930819807113,0.40065452396535917,0.17282779766459805,0.16625065790125798,0.3145064972277502,0.0687797437487393,0.5905742498241372,0.19135302079413785,0.22081991003733445,0.21844036561419067,0.14582462687650294,0.14281932454252128,0.10085736662828614,0.08419303195462392,0.1269801989283967,0.27173560471573366,0.10289944160523831,0.11660049522032294,0.07583862208042981,0.1827324099227916,0.09144483855742441,0.1206011302338658,0.1142266054241807,0.1538006889398681,0.12170274137689292,0.10783385647144876,0.1281576544198641,0.05492596281882207,0.01748797834603864,0.10354946101208669,0.07743322217934456,0.05580964755674548,0.07478885621440066,-0.04213946307736473,-0.007073439379342424,0.03496551046394978,-0.05764365392827079,0.045523525559640336,-0.007589660645032606,-0.0015267580861273368
0.20045905530169716,0.08842248960478,0.19315692145071145,0.1880972322534933,0.2005960644049495,0.18363864053462628,0.16447775698686773,0.19260755885640735,0.22411564087736763,0.17343855421820084,0.20681499598616299,0.23502844981911838,0.18595204510316346,0.33978490417629026,0.22308673270732043,0.21174635740004485,0.33973952922445083,0.19955296786988055,0.1847543162508751,0.2494968098370379,0.20257472990445777,0.18566632068507016,0.1780671287546618,0.2103452846925138,0.19746205775571415,0.19135302079413785,0.6932804118862685,0.1251182514797839,0.23684548859638224,0.12188638423071664,0.18965178503800564,0.1640455690606294,0.0601181788998946,0.14534191033156507,0.18056367163760662,0.14133969664628174,0.155172041039569,0.1637399942548445,0.17884368185268334,0.1450212921957066,0.15204717927682704,0.1521008729726402,0.1744045154173507,0.15256289280560784,0.08478152788048281,0.16734082737447714,0.06283179485062368,0.024399082660639965,0.11950186623678179,0.0064726943894327605,0.013725075894713641,0.04694055591920952,-0.03445658716463304,0.0336634497774799,0.06843767567076257,-0.011313073874466643,0.05838103608917716,0.024496704940083328,-0.03566447602375446
0.11364541885103965,0.13101502212745933,0.17937687536235672,0.10056329524417719,0.14916748674006455,0.2244740958254999,0.10044948307721714,0.09046269589978571,0.18125912178290796,0.14583987373790847,0.16164719552284898,0.2221658765878163,0.1781400817382926,0.14119494256847168,0.17649577662053229,0.19680907324567168,0.10719998847188106,0.10238940183995515,0.18323906072337268,0.16778888856109037,0.29253529809345596,0.09119761030339577,0.10131161115325239,0.18981246744895605,-0.018473920128812167,0.22081991003733445,0.1251182514797839,1.7367323712139573,0.3861474460826579,0.17215752088640976,0.31778485969978576,0.3323658210546738,0.1438056049331673,0.22437325051775472,0.10526161836862484,0.13743474651441542,0.13482561902244766,0.09840424664272651,0.1069962341206596,0.12032614776085904,0.20151739987392286,0.15751114109874292,0.28808792473165235,0.32237853693128476,0.08440478834647146,0.07833349658679735,0.02362977495283803,-0.007942483246221382,0.05925470723559679,-0.10848001507007979,-0.1348279619907554,-0.18142902975161843,-0.20954629357634388,-0.011090717032995547,-0.05778528847674627,-0.11261532167288849,-0.18855512210650122,-0.09742820577765109,-0.042855573395695186
0.20431656993056013,0.1606881764416626,0.18557498466059275,0.20238198933571394,0.23381160895973116,0.16932277294366463,0.1691741394183703,0.18488850068637827,0.21941010170805733,0.18807476499858505,0.17014740161010122,0.20480940393968242,0.17810617077234556,0.18840368327959747,0.21347833373868919,0.2127709616464893,0.21276488968019494,0.12240468064887902,0.15112940338012784,0.10734692619860882,0.2561807617759248,0.176678851301435,0.09150540466556485,0.16093028542066246,0.35696463251245225,0.21844036561419067,0.23684548859638224,0.3861474460826579,1.0736152521301132,0.16128961173029058,0.24967639143819595,0.3296992893192392,0.15874103593892763,0.2320216147682444,0.11799151449637907,0.14878027655062603,0.15737478220588771,0.21927492930339051,0.2949694679867781,0.21608705307580853,0.1643575984089799,0.2774401606645104,0.49345272813217345,0.16119781895434462,0.14039591225007414,0.11000264597520168,-0.03988571296045674,0.00433684847375581,0.25026656480183784,-0.0002856785919656564,-0.05963641467059838,-0.10050630193629098,-0.06281568929903818,-0.0382843085273912,-0.0064390488773297646,-0.12903130887545228,-0.02864328086591358,-0.07447955483798516,-0.03306276787652619
0.11276698658891479,0.09801897615440483,0.2757501189588942,0.1298486469872748,0.15685877808080287,0.15806899117930434,0.1462741410242492,0.13694708817511592,0.15653100116820037,0.09927802335427513,0.11847691879697829,0.15638713463848228,0.10966507987882547,0.1669980526155572,0.17882419156274548,0.12088700190520728,0.15745863315766728,0.11103269855755853,0.20759025536209358,0.10034053104034388,0.16433543974927695,0.1308251283758987,0.11363083910568961,0.1263599560394309,0.1531478432770043,0.14582462687650294,0.12188638423071664,0.17215752088640976,0.16128961173029058,0.9062735077756645,0.21186914931755615,0.1679749378047956,0.06923210410541006,0.17131788970424316,0.12127057788951803,0.16981734091559483,0.1471093180238589,0.1760706914352785,0.15927908446092184,0.20107733298322766,0.12307273500813513,0.12402011593083237,0.16219320929656725,0.1754530598018243,0.03711269032261516,0.19235482555448646,0.10274860517101693,0.036658811638291815,0.14963557723989288,-0.030969767125109994,0.0052059537803899915,0.021125456188422518,-0.10539554747415557,0.07346350008280901,0.05769474544729863,0.022928487863773658,0.12244214091404036,0.09476986413987744,0.014792961184764359
0.14584231910143386,0.14618073975682544,0.18157651737526026,0.08628029624457396,0.1385331233385482,0.14772750990457467,0.11933389940573101,0.16450026659063785,0.16109460365705275,0.11877401716234808,0.12419385839696184,0.1679454867476773,0.14314147010729714,0.1991512134094725,0.15419921665838962,0.14154770428784016,0.15889445600373844,0.12470666065988781,0.14763059394845468,0.19113974230107908,0.15127015210051423,0.12461645317963874,0.14103200168103952,0.1621791759666827,0.13824927681601556,0.14281932454252128,0.18965178503800564,0.31778485969978576,0.24967639143819595,0.21186914931755615,1.1180253218011043,0.0037831352046650206,0.04749963920009587,0.1499987551469925,0.1637378542510468,0.028937870305696084,0.17848151100127793,0.10147935436945159,0.1906949880450236,0.1852389754118083,0.16322735036926886,0.15314643466589914,0.1494665418569812,0.2332749856374527,0.10957999661554185,0.06516492661149036,0.04524888806747945,0.04943515675834416,0.13004540092391456,-0.03204539169786412,0.01036587579266937,0.06951596723216881,0.03995901481396047,0.0714215545035655,0.06314417097238542,-0.09225768696749508,0.07049712702910553,0.08789576525247153,0.007006123672763968
0.12393867953460498,0.11153144181850053,0.1465688513268637,0.14741118901984301,0.1415055513603754,0.22581647878903577,0.11753391485153551,0.126048698400997,0.13621088761749955,0.09604170246697112,0.146823186711197,0.14279790350764968,0.11045019402969493,0.1479619326957561,0.12655089111482856,0.14878667178101512,0.2266882936859933,0.12081104720855601,0.15159595056081385,0.1400769844864942,0.08092903215779865,0.12858407256624205,0.10745615603200738,0.05877898263119987,0.20957997290959596,0.10085736662828614,0.1640455690606294,0.3323658210546738,0.3296992893192392,0.1679749378047956,0.0037831352046650206,1.2667501891438686,0.13875441806188904,0.18194053161177937,0.11658221516864721,0.33258904854685245,0.1377929374786859,0.3228297332670611,0.2926990742839582,0.24162761152726678,0.25736399362490503,0.20377187851705378,0.37421251628999624,0.1319748644571655,0.09575285810996167,0.258060989030562,-0.03772764388782665,-0.02554062171226021,0.08234312070760032,-0.02256623904920919,-0.06066003306883779,-0.0932173912007694,0.016062686502611986,0.048620568080340244,-0.0044668927482855786,-0.024068710911573754,-0.0720050880615607,-0.06859585479144904,0.07696810559492487
0.08831414835639421,0.0661229953603195,0.07257165570293557,0.11947762703287514,0.08811237094548534,0.08965313883692888,0.0737416871675769,0.06755712430794829,0.09958908430160797,0.08613392522793038,0.06864848257201926,0.07039800042676495,0.05203459762211629,0.06593683594415115,0.07024936230591781,0.08695438985682565,0.0991418773652175,0.04664918872041833,0.06495356263517361,0.07440921144434005,0.08764068154318182,0.029125901611180515,0.025495788810374176,0.10150416714319364,0.058217343294585465,0.08419303195462392,0.0601181788998946,0.1438056049331673,0.15874103593892763,0.06923210410541006,0.04749963920009587,0.13875441806188904,1.2408681920516662,0.1986682815783915,-0.006023412064516307,0.31530044140715113,0.21631198732147688,0.18236029485191596,0.2328183720843372,0.20628465585655553,0.26844886943946616,0.17891591312370972,0.24942767065217109,0.08719600701700121,0.19641399543929894,0.09553269495278441,0.026314327322146128,0.04885473814946222,-0.14993539687321764,0.005625217500286692,-0.02179173830833329,-0.01404613185254962,-0.004433952483734821,0.038434622965837384,0.06758011211067294,0.04454767416206865,-0.11101539345007845,-0.03749525461980526,-0.04051895929067335
0.10925087718268438,0.11053932337650701,0.13675829861203448,0.10649524624948901,0.12092530766808857,0.14672432891204248,0.09096034966131739,0.09843439103757724,0.13505325863237133,0.11252374139746092,0.10707908738591514,0.12644318759726167,0.09502494531952291,0.13391263711309073,0.12111699351939233,0.1299193752122476,0.14042144467530696,0.10043695173144991,0.13154556733778935,0.08485949140254527,0.1859358448283719,0.1388268440350283,0.08895064995359897,0.14142381704990864,0.12096554037220038,0.1269801989283967,0.14534191033156507,0.22437325051775472,0.2320216147682444,0.17131788970424316,0.1499987551469925,0.18194053161177937,0.1986682815783915,0.4930203627444664,0.19158294868294984,0.3471783040567464,0.27974409107422116,0.30023811491270147,0.22078832790309097,0.1474766636457043,0.18059035478459493,0.20609079328944233,0.3069427461838329,0.11186777963377677,0.2405339636099148,0.14645012413883096,0.24115083044778177,0.07996874657742548,0.1473751363493976,0.022481660317121094,0.007298581504586979,0.01489531725981633,-0.08011605742705337,0.01375905380654173,0.01017974753604534,-0.0606692979151536,-0.05616980279562983,-0.034778159346381954,-0.043827039898258126
