2.019228742161367,0.23384301753753586,0.1692284489135127,0.5351205213828302,0.31920764932449414,0.2604978704670808,0.401190919120091,0.21963194856066143,0.3174515578740204,0.18634319722317283,0.21882012358763298,0.24666495432775598,0.2952889076319366,0.20565584361458175,0.13838252539230614,0.3641299837509847,0.22110643597782323,0.1854902294830788,0.22162974263293475,0.22233144355838663,0.19927876496299468,0.1062975658428462,0.2001124020383722,0.1584794070105625,-0.0073312474442689375,0.2037927626851784,0.19113332732167287,0.10625396193943148,0.20170902975884025,0.10708311211881572,0.13830362032906893,0.11046111428551085,0.07801037216327018,0.10744509150953803,0.09679686526151508,0.15124931176741768,0.23084164021074394,0.13778880351436093,0.1401794941463988,0.13338740159839688,0.16902753709745702,0.1427086626816149,0.18348460843770023,0.006938944020772915,-0.029846042832045873,0.15501864197623552,0.020576620852822237,0.005808661753403395,0.0719182154379692,0.08857645338700629,-0.019899628699923358,-0.034949568883078874,-0.018194756996598345,-0.010751771020655432,0.12017592655942183,-0.08364109946054024,-0.22946671408443484,-0.32905104926968703,-0.16841799577178457
0.23384301753753586,1.1142376566158985,0.1835347129480798,0.14641636149707415,0.048694570649057196,0.19426300855754286,0.21930667678651902,0.15350546350531796,0.14486697712986626,0.14995914950433872,0.10630837982019511,0.07827144318110288,0.11417733194679743,0.09661588796952926,0.10891984924365566,0.11532846365414476,0.1166698685288987,0.11875354912160636,0.09487248186805652,0.08557638202387008,0.12106255122340973,0.1475566219915962,0.14176747802671222,0.1635344035174899,0.05068922961726263,0.10075292085874016,0.08592075804954531,0.12419072561321172,0.15029051085138745,0.1009934958285516,0.1447289153568747,0.10788754977506514,0.06768462020453977,0.1064999454964082,0.09625516222110816,0.11934014384533863,0.13582308604470572,0.12261893635891104,0.10117395045840798,0.08282423619528727,0.107338694965373,0.12369114523163698,0.1282241641683387,0.06616089451792623,0.05919295280871631,0.0914178251287056,0.03313156124283571,0.015650457416766406,0.06998658863004925,0.012061999234501781,0.016897187059562457,0.044478512853992194,0.011461661848067616,0.0072190386880474165,0.0672927893318314,0.10232557112065767,-0.1624100468947613,-0.021166074748461664,-0.036819239613284975
0.1692284489135127,0.1835347129480798,1.4245207224076544,0.2618500260011364,0.32527143454598845,0.29947523295796796,0.18249650217314334,0.22927741321386663,0.256408456985344,0.15246580034892723,0.1783246005765314,0.24706067806708173,0.1346364829454098,0.21688062008512501,0.3014584158800823,0.2742530968472445,0.1411450456721068,0.15530224543038473,0.21827463184854423,0.12648346898462076,0.24919324799849016,0.17312934295164106,0.19305044544232564,0.1780192155631355,0.12500724524444357,0.19365886388716216,0.1900488577845771,0.19051185988941405,0.18130456789296515,0.26281969633291236,0.171139861783586,0.14435076527269647,0.07685129847477261,0.13909208156779118,0.14272728512842833,0.1419655185192258,0.14606209201288828,0.13449617978278686,0.1769342777937195,0.14795705974508183,0.158819199084268,0.11490337004951366,0.1544941206209086,0.14316267560647178,0.07903685829785759,0.14267141383409376,0.085073956442193,0.027238581513702575,0.13724243380416853,0.009857274808480945,-0.014446421872499381,-0.030747633169125408,0.2086067794724732,-0.02039798434010172,0.051714715882416135,-0.036675123994876394,0.19859182400088926,0.12910090206276123,-0.05691637774076204
0.5351205213828302,0.14641636149707415,0.2618500260011364,0.9819643883204963,0.3340427526237798,0.337104701418448,0.28579774895507987,0.23697512511757202,0.2378535093617895,0.24620094459652578,0.22022307902035837,0.20474462978012403,0.19689432951194794,0.19019868006002222,0.2872002694005798,0.2672211077707929,0.2073401691005418,0.15971541956424984,0.21223224915771477,0.19748826497038582,0.21615957581323328,0.09286870676830378,0.1805411506796178,0.1924288500111074,0.08514985451206204,0.2021357074511249,0.18516059297721857,0.09479143112798061,0.1909124484311699,0.12614222106659462,0.07732517351959152,0.1341440325929738,0.11473785464930071,0.1058047146236907,0.11324142612840123,0.10529015107268935,0.12685567965879374,0.11947129794220797,0.14970040171094984,0.10779192598807727,0.1733183499121444,0.10686689122852655,0.13812538084710116,0.04856927893430088,0.1208087826764959,0.08474528406282002,0.05739441300337115,0.02054027731658248,0.08340466319830277,0.04807601023045085,-0.038855048103861936,-0.11659468875055122,-0.03413775403864278,-0.045309805688731886,0.08608008990857821,0.01870560459592696,-0.16929981478132808,0.022467446727649828,-0.06756244323095487
0.31920764932449414,0.048694570649057196,0.32527143454598845,0.3340427526237798,0.8077287742562528,0.25019115475101766,0.17813113813873682,0.24528256187663966,0.27557556559942203,0.25959985288442916,0.19602100144271709,0.23142147440439315,0.1936562134918893,0.19411639045394644,0.2680105069935669,0.2693598522716634,0.23997963949310358,0.22067489995753048,0.23080420030955934,0.2718125881058786,0.2573656605807858,0.1152771774639604,0.2255608261999673,0.18257888622340257,0.17697953880146838,0.2240980863699562,0.19412127071767382,0.13768345345799593,0.22279156591415739,0.15598478263092488,0.13212291739460064,0.13241946787352277,0.08385245641802028,0.11417421377556128,0.140673747082085,0.10117122253876255,0.09487319822641094,0.11281612734228268,0.1772097779078071,0.15096807226335573,0.13726778377208,0.10406059839957839,0.16013570442147582,0.13622269157069297,0.10772094839874607,0.11221588725831927,0.045820766206328425,0.018426301711088226,0.11221978248193536,0.013364829460063385,-0.016380081353392556,-0.0437341657046066,0.05204452153869564,-0.05352178977616236,0.017992473784297212,-0.125499935539937,0.6857900189473339,-0.1705342171298279,0.07450344578842162
0.2604978704670808,0.19426300855754286,0.29947523295796796,0.337104701418448,0.25019115475101766,0.9844592222812556,0.09342209657604163,0.18900503703510427,0.17941867350442645,0.1662517450199635,0.10843036374926239,0.17448671460327375,0.11931270263715552,0.1744812165021818,0.21325601028338834,0.1880000854152567,0.21531351375554247,0.1920107299725825,0.1844205448894455,0.25070513556074026,0.16148303280587925,0.09383644314965668,0.22995523776579357,0.030012254475857994,0.19017680681304555,0.14739915319757624,0.17753540080260444,0.23428370313809954,0.17056120081932943,0.15091725583159366,0.15065681589435767,0.2211844652359521,0.09019441641139801,0.15037707834309158,0.17954880188140376,0.13846853561237749,0.10287920136779174,0.16421366809409782,0.180265699499933,0.16728296867117048,0.15691993887658234,0.12930286511560676,0.1684493846748645,0.16445749886283195,0.19957639574141403,0.1258751303574671,0.11414863963679783,0.04445272613370616,0.21804749413319338,0.0020684135324987754,-0.022023083383126564,-0.07115041197080091,0.023054490133581542,-0.08289625985822958,0.10174743869289186,0.14409106139283853,-0.072471759217389,0.09958400499555113,-0.012345660359445614
0.401190919120091,0.21930667678651902,0.18249650217314334,0.28579774895507987,0.17813113813873682,0.09342209657604163,0.6743863923699542,0.31094677621332933,0.20833052060512605,0.1897216349522757,0.1923132159947109,0.16784064965560677,0.21118947136680247,0.14916383648360795,0.17569804262385041,0.22656060838635383,0.12327488866430239,0.1686731800515003,0.17706783653050404,0.1710106996277355,0.20931059348092648,0.1340781652944336,0.1651424762873447,0.23331778861870692,0.07555342686764784,0.17525043482428126,0.14965859576318857,0.0987869141371102,0.16297461892920226,0.13329556126063036,0.11187965414915191,0.09914540615497111,0.07622303135959489,0.09196635044162382,0.1002134916849387,0.10545457239002551,0.12808449868075245,0.09929038356739675,0.10118436767254074,0.09323327283505087,0.13502169838027486,0.09187812152937623,0.12342823721341538,0.05814312303754082,0.0690696309909578,0.0813478993973927,0.030909065782987126,0.012345604626543879,0.06596553155381812,0.02758462081856904,-0.0001637625969537381,0.005818797210807785,0.04604619407723855,0.01231778901210325,0.06335565998722016,-0.010637836532333753,-0.13570211055149478,0.10515658222280976,-0.09416577610691611
0.21963194856066143,0.15350546350531796,0.22927741321386663,0.23697512511757202,0.24528256187663966,0.18900503703510427,0.31094677621332933,0.5322896199349112,0.18595418687397758,0.16133239747795247,0.19934060948473198,0.19944480093440958,0.23391048106220483,0.17416511270551918,0.20154864550722013,0.21551123431265662,0.18517285524459393,0.15112342299385229,0.16640074962423412,0.2226680004842105,0.16004861320735075,0.0904959105383176,0.15800444306183786,0.14738195131712034,0.18578757703404875,0.1602110726357849,0.1779348577605734,0.0918878329509018,0.184987245875538,0.12732704701469508,0.1563857613269276,0.1167755159572404,0.07092731205684011,0.10111744141743008,0.10762784578228295,0.10400728694262343,0.11971006115815441,0.11441300037016684,0.13123262405308536,0.12593538553727077,0.14314661492217162,0.0648496497356822,0.15181639618866727,0.08510816183024933,0.08181171651128998,0.09104211005781888,0.022168532660774676,0.010145572019273191,0.10690338985371597,-0.010283184799202698,0.015694102960536718,0.054506380591164603,0.15355656217912145,0.048858096559789475,0.04980009417169617,0.030907217796508856,0.012078791237435705,0.09330841004718192,0.010452959799809758
0.3174515578740204,0.14486697712986626,0.256408456985344,0.2378535093617895,0.27557556559942203,0.17941867350442645,0.20833052060512605,0.18595418687397758,0.48122467939821406,0.20007326178376525,0.21408762573665754,0.218419012982341,0.22483817322964514,0.2255213189424369,0.2460224305595369,0.24340633824196153,0.23282875949827106,0.1918532809606394,0.20679641933751391,0.2491470540937069,0.23400236370830244,0.1460710389396708,0.1893367487616343,0.2921789003459953,0.11955929423364053,0.23624018085377643,0.2205767609426929,0.1782786403712353,0.21036272250843013,0.1519128860224942,0.15451868061140636,0.13507257914923942,0.09933567805911744,0.13209346632120447,0.16594252297917608,0.1434357278186636,0.20549789156499065,0.13753848344316844,0.1713249409803687,0.1319769503350345,0.15199310574863117,0.12654929258167047,0.1722904853537679,0.10876115157314811,0.1010875656763941,0.12492881010729599,0.042729362060630875,0.01846644467585932,0.11436708902144607,0.03167004552411698,-0.002021724888847512,-0.003442126689031147,-0.053667623729472105,0.0026592928241751545,0.12054361765208474,-0.09974881068944563,0.02836081872332676,-0.029978453130552585,-0.07526258262684003
0.18634319722317283,0.14995914950433872,0.15246580034892723,0.24620094459652578,0.25959985288442916,0.1662517450199635,0.1897216349522757,0.16133239747795247,0.20007326178376525,0.6480895827040515,0.2595204370544082,0.23457362036468477,0.19630019556979228,0.18180374513279945,0.2507880155013536,0.21281585405323286,0.2206419334595909,0.21147447052288051,0.22534624320660243,0.2285439284581222,0.24036528775110363,0.210357664364221,0.21181369472282258,0.2631131850384087,0.0884734146582366,0.19990246238050036,0.17695698398505993,0.14741046880313471,0.1797433268345528,0.0977287782583395,0.11425505692794115,0.0971455069923199,0.08331422697019944,0.10792962880343175,0.12922435226208137,0.1278831064902711,0.09324122356163414,0.13032596376005282,0.1676746104986923,0.11229390183190072,0.10228223913377295,0.09460926887892762,0.15307610200951668,0.0929005045164521,0.09131527687672877,0.13611685796955897,0.05168179766859057,0.017959997436280163,0.11433468624547474,-0.014326248579359326,-0.001142497419989597,0.006393675377405195,-0.0933980285563241,-0.07446692473633228,0.049027281621364986,0.015133903388880385,0.04583147693454487,-0.007971978867724357,-0.011657473277626
0.21882012358763298,0.10630837982019511,0.1783246005765314,0.22022307902035837,0.19602100144271709,0.10843036374926239,0.1923132159947109,0.19934060948473198,0.21408762573665754,0.2595204370544082,0.486728461395649,0.2400796164974429,0.25210951012707716,0.21511183088716174,0.19882795570920433,0.2286690464404692,0.18485331003335045,0.16967297602093043,0.23118009748741705,0.2363772841782733,0.13850357942592983,0.16093644203019533,0.1632830824116125,0.17701195294300628,0.12044662064188516,0.23593084229484873,0.20508501936960788,0.16345214967963995,0.1695731488299439,0.11016490134075199,0.11697117055937564,0.14449230284820108,0.06785433138321746,0.10742077389540637,0.16481255845408263,0.13057617440464273,0.12097577397026675,0.12081813585109852,0.14831000981017373,0.12172453226002812,0.1296968870418118,0.10945905606068049,0.15246612210874905,0.1110640331206041,0.08727954874911667,0.13342514400481165,0.04409332198422417,0.01712167593854863,0.1254866832910009,0.028298804054398805,0.0011008148462874022,-0.004245036959963432,-0.06119528838206241,0.012884557812206434,0.06697699526600683,0.05145599690257033,0.0037531839665799105,0.057426325053701835,-0.003812139466233859
0.24666495432775598,0.07827144318110288,0.24706067806708173,0.20474462978012403,0.23142147440439315,0.17448671460327375,0.16784064965560677,0.19944480093440958,0.218419012982341,0.23457362036468477,0.2400796164974429,0.526023384436425,0.281481839519735,0.2548482950811725,0.2908419652169229,0.26438947315521544,0.24720916463938872,0.24137233078370363,0.23802880475142432,0.26780976943728424,0.237181632594346,0.19858634077882242,0.22641536204558207,0.2388114627857533,0.1610488303868392,0.20233601082161382,0.23305248985287838,0.22296676323173797,0.20485429168368507,0.14893903449547843,0.15888600792806618,0.145771707516483,0.06788972759736848,0.1248006865875604,0.14076811132046643,0.12822545934456983,0.13285942928950334,0.13555911589329692,0.15175330652544436,0.14548031742376066,0.13632836041498791,0.12256298877296826,0.16848268247145615,0.13019919495332,0.08130614116841389,0.14836613444729,0.04805243830884294,0.017712543195517155,0.12502003649616322,-0.05076292638238287,0.001993956391385553,0.00646363098525707,0.0400888121411637,0.030039070035407893,0.05398754669610701,0.018241035114482895,0.02397679537943755,0.024348268531919102,0.00686778728495343
0.2952889076319366,0.11417733194679743,0.1346364829454098,0.19689432951194794,0.1936562134918893,0.11931270263715552,0.21118947136680247,0.23391048106220483,0.22483817322964514,0.19630019556979228,0.25210951012707716,0.281481839519735,0.6746640729835774,0.1965216158655422,0.21801032824493344,0.2540013656427338,0.17056704466047493,0.21039256365769904,0.19814097415327506,0.29205455690691157,0.12846206021353682,0.12443263713296777,0.2085412764918585,0.18873100835761444,0.1638404005293686,0.17496848204635967,0.18929038362391012,0.1814136273166925,0.1777297582582666,0.10477884809130322,0.13889672333177144,0.11134024634817724,0.04750344298322807,0.09476135486986575,0.12479128692969975,0.07983852279343945,0.09145221558809759,0.10193620613988712,0.10740468018388709,0.11193580511970924,0.11606073036918733,0.09918973786973864,0.1262924255203504,0.12537329572454467,0.08854398963384953,0.08934525849936721,0.02760784012774438,0.012324546241292313,0.09560007489274665,-0.0684733600329285,0.005846214851068627,0.01257183548277449,-0.005591808531011654,0.012530875618370374,0.03742256972298617,0.0573102071369174,-0.045181353183056557,0.03807799957945726,0.013785450205531716
0.20565584361458175,0.09661588796952926,0.21688062008512501,0.19019868006002222,0.19411639045394644,0.1744812165021818,0.14916383648360795,0.17416511270551918,0.2255213189424369,0.18180374513279945,0.21511183088716174,0.2548482950811725,0.1965216158655422,0.41907240169323184,0.2241627114859771,0.2441115045183635,0.2739136544363757,0.2295693330766661,0.25215968536781763,0.2893552661961219,0.20104544615775125,0.19985624460015902,0.2094560340122262,0.2333940096832484,0.1532885485758586,0.19339994709580022,0.33391891547290314,0.14551703482479372,0.18796697236009938,0.15961148112209414,0.19147439900842803,0.1547523977664982,0.06761123399670403,0.13316487934405322,0.1729011469390885,0.14109305942471584,0.1505803237599377,0.15210898984080928,0.16619541858081405,0.12829864678995237,0.14056722494604634,0.1416713164217681,0.15904234432502423,0.1300470680720885,0.07510084138443726,0.1473024516973262,0.05202861515345757,0.0183662872172441,0.113758271931022,0.0011150816466814865,0.005328874011597501,0.025643797442182342,0.04921334767229133,0.06162829524755107,0.07377489754427648,0.005534263902409559,0.007325446237503001,0.01877119085629967,-0.020137178352923273
0.13838252539230614,0.10891984924365566,0.3014584158800823,0.2872002694005798,0.2680105069935669,0.21325601028338834,0.17569804262385041,0.20154864550722013,0.2460224305595369,0.2507880155013536,0.19882795570920433,0.2908419652169229,0.21801032824493344,0.2241627114859771,0.7617741516782041,0.26591908851699847,0.25340403324655686,0.2100830388951097,0.2341646031030253,0.1791396289302907,0.30526411489061983,0.1519168628424524,0.21004580294016043,0.19449282836561177,0.1720986849344869,0.21448460195542218,0.22182440834442307,0.17696223363654592,0.20624277123650706,0.1739842371538935,0.14716014176726533,0.13368239996337772,0.0730504944149363,0.12010467736806349,0.14561102004501095,0.10113860471900735,0.13119724930910104,0.10571391397850996,0.14578921258131045,0.1255992102948018,0.12361164461002438,0.10689675001805578,0.14238186499828195,0.08532280391774437,0.1107545638043807,0.10219599309050073,0.061976986303586244,0.027827428939885428,0.13193499193983244,0.01902126887737343,-0.0005178604576600679,-0.004897584134528107,0.008201253948966328,-0.0034739111413665826,0.04731527500409091,0.015720269973962003,0.07701798331286717,0.04360866436714655,-0.012045353694432933
0.3641299837509847,0.11532846365414476,0.2742530968472445,0.2672211077707929,0.2693598522716634,0.1880000854152567,0.22656060838635383,0.21551123431265662,0.24340633824196153,0.21281585405323286,0.2286690464404692,0.26438947315521544,0.2540013656427338,0.2441115045183635,0.26591908851699847,0.5309125523967042,0.21909943571811988,0.20329247691720645,0.2711731333767016,0.2285545168417759,0.2577818269822451,0.16910649603647682,0.22273988073721435,0.25797634124099333,0.1475378770971975,0.23021722746723203,0.20913574140914948,0.19457490310189465,0.20903389571393846,0.12073745915202316,0.13789721381940437,0.14949098110677772,0.08427045874591588,0.1272124272239023,0.09185664389422424,0.12123076421003112,0.13509719673506496,0.11043271835620838,0.13706593789160967,0.10534997742942195,0.14091994981823386,0.1200468524503013,0.15874420123695093,0.12908986356009072,0.08137030819017749,0.12619420231698275,0.05143272448492482,0.018639912168121633,0.11179976600349822,0.16975107215036464,-0.02831314350132923,-0.041749838197035725,-0.028609057415247052,-0.04655434704822044,0.07254747605962253,0.09429722893251297,-0.07407926816982503,-0.011686592596085963,-0.023658577268898195
0.22110643597782323,0.1166698685288987,0.1411450456721068,0.2073401691005418,0.23997963949310358,0.21531351375554247,0.12327488866430239,0.18517285524459393,0.23282875949827106,0.2206419334595909,0.18485331003335045,0.24720916463938872,0.17056704466047493,0.2739136544363757,0.25340403324655686,0.21909943571811988,0.9992699002821889,0.2571691576401219,0.26242986567575166,0.3664284358050687,0.2761804195454074,0.15872418282364875,0.2431848427620118,0.2917968084573802,0.1872934527292434,0.1844659113943914,0.3401651689180909,0.11911396900295759,0.21596197348920762,0.15550229857674874,0.1594173694331734,0.23794239181545876,0.09963512544545484,0.14004521191266017,0.11038975780304937,0.12246024446462157,0.14700581642472044,0.16139505404739637,0.14073112354078746,0.17178640235981127,0.15086884802726278,0.1345000866511474,0.17332993035423666,0.11708782604740485,0.08140465392340947,0.14056902346602942,0.04430173270445571,0.013430108290926163,0.10739687268218624,-0.017797444937174268,0.007569442967084585,0.03457226181541057,0.10670682631952128,0.027271213568695062,0.05971484168329279,0.023940998527321313,0.02834886346220589,-0.05490288073262533,-0.046163419312095874
0.1854902294830788,0.11875354912160636,0.15530224543038473,0.15971541956424984,0.22067489995753048,0.1920107299725825,0.1686731800515003,0.15112342299385229,0.1918532809606394,0.21147447052288051,0.16967297602093043,0.24137233078370363,0.21039256365769904,0.2295693330766661,0.2100830388951097,0.20329247691720645,0.2571691576401219,0.5638349254394965,0.2571703625058859,0.46633746907925794,0.1801026925440584,0.3333686067682942,0.3877046393927802,0.29139901714645167,0.11557419102140068,0.1674848601365016,0.19865170039698196,0.10920582294121811,0.1252974158890346,0.1046593436883742,0.11743916845623406,0.1281599992604043,0.04255166163226929,0.09834512500359928,0.11955417005179778,0.1331639600886003,0.12308788201005816,0.1317651874571398,0.1204677991645948,0.10788815729997518,0.10708517033082968,0.1104025502400976,0.12602423331712878,0.15310733596618023,0.06005482896249897,0.1381896426424433,0.03954122021998636,0.013170340785726913,0.11671666821980944,-0.05752727812461017,0.013909731328990002,0.040449657776054485,0.15600589374746557,-0.002599795404422541,0.05136205726523809,-0.01717207043985206,0.08397445903746116,0.028109140577919873,0.006473532275760613
0.22162974263293475,0.09487248186805652,0.21827463184854423,0.21223224915771477,0.23080420030955934,0.1844205448894455,0.17706783653050404,0.16640074962423412,0.20679641933751391,0.22534624320660243,0.23118009748741705,0.23802880475142432,0.19814097415327506,0.25215968536781763,0.2341646031030253,0.2711731333767016,0.26242986567575166,0.2571703625058859,0.6482568998871762,0.27306003750618146,0.23746630406260452,0.26181744994657885,0.23057387399473836,0.19765022528904927,0.10653432685825456,0.21149445107796078,0.18478461356652195,0.19301482882613635,0.15295034919027695,0.2017653821546827,0.14569856932985054,0.1605335597203156,0.06676234431152617,0.1332059338515769,0.14602387859636717,0.13535783909900495,0.13946262433046636,0.13684772825946456,0.1687812405777877,0.08008530667689537,0.12245741140413766,0.1383168317833069,0.1366973418422917,0.15350959047834567,0.06074219959247509,0.14570219290397607,0.06052247881347166,0.022989866489925518,0.11076427970555565,-0.05181701550418861,-0.0007043093272858753,-0.0003301129220784296,-0.030307935007496997,-0.01896295642248592,0.06454636682564191,0.013995839322286796,0.06123385569476845,0.03746267144518715,-0.003264659695854468
0.22233144355838663,0.08557638202387008,0.12648346898462076,0.19748826497038582,0.2718125881058786,0.25070513556074026,0.1710106996277355,0.2226680004842105,0.2491470540937069,0.2285439284581222,0.2363772841782733,0.26780976943728424,0.29205455690691157,0.2893552661961219,0.1791396289302907,0.2285545168417759,0.3664284358050687,0.46633746907925794,0.27306003750618146,1.3307914491973898,0.14334154869290866,-0.05437058173535235,0.41546179894994384,0.35401211404007465,0.07736348846990708,0.1953654750943894,0.24987365192250688,0.17571260098688618,0.11488827628531102,0.09623756713590279,0.18571579949813757,0.15336328799311952,0.07304591812668489,0.0844127101908802,0.0850623742978214,0.08968429794841062,0.08147558295894351,0.13233756685943776,0.21263430796471008,0.11132637287594982,0.133272228675328,0.13926564745751968,0.11092966698281967,0.11153296007536345,0.024319186207582624,0.14904824718076887,0.010136548540143706,-0.00019510792025667355,0.04529598038389599,-0.08476487548403439,-0.01031615107000149,-0.011332656005908985,0.031439090110721796,0.04908625884598271,0.04821200963315861,-0.043973337711589254,0.08223173904041042,-0.01970547069317733,0.01354910517535485
0.19927876496299468,0.12106255122340973,0.24919324799849016,0.21615957581323328,0.2573656605807858,0.16148303280587925,0.20931059348092648,0.16004861320735075,0.23400236370830244,0.24036528775110363,0.13850357942592983,0.237181632594346,0.12846206021353682,0.20104544615775125,0.30526411489061983,0.2577818269822451,0.2761804195454074,0.1801026925440584,0.23746630406260452,0.14334154869290866,1.0744951996307053,0.1669830575839472,0.19579587425717776,0.5516727970931039,-0.018128019860036537,0.3865680590973208,0.19866934259275348,0.2988189812016265,0.25305356632911813,0.16377904908442573,0.1466661880756495,0.09968120944619016,0.09278616919058683,0.1834463550016299,0.19515056597053557,0.13836088913304584,0.16892873175311487,0.0815810406681446,0.1060802845702568,0.05461060993886349,0.09768115295480115,0.1013677296238458,0.19904430605541873,0.09703351186756991,0.15224581847197538,0.056729199639183374,0.0503995302455452,0.02163505088174971,0.11247569033343804,0.02759028296693604,0.02059860693070348,0.053040086141053704,0.04912362768043229,-0.015280714951698958,0.047553227830610396,-0.08510481727299492,0.07985563222774013,-0.015903158785400696,-0.033589708610165976
0.1062975658428462,0.1475566219915962,0.17312934295164106,0.09286870676830378,0.1152771774639604,0.09383644314965668,0.1340781652944336,0.0904959105383176,0.1460710389396708,0.210357664364221,0.16093644203019533,0.19858634077882242,0.12443263713296777,0.19985624460015902,0.1519168628424524,0.16910649603647682,0.15872418282364875,0.3333686067682942,0.26181744994657885,-0.05437058173535235,0.1669830575839472,1.2367722090629,0.25277083684928797,0.43041051389825363,0.1979386882601688,0.16570991188928783,0.18388087572449646,0.09931803759569466,0.17792581503043925,0.12487160787096993,0.11867336511472827,0.14146440288295867,0.026335510900672533,0.1350715844541788,0.15170891975341114,0.19067092011026732,0.1983303010961874,0.17765589013456795,0.05618132818290165,0.10200023593995097,0.09926554953168332,0.11399062414228392,0.15706647794102493,0.2902565464169403,0.08315472446058568,0.1875366306243586,0.08291267151642877,0.03370166716121206,0.16876980950111578,-0.03032862554613211,0.02552188509211747,0.05308111431015964,0.3247907111080667,-0.07249836636047444,0.07697102936365678,0.00680846009998565,0.02381513089475756,0.08967181621305105,0.0012824411561435187
0.2001124020383722,0.14176747802671222,0.19305044544232564,0.1805411506796178,0.2255608261999673,0.22995523776579357,0.1651424762873447,0.15800444306183786,0.1893367487616343,0.21181369472282258,0.1632830824116125,0.22641536204558207,0.2085412764918585,0.2094560340122262,0.21004580294016043,0.22273988073721435,0.2431848427620118,0.3877046393927802,0.23057387399473836,0.41546179894994384,0.19579587425717776,0.25277083684928797,0.6680306704231961,0.2775376045986493,0.050471902467030816,0.16377150989961464,0.17724311376118917,0.11618744861340828,0.09742709673476191,0.10969459458631771,0.14331115073817963,0.12160995579464016,0.02790790831516403,0.0892667168054419,0.1124995627033705,0.12349344627028906,0.1082769724793736,0.1260417395000755,0.11699884636905467,0.0969287278463651,0.09523912824044878,0.0705408055360276,0.106268040911904,0.10339712852456345,0.06822469704320872,0.1147561867726822,0.03381050659670617,0.007805501226702469,0.1518899384257625,-0.08435343341609321,0.0033084543118673247,0.0016980463520333434,0.03286048957576307,-0.028551184307920828,0.04468898147213788,-0.0016642200444797386,0.09615820577964347,0.04126568739730307,0.008812151630405645
0.1584794070105625,0.1635344035174899,0.1780192155631355,0.1924288500111074,0.18257888622340257,0.030012254475857994,0.23331778861870692,0.14738195131712034,0.2921789003459953,0.2631131850384087,0.17701195294300628,0.2388114627857533,0.18873100835761444,0.2333940096832484,0.19449282836561177,0.25797634124099333,0.2917968084573802,0.29139901714645167,0.19765022528904927,0.35401211404007465,0.5516727970931039,0.43041051389825363,0.2775376045986493,1.512782596568543,-0.13005038618793544,0.3019707354413211,0.2091644152969933,0.2007780219264614,0.1641477826972655,0.1258439201950111,0.15069004169993425,0.07925663784981506,0.10473929335535281,0.1405079446801736,0.14578609883410934,0.18169813472022514,0.21874022460359033,0.10010002831148081,0.05728429137578721,-0.04491924032324112,0.14380261619766357,0.11749431487876688,0.1621073882950509,0.11439788495183476,0.06972333779072842,0.15841011832089977,0.04107280305112686,0.015652694566589728,0.09932910534311709,0.01091069491296822,0.031396120337932064,0.09038336754297582,0.2346298950758506,-0.026030385998357383,0.07490246584884669,-0.1625821769696426,0.015110471483663759,0.005085959054266089,-0.0682208431007108
-0.0073312474442689375,0.05068922961726263,0.12500724524444357,0.08514985451206204,0.17697953880146838,0.19017680681304555,0.07555342686764784,0.18578757703404875,0.11955929423364053,0.0884734146582366,0.12044662064188516,0.1610488303868392,0.1638404005293686,0.1532885485758586,0.1720986849344869,0.1475378770971975,0.1872934527292434,0.11557419102140068,0.10653432685825456,0.07736348846990708,-0.018128019860036537,0.1979386882601688,0.050471902467030816,-0.13005038618793544,1.1184079703348924,0.06799825806160344,0.19198325013620354,-0.010064863026103344,0.3542839633071022,0.1470089129132512,0.1403476490480221,0.2142672676140186,0.05692404055443321,0.11637538906854007,0.1539241082592645,-0.016095788077037626,0.07102069957419463,0.17803175462999618,0.2187496875125645,0.2202447398153758,0.10221724757197541,0.12690292401164185,0.15970952441731992,0.18980793278967967,0.13161068230166562,0.0942861456958175,0.07124222018788265,0.04214902102103181,0.22552208059099996,0.019883510236587396,0.018871750271686662,0.03044800779161511,-0.03540539029674782,0.01957956910701118,0.05121945339368173,0.07684940159438247,0.07202201564521504,0.06920491281818685,0.0458305202337291
0.2037927626851784,0.10075292085874016,0.19365886388716216,0.2021357074511249,0.2240980863699562,0.14739915319757624,0.17525043482428126,0.1602110726357849,0.23624018085377643,0.19990246238050036,0.23593084229484873,0.20233601082161382,0.17496848204635967,0.19339994709580022,0.21448460195542218,0.23021722746723203,0.1844659113943914,0.1674848601365016,0.21149445107796078,0.1953654750943894,0.3865680590973208,0.16570991188928783,0.16377150989961464,0.3019707354413211,0.06799825806160344,0.5728764856860468,0.18787277824257068,0.22765093177136564,0.22081544630222488,0.14219372723430185,0.14014033765576028,0.11084196891234112,0.08581734470291685,0.12600376557158202,0.25623550757958247,0.10197293030990717,0.11325264272774684,0.07328598880983626,0.16699507941415628,0.09106300918050478,0.12076636745239029,0.11558464066829328,0.15782125873411057,0.11734065125221663,0.10106982631869796,0.12467489771228238,0.04915311915790912,0.015332667652932033,0.09899846247987959,0.04490081245348578,0.035193917430379404,0.07227770114089305,-0.011086590229860164,-0.0012475048492341912,0.052548442287569726,-0.03520941407037555,0.040319199963983525,-0.015362768407110415,-0.010354303165590762
0.19113332732167287,0.08592075804954531,0.1900488577845771,0.18516059297721857,0.19412127071767382,0.17753540080260444,0.14965859576318857,0.1779348577605734,0.2205767609426929,0.17695698398505993,0.20508501936960788,0.23305248985287838,0.18929038362391012,0.33391891547290314,0.22182440834442307,0.20913574140914948,0.3401651689180909,0.19865170039698196,0.18478461356652195,0.24987365192250688,0.19866934259275348,0.18388087572449646,0.17724311376118917,0.2091644152969933,0.19198325013620354,0.18787277824257068,0.6793196575354026,0.135419750118779,0.23550134428694147,0.11700325792684922,0.18674856054651023,0.1704740331016408,0.06260077535662827,0.14396574124012043,0.17745807491263008,0.14014644946480292,0.15469346316835844,0.16259173996298273,0.16951370363358087,0.14280847231518154,0.14814777647644237,0.14864254187491394,0.16622999932500673,0.14372431089224144,0.07973706045452751,0.1634017168399691,0.06432752433530917,0.02376796272093094,0.11921783009509299,0.004630375647562478,0.010720606040786125,0.04161571872962,0.002234685958196352,0.042160083569976976,0.0719373687222674,0.002683336017628456,0.02983291046173509,0.019844784065580556,-0.02118632001097338
0.10625396193943148,0.12419072561321172,0.19051185988941405,0.09479143112798061,0.13768345345799593,0.23428370313809954,0.0987869141371102,0.0918878329509018,0.1782786403712353,0.14741046880313471,0.16345214967963995,0.22296676323173797,0.1814136273166925,0.14551703482479372,0.17696223363654592,0.19457490310189465,0.11911396900295759,0.10920582294121811,0.19301482882613635,0.17571260098688618,0.2988189812016265,0.09931803759569466,0.11618744861340828,0.2007780219264614,-0.010064863026103344,0.22765093177136564,0.135419750118779,1.7069709107612563,0.36526759880222626,0.17921503712743694,0.3307708700894118,0.33896865824195077,0.15398859283012406,0.2247116981724779,0.12237682247276355,0.1285635957822903,0.13784989189957214,0.09854275745286552,0.08921677113795393,0.09807061611569994,0.167935433863694,0.13511223006430034,0.2439781254054092,0.28784457741963354,0.06434098977024637,0.07169257877936924,0.01927119403373243,-0.009963812747265023,0.055138867816792524,-0.04346425759559294,-0.08439150809989827,-0.15127060387941405,-0.10600746904104476,-0.030363974194758277,0.04560610813310694,-0.07489394822378997,-0.06926637164192831,-0.03890913789695834,-0.008884510416248515
0.20170902975884025,0.15029051085138745,0.18130456789296515,0.1909124484311699,0.22279156591415739,0.17056120081932943,0.16297461892920226,0.184987245875538,0.21036272250843013,0.1797433268345528,0.1695731488299439,0.20485429168368507,0.1777297582582666,0.18796697236009938,0.20624277123650706,0.20903389571393846,0.21596197348920762,0.1252974158890346,0.15295034919027695,0.11488827628531102,0.25305356632911813,0.17792581503043925,0.09742709673476191,0.1641477826972655,0.3542839633071022,0.22081544630222488,0.23550134428694147,0.36526759880222626,1.0362334728475209,0.16489412019260632,0.24007901503229173,0.31562273410834163,0.13510575622829132,0.20945712223095128,0.11085829936350917,0.12361472019897098,0.13624072716148655,0.2093322143220832,0.28494787652265946,0.20655114616110418,0.14823981834705746,0.2640857090952996,0.4754891598226398,0.14610194084724942,0.11924912216943549,0.1330503459646594,-0.04977521721834343,0.0002065047763967674,0.23580695223956896,0.016531693418732007,-0.043310514204307295,-0.09834474707522578,-0.04396979466607715,-0.03142103025026329,0.06544628716256237,-0.04447116762812936,0.01123310846995471,-0.05228583085954935,-0.0120659806465579
0.10708311211881572,0.1009934958285516,0.26281969633291236,0.12614222106659462,0.15598478263092488,0.15091725583159366,0.13329556126063036,0.12732704701469508,0.1519128860224942,0.0977287782583395,0.11016490134075199,0.14893903449547843,0.10477884809130322,0.15961148112209414,0.1739842371538935,0.12073745915202316,0.15550229857674874,0.1046593436883742,0.2017653821546827,0.09623756713590279,0.16377904908442573,0.12487160787096993,0.10969459458631771,0.1258439201950111,0.1470089129132512,0.14219372723430185,0.11700325792684922,0.17921503712743694,0.16489412019260632,0.8748648266824195,0.20486401778806243,0.1678838439093873,0.08183861035141045,0.18226404705544777,0.12040422427814788,0.1799218312983069,0.15333876129571314,0.1760634129716435,0.15454595810787744,0.19654812314930228,0.11820255283927013,0.1321530908009528,0.16505136002752432,0.17513486737041536,0.04164297170950421,0.18651300012012742,0.10323056985768617,0.03755137181998967,0.1444647282176224,-0.024762057508738607,0.001721347571159565,0.016622681324833976,-0.10195089730534619,0.052616013033587275,0.053090598867017204,0.0411355924649748,0.048418579875763146,0.05455768618753471,0.004091205506945439
0.13830362032906893,0.1447289153568747,0.171139861783586,0.07732517351959152,0.13212291739460064,0.15065681589435767,0.11187965414915191,0.1563857613269276,0.15451868061140636,0.11425505692794115,0.11697117055937564,0.15888600792806618,0.13889672333177144,0.19147439900842803,0.14716014176726533,0.13789721381940437,0.1594173694331734,0.11743916845623406,0.14569856932985054,0.18571579949813757,0.1466661880756495,0.11867336511472827,0.14331115073817963,0.15069004169993425,0.1403476490480221,0.14014033765576028,0.18674856054651023,0.3307708700894118,0.24007901503229173,0.20486401778806243,1.1359829134107957,0.06641433708853514,0.09352616959989193,0.1600424040686309,0.16288792882510014,0.03681879696811964,0.17983746659960997,0.1060576314887719,0.19442144988658502,0.17283827332648202,0.12234179630743018,0.139132403830944,0.1134503796977814,0.21434620301187146,0.10455849551144931,0.05437639481573031,0.04686203541179317,0.05166343848387911,0.11947967709937737,-0.031103538311560843,0.003311710181648281,0.05251703078362979,0.06023321584331086,0.04532730383796617,0.13860416559154984,-0.011036209609782112,0.039902616166055616,0.07677832343835139,0.013741550088227483
0.11046111428551085,0.10788754977506514,0.14435076527269647,0.1341440325929738,0.13241946787352277,0.2211844652359521,0.09914540615497111,0.1167755159572404,0.13507257914923942,0.0971455069923199,0.14449230284820108,0.145771707516483,0.11134024634817724,0.1547523977664982,0.13368239996337772,0.14949098110677772,0.23794239181545876,0.1281599992604043,0.1605335597203156,0.15336328799311952,0.09968120944619016,0.14146440288295867,0.12160995579464016,0.07925663784981506,0.2142672676140186,0.11084196891234112,0.1704740331016408,0.33896865824195077,0.31562273410834163,0.1678838439093873,0.06641433708853514,1.2712015864560453,0.17164778754777432,0.1920592079772531,0.13839365422088776,0.32624979600383686,0.14385412027269046,0.32278444116154464,0.29530627111527763,0.21948383178052017,0.19793497347413724,0.18669377874300028,0.3264297276199524,0.11700599104650201,0.08888341323754656,0.24506778827427345,-0.032352687139399636,-0.0203702190799116,0.08107599991892535,0.0030733558704432945,-0.026651508898907265,-0.055691795413393655,0.00030182858293150545,0.023793905820545642,0.024378175594887898,0.007750273752357324,-0.054750425590217824,-0.09817880234160782,0.03320367709368873
0.07801037216327018,0.06768462020453977,0.07685129847477261,0.11473785464930071,0.08385245641802028,0.09019441641139801,0.07622303135959489,0.07092731205684011,0.09933567805911744,0.08331422697019944,0.06785433138321746,0.06788972759736848,0.04750344298322807,0.06761123399670403,0.0730504944149363,0.08427045874591588,0.09963512544545484,0.04255166163226929,0.06676234431152617,0.07304591812668489,0.09278616919058683,0.026335510900672533,0.02790790831516403,0.10473929335535281,0.05692404055443321,0.08581734470291685,0.06260077535662827,0.15398859283012406,0.13510575622829132,0.08183861035141045,0.09352616959989193,0.17164778754777432,1.2649355119744483,0.21736575346939851,0.02640019365011554,0.32133470112885537,0.23260062097681658,0.19336574529999287,0.24514637762229674,0.19001768212781026,0.24715889007094766,0.15460433105805862,0.18545187670248098,0.05617600530500005,0.195468428262886,0.06971460830841136,0.04162750476516231,0.05368450127891822,-0.1458225281945953,0.020235687224200025,0.0011553297489703056,0.020807946162097742,-0.005580218422222984,0.02161577157346203,0.13097150901462518,0.11915338645182166,-0.08638428713653548,-0.01848046252891848,-0.01299691530542924
0.10744509150953803,0.1064999454964082,0.13909208156779118,0.1058047146236907,0.11417421377556128,0.15037707834309158,0.09196635044162382,0.10111744141743008,0.13209346632120447,0.10792962880343175,0.10742077389540637,0.1248006865875604,0.09476135486986575,0.13316487934405322,0.12010467736806349,0.1272124272239023,0.14004521191266017,0.09834512500359928,0.1332059338515769,0.0844127101908802,0.1834463550016299,0.1350715844541788,0.0892667168054419,0.1405079446801736,0.11637538906854007,0.12600376557158202,0.14396574124012043,0.2247116981724779,0.20945712223095128,0.18226404705544777,0.1600424040686309,0.1920592079772531,0.21736575346939851,0.48832113882683914,0.20036540195301897,0.3385107514596827,0.27858807866066376,0.2938148612938541,0.20739727029206662,0.12859357160728235,0.179778936764732,0.18431914813327555,0.26571671393046015,0.09126248607872288,0.23543750368353392,0.12685887026539006,0.2420845289441696,0.08025800749497587,0.14059224665211817,0.019473737443604252,0.009845236937780503,0.02748809320872886,-0.07881722043765156,0.009541661863902382,0.07703884755046805,-0.012469994364285917,-0.03265563127312767,-0.017309299086486225,-0.019788062772187184
