0.8867162108234684,0.17901474884674962,0.2421599581300141,0.018557965858580994,0.09471367686384873,0.15154806586127367,0.1278719157483297,0.11829779544222985,0.113259759517484,0.06427402763473672,0.1038259352460481,0.1142491815789388,0.09143699978284939,0.1287679708668601,0.1164260696694469,0.10883569330467423,0.10725350214335108,0.15717316698076772,0.10432110704983291,0.0497617663403007,0.06609092164744511,0.12929974976377379,0.019811005646731317,-0.09127144475678999,0.174059135547218,0.10770388683065898,0.11910801590540285,0.09496237794829161,0.12107046625059183,0.06484428288781682,0.042034907154401446,0.1883341960320242,0.04198225187657503,-0.05611970339326858,0.13302820133062393,0.040908487608867505,0.03986815474371607,0.05262928943598297,0.1641172382290193,0.035597545939638174,0.11819481135745852,0.06248568718742578,0.07440212877665613,0.06747407781778775,0.3064531125703712,0.1485389467789642,0.12139208977486025,-0.11311831547470193,-0.04088214283601802,-0.03962124576834779,0.014557914991248243,-0.02839370679658822,-0.022582755982012096,0.017918521444175172,-0.016005089115813498,-0.006931638495590032,0.27146924976297904,0.31507020651826345,-0.6413086420662865
0.17901474884674962,3.1775291691403535,0.17481023049559527,-0.5688550302264845,0.17494332331545878,0.24985678564777913,0.23268653805820777,0.09802861534928439,0.2385458650517858,0.05354510516512782,0.1677274496148083,0.2348825531023157,0.18462890830104223,0.21021296436513062,0.31950334392455093,0.16425460988258028,0.21204543615727497,0.4547842258795748,0.20510891976498677,-0.10354707811003741,0.21302917149821887,0.44662736278511217,-0.11193764826045718,-0.1380615564617383,-0.09941024134202867,-0.2879105149612389,0.27520772057459236,0.33618724081554385,0.8088780745163754,-0.06627756284304212,0.07726040170424338,0.033529843279509496,0.24600174255083887,0.1413350982976537,0.1686375528927551,0.17522253742582314,0.3960129005385899,-0.03664923796636293,-0.18316170841885412,0.02001605013903819,0.14582134940296174,0.06925626156352006,0.12416929246796092,0.0017852215320170435,-0.22621869220267965,0.1573156109415054,0.18662852822653744,-0.22976542882005543,0.12798990760150275,-0.14222037110693034,0.2003650206630884,0.09714828081835407,-0.27420393382265174,0.08321370679859512,-0.4307256197197532,-0.08949302219475146,-0.3966880546132427,0.325656127313876,0.5618370324352211
0.2421599581300141,0.17481023049559527,1.4893830598040174,0.2606209661335741,-0.1902412927517348,0.34700592557179555,0.2577441040971963,0.23967724587896352,0.28617755630662334,0.40477126829010784,0.2338812885086892,0.29307684802788986,0.22783983413565134,0.2589790746883386,0.2938021159587565,0.1634730883213605,0.2937712192268656,0.2735410940725754,0.14107787976935976,0.21913423450756797,0.1885004144357356,0.4375543013416103,0.23422724386108965,0.22375402592380034,0.45171173863677516,0.27976107534685113,0.23340659398697025,0.2566849503279417,0.6115734482686782,-0.19437662634367947,0.10310570874648681,0.20265376749257255,-0.004426451026980491,0.5382087031620462,0.326968951895667,0.49175326800390495,0.19807947229494582,0.11885130295932449,0.4461042909707523,-0.1036825515336308,0.5769098016089421,0.19306088142129985,0.22290421499719704,0.22290893397531839,0.5336241186735826,0.4062700701385449,0.09930150177064673,-0.20900026234313374,-0.06465056861646809,0.09384945159168451,-0.10489976771766263,0.28316517255610374,-0.17448513757643078,-0.11589769634115438,0.20967445529750342,0.1466881329396995,-0.057229021466479096,-0.33618456441290145,-0.07061164082866377
0.018557965858580994,-0.5688550302264845,0.2606209661335741,2.3438311578594946,0.17805501762876993,0.23716736386767587,0.12184221881329546,0.28643945626643785,-0.027261003306879864,0.2818594018778772,0.19839141632910046,0.278832330942877,0.2521755815072623,0.23101843311278297,0.18887541706275376,0.33686258029794836,0.18906076274366512,0.21769242249113507,0.1921903953608773,0.23179192652520683,0.26809964662284425,0.23417601893296003,0.2975809728484319,0.30891747370449024,0.40218364496308173,0.315089105733867,0.16256801917534783,0.09551826146323691,0.11369606687300761,0.35879703062424556,0.2159387520633021,0.3619092983687996,0.1637915283911034,0.41566629042855546,-0.04944868476089647,0.25922003005521443,0.2536837829385384,0.13441014409240146,0.39546502685518525,0.046345106133376494,0.3248359528170778,0.22689485844967291,0.2131068447720752,0.4327526216881576,0.36483283326555543,0.296164310226941,0.32574471705735114,-0.04314721604331427,-0.13847010830541245,0.27757539571327516,-0.10221219899686727,0.3220858099265847,-0.137797659812221,-0.14237744411455308,0.19780069741733228,0.011820061787353448,0.25236235321127665,-0.14699909105970968,-0.3346208880624985
0.09471367686384873,0.17494332331545878,-0.1902412927517348,0.17805501762876993,0.760707117772507,0.29513583915444624,0.2858967301322011,0.29311106407910653,0.17431325592565675,0.1393177850032582,0.1876459279090224,0.2085458042296705,0.17034158959907816,0.24363534733461029,0.20570650246733968,0.3189254668810601,0.15722321149364502,0.19565790311026454,0.34648176569771655,0.14669905370346634,0.09959394653155298,0.2556904356945776,0.13840667233604276,0.1749470969108195,0.08675776182635417,0.17765865819055196,0.1494329634777743,0.032406646673624195,0.15749528295868373,0.23792270587874526,0.22646311022393556,0.22929053778654943,0.15674197873740625,0.2109067343725665,0.12537998086989038,0.11909624068919461,0.18098865337461326,0.09130976882174935,0.24863174310057037,0.16449510728035502,0.09100450870939454,0.19106301348296176,0.17069939596214698,0.25713840018928136,0.032166719701563706,0.10243532168811488,0.22912885542705508,-0.023492812961269004,0.28152593091770156,-0.03171021462384114,0.03297641523074357,-0.3080870986257959,0.29600607113416655,0.05126880887840589,-0.11514226392770549,-0.0656019715452477,0.035694865031776775,0.176933663935617,-0.062483642675223515
0.15154806586127367,0.24985678564777913,0.34700592557179555,0.23716736386767587,0.29513583915444624,0.6613986057647914,0.20489857837503303,0.32224000368745653,0.1997032178726282,0.18864713348081708,0.2393167637187804,0.2794923399095201,0.20418533050880863,0.32001728990692024,0.27781921981484764,0.301169190757264,0.27714661629403137,0.2772812627815061,0.3865340731148362,0.24673867246498224,0.13134060683837606,0.3727839031943594,0.13168718997212892,0.19423701648212405,0.2913534116394654,0.3870206351484332,0.21189969762259606,0.24545164648235093,0.38117163825152456,0.09503176216800405,0.24772959709007572,0.32033822345238705,0.025112561819299835,0.3920352277667791,0.30219918260363976,0.1193359710572254,0.3213992500739836,0.14153281738453966,0.4244712462381614,0.08950765368358622,0.2653257770828124,0.22580117820780926,0.2702517707725819,0.29559131666810445,0.34571830477118365,0.19248262270908878,0.2291890456740905,-0.10781219217126572,0.40093289041368435,-0.0026738845615866765,-0.16723682458600897,0.05407064121797802,-0.20819842436429647,0.04054313785256759,-0.03523989351985509,-0.005004666396586672,0.11983809695994839,0.08335388494396107,-0.20059763691591548
0.1278719157483297,0.23268653805820777,0.2577441040971963,0.12184221881329546,0.2858967301322011,0.20489857837503303,0.744375110332941,0.2071345544108758,0.2765274044428636,0.17032769730307898,0.26335492891003837,0.30929225137650623,0.1931816763114358,0.22753860257932415,0.2061383652182566,0.27664406977036965,0.2598559830125524,0.21403778383945737,0.18708491611797998,0.13764990325595122,0.16155755457482482,0.3089998883743839,0.20932469895194292,0.20115665230507496,0.28191998969192905,0.1531752202116121,0.222081581932057,0.09829046113693243,0.3283187489063125,0.2169428791780146,0.1973434531171034,0.22864929639338896,0.13367753995498372,0.3677061355401024,0.21074641091897006,0.3454456251388872,0.18454290550828834,0.08430890482871166,0.2137647462908137,0.059203105958603314,0.24504914050047363,0.20891019341372688,0.17735016169954068,0.20059779171026743,0.1292395518589707,0.23951163141566473,0.20912378974154483,-0.08825079115977706,0.0684877006956288,-0.052846388483406725,-0.03326320836804216,-0.013653046441837827,0.202610940613481,-0.03584283284801748,-0.09730948660714914,0.08267422768344962,-0.02502723776988272,0.07605212639455977,-0.17260103088951495
0.11829779544222985,0.09802861534928439,0.23967724587896352,0.28643945626643785,0.29311106407910653,0.32224000368745653,0.2071345544108758,0.7156458523871622,0.14981495260425906,0.2438493626748373,0.24422549371340027,0.17125791318268707,0.20332531179222316,0.28727959708705214,0.20595646636896692,0.25516024478218974,0.23215649599333849,0.28713444786905207,0.2812977781326824,0.27700669005087397,0.21505523984940766,0.32691562944501934,0.1795087161903873,0.19420677389042948,0.221742079325401,0.42318004742766113,0.21692381315512976,0.08350484020338406,0.18954629771304116,0.2690690821118409,0.2528288021392034,0.298564086214025,0.035815203778598204,0.39844132697335766,0.20406159451027572,0.2005498317002668,0.3081170922188474,0.15140508745349665,0.4617438392251601,0.08813768408275552,0.31688350742256244,0.22808195788408794,0.29010784072613294,0.20309643975458713,0.40190562529207785,0.21516670796626008,0.3116924210546773,-0.024182487057710658,0.2978050582746906,0.09412394125626279,-0.07739299208069808,0.11196857705621056,0.011394956590147748,-0.10599485481825148,-0.06625704133875747,-0.029451904586335568,0.13587483559114233,0.1833697843093749,-0.29132371918338884
0.113259759517484,0.2385458650517858,0.28617755630662334,-0.027261003306879864,0.17431325592565675,0.1997032178726282,0.2765274044428636,0.14981495260425906,0.7872967179605809,0.09287095445491665,0.21406116308159917,0.16954092900280957,0.12486137189275745,0.2752450976776637,0.1580726432470866,0.17543567079638867,0.17794050577373877,0.1641347716654517,0.11704283228526073,0.1386975515067175,0.15039658073169998,0.22135458874812552,0.13025714078814887,0.17176607601657232,0.25440743036906316,0.12367792387601266,0.16014088639314744,0.11229020783297942,0.26876831944446145,0.19769860697136973,0.1913561559595007,0.1908868589798315,0.08654135586070469,0.3124476546913785,0.20561180728617323,0.21356994572319415,0.16732653440549056,0.08442820858542227,0.12832166757114807,0.02764196137008148,0.17308883970081995,0.1505204966667973,0.17387434453605818,0.13594403337877622,0.2537196741672162,0.19519484550759902,0.19499645049054526,-0.11978208136482135,-0.151588645545083,-0.20390921351684915,-0.03312426792143307,0.005283328096058371,0.14974037302236126,0.008807517115789835,-0.016440050795235667,0.10512993669744622,0.08033875378344078,-0.0017889971818241016,-0.21883548067810976
0.06427402763473672,0.05354510516512782,0.40477126829010784,0.2818594018778772,0.1393177850032582,0.18864713348081708,0.17032769730307898,0.2438493626748373,0.09287095445491665,0.7565235914907411,0.1637209193306185,0.22748555034189016,0.17712212842609165,0.23425942872612698,0.2288833444761037,0.17965903942914782,0.19924902293422148,0.23214363422007758,0.1390027761610919,0.25288981788636594,0.1722750887505797,0.2724339511184243,0.190122721629487,0.2187866420691729,0.3038302868981675,0.15491131838865121,0.19932289828253166,0.13108772573061755,0.31493796433449134,0.2197243968012144,0.18469671743941532,0.17865744856770277,0.07194622246527835,0.3996808017269922,0.19744145965162047,0.36844357901227687,0.24656699227360956,0.1411611332359574,0.35988875223588657,0.07716785115789629,0.3975440963843669,0.17325547082195,0.17917691674275282,0.20425870215882494,0.354880909543016,0.2439239931386117,0.27604154175332785,-0.10349524387884831,-0.06330801543678086,0.01697134672734034,-0.01666379518106629,-0.02019120443235447,0.07269595806060529,-0.03566917555038921,0.15780057713197818,0.06041897302952228,-0.014916514307796763,-0.2763619916684288,0.03666374942026278
0.1038259352460481,0.1677274496148083,0.2338812885086892,0.19839141632910046,0.1876459279090224,0.2393167637187804,0.26335492891003837,0.24422549371340027,0.21406116308159917,0.1637209193306185,0.5444021078108007,0.29290198778550597,0.19428681893143393,0.2098331250893971,0.2520106490780276,0.24695231458193131,0.2466556860503849,0.18414456129252704,0.16144572899502688,0.22608363511364415,0.1149615224677116,0.2448588670920026,0.14761910056741584,0.19849757414796823,0.19655030738226298,0.25870536446932463,0.24030157938814578,0.11236819833333743,0.198564902018091,0.11488529693892753,0.2199168478217072,0.235065193338061,0.04727160997753148,0.27494413764008535,0.22902219234786844,0.22970867240804319,0.19207455403125626,0.1229757683830142,0.29622658934679286,0.10558536986124252,0.21398369193903402,0.19588065016984463,0.18439875029002725,0.11989186397228702,0.2721662547031465,0.17092158751386394,0.1765691901608088,-0.07106624626829704,0.12329729688292154,-0.1146795025969679,-0.049340638227417785,-0.0015698869675143824,0.08189776845810606,0.016795648731752117,-0.08753612110863594,0.062417352758334384,0.03819100222927281,0.12440540230464556,-0.2675114280584345
0.1142491815789388,0.2348825531023157,0.29307684802788986,0.278832330942877,0.2085458042296705,0.2794923399095201,0.30929225137650623,0.17125791318268707,0.16954092900280957,0.22748555034189016,0.29290198778550597,0.50719039638441,0.1731503085795636,0.26352057525095307,0.2871560728432058,0.2607261841664252,0.2628982626702335,0.16831558423380957,0.19719288743718483,0.21840493353894305,0.13202006895599416,0.2607924152088176,0.15597628368826516,0.1869712929057862,0.30244509463825414,0.24043311800765332,0.25645111110350766,0.10329832168454092,0.31254906898425117,0.1357404837356084,0.1612231995064196,0.2589923725995889,0.03984960986577611,0.33093952532448023,0.20757212449413093,0.3338452667870484,0.20535076608675504,0.1225560585957795,0.2761449802440848,0.08392366406533357,0.2751954715204348,0.20216821349714584,0.16751985479746798,0.11128080963479586,0.28866073725869146,0.20691383585270887,0.17912962443113284,-0.08445432204652545,0.12263912426504743,-0.04761997962622397,-0.059087025371290576,0.00814192791461122,0.05888636331508604,0.0007769766204783787,-0.06814521773889984,0.08326498369351289,-0.011163921658513562,0.045007902272546835,-0.21167128480289904
0.09143699978284939,0.18462890830104223,0.22783983413565134,0.2521755815072623,0.17034158959907816,0.20418533050880863,0.1931816763114358,0.20332531179222316,0.12486137189275745,0.17712212842609165,0.19428681893143393,0.1731503085795636,0.44460465215554906,0.14597957344236048,0.08649356864628238,0.21760564685940365,0.18161296254939352,0.17659766056663154,0.16626770340448702,0.15187957359642942,0.14441802067452125,0.28538009776621814,0.13650818606074458,0.1285081780110378,0.13187629584597324,0.21909202878821601,0.20239778554613957,0.1172039988904943,0.21062408222815165,0.0803043515342139,0.13482091379462952,0.23968903426407825,0.07268038142636386,0.25370008081852014,0.17006375330855417,0.20776540449680508,0.1754942605820985,0.08307077844867618,0.32596211882152626,0.0682881973680844,0.23174165632563543,0.15943989108388654,0.19092765422610347,0.18164069738056962,0.0775025525055921,0.19588117055898918,0.15211943923821797,-0.013877197575526653,0.28643625101925974,0.19269003984058425,-0.04347294159512103,0.06519206723132796,-0.042352967318432404,-0.13255359616128476,-0.06347715474955719,-0.02701991276947457,0.027152458186860153,0.08231101966373121,-0.07924832501522076
0.1287679708668601,0.21021296436513062,0.2589790746883386,0.23101843311278297,0.24363534733461029,0.32001728990692024,0.22753860257932415,0.28727959708705214,0.2752450976776637,0.23425942872612698,0.2098331250893971,0.26352057525095307,0.14597957344236048,0.7255296999196242,0.3546051046181323,0.3862155293542205,0.2880145514988547,0.24276830638646685,0.26782393372743546,0.22237975538985694,0.07292043594320925,0.29509655126058826,0.16005988191722245,0.2298251810802659,0.3492419163625296,0.2525631075551386,0.1166964864485674,0.29433606100913057,0.3524668627218675,0.22506178896794826,0.2551523677212368,0.21560748537304644,0.13061949574609044,0.30547062552601423,0.3011188831930957,0.15022178264321062,0.2974395590318817,0.11305200269264021,0.3090769026715593,0.10352772475795251,0.39892320624406796,0.22455532700981917,0.2832777662922941,0.35784060857001826,0.32884132019719864,0.203988740847702,0.2806577240750523,-0.16172988153178064,0.09899144127204908,-0.11823579205815807,0.012985513809793788,0.018499099308421005,-0.14918211086325567,0.10934723032063015,0.010890171147483778,0.07447958985608438,0.018389912419645254,0.06271529636513525,-0.18215828285445507
0.1164260696694469,0.31950334392455093,0.2938021159587565,0.18887541706275376,0.20570650246733968,0.27781921981484764,0.2061383652182566,0.20595646636896692,0.1580726432470866,0.2288833444761037,0.2520106490780276,0.2871560728432058,0.08649356864628238,0.3546051046181323,0.7478326394175615,0.21161143868300242,0.29251299335685604,0.2481992427422319,0.26667281433135254,0.20435464806115805,0.07411034500654996,0.2563295342341239,0.1476075781433298,0.24495542704752074,0.35154227000760396,0.22067019592165416,0.1670918912333187,0.2997619099478402,0.3176132638335255,0.20626381316485692,0.2493290101588893,0.186334203280963,0.13535834973499875,0.30629540835621105,0.2518196018863861,0.24851916687315617,0.25246299219909585,0.09519370971578586,0.3173064067899185,0.06292433542209025,0.34530630604610263,0.1992837826280716,0.19899547230118406,0.23857408684028306,0.2553595694072323,0.23197479662681394,0.24996600128592078,-0.1229187866011308,0.044608806410530666,0.03252313608606627,-0.02399035254554319,0.21542751725747436,-0.22192748140822624,0.030026341075430413,0.010387916912613045,0.11353797233817055,0.024237285794731816,0.006306792155756109,-0.19551064511659802
0.10883569330467423,0.16425460988258028,0.1634730883213605,0.33686258029794836,0.3189254668810601,0.301169190757264,0.27664406977036965,0.25516024478218974,0.17543567079638867,0.17965903942914782,0.24695231458193131,0.2607261841664252,0.21760564685940365,0.3862155293542205,0.21161143868300242,0.811388482610508,0.21285372947017922,0.2038930256855412,0.316752329157369,0.1696135115012432,0.05184443458302256,0.3319478409918855,0.10581031310600011,0.18760341184249643,0.2231705131569878,0.2845079268391017,0.21333395606200606,0.20868390960968233,0.23273390997769505,0.14135647398481493,0.16933996480959307,0.29063392282233763,0.03624997992046447,0.3277171002963885,0.4436912452932927,0.07252736069450048,0.14136350500011724,0.07324362443086732,0.41270312309637375,0.14004561228587437,0.36428635833002226,0.2669286507254608,0.32413152221042046,0.38403205227791143,0.12491593334957438,0.16180699208216615,0.2018252960245073,-0.07997914491735988,0.34574853997300686,-0.13490894659669975,-0.04166546660132088,0.1409190733206599,0.05718996298230343,0.017138858408680534,-0.024264023028256858,0.01588480652747212,-0.048135497179265095,0.17612063360913746,-0.11412817545623123
0.10725350214335108,0.21204543615727497,0.2937712192268656,0.18906076274366512,0.15722321149364502,0.27714661629403137,0.2598559830125524,0.23215649599333849,0.17794050577373877,0.19924902293422148,0.2466556860503849,0.2628982626702335,0.18161296254939352,0.2880145514988547,0.29251299335685604,0.21285372947017922,0.6257732226878716,0.18377603487853308,0.25880704514871006,0.26841864823231637,0.14706663395228653,0.28088728932049634,0.11732425532800285,0.18267654962562205,0.2738346557301185,0.2252118346776508,0.20872909307529708,0.404029994431046,0.2642825474020243,0.20588102317621784,0.21771477017760837,0.20965967871538693,0.21906525709124225,0.28833958441421514,0.29624851695026094,0.33120087486367766,0.3930124757432739,0.1530292956289033,0.2606475556739592,0.09188417167326492,0.3168482970448362,0.2886214294952995,0.21569389369457984,0.21244594044477733,0.3829476263073029,0.25070206681430046,0.24580895539832331,-0.06176452037173428,0.056523375826321394,0.11277221641113605,0.0011073398069579175,0.1799429146851988,-0.31071236536277447,-0.041320825285942324,-0.1736467722594954,0.036350632303301274,-0.03656783722223703,0.15510983404678397,-0.2698088393817938
0.15717316698076772,0.4547842258795748,0.2735410940725754,0.21769242249113507,0.19565790311026454,0.2772812627815061,0.21403778383945737,0.28713444786905207,0.1641347716654517,0.23214363422007758,0.18414456129252704,0.16831558423380957,0.17659766056663154,0.24276830638646685,0.2481992427422319,0.2038930256855412,0.18377603487853308,0.5985589985676657,0.2037237852922553,0.05497302089536308,0.12763988294207565,0.32334047016515666,0.28477445342057145,0.16280431888793917,0.2325767589962382,0.29571973270805946,0.1044422010479271,0.21831785568566098,0.28762110673857416,0.03977723842778492,0.2650605066959535,0.20645507821706316,0.16414065693091895,0.2918039135505399,0.15466048733757676,0.1701808021275537,0.2801010962467891,0.03547582824938378,0.315564620237577,0.08396808916523557,0.3294716383103738,0.14717470117669573,0.25069504384504554,0.3321070746013049,0.22416266826734324,0.2274477024749858,0.3250938495734098,-0.11444703783945807,0.1168392128296514,0.056644716572715116,0.051887480248450024,-0.014777853990762943,-0.19246259504998675,-0.025704031025899937,-0.054188232824385035,0.03360952027543213,0.08465308821551708,0.16734981948856933,-0.25039070776941386
0.10432110704983291,0.20510891976498677,0.14107787976935976,0.1921903953608773,0.34648176569771655,0.3865340731148362,0.18708491611797998,0.2812977781326824,0.11704283228526073,0.1390027761610919,0.16144572899502688,0.19719288743718483,0.16626770340448702,0.26782393372743546,0.26667281433135254,0.316752329157369,0.25880704514871006,0.2037237852922553,0.7103018944661612,0.1432067260186269,0.14627271167891348,0.2968102529744275,0.02630871988805645,0.17458989532019886,0.14699208816922113,0.2773209962880168,0.1450746425730604,0.3044230304226676,0.10863035362226822,0.24688323987300992,0.28637859914738356,0.2866746132662465,0.18036404128115904,0.2250948599462785,0.17580200114902628,0.08352312791787202,0.3042411534974743,0.10014354358507738,0.3550722160554379,0.05546790994240097,0.19610876070377914,0.2157037632404031,0.20098312650285843,0.24670825374525512,0.23931487031290438,0.17389054606200116,0.2232538118064649,0.0024505349023955895,0.25667750014459384,0.15494455489355607,0.08155754787566524,0.46884990446112385,-0.43342168292059335,-0.07417595397875516,-0.012120862426013594,-0.04525731678889149,0.13307411581214515,0.0904656712796186,-0.15690299320571127
0.0497617663403007,-0.10354707811003741,0.21913423450756797,0.23179192652520683,0.14669905370346634,0.24673867246498224,0.13764990325595122,0.27700669005087397,0.1386975515067175,0.25288981788636594,0.22608363511364415,0.21840493353894305,0.15187957359642942,0.22237975538985694,0.20435464806115805,0.1696135115012432,0.26841864823231637,0.05497302089536308,0.1432067260186269,1.0481173902204644,0.12985814513455735,0.0890465366773077,0.07050130134301981,0.2879338075197579,0.3231550624492021,0.4243660209225755,0.2748762879283412,0.11362485539138169,0.21474908621546918,0.3102782914335094,0.2057349239256341,0.2791536646702266,-0.0778925065206173,0.34947024331162096,0.15935916301340702,0.36667223450248293,0.6077490910302709,0.5067069615574772,0.73445349991169,0.29423642312474757,0.22132450322040695,0.33209683701119874,0.2526965658255165,-0.1419053850420427,1.041486343738668,0.16496821485121008,0.19212961418962612,0.08265418668764689,0.2678540667362072,0.07025588573596948,-0.1397765511263449,0.10170431661278431,0.009714519921912768,-0.061143126648832834,0.09710133874144926,-0.05177163195437003,0.22815129592439434,-0.13235000696458432,-0.17880357771914399
0.06609092164744511,0.21302917149821887,0.1885004144357356,0.26809964662284425,0.09959394653155298,0.13134060683837606,0.16155755457482482,0.21505523984940766,0.15039658073169998,0.1722750887505797,0.1149615224677116,0.13202006895599416,0.14441802067452125,0.07292043594320925,0.07411034500654996,0.05184443458302256,0.14706663395228653,0.12763988294207565,0.14627271167891348,0.12985814513455735,1.3870444422178396,0.11319609109942681,0.10798116837358995,0.10344767419329616,0.05545253337096421,-0.34694666510387384,0.035614241313485596,0.1259230036788965,0.20301693908559648,0.5317000929560821,0.21559542555077607,0.18990683131437439,0.22745174943248,0.11568153405594434,0.03845723631063441,0.27321274027583137,0.30231257845131193,0.1251514418608276,-0.16521219430722128,0.19633170284244322,0.05183027123139198,0.14094168177803207,0.1191873871424195,0.22517921960006765,0.7955541585587708,0.14330171011636747,0.37772981592043037,-0.09246615013220773,-0.9878226849326173,-0.06833749949874336,0.04518158487879445,0.010027296974119203,0.09248602661571112,-0.01655873250819853,-0.011871898352058544,-0.0394245382111796,-0.08613678679612358,0.07572813717928156,-0.019292266197933308
0.12929974976377379,0.44662736278511217,0.4375543013416103,0.23417601893296003,0.2556904356945776,0.3727839031943594,0.3089998883743839,0.32691562944501934,0.22135458874812552,0.2724339511184243,0.2448588670920026,0.2607924152088176,0.28538009776621814,0.29509655126058826,0.2563295342341239,0.3319478409918855,0.28088728932049634,0.32334047016515666,0.2968102529744275,0.0890465366773077,0.11319609109942681,2.1672729018467405,0.26506847842529496,0.27702282502165726,-0.04685230057940201,0.2027322801528137,0.2828080137023681,0.2336591854217743,1.0739272991558237,0.03812176974709122,0.4748784553270313,0.5236654979501866,0.30607406278839056,0.5791859702060806,0.23708115109119393,0.4895146269512988,0.0141834906135826,0.08490480929959858,0.7095938700135672,0.09180614866589018,0.6364860935796897,0.2603836817208663,0.5869094671224676,0.6050985507858194,-0.339010977026287,0.696316970984977,0.2686566289303031,-0.8004109448445506,0.7970459118537218,0.2597734593807979,-0.10702764099157959,-0.09485612369781149,0.008243003669989675,-0.05293887175942031,-0.06864698856044743,0.0006782587492623622,-0.0880900751856809,0.20619422430971981,-0.07983764967702227
0.019811005646731317,-0.11193764826045718,0.23422724386108965,0.2975809728484319,0.13840667233604276,0.13168718997212892,0.20932469895194292,0.1795087161903873,0.13025714078814887,0.190122721629487,0.14761910056741584,0.15597628368826516,0.13650818606074458,0.16005988191722245,0.1476075781433298,0.10581031310600011,0.11732425532800285,0.28477445342057145,0.02630871988805645,0.07050130134301981,0.10798116837358995,0.26506847842529496,1.2691454395335597,0.27337822572636616,0.7922003544144153,-0.015606495575126028,0.07787536856178494,-0.07663487468209661,0.6979791645261709,0.19391230590396075,-0.2695989533561274,-0.0886000240268174,0.06646951114231975,0.5025788605371577,-0.13076599817445536,0.6430558594190057,0.04225020699549608,0.015747939825267333,0.770598332862014,0.1940823070928076,0.7352441124311742,0.07446303717249196,0.10043327642350183,0.6954643790383909,-0.04016353317925362,0.2663289891794076,0.2686021965468541,-0.05705313688698967,0.11025626910387704,-0.086608598084306,-0.06256662950155825,-0.07434258459598267,0.15106561848276887,-0.0041948030082186215,-0.10100739329441695,0.018946150880332264,-0.394661543778464,0.030699148564751613,0.29707422134700984
-0.09127144475678999,-0.1380615564617383,0.22375402592380034,0.30891747370449024,0.1749470969108195,0.19423701648212405,0.20115665230507496,0.19420677389042948,0.17176607601657232,0.2187866420691729,0.19849757414796823,0.1869712929057862,0.1285081780110378,0.2298251810802659,0.24495542704752074,0.18760341184249643,0.18267654962562205,0.16280431888793917,0.17458989532019886,0.2879338075197579,0.10344767419329616,0.27702282502165726,0.27337822572636616,0.9615333172265507,0.25763419684660677,0.14189200722843978,0.14564420585910498,0.15937618876511347,0.10388856236716003,0.38142652651847797,0.5134076415480335,0.25020120613354346,0.2717986173161845,0.19296483176971493,0.08529364208940694,0.40065797785631635,0.41243148973015453,0.16552955038222134,0.27400533242051156,0.0856541250339761,0.19053232010983331,0.24052632095747148,0.16323696759465464,0.2526137732246509,0.08043418361327655,0.2604962768194901,0.28978266708127537,-0.044088434646247114,0.2552457222323498,0.013650667567019837,-0.10365157922286301,0.13092303784880885,0.049208795148293044,-0.06469058481780167,0.2804816951029233,0.06682918456588287,0.24891469395889435,-0.6366223525968661,0.17045026121000165
0.174059135547218,-0.09941024134202867,0.45171173863677516,0.40218364496308173,0.08675776182635417,0.2913534116394654,0.28191998969192905,0.221742079325401,0.25440743036906316,0.3038302868981675,0.19655030738226298,0.30244509463825414,0.13187629584597324,0.3492419163625296,0.35154227000760396,0.2231705131569878,0.2738346557301185,0.2325767589962382,0.14699208816922113,0.3231550624492021,0.05545253337096421,-0.04685230057940201,0.7922003544144153,0.25763419684660677,3.0316510528184177,0.2678488849976584,0.21003409508997561,0.1376194488744057,1.282857372501164,0.7891099818036381,-0.8790381118256224,0.14978219687585917,-0.36418572077360734,1.0050005576700318,0.5711544732180842,0.38094469021433247,0.2972378680324116,0.22257892349119535,1.3240936878738696,0.01926088744540245,1.4155033018433265,0.1786685065006322,0.08495009809868782,0.7211519977474292,1.0856524950837647,0.6032503288213463,0.5365056891074339,-0.45759769684867074,-0.9430967203067199,-0.22770135061967303,-0.17728431100808414,0.03759120832455168,0.12889574987062527,0.07599642529708293,0.027128621869420944,0.22684937991233572,0.057924675920815176,-0.14024755191157934,-0.3326279307387168
0.10770388683065898,-0.2879105149612389,0.27976107534685113,0.315089105733867,0.17765865819055196,0.3870206351484332,0.1531752202116121,0.42318004742766113,0.12367792387601266,0.15491131838865121,0.25870536446932463,0.24043311800765332,0.21909202878821601,0.2525631075551386,0.22067019592165416,0.2845079268391017,0.2252118346776508,0.29571973270805946,0.2773209962880168,0.4243660209225755,-0.34694666510387384,0.2027322801528137,-0.015606495575126028,0.14189200722843978,0.2678488849976584,2.622188382739203,0.3143901536026158,0.38473933269690547,-0.7256859809282921,-0.16772997899463032,0.27825792123547066,0.6707895399211277,-0.14152841501872865,0.563528671863899,0.6329441290320479,-0.07575526674589267,0.14746980486131353,0.19612329250691787,0.7573017858586638,0.12671910840832054,0.7060214104768942,0.403669894738754,0.4492073225505314,0.020430935376549105,0.8676895275685446,0.01845849839699443,0.028083867816665654,0.2330314316863526,1.3547447509922261,0.4982217869667666,-0.21551778813025682,0.19115347566323948,-0.5441191127917271,-0.17894967789693159,0.3396174690299113,-0.07734649523662881,0.36182699891415837,-0.1003874422762232,-0.369094992483493
0.11910801590540285,0.27520772057459236,0.23340659398697025,0.16256801917534783,0.1494329634777743,0.21189969762259606,0.222081581932057,0.21692381315512976,0.16014088639314744,0.19932289828253166,0.24030157938814578,0.25645111110350766,0.20239778554613957,0.1166964864485674,0.1670918912333187,0.21333395606200606,0.20872909307529708,0.1044422010479271,0.1450746425730604,0.2748762879283412,0.035614241313485596,0.2828080137023681,0.07787536856178494,0.14564420585910498,0.21003409508997561,0.3143901536026158,0.6421927323789217,0.12438272288969206,0.1888386558582808,0.03779938192409961,0.13258543052950025,0.3375774111404639,-0.02324938155149924,0.30274969753308306,0.2630498325063691,0.3878877745790729,0.1718045652232517,0.15652214708469153,0.36948627139249307,0.1212092979741767,0.3391510668728755,0.20391566586769516,0.23853619072460563,-0.10962079266947956,0.41969334570164535,0.19420695615652403,0.0875557144711745,-0.03691343974407785,0.47594861070128885,0.01929888000270142,-0.09232191210794131,0.11295962718271144,0.030236918386722274,-0.05228902188962498,-0.04234437396016198,0.02964009611140316,0.26128483249065526,0.06294890143269666,-0.36352043769501907
0.09496237794829161,0.33618724081554385,0.2566849503279417,0.09551826146323691,0.032406646673624195,0.24545164648235093,0.09829046113693243,0.08350484020338406,0.11229020783297942,0.13108772573061755,0.11236819833333743,0.10329832168454092,0.1172039988904943,0.29433606100913057,0.2997619099478402,0.20868390960968233,0.404029994431046,0.21831785568566098,0.3044230304226676,0.11362485539138169,0.1259230036788965,0.2336591854217743,-0.07663487468209661,0.15937618876511347,0.1376194488744057,0.38473933269690547,0.12438272288969206,1.1241182476725569,-0.004168863518902237,0.07019644634878462,0.35329576758352493,0.2013003550763543,0.5419985673766072,0.09716998043783472,0.7131644386714492,0.07111323216947395,0.27586504294104036,0.08362947537631474,0.12750023608247407,0.16080345039144978,0.33697840620672076,0.21288081410819848,0.3216708132357719,0.5584954431097262,0.15601048226217418,0.17345327554209636,0.1616583456159456,-0.02533535878351732,0.1664129641448671,0.19894988463755958,0.03451186118473346,0.6809174532546215,-0.9692136961240622,0.004849042221388445,0.18814787907398917,-0.022365712260390136,0.11038512474219783,-0.08643267683037842,0.05884760963577425
0.12107046625059183,0.8088780745163754,0.6115734482686782,0.11369606687300761,0.15749528295868373,0.38117163825152456,0.3283187489063125,0.18954629771304116,0.26876831944446145,0.31493796433449134,0.198564902018091,0.31254906898425117,0.21062408222815165,0.3524668627218675,0.3176132638335255,0.23273390997769505,0.2642825474020243,0.28762110673857416,0.10863035362226822,0.21474908621546918,0.20301693908559648,1.0739272991558237,0.6979791645261709,0.10388856236716003,1.282857372501164,-0.7256859809282921,0.1888386558582808,-0.004168863518902237,4.26782905720315,-0.2699589532750423,-0.8643506017811298,-0.22411050777474859,-0.17633336967709382,0.9564014686937731,0.045454279057365016,1.2237146642607333,-0.6914068417554999,-0.020334062848468795,0.9105293865742327,0.12364890361815288,1.5231672196336663,-0.011082499284685817,-0.10561774963708444,0.08796179033583437,-0.20779537345794638,0.630943915403961,0.14713381787646057,-0.7300224936275268,1.03326330222577,0.017092614183240037,-0.2718365456958265,-0.22229976002043147,0.10686286987475312,0.17852318628771685,-0.5301900659246512,0.10454085036357669,-0.9665406315400907,0.5858198976618143,0.43360021749888616
0.06484428288781682,-0.06627756284304212,-0.19437662634367947,0.35879703062424556,0.23792270587874526,0.09503176216800405,0.2169428791780146,0.2690690821118409,0.19769860697136973,0.2197243968012144,0.11488529693892753,0.1357404837356084,0.0803043515342139,0.22506178896794826,0.20626381316485692,0.14135647398481493,0.20588102317621784,0.03977723842778492,0.24688323987300992,0.3102782914335094,0.5317000929560821,0.03812176974709122,0.19391230590396075,0.38142652651847797,0.7891099818036381,-0.16772997899463032,0.03779938192409961,0.07019644634878462,-0.2699589532750423,3.8532323501017003,0.6051429083551301,0.5213640668875139,0.43797711018205954,0.35117797899167635,-0.09874381453870387,0.22318593940245643,1.3421620032419814,0.28337317356569974,-0.17958044651916233,-0.4357853056574776,0.34641464355553286,0.3619885179049321,0.3375976939280614,0.33806761702047256,1.0500158582224584,0.5534633705123491,1.7398306918018036,-0.3638386297544921,-2.1669162753257396,-0.044629241858464376,-0.14525421744932768,0.20227051973187812,0.1256039526763453,-0.0330994124272105,0.348265994221712,-0.3450540716011387,0.5085131368710741,-0.07841040776744496,-0.3119753113847795
0.042034907154401446,0.07726040170424338,0.10310570874648681,0.2159387520633021,0.22646311022393556,0.24772959709007572,0.1973434531171034,0.2528288021392034,0.1913561559595007,0.18469671743941532,0.2199168478217072,0.1612231995064196,0.13482091379462952,0.2551523677212368,0.2493290101588893,0.16933996480959307,0.21771477017760837,0.2650605066959535,0.28637859914738356,0.2057349239256341,0.21559542555077607,0.4748784553270313,-0.2695989533561274,0.5134076415480335,-0.8790381118256224,0.27825792123547066,0.13258543052950025,0.35329576758352493,-0.8643506017811298,0.6051429083551301,2.1853880232330356,0.5431717112048156,0.6602885425753513,-0.14009694265587125,0.0762576922876348,0.14214639532031048,0.9874255182245152,0.16174948207960269,-0.3847046121724327,-0.029666306618586356,-0.66239258389736,0.34838538866650876,0.386208048693883,0.2092934387346811,0.14946625474546713,0.32231201320144437,0.4667912917598747,-0.07289142520127927,-0.42773813676324907,0.22509585358727094,-0.02897503830123161,0.1934407104091121,-0.19726525913248463,-0.1290681001412438,0.41097383705735496,0.13546342808308554,0.7728561369914028,-0.49411999221086456,-0.5539112519922443
0.1883341960320242,0.033529843279509496,0.20265376749257255,0.3619092983687996,0.22929053778654943,0.32033822345238705,0.22864929639338896,0.298564086214025,0.1908868589798315,0.17865744856770277,0.235065193338061,0.2589923725995889,0.23968903426407825,0.21560748537304644,0.186334203280963,0.29063392282233763,0.20965967871538693,0.20645507821706316,0.2866746132662465,0.2791536646702266,0.18990683131437439,0.5236654979501866,-0.0886000240268174,0.25020120613354346,0.14978219687585917,0.6707895399211277,0.3375774111404639,0.2013003550763543,-0.22411050777474859,0.5213640668875139,0.5431717112048156,1.2468348248370766,0.18367362516356994,0.2190947946474429,0.27948727777863624,0.18535544775596377,0.2480159765307062,0.18016349012152602,0.23224072931210646,0.02108864705772568,0.08564208490587237,0.35067545307560677,0.18829708132241882,0.013467757487565696,0.6638656576138828,0.4391423254254182,0.40163606895978454,-0.24793950953006444,-0.18602475224811235,0.10106327260159993,-0.06714954460105851,0.139105805345356,-0.088016851819661,-0.11788615818406666,0.2718156744936249,-0.1082189190311683,1.3290648900680408,-0.5009592842741397,-0.8438492990846813
0.04198225187657503,0.24600174255083887,-0.004426451026980491,0.1637915283911034,0.15674197873740625,0.025112561819299835,0.13367753995498372,0.035815203778598204,0.08654135586070469,0.07194622246527835,0.04727160997753148,0.03984960986577611,0.07268038142636386,0.13061949574609044,0.13535834973499875,0.03624997992046447,0.21906525709124225,0.16414065693091895,0.18036404128115904,-0.0778925065206173,0.22745174943248,0.30607406278839056,0.06646951114231975,0.2717986173161845,-0.36418572077360734,-0.14152841501872865,-0.02324938155149924,0.5419985673766072,-0.17633336967709382,0.43797711018205954,0.6602885425753513,0.18367362516356994,2.4356577635211645,-0.40014940154464385,-0.6794029849000747,0.09143852795337504,0.361671351738571,0.028501357542427903,-0.754364952898006,0.038131570024378156,-1.0008268597918744,0.2852966718325426,0.3217625999980721,0.5845278206688012,-0.7492680953734103,0.30657965559406347,0.37723602291507663,0.08126227999571017,-0.6370510194188965,-0.025719077948025953,0.10774492407409855,-0.00775679864340244,0.08462910597016336,-0.1524897959048402,0.25994837350733097,-0.14671060546470285,0.052161761857978384,-0.036825543341753954,0.1152604952676546
-0.05611970339326858,0.1413350982976537,0.5382087031620462,0.41566629042855546,0.2109067343725665,0.3920352277667791,0.3677061355401024,0.39844132697335766,0.3124476546913785,0.3996808017269922,0.27494413764008535,0.33093952532448023,0.25370008081852014,0.30547062552601423,0.30629540835621105,0.3277171002963885,0.28833958441421514,0.2918039135505399,0.2250948599462785,0.34947024331162096,0.11568153405594434,0.5791859702060806,0.5025788605371577,0.19296483176971493,1.0050005576700318,0.563528671863899,0.30274969753308306,0.09716998043783472,0.9564014686937731,0.35117797899167635,-0.14009694265587125,0.2190947946474429,-0.40014940154464385,1.9450947381699792,0.6585326275819864,0.3478694711303231,0.18228017120498347,0.11963649329480158,0.8096074234985898,-0.09672770758445064,1.200071127163799,0.24400579206217504,0.4970136142985538,0.5906239063156312,0.6509366809140222,0.3416263413858194,0.36225108790131827,-0.23749845072276116,0.25474011484436293,-0.043441022193264296,-0.11299137170864339,-0.004009620003078138,0.1355127875939363,-0.02847495826243023,-0.20283332362471537,0.06555844926749334,-0.4459944410939932,0.20266995271341295,0.22722465299442315
