2.6501876457017195,0.4075142164503454,0.8281920508088166,0.19590014740552264,0.4258185547400415,0.24901499402208832,0.3329621253308098,0.13235873487646066,0.22803343506477533,0.29983534092282166,0.30880660825530837,0.34226349026996306,0.23070295992737816,0.27282336565928933,0.5048521261558075,0.30426853373228385,0.1460168646908084,0.3421342897484659,0.2903209658656599,0.21302209713084458,0.2658626647009899,0.30017058212313846,0.37777444174345515,0.0978307752645687,0.4802873256885963,0.3150646607072701,0.281962964389832,0.3283685055664306,0.41876845532240925,0.3425502851602577,0.2473372238290292,0.24787628581326418,0.4075999308272452,-0.14612798088353032,0.23876964752309654,0.38632488326625314,0.4582165778307186,0.19331351971919777,0.21141361846606152,0.2005025408596826,0.3632962447561583,0.26071826015217314,0.21366298226043332,0.07363462966851383,0.03699291038261307,0.5566381014909141,0.2513798587246639,0.20060398267318064,0.04266945756767304
0.4075142164503454,1.7887983099180231,1.3005412166898502,0.09414070127649694,0.0391520150659622,0.5809479018260753,0.3742598933887628,0.48842990792538454,0.36050316031369356,0.41351458917370415,0.44296019158853134,0.4632789905801114,0.419494175774088,0.38462314741418735,0.3677271675289798,0.39942645133900756,0.4624529217607963,0.5113457994695448,0.26338139074583666,0.5997735424279034,0.3912405304803747,0.3724460389647012,0.21164219989475402,0.35313699989450215,0.4033214737299585,0.33818682366424146,0.5186950413876555,0.349265978995229,0.5361138897802068,0.07759705490032458,0.3421964242238323,0.3800092933839192,0.3016834799625064,0.5126058591905119,0.3851850591775616,0.4676854076897766,0.6477672204408352,0.35761701125390116,0.3788791446026379,0.21387007469022826,0.31266930027073514,0.38400598611041065,0.35962223053708536,0.03604928512027882,0.028645220107079667,0.6550227152379726,0.510726496469941,0.26725536145717693,0.2832179530990224
0.8281920508088166,1.3005412166898502,3.0104757187355773,0.19179140304525208,0.05296773456386716,0.7518395205702855,0.5341813197907662,0.6005897147483683,0.5234888951838306,0.5983896012963079,0.6501758224923346,0.6928261596738557,0.5630289256726825,0.5264213028821021,0.5716536546151328,0.5126704050459687,0.6330402023369491,0.5113633320416673,0.397850320787055,0.5666161997726248,0.4835672925196245,0.5512850071217159,0.30458281803035514,0.4875292929280014,0.606306764845968,0.5454103965672553,0.41465679983185405,0.41441588758079195,0.9082734901642885,-0.12801049981325494,0.4308374094246876,0.5137091472370333,0.3172086093276012,0.6849665170290218,0.5249436030811223,0.6415086366249116,0.8178902816801766,0.4400275553265498,0.416029864461131,0.11116272228333406,0.48065535207018356,0.46975153198793157,0.3223024147853186,0.040840732772523855,0.08200041052054774,1.0098686336504388,0.6678336962387036,0.19132225308621803,-0.013018420880328438
0.19590014740552264,0.09414070127649694,0.19179140304525208,1.2654847933142643,0.37345572662036647,0.337169898741751,0.3537990445863779,0.3468111035191264,0.26655876372563875,0.3507582496013773,0.3139933047892675,0.326424878858022,0.3368955435729525,0.3085054223986998,0.2552897796857823,0.31585795241390485,0.3217619002701574,0.31625118818236864,0.27561372265419515,0.27629083056032916,0.26076342478382253,0.2733793012315611,0.2354792918934713,0.2689461668486288,0.2727414115734048,0.2938722307871933,0.2895885287920495,0.2275861899463934,0.27930907174886715,0.16741294717468688,0.24829935194428107,0.2913478870230082,0.23821706281016677,0.3694606514822949,0.2237402492780476,0.3160934488387258,0.38782324799299844,0.19764862851626952,0.29080490246494983,0.19858893975755912,0.2487717814260168,0.2569603206926748,0.2718013026784212,0.14986898238550644,-0.08770266825940677,0.3923709844722926,0.3912156328452931,0.19535587636104534,0.2526714696332203
0.4258185547400415,0.0391520150659622,0.05296773456386716,0.37345572662036647,1.6415858311968259,0.22473655068764173,0.40879550100364104,0.21806181236367553,0.2957414207745774,0.252419984697097,0.3327056246686252,0.3327935200623213,0.3257720363047703,0.3389669183291043,0.409985171239869,0.38244875468068723,0.26634644755604864,0.2446912504662666,0.7573327188137451,0.061179267973902315,0.31089129111347585,0.3621159449364654,0.1770150119124103,0.287386921820358,0.3567002379592237,0.2660988046037046,0.3492496254574286,0.3256039942050964,0.35217482675906414,0.3437081737383036,0.27669891996644735,0.32029499736609823,0.3627832165648113,0.3927402350375053,0.25857154153560485,0.49002218327540153,0.4560256053131183,0.1475473782899192,0.3187511482274156,0.1854471972237894,0.2969796518282577,0.30150213626567635,0.29637789169419987,0.0354556157426175,-0.11129347397454106,0.5580397264528547,0.24495908339628453,0.20790110366108489,0.24816785310409986
0.24901499402208832,0.5809479018260753,0.7518395205702855,0.337169898741751,0.22473655068764173,0.9843694951158393,0.40943296558483944,0.6732094835776801,0.456686770510381,0.44564692952160756,0.5202301970036085,0.5457514610110193,0.5277265054996965,0.5489145958920113,0.36915973749988007,0.5336795459065683,0.6397909865155138,0.4232313935900169,0.5445458490043905,0.5597005588789253,0.4699711010620091,0.4970965259223086,0.27004475409138856,0.4477423065025376,0.5734076341605205,0.49181513117394854,0.549573967615379,0.37716823642971503,0.7198026287250567,0.10912681408762685,0.378579478275994,0.5063990304409531,0.36487931856258754,0.6420573926183688,0.3786125481834732,0.4061630465418562,0.7538920029370352,0.37685755029305723,0.4803097063145482,0.3021141739574169,0.3644464885917545,0.45588120613728644,0.4561933937729698,0.06621962960223796,-0.04556361392633688,0.6814514148014786,0.8221089872750524,0.2150464360310059,0.362796760871259
0.3329621253308098,0.3742598933887628,0.5341813197907662,0.3537990445863779,0.40879550100364104,0.40943296558483944,0.9011853606727563,0.5578753001757097,0.4838276087067829,0.35209432591272033,0.5290274728851115,0.5910575040543969,0.5237009968630593,0.4512448187574287,0.39303266754034355,0.4627334969794423,0.5064517217055449,0.4358939970850005,0.3635768124553109,0.44107675136938324,0.4018630437117877,0.4595548401107546,0.2913201515170005,0.4075155456469691,0.3624473918933662,0.46817143047532583,0.468036058815784,0.3112727811072004,0.42721562965173393,0.18801731428512355,0.36305472459112953,0.4546093074806861,0.334404814243157,0.5489935428002112,0.2995857191729851,0.6097398881780622,0.49824382779746507,0.276660529223228,0.4447094898568768,0.2721252251666914,0.3163379878046036,0.39563183509480226,0.4150348984281985,0.06859314229804403,-0.14663416416697453,0.6341142912887295,0.30148057423779173,0.30063898681955986,0.6439143680055118
0.13235873487646066,0.48842990792538454,0.6005897147483683,0.3468111035191264,0.21806181236367553,0.6732094835776801,0.5578753001757097,1.1841443306208335,0.280141618782803,0.5369442119288167,0.5560651101386379,0.4431074891395956,0.6355968594330721,0.5705899995058731,0.2584571867144149,0.5401698976038437,0.7225194624258392,0.4710016025575609,0.41499031169648776,0.6315616627449488,0.4470645068731094,0.41506949598698195,0.3216773350467916,0.4289149719550274,0.5221783281099968,0.5289549824920384,0.5696686509102967,0.3354095801815705,0.5876439235412341,0.10180682586743442,0.3843825910606724,0.4953924993342212,0.34761525081408945,0.7103272211029336,0.38618684542448783,0.3928688124602912,0.7729704045457888,0.37817980628543735,0.5364210541166973,0.33124053493532396,0.42141922213182575,0.44003719905252436,0.47881903539449167,0.07996736187280576,-0.14703482148786262,0.6735606613895455,0.8829119812854223,0.3036740741584044,0.492809900210915
0.22803343506477533,0.36050316031369356,0.5234888951838306,0.26655876372563875,0.2957414207745774,0.456686770510381,0.4838276087067829,0.280141618782803,1.0699301696246684,0.29253026311173896,0.38200816201365656,0.38823140889753316,0.4458212339114415,0.37062211427235836,0.48480126792969014,0.2757067264572894,0.41239633908375795,0.37395824504781294,0.3411830344122426,0.35888960420714466,0.3401530241037106,0.5762600423989733,0.22437299270087363,0.408638894244901,0.21912351042489062,0.4721966901823012,0.4817415436973585,0.37136535922302055,0.3768629173455232,0.19811259583919966,0.3368398835236338,0.39111209463296664,0.3754168149150551,0.42574783437333347,0.3185216412615729,0.4380476333970743,0.45477777562621724,0.2366863289489707,0.36779335976420835,0.1901135982264408,0.3080921484681322,0.3328307792466263,0.3890064091627306,0.045024725087912915,-0.21363745949111038,0.5062113581043651,0.30619769696501387,0.16008685111244822,0.9002355544118071
0.29983534092282166,0.41351458917370415,0.5983896012963079,0.3507582496013773,0.252419984697097,0.44564692952160756,0.35209432591272033,0.5369442119288167,0.29253026311173896,0.8832534136840596,0.44687226961644905,0.40296626068828556,0.5106727495725492,0.43963714232696094,0.3634894077335023,0.44548611018436907,0.5766408652466336,0.41594644180753815,0.31666826152496774,0.5277711434676394,0.3680283649247779,0.34652116353283013,0.30636253969769617,0.3558067590030224,0.4285566862679877,0.37462639349704996,0.532760486912845,0.4066303657673641,0.44663928969910494,0.24184131231481185,0.3814352698260371,0.40100255729746626,0.36975142040782377,0.5908957478271629,0.4488967217729893,0.4364088452767147,0.7177163422584715,0.3293721144527012,0.4306581407114134,0.2935026399212449,0.459359774187656,0.3729260645095213,0.39094376484176613,0.07617800701833793,-0.1682706318643295,0.6671371883746942,0.7721882730880169,0.31781462642016517,0.3697369748938661
0.30880660825530837,0.44296019158853134,0.6501758224923346,0.3139933047892675,0.3327056246686252,0.5202301970036085,0.5290274728851115,0.5560651101386379,0.38200816201365656,0.44687226961644905,0.7430160167489875,0.6181532475649818,0.5563475002951277,0.4717016830841779,0.49739678658536496,0.5102816036279566,0.5932492834877592,0.4185488386057475,0.3911073961737333,0.5184248404773723,0.42561129521594004,0.4248939876251579,0.3119666673493957,0.42436692713917906,0.41765727366641764,0.4940571546591272,0.5038465228530584,0.40085517276636307,0.5178716542345827,0.14080449443152884,0.40043006373779194,0.4728055555132499,0.37719570241985817,0.5931340579887717,0.42770909022375514,0.5136885572762803,0.648283505720957,0.3233309296458983,0.45812590091016187,0.2993467565974279,0.38308493188926024,0.4215910148859616,0.41332459094470003,0.029671219857548736,-0.13667885194164595,0.7008864072381603,0.5895343845203537,0.2981032427099044,0.42891990433717975
0.34226349026996306,0.4632789905801114,0.6928261596738557,0.326424878858022,0.3327935200623213,0.5457514610110193,0.5910575040543969,0.4431074891395956,0.38823140889753316,0.40296626068828556,0.6181532475649818,0.9269577661051195,0.4838724339862511,0.4903322667428294,0.4659172789074049,0.5462791496959237,0.5689370712760435,0.4036784532957508,0.40153808300192284,0.4817090549396492,0.41771975010195117,0.44286632494938427,0.30371651243785375,0.4079335788353675,0.4219840856835412,0.4917948379049052,0.5078733194328945,0.32672037137776566,0.5264392721567831,0.10963270000921566,0.37941373034525994,0.5144555249725805,0.3668506981654683,0.5787390880416939,0.31503044863312574,0.6140792485596039,0.5749167548497214,0.31551365804251597,0.4375693222753503,0.29216582356590026,0.34806596101830206,0.4096148076085075,0.4079075236400153,0.03448152636628341,-0.1473520215731515,0.6896171209939364,0.4981188889629393,0.31019343428187396,0.49636920533100704
0.23070295992737816,0.419494175774088,0.5630289256726825,0.3368955435729525,0.3257720363047703,0.5277265054996965,0.5237009968630593,0.6355968594330721,0.4458212339114415,0.5106727495725492,0.5563475002951277,0.4838724339862511,0.8290847152208229,0.4844941630088398,0.2411018774825073,0.5100644838480312,0.6157293228276385,0.45848893399731677,0.38220573063163926,0.5400364483684503,0.41651821533141137,0.45205509198583765,0.3256553983312783,0.4219136713306877,0.4369980933079968,0.4562705198716052,0.45603187018950875,0.3932729864505031,0.5339447527827735,0.1793732525593499,0.38494017064962366,0.4870722288723196,0.36570177447044855,0.6281505139428855,0.4460247519430715,0.4565491893756062,0.6671680373045433,0.33087746862104894,0.49233734610911567,0.30714055486800346,0.40194159177142164,0.4112705924538839,0.4425436105017193,0.0753950168790993,-0.19655983881784012,0.6870465416200742,0.663449452355847,0.28428876415794463,0.5386718466705062
0.27282336565928933,0.38462314741418735,0.5264213028821021,0.3085054223986998,0.3389669183291043,0.5489145958920113,0.4512448187574287,0.5705899995058731,0.37062211427235836,0.43963714232696094,0.4717016830841779,0.4903322667428294,0.4844941630088398,0.8092868338818765,0.4582153320327484,0.6534422800237963,0.5706465447987199,0.3644513365485174,0.42238262728581594,0.5186969690887595,0.4297197543674308,0.4836224310172126,0.3207113036622884,0.4243884619752317,0.5225044194003384,0.5398506882851277,0.5453495452319755,0.4500522516625209,0.5484742457811665,0.2038665682912632,0.3701694729200846,0.5740869517198316,0.4308532050758023,0.6100307409454729,0.4450924128061821,0.4140686923896154,0.737958447138451,0.3511498543793959,0.4063841372873161,0.3012537362084045,0.4575548387639324,0.42328108338103543,0.480678947718808,0.042895960087413844,-0.20782958847435895,0.6693325028799901,0.7334109396365783,0.3061320891518057,0.755855960912119
0.5048521261558075,0.3677271675289798,0.5716536546151328,0.2552897796857823,0.409985171239869,0.36915973749988007,0.39303266754034355,0.2584571867144149,0.48480126792969014,0.3634894077335023,0.49739678658536496,0.4659172789074049,0.2411018774825073,0.4582153320327484,1.3375545511743065,0.5075227215827145,0.30793756679442286,0.32917280495462836,0.3802251724421194,0.32517952933535127,0.3504410699623153,0.4609299218544474,0.261249516974121,0.4037106506289559,0.3209609934905508,0.501659785313991,0.5103634376181648,0.45351550976095384,0.4488502678218573,0.24034740845527777,0.3243418032220362,0.41720570194653916,0.4296846018496322,0.41572879980038213,0.3756592279908914,0.4867020317174472,0.5102187602121551,0.2230271964037693,0.2952614320783438,0.21740069578866958,0.39216926281102765,0.35358019102832305,0.3373505546696643,-0.0077473195626856246,-0.18932615972345895,0.6403020697401376,0.3739417466987133,0.23930869451030726,0.5646966232820567
0.30426853373228385,0.39942645133900756,0.5126704050459687,0.31585795241390485,0.38244875468068723,0.5336795459065683,0.4627334969794423,0.5401698976038437,0.2757067264572894,0.44548611018436907,0.5102816036279566,0.5462791496959237,0.5100644838480312,0.6534422800237963,0.5075227215827145,1.1552217113072967,0.6045415781577371,0.3892787498204384,0.438822446907915,0.5722141368120982,0.4157700592355605,0.597918603129175,0.23080367135259242,0.44275777638486147,0.4594076158734327,0.4503619410791764,0.47606213469390846,0.43701064730452555,0.5882758640839608,0.19471041245966655,0.35293505602999264,0.5858816020619337,0.3791385747842291,0.6118975165883078,0.4674147866105054,0.4489622899618178,0.7135083403565572,0.36172142265708734,0.4637048610413447,0.32791069652694327,0.43299394591226714,0.4042433162970965,0.5089241723821587,0.03100058725197835,-0.1603814629673283,0.6594691211278856,0.6981997932093217,0.16138360629514845,0.6608091809966716
0.1460168646908084,0.4624529217607963,0.6330402023369491,0.3217619002701574,0.26634644755604864,0.6397909865155138,0.5064517217055449,0.7225194624258392,0.41239633908375795,0.5766408652466336,0.5932492834877592,0.5689370712760435,0.6157293228276385,0.5706465447987199,0.30793756679442286,0.6045415781577371,1.4214567023083429,0.22869668111834518,0.4307620829038445,0.8178822168895549,0.5087663192937406,0.5044806864236497,0.44797132315074134,0.4226953076587812,0.6963114561903422,0.39228512648632746,0.8222797641466572,0.5928557256276886,0.595503527953622,0.20389853243640285,0.5364587324008684,0.5091993187368751,0.5657564153964273,0.7856496573828113,0.590012527801286,0.5305535219594442,1.1376749796082042,0.4778388678554935,0.6311642420714734,0.4318689074717404,0.49191924669672815,0.49791232125605056,0.6035990663273892,0.054125698031316415,-0.1278093478542115,0.8837010797134353,1.069394125522059,0.38325599854689874,0.4910157724570957
0.3421342897484659,0.5113457994695448,0.5113633320416673,0.31625118818236864,0.2446912504662666,0.4232313935900169,0.4358939970850005,0.4710016025575609,0.37395824504781294,0.41594644180753815,0.4185488386057475,0.4036784532957508,0.45848893399731677,0.3644513365485174,0.32917280495462836,0.3892787498204384,0.22869668111834518,1.0485538334069942,0.29440497430702767,0.2860937515870659,0.35326579756346843,0.35164428931943004,0.479521360065284,0.4342512164765693,0.3461263279741033,0.3930277877909736,0.15686373487009594,0.2740716513806598,0.4617052345174916,0.15253972997239426,0.2942202143195802,0.3540079905442363,0.28167336335373155,0.4575440440084181,0.26586462782995696,0.4294534997197333,0.45391137942077114,0.20826546587841968,0.3495847283067761,0.23458479024723589,0.3084185598513822,0.35307717295700747,0.3284030095044417,0.05351441127715414,-0.13443885000193898,0.5275144836827577,0.4884305525721488,0.24442147789428853,0.37776740137002823
0.2903209658656599,0.26338139074583666,0.397850320787055,0.27561372265419515,0.7573327188137451,0.5445458490043905,0.3635768124553109,0.41499031169648776,0.3411830344122426,0.31666826152496774,0.3911073961737333,0.40153808300192284,0.38220573063163926,0.42238262728581594,0.3802251724421194,0.438822446907915,0.4307620829038445,0.29440497430702767,0.7964221481595308,0.21377271450928634,0.37601795581349046,0.4186991794043266,0.16278051448405917,0.33969921103676837,0.4868085093676864,0.32738446864213205,0.42985851779775397,0.3552284536351233,0.5445556520338313,0.26993965798679687,0.3166767768504868,0.3846345093229198,0.37636110853658283,0.4554437561456495,0.31065065921239754,0.45795837478121465,0.5972240407596487,0.22907459381207512,0.38291398251661807,0.2137653648910528,0.3361255757594373,0.36123601840865727,0.3397677855896967,0.033564416697379716,-0.05212481705678194,0.6307133074963681,0.4876704280266014,0.1833173418045394,0.18132544621866875
0.21302209713084458,0.5997735424279034,0.5666161997726248,0.27629083056032916,0.061179267973902315,0.5597005588789253,0.44107675136938324,0.6315616627449488,0.35888960420714466,0.5277711434676394,0.5184248404773723,0.4817090549396492,0.5400364483684503,0.5186969690887595,0.32517952933535127,0.5722141368120982,0.8178822168895549,0.2860937515870659,0.21377271450928634,1.6340492755511893,0.4696175460903182,0.34453480259653063,0.1011936216282404,0.4288656604549233,0.44428919356225244,0.4511288475367736,0.7917882027352949,0.5466505844487858,0.3211797503371874,0.5469308031691816,0.5744342722417479,0.5005146026633102,0.4988883131403405,0.6970989653961063,0.5636768473625984,0.6527599614714793,1.2423305836986873,0.7591351040214344,0.6221261551025308,0.5477513897102138,0.43457300728649634,0.4773247050876946,0.7865006524589309,0.1411544486695934,0.19356164969375736,0.8226408177336688,0.5458098916177742,0.8139531609348086,1.0973753977160523
0.2658626647009899,0.3912405304803747,0.4835672925196245,0.26076342478382253,0.31089129111347585,0.4699711010620091,0.4018630437117877,0.4470645068731094,0.3401530241037106,0.3680283649247779,0.42561129521594004,0.41771975010195117,0.41651821533141137,0.4297197543674308,0.3504410699623153,0.4157700592355605,0.5087663192937406,0.35326579756346843,0.37601795581349046,0.4696175460903182,0.8471407563719805,0.3380589835215562,0.35929324377967636,0.3136010928850011,0.4291644283995669,0.36603122220818873,0.410825957592123,0.45678768360544236,0.4549800598414938,0.29040892516416666,0.49090404310177554,0.42114271567736816,0.40061153284174955,0.5473319064664539,0.4768087739619302,0.6464295571349813,0.7077885636789244,0.3398186946071028,0.4846142260070927,0.39739339627014325,0.4692506248429578,0.8252741287190986,0.46322869101148384,0.0024036623237910946,0.1634929046280599,0.6347313208224584,0.7760770217230716,0.3872635452957865,0.03503624161663622
0.30017058212313846,0.3724460389647012,0.5512850071217159,0.2733793012315611,0.3621159449364654,0.4970965259223086,0.4595548401107546,0.41506949598698195,0.5762600423989733,0.34652116353283013,0.4248939876251579,0.44286632494938427,0.45205509198583765,0.4836224310172126,0.4609299218544474,0.597918603129175,0.5044806864236497,0.35164428931943004,0.4186991794043266,0.34453480259653063,0.3380589835215562,1.117862799663847,0.17500086295688747,0.3979686656610995,0.31278100423555694,0.3980616625035569,0.5638062115652065,0.3680691145192352,0.5532140198338242,0.16037707013992272,0.3189560122454741,0.510756524024543,0.39266636443492187,0.5248865368688442,0.3379393840544638,0.4311135904786331,0.49626710182847755,0.2688131270141115,0.4489765841696642,0.1995308736879222,0.35555542612087415,0.3186504003881028,0.5477364559248494,0.029919736941745552,-0.2838463997979751,0.5671964732209529,0.4902978824195937,-0.3388281668444716,0.8868306467536615
0.37777444174345515,0.21164219989475402,0.30458281803035514,0.2354792918934713,0.1770150119124103,0.27004475409138856,0.2913201515170005,0.3216773350467916,0.22437299270087363,0.30636253969769617,0.3119666673493957,0.30371651243785375,0.3256553983312783,0.3207113036622884,0.261249516974121,0.23080367135259242,0.44797132315074134,0.479521360065284,0.16278051448405917,0.1011936216282404,0.35929324377967636,0.17500086295688747,2.183451032831375,0.2989454286704108,0.6600536064689047,0.17367537628244106,0.2971480390723326,0.538031697060508,0.4093547557620553,0.3823809943684742,0.5284559668240485,0.21868487002112716,0.7993809406305253,0.5028444567651068,0.2894116438207526,0.5996591914527454,1.1368988252895604,0.1241394492073671,0.5912038981774407,0.5116857644263678,0.3601750039150098,0.38052898884209374,0.46548429552042364,0.11132464961471118,-0.37349259658015527,0.9777701799018647,0.9552626879771311,0.7818758900662162,0.33855648073977557
0.0978307752645687,0.35313699989450215,0.4875292929280014,0.2689461668486288,0.287386921820358,0.4477423065025376,0.4075155456469691,0.4289149719550274,0.408638894244901,0.3558067590030224,0.42436692713917906,0.4079335788353675,0.4219136713306877,0.4243884619752317,0.4037106506289559,0.44275777638486147,0.4226953076587812,0.4342512164765693,0.33969921103676837,0.4288656604549233,0.3136010928850011,0.3979686656610995,0.2989454286704108,0.9414122788939923,0.30475491193249094,0.370817248779554,0.3905054015294708,0.3389040945552899,0.5359063545000743,0.2700853117527454,0.3260098110430901,0.3881390828006358,0.34858921454319014,0.45379247572129433,0.32951431705121925,0.53472890316983,0.47541090015031323,0.24932418383205407,0.317575790580311,0.21488765776346977,0.31318924758922706,0.3112689431363979,0.32230449916007425,0.014088325565536108,-0.18533013159264114,0.5656886302679558,0.4482838794279498,0.2585832855604438,0.567268795106314
0.4802873256885963,0.4033214737299585,0.606306764845968,0.2727414115734048,0.3567002379592237,0.5734076341605205,0.3624473918933662,0.5221783281099968,0.21912351042489062,0.4285566862679877,0.41765727366641764,0.4219840856835412,0.4369980933079968,0.5225044194003384,0.3209609934905508,0.4594076158734327,0.6963114561903422,0.3461263279741033,0.4868085093676864,0.44428919356225244,0.4291644283995669,0.31278100423555694,0.6600536064689047,0.30475491193249094,2.0031459254084805,0.4084404857692842,0.5302778074990645,0.5033441920354055,1.41632606234513,0.45322064713279797,0.40708536948991647,0.41552430317761285,0.4636143905854746,0.7000920537779258,0.6357422633906066,0.3689813053724616,1.1870641013383967,0.35753221837982285,0.4318900483776834,0.31725301547627055,0.6021178131045822,0.4399054829186085,0.2650731245335671,0.04665134322697937,0.02293819067963662,1.1615949609295855,1.077468220106173,0.3179919118637851,-0.1104389039756679
0.3150646607072701,0.33818682366424146,0.5454103965672553,0.2938722307871933,0.2660988046037046,0.49181513117394854,0.46817143047532583,0.5289549824920384,0.4721966901823012,0.37462639349704996,0.4940571546591272,0.4917948379049052,0.4562705198716052,0.5398506882851277,0.501659785313991,0.4503619410791764,0.39228512648632746,0.3930277877909736,0.32738446864213205,0.4511288475367736,0.36603122220818873,0.3980616625035569,0.17367537628244106,0.370817248779554,0.4084404857692842,1.8992229405046506,0.6522378896273034,0.5141907833424799,0.4535120303238895,-0.022848195149663183,0.3378896079846242,0.5935333359481201,0.4866930856127481,0.5045731153703739,0.4613672198396505,0.2775550678704709,0.8545721697210015,0.38139900141005806,-0.17189387546042406,0.2926512571884157,0.7889423556523043,0.3912699118440357,0.35524330894034956,-0.01156442122570044,-0.2332893355516499,0.824607051908765,0.5021629202764614,0.48011397906394954,1.0354965165709384
0.281962964389832,0.5186950413876555,0.41465679983185405,0.2895885287920495,0.3492496254574286,0.549573967615379,0.468036058815784,0.5696686509102967,0.4817415436973585,0.532760486912845,0.5038465228530584,0.5078733194328945,0.45603187018950875,0.5453495452319755,0.5103634376181648,0.47606213469390846,0.8222797641466572,0.15686373487009594,0.42985851779775397,0.7917882027352949,0.410825957592123,0.5638062115652065,0.2971480390723326,0.3905054015294708,0.5302778074990645,0.6522378896273034,3.3406480920730126,1.014429653018642,0.28801533835694126,0.3666932328328026,0.6452627627004343,0.5289368315877742,1.0899921838356965,0.6859537378052409,0.8738187825197237,0.8904154053334211,1.315282273034699,0.464085330183803,0.37442464133644343,0.5128270554826365,0.5772197101269622,0.4306685021857736,0.7678876052401281,-0.0027679114152888503,-0.533118320043154,1.300370544584726,0.5025309666143228,0.7803480593480451,1.241287224523254
0.3283685055664306,0.349265978995229,0.41441588758079195,0.2275861899463934,0.3256039942050964,0.37716823642971503,0.3112727811072004,0.3354095801815705,0.37136535922302055,0.4066303657673641,0.40085517276636307,0.32672037137776566,0.3932729864505031,0.4500522516625209,0.45351550976095384,0.43701064730452555,0.5928557256276886,0.2740716513806598,0.3552284536351233,0.5466505844487858,0.45678768360544236,0.3680691145192352,0.538031697060508,0.3389040945552899,0.5033441920354055,0.5141907833424799,1.014429653018642,1.8742358330816,0.24352107535039155,0.5187783730726585,0.5885669736791445,0.3947888199254171,1.1791365284214177,0.4533843900309854,1.2976217141699957,0.4667668469352844,1.3856157871016819,0.3667217292725516,0.33517648566718256,0.4858612028752218,0.537921784001488,0.48329768088191993,0.5646049889527115,-0.03209174721985093,-0.139129549169924,1.0384440380135396,0.7579179791824011,0.645759081829459,0.44355831065154705
0.41876845532240925,0.5361138897802068,0.9082734901642885,0.27930907174886715,0.35217482675906414,0.7198026287250567,0.42721562965173393,0.5876439235412341,0.3768629173455232,0.44663928969910494,0.5178716542345827,0.5264392721567831,0.5339447527827735,0.5484742457811665,0.4488502678218573,0.5882758640839608,0.595503527953622,0.4617052345174916,0.5445556520338313,0.3211797503371874,0.4549800598414938,0.5532140198338242,0.4093547557620553,0.5359063545000743,1.41632606234513,0.4535120303238895,0.28801533835694126,0.24352107535039155,3.3425163044498474,0.20798428856808998,0.03946592641277441,0.5168874934162608,0.16058399088985248,0.7327593249614639,0.5516323614761985,0.17170636449107166,0.7043438601336547,0.1324389818692113,0.4077236160523452,0.23181822870011679,0.6337521160533219,0.43858968747603105,-0.046519072187502335,-0.26687935621882686,0.038069634323336925,1.1321105912339637,1.222540280557876,-0.08179864305135127,0.425085596893571
0.3425502851602577,0.07759705490032458,-0.12801049981325494,0.16741294717468688,0.3437081737383036,0.10912681408762685,0.18801731428512355,0.10180682586743442,0.19811259583919966,0.24184131231481185,0.14080449443152884,0.10963270000921566,0.1793732525593499,0.2038665682912632,0.24034740845527777,0.19471041245966655,0.20389853243640285,0.15253972997239426,0.26993965798679687,0.5469308031691816,0.29040892516416666,0.16037707013992272,0.3823809943684742,0.2700853117527454,0.45322064713279797,-0.022848195149663183,0.3666932328328026,0.5187783730726585,0.20798428856808998,2.618606445172704,0.5637127584443693,0.15772585755425952,0.5699840759044946,-0.003562723918859297,0.5653874273110742,0.9986522964441168,0.9795301992820716,0.40386392217103534,0.44266343233349137,0.34558309630272027,0.700799439355651,0.3130308478520508,0.7695650911444036,0.2460818448270114,0.2305837331151451,0.7114050970269581,0.4947256816631812,0.68847492278392,0.23389222638094487
0.2473372238290292,0.3421964242238323,0.4308374094246876,0.24829935194428107,0.27669891996644735,0.378579478275994,0.36305472459112953,0.3843825910606724,0.3368398835236338,0.3814352698260371,0.40043006373779194,0.37941373034525994,0.38494017064962366,0.3701694729200846,0.3243418032220362,0.35293505602999264,0.5364587324008684,0.2942202143195802,0.3166767768504868,0.5744342722417479,0.49090404310177554,0.3189560122454741,0.5284559668240485,0.3260098110430901,0.40708536948991647,0.3378896079846242,0.6452627627004343,0.5885669736791445,0.03946592641277441,0.5637127584443693,1.522185228511647,0.34514783817151673,0.6437642553186187,0.5723442677027922,0.5416509247598977,1.2633361790164355,1.1107723100366422,0.494061983733131,0.4730501681492135,0.3974543082447847,0.4859976189461552,0.4976955585696604,0.5328768769150107,0.0971454871129216,0.08094008009841806,1.0603973727966043,0.6506692478546566,0.606616594627748,-0.4604029824211442
0.24787628581326418,0.3800092933839192,0.5137091472370333,0.2913478870230082,0.32029499736609823,0.5063990304409531,0.4546093074806861,0.4953924993342212,0.39111209463296664,0.40100255729746626,0.4728055555132499,0.5144555249725805,0.4870722288723196,0.5740869517198316,0.41720570194653916,0.5858816020619337,0.5091993187368751,0.3540079905442363,0.3846345093229198,0.5005146026633102,0.42114271567736816,0.510756524024543,0.21868487002112716,0.3881390828006358,0.41552430317761285,0.5935333359481201,0.5289368315877742,0.3947888199254171,0.5168874934162608,0.15772585755425952,0.34514783817151673,0.7687375367082457,0.3967650548060272,0.6082271306336454,0.36904363466531004,0.4554598699364188,0.5507859323259002,0.34665533560477635,0.3674876129088164,0.26028098454601,0.4186973615446169,0.4150109118477216,0.4147444614800681,0.0328327131886511,-0.23644039419525514,0.6384776384294351,0.6189528925921187,0.23669695593292586,0.6442726184834995
0.4075999308272452,0.3016834799625064,0.3172086093276012,0.23821706281016677,0.3627832165648113,0.36487931856258754,0.334404814243157,0.34761525081408945,0.3754168149150551,0.36975142040782377,0.37719570241985817,0.3668506981654683,0.36570177447044855,0.4308532050758023,0.4296846018496322,0.3791385747842291,0.5657564153964273,0.28167336335373155,0.37636110853658283,0.4988883131403405,0.40061153284174955,0.39266636443492187,0.7993809406305253,0.34858921454319014,0.4636143905854746,0.4866930856127481,1.0899921838356965,1.1791365284214177,0.16058399088985248,0.5699840759044946,0.6437642553186187,0.3967650548060272,2.0614074731868306,0.22895814784335383,0.2931091982503916,0.3663518621874505,1.7051057870082313,0.36273530724607966,0.1682921384189004,0.3710878146640669,0.27182391194001987,0.4083804065112654,0.5603832532258677,0.012942824490965451,-0.4322783629311644,1.0407966013389545,0.8933564957150074,0.8195064258215519,0.7483800472298887
-0.14612798088353032,0.5126058591905119,0.6849665170290218,0.3694606514822949,0.3927402350375053,0.6420573926183688,0.5489935428002112,0.7103272211029336,0.42574783437333347,0.5908957478271629,0.5931340579887717,0.5787390880416939,0.6281505139428855,0.6100307409454729,0.41572879980038213,0.6118975165883078,0.7856496573828113,0.4575440440084181,0.4554437561456495,0.6970989653961063,0.5473319064664539,0.5248865368688442,0.5028444567651068,0.45379247572129433,0.7000920537779258,0.5045731153703739,0.6859537378052409,0.4533843900309854,0.7327593249614639,-0.003562723918859297,0.5723442677027922,0.6082271306336454,0.22895814784335383,2.0097638107856812,0.7310156695315196,0.6250125694237813,1.1539166365606064,0.4502309783448628,0.6582911228998292,0.30032870440592907,0.512762545098805,0.5665843468335849,0.5567711809942513,0.06194182518565452,-0.3182694533837435,1.0876802101194185,1.0238336093580858,0.47164449087342725,0.8269430968340705
0.23876964752309654,0.3851850591775616,0.5249436030811223,0.2237402492780476,0.25857154153560485,0.3786125481834732,0.2995857191729851,0.38618684542448783,0.3185216412615729,0.4488967217729893,0.42770909022375514,0.31503044863312574,0.4460247519430715,0.4450924128061821,0.3756592279908914,0.4674147866105054,0.590012527801286,0.26586462782995696,0.31065065921239754,0.5636768473625984,0.4768087739619302,0.3379393840544638,0.2894116438207526,0.32951431705121925,0.6357422633906066,0.4613672198396505,0.8738187825197237,1.2976217141699957,0.5516323614761985,0.5653874273110742,0.5416509247598977,0.36904363466531004,0.2931091982503916,0.7310156695315196,2.6813304291993796,0.4907514600965112,1.0482679103540669,0.35581498679467416,0.5079502969014412,0.613505745467675,0.6942223254580374,0.511587555235726,0.4797738606954317,-0.03496938424179475,0.1462314037893788,1.0562942518921095,0.7792907990036392,0.36697627630549834,-0.1190692347256545
0.38632488326625314,0.4676854076897766,0.6415086366249116,0.3160934488387258,0.49002218327540153,0.4061630465418562,0.6097398881780622,0.3928688124602912,0.4380476333970743,0.4364088452767147,0.5136885572762803,0.6140792485596039,0.4565491893756062,0.4140686923896154,0.4867020317174472,0.4489622899618178,0.5305535219594442,0.4294534997197333,0.45795837478121465,0.6527599614714793,0.6464295571349813,0.4311135904786331,0.5996591914527454,0.53472890316983,0.3689813053724616,0.2775550678704709,0.8904154053334211,0.4667668469352844,0.17170636449107166,0.9986522964441168,1.2633361790164355,0.4554598699364188,0.3663518621874505,0.6250125694237813,0.4907514600965112,4.646160449260532,0.40784995470182117,0.4257307564370864,0.630409151186308,0.7599819496926314,0.1868744385625047,0.5959874826626198,1.0365614699564731,-0.07746964245714254,0.17884440225664525,1.6659320180240313,-0.5080985877364431,1.2239941010479631,-1.1170165169359614
0.4582165778307186,0.6477672204408352,0.8178902816801766,0.38782324799299844,0.4560256053131183,0.7538920029370352,0.49824382779746507,0.7729704045457888,0.45477777562621724,0.7177163422584715,0.648283505720957,0.5749167548497214,0.6671680373045433,0.737958447138451,0.5102187602121551,0.7135083403565572,1.1376749796082042,0.45391137942077114,0.5972240407596487,1.2423305836986873,0.7077885636789244,0.49626710182847755,1.1368988252895604,0.47541090015031323,1.1870641013383967,0.8545721697210015,1.315282273034699,1.3856157871016819,0.7043438601336547,0.9795301992820716,1.1107723100366422,0.5507859323259002,1.7051057870082313,1.1539166365606064,1.0482679103540669,0.40784995470182117,5.208554555138586,1.0117866016748318,0.2601111985514384,0.7564508766591852,1.2164539276924486,0.7005605092957533,1.1584506152489649,0.03481366568479611,0.9899487251577627,2.4172269422548918,1.878659967066618,1.3315215285326478,0.8743092818051345
0.19331351971919777,0.35761701125390116,0.4400275553265498,0.19764862851626952,0.1475473782899192,0.37685755029305723,0.276660529223228,0.37817980628543735,0.2366863289489707,0.3293721144527012,0.3233309296458983,0.31551365804251597,0.33087746862104894,0.3511498543793959,0.2230271964037693,0.36172142265708734,0.4778388678554935,0.20826546587841968,0.22907459381207512,0.7591351040214344,0.3398186946071028,0.2688131270141115,0.1241394492073671,0.24932418383205407,0.35753221837982285,0.38139900141005806,0.464085330183803,0.3667217292725516,0.1324389818692113,0.40386392217103534,0.494061983733131,0.34665533560477635,0.36273530724607966,0.4502309783448628,0.35581498679467416,0.4257307564370864,1.0117866016748318,1.0001303124968715,0.22525149555775795,0.3401040098536268,0.4563254181255811,0.3399924133570325,0.5505377857011226,0.19860346432364742,0.2936296202504236,0.6398977240537068,0.553787200561143,0.5546305747641774,0.28676603967269537
0.21141361846606152,0.3788791446026379,0.416029864461131,0.29080490246494983,0.3187511482274156,0.4803097063145482,0.4447094898568768,0.5364210541166973,0.36779335976420835,0.4306581407114134,0.45812590091016187,0.4375693222753503,0.49233734610911567,0.4063841372873161,0.2952614320783438,0.4637048610413447,0.6311642420714734,0.3495847283067761,0.38291398251661807,0.6221261551025308,0.4846142260070927,0.4489765841696642,0.5912038981774407,0.317575790580311,0.4318900483776834,-0.17189387546042406,0.37442464133644343,0.33517648566718256,0.4077236160523452,0.44266343233349137,0.4730501681492135,0.3674876129088164,0.1682921384189004,0.6582911228998292,0.5079502969014412,0.630409151186308,0.2601111985514384,0.22525149555775795,1.8973956600836501,0.4631134598005719,0.14156502540189483,0.47443733364013396,0.6038219822683809,0.15722059572279412,-0.0013566033238707226,0.3855606162888558,0.611958338893415,0.14015467280562974,0.42567955362821663
0.2005025408596826,0.21387007469022826,0.11116272228333406,0.19858893975755912,0.1854471972237894,0.3021141739574169,0.2721252251666914,0.33124053493532396,0.1901135982264408,0.2935026399212449,0.2993467565974279,0.29216582356590026,0.30714055486800346,0.3012537362084045,0.21740069578866958,0.32791069652694327,0.4318689074717404,0.23458479024723589,0.2137653648910528,0.5477513897102138,0.39739339627014325,0.1995308736879222,0.5116857644263678,0.21488765776346977,0.31725301547627055,0.2926512571884157,0.5128270554826365,0.4858612028752218,0.23181822870011679,0.34558309630272027,0.3974543082447847,0.26028098454601,0.3710878146640669,0.30032870440592907,0.613505745467675,0.7599819496926314,0.7564508766591852,0.3401040098536268,0.4631134598005719,1.4686636543926073,0.2064792552305729,0.36925739926717743,0.7853987940880295,0.06752983269605455,0.2372967934764199,0.8804126547901858,0.34447122201949903,0.7084525482328372,0.5433562066466149
0.3632962447561583,0.31266930027073514,0.48065535207018356,0.2487717814260168,0.2969796518282577,0.3644464885917545,0.3163379878046036,0.42141922213182575,0.3080921484681322,0.459359774187656,0.38308493188926024,0.34806596101830206,0.40194159177142164,0.4575548387639324,0.39216926281102765,0.43299394591226714,0.49191924669672815,0.3084185598513822,0.3361255757594373,0.43457300728649634,0.4692506248429578,0.35555542612087415,0.3601750039150098,0.31318924758922706,0.6021178131045822,0.7889423556523043,0.5772197101269622,0.537921784001488,0.6337521160533219,0.700799439355651,0.4859976189461552,0.4186973615446169,0.27182391194001987,0.512762545098805,0.6942223254580374,0.1868744385625047,1.2164539276924486,0.4563254181255811,0.14156502540189483,0.2064792552305729,2.8416119212111455,0.5410105928506207,-0.009453424387517478,0.07677546138987695,-0.7660175224694982,1.6169945735539584,1.2611992248243549,0.5074994694051885,0.7284880949313512
0.26071826015217314,0.38400598611041065,0.46975153198793157,0.2569603206926748,0.30150213626567635,0.45588120613728644,0.39563183509480226,0.44003719905252436,0.3328307792466263,0.3729260645095213,0.4215910148859616,0.4096148076085075,0.4112705924538839,0.42328108338103543,0.35358019102832305,0.4042433162970965,0.49791232125605056,0.35307717295700747,0.36123601840865727,0.4773247050876946,0.8252741287190986,0.3186504003881028,0.38052898884209374,0.3112689431363979,0.4399054829186085,0.3912699118440357,0.4306685021857736,0.48329768088191993,0.43858968747603105,0.3130308478520508,0.4976955585696604,0.4150109118477216,0.4083804065112654,0.5665843468335849,0.511587555235726,0.5959874826626198,0.7005605092957533,0.3399924133570325,0.47443733364013396,0.36925739926717743,0.5410105928506207,1.1978272417425722,0.38209269719773387,-0.03241534551349271,0.21379947854941256,0.5806755710489723,0.9074763658240954,0.44801922391238613,-0.05465850523238657
