2.751442816131963,0.9513972321012485,0.781248568860277,0.4689840918553589,0.7402830048529561,0.5730654909757239,0.7191528455872903,0.6479671326810799,0.510746588808102,0.5809604642781172,0.6457184455043629,0.6251943776152643,0.4176254559791618,0.6400912145080605,0.5856581700502534,0.5812112811211407,0.5577777184641345,0.576592119850643,0.6057499791691653,0.4821450329615061,0.6280976505470561,0.5277961361526676,0.2108983014017187,0.2555097901567969,0.6488477625552551,0.3827910827741241,0.6460666793045944,0.40193578501330224,0.5944750982908644,0.2598392140213405,0.6562696645507604,0.4498505500035754,0.266170077909295,-0.46776713901959505,0.46248181282930134,0.668871735844877,0.7678511622497459,0.8596994687865062,0.599527335518545,0.40602352783380996,0.5852361233673431,0.5421383549498611,0.5703748657836295,0.1012435521920542,0.7042237204603469,0.7025726376974751,0.38611882513010454,-0.3323356453350897,0.3995312840975403,0.2413388563289087,-0.14399537525910222,0.06392484589583441,0.04190973130155533,-0.040696438710333176,0.3161664475297236,-0.21223169315557092,0.26643113593468815,0.051105354763024226,-0.3760346526355627
0.9513972321012485,2.8878883102181576,1.103086873871625,0.27972591118352197,0.19412943728467988,0.373008722925724,0.4309857696331455,0.4798939621368916,0.45678124669355696,0.3368159288427122,0.4952416038145837,0.42159530980672233,0.31938353358410365,0.453324766818807,0.5245047409053246,0.28109669569837803,0.3321162731268012,0.5550537933303126,0.47038463719396506,0.516015809229275,0.554099182221892,0.34536320099028484,0.04935324153596681,0.239432554714659,0.41451935491382624,0.3622912833009243,0.3850728512059023,0.4531193550499936,0.6412314608384675,0.0384006758889366,0.5019900062571554,0.39090577480295596,0.2317838525932997,0.20573968278312432,0.5414711945448983,0.41220820189900603,0.8795002499366842,0.6262817881916491,0.42213814025295915,0.0054391871023702154,0.5288682289519839,0.4532435985117098,0.5348801706499611,0.05943057352359344,0.7744137693141574,0.48347210560227777,0.28928661841075687,-0.09177923871753896,0.05945186495582723,0.25120051027542123,0.007339191145013777,0.3658101806288492,-0.14010138850976314,-0.21058678631557734,-0.40357489321769213,-0.2439999610397496,-0.23440251472351514,0.44432664919825665,0.13567788946284023
0.781248568860277,1.103086873871625,2.060981273370385,0.06248527291774883,-0.27705709475466317,0.4013741059539647,0.26966388135151176,0.36611816166668654,0.5595710380267133,0.3238747261344919,0.41074593943162685,0.33336411302764396,0.25533576050661577,0.3886846325279159,0.44238950796974974,0.1904831628043846,0.374269592915188,0.41312295479302424,0.40781250878071545,0.32688455011677453,0.4504845443746553,0.37982416047340084,0.15432017214069957,0.25502058422458723,0.3897034366438976,0.24758513216315908,0.27082223057336063,0.4428282657834132,0.6181694412824728,-0.19640306582104544,0.4186309990201113,0.3276168644680177,0.2343211112776124,0.2849657441086149,0.6330182800757534,0.38926692336929386,0.6001992176271833,0.4797820414056596,0.4046885832700525,-0.23613346055471132,0.493129603416697,0.3631441363826208,0.4393774381121661,0.10768863049071732,0.5223849156260424,0.5735200532025049,0.16083851358959259,-0.23369731241980718,0.10359334520217071,-0.01055626811570587,-0.0622758206517508,0.3015954001366499,-0.055158753989878975,-0.2645650634635085,-0.008509364744369939,-0.06698485020324166,0.06944972941065873,-0.06147713936306015,-0.12762291044985177
0.4689840918553589,0.27972591118352197,0.06248527291774883,1.0917285867909763,0.7669042178958932,0.4627361785419796,0.42388463960757033,0.4456883036981649,0.2375529108050362,0.41185681544516123,0.394029748783941,0.472335076264779,0.26088522215567084,0.4269861170439936,0.3139975187700117,0.47332801192389096,0.36541475566384435,0.33038332124543124,0.33749724695301175,0.3197417831962988,0.3355257890463357,0.3352374151229583,0.2316128557152196,0.25632199105289477,0.36395798937287854,0.298911651869014,0.39695724501681723,0.08300918130560148,0.42921380926021363,0.15359685036995266,0.32833765283299854,0.38982577560425324,0.14299650223376387,0.3285905867617723,-0.00881173137471667,0.4335719898991787,0.2638563399183857,0.4644457705395515,0.40690918275117044,0.364975608643314,0.2508933253560941,0.2986923899701782,0.3540325114544396,0.04930989609933403,0.3938591860728094,0.3303130162784527,0.26136301554686303,0.03485942735446202,0.14006889746323498,0.04967282640204214,-0.011999983602848652,0.06843206057356133,0.03353714975292945,-0.016104257841212305,0.09640387510982339,-0.05809391825978125,-0.08501809357920466,0.10525351992524037,-0.10115986520299572
0.7402830048529561,0.19412943728467988,-0.27705709475466317,0.7669042178958932,1.4544255198341263,0.5268434981350942,0.4771593808152271,0.5115095707940165,0.24380967858603264,0.5387305674203529,0.4199454039616424,0.5342746034852187,0.3254649847686704,0.4264343104347932,0.37018526092551385,0.5797332400714371,0.38795149526229084,0.3832833566811695,0.3559437283158827,0.35479542904634925,0.34424957825428243,0.37466798576822125,0.3048697889737434,0.30086633556102765,0.41212563357174914,0.3143770471664644,0.4715368292642448,0.039415266347973314,0.43193388081794637,0.265716866636072,0.3884237318973888,0.3925638648353317,0.12647323691371268,0.2229645122718886,-0.07237710622828208,0.5491069245752116,0.26736102097236875,0.5444681788590863,0.478795902634381,0.5471326393471169,0.25642325348222667,0.32781579564426094,0.30001076749839717,0.05578889048535091,0.34674152576500383,0.36349716285933487,0.3254256131034357,0.04961607451648505,0.27662843224721595,0.22240231725258336,0.007107922943474937,0.06016216963955843,0.0667833111799309,0.030848152495714095,0.16546779128343506,-0.09451233292263454,0.007589903505544358,-0.04802554167136179,-0.022596502024784096
0.5730654909757239,0.373008722925724,0.4013741059539647,0.4627361785419796,0.5268434981350942,0.9307347688739391,0.14385601868863193,0.527871884495698,0.4120386493355755,0.340273919095546,0.44023594529428206,0.43435796902072255,0.29217345104477327,0.4709378732027651,0.38048063370641855,0.425397303202124,0.43092598265130405,0.3637397591340918,0.4329049380413378,0.44520420805148914,0.41816788400803534,0.39652220971660074,0.1625936144543679,0.2998179679744098,0.3949277476936066,0.3718963058052109,0.4932665714101327,0.2448600956385805,0.5048038437985908,0.17197894660751764,0.4032112578462689,0.4388061882587908,0.10239643517423482,0.3622346524232104,0.31276423791706004,0.4363373418634917,0.4185805083276189,0.532633755581853,0.488667314089202,0.29490894663704975,0.3115816202678289,0.35858182723739307,0.4840359298024318,0.0666324345682911,0.5899847647692525,0.3756591535541786,0.3510809410429407,0.03624070314920328,0.33946634997325686,-0.07031037527662447,-0.10164632492441741,0.1193326139639546,-0.011502475182465126,-0.05507222675476196,0.06490336123045297,-0.09102115556928045,0.052770938476823716,0.13298468828345997,-0.2693589711006008
0.7191528455872903,0.4309857696331455,0.26966388135151176,0.42388463960757033,0.4771593808152271,0.14385601868863193,0.908822242073187,0.26410067041014956,0.29373620441674597,0.4110266308060628,0.36962666863668114,0.4518013534707467,0.23691173881428043,0.2899872251774415,0.31458708552812087,0.35227840937204014,0.3745266758560585,0.37316766528526585,0.3313821527299307,0.22761071048334344,0.3625880781756604,0.3374781977108613,0.3098124249049861,0.24306038842060404,0.3600664026227133,0.22849421843347953,0.3569246203805186,0.1862861679036037,0.412827731067125,0.15422785015877216,0.3417749691899782,0.2768141453649551,0.235817468818686,0.19925107148673357,0.13592906144952407,0.46317389818864535,0.32599340428089424,0.3936443990199799,0.411807167552721,0.26889410780400697,0.333311017878922,0.31152486943363783,0.2993941831441851,0.06058376364188087,0.3581165172199668,0.3885318520197376,0.21466622432503144,-0.05793301564161287,0.2163467362904908,0.010180911541146172,-0.03194532539394932,0.01471268329354547,0.00735927221778491,-0.028887940630848645,-0.0049550894402676845,0.014507743152859494,0.07730960543256753,0.08511451508177921,-0.2507826370419453
0.6479671326810799,0.4798939621368916,0.36611816166668654,0.4456883036981649,0.5115095707940165,0.527871884495698,0.26410067041014956,0.8916126381217929,0.27470226033905343,0.5218951666699495,0.5228934557402576,0.3667084614040497,0.3364011167389863,0.46587462663532636,0.39743770775413373,0.4207764117861877,0.4210192494839643,0.4837502073422592,0.44554487016578825,0.36572437807923586,0.38761630329539554,0.35921752638972243,0.2264043990230047,0.2824651561913709,0.44970504145771534,0.40118159834246514,0.5284044779184708,0.24496381726729574,0.40330926639484277,0.2202493637786435,0.4342537131060979,0.3852124261501946,0.07840953216953164,0.3654170232912557,0.41265808649259095,0.4506157802169832,0.481958151958966,0.5197268647627825,0.5451910849527493,0.24448598155087034,0.4430080719346558,0.34207505422101137,0.4978723967793923,0.0787910850528082,0.5279139535304551,0.449601158894058,0.3942785361536775,-0.0760319254509234,0.3146168091189704,0.19320400778045804,-0.04045126181873744,0.2239676080524641,-0.01823029223457566,-0.15057314800011584,0.013024971686100244,-0.2228912984448351,0.13450918620416805,0.20597246780226042,-0.191344350125981
0.510746588808102,0.45678124669355696,0.5595710380267133,0.2375529108050362,0.24380967858603264,0.4120386493355755,0.29373620441674597,0.27470226033905343,0.9507470087415688,0.20220173278788203,0.27945414355056586,0.3218631668097851,0.22517069748742818,0.33872309357221364,0.35941942491507134,0.19529891310839065,0.26608123196179556,0.2961329383311414,0.22078022418919,0.341969499834008,0.33818511878965596,0.4345162585191181,0.27750574127474836,0.2671806397411347,0.30464691435469443,0.37354817661860845,0.32486592805061926,0.21009723702113528,0.33146676938367325,0.15144468621627918,0.3025126920092105,0.32665432992698074,0.2524710750871356,0.35320666507506615,0.24634346728344086,0.3821149233177597,0.2761825376383003,0.32356003345116796,0.3803828135358443,0.12914250809190925,0.2928563907683118,0.2876182683990689,0.3711344805678788,0.07192808686637371,0.45143602577449615,0.3905727591698535,0.2530613902737552,-0.010076373925452346,0.14187235838017143,-0.28798715567770583,0.020908182546079353,0.07811855288642951,0.16398383493857333,-0.10130724192561862,0.05171562787322825,0.08027032192517976,0.1229393131091676,0.06074450281838383,-0.4920682310881216
0.5809604642781172,0.3368159288427122,0.3238747261344919,0.41185681544516123,0.5387305674203529,0.340273919095546,0.4110266308060628,0.5218951666699495,0.20220173278788203,1.1506724434051414,0.3845649353988312,0.41242006158117683,0.2964974266655378,0.35847590888800523,0.3538414689522954,0.47979820991080785,0.4735582981504031,0.4558499210609353,0.450982095032161,0.16602818946317113,0.35415936910708834,0.3666389811185157,0.3384667191340336,0.28772709725490503,0.3958565277019953,0.28114802334528033,0.5030693553143684,0.21642268211674062,0.47454343410086564,0.20594488281097492,0.38788631534355755,0.3254819009353028,0.05688186260172995,0.35003412944358153,0.3577230714772531,0.5226506999982845,0.3673228371272483,0.4287551274974631,0.5167346770019531,0.3615173762410597,0.5186005951155321,0.3260187705264347,0.38289688790924453,0.09987399644719065,0.37912691193032666,0.4474876839171486,0.33976864218131525,-0.15118158167054702,0.4269594687320141,0.18585323237970383,-0.030533077507949907,-0.08207704001610538,-0.02304275980506062,0.02690233041652546,0.22066907409814385,-9.99766716530566e-5,0.25109491413920815,-0.21781056046020655,-0.14730478265199412
0.6457184455043629,0.4952416038145837,0.41074593943162685,0.394029748783941,0.4199454039616424,0.44023594529428206,0.36962666863668114,0.5228934557402576,0.27945414355056586,0.3845649353988312,0.9044888175284016,0.4044879022153318,0.2818667327641742,0.4344027881861732,0.4653598905150384,0.3846724449622928,0.37884629471289244,0.44814476256156266,0.34199062409802305,0.43379409718420997,0.39942191166527474,0.31092073492798156,0.2465616732293893,0.2762456319162931,0.4305584636817094,0.3183300890173143,0.4055239677174704,0.23592491964567006,0.4794841343738009,0.11705005492366313,0.4104557471279692,0.36864190349807985,0.13969775121586764,0.2816976690051643,0.3621177362185894,0.4521853584976374,0.41105402914476735,0.46454331456836007,0.5052437825163519,0.22728488851077855,0.38262601736321716,0.34757077792243024,0.38706705976018174,0.06558031529189483,0.48209190172487365,0.4311906090034062,0.29760776125802235,-0.030629159587701325,0.11252821350397305,0.020024169054049683,-0.013212465341932175,0.1367882433895587,0.10945675116782805,-0.08528868861431632,-0.10934420084118696,-0.08927832255317,0.011633497879455331,0.21089732775275463,-0.18907933480172903
0.6251943776152643,0.42159530980672233,0.33336411302764396,0.472335076264779,0.5342746034852187,0.43435796902072255,0.4518013534707467,0.3667084614040497,0.3218631668097851,0.41242006158117683,0.4044879022153318,0.738091039868382,0.25074279905601277,0.41301268249978856,0.36671342295178383,0.42097525800727864,0.40245309496964327,0.32675180306980783,0.39340838386885185,0.31949434695272294,0.38117350772305825,0.34647103558787967,0.21006714174189303,0.24227306049461605,0.40421572351016344,0.3361451386373764,0.4724256527700139,0.1834687469103715,0.4588748968046472,0.10542755330217392,0.3687415487943836,0.38718051551702165,0.10381059140118838,0.2849359785036329,0.3126263654925445,0.47379713491349035,0.30554236887338077,0.44843767152343605,0.45340411086411286,0.2946068007184725,0.4057278066760471,0.33991474677164246,0.37159753432967646,0.04636552174036748,0.5336211791621984,0.3713679825220185,0.23279787048408013,-0.01652428187842437,0.3358210945284251,0.052550820054412355,-0.039169993800810446,0.006857702071658598,0.05696452860274045,0.010074329616125643,-0.0003932858703227429,0.05313599982280491,-0.031089643520135813,0.13748003690898922,-0.38246961044479433
0.4176254559791618,0.31938353358410365,0.25533576050661577,0.26088522215567084,0.3254649847686704,0.29217345104477327,0.23691173881428043,0.3364011167389863,0.22517069748742818,0.2964974266655378,0.2818667327641742,0.25074279905601277,0.4353040477937624,0.2459700550263822,0.2182890764696829,0.2731163275740731,0.26812263028831107,0.29355825028572785,0.253922594997238,0.23553461774737697,0.23065902648290287,0.30764109689828034,0.15499743898322577,0.21622765173915265,0.2712558705114767,0.24349353109562633,0.26582516312058413,0.1799125683257442,0.307410754812233,0.10571183851341096,0.25158539857968415,0.2268472771021924,0.16706725941415482,0.17287396611911976,0.2013871922732611,0.27693136779393435,0.29969283937593877,0.2998355376868256,0.2723047094577922,0.16631853154368947,0.2431911896214326,0.21396857499896943,0.2617942151902913,0.06668955917808404,0.20868389045036354,0.2853564814728895,0.21244333167040783,-0.04070410844737517,0.2165308265998785,0.011378079869720795,-0.03475083733853233,-0.01732241429258564,0.005845075755015635,-0.04155623457260286,0.1480067648854356,-0.09808331550315402,0.05296403599757089,-0.1536512881156009,0.08198394040626962
0.6400912145080605,0.453324766818807,0.3886846325279159,0.4269861170439936,0.4264343104347932,0.4709378732027651,0.2899872251774415,0.46587462663532636,0.33872309357221364,0.35847590888800523,0.4344027881861732,0.41301268249978856,0.2459700550263822,0.7835365212624212,0.35717506264326726,0.43307654889380637,0.3621068089812341,0.2923345306138513,0.37373949454327554,0.4197270701693389,0.3798588642147048,0.3462472266694566,0.1436311736823553,0.28097257105655155,0.355621822711466,0.33300159386012024,0.4347706723309338,0.25189087359358014,0.45926016895810373,0.17079572177969468,0.4008833185534625,0.6226012572746844,0.11146959219115797,0.255641639500695,0.36224446095048085,0.43077228703299664,0.4271181915388137,0.5291446657480219,0.42705449057047357,0.23345183018705823,0.4172551702136525,0.34864992066717787,0.45217450045368873,0.06481246951109094,0.5141442286064598,0.41057875584129894,0.2606515803000678,-0.03475232043740906,0.19219699154156608,0.09098231219754477,-0.035070628464557156,0.14566925940110823,0.031192050233593123,-0.08796451639259716,-0.11031970172832836,-0.0035593518536322266,-0.07104927683988348,0.283448069479246,-0.23956585850213938
0.5856581700502534,0.5245047409053246,0.44238950796974974,0.3139975187700117,0.37018526092551385,0.38048063370641855,0.31458708552812087,0.39743770775413373,0.35941942491507134,0.3538414689522954,0.4653598905150384,0.36671342295178383,0.2182890764696829,0.35717506264326726,0.7700302642599512,0.24619189110826223,0.37843159799816867,0.4464337524229264,0.3878153152540972,0.3372347227431372,0.38021755188096384,0.2109815034649925,0.2629342606439095,0.27420294830247205,0.42680620419439214,0.2125496924603722,0.41731105365009813,0.3408883053224313,0.4907515497261154,0.17907252404747692,0.4168280690617659,0.3403191876602077,0.17990741302657845,0.2576373163721809,0.32154002143830157,0.47364263908353293,0.49439535866423734,0.3760902846629063,0.5042431781103464,0.18563180493712905,0.4417547751746097,0.3303159833092917,0.3883001484860168,0.08194119208764253,0.40101651991631937,0.4533620319030702,0.31724831455978814,-0.11885904735774934,0.23532562347159805,0.5464589639240158,-0.056206097308749405,0.32771567336343654,-0.2535941469488472,-0.09231660356915636,0.004785140983914786,-0.05022645849891969,0.07060930322790546,0.0859560845824827,-0.14507011132665767
0.5812112811211407,0.28109669569837803,0.1904831628043846,0.47332801192389096,0.5797332400714371,0.425397303202124,0.35227840937204014,0.4207764117861877,0.19529891310839065,0.47979820991080785,0.3846724449622928,0.42097525800727864,0.2731163275740731,0.43307654889380637,0.24619189110826223,0.9149686964636928,0.42324911765104783,0.3463911591070457,0.39810371317801657,0.29519900260076093,0.35175913656588964,0.46775531252106295,0.18641425464560016,0.26914495687124623,0.4219854365700372,0.2689679948535974,0.4437406316461071,0.23567438154207482,0.429130654979495,0.1651133022519829,0.35557757282776953,0.3518698138257521,0.0801643061755372,0.2363995211819781,0.4675613049570303,0.40028795369648557,0.34835888491830047,0.4142430624040822,0.40748654178883065,0.3233303276471766,0.40855814223801484,0.3552252563809988,0.441768178019329,0.08232814834044036,0.45339722627101753,0.35899735449322173,0.2790547556034726,-0.04562175281604448,0.22095843653107874,-0.10728646012244002,-0.05544820496166906,0.0009304874398499943,0.15940211883472383,0.046909494480651306,0.1670081630184733,-0.015692122966443584,0.004942998180368523,-0.037029228841909755,-0.1348886383312034
0.5577777184641345,0.3321162731268012,0.374269592915188,0.36541475566384435,0.38795149526229084,0.43092598265130405,0.3745266758560585,0.4210192494839643,0.26608123196179556,0.4735582981504031,0.37884629471289244,0.40245309496964327,0.26812263028831107,0.3621068089812341,0.37843159799816867,0.42324911765104783,0.8362394155436701,0.4017814866645406,0.49145988625342524,0.3038936577382145,0.40708351698523965,0.36615475751973525,0.24952357431893019,0.2929695330682551,0.41819971273028383,0.21638421838960883,0.5075602977337481,0.3536398628893307,0.5245709619598165,0.1146898453302443,0.4189235805008585,0.3314466379152016,0.29869749595202605,0.27179730981713623,0.33791953952710785,0.45542528033578095,0.5129678137220899,0.44784547756071763,0.4922649249303275,0.25784507133620704,0.4192402952866716,0.3605312864434282,0.4640537127324352,0.09474424474150098,0.4389467610798109,0.4257015743306553,0.2963478493297778,-0.07276480359863143,0.3620133039773875,-0.04033460008565591,-0.05742429316049175,-0.12601255253303756,-0.06431500311033488,-0.02223940285424864,0.15996274850654998,-0.05501046505958504,0.06691138749066196,-0.05190051304075297,-0.07317133452649824
0.576592119850643,0.5550537933303126,0.41312295479302424,0.33038332124543124,0.3832833566811695,0.3637397591340918,0.37316766528526585,0.4837502073422592,0.2961329383311414,0.4558499210609353,0.44814476256156266,0.32675180306980783,0.29355825028572785,0.2923345306138513,0.4464337524229264,0.3463911591070457,0.4017814866645406,0.902129015805549,0.37542614598666113,0.15145449094767985,0.4142180629819046,0.33280822106624747,0.4108692428168419,0.2752663349290213,0.45664779334894023,0.3027201344509176,0.4673609780143027,0.37137755494506364,0.4547525509554224,0.1308649699849786,0.5252652074316633,0.2872759023891777,0.21437957213192185,0.32628432829943976,0.3826570945113336,0.5333951640961959,0.5348969855454848,0.40889368927096575,0.4648765646620971,0.16529068946991582,0.5037069988593661,0.33487317283604895,0.4923437642753962,0.09878690325297965,0.5068961555443964,0.49964061216899086,0.4840982897326113,-0.20221642709111262,0.07506251737575473,0.1373253063066973,0.045208631766506344,0.10591698888923168,-0.19836351548459666,-0.120843364371235,0.03241396761792301,-0.19093189494490698,0.1359514639540292,0.08226162523079121,-0.10383314899004316
0.6057499791691653,0.47038463719396506,0.40781250878071545,0.33749724695301175,0.3559437283158827,0.4329049380413378,0.3313821527299307,0.44554487016578825,0.22078022418919,0.450982095032161,0.34199062409802305,0.39340838386885185,0.253922594997238,0.37373949454327554,0.3878153152540972,0.39810371317801657,0.49145988625342524,0.37542614598666113,1.59653105392961,0.07026478816031365,0.48908670857021347,0.3369061936939535,-0.09955500522896771,0.2819337736323808,0.2368368544261216,0.1892718239142648,0.5469918478297672,0.4973091603776606,0.2956630503023453,0.27923968280280803,0.52588878347594,0.33879894780105857,0.38245410930595997,0.11464852443390157,0.37836103802241033,0.4574893145411195,0.8592405881188755,0.5814019556825791,0.6027429614095272,0.16902121406789014,0.45359571094705226,0.437117005472326,0.42792045467859363,0.08979857275100653,0.47303626666856546,0.374973359357292,0.3105613494787665,0.198624043342349,0.5666709780937232,0.7475691082201695,-0.14215576975905828,-0.06871939203518851,-0.3026146450352839,-0.13800852200775365,-0.12022837621177221,-0.1352814377159736,0.09529032568271105,0.1793645959397889,-0.038136956848763115
0.4821450329615061,0.516015809229275,0.32688455011677453,0.3197417831962988,0.35479542904634925,0.44520420805148914,0.22761071048334344,0.36572437807923586,0.341969499834008,0.16602818946317113,0.43379409718420997,0.31949434695272294,0.23553461774737697,0.4197270701693389,0.3372347227431372,0.29519900260076093,0.3038936577382145,0.15145449094767985,0.07026478816031365,1.19688754000271,0.271270620685808,0.24308588717820678,0.06208241410872605,0.26255490376117024,0.3998823368742413,0.22458115543260063,0.4004236912517168,0.23283558083441003,0.46891221312903786,0.22842142983937072,0.29553548423619985,0.33953148756720297,0.2603378225281213,0.23468493199718615,0.2825751885476676,0.23457159654085505,0.5893759963265801,0.44242570976797796,0.44770228468638984,0.2478753837020905,0.10997958781369299,0.25826571940594667,0.5192410066529278,0.012635677706201396,0.6715016527039636,0.2588228000938621,0.2065183735951879,0.33298884359426323,0.25094078795794666,-0.11355070432623558,-0.05453058359540256,0.2602015438024804,0.1894362116979563,-0.10052542290958806,0.025415755590934584,-0.030109779457280654,-0.0486132660218305,0.14100865211404393,-0.16288064510584652
0.6280976505470561,0.554099182221892,0.4504845443746553,0.3355257890463357,0.34424957825428243,0.41816788400803534,0.3625880781756604,0.38761630329539554,0.33818511878965596,0.35415936910708834,0.39942191166527474,0.38117350772305825,0.23065902648290287,0.3798588642147048,0.38021755188096384,0.35175913656588964,0.40708351698523965,0.4142180629819046,0.48908670857021347,0.271270620685808,0.7062622640786228,0.343836232444669,0.21382747287956952,0.23579226862683197,0.31415701163163096,0.18544636856739194,0.49267744861631757,0.37700752977284996,0.5055849658013839,0.18030827899698615,0.4794467441056964,0.3316216511326212,0.21592089069129536,0.21808819829881398,0.44395208849501866,0.5213063414317568,0.5324932470807013,0.5671354454462518,0.5636911322692014,0.282796769243719,0.5182130310457467,0.5236766324618563,0.5360792698278263,0.09263212643593982,0.7361589984527928,0.42929404923383635,0.3161519250918925,-0.11066878796852299,0.21335766181398408,0.17295554648608868,-0.04980168847300113,0.08616038352321917,-0.060039343180741396,-0.06459126555609147,-0.038552531970366066,-0.06423770696204312,-0.02626778136090869,0.1896932592595035,-0.19147431736219503
0.5277961361526676,0.34536320099028484,0.37982416047340084,0.3352374151229583,0.37466798576822125,0.39652220971660074,0.3374781977108613,0.35921752638972243,0.4345162585191181,0.3666389811185157,0.31092073492798156,0.34647103558787967,0.30764109689828034,0.3462472266694566,0.2109815034649925,0.46775531252106295,0.36615475751973525,0.33280822106624747,0.3369061936939535,0.24308588717820678,0.343836232444669,0.8434536977352546,0.30980353522617016,0.254508856940683,0.35798263640172795,0.2874044335347418,0.42857970089895436,0.2102378644152869,0.40551136968369855,0.1165955251157449,0.3018437153252633,0.2980361055353065,0.1868303183218126,0.26948509191342085,0.33244030358400256,0.3940134166319745,0.31674120310800563,0.3547333415219778,0.38747294854287656,0.19925958170850291,0.3262915214569134,0.3226394902467713,0.4186986437841375,0.09912201267889932,0.356063643263156,0.3817941659693068,0.2513497131640742,-0.02370296742746933,0.13780460344866766,-0.20226283782015939,-0.03012140680893937,-0.035711881792150665,0.14965374932461986,-0.05232184468522174,0.13603018883234308,-0.011338292970278562,0.04016080910790315,-0.06033651911335308,-0.17415657787470162
0.2108983014017187,0.04935324153596681,0.15432017214069957,0.2316128557152196,0.3048697889737434,0.1625936144543679,0.3098124249049861,0.2264043990230047,0.27750574127474836,0.3384667191340336,0.2465616732293893,0.21006714174189303,0.15499743898322577,0.1436311736823553,0.2629342606439095,0.18641425464560016,0.24952357431893019,0.4108692428168419,-0.09955500522896771,0.06208241410872605,0.21382747287956952,0.30980353522617016,1.2164075074187928,0.30990905529798596,0.5076307461833992,0.07282779319853336,0.22911955887895225,0.03605762356308575,0.4976275817265451,0.25411018091059756,0.12158597210125473,0.12079778660515937,0.2206961345782094,0.353071725978891,0.06413705210999654,0.5433540195325474,0.12680047061563163,0.036775958776408,0.47707090252077927,0.15722675429414784,0.2739824771917825,0.16705843575843243,0.23723585930734914,0.17582191792724872,0.010008462478707453,0.39140386227009555,0.3147638813236134,0.023508850854696572,0.1025749138433125,-0.23117860937282939,0.032689391690035985,-0.02812749333844163,0.16039287723652906,-0.04252253750616419,0.16937203320785837,0.003173693043042175,0.11806359961300904,-0.20422900924650825,-0.04048308482183533
0.2555097901567969,0.239432554714659,0.25502058422458723,0.25632199105289477,0.30086633556102765,0.2998179679744098,0.24306038842060404,0.2824651561913709,0.2671806397411347,0.28772709725490503,0.2762456319162931,0.24227306049461605,0.21622765173915265,0.28097257105655155,0.27420294830247205,0.26914495687124623,0.2929695330682551,0.2752663349290213,0.2819337736323808,0.26255490376117024,0.23579226862683197,0.254508856940683,0.30990905529798596,0.6265917222982645,0.3401665237392432,0.15195857058275147,0.3227877843341658,0.2726329996574218,0.28847938521016236,0.44006923604367915,0.32263939682309417,0.3115558243061822,0.3762557261362184,0.1467243083061098,0.20606579154660026,0.4637385803894518,0.43787617104787624,0.34810191671369506,0.3374805804456672,0.1503528528924867,0.30915944602534134,0.23908241460813762,0.29359629004786075,0.10550504762311719,0.09557654501480098,0.43234389783743643,0.3449561011549855,-0.1569376259678059,0.4455449052476245,0.008598126149786615,-0.07445065273481934,0.08839090567521088,0.041868531172208186,-0.09452967110499258,0.2040106245566947,-0.11846542709169934,0.16422580717002735,-0.24131471316619504,0.08143516528392866
0.6488477625552551,0.41451935491382624,0.3897034366438976,0.36395798937287854,0.41212563357174914,0.3949277476936066,0.3600664026227133,0.44970504145771534,0.30464691435469443,0.3958565277019953,0.4305584636817094,0.40421572351016344,0.2712558705114767,0.355621822711466,0.42680620419439214,0.4219854365700372,0.41819971273028383,0.45664779334894023,0.2368368544261216,0.3998823368742413,0.31415701163163096,0.35798263640172795,0.5076307461833992,0.3401665237392432,1.6162109536372937,0.3765486152749844,0.5388592935159723,0.24705637111997206,0.5615746227016698,0.28436698336197713,0.412292910535562,0.281255875651329,0.19795052097877644,0.36927093422251084,0.3734366103136237,0.609499880127847,0.33849916085326637,0.36724672279278137,0.36516786275343943,0.16133603132916238,0.444492462741073,0.29547893905160716,0.5172880707932326,0.11665652617291104,0.39610667892284207,0.7278563281059216,0.3566288372431076,-0.3732378096480669,-0.5652343756808128,-0.22200433797915467,0.026938513889837395,0.19008787042478112,0.12501122385370322,-0.06843402548382548,0.14012401529427743,-0.08759786187278622,0.06099473353536966,-0.0005793282682547572,-0.13731160809438617
0.3827910827741241,0.3622912833009243,0.24758513216315908,0.298911651869014,0.3143770471664644,0.3718963058052109,0.22849421843347953,0.40118159834246514,0.37354817661860845,0.28114802334528033,0.3183300890173143,0.3361451386373764,0.24349353109562633,0.33300159386012024,0.2125496924603722,0.2689679948535974,0.21638421838960883,0.3027201344509176,0.1892718239142648,0.22458115543260063,0.18544636856739194,0.2874044335347418,0.07282779319853336,0.15195857058275147,0.3765486152749844,1.5354186139672923,0.13091508259582046,0.17578302192033876,-0.1951638540235262,0.10167031529713293,0.30374681592198416,0.3348564998571741,0.028377477502760585,0.4022366740608848,0.3036412821757236,0.0753886607534799,0.21813212009504937,0.3533650651553123,-0.19828469019150374,0.18062034754650266,0.46334352975610027,0.2621170227715272,0.3775388785964904,0.011472085311887368,0.5850618874347174,0.181021020612754,0.2217642465726995,0.12225277849665482,0.32977819799554803,-0.4708642265818024,-0.06385669549204646,-0.2457609680536871,0.013888028936375833,0.053949307240512306,-0.027450107436881598,-0.04068628968254689,0.017631585534980423,0.35832572049325756,-0.49447650218170697
0.6460666793045944,0.3850728512059023,0.27082223057336063,0.39695724501681723,0.4715368292642448,0.4932665714101327,0.3569246203805186,0.5284044779184708,0.32486592805061926,0.5030693553143684,0.4055239677174704,0.4724256527700139,0.26582516312058413,0.4347706723309338,0.41731105365009813,0.4437406316461071,0.5075602977337481,0.4673609780143027,0.5469918478297672,0.4004236912517168,0.49267744861631757,0.42857970089895436,0.22911955887895225,0.3227877843341658,0.5388592935159723,0.13091508259582046,2.576705111183106,0.5768992601644098,0.4735488928541816,0.5231214538015396,0.7198427306124744,0.42421143423812513,0.2836866413473129,0.51092130675572,0.6384889601243188,1.1731922736319456,0.7464074448522439,0.9238318611727939,0.724538612817077,0.5841786186285036,0.9843864064187019,0.5205502644519373,1.117543439125221,0.028283886279989307,0.7231358334272877,0.6100376019147762,0.4700511402492985,-0.26041080776447534,1.5624157935615905,0.4244317407041203,-0.21594447631719932,0.4234148769798656,-0.07364808658918703,-0.10140854696299859,0.27475593297979756,0.013359344217196308,0.08632273960870679,0.04236091136489546,-0.3146111604271464
0.40193578501330224,0.4531193550499936,0.4428282657834132,0.08300918130560148,0.039415266347973314,0.2448600956385805,0.1862861679036037,0.24496381726729574,0.21009723702113528,0.21642268211674062,0.23592491964567006,0.1834687469103715,0.1799125683257442,0.25189087359358014,0.3408883053224313,0.23567438154207482,0.3536398628893307,0.37137755494506364,0.4973091603776606,0.23283558083441003,0.37700752977284996,0.2102378644152869,0.03605762356308575,0.2726329996574218,0.24705637111997206,0.17578302192033876,0.5768992601644098,1.1093307155930647,0.2552183504839367,0.2585061997860938,0.48112051943373035,0.2648873342667376,0.5643248364631945,0.09789612647482566,0.8147040801555873,0.382705110212501,0.749095053024634,0.39021157560345626,0.31682958574865416,0.03736784535714505,0.5737997985350823,0.3968332333123544,0.5440802012092197,0.15582168313874653,0.33641510733319,0.4328498693084068,0.3102853942697241,-0.15693477002581188,0.5288750570367808,0.20669524573497414,-0.13481134352900126,0.49771281527872907,-0.5830425329582979,-0.11714015099878268,0.03421297606689412,-0.039843996933231283,0.04166590952521224,0.01002070981496304,-0.006818663651805973
0.5944750982908644,0.6412314608384675,0.6181694412824728,0.42921380926021363,0.43193388081794637,0.5048038437985908,0.412827731067125,0.40330926639484277,0.33146676938367325,0.47454343410086564,0.4794841343738009,0.4588748968046472,0.307410754812233,0.45926016895810373,0.4907515497261154,0.429130654979495,0.5245709619598165,0.4547525509554224,0.2956630503023453,0.46891221312903786,0.5055849658013839,0.40551136968369855,0.4976275817265451,0.28847938521016236,0.5615746227016698,-0.1951638540235262,0.4735488928541816,0.2552183504839367,2.8608435782058175,-0.29930516621062897,0.2299980929531049,0.4776295672830195,0.22787762885781646,0.5400306453981247,0.202968513679016,0.9243120584269916,-0.12168475898208238,0.2632288829940833,0.7997784815704355,0.30248911270248247,0.37460445368345197,0.3506799529033131,0.21779993137751139,-0.042018570837535046,0.3694053752997595,0.5252021398519392,0.12067580275938361,-0.11988703369222627,0.883778332942156,0.3637822412984182,-0.1246257105444261,0.2178948157127861,-0.1771184772989191,-0.032151567378081385,-0.1852632621975168,0.13318645414022537,-0.11922373651265858,-0.030305797366714966,-0.0010265829404214487
0.2598392140213405,0.0384006758889366,-0.19640306582104544,0.15359685036995266,0.265716866636072,0.17197894660751764,0.15422785015877216,0.2202493637786435,0.15144468621627918,0.20594488281097492,0.11705005492366313,0.10542755330217392,0.10571183851341096,0.17079572177969468,0.17907252404747692,0.1651133022519829,0.1146898453302443,0.1308649699849786,0.27923968280280803,0.22842142983937072,0.18030827899698615,0.1165955251157449,0.25411018091059756,0.44006923604367915,0.28436698336197713,0.10167031529713293,0.5231214538015396,0.2585061997860938,-0.29930516621062897,3.0039804915802786,0.26397842017965123,0.15789335037027252,0.16272614365510457,0.03590118792581887,0.3147370653876316,0.6802793595385063,0.8981252802686449,0.4183704143850678,0.5342126563768854,0.26059014519292295,0.7568903262316687,0.2095770354520374,0.6134316701969744,0.18474991943576696,0.2625916357372048,0.7403080349327951,1.3351159657842318,-0.7957049639462141,0.37989173168687346,0.4047093816389591,-0.19227016651167153,-0.1482580235877199,0.0942040067201494,0.008642310311489943,0.25736715340511845,-0.23237291417657596,0.2811680188341763,0.2817712067988028,-0.5376349520756301
0.6562696645507604,0.5019900062571554,0.4186309990201113,0.32833765283299854,0.3884237318973888,0.4032112578462689,0.3417749691899782,0.4342537131060979,0.3025126920092105,0.38788631534355755,0.4104557471279692,0.3687415487943836,0.25158539857968415,0.4008833185534625,0.4168280690617659,0.35557757282776953,0.4189235805008585,0.5252652074316633,0.52588878347594,0.29553548423619985,0.4794467441056964,0.3018437153252633,0.12158597210125473,0.32263939682309417,0.412292910535562,0.30374681592198416,0.7198427306124744,0.48112051943373035,0.2299980929531049,0.26397842017965123,1.3446303866359175,0.4029288346626453,0.2877260030798286,0.18126388053348025,0.41503603728679217,0.8162609678793583,0.7380903066059512,0.736642931331017,0.49731886602856157,0.25008532827962715,0.5689636645387635,0.43500266979278784,0.5176148103349956,0.1008683279901839,0.5871329320522302,0.6777949114214595,0.3803285225329642,-0.26574263583633956,0.02177912416843512,0.44210927362553276,-0.06613954545909087,0.3329018474023168,-0.23381224339633566,-0.15654424474847672,0.08352315792488188,-0.1448768633595573,0.1990599474692589,0.004660881353568151,-0.152666310327118
0.4498505500035754,0.39090577480295596,0.3276168644680177,0.38982577560425324,0.3925638648353317,0.4388061882587908,0.2768141453649551,0.3852124261501946,0.32665432992698074,0.3254819009353028,0.36864190349807985,0.38718051551702165,0.2268472771021924,0.6226012572746844,0.3403191876602077,0.3518698138257521,0.3314466379152016,0.2872759023891777,0.33879894780105857,0.33953148756720297,0.3316216511326212,0.2980361055353065,0.12079778660515937,0.3115558243061822,0.281255875651329,0.3348564998571741,0.42421143423812513,0.2648873342667376,0.4776295672830195,0.15789335037027252,0.4029288346626453,1.1112855837013047,0.0730984354003817,0.3631367115905595,0.27270311230753985,0.4362584542739535,0.28075226460111524,0.6028786755284522,0.37384177415358244,0.23714839127636975,0.4161819638687901,0.31239739676096867,0.3767985120759748,0.05957762609888878,0.4777049253915521,0.4552427852964319,0.2382125604076866,-0.08396383242366287,-0.00040479951110373286,-0.016071093873363362,0.008719622919632169,0.30780952686082425,-0.21783688765344583,-0.09043213160810712,-0.2036324333583237,0.04997529310681994,-0.05023253932882149,0.26547858541003244,-0.27398957876715724
0.266170077909295,0.2317838525932997,0.2343211112776124,0.14299650223376387,0.12647323691371268,0.10239643517423482,0.235817468818686,0.07840953216953164,0.2524710750871356,0.05688186260172995,0.13969775121586764,0.10381059140118838,0.16706725941415482,0.11146959219115797,0.17990741302657845,0.0801643061755372,0.29869749595202605,0.21437957213192185,0.38245410930595997,0.2603378225281213,0.21592089069129536,0.1868303183218126,0.2206961345782094,0.3762557261362184,0.19795052097877644,0.028377477502760585,0.2836866413473129,0.5643248364631945,0.22787762885781646,0.16272614365510457,0.2877260030798286,0.0730984354003817,1.8202105490589828,-0.130081364031116,-0.4093674906044992,0.23130870267825263,0.5918270383197413,0.21006592886202274,-0.04672655665115743,-0.11079343255181626,-0.3009732337580264,0.22842468997770152,0.2689678520767475,0.12639544910944536,-0.3787941971774225,0.33507674273633087,0.19547453962769332,0.24590421827401843,0.47063952806608605,-0.3254932508747765,-0.1438922743131384,-0.03263365838459,0.13533861606272043,-0.2717977352561717,0.24546230631413307,0.0017696008991565585,0.027932951608926216,-0.20683800527898008,0.16345023196917247
-0.46776713901959505,0.20573968278312432,0.2849657441086149,0.3285905867617723,0.2229645122718886,0.3622346524232104,0.19925107148673357,0.3654170232912557,0.35320666507506615,0.35003412944358153,0.2816976690051643,0.2849359785036329,0.17287396611911976,0.255641639500695,0.2576373163721809,0.2363995211819781,0.27179730981713623,0.32628432829943976,0.11464852443390157,0.23468493199718615,0.21808819829881398,0.26948509191342085,0.353071725978891,0.1467243083061098,0.36927093422251084,0.4022366740608848,0.51092130675572,0.09789612647482566,0.5400306453981247,0.03590118792581887,0.18126388053348025,0.3631367115905595,-0.130081364031116,1.9896622150235217,0.4525217591268685,0.3213822385826752,-0.017337963756228387,0.004539234417692961,0.4604831231138869,0.005452511469681292,0.6239324042769616,0.20341201803874334,0.5367648953520576,0.11651025490422945,0.4547364393397087,0.2573102911202084,0.30292968994612907,0.14168014461331857,0.019300482853041055,-0.4972092833228909,0.11886932835428854,0.1513407478889737,0.06704296833143569,-0.10978690144955157,-0.39377752095867413,0.24861009831112765,-0.3170221051721002,0.316027063502133,-0.21505029785789395
