1.2463431940712075,0.26178008514138007,0.07992478940008621,0.2060458020440849,0.2466247092475906,0.09107168921218874,0.12810513883892166,0.10023884138345056,0.027011876520446253,0.1396000753716653,0.12378804303908743,0.14244383956753923,0.04998895004167601,0.09772203929871646,0.21611539952615672,0.1325010138776624,0.030845908588269143,0.17404871367146996,-0.042755897838460045,0.13228196403364337,0.11019617840697818,0.10305375256473677,0.21544369866429441,0.05641369947183681,0.16498916726285576,0.06165908148722888,0.0944902618061926,0.040508427498544226,0.125344910295753,0.16677557783227878,0.03039169466368538,0.09817607792449616,0.09718963062754617,-0.0004176577386268129,0.0020911671169590966,0.01954446654060843,0.1801004335420178,0.06760241908003073,0.1592414074178818,0.1396901291940669,0.14747833969074287,0.11619170764405387,0.18654800116240378,0.10309932952304869,0.06151594272510097,0.11477015343255516,0.17009047260259325,-0.08246088266516599,0.26613653627967054,-0.07581765938749635,-0.005458723260833006,-0.002679396657825276,0.013728012622159474,0.05298914283449306,0.09109713625982578,-0.027976053080711903,-0.15396763202281943,0.01758380475480364,0.08642100902073731
0.26178008514138007,2.294439955663126,0.9534188825302814,0.20749837003560845,0.14758823874388663,0.08302849337999911,0.4177069150338247,0.0891717061845189,0.3920240839909307,0.33115353845757145,0.27846854550158323,0.3445117736021512,0.11501018143730944,0.16808482105995506,0.565502456028263,0.15821803226257095,0.18193735290919238,0.354584527161857,0.49335811309734917,0.49157594272908417,0.41772864021950007,0.20469154991829003,-0.12470370105465728,0.05624814925767967,0.207892752684134,0.22391206773140365,0.33212985606945894,0.48732634766504684,0.42948453375765056,0.38813263058479625,0.2900152537423971,0.2144009433110652,0.47398061801093927,0.21454008071013453,0.30866920621974264,0.29670521838754754,0.8267805540999709,0.2665298087698975,0.33500185369646507,0.24891233891111036,0.5071234694561895,0.3799459818225506,0.5519759613067131,0.0403800276647223,0.31032003794586605,0.46387064826179214,0.4251058391181357,-0.23595358418710052,0.43953260686984397,0.06902714823284281,0.0018052272320763897,0.1915021522447182,-0.25332436159290517,-0.05784439049272905,-0.44858178107672564,-0.07408957074698883,-0.6306680813018124,0.2846796165774391,0.6482682606679163
0.07992478940008621,0.9534188825302814,2.4609697505229233,-0.08480311360489533,-0.39700321774785635,0.34187296337609946,0.40169068689693743,0.18279942715266964,0.4866929588719065,0.3016475145635093,0.25994698987030757,0.3717481473402135,0.125219345191656,0.23273076212035887,0.43585741112835436,0.15706374460131162,0.32274802207406045,0.2401878608330668,0.3931246184164459,0.3021223397629449,0.37265379530957266,0.32047012678142256,0.2357686306442352,0.3074130609773457,0.309639505869042,0.18866805887014537,0.2803212228531204,0.3626102184395754,0.5141653103681139,0.342183648227007,0.16288079231101396,0.23055736750757252,0.3136627320758203,0.331295620811793,0.38785141050916117,0.35203793180128823,0.41766346083579475,0.20728602233157037,0.4465225973196211,0.27370155831856935,0.2822547164198808,0.3450764452806067,0.47545811171783253,-0.004372751138835296,0.21721244908670487,0.3669446650303035,0.35237409339544495,-0.17529741664167134,0.6211729901897511,0.05214058116332803,-0.12814863105288254,0.16891664483653113,-0.0071994108439387885,-0.06614625517072485,0.09670293778507356,0.21933875336808417,-0.2979812862848651,-0.6060879367632699,0.5342219079986774
0.2060458020440849,0.20749837003560845,-0.08480311360489533,0.9791977392695045,0.6163188499277552,0.2457866615152819,0.15721553765026636,0.2248094933212556,0.05062918935278968,0.13131334877650516,0.20370933895104096,0.22557203741871623,0.09994882878686605,0.17477075379062051,0.22363983532357776,0.19493020368586286,0.1970951527633264,0.176975295114661,-0.03719738482641685,0.1635341974557741,0.16918826860228353,0.11041241047680822,0.2008353131851365,0.11316651099767142,0.17007374796407346,0.1807939727838985,0.11133581769447447,0.07283568343755888,0.24524226358597298,0.01377220338972967,0.07427016363513496,0.1837774381487592,0.09341013928430403,0.2786923683415839,0.04681895674798261,0.027219612625013052,0.2037443899299212,0.10896319856553802,0.1595902345171114,0.07434224123539027,0.10545067216808342,0.17089761070809642,0.13205028143701256,0.24001855195134705,0.0018166483180559476,0.003246228334668924,0.08798789094796532,0.09332806373612171,0.04002097088465128,0.07665379794835109,-0.06982816179690263,0.08676152147647606,-0.08923613163572801,-0.08625141788497429,0.08148007169247055,-0.045294433032679285,-0.673837957257296,0.19927415932187323,0.37685430499352374
0.2466247092475906,0.14758823874388663,-0.39700321774785635,0.6163188499277552,1.252065266567071,0.2333777672008666,0.1746988524111554,0.21705043480630096,0.062861544663414,0.1368637119453267,0.19487262931707133,0.22728009341486044,0.10605845142489757,0.14547459019401027,0.16986027315070734,0.16319067578924576,0.12047029991408242,0.18688821532387576,0.009858402688651798,0.1354076675839169,0.11713243787776817,0.08958342606957262,0.13846881538763028,0.09381825943401888,0.13249107428800705,0.20143538244410036,0.08107447398999605,0.02241251223874883,0.17021177332925558,-0.1124729190276148,0.1545127222191972,0.1707233866815605,0.020593288129826956,0.2121741953984526,-0.005500914061882533,0.002236651876936248,0.2275547489712596,0.07424165985804852,0.10632353016331475,0.038878785698971276,0.12703511960659664,0.13602401332817704,0.04497329405985112,0.22807263640841974,-0.04970766018311773,-0.01161477324149619,0.0324558346367026,0.11864600991985698,-0.03823334113593063,0.03288907865811617,-0.07055757171841814,0.018566266322353787,-0.10756325290697173,0.006007262949423338,-0.0719579487156899,-0.1903997416298553,-0.2815831143334097,0.11218901873096679,0.368014647375733
0.09107168921218874,0.08302849337999911,0.34187296337609946,0.2457866615152819,0.2333777672008666,0.7543167373513574,0.21698582251573753,0.39930321153493015,0.2322273075256973,0.10887556128306536,0.2818884502519854,0.31465962000087666,0.11403409692068643,0.23296922162450695,0.19233932719122232,0.17851009650163083,0.25601964567888746,0.19881206294052375,0.2231902535946591,0.21257163391587128,0.17075855200739243,0.19632660260779983,0.06002083294405742,0.13686764152395386,0.2520286714408783,0.2721145857880272,0.1906903476141738,0.049583689599255354,0.3326852416810598,-0.0053264721088455615,0.201938850166995,0.24654898097798003,-0.020605648393015354,0.23601492964537338,0.13522976225441263,0.14950716326298033,0.09541689604145222,0.1321223760177597,0.26262412811107405,0.10344245614150466,0.03808616575758367,0.1501344766232664,0.20204084245104922,0.19158313134503566,0.11655573142928824,0.0223977909675797,0.11283984414480733,0.13600357427520954,0.2616091860612043,-0.014909353646747867,-0.1363717644084788,0.0908812965339145,-0.02478007707412822,-0.019694005276295713,0.006372549438217443,0.06380109212036357,0.0136994716425758,0.09683321699213361,-0.25468005578667297
0.12810513883892166,0.4177069150338247,0.40169068689693743,0.15721553765026636,0.1746988524111554,0.21698582251573753,0.5393943333835501,0.11420040893061517,0.343421857577656,0.08588089977560032,0.20626086462810597,0.3340309687492575,0.095738015904159,0.1619630309846186,0.1681408519915223,0.18701807528689146,0.1770087378565509,0.18399580266092191,0.2289145184203722,0.23543381395986596,0.1957343283663054,0.24106534968900578,0.16977541332208657,0.14710188684740313,0.20734016927078333,0.18680943398990063,0.20193639323271612,0.11561389041113715,0.25768054460952156,0.09842146706444223,0.12662664129288692,0.18172641571592255,0.1555494756221799,0.2072738874237241,0.093871566139218,0.13991256915634687,0.2515157992260957,0.13073772307757278,0.2745359544411866,0.1480324611144581,0.12311752710950351,0.18022002838507084,0.2820255850017339,0.11784615375268423,0.0890158396212399,0.10054392683504997,0.16415964618063897,0.05868590445091749,0.3930594820535862,-0.05529256026667831,-0.0785593604124439,0.08753127354009158,-0.008755859713406268,-0.03958911702130285,-0.06877042216665757,0.08382191743600352,-0.09139854964352925,0.052549635164700056,-0.042363666079113925
0.10023884138345056,0.0891717061845189,0.18279942715266964,0.2248094933212556,0.21705043480630096,0.39930321153493015,0.11420040893061517,0.7673793333336256,0.03309135233589057,0.24586980448626725,0.22967466479054371,0.12785590878556355,0.1389074623655176,0.26368225805790024,0.11628505328959243,0.1896172013797707,0.30663363518651177,0.2392482714794162,0.2333344566815493,0.173507891380497,0.17550990734315103,0.1536699228051066,0.10655682131781315,0.12154732141126794,0.24657387947417195,0.2216302220444296,0.16661810208292793,0.02669876464443825,0.25371912608992114,0.1570015727534143,0.1881138562500578,0.24597220224654773,0.08741565473244328,0.20882015891097438,0.06296127320631312,0.15524998515062616,0.20702542809708321,0.10045813520998303,0.3438012302887936,0.10304529696330744,0.12101242451048869,0.14941637082137935,0.21097711453704437,0.11732839721403948,0.0864132264518836,0.1328236658611594,0.21540582593855784,0.009584621346652007,0.47316954741502504,0.13181394738435592,-0.04870303778882891,-0.07957103417701991,0.04612643215570243,-0.08310742377553547,-0.04968828020509115,0.03487670954706931,-0.02352829422212566,0.10378228555480273,-0.09551861188404336
0.027011876520446253,0.3920240839909307,0.4866929588719065,0.05062918935278968,0.062861544663414,0.2322273075256973,0.343421857577656,0.03309135233589057,0.8774367996742704,0.009889118825168079,0.10369340362924513,0.20587040694839534,0.07728282098325304,0.17063817100414447,0.13546479457299493,0.08606884472699204,0.17467042785333983,0.20201945079554565,0.25649991617809753,0.23401368376999904,0.2212975607786582,0.3774070894924217,0.20521683533755658,0.20238002599650978,0.15479298908829633,0.26504258733628705,0.18454923343623675,0.1731541520906534,0.176608384222699,0.1502291355610219,0.17788628133536968,0.18825431475634727,0.22002850580131045,0.17896685197988066,0.10274253949938837,0.1878491778510184,0.2740128662110638,0.13850433576969995,0.25500901132181625,0.16576394606272632,0.1269982293425754,0.21025033644526198,0.32979859892206675,0.05403609065692823,0.15471222852672267,0.19811502825696586,0.20540936701093504,0.02711514247836269,0.32896235540214663,-0.02786421526233731,-0.041777485337384276,0.07143740563078861,-0.010847911792209352,-0.07521591570629563,0.015516841883629305,0.1398311816570033,0.013619398757427502,-0.06973903042391155,-0.1567691674833959
0.1396000753716653,0.33115353845757145,0.3016475145635093,0.13131334877650516,0.1368637119453267,0.10887556128306536,0.08588089977560032,0.24586980448626725,0.009889118825168079,0.8991772994481899,0.2395908159112398,0.26858652378025055,0.10523633605077339,0.271243143262887,0.2743400489327361,0.2558697827351463,0.23033682461819735,0.2889567275664195,0.436971938277921,0.07648799306193177,0.19748558889636697,0.15375529713379701,0.20316070203230177,0.19334754304118643,0.2570160521807756,0.04455301001847289,0.2147392135457795,0.24089386296100324,0.2959861142979512,0.30111684768402447,0.2330891797194851,0.2773547601385202,0.21183730468834475,0.34214824381072595,0.19186151969724494,0.2535034526987908,0.4619532540888548,0.062291791817862326,0.3441376532229342,0.11553521643155525,0.3574448648066517,0.18065268177914262,0.20280659344922985,0.07523169663976045,-0.02625891010092224,0.30079236336535853,0.33752722872186003,-0.11453720963729086,0.6421806119033113,0.12663657040142073,-0.053124773555333994,0.036117892938574085,-0.12457036797724605,0.023893992737229464,-0.15941842094466577,0.03049738814833342,0.017537975332511262,0.04301830263505157,0.032432970233503236
0.12378804303908743,0.27846854550158323,0.25994698987030757,0.20370933895104096,0.19487262931707133,0.2818884502519854,0.20626086462810597,0.22967466479054371,0.10369340362924513,0.2395908159112398,0.5107485601634805,0.3674422433183397,0.11204381137024977,0.16217265752209023,0.27107147449635705,0.2110824144841263,0.28847745522880963,0.1814793833411258,0.21082716767227597,0.2849533450420769,0.21435637127966795,0.149521667884564,0.11824713240843264,0.1723039640808083,0.2270870097757389,0.19371793896879294,0.23190425342704116,0.14246080935540453,0.2702836094764169,0.07700058620530213,0.20861125800610344,0.16776187777723237,0.11200196584147792,0.16413395909306738,0.19091535547238295,0.1622832088525067,0.22760696391954344,0.1494495559015198,0.3005483732684892,0.1898892255883505,0.17662750258839527,0.21073885987103463,0.263175231847907,0.12474092003147104,0.14702809877814263,0.1298694240263064,0.157858469612849,0.07240611981643917,0.28824512496589905,0.0027279829926210803,-0.06935115036989832,0.04104688684509784,0.024317697111002602,0.008673884008640192,-0.056875220663608055,0.0378990235732929,-0.11440914502194673,0.10785926086171756,-0.06825995697591766
0.14244383956753923,0.3445117736021512,0.3717481473402135,0.22557203741871623,0.22728009341486044,0.31465962000087666,0.3340309687492575,0.12785590878556355,0.20587040694839534,0.26858652378025055,0.3674422433183397,0.6737311206656964,0.092853303413394,0.23289814656688423,0.283841748792778,0.2742350909934322,0.2784357850401245,0.11361285917352998,0.2854406901032128,0.28358651055669154,0.20818132633827507,0.2080872754023007,0.13532393656682948,0.16796875664904848,0.30960611224307305,0.180872859638668,0.29315909672590346,0.05159990283014167,0.34998805352211626,0.08252658010289567,0.12372674529231294,0.24507692929101954,0.11426460905889475,0.24251571325709395,0.07569474963160082,0.2237933110707838,0.15284549395217778,0.1578625078670899,0.3433023694510695,0.15933516976651727,0.1264874253803111,0.1917818946633181,0.2506065870275039,0.15120438768447086,0.07871995512035411,0.13092773619674614,0.14110749942436898,0.06390403630615707,0.4473963427243897,-0.19109520240215175,-0.06844970176658248,0.1170415009132506,0.08150852821853773,0.014619838328069724,-0.0423944223158995,0.1016847380319371,-0.1514611139505352,0.07568528715015127,-0.10394793584580546
0.04998895004167601,0.11501018143730944,0.125219345191656,0.09994882878686605,0.10605845142489757,0.11403409692068643,0.095738015904159,0.1389074623655176,0.07728282098325304,0.10523633605077339,0.11204381137024977,0.092853303413394,0.1840387831736913,0.11032136811849455,0.04624343303900076,0.11478549938788882,0.13727670739651177,0.08116737435812216,0.1033395245738979,0.0850562390714147,0.09776320528260145,0.11435771820162853,0.09476907745417538,0.09040675446041546,0.10160999909976176,0.06517030101515571,0.10149480979167241,0.06396056938284161,0.12900965853459556,0.08274777876195441,0.06429058226017867,0.10262773489676799,0.06949782299080615,0.10040313267071793,0.08721620562818995,0.08334260253825598,0.1370341175774949,0.0473718925200374,0.15257777760092328,0.07784457305180112,0.08770004487432431,0.09211541664562976,0.1490244004911425,0.05895773179112056,0.004448932532071042,0.08702332792713253,0.09032275490788125,-0.01806722538261822,0.19231801798899864,0.028844354595718033,-0.04207990513475229,-0.009595750173218785,0.031550356057791044,-0.02448809415670354,0.008444791674112257,-0.01328297739254741,-0.06184027370385941,-0.004288612591984781,0.04278031605763529
0.09772203929871646,0.16808482105995506,0.23273076212035887,0.17477075379062051,0.14547459019401027,0.23296922162450695,0.1619630309846186,0.26368225805790024,0.17063817100414447,0.271243143262887,0.16217265752209023,0.23289814656688423,0.11032136811849455,0.6227523142214895,0.26364020692345197,0.36571638334646955,0.2979741117397116,0.17174022633001634,0.2035265339372566,0.12816586323187046,0.22635544071846406,0.2549765693658027,0.271724659238812,0.24384968158391856,0.30005117750755117,0.10641546462437312,0.19308158425381824,0.12245117645037157,0.3838727931305607,0.2952975834578972,0.13937259203449176,0.5731529842171769,0.18459810438665628,0.23847774183811732,0.0689290157450217,0.34928491637619247,0.27811733155676205,0.0972515003638873,0.3127453285109471,0.1484209610771606,0.22699508954367495,0.21029576809115877,0.2835541611335812,-0.0048432655770808165,0.003550044325981178,0.36814145405221166,0.2704615906215857,-0.26011911538725985,0.6417931337744468,0.03123672185390182,-0.03731884338628518,-0.0884660871414592,0.04638858466053568,0.0028545337525431617,-0.10822421045904197,0.15038546142371143,-0.22790131744515837,0.14628988400913315,-0.008217167693772513
0.21611539952615672,0.565502456028263,0.43585741112835436,0.22363983532357776,0.16986027315070734,0.19233932719122232,0.1681408519915223,0.11628505328959243,0.13546479457299493,0.2743400489327361,0.27107147449635705,0.283841748792778,0.04624343303900076,0.26364020692345197,0.827772698655345,0.22802526968473208,0.22437740866391878,0.3205179299883845,0.1704485968738962,0.2686330391775312,0.30596972251646526,0.14399085221039012,0.3612849672228919,0.29247207561153893,0.30105124706423103,0.12480991593502763,0.1967748564249075,0.3369427748590299,0.3508004600191507,0.3342426499457235,0.2246647124073786,0.2693089423042072,0.29648860453354003,0.27336766595553486,0.22437000995367778,0.23986257086744936,0.49831384332008605,0.15884707405235085,0.304193108034931,0.2340121143984085,0.2997843274983289,0.308833781465794,0.3475794589106217,0.011038702589753252,0.10936959571408335,0.32990143541344813,0.36078765790206685,-0.1104582295482641,0.593361787500207,0.19992349144342725,-0.09312808345117055,0.15791744316153605,-0.1777866039563055,-0.055095633361610684,-0.05328656955371366,0.17747713870346932,-0.4700543381953349,0.05458541159825223,0.19564902660239986
0.1325010138776624,0.15821803226257095,0.15706374460131162,0.19493020368586286,0.16319067578924576,0.17851009650163083,0.18701807528689146,0.1896172013797707,0.08606884472699204,0.2558697827351463,0.2110824144841263,0.2742350909934322,0.11478549938788882,0.36571638334646955,0.22802526968473208,0.7953241640288407,0.3180215532939966,0.16981823479904487,0.23314000836454202,0.163307227090031,0.1976879103361592,0.3640460626858784,0.24117372993776698,0.228992368558364,0.3181267215632373,0.018045507267542865,0.23354612993314813,0.11699035682832025,0.35559876391706674,0.11287594228748432,0.11799995268602197,0.33651324556806456,0.11654689703134895,0.25158986428033703,0.1504280225122779,0.20310475532372113,0.3057743753022536,0.10516988827015647,0.31093463201632926,0.165647016222768,0.20715301635407068,0.17938828008335297,0.3559062322930013,0.1302482470164932,-0.004898192456280585,0.19863546492407208,0.17738067706881813,-0.12229677184072878,0.4389508327770996,-0.12202975215935935,-0.06858330370450441,-0.025999997965875436,0.09812670349537622,0.010175594751326556,0.022316162858415846,0.14516688293954352,-0.28372754208900036,0.11995352711274004,-0.09474804904192402
0.030845908588269143,0.18193735290919238,0.32274802207406045,0.1970951527633264,0.12047029991408242,0.25601964567888746,0.1770087378565509,0.30663363518651177,0.17467042785333983,0.23033682461819735,0.28847745522880963,0.2784357850401245,0.13727670739651177,0.2979741117397116,0.22437740866391878,0.3180215532939966,1.028000869981117,0.08988992774773179,0.1316859098662197,0.4205895001705866,0.269049593667806,0.2919643611034339,0.23206371762023542,0.2163298643354432,0.2969265754738995,0.1802979287661822,0.2854601278259886,0.2379077593349721,0.42692888377260607,0.03545663818009084,0.09771048762742165,0.2867063000294631,0.2382382848737117,0.23735227764893368,0.1451690039219583,0.15192732705895187,0.4350065345084696,0.22240752944628328,0.3376938222379544,0.26691180492044553,0.22117277596864734,0.2523074291131351,0.47127370446548383,0.13041118992868656,0.1407235970680459,0.18339872186520018,0.15656137232380488,0.016203396249265634,0.41530249519763934,0.3483033252699937,0.0254226095842036,-0.08996526565241497,-0.16277103143182153,-0.0729036813775976,0.06530555258896881,0.06684508348409975,-0.26005433756827184,0.013211245683017117,0.023209867329038358
0.17404871367146996,0.354584527161857,0.2401878608330668,0.176975295114661,0.18688821532387576,0.19881206294052375,0.18399580266092191,0.2392482714794162,0.20201945079554565,0.2889567275664195,0.1814793833411258,0.11361285917352998,0.08116737435812216,0.17174022633001634,0.3205179299883845,0.16981823479904487,0.08988992774773179,0.6179794859563374,0.1687709241310093,0.035937009747834904,0.21657466371279338,0.18072282368844517,0.33059383445153706,0.19103745339192515,0.18163209074526657,0.19931433930914944,0.08110734421917894,0.254104092973708,0.2083135067814463,0.16100167990412004,0.34312590084868394,0.18990163516934946,0.1668839567001915,0.22684702547753732,0.1575261449709318,0.15184118367672814,0.4127112582208272,0.05327077764664012,0.1871108819467885,0.14686886659883974,0.2876303168900187,0.20819700928220652,0.30395844272575695,0.00919638533426602,0.1369762084906782,0.28709809015641824,0.36541055026550817,-0.10769948786411711,0.35218041295611463,0.2738337135587088,0.06594410869083515,-0.045895070394989065,-0.28561848280178526,-0.08003033266251791,-0.07458140171289346,0.09104604254161758,-0.008386072851213554,0.1662934526347001,-0.2152426567516378
-0.042755897838460045,0.49335811309734917,0.3931246184164459,-0.03719738482641685,0.009858402688651798,0.2231902535946591,0.2289145184203722,0.2333344566815493,0.25649991617809753,0.436971938277921,0.21082716767227597,0.2854406901032128,0.1033395245738979,0.2035265339372566,0.1704485968738962,0.23314000836454202,0.1316859098662197,0.1687709241310093,2.2285142610670863,0.1493549548085195,0.3757297346048342,0.27051586394375987,-0.3283323689532049,0.17970063619444157,0.25819650924511306,-0.2336645449058752,0.21006353287806204,0.49339812352865103,0.280844557282396,0.20094118535772904,0.4967752488389436,0.1788223012046696,0.4225011124192583,0.23175915552976337,0.46869556503946114,0.4066202079507044,0.7834922307136146,0.10498616505136325,0.6437698886020172,0.06982233169742819,0.2600100288315948,0.2908044707999406,0.22730277071421795,-0.06143048189255402,0.16364407459176386,0.20524211670052708,0.27754811162129056,0.4282702209353253,0.6931113505658849,0.3522187362899534,-0.3226882669100027,0.23748642055451513,-0.14709596840613245,-0.10917116354309761,-0.4199019557819511,0.03919614858355996,0.26134739488928055,0.36588816974201865,-0.2451483627209321
0.13228196403364337,0.49157594272908417,0.3021223397629449,0.1635341974557741,0.1354076675839169,0.21257163391587128,0.23543381395986596,0.173507891380497,0.23401368376999904,0.07648799306193177,0.2849533450420769,0.28358651055669154,0.0850562390714147,0.12816586323187046,0.2686330391775312,0.163307227090031,0.4205895001705866,0.035937009747834904,0.1493549548085195,1.338262483636112,0.16514598878837372,0.15071872096588632,0.10522878667222343,0.18773252074984936,0.22949851080516637,0.15816708132039306,0.37427485352335677,0.26228217112130886,0.23388159333768388,0.2857457601057884,0.0642986153529286,0.13720405969849425,0.44970265169500206,0.2197118891009629,0.01983493919254173,-0.20398447839160427,0.8531048551468163,0.5863383195497732,0.3185580607670238,0.4690295591192889,0.177634497948398,0.11822835021850059,0.8522944026669932,0.30178281504515947,0.2578060754072395,-0.060215069311720354,0.3001520870454743,0.5013424863144182,0.9766120908929117,-0.02529023674742073,-0.10960936982133059,0.36371768173592295,-0.0509143036139792,-0.06661642820449837,-0.03649987625011988,-0.046429748199403535,-0.10482890356180875,0.05026660155945708,0.06865587059205841
0.11019617840697818,0.41772864021950007,0.37265379530957266,0.16918826860228353,0.11713243787776817,0.17075855200739243,0.1957343283663054,0.17550990734315103,0.2212975607786582,0.19748558889636697,0.21435637127966795,0.20818132633827507,0.09776320528260145,0.22635544071846406,0.30596972251646526,0.1976879103361592,0.269049593667806,0.21657466371279338,0.3757297346048342,0.16514598878837372,0.558987819304626,0.21135007021490068,0.21969766414888733,0.269556145433707,0.22915189007155093,0.06576676688111123,0.1815579349479458,0.33594646324149446,0.3485811486994806,0.2523839048259684,0.3152877890859822,0.2346418380991043,0.3378563222054552,0.15405836036011938,0.29299124610935334,0.3871534473288461,0.34432577106525947,0.15426405376093752,0.43173492087531784,0.26033551422044837,0.36186756491668204,0.5416993323795594,0.3809453735380006,0.048602796379645194,0.34891183008602306,0.35637097960963177,0.29504352590135624,-0.18331016477442416,0.3561482453169647,0.11401789567034723,-0.06869592721199987,0.07129936432513238,-0.07029476062935004,-0.04182334349186461,-0.0209337869316307,0.09295820492417385,-0.3562625564277747,0.01786640388524963,0.22491066821536976
0.10305375256473677,0.20469154991829003,0.32047012678142256,0.11041241047680822,0.08958342606957262,0.19632660260779983,0.24106534968900578,0.1536699228051066,0.3774070894924217,0.15375529713379701,0.149521667884564,0.2080872754023007,0.11435771820162853,0.2549765693658027,0.14399085221039012,0.3640460626858784,0.2919643611034339,0.18072282368844517,0.27051586394375987,0.15071872096588632,0.21135007021490068,0.8091028672784616,0.26787863432673076,0.2204621027632069,0.23580904726192772,0.11109214519723029,0.19095901054777714,0.11620952837188962,0.27505322317110686,0.14723882888921222,0.10999549054001005,0.2459662219044148,0.14413278409835636,0.20640505682431753,0.11814498083520353,0.123447951451691,0.2928839284428518,0.09207184256332415,0.2948109398145037,0.1668853423470619,0.1570640529608792,0.2115003719045519,0.4364406656222479,0.06825139317258902,0.048684769298107534,0.1679794136064046,0.2014745207361082,-0.03966134033269274,0.46126899943297917,-0.043708022575230585,-0.062013272216866706,-0.08543588913947356,0.048197133162958046,-0.03888554793929833,0.05957832339164884,0.1223460728085009,-0.1196764369448222,-0.02238951575516969,-0.10183763565551553
0.21544369866429441,-0.12470370105465728,0.2357686306442352,0.2008353131851365,0.13846881538763028,0.06002083294405742,0.16977541332208657,0.10655682131781315,0.20521683533755658,0.20316070203230177,0.11824713240843264,0.13532393656682948,0.09476907745417538,0.271724659238812,0.3612849672228919,0.24117372993776698,0.23206371762023542,0.33059383445153706,-0.3283323689532049,0.10522878667222343,0.21969766414888733,0.26787863432673076,1.5620250564416336,0.5670854393037987,0.4243340265262093,-0.08964605651619166,0.1415217437049324,0.12417222360265542,0.4521768230549312,0.5551324029520022,-0.3171163375979203,0.23171516721833152,0.3319771600053815,0.49447064499489907,0.02680842310211261,0.009141053097463301,0.5039487397084157,0.04184815276475438,0.5186928306105059,0.42486689146294154,0.11759198252683672,0.25730661237969976,0.44473460475849863,0.09156150818115594,-0.22686094864804504,0.12118778732387447,0.4586859985433095,0.14602299620015127,1.2376538839676112,0.05697856178432422,-0.1643026242643841,0.010883133036639951,0.18036519747405394,-0.0461605901446568,0.20605860725841962,0.131392989167688,-0.4663205880695915,-0.2168720282167988,0.36373145552324476
0.05641369947183681,0.05624814925767967,0.3074130609773457,0.11316651099767142,0.09381825943401888,0.13686764152395386,0.14710188684740313,0.12154732141126794,0.20238002599650978,0.19334754304118643,0.1723039640808083,0.16796875664904848,0.09040675446041546,0.24384968158391856,0.29247207561153893,0.228992368558364,0.2163298643354432,0.19103745339192515,0.17970063619444157,0.18773252074984936,0.269556145433707,0.2204621027632069,0.5670854393037987,1.0491929433674279,0.2902922537715401,-0.061521849054596685,0.16067242450390612,0.1960927533742176,0.30499195384211986,0.3100668932952454,0.47593543274935823,0.22375962251647397,0.15194100830477422,0.2891922057371266,0.22359270040952592,0.21376492857774926,0.3018318268435443,0.12932651198527384,0.3846514519263209,0.21270441000023846,0.3030911782727325,0.28624416856682733,0.1290681881653565,0.09322141634066883,0.045213098592086484,0.23925800154704072,0.2790872530678828,-0.046563821943958375,0.5872943313920848,-0.005958992848047997,-0.17328878214871304,0.1522647272171759,0.11800886289691337,-0.03763422940188732,0.18579602178207355,0.1942842622301242,-0.17556189459089663,-0.507533361814588,0.371348160788984
0.16498916726285576,0.207892752684134,0.309639505869042,0.17007374796407346,0.13249107428800705,0.2520286714408783,0.20734016927078333,0.24657387947417195,0.15479298908829633,0.2570160521807756,0.2270870097757389,0.30960611224307305,0.10160999909976176,0.30005117750755117,0.30105124706423103,0.3181267215632373,0.2969265754738995,0.18163209074526657,0.25819650924511306,0.22949851080516637,0.22915189007155093,0.23580904726192772,0.4243340265262093,0.2902922537715401,0.9344464952283293,-0.04312764405032323,0.22403723177217427,0.08842622845720073,0.5319241671966526,0.3616140688431603,0.054848399608701935,0.27428133341690153,0.15490486813221857,0.3921679537619522,0.19951958326759733,0.29665589794830133,0.36403847892783975,0.12841435235416032,0.5117920256254889,0.20978161499283182,0.16669764110433655,0.2129077319425956,0.3112694344887718,0.07369548412337319,-0.02850304237692231,0.32179969097387057,0.32030138827729754,-0.2356800896145875,0.7449607362006782,-0.3784838885490863,-0.19048325346437522,0.09962030369472827,0.2793981061518668,0.01671703106196941,0.004917228588108404,0.15280646974134882,-0.20905452783581738,0.015882978162886443,-0.007362151429887643
0.06165908148722888,0.22391206773140365,0.18866805887014537,0.1807939727838985,0.20143538244410036,0.2721145857880272,0.18680943398990063,0.2216302220444296,0.26504258733628705,0.04455301001847289,0.19371793896879294,0.180872859638668,0.06517030101515571,0.10641546462437312,0.12480991593502763,0.018045507267542865,0.1802979287661822,0.19931433930914944,-0.2336645449058752,0.15816708132039306,0.06576676688111123,0.11109214519723029,-0.08964605651619166,-0.061521849054596685,-0.04312764405032323,1.4930185436831533,0.17703769982986076,0.20199478746258692,-0.211652952865466,-0.06754458711788966,0.13781630433008735,0.12767680156423755,0.17368468208612498,0.05080508411340922,0.10370698666285036,0.15795819543913664,-0.2687208871062954,0.1367597169235043,-0.8112920956943218,0.06241113686593963,0.09912750860429144,0.1080282336637522,0.375820153598634,0.03590016009926649,0.23861988049579355,0.05147354970525767,-0.06492321004658362,0.2124949813427383,-0.5097489542589398,0.4376507544809169,0.04517711709962273,-0.28943573795461475,-0.29441730542497396,-0.060787076425991474,-0.02099557069850214,-0.030624292913896484,0.031213309716002818,-0.014185083615297592,-0.040669082656078756
0.0944902618061926,0.33212985606945894,0.2803212228531204,0.11133581769447447,0.08107447398999605,0.1906903476141738,0.20193639323271612,0.16661810208292793,0.18454923343623675,0.2147392135457795,0.23190425342704116,0.29315909672590346,0.10149480979167241,0.19308158425381824,0.1967748564249075,0.23354612993314813,0.2854601278259886,0.08110734421917894,0.21006353287806204,0.37427485352335677,0.1815579349479458,0.19095901054777714,0.1415217437049324,0.16067242450390612,0.22403723177217427,0.17703769982986076,0.666559366415825,0.23444301753561295,0.20820111116298834,0.1543673088642616,0.0918901611567476,0.21364268895149696,0.29198390257497886,0.16025019660297818,0.1742505248857723,0.2381547531111231,0.3474809842631042,0.18256988240704983,0.22644411806097026,0.22167486084700225,0.21237686918805257,0.18021584944765778,0.5187499964523504,0.1508910907013052,0.06831703788654592,0.1861218796359822,0.1492393260975822,-0.0010743270328798422,0.4320938393614188,-0.059452986658504736,-0.11989566427423351,0.1234269327542108,0.03972782161308189,0.005750686542293932,-0.05408132697368877,0.016973314556586277,-0.015202718812094056,0.13157781578559594,-0.14276692536761637
0.040508427498544226,0.48732634766504684,0.3626102184395754,0.07283568343755888,0.02241251223874883,0.049583689599255354,0.11561389041113715,0.02669876464443825,0.1731541520906534,0.24089386296100324,0.14246080935540453,0.05159990283014167,0.06396056938284161,0.12245117645037157,0.3369427748590299,0.11699035682832025,0.2379077593349721,0.254104092973708,0.49339812352865103,0.26228217112130886,0.33594646324149446,0.11620952837188962,0.12417222360265542,0.1960927533742176,0.08842622845720073,0.20199478746258692,0.23444301753561295,1.8398091959333738,0.003955577000624715,0.21607259066278806,0.2932277509970222,0.17948966164398375,0.8176621811135413,0.12096866537691107,1.444862272091881,0.2828914043888545,0.9428187681445075,0.1644353165677336,0.09045147741590431,0.4779036235472183,0.46007167195448195,0.4062932960540839,0.6415329594112309,-0.1281715109307633,0.21861792684272296,0.2310627293687357,0.26708232090308787,0.20247711228308066,0.5314058966428836,0.849947335928521,-0.37213494884552833,0.6585788692626652,-0.8311576746734698,-0.09904620426715122,-0.13289235168444152,-0.013524071194502189,-0.12907842698862376,0.13448276341476678,0.14365053481029572
0.125344910295753,0.42948453375765056,0.5141653103681139,0.24524226358597298,0.17021177332925558,0.3326852416810598,0.25768054460952156,0.25371912608992114,0.176608384222699,0.2959861142979512,0.2702836094764169,0.34998805352211626,0.12900965853459556,0.3838727931305607,0.3508004600191507,0.35559876391706674,0.42692888377260607,0.2083135067814463,0.280844557282396,0.23388159333768388,0.3485811486994806,0.27505322317110686,0.4521768230549312,0.30499195384211986,0.5319241671966526,-0.211652952865466,0.20820111116298834,0.003955577000624715,2.503382746989465,-0.1557887908599395,-0.07404035522088041,0.4164065429199227,-0.02292469106216061,0.7543379956213967,0.15386255352304049,0.5223651021760407,-0.07535081424321524,0.09116079288001665,0.5798207954843413,0.06311084009079727,0.17145406719758646,0.3175112699507655,0.08199712042674773,-0.1963040177117638,0.06633044740127762,0.22901534739778695,0.029414367351859514,-0.1328705278182297,0.2704891126383762,0.19400579432113327,-0.4709123753477206,0.10845013187077547,-0.019525713724642308,0.058704350756506075,-0.060303327148188736,0.21108432332339577,-0.48497419108449263,0.04417643820227431,0.16874146799901815
0.16677557783227878,0.38813263058479625,0.342183648227007,0.01377220338972967,-0.1124729190276148,-0.0053264721088455615,0.09842146706444223,0.1570015727534143,0.1502291355610219,0.30111684768402447,0.07700058620530213,0.08252658010289567,0.08274777876195441,0.2952975834578972,0.3342426499457235,0.11287594228748432,0.03545663818009084,0.16100167990412004,0.20094118535772904,0.2857457601057884,0.2523839048259684,0.14723882888921222,0.5551324029520022,0.3100668932952454,0.3616140688431603,-0.06754458711788966,0.1543673088642616,0.21607259066278806,-0.1557887908599395,3.4134781598980184,-0.10306639007803498,0.3026352852563082,0.628305855856365,-0.09165290518408842,0.13998649325442672,0.30189117459093656,0.9978575748186242,0.18654536384691717,1.0097730410543893,0.4815857800979414,0.7440442961384591,0.2147066954342497,0.8307498349926988,0.0100869012869841,0.06629247540566414,0.8938093958097004,1.6379262053027668,-1.0622171921055834,3.350520549501236,-0.16915012645227837,-0.31001485052618477,-0.20594694548228235,0.31635430963896544,0.06129247234748937,-0.1493796255014549,-0.3564945546716286,-0.14802388102496006,0.381345073731446,0.3200710958859669
0.03039169466368538,0.2900152537423971,0.16288079231101396,0.07427016363513496,0.1545127222191972,0.201938850166995,0.12662664129288692,0.1881138562500578,0.17788628133536968,0.2330891797194851,0.20861125800610344,0.12372674529231294,0.06429058226017867,0.13937259203449176,0.2246647124073786,0.11799995268602197,0.09771048762742165,0.34312590084868394,0.4967752488389436,0.0642986153529286,0.3152877890859822,0.10999549054001005,-0.3171163375979203,0.47593543274935823,0.054848399608701935,0.13781630433008735,0.0918901611567476,0.2932277509970222,-0.07404035522088041,-0.10306639007803498,1.5857906864727853,0.17808019604110747,-0.002341136798445062,0.03726966622247539,0.31783399402084445,0.4179095270717887,0.1795168639030407,0.14676761090514492,0.12134365313569402,-0.008875851324300988,0.44336197687800044,0.3144206127980437,-0.07027481520441926,0.06846671482741608,0.3868733071069757,0.38451685521873896,0.12103769668673725,-0.19035509174505555,-0.26284421494234406,0.20589233647163074,0.01899744745376259,0.14915927490042422,-0.2825975393623234,-0.08157599234172944,-0.043881414065171424,0.1620235707213551,0.30530306307571137,-0.15985253512839015,-0.24084409807948862
0.09817607792449616,0.2144009433110652,0.23055736750757252,0.1837774381487592,0.1707233866815605,0.24654898097798003,0.18172641571592255,0.24597220224654773,0.18825431475634727,0.2773547601385202,0.16776187777723237,0.24507692929101954,0.10262773489676799,0.5731529842171769,0.2693089423042072,0.33651324556806456,0.2867063000294631,0.18990163516934946,0.1788223012046696,0.13720405969849425,0.2346418380991043,0.2459662219044148,0.23171516721833152,0.22375962251647397,0.27428133341690153,0.12767680156423755,0.21364268895149696,0.17948966164398375,0.4164065429199227,0.3026352852563082,0.17808019604110747,0.7848143865773428,0.20480845654656835,0.2457571957862938,0.003183950286728367,0.3946391594994281,0.24065342896936126,0.10553579360890783,0.31356578328849277,0.11953538348810742,0.23780289045585704,0.21756883669771854,0.26814944055352297,-0.03755428072583576,0.01175694923794352,0.4179395802290403,0.2827036587646167,-0.33334578613544075,0.6860852127276112,0.04403421504796499,-0.004235460821990449,0.189292993484741,-0.2708727659223965,0.012508367176659839,-0.1482965712898744,0.15304624763699817,-0.19865135817654175,0.1722652053369868,-0.028994561097147268
0.09718963062754617,0.47398061801093927,0.3136627320758203,0.09341013928430403,0.020593288129826956,-0.020605648393015354,0.1555494756221799,0.08741565473244328,0.22002850580131045,0.21183730468834475,0.11200196584147792,0.11426460905889475,0.06949782299080615,0.18459810438665628,0.29648860453354003,0.11654689703134895,0.2382382848737117,0.1668839567001915,0.4225011124192583,0.44970265169500206,0.3378563222054552,0.14413278409835636,0.3319771600053815,0.15194100830477422,0.15490486813221857,0.17368468208612498,0.29198390257497886,0.8176621811135413,-0.02292469106216061,0.628305855856365,-0.002341136798445062,0.20480845654656835,1.8688213827945244,0.019473514866029044,-0.14788588496351918,0.22383867997968396,0.8747989074447684,0.27862741562774646,0.17221882971242078,0.19858367656770842,0.22943836507022428,0.34623656120879714,0.40098341854823816,0.14165435874613702,-0.04772753909827017,0.40721022180172967,0.5272134764371272,0.03716978908390317,1.3259413446885548,0.5294862099536884,-0.2203490143666635,0.35533250816746853,-0.22746244063924104,-0.22608120373257556,-0.1708222244241481,-0.019703527422946742,-0.22781698207143877,0.08742258891874648,0.34985291213423053
-0.0004176577386268129,0.21454008071013453,0.331295620811793,0.2786923683415839,0.2121741953984526,0.23601492964537338,0.2072738874237241,0.20882015891097438,0.17896685197988066,0.34214824381072595,0.16413395909306738,0.24251571325709395,0.10040313267071793,0.23847774183811732,0.27336766595553486,0.25158986428033703,0.23735227764893368,0.22684702547753732,0.23175915552976337,0.2197118891009629,0.15405836036011938,0.20640505682431753,0.49447064499489907,0.2891922057371266,0.3921679537619522,0.05080508411340922,0.16025019660297818,0.12096866537691107,0.7543379956213967,-0.09165290518408842,0.03726966622247539,0.2457571957862938,0.019473514866029044,1.7327708453417783,0.250142293491198,0.25578416025361383,0.5966838743745045,0.1101689267159814,0.23334377989971697,-0.08549356939229937,0.05949036688951054,0.08559338189695218,0.16835442293751304,0.10130100249346811,-0.4631497615147866,-0.09474235825286606,0.13828248542846477,0.43300145055475403,0.4754761826804055,0.029645037581679773,-0.24820312728785426,0.18350406763608526,0.04537466369016575,-0.12579409163652344,-0.09052244417901002,0.16177045874583493,-0.42334875929667054,0.08411728166510223,0.15948297139222245
