2.6466931513033525,1.4450107777829633,0.41954854579046114,-0.02896775808191977,0.6049081930238288,0.35394977333241123,0.6567399090725284,0.4014749306601494,0.5139375272623073,0.397965722208461,0.5856162343094539,0.4948301902920891,0.14987442331846712,0.39007612792163293,0.45701349457638946,0.3451323063470542,0.3327707344222504,0.385115453174948,0.33738040260567875,0.34900421047792096,0.42553475944222247,0.40641545604619583,-0.0521303316138657,-0.12650279027565112,0.07480183172212472,0.3845459388218967,0.3892390062152761,0.10964887011090617,0.2947054890720522,0.028253025721298317,0.33010562642975594,0.17368995011002472,0.07022305134575091,-0.5887000363701894,0.3210530591669202,0.25541736930681536,0.2924263137423675,0.5911348160570798,0.44009852160966423,0.356733944304761,0.5287272730249515,0.25309406446176014,0.16707546346478194,-0.02027703564224726,0.6964867645290994,0.16964913556512695,0.12706451183664474,-0.10154729285576211,0.32445642878555675,-0.5655181181186834,-0.05151103143149505,-0.019898769671602156,0.5098855251685912,0.17921296945128048,0.14691292865074385,0.1432362463872646,-0.15377540968908893,-0.08235150553979662,-0.2825548330209896
1.4450107777829633,6.164889562585117,0.7187619699665115,0.017447513506541813,0.4459961186915534,0.1533560703931933,0.6066818771420803,0.2982776018107846,0.7658626103611441,0.49571192798542074,0.30122489562256505,0.5574823076587478,0.16492167435135516,0.23598656816484612,0.6248302618389954,0.29413997320025154,0.35244707534005454,0.12308688434949425,0.24196423424987273,0.44116959113824106,0.550627995545785,0.4416903487490968,-0.827540086222242,-0.16210519319948055,0.22506148135383522,0.5875747175833287,0.3224935303160799,0.07570123055308073,0.8237990305916962,0.15785000392613605,0.5104091864054952,0.10447456801300545,-0.08131112068146201,0.06124958367326733,0.408670390523633,0.3315818031448914,0.6094021870444998,0.5245043886719236,0.32896301360871444,0.3662592553648902,0.26200785619438133,0.3458078802388631,0.3825864030690521,0.06671125629793966,0.8356485190418019,0.1708560224452943,0.10499601548761071,-0.05642363357295111,0.4373397326215162,-0.8465225714337599,0.31628990400661267,-0.14054006438739078,0.4931807873059244,0.08297448155013966,-0.793301949533771,0.34157511156273335,-0.26682784051448155,0.6976664457293864,-0.3930059444470318
0.41954854579046114,0.7187619699665115,4.194663685302025,0.07239294165206613,-0.31906971913260884,0.65033725038728,0.3158411023917381,0.16366785539046488,0.8331654404998438,0.2071501632590041,0.43192901542440476,0.2586394063928648,0.08686449790529369,0.22978565981185903,0.5046023500274324,0.1771274757135709,0.4424421859208102,0.22018048586288716,0.40766317479530073,0.6479676526883171,0.44843550497611673,0.5127065343860581,0.36091078189054265,0.4725859365584311,0.37164338196142294,0.19784915111639623,0.12116783631368491,0.44921166972082593,0.7714157910334691,0.6915275726321912,0.3001679717649982,0.29109100583045994,0.33182392013898815,0.4595321566337567,0.5384580222940775,0.2752072256773071,0.633024083372493,0.6497502395989241,0.41700105254701936,0.23299010040308504,0.24573549237068504,0.38122523689121024,0.57984014554168,0.07335114776419416,0.4894008263912241,0.397679609811041,0.4612329734534813,-0.06691810019533624,0.34277678314421944,0.31103427543008116,-0.12184832667315888,0.04952824616327649,-0.062103553658083836,-0.27080470158171355,0.18064352720699828,-0.1917211092121178,-0.26345030923271073,-0.036236388554701654,0.22213917862490215
-0.02896775808191977,0.017447513506541813,0.07239294165206613,1.597904119984546,0.32516853813970314,0.2607759809278308,0.37141551015931573,0.329207817379749,0.15307373229183135,0.3846385472312042,0.4084226052653471,0.37729491848661045,0.12558826293240813,0.4008443448464441,0.35692851477815024,0.30802404490741836,0.33883428048038366,0.39342054471975657,0.08237802900856742,0.3322499915771749,0.2625328096716607,0.1943363017294276,0.6060050405933165,0.38799980542718016,0.29756201487302014,0.13559727807132968,0.2845995689955378,0.2421665853892482,0.2842968773608938,0.17320312997067253,0.16122540338570943,0.4119238560234268,0.43465950564069217,0.4110142584892576,-0.12161727512120854,0.28417462932522947,0.4792974650054729,0.35671436818657626,0.13046293148910065,0.0008943750375806576,0.21912524075715695,0.26473311603142075,0.3608995809877278,0.08761012425427184,-0.03739091084697377,0.40914796609601245,0.29547547122267126,-0.036505446442442774,0.20554469767867994,0.5995697407282302,-0.07953420435238541,0.7145129176973037,-0.3505979104862185,-0.4216120538335901,-0.30444293239201276,-0.016312678168135357,-0.20390586629759613,0.34645974777616534,-0.023997747289797408
0.6049081930238288,0.4459961186915534,-0.31906971913260884,0.32516853813970314,0.9799984552500335,0.323573954367077,0.36911050475420887,0.3448356274970161,0.20914084879882971,0.3357631051726428,0.38660434424245943,0.3692533891913757,0.12906237032274812,0.3053721583200687,0.32563183263900736,0.2982609308075901,0.20266387150648715,0.27475805626062205,0.16608360830022392,0.2781870531458592,0.22974873657424155,0.2319221446422397,0.3083467697965277,0.1525168240494916,0.04875480654275824,0.2302162212736759,0.09953913688156803,-0.032399501713010176,0.24563528371704718,-0.039382055914309745,0.1140807318549349,0.27526762743979216,0.07483208581100514,0.12593819076570428,-0.014965326075316483,0.1547981465736968,0.15808452700937423,0.2636093120033792,0.16900396142900478,0.12218521168869237,0.18325487097371654,0.18284803985234815,0.07107789447849504,0.01887274854229039,0.17117054583037056,0.08657752565434776,0.12938249389487375,-0.046608023950219596,0.2892934436372995,-0.29831292804008197,0.03711332041892724,0.05756519559212098,0.29046718542119476,0.14327071068124875,-0.21043077812543673,0.0046918906668135885,-0.20905850445722673,0.21085449567890086,-0.01984093584135524
0.35394977333241123,0.1533560703931933,0.65033725038728,0.2607759809278308,0.323573954367077,0.7558461805084166,0.22853470869789994,0.2755839178542578,0.3727425168837798,0.21935908174222712,0.3667132258668872,0.2695052054330369,0.10913065566324136,0.29293091858848963,0.3631403578613142,0.2702128837307278,0.28096440642014225,0.2212149492043099,0.28574448132656516,0.420713536459786,0.31678476730313565,0.3460293175583136,0.3250237634439729,0.31167776967148936,0.1968711212907811,0.23517581715716643,0.18289745987563508,0.21549830479691637,0.43101654046559895,0.2293071747904817,0.17807570847639131,0.3280964382936827,0.22744036031386947,0.27676711262383913,0.07641487365941133,0.18752315765019434,0.40804524576506584,0.42646924109378853,0.2540951538184074,0.10924524181061193,0.22038302692272135,0.25630007721761394,0.304229436018027,0.03534172053433947,0.24320440274856392,0.19284639596327396,0.2845512434140615,-0.04615502280725428,0.4496877886775078,0.23554712298662758,-0.27667578239470214,0.06899899025555074,-0.24129634202149833,-0.021648182736948702,-0.07621686892768631,-0.060995860489637566,-0.20593829007490427,0.15124470297873904,0.0903196419371484
0.6567399090725284,0.6066818771420803,0.3158411023917381,0.37141551015931573,0.36911050475420887,0.22853470869789994,0.6887808489762403,0.1620095770279183,0.3666643296702561,0.2950888277650173,0.42641133579011936,0.43402913181173475,0.1078782091309244,0.277899288829606,0.2741344955468408,0.27562373777266347,0.3444873017261003,0.2268858437649148,0.17722741024418084,0.3126249757284668,0.31254713013075663,0.2984387689725845,0.2609492078783319,0.2134335986802238,0.20751591907531014,0.16256173437325305,0.23370447535619465,0.1277020033395949,0.32358135502476243,0.09553189105874021,0.1978042776398581,0.27188890707855323,0.26634789070572473,0.1263852958054157,0.0341356007742922,0.3180645287290238,0.3012146304936055,0.3818566034390183,0.16023903902874662,0.09170216810979889,0.2142824035179438,0.2418189737503215,0.21714670083216714,0.02627326782806087,0.21126618550137594,0.28527460301701973,0.11075105813755677,-0.05680436682016369,0.20102208285091425,-0.05372122286234853,-0.02158813910361302,0.2574648071887649,0.11216404520332736,-0.16273303604592987,-0.16634748996086526,0.16195878835984537,-0.19999861840889233,0.19583993951140327,-0.33286681655092015
0.4014749306601494,0.2982776018107846,0.16366785539046488,0.329207817379749,0.3448356274970161,0.2755839178542578,0.1620095770279183,0.8422497813862848,0.20548950405373057,0.35102112728127566,0.4224563463040193,0.26881737492727925,0.149774037703736,0.2985800897304692,0.30431170067726665,0.25526654952344235,0.2891363974244185,0.3281908801324788,0.29324831617143093,0.3482274293622357,0.23457374804996134,0.2333462329437411,0.32995485604292846,0.21342326307348503,0.20157620189996728,0.2599601351854102,0.3743555207599544,0.18797459416811071,0.3097332199496185,0.27116772704425934,0.1859561567195681,0.2561803715759153,0.14503270297576704,0.2888161728015469,0.2781564008206384,0.1625832001953443,0.35578959219522305,0.29413905110943706,0.33360828342501225,0.23078216196457613,0.23897141695739668,0.23395554861522003,0.29495330623230426,0.035845323058572756,0.16781865330683118,0.2124663827018019,0.34945528790324465,-0.019386838489490316,0.46576642963080644,0.04028982236141347,-0.10640864606192289,0.2836150675785788,0.06453857968157628,-0.12009366536535414,-0.14788117528373906,-0.05656365670810637,-0.13002254244456207,0.1822031438179746,0.05662619460472801
0.5139375272623073,0.7658626103611441,0.8331654404998438,0.15307373229183135,0.20914084879882971,0.3727425168837798,0.3666643296702561,0.20548950405373057,1.0692413276404071,0.25825456882042847,0.1874483366010493,0.31013016196641485,0.08568019377695074,0.2695483968967302,0.3228779041842089,0.22151381331485448,0.3122293551442168,0.24037433091824906,0.37739044288579543,0.2729080907242506,0.3398025218446047,0.5860832534875174,0.20112794487899657,0.22607444220659687,0.16730861760992918,0.24467856176254055,0.30257171255597815,0.2197316174657225,0.4257589261046474,0.18918353103851773,0.28827616908440934,0.2885763057994169,0.25994734099649347,0.2636623439267516,0.18442063106444845,0.27243421190225986,0.3303734252063165,0.4238763858233803,0.18280822106368194,0.10326411507863098,0.19704200895152857,0.27611310363786506,0.3413534692169414,0.04814341775281371,0.26501714010995825,0.2561040906992444,0.20583791727861406,-0.045526870311645755,0.19810018349250097,-0.05040036341753737,-0.028554110911376523,0.06407612252348334,0.05244470159047079,-0.13253760975025164,-0.004739177442590559,0.1811228055772928,-0.20925361932448217,0.023908750411335836,-0.09074107468682006
0.397965722208461,0.49571192798542074,0.2071501632590041,0.3846385472312042,0.3357631051726428,0.21935908174222712,0.2950888277650173,0.35102112728127566,0.25825456882042847,0.824157463442791,0.3483471251962424,0.24065957695833062,0.13283582635066976,0.2370916495319302,0.2788973467014999,0.2141039890138051,0.24969680900370853,0.3076329289538782,0.35930322731676473,0.17765761568850352,0.19749530116616668,0.24796780652832429,0.33709962793029496,0.20967848838705505,0.2223756300959061,0.15884627772091867,0.24274138481240182,0.15414015670052567,0.2884823843506323,0.21453846405039148,0.1631127751275166,0.2065458412157133,0.22711760922747498,0.21854300177305092,0.15447006893562637,0.16586496975954423,0.33915018386489243,0.2464225254467556,0.20236065910900616,0.1102776534029173,0.26157123345321787,0.21217056027847514,0.2170198605006123,0.05057389279584687,0.08864845449975449,0.23286975531032317,0.26060779473132795,-0.03876166377506217,0.2691449192252728,0.08335833963935627,-0.008846360243633675,-0.020377957816886637,0.16106352980743296,-0.09316964218780828,-0.011907993979331417,0.001415298842378446,-0.1066916398502277,0.02578884581790174,0.03900140428864527
0.5856162343094539,0.30122489562256505,0.43192901542440476,0.4084226052653471,0.38660434424245943,0.3667132258668872,0.42641133579011936,0.4224563463040193,0.1874483366010493,0.3483471251962424,1.1632100312347917,0.41712445162588685,0.12503329631395615,0.3257633038647119,0.4362234973370361,0.28028971755168663,0.3300443344402587,0.33384180401203817,0.13850188087328238,0.5832106644195064,0.34798860959513817,0.2059233427770662,0.38582515103957343,0.26339761710189336,0.14799638251080624,0.17495466008924837,0.23807783247954656,0.14783349711914417,0.4095296402215431,0.21342725646147037,0.22225276185536103,0.28848435325825056,0.17743852662434018,0.26121617061841185,0.21578579984556953,0.24119146520591347,0.3851125422933389,0.3963193187695039,0.33425468836269195,0.23806050763536282,0.19598887823745248,0.28153009222966285,0.26733079209035654,-0.0016149700157687091,0.33099912842600243,0.26636873812446166,0.2779209953124579,-0.041828828251337824,0.10408451992395137,-0.19222271029373886,-0.03576762015262645,0.2538452040345664,0.23984679695589609,-0.11125188347348704,-0.1540893208853257,-0.09262554587614441,-0.2538841212265707,0.21088808136965767,0.026316098852733824
0.4948301902920891,0.5574823076587478,0.2586394063928648,0.37729491848661045,0.3692533891913757,0.2695052054330369,0.43402913181173475,0.26881737492727925,0.31013016196641485,0.24065957695833062,0.41712445162588685,0.7202594845335522,0.12006281845297416,0.25930240490816003,0.3579541648212351,0.31351608430221356,0.3373308719220118,0.20353574317915538,0.2045593012799615,0.3443091103451704,0.27873558885759014,0.2869554109239968,0.23265585105322392,0.1841732872356896,0.18367967061820076,0.24963159141014757,0.2826357209118356,0.10042069381107409,0.3372360111225749,0.1406624889925999,0.16194693084950187,0.24522983416924587,0.15095091198424354,0.21090844331736286,0.13580848659134684,0.3123026423448599,0.2722527679593387,0.35224884074283663,0.17978025909957476,0.1608298882471029,0.21205170215174365,0.24018759397872397,0.20816232055122894,0.020201306547118637,0.18117723474599823,0.21933123950461975,0.17599278138567429,-0.04862485253745826,0.4296115685503072,-0.06506003582905205,-0.02825258373983543,0.014114119669764313,0.13951696266685631,-0.08367247858144769,-0.28462049693811675,0.14094985643280633,-0.2235502423199225,0.2708461497040942,-0.24364930258152895
0.14987442331846712,0.16492167435135516,0.08686449790529369,0.12558826293240813,0.12906237032274812,0.10913065566324136,0.1078782091309244,0.149774037703736,0.08568019377695074,0.13283582635066976,0.12503329631395615,0.12006281845297416,0.20690750514426326,0.09047124821082352,0.08232907598684303,0.11695965890188656,0.12921481409751262,0.1056929260469969,0.13073949938669824,0.11490334254711274,0.09886700785934771,0.11003897649082968,0.126442270036113,0.08429136611347897,0.09098274262009583,0.09499205774071211,0.09607773814667939,0.08001534918888878,0.1617715388194173,0.10377417425954716,0.05781313841887245,0.08375128538157067,0.06141640869133568,0.09321041219530579,0.10344845264761597,0.07693938380868105,0.11788572796262826,0.09996026980109075,0.13121040042309104,0.08358354555618973,0.09229308858984514,0.08832711692233795,0.08187665789887107,0.02078807441080024,0.04998337850028644,0.08633898376264533,0.1091634660339588,-0.01619240476695018,0.18385275165945342,0.048092675700103844,-0.037932047222734896,0.028510991786530472,0.009323725650989005,-0.03329077127853837,-0.0714402223885032,-0.017033287932558008,-0.038903683660215814,0.07553392345362836,-0.023992574180541466
0.39007612792163293,0.23598656816484612,0.22978565981185903,0.4008443448464441,0.3053721583200687,0.29293091858848963,0.277899288829606,0.2985800897304692,0.2695483968967302,0.2370916495319302,0.3257633038647119,0.25930240490816003,0.09047124821082352,0.5878638580439004,0.3171556333106168,0.31582695017696005,0.21208109237008102,0.2389252645630971,0.22235260820293132,0.32461354604778847,0.23435056231623735,0.2692799492098796,0.3461193247695168,0.29014373424415385,0.19241260422330975,0.20456374717154782,0.2659261081016969,0.19619764392873404,0.3169075383335216,0.28316722349540413,0.16846982741568356,0.4632354605564509,0.26776076521986575,0.18195582057456566,0.11916987561415619,0.1810821190854615,0.2856295708350429,0.38032080013707514,0.1110206419030254,0.08285801479568881,0.31770926237084024,0.24835505751629963,0.271903579701603,0.037685199383076254,0.025761615019676023,0.24399208062573602,0.2732483590938852,-0.06358129578021278,0.4741481281605471,0.07551867312617137,-0.12505848020823407,0.23804521595979394,0.01156877298677681,-0.06921321262000821,-0.10141996706554877,-0.02623194442091043,-0.18442946011645758,0.1420217790293218,0.1679201349192396
0.45701349457638946,0.6248302618389954,0.5046023500274324,0.35692851477815024,0.32563183263900736,0.3631403578613142,0.2741344955468408,0.30431170067726665,0.3228779041842089,0.2788973467014999,0.4362234973370361,0.3579541648212351,0.08232907598684303,0.3171556333106168,0.8993406747838217,0.264733985741626,0.31127763685317705,0.45475050345610024,0.16664227382606334,0.45644082363721067,0.3308299010118664,0.2748849799648096,0.4559042628455894,0.25798478357374943,0.20697898418523186,0.2613888871860694,0.3038667247563857,0.31165189770117574,0.4603516759851704,0.25013221081860015,0.2567478878543348,0.28605107556448456,0.24734995989736264,0.28990951663493053,0.2746948473562812,0.1591219779671806,0.5279366086973291,0.39136028629768654,0.27449141132545885,0.20350657526942975,0.2653287877416,0.290320968035202,0.4003374937688404,0.029101098425028542,0.28840072390254284,0.2271583435060925,0.3477392519648186,-0.03396246539653294,0.4642894202924461,0.4365565203348906,-0.09753586175098017,0.07551726144602525,-0.1618569421546958,-0.06294252297861017,-0.10803458106654312,0.07912652243384806,-0.2998321186226245,0.17172676822917984,0.04663400270045351
0.3451323063470542,0.29413997320025154,0.1771274757135709,0.30802404490741836,0.2982609308075901,0.2702128837307278,0.27562373777266347,0.25526654952344235,0.22151381331485448,0.2141039890138051,0.28028971755168663,0.31351608430221356,0.11695965890188656,0.31582695017696005,0.264733985741626,0.5473609478677709,0.3233378700769493,0.2307035336922549,0.23405930802206892,0.28690653709487246,0.2360729530632818,0.35463750106366265,0.2434738696670175,0.19898766812688287,0.13452056788755845,0.2201886364229965,0.24998330457248596,0.2140856746858031,0.35563448174331636,0.1802526053918251,0.18559461359081336,0.26237299403076997,0.15486797294043003,0.19885141872623388,0.2666308536983951,0.17979873439447136,0.2827547587926564,0.3402468076679983,0.1814502437741378,0.16339962350631887,0.2528380044198819,0.2730612621604943,0.2642038701279074,0.03963840720126371,0.16129573814898343,0.182155777055,0.23085020366076192,-0.044248839550095384,0.39199739100965225,0.0031347560755062447,-0.11360049372601427,0.024198537925339395,0.024266053183042258,-0.027192323337805108,-0.15898395174361638,-0.00826312785490728,-0.18460856138972867,0.17284200982287531,0.06607431940608374
0.3327707344222504,0.35244707534005454,0.4424421859208102,0.33883428048038366,0.20266387150648715,0.28096440642014225,0.3444873017261003,0.2891363974244185,0.3122293551442168,0.24969680900370853,0.3300443344402587,0.3373308719220118,0.12921481409751262,0.21208109237008102,0.31127763685317705,0.3233378700769493,0.9371568369311738,0.26794838923429004,0.29929859371448997,0.46722673922771224,0.33973099375885857,0.29408100924283587,0.27793881762180966,0.3033225903845253,0.32761632896567855,0.1299954604817368,0.40117468528390354,0.46958641316111055,0.40564669976221845,0.2573146388249322,0.28725421945746193,0.22219909295440202,0.43314909363311227,0.2779014663906586,0.36459877769030885,0.2600102589676083,0.6529163881106002,0.48770062769991984,0.18639842194478937,0.20131077831826918,0.28396907247179054,0.4107996022580998,0.45530972458099106,0.05755585958684072,0.3120143589532462,0.3751496987000515,0.3234994045708789,-0.03255538946025044,0.37322785877389364,0.49817992732071587,-0.12235554559462472,0.3872544293700881,-0.1786092905540807,-0.27168291798900795,-0.44850263976755955,0.027676317270038827,-0.25094889295676315,0.4728207746776858,-0.28339079743885076
0.385115453174948,0.12308688434949425,0.22018048586288716,0.39342054471975657,0.27475805626062205,0.2212149492043099,0.2268858437649148,0.3281908801324788,0.24037433091824906,0.3076329289538782,0.33384180401203817,0.20353574317915538,0.1056929260469969,0.2389252645630971,0.45475050345610024,0.2307035336922549,0.26794838923429004,1.1175646443830043,0.1815369714235634,0.18303851267270113,0.30285986062481157,0.2755873042935937,0.7427696777500546,0.1404405504993796,0.19746734989560147,0.26133592215957663,0.3843321124599415,0.3641127977897978,0.33812502105188047,-0.1000956450722791,0.4230584640664351,0.16587056346052081,0.30572042643318725,0.24769568375321646,0.33890243095643036,0.04351288098882971,0.5622850535253202,0.3080622606046533,0.271449531281792,0.2040941330791534,0.21516735173897247,0.21192583737913023,0.489009130864829,0.03769118909820602,0.3817950942124316,0.22511248847758225,0.43722388749527674,-0.03412349179425644,0.18662230085565126,0.3555765473832938,-0.04562417203690397,0.20941950737388343,-0.06195597576772695,-0.04310162651338751,0.08992760523926059,0.058467975099925316,-0.1253507090524598,0.0029363823307787897,-0.03754005284769569
0.33738040260567875,0.24196423424987273,0.40766317479530073,0.08237802900856742,0.16608360830022392,0.28574448132656516,0.17722741024418084,0.29324831617143093,0.37739044288579543,0.35930322731676473,0.13850188087328238,0.2045593012799615,0.13073949938669824,0.22235260820293132,0.16664227382606334,0.23405930802206892,0.29929859371448997,0.1815369714235634,1.4792729680340748,0.08162254687218685,0.27787313776070344,0.36153472925830227,-0.07244096066148331,0.19938232495901054,0.31414077067852675,-0.008509416303346248,0.339928032299006,0.27576739035556225,0.3617226695298845,0.39693391515210974,0.3278961381757311,0.22532761487366204,0.3745747988029176,0.13608812467198947,0.1480707608399888,0.3026639923475165,0.38157453941548225,0.3355571103413465,0.08841245686754545,-0.032378284868575684,0.32388573545301635,0.26955954916570374,0.2920908685457489,0.08102612079251297,0.04494851323089928,0.3507787648832936,0.20432968251523076,-0.07734451738532715,0.16746431311352067,0.6752880182786681,-0.1532237351973448,-0.099509209481828,-0.10919790878415442,-0.21285844223528358,0.10235257032926519,0.04474189026968282,-0.058676201927827895,-0.0662176314673167,0.03686169591540257
0.34900421047792096,0.44116959113824106,0.6479676526883171,0.3322499915771749,0.2781870531458592,0.420713536459786,0.3126249757284668,0.3482274293622357,0.2729080907242506,0.17765761568850352,0.5832106644195064,0.3443091103451704,0.11490334254711274,0.32461354604778847,0.45644082363721067,0.28690653709487246,0.46722673922771224,0.18303851267270113,0.08162254687218685,1.099575221237595,0.248382377800434,0.204773713397534,0.4640338976482481,0.3508545315926587,0.23545534389532055,0.34148615351263173,0.2763066306903436,0.2785629394014813,0.5992063319272541,0.5332680274943281,0.15982816067873756,0.34230116138939476,0.14659196494596524,0.4121753667103433,0.35806792861275205,0.22912885356208557,0.5856892544219884,0.5717664721895548,0.47354012856558375,0.36894081583672833,0.23376782905788146,0.3686728538571794,0.4865895738376724,-0.009881086742725658,0.5213328726554466,0.24003220399712963,0.37109666653737294,-0.037139949011252865,0.6567720909108624,-0.020253297363583944,-0.15653507571401973,0.25018845060296807,0.012993238319081338,-0.09638615212452675,-0.24206675807789205,-0.07463121637871543,-0.27987783747107164,0.3301710703514767,0.027148919137449504
0.42553475944222247,0.550627995545785,0.44843550497611673,0.2625328096716607,0.22974873657424155,0.31678476730313565,0.31254713013075663,0.23457374804996134,0.3398025218446047,0.19749530116616668,0.34798860959513817,0.27873558885759014,0.09886700785934771,0.23435056231623735,0.3308299010118664,0.2360729530632818,0.33973099375885857,0.30285986062481157,0.27787313776070344,0.248382377800434,0.5895555276762472,0.25483801391553157,0.2642960814323985,0.2487917278400413,0.24887100535483667,0.09592733657108325,0.2921119564749382,0.29103646671482347,0.3742025582978003,0.21536281135679766,0.28541315747095525,0.22117295511268875,0.34870339452443017,0.1431131573885196,0.22889639765027933,0.2439457820211852,0.4575337876181676,0.4247851147483958,0.22063898613024183,0.14965205667043127,0.2710823323238476,0.2824420481926187,0.35587050545374616,0.05675576634824156,0.3332114816630713,0.2656288637536114,0.2556858277722973,-0.030499436062068445,0.2963312326453132,0.18871404783691673,-0.12464377594930971,0.1742727890011238,-0.014586748484056604,-0.12957788825319672,-0.13036018462763463,0.005869546319220463,-0.23109660848023253,0.19875886336112775,-0.019901274889872034
0.40641545604619583,0.4416903487490968,0.5127065343860581,0.1943363017294276,0.2319221446422397,0.3460293175583136,0.2984387689725845,0.2333462329437411,0.5860832534875174,0.24796780652832429,0.2059233427770662,0.2869554109239968,0.11003897649082968,0.2692799492098796,0.2748849799648096,0.35463750106366265,0.29408100924283587,0.2755873042935937,0.36153472925830227,0.204773713397534,0.25483801391553157,0.8480667358169163,0.1695396595202331,0.14142724957605365,0.04515395865702519,0.2883831684636876,0.30953182359839054,0.1927774329475534,0.41429746526891287,0.02491232287861304,0.27341256920813134,0.2726279259061321,0.11033905120818499,0.26431144452246436,0.2454791783100557,0.21297856884797794,0.22416141455618863,0.3983962399665444,0.262021896487725,0.14252433216903387,0.1701483721959369,0.2521231106221785,0.259566472458344,0.055305919487443934,0.2437398684801688,0.17339444263626763,0.1745140209884795,-0.04129187510218633,0.23060730395760676,-0.032099823404779904,-0.0860704762608845,-0.10107986008184233,-0.007937857482445201,-0.04698018099547554,-0.04309241708259038,0.08318241650142974,-0.16945610455871554,0.04022521186918749,-0.0022479251832954244
-0.0521303316138657,-0.827540086222242,0.36091078189054265,0.6060050405933165,0.3083467697965277,0.3250237634439729,0.2609492078783319,0.32995485604292846,0.20112794487899657,0.33709962793029496,0.38582515103957343,0.23265585105322392,0.126442270036113,0.3461193247695168,0.4559042628455894,0.2434738696670175,0.27793881762180966,0.7427696777500546,-0.07244096066148331,0.4640338976482481,0.2642960814323985,0.1695396595202331,2.1688180932268284,0.6824079659841995,0.490319695695645,0.13506764317212447,0.2654714883482144,0.3579053093450553,0.4338623058889124,0.46978880337444134,-0.2991612684616936,0.40324063847827635,0.5240428814869942,0.37686344204677263,0.12993533891246337,0.06618012074633461,0.581815500841911,0.3396005379732114,0.38305633524517674,0.2538398623423305,0.4541144571173276,0.23277710257637135,0.402231116822925,0.0038025636426770124,-0.05669652849533228,0.32089808992250546,0.5813322827769555,-0.046258034951279385,0.8521233807293676,0.6517606719234877,-0.2166003830345778,0.44210573882709114,-0.1624696034231639,-0.12451522440422053,-0.08803193151287245,-0.17397558062114005,-0.33004126918036486,0.23507027439385916,0.20930930061374958
-0.12650279027565112,-0.16210519319948055,0.4725859365584311,0.38799980542718016,0.1525168240494916,0.31167776967148936,0.2134335986802238,0.21342326307348503,0.22607444220659687,0.20967848838705505,0.26339761710189336,0.1841732872356896,0.08429136611347897,0.29014373424415385,0.25798478357374943,0.19898766812688287,0.3033225903845253,0.1404405504993796,0.19938232495901054,0.3508545315926587,0.2487917278400413,0.14142724957605365,0.6824079659841995,0.854395090301087,0.44025103468880833,-0.06786306751520997,0.35859544197306875,0.4549874507663727,0.1855933377881272,0.7093771331710266,0.19718092877146579,0.4029698341689662,0.7009161966558934,0.1491254248166315,0.1726377978022162,0.16173413507269407,0.5746849357190731,0.4419430219095835,0.1565528701426081,0.09977241768904982,0.3928012551661025,0.3060469137101969,0.37117284690120395,0.062183594961188714,-0.09805897627368429,0.41397989337313684,0.41814124977649647,-0.04532144973999096,0.6982743064537209,0.5042363549911759,-0.1549709771627273,0.28024182132124326,-0.17877546778635017,-0.28311444246481143,-0.018889123649821055,-0.16630533840388206,-0.07661839392462262,0.14726465633638108,0.12697929281408477
0.07480183172212472,0.22506148135383522,0.37164338196142294,0.29756201487302014,0.04875480654275824,0.1968711212907811,0.20751591907531014,0.20157620189996728,0.16730861760992918,0.2223756300959061,0.14799638251080624,0.18367967061820076,0.09098274262009583,0.19241260422330975,0.20697898418523186,0.13452056788755845,0.32761632896567855,0.19746734989560147,0.31414077067852675,0.23545534389532055,0.24887100535483667,0.04515395865702519,0.490319695695645,0.44025103468880833,2.1585581759403287,-0.2758666216367717,0.8507229940114771,0.35798480695558194,0.8932162564589791,0.8249949220444333,-0.046846895465988046,0.2512359631826259,0.49795520589855374,0.5317046240911322,0.2018408958196545,0.48198465447654615,0.873187551522211,0.5431711727648405,0.49182961460870867,0.03324077125179084,0.35838263382455426,0.3239821930228326,0.539807105173702,0.1481993792976148,0.2887869537749711,0.7324169385676484,0.497673522071036,-0.19563474378863221,-0.012230020450840904,0.25194516468734723,-0.16411595625577563,0.2787471147932738,-0.06598226042853526,-0.3177945286877541,0.15619280849093742,0.071809866825996,0.07797286472316522,-0.13133420304634247,-0.07176899943465133
0.3845459388218967,0.5875747175833287,0.19784915111639623,0.13559727807132968,0.2302162212736759,0.23517581715716643,0.16256173437325305,0.2599601351854102,0.24467856176254055,0.15884627772091867,0.17495466008924837,0.24963159141014757,0.09499205774071211,0.20456374717154782,0.2613888871860694,0.2201886364229965,0.1299954604817368,0.26133592215957663,-0.008509416303346248,0.34148615351263173,0.09592733657108325,0.2883831684636876,0.13506764317212447,-0.06786306751520997,-0.2758666216367717,2.9588869404237035,-0.6926173598558586,0.1508454675044757,-0.3615858138751412,-0.32268667846170934,0.09763775178400061,0.2523779894323848,-0.3508571464420122,0.3304510201416255,0.3947434051605162,0.03621343560640405,-0.5139618359162204,0.0633995046520823,0.2589370654022988,0.3337189342319988,0.12459831259200924,0.22791227072823753,-0.10103399830199523,-0.015295241110317272,-0.0015578657901796182,-0.2129655603505126,0.00408310575545861,0.05697440433681337,1.0393952017481247,0.5059764709509972,-0.33262267353644015,-0.20539526750250703,-0.36060779920535513,0.1368638054714727,-0.07213706932958573,0.07388993600635033,0.08449218689760223,0.027656781349639375,-0.12053801978093785
0.3892390062152761,0.3224935303160799,0.12116783631368491,0.2845995689955378,0.09953913688156803,0.18289745987563508,0.23370447535619465,0.3743555207599544,0.30257171255597815,0.24274138481240182,0.23807783247954656,0.2826357209118356,0.09607773814667939,0.2659261081016969,0.3038667247563857,0.24998330457248596,0.40117468528390354,0.3843321124599415,0.339928032299006,0.2763066306903436,0.2921119564749382,0.30953182359839054,0.2654714883482144,0.35859544197306875,0.8507229940114771,-0.6926173598558586,2.8374148131054904,0.6353759775698967,0.30467917323527915,0.3709512037702429,0.4669450873433334,0.23532823119792823,0.7179056770580596,0.26755600089677184,0.5149359934819143,0.5750272947280396,1.177235102755674,0.9561358299782493,0.26447581373184925,0.27518224423537696,0.5970740704545703,0.43938083255211363,0.8444963654606855,-0.06619218293003554,0.5335386767235972,0.5722991442997659,0.41063524326737233,-0.05911716803311431,0.7021741749951058,0.10580155994158563,-0.22749732247247528,0.45577139780063103,0.07225431912371397,-0.3346725513260388,0.22038192047334337,0.01810222750523676,-0.0202327813946368,-0.10948444182858613,0.13426890135783415
0.10964887011090617,0.07570123055308073,0.44921166972082593,0.2421665853892482,-0.032399501713010176,0.21549830479691637,0.1277020033395949,0.18797459416811071,0.2197316174657225,0.15414015670052567,0.14783349711914417,0.10042069381107409,0.08001534918888878,0.19619764392873404,0.31165189770117574,0.2140856746858031,0.46958641316111055,0.3641127977897978,0.27576739035556225,0.2785629394014813,0.29103646671482347,0.1927774329475534,0.3579053093450553,0.4549874507663727,0.35798480695558194,0.1508454675044757,0.6353759775698967,1.306142686423127,0.12213410404069423,0.43406392039695046,0.45135493151072703,0.2329799725922605,0.9065480799344848,0.15286671241545197,0.8758680800104699,-0.08988166959989019,0.7664447016983308,0.34573991669809506,0.14205866626658437,0.2019813991476549,0.33626688603511434,0.40252441299627356,0.5645152376560575,0.07544632699186918,-0.03219866420927833,0.3665814497754738,0.429306019968395,0.061183449041027724,0.6891682261272621,1.2152021175221897,-0.16575918093663158,0.674409871276089,-1.0431707871796911,-0.37827060342944857,0.38685954999388583,-0.05672688304455501,-0.02456299412577443,-0.25647742868323214,0.34925110599257336
0.2947054890720522,0.8237990305916962,0.7714157910334691,0.2842968773608938,0.24563528371704718,0.43101654046559895,0.32358135502476243,0.3097332199496185,0.4257589261046474,0.2884823843506323,0.4095296402215431,0.3372360111225749,0.1617715388194173,0.3169075383335216,0.4603516759851704,0.35563448174331636,0.40564669976221845,0.33812502105188047,0.3617226695298845,0.5992063319272541,0.3742025582978003,0.41429746526891287,0.4338623058889124,0.1855933377881272,0.8932162564589791,-0.3615858138751412,0.30467917323527915,0.12213410404069423,2.8896717475715668,0.7033631120265573,0.052121976100210146,0.30785828606578725,0.05653569947100681,0.6909226682074698,0.2986424562795114,0.6027181389985009,-0.001299405333819955,-0.014396195830295338,0.2017073042669698,0.13713017671784564,0.09888772498049396,0.2484098805445354,0.44165936250983,-0.025638471054093163,-0.08390599607825776,0.5198521827152156,0.4951261707679215,-0.31621490064032853,0.6051553191524778,-0.02086669520462492,-0.38184699184292525,0.09026274615462192,0.013479403013419322,0.10149791588390258,-0.24987809375841152,0.16302383661641473,-0.35411194477587293,0.23802558263383705,0.010912398166854898
0.028253025721298317,0.15785000392613605,0.6915275726321912,0.17320312997067253,-0.039382055914309745,0.2293071747904817,0.09553189105874021,0.27116772704425934,0.18918353103851773,0.21453846405039148,0.21342725646147037,0.1406624889925999,0.10377417425954716,0.28316722349540413,0.25013221081860015,0.1802526053918251,0.2573146388249322,-0.1000956450722791,0.39693391515210974,0.5332680274943281,0.21536281135679766,0.02491232287861304,0.46978880337444134,0.7093771331710266,0.8249949220444333,-0.32268667846170934,0.3709512037702429,0.43406392039695046,0.7033631120265573,3.1212130773333824,-0.01946209648332546,0.2882137140940431,0.4703429704513261,0.2741503906651962,0.6406183969385543,0.3298650210983877,0.6756662930695816,0.3136475567956153,0.46541627773085964,0.3749249517693166,0.4829509014479573,0.3547193410111864,0.7891216148734271,0.1431043071900071,-0.044682196319675196,0.572946308268059,1.2036991789806684,-0.16463552049937943,1.1537976717695873,0.33181377370870263,-0.0705846412809664,-0.6939801688022541,0.32451734262894105,-0.30719399600363545,-0.014369697981447287,-0.34728199975428165,-0.14211658198566351,0.3858198965649262,0.20195062911411996
0.33010562642975594,0.5104091864054952,0.3001679717649982,0.16122540338570943,0.1140807318549349,0.17807570847639131,0.1978042776398581,0.1859561567195681,0.28827616908440934,0.1631127751275166,0.22225276185536103,0.16194693084950187,0.05781313841887245,0.16846982741568356,0.2567478878543348,0.18559461359081336,0.28725421945746193,0.4230584640664351,0.3278961381757311,0.15982816067873756,0.28541315747095525,0.27341256920813134,-0.2991612684616936,0.19718092877146579,-0.046846895465988046,0.09763775178400061,0.4669450873433334,0.45135493151072703,0.052121976100210146,-0.01946209648332546,1.1845396239522887,0.13668497106325567,0.41727824856228163,0.050740956325767674,0.4321589480893337,0.13660594313438748,0.43494408416907254,0.4239863925173408,-0.00791840588291292,0.060228259742993305,0.09111785897755882,0.30164501485060713,0.4700612612459369,0.09547763249922563,0.36102538274650875,0.2943182578363228,0.18005848023950652,-0.01680989654745103,-0.08309036501550968,0.30985061741236425,0.012504427500404409,0.02022434663133236,-0.0783159079187474,-0.21358730444797266,0.25867943454089865,0.13019467660850212,0.14300756156367525,-0.1905026526283249,-0.1435027106473499
0.17368995011002472,0.10447456801300545,0.29109100583045994,0.4119238560234268,0.27526762743979216,0.3280964382936827,0.27188890707855323,0.2561803715759153,0.2885763057994169,0.2065458412157133,0.28848435325825056,0.24522983416924587,0.08375128538157067,0.4632354605564509,0.28605107556448456,0.26237299403076997,0.22219909295440202,0.16587056346052081,0.22532761487366204,0.34230116138939476,0.22117295511268875,0.2726279259061321,0.40324063847827635,0.4029698341689662,0.2512359631826259,0.2523779894323848,0.23532823119792823,0.2329799725922605,0.30785828606578725,0.2882137140940431,0.13668497106325567,0.8080877699934762,0.2972414466750362,0.2765495541363185,-0.051516872030448795,0.27773003522356104,0.1212362141893756,0.40032547073007546,0.007390766307723448,-0.025007596803690513,0.27912271991832,0.24699843678463904,0.19322264850904877,0.034815445816456625,-0.10074872766743719,0.3192365211286352,0.2163006091162612,-0.10259383875570816,0.36515668807882623,0.23998805737079143,-0.06841072256205401,0.6443370709913383,-0.4815165852001354,-0.10358837193688122,-0.1002447278988686,0.014852394455027128,-0.13764483730647104,0.12428978454098234,0.0623950879822268
0.07022305134575091,-0.08131112068146201,0.33182392013898815,0.43465950564069217,0.07483208581100514,0.22744036031386947,0.26634789070572473,0.14503270297576704,0.25994734099649347,0.22711760922747498,0.17743852662434018,0.15095091198424354,0.06141640869133568,0.26776076521986575,0.24734995989736264,0.15486797294043003,0.43314909363311227,0.30572042643318725,0.3745747988029176,0.14659196494596524,0.34870339452443017,0.11033905120818499,0.5240428814869942,0.7009161966558934,0.49795520589855374,-0.3508571464420122,0.7179056770580596,0.9065480799344848,0.05653569947100681,0.4703429704513261,0.41727824856228163,0.2972414466750362,2.075131569240349,-0.047792198693150385,-0.18800889907753218,0.0904100123163358,1.0062069977444141,0.4472712801452044,-0.2817629415535876,-0.31339261133587437,0.30069516516688477,0.43274046321160664,0.5294226345704796,0.06417563730990523,-0.6016856884156871,0.6660823237336396,0.3975155794792382,0.014076839258061725,0.7422435811374559,1.0733011892265167,-0.2796329878597745,0.48889223170928464,-0.23720910700284223,-0.6642123377765856,0.2887176040975153,0.012032482822875574,-0.031928196041376006,-0.13820292618794788,0.13777130467162635
-0.5887000363701894,0.06124958367326733,0.4595321566337567,0.4110142584892576,0.12593819076570428,0.27676711262383913,0.1263852958054157,0.2888161728015469,0.2636623439267516,0.21854300177305092,0.26121617061841185,0.21090844331736286,0.09321041219530579,0.18195582057456566,0.28990951663493053,0.19885141872623388,0.2779014663906586,0.24769568375321646,0.13608812467198947,0.4121753667103433,0.1431131573885196,0.26431144452246436,0.37686344204677263,0.1491254248166315,0.5317046240911322,0.3304510201416255,0.26755600089677184,0.15286671241545197,0.6909226682074698,0.2741503906651962,0.050740956325767674,0.2765495541363185,-0.047792198693150385,1.382698677456113,0.28431465028322106,0.27553000535852545,0.36870992379026657,0.11208687442811328,0.14472942494198882,-0.0006731948978506022,-0.07320182512655884,0.27395758120508973,0.4793543165580395,0.12988451393540393,0.013573686505850533,0.2548301274187149,0.35990267142724286,-0.007556009726897391,0.12374581638022933,0.17617765138888203,-0.06490705208952706,0.1365195057022945,-0.15985314317503524,-0.23060663680814966,-0.2069401898119837,0.05159311837784067,-0.2563785128778513,0.1773106782970892,0.16775463320458878
