2.7711104410646086,1.4834838833504547,0.4096475801477272,-0.03501297223268955,0.6142666141294927,0.3951906466016375,0.6926688221491097,0.436840329079132,0.5209316872317442,0.44708453981734264,0.6051548631607002,0.4869294321597506,0.14237051115484908,0.38953043984904423,0.44311283984678373,0.34807413799561704,0.3306974478848255,0.4084267144376959,0.37007249322083546,0.30569758485495435,0.4548335302879127,0.39884198107814334,-0.11861898967636589,-0.17856094753991622,0.10030611292533935,0.3968990560679111,0.44608275679895165,0.1770811677815702,0.26409447025971855,0.021166897432530283,0.36081400216446663,0.20381124774252582,0.08709999442481364,-0.6134531434137611,0.32307372803846823,0.24273391099050545,0.3511746225283462,0.618975961742908,0.4487144518771041,0.2948774119568389,0.559450434756745,0.285034763721526,0.20040037322135248,-0.023307189081989744,0.7267172939392926,0.18444796598730362,0.11411517208245824,-0.09113210732257304,0.2690864186297625,-0.32822858674452654,-0.0418803483226938,0.14823014951696434,0.23460931557540016,0.17341616127561463,0.37091620166721684,0.13106361937002137,-0.03839814424685806,-0.31661371597295573,-0.14223353269800082
1.4834838833504547,6.176165533854486,0.8130031389224152,-0.005638104988942146,0.4374801725450667,0.2205028492857878,0.598749121878745,0.2909211690987996,0.7211301792574921,0.4596713067813089,0.33131282590997746,0.56454923596313,0.1619913046256252,0.24957743189441037,0.6720412665838242,0.34446086226664235,0.3870715254615359,0.13243176662497516,0.26783262094278737,0.4796047926988728,0.5611406527677946,0.4588219431470647,-0.8431387453815827,-0.17603301617363995,0.2268960972651668,0.6221897425177055,0.3542641153431969,0.13006131523085143,0.8399056576912218,0.22119748511561707,0.5128215134258131,0.12549255360320755,-0.10851426605230753,0.07824276294072799,0.4406011125399947,0.34252877156359796,0.727519845444523,0.6374625334083829,0.37589535616407294,0.3681848237554206,0.3169673387025712,0.3957473362675948,0.49418109769383367,0.07349568352834886,0.9566498361500618,0.15206212042599093,0.12549696164195592,-0.061468692552473544,0.4122169698999299,-0.6081777229435159,0.28391323313261285,-0.26270993947700866,0.2501430038407349,0.13603902215583924,-0.6559242544648901,0.2593993058215703,-0.37671053555856915,0.4872746978497895,-0.0696287397394239
0.4096475801477272,0.8130031389224152,4.585673479940908,0.07627222671949997,-0.2824945313858152,0.6881397418660319,0.3199230338406,0.19540565239439875,0.9249093917326179,0.24138950047940963,0.46457451617401074,0.2171927929019254,0.08394280923233088,0.2514011435147811,0.5487226044788844,0.18862680702599274,0.47229095359363166,0.18427746353895139,0.47437014401208444,0.7325206754271785,0.5084625149591526,0.567132565170417,0.4025161005955119,0.5352023702400464,0.3740753481363259,0.15853663201093418,0.05594926128212209,0.47955529125370616,0.8248487776362765,0.7848478045728537,0.267067912389159,0.305527581736498,0.3850296232653497,0.5333353449416697,0.5573540302004675,0.2666862349276411,0.801513690430646,0.7315135490493312,0.5061667835880691,0.1979496330705368,0.2834635314653849,0.43805327034595803,0.5848684877671751,0.09292155742863277,0.5217441021966072,0.34683488427812925,0.46290245057499724,-0.053630765715019076,0.20445584179028592,0.3973512990071445,-0.1370588674190022,-0.1033188169455421,-0.03793470886935531,-0.29258258598758613,0.249704139125425,-0.38094967445914674,-0.7365826772980764,-0.37239945412772407,1.181775187748018
-0.03501297223268955,-0.005638104988942146,0.07627222671949997,1.635961952170606,0.3473428122524203,0.27912223665731417,0.3885729001723216,0.324708291116582,0.1793500454719868,0.4175614230611781,0.41770064971396603,0.40604343407684906,0.12027207702380867,0.4097020171913369,0.38047228293508895,0.3297740692583612,0.3513700147826766,0.4286104030538829,0.07877742253705122,0.3543117690344777,0.2714781585292484,0.22435563999708,0.615765311811039,0.41356654548261396,0.2858164016446402,0.1611644639931807,0.26196988783419506,0.2326586047953776,0.2719783851358018,0.16229400420680293,0.22500498059574872,0.4236828959561819,0.47680763325518744,0.41613429735238755,-0.13977407377182227,0.29906744712950994,0.5154954230646039,0.3568816925255854,0.12769710841992585,-0.004577064623623577,0.2132332269299193,0.27296129126907986,0.3852511322230705,0.08878154845126113,0.02384827232143749,0.4183841210876339,0.3142739540049805,-0.04852375174003538,0.1958089619987795,0.5367538827013507,-0.0900613564850883,0.5855256761387952,-0.2929480381723048,-0.43365724314766896,-0.31914474059309633,0.028560093997054725,-0.1638763676498199,0.39154304170332016,-0.20352218450002885
0.6142666141294927,0.4374801725450667,-0.2824945313858152,0.3473428122524203,0.9967335869774827,0.3582770090168997,0.3822064689346445,0.36161668850892037,0.21575671334343122,0.36987575577075243,0.4058634967116767,0.3746471142676376,0.12606997048499893,0.30702335249995827,0.3274584947347818,0.3014904667600383,0.21156514490540024,0.2852434399231877,0.17684756023551226,0.2817961334185794,0.23315214648603427,0.2302680999448597,0.305682281231279,0.16902958317602176,0.0727575891317636,0.2529782189295929,0.12112316194194596,0.02105211365130625,0.24051602200115813,-0.03104571007278963,0.14071927872534565,0.30081396132875754,0.11776450310431577,0.14180074327062708,-0.01747752290581599,0.1557196783980347,0.1936661057860161,0.2721986654694662,0.16553470778134952,0.0998253263790788,0.19931918272791363,0.21302112835936138,0.11392237349236875,0.023923460583546906,0.12843930756427308,0.11509613067634368,0.13193052556157062,-0.033108042638328936,0.29288324989606984,-0.19276620131205072,0.03832874397806089,0.16547284594336492,0.159390636227341,0.11346933909684567,-0.12507097339961817,-0.008096625140871195,-0.19164793128697358,0.1297373368868496,0.07762407004128032
0.3951906466016375,0.2205028492857878,0.6881397418660319,0.27912223665731417,0.3582770090168997,0.7492317751060223,0.26052376166730984,0.3044043378888677,0.3953040130262415,0.2564343546405761,0.3934051731315193,0.2825249190582979,0.10605174274627255,0.29516157815293814,0.3744656648475596,0.2700294384324788,0.27828362711152704,0.2394412175460496,0.29271087200573737,0.4200778101946672,0.3245348577185356,0.34464896445178417,0.303850236928395,0.3074167977870896,0.20763936299285893,0.23130772101350497,0.2050115832823772,0.20523559507106026,0.4273940701052713,0.23648054566105267,0.20678668819027887,0.32257919721856276,0.24756031825460287,0.29041011183981286,0.08813423064394775,0.19197099186260966,0.4175483639473123,0.4336502036177235,0.24232019364243151,0.09773124029488357,0.22152600982325168,0.277056195866013,0.35951526351216884,0.040127132647431916,0.23007392560035622,0.1934002182442768,0.2860487253675247,-0.05194927372743578,0.41465962621163027,0.15695782700407543,-0.2820517028863442,0.1262326529725719,-0.13773047159818247,-0.03110676290576416,-0.02470326645281465,-0.051618352394933766,-0.22080491970073704,0.09485493003669751,0.16769668583346362
0.6926688221491097,0.598749121878745,0.3199230338406,0.3885729001723216,0.3822064689346445,0.26052376166730984,0.7351774405075577,0.1684174619502172,0.3743158186941237,0.3421093995035847,0.451593551770986,0.44111915340696434,0.09848164844640293,0.2637733681727933,0.254149058280037,0.2859808278081098,0.32925925661005,0.252873947093496,0.179829591742346,0.2935537893800563,0.32800766639140155,0.30688394487469034,0.2368315821937637,0.216927531049324,0.22498287078726242,0.18361456214710037,0.2643073507341514,0.1658397662999016,0.3150702967371308,0.1016160770715331,0.24764293294843012,0.2775376060273628,0.307715575992593,0.1415839903711653,0.03170525802420124,0.3076324113022572,0.33641044817349175,0.38786565413599744,0.13906708276010965,0.03366741260336437,0.22063362180613266,0.26795965469224087,0.26606201842051425,0.022081269135128735,0.22600827541746993,0.28407109608633,0.1133363441295792,-0.058066110231255394,0.18701528650829044,0.02645204505756013,-0.035318121887814344,0.2137571781382463,0.025612501684055385,-0.17222836089161817,0.018404498900086726,0.18333894222986077,-0.11771023997343451,0.017397362010932636,-0.24843254534780568
0.436840329079132,0.2909211690987996,0.19540565239439875,0.324708291116582,0.36161668850892037,0.3044043378888677,0.1684174619502172,0.881069157657868,0.2293138389353931,0.37074540647871446,0.45637981281075946,0.27249460795807656,0.14332121391902117,0.3024909989951763,0.30446030645685007,0.27160195146622035,0.3048175325622004,0.3585004020345255,0.3209727346422467,0.36521885389718695,0.24796966602379458,0.25361859910346757,0.32629025317518917,0.214114153015763,0.20160641257865813,0.2878630200653393,0.3871792632079434,0.1989226433726972,0.31452934063837323,0.2718630455750394,0.2250113496123136,0.26321002224600687,0.15406188970971924,0.2903075509101694,0.30257486093347735,0.17054116488801413,0.3762397465777926,0.31845299900702956,0.3354652016070279,0.24111451509298112,0.251994306160654,0.2570685754134516,0.34915797819353933,0.03797569902129776,0.21436844612254205,0.21418995820381787,0.35896847420121475,-0.027091447368043146,0.4525201848801258,0.026057610164026097,-0.12782551930017877,0.2438197069697461,0.09413164476000092,-0.07584008023359719,-0.10918240651943169,-0.04806190509821474,-0.1126748885559419,0.1702171421283129,0.022140945502023123
0.5209316872317442,0.7211301792574921,0.9249093917326179,0.1793500454719868,0.21575671334343122,0.3953040130262415,0.3743158186941237,0.2293138389353931,1.08675821688866,0.2684631840835006,0.2434631106604893,0.3072918865894259,0.08476249526496524,0.2757799417702069,0.32313129321592454,0.23831953181387047,0.3325718967576902,0.2629544993780591,0.4220334047471372,0.2923247717028285,0.37485418976018003,0.6008675376168794,0.2021093243796737,0.24282706870270188,0.17652628874879853,0.22509541818969261,0.32225068105966853,0.2538936358310418,0.430879364958395,0.22304346208401404,0.31968468469287387,0.2919608854019508,0.300569558793684,0.2985126231650225,0.20613261861357438,0.2813281459825527,0.4089367235911873,0.4568414004461821,0.19122009777797025,0.05460363718394652,0.2164854869197649,0.3089133259783141,0.3904275392884741,0.04485827104093066,0.29140259650642464,0.2628492852913778,0.21823900656994502,-0.047544188289263115,0.12426905137186571,0.09979655472230856,-0.02003028239945961,-0.016605663946804874,0.035043153813620234,-0.169231378635919,0.1436706142770354,0.14925911968155312,-0.29742934973692803,-0.1759934596590675,0.18146899072671252
0.44708453981734264,0.4596713067813089,0.24138950047940963,0.4175614230611781,0.36987575577075243,0.2564343546405761,0.3421093995035847,0.37074540647871446,0.2684631840835006,0.8839408919735667,0.42263085802333933,0.25524018586190844,0.12767680493673556,0.2549081424210534,0.2766404898422311,0.23494092367470698,0.2801717741094892,0.3259170369923054,0.39504081554856707,0.19693870977361658,0.2192798677483697,0.25548358229880186,0.34572734251295806,0.22994758614871028,0.23685479894098332,0.16111084817768473,0.25067468972416795,0.18493664749688846,0.2863641623859937,0.2012928238436853,0.1945107719808576,0.23434428031627358,0.27328535972856943,0.22557162693104038,0.15466079483984818,0.18542557535738785,0.37240664264631723,0.262172989578132,0.20746262072701438,0.08613582718719323,0.27555851163745754,0.23675143244027325,0.22435784731754274,0.04805584314352193,0.09360034950313662,0.2634490079471069,0.2565590232380436,-0.039701804637164016,0.2258598898757629,0.1501605549234136,-0.013670581541254782,0.06368525200247512,0.13362554357434245,-0.12216644211954307,0.06913362375194206,-0.0014330409567871818,-0.11734956871172599,-0.057827430249083926,0.07605313541126614
0.6051548631607002,0.33131282590997746,0.46457451617401074,0.41770064971396603,0.4058634967116767,0.3934051731315193,0.451593551770986,0.45637981281075946,0.2434631106604893,0.42263085802333933,1.144086033480251,0.41196455143373484,0.11506134390379895,0.33704540653963394,0.4128844889205899,0.29392769819868053,0.36037556408608884,0.34605223764733095,0.2099617139068246,0.5792026664133422,0.3595394973103943,0.2353543921334087,0.37756936191351465,0.28862278430422744,0.17845865573368758,0.1994892320636988,0.25947132520359956,0.178316473057116,0.39811231806921,0.23106950723473058,0.2744027812311542,0.3077552665314353,0.2530504526674096,0.2719245696605355,0.2087581155351672,0.26097383717064576,0.43065870301142467,0.4333049484245371,0.31731750642731865,0.21368057500748955,0.22613711476226264,0.3196750846454761,0.3293871952669706,0.01121491725983844,0.33920361138868776,0.3067337053014964,0.2847899375755718,-0.044322976456956514,0.0971621735475612,-0.03042998133026968,-0.04958151396840686,0.21418503184111054,0.2521890762637531,-0.13878374333032018,-0.12020384227266,-0.07696757847670489,-0.17895956194912585,0.2052190032531248,-0.04259568672978502
0.4869294321597506,0.56454923596313,0.2171927929019254,0.40604343407684906,0.3746471142676376,0.2825249190582979,0.44111915340696434,0.27249460795807656,0.3072918865894259,0.25524018586190844,0.41196455143373484,0.7295371054953209,0.11394444092341835,0.26811344431074857,0.3554400164416907,0.333225782198275,0.3492026481637154,0.21819204388997282,0.20822485338693608,0.3392241296705798,0.2743565516107544,0.2918884358710266,0.2124526066370931,0.18907957109851817,0.1990633975323482,0.26350307327798334,0.31413548034869465,0.1210574560404041,0.3252024244264019,0.12642722462075814,0.20167213425449038,0.2660867893062765,0.17572691536508564,0.22354691231627713,0.12837049451006496,0.3148389761090279,0.2691068091831223,0.3725007941102396,0.15252409293466576,0.12726550775197623,0.20818569534073786,0.2579359017595358,0.27274841131179767,0.023849212199595685,0.19776225852618926,0.226938156485219,0.1737720004101978,-0.05435132227940024,0.42780848056936566,-0.10080438213365976,-0.04060815714056519,0.13289984276582872,0.08991650314496112,-0.08573800885193816,-0.23139596271958277,0.1834086182780086,-0.11859823646373852,0.24075648336108307,-0.35063667587975234
0.14237051115484908,0.1619913046256252,0.08394280923233088,0.12027207702380867,0.12606997048499893,0.10605174274627255,0.09848164844640293,0.14332121391902117,0.08476249526496524,0.12767680493673556,0.11506134390379895,0.11394444092341835,0.20836080982221214,0.09104119034451173,0.0742262777796309,0.11519864931716432,0.12075912657749269,0.09909162994581062,0.13039582920982387,0.1093958129310069,0.09183345002289948,0.1080775547717173,0.11550768925687327,0.08175849229164045,0.0877505514967188,0.09620222652636301,0.09045690925883253,0.07609408035332807,0.15205515628469246,0.10262301701837276,0.06089410503534155,0.08253812863481684,0.06116875843834314,0.08784692105053202,0.10079687997171005,0.07266857788029107,0.11197831477831383,0.09959312363395197,0.12320190895939968,0.07675510667220123,0.09144637255022943,0.08847733640237232,0.08877945272284204,0.0218625504239981,0.05390915137009521,0.079872522960475,0.10431310253535608,-0.01730278066245369,0.1718297530330458,0.03633964433605185,-0.04147655758072293,0.020568115030245623,0.0195151359113695,-0.022535202155091,-0.04807576951199686,-0.018230547837219904,-0.027769089267712124,0.058041690618297954,-0.021234281865551277
0.38953043984904423,0.24957743189441037,0.2514011435147811,0.4097020171913369,0.30702335249995827,0.29516157815293814,0.2637733681727933,0.3024909989951763,0.2757799417702069,0.2549081424210534,0.33704540653963394,0.26811344431074857,0.09104119034451173,0.5872255486188833,0.3497057079840734,0.3135128688735942,0.22747779238041588,0.2552397962430628,0.2240090651577431,0.3362042299160887,0.23215471075433614,0.26988566158255733,0.34765263289631626,0.2939017435218243,0.18647817997653407,0.21793754276487814,0.25353202305796196,0.2019991629629466,0.304212734459142,0.27942795694207906,0.19106573732664975,0.4689712061837279,0.2748528686689179,0.18042578098659903,0.11040884121654226,0.20114848932673238,0.30627860638085797,0.3805737203308953,0.12543431048294154,0.09501697113698579,0.3152539815548435,0.24901136193348536,0.2672438520814884,0.04019563333087831,0.043140227330364406,0.2612911559606004,0.28373482031830827,-0.06892692581734199,0.46892985351495386,0.11688255220775277,-0.10418825616454463,0.2463513907331526,-0.02387283650186434,-0.07335920960154126,-0.1472549427315476,-0.013818421136493599,-0.1688310728521763,0.19647502480129794,0.071484960190826
0.44311283984678373,0.6720412665838242,0.5487226044788844,0.38047228293508895,0.3274584947347818,0.3744656648475596,0.254149058280037,0.30446030645685007,0.32313129321592454,0.2766404898422311,0.4128844889205899,0.3554400164416907,0.0742262777796309,0.3497057079840734,0.9872022942115452,0.28711614667533564,0.33189063567298005,0.47078388382987063,0.1626572517475967,0.48761269357140996,0.34305023801434936,0.28909232879074115,0.46231456391425846,0.2769800232836629,0.2161248165666766,0.26179818371940167,0.3132661903914386,0.34469916509080906,0.4661301678132916,0.27009898707434554,0.28775311549584676,0.31234536763454634,0.27223309601240486,0.3094885009023133,0.2905750405898223,0.15742677349593096,0.5863470298507243,0.41261161533422885,0.29105135500491414,0.1883590590359342,0.2733943397138792,0.3147025645516963,0.45476740853007314,0.03640241408371948,0.30005676129755465,0.2331177988203274,0.3670799239691389,-0.03566324501005297,0.47198428171774354,0.32193982940130633,-0.14194927912868469,0.20729493278733274,-0.20846611068390922,-0.08147358524799046,-0.09147279140459033,0.07174210589476522,-0.33905380256931966,0.15675464782023446,0.11675362624902245
0.34807413799561704,0.34446086226664235,0.18862680702599274,0.3297740692583612,0.3014904667600383,0.2700294384324788,0.2859808278081098,0.27160195146622035,0.23831953181387047,0.23494092367470698,0.29392769819868053,0.333225782198275,0.11519864931716432,0.3135128688735942,0.28711614667533564,0.5447952400377235,0.3360039340946979,0.2472410280540698,0.24739536187358468,0.2921538973756231,0.24092106536830246,0.3623050238955811,0.23822223970562353,0.2026645542742861,0.14820690239137602,0.23054488782776905,0.2632066895120816,0.2199710059935347,0.3530234719281613,0.1853958212878699,0.21442573106986643,0.26586920322791613,0.1739491337459319,0.21574783641503587,0.24809398403864102,0.2040289592915695,0.2991201977670557,0.35313071009553726,0.1764061554958967,0.15579370068353482,0.2513659688655486,0.2812262091008615,0.29924964834406914,0.04313624199260079,0.17176565198836957,0.2020129208627271,0.23985308453840654,-0.052034390878476854,0.38433064304975867,0.03464359737533596,-0.0944007164162597,0.053401734954650226,-0.012035298019928229,-0.04993141362699463,-0.17567868207254966,0.03946362596249607,-0.15970735349396936,0.21825006326344615,-0.05198819612885342
0.3306974478848255,0.3870715254615359,0.47229095359363166,0.3513700147826766,0.21156514490540024,0.27828362711152704,0.32925925661005,0.3048175325622004,0.3325718967576902,0.2801717741094892,0.36037556408608884,0.3492026481637154,0.12075912657749269,0.22747779238041588,0.33189063567298005,0.3360039340946979,0.9349340096241905,0.29541954731759057,0.31062555539424686,0.487506216562755,0.3518544173252982,0.3151331477395539,0.2716918440243659,0.3183889762248512,0.3313533764107417,0.12652246591162786,0.40928739322838453,0.46561109979658005,0.3990041723609168,0.2594314449007187,0.34637387177818757,0.22806565079449634,0.46933394468128253,0.28620080728605407,0.38310079455424567,0.2434866502646593,0.6928543462118267,0.5127247924293707,0.18437929711632692,0.17240465111162537,0.2894504190438792,0.43860931169506284,0.5318483800455204,0.059603817838361835,0.37059294958614375,0.35875160880281676,0.3349917696106293,-0.03343054436716578,0.31351730613503104,0.31720597333996237,-0.1556195745071754,0.3554541765055557,-0.03808122085317973,-0.24028477817476085,-0.30473671172801525,0.05620854317134472,-0.24718182128410168,0.31979631294460653,-0.2107632558581222
0.4084267144376959,0.13243176662497516,0.18427746353895139,0.4286104030538829,0.2852434399231877,0.2394412175460496,0.252873947093496,0.3585004020345255,0.2629544993780591,0.3259170369923054,0.34605223764733095,0.21819204388997282,0.09909162994581062,0.2552397962430628,0.47078388382987063,0.2472410280540698,0.29541954731759057,1.1538288178845206,0.20376642182550092,0.1888166526417673,0.3393821125595581,0.29767805792448826,0.7397247380414123,0.15659874212812455,0.2120464855934046,0.2627309916985061,0.41186325055353645,0.39460876201990985,0.3263941184146769,-0.10787528738574018,0.4860149387530113,0.187801916418823,0.3539995472785351,0.2481851851337374,0.32217673548590636,0.06626841464243155,0.6055107364658774,0.31344601284960816,0.2627423903137319,0.1820528583940313,0.22107281161169598,0.23119257968229828,0.5361488375352383,0.03765481765804205,0.38614009886779654,0.27166464227694953,0.45133073609193847,-0.037056552413533825,0.19028222895540112,0.33264444872278376,-0.05370182581144301,0.2996524682322391,-0.11825243899760142,-0.0919414644009023,0.0979190042386218,0.10007248783891949,-0.03775937015327417,0.03462618328137871,-0.18807669095177956
0.37007249322083546,0.26783262094278737,0.47437014401208444,0.07877742253705122,0.17684756023551226,0.29271087200573737,0.179829591742346,0.3209727346422467,0.4220334047471372,0.39504081554856707,0.2099617139068246,0.20822485338693608,0.13039582920982387,0.2240090651577431,0.1626572517475967,0.24739536187358468,0.31062555539424686,0.20376642182550092,1.531203082284749,0.0967616530827736,0.3078967445394806,0.3944236948585507,-0.08562343275642943,0.19119410879371793,0.3060198204783744,-0.03479807611547369,0.33863588481087226,0.2541377414642881,0.37242537316318053,0.4055032093638924,0.34647241087734637,0.2056200938633259,0.3657084587790137,0.1428982616113505,0.17125396189045353,0.3200246058406163,0.4173804840190498,0.36412638534295605,0.12687808120960833,-0.03094538675902244,0.3398567338780569,0.2816163693210598,0.293508050671599,0.07673819441917788,0.12499858564845727,0.34076097538670025,0.2136462858993808,-0.0889497363617658,0.0699220152794228,0.5429253908857634,-0.14540504293347403,-0.2342329425758545,0.023149021986211698,-0.1932950705960455,0.15367368238710963,0.030068875581379082,-0.11882411351589575,-0.15804326641368358,0.1475333824872907
0.30569758485495435,0.4796047926988728,0.7325206754271785,0.3543117690344777,0.2817961334185794,0.4200778101946672,0.2935537893800563,0.36521885389718695,0.2923247717028285,0.19693870977361658,0.5792026664133422,0.3392241296705798,0.1093958129310069,0.3362042299160887,0.48761269357140996,0.2921538973756231,0.487506216562755,0.1888166526417673,0.0967616530827736,1.137028531602993,0.26010228816848907,0.22188397071415605,0.5025135115534255,0.39288808155431415,0.2543424158550481,0.3460703745629437,0.2761386853432967,0.3024225667740321,0.6076481610699822,0.5798497290547087,0.1757990128943656,0.36272280861115674,0.2051182567533946,0.440409769318547,0.3526772243699314,0.24148281792849954,0.6463049477458489,0.6057949724683358,0.5013409020765838,0.3689852772400217,0.23819657493145402,0.39089231234039473,0.505886644771603,0.0012467609986484753,0.5174991903992268,0.25301356585893586,0.39629220767251844,-0.03657159171406689,0.6769596229242165,0.031072232285390647,-0.1729480512514596,0.27850942777077053,0.006540523952086835,-0.11447153146030346,-0.258626181979527,-0.11142196670662738,-0.34154789385487744,0.3255513301392206,0.1422453925434566
0.4548335302879127,0.5611406527677946,0.5084625149591526,0.2714781585292484,0.23315214648603427,0.3245348577185356,0.32800766639140155,0.24796966602379458,0.37485418976018003,0.2192798677483697,0.3595394973103943,0.2743565516107544,0.09183345002289948,0.23215471075433614,0.34305023801434936,0.24092106536830246,0.3518544173252982,0.3393821125595581,0.3078967445394806,0.26010228816848907,0.6284926035483364,0.28272313775234487,0.2750987783950861,0.26236560889395555,0.27120883406624663,0.08415908434103408,0.31433603814406996,0.3183001804792644,0.36313121877779736,0.22063638930068818,0.33723789292250617,0.22612755981922414,0.39305595441159424,0.14671462168526253,0.23187522701976457,0.2466263626625281,0.5303208305508731,0.47789878933097907,0.22234807611270516,0.11824696637935736,0.30655540577350815,0.3289213759583273,0.48788930304630596,0.06578722241601022,0.42559049221903716,0.2783185048891227,0.2633440101254072,-0.036118209771405146,0.1886334226052845,0.20742581831337104,-0.13698345941114834,0.19850593792561688,-0.029903697670859073,-0.14595090219337453,0.01921842315824112,0.02177670331704665,-0.21704664547704494,0.04600580393213269,0.051445023816904474
0.39884198107814334,0.4588219431470647,0.567132565170417,0.22435563999708,0.2302680999448597,0.34464896445178417,0.30688394487469034,0.25361859910346757,0.6008675376168794,0.25548358229880186,0.2353543921334087,0.2918884358710266,0.1080775547717173,0.26988566158255733,0.28909232879074115,0.3623050238955811,0.3151331477395539,0.29767805792448826,0.3944236948585507,0.22188397071415605,0.28272313775234487,0.8657082834142343,0.1777735711194818,0.15640455346183177,0.06331413922925619,0.27706018136597754,0.3352098395373998,0.21447376692249556,0.4244595883517559,0.05772829855719844,0.300336175382737,0.2761821581929897,0.144247832715363,0.2943045027137808,0.24005722782551353,0.23431817401259084,0.2816663529821285,0.435985004124561,0.26797555219314867,0.1160805113924751,0.1824274672159369,0.2738973736188004,0.3106301881791866,0.05593969648063387,0.2728610861959127,0.18769935426116727,0.19223892242779822,-0.04863511258108779,0.19812737081941595,0.09245967503980103,-0.0653052349462765,-0.12910628730946605,-0.057970979447271774,-0.08892449199470907,0.0022448982538916494,0.09196498071933254,-0.20962623151604345,-0.010831409524298567,0.0621346905956286
-0.11861898967636589,-0.8431387453815827,0.4025161005955119,0.615765311811039,0.305682281231279,0.303850236928395,0.2368315821937637,0.32629025317518917,0.2021093243796737,0.34572734251295806,0.37756936191351465,0.2124526066370931,0.11550768925687327,0.34765263289631626,0.46231456391425846,0.23822223970562353,0.2716918440243659,0.7397247380414123,-0.08562343275642943,0.5025135115534255,0.2750987783950861,0.1777735711194818,2.1943237075225244,0.7452679818047979,0.5088154111725527,0.12771302540779772,0.24346526667566526,0.3674747733726957,0.4254165299543468,0.512954203176478,-0.2536204040126616,0.41300489209870783,0.6113250817276542,0.3880430662200527,0.11056439357453834,0.07979248573372076,0.6149415266087471,0.3310219030398305,0.38228702914728024,0.23713290228783077,0.4531914628132376,0.25646669214542717,0.4143311268819297,0.01397518262908598,-0.09189652627864982,0.3509765254522412,0.6006919764652552,-0.04523994682293268,0.8625735503111593,0.42300563134591695,-0.23820725436644352,0.4558764073212275,-0.04498722909389132,-0.13994214539242456,-0.05987410969557802,-0.19008533965302696,-0.3132025008937474,0.23532138240519837,0.2384367561784407
-0.17856094753991622,-0.17603301617363995,0.5352023702400464,0.41356654548261396,0.16902958317602176,0.3074167977870896,0.216927531049324,0.214114153015763,0.24282706870270188,0.22994758614871028,0.28862278430422744,0.18907957109851817,0.08175849229164045,0.2939017435218243,0.2769800232836629,0.2026645542742861,0.3183889762248512,0.15659874212812455,0.19119410879371793,0.39288808155431415,0.26236560889395555,0.15640455346183177,0.7452679818047979,0.9022805774584081,0.43989254201498923,-0.06418650812469467,0.32513831007585275,0.45943990864442164,0.22006456803262395,0.7378820811732463,0.20460073172062807,0.412258315619346,0.7658320252185203,0.1906870581078628,0.17505927897780257,0.16621915000952658,0.5731826610425603,0.410909741700492,0.13814171304618558,0.10908802918835493,0.3821237940962798,0.3163760117031273,0.3717956108730434,0.06530179366628396,-0.14994742720699233,0.41807874385659505,0.44243426111618195,-0.0526762049822097,0.7285009815576257,0.411665164677102,-0.16860389512416257,0.2617262978199224,-0.08096018877429682,-0.27845363520185723,-0.0974263077999021,-0.18000643620945087,-0.15534806790250144,0.19983584084754424,0.17111982468011658
0.10030611292533935,0.2268960972651668,0.3740753481363259,0.2858164016446402,0.0727575891317636,0.20763936299285893,0.22498287078726242,0.20160641257865813,0.17652628874879853,0.23685479894098332,0.17845865573368758,0.1990633975323482,0.0877505514967188,0.18647817997653407,0.2161248165666766,0.14820690239137602,0.3313533764107417,0.2120464855934046,0.3060198204783744,0.2543424158550481,0.27120883406624663,0.06331413922925619,0.5088154111725527,0.43989254201498923,2.1399595313541067,-0.27728954119230154,0.8339870643373669,0.31281354186578103,0.9110452863993007,0.8312144670050852,-0.05377912507317594,0.22886041974599447,0.4674404226186826,0.5359145164409218,0.2142678230742764,0.488222517031638,0.8777719962716121,0.5739044655120842,0.48896510576368074,0.03561602674070948,0.3530318809800162,0.3240482872522412,0.5612752913742124,0.14693979711535912,0.3801871035042349,0.6913554437088875,0.5098071223870373,-0.2167695448196685,-0.02796816501178806,0.06221374005365482,-0.20785666993940244,0.12263746763240847,0.0942243277737151,-0.22143892879741608,0.1315878129422623,0.054637211235875366,0.0168456489209429,-0.1086045637674446,-0.060528346423798625
0.3968990560679111,0.6221897425177055,0.15853663201093418,0.1611644639931807,0.2529782189295929,0.23130772101350497,0.18361456214710037,0.2878630200653393,0.22509541818969261,0.16111084817768473,0.1994892320636988,0.26350307327798334,0.09620222652636301,0.21793754276487814,0.26179818371940167,0.23054488782776905,0.12652246591162786,0.2627309916985061,-0.03479807611547369,0.3460703745629437,0.08415908434103408,0.27706018136597754,0.12771302540779772,-0.06418650812469467,-0.27728954119230154,2.972563452806174,-0.6668052962896478,0.13412688777685852,-0.37188511475560726,-0.28834774736706126,0.10187874490859898,0.26017854842248056,-0.36461524702256815,0.3421577086616656,0.40538756718056723,0.06316772652097083,-0.528653647607831,0.0453241653272774,0.2577463727370716,0.35188803743816643,0.11754111328073778,0.21754107387883087,-0.12012439862563119,-0.017586359788476225,-0.04813977299659171,-0.20190490773818567,0.019448673517763745,0.046037515624716904,1.113039394787738,0.36503599056764835,-0.318082961060421,-0.11343884730154927,-0.3117727326626769,0.12335544583754296,-0.13463815477468047,0.055313449407721885,0.11493339388597988,0.10426263638697668,-0.1714246406320267
0.44608275679895165,0.3542641153431969,0.05594926128212209,0.26196988783419506,0.12112316194194596,0.2050115832823772,0.2643073507341514,0.3871792632079434,0.32225068105966853,0.25067468972416795,0.25947132520359956,0.31413548034869465,0.09045690925883253,0.25353202305796196,0.3132661903914386,0.2632066895120816,0.40928739322838453,0.41186325055353645,0.33863588481087226,0.2761386853432967,0.31433603814406996,0.3352098395373998,0.24346526667566526,0.32513831007585275,0.8339870643373669,-0.6668052962896478,2.8543529251680564,0.5930642303176495,0.31589564145957044,0.3674695553576409,0.4930524071791651,0.21421861024791475,0.6905314339340188,0.269590537388601,0.5034721392234851,0.6230896444579069,1.1565546129576059,0.9711663938927729,0.228318521505646,0.28540182749931137,0.5830730478418351,0.4346571974266226,0.887961002780529,-0.07207427864807893,0.5983912082724827,0.5579020857783176,0.41965302141728444,-0.09952261359370057,0.736180280597222,-0.0811245021029335,-0.2736573156134856,0.3268189076550147,0.16989110436602697,-0.21829399693490728,0.11608162559855031,0.09243737955365433,0.038411818424206226,0.020798223973214822,-0.11743905988378663
0.1770811677815702,0.13006131523085143,0.47955529125370616,0.2326586047953776,0.02105211365130625,0.20523559507106026,0.1658397662999016,0.1989226433726972,0.2538936358310418,0.18493664749688846,0.178316473057116,0.1210574560404041,0.07609408035332807,0.2019991629629466,0.34469916509080906,0.2199710059935347,0.46561109979658005,0.39460876201990985,0.2541377414642881,0.3024225667740321,0.3183001804792644,0.21447376692249556,0.3674747733726957,0.45943990864442164,0.31281354186578103,0.13412688777685852,0.5930642303176495,1.2362719061978538,0.11741606301838993,0.43164267365322745,0.4858091583506043,0.20953794750812477,0.8761378106699174,0.13185723605542068,0.9089674980584381,-0.08162534414798234,0.770390580202517,0.30062187767850407,0.1637054903784228,0.23691942038738598,0.3208255917248245,0.3863811954167377,0.5135370367737533,0.07116133204214961,0.014865174089833502,0.34231115637994547,0.4453865451295718,0.03725188717490009,0.6866175672377827,0.8270352276017222,-0.19373484063074392,0.5841741878096909,-0.7306920105144871,-0.32741099284222874,0.2818352376489592,-0.0586068700125167,-0.07167455938564905,-0.16223513142687823,0.29075140989439635
0.26409447025971855,0.8399056576912218,0.8248487776362765,0.2719783851358018,0.24051602200115813,0.4273940701052713,0.3150702967371308,0.31452934063837323,0.430879364958395,0.2863641623859937,0.39811231806921,0.3252024244264019,0.15205515628469246,0.304212734459142,0.4661301678132916,0.3530234719281613,0.3990041723609168,0.3263941184146769,0.37242537316318053,0.6076481610699822,0.36313121877779736,0.4244595883517559,0.4254165299543468,0.22006456803262395,0.9110452863993007,-0.37188511475560726,0.31589564145957044,0.11741606301838993,2.8682807529932624,0.7389653617543287,0.08102265970906196,0.2852794103201165,0.048940285310481106,0.7046590787170602,0.2935656219837329,0.6370920499371527,0.04937439243331251,0.04148361640019607,0.2464610695138751,0.11072571357468804,0.088635880579005,0.2568216414789469,0.44612741539817163,-0.013306264187403693,-0.03537622164661157,0.5273507728115542,0.5002823521227852,-0.32720629749909497,0.5678770564294001,-0.07975595680357729,-0.39721181695428087,0.03178175154720626,0.0838263371074038,0.10863481476561664,-0.1455740147455674,0.15772335244098334,-0.3775709651842551,0.12481011110526218,0.13763682095842378
0.021166897432530283,0.22119748511561707,0.7848478045728537,0.16229400420680293,-0.03104571007278963,0.23648054566105267,0.1016160770715331,0.2718630455750394,0.22304346208401404,0.2012928238436853,0.23106950723473058,0.12642722462075814,0.10262301701837276,0.27942795694207906,0.27009898707434554,0.1853958212878699,0.2594314449007187,-0.10787528738574018,0.4055032093638924,0.5798497290547087,0.22063638930068818,0.05772829855719844,0.512954203176478,0.7378820811732463,0.8312144670050852,-0.28834774736706126,0.3674695553576409,0.43164267365322745,0.7389653617543287,3.158239641415739,-0.040032738795543484,0.2781851362711199,0.46297676127778237,0.2955551351751999,0.6252927539877253,0.3813474866309098,0.6736123708921751,0.38643430503653453,0.47833338209697746,0.43335288901168295,0.5257438740896982,0.38103069866226863,0.8475777617341943,0.14063425667003424,-0.026776860517455692,0.545534070901697,1.206850386860591,-0.19984976490807083,1.1728122904553975,0.2620111285999783,-0.08451378717156727,-0.7776182555466208,0.31045088343945637,-0.22977018184571968,-0.09852837699177215,-0.3667841507125138,-0.2780688568819082,0.4199628584943695,0.33979518756151417
0.36081400216446663,0.5128215134258131,0.267067912389159,0.22500498059574872,0.14071927872534565,0.20678668819027887,0.24764293294843012,0.2250113496123136,0.31968468469287387,0.1945107719808576,0.2744027812311542,0.20167213425449038,0.06089410503534155,0.19106573732664975,0.28775311549584676,0.21442573106986643,0.34637387177818757,0.4860149387530113,0.34647241087734637,0.1757990128943656,0.33723789292250617,0.300336175382737,-0.2536204040126616,0.20460073172062807,-0.05377912507317594,0.10187874490859898,0.4930524071791651,0.4858091583506043,0.08102265970906196,-0.040032738795543484,1.2163606819419197,0.1646452283070945,0.45186358128086174,0.08110672446484843,0.434560668867718,0.14941780224493403,0.45594531982009534,0.4099996650062283,-0.035908481686060444,0.06275100268978355,0.09072532211550158,0.31022341251220126,0.5187321666242856,0.08557084605236294,0.3490916845834657,0.32239841234021127,0.2048420896966849,-0.02639120404730629,-0.04663267777791731,0.43243087293802773,0.018111722106942525,0.11684608197644432,-0.17386866249430272,-0.25853337219021283,0.13950705330316676,0.16685023795669093,0.1469174565262626,-0.08040035179640066,-0.29684995380956813
0.20381124774252582,0.12549255360320755,0.305527581736498,0.4236828959561819,0.30081396132875754,0.32257919721856276,0.2775376060273628,0.26321002224600687,0.2919608854019508,0.23434428031627358,0.3077552665314353,0.2660867893062765,0.08253812863481684,0.4689712061837279,0.31234536763454634,0.26586920322791613,0.22806565079449634,0.187801916418823,0.2056200938633259,0.36272280861115674,0.22612755981922414,0.2761821581929897,0.41300489209870783,0.412258315619346,0.22886041974599447,0.26017854842248056,0.21421861024791475,0.20953794750812477,0.2852794103201165,0.2781851362711199,0.1646452283070945,0.8191117125727646,0.28929087291948996,0.2496194351825376,-0.05068590747338594,0.28181230693907827,0.1588923388288977,0.4015734864004624,0.04561367877056864,-0.005954443290846099,0.27830738703381636,0.24342778846072272,0.17475759427639498,0.03655624673761111,-0.04688493434591178,0.317375480945554,0.22628258399613516,-0.10412708188309214,0.3616205464358592,0.19316976902011823,-0.06780194777935437,0.6257084631927601,-0.4100609359023947,-0.09024743166828182,-0.13878754613277702,0.018265299814456907,-0.14527135683575018,0.15580933625920562,0.004693668739693431
0.08709999442481364,-0.10851426605230753,0.3850296232653497,0.47680763325518744,0.11776450310431577,0.24756031825460287,0.307715575992593,0.15406188970971924,0.300569558793684,0.27328535972856943,0.2530504526674096,0.17572691536508564,0.06116875843834314,0.2748528686689179,0.27223309601240486,0.1739491337459319,0.46933394468128253,0.3539995472785351,0.3657084587790137,0.2051182567533946,0.39305595441159424,0.144247832715363,0.6113250817276542,0.7658320252185203,0.4674404226186826,-0.36461524702256815,0.6905314339340188,0.8761378106699174,0.048940285310481106,0.46297676127778237,0.45186358128086174,0.28929087291948996,2.114057624857972,-0.056176802181710596,-0.20247587680308812,0.11624499870602231,1.0601776799896079,0.47028711098855075,-0.22787240741530185,-0.2669691157653658,0.3284463449881459,0.4392619656938013,0.5097812825136714,0.05232459459856387,-0.5302983177106632,0.6737381299468543,0.4265811626214498,-0.00639337308628132,0.7670886502980852,0.9006371690937451,-0.30160018971468694,0.41453349966116,-0.029889012314867645,-0.6599199941167175,0.148754788142287,-0.013960373164018177,-0.09399728134467876,-0.022919395338049136,0.087281699650587
-0.6134531434137611,0.07824276294072799,0.5333353449416697,0.41613429735238755,0.14180074327062708,0.29041011183981286,0.1415839903711653,0.2903075509101694,0.2985126231650225,0.22557162693104038,0.2719245696605355,0.22354691231627713,0.08784692105053202,0.18042578098659903,0.3094885009023133,0.21574783641503587,0.28620080728605407,0.2481851851337374,0.1428982616113505,0.440409769318547,0.14671462168526253,0.2943045027137808,0.3880430662200527,0.1906870581078628,0.5359145164409218,0.3421577086616656,0.269590537388601,0.13185723605542068,0.7046590787170602,0.2955551351751999,0.08110672446484843,0.2496194351825376,-0.056176802181710596,1.4179190875627616,0.2977937903291261,0.3033872034666041,0.392475550867432,0.16016459752342582,0.14080031177103688,-0.004545039766594607,-0.0704955873357541,0.2908594777861478,0.548873482735045,0.13224188307615142,0.05465907300536358,0.23955345716601384,0.36749416898039544,-0.0271851284635886,0.12023445359306392,0.06009363413376342,-0.10105872509101713,-0.06758747581373499,0.014554426284064354,-0.20713579432995763,-0.19496659845030997,0.07748354963949074,-0.33420488917908137,0.18527114005452894,0.19275038561824698
