2.2067358402632316,0.5844249535379011,1.5302994443287767,0.052324710737103146,0.2043086550829886,0.2051701567228345,0.2947360467116811,0.09786783581848899,0.02913891746862922,0.28790837553949344,0.0876746489305219,0.3257170575670491,0.18741775921952597,0.1558580486682694,0.24220763895668368,0.27534574423042046,0.2147687630973994,0.2417149177800632,0.14961448684964346,0.07462284143818093,0.16686213563951324,0.1842995186910474,0.2772714214771164,0.15424386588525751,0.22225924524328153,0.00685651276998866,0.22580681321197354,0.084740572699369,0.24252801222522063,0.21438226441801722,0.06840416699463168,0.1577187617613694,0.279142111501869,0.03468310018220255,-0.10181410223984598,0.28993234890185104,0.24417917783276938,0.07190606430262042,0.12534509715267894,0.13377668740066861,0.23855779732476973,0.15466214452207794,0.10266613450331741,0.05855912852034385,-0.06724063119447614,0.2074041364714894,0.15173735264861138,-0.091721660449067,0.548745332940003
0.5844249535379011,2.5456729535543556,1.5394967766098593,-0.3760258070254365,0.28928192378414014,0.5398034677183817,0.26860466418830065,0.543813463172653,0.1549596533069978,0.4891439104263132,0.32168327707435024,0.39761231556679066,0.3875686146237331,0.27780266024939193,0.3499488171392182,0.3933232332619403,0.38153690602178736,0.54750152674417,0.26148612924009434,0.4132279368905635,0.35858574471230864,0.2988675347514261,0.2909473800467876,0.24430359549337274,0.3859750403442555,0.14986902408310515,0.43690946966624117,0.19326455350958885,0.725623903910667,0.40377655595734957,0.29892709511770216,0.28875559372483395,0.28547587941789815,0.4585001172345193,0.08251147852969408,0.461326433121835,0.6313624373711559,0.20066048391715313,0.36496532468840076,0.29737803141228736,0.48426476946761965,0.3524040484298879,0.37159037079217183,-0.04287084987503952,0.16657313431177498,0.36404494837697415,0.47151720022263904,-0.12297088185149303,1.1024966535027572
1.5302994443287767,1.5394967766098593,4.211001142451428,-0.15625004315423427,0.30742482184656206,0.8516821988598925,0.3801318734674281,0.9002222366317203,0.1650138055689572,0.8068322328877334,0.364786965401441,0.643089047319764,0.635849853392392,0.45693240370409927,0.5262938621222465,0.6821436199518637,0.7335042974171273,0.5961846581361183,0.4636682722011281,0.31710447738422615,0.49009766087196505,0.5041981611914961,0.5186001829081971,0.42442567468585257,0.6061927249772994,0.18910000371702848,0.6346490511642346,0.30794359446500336,0.8136371506712442,0.6170797766735469,0.27653173558687577,0.4610860235860538,0.4683497905132395,0.6181941501827206,0.13993678944653393,0.7825437008087229,0.6375610341894137,0.1408419332870663,0.5668074530337748,0.4413472810426261,0.7076418381271504,0.4840824880857126,0.5537529976031471,0.042615900117993204,0.041463884285480763,0.5385062176578768,0.5611615039523067,-0.22596815364409242,1.5573172673345725
0.052324710737103146,-0.3760258070254365,-0.15625004315423427,3.1359882140373454,0.0838667056897948,0.15585595881180508,0.029600778359442928,0.18237366911968897,0.02303913906756976,0.07798929816326242,0.23845836949766763,0.16933513996940144,0.16808327847404625,0.18577461256866667,0.13312291338049298,0.186703996385232,0.1402580466060706,0.04821804740101588,0.06457031763021599,0.15589157033807852,0.13983178857069062,0.10941631532104187,0.11152219547926694,0.1873532638053912,0.1570297868368572,0.2639794560203807,0.1383205685012557,0.16616426266679962,0.06421022566875172,0.09875889556728669,0.11977984666319301,0.1821036094422072,0.061582282551383254,0.23023534638775997,0.28454114005113407,0.09642209481443807,0.014347541935524025,0.10117948312853606,0.12204683945492134,0.008286056570444423,0.08053502778188956,0.14405299256724835,-0.16786568969978458,0.547287113348558,0.22003566760003537,0.12606820019656437,0.18514876454222448,-0.03680370211231977,-0.9894034365939398
0.2043086550829886,0.28928192378414014,0.30742482184656206,0.0838667056897948,1.2790458279916745,0.5193689929894133,0.16017649480741897,0.36322234176451945,0.15212798951752843,0.250155084547783,0.3217734661050126,0.3672792596611202,0.3282354717064209,0.28443219386022145,0.29323767471047407,0.34567531204913626,0.23992797683940276,0.24252284224159398,0.5095916927321463,0.132924181738329,0.247566204645421,0.2765453420626791,0.1788829411412241,0.21557869734838414,0.27708154759733133,0.2526915323927648,0.21439686395148805,0.1294425134956773,0.32297632187879505,0.08451586311456546,0.21363984524702173,0.291812728972931,0.16655482582837514,0.44965595018146026,0.10581608908979373,0.3389867094668879,0.23187397687962832,0.0915523392152263,0.3125663610189187,0.2105616247167169,0.27668162877299013,0.23615263494971395,0.2256670652689991,0.014339865443401056,0.060469665561177915,0.253107490405206,0.24022966182592106,-0.08768147626339531,0.5532687717115083
0.2051701567228345,0.5398034677183817,0.8516821988598925,0.15585595881180508,0.5193689929894133,0.9779095254770226,-0.03761909860121085,0.6697885306197305,0.1774169127217614,0.31703340063364005,0.4145903970165346,0.365492815352909,0.40561513536402427,0.3187862972258397,0.3127319318037283,0.353976764551458,0.3921092463679804,0.3297597256381732,0.46781289338063947,0.28980315805636503,0.3317548605617652,0.31621154852632766,0.2203642014930272,0.27632489283045125,0.3568710420344583,0.27256668794187566,0.30439591130928556,0.17364636782292367,0.46690655307424594,0.2916452312059697,0.2675705520387203,0.32289891222338046,0.21946405700188545,0.4525718240402619,0.13188526278576865,0.4122006727382489,0.33144470374536256,0.1606844093253293,0.3877841168266836,0.27934461214906775,0.40600204156367004,0.30674202054558414,0.37723902479025345,0.02426279919571631,0.13735434539711278,0.29900786441018007,0.28236351048641956,-0.09600316502861586,0.8317705227431782
0.2947360467116811,0.26860466418830065,0.3801318734674281,0.029600778359442928,0.16017649480741897,-0.03761909860121085,1.3183002312131753,0.12710884260618066,0.27561740992287065,0.34821066377315146,0.41398028373695434,0.6752146157519983,0.43022705369858844,0.44776917670627364,0.33114723522561135,0.5414675629056666,0.4219579694427128,0.292743541820706,0.1318478096477322,0.35447508947746653,0.31340434455729216,0.3837291893720068,0.31269157757137656,0.30935995727010096,0.3989604665680132,0.2396449143140671,0.42120795601552075,0.16992338511509383,0.4873258167420579,0.34302976403948987,0.1938341646308589,0.4286557188016952,0.22303737802479975,0.5354656959278954,0.12424313132460145,0.4785031678508364,0.3472596377676193,0.1884076878743308,0.336869867999415,0.34232940397881984,0.4096078040064863,0.34933595965122866,0.38509923737152524,0.06607515176150155,0.0758702320718284,0.3489422239289778,0.3823989692978182,-0.14221820285960873,0.8022733544688013
0.09786783581848899,0.543813463172653,0.9002222366317203,0.18237366911968897,0.36322234176451945,0.6697885306197305,0.12710884260618066,1.206687950214182,-0.0015051172125491938,0.6630852262555309,0.5652976982156429,0.2694158954792369,0.6030299046292782,0.41655280523459276,0.3065062955484712,0.5133659381713513,0.4672333375985471,0.4711510098862316,0.39027612066776224,0.396155555286533,0.35749770745905485,0.36287748323473207,0.27002804934925234,0.29650470339898183,0.47602457587886404,0.36627734432914444,0.41059144872174863,0.19506334843074022,0.5971404187925476,0.4188825136573888,0.32230408614612893,0.39480495901292306,0.0990950151279726,0.6809726538505768,0.30958794119631455,0.4483973896130103,0.38552149722176215,0.19091504109180923,0.5669066571563808,0.37055139336228693,0.4789442225722028,0.36962245617282424,0.542264217396509,0.05508195765322788,0.184679205543172,0.3406548188473955,0.5357945492059896,-0.09985825703947583,0.8608372799481504
0.02913891746862922,0.1549596533069978,0.1650138055689572,0.02303913906756976,0.15212798951752843,0.1774169127217614,0.27561740992287065,-0.0015051172125491938,0.8570061844860488,0.03777573772250418,0.14061042696972215,0.17548834099893698,0.16154974570350056,0.20715571087634208,0.16870145224172564,0.020773646220089332,0.19362151560155114,0.14128716694308993,0.07512873492195625,0.1827694004613501,0.18324699186828936,0.3053570580760162,0.13368843021396554,0.18611534506096788,0.11308170887935043,0.15016843129946186,0.13998649032664381,0.14459206497942045,0.16440910272420153,0.18128237246732024,0.17564956704332785,0.18873026033947793,0.3081002271351977,0.09043641935916344,-0.011093511263085894,0.20402218286957932,0.21861238731691635,0.12632703325150113,0.06330029311433139,0.11021175609064443,0.16747019698722368,0.16091078172161388,0.14888154911913976,0.05233882729121504,0.1944265754241543,0.18512741968921223,0.13061332555639402,-0.0720596501184588,-0.142649769743067
0.28790837553949344,0.4891439104263132,0.8068322328877334,0.07798929816326242,0.250155084547783,0.31703340063364005,0.34821066377315146,0.6630852262555309,0.03777573772250418,1.2988559474087358,0.43253054038993055,0.3653933412877902,0.5017217869112542,0.41585016607808434,0.37705535217031777,0.5260172735005464,0.39993508483592266,0.5257318437956378,0.25827129204463384,0.4393574949597361,0.33889430742502064,0.35477615011827884,0.33967970011925824,0.31159925685712236,0.4572261741529331,0.3140108449795312,0.42010675923232554,0.19442831952274012,0.6452135444635133,0.42861001360685697,0.342176057601711,0.39562609009603444,0.08134896718442113,0.8195383377032169,0.3262696655444722,0.4504791807713761,0.4465133928854471,0.20140944772059857,0.5812421756340692,0.3983609550645462,0.5301811852826256,0.3742437028645403,0.5415720363383484,0.09314084305889765,0.10770780698865409,0.3457686132978684,0.7731084931615758,-0.0917800602624395,0.9955979012701557
0.0876746489305219,0.32168327707435024,0.364786965401441,0.23845836949766763,0.3217734661050126,0.4145903970165346,0.41398028373695434,0.5652976982156429,0.14061042696972215,0.43253054038993055,0.7188070248610383,0.4301616246988817,0.47407358643045977,0.36929546307982486,0.44101243706190035,0.4723503111936172,0.4830515912251039,0.3616310865385715,0.26861001181937066,0.42932684870744997,0.34552463054317806,0.31459288201570057,0.2548292609178162,0.31389768246732014,0.42254499720939054,0.35684040872788947,0.4026111182990282,0.24815575671976825,0.5092200307874248,0.34740685717482317,0.3023725218056776,0.37435192827485053,0.18671563056373142,0.5579681555726136,0.3108669284365406,0.45208968471298067,0.3732530626815571,0.21559966929386504,0.423708878780141,0.3233402514539867,0.4322192812363245,0.370370900380002,0.42332386576693604,0.0537129040599147,0.24823792394194066,0.35425828612807825,0.449537019441815,-0.11812306951261085,0.44375156956691736
0.3257170575670491,0.39761231556679066,0.643089047319764,0.16933513996940144,0.3672792596611202,0.365492815352909,0.6752146157519983,0.2694158954792369,0.17548834099893698,0.3653933412877902,0.4301616246988817,0.9502321974986233,0.39227815666840643,0.4027073447534156,0.3807459425919999,0.44954369112714176,0.4211955511753587,0.29176427102009284,0.295828692062107,0.2907405548807813,0.30304664777643664,0.3156648130161552,0.3180074427726513,0.290493930435615,0.4497326398225683,0.23550682983320456,0.4335215977428422,0.1200120684735695,0.5374155192955942,0.2779892004755846,0.1625852102200327,0.41561582402675756,0.2095856516969634,0.536684639946979,0.04972788976369455,0.47465288064589733,0.30479786770005557,0.15806150591612883,0.3511694900982068,0.33003339719325364,0.4203771533068042,0.31856732054289966,0.33463980824080725,0.046082940076047664,-0.04737389977857701,0.336849048646993,0.38422344703936917,-0.1280240757174487,1.114121753233568
0.18741775921952597,0.3875686146237331,0.635849853392392,0.16808327847404625,0.3282354717064209,0.40561513536402427,0.43022705369858844,0.6030299046292782,0.16154974570350056,0.5017217869112542,0.47407358643045977,0.39227815666840643,0.6828868787685584,0.45499124318276396,0.2650504185606902,0.5649707453463766,0.39587682327054896,0.39257168694643524,0.3156097671552367,0.28306598400366934,0.31430320295160913,0.43498543482005025,0.280591525617944,0.2882995036136491,0.40814379842763343,0.2944936603671969,0.4015795351647343,0.1916720858564336,0.5322176752876084,0.32394173081808586,0.2561957244513985,0.43150698350509736,0.14175669396085064,0.5954702697357813,0.25775412661245006,0.4463877418440123,0.3037928518879286,0.1516904103695782,0.4593501080972735,0.3288335673515717,0.4012400122665087,0.33744036077759254,0.38549371173377345,0.06678691418318303,0.06676674057178995,0.34479710909073047,0.45662167630057177,-0.12521749421289702,0.7090830426443818
0.1558580486682694,0.27780266024939193,0.45693240370409927,0.18577461256866667,0.28443219386022145,0.3187862972258397,0.44776917670627364,0.41655280523459276,0.20715571087634208,0.41585016607808434,0.36929546307982486,0.4027073447534156,0.45499124318276396,0.7159775620200683,0.319462781510275,0.6160388499375066,0.37919842544254695,0.3079030432869815,0.2520197383500547,0.28258241387838096,0.341030614897504,0.42751664839690245,0.29846927143754526,0.32413764103826104,0.3920151450720178,0.38788909299741803,0.37069322570177904,0.21324007834436237,0.4808287476567795,0.28757902745677527,0.22764217453048616,0.5451747812951867,0.15999403355362157,0.5803730193185893,0.28426035430550955,0.4804997050308105,0.27207488423411885,0.17191656496329952,0.3828594477983327,0.3329603504988372,0.413301999631357,0.3695261810975196,0.3378622790740663,0.07969447134446747,0.06157011693948095,0.3442016667992283,0.4475638520297773,-0.13726734979148586,0.745872355682264
0.24220763895668368,0.3499488171392182,0.5262938621222465,0.13312291338049298,0.29323767471047407,0.3127319318037283,0.33114723522561135,0.3065062955484712,0.16870145224172564,0.37705535217031777,0.44101243706190035,0.3807459425919999,0.2650504185606902,0.319462781510275,0.9451237362632792,0.32916787915247003,0.44367914348903764,0.3295624046230398,0.24960136053464801,0.3984983073445492,0.34271268265862476,0.1568349868383147,0.2823479299155356,0.33111145205205395,0.43165705082623196,0.31995373338234895,0.32589746385207086,0.30593015096438353,0.4809238428062137,0.4421763287546473,0.28840750949166816,0.3012848812102798,0.2836254990703436,0.4487300073484561,0.3118420505396018,0.4844851704205908,0.3733195756432919,0.1842125474158905,0.36366402766488104,0.2648226655654339,0.4871623474838974,0.3450248476916122,0.39881646515849256,0.08024497497422434,0.23871971503860454,0.3566506945718801,0.3676577760381977,-0.11988716609828552,0.529041319440143
0.27534574423042046,0.3933232332619403,0.6821436199518637,0.186703996385232,0.34567531204913626,0.353976764551458,0.5414675629056666,0.5133659381713513,0.020773646220089332,0.5260172735005464,0.4723503111936172,0.44954369112714176,0.5649707453463766,0.6160388499375066,0.32916787915247003,1.6101697886303306,0.42037084071302544,0.46110055886231194,0.3180673293231854,0.17621986583611376,0.39637373569510786,0.6677936901803151,0.40015004008838245,0.3224839972296379,0.5634754012739798,0.2883090387716262,0.50967143592148,0.23619069574844662,0.6802767305119559,0.4017850026367671,0.20250258491896903,0.5926568374063521,-0.037718587061079834,0.8323745142567335,0.5114288731786132,0.6436739757802278,0.31813311911275083,0.11541425293371597,0.5922024043884998,0.44606665177268495,0.49068525366132243,0.500417795262502,0.46623999002039873,0.052919187662699936,0.08980510148078982,0.43521306746118543,0.5783654411013538,-0.20102150661031887,0.8457722721669374
0.2147687630973994,0.38153690602178736,0.7335042974171273,0.1402580466060706,0.23992797683940276,0.3921092463679804,0.4219579694427128,0.4672333375985471,0.19362151560155114,0.39993508483592266,0.4830515912251039,0.4211955511753587,0.39587682327054896,0.37919842544254695,0.44367914348903764,0.42037084071302544,0.9332735148688645,0.26689982394480627,0.25560274049769105,0.5125844216615639,0.3863213477050529,0.3051241759549115,0.24230740395224257,0.36204083391962694,0.4179579047663329,0.2247575678645631,0.39681358966250363,0.3891679250340765,0.4478535968219353,0.4591802188121225,0.30502232389750494,0.3551844157761563,0.4212146577970043,0.4419394611609859,0.3134523149095803,0.5259677980540447,0.6057892015087212,0.26156256611574286,0.3474793195847151,0.318531936202974,0.5262145270930184,0.4372137540963893,0.4070384491612603,0.07021632330135673,0.2439586593014273,0.40746442131015304,0.4853887173011649,-0.14663445251015803,0.6719003617834859
0.2417149177800632,0.54750152674417,0.5961846581361183,0.04821804740101588,0.24252284224159398,0.3297597256381732,0.292743541820706,0.4711510098862316,0.14128716694308993,0.5257318437956378,0.3616310865385715,0.29176427102009284,0.39257168694643524,0.3079030432869815,0.3295624046230398,0.46110055886231194,0.26689982394480627,0.9517571513083172,0.2001473089752609,0.2114421953198504,0.2852806804905194,0.3567745272623017,0.5870775840985869,0.2576470834650305,0.4219582834209531,0.23336802062562473,0.26227826977068147,0.12191383988285083,0.6389385636881765,0.3105694656514226,0.3764572067558542,0.30312391953695494,0.09463514704428852,0.6317956792466496,0.18272554662077986,0.47315082562147026,0.321691288264867,0.11251493782010509,0.4566025333672481,0.25531627389343287,0.39682842714486627,0.28310158348743847,0.37340831642384226,0.10233207023057454,0.051325716769012195,0.34907744200662627,0.4897200384706462,-0.12822956696138746,0.6293978239050645
0.14961448684964346,0.26148612924009434,0.4636682722011281,0.06457031763021599,0.5095916927321463,0.46781289338063947,0.1318478096477322,0.39027612066776224,0.07512873492195625,0.25827129204463384,0.26861001181937066,0.295828692062107,0.3156097671552367,0.2520197383500547,0.24960136053464801,0.3180673293231854,0.25560274049769105,0.2001473089752609,0.7139065058641957,0.08842643836910269,0.2438975894195591,0.25733103091142534,0.11535984103349944,0.20332385590570445,0.24702384861469487,0.14322416552257666,0.20378611949384814,0.16449069631933744,0.3090602634871729,0.22726211892269063,0.19512362881869366,0.24672073159256006,0.20716287825965127,0.3360876170041061,0.12372720573216982,0.3554702023378084,0.19964093904071464,0.06556555962664833,0.32667331731232374,0.18464591482949658,0.315370198399934,0.21053472489653202,0.23999169392612774,0.016293882875766927,0.04874547672615615,0.2454313275337321,0.19494062308515103,-0.08301763424761194,0.5622340373448228
0.07462284143818093,0.4132279368905635,0.31710447738422615,0.15589157033807852,0.132924181738329,0.28980315805636503,0.35447508947746653,0.396155555286533,0.1827694004613501,0.4393574949597361,0.42932684870744997,0.2907405548807813,0.28306598400366934,0.28258241387838096,0.3984983073445492,0.17621986583611376,0.5125844216615639,0.2114421953198504,0.08842643836910269,2.035835713394859,0.4084596505284342,0.01854871532561334,-0.11997395603209307,0.3327623890718764,0.29897650190133396,0.5734375716910962,0.5145382622744495,0.3619374751626978,0.4887527357393273,0.6756116530718146,0.5712153571879109,0.29051237433141214,0.20683804578789677,0.5809880838981758,0.43262023137034306,0.2355174201006793,1.1135185641475078,0.8901856768532794,0.5305186163380802,0.5261355069332643,0.7293640151780305,0.620188858969411,0.99288330508082,0.03321058050419117,0.8994707309874296,0.2472513077263986,0.7531362160686382,0.07506979880434667,1.267298691346816
0.16686213563951324,0.35858574471230864,0.49009766087196505,0.13983178857069062,0.247566204645421,0.3317548605617652,0.31340434455729216,0.35749770745905485,0.18324699186828936,0.33889430742502064,0.34552463054317806,0.30304664777643664,0.31430320295160913,0.341030614897504,0.34271268265862476,0.39637373569510786,0.3863213477050529,0.2852806804905194,0.2438975894195591,0.4084596505284342,0.6526058481334432,0.2651818626782761,0.16117581154645386,0.3193329219484288,0.3193398235736766,0.3248741406510537,0.3022203108136995,0.33404977706672273,0.3763908372321896,0.4514651750216736,0.3745560274413686,0.3445929758055536,0.3953654379280145,0.427595418862209,0.27298688968752427,0.5480417462131252,0.47044716116041996,0.24342328463603444,0.38805989197432494,0.382036984009715,0.639126961211083,0.45800693774867024,0.5495431127271954,0.032121385023117635,0.4794587157556351,0.3403063908594787,0.38683770006555573,-0.11834334021662433,0.6342045480821067
0.1842995186910474,0.2988675347514261,0.5041981611914961,0.10941631532104187,0.2765453420626791,0.31621154852632766,0.3837291893720068,0.36287748323473207,0.3053570580760162,0.35477615011827884,0.31459288201570057,0.3156648130161552,0.43498543482005025,0.42751664839690245,0.1568349868383147,0.6677936901803151,0.3051241759549115,0.3567745272623017,0.25733103091142534,0.01854871532561334,0.2651818626782761,0.8920393765592487,0.42393598034198093,0.2590470969273385,0.3605213668621609,0.15667309343267957,0.2943581904914282,0.12167519483487006,0.5249528806867366,0.23032846247287794,0.13519180916373916,0.42441175668474296,0.10315138122208846,0.5348455373469014,0.18025194064392566,0.3918941401385194,0.16528849626350903,0.050855222859589655,0.4052000470763895,0.28105207541901567,0.26085792235262517,0.26589055751165225,0.2814102557221341,0.08156655328479098,-0.03468816994595681,0.3006648086923879,0.400006312830408,-0.13453530892150964,0.5053937180982319
0.2772714214771164,0.2909473800467876,0.5186001829081971,0.11152219547926694,0.1788829411412241,0.2203642014930272,0.31269157757137656,0.27002804934925234,0.13368843021396554,0.33967970011925824,0.2548292609178162,0.3180074427726513,0.280591525617944,0.29846927143754526,0.2823479299155356,0.40015004008838245,0.24230740395224257,0.5870775840985869,0.11535984103349944,-0.11997395603209307,0.16117581154645386,0.42393598034198093,1.5752683469723634,0.41424934465141694,0.5654346889149965,0.007708840969030943,0.21187744282762425,-0.09614557713609696,0.7236625963737684,0.39214348525150966,-0.2577091669553226,0.2829019081874387,0.019296777131773225,0.5972434361320489,-0.11400726358468087,0.6424813068204271,0.07731341844642661,-0.1036045978238727,0.48569658598193916,0.15969093879036603,0.3898955080647335,0.1371612538609913,0.34740072013639245,0.24834028917558051,-0.2852349305973322,0.3601204401530587,0.41572515775862057,-0.17604866432848937,0.61851845793358
0.15424386588525751,0.24430359549337274,0.42442567468585257,0.1873532638053912,0.21557869734838414,0.27632489283045125,0.30935995727010096,0.29650470339898183,0.18611534506096788,0.31159925685712236,0.31389768246732014,0.290493930435615,0.2882995036136491,0.32413764103826104,0.33111145205205395,0.3224839972296379,0.36204083391962694,0.2576470834650305,0.20332385590570445,0.3327623890718764,0.3193329219484288,0.2590470969273385,0.41424934465141694,0.7381465928296712,0.35096213588014696,0.21161415269368009,0.26181796303684746,0.35532290971726366,0.49865505416279193,0.5771185274149035,0.3404635900640468,0.32434015152410284,0.5309528419792301,0.3966386569370084,0.23862026390773458,0.597742187706634,0.3838454423219957,0.16124975716489914,0.30783367586208044,0.21385832052857826,0.4416253156025231,0.3404213223584269,0.37719419312310964,0.14874935073328444,0.1169198996906045,0.40939214251582423,0.3310302846796539,-0.19410639480473812,0.5474306484569101
0.22225924524328153,0.3859750403442555,0.6061927249772994,0.1570297868368572,0.27708154759733133,0.3568710420344583,0.3989604665680132,0.47602457587886404,0.11308170887935043,0.4572261741529331,0.42254499720939054,0.4497326398225683,0.40814379842763343,0.3920151450720178,0.43165705082623196,0.5634754012739798,0.4179579047663329,0.4219582834209531,0.24702384861469487,0.29897650190133396,0.3193398235736766,0.3605213668621609,0.5654346889149965,0.35096213588014696,0.9508889934729615,0.20691218814610998,0.37225434599863605,0.16202130412123594,0.7847239556641237,0.5060388098716955,0.12728056344891706,0.38150011531391054,0.07033365220937746,0.7227140386569624,0.28450057850015986,0.5582293021266241,0.3543551352835452,0.14004098403374138,0.553972053890495,0.32654747067219464,0.4725900695927886,0.34116390006205427,0.5071093527960427,0.11083614963656573,0.06832250660870401,0.4260097652460746,0.530949534585845,-0.17000019549348433,0.8431551753362352
0.00685651276998866,0.14986902408310515,0.18910000371702848,0.2639794560203807,0.2526915323927648,0.27256668794187566,0.2396449143140671,0.36627734432914444,0.15016843129946186,0.3140108449795312,0.35684040872788947,0.23550682983320456,0.2944936603671969,0.38788909299741803,0.31995373338234895,0.2883090387716262,0.2247575678645631,0.23336802062562473,0.14322416552257666,0.5734375716910962,0.3248741406510537,0.15667309343267957,0.007708840969030943,0.21161415269368009,0.20691218814610998,2.002084043610816,0.41536239310201534,0.25747978528681925,-0.05140208740658994,-0.4210118772747897,0.3240383149634607,0.4527992765594873,-0.17275621870827446,0.6423054801405337,0.7140653911225955,-0.0018948686163435045,-0.13521725760867115,0.2723392885771257,0.3291259786930919,0.5261164654832032,0.07029806193789807,0.4095187606796336,0.5360357284371271,0.12506943671874227,0.747603458356011,-0.022899198555166308,0.2573827518690437,0.07199644973128136,-0.017637175728681235
0.22580681321197354,0.43690946966624117,0.6346490511642346,0.1383205685012557,0.21439686395148805,0.30439591130928556,0.42120795601552075,0.41059144872174863,0.13998649032664381,0.42010675923232554,0.4026111182990282,0.4335215977428422,0.4015795351647343,0.37069322570177904,0.32589746385207086,0.50967143592148,0.39681358966250363,0.26227826977068147,0.20378611949384814,0.5145382622744495,0.3022203108136995,0.2943581904914282,0.21187744282762425,0.26181796303684746,0.37225434599863605,0.41536239310201534,0.9999549834391336,0.23555752855368747,0.44667859692546896,0.31376351939758484,0.20583475082063027,0.3866590030029,0.17911550762991477,0.4991278385153172,0.2688113771340611,0.4317637295354518,0.4045765645769064,0.2417812035154972,0.39575746389901606,0.3568823408799135,0.4018805692835944,0.37250105618304924,0.4880956951919464,0.05418231448557416,0.34389032792624813,0.3068186743106107,0.3996505784733454,-0.10940915406401117,0.603720873988957
0.084740572699369,0.19326455350958885,0.30794359446500336,0.16616426266679962,0.1294425134956773,0.17364636782292367,0.16992338511509383,0.19506334843074022,0.14459206497942045,0.19442831952274012,0.24815575671976825,0.1200120684735695,0.1916720858564336,0.21324007834436237,0.30593015096438353,0.23619069574844662,0.3891679250340765,0.12191383988285083,0.16449069631933744,0.3619374751626978,0.33404977706672273,0.12167519483487006,-0.09614557713609696,0.35532290971726366,0.16202130412123594,0.25747978528681925,0.23555752855368747,1.0965257843392116,-0.006478448178760496,0.4333702493312532,0.48368835962284173,0.2010704807100436,0.860047322086205,0.01180933185985961,1.0429252396438093,0.49062644729474797,0.4563221512214464,0.1665481208659111,0.22563000915483197,0.11838765326914669,0.44059839660230565,0.3818329456872015,-0.08873854378345673,0.23150174088314524,0.2977677009856218,0.3460663585331708,0.09666312096179992,-0.14864913013381034,0.1068659921332472
0.24252801222522063,0.725623903910667,0.8136371506712442,0.06421022566875172,0.32297632187879505,0.46690655307424594,0.4873258167420579,0.5971404187925476,0.16440910272420153,0.6452135444635133,0.5092200307874248,0.5374155192955942,0.5322176752876084,0.4808287476567795,0.4809238428062137,0.6802767305119559,0.4478535968219353,0.6389385636881765,0.3090602634871729,0.4887527357393273,0.3763908372321896,0.5249528806867366,0.7236625963737684,0.49865505416279193,0.7847239556641237,-0.05140208740658994,0.44667859692546896,-0.006478448178760496,3.3810986671537475,0.7886272202584518,0.22641800539291698,0.4727081847032079,-0.37209821843493224,1.3283074438712823,0.3851119876665651,0.7675085014936917,-0.06500049136394395,0.04007529474925666,0.7935479649837884,0.48410775997150285,0.5628838276806009,0.34307022570291423,0.10557862966290964,-0.05319582773025123,-0.14429939793364996,0.5782385677747374,1.1804580983286206,-0.2996497679198537,1.5889377877688802
0.21438226441801722,0.40377655595734957,0.6170797766735469,0.09875889556728669,0.08451586311456546,0.2916452312059697,0.34302976403948987,0.4188825136573888,0.18128237246732024,0.42861001360685697,0.34740685717482317,0.2779892004755846,0.32394173081808586,0.28757902745677527,0.4421763287546473,0.4017850026367671,0.4591802188121225,0.3105694656514226,0.22726211892269063,0.6756116530718146,0.4514651750216736,0.23032846247287794,0.39214348525150966,0.5771185274149035,0.5060388098716955,-0.4210118772747897,0.31376351939758484,0.4333702493312532,0.7886272202584518,3.3098112690861448,0.383018554816186,0.23374175044874643,0.41510791114743417,0.07330544307958663,0.48024623720949916,0.7154109709286657,0.5920613832184927,0.33812922425199415,0.6438519213784133,0.4703556133946025,1.1967961976166417,0.410804752190438,2.2988287155668012,0.27924606676279723,0.628113688184656,0.3487221455522633,0.5095739556148172,-0.039328727507113345,1.686017644407462
0.06840416699463168,0.29892709511770216,0.27653173558687577,0.11977984666319301,0.21363984524702173,0.2675705520387203,0.1938341646308589,0.32230408614612893,0.17564956704332785,0.342176057601711,0.3023725218056776,0.1625852102200327,0.2561957244513985,0.22764217453048616,0.28840750949166816,0.20250258491896903,0.30502232389750494,0.3764572067558542,0.19512362881869366,0.5712153571879109,0.3745560274413686,0.13519180916373916,-0.2577091669553226,0.3404635900640468,0.12728056344891706,0.3240383149634607,0.20583475082063027,0.48368835962284173,0.22641800539291698,0.383018554816186,1.4027033680772185,0.22682342151238852,0.5888825539665632,0.358652663681343,0.39799608540161463,0.4436530179166712,0.49982964347971537,0.36308014085797696,0.2763385396925607,0.2099293531861552,0.40954936199212527,0.3943077481515475,0.2539728567537624,0.1010516656349489,0.21784331868266857,0.4100746539251033,0.3557152005028842,-0.14850241592200775,0.39452065291423666
0.1577187617613694,0.28875559372483395,0.4610860235860538,0.1821036094422072,0.291812728972931,0.32289891222338046,0.4286557188016952,0.39480495901292306,0.18873026033947793,0.39562609009603444,0.37435192827485053,0.41561582402675756,0.43150698350509736,0.5451747812951867,0.3012848812102798,0.5926568374063521,0.3551844157761563,0.30312391953695494,0.24672073159256006,0.29051237433141214,0.3445929758055536,0.42441175668474296,0.2829019081874387,0.32434015152410284,0.38150011531391054,0.4527992765594873,0.3866590030029,0.2010704807100436,0.4727081847032079,0.23374175044874643,0.22682342151238852,0.653713880662332,0.13639312312898874,0.6255846202966359,0.29587308327552747,0.46177641072003994,0.20763202718397944,0.18002891045609637,0.38113228039055935,0.34030481707849336,0.3917025532111057,0.37325161870493023,0.32492284970040425,0.07721896986785931,0.07365852599176576,0.3384339062350286,0.4361771406150863,-0.13462659937778135,0.6803113093337881
0.279142111501869,0.28547587941789815,0.4683497905132395,0.061582282551383254,0.16655482582837514,0.21946405700188545,0.22303737802479975,0.0990950151279726,0.3081002271351977,0.08134896718442113,0.18671563056373142,0.2095856516969634,0.14175669396085064,0.15999403355362157,0.2836254990703436,-0.037718587061079834,0.4212146577970043,0.09463514704428852,0.20716287825965127,0.20683804578789677,0.3953654379280145,0.10315138122208846,0.019296777131773225,0.5309528419792301,0.07033365220937746,-0.17275621870827446,0.17911550762991477,0.860047322086205,-0.37209821843493224,0.41510791114743417,0.5888825539665632,0.13639312312898874,2.673699195713276,-0.7198286016596244,-0.8333577732104639,0.6112349367793574,1.155067421487177,0.18933657177952132,-0.3379037959404986,0.12583136294570882,0.48376434492429743,0.4054693493359178,0.10068126109323795,0.14441594326962076,0.09026284962504824,0.660630178168558,-0.06371764965509671,-0.33045558891344073,0.28253480715769763
0.03468310018220255,0.4585001172345193,0.6181941501827206,0.23023534638775997,0.44965595018146026,0.4525718240402619,0.5354656959278954,0.6809726538505768,0.09043641935916344,0.8195383377032169,0.5579681555726136,0.536684639946979,0.5954702697357813,0.5803730193185893,0.4487300073484561,0.8323745142567335,0.4419394611609859,0.6317956792466496,0.3360876170041061,0.5809880838981758,0.427595418862209,0.5348455373469014,0.5972434361320489,0.3966386569370084,0.7227140386569624,0.6423054801405337,0.4991278385153172,0.01180933185985961,1.3283074438712823,0.07330544307958663,0.358652663681343,0.6255846202966359,-0.7198286016596244,2.660035972311272,0.8130189718326795,0.4624877515678057,0.418734950581889,0.1172024854557937,1.1028357075084887,0.5527912160281817,0.555106605860331,0.5017354968302323,1.0056178912918372,0.052728877068096,0.38632831698856507,0.366766466651442,1.2666574499399552,-0.08140556975614284,1.4549859396353848
-0.10181410223984598,0.08251147852969408,0.13993678944653393,0.28454114005113407,0.10581608908979373,0.13188526278576865,0.12424313132460145,0.30958794119631455,-0.011093511263085894,0.3262696655444722,0.3108669284365406,0.04972788976369455,0.25775412661245006,0.28426035430550955,0.3118420505396018,0.5114288731786132,0.3134523149095803,0.18272554662077986,0.12372720573216982,0.43262023137034306,0.27298688968752427,0.18025194064392566,-0.11400726358468087,0.23862026390773458,0.28450057850015986,0.7140653911225955,0.2688113771340611,1.0429252396438093,0.3851119876665651,0.48024623720949916,0.39799608540161463,0.29587308327552747,-0.8333577732104639,0.8130189718326795,3.272757336433122,0.1892511617990263,-0.3614506353918972,0.04236108492712684,0.7743688343239159,0.10717210904034144,0.27887267971720053,0.369082929268312,-0.3291633179810287,0.3205158645536144,0.42961537233601504,-0.0029664810915742464,0.3050180672563501,0.06759513763515085,-0.025801495968729615
0.28993234890185104,0.461326433121835,0.7825437008087229,0.09642209481443807,0.3389867094668879,0.4122006727382489,0.4785031678508364,0.4483973896130103,0.20402218286957932,0.4504791807713761,0.45208968471298067,0.47465288064589733,0.4463877418440123,0.4804997050308105,0.4844851704205908,0.6436739757802278,0.5259677980540447,0.47315082562147026,0.3554702023378084,0.2355174201006793,0.5480417462131252,0.3918941401385194,0.6424813068204271,0.597742187706634,0.5582293021266241,-0.0018948686163435045,0.4317637295354518,0.49062644729474797,0.7675085014936917,0.7154109709286657,0.4436530179166712,0.46177641072003994,0.6112349367793574,0.4624877515678057,0.1892511617990263,2.861392621839052,0.22130050657803843,0.10775958427667452,0.5744098018507329,0.21428468211649349,1.6476158605770108,0.5592804360075765,-0.43408745027687856,-0.14054014627541128,-0.32954450188523127,1.3181229544074322,-0.20107279009220733,-0.9058269903781927,0.4762314076673572
0.24417917783276938,0.6313624373711559,0.6375610341894137,0.014347541935524025,0.23187397687962832,0.33144470374536256,0.3472596377676193,0.38552149722176215,0.21861238731691635,0.4465133928854471,0.3732530626815571,0.30479786770005557,0.3037928518879286,0.27207488423411885,0.3733195756432919,0.31813311911275083,0.6057892015087212,0.321691288264867,0.19964093904071464,1.1135185641475078,0.47044716116041996,0.16528849626350903,0.07731341844642661,0.3838454423219957,0.3543551352835452,-0.13521725760867115,0.4045765645769064,0.4563221512214464,-0.06500049136394395,0.5920613832184927,0.49982964347971537,0.20763202718397944,1.155067421487177,0.418734950581889,-0.3614506353918972,0.22130050657803843,3.306199796276065,0.7410635466353662,0.009452575150440744,0.12346615350618939,0.7041070994617412,0.6879606591781736,0.8673364384068477,-0.03350783899841822,1.1346551548157675,0.5981709312676524,0.9881927289738915,-0.029397688202395116,1.150983056306947
0.07190606430262042,0.20066048391715313,0.1408419332870663,0.10117948312853606,0.0915523392152263,0.1606844093253293,0.1884076878743308,0.19091504109180923,0.12632703325150113,0.20140944772059857,0.21559966929386504,0.15806150591612883,0.1516904103695782,0.17191656496329952,0.1842125474158905,0.11541425293371597,0.26156256611574286,0.11251493782010509,0.06556555962664833,0.8901856768532794,0.24342328463603444,0.050855222859589655,-0.1036045978238727,0.16124975716489914,0.14004098403374138,0.2723392885771257,0.2417812035154972,0.1665481208659111,0.04007529474925666,0.33812922425199415,0.36308014085797696,0.18002891045609637,0.18933657177952132,0.1172024854557937,0.04236108492712684,0.10775958427667452,0.7410635466353662,1.003802397581373,0.07694321221815742,0.2989404691904129,0.3448194068219254,0.34919818512352385,0.5691426230685024,0.053725526623337794,0.6136802822722207,0.14438226063574597,0.41316164734610705,0.031301394993240444,0.38936636020612514
0.12534509715267894,0.36496532468840076,0.5668074530337748,0.12204683945492134,0.3125663610189187,0.3877841168266836,0.336869867999415,0.5669066571563808,0.06330029311433139,0.5812421756340692,0.423708878780141,0.3511694900982068,0.4593501080972735,0.3828594477983327,0.36366402766488104,0.5922024043884998,0.3474793195847151,0.4566025333672481,0.32667331731232374,0.5305186163380802,0.38805989197432494,0.4052000470763895,0.48569658598193916,0.30783367586208044,0.553972053890495,0.3291259786930919,0.39575746389901606,0.22563000915483197,0.7935479649837884,0.6438519213784133,0.2763385396925607,0.38113228039055935,-0.3379037959404986,1.1028357075084887,0.7743688343239159,0.5744098018507329,0.009452575150440744,0.07694321221815742,2.6052163574160017,0.763997006254822,0.6118976929011293,0.2656401503857849,1.0879478868219978,0.11643297111333822,0.47456298715034495,0.18333727440644354,0.6405445880480993,-0.07259800757064923,1.6812050119310376
0.13377668740066861,0.29737803141228736,0.4413472810426261,0.008286056570444423,0.2105616247167169,0.27934461214906775,0.34232940397881984,0.37055139336228693,0.11021175609064443,0.3983609550645462,0.3233402514539867,0.33003339719325364,0.3288335673515717,0.3329603504988372,0.2648226655654339,0.44606665177268495,0.318531936202974,0.25531627389343287,0.18464591482949658,0.5261355069332643,0.382036984009715,0.28105207541901567,0.15969093879036603,0.21385832052857826,0.32654747067219464,0.5261164654832032,0.3568823408799135,0.11838765326914669,0.48410775997150285,0.4703556133946025,0.2099293531861552,0.34030481707849336,0.12583136294570882,0.5527912160281817,0.10717210904034144,0.21428468211649349,0.12346615350618939,0.2989404691904129,0.763997006254822,2.1836804813620625,-0.12122639791435165,0.46022676434069615,1.5630139360910529,-0.1776591141824155,0.6010556079917596,0.17991518706755066,0.6404995986141607,-0.0820990172264134,1.3898132587944048
0.23855779732476973,0.48426476946761965,0.7076418381271504,0.08053502778188956,0.27668162877299013,0.40600204156367004,0.4096078040064863,0.4789442225722028,0.16747019698722368,0.5301811852826256,0.4322192812363245,0.4203771533068042,0.4012400122665087,0.413301999631357,0.4871623474838974,0.49068525366132243,0.5262145270930184,0.39682842714486627,0.315370198399934,0.7293640151780305,0.639126961211083,0.26085792235262517,0.3898955080647335,0.4416253156025231,0.4725900695927886,0.07029806193789807,0.4018805692835944,0.44059839660230565,0.5628838276806009,1.1967961976166417,0.40954936199212527,0.3917025532111057,0.48376434492429743,0.555106605860331,0.27887267971720053,1.6476158605770108,0.7041070994617412,0.3448194068219254,0.6118976929011293,-0.12122639791435165,3.6503599988567537,0.5480089696313664,-0.3046099437098674,0.00046133682414538027,0.3003877073455236,0.8840978015477029,0.5360683540021073,-0.001700444121190796,1.5807827246301054
