0.9163481778607662,0.3395406223663621,0.5221890275242483,-0.09880752571737265,0.1730488413580781,0.17612115864838288,0.22801230253720753,0.12967617231205755,0.15448897486222268,0.16426785288649115,0.13679062617434404,0.16771862611522537,0.08652660586590996,0.17908110050405485,0.17717440620324948,0.1465816089673914,0.14273025722132093,0.16656930472532092,0.18004264745382212,0.0917528411777312,0.17254329997914508,0.2065831131809575,0.1274437858395987,0.1165860926671289,0.2074565844781917,0.15776004958209214,0.21136003714011506,0.17704615752642688,0.06587911970878309,0.08346317268649578,0.1667540544010162,0.15011375791646084,0.202110943831659,-0.06710724811936965,0.13978407440697435,0.07665772798917944,0.08828554462390166,0.184380950908578,0.158126091427953,0.09801800774252459,0.0993225884139479,0.12400643057837454,0.3122492301562408,0.08868853215066161,0.19539661938162836,0.09294615161949835,0.11732355517807469,0.019197573906624903,0.29979251063576334
0.3395406223663621,3.8358347255145975,0.8222556371828166,0.2989007321920389,0.32553554640272553,0.18798293975913022,0.37322954890110716,0.38000314937112323,0.3886481946310638,0.36243921101039633,0.18336895875003684,0.26181879671781527,0.18770102067993094,0.17922809452430508,0.3989536704754673,0.22414268813582316,0.14861972809340412,0.45180084285921956,0.3967234799282209,0.0719605993771484,0.526691850316469,0.3982334968295572,-0.47527163726121674,0.1680835613926526,-0.0765367096831192,0.10468855245232843,0.717344915405786,0.20583138102063742,0.29450995637369937,0.2142565851075282,0.31301258278212246,0.23053860120292824,0.15463880197227764,0.2437775400647761,0.19735811712383758,0.36653149261077,0.6981992296579854,0.5158930273680423,0.11429136962312672,0.19838568509681376,0.42416052188318126,0.4202449171437745,0.8085138983169066,0.20545344543204985,0.7010857902235424,0.1814401172125271,0.2620986992691408,-0.019693542163346293,0.17608450565853734
0.5221890275242483,0.8222556371828166,3.664278555339786,0.3131483983144393,0.3544201442514214,0.8205313836217745,0.26226061928957933,0.8239035644384174,0.48939344883965835,0.7698820183373363,0.5128236153632102,0.5185624538394821,0.31261026676243764,0.4006329673156705,0.5546429045255442,0.3477306126336159,0.6128399792653854,0.5727743250006753,0.746067147230605,0.41440957460761374,0.4972384350620665,0.6058244028929066,0.2292213640320209,0.4408446164797516,0.37072515565549113,0.38142168458600323,0.7644750498729008,0.5403873131724293,0.44824919169886535,0.413648563411608,0.4368380949913194,0.4231800268108555,0.4448432695262489,0.533590117736022,0.5515516902366745,0.21596878395000518,0.7511915083550386,0.6144664084069529,0.5320717322273089,0.35791038083842996,0.3196428424798969,0.5093449193669415,1.029138558530989,0.3014793544761727,0.6940978234329571,0.23044800946859825,0.5889526857774494,0.07746165281088742,0.8282758802888575
-0.09880752571737265,0.2989007321920389,0.3131483983144393,2.0764411088041324,0.3182383598536597,0.25342555262510624,0.41615234483022473,0.2655112820819788,0.21958032032753141,0.2823891363541952,0.17841044694071323,0.3219161836930053,0.1556946272687985,0.4366068764701783,0.2144799751900977,0.34480427535371316,0.2810727444695308,0.19356463062997964,0.26587348831052515,0.20236556045760742,0.292758482787307,0.26969877122191366,0.22914371435786565,0.23491106284931948,0.40773023084116206,0.18661167715861776,0.2370641215067169,0.2080001718874909,0.2702780934259029,0.09443489108193974,0.35184024225365457,0.3459967179128719,0.11317920745118282,0.49512748555048586,0.24635252715893896,0.20442100811064834,0.4721017050742434,0.4702281359795845,0.2106621262796539,0.055637057710745286,0.5519630505116269,0.2770227676080732,0.1900394029131084,0.7701290576332355,0.21508574277476777,-0.05303219739022956,0.12304506082825682,0.13463312149039944,-0.04410649424936222
0.1730488413580781,0.32553554640272553,0.3544201442514214,0.3182383598536597,0.9731234381664948,0.360723504803311,0.18942776389003974,0.25947454883085896,0.18997453621795407,0.1453454469264746,0.1519721789689702,0.20094825920704637,0.11859495338827368,0.22080282237371682,0.20308186743479095,0.23244526632601784,0.1618477302726919,0.19821998837017554,0.4293503254447306,0.1281484375813888,0.20129056848901558,0.24552439720032818,0.08250474100101171,0.15305075895906528,0.10119134898688588,0.18141406831628396,0.1345152419419175,0.14496759990711572,0.2021540434368136,-0.03850127650127379,0.19268773044601264,0.2360551732715714,0.11241444049135073,0.3031518402154494,0.13854608873828855,0.06439442519144949,0.24917324108525019,0.2917466156794849,0.22441733034352296,0.09948375407615806,0.16795997890265776,0.19679707148033873,0.24042000968935506,0.26420683412196094,0.19341182920826877,0.023438941294287835,0.1149373193694713,0.06726178666575952,0.31589012090239915
0.17612115864838288,0.18798293975913022,0.8205313836217745,0.25342555262510624,0.360723504803311,0.7331934445836142,0.13041195046245543,0.3488906316944488,0.2638458174715539,0.22338064280090597,0.21183385797281093,0.22445640670722755,0.1422320747210883,0.2575982882683717,0.2465685808584359,0.20894825977024914,0.24872250097429988,0.258861491520863,0.44810219834714105,0.230443855366101,0.2351310621076763,0.31872985410370186,0.0913525712452946,0.21781337235020956,0.189332199780916,0.2393485655413882,0.24490100022228833,0.2219447825271446,0.24820960625433916,0.15007241463740048,0.21332309350088327,0.2675106676865371,0.15683497727496837,0.3124950094967852,0.2299237131605322,0.05857116244045656,0.31629680946259187,0.32955924353509686,0.3100224879765216,0.17315887189742488,0.09376806375247115,0.18327079358949155,0.42585116832471764,0.23617845125226727,0.3338496376361179,0.07239270107146026,0.2912449268342787,0.04708733664575196,0.5158690802189474
0.22801230253720753,0.37322954890110716,0.26226061928957933,0.41615234483022473,0.18942776389003974,0.13041195046245543,0.5043099880623548,0.09167715664958535,0.16099437641034223,0.15558057917997828,0.16917611727404722,0.2633295728498174,0.10561013308877651,0.14502432835816054,0.14077820044841696,0.1848218825538938,0.17584305879710202,0.13468937103758202,0.1579218445035549,0.1067635169910866,0.19656525212894724,0.20004004046590185,0.14740894932765453,0.12488847095511503,0.21713370018494754,0.08552650537262549,0.19826240680222462,0.1300311191038522,0.1652635178973801,0.016499865563660697,0.2036829440304858,0.1639069471155404,0.12236419853282468,0.20527618470676107,0.11227137116772797,0.14159581428487272,0.2331920187605424,0.23109168384378645,0.1259339063666873,0.06819581934095958,0.215782126551437,0.21551267185907833,0.1745640069521594,0.26019161597378176,0.13620887531322903,0.007933272182861389,0.010890961806782784,0.044092531498169434,0.1299937768658788
0.12967617231205755,0.38000314937112323,0.8239035644384174,0.2655112820819788,0.25947454883085896,0.3488906316944488,0.09167715664958535,0.7907664485879183,0.15473852742704833,0.28773994496750765,0.2091715764162857,0.1306506239353457,0.1478168126999574,0.243359825072794,0.18762597334384198,0.1677725382463399,0.2650882688098303,0.28667950106377227,0.29806400931573845,0.23240662807970297,0.1809947087710118,0.2603215201232224,0.0630853032813439,0.1864091201611597,0.057857648939438476,0.2226064512875429,0.29033995338898977,0.18106056127035278,0.1985342798981604,0.23721984164118418,0.1756597937360197,0.20857607341439174,0.12744219672478496,0.2894844090870062,0.21870327856575833,0.07949892150758912,0.3650459043613648,0.2573531821426002,0.2743330173038975,0.1555423860460557,0.1840326485145582,0.16842357358872015,0.40707492140066875,0.15206417825163046,0.2581811312632949,0.07759544033032341,0.32594375178181384,0.05553132074280659,0.4760083911411548
0.15448897486222268,0.3886481946310638,0.48939344883965835,0.21958032032753141,0.18997453621795407,0.2638458174715539,0.16099437641034223,0.15473852742704833,0.6949734515414588,0.1483143190080493,0.10754010561779138,0.12050938320432969,0.12722275028842603,0.22203559618343854,0.20150710308862987,0.14099513601115868,0.1765041205587241,0.18773369243269708,0.22161759438362857,0.15500888497550766,0.22789843862412268,0.2643627218779074,0.1736774762876986,0.1989732745250329,0.2336145805930203,0.21200986399068614,0.2461765746559727,0.22942395371238283,0.1357360544773902,0.2427999940080532,0.23040048758444076,0.1948954049009533,0.25511778550952413,0.1766034900256944,0.1710073301756092,0.11488890350421581,0.29828817452238127,0.2495509151927397,0.19562254758876124,0.13911298991087057,0.07187093257281592,0.15197167112785603,0.3595432080099225,0.1547395994415994,0.31252347601425956,0.13428305011344566,0.21814501907431877,-0.03883410041874478,-0.005046309326280527
0.16426785288649115,0.36243921101039633,0.7698820183373363,0.2823891363541952,0.1453454469264746,0.22338064280090597,0.15558057917997828,0.28773994496750765,0.1483143190080493,0.6115959562285225,0.10383803030290349,0.1753619805417394,0.13167652291795562,0.1930279166116353,0.24123078178800778,0.16043184171649802,0.24450938423352767,0.3002484230006313,0.18600516613378776,0.16202446852744373,0.18311784902621528,0.23192855909721236,0.17637690662100503,0.1722061645217179,0.18221961407593673,0.1777018239543909,0.25705327511082354,0.20142617756025152,0.22754642433465228,0.16453597169823758,0.19446485911616493,0.17931473075280982,0.11876367257132836,0.3061072890405501,0.2465565896195604,0.11813223198551243,0.3505152496254769,0.23814744174459,0.18378706545837106,0.10433923125778143,0.29842291806456583,0.2216110846475926,0.25751326460268525,0.24002421461849613,0.1473586310231057,0.03804369876735835,0.2404637985567445,0.08411226939333234,0.4314816368706369
0.13679062617434404,0.18336895875003684,0.5128236153632102,0.17841044694071323,0.1519721789689702,0.21183385797281093,0.16917611727404722,0.2091715764162857,0.10754010561779138,0.10383803030290349,0.5064503032683297,0.21752892482608896,0.12021616523298874,0.12349156540336328,0.2461999179791415,0.18618362975146632,0.2520642476943483,0.20282413919015996,0.1493615358131187,0.23726053714202297,0.2193617055664452,0.17526519764409149,0.19129944045063582,0.15892193188453171,0.29824834717186605,0.19384121418626607,0.2531122094031415,0.22954215105618453,0.24048276509378114,0.003786235867000491,0.2129344263610769,0.1647867655267376,0.183777818525877,0.20834289072212706,0.2460166797639609,0.08079007962764936,0.22258909021965248,0.20062323103963017,0.22366800990169838,0.1596212431266879,0.07029499117149485,0.2673602810599747,0.3677692855795758,0.059046134691697845,0.2826489087759317,0.10780950584957112,0.12371165027239449,0.008642398773430556,-0.011328180713398577
0.16771862611522537,0.26181879671781527,0.5185624538394821,0.3219161836930053,0.20094825920704637,0.22445640670722755,0.2633295728498174,0.1306506239353457,0.12050938320432969,0.1753619805417394,0.21752892482608896,0.5469655870900665,0.12056319852120774,0.1721645710401678,0.18771680079676378,0.20956442259554695,0.21371910259382768,0.1142369082313897,0.19466491772496494,0.13149973281545743,0.18555119694117453,0.16000746753899414,0.12765698564253755,0.1356901549729372,0.23830681550962116,0.11303083226287403,0.2603122863051429,0.13582092074533492,0.17344960935921724,-0.01800620818677824,0.19890977730331988,0.20137687977445715,0.13122680287742206,0.1989344946976325,0.13844136618148048,0.11102396463409785,0.18708331231470904,0.224025242822765,0.13540289388605717,0.08605839299019949,0.15608250766317225,0.20246794245135344,0.26383278031838925,0.18896275964115508,0.14277479717702585,0.008493870049668416,0.0665352456826306,0.08545079523933143,0.37147992532378277
0.08652660586590996,0.18770102067993094,0.31261026676243764,0.1556946272687985,0.11859495338827368,0.1422320747210883,0.10561013308877651,0.1478168126999574,0.12722275028842603,0.13167652291795562,0.12021616523298874,0.12056319852120774,0.20862470726845125,0.11149312492008003,0.0881553688111888,0.1228082419078065,0.13100794856207273,0.13977759787952226,0.12134177219903274,0.09253880547318878,0.12708516704686212,0.18401866416728788,0.08958001342359886,0.09808656979247837,0.0884572896976665,0.11772272804931555,0.14661709699227826,0.1181316931533201,0.13174502360625548,0.038341406882617356,0.1171083543127088,0.12452144734890465,0.08572477372140123,0.13952899755409834,0.13666413700568525,0.08479806309890049,0.13451049614380392,0.12395514309881676,0.14780933531952561,0.07183064686375037,0.12122192232908141,0.12186705514101107,0.17485073710345014,0.1285387751143737,0.08568232512967226,0.05402397160911892,0.09860064097684966,0.00039454970050572375,0.18248951026361174
0.17908110050405485,0.17922809452430508,0.4006329673156705,0.4366068764701783,0.22080282237371682,0.2575982882683717,0.14502432835816054,0.243359825072794,0.22203559618343854,0.1930279166116353,0.12349156540336328,0.1721645710401678,0.11149312492008003,0.4677486091556844,0.21252309427859983,0.2819669657062841,0.20485077854806222,0.19792487077119839,0.24402559297056972,0.16853057058488669,0.2052025604604591,0.2495869061556919,0.16813086641847033,0.18910379131270852,0.24578699568483345,0.28309658921719616,0.2125072541405341,0.20835027900898145,0.1677794782712834,0.1000133944836374,0.23267648084784967,0.3115759336605293,0.14895695355306093,0.22393550776580073,0.21569095269090513,0.09282739698387749,0.2385306201742316,0.2701647022656315,0.2109866373541212,0.1022666039807407,0.26862023417951525,0.1577315403756977,0.2993862892887869,0.2793212878375561,0.18630476203697516,0.04232597773744562,0.1989536521688187,0.07062917724239627,0.39407838686052166
0.17717440620324948,0.3989536704754673,0.5546429045255442,0.2144799751900977,0.20308186743479095,0.2465685808584359,0.14077820044841696,0.18762597334384198,0.20150710308862987,0.24123078178800778,0.2461999179791415,0.18771680079676378,0.0881553688111888,0.21252309427859983,0.6032267447781302,0.21549987085527214,0.2609476808466033,0.29644718782356294,0.22177596291505355,0.22636818427996427,0.23691883103863953,0.16310188316924704,0.2877729969957588,0.20256322485054945,0.4118788949875499,0.2815720559736523,0.2594854609154473,0.29963345603590935,0.2518744361038662,0.16828602070309776,0.23224248779805162,0.19148000807029725,0.22838179212957863,0.2535191126523094,0.3071988589297758,0.07170873145051386,0.2843614713511953,0.15956035138947935,0.2721401752488122,0.16868869015068622,0.13966765381865656,0.25572737892341946,0.36157029767413346,0.10690702345522145,0.30024419456251894,0.09493440396711984,0.23314755045252053,0.062148293067154754,0.23216328627503413
0.1465816089673914,0.22414268813582316,0.3477306126336159,0.34480427535371316,0.23244526632601784,0.20894825977024914,0.1848218825538938,0.1677725382463399,0.14099513601115868,0.16043184171649802,0.18618362975146632,0.20956442259554695,0.1228082419078065,0.2819669657062841,0.21549987085527214,0.6987711585772833,0.14515024528934742,0.19404260360373837,0.2584436185285637,0.14808162275132428,0.17577242059142067,0.16695595245309397,0.17601767569921253,0.17463569573153936,0.2459330569762755,0.1662495232270067,0.21009591348041762,0.1903018953496328,0.20574679726681536,0.041192361207131586,0.1847115786380512,0.2713862432803864,0.09783119393207,0.26776230470393886,0.24671427081803235,0.06962901524292375,0.230372729235571,0.17939218930968037,0.2495876677515015,0.0951110682100412,0.24500608776623667,0.11724396342058803,0.27508809404431805,0.28715310416462286,0.1547119420504756,0.014938763296902134,0.1382843838093915,0.07854286994858226,0.2892344083245559
0.14273025722132093,0.14861972809340412,0.6128399792653854,0.2810727444695308,0.1618477302726919,0.24872250097429988,0.17584305879710202,0.2650882688098303,0.1765041205587241,0.24450938423352767,0.2520642476943483,0.21371910259382768,0.13100794856207273,0.20485077854806222,0.2609476808466033,0.14515024528934742,0.7972591519657607,0.19740040520903604,0.24029943777303633,0.33026921957746996,0.33186758153699797,0.22573905138429834,0.2481632109083005,0.1990375218787935,0.5225537976663316,0.10702102975610134,0.3657599788681916,0.4714821399955707,0.26621344202535013,-0.01047224504086053,0.3505984239651169,0.16432397657590092,0.30564033018446984,0.2531384582942636,0.4367118161846147,0.03866293696866762,0.5395759596205011,0.4613288113473339,0.18896970897513513,0.19709061016695203,0.29787827458947064,0.6411688040930104,0.5700880155193683,0.25919674555384226,0.5456160471195546,0.04166999818076614,0.1648723584820109,0.17200674544203653,0.15227068750279257
0.16656930472532092,0.45180084285921956,0.5727743250006753,0.19356463062997964,0.19821998837017554,0.258861491520863,0.13468937103758202,0.28667950106377227,0.18773369243269708,0.3002484230006313,0.20282413919015996,0.1142369082313897,0.13977759787952226,0.19792487077119839,0.29644718782356294,0.19404260360373837,0.19740040520903604,0.8661715311631609,0.2066132788813768,0.10798906633957285,0.23897279695884746,0.32598727414272566,0.2907302707034673,0.18580354149040565,0.21460555411279833,0.47388009141702436,0.11839948335783095,0.24761881645091713,0.2962544338790938,0.023682077852074445,0.1892152443805537,0.19601458437386585,0.16461694573294655,0.3324912770866697,0.2835932766433748,0.07403331684192538,0.336818150742109,0.17174275108073525,0.24760360773894377,0.15950928894598743,0.224983692710507,0.26368404095719755,0.24470930768392343,0.14324785088404962,0.24423543921229718,0.11807605516994016,0.3901777891609202,0.004243761017443504,0.37602446857778177
0.18004264745382212,0.3967234799282209,0.746067147230605,0.26587348831052515,0.4293503254447306,0.44810219834714105,0.1579218445035549,0.29806400931573845,0.22161759438362857,0.18600516613378776,0.1493615358131187,0.19466491772496494,0.12134177219903274,0.24402559297056972,0.22177596291505355,0.2584436185285637,0.24029943777303633,0.2066132788813768,0.8994984947508654,0.08025031278653577,0.2721694320415848,0.31521265730012377,-0.08929939343043417,0.20459786285420953,0.20758844939072543,0.08463946802371011,0.3108352873259892,0.2602418053197533,0.14693348096787187,0.21191277384235968,0.2666301978541452,0.2284664800986198,0.22241925385387198,0.2200459119244687,0.21880515371330117,0.11334113983215163,0.3746964676752307,0.41148486876589696,0.29731041504692146,0.144135241325534,0.2141937475399426,0.2088857504421516,0.5065197751305601,0.2871830379915715,0.3996612992672027,0.09098973579232396,0.22617302964074254,0.06919568547204079,0.32091075516497375
0.0917528411777312,0.0719605993771484,0.41440957460761374,0.20236556045760742,0.1281484375813888,0.230443855366101,0.1067635169910866,0.23240662807970297,0.15500888497550766,0.16202446852744373,0.23726053714202297,0.13149973281545743,0.09253880547318878,0.16853057058488669,0.22636818427996427,0.14808162275132428,0.33026921957746996,0.10798906633957285,0.08025031278653577,1.1519810014415723,0.15709639190756106,-0.07437085967775867,0.19507829108058028,0.20723174725226592,0.2716949715519643,0.2408370310669742,0.05424095472488287,0.28942822620227104,0.4216538218005898,0.30786115002354547,0.15099151082739817,0.16224840964688161,0.12845477483666853,0.3922939858886003,0.39995525247406216,-0.20254690187852178,0.6835335078788687,0.3104650333447419,0.38307293837310896,0.2876523497684282,0.06696557492214676,0.31195262025829923,0.3985308816479523,-0.005152206222535127,0.46664735341273195,-0.019023178941999095,0.2139284949166543,0.3010664244401549,0.64033322125688
0.17254329997914508,0.526691850316469,0.4972384350620665,0.292758482787307,0.20129056848901558,0.2351310621076763,0.19656525212894724,0.1809947087710118,0.22789843862412268,0.18311784902621528,0.2193617055664452,0.18555119694117453,0.12708516704686212,0.2052025604604591,0.23691883103863953,0.17577242059142067,0.33186758153699797,0.23897279695884746,0.2721694320415848,0.15709639190756106,0.5658784195732155,0.31140009071636654,0.15583761190887266,0.16537914591466013,0.3084611772904204,0.1098779138504012,0.3664458489079622,0.29999763286829934,0.2189635927816916,0.0274381812652503,0.3937373323756945,0.20930601952315822,0.2427560367969392,0.16220086222838404,0.2992673164107536,0.18172548754859322,0.3576311436513192,0.4809629260477139,0.28962755997576284,0.2089147269901329,0.37540701938927806,0.5077996358729447,0.6619060287485666,0.36310101284237484,0.6183674771458588,0.07792827991522519,0.16515243097463067,0.10181610404603304,0.15711576984866046
0.2065831131809575,0.3982334968295572,0.6058244028929066,0.26969877122191366,0.24552439720032818,0.31872985410370186,0.20004004046590185,0.2603215201232224,0.2643627218779074,0.23192855909721236,0.17526519764409149,0.16000746753899414,0.18401866416728788,0.2495869061556919,0.16310188316924704,0.16695595245309397,0.22573905138429834,0.32598727414272566,0.31521265730012377,-0.07437085967775867,0.31140009071636654,1.5591717929176414,0.18102533062250778,0.18532425018752632,-0.32906685829999266,0.1864293917264706,0.48594955592109945,0.1720769357744664,0.041956857691505096,0.04654762688130456,0.36416668659700463,0.32618527942423164,0.2535557309196851,0.11074764057169018,0.11026554115928809,0.5640680697589553,0.177816882139328,0.5243334943709766,0.3260351059368286,0.17454755172700723,0.2084506611793937,0.2849162928026303,0.48544259730622674,0.3227485156718092,0.19293643947159228,0.5133145745870494,0.2253761440871622,-0.6110271030586463,0.4548143749008452
0.1274437858395987,-0.47527163726121674,0.2292213640320209,0.22914371435786565,0.08250474100101171,0.0913525712452946,0.14740894932765453,0.0630853032813439,0.1736774762876986,0.17637690662100503,0.19129944045063582,0.12765698564253755,0.08958001342359886,0.16813086641847033,0.2877729969957588,0.17601767569921253,0.2481632109083005,0.2907302707034673,-0.08929939343043417,0.19507829108058028,0.15583761190887266,0.18102533062250778,1.6912405515745075,0.20841326342552977,0.9161586005456794,0.18382353443303145,-0.032967971707703936,0.33259011992936033,0.3946776804024294,0.12963645394884069,0.29622684180168046,0.09608518409004979,0.34734066139409575,0.3382575040283028,0.33833249836116336,0.0004634718754283064,0.28080682150010244,-0.07490357510000802,0.44994921397116827,0.014070324443854108,0.23352507226636576,0.12619409240166782,-0.04129781973851159,0.32714966244831833,-0.24824160126275632,0.06734107217758745,0.2057408737627834,0.13074023550509314,0.33561674870428937
0.1165860926671289,0.1680835613926526,0.4408446164797516,0.23491106284931948,0.15305075895906528,0.21781337235020956,0.12488847095511503,0.1864091201611597,0.1989732745250329,0.1722061645217179,0.15892193188453171,0.1356901549729372,0.09808656979247837,0.18910379131270852,0.20256322485054945,0.17463569573153936,0.1990375218787935,0.18580354149040565,0.20459786285420953,0.20723174725226592,0.16537914591466013,0.18532425018752632,0.20841326342552977,0.41769929771914527,0.23670984898643557,0.08547643690368782,0.1697361562202753,0.3472978225046824,0.10179709210736079,0.5026178708966252,0.12826606700023427,0.2152669718159502,0.4294176150753001,0.19638575875636766,0.306785285882849,-0.03001931130763434,0.43122524575900756,0.2200359816640298,0.17004473050789684,0.12580360435908627,0.040486427117922455,0.04286239186437538,0.30267973330219217,0.15791980570431713,0.2401529170655382,0.03364506875754505,0.3388966169829152,0.0658925808801633,0.3735102185427111
0.2074565844781917,-0.0765367096831192,0.37072515565549113,0.40773023084116206,0.10119134898688588,0.189332199780916,0.21713370018494754,0.057857648939438476,0.2336145805930203,0.18221961407593673,0.29824834717186605,0.23830681550962116,0.0884572896976665,0.24578699568483345,0.4118788949875499,0.2459330569762755,0.5225537976663316,0.21460555411279833,0.20758844939072543,0.2716949715519643,0.3084611772904204,-0.32906685829999266,0.9161586005456794,0.23670984898643557,5.014830090996771,0.333003625513839,0.5285005976156038,0.4010069839495103,0.9680563215868891,-0.23247023162491362,0.7605254701285505,0.21851350148104892,0.2693201619776773,0.6222248715137957,0.5001332719433976,0.34370058289143146,0.1949464905903896,0.34903359117682137,0.3388635715843844,0.06050608553489891,0.3586874879356406,0.4112884298310529,0.4822093038842101,0.4546574287973965,0.32389585069723503,0.1516869665365112,-0.08311875056358778,0.05215230160866038,-1.6856836836083722
0.15776004958209214,0.10468855245232843,0.38142168458600323,0.18661167715861776,0.18141406831628396,0.2393485655413882,0.08552650537262549,0.2226064512875429,0.21200986399068614,0.1777018239543909,0.19384121418626607,0.11303083226287403,0.11772272804931555,0.28309658921719616,0.2815720559736523,0.1662495232270067,0.10702102975610134,0.47388009141702436,0.08463946802371011,0.2408370310669742,0.1098779138504012,0.1864293917264706,0.18382353443303145,0.08547643690368782,0.333003625513839,1.7576251567123997,0.02253968116200336,0.2340089008420611,0.15466557442626006,-0.46431441537179624,0.18814653202292853,0.32128989076373676,0.1359946245799574,0.23042854718367445,0.287498065647604,-0.0021446294562084424,-0.306840985898764,-0.04448236328933105,0.27290435228793897,0.2592154987027217,-0.014363374017440736,0.21127593108194762,0.08503284259862609,-0.13552455406159516,0.21211872069405807,0.040612815934435116,0.033024177011359464,0.007479218646793177,0.6025468059285771
0.21136003714011506,0.717344915405786,0.7644750498729008,0.2370641215067169,0.1345152419419175,0.24490100022228833,0.19826240680222462,0.29033995338898977,0.2461765746559727,0.25705327511082354,0.2531122094031415,0.2603122863051429,0.14661709699227826,0.2125072541405341,0.2594854609154473,0.21009591348041762,0.3657599788681916,0.11839948335783095,0.3108352873259892,0.05424095472488287,0.3664458489079622,0.48594955592109945,-0.032967971707703936,0.1697361562202753,0.5285005976156038,0.02253968116200336,2.038309709919174,0.3728397126291716,0.02414332277405085,-0.16532588309698298,0.5991658785126879,0.2739797715470988,0.28634654718480895,0.1818745614664897,0.4148108105528966,0.6661246707403625,0.3012922344046424,0.5409186197236742,0.19334281160482475,0.24345924971093794,0.4768842544915426,0.5522028532674707,1.682193093985332,-0.030320791499350207,0.5918546648445053,0.3945132625994881,0.044533018357719806,-0.0771908219047037,-0.028981567442426078
0.17704615752642688,0.20583138102063742,0.5403873131724293,0.2080001718874909,0.14496759990711572,0.2219447825271446,0.1300311191038522,0.18106056127035278,0.22942395371238283,0.20142617756025152,0.22954215105618453,0.13582092074533492,0.1181316931533201,0.20835027900898145,0.29963345603590935,0.1903018953496328,0.4714821399955707,0.24761881645091713,0.2602418053197533,0.28942822620227104,0.29999763286829934,0.1720769357744664,0.33259011992936033,0.3472978225046824,0.4010069839495103,0.2340089008420611,0.3728397126291716,1.4434792185928447,-0.10063888338359675,0.30034505797671884,0.3973199585235226,0.1297308183196843,0.8274855422738729,-0.03437204167261166,1.0923822047111225,-0.2578772160407995,0.6178272213350564,0.2805507834543478,0.31411343730950797,0.2468638456491856,0.11440248557523454,0.30214094663280744,0.6403617456704778,0.22941161351212694,0.676087603093033,-0.04231146027352408,0.32194298702754365,0.25395816671219656,0.5443102812527897
0.06587911970878309,0.29450995637369937,0.44824919169886535,0.2702780934259029,0.2021540434368136,0.24820960625433916,0.1652635178973801,0.1985342798981604,0.1357360544773902,0.22754642433465228,0.24048276509378114,0.17344960935921724,0.13174502360625548,0.1677794782712834,0.2518744361038662,0.20574679726681536,0.26621344202535013,0.2962544338790938,0.14693348096787187,0.4216538218005898,0.2189635927816916,0.041956857691505096,0.3946776804024294,0.10179709210736079,0.9680563215868891,0.15466557442626006,0.02414332277405085,-0.10063888338359675,2.0761910095083738,-0.3170759274469749,-0.082922632555159,0.220923964787112,-0.33958371084208616,0.9210911927566096,0.13554290529519458,0.3886531389288388,0.17406923666629823,0.008345430694784531,0.2521082379835599,0.13414614447163084,0.45382823139057504,0.4271449650573127,-0.1668669183170855,0.0730788498638175,-0.22485356182618538,-0.012567580909295776,-0.028739012331419574,0.0537448266803703,0.2587722014763406
0.08346317268649578,0.2142565851075282,0.413648563411608,0.09443489108193974,-0.03850127650127379,0.15007241463740048,0.016499865563660697,0.23721984164118418,0.2427999940080532,0.16453597169823758,0.003786235867000491,-0.01800620818677824,0.038341406882617356,0.1000133944836374,0.16828602070309776,0.041192361207131586,-0.01047224504086053,0.023682077852074445,0.21191277384235968,0.30786115002354547,0.0274381812652503,0.04654762688130456,0.12963645394884069,0.5026178708966252,-0.23247023162491362,-0.46431441537179624,-0.16532588309698298,0.30034505797671884,-0.3170759274469749,3.5907529017078463,0.02354448085658123,-0.06617357982053618,0.3732541403994219,-0.11094167270067061,0.29815422749290654,-0.11844734613114558,1.3999094231425155,0.3431540242384003,0.24204781121906746,0.15708418436823926,0.0546505694489284,-0.8406351175218303,0.60278619264596,0.29513943627653333,0.5655516536555671,0.07340626212395875,1.4896149812843023,0.12494367106917927,0.8335364999350725
0.1667540544010162,0.31301258278212246,0.4368380949913194,0.35184024225365457,0.19268773044601264,0.21332309350088327,0.2036829440304858,0.1756597937360197,0.23040048758444076,0.19446485911616493,0.2129344263610769,0.19890977730331988,0.1171083543127088,0.23267648084784967,0.23224248779805162,0.1847115786380512,0.3505984239651169,0.1892152443805537,0.2666301978541452,0.15099151082739817,0.3937373323756945,0.36416668659700463,0.29622684180168046,0.12826606700023427,0.7605254701285505,0.18814653202292853,0.5991658785126879,0.3973199585235226,-0.082922632555159,0.02354448085658123,1.6349437090028285,0.22871492032537827,0.2699608825823224,0.3141780028342474,0.4326444180639199,0.7467362993488164,0.5107179432402006,0.49741960605450863,0.29123230362703406,0.07009786481169382,0.6690373433607317,0.34907216215555725,0.15252355120179117,0.5846740303201706,0.20356448270959462,0.11042906303756443,0.08958205773881835,-0.023223634218770564,-0.1641113334162061
0.15011375791646084,0.23053860120292824,0.4231800268108555,0.3459967179128719,0.2360551732715714,0.2675106676865371,0.1639069471155404,0.20857607341439174,0.1948954049009533,0.17931473075280982,0.1647867655267376,0.20137687977445715,0.12452144734890465,0.3115759336605293,0.19148000807029725,0.2713862432803864,0.16432397657590092,0.19601458437386585,0.2284664800986198,0.16224840964688161,0.20930601952315822,0.32618527942423164,0.09608518409004979,0.2152669718159502,0.21851350148104892,0.32128989076373676,0.2739797715470988,0.1297308183196843,0.220923964787112,-0.06617357982053618,0.22871492032537827,0.6257060592479545,0.06485012622674709,0.2849393452505124,0.13102989342601967,0.13889619687524987,0.020287046201796343,0.3003521271974095,0.24581360166598384,0.1143766452563483,0.20983180640625498,0.14582940673222625,0.3269937897113372,0.22172448551881566,0.11405099897348012,0.06785452890093464,0.10340575067219131,-0.013266586732527846,0.3306593873689838
0.202110943831659,0.15463880197227764,0.4448432695262489,0.11317920745118282,0.11241444049135073,0.15683497727496837,0.12236419853282468,0.12744219672478496,0.25511778550952413,0.11876367257132836,0.183777818525877,0.13122680287742206,0.08572477372140123,0.14895695355306093,0.22838179212957863,0.09783119393207,0.30564033018446984,0.16461694573294655,0.22241925385387198,0.12845477483666853,0.2427560367969392,0.2535557309196851,0.34734066139409575,0.4294176150753001,0.2693201619776773,0.1359946245799574,0.28634654718480895,0.8274855422738729,-0.33958371084208616,0.3732541403994219,0.2699608825823224,0.06485012622674709,1.7498953943543072,-0.44591414065072765,0.01911732520212045,-0.330415542347148,0.40660909367725867,0.2706192712919415,0.02720448826329544,0.12238524314184689,-0.6394615072504544,-0.01255319537747311,0.5864533279148888,-0.06507697956783481,0.5573812158923076,0.08331892109866504,0.3291239119477264,0.032269918504898014,0.15697464853733206
-0.06710724811936965,0.2437775400647761,0.533590117736022,0.49512748555048586,0.3031518402154494,0.3124950094967852,0.20527618470676107,0.2894844090870062,0.1766034900256944,0.3061072890405501,0.20834289072212706,0.1989344946976325,0.13952899755409834,0.22393550776580073,0.2535191126523094,0.26776230470393886,0.2531384582942636,0.3324912770866697,0.2200459119244687,0.3922939858886003,0.16220086222838404,0.11074764057169018,0.3382575040283028,0.19638575875636766,0.6222248715137957,0.23042854718367445,0.1818745614664897,-0.03437204167261166,0.9210911927566096,-0.11094167270067061,0.3141780028342474,0.2849393452505124,-0.44591414065072765,2.0008067084137986,0.34612681728467143,0.299432881882706,1.0467858827700345,0.15631422264285913,0.22364284827023867,0.048513312105571624,0.7002846569592598,0.46246071483429135,-0.2695758463874632,0.49322559290787654,-0.2273323958521151,-0.22663415274478127,0.12727238200122792,0.14906134337006485,0.21318889289604975
0.13978407440697435,0.19735811712383758,0.5515516902366745,0.24635252715893896,0.13854608873828855,0.2299237131605322,0.11227137116772797,0.21870327856575833,0.1710073301756092,0.2465565896195604,0.2460166797639609,0.13844136618148048,0.13666413700568525,0.21569095269090513,0.3071988589297758,0.24671427081803235,0.4367118161846147,0.2835932766433748,0.21880515371330117,0.39995525247406216,0.2992673164107536,0.11026554115928809,0.33833249836116336,0.306785285882849,0.5001332719433976,0.287498065647604,0.4148108105528966,1.0923822047111225,0.13554290529519458,0.29815422749290654,0.4326444180639199,0.13102989342601967,0.01911732520212045,0.34612681728467143,2.864914541355393,-0.4468174055937395,0.5562498519790815,0.23424043966944455,0.5781918375110959,0.477617126052701,0.40839519210782615,0.5274191448239712,0.7535930729523082,0.43143360445524787,0.8776880287984927,-0.06768319473903174,0.36301119685643474,0.39461323913455065,0.9857690638208406
0.07665772798917944,0.36653149261077,0.21596878395000518,0.20442100811064834,0.06439442519144949,0.05857116244045656,0.14159581428487272,0.07949892150758912,0.11488890350421581,0.11813223198551243,0.08079007962764936,0.11102396463409785,0.08479806309890049,0.09282739698387749,0.07170873145051386,0.06962901524292375,0.03866293696866762,0.07403331684192538,0.11334113983215163,-0.20254690187852178,0.18172548754859322,0.5640680697589553,0.0004634718754283064,-0.03001931130763434,0.34370058289143146,-0.0021446294562084424,0.6661246707403625,-0.2578772160407995,0.3886531389288388,-0.11844734613114558,0.7467362993488164,0.13889619687524987,-0.330415542347148,0.299432881882706,-0.4468174055937395,2.7393146494935516,-0.29193285109812384,-0.04626678692287193,0.01782719381429238,-0.052317381565959505,1.3418393283703005,0.013138964703942248,-1.1256167396235233,0.26902273274659544,-1.1588783752038208,0.5321327829847348,-0.18409855811712808,-0.6602421134944758,-0.7119940261575353
0.08828554462390166,0.6981992296579854,0.7511915083550386,0.4721017050742434,0.24917324108525019,0.31629680946259187,0.2331920187605424,0.3650459043613648,0.29828817452238127,0.3505152496254769,0.22258909021965248,0.18708331231470904,0.13451049614380392,0.2385306201742316,0.2843614713511953,0.230372729235571,0.5395759596205011,0.336818150742109,0.3746964676752307,0.6835335078788687,0.3576311436513192,0.177816882139328,0.28080682150010244,0.43122524575900756,0.1949464905903896,-0.306840985898764,0.3012922344046424,0.6178272213350564,0.17406923666629823,1.3999094231425155,0.5107179432402006,0.020287046201796343,0.40660909367725867,1.0467858827700345,0.5562498519790815,-0.29193285109812384,4.178185228793929,1.0433225168449018,-0.2895352451774285,-0.1575085157353817,0.8850517585728411,0.4858026513109518,0.8285949941246886,0.7898131106375511,1.3108761652422662,0.046071557923524444,0.8271801231772539,0.5105284294547642,0.4564826185630135
0.184380950908578,0.5158930273680423,0.6144664084069529,0.4702281359795845,0.2917466156794849,0.32955924353509686,0.23109168384378645,0.2573531821426002,0.2495509151927397,0.23814744174459,0.20062323103963017,0.224025242822765,0.12395514309881676,0.2701647022656315,0.15956035138947935,0.17939218930968037,0.4613288113473339,0.17174275108073525,0.41148486876589696,0.3104650333447419,0.4809629260477139,0.5243334943709766,-0.07490357510000802,0.2200359816640298,0.34903359117682137,-0.04448236328933105,0.5409186197236742,0.2805507834543478,0.008345430694784531,0.3431540242384003,0.49741960605450863,0.3003521271974095,0.2706192712919415,0.15631422264285913,0.23424043966944455,-0.04626678692287193,1.0433225168449018,2.238531412356526,0.04919405586805866,0.2266426039222378,0.5386733230947435,0.7345602713361259,1.6200138559960688,1.0839398893831627,1.179939522093819,0.1489830812526627,0.27217695621537985,0.37611298218304795,-0.08423321606282677
0.158126091427953,0.11429136962312672,0.5320717322273089,0.2106621262796539,0.22441733034352296,0.3100224879765216,0.1259339063666873,0.2743330173038975,0.19562254758876124,0.18378706545837106,0.22366800990169838,0.13540289388605717,0.14780933531952561,0.2109866373541212,0.2721401752488122,0.2495876677515015,0.18896970897513513,0.24760360773894377,0.29731041504692146,0.38307293837310896,0.28962755997576284,0.3260351059368286,0.44994921397116827,0.17004473050789684,0.3388635715843844,0.27290435228793897,0.19334281160482475,0.31411343730950797,0.2521082379835599,0.24204781121906746,0.29123230362703406,0.24581360166598384,0.02720448826329544,0.22364284827023867,0.5781918375110959,0.01782719381429238,-0.2895352451774285,0.04919405586805866,2.0624915719710244,0.5914526402885008,-0.0960427343165334,0.10713442843178736,0.4546350799211694,0.23226510010070325,0.559350594814617,0.05947837528901486,0.28620285734910383,-0.040995828522266235,0.8364011967685592
0.09801800774252459,0.19838568509681376,0.35791038083842996,0.055637057710745286,0.09948375407615806,0.17315887189742488,0.06819581934095958,0.1555423860460557,0.13911298991087057,0.10433923125778143,0.1596212431266879,0.08605839299019949,0.07183064686375037,0.1022666039807407,0.16868869015068622,0.0951110682100412,0.19709061016695203,0.15950928894598743,0.144135241325534,0.2876523497684282,0.2089147269901329,0.17454755172700723,0.014070324443854108,0.12580360435908627,0.06050608553489891,0.2592154987027217,0.24345924971093794,0.2468638456491856,0.13414614447163084,0.15708418436823926,0.07009786481169382,0.1143766452563483,0.12238524314184689,0.048513312105571624,0.477617126052701,-0.052317381565959505,-0.1575085157353817,0.2266426039222378,0.5914526402885008,1.5722355235678018,-0.49959315405516874,0.6160864087969203,0.33021198583774913,-0.33021330586442016,1.1405147334911754,0.096143708965385,0.222675522652634,-0.045482359601627116,0.07504904311373425
0.0993225884139479,0.42416052188318126,0.3196428424798969,0.5519630505116269,0.16795997890265776,0.09376806375247115,0.215782126551437,0.1840326485145582,0.07187093257281592,0.29842291806456583,0.07029499117149485,0.15608250766317225,0.12122192232908141,0.26862023417951525,0.13966765381865656,0.24500608776623667,0.29787827458947064,0.224983692710507,0.2141937475399426,0.06696557492214676,0.37540701938927806,0.2084506611793937,0.23352507226636576,0.040486427117922455,0.3586874879356406,-0.014363374017440736,0.4768842544915426,0.11440248557523454,0.45382823139057504,0.0546505694489284,0.6690373433607317,0.20983180640625498,-0.6394615072504544,0.7002846569592598,0.40839519210782615,1.3418393283703005,0.8850517585728411,0.5386733230947435,-0.0960427343165334,-0.49959315405516874,4.672838905311696,0.577318127557757,-0.6997828960435195,1.940450244760697,-1.70118692210388,-0.3287842618910973,0.1957189994032774,1.049409770886878,1.6952854419291974
