0.6660930151724325,0.12453222866477662,0.0874566229421767,0.0766590402583782,0.14063985522482667,0.09801843233627955,0.1892898282290282,0.04988064767052917,0.03265054285081692,0.058949508681543084,0.0648839433823336,0.09165456943516215,0.06271729304380552,0.09022665559738118,0.061776228372842454,0.11151050263438274,0.031761316987846504,0.08513030760316216,-0.014222511556352591,0.024271940384823987,0.048561839654126505,0.07883877092147386,0.031168383674610105,-0.027409150232255933,0.06904736845464524,0.05368296445752231,0.0821635268389902,0.016307328289130722,0.09277781163990856,0.07557679197197166,0.03357653410640699,0.07745828978785332,-0.006673339525944387,-0.13012325168328237,0.08558779011841178,0.011580527017864996,0.010101803336188615,0.03655110988937891,0.0069552649942142015,0.040502118580852155,0.07481410262897528,0.04363518527904889,0.016670266574260625,0.003454588691230074,0.12139542079473346,0.051995318526558365,0.06746702175047521,-0.011473509731590403,0.07224109126266874,-0.064137527546023,-0.009638063067767719,-0.05431590412381346,0.03530793571855948,0.04292831852926158,0.020681789598468805,-0.0057179477697690455,-0.03674803134896005,-0.00863584041564748,0.0181286961864198
0.12453222866477662,2.7162385474767485,0.31743836169905365,0.05745051306413928,0.19546994743865037,0.2960795778801767,0.2056912178294929,0.13636787177012144,0.3052411974312415,0.07522405580100827,0.15326047884345273,0.21404540424916532,0.13048574663339135,0.08888053834950593,0.20230096092480332,0.19837183946690412,0.12357323450214434,0.3001732886317744,-0.4107555889279844,0.1554567277185115,0.1805081302441363,0.2009104234957033,-0.1308645544849902,-0.18044032498777832,0.11487785754786416,0.2586772497647792,0.35225819600059655,0.06228140598779223,0.20986144463889508,-0.156505012604588,0.144818420449327,0.14118216496577005,-0.10081907870133285,0.12335259004257479,0.10149630683948897,0.1610486938808484,0.09312101635955711,0.10547475585278192,-0.2050953811068974,0.12416975216148236,0.16149120308583362,0.1698162642253467,0.35658179410149726,-0.018117229447363135,0.2631767778383991,0.22258103965653028,0.12634758224048537,-0.05071050599948628,-0.08562045269983769,-0.7115295998434416,0.5725966938894304,0.2860473684461882,-0.026482600883750197,-0.037483437696141805,-0.1485327904698109,0.06021701907222634,-0.05266795130154682,0.5990716374390398,-0.48930223468042744
0.0874566229421767,0.31743836169905365,2.5357862857783187,-0.04456188466515636,-0.2056260800254402,0.34345808277773493,0.12263905245759445,0.24615813136903247,0.3793671074310105,0.12467223088632487,0.13327085453411872,0.14712544091362598,0.12496005646325818,0.10356815896135703,0.285591870040883,0.19125570445682133,0.33707171947369485,0.27407235297665894,-0.01733501901545312,0.25229219353453036,0.22093757186782195,0.28798625830828434,0.21817927086494815,0.15376023017053256,0.18656360482801565,0.22938211255518234,0.2092182936606887,0.24353459543335473,0.21396982252356195,-0.6679865357013145,0.1987582508258416,0.12755229905084484,0.319422525175819,0.2810656405187779,-0.02345488226205145,0.19284608115487248,0.478178673788307,0.1244831934138793,0.032066354318833805,-0.3805364205223451,0.08224300890262114,0.23512238891490223,0.2692578982661867,0.04192781545328844,0.0994100270884869,0.3407657354949996,0.28842452456429435,-0.05879047964291289,-0.2714632907211455,0.21734005526511863,-0.1153810536372298,0.12021188662030224,-0.09942110408803272,-0.10259805156521894,-0.015887424328451045,-0.10232018758869103,0.09331944318296868,0.2240751472909117,-0.3204932452368834
0.0766590402583782,0.05745051306413928,-0.04456188466515636,0.7856031527750084,0.5236154962386242,0.39937397741208336,0.33723462114981606,0.10766865255881537,0.19617579085685388,0.12163796520003338,0.1910613931591438,0.22809857649172832,0.17078999589549815,0.18501813995362087,0.19157025010830986,0.24596970450760863,0.1172655242500928,0.20793100569524994,-0.1274917155277202,0.1843435153950383,0.15047360277042385,0.20145291248880337,0.30150486875790444,0.22714920053651705,0.18752691394739815,0.22136082473880037,0.16298727296835844,0.12122249611173985,0.26448443675932515,-0.007680876527635732,0.13208198467764837,0.17602159023788244,-0.007896627048510409,0.33399577924111673,0.22802881163052666,0.09201122906016948,0.1715429180965467,0.11548071937419464,0.19387395523939285,0.0992261887741796,0.08817946155299605,0.15609916760094833,0.27512317602948216,0.018066622832433654,-0.004164879660888821,0.10930858977042662,0.23050428112134952,-0.02023892101373325,0.24713140111341425,0.003471226003382413,-0.21586304124659023,0.1259902664198057,-0.003477075725017027,0.02879975906048021,0.15310079871318852,0.12568488399685473,-0.2931945647538708,-0.2683709867893107,0.33139130365987085
0.14063985522482667,0.19546994743865037,-0.2056260800254402,0.5236154962386242,1.016990963210881,0.402134704957181,0.2963937322512107,0.2071407537836749,0.20067969872986116,0.1579110000169461,0.21985394206442407,0.24453110855497015,0.2003983300425833,0.18508537096948627,0.18330974017137838,0.26831014749891285,0.08611952698968754,0.23238850235978906,-0.11385534622756012,0.1847193283983377,0.15770106201062054,0.2065200238303641,0.280619783740918,0.18978741743681185,0.18954531651650322,0.25493205412382075,0.20182996236367176,0.0546071022951473,0.2502146381594178,-0.014310276560267843,0.12827574398759287,0.16771240630153914,-0.045405727644705435,0.41667845803982817,0.2441191259064095,0.1088193091315927,0.132620492255913,0.11440430479633365,0.17704329907783692,0.1797685269305188,0.09575545554151406,0.16647461305775935,0.26106426663143184,0.014317113074185041,-0.031476426781887515,0.12163472555189347,0.24806205906334092,-0.02042830668877393,0.29263426125099573,-0.2025580681215869,-0.08979336794032834,0.10764427037067266,0.16720051004691436,0.0424296132512797,0.04052078774623183,0.08553385558429763,-0.28487738742995583,-0.22328603796850208,0.4336552851681852
0.09801843233627955,0.2960795778801767,0.34345808277773493,0.39937397741208336,0.402134704957181,1.0118392906399718,0.24690406490565123,0.14034867491473887,0.18129038161318564,0.10919785529207324,0.2689064239855227,0.3157927125024136,0.18972804663805357,0.23381619470366422,0.2944154303327877,0.29424467499594736,0.20045224873053716,0.20134417337192428,0.09357773841893158,0.3204906664659745,0.22410264654364082,0.253792910119362,0.13512506351564943,0.14912127342278855,0.21612940711964201,0.43053004180653776,0.29102681374364403,0.22582651113068453,0.5024091841134547,-0.2419776252870461,0.17676587957387696,0.2671749391703133,-0.028530977832851072,0.4360788102678661,0.25328819817046816,-0.00016672426354593042,0.3537001746242543,0.1887112764610903,0.3895768167680403,0.0944610481813562,0.0292165833496386,0.22811055926306906,0.399602446778011,-0.003390425040133965,0.06863910838484454,0.07431641684665945,0.39464160730657855,-0.014548438344750088,0.4914196641776109,0.5183506093219168,-0.7073818739399054,0.13976972243450858,-0.3750431874922105,0.08838170384716716,0.05201234333506806,0.05032146856348778,-0.23688778554842108,0.14575522768739257,0.04347270567035002
0.1892898282290282,0.2056912178294929,0.12263905245759445,0.33723462114981606,0.2963937322512107,0.24690406490565123,0.8502821024608771,-0.10555426627750863,0.20864950730727932,0.06761790492182942,0.1334394218803758,0.25076690430103354,0.144024442160716,0.08430457195773526,0.11526010391843021,0.22708204329724138,0.061203651555949125,0.1972648676395618,-0.21504183302613675,0.05624887474920512,0.10360429389506488,0.19200331073876473,0.2866184681071715,0.14592595623947907,0.15227007096266515,0.1230711296707175,0.16273339895244493,0.06623505876819295,0.2146349740609894,-0.015577768901073756,0.08284994599107726,0.09505094529129716,-0.003101839903450819,0.3034329477087484,0.1936059190934797,0.1378983269687472,0.11134942801914782,0.04985878089601242,0.040012159169550775,0.00815551244892855,0.025168284848022335,0.10811796986799295,0.19136975455225191,0.016831502843954006,-0.0524369865579529,0.06446431376065108,-0.06219345208478391,-0.04294165324733175,0.06454958325423348,-0.23533165921111557,-0.2050021736097491,0.12389301533330402,0.10875760684099557,0.05476586867604793,0.23078474453445713,0.040025624953076044,-0.12855950872464478,-0.17253743163651816,0.03361760687781595
0.04988064767052917,0.13636787177012144,0.24615813136903247,0.10766865255881537,0.2071407537836749,0.14034867491473887,-0.10555426627750863,1.0225578451883404,0.11026196404470238,0.32025734815566614,0.3192466851990732,0.13163793053686706,0.26694312872476267,0.19323950198590834,0.1573510521042465,0.1773065257288747,0.2631947150106496,0.29256403818520604,0.11073410629768175,0.25802782962510573,0.18347920349222668,0.1745550473148183,0.2462933954471139,0.12272016470056055,0.1963721549949453,0.3075727997855008,0.18494071434883347,0.15758500728833147,0.16872957422653814,-0.14195245322800998,0.123656017692409,0.15344947699043504,0.23372899100713676,0.2940254198059758,0.09702228977657786,0.0019196095124994752,0.345056780845759,0.171970480796288,0.23523269593058563,0.0837565139023757,0.14393407643564535,0.18959746567778143,0.30359242694866784,-0.002601279644346332,0.0607825241878187,0.21575072587649566,0.5372029542776451,0.027281179134304452,0.32186173088038117,0.16247435392035003,-0.016777710202351383,0.10530101043528997,0.026960896220067896,-0.12125701036456651,-0.09681395677989763,-0.1254379066871413,-0.042376944242102366,0.48792731177518983,-0.2584165135518084
0.03265054285081692,0.3052411974312415,0.3793671074310105,0.19617579085685388,0.20067969872986116,0.18129038161318564,0.20864950730727932,0.11026196404470238,0.770533367416968,0.161581345419651,0.10514699552285449,0.1169841155870465,0.14958853135037267,0.16886833517022212,0.2098601366875104,0.14343178908205143,0.1595960456074822,0.26267258784496855,-0.4017617313289038,0.16287283239392678,0.15143617728124886,0.3746687317178623,0.4394226287268075,0.31287409127603516,0.15870116671718798,0.2332407818342873,0.1280856291514417,0.1514611589543276,0.09522338165265981,0.00017937472984823333,0.14603899962811723,0.14790468865472822,0.13822718297600675,0.13360851054311945,0.19297482920465164,0.14093840179328473,0.1242730002459431,0.11200080847700636,-0.030387519697397756,-0.006560798320306234,0.12048895540251693,0.15653079287757243,0.22864302132563805,0.017496064533042054,0.023356120329892458,0.25119093893033845,0.28891127417384077,-0.038236614842688504,0.2593688460444539,-0.43858297431256205,0.13638875608705037,0.09734936610810092,0.2534757541055975,-0.14885320213749167,0.07037614565882643,0.13501556342249008,-0.17519256281970771,-0.43536704422747685,0.40678220107074337
0.058949508681543084,0.07522405580100827,0.12467223088632487,0.12163796520003338,0.1579110000169461,0.10919785529207324,0.06761790492182942,0.32025734815566614,0.161581345419651,0.7058993820740879,0.21353765762645519,0.1075125355939714,0.1569215941929899,0.09519602260196072,0.1626646501788431,0.12133442637728734,0.19801201250257192,0.2504626217315636,0.04576030838787299,0.09101037303022642,0.12442775260939226,0.16576705267152242,0.3045003589347829,0.17107082355902722,0.1627169961106434,0.16013490353569484,0.24953944935043654,0.18768148090287262,0.14785398993603927,-0.0818675000035908,0.13961871319694205,0.08853562470591064,0.18452333440694424,0.3560429216788459,0.19984456301868989,0.100113539128401,0.29949253353006616,0.0719503299598069,0.2842569673153675,0.15322149090842818,0.18650059213346915,0.13448499554753593,0.02395307509382669,0.009811573574940087,-0.07354833753842795,0.2025941104279068,0.43504171504450034,-0.009932302658447472,0.2515431160550178,0.16033972150169537,-0.09577299021643058,0.015139608264901598,0.04845438803943759,-0.019996890349712707,-0.02569759090135096,-0.007359226794340141,0.13241709762526674,-0.42371147316978613,0.3195998644469817
0.0648839433823336,0.15326047884345273,0.13327085453411872,0.1910613931591438,0.21985394206442407,0.2689064239855227,0.1334394218803758,0.3192466851990732,0.10514699552285449,0.21353765762645519,0.4933064575609177,0.29428447215727893,0.22732651116062078,0.13799001301612782,0.28708908903420366,0.2326100618860521,0.34428761761660204,0.21464756706681642,0.043447914692545414,0.2849493563976241,0.2157514413110399,0.1908207604078948,0.23261941092157454,0.20730935599961778,0.21596242268495983,0.22162057693586187,0.25262978934465896,0.2649353211478126,0.2307394498166536,-0.01632238702723664,0.17551690677067588,0.12453708662167652,0.18299382385776844,0.26074689257992145,0.2784375464850003,0.10042222291549677,0.3502148348547449,0.16581740358232014,0.2213322411868278,0.1240191797342569,0.16194523722746845,0.22562969547206632,0.19779976785593942,-0.005615495042127214,0.11814016483198513,0.20656014177589072,0.3722301223628506,-0.00044498220084013127,0.20088027696188904,0.17257824450841303,-0.14041875684823282,0.041046668143241025,-0.02215642203883669,-0.04859720015394428,-0.02093571497378964,0.03668510358562702,-0.1532826077060248,-0.09975670094160488,0.15884125403388719
0.09165456943516215,0.21404540424916532,0.14712544091362598,0.22809857649172832,0.24453110855497015,0.3157927125024136,0.25076690430103354,0.13163793053686706,0.1169841155870465,0.1075125355939714,0.29428447215727893,0.6460930423690973,0.15973860414511928,0.18933747025197847,0.233601052362001,0.2589638470613747,0.2219891835452772,0.08396095215479606,0.03851283548894656,0.23719849004121027,0.19321358089192878,0.18638834333004894,0.10513755893957635,0.1489412731086246,0.18591599457385508,0.16523718808157636,0.24382976070224766,0.12204615146305006,0.23078794853959128,0.03513603995385453,0.13191953764145498,0.1924345014862196,0.11260360117488463,0.23865463887548524,0.12179661239984732,0.1455308179740325,0.22750490081292013,0.132386835472789,0.17679245738899435,0.09963479753664667,0.1160192433928707,0.20160386840471822,0.24136206451550477,-0.0006064015179563559,0.06941667258168038,0.18855827783262533,0.2855351604533856,-0.017310478574777355,0.2555942812498882,0.12520973688248746,-0.08307623117411414,-0.17428132724875597,-0.0336663652529662,-0.015980730679128287,-0.023223005417771055,0.04383446118877733,-0.20630752427035304,0.10948610615614994,0.045948916595773645
0.06271729304380552,0.13048574663339135,0.12496005646325818,0.17078999589549815,0.2003983300425833,0.18972804663805357,0.144024442160716,0.26694312872476267,0.14958853135037267,0.1569215941929899,0.22732651116062078,0.15973860414511928,0.3466710433750335,0.14047449984297808,0.0962743694232932,0.1611872532137455,0.14504270656048468,0.17584112766725668,-0.01683990825674433,0.15399956397608114,0.12110479836411533,0.15612978226648075,0.23267039399680667,0.1822676901502152,0.15458312954683995,0.1488408529783375,0.13844393395100563,0.1352664529792774,0.17043205880590206,-0.004831173059973366,0.11030801475587812,0.12493828062355257,0.1029215199613217,0.19136325834848592,0.1498057217655009,0.073812349644751,0.18895211520467567,0.0891713943188444,0.14338595315751662,0.044760267152863,0.09811289509052282,0.1269405682531209,0.14663435905010433,0.010708868121076832,0.01625840566705608,0.15950978045580758,0.24568488679393957,0.0028922959049643617,0.19701866242418967,0.06385328351630389,0.004769335872344619,0.01201022296524427,0.018223836290567695,-0.11362185302930415,0.03884726040922429,0.012052935083654105,-0.09626810960871499,-0.1805560778532743,0.22309313599032535
0.09022665559738118,0.08888053834950593,0.10356815896135703,0.18501813995362087,0.18508537096948627,0.23381619470366422,0.08430457195773526,0.19323950198590834,0.16886833517022212,0.09519602260196072,0.13799001301612782,0.18933747025197847,0.14047449984297808,0.48840075102744945,0.22852647686851796,0.22691526038619397,0.21864803274366673,0.12277680519707428,0.018277385865506125,0.26364778166024455,0.19253609848043596,0.21569654796111445,0.1678612549971845,0.23174668649962063,0.15012248120934282,0.271769201340267,0.08049290564329557,0.15682104846949235,0.269366677538855,0.12198740090640817,0.15089653180939128,0.38806344386158514,0.08984519987348646,0.13870481456054018,0.15667497176387987,0.09752327132595011,0.21576638386663757,0.16395035591265378,0.20407592431385585,0.07397662694416417,0.20583971240018595,0.19360947247926458,0.24877769338717967,0.010382541930321674,0.09823112847118283,0.1869266719785159,0.3818254452802192,-0.008129180214950828,0.5005811240342101,0.17527805201447863,-0.14709065571445154,-0.12311520311672557,-0.03475262118274232,0.043873692091251776,-0.09108804816165814,0.04937418268882813,-0.28178677621637366,0.0493457303750551,0.23398643128116464
0.061776228372842454,0.20230096092480332,0.285591870040883,0.19157025010830986,0.18330974017137838,0.2944154303327877,0.11526010391843021,0.1573510521042465,0.2098601366875104,0.1626646501788431,0.28708908903420366,0.233601052362001,0.0962743694232932,0.22852647686851796,0.6722215878051737,0.24728263585268226,0.4364261590420576,0.31283100594553354,0.0016067678126983332,0.33574697978118645,0.26873170529584817,0.23929166963552614,0.39976184740958176,0.3439228523537797,0.263838723962788,0.26849581853771737,0.1791801190394389,0.3925203077166215,0.3157853496590677,0.03229565269705031,0.24228044582618136,0.21179380945174947,0.2492399464795557,0.2321726837160487,0.27943297885300356,0.1295939560857545,0.5365662144210932,0.1818517667381806,0.36578567765102615,0.0790567955481099,0.25282242684720563,0.27276094428746633,0.17670381706876553,0.005240724247574241,0.16068829813427787,0.2633928644262613,0.4655695002894955,-0.002238493674384693,0.330655943957229,0.7965945096978763,-0.22403742765665785,-0.016642316100840413,-0.3021709850816968,-0.04705912100148881,0.05131053810524148,0.0898761493066476,-0.2851681783821731,-0.3349994190983427,0.37914408827972035
0.11151050263438274,0.19837183946690412,0.19125570445682133,0.24596970450760863,0.26831014749891285,0.29424467499594736,0.22708204329724138,0.1773065257288747,0.14343178908205143,0.12133442637728734,0.2326100618860521,0.2589638470613747,0.1611872532137455,0.22691526038619397,0.24728263585268226,1.0951136304066698,0.21363343206363472,0.2518385570679035,-0.044186513275326765,0.1992026593045643,0.246829472544762,0.4971873695612893,0.3000579829018479,0.2706927912395176,0.28384497314573537,0.04399607108461242,0.22382884362210367,0.1597645290527068,0.3101834056109829,0.30649192812695736,0.1907010517595855,0.18254815568129573,0.07454206954717965,0.23516587974870107,0.3039994640709104,0.2432346606599708,0.27093322382678336,0.13506976458634287,0.09871922581626998,0.09427030628734889,0.20546685748124635,0.2840914783959682,0.46542590366330727,0.03192504608963069,0.10521498978993639,0.2884608670308621,0.3845560513837492,-0.06961540603314977,0.24082450408639408,-0.4313382869284189,-0.0052574899601580015,-0.2665782790117884,0.2021388396957602,-0.05758576076299863,0.03039872051871951,0.08235948949029302,-0.3181362315478649,-0.186911286790631,0.4236711912532759
0.031761316987846504,0.12357323450214434,0.33707171947369485,0.1172655242500928,0.08611952698968754,0.20045224873053716,0.061203651555949125,0.2631947150106496,0.1595960456074822,0.19801201250257192,0.34428761761660204,0.2219891835452772,0.14504270656048468,0.21864803274366673,0.4364261590420576,0.21363343206363472,1.0581380986297317,0.2744347412469497,0.06839151559880467,0.4852776897724205,0.38486141032688603,0.22943223623353334,0.3208337427249365,0.3200338044912092,0.3003541163699002,0.17845249495811494,0.2244523759461104,0.7556763598358119,0.25300475316709176,0.014205787765117866,0.2889505562049574,0.15725074939054395,0.5049163848028866,0.2053735461853134,0.5392919601103668,0.1345083670270564,0.7725472875419506,0.2823262489656165,0.35944981144010846,0.13173459188225106,0.33349264626850017,0.4045819584226352,0.057733362305203345,0.005693950663089068,0.39853958500015224,0.3701970517076104,0.6977009381113021,0.021796531308612758,0.14154060101627947,0.8407680338206917,-0.13480112707161968,0.06278043514033264,-0.2608725776374087,-0.15264112206326652,-0.20767721757588523,0.062444567159939984,-0.23426973267623233,-0.3765788336732504,0.3163997114685758
0.08513030760316216,0.3001732886317744,0.27407235297665894,0.20793100569524994,0.23238850235978906,0.20134417337192428,0.1972648676395618,0.29256403818520604,0.26267258784496855,0.2504626217315636,0.21464756706681642,0.08396095215479606,0.17584112766725668,0.12277680519707428,0.31283100594553354,0.2518385570679035,0.2744347412469497,0.8081443878421621,-0.21617236668480197,0.1396912436063444,0.20979701853018504,0.2546635532328731,0.7430454789008549,0.2745187247913497,0.2464065743476215,0.33202026893055603,0.0885123809636093,0.30455835388521457,0.24260165126877029,-0.06930161264697218,0.24287002165209143,0.08708906000775542,0.23257863178185195,0.2877225211749988,0.2770696729251952,0.10482545699864744,0.41626366405586723,0.11128435499951059,0.2539792091521851,0.05484512548170083,0.194195849979794,0.20172930376266887,0.3326505044111682,0.02551973560433081,0.09218450798591664,0.24566522743812,0.4306496838917133,0.0076268973680466675,0.2524417554761071,0.15957153302536067,-0.015741825785565332,0.17575061085936108,0.004599817878385359,-0.1396275351109331,0.0980489220072993,-0.033566179779456716,-0.07849372048061164,-0.05925755667682768,0.055357687724380156
-0.014222511556352591,-0.4107555889279844,-0.01733501901545312,-0.1274917155277202,-0.11385534622756012,0.09357773841893158,-0.21504183302613675,0.11073410629768175,-0.4017617313289038,0.04576030838787299,0.043447914692545414,0.03851283548894656,-0.01683990825674433,0.018277385865506125,0.0016067678126983332,-0.044186513275326765,0.06839151559880467,-0.21617236668480197,1.442374781850016,-0.005666186678305336,0.056287158603709794,-0.12103451477339022,-0.5405304651115814,-0.18082418628152613,-0.029489719105337837,-0.0550937968235257,0.0672573768825994,0.12078933198792487,0.040495636438043214,-0.07996481476550296,0.06945641535848565,0.022137562081407984,0.15644851993374795,0.05271798025237834,-0.14404031571598297,-0.017124310582997213,0.2866646596972726,-0.016877760470066682,0.5075665208535403,0.05471106617813654,0.003513321551787066,0.025970332306453455,-0.09642285599844282,0.012478574924339517,-0.05593813521906659,-0.02958228353138436,-0.07304112695905628,0.046187019220934274,-5.6910216863227804e-5,1.1855172651739414,-0.3638896720136929,-0.13201883867490607,-0.5074254320782624,0.04851578661462382,-0.016977589587363603,-0.10722230564764242,0.07414790476865542,0.18625455218577486,-0.11714619701024644
0.024271940384823987,0.1554567277185115,0.25229219353453036,0.1843435153950383,0.1847193283983377,0.3204906664659745,0.05624887474920512,0.25802782962510573,0.16287283239392678,0.09101037303022642,0.2849493563976241,0.23719849004121027,0.15399956397608114,0.26364778166024455,0.33574697978118645,0.1992026593045643,0.4852776897724205,0.1396912436063444,-0.005666186678305336,1.2448028645123377,0.305264350192595,0.21862402625578672,0.28774598545011243,0.48780717867589096,0.33613723768215065,0.2517745931879759,0.13201158398280194,0.4026591144999341,0.3875879084257755,0.3145929623317911,0.29057868232257,0.20425929282978095,0.23359217525654685,0.2752799498347877,0.4349126114553869,0.07172124501353899,0.7833183472421743,0.5752890591508343,0.4338295039611442,0.16822958406846675,0.2438773118573454,0.34396294645306663,0.6257144526103141,-0.023855055408444424,0.6258402538723374,0.26414426938527213,0.5535065825915901,0.06701417810095577,0.48164935261405784,0.31399558148366674,-0.286445275527958,0.04530592236311044,-0.018725412910150726,-0.08553099338085278,0.08024478836960429,0.05145066883218425,-0.3166174311711628,-0.08065376571890567,0.1964711879329686
0.048561839654126505,0.1805081302441363,0.22093757186782195,0.15047360277042385,0.15770106201062054,0.22410264654364082,0.10360429389506488,0.18347920349222668,0.15143617728124886,0.12442775260939226,0.2157514413110399,0.19321358089192878,0.12110479836411533,0.19253609848043596,0.26873170529584817,0.246829472544762,0.38486141032688603,0.20979701853018504,0.056287158603709794,0.305264350192595,0.5101032361402993,0.22713818035146044,0.2758236371491692,0.26869202679514553,0.1959903721831162,0.22434207920477856,0.18804623673608356,0.33970467528437703,0.23999555770061318,0.06675334177255303,0.22571544042331065,0.16671323451468126,0.2832212739778623,0.20489185794614448,0.3167325046673245,0.16100883959831502,0.43909720052644857,0.1956998001263256,0.2763931799075476,0.16751316778323055,0.26317107632061293,0.4255605269020046,0.3294007733248842,0.011148241562484538,0.2708457461475678,0.27907202425431904,0.48897906896018956,0.00034818204730312213,0.20538052519684477,0.29308382077117023,-0.09681539165502416,-0.14016200214178648,-0.04395677976196351,-0.05772203712980251,0.04706534536885024,0.020017173627113694,-0.27479648467929857,-0.23591659830423514,0.4325234902037022
0.07883877092147386,0.2009104234957033,0.28798625830828434,0.20145291248880337,0.2065200238303641,0.253792910119362,0.19200331073876473,0.1745550473148183,0.3746687317178623,0.16576705267152242,0.1908207604078948,0.18638834333004894,0.15612978226648075,0.21569654796111445,0.23929166963552614,0.4971873695612893,0.22943223623353334,0.2546635532328731,-0.12103451477339022,0.21862402625578672,0.22713818035146044,0.8993657848926637,0.3618168711078717,0.3110919091827995,0.22317976624838745,0.21726273250966713,0.23074963552033295,0.18114853191997304,0.21636372936047787,0.19503289695039636,0.18804212887460708,0.19546586228500037,0.21480723611500174,0.2031013625882492,0.20303047835402596,0.2378211542731502,0.25444497460607174,0.1555291995059881,0.09436133022018979,0.044356199863201766,0.1775765777890114,0.24927385852336384,0.5002112773021857,0.04457267261024528,-0.01830167319751957,0.3549849388842714,0.3806838904049146,-0.12477852675258644,0.52029004501587,-0.324259060783757,-0.039296116116101024,-0.23393711776912493,0.2014064876140911,-0.06711258980579743,-0.019648261491619086,0.08662787022505783,-0.1947772008934982,-0.013164692313983612,0.14796420965853985
0.031168383674610105,-0.1308645544849902,0.21817927086494815,0.30150486875790444,0.280619783740918,0.13512506351564943,0.2866184681071715,0.2462933954471139,0.4394226287268075,0.3045003589347829,0.23261941092157454,0.10513755893957635,0.23267039399680667,0.1678612549971845,0.39976184740958176,0.3000579829018479,0.3208337427249365,0.7430454789008549,-0.5405304651115814,0.28774598545011243,0.2758236371491692,0.3618168711078717,2.239656780295452,1.1861108002877143,0.6018796380454726,0.00675174875376169,0.10985180102067123,0.49193883474009825,0.539396841153529,0.44122632187563354,0.1063970483403633,0.10009267561391334,0.5812359098443172,0.3336715883924951,0.4935526621705994,0.12151984640302886,0.7479131808582832,0.165149480616808,0.5023186525672964,0.0011473457383790748,0.32331483455371934,0.2650886504387917,0.1475276640656157,0.03803850753170677,0.019559805636681738,0.4005297950484834,0.8553308016096899,0.05702783444726278,0.7267107492554055,0.4702833359607844,-0.15490195444727334,-0.020338152149971794,0.1713636600641793,-0.23761323929094716,0.5070034040880425,0.00443499318674753,-0.366660124241103,-1.6639883663532749,1.5994410125194243
-0.027409150232255933,-0.18044032498777832,0.15376023017053256,0.22714920053651705,0.18978741743681185,0.14912127342278855,0.14592595623947907,0.12272016470056055,0.31287409127603516,0.17107082355902722,0.20730935599961778,0.1489412731086246,0.1822676901502152,0.23174668649962063,0.3439228523537797,0.2706927912395176,0.3200338044912092,0.2745187247913497,-0.18082418628152613,0.48780717867589096,0.26869202679514553,0.3110919091827995,1.1861108002877143,1.4833490820788713,0.47070847509041225,-0.11531644676725279,0.03459091999253484,0.42338274071200227,0.48715383359007397,0.8335035445267734,0.4085378065048326,0.21248315142893887,0.36117213384629404,0.11427163750067067,0.4991217072940857,0.440653626597026,0.6474857278588007,0.2620503142359267,0.3741001843717162,-0.034940425685081024,0.41921914136399135,0.2641344164099186,0.02549975329743855,0.04401768439574141,0.1745268952372539,0.4527956159848424,0.6609541881149278,-1.3417153628774641e-5,0.5592297939024738,0.4164677115638446,-0.1292297980433996,-0.21669782296279277,0.09149795120075095,-0.18592449470329306,0.4417882617820885,0.08074690385117389,-0.4379363838852735,-2.0739460487591703,2.020017998030003
0.06904736845464524,0.11487785754786416,0.18656360482801565,0.18752691394739815,0.18954531651650322,0.21612940711964201,0.15227007096266515,0.1963721549949453,0.15870116671718798,0.1627169961106434,0.21596242268495983,0.18591599457385508,0.15458312954683995,0.15012248120934282,0.263838723962788,0.28384497314573537,0.3003541163699002,0.2464065743476215,-0.029489719105337837,0.33613723768215065,0.1959903721831162,0.22317976624838745,0.6018796380454726,0.47070847509041225,1.0824787828280895,0.041692873902939624,0.19924961579711323,0.250423466988827,0.4791579636766375,0.3826378544060587,0.14998661807701585,0.09815624703894706,0.20744593682811777,0.2824996244875098,0.3576159072571331,0.17919512211205268,0.456887868432871,0.19052799297178702,0.18697892064345586,0.0016373193251251871,0.2017139326894991,0.21669378036945,0.27181984475683524,0.04345247477258951,0.17865900079193486,0.38554894587393457,0.43810294077255674,-0.03486134610179196,0.02431264292655563,0.037852183551446275,0.013876764240959405,-0.15106960546548473,0.0939157579040387,-0.09131036829204874,0.07883915100664389,0.09472854368217305,-0.14459774815873455,-0.2713314780659319,0.1721978342799584
0.05368296445752231,0.2586772497647792,0.22938211255518234,0.22136082473880037,0.25493205412382075,0.43053004180653776,0.1230711296707175,0.3075727997855008,0.2332407818342873,0.16013490353569484,0.22162057693586187,0.16523718808157636,0.1488408529783375,0.271769201340267,0.26849581853771737,0.04399607108461242,0.17845249495811494,0.33202026893055603,-0.0550937968235257,0.2517745931879759,0.22434207920477856,0.21726273250966713,0.00675174875376169,-0.11531644676725279,0.041692873902939624,1.9621451562504564,0.19823817346956837,0.24773404653734707,-0.17315406051962914,-0.8443311927412643,0.1477993260684082,0.19653230310409064,0.17275353471459548,0.40284506132423953,0.1824338427732803,-0.23521805670982768,-0.0862541139730996,0.14688240794896118,0.3089743422681478,0.3420373509264299,0.018624391661876898,0.2400853635366474,0.5344735860387138,-0.0821456069543544,-0.17166698235938985,0.008661775536277562,0.11757169444001823,0.04974960113170421,1.1881355272943477,0.2619890294136746,-0.6983002769047589,0.3188679596298051,-0.11357944363605046,0.07007078469720743,-0.25661660739450426,0.005605156671633372,0.1699390880283961,1.8002186024305706,-1.6337828048614809
0.0821635268389902,0.35225819600059655,0.2092182936606887,0.16298727296835844,0.20182996236367176,0.29102681374364403,0.16273339895244493,0.18494071434883347,0.1280856291514417,0.24953944935043654,0.25262978934465896,0.24382976070224766,0.13844393395100563,0.08049290564329557,0.1791801190394389,0.22382884362210367,0.2244523759461104,0.0885123809636093,0.0672573768825994,0.13201158398280194,0.18804623673608356,0.23074963552033295,0.10985180102067123,0.03459091999253484,0.19924961579711323,0.19823817346956837,1.5792506204550756,0.36582996377339333,0.0049264251180623575,-0.11209537639826977,0.1701073914195682,0.10950678437453734,0.37691598368215345,0.3183218005146751,0.3704459355982709,0.2377825919801894,0.44999872304434835,0.1360878872603213,0.12802500195436256,0.3030178966918111,0.1881190616993874,0.2144812486018743,0.2227421666694359,-0.11689107127079966,0.011106696487909086,0.30795209978667587,0.18547081765825815,-0.056125185745205426,0.3963999657891199,-0.06858264511236824,-0.416309181907859,0.1695869051205404,0.023242369554938327,0.1558995289378132,0.08026002647947583,0.03536575752713274,-0.143310804465773,-0.5406066364796438,0.7147929333898845
0.016307328289130722,0.06228140598779223,0.24353459543335473,0.12122249611173985,0.0546071022951473,0.22582651113068453,0.06623505876819295,0.15758500728833147,0.1514611589543276,0.18768148090287262,0.2649353211478126,0.12204615146305006,0.1352664529792774,0.15682104846949235,0.3925203077166215,0.1597645290527068,0.7556763598358119,0.30455835388521457,0.12078933198792487,0.4026591144999341,0.33970467528437703,0.18114853191997304,0.49193883474009825,0.42338274071200227,0.250423466988827,0.24773404653734707,0.36582996377339333,1.6055682790748822,0.09558510430059343,0.026141320535920245,0.2762082260766028,0.09714149904989665,0.8356406954997364,0.2048177486051945,1.0223118820126853,-0.057664246571368205,0.8848790157058148,0.2158778372596253,0.48832121379831095,0.16122934573031944,0.31913209289516353,0.340946955590835,0.07798747241950815,0.0029882642027868277,0.07249355220926135,0.3209226394692261,0.5633256109964978,0.07944508353123232,0.5299775438510391,1.118291776194986,-0.5546511640363742,0.7450114058979006,-0.6973852795924836,-0.15867143739140938,0.49306907756595897,-0.06303495927817866,-0.36275188069090997,-1.5102509982397998,1.6196072545810523
0.09277781163990856,0.20986144463889508,0.21396982252356195,0.26448443675932515,0.2502146381594178,0.5024091841134547,0.2146349740609894,0.16872957422653814,0.09522338165265981,0.14785398993603927,0.2307394498166536,0.23078794853959128,0.17043205880590206,0.269366677538855,0.3157853496590677,0.3101834056109829,0.25300475316709176,0.24260165126877029,0.040495636438043214,0.3875879084257755,0.23999555770061318,0.21636372936047787,0.539396841153529,0.48715383359007397,0.4791579636766375,-0.17315406051962914,0.0049264251180623575,0.09558510430059343,2.381571772469452,0.22476348816508654,0.14934092600661072,0.42027177665711385,-0.20474660642136117,0.37587107050583324,0.304676563374589,0.23908495762237725,0.25100397384729684,0.16014609123900836,0.5706361586217221,0.061101892999010164,0.5487405381468606,0.21322033490725747,0.0942404709255076,-0.020811480485308648,0.07710328820965413,0.22269298248578268,0.43612028768908156,-0.03303147180350207,0.5081446445754516,0.9588145908081976,-0.4325910415897257,-0.21298588821325765,-0.4873560608865551,0.0866213731983508,0.13139309655655726,0.0029073369695181562,-0.24355775116510828,-0.06550407114838883,0.10742396213850765
0.07557679197197166,-0.156505012604588,-0.6679865357013145,-0.007680876527635732,-0.014310276560267843,-0.2419776252870461,-0.015577768901073756,-0.14195245322800998,0.00017937472984823333,-0.0818675000035908,-0.01632238702723664,0.03513603995385453,-0.004831173059973366,0.12198740090640817,0.03229565269705031,0.30649192812695736,0.014205787765117866,-0.06930161264697218,-0.07996481476550296,0.3145929623317911,0.06675334177255303,0.19503289695039636,0.44122632187563354,0.8335035445267734,0.3826378544060587,-0.8443311927412643,-0.11209537639826977,0.026141320535920245,0.22476348816508654,4.613234884598271,0.2757971993617789,0.15240269782767626,-0.37245450193292695,-0.7758332362308678,0.5674950028929886,0.9583067260058367,0.09696203444510365,0.23534241084851645,0.03301664501099275,-0.07102745421246043,0.8329393396393284,0.04564963764640605,0.45635664977682183,0.1531360763196342,0.8850722699030251,0.6513592447957659,0.6220037326909817,-0.04298517448208193,1.0385847815107891,-0.4494973190570319,0.8449804069100119,-1.3350026210237105,0.3772714825017631,-0.11956750407033473,-0.05890025334162288,0.09385520304587583,-0.17062689892504423,0.35705804872384533,-0.24316682945677273
0.03357653410640699,0.144818420449327,0.1987582508258416,0.13208198467764837,0.12827574398759287,0.17676587957387696,0.08284994599107726,0.123656017692409,0.14603899962811723,0.13961871319694205,0.17551690677067588,0.13191953764145498,0.11030801475587812,0.15089653180939128,0.24228044582618136,0.1907010517595855,0.2889505562049574,0.24287002165209143,0.06945641535848565,0.29057868232257,0.22571544042331065,0.18804212887460708,0.1063970483403633,0.4085378065048326,0.14998661807701585,0.1477993260684082,0.1701073914195682,0.2762082260766028,0.14934092600661072,0.2757971993617789,0.6980141052549669,0.16871050035077595,0.09011741349842935,0.12975554786089347,0.28518309430449823,0.4812317998025038,0.45264479915875017,0.19422512793993993,0.3050187559888853,0.03302973025378217,0.3381835650985732,0.21812057284117284,0.18911440041348243,0.03795992816733512,0.19273233866816378,0.35433225523153766,0.3134488498097007,-0.047876280008323314,0.0024626762411726973,0.3418014267290863,-0.07511540709556848,-0.04467938798270905,-0.11625824137719763,-0.08042998086583077,0.12275222481028639,0.06409953551448193,-0.09606325811894291,-0.5419028185108788,0.4061945308891528
0.07745828978785332,0.14118216496577005,0.12755229905084484,0.17602159023788244,0.16771240630153914,0.2671749391703133,0.09505094529129716,0.15344947699043504,0.14790468865472822,0.08853562470591064,0.12453708662167652,0.1924345014862196,0.12493828062355257,0.38806344386158514,0.21179380945174947,0.18254815568129573,0.15725074939054395,0.08708906000775542,0.022137562081407984,0.20425929282978095,0.16671323451468126,0.19546586228500037,0.10009267561391334,0.21248315142893887,0.09815624703894706,0.19653230310409064,0.10950678437453734,0.09714149904989665,0.42027177665711385,0.15240269782767626,0.16871050035077595,0.9194585181280158,-0.05832885627146622,0.13412522054236806,-0.07738705768363406,0.24629507134250822,0.0683780985278962,0.14568416827168915,0.324838369814049,0.03998292363194837,0.2746616947001286,0.15797454488599072,0.08209032618194514,0.012876649298577842,0.032841932809825274,0.28357093507895725,0.34519846665467735,-0.03927572242064243,0.5185096268184837,0.5408023746173557,0.05586234064019148,-0.1573066234376525,-0.5032793422894464,0.04442856686599285,-0.08783274378847554,0.050890939038748105,-0.22436233163992952,-0.11919194263765277,0.3135957603147432
-0.006673339525944387,-0.10081907870133285,0.319422525175819,-0.007896627048510409,-0.045405727644705435,-0.028530977832851072,-0.003101839903450819,0.23372899100713676,0.13822718297600675,0.18452333440694424,0.18299382385776844,0.11260360117488463,0.1029215199613217,0.08984519987348646,0.2492399464795557,0.07454206954717965,0.5049163848028866,0.23257863178185195,0.15644851993374795,0.23359217525654685,0.2832212739778623,0.21480723611500174,0.5812359098443172,0.36117213384629404,0.20744593682811777,0.17275353471459548,0.37691598368215345,0.8356406954997364,-0.20474660642136117,-0.37245450193292695,0.09011741349842935,-0.05832885627146622,2.0153523890410763,0.15287722844938326,-0.18494086479567026,-0.2692329637075847,1.0576677968102417,0.20296783532537813,-0.07482477506227804,-0.15281363387222863,-0.25607889071833084,0.31278444472138434,0.019591405907684826,-0.01278406549860576,-0.3409310623092344,0.3030309100915248,0.7240187320721059,0.07697118576395946,0.6192060850585502,0.5883477684096658,-0.613235212854477,0.06729210228568556,0.1765344548095009,-0.184629636565157,0.22961466335403874,-0.12766790017843163,-0.04969686731083975,-0.25059809798312216,0.2931589322862211
-0.13012325168328237,0.12335259004257479,0.2810656405187779,0.33399577924111673,0.41667845803982817,0.4360788102678661,0.3034329477087484,0.2940254198059758,0.13360851054311945,0.3560429216788459,0.26074689257992145,0.23865463887548524,0.19136325834848592,0.13870481456054018,0.2321726837160487,0.23516587974870107,0.2053735461853134,0.2877225211749988,0.05271798025237834,0.2752799498347877,0.20489185794614448,0.2031013625882492,0.3336715883924951,0.11427163750067067,0.2824996244875098,0.40284506132423953,0.3183218005146751,0.2048177486051945,0.37587107050583324,-0.7758332362308678,0.12975554786089347,0.13412522054236806,0.15287722844938326,1.8587273670558744,0.2159681765558479,0.10152071971105944,0.6167829202154527,0.17259964243619536,0.42813346444043726,0.008268443654735946,-0.08587392121959879,0.237409703214298,0.5814034789963469,0.04128194885616117,-0.6871253240690295,0.06873213804151788,0.24619661285222105,-0.01773203638719674,0.22036002884731842,0.07114752944143882,-0.7081586646425964,0.5398962845859904,0.044949774654067375,0.0213755257750108,0.09564663698166703,-0.025261510335720348,-0.14910681180894306,-0.0015825757217968516,0.183129693910699
