0.7225682857457203,0.19140190173750746,0.3696014076487844,-0.17189679549071007,0.08289973138137874,0.11182446470928219,0.11943974254143218,-0.003166899063394323,0.07799282391439759,0.025684506073785404,0.06326604665189707,0.06549441462106648,0.01667994661701225,0.06264683377276332,0.06886857924400344,0.06098259273234786,0.06298802362889905,0.07365388641085156,0.05006072347045079,0.0070947838480653405,0.10356976827765349,0.07963512238800748,-0.012594594293771308,-0.023318096491808788,0.06969943476101573,0.0121885772580966,0.033310335052468186,0.018241725587322028,0.17378977853589408,-0.09548254670319149,0.06185851265724306,0.036672257594914534,-0.002143408703394355,-0.09219973086777303,0.06977099488377674,0.02296263828353984,0.022947943988809304,0.10749910141758603,-0.00675605782098974,-0.03175442344810998,0.11090123398522873,0.0292095692943659,0.07743959478353024,0.0745176505981291,0.08819330654234439,0.07200759628954934,-0.00896755985424142,-0.01784567381434288,0.01722270020624164,-0.04387364538442458,-0.0241257541767126,-0.01785482168468181,0.035019196860617205,0.004042320143835543,-0.014657261584688094,0.02716079609227289,-0.06697806925627495,0.17507545154356915,-0.14579163441115725
0.19140190173750746,1.1365781015726306,0.9202892164170725,-0.1501669115759508,0.020667167447447822,0.24962036493086295,0.1809573921570781,0.016934728270271024,0.19210106348900238,0.10169327266578852,0.14432213845957584,0.09173488896304384,0.029581712906799663,0.0864075058717266,0.2805322431599523,0.11886503931341398,0.20432427873109502,0.2644337987869887,0.06732859259435828,0.2096050028468387,0.2414622820614259,0.1811994736202407,-0.13959952230661668,0.01801260720389929,0.10162560489749829,0.2276009007657826,0.10716285350568175,0.17659916059942415,0.3351992373288897,-0.173632743846076,0.30932275025866834,0.05737667078898096,0.04664810277026132,0.18943278207085595,0.2697024091016651,0.06431641111211044,0.36331079474926015,0.18674687562699485,0.0451598970504674,-0.04574689887220699,0.08376601915233994,0.1764966141625536,0.2917196694937626,0.1685128534690121,0.28464199253287364,0.192531540581416,0.06620265416539588,-0.003038672018819065,0.012537344797680452,-0.07245131504164243,0.0834177200398479,0.10312233245020914,-0.04800615618201065,-0.12090111536824134,-0.0829787278555185,-0.08164118865137726,-0.41849343150495805,0.3501090928589059,0.0600225682615644
0.3696014076487844,0.9202892164170725,2.7150599956180352,-0.169325010081445,-0.3090737682903541,0.26547730570389316,0.173039540351893,-0.22964045488377693,0.22126504605814554,-0.033601295076637595,0.05795087569092107,0.08690161073090295,-0.023120308804204518,0.04526641504590376,0.13160223740061996,0.08500743326689587,0.17230928813930357,0.06821104828787813,0.028485409359804977,-0.0447380162351335,0.2020406885459069,0.2272291120994699,-0.3557799565767266,-0.07286196578368753,0.10144022602750423,-0.07856949763390528,0.061404088504813235,0.0704443295018447,0.43932396549777414,-0.728076387582685,0.3078184392524063,0.05566983822520903,0.07851089519592848,0.09543337694684087,0.06887113715247692,0.2926738756880921,0.08939935687284459,0.2384710682902389,-0.3635890707389867,-0.43647591466699426,0.10686812979048414,0.12975583154482612,0.10078186371397353,0.34241935369840015,0.18686426309652274,0.35310158276113546,-0.20650961243147983,-0.029166131736060242,-0.28806370821361454,-0.29386866843110404,0.1138162055882543,0.3138772350391735,0.008085956031537783,-0.2505535831828678,0.04217611081193136,0.1669803769071338,-0.029226434748628714,0.06187938972515856,-0.3353215183558599
-0.17189679549071007,-0.1501669115759508,-0.169325010081445,2.135019261209157,0.18784740492900662,0.2795872843489185,0.2670883152577847,0.39855282173226325,0.09251867761811365,0.3068531149632194,0.2775124373359233,0.3747861996582294,0.07554292188911392,0.3275486066696537,0.1596359653357623,0.29786172726054766,0.22627518623577866,0.20188153761850125,0.1581460085667479,0.16604251219079263,0.2323685868180066,0.2300577720681754,0.32453940850622165,0.210044616164813,0.28470374940633075,0.24763391632825568,0.1817963782671548,0.021877722105452035,-0.037057245449888115,0.1362398642496508,0.10115484609196478,0.2818605339168895,0.19259666902766226,0.3265787792586398,-0.17035956930761617,0.16205844611463627,0.23220544429972045,0.27904265788997346,0.30414560663387724,0.08713112235158002,0.21288579429757276,0.10056351152833168,0.18230619539045345,0.3530404921723737,-0.20840633337998288,0.21888583762395183,0.25915985217359205,0.02305837362316447,0.0925598482014953,-0.20832171061746085,0.05601556183917153,0.28786529493287827,-0.01338591922883837,-0.10733563746332955,-0.1063983321388605,0.0965904839618839,-0.08413240589857794,0.005259428780789036,0.0015533757472680882
0.08289973138137874,0.020667167447447822,-0.3090737682903541,0.18784740492900662,0.8452317855326191,0.18866997322109408,0.11985623201550044,0.27446973238423383,0.02577085631291107,0.16905458693508432,0.16299493389335148,0.181564568574049,0.07655924422606881,0.14798554924255655,0.17011521384498077,0.14990406705565532,0.1198804838412917,0.14942517179883105,0.29657617122424434,0.18945073535419718,0.13034584576890118,0.09727694487608005,0.2075170894484649,0.08993542730632931,0.04658335843274396,0.20151393051168934,0.08831971991488455,0.0014743190975752493,0.10696234820444799,-0.10206610211383703,0.013091089082948811,0.13004279238760633,0.061509696928526265,0.1629625798636557,-0.06228205430913124,0.11955909557204547,0.06084097419325212,0.10530790798672042,0.13038484395684896,0.14088984032676996,0.11341573301733573,0.08716081041594473,0.04538826421911696,-0.04302015867123557,-0.11478193667113773,0.07289285564949584,0.038342572099108886,0.025030142036182926,0.23929026581755827,0.1830802224809173,0.05622646417980152,-0.11307178386400317,-0.006556034408169415,0.00694407978941189,-0.06702009181809886,-0.09545573430842227,-0.15230526867471852,0.13858506706186977,0.1229617891999127
0.11182446470928219,0.24962036493086295,0.26547730570389316,0.2795872843489185,0.18866997322109408,0.7280497591273007,0.292982787786766,-0.04943001081648038,0.12691863676527568,0.1273151862803725,0.1943049573993634,0.19751604076043422,0.057948378266090075,0.13564136485147243,0.21912487890836052,0.15111149509630237,0.1579797128876552,0.1437700032063789,0.26447755879433504,0.18373326049106542,0.1835721461442308,0.1619948700965168,-0.00540603081920075,0.01016311899843151,0.07996219758338996,0.23454301015743012,0.10061651195744699,0.022830232762885982,0.18531451084644024,-0.21907665359774625,0.09656568279778978,0.1389595709732583,-0.09654294257565343,0.20828586224898119,0.10346540198125975,0.08213947788702944,0.058175545871020466,0.15258206588832746,0.06966760525879112,0.11062297056335658,0.13943572682317507,0.10357018572535454,0.18342714957242248,0.12068077388642003,0.0478471241802872,0.11215679743538136,0.07432466260526768,-0.029940853098592717,0.043667034244631406,0.16660568551137012,-0.3517803459220934,-0.04237002991745137,-0.08181917765851003,0.08917985423959729,-0.050145336435246,-0.017404936932985803,-0.2351817729558745,0.24544164003429747,-0.04512059880258123
0.11943974254143218,0.1809573921570781,0.173039540351893,0.2670883152577847,0.11985623201550044,0.292982787786766,0.4970925538664033,-0.04238174040173151,0.19647066887577683,0.1261853338471237,0.19258151915518293,0.2581957074570859,0.045200224133979026,0.09833395666455026,0.12161850117387417,0.13729878439184126,0.14007984288089592,0.18008680886288472,0.076053014554759,0.030932188003015837,0.21657560893221361,0.17321851748041253,0.2338753482441456,0.08521612446395921,0.16410567108929766,0.13138153745272635,0.10272636109759557,0.04712025725345299,0.10920551385615859,-0.013187538605438224,0.038161870143705104,0.11674174116304803,0.06395685683398243,0.16223265859517455,0.0671255078080702,0.10817104429819678,0.09383074633573144,0.13452830410128916,0.033720261886795375,0.029439559746673897,0.14622220447815715,0.10292394302431752,0.11333926007508559,0.13768392820039685,-0.07438898745227265,0.11984095720943784,0.030898856892315897,-0.00810821284211759,0.10446276530593912,-0.10051935695435847,-0.12437013226805181,-0.02431549378270402,0.04314907918455811,0.024438730053782547,-0.06450936286204378,0.023154472303866264,-0.1733756123920661,0.10994845310760205,0.015636398726034235
-0.003166899063394323,0.016934728270271024,-0.22964045488377693,0.39855282173226325,0.27446973238423383,-0.04943001081648038,-0.04238174040173151,1.1121321149045553,-0.009562187448319067,0.32918236220972863,0.27670185916426066,0.22041703492056622,0.11202605996881548,0.2636488803466424,0.1616857394449677,0.25464091636005776,0.3078905540084191,0.29420097094071157,0.16532897769854174,0.40318563738197805,0.09281180091677763,0.17653803826776188,0.2870068707799544,0.1849790457147825,0.33223161621043484,0.3328827074964123,0.22398226482803452,0.32415438418027204,0.14996120560934376,0.36198100820564005,0.2201732795650471,0.1697429735931113,0.1403897876755519,0.34770188795626344,0.46490138674836873,-0.11781992912424395,0.6658008778186533,0.2667312083413259,0.67212713224846,0.2325620724994101,0.1359746084074008,0.20270512526509524,0.516349774978992,0.2344486894358578,0.30461791684008244,0.21967947669131038,0.5184726815207941,0.045264922820282494,0.21724430386986449,-0.0583450505559035,0.16277711119707328,0.32649581070002653,-0.020057249085775764,-0.21671760739788604,0.08938847046813857,0.05782079934351108,-0.17468831758987421,0.2471835868166262,-0.27208676933886516
0.07799282391439759,0.19210106348900238,0.22126504605814554,0.09251867761811365,0.02577085631291107,0.12691863676527568,0.19647066887577683,-0.009562187448319067,0.6566828946572749,0.031204946646003377,0.03141678833517898,0.019373425485781973,0.009186050140637147,0.08888402229392395,0.05135175049050436,0.06325642986950542,0.07444997879320352,0.18782158181032582,-0.010562400424501805,-0.0018075034566655342,0.17118539413816966,0.29146422280037404,0.24940217573538073,0.10141020466973479,0.10186885430004329,0.17631978362493617,0.05563739065916041,0.08805082104140792,0.1343311855250834,0.024716393403481,0.0938221200643565,0.07657324874922687,0.17764064377363725,0.12725586493170804,0.06124102180763418,-0.022470316944811074,0.1942388276899875,0.11460746333344118,0.023161001290139992,-0.05340437804363716,0.07013509710169216,0.07511366691104737,0.1450438029420804,0.14090489109407556,-0.05695060605274371,0.10195046393748432,0.10560707546454297,-0.028272695639422144,0.32261318247763926,-0.07307023128128888,0.013890297164411057,-0.08339763991444546,0.08878567620921624,-0.055941830137082496,0.02738113814343516,0.05578176273266567,-0.219530590400611,0.13540182750140178,-0.10426989701339592
0.025684506073785404,0.10169327266578852,-0.033601295076637595,0.3068531149632194,0.16905458693508432,0.1273151862803725,0.1261853338471237,0.32918236220972863,0.031204946646003377,0.6106129022618243,0.25013204242511383,0.15494908428247825,0.0858907226732538,0.16019900070453588,0.2148025729426299,0.20066026400515416,0.26449028766385063,0.29801062917367144,0.10243497039233809,0.19214498425872717,0.1529187508750423,0.17785139529544136,0.30879487397797484,0.1418882672278775,0.2378032547276882,0.15583612427753285,0.15275377891638836,0.190406714204445,0.19360650340163715,0.22770331888139086,0.13246771542239297,0.12259976821418822,0.10304210854811137,0.25418345960479577,0.28706501649509847,-0.015570785486518137,0.4109025891268137,0.18585147280718733,0.4184394290202372,0.1710762940408483,0.23733663241184305,0.16013475921203715,0.2988839116778378,0.21302641177915924,0.07017105855044019,0.19973403484352162,0.33657908397217606,0.006371811243189094,0.11521217038522621,0.07065585954978769,0.02631143255136837,0.0071459303778434865,0.027478010404942743,-0.03491050733070842,0.03969513609140333,0.006837449424850656,-0.16519562371787685,0.058474850222658074,0.03520356934403349
0.06326604665189707,0.14432213845957584,0.05795087569092107,0.2775124373359233,0.16299493389335148,0.1943049573993634,0.19258151915518293,0.27670185916426066,0.03141678833517898,0.25013204242511383,0.5565061566232385,0.3174190252998309,0.08737837571804094,0.16391178032471193,0.2397011030983154,0.213814224575151,0.26495967900462075,0.2496444244705759,0.08312705608470572,0.24612657761028636,0.24227999107656756,0.1474235957797825,0.2625857052776691,0.13504692909378033,0.25764904900897073,0.2279808455519319,0.1780724746221586,0.17633997464781453,0.20140219557904468,0.1479575130590897,0.1303972091564212,0.15222183282202906,0.08001102761091876,0.2597724640150273,0.3194535979439573,-0.009778816229249039,0.34461260954330997,0.21574332810461852,0.24329979741508392,0.13679415716693658,0.17588251705928218,0.18697570160367966,0.33065770642448067,0.1256151977863088,0.1293362721511611,0.18314663608025186,0.25758002814732994,0.012768902189406812,0.05118031507321675,-0.06448282563748105,-0.015561279252866883,-0.01638428868951317,0.12225194977512782,0.0023614114137906128,0.04048232248778774,0.03200598320411486,-0.19846226543125714,0.24462515739080262,-0.15664417872882358
0.06549441462106648,0.09173488896304384,0.08690161073090295,0.3747861996582294,0.181564568574049,0.19751604076043422,0.2581957074570859,0.22041703492056622,0.019373425485781973,0.15494908428247825,0.3174190252998309,0.6072825980066769,0.07257351670690877,0.15988988719264116,0.12498013546004576,0.20420146646034465,0.14758266807312012,0.12295486332289628,0.12746314812491183,0.15457616298083107,0.128264755063794,0.12503378684114577,0.16936329457774366,0.1155995370592066,0.23628160991602098,0.14875420843425627,0.2057786410824923,0.12447544462239256,0.08053702089240457,0.10479133091285986,0.06779626367445733,0.17673927968895253,0.04064698893371609,0.2172870665228992,0.21974811705169336,0.1777261764421054,0.1831799950418502,0.19196098871432235,0.1848712013051736,0.12793568341486333,0.12720591305782739,0.1637581688256461,0.20390163237445644,0.11483934478470785,0.07450149644624002,0.15871763861292185,0.14139054843224022,0.02493005307774564,0.05615010813730836,-0.311039726579663,0.05226290425606987,0.09627905720082071,0.05697843395836817,0.023274607260511736,0.012095835837299567,0.05299596164860354,-0.12280921295331976,0.11205328248465556,-0.12805716338052825
0.01667994661701225,0.029581712906799663,-0.023120308804204518,0.07554292188911392,0.07655924422606881,0.057948378266090075,0.045200224133979026,0.11202605996881548,0.009186050140637147,0.0858907226732538,0.08737837571804094,0.07257351670690877,0.17169585724948205,0.056849938474541846,0.025595936328958693,0.07141688958735244,0.0591361412752267,0.07608977471901948,0.053302706610885195,0.07165148671642123,0.03662816763987167,0.054066161638668286,0.12273744954151995,0.057902896679124564,0.08489971268440877,0.04818369814511819,0.06812838239311331,0.07817804534899044,0.1263080295709165,0.055844420944150194,0.016031080454260712,0.051075288654786305,0.049706888071737815,0.06308280161310878,0.1110958147420564,-0.016564989379147094,0.13642071100257866,0.045143874479706726,0.14388357376443286,0.06588890143849575,0.04818899153915864,0.055153373594589106,0.115379098319627,0.04426458421892073,0.04909984722894231,0.05367473880849353,0.08634659847602644,0.0057099978732847705,0.07984528728657166,0.013065446553222271,-0.0036788282833322312,-0.01402652950855003,0.013303390427115336,-0.0003651346546639468,0.036461903839454114,-0.00850630209690037,-0.06419654236621788,0.027330084847544706,-0.00027234301578647855
0.06264683377276332,0.0864075058717266,0.04526641504590376,0.3275486066696537,0.14798554924255655,0.13564136485147243,0.09833395666455026,0.2636488803466424,0.08888402229392395,0.16019900070453588,0.16391178032471193,0.15988988719264116,0.056849938474541846,0.421354796191545,0.1610331345401543,0.2614916770117732,0.17683002206948106,0.1639532069530197,0.10311430290635543,0.17742448491241494,0.21386003881781862,0.20668630870513532,0.15013887319306912,0.12963142249222284,0.173047795846326,0.30937894504535984,0.1419396956642168,0.10966994171632238,0.1165938408043992,0.06548683790439325,0.15387417211853785,0.2722743291195587,0.011842166086928924,0.23353582644975868,0.2165111796506666,0.026690577593921527,0.24203411420578785,0.17853712227771223,0.17191299600319992,0.06903976933994938,0.1987771446183718,0.1346578625709434,0.2267928103852843,0.1887279338748091,0.007200402540489262,0.1387800216566537,0.20918960124673452,0.0016369509639438148,0.31746238959254464,-0.02250456537308794,0.028655099724918733,0.03874182749251455,0.024492845382519314,-0.0419620474710645,-0.06281606462239338,0.06525374453505325,-0.13356378193280308,0.12813745361880724,-0.04560983536783727
0.06886857924400344,0.2805322431599523,0.13160223740061996,0.1596359653357623,0.17011521384498077,0.21912487890836052,0.12161850117387417,0.1616857394449677,0.05135175049050436,0.2148025729426299,0.2397011030983154,0.12498013546004576,0.025595936328958693,0.1610331345401543,0.7020239516953061,0.18186542069616765,0.2870009465871082,0.3396503196281515,0.1131443111797149,0.2662987523834973,0.31389959876121654,0.13786746609679196,0.3802259846636135,0.15042108033857338,0.32473065419633335,0.28364803542205574,0.12453784695054072,0.22959922282554968,0.23347647186758452,0.15019360726851733,0.12746238247374378,0.12332006745605265,0.1464536132274548,0.2744288166531011,0.24642972405056549,-0.07753035776338361,0.45086246978229055,0.15048745849417589,0.24728889750751706,0.07902568207000243,0.24449762976117487,0.17259729586025846,0.332995512722769,0.11346495167547328,0.028227383404341565,0.20900952028313538,0.2702976914004068,0.005713937728216694,0.09177862541407147,0.19470508999594738,-0.13189832659044884,0.14619559158431047,-0.09676342554484846,-0.04343497139585971,0.07063566966248712,0.09502121501368839,-0.3836183432094853,0.18900533885012452,0.025929269843391334
0.06098259273234786,0.11886503931341398,0.08500743326689587,0.29786172726054766,0.14990406705565532,0.15111149509630237,0.13729878439184126,0.25464091636005776,0.06325642986950542,0.20066026400515416,0.213814224575151,0.20420146646034465,0.07141688958735244,0.2614916770117732,0.18186542069616765,0.48372737307704433,0.27865000094773196,0.2153834893479978,0.10204218801916622,0.189812347379876,0.15764762380766248,0.2798687148332492,0.1496550791841885,0.12638755846607577,0.24417834234845073,0.23444046504315644,0.17833776247869385,0.20888030753543663,0.3058226433373736,0.07961726256730847,0.1948598360733318,0.20511206415291922,0.07340904094109763,0.24646805775621033,0.3603323482684477,-0.02008658131284697,0.36793216877573387,0.18994576359982496,0.3050883824589921,0.1466595133178408,0.1556963207709158,0.19493767597294767,0.37656185679726195,0.22150405410230414,0.14918033725108842,0.18989143447990262,0.2438345574771297,-0.01874927890003568,0.20511653128208898,-0.09978841456676452,0.027063381399098814,0.014123606617821673,0.035484581810722345,-0.02260893413961845,0.10628722138974805,0.09488815848762536,-0.24887746834736293,0.21953347671342222,-0.18898232779442525
0.06298802362889905,0.20432427873109502,0.17230928813930357,0.22627518623577866,0.1198804838412917,0.1579797128876552,0.14007984288089592,0.3078905540084191,0.07444997879320352,0.26449028766385063,0.26495967900462075,0.14758266807312012,0.0591361412752267,0.17683002206948106,0.2870009465871082,0.27865000094773196,0.8568313611125434,0.2745300642658039,0.1191079109190067,0.36663278079784206,0.2783569536560228,0.24348651898771365,0.21993917514928343,0.18704943242208322,0.28165478459405385,0.11678870811702016,0.1708632033841667,0.3002557977328237,0.4280391662419851,0.06557787361395351,0.25596636146739166,0.13237499124529203,0.3446095271797706,0.2269816786343468,0.25115212187505825,-0.08794239407663867,0.5617998248023032,0.3366460440362909,0.21583294941698836,0.08892555043982388,0.24133496311002547,0.22279047714409173,0.4513541823095684,0.1308018501677744,0.17652027802159298,0.25938940917990716,0.30852633192347945,0.018819996044431814,0.1335379864329518,0.17793834888862087,0.0401816954988662,0.07125721507004691,-0.04065649773645265,-0.09630096410874382,0.16698515224737306,0.09432627534587112,-0.2747212810084436,0.13316317251289372,-0.10980977534675315
0.07365388641085156,0.2644337987869887,0.06821104828787813,0.20188153761850125,0.14942517179883105,0.1437700032063789,0.18008680886288472,0.29420097094071157,0.18782158181032582,0.29801062917367144,0.2496444244705759,0.12295486332289628,0.07608977471901948,0.1639532069530197,0.3396503196281515,0.2153834893479978,0.2745300642658039,0.8360863974451249,0.03827554188942621,0.1110160489839566,0.3672676977852581,0.22997841380742493,0.5820809721055886,0.10527377494119365,0.3310481715767206,0.5024145644470528,0.0884827155371069,0.28024698173512114,0.19763926038567067,0.1066092399364089,0.32132052135943223,0.1366044716309615,0.10130355596665254,0.2716692505872859,0.3840679035162842,-0.2542705872192783,0.6001870354485479,0.13884936566987321,0.3444839872211028,0.11373266318510462,0.14445286739187707,0.16962119052928243,0.5599735697990036,0.25876313310621885,0.2797100022937882,0.19676405857091334,0.46647282742821283,-0.024385836291945465,0.15749118829168418,0.3481326172089301,0.004622960799299636,-0.057689865801903155,-0.13364750096427477,-0.09546276785352271,0.18343789420714762,0.06599581795734544,-0.35720596561339024,0.6368145233571495,-0.5023835712114523
0.05006072347045079,0.06732859259435828,0.028485409359804977,0.1581460085667479,0.29657617122424434,0.26447755879433504,0.076053014554759,0.16532897769854174,-0.010562400424501805,0.10243497039233809,0.08312705608470572,0.12746314812491183,0.053302706610885195,0.10311430290635543,0.1131443111797149,0.10204218801916622,0.1191079109190067,0.03827554188942621,0.5676804172997366,0.15842017428901975,0.11138959664676983,0.09407080004767801,-0.05126573067875329,0.06441497686373329,-0.019545176453174905,0.09061550287529106,0.06611925378186903,0.07245754396881837,0.012107716398489834,-0.04439291894675907,0.12131967950879355,0.09702988723648763,0.0910659780257443,0.10140506919146111,-0.03821788458282231,0.1532799861364931,0.06171514478887715,0.17178367081298546,0.04858032227249812,0.024823402383268044,0.125529719059684,0.08349637684680829,0.04644130225703537,0.05095505534629704,-0.046705237205944605,0.11709575548737801,-0.04349248199364646,0.01576185222746841,-0.04464705497743575,-0.006371353630518976,0.15966962131951684,0.2043539502509822,-0.13861980984728406,-0.07501489568110188,-0.09138188619595213,-0.02245651950034924,-0.0695410867492737,0.07913777932530357,0.0682334626612543
0.0070947838480653405,0.2096050028468387,-0.0447380162351335,0.16604251219079263,0.18945073535419718,0.18373326049106542,0.030932188003015837,0.40318563738197805,-0.0018075034566655342,0.19214498425872717,0.24612657761028636,0.15457616298083107,0.07165148671642123,0.17742448491241494,0.2662987523834973,0.189812347379876,0.36663278079784206,0.1110160489839566,0.15842017428901975,1.17021745738952,-0.11993884530637246,0.0768167371715958,0.19013488105013718,0.16741325825067233,0.21361560241382244,0.29244827546919705,0.29534193294565586,0.2944843719393201,0.7436733820856923,0.05161642878202259,0.17857222578330736,0.13460128968441334,0.1586453146293321,0.32491170316947415,0.37180486664397794,-0.06941900392759819,0.5618996156906166,0.3992522237773728,0.5913447900398539,0.42095069286953346,0.019275961077856955,0.2808602427163343,0.6199216865463477,-0.288814790020637,0.634678932205717,0.2154991856175524,0.06768519151071949,0.07575886848112717,0.3883779917980963,-0.03495415471957896,-0.043084384479506396,0.1287197400144359,0.057877426368513646,-0.09221002175384431,0.13873759499282956,0.01798998702231002,-0.20819749344625454,0.25533183810881355,-0.1724902043627967
0.10356976827765349,0.2414622820614259,0.2020406885459069,0.2323685868180066,0.13034584576890118,0.1835721461442308,0.21657560893221361,0.09281180091677763,0.17118539413816966,0.1529187508750423,0.24227999107656756,0.128264755063794,0.03662816763987167,0.21386003881781862,0.31389959876121654,0.15764762380766248,0.2783569536560228,0.3672676977852581,0.11138959664676983,-0.11993884530637246,1.5591078129229068,0.17153574710300998,0.4754208076911277,0.2098079070287324,0.3335656234902614,0.4947666716237104,0.049379479182463513,0.18011162673270775,-0.2513867682306571,0.16593256853734967,0.06914483036103415,0.25997436116548944,0.18726615141589945,0.23067904861264515,0.14897445315952015,-0.146234496255702,0.403059991047881,0.37209103881114086,-0.2916477183002144,-0.26951621160533085,0.7739190697128366,0.15951441034041972,0.13489448752289787,0.4161833121697593,-0.3994594943643645,0.1527050912933909,0.305316711855243,0.0362972933226048,0.2980274318156173,0.14491183928910237,-0.024180153178628993,0.16507888762640577,-0.11161781296572061,-0.02126491074897624,-0.049451177855530284,0.052330494742080534,-0.3121943454663707,-0.010566738912131031,0.3046330516431692
0.07963512238800748,0.1811994736202407,0.2272291120994699,0.2300577720681754,0.09727694487608005,0.1619948700965168,0.17321851748041253,0.17653803826776188,0.29146422280037404,0.17785139529544136,0.1474235957797825,0.12503378684114577,0.054066161638668286,0.20668630870513532,0.13786746609679196,0.2798687148332492,0.24348651898771365,0.22997841380742493,0.09407080004767801,0.0768167371715958,0.17153574710300998,0.7533505986859005,0.1579940198250573,0.15839307471084185,0.17365951998823756,0.21872008682851307,0.1376956038967087,0.18955072819109928,0.34794666198653285,0.06800175410519026,0.2630796174823245,0.20551393162845377,0.19065286314732077,0.2648149162373606,0.2445876184059809,-0.00590598036171006,0.37165612599753656,0.27903013098054547,0.3530848687295133,0.05442472359219708,0.19447886721751687,0.17264778595036215,0.3266536763176445,0.4089955670087625,-0.011192530048141549,0.25388361990999486,0.23562277246004554,-0.1326978323174916,0.45160469041494256,-0.12251021872905685,0.04682549436294258,-0.011329915007592109,0.02893708849478766,-0.09389598760581293,0.07992998727658908,0.084468459702182,-0.2534902827258563,0.14718582410564768,-0.11404668622126661
-0.012594594293771308,-0.13959952230661668,-0.3557799565767266,0.32453940850622165,0.2075170894484649,-0.00540603081920075,0.2338753482441456,0.2870068707799544,0.24940217573538073,0.30879487397797484,0.2625857052776691,0.16936329457774366,0.12273744954151995,0.15013887319306912,0.3802259846636135,0.1496550791841885,0.21993917514928343,0.5820809721055886,-0.05126573067875329,0.19013488105013718,0.4754208076911277,0.1579940198250573,2.0026736229933415,0.41302464146235934,0.7185198159925748,0.054791886835868324,0.16476663706216477,0.2802880985629279,0.5134730585958525,0.3734977097249083,-0.5780213980375637,0.11842762102270427,0.4838883325075942,0.27787382212861733,0.1077812199932271,-0.21045974597597397,0.5714162174353441,0.12562386671419298,0.3392348004419369,0.056850108787126125,0.51839632402447,0.13367674336665986,0.29334326170979336,-0.052373800214568084,-0.4092442031291637,0.20639832385093262,0.41296490237876654,0.04290020286328214,0.6591373081576075,0.1386904257313494,-0.10920687803881371,0.04081262217999311,0.12014834523018417,-0.017598153191935136,0.11976851661118165,0.08392155951494845,-0.3385029517695806,-0.17312722456188828,0.3650264357304633
-0.023318096491808788,0.01801260720389929,-0.07286196578368753,0.210044616164813,0.08993542730632931,0.01016311899843151,0.08521612446395921,0.1849790457147825,0.10141020466973479,0.1418882672278775,0.13504692909378033,0.1155995370592066,0.057902896679124564,0.12963142249222284,0.15042108033857338,0.12638755846607577,0.18704943242208322,0.10527377494119365,0.06441497686373329,0.16741325825067233,0.2098079070287324,0.15839307471084185,0.41302464146235934,0.5958045464535714,0.27260658503121155,0.05976552700499313,0.09245400404811785,0.38348461983219645,0.026840013900125068,0.6335639611380616,0.20068720699360595,0.17362460785496844,0.8141737870844453,0.12788949081626994,0.028700474758281427,0.04510095591681233,0.6428238402994464,0.20480924668976633,0.18027752350002552,-0.047995335352399644,0.16374263178208126,0.18795036181406216,0.09643011699008536,0.09145963816561771,-0.25733615534628174,0.253618358705853,0.3470752761891489,0.08776272835485009,0.19508857217313494,-0.16898299876065023,0.060027139575417596,0.16375729922812265,0.10240208364331624,-0.14322802134889343,-0.0006101880114928608,-0.011220219669087487,-0.07787084502029945,-0.5651447607214265,0.6684713297743621
0.06969943476101573,0.10162560489749829,0.10144022602750423,0.28470374940633075,0.04658335843274396,0.07996219758338996,0.16410567108929766,0.33223161621043484,0.10186885430004329,0.2378032547276882,0.25764904900897073,0.23628160991602098,0.08489971268440877,0.173047795846326,0.32473065419633335,0.24417834234845073,0.28165478459405385,0.3310481715767206,-0.019545176453174905,0.21361560241382244,0.3335656234902614,0.17365951998823756,0.7185198159925748,0.27260658503121155,1.6275568441634936,0.23641203855176954,0.2107357690945495,0.29680594489554973,0.5400467203605531,0.37647473926381825,-0.07753823310396307,0.16433706288715308,0.23736067172394337,0.42853561876425783,0.4580377845963017,-0.17974944732363735,0.7456648254212745,0.41931016493478385,0.760322856019254,0.1306194863084352,0.3405640490034937,0.22860053704561056,0.5685425847038991,0.5267325496173592,0.15830336787301502,0.45984603959040143,0.437849539554537,0.0027389122563991975,-0.32921648432528144,-0.6181174150511867,-0.13233841183943978,0.35309614851357485,0.24535016199658063,-0.09630658681301334,0.11051207383123904,0.1566900763187465,-0.2505349880358348,0.03927158270989298,-0.05070433664673043
0.0121885772580966,0.2276009007657826,-0.07856949763390528,0.24763391632825568,0.20151393051168934,0.23454301015743012,0.13138153745272635,0.3328827074964123,0.17631978362493617,0.15583612427753285,0.2279808455519319,0.14875420843425627,0.04818369814511819,0.30937894504535984,0.28364803542205574,0.23444046504315644,0.11678870811702016,0.5024145644470528,0.09061550287529106,0.29244827546919705,0.4947666716237104,0.21872008682851307,0.054791886835868324,0.05976552700499313,0.23641203855176954,2.536064011273675,0.2537525788951364,0.19546825671006787,-0.6103412507680033,-0.3838800065765703,0.5335001831192392,0.43903377595798054,-0.29979919056491094,0.6262043668089576,0.5410185847456861,-0.3461558669139219,0.4988831575836059,0.17971220646764394,0.3530231365869313,0.38493459927061463,-0.13234272680816772,0.2562763787409404,0.5727999425123194,0.11778699793526703,0.43271066753058446,-0.047088420460314494,0.19224375240544464,0.04866434270394809,0.9309301948377326,0.40915371888556984,-0.06467716665535903,-0.09552321503071494,-0.2759813012384663,-0.09901531131831062,-0.041308150165318754,-0.05501757336170205,-0.43253585327498867,0.8702325544446791,-0.4785617647248498
0.033310335052468186,0.10716285350568175,0.061404088504813235,0.1817963782671548,0.08831971991488455,0.10061651195744699,0.10272636109759557,0.22398226482803452,0.05563739065916041,0.15275377891638836,0.1780724746221586,0.2057786410824923,0.06812838239311331,0.1419396956642168,0.12453784695054072,0.17833776247869385,0.1708632033841667,0.0884827155371069,0.06611925378186903,0.29534193294565586,0.049379479182463513,0.1376956038967087,0.16476663706216477,0.09245400404811785,0.2107357690945495,0.2537525788951364,0.5936920092824792,0.11376414918222452,0.27251435029291193,0.0040939079066700775,0.05261896433478479,0.16778335930050314,0.018927995065100307,0.22912212727679987,0.20608532440786412,0.26376084370536496,0.20375697318893285,0.26587609212537416,0.17394184271749472,0.22229931758884203,0.0830527389942486,0.2155913494601337,0.4697300355156536,-0.16882508475286695,0.28328715619925465,0.1430393512762762,0.10126067082784104,0.05293283536457104,0.3577544233214135,-0.09876057859809505,-0.014649868535895422,0.0920949733806652,0.041301732676143864,-0.03043624238772886,0.09381917203257033,0.046851945133183755,-0.09516173537726232,0.3659740695303473,-0.39501025031163944
0.018241725587322028,0.17659916059942415,0.0704443295018447,0.021877722105452035,0.0014743190975752493,0.022830232762885982,0.04712025725345299,0.32415438418027204,0.08805082104140792,0.190406714204445,0.17633997464781453,0.12447544462239256,0.07817804534899044,0.10966994171632238,0.22959922282554968,0.20888030753543663,0.3002557977328237,0.28024698173512114,0.07245754396881837,0.2944843719393201,0.18011162673270775,0.18955072819109928,0.2802880985629279,0.38348461983219645,0.29680594489554973,0.19546825671006787,0.11376414918222452,1.6530348036033786,0.2679100740181433,0.4339739895958561,0.4535310840729442,0.05314447536786857,0.8361076605894056,0.1309532422727633,1.1578939817918306,-0.4390323565174369,1.229227050624318,0.19149963422176686,0.5375236126953388,0.22052939453646733,0.09917700491025488,0.4406837142891551,0.6184883772403016,0.2795636972894386,0.3874194207750669,0.27242186692990783,0.43027464188061754,0.08665024328624839,0.019564236963195265,0.13285497315938813,0.002571870414462338,0.44670044743728726,-0.36740097326220383,-0.0778662581255761,0.1852417659507226,0.07329115715050168,-0.31007274974557264,-0.25558221903457073,0.32999331245002406
0.17378977853589408,0.3351992373288897,0.43932396549777414,-0.037057245449888115,0.10696234820444799,0.18531451084644024,0.10920551385615859,0.14996120560934376,0.1343311855250834,0.19360650340163715,0.20140219557904468,0.08053702089240457,0.1263080295709165,0.1165938408043992,0.23347647186758452,0.3058226433373736,0.4280391662419851,0.19763926038567067,0.012107716398489834,0.7436733820856923,-0.2513867682306571,0.34794666198653285,0.5134730585958525,0.026840013900125068,0.5400467203605531,-0.6103412507680033,0.27251435029291193,0.2679100740181433,5.45346581976214,-0.9604078168365733,-0.3276001671770706,-0.03554127487206201,0.3250345450158261,-0.06622389965635547,0.28416694343748483,-0.213792240579375,0.04632588436410043,-0.21128934092176466,0.061388951120176304,0.42045385615855074,-0.22095723417261431,0.17160100182260984,0.8174068409005131,-0.9480539074613907,0.5721223909026839,0.37072203809416926,-0.13869295093678366,-0.039275723684199855,1.9464427686390442,0.033988546640877304,-0.03596866560147067,-0.10505069069514211,0.04523361510286858,0.06103317393213203,0.3467785530491621,0.0804928590728455,-0.5601371882417744,1.2444896365261517,-0.9817422224808336
-0.09548254670319149,-0.173632743846076,-0.728076387582685,0.1362398642496508,-0.10206610211383703,-0.21907665359774625,-0.013187538605438224,0.36198100820564005,0.024716393403481,0.22770331888139086,0.1479575130590897,0.10479133091285986,0.055844420944150194,0.06548683790439325,0.15019360726851733,0.07961726256730847,0.06557787361395351,0.1066092399364089,-0.04439291894675907,0.05161642878202259,0.16593256853734967,0.06800175410519026,0.3734977097249083,0.6335639611380616,0.37647473926381825,-0.3838800065765703,0.0040939079066700775,0.4339739895958561,-0.9604078168365733,4.1739480695183575,0.3975048018884831,0.008887590746138206,0.2646146335922529,0.004380941803835275,0.8118715093331866,-0.18051113219991866,1.4656266125840611,0.37031125266598275,0.5537826007920938,-0.22429719697128797,0.6603389570071031,0.24726532300198373,0.5762191466388523,0.7119694719281121,0.523755532759044,0.32502654740834996,1.7544100330709438,-0.03268387284820439,-0.8038666733581081,-0.532920197338256,0.1802340139941849,-0.07515269881113563,0.3280769107041296,-0.008010188256495913,0.4478318806045268,-0.21763482951352378,-0.14651294724983788,-0.021463984430334197,0.14537835583724276
0.06185851265724306,0.30932275025866834,0.3078184392524063,0.10115484609196478,0.013091089082948811,0.09656568279778978,0.038161870143705104,0.2201732795650471,0.0938221200643565,0.13246771542239297,0.1303972091564212,0.06779626367445733,0.016031080454260712,0.15387417211853785,0.12746238247374378,0.1948598360733318,0.25596636146739166,0.32132052135943223,0.12131967950879355,0.17857222578330736,0.06914483036103415,0.2630796174823245,-0.5780213980375637,0.20068720699360595,-0.07753823310396307,0.5335001831192392,0.05261896433478479,0.4535310840729442,-0.3276001671770706,0.3975048018884831,1.6442436523077293,0.17993903202083297,0.4430364220255813,0.13112891686848668,0.4433066574849882,0.058109824592528704,0.7529810008961858,0.17637919859251075,0.25519988633563767,0.014578222027538765,-0.2803327576597375,0.2656527021748898,0.3963615112375711,0.4712470157758828,0.5448569657677708,0.34191163288769094,0.38291914354995504,-0.006179232905146778,-0.640034088549081,0.05141266072800794,0.17131369964774038,0.0855286299526814,-0.11334883266333001,-0.24294559073250513,0.16329377974648165,0.05476288816970219,-0.08179248773420135,0.14514109537545025,-0.25284486143823154
0.036672257594914534,0.05737667078898096,0.05566983822520903,0.2818605339168895,0.13004279238760633,0.1389595709732583,0.11674174116304803,0.1697429735931113,0.07657324874922687,0.12259976821418822,0.15222183282202906,0.17673927968895253,0.051075288654786305,0.2722743291195587,0.12332006745605265,0.20511206415291922,0.13237499124529203,0.1366044716309615,0.09702988723648763,0.13460128968441334,0.25997436116548944,0.20551393162845377,0.11842762102270427,0.17362460785496844,0.16433706288715308,0.43903377595798054,0.16778335930050314,0.05314447536786857,-0.03554127487206201,0.008887590746138206,0.17993903202083297,0.544416481496374,-0.10264240916392176,0.24442108941456894,0.1555562202537429,0.12414372905242006,0.049970739868115496,0.16520196051254205,0.08067649787408096,0.05910089884118679,0.1488875315742998,0.11185088638262251,0.10362198752771488,0.1704732000775658,-0.02895458353197696,0.14853905280074517,0.11843573268949452,-0.01908478470566985,0.20907451964152723,-0.0009563401829325268,0.016543789309523584,0.11605455002612496,-0.09761172329425248,-0.027822649093153108,-0.15851099267228336,0.058173355536433526,0.1202856913990849,-0.05828395500985117,-0.04711008479916425
-0.002143408703394355,0.04664810277026132,0.07851089519592848,0.19259666902766226,0.061509696928526265,-0.09654294257565343,0.06395685683398243,0.1403897876755519,0.17764064377363725,0.10304210854811137,0.08001102761091876,0.04064698893371609,0.049706888071737815,0.011842166086928924,0.1464536132274548,0.07340904094109763,0.3446095271797706,0.10130355596665254,0.0910659780257443,0.1586453146293321,0.18726615141589945,0.19065286314732077,0.4838883325075942,0.8141737870844453,0.23736067172394337,-0.29979919056491094,0.018927995065100307,0.8361076605894056,0.3250345450158261,0.2646146335922529,0.4430364220255813,-0.10264240916392176,2.6307712935341403,-0.35382528124234663,-0.7696749566666115,-0.15021235682768966,1.1232996323543423,0.35755542067886026,0.05264672171716622,-0.21418010225208337,-0.03154989315691199,0.20267229188851052,0.041872525425825875,-0.21239146184527533,-0.8202259602667663,0.42911492183424405,0.1878225937525051,0.2501068774092569,0.27683844865128965,-0.18766357030004163,0.15579083336537847,0.3723406797600427,0.16202489866321737,-0.4053879445330412,0.08714325338395316,0.1754498650644557,-0.3055705014518816,-0.8493236173524281,1.0307518890664338
