1.8004426973651764,0.47942695069060487,0.8617900216189086,0.04707395090312631,0.1867087935719294,0.277404376130056,0.3228837841051846,0.24865635854462523,0.4187072855124478,0.26700660298519086,0.24553744248064704,0.2503371461064591,0.26146428923986975,0.32665629629579734,0.19426843753345902,0.2414866975277211,0.26200330623711565,0.22472306417436738,0.23675850121010222,0.19821439814687003,0.2845369123730257,0.28377809996004755,0.07046946863860266,0.04856155388595007,0.27080101932649736,0.1954858761691876,0.22367375423440683,0.22721998158608137,0.28754446696688707,0.4702577175185412,0.246299164691821,0.32210235393775244,0.2577908162500072,-0.226722668441281,0.22025696058690375,0.3439188463504256,0.29940341620788724,0.2946723645227908,0.11969935550671573,0.2867889401063442,0.27061303157336364,0.26819591673169346,0.20743262334087192,0.10452398927167236,0.049798414876213164,0.28763332520048157,0.3561866846328318,0.07073421023859726,0.0021155091413930967
0.47942695069060487,1.4585303461401409,1.232026963782775,0.22216512409023428,0.1361211604217921,0.5004761993904068,0.31265190573314783,0.5090582502876552,0.551456442193719,0.45790559410948656,0.3917127490296778,0.3259388433543488,0.44464819135279854,0.31408672909604,0.4419172227674139,0.30959332390002264,0.42193650110933023,0.499470868435922,0.280871460194,0.6372079451297159,0.4140821877874596,0.3400064507710292,0.1934708740294548,0.3004109843565211,0.44219814004573776,0.4981556443629248,0.3622289420959952,0.3582076592702388,0.6521548584749314,0.5128320822209449,0.4042851218882142,0.32167433107439963,0.27728245106762056,0.5161701015963153,0.46783900523351085,0.6206602382207091,0.5989370507619642,0.307573128464949,0.40119456266684883,0.3581941189742867,0.4423996591343778,0.40199621443585515,0.5021945805518647,0.15739274613723872,0.41288310903198683,0.4451522144078082,0.5404740170957358,0.18744397866469328,0.1958428228573053
0.8617900216189086,1.232026963782775,2.65688163022481,0.36985391813100266,0.15928029621730536,0.7589352775035361,0.3567038225479219,0.7961917822995063,0.9332459501337496,0.7564802399815994,0.5274637570631655,0.4404256335213131,0.6434958304491031,0.4809653255349992,0.48175293293336785,0.4324025530603143,0.6668177184800875,0.6010975568767284,0.45340134747336136,0.6365080843819451,0.5688738361388613,0.5646806127857898,0.39284472421804684,0.49452249445650537,0.5927935386248776,0.6667793550185978,0.48656396691010567,0.43760084216111894,0.9148225116861761,0.6808412045189931,0.49136590796751073,0.48025999423131677,0.3287803885372086,0.817890521652297,0.651642777852957,0.8930129757183153,0.5597532769216946,0.4156128362050971,0.6231121933177495,0.44454585066741664,0.5959269244188036,0.548179273395731,0.6946797525191488,0.28184220452703984,0.5142692531976049,0.5612358516742888,0.7696377345710713,0.17034805999064595,0.12830479897036223
0.04707395090312631,0.22216512409023428,0.36985391813100266,1.3602339243197021,0.45178421955573395,0.49188298233752276,0.3837880017735665,0.5095882242340383,0.27247399840713016,0.39678010410941744,0.4213253664444328,0.4309582302395533,0.42594655942704374,0.4597912988451341,0.3717914901499523,0.4586560758623196,0.4288573656046754,0.44853771797893194,0.3932012436514045,0.36415688331941787,0.3581014807952236,0.4744764318785815,0.4991359812938088,0.5219650643071794,0.45569187253897925,0.3441084267876338,0.34879574641934724,0.1916803022439323,0.5077740665655416,0.3553254755226313,0.35847632435149535,0.44437375861497624,0.2832664705421613,0.5525062908866646,0.052177297523830116,0.6560479907287159,0.3547605466521493,0.42860677186208507,0.4037174399602553,0.232369432616915,0.3604771728370519,0.33498778928059125,0.4085807614586787,0.3679344236989501,0.1732211016396016,0.4244988449440158,0.49082598466607646,0.11132812059866938,-0.07004519515033246
0.1867087935719294,0.1361211604217921,0.15928029621730536,0.45178421955573395,1.3054589135741825,0.41514526515311856,0.24209671070413727,0.36786881137309774,0.20025971736440965,0.4049921307353389,0.3321349362464844,0.4207160424524324,0.3446633523039265,0.36738269088078435,0.37631439408388695,0.4231403186919519,0.3398698385640645,0.31892096194740427,0.7360492723230577,0.1587084127887326,0.2776651768900133,0.5127301295176868,0.3371504760788037,0.3948491611934308,0.35035113015018143,0.25808635265523827,0.2590240898470969,0.14913666559867123,0.34847219863152845,0.20909907270647118,0.2961578465372809,0.3615110254314536,0.3201926114346506,0.2771053204625811,-0.07995509900819597,0.5473500881931214,0.23121499603804577,0.3262727412692819,0.3041058699625496,0.14600719879614746,0.2377250061646295,0.26302655498038474,0.2304682869056263,0.19565419938733766,0.0031737391454437344,0.347171392388966,0.2920967400364811,0.07029170019796183,0.25256623378486015
0.277404376130056,0.5004761993904068,0.7589352775035361,0.49188298233752276,0.41514526515311856,0.902155273607605,0.22787527761641635,0.6130869262794727,0.5243293146768799,0.42951615995108416,0.4568669181427334,0.46233340185288907,0.48802626580884984,0.4566636871692829,0.4218425171967174,0.4207218259484704,0.5052072861318293,0.46009837270353404,0.5985667482560645,0.47029245845024187,0.3884783565832989,0.5183757013349456,0.31363104578761036,0.38395394639890723,0.5064900103441233,0.5403458238055034,0.3914921510389609,0.2814702698670073,0.5835842572632998,0.35352890319137603,0.37538031643106906,0.45854174665478614,0.24848948594871653,0.6900800062075885,0.3719161760274734,0.5925197778331017,0.39500511879953926,0.36550639837404053,0.506285895395517,0.28429306547613764,0.4418007956409969,0.36162338751236733,0.4905881400038818,0.2630888476193132,0.27670494659489986,0.4107307693053911,0.5060536436369901,0.1493753281353445,0.5061122164578165
0.3228837841051846,0.31265190573314783,0.3567038225479219,0.3837880017735665,0.24209671070413727,0.22787527761641635,0.7764707952949066,0.3937478398078845,0.4066842733601154,0.25724848922804566,0.3499954659533702,0.30504031503452184,0.36363741963319457,0.2255100067392852,0.07384622392186443,0.2841261607010424,0.33794226722184734,0.3138222358698114,0.19789298800729455,0.25156913470544473,0.2853712707717759,0.28743082874667814,0.375654313796726,0.35942998918417707,0.29843385001288286,0.3034053089800249,0.2580540712186199,0.12906689755544637,0.38273371924414706,0.3171479446486602,0.2501378285374303,0.231219962244821,0.1741538291452735,0.36016454147389276,0.17276019837625903,0.5104524842212038,0.22810692297945814,0.24197977093984682,0.29290877797470183,0.225795981366428,0.22533388262107748,0.27743994102858266,0.3143101370009041,0.20522520885650755,0.17317043905662802,0.3026665521609375,0.297149929245839,0.09489181352911373,-0.09773760037740646
0.24865635854462523,0.5090582502876552,0.7961917822995063,0.5095882242340383,0.36786881137309774,0.6130869262794727,0.3937478398078845,0.950740182264149,0.36607679721743747,0.4286734116540021,0.4646028935887228,0.26353532549021574,0.5270201009650264,0.39437202743005173,0.30981343031886965,0.37289142913236345,0.5100874200616521,0.521122030322976,0.4415320689540479,0.5085898526148934,0.383712796036426,0.4578293394461157,0.39120845080950684,0.3976089883105415,0.5019626958908863,0.5405953453963871,0.37527290331665347,0.2142443970128,0.6368021580874076,0.413345292294211,0.368632770994775,0.3950941997136776,0.16940425716232022,0.7052021738128522,0.3928758111330235,0.6113133093480879,0.36351328038469644,0.30220348156547105,0.5830077402256768,0.3108122481076959,0.4597751136513209,0.3602599510278614,0.49884762296106083,0.25483831690261544,0.27633116087373244,0.4149717015868666,0.5615961715854447,0.129424774393465,0.2997633673211878
0.4187072855124478,0.551456442193719,0.9332459501337496,0.27247399840713016,0.20025971736440965,0.5243293146768799,0.4066842733601154,0.36607679721743747,1.0785569069359862,0.25214508906665556,0.3422582824345244,0.2864701074335296,0.41978094303747615,0.34754651640750805,0.08998342873325822,0.31827117813552314,0.43741441260056224,0.33651623350679155,0.3244239669245828,0.39266430843616423,0.3845459104444044,0.33056219422481814,0.3252788653029054,0.43581181988698575,0.2866451106590415,0.4970828505258842,0.3079193754200545,0.28792898439255843,0.44147901310170634,0.39862883127115434,0.3332931097458864,0.34657214258427294,0.3069883227742607,0.49711255482418093,0.2908649379634652,0.6340732995588085,0.34736315277761526,0.37057211326214,0.3439172724168207,0.2769494869215862,0.3596157744447862,0.3749701636361517,0.47109062604129726,0.22519556940079172,0.35638879801620804,0.4232367083041034,0.419122076138683,0.13123199468783583,-0.3527375089579394
0.26700660298519086,0.45790559410948656,0.7564802399815994,0.39678010410941744,0.4049921307353389,0.42951615995108416,0.25724848922804566,0.4286734116540021,0.25214508906665556,0.9110488038296488,0.3527760043257486,0.4426445478715633,0.41633674761337247,0.34656700783997507,0.42003185824646094,0.3726850374281597,0.41328245067474123,0.4300365947913126,0.38711602148658764,0.29226364809732946,0.30627786591547096,0.4191915937194958,0.3719960154759409,0.37279902499577816,0.41297534888286586,0.34588854342998293,0.3258050341233574,0.21251650174601114,0.5638819498798116,0.3739515099416617,0.3108968854980412,0.34230914149426295,0.17153462328528934,0.535666745795131,0.3046696217303039,0.6030129474117529,0.3030819247513927,0.24612419841968466,0.3909199239391377,0.23317821023727925,0.3459740258585566,0.28006764485599145,0.37266908084163214,0.23341785321504688,0.15417635199699245,0.3302905444033053,0.4862602229895372,0.11791843214998131,0.3837095697892827
0.24553744248064704,0.3917127490296778,0.5274637570631655,0.4213253664444328,0.3321349362464844,0.4568669181427334,0.3499954659533702,0.4646028935887228,0.3422582824345244,0.3527760043257486,0.6116901504676443,0.3890998324276568,0.42975629511456703,0.3249185407484227,0.3539004110407575,0.3691358156396971,0.44238699871151244,0.4262653954697677,0.357393333427754,0.43102680008558036,0.3587106504941393,0.3586905834542528,0.34820326805650303,0.41977830473578476,0.3923881655310131,0.33945032465496755,0.3489055457552906,0.24736637525740796,0.5276461317878266,0.40499539021365866,0.3848636689189496,0.325528822423546,0.23725050977335263,0.41513857739600335,0.29696121834249595,0.6530270502914359,0.359117117160751,0.29996106512948617,0.39332753239079354,0.29872407986955846,0.3555421825132106,0.3416437204399886,0.3899045421205891,0.1904911534757859,0.21918559596793538,0.43735524629304023,0.4571165854112633,0.13027896362286367,-0.09951159092219261
0.2503371461064591,0.3259388433543488,0.4404256335213131,0.4309582302395533,0.4207160424524324,0.46233340185288907,0.30504031503452184,0.26353532549021574,0.2864701074335296,0.4426445478715633,0.3890998324276568,0.6876893322670297,0.34986472194057894,0.38060093883523854,0.4016306771483037,0.40067111245899206,0.37909188218342266,0.3076792722380306,0.40091463843841774,0.2733865949038048,0.28021807361560447,0.4137863511298488,0.2944698609135169,0.3138824756564109,0.38929568254278163,0.3703015056986714,0.3537153926254962,0.17672094304573674,0.42640540031156665,0.24172208404132536,0.26907480588967175,0.3773185386332159,0.1957347213087886,0.41888438818686324,0.2369387878094571,0.4887381250534669,0.27583793305426835,0.2564149246377486,0.2766433108136137,0.22459605274110378,0.2115284076534489,0.2614526812273708,0.30518394253904857,0.19777698992616005,0.13795947032523279,0.2874026330567832,0.3215567154369865,0.12023949917763836,0.5353112903900272
0.26146428923986975,0.44464819135279854,0.6434958304491031,0.42594655942704374,0.3446633523039265,0.48802626580884984,0.36363741963319457,0.5270201009650264,0.41978094303747615,0.41633674761337247,0.42975629511456703,0.34986472194057894,0.6960269003940407,0.3524391779690504,0.2548730195233485,0.40037978207899244,0.43457123268634845,0.43696173314740033,0.375550497145388,0.41289565131201517,0.3637837890976897,0.4178402975243246,0.3912276228548946,0.450472293054766,0.42604487058818,0.4409423479366666,0.3751677636523479,0.2524413565424196,0.5945467383738982,0.41872789092126467,0.35898948983647133,0.34817602071106535,0.22860155049540923,0.5217573675563367,0.34777994395335615,0.6529729982971996,0.29609608223666467,0.2603937504196092,0.4825547942791305,0.30071892259872834,0.3973218488528811,0.34327488269710704,0.4238929260293528,0.25035893123205827,0.1590289801066306,0.43063946124162444,0.4777120219872229,0.12709139200368694,0.12703107320235985
0.32665629629579734,0.31408672909604,0.4809653255349992,0.4597912988451341,0.36738269088078435,0.4566636871692829,0.2255100067392852,0.39437202743005173,0.34754651640750805,0.34656700783997507,0.3249185407484227,0.38060093883523854,0.3524391779690504,0.7654695044511838,0.37729154137860266,0.4889896426824035,0.3925477970768817,0.31708366691839035,0.3859185525492099,0.4053558851683823,0.3227975672444107,0.5175160886145387,0.2967616982292238,0.4578485986777274,0.4076617177441453,0.3430023371237799,0.35906425886247495,0.2906669473840174,0.4330383138000819,0.474862027149616,0.38878157249984524,0.7261761175453906,0.2600809846538439,0.3039493490749593,0.28316890702630193,0.616382788725129,0.4542809681727136,0.3786382185358022,0.27733123646357816,0.28184788613050527,0.42987507839169214,0.29877349706785566,0.35324390962450103,0.23786496131914775,0.11639103671945639,0.3886964084068396,0.48183861609538664,0.12485588869362221,0.5514648383212137
0.19426843753345902,0.4419172227674139,0.48175293293336785,0.3717914901499523,0.37631439408388695,0.4218425171967174,0.07384622392186443,0.30981343031886965,0.08998342873325822,0.42003185824646094,0.3539004110407575,0.4016306771483037,0.2548730195233485,0.37729154137860266,1.0939700418517746,0.3277887420519518,0.2595020512084844,0.5095336578027982,0.37630437959484786,0.3668770024865464,0.3363954071466729,0.4444288691452122,0.43458012961319215,0.3635179864475848,0.49026272838454943,0.20706816423281976,0.28040377272117273,0.2929708487766976,0.5861031240822993,0.533763256993902,0.34631815755393053,0.3553367432382817,0.27594328925740713,0.3725617116985502,0.23912968264697773,0.7600479324612355,0.3399921560908752,0.28560644265764423,0.4016488788608007,0.29200447558007575,0.31646463292923055,0.31546317708584043,0.4115454002546703,0.21327729981634672,0.22340881288849257,0.34326870693630673,0.5143308948684883,0.1299416933135282,0.23832465614430168
0.2414866975277211,0.30959332390002264,0.4324025530603143,0.4586560758623196,0.4231403186919519,0.4207218259484704,0.2841261607010424,0.37289142913236345,0.31827117813552314,0.3726850374281597,0.3691358156396971,0.40067111245899206,0.40037978207899244,0.4889896426824035,0.3277887420519518,0.8432696555944242,0.441566307440105,0.38590317272111674,0.403347594670837,0.3841587236414042,0.3002128794262087,0.4536268491545367,0.32566568573226123,0.39664383886383797,0.44844243560192987,0.40290057364884274,0.3878034246452956,0.2998581086194017,0.4795309364618559,0.395590112030682,0.36494355852970306,0.4773758691398101,0.19586000571634515,0.419954614132049,0.4105053411829831,0.618559989042015,0.37174045196210576,0.30869060149159055,0.3814480881673818,0.28569145208056984,0.34763430071464463,0.27956835021964166,0.3887864589864548,0.2693931929508015,0.21267106143107498,0.3606025194542537,0.43663825747101565,0.10869209623653818,0.31563995132318606
0.26200330623711565,0.42193650110933023,0.6668177184800875,0.4288573656046754,0.3398698385640645,0.5052072861318293,0.33794226722184734,0.5100874200616521,0.43741441260056224,0.41328245067474123,0.44238699871151244,0.37909188218342266,0.43457123268634845,0.3925477970768817,0.2595020512084844,0.441566307440105,1.0395005950652114,0.3613737868845841,0.40820855673030976,0.5586297148974319,0.41946755291658727,0.717660653904217,0.3068642339810478,0.5095143226362986,0.5435061936111142,0.21049275216066288,0.3952819689104187,0.35661983041300516,0.5195645574772746,0.5225221953617154,0.45532880248841767,0.3821857797493929,0.43096921794052107,0.437439401882622,0.2928515778229596,0.689133771068737,0.7553901969435288,0.49550540158272743,0.2530274169411308,0.34623756792508587,0.4495290758269476,0.39484900862654176,0.49385054102280396,0.26023080573256735,0.26906584137333395,0.5186831941038086,0.5905337385622795,0.07170914821773816,0.35053163141227545
0.22472306417436738,0.499470868435922,0.6010975568767284,0.44853771797893194,0.31892096194740427,0.46009837270353404,0.3138222358698114,0.521122030322976,0.33651623350679155,0.4300365947913126,0.4262653954697677,0.3076792722380306,0.43696173314740033,0.31708366691839035,0.5095336578027982,0.38590317272111674,0.3613737868845841,0.8628365230376429,0.3497097765192628,0.3653689661051362,0.4092685239811687,0.38259163333147167,0.526525645252423,0.4075288184544791,0.4927573071072778,0.4311017577757939,0.31701574817273104,0.2997583282004332,0.6437479338620048,0.4422456540668569,0.48004391830957327,0.30210284240714935,0.2511050941673556,0.5494910910184831,0.3274862527591632,0.8608634066501144,0.4098506647786166,0.3269486105679799,0.48569903682547466,0.3015919109068844,0.3708126138308602,0.3852188079588692,0.5041235716192988,0.2623304998960076,0.32771169869632594,0.41601989042959947,0.6365895602739416,0.1519591434721503,-0.18461001159556334
0.23675850121010222,0.280871460194,0.45340134747336136,0.3932012436514045,0.7360492723230577,0.5985667482560645,0.19789298800729455,0.4415320689540479,0.3244239669245828,0.38711602148658764,0.357393333427754,0.40091463843841774,0.375550497145388,0.3859185525492099,0.37630437959484786,0.403347594670837,0.40820855673030976,0.3497097765192628,0.785447424236773,0.25980391851502055,0.327873268965977,0.5430404191436379,0.26422654721552696,0.34040481403485134,0.4089060653778983,0.35553033756826175,0.3020323294546722,0.23920945246770922,0.4072463034224329,0.315199780128845,0.31566199775358017,0.38066854420205853,0.3082787237963174,0.4284481111102607,0.16911907289021447,0.5374530174589092,0.30276564590139843,0.3452752591909014,0.39745293572577645,0.20175034199275477,0.3417456414952828,0.30933348468031463,0.35168481762257553,0.20963351545207462,0.1451262569640713,0.35384806920858786,0.3698450372218597,0.08812451969520028,0.40087414945757643
0.19821439814687003,0.6372079451297159,0.6365080843819451,0.36415688331941787,0.1587084127887326,0.47029245845024187,0.25156913470544473,0.5085898526148934,0.39266430843616423,0.29226364809732946,0.43102680008558036,0.2733865949038048,0.41289565131201517,0.4053558851683823,0.3668770024865464,0.3841587236414042,0.5586297148974319,0.3653689661051362,0.25980391851502055,1.6054090243164234,0.3462317263961247,0.4101084354066892,0.20388191865325217,0.4985598359498044,0.5486728750925429,0.33638063692132353,0.47301997787432415,0.3656193204907981,0.6608406915530809,0.7710133603091585,0.5247256882656433,0.4217685872326498,0.3736566152520573,0.44463664872737385,0.393768110407901,0.6439091763666117,1.030030649376014,0.4332480449881307,0.45270850362597254,0.584789866420287,0.713594066532727,0.3519787504120313,0.5352709972512092,0.14181696361586027,0.28559535927012647,0.7292582063585932,0.5261531669193454,0.32235192337027835,0.7376736498190556
0.2845369123730257,0.4140821877874596,0.5688738361388613,0.3581014807952236,0.2776651768900133,0.3884783565832989,0.2853712707717759,0.383712796036426,0.3845459104444044,0.30627786591547096,0.3587106504941393,0.28021807361560447,0.3637837890976897,0.3227975672444107,0.3363954071466729,0.3002128794262087,0.41946755291658727,0.4092685239811687,0.327873268965977,0.3462317263961247,0.7319299993663745,0.4265603102422784,0.4020044652330869,0.4150223842845413,0.3883901822251612,0.2167176145221663,0.2750841244061685,0.3561806110943197,0.4325758969831711,0.6591434590092887,0.44637482034528253,0.31460921134863545,0.44996317117740564,0.28769605361064227,0.23022112905185424,0.7785655785869485,0.4583071657546538,0.5195088117215951,0.4309086387722293,0.46317832355455374,0.4770351626487137,0.694927475380266,0.5642455839780119,0.25838758291807706,0.4523502549532119,0.4015571216472181,0.6209681863400843,0.17935021962501485,-0.3559281951203111
0.28377809996004755,0.3400064507710292,0.5646806127857898,0.4744764318785815,0.5127301295176868,0.5183757013349456,0.28743082874667814,0.4578293394461157,0.33056219422481814,0.4191915937194958,0.3586905834542528,0.4137863511298488,0.4178402975243246,0.5175160886145387,0.4444288691452122,0.4536268491545367,0.717660653904217,0.38259163333147167,0.5430404191436379,0.4101084354066892,0.4265603102422784,2.8888891278138056,0.36094178040686864,0.35915247441297105,0.6569477678739033,0.3337902366343052,0.4307852336374108,0.40780669248888746,0.3390568350510479,0.45055391911468184,0.3581255049606957,0.5306129116207831,0.8189396245666084,0.5232912844016538,0.0707724869200487,0.5974741389323966,0.7314635714971887,0.8695519687698824,0.234742800585036,0.3259071655876828,0.554012940701875,0.4593761728294073,0.5073168405517978,0.4970371395814269,-0.14904486877274892,0.5410262629949482,0.49141453245293704,-0.7553257431493281,2.5433039328080236
0.07046946863860266,0.1934708740294548,0.39284472421804684,0.4991359812938088,0.3371504760788037,0.31363104578761036,0.375654313796726,0.39120845080950684,0.3252788653029054,0.3719960154759409,0.34820326805650303,0.2944698609135169,0.3912276228548946,0.2967616982292238,0.43458012961319215,0.32566568573226123,0.3068642339810478,0.526525645252423,0.26422654721552696,0.20388191865325217,0.4020044652330869,0.36094178040686864,1.5234138870100735,0.9428872310669794,0.5798750627984646,0.017393857400030868,0.20796371729597918,-0.03704485122220289,0.8861290488807304,0.7592470307331035,0.29563941217678763,0.24840437458615894,0.1582449267941936,0.4107569857968998,-0.08171374092593618,1.3928004976209412,0.10960828873234794,0.35173426397278645,0.5838235242024894,0.41389998246062293,0.20493952465322918,0.3552467088084433,0.5554018377271315,0.47978385144032565,0.1437572002083104,0.47750043676721293,0.6477305110109436,0.1934733923843596,-0.8265168612240623
0.04856155388595007,0.3004109843565211,0.49452249445650537,0.5219650643071794,0.3948491611934308,0.38395394639890723,0.35942998918417707,0.3976089883105415,0.43581181988698575,0.37279902499577816,0.41977830473578476,0.3138824756564109,0.450472293054766,0.4578485986777274,0.3635179864475848,0.39664383886383797,0.5095143226362986,0.4075288184544791,0.34040481403485134,0.4985598359498044,0.4150223842845413,0.35915247441297105,0.9428872310669794,2.5632119125100696,0.36451611930539646,-0.525111068341621,0.3735895518135205,0.12895599100650246,0.6085423753348178,1.1618162027219399,0.9763245768350071,0.4277522715686755,0.30214239771559337,-0.3829966017311092,-0.04680849783711136,1.217088358663295,0.7133234816418058,0.4787316192842119,0.1056703411570813,0.44832818656997203,0.6898585105671433,0.3674417300036565,0.21356041458807942,0.3147940833196079,-0.3368813958024461,0.7855589874733564,0.8160899498844194,0.25074477328572287,-0.5979913931889219
0.27080101932649736,0.44219814004573776,0.5927935386248776,0.45569187253897925,0.35035113015018143,0.5064900103441233,0.29843385001288286,0.5019626958908863,0.2866451106590415,0.41297534888286586,0.3923881655310131,0.38929568254278163,0.42604487058818,0.4076617177441453,0.49026272838454943,0.44844243560192987,0.5435061936111142,0.4927573071072778,0.4089060653778983,0.5486728750925429,0.3883901822251612,0.6569477678739033,0.5798750627984646,0.36451611930539646,1.6193538350052998,0.41459536976519434,0.3541727864379636,0.28024969962277,0.8160875427250318,0.576358876150052,0.348865025784962,0.3875182727619646,0.28852370317408155,0.7255570559152853,0.36784241785847865,0.8524085155735122,0.48681310797547755,0.4401726144267414,0.5603201419816467,0.35222303698688673,0.2767794376718256,0.3779710186042464,0.6012471704971035,0.31967207585999663,0.4305394117225429,0.4738481326509274,0.5787059097737852,0.08039064467383414,0.2940140935981064
0.1954858761691876,0.4981556443629248,0.6667793550185978,0.3441084267876338,0.25808635265523827,0.5403458238055034,0.3034053089800249,0.5405953453963871,0.4970828505258842,0.34588854342998293,0.33945032465496755,0.3703015056986714,0.4409423479366666,0.3430023371237799,0.20706816423281976,0.40290057364884274,0.21049275216066288,0.4311017577757939,0.35553033756826175,0.33638063692132353,0.2167176145221663,0.3337902366343052,0.017393857400030868,-0.525111068341621,0.41459536976519434,2.5807652925564235,0.26294257848723973,0.4597507658083424,0.44844717699589565,-0.608277192870807,0.02289006105697584,0.33685543267884754,0.05637374613100145,1.2597309503773801,0.7736805128984601,0.39564972786527214,-0.6379678115541282,0.06364533229420673,0.7315420939825596,0.15824793515412253,-0.024522609382497607,0.23782760493542157,0.5923468198723684,0.22351658964323132,0.8633879259305453,-0.09423002250087957,-0.07035686057969846,0.04651942329296542,0.4788312204520403
0.22367375423440683,0.3622289420959952,0.48656396691010567,0.34879574641934724,0.2590240898470969,0.3914921510389609,0.2580540712186199,0.37527290331665347,0.3079193754200545,0.3258050341233574,0.3489055457552906,0.3537153926254962,0.3751677636523479,0.35906425886247495,0.28040377272117273,0.3878034246452956,0.3952819689104187,0.31701574817273104,0.3020323294546722,0.47301997787432415,0.2750841244061685,0.4307852336374108,0.20796371729597918,0.3735895518135205,0.3541727864379636,0.26294257848723973,0.8806036333227881,0.3302414412135475,0.3709209979085762,0.34863018953415503,0.3859168224263573,0.4054523170287656,0.3225863696406841,0.39819212105622337,0.3395152842790275,0.5881333230284083,0.5209096772602724,0.3115804407409681,0.2429498315423084,0.31856698900762964,0.4102707586157889,0.2692121759429906,0.35670856824300484,0.18347449996050882,0.07382385997326849,0.5853441956760638,0.37158655943100977,0.14713395201322793,0.2370800325176176
0.22721998158608137,0.3582076592702388,0.43760084216111894,0.1916803022439323,0.14913666559867123,0.2814702698670073,0.12906689755544637,0.2142443970128,0.28792898439255843,0.21251650174601114,0.24736637525740796,0.17672094304573674,0.2524413565424196,0.2906669473840174,0.2929708487766976,0.2998581086194017,0.35661983041300516,0.2997583282004332,0.23920945246770922,0.3656193204907981,0.3561806110943197,0.40780669248888746,-0.03704485122220289,0.12895599100650246,0.28024969962277,0.4597507658083424,0.3302414412135475,0.9896438661486331,0.1435678697036311,0.5139589340286976,0.4097150485539736,0.28624161029650175,0.7153797302554732,0.25009070329962935,0.5990258589101453,0.8670665451329801,0.5174271533850293,0.4701205033551244,0.16984351119947677,0.31981652865293064,0.3707506412628769,0.34253231792389666,0.6046452634418533,0.2867229933304972,0.5524128964862108,0.2595306514528549,0.38459997340328383,0.18500426068594872,-0.1849216167536323
0.28754446696688707,0.6521548584749314,0.9148225116861761,0.5077740665655416,0.34847219863152845,0.5835842572632998,0.38273371924414706,0.6368021580874076,0.44147901310170634,0.5638819498798116,0.5276461317878266,0.42640540031156665,0.5945467383738982,0.4330383138000819,0.5861031240822993,0.4795309364618559,0.5195645574772746,0.6437479338620048,0.4072463034224329,0.6608406915530809,0.4325758969831711,0.3390568350510479,0.8861290488807304,0.6085423753348178,0.8160875427250318,0.44844717699589565,0.3709209979085762,0.1435678697036311,3.453464214685441,0.7712919984596257,0.15456234080667977,0.43104975897480813,-0.11291640077918201,1.062177576229351,0.41307924145179753,1.498903350683332,-0.6419925806742853,-0.14442282865401618,1.0824139221801499,0.3607114126619687,0.15196757043320702,0.3117674665860114,0.443924078096041,0.02351298755508958,0.5370370536241348,0.49963263872901553,0.7884512363465558,0.06011784221280817,-0.1858175775880293
0.4702577175185412,0.5128320822209449,0.6808412045189931,0.3553254755226313,0.20909907270647118,0.35352890319137603,0.3171479446486602,0.413345292294211,0.39862883127115434,0.3739515099416617,0.40499539021365866,0.24172208404132536,0.41872789092126467,0.474862027149616,0.533763256993902,0.395590112030682,0.5225221953617154,0.4422456540668569,0.315199780128845,0.7710133603091585,0.6591434590092887,0.45055391911468184,0.7592470307331035,1.1618162027219399,0.576358876150052,-0.608277192870807,0.34863018953415503,0.5139589340286976,0.7712919984596257,3.697715097618455,0.6593564833498594,0.4865482033026185,0.6596159948604783,-0.5948832953692443,0.48889769229466284,1.3253104383601637,1.1452133602998464,0.821637547360997,0.4958733190843188,0.9507616713708192,1.2636468201295399,0.6846337207471003,1.1599168410605418,0.44025090756236146,0.17285978927444914,0.6006636735445852,1.7634036567721771,0.39220566757860337,-0.2710615134011891
0.246299164691821,0.4042851218882142,0.49136590796751073,0.35847632435149535,0.2961578465372809,0.37538031643106906,0.2501378285374303,0.368632770994775,0.3332931097458864,0.3108968854980412,0.3848636689189496,0.26907480588967175,0.35898948983647133,0.38878157249984524,0.34631815755393053,0.36494355852970306,0.45532880248841767,0.48004391830957327,0.31566199775358017,0.5247256882656433,0.44637482034528253,0.3581255049606957,0.29563941217678763,0.9763245768350071,0.348865025784962,0.02289006105697584,0.3859168224263573,0.4097150485539736,0.15456234080667977,0.6593564833498594,1.52849930914111,0.39928255878637603,0.39024371132556224,0.006512508159947382,0.28513204381899226,0.9497590167199834,0.930271320261557,0.5328895219935496,0.19783331716567612,0.3160042983359046,0.7114722224887564,0.4241777315190641,0.29521664898902017,0.2096640499315334,0.09981678286827574,0.621773008371838,0.6446123211225434,0.27687486057993277,-0.09568261278350225
0.32210235393775244,0.32167433107439963,0.48025999423131677,0.44437375861497624,0.3615110254314536,0.45854174665478614,0.231219962244821,0.3950941997136776,0.34657214258427294,0.34230914149426295,0.325528822423546,0.3773185386332159,0.34817602071106535,0.7261761175453906,0.3553367432382817,0.4773758691398101,0.3821857797493929,0.30210284240714935,0.38066854420205853,0.4217685872326498,0.31460921134863545,0.5306129116207831,0.24840437458615894,0.4277522715686755,0.3875182727619646,0.33685543267884754,0.4054523170287656,0.28624161029650175,0.43104975897480813,0.4865482033026185,0.39928255878637603,1.006367815486662,0.24969612143922998,0.32781938672095756,0.28674893729646,0.5906339318702083,0.46326192796430204,0.3880297804156084,0.27816943184954085,0.2631195853940256,0.48190695203934625,0.29150043661457564,0.32536568063247084,0.21541844035063193,0.07848901035234492,0.4130485736231381,0.49386071071413135,0.12610744965059906,0.673650286293325
0.2577908162500072,0.27728245106762056,0.3287803885372086,0.2832664705421613,0.3201926114346506,0.24848948594871653,0.1741538291452735,0.16940425716232022,0.3069883227742607,0.17153462328528934,0.23725050977335263,0.1957347213087886,0.22860155049540923,0.2600809846538439,0.27594328925740713,0.19586000571634515,0.43096921794052107,0.2511050941673556,0.3082787237963174,0.3736566152520573,0.44996317117740564,0.8189396245666084,0.1582449267941936,0.30214239771559337,0.28852370317408155,0.05637374613100145,0.3225863696406841,0.7153797302554732,-0.11291640077918201,0.6596159948604783,0.39024371132556224,0.24969612143922998,2.2983749523882624,-0.1514321882188251,-0.505124888392592,0.8728607011451553,0.9806257550796943,0.8148114295484081,-0.3340264116174318,0.2855004378966387,0.45032710713852064,0.4456743819560594,0.5955243707972243,0.2294031646187432,0.03644364445634253,0.599012467306647,0.4625467215752111,0.20911512399122853,-0.41594184760201663
-0.226722668441281,0.5161701015963153,0.817890521652297,0.5525062908866646,0.2771053204625811,0.6900800062075885,0.36016454147389276,0.7052021738128522,0.49711255482418093,0.535666745795131,0.41513857739600335,0.41888438818686324,0.5217573675563367,0.3039493490749593,0.3725617116985502,0.419954614132049,0.437439401882622,0.5494910910184831,0.4284481111102607,0.44463664872737385,0.28769605361064227,0.5232912844016538,0.4107569857968998,-0.3829966017311092,0.7255570559152853,1.2597309503773801,0.39819212105622337,0.25009070329962935,1.062177576229351,-0.5948832953692443,0.006512508159947382,0.32781938672095756,-0.1514321882188251,3.772473593347703,0.9174994024401543,0.47760685815752735,0.02026645505202932,0.07164926250700335,1.2831634819626556,-0.29507175592376,0.39076272099409265,0.2590426675844631,1.066357828201933,0.4114738399502666,1.3205216572393528,0.07232942222335118,0.20287657163272493,0.1143130351674185,1.372936236031952
0.22025696058690375,0.46783900523351085,0.651642777852957,0.052177297523830116,-0.07995509900819597,0.3719161760274734,0.17276019837625903,0.3928758111330235,0.2908649379634652,0.3046696217303039,0.29696121834249595,0.2369387878094571,0.34777994395335615,0.28316890702630193,0.23912968264697773,0.4105053411829831,0.2928515778229596,0.3274862527591632,0.16911907289021447,0.393768110407901,0.23022112905185424,0.0707724869200487,-0.08171374092593618,-0.04680849783711136,0.36784241785847865,0.7736805128984601,0.3395152842790275,0.5990258589101453,0.41307924145179753,0.48889769229466284,0.28513204381899226,0.28674893729646,-0.505124888392592,0.9174994024401543,2.3768211232424226,0.29490852950322166,0.10499395026444357,-0.15057654847419227,0.7259464732706519,0.45786583745577103,0.385233459965182,0.20278636050966412,0.6497061812476642,0.22080151507690646,0.9190148355726602,-0.09864103160376504,0.37862649976193924,0.14889446155292657,0.9272053408477073
0.3439188463504256,0.6206602382207091,0.8930129757183153,0.6560479907287159,0.5473500881931214,0.5925197778331017,0.5104524842212038,0.6113133093480879,0.6340732995588085,0.6030129474117529,0.6530270502914359,0.4887381250534669,0.6529729982971996,0.616382788725129,0.7600479324612355,0.618559989042015,0.689133771068737,0.8608634066501144,0.5374530174589092,0.6439091763666117,0.7785655785869485,0.5974741389323966,1.3928004976209412,1.217088358663295,0.8524085155735122,0.39564972786527214,0.5881333230284083,0.8670665451329801,1.498903350683332,1.3253104383601637,0.9497590167199834,0.5906339318702083,0.8728607011451553,0.47760685815752735,0.29490852950322166,3.7904699827407318,0.4872478915513443,0.5559367201396227,0.6006483687304993,0.7213281024426015,0.38525230822569817,0.7088149643903384,0.7788609629012708,0.047894454037422936,0.6761209089287905,1.1755760418716537,0.9080064110407906,0.4137534142000703,-2.243442222583145
0.29940341620788724,0.5989370507619642,0.5597532769216946,0.3547605466521493,0.23121499603804577,0.39500511879953926,0.22810692297945814,0.36351328038469644,0.34736315277761526,0.3030819247513927,0.359117117160751,0.27583793305426835,0.29609608223666467,0.4542809681727136,0.3399921560908752,0.37174045196210576,0.7553901969435288,0.4098506647786166,0.30276564590139843,1.030030649376014,0.4583071657546538,0.7314635714971887,0.10960828873234794,0.7133234816418058,0.48681310797547755,-0.6379678115541282,0.5209096772602724,0.5174271533850293,-0.6419925806742853,1.1452133602998464,0.930271320261557,0.46326192796430204,0.9806257550796943,0.02026645505202932,0.10499395026444357,0.4872478915513443,5.040796671682374,1.1982048511204855,-1.1090875760087289,0.2915890032513696,0.8160006771415562,0.49150538369905566,0.8880804957754052,0.34969392896359364,0.7790247599938525,1.3014044929140576,0.9902411969636871,0.5914270399351874,1.322667805098378
0.2946723645227908,0.307573128464949,0.4156128362050971,0.42860677186208507,0.3262727412692819,0.36550639837404053,0.24197977093984682,0.30220348156547105,0.37057211326214,0.24612419841968466,0.29996106512948617,0.2564149246377486,0.2603937504196092,0.3786382185358022,0.28560644265764423,0.30869060149159055,0.49550540158272743,0.3269486105679799,0.3452752591909014,0.4332480449881307,0.5195088117215951,0.8695519687698824,0.35173426397278645,0.4787316192842119,0.4401726144267414,0.06364533229420673,0.3115804407409681,0.4701205033551244,-0.14442282865401618,0.821637547360997,0.5328895219935496,0.3880297804156084,0.8148114295484081,0.07164926250700335,-0.15057654847419227,0.5559367201396227,1.1982048511204855,2.6006678215139263,-0.08130817800860168,0.2903316301625969,0.31097064826851584,0.6349673453396122,0.8912499892685227,0.7733224711518691,0.26371774224191324,0.8889429461420035,0.8112627036944107,0.30646390198684337,-0.9542664959374845
0.11969935550671573,0.40119456266684883,0.6231121933177495,0.4037174399602553,0.3041058699625496,0.506285895395517,0.29290877797470183,0.5830077402256768,0.3439172724168207,0.3909199239391377,0.39332753239079354,0.2766433108136137,0.4825547942791305,0.27733123646357816,0.4016488788608007,0.3814480881673818,0.2530274169411308,0.48569903682547466,0.39745293572577645,0.45270850362597254,0.4309086387722293,0.234742800585036,0.5838235242024894,0.1056703411570813,0.5603201419816467,0.7315420939825596,0.2429498315423084,0.16984351119947677,1.0824139221801499,0.4958733190843188,0.19783331716567612,0.27816943184954085,-0.3340264116174318,1.2831634819626556,0.7259464732706519,0.6006483687304993,-1.1090875760087289,-0.08130817800860168,3.3733247351138536,0.523164230273943,0.6284506333549437,0.3814216651321297,0.6674066822136335,0.3682291474729441,0.6129926229310363,-0.02241962713074172,0.456958499039743,0.026864817558601747,0.08683687661530808
0.2867889401063442,0.3581941189742867,0.44454585066741664,0.232369432616915,0.14600719879614746,0.28429306547613764,0.225795981366428,0.3108122481076959,0.2769494869215862,0.23317821023727925,0.29872407986955846,0.22459605274110378,0.30071892259872834,0.28184788613050527,0.29200447558007575,0.28569145208056984,0.34623756792508587,0.3015919109068844,0.20175034199275477,0.584789866420287,0.46317832355455374,0.3259071655876828,0.41389998246062293,0.44832818656997203,0.35222303698688673,0.15824793515412253,0.31856698900762964,0.31981652865293064,0.3607114126619687,0.9507616713708192,0.3160042983359046,0.2631195853940256,0.2855004378966387,-0.29507175592376,0.45786583745577103,0.7213281024426015,0.2915890032513696,0.2903316301625969,0.523164230273943,3.384443698400977,0.10155860482542237,0.44176244106013457,0.6282250043152073,0.20509908975402974,0.4386762372124868,0.4244024169459646,0.6077744150946403,0.2627772005863718,0.306499115892711
0.27061303157336364,0.4423996591343778,0.5959269244188036,0.3604771728370519,0.2377250061646295,0.4418007956409969,0.22533388262107748,0.4597751136513209,0.3596157744447862,0.3459740258585566,0.3555421825132106,0.2115284076534489,0.3973218488528811,0.42987507839169214,0.31646463292923055,0.34763430071464463,0.4495290758269476,0.3708126138308602,0.3417456414952828,0.713594066532727,0.4770351626487137,0.554012940701875,0.20493952465322918,0.6898585105671433,0.2767794376718256,-0.024522609382497607,0.4102707586157889,0.3707506412628769,0.15196757043320702,1.2636468201295399,0.7114722224887564,0.48190695203934625,0.45032710713852064,0.39076272099409265,0.385233459965182,0.38525230822569817,0.8160006771415562,0.31097064826851584,0.6284506333549437,0.10155860482542237,3.825342132192853,0.4031315165730568,0.24489322698199628,0.33009721989713553,-1.1834321831284915,1.561921366321786,0.9093518091956985,0.19735093710572743,0.41407626771728684
0.26819591673169346,0.40199621443585515,0.548179273395731,0.33498778928059125,0.26302655498038474,0.36162338751236733,0.27743994102858266,0.3602599510278614,0.3749701636361517,0.28006764485599145,0.3416437204399886,0.2614526812273708,0.34327488269710704,0.29877349706785566,0.31546317708584043,0.27956835021964166,0.39484900862654176,0.3852188079588692,0.30933348468031463,0.3519787504120313,0.694927475380266,0.4593761728294073,0.3552467088084433,0.3674417300036565,0.3779710186042464,0.23782760493542157,0.2692121759429906,0.34253231792389666,0.3117674665860114,0.6846337207471003,0.4241777315190641,0.29150043661457564,0.4456743819560594,0.2590426675844631,0.20278636050966412,0.7088149643903384,0.49150538369905566,0.6349673453396122,0.3814216651321297,0.44176244106013457,0.4031315165730568,1.2659730075993725,0.46245258264479916,0.2021491954833756,0.5006248017384154,0.36233775559549825,0.6840938737747091,0.18785843480888767,-0.6481651515673321
