2.0300201496061665,0.3366296139783011,1.6396343376570062,0.21964944145759172,0.1125656085214251,0.19925901160071677,0.15997896302037432,0.19633862993830242,0.2581025553990706,0.25153939928843816,0.11208606091301306,0.11718650634619988,0.09283771489103998,0.25396216719244996,0.19850300116875755,0.11063935269626762,0.12487027785205611,0.2567882371515132,0.1647520787914405,0.11124674782241643,0.2172176246907392,0.20982393149313397,0.12541020760256585,0.05667613096731796,0.27435079371803794,0.1896555024071997,0.12716986651873982,0.07605544578172457,0.15016561099326575,0.33707339487940513,0.17148490711243608,0.22228470855716018,0.12059627559101176,-0.009436675146178325,0.008574937048457276,0.08227261533435935,0.17415868548875948,0.23824979325772025,0.19544315947130364,0.005923922783756891,0.20778078586093646,0.15472123251992612,0.4170042896255557,0.16046722202238037,0.3501530673829743,0.27923855778325285,0.3340930104495723,0.13716192137313524,0.572375622867898,-0.07356797153734623,0.029396798917167517,-0.026719158291838914,0.13610616727891778,-0.08409434049303416,-0.09256597739921311,-0.13217169402391607,0.5528191452480742,1.2014515137445199,-1.4186493130702067
0.3366296139783011,6.8052480538278095,0.5548268593771782,0.45898888241050356,0.6383038582453602,0.34774147079792167,0.9867972236671305,0.7316666791014108,0.7807018126834641,0.7602095552279639,0.8641973965294361,0.8609149492246913,0.8374557033224591,0.722814093881499,1.0045827958845404,0.4438053246099903,0.6129443979851281,0.7860657188086392,0.5510997867225906,0.5445674753779062,0.9304357301120537,0.6185767739256084,-0.23998701080984686,0.3704467753202378,0.40760601216046133,0.9955941112388788,0.5760319848048548,0.6413130382057578,0.47908322715558593,0.6841414158513621,0.5423696322594089,0.7088039355272944,0.551309442964082,0.5316598266561942,0.7829118621542873,0.47210060268962206,0.7292659165466339,0.6944352721857764,0.46915782790128113,0.6437241164416954,0.5612921336050726,0.6988770559945268,0.7373106035555972,0.431120351084093,0.9335988080371201,0.044979103754394234,0.7084931890634427,0.460793166065031,1.4803707665075165,-0.46262235471194973,0.8972776493629829,-0.48103531164159147,0.28573148656483627,0.021636815658627403,0.2487369782442132,0.1599606530780969,0.10566715157809561,0.3384372357016377,-0.8011498722758845
1.6396343376570062,0.5548268593771782,3.8201927887630585,0.42226272220237954,0.0788571533823329,0.5288871827796394,0.3166571664477129,0.7321410052189512,0.7093960541262647,0.5804439741521676,0.3938649635515846,0.36451198520427275,0.4824414057852275,0.5777735347039035,0.4359692433362324,0.4267339221913672,0.47844776994033633,0.546841247759805,0.4119464900541479,0.4063709886847995,0.46615449874643106,0.6077120552747023,0.47337253894321235,0.4470058303384721,0.5145169190211545,0.4400859829601339,0.412122900253679,0.4883991262310895,0.5262142351962841,0.7046761681121971,0.4131556781402202,0.49655836584802343,0.4686058199924419,0.3880182005924615,0.4081035312122669,0.6806502709248385,0.36167808888290104,0.24203130419905866,0.6375982616942164,0.43538693087059854,0.4329351078176337,0.43934616159080214,0.4553959186255392,0.368236258615364,0.10813945938406722,0.18835943574690778,0.6978473661887402,0.2579964564918438,1.1009697582684534,-0.04188141469108539,0.3337105115148698,-0.07510795059162323,0.041704420537972256,-0.19580653463290004,-0.11374336816333004,-0.12351355643783896,0.2573053887775944,0.02514613051338544,-0.05733015896852707
0.21964944145759172,0.45898888241050356,0.42226272220237954,1.3237442047457475,0.692224944573218,0.5293701825803928,0.42573848303931966,0.5250775900592612,0.21564963747372012,0.43899883343545265,0.4384183120472647,0.4414628653452143,0.4462559473883873,0.38607855842330335,0.3709060121590612,0.4312281734428096,0.43202526562642624,0.4800184837264405,0.4748566817783143,0.3725996854967701,0.39620408631818904,0.3491390494366255,0.3624763548701713,0.30088896795691145,0.41449003400886797,0.381649416840952,0.344411785957147,0.31873303234981143,0.406847504423628,0.37258071595114844,0.3591545445989433,0.36750018443517973,0.34149976591320624,0.45431448428241616,0.2884776732253436,0.44796756982131725,0.4733824778282083,0.46315986298007256,0.5130913201763097,0.5516345866923319,0.26032737340364315,0.3708859412790019,0.47477272689648875,0.49567225230159223,0.3534762472894391,0.16222323598602256,0.4828100033754586,0.28185595178320183,0.43449327220285894,0.2741785152227853,-0.1340650938082523,-0.051050341659516864,-0.0578741028678427,-0.06703976885653597,0.0455039489129126,-0.17028644566862355,-0.0814102544211997,0.19111145295972654,-0.06396685744736248
0.1125656085214251,0.6383038582453602,0.0788571533823329,0.692224944573218,1.443924592203167,0.5827920513431684,0.4258827401734235,0.5966228223664237,0.2769522802990552,0.495900174350849,0.5037720437356735,0.48997619452146546,0.5083377488907953,0.4559414759805466,0.48758143607716875,0.5394588753260401,0.478155370625384,0.565716326304145,0.7421532208539824,0.39279619682247613,0.4490207262011112,0.44816753872966314,0.44158536042389995,0.34672996126897937,0.3871042374833359,0.4834650023539243,0.3682831781262585,0.22404430354633026,0.4247983302124717,0.2634260360932914,0.436500445543828,0.4198215759394525,0.4269340348182231,0.5350824807807788,0.22570513165297595,0.5506564066481203,0.6421452444647728,0.5263336179907793,0.5115046274970063,0.6363848203188027,0.224269806272622,0.4553111519444196,0.41368093679258183,0.5256512809996865,0.3219211433437608,0.16173176264612318,0.486662969234248,0.3378468071134955,0.7152950990084626,0.33582810002238794,-0.09845202263458518,-0.3618494315563239,0.16970740145096674,-0.059586957620116766,-0.09472299988335366,-0.1654116431760062,-0.05522128193866076,0.1229082280699379,0.08105419233240914
0.19925901160071677,0.34774147079792167,0.5288871827796394,0.5293701825803928,0.5827920513431684,0.9725694601069035,0.40922466886174824,0.6154489789949255,0.44562511507903974,0.51526037560286,0.5002771091593329,0.4675087182600713,0.4964855406625104,0.49172884683600177,0.3884691010462863,0.48115136796680297,0.5117881878564116,0.47532498201472523,0.5991422457607783,0.5078820298701122,0.4390671104847281,0.5085926203429031,0.36588919634588773,0.38579351001318013,0.5049813247182038,0.5120551011179113,0.4160345641514538,0.4476678340487186,0.5351871084351661,0.41561153228200837,0.4283163289808575,0.49140575263647757,0.3536470143398677,0.5513671351376521,0.339885079155555,0.47324045570428835,0.563344425537162,0.535530863549835,0.5838633168328203,0.7825511743560076,0.2206374193748607,0.44223691342205984,0.5602463479215222,0.5687609959982071,0.3800635069784695,0.17235671595979324,0.5671475502343094,0.26480243217677807,0.7578063150050761,0.3617486631870429,-0.26723884780641516,-0.041049123726988476,-0.2269960178795437,0.007631520355556902,-0.02182114844365472,-0.06629755637412885,0.09811438480165141,0.054470456732020486,-0.07549335666092424
0.15997896302037432,0.9867972236671305,0.3166571664477129,0.42573848303931966,0.4258827401734235,0.40922466886174824,0.8917643387192541,0.4799189143697393,0.44188695429843783,0.4302645423637949,0.48075901288497513,0.5024739977441149,0.4496496911877481,0.4686681855434067,0.35602455312271325,0.462982621177819,0.480969074682889,0.4233012186141332,0.34221371177473786,0.3143711195548786,0.4205026399098215,0.4659503013090994,0.36454310699358666,0.3073788386794405,0.42552694753903114,0.5070646355099748,0.3802030632196476,0.32940703172656927,0.3824458605285746,0.36151229902953447,0.3546703573611566,0.42798209061637227,0.3380956310536848,0.4504890373387568,0.2759683148947106,0.4265405183656767,0.3349613594163723,0.3912289149584837,0.5001542779307923,0.5362840279766601,0.2626331727275688,0.4084771150301541,0.47547158008608154,0.4300250062613556,0.289508693443852,0.19542078332689905,0.3621695860567635,0.21435786808352908,0.6727246281187327,0.11290351519619071,0.017627107236266915,-0.1258723694340755,0.04457191235522907,-0.03506746590260309,0.08289110689466063,0.09833678068614912,0.0891431391206233,0.18295340160300516,-0.4763221058413933
0.19633862993830242,0.7316666791014108,0.7321410052189512,0.5250775900592612,0.5966228223664237,0.6154489789949255,0.4799189143697393,1.1346308680419401,0.31864237048507016,0.5836414438528461,0.5671578719205493,0.46237992660621174,0.5379141355652918,0.48269325604349533,0.393789453574393,0.5000601936863281,0.5308691984866983,0.5391354891700094,0.5369373665072809,0.4740997171784293,0.4238930514570671,0.47547866355113344,0.3828719064889813,0.3223256287369256,0.4495045941890195,0.5641575479928747,0.4264435213556554,0.4294677120824131,0.4646656891750242,0.5193721444756991,0.3908198162168623,0.42809971665490537,0.3896818023683007,0.5238393884572267,0.37179696670924295,0.414513646608808,0.43579194757758444,0.49300039191052536,0.6666208513292978,0.7180182859828171,0.33182646352692563,0.4454599283121738,0.6888023011501777,0.4933135316102647,0.2701377316984256,0.15442838581357562,0.6277378060221672,0.2873416555637599,0.8646656924166072,0.1981403206284667,0.039635174055393456,-0.07103376938963524,-0.061845507331665814,-0.05533680164018398,-0.09862140050238738,-0.04671321942507484,0.06390501871865875,0.560571182411603,-0.49538803243719404
0.2581025553990706,0.7807018126834641,0.7093960541262647,0.21564963747372012,0.2769522802990552,0.44562511507903974,0.44188695429843783,0.31864237048507016,0.8550385108163642,0.35001523825837944,0.3698379228062766,0.3721573135823202,0.4201509746907433,0.42819613170793186,0.20800009629307337,0.3484059882939694,0.38461332537842086,0.27254734924007046,0.293997316281867,0.33024398344804645,0.3797818775633666,0.5611720486857362,0.29988063828170614,0.35572166857298304,0.3270034098619769,0.48623347217113594,0.33830474153739337,0.363523720085087,0.3144448851057037,0.38003817141877094,0.34645350485214305,0.416871720240591,0.3044437253397764,0.35893731403818985,0.30190573101062346,0.37741096981853456,0.36793099908455595,0.34747106675242606,0.4168300894982494,0.36083414931714974,0.2788055104692031,0.36580627506441693,0.3879644496165072,0.37007605914307273,0.135283681434509,0.1553674695456637,0.3507822120289213,0.1252525527747128,0.7879174108106252,0.1367006086273523,0.09870723206323276,-0.12301509517570032,-0.0856040756940783,-0.06330995517275548,0.12152967050235805,0.09599685178449124,0.1409889119557807,-0.23702452891890077,-0.06010627745136452
0.25153939928843816,0.7602095552279639,0.5804439741521676,0.43899883343545265,0.495900174350849,0.51526037560286,0.4302645423637949,0.5836414438528461,0.35001523825837944,0.9943506206240033,0.48820610421007116,0.4843147839720125,0.45817558602809466,0.4867373864006825,0.48197575048575425,0.4873666918535731,0.5108930554447838,0.5484666444860193,0.46382449394378156,0.49584206687678894,0.4646686446376258,0.46087093237424787,0.39805664791755563,0.42650492135431883,0.5116705228869817,0.3808039112582372,0.4253572662217164,0.5210399913830687,0.44869184631459025,0.7913765072739399,0.5106009632778529,0.4564460505330342,0.4486033880017038,0.5568329646072704,0.6027647360321826,0.5472132819320815,0.580387219938909,0.5553233105761708,0.6065639966392148,0.8930360471988011,0.4561184054357856,0.45058737133624227,0.5787835330812949,0.606042424140098,0.34191640823522745,0.09342877453221556,0.7714251695611241,0.27652944696435067,0.7235685609551398,-0.02731813816957507,0.2012534000400294,-0.3167201852369508,0.06473633136125055,0.09066774501718916,0.1462321260000538,-0.0564065707188544,0.18874358456390558,-0.16200296769939346,-0.0806368189516082
0.11208606091301306,0.8641973965294361,0.3938649635515846,0.4384183120472647,0.5037720437356735,0.5002771091593329,0.48075901288497513,0.5671578719205493,0.3698379228062766,0.48820610421007116,0.7152584063428562,0.5272588797956647,0.5112865814520731,0.46798495189776923,0.49207215099581636,0.44195205391138537,0.4861570708691566,0.4639668804940751,0.42509396089299006,0.484254101679575,0.4541909574288446,0.43324905853333423,0.34603659636408773,0.36912432084602215,0.4344685626295165,0.4627724817155292,0.41846294329910344,0.3943911309823659,0.4277352034244801,0.49771964766588683,0.4294111430964403,0.45684819463649307,0.33247476639203155,0.47315697682158797,0.48756495740958855,0.4870863240695714,0.4194853872180928,0.453793638355426,0.5307351562167548,0.6224444426093768,0.3182029602824936,0.43061155055481254,0.4474016744751862,0.42367156181565596,0.30638907872586674,0.09847650996943964,0.5522403794801676,0.246864330207372,0.670599079408696,0.04150061722412853,0.11489687934807338,-0.22181149157831648,0.038344008620316804,0.0030584275449541897,0.047822961308332114,0.0013571388155078437,0.044296565017398246,-0.018353206406766714,-0.11506540483247744
0.11718650634619988,0.8609149492246913,0.36451198520427275,0.4414628653452143,0.48997619452146546,0.4675087182600713,0.5024739977441149,0.46237992660621174,0.3721573135823202,0.4843147839720125,0.5272588797956647,0.704882502262608,0.47268895809768485,0.45474037878142176,0.4174518109293198,0.4766116625026068,0.49022851694268066,0.40825819181857453,0.42101111106356914,0.42668190052975885,0.43066179767046286,0.44373968839073097,0.3131436478291185,0.3606192522985154,0.40669856083524303,0.413559001157576,0.4382802229702996,0.38334751026753877,0.38060156710233656,0.4253950448112695,0.39519099517924944,0.468527172385321,0.33537484661288036,0.47455868281510305,0.3702807923966496,0.5179451385084766,0.34148064319220717,0.4341926298024384,0.5150421163382677,0.6813451583983576,0.29511910502709326,0.4196777260142972,0.36784450643894,0.44176749200430987,0.31160458137408564,0.046488163659154216,0.49994146165448394,0.23923141079851093,0.6335999517512168,0.03285415014652474,0.16845651952869473,-0.23784709255506534,-0.029514503940529364,6.340377517401383e-5,0.03482842185053996,0.020131508341232222,0.004421942004458543,-0.10677617650830742,-0.04264245227843635
0.09283771489103998,0.8374557033224591,0.4824414057852275,0.4462559473883873,0.5083377488907953,0.4964855406625104,0.4496496911877481,0.5379141355652918,0.4201509746907433,0.45817558602809466,0.5112865814520731,0.47268895809768485,0.7532879277105087,0.4216489815149678,0.34852570157376944,0.4963930930516677,0.49794433552614453,0.4851312759702886,0.4207699705479824,0.4593526715846328,0.45872449316559344,0.500373126541551,0.3671177882896256,0.4303108548579761,0.4431957069618844,0.45655949014338226,0.4321058045304726,0.4486367393699312,0.49581210204092313,0.48967850990244255,0.4169870178480522,0.4535291980921011,0.37359697609589476,0.5119095425960508,0.5232472778528472,0.5323136846947477,0.41615353895156876,0.41948045891791585,0.5233780288070901,0.6170167828956216,0.33486756635818776,0.4347764054017351,0.33572233203243923,0.5046473782866279,0.2019937775491772,0.04110734459188476,0.5325145856132356,0.2634589778713867,0.6929086776406097,0.14712873818330086,0.20562838462481037,-0.3092584710021319,-0.08849373792034956,0.009194769199447696,0.08357504901791388,-0.07742855971154862,-0.04299153554053377,-0.44082189309401615,0.3979832002279805
0.25396216719244996,0.722814093881499,0.5777735347039035,0.38607855842330335,0.4559414759805466,0.49172884683600177,0.4686681855434067,0.48269325604349533,0.42819613170793186,0.4867373864006825,0.46798495189776923,0.45474037878142176,0.4216489815149678,0.7070791636616798,0.45457735240124825,0.4768520869269236,0.4708729893152725,0.47078910803729196,0.4245382284881955,0.4433542439746963,0.45921208904291255,0.49064708702624826,0.3428290943634024,0.378403894724571,0.48543408638987634,0.4764283763439045,0.4133337819702123,0.3799106480548776,0.39672856479500285,0.5143575023505336,0.4315194581048223,0.5878751584612215,0.3906240082995027,0.47342122024235367,0.3794372380016042,0.5254814081063035,0.40918556971954173,0.48963183489458756,0.46332539867815914,0.5858064609522424,0.37358513406838395,0.4510890400737757,0.4035598012156519,0.5030392851935567,0.29790191520068116,0.015215042326699171,0.5705832571361128,0.3360854279834738,0.9965136442571806,-0.025945228507324666,0.11681736290214037,-0.22792721969162508,0.1440182563301861,0.0053429267163779765,-0.08730492798374484,-0.043103160348349476,0.13385118988439418,-0.05781283572498744,0.06595008053092377
0.19850300116875755,1.0045827958845404,0.4359692433362324,0.3709060121590612,0.48758143607716875,0.3884691010462863,0.35602455312271325,0.393789453574393,0.20800009629307337,0.48197575048575425,0.49207215099581636,0.4174518109293198,0.34852570157376944,0.45457735240124825,0.9807201979502049,0.3278555379930394,0.4301304743862015,0.5896180166497973,0.46438719409469925,0.30747604008328766,0.40437452396191437,0.29902250217508963,0.3672550141640306,0.2740732824682065,0.4852936357139659,0.34946662433639625,0.3158333335708725,0.3320492503429104,0.4166461940838068,0.46985388460907196,0.39172499533547195,0.39693718337805994,0.4060194536462948,0.37911943013769733,0.3625986683893105,0.5307451543456781,0.41996609376134375,0.33587995963669137,0.3752052253209302,0.5674029648940938,0.3023268740883514,0.35863553260262077,0.26749299763534595,0.3824306259062917,0.31639935817021575,-0.0122579631497571,0.5801078340623088,0.28708596484219157,0.7967259909068608,-0.13416466604959928,0.060800796621762486,-0.08212561580119412,0.213087183156822,0.029759933941990335,-0.021683204878166128,0.03857198473322125,0.061639248562175585,-0.01648745047401629,-0.030984867684425283
0.11063935269626762,0.4438053246099903,0.4267339221913672,0.4312281734428096,0.5394588753260401,0.48115136796680297,0.462982621177819,0.5000601936863281,0.3484059882939694,0.4873666918535731,0.44195205391138537,0.4766116625026068,0.4963930930516677,0.4768520869269236,0.3278555379930394,0.8757104179285132,0.48773641853700134,0.5131098574928286,0.5030642482085067,0.29371587438623814,0.3915814970003368,0.6182857084544863,0.3931751309675294,0.39095768275051446,0.44709320966076593,0.3597479529599049,0.4462886926366157,0.428886973220593,0.4382540211347233,0.4975876054562726,0.40727267972530706,0.45723288868107365,0.401717199315395,0.521384089425443,0.3793611392676865,0.545802675772909,0.3511470577312988,0.4272974906309249,0.5149690383749981,0.67553865390192,0.309994825420011,0.45455106266292744,0.30578661539263297,0.5814382042991943,0.14494990979226313,0.0314683251815174,0.5587632190622341,0.05967277161389862,0.5677215026487439,-0.06653486220686744,0.09752716936561436,-0.1860851721202486,0.0017514261521778447,0.005114070236206489,-0.09687568453958728,-0.07345718700255881,-0.03319491396074805,-0.19171402634368487,0.31989181488637625
0.12487027785205611,0.6129443979851281,0.47844776994033633,0.43202526562642624,0.478155370625384,0.5117881878564116,0.480969074682889,0.5308691984866983,0.38461332537842086,0.5108930554447838,0.4861570708691566,0.49022851694268066,0.49794433552614453,0.4708729893152725,0.4301304743862015,0.48773641853700134,0.7823960266303883,0.5075973274618751,0.4759006232768667,0.3689004787324081,0.47014125561854353,0.48299169727205365,0.3496580433760792,0.3670705399114405,0.5072782058839208,0.4478050548392742,0.44286084423490124,0.5841375414668245,0.452045010856895,0.5107536800609783,0.43434627076826576,0.4415996669811421,0.44980589816694794,0.49199585410053287,0.49016831696427204,0.536065056018156,0.41972492710116266,0.4930281522561172,0.5581170869428578,0.7067518918314264,0.3763064750076744,0.44624474548338766,0.39050037970961077,0.5420437276131184,0.31252829011800326,-0.016422690043804384,0.5858381730175775,0.20821922627757888,0.6053323611373269,0.1998003777329633,0.1272539844489822,-0.11482034452981997,-0.12794928265852032,0.033372879311409885,-0.0948842856933916,-0.08329426388428113,-0.0011952684503987372,-0.08572081576589115,0.14634649085339568
0.2567882371515132,0.7860657188086392,0.546841247759805,0.4800184837264405,0.565716326304145,0.47532498201472523,0.4233012186141332,0.5391354891700094,0.27254734924007046,0.5484666444860193,0.4639668804940751,0.40825819181857453,0.4851312759702886,0.47078910803729196,0.5896180166497973,0.5131098574928286,0.5075973274618751,1.1248684805561322,0.5450834936638218,0.19417313886749693,0.511377879042187,0.4439531220557164,0.5302373301639526,0.31538635428693707,0.5446554170700866,0.466376016691691,0.3067276337662367,0.3853518949565505,0.49301767673462227,0.4380357389682041,0.47134981288281896,0.4153497728835174,0.47295216833920894,0.4719468410394009,0.40780669645257916,0.5747923934044081,0.4080782131120888,0.39447608717307986,0.4460704293840438,0.626520086496607,0.32027627363292044,0.3891501473758144,0.45682687750419954,0.5070002776715448,0.44287203836443056,-0.03188227634653602,0.7650401598393837,0.20660657303931626,0.6800390629369382,-0.03881051433854118,0.28304868944199263,-0.21234420771449874,0.08420940168858178,0.02209231856096902,0.0032311092045534183,-0.08526416623543238,0.05845870130168896,0.083732206375969,-0.1111737072865324
0.1647520787914405,0.5510997867225906,0.4119464900541479,0.4748566817783143,0.7421532208539824,0.5991422457607783,0.34221371177473786,0.5369373665072809,0.293997316281867,0.46382449394378156,0.42509396089299006,0.42101111106356914,0.4207699705479824,0.4245382284881955,0.46438719409469925,0.5030642482085067,0.4759006232768667,0.5450834936638218,0.9524609911061854,0.2769909295805177,0.44138319612449783,0.4576778584879051,0.33513307563639927,0.3327812122018248,0.41459411964270476,0.3665406824297557,0.3458271101047405,0.45419484324721204,0.38082297378858765,0.3251888861185311,0.41110574924169363,0.4443412807313794,0.4141719948898462,0.4643354324439443,0.2594002952436799,0.5056840609070087,0.35516600522731234,0.5036836408637645,0.4827762070327513,0.6343421446387408,0.2478800840178402,0.40122117787786105,0.33103640789821204,0.47155410690776406,0.3371885068037662,-0.003880984577937067,0.45048416201186237,0.23773284943668524,0.5813750560629444,0.08989540775899135,0.477543564561019,0.022680097980747216,-0.33913102131309164,-0.07019308624835911,-0.05146575102968223,-0.08743738066192829,0.04911834552411614,-0.04498152701621029,0.10388084054607348
0.11124674782241643,0.5445674753779062,0.4063709886847995,0.3725996854967701,0.39279619682247613,0.5078820298701122,0.3143711195548786,0.4740997171784293,0.33024398344804645,0.49584206687678894,0.484254101679575,0.42668190052975885,0.4593526715846328,0.4433542439746963,0.30747604008328766,0.29371587438623814,0.3689004787324081,0.19417313886749693,0.2769909295805177,1.5200000207096966,0.41409193099200686,0.2637279234731426,0.05243974670485211,0.37544040076815094,0.4900149152493409,0.4077821598108327,0.48981163584195153,0.4636009081247797,0.4807697619173189,0.8137074947709071,0.5342128445305411,0.4038560408552756,0.36569749773094623,0.5746028178407855,0.7246630245415608,0.3504715722846265,0.9872517247365965,0.7886615245672116,0.5962519275612496,0.7642872570619392,0.4983990890630249,0.551706165459276,0.8783562037061683,0.41454542010287027,0.8478597855101923,0.3689391656084276,0.4989631931002588,0.5562814767728887,0.7787125147870099,0.008911012209801077,-0.05141851463140035,-0.3513175748363635,0.16868854869774969,-0.023561614907038182,0.2801794837409223,-0.07551336301047704,0.004774815099663705,-0.09483544273527628,-0.025441415926549728
0.2172176246907392,0.9304357301120537,0.46615449874643106,0.39620408631818904,0.4490207262011112,0.4390671104847281,0.4205026399098215,0.4238930514570671,0.3797818775633666,0.4646686446376258,0.4541909574288446,0.43066179767046286,0.45872449316559344,0.45921208904291255,0.40437452396191437,0.3915814970003368,0.47014125561854353,0.511377879042187,0.44138319612449783,0.41409193099200686,0.8951593488917858,0.39611224013691876,0.2916518739492155,0.30451120987081043,0.4666828372076141,0.43166342121092094,0.361409864134971,0.4457750807219959,0.3879077187038427,0.6031600678664397,0.43114104357519634,0.464399884073758,0.35961989370333336,0.43454253228474216,0.5247061919807645,0.4102400096413991,0.4335031558784529,0.5210644492708848,0.541714274713226,0.5862106010323204,0.48643634327276986,0.5158267269650946,0.49649985928245494,0.5585468237319997,0.7221968095193116,-0.0053664761688170205,0.5987255116863729,0.3028885314506505,0.6119865537820093,0.08904092308061431,0.28617998417325824,-0.2656829270661329,-0.051202336981316564,0.002581228971750768,0.10932702557520788,-0.0877084881134903,0.05914132560987498,0.003540415530426226,-0.07666958518988416
0.20982393149313397,0.6185767739256084,0.6077120552747023,0.3491390494366255,0.44816753872966314,0.5085926203429031,0.4659503013090994,0.47547866355113344,0.5611720486857362,0.46087093237424787,0.43324905853333423,0.44373968839073097,0.500373126541551,0.49064708702624826,0.29902250217508963,0.6182857084544863,0.48299169727205365,0.4439531220557164,0.4576778584879051,0.2637279234731426,0.39611224013691876,1.0281482428682343,0.37711097500208857,0.39609647979041307,0.4160379340777799,0.4497555881496695,0.4132518814793002,0.4191433130717733,0.4224804899933642,0.42925016039454106,0.39165395709848644,0.5069749608810875,0.3950587904028204,0.5057226124430091,0.3427860655820556,0.4948046460904573,0.34105165203481796,0.44579597505554175,0.4856639602509475,0.48857322544935183,0.31239247669868736,0.4268406161410451,0.29341703858088874,0.5501561078704541,0.045419521935240056,0.18499985790529405,0.48855439835817227,-0.16874632500685185,0.7636379679025255,-0.025351684300612912,0.13600828387637318,-0.180275122293581,-0.08389269755168671,-0.06480911715543729,-0.048881373271421835,-0.006440072716340004,0.06534957338353596,-0.20447959851962647,0.16225121980102303
0.12541020760256585,-0.23998701080984686,0.47337253894321235,0.3624763548701713,0.44158536042389995,0.36588919634588773,0.36454310699358666,0.3828719064889813,0.29988063828170614,0.39805664791755563,0.34603659636408773,0.3131436478291185,0.3671177882896256,0.3428290943634024,0.3672550141640306,0.3931751309675294,0.3496580433760792,0.5302373301639526,0.33513307563639927,0.05243974670485211,0.2916518739492155,0.37711097500208857,1.5771870120239266,0.3924006495490353,0.6040404671853395,0.19661049227973112,0.208304325683587,0.06673985007432845,0.6121915668310375,0.4216184877184815,0.24041229963231403,0.27214038370725036,0.3538849795198694,0.45488846331126337,0.09094731390451688,0.7223253235915942,0.1538344534673195,0.040837786618940844,0.5148291108151473,0.546576512221831,0.23622802154324707,0.23158160443259124,0.12712953163903543,0.547785563412956,-0.3267463182038677,0.09248082414590976,0.5314698738885753,0.25412720714415943,0.6537147754009401,0.18874617751466843,0.04425684480348477,-0.236654718661436,0.11640551033723474,-0.03602776519476889,-0.046594588138969974,0.009665673850339371,-0.025962311839724826,-0.36691416523291837,0.34363029497279585
0.05667613096731796,0.3704467753202378,0.4470058303384721,0.30088896795691145,0.34672996126897937,0.38579351001318013,0.3073788386794405,0.3223256287369256,0.35572166857298304,0.42650492135431883,0.36912432084602215,0.3606192522985154,0.4303108548579761,0.378403894724571,0.2740732824682065,0.39095768275051446,0.3670705399114405,0.31538635428693707,0.3327812122018248,0.37544040076815094,0.30451120987081043,0.39609647979041307,0.3924006495490353,0.7750320165847417,0.34805316024245675,0.1608478543364924,0.34327012009242985,0.4651036613742555,0.34708051426871056,0.5707029797694724,0.47666750131073904,0.43010586374471943,0.4726414775681236,0.4315631399989182,0.4533923602853092,0.5995769614235024,0.39191372354630405,0.35817088870256575,0.5152863369856773,0.6169681890483181,0.29301269213478015,0.3348490537523853,0.13961147728167603,0.4590667420383832,-0.07717393767518962,-0.025366365654143627,0.4904584154453562,0.26728533044453034,0.6193697624181478,0.07067948102812611,0.20778529824766998,-0.24628430492235065,-0.05298933000887327,-0.004281877663122975,0.21661008189168815,-0.019702301024139054,0.09826760291187366,-1.2214235302640783,0.9546302777744511
0.27435079371803794,0.40760601216046133,0.5145169190211545,0.41449003400886797,0.3871042374833359,0.5049813247182038,0.42552694753903114,0.4495045941890195,0.3270034098619769,0.5116705228869817,0.4344685626295165,0.40669856083524303,0.4431957069618844,0.48543408638987634,0.4852936357139659,0.44709320966076593,0.5072782058839208,0.5446554170700866,0.41459411964270476,0.4900149152493409,0.4666828372076141,0.4160379340777799,0.6040404671853395,0.34805316024245675,1.8534529659528294,0.3656529005318734,0.4020869361944798,0.5502409546497169,0.9366562435262684,0.8962194419318119,0.48902293605607106,0.4601221602941309,0.4490028765524528,0.6394587092862619,0.6132933864898397,0.7200636791242325,0.5990815414167955,0.6577718919862601,0.6204215535687363,0.5215585137519266,0.5296589866560742,0.4335743461740618,0.5846897510848178,0.6483888809632983,0.3721867715972736,0.3470234674906094,0.7424502884779436,0.23200364339988888,0.09231122666273896,-0.016421498553387096,0.08904604276040724,-0.14570535323999723,-0.07351384461761538,-0.014683936167231723,0.15228562179599783,-0.06580014291121299,0.15890929425019454,-0.19791319496068807,-0.0005731114836431597
0.1896555024071997,0.9955941112388788,0.4400859829601339,0.381649416840952,0.4834650023539243,0.5120551011179113,0.5070646355099748,0.5641575479928747,0.48623347217113594,0.3808039112582372,0.4627724817155292,0.413559001157576,0.45655949014338226,0.4764283763439045,0.34946662433639625,0.3597479529599049,0.4478050548392742,0.466376016691691,0.3665406824297557,0.4077821598108327,0.43166342121092094,0.4497555881496695,0.19661049227973112,0.1608478543364924,0.3656529005318734,1.531449920389414,0.33190571534245356,0.26261071672111913,0.3421258676960337,0.03834934140731636,0.23735066235365637,0.44208138277891673,0.3420949150577135,0.37187264498810385,0.21100913301575033,0.31892774412091496,0.18501764906878276,0.45763052088103257,-0.13256004713531794,0.4527571383240213,0.18965456125757138,0.5183467816992398,0.7027465596152567,0.30787101892078134,0.5558087440321939,0.08316405136538378,0.27484823745656717,0.28389721612240454,1.077878235957593,-0.10210767782743775,-0.12778955513598952,-0.03270464132804474,0.0990594288444585,0.07643107408942795,-0.014645905498610789,0.006827574672859368,0.0071174231389325125,0.6485806244446158,-0.5994352680706307
0.12716986651873982,0.5760319848048548,0.412122900253679,0.344411785957147,0.3682831781262585,0.4160345641514538,0.3802030632196476,0.4264435213556554,0.33830474153739337,0.4253572662217164,0.41846294329910344,0.4382802229702996,0.4321058045304726,0.4133337819702123,0.3158333335708725,0.4462886926366157,0.44286084423490124,0.3067276337662367,0.3458271101047405,0.48981163584195153,0.361409864134971,0.4132518814793002,0.208304325683587,0.34327012009242985,0.4020869361944798,0.33190571534245356,0.7171884029621298,0.43903426538075835,0.3471015528954256,0.46951859008798535,0.4300613371987787,0.4615445613996883,0.38504168407667344,0.45432635227451834,0.3889445285082325,0.5312817321700722,0.4243104495349801,0.49057667975895275,0.47046475189369213,0.6592101433103444,0.33919879158056065,0.40460935072380144,0.44224708257270656,0.4005671286166025,0.23550802021570616,0.12017072452801277,0.44006273181276945,0.2842916650960343,0.6542273350044261,0.08990062093604057,0.06662029944588058,-0.0979366978267447,-0.07539804581709615,-0.012496146813133357,0.03514472317328171,-0.045598615186000606,0.06469781518377968,-0.1653775508944201,0.11191482846903775
0.07605544578172457,0.6413130382057578,0.4883991262310895,0.31873303234981143,0.22404430354633026,0.4476678340487186,0.32940703172656927,0.4294677120824131,0.363523720085087,0.5210399913830687,0.3943911309823659,0.38334751026753877,0.4486367393699312,0.3799106480548776,0.3320492503429104,0.428886973220593,0.5841375414668245,0.3853518949565505,0.45419484324721204,0.4636009081247797,0.4457750807219959,0.4191433130717733,0.06673985007432845,0.4651036613742555,0.5502409546497169,0.26261071672111913,0.43903426538075835,1.9563753229052852,0.3329838050510802,0.9728783068323896,0.6003768808853812,0.48981449505087926,0.8056713284689334,0.3954959542156638,1.1750753711024144,0.524380511883419,0.4817636496882066,0.6366560300088329,0.6540121584785348,0.7187802320500567,0.6612695812557654,0.42592494642797624,0.32493676779579467,0.6684136818715153,-0.0025311979759008625,-0.13274014594333944,0.6597961334330076,0.310160860279758,0.5115959178260479,0.17194892120582853,0.22482671886451355,0.5392483215384731,-1.0593674825900854,0.11526597757948756,0.28521980089599686,-0.035378324988766974,0.18445562365509302,-0.8609836254568233,0.6042424475607703
0.15016561099326575,0.47908322715558593,0.5262142351962841,0.406847504423628,0.4247983302124717,0.5351871084351661,0.3824458605285746,0.4646656891750242,0.3144448851057037,0.44869184631459025,0.4277352034244801,0.38060156710233656,0.49581210204092313,0.39672856479500285,0.4166461940838068,0.4382540211347233,0.452045010856895,0.49301767673462227,0.38082297378858765,0.4807697619173189,0.3879077187038427,0.4224804899933642,0.6121915668310375,0.34708051426871056,0.9366562435262684,0.3421258676960337,0.3471015528954256,0.3329838050510802,2.091636836049401,0.49789832585049526,0.1545953786561315,0.4198033856095523,0.2373089138343062,0.8504999209989573,0.2521002270860173,0.8364739479841159,0.45821960772682924,0.175162504961647,0.5445572213752958,0.4788872004074462,0.32883931213471895,0.34613904675327917,0.3680653670895916,0.10912629002452044,0.058412022557281035,0.42305554841107057,0.5175677020025069,0.12083946040998478,0.8253225177398482,0.4904294722671089,-0.3353872467068787,0.06337292691646078,-0.3423974106190193,0.015416539641670637,-0.034121568975430075,-0.029648186177817303,-0.08906199491853528,-0.17494119396324848,0.2850158562531706
0.33707339487940513,0.6841414158513621,0.7046761681121971,0.37258071595114844,0.2634260360932914,0.41561153228200837,0.36151229902953447,0.5193721444756991,0.38003817141877094,0.7913765072739399,0.49771964766588683,0.4253950448112695,0.48967850990244255,0.5143575023505336,0.46985388460907196,0.4975876054562726,0.5107536800609783,0.4380357389682041,0.3251888861185311,0.8137074947709071,0.6031600678664397,0.42925016039454106,0.4216184877184815,0.5707029797694724,0.8962194419318119,0.03834934140731636,0.46951859008798535,0.9728783068323896,0.49789832585049526,3.3236787221175703,0.7044261489129533,0.43210367047219694,0.5852669662032485,0.2090696484389442,1.6826912656867454,0.6741048553499329,0.7546053335491459,0.9643958572832595,1.3134629094368577,0.9533261517216406,1.4268713488968665,0.5330674534252678,1.2664937790861537,1.1373103527273012,0.2955852218523258,-0.03929102990098128,1.8144298373989154,0.5684656033161398,0.7332572571258831,-0.30710505057818627,0.5568233793640858,-0.9210415221603089,0.3645844252980603,0.09172975068371385,0.5148238383034641,-0.16784695060943372,0.07695296091608982,-0.15684587168979067,-0.06501799185900561
0.17148490711243608,0.5423696322594089,0.4131556781402202,0.3591545445989433,0.436500445543828,0.4283163289808575,0.3546703573611566,0.3908198162168623,0.34645350485214305,0.5106009632778529,0.4294111430964403,0.39519099517924944,0.4169870178480522,0.4315194581048223,0.39172499533547195,0.40727267972530706,0.43434627076826576,0.47134981288281896,0.41110574924169363,0.5342128445305411,0.43114104357519634,0.39165395709848644,0.24041229963231403,0.47666750131073904,0.48902293605607106,0.23735066235365637,0.4300613371987787,0.6003768808853812,0.1545953786561315,0.7044261489129533,1.186553478826543,0.46702619480491797,0.5166871807527206,0.38451568780104006,0.5993599491750328,0.8139719916796047,0.595357787884563,0.6781559752734749,0.623100164570087,0.6135608858257873,0.48249932868450957,0.42325959268783464,0.36709948747443827,0.6558306495049335,0.3590198019471037,0.0919694069865394,0.6350328561760058,0.37323754966986294,0.28124134634989373,0.02692041948826533,0.26400952182793114,-0.2548249714661824,-0.010777581489920064,-0.02206468076008368,0.2860348504307252,-0.03402560422178025,0.2915882976105858,-0.6949471196594271,0.24273632165029113
0.22228470855716018,0.7088039355272944,0.49655836584802343,0.36750018443517973,0.4198215759394525,0.49140575263647757,0.42798209061637227,0.42809971665490537,0.416871720240591,0.4564460505330342,0.45684819463649307,0.468527172385321,0.4535291980921011,0.5878751584612215,0.39693718337805994,0.45723288868107365,0.4415996669811421,0.4153497728835174,0.4443412807313794,0.4038560408552756,0.464399884073758,0.5069749608810875,0.27214038370725036,0.43010586374471943,0.4601221602941309,0.44208138277891673,0.4615445613996883,0.48981449505087926,0.4198033856095523,0.43210367047219694,0.46702619480491797,0.907535488838295,0.30984054134500355,0.5051761852397705,0.2924466542568193,0.5853149816188328,0.3168689642685978,0.5032702466864859,0.4613195197639484,0.5003426810790814,0.4100734480158977,0.4526318676589202,0.29516118021199705,0.4510933453288999,0.268274923045487,0.05386886948292992,0.49128330630476685,0.2841276030952055,0.8885108879487584,0.15899844481154637,0.20147351724843235,-0.010666780600271483,-0.35556657193026037,0.012005492504691842,0.013994988725365034,-0.03707649199310617,0.35719506228862835,-0.43845657739885396,0.14873914586545073
0.12059627559101176,0.551309442964082,0.4686058199924419,0.34149976591320624,0.4269340348182231,0.3536470143398677,0.3380956310536848,0.3896818023683007,0.3044437253397764,0.4486033880017038,0.33247476639203155,0.33537484661288036,0.37359697609589476,0.3906240082995027,0.4060194536462948,0.401717199315395,0.44980589816694794,0.47295216833920894,0.4141719948898462,0.36569749773094623,0.35961989370333336,0.3950587904028204,0.3538849795198694,0.4726414775681236,0.4490028765524528,0.3420949150577135,0.38504168407667344,0.8056713284689334,0.2373089138343062,0.5852669662032485,0.5166871807527206,0.30984054134500355,1.7250358297703468,0.24349420268544747,0.10512673042123025,0.675944993777765,0.6008554963511714,0.612778091472452,0.35203549268166145,0.7565866648787158,0.12473684552868351,0.4947987381976402,0.33411209718965684,0.5772993556916389,-0.1229782443759942,-0.19250942212437142,0.629977904586823,0.5333257674903433,0.7826036502830181,-0.09170605768158992,0.24154180395260585,-0.25937505476442646,0.1273246375911067,-0.00943554255342801,0.19554035663443567,-0.07062643453971801,-0.05547993509411665,-0.5538235689298708,0.5481104294428114
-0.009436675146178325,0.5316598266561942,0.3880182005924615,0.45431448428241616,0.5350824807807788,0.5513671351376521,0.4504890373387568,0.5238393884572267,0.35893731403818985,0.5568329646072704,0.47315697682158797,0.47455868281510305,0.5119095425960508,0.47342122024235367,0.37911943013769733,0.521384089425443,0.49199585410053287,0.4719468410394009,0.4643354324439443,0.5746028178407855,0.43454253228474216,0.5057226124430091,0.45488846331126337,0.4315631399989182,0.6394587092862619,0.37187264498810385,0.45432635227451834,0.3954959542156638,0.8504999209989573,0.2090696484389442,0.38451568780104006,0.5051761852397705,0.24349420268544747,2.0662059203573433,0.6720653091868046,0.4502620792077265,0.7055121728161912,0.5047231913370381,0.5619197783503777,0.6585028518861487,0.1709448898852751,0.4533968113831692,0.5922490858306783,0.6155730764724374,0.3550071505718479,0.10814124074833,0.399619960275403,0.2413534215936767,0.9032157734918315,-0.26989436401849876,0.02394656213213062,-0.014560189153739933,0.06698670805675229,-0.004000068949431361,-0.1211217359609078,0.011273894098239477,-0.089497970376774,-0.36481369921588386,0.5105241968624361
