1.8526649802588477,0.3225256005989991,0.5602466141760066,0.15764691766360525,0.5367704369159402,0.2986951055469625,0.5460548740548272,0.3274698802066103,0.3996771251819193,0.35298603297327763,0.3721008558456472,0.4210940381619176,0.34735728377325575,0.41713970724256483,0.46192594278120513,0.3480283503399136,0.2824544239960632,0.2755484344619796,0.3283810951258266,0.19081565902403474,0.32793651992335304,0.2330291143679962,0.11684712106177969,0.1615266002425205,0.253767307142034,0.304300905350758,0.24133354303526727,0.14097726047928408,0.33178356520358293,0.21414448381469522,0.30562610910621213,0.07640592935511277,0.4363528773260031,-0.11741582685666359,0.03810016864847567,0.43080953613076306,0.21597762357459085,0.14269979459256707,0.3242039201573979,0.0914354018706768,0.2471544493300067,0.15810557922284302,0.15504213183529364,0.14496670116797336,0.2336488576215981,0.5781316929367074,0.24009363131870107,-0.4465984624895205,0.2581247425908716,-0.04350780529826704,-0.26988304191973617,-0.11952436867375946,0.3596672842056781,-0.0847417111992605,-0.25180615551098373,0.06379922746685772,0.10983097731404669,0.44444832839792286,-0.6237845864917819
0.3225256005989991,2.0766792684658872,0.7068046937438099,0.18664654230410388,0.12249151092673691,0.3612216125022088,0.21949032712479963,0.40032597083532584,0.2752041876920457,0.3117627497127075,0.28192089176878227,0.27324308826105803,0.2956919056562135,0.21822110263865355,0.15332702285578234,0.22248461550957732,0.24622175215867176,0.5637555413249015,0.280421114584241,0.3607315448435524,0.366084336244772,0.3336868142812729,0.4007263784247242,0.1802942685686559,0.40351107349373044,0.33742006390823215,0.30117971180446185,0.06928930515745882,0.6451212282931222,0.24593347191842366,0.18942028030642877,0.24052972066707515,0.15479681818969562,0.39220580739358457,-0.02436383092533941,0.4663171929923738,0.3173388410483239,0.20485839034041683,0.27417070815005096,-0.022694076193043616,0.42450843514927294,0.20074430045755834,0.20146581229128452,0.1991131678134705,0.18141177760257077,0.5783807200085745,0.39173692472743693,-0.3864905338646829,0.0691720245840851,-0.2917171330770014,0.49717175433846644,-0.10288911463811913,0.015255974956620205,-0.10450360994826764,-0.16355337340460446,-0.04281693036372526,-0.21372638986186274,0.10724201725150229,0.10668264566665603
0.5602466141760066,0.7068046937438099,1.7259308677291638,0.3804048355299628,0.10194335806374158,0.38585059444472825,0.3215778787097227,0.463224839811038,0.509135494377174,0.4307744438058975,0.3455115447315397,0.3242237232528212,0.33745234966712123,0.29241758213205704,0.26452225682838837,0.267992716552609,0.3348264060254706,0.4507385257280078,0.2916699365097713,0.369717957468396,0.3656547317632009,0.36939501337990077,0.366959869156946,0.28192117577244596,0.3652499497100261,0.44855137455741306,0.3198523669850692,0.17564888996571498,0.5586289581214416,0.12856838412390484,0.31517232469023365,0.31657930726267336,0.3734353348677876,0.3710431987457415,0.0028067631879567416,0.6858074958118336,0.1677367860821927,0.23581682191502473,0.22936147328453665,-0.15345441623457481,0.40496657791136736,0.22830561039585834,0.2562423728416402,0.2549652034692533,0.6558034113288893,0.9407828293596125,0.35521361535047685,-0.7307616542863545,-0.5481444184417216,-0.2015261373716229,0.15037354372957645,0.058497131505220804,0.14642541097031414,-0.2088960618557698,-0.006957854363867879,0.1119460395156428,-0.0565500057626428,-0.08481819077824279,-0.05331451444380266
0.15764691766360525,0.18664654230410388,0.3804048355299628,2.0105121568787836,0.416222916116099,0.5123301421600768,0.5314076630504224,0.451561422689659,0.3159420551248833,0.47676632198409663,0.48225598990279406,0.5789517587680894,0.4611961996264065,0.5371080354414068,0.4911665325863897,0.45341286727087204,0.40998985694435197,0.42370870845083985,0.3723151447171802,0.45542417305201977,0.35925897140917284,0.355341237430451,0.38908447081961245,0.28282430109744694,0.3764333416404,0.5091392070762716,0.3932750417408626,0.12349246164336634,0.68082250879106,0.29024037407613434,0.2406222479140166,0.3732389227495585,0.07515806979300006,0.6696466721860952,0.21503750362135327,0.48035593874312604,0.3246124561186932,0.23898926063986448,0.3599704493947429,0.1576959519022849,0.35158579188135325,0.29040926307338416,0.34331624814449796,0.34808981717584114,0.29731860576634883,0.4968901894634048,0.44113054796752216,-0.37176498100943334,0.02841487453452476,0.17461227645361346,-0.3061771004297198,0.1591847105566668,0.0318131091452712,-0.1177251196275128,-0.47273317854673885,0.08105775587164053,-0.1909976480995779,0.38205017501381167,-0.22272280045179238
0.5367704369159402,0.12249151092673691,0.10194335806374158,0.416222916116099,1.1878245026740637,0.3238935116877346,0.38021634816516664,0.2577496170620788,0.2969489644043419,0.35790368640623743,0.3874848973991711,0.46818009400390065,0.441103895325071,0.3692407816504791,0.6384282026913018,0.42452420545886366,0.31312468916811137,0.23741876274834461,0.5241424132577399,0.22224714445428292,0.2931556198568916,0.3309803674867232,0.22994753403965415,0.2715113283286823,0.08038170738098752,0.3650067234385524,0.2631893932945594,0.07259624892186357,0.4375443471487316,0.1529148718036086,0.23597098823622437,0.31875630539591276,0.27079396422482677,0.39296313575152764,0.12687483811162434,0.42926617194198347,0.2813056322650654,0.135016790548605,0.25760353267445657,0.1735286283785932,0.25528490980884194,0.2661187137667093,0.21796730855782923,0.0870438202551497,0.01591566599928399,0.3953549894075778,0.24967749065096956,-0.2638602920434087,0.32917472419796284,0.3508508227867585,-0.48755018791278915,-0.21210262039555622,0.3404316563599481,-0.06310266329154669,-0.15941268042180462,-0.06271009818649974,-0.22171558038815814,0.06407146193338012,0.2123552191784853
0.2986951055469625,0.3612216125022088,0.38585059444472825,0.5123301421600768,0.3238935116877346,0.8527100537763568,0.30972338841679725,0.5573003246188425,0.40487979868941487,0.39249642355520714,0.45756811231598116,0.47319317068956274,0.4221366648545632,0.39295127669071134,0.2914562990581738,0.37443963954591564,0.4155653954140286,0.40585339648056395,0.498699371472208,0.4762170146727966,0.32670965876239294,0.435315441602464,0.39738421443528943,0.26190372269310014,0.3466498646151851,0.47077075139735697,0.35457756968827014,0.06749677013897598,0.6726957186382807,0.24585595563679202,0.22395289074302913,0.402694642190176,0.06535053327249475,0.556555069645705,0.08426606948710501,0.37739392196123794,0.3284961776567108,0.2585744106263989,0.4148362563726973,0.15467341133281357,0.4002782339882276,0.24772916923711547,0.28325265498173263,0.2781421128123853,0.10906194844400703,0.5365507718948641,0.4976290271005081,-0.39747504655837396,0.4930101442723445,0.25998259263854334,-0.2597858806833426,0.01119137409661366,-0.025347488439919273,-0.07545609569822152,-0.43708249308021613,0.04256298527453127,-0.12980185515547601,0.37558609055418396,-0.2167602118532814
0.5460548740548272,0.21949032712479963,0.3215778787097227,0.5314076630504224,0.38021634816516664,0.30972338841679725,0.7518827719209163,0.3333829517353309,0.4286514774349255,0.330900190643765,0.4076364650899481,0.5061726031393462,0.36608409566793576,0.3685274035099235,0.3374534633145863,0.37897986840859466,0.34686034854492775,0.3073590914607953,0.27153631126721983,0.2707981412112643,0.2777846419100828,0.29325558552314224,0.2634858299924905,0.2012783171015487,0.27885054381099283,0.4062184560750358,0.29572691376663807,0.06702675037443315,0.4357285061448235,0.14824442751068395,0.20874071835942584,0.22666221791045102,0.19976904573635984,0.3601568453533954,0.12758990926806735,0.47075540123408505,0.24886198153174732,0.14998834822735033,0.2903687166958705,0.15951470613864258,0.1700015820791568,0.232397509929148,0.23562127996048016,0.1610955675181508,0.21575713675250863,0.40411852592179187,0.19086626909677634,-0.26640149701524757,0.11386731373324104,0.04708862720096663,-0.24463680288888426,-0.04964282584683746,0.2857368502739568,-0.12606299761527912,-0.31813893498898904,0.1397366728892817,-0.06642525282959813,0.3952783263181315,-0.6163401003084904
0.3274698802066103,0.40032597083532584,0.463224839811038,0.451561422689659,0.2577496170620788,0.5573003246188425,0.3333829517353309,0.8863225630168343,0.23434520885216573,0.43352611441557015,0.45098533116352185,0.2872680192366072,0.443264364628772,0.39163625005532987,0.17879291392019667,0.35579111443528555,0.3940861404284536,0.4269768288908822,0.3947791413914161,0.473270326086564,0.30671478777146965,0.44650865867378847,0.4307642107244811,0.24311148094478566,0.36939365855510664,0.4100766495390015,0.34217612884495174,0.0884454928056157,0.6463446120834522,0.3221943124740856,0.20354144847896985,0.337640970319874,0.051000705220968626,0.5204643472185344,0.1010044751698613,0.3961813071426351,0.28549046549155166,0.24940120077637556,0.49962889259800797,0.14527730233188313,0.40241778497738867,0.2257923656914104,0.33505424555414837,0.33053328968624174,0.2587792996560325,0.5263991891139992,0.5229054029723623,-0.393002007723775,0.4061578719062823,0.10197199442502011,-0.03421850988438971,0.0034367514430993103,-0.04848831707497906,-0.06660382021970068,-0.4174767346881592,0.05485778910711644,-0.06080300215524812,0.4451932190942408,-0.3317874531153709
0.3996771251819193,0.2752041876920457,0.509135494377174,0.3159420551248833,0.2969489644043419,0.40487979868941487,0.4286514774349255,0.23434520885216573,0.8053482368037215,0.2737256143255019,0.3505726593261806,0.4034679259431811,0.3073386755447779,0.3100486353598495,0.285798408679977,0.30392006513774156,0.3129955865546722,0.29821183425773096,0.30791724091968237,0.28649521293807656,0.29921511514615307,0.24827979110358808,0.2100219577034588,0.2417640053630142,0.14221361662911264,0.5035746448166666,0.2810515101515865,0.16443236835655997,0.3301102540529123,0.11212580304539742,0.28668793164851863,0.28234455415467163,0.2938933594428606,0.27921614648323684,0.13587860424443698,0.4808366389103072,0.13804423741975014,0.16610966692292584,0.1748095503297547,0.09066340188729026,0.20669226448835246,0.2415350762434351,0.24119919748338697,0.10967814805124286,0.32259235574686,0.49316078097321703,0.22963297738962968,-0.3481202327666381,-0.11624549976500406,0.017421016000940447,-0.08623314716067587,0.028652464491280675,0.13948845639029986,-0.12008736988040479,-0.11058796029024942,0.15274606591315942,-0.09153645807662893,0.09167002910610811,-0.23328760042775645
0.35298603297327763,0.3117627497127075,0.4307744438058975,0.47676632198409663,0.35790368640623743,0.39249642355520714,0.330900190643765,0.43352611441557015,0.2737256143255019,0.8272898668078934,0.37864752431637866,0.4463223244244547,0.4086125266463154,0.323775698668146,0.3686119139539787,0.34910168903513034,0.36882207074262857,0.44488454664436206,0.33806224791551737,0.41172087258527573,0.31108287136915547,0.3924705744724017,0.41205438364516855,0.26312159835236126,0.4008901690845703,0.38614155724226845,0.35164834649968124,0.0899806961011666,0.650655510150138,0.3094209033589712,0.24108504303308353,0.3817622498224428,0.08576416215577046,0.5754292701512788,0.17872177107706674,0.5324296673374967,0.24214632547542017,0.2280626704756599,0.376184060255734,0.16905018136819822,0.4439996176940468,0.28635440346769997,0.2402100847050144,0.22307517506407204,0.20113006201292474,0.6177971861024663,0.4787638934096775,-0.5103805922381306,0.3411449279211288,0.0016124891888327365,-0.005958891584646661,-0.1431366996785056,0.1140004968601884,-0.017141276562610153,-0.23682435112297928,0.10690519269111244,-0.007314574608193003,0.09239917290946748,-0.161931741241371
0.3721008558456472,0.28192089176878227,0.3455115447315397,0.48225598990279406,0.3874848973991711,0.45756811231598116,0.4076364650899481,0.45098533116352185,0.3505726593261806,0.37864752431637866,0.6069860845873046,0.4759952108518175,0.42666947483698864,0.3828326889623052,0.45255888610854084,0.37966120727801705,0.4161355747215987,0.3537942193009656,0.3768052307319362,0.4349707493514476,0.3365284196881705,0.3400607629859942,0.3082631999908016,0.27610633744345076,0.30679735159142935,0.42527107801558667,0.35315313277643207,0.14712684884795707,0.5381873142686384,0.2641582780484672,0.2757774819746989,0.3405380632225245,0.18543468813795128,0.44960488751992767,0.2032132179679098,0.483961111172992,0.25405984688017014,0.23407029939257776,0.38747199836445084,0.19366646902824916,0.3138218493578165,0.2795725666533209,0.28341857720182323,0.20945405873379713,0.27512457732744844,0.5322384786939975,0.39263366776117936,-0.3809521545771145,0.25935687045416667,0.04140056042076822,-0.13128928616244323,0.015766935638771105,0.13856791479141184,-0.0892473331299086,-0.33341321364675036,0.10327534281830747,-0.1377588195430067,0.262495600999869,-0.20538049936160338
0.4210940381619176,0.27324308826105803,0.3242237232528212,0.5789517587680894,0.46818009400390065,0.47319317068956274,0.5061726031393462,0.2872680192366072,0.4034679259431811,0.4463223244244547,0.4759952108518175,0.8548911802578882,0.4008714946897625,0.365191757190811,0.475873326798044,0.40300003378963395,0.4005062817471002,0.3856312816008787,0.3833335421842242,0.3611951709288162,0.31719845305519456,0.3322247806020403,0.36546220419156805,0.24333785307437059,0.35092776228411965,0.43452550921238553,0.38194314114361694,0.02572516105004936,0.5507415213996848,0.19416952685908268,0.19375168608887283,0.31689909413757145,0.18470584345061192,0.4772026452431366,0.07042014909110852,0.47139205842170917,0.2589119067347844,0.20122131866841012,0.36353829867065723,0.16967303482212948,0.31240472561985566,0.2509572222853642,0.20882370438161782,0.20626741041043295,0.056135540657207265,0.5071955456512554,0.3565225577109666,-0.34898129662072475,0.4826568333600101,-0.014470076582122049,-0.19795827991078768,-0.08397175785043466,0.3059670158661403,-0.10638664780041328,-0.45540452028285494,0.12196053028709836,-0.18488445726272684,0.3258053744379519,-0.3356177709661559
0.34735728377325575,0.2956919056562135,0.33745234966712123,0.4611961996264065,0.441103895325071,0.4221366648545632,0.36608409566793576,0.443264364628772,0.3073386755447779,0.4086125266463154,0.42666947483698864,0.4008714946897625,0.6609543853262849,0.36648388953018385,0.35061901392824224,0.3843653268579988,0.359097401252052,0.3717452959068505,0.3813195520345651,0.3436398251364113,0.33378249570176105,0.4508415150478361,0.36882129422905935,0.29313232648663423,0.32546042249659624,0.38544182575568825,0.34504232200671725,0.1551879633700459,0.5974375238326806,0.3297068601974198,0.223668297456267,0.32055964540982557,0.17786770239059863,0.47810309997460404,0.23552366371339647,0.4750818080404369,0.2460139531429216,0.18561313053399828,0.4262064733374264,0.1530666310889762,0.33839033931320606,0.26144614462102184,0.30957198323121976,0.27224340011515247,0.20861478985925785,0.515292839402871,0.4128038748253797,-0.34243240389929797,0.27335214410179465,0.11675846609508468,-0.10801998326243181,-0.07702941028013426,0.08906918110344586,-0.08803992625742721,-0.16011160299889937,-0.007188449561720788,-0.19217503352872714,0.032333062029606285,0.13118502676338262
0.41713970724256483,0.21822110263865355,0.29241758213205704,0.5371080354414068,0.3692407816504791,0.39295127669071134,0.3685274035099235,0.39163625005532987,0.3100486353598495,0.323775698668146,0.3828326889623052,0.365191757190811,0.36648388953018385,0.6648904791860909,0.44007760564999004,0.3902279286593655,0.29452326952693575,0.2640100282619713,0.32197115548230515,0.3913471034721695,0.3265849092060333,0.27883220461101815,0.22329272351459425,0.25586874758988093,0.23862783228190423,0.4218123459595994,0.31262758700748394,0.14609938645375498,0.4772655473610573,0.3108300168099549,0.24003128345828575,0.2938636037735893,0.19822228715202037,0.3542315954059244,0.1626129058018234,0.38696606760820934,0.2166381917099012,0.21106788917670855,0.2710276308412706,0.13006788794166954,0.36765154982177056,0.2532852753952489,0.3353438521204496,0.18524517758230635,0.16974067478817578,0.4686978583726328,0.38713175569325375,-0.35552652226819004,0.43497230089304384,0.028381739110741527,-0.16797597267697653,0.012314593330736348,0.10002843553224113,-0.06110684854668479,-0.29328067936508995,0.0569110109121975,-0.23368147707668974,0.24983321510610068,0.12074332736298796
0.46192594278120513,0.15332702285578234,0.26452225682838837,0.4911665325863897,0.6384282026913018,0.2914562990581738,0.3374534633145863,0.17879291392019667,0.285798408679977,0.3686119139539787,0.45255888610854084,0.475873326798044,0.35061901392824224,0.44007760564999004,1.3955429530478773,0.3502584786917446,0.3492355704880945,0.16292841114339895,0.37170504735439946,0.3600640687794107,0.3512954653302144,0.15534050230907187,0.02031056924982646,0.30836606278399314,0.2527274205988048,0.36261963011101855,0.33714588390068734,0.29793509209789804,0.39108020625242346,0.3827510419678209,0.3092904568233952,0.32263470864188737,0.3713533809415991,0.3327430833678326,0.3106181186175367,0.451917859079419,0.2369481871468323,0.18005349625467695,0.28346392849145496,0.16510599898234174,0.3699495680203578,0.2909461048372752,0.37146948151419595,0.09481670442964049,0.4153544408819939,0.5403017991059238,0.3195694155185412,-0.40994567713821,0.3718175478916807,-0.019946131987621265,-0.41433011456955005,0.24886736845787372,0.2026802973266844,-0.05606402382758387,-0.07625287045094076,0.23502311169556775,-0.38585839047145104,0.005626546398914762,0.1791322923845249
0.3480283503399136,0.22248461550957732,0.267992716552609,0.45341286727087204,0.42452420545886366,0.37443963954591564,0.37897986840859466,0.35579111443528555,0.30392006513774156,0.34910168903513034,0.37966120727801705,0.40300003378963395,0.3843653268579988,0.3902279286593655,0.3502584786917446,0.7109996925230727,0.36994541065074243,0.27473288456424383,0.35724935933841845,0.32419083245795344,0.29781172706594955,0.33532310146844185,0.19931496433833343,0.2532554725148621,0.22290463930868964,0.4000610593767643,0.33596966841204495,0.19749877058896403,0.4913271992213745,0.243773120973367,0.22434376776570542,0.28660783167007375,0.1604116794807044,0.4027226988335034,0.2743303576942565,0.3903738079826006,0.25002145882349003,0.17083785894506495,0.30639349274903743,0.20704269294346228,0.2745899990716283,0.2909080113894702,0.276339903103999,0.1661727220096282,0.19072823440031256,0.4192023035989376,0.3434223642498417,-0.33234280624990464,0.3029138926976352,-0.04378304437080827,-0.26922974349474316,0.10860625217947056,0.06313274279520821,-0.022394213575805885,-0.23380052368275003,0.011618566595514992,-0.1954042501720213,0.12809134254361335,0.130509252374508
0.2824544239960632,0.24622175215867176,0.3348264060254706,0.40998985694435197,0.31312468916811137,0.4155653954140286,0.34686034854492775,0.3940861404284536,0.3129955865546722,0.36882207074262857,0.4161355747215987,0.4005062817471002,0.359097401252052,0.29452326952693575,0.3492355704880945,0.36994541065074243,0.7319062031153444,0.28120760312577725,0.3440486365043502,0.4948711623640444,0.32078695860006895,0.35637388008818455,0.22354644887418904,0.2829954435066689,0.4481801812107498,0.3521868487130966,0.3256059978451911,0.2535281920986316,0.5488379081938325,0.27382316875056084,0.257413132993758,0.3017383493066219,0.2546352870769932,0.4520381558299392,0.2201642915780243,0.47276476840821025,0.46586776606443553,0.28021255197533956,0.3714046888703143,0.22585659261473023,0.34511437934654327,0.3542521810488562,0.2332206557581326,0.168317816033009,0.2558800734339245,0.5753066961585068,0.4159179882727388,-0.43585211782513217,0.3384123034202398,0.2120701032874517,-0.1731477282472148,0.03276414295587978,-0.01050084939411555,-0.08686300240205228,-0.34513154496795595,0.030410650399025237,-0.10533472552464812,0.20502106422823507,-0.09271594043118025
0.2755484344619796,0.5637555413249015,0.4507385257280078,0.42370870845083985,0.23741876274834461,0.40585339648056395,0.3073590914607953,0.4269768288908822,0.29821183425773096,0.44488454664436206,0.3537942193009656,0.3856312816008787,0.3717452959068505,0.2640100282619713,0.16292841114339895,0.27473288456424383,0.28120760312577725,1.1682115920632756,0.380787889769874,0.21826713890444455,0.36883531993347174,0.5081367280965157,0.7405456025321348,0.16517090558087424,0.45466863265439295,0.5330361359500402,0.19321533449563424,0.011833079176007854,0.7581468967073535,0.1789422487995868,0.3760368335847948,0.25785285092442034,-0.0031893561214848378,0.5894650562731895,0.0006692163266584422,0.6353914778165209,0.14486690628704402,0.12467840878813145,0.2746639938534939,0.10615593636325747,0.41218938132450084,0.23397274947025049,0.30141775168378815,0.18459975541241605,0.18866668238326392,0.5917276875582111,0.5536358962229292,-0.39109796205306385,-0.04388396971677729,0.0646840189956255,0.5213743682108573,-0.2501022358511488,-0.21597558733892222,-0.089575555335316,-0.2796724976242526,0.08546624862776003,0.038019714039951434,0.3219010524459184,-0.5009987844263436
0.3283810951258266,0.280421114584241,0.2916699365097713,0.3723151447171802,0.5241424132577399,0.498699371472208,0.27153631126721983,0.3947791413914161,0.30791724091968237,0.33806224791551737,0.3768052307319362,0.3833335421842242,0.3813195520345651,0.32197115548230515,0.37170504735439946,0.35724935933841845,0.3440486365043502,0.380787889769874,0.7183812331368379,0.2279307674671549,0.292617403563024,0.4333869636412098,0.34318043839709256,0.2515635344673879,0.25892901727808615,0.3154495371888878,0.25728140879450956,0.2163624392613324,0.45122132913680685,0.23942491514040198,0.23832250988381978,0.33603605570573175,0.1739977290867763,0.4068903619248692,0.09777791493451995,0.4392903449035483,0.12528239064177848,0.1495638827830094,0.33945302382450115,0.0962794286611689,0.33573581990248896,0.20092993298538517,0.2851805982334729,0.18941615688918578,0.1696740063014954,0.40908825000864546,0.31471293873363415,-0.20907525656213508,0.30008318826312763,0.017158309324495337,0.22270273247554015,0.22543154320967793,-0.3054071102202474,-0.11928401780289609,-0.17634601688526902,0.017127157098486143,-0.1466866112466416,0.13495426431083996,0.02369846444201219
0.19081565902403474,0.3607315448435524,0.369717957468396,0.45542417305201977,0.22224714445428292,0.4762170146727966,0.2707981412112643,0.473270326086564,0.28649521293807656,0.41172087258527573,0.4349707493514476,0.3611951709288162,0.3436398251364113,0.3913471034721695,0.3600640687794107,0.32419083245795344,0.4948711623640444,0.21826713890444455,0.2279307674671549,1.3914979712166993,0.36185351501373614,0.2205745301191997,0.24754959043033048,0.4262636417007328,0.6017779764512848,0.4789286133367024,0.5310660397035759,0.11447571668377399,0.7378956034481271,0.6019659709857277,0.3167910787749593,0.6486308919090267,0.15695406565640121,0.6276233746690263,0.3179525830410766,0.5599736842634142,0.6485622488705274,0.6908495969305202,0.411469088588871,0.21452450989321772,0.6145964424193202,0.5527292945523369,0.2961018058613325,0.2503255445246908,0.09405629426588873,0.8161289649168392,0.5186063954156547,-0.681640408833326,0.925614951638753,-0.10143821872865252,-0.23942528258566176,-0.19522453082519922,0.5475858900796554,-0.08405384454624223,-0.24031827413305923,0.057933974499813815,-0.13725368985507938,0.055876978735625644,0.13740828893871793
0.32793651992335304,0.366084336244772,0.3656547317632009,0.35925897140917284,0.2931556198568916,0.32670965876239294,0.2777846419100828,0.30671478777146965,0.29921511514615307,0.31108287136915547,0.3365284196881705,0.31719845305519456,0.33378249570176105,0.3265849092060333,0.3512954653302144,0.29781172706594955,0.32078695860006895,0.36883531993347174,0.292617403563024,0.36185351501373614,0.6602510752810867,0.3085746351385431,0.2574095687488113,0.3116126147625168,0.28745235653494927,0.41124375365490196,0.26362221860989027,0.21420098927016995,0.41901666600635074,0.38239066122828874,0.3718069857365779,0.3089881983880729,0.4170740916860252,0.31929899171138054,0.16734696083425324,0.5390281167117289,0.201245171334117,0.21387414331778798,0.3378462104071456,0.10790338027826721,0.5495798980413512,0.2786241792083232,0.34981288702497443,0.17905442538061506,0.3284031733192651,0.5985791225858134,0.4236926694486318,-0.3724885626875313,0.4437857391683563,-0.027694520339732406,0.029922677210275344,-0.11891739786130323,0.19294996871310616,-0.10653714317192685,-0.07722760139734007,0.030014587211826527,-0.2321011800309382,0.038616787472227514,0.17367518647444605
0.2330291143679962,0.3336868142812729,0.36939501337990077,0.355341237430451,0.3309803674867232,0.435315441602464,0.29325558552314224,0.44650865867378847,0.24827979110358808,0.3924705744724017,0.3400607629859942,0.3322247806020403,0.4508415150478361,0.27883220461101815,0.15534050230907187,0.33532310146844185,0.35637388008818455,0.5081367280965157,0.4333869636412098,0.2205745301191997,0.3085746351385431,1.6606456110158356,0.6792910274313388,0.23415982418560993,0.42923562594303516,0.3037336400144504,0.2934216556975478,-0.06427549380074293,0.7683170813163028,0.25433209137995894,0.14164180493352577,0.4553988095691352,0.033683736758804615,0.6729567216392529,-0.09296984972031143,0.390456408260404,0.07635957287065039,0.12660123803622034,0.5052020530739156,0.06964531748698358,0.29591887914010034,0.16866569430850348,0.564497855099095,0.3251599908245254,0.31760877795921694,0.4034785012307361,0.4658962136855422,-0.21160680164896056,0.25141439038551866,-0.18703727907945167,0.21162107663316929,-0.23740241834767967,0.05574453947084754,-0.09115731356192651,-0.25329149222736114,0.03113325079620873,-0.15903963738233168,0.3039283667188709,-0.17849356664062815
0.11684712106177969,0.4007263784247242,0.366959869156946,0.38908447081961245,0.22994753403965415,0.39738421443528943,0.2634858299924905,0.4307642107244811,0.2100219577034588,0.41205438364516855,0.3082631999908016,0.36546220419156805,0.36882129422905935,0.22329272351459425,0.02031056924982646,0.19931496433833343,0.22354644887418904,0.7405456025321348,0.34318043839709256,0.24754959043033048,0.2574095687488113,0.6792910274313388,1.8512625796299707,0.2951877145593087,0.8625763150394378,0.0658493253516382,0.23987346760769096,-0.40525950650864856,1.0250458374738431,0.611445081836829,-0.2293817592775682,0.28357006797841233,-0.14075145537881634,0.7670830953024508,-0.2462316670463025,0.8654999843315448,0.015250186635820059,0.08752586328677281,0.6533780513425892,-0.07183795393972285,0.650055897462945,0.10625516905435613,0.39773966607718925,0.6405598226319535,0.011647357837842627,0.5755909510195842,0.6091776941100696,-0.42465316471644177,0.14998180455463594,-0.46302559072644933,0.6339622022541118,-0.5652890697958015,0.4754254114483154,-0.08201758201573978,-0.3693398527742165,-0.032558274524160845,-0.1268160632167656,0.25203473697045886,-0.16127023702048005
0.1615266002425205,0.1802942685686559,0.28192117577244596,0.28282430109744694,0.2715113283286823,0.26190372269310014,0.2012783171015487,0.24311148094478566,0.2417640053630142,0.26312159835236126,0.27610633744345076,0.24333785307437059,0.29313232648663423,0.25586874758988093,0.30836606278399314,0.2532554725148621,0.2829954435066689,0.16517090558087424,0.2515635344673879,0.4262636417007328,0.3116126147625168,0.23415982418560993,0.2951877145593087,0.7699061979961105,0.3489297920850083,0.12781423456685614,0.3220793131867056,0.29628386396138934,0.19898159673556765,0.5723670968761484,0.3303572280430704,0.5592241808111095,0.6197977813417116,0.255162484015755,0.26551780409676373,0.5477485966392586,0.28957876119728526,0.25990486557485937,0.3741692436446979,0.03963917995134871,0.5004890064259824,0.30707852666564484,0.2894663997602471,0.2182028863117604,0.2576647650041811,0.6083127163735371,0.40234360271284025,-0.3786052424154398,0.44255739421813833,-0.24431550158777485,0.013720740907076583,-0.07034011925398122,0.40640664533436854,-0.14829669125941283,0.2943273582281005,-0.013328276031348597,-0.19683327856625576,-0.5187145998799485,0.6371013727516363
0.253767307142034,0.40351107349373044,0.3652499497100261,0.3764333416404,0.08038170738098752,0.3466498646151851,0.27885054381099283,0.36939365855510664,0.14221361662911264,0.4008901690845703,0.30679735159142935,0.35092776228411965,0.32546042249659624,0.23862783228190423,0.2527274205988048,0.22290463930868964,0.4481801812107498,0.45466863265439295,0.25892901727808615,0.6017779764512848,0.28745235653494927,0.42923562594303516,0.8625763150394378,0.3489297920850083,2.1939768875671826,0.02924002561620681,0.31606030409608826,0.09294512853865787,0.9510187570395815,0.8810277859196005,-0.20040166419986535,0.40839743030014647,0.0461050509378968,0.7702309952719022,0.36180765356321937,0.7566325154162971,0.49013737660491896,0.3760313614400861,0.8820076327545325,0.20281846500725878,0.6852736572980687,0.3346464092164553,0.3882124635087252,0.4947414631627484,0.5287835277920604,0.888247022797308,0.6753095666043728,-0.6893564301774973,0.5976642705904996,-0.7132975191087941,0.5930156220034385,-0.23112662219765892,0.4360013810547842,-0.09841731190786948,-0.11548249606441686,0.07397576734088218,0.014720498993464077,-0.033691723788338235,-0.13048249896235267
0.304300905350758,0.33742006390823215,0.44855137455741306,0.5091392070762716,0.3650067234385524,0.47077075139735697,0.4062184560750358,0.4100766495390015,0.5035746448166666,0.38614155724226845,0.42527107801558667,0.43452550921238553,0.38544182575568825,0.4218123459595994,0.36261963011101855,0.4000610593767643,0.3521868487130966,0.5330361359500402,0.3154495371888878,0.4789286133367024,0.41124375365490196,0.3037336400144504,0.0658493253516382,0.12781423456685614,0.02924002561620681,1.7510534731536038,0.3690568012458332,0.20868275308826192,0.6144618075282582,-0.13472206766911382,0.4624839891814081,0.38357685492165594,0.03265931995371635,0.5499829656236132,0.4905951667537209,0.517975572740278,-0.1777694264797542,0.24224754242075197,-0.4448108196868942,0.17169719703217837,0.15978787551087786,0.4621526323271787,0.3784191711378238,-0.0351264248871895,0.16453132483627314,0.47814465005153806,0.2581268065291104,-0.4900968108807713,-0.4326834963713553,0.42136870128567594,-0.39829242463230446,-0.15766540870416582,-0.077231796615423,-0.005520231317897107,-0.23848546891271882,0.1263713369208315,-0.12354352817156537,0.2833163977400865,-0.21670579886390712
0.24133354303526727,0.30117971180446185,0.3198523669850692,0.3932750417408626,0.2631893932945594,0.35457756968827014,0.29572691376663807,0.34217612884495174,0.2810515101515865,0.35164834649968124,0.35315313277643207,0.38194314114361694,0.34504232200671725,0.31262758700748394,0.33714588390068734,0.33596966841204495,0.3256059978451911,0.19321533449563424,0.25728140879450956,0.5310660397035759,0.26362221860989027,0.2934216556975478,0.23987346760769096,0.3220793131867056,0.31606030409608826,0.3690568012458332,0.8355360659497979,0.10586560835159126,0.46586571983955954,0.2975550212869296,0.21336626033021358,0.560419942100391,0.14646147843131882,0.47301539705693346,0.2371569051526716,0.40990241751495143,0.23448624139408142,0.27855199823565524,0.2990105199527731,0.12710060700141032,0.33742118320726244,0.30176147525084596,0.2346355140106863,0.23613694126183948,0.06906140670329877,0.5345023408100922,0.35134397969034853,-0.3930956499259299,0.3994149110854412,-0.07962593029609864,-0.1532815312318562,-0.02295341585857389,0.2971848664220016,-0.07057838074541403,-0.20184133465360962,0.04286142880173067,-0.11618335767345228,0.09405318258969018,0.02796055958265779
0.14097726047928408,0.06928930515745882,0.17564888996571498,0.12349246164336634,0.07259624892186357,0.06749677013897598,0.06702675037443315,0.0884454928056157,0.16443236835655997,0.0899806961011666,0.14712684884795707,0.02572516105004936,0.1551879633700459,0.14609938645375498,0.29793509209789804,0.19749877058896403,0.2535281920986316,0.011833079176007854,0.2163624392613324,0.11447571668377399,0.21420098927016995,-0.06427549380074293,-0.40525950650864856,0.29628386396138934,0.09294512853865787,0.20868275308826192,0.10586560835159126,1.6730522153058,-0.3536016348894063,0.2939557863549915,0.44233518955257417,0.0033620624979052603,0.8702842836578614,-0.21708558689106347,1.1650816894026321,0.30316789159355534,0.32406151362323665,0.1317501501824821,0.10082222275768225,0.16966139109505834,-0.005637183266806637,0.22101093404361705,0.25932738007432166,0.18500912567909314,0.6096633722391167,0.18481028069105335,0.030372471678341863,-0.01471859538940584,-0.22158883463005902,0.00864686791102073,-0.22505942283292574,1.317324848283525,-1.3142377967593502,-0.059897509512850985,0.7738298407484547,-0.008242321351182424,-0.09873277260820346,-0.8467413188730468,0.8395810426192232
0.33178356520358293,0.6451212282931222,0.5586289581214416,0.68082250879106,0.4375443471487316,0.6726957186382807,0.4357285061448235,0.6463446120834522,0.3301102540529123,0.650655510150138,0.5381873142686384,0.5507415213996848,0.5974375238326806,0.4772655473610573,0.39108020625242346,0.4913271992213745,0.5488379081938325,0.7581468967073535,0.45122132913680685,0.7378956034481271,0.41901666600635074,0.7683170813163028,1.0250458374738431,0.19898159673556765,0.9510187570395815,0.6144618075282582,0.46586571983955954,-0.3536016348894063,3.011255744838482,0.4713777387857964,-0.1448439885579147,0.6077664391201905,-0.5331516034609877,1.3542822024051528,-0.2734218727265684,1.091288332408486,0.05110466523995493,0.2868178614994286,0.48811138109026425,0.3479787826125767,0.5632908068888278,0.36017894182889826,0.21576000253228939,0.0491403833231627,0.2256150703136502,1.1541778187065312,0.7746932326199326,-1.3882109549765234,0.20672143610320545,0.7098378090546972,-0.35869899083824625,-0.1319650940124909,-0.22399725613459606,0.0677967803557171,-0.8295144683370519,0.023251176728833624,-0.19107440377017743,0.5915010735159969,-0.28982006157376233
0.21414448381469522,0.24593347191842366,0.12856838412390484,0.29024037407613434,0.1529148718036086,0.24585595563679202,0.14824442751068395,0.3221943124740856,0.11212580304539742,0.3094209033589712,0.2641582780484672,0.19416952685908268,0.3297068601974198,0.3108300168099549,0.3827510419678209,0.243773120973367,0.27382316875056084,0.1789422487995868,0.23942491514040198,0.6019659709857277,0.38239066122828874,0.25433209137995894,0.611445081836829,0.5723670968761484,0.8810277859196005,-0.13472206766911382,0.2975550212869296,0.2939557863549915,0.4713777387857964,2.052722375965972,0.06466004331622568,0.4027573784955796,0.3245793034064894,0.25514336871719406,0.5137201494677267,0.6011094071655643,0.31073678015145345,0.3442137383620534,0.8052650350095577,-0.08769688484638725,1.1758851476337524,0.2890486712952788,0.8311026443928553,0.7337772699972452,0.9178030018417671,0.7574921859282722,0.9267096799624519,-0.5653889254037952,0.7887302448373562,-0.5591176153295019,0.35356722492239584,-0.29500698276090614,0.4821318912270989,0.0006743534955113768,0.36441056669803695,-0.1284695532386712,-0.3538229872319167,-0.26757377211309896,0.6817369846421988
0.30562610910621213,0.18942028030642877,0.31517232469023365,0.2406222479140166,0.23597098823622437,0.22395289074302913,0.20874071835942584,0.20354144847896985,0.28668793164851863,0.24108504303308353,0.2757774819746989,0.19375168608887283,0.223668297456267,0.24003128345828575,0.3092904568233952,0.22434376776570542,0.257413132993758,0.3760368335847948,0.23832250988381978,0.3167910787749593,0.3718069857365779,0.14164180493352577,-0.2293817592775682,0.3303572280430704,-0.20040166419986535,0.4624839891814081,0.21336626033021358,0.44233518955257417,-0.1448439885579147,0.06466004331622568,1.4659202148019237,0.3269811524518355,0.4982927035465043,0.10259774814984002,0.3021280478794577,0.3502382347380853,0.26129619669115944,0.23199968517243932,-0.025397601410630914,0.10258313076947592,0.22094203941642226,0.3219220795819286,0.14937765536982786,-0.045925020999120804,0.2688318250058945,0.49674283925338414,0.25844073329741446,-0.22331262648940706,0.036906479925016805,0.30730637624854024,-0.14436752479638487,0.23626207852686004,-0.23917304836562175,-0.1326043728868676,0.19569324634017873,0.12387080043648326,0.16741852443274255,-0.2147698068283396,-0.11486983851437335
0.07640592935511277,0.24052972066707515,0.31657930726267336,0.3732389227495585,0.31875630539591276,0.402694642190176,0.22666221791045102,0.337640970319874,0.28234455415467163,0.3817622498224428,0.3405380632225245,0.31689909413757145,0.32055964540982557,0.2938636037735893,0.32263470864188737,0.28660783167007375,0.3017383493066219,0.25785285092442034,0.33603605570573175,0.6486308919090267,0.3089881983880729,0.4553988095691352,0.28357006797841233,0.5592241808111095,0.40839743030014647,0.38357685492165594,0.560419942100391,0.0033620624979052603,0.6077664391201905,0.4027573784955796,0.3269811524518355,1.7974969813558341,-0.0006390054919208308,0.8236332900127701,0.24183987384463343,0.6473880428151161,-0.12170062820774807,0.37159775894427766,0.2955267349060063,0.1976784774229023,0.6082994925891149,0.3991265572300347,0.2470392156559491,0.041860054934449734,0.18216951102129275,0.8404822454505425,0.5072604778280194,-0.6927496292805445,0.6468998196188298,-0.1312404710994421,0.20234048315800987,-0.28802398664542234,0.4063647719167618,-0.03607469681274623,-0.07500891811038211,0.21749677303989332,-0.16540162593994365,-0.1432917376761939,0.14027674918362412
0.4363528773260031,0.15479681818969562,0.3734353348677876,0.07515806979300006,0.27079396422482677,0.06535053327249475,0.19976904573635984,0.051000705220968626,0.2938933594428606,0.08576416215577046,0.18543468813795128,0.18470584345061192,0.17786770239059863,0.19822228715202037,0.3713533809415991,0.1604116794807044,0.2546352870769932,-0.0031893561214848378,0.1739977290867763,0.15695406565640121,0.4170740916860252,0.033683736758804615,-0.14075145537881634,0.6197977813417116,0.0461050509378968,0.03265931995371635,0.14646147843131882,0.8702842836578614,-0.5331516034609877,0.3245793034064894,0.4982927035465043,-0.0006390054919208308,2.478513580321017,-0.5731502174503159,-0.12113012152500924,0.5142969619347153,0.621212351849017,0.16462762933817515,0.170247335204101,-0.13658027251179802,0.26241970658314867,0.2924713693688445,0.33905275047600486,-0.0174858674144937,0.3054921397367146,0.6494441478030929,0.16443542955902352,-0.34250004201378503,0.6388186255416304,-0.40713845242207275,-0.19860833755058013,0.11965184979274975,0.5916077119080826,-0.38586207154773855,0.7309136066730088,-0.03721426047346461,-0.19577288769220305,-0.7295689332878578,0.750238728589625
-0.11741582685666359,0.39220580739358457,0.3710431987457415,0.6696466721860952,0.39296313575152764,0.556555069645705,0.3601568453533954,0.5204643472185344,0.27921614648323684,0.5754292701512788,0.44960488751992767,0.4772026452431366,0.47810309997460404,0.3542315954059244,0.3327430833678326,0.4027226988335034,0.4520381558299392,0.5894650562731895,0.4068903619248692,0.6276233746690263,0.31929899171138054,0.6729567216392529,0.7670830953024508,0.255162484015755,0.7702309952719022,0.5499829656236132,0.47301539705693346,-0.21708558689106347,1.3542822024051528,0.25514336871719406,0.10259774814984002,0.8236332900127701,-0.5731502174503159,2.0282511737861872,0.2791293821768328,0.6258651830242586,0.3456581070815949,0.28460810329699887,0.3546947696443723,0.24689797289477008,0.6183904193812529,0.45179049072078037,0.4790027875864796,0.31479338699238885,0.24731435831892384,0.558730994285334,0.6133638609679728,-0.4751821124566772,0.2225012254902469,0.08490661840210312,0.043701487844833166,-0.2574071230091304,0.19052229018691222,-0.044523727337869676,-0.5508703894426731,0.11380815522094404,-0.23419197622555085,0.33977715686242027,-0.1466318119554191
