1.9356568380644759,0.37628749383266574,1.6624852713144185,0.21560822571123378,0.0641279215238691,0.17875221790069137,0.13255930685626083,0.17394817914918242,0.282181402715439,0.23761177026878016,0.09777486532728301,0.11510674110115886,0.08180907824315639,0.21562312615396953,0.1448913478695198,0.06914751409542172,0.08486723377910169,0.24143989543790115,0.13211217274700063,0.1479701413176612,0.19730231806031592,0.1783785357161964,0.06343327932867825,0.061511420548275034,0.2369963358921513,0.18653992882602446,0.13225451711355218,0.05673365515559799,0.1346658493945339,0.30079190197628514,0.18195717801439287,0.20868224214622813,0.10531523067211554,-0.030763453235999765,-0.009262719771422671,0.05188189261009896,0.1600604481704178,0.2400574878554821,0.15740928285279793,-0.07951719746770626,0.1653716708757944,0.1436408446951001,0.4195257666489211,0.09447323274842853,0.49533638812475955,0.2947997035727605,0.325081780026288,0.10191865756245867,0.37851013801416905,-0.07493077689707509,0.08189454436647334,-0.0783944285979086,0.10491099688717233,-0.09988351683792203,0.13272303454015758,-0.07192761225638052,0.563151965121256,1.2843273706418061,-1.7952405251860934
0.37628749383266574,6.637023759862659,0.6065345532026397,0.4621318819081745,0.6584302793149885,0.32302974596428213,0.9804631714578586,0.6806776204440594,0.7606610758949178,0.7285377910400249,0.7197149016825659,0.7745693367962556,0.727488551704072,0.7543960805548803,1.079649211138109,0.4550588910709736,0.5472241904194793,0.8160656142040962,0.5389834583872538,0.4924254915307682,0.8851870083055756,0.5984079251173609,-0.245966623655756,0.3452923702469947,0.46053835984795094,0.9821336186710586,0.5617664830629581,0.5023203983279672,0.4484522404075312,0.6795957874538634,0.5766956698609061,0.6361484363811625,0.5543307290020788,0.5069091130681525,0.7451276145688499,0.4485860508086839,0.7276362689014526,0.6571059843639476,0.4031373226993143,0.5116351315733286,0.5292503935457799,0.6636952234369977,0.7099938707348736,0.3999446256732536,0.9307775739735071,0.040126760093776824,0.7012109850069329,0.32343533629667043,1.2381076198935292,-0.8966257219844675,0.7033543807749594,-0.4299358209827015,0.6529851162513468,0.004800930651204957,0.13629975215905302,0.21930869383082754,0.07712554431701352,0.41468133148557906,-0.8835633730772714
1.6624852713144185,0.6065345532026397,3.8267981105637126,0.391829980982982,0.011834059262979408,0.5332930273946389,0.3426530618910452,0.7503784688093607,0.8056453251962379,0.6033070687380191,0.4182882865878344,0.36392648478569833,0.46662202920903734,0.49744690580783185,0.2977060162316259,0.3083438414864792,0.41004979014562115,0.48626071818991534,0.34348532242645885,0.4733972796559664,0.4408290986303607,0.5659338328819253,0.3458963484067484,0.394237314444854,0.4429205570367912,0.4647185212721594,0.3882210071606019,0.4545555205811069,0.48056868384517193,0.6727358170547516,0.40903280122172053,0.4634438450054924,0.3958807379967197,0.33584347022536304,0.40721975526197124,0.577147504755176,0.37638485516777076,0.2802955724568672,0.5861838208964475,0.4138526159603963,0.3979894192628998,0.40829812590809134,0.4349749085621537,0.36431930670047835,0.3835418146699423,0.22116124563530518,0.6882795533600826,0.21853204559439302,1.026476329212173,0.027621047746643458,0.31410983324583197,-0.23009922390654208,-0.006070094975871778,-0.16653787269813217,0.002583098475847901,-0.1123959001502032,0.390725618851965,0.37592802888602145,-0.6815833456578828
0.21560822571123378,0.4621318819081745,0.391829980982982,1.2608234306744783,0.6631240987015217,0.5123861488613808,0.4180355699097265,0.48547790925198875,0.2184111987391547,0.4215437038481364,0.4444176739250561,0.4415598873488662,0.42801052506644,0.3807923667917421,0.36595379763026975,0.4247877989835043,0.40397435169161006,0.4135471942806719,0.4454454338863895,0.38012295013127634,0.3756792076402134,0.3465656268848716,0.3328914466187045,0.3048385435643659,0.38305207193199853,0.3383962814966269,0.3409717615995316,0.3265439235160326,0.37383891914307904,0.41411086333110986,0.37097980575686595,0.3602945956381072,0.3370231836903178,0.442919317238408,0.32035056978901394,0.4617923682168099,0.4779918630120374,0.4410887181363938,0.47123670101917636,0.551288922146123,0.264192449161341,0.36003460875655624,0.39723613410431685,0.5080150792904737,0.3050221159971895,0.1602527663543071,0.4797690275544211,0.2433710571932633,0.3751923999142077,0.15691070875961413,-0.15485754778490768,-0.08594298980152379,0.02820730786527041,-0.04109334826381779,0.13468525428878847,-0.13219987698310348,-0.017766725290198793,0.021981936287952312,-0.03332363172859797
0.0641279215238691,0.6584302793149885,0.011834059262979408,0.6631240987015217,1.4123271145454008,0.5589620911201064,0.4195509219762454,0.5459873001751512,0.2679060302171925,0.4416655478239698,0.5037705563036238,0.49502284930920554,0.5168727047280958,0.4459191097394295,0.4716826874341124,0.541688133053703,0.45028571876217155,0.4769676425909586,0.7034199175802555,0.4213731688899585,0.4321866997206381,0.4376830644446596,0.4107155020705758,0.3670720385968553,0.3447136355105202,0.4294554664314024,0.3821996298171761,0.23923619466296378,0.4023052933526057,0.3233567277456183,0.4390359575472909,0.3979190560862396,0.4240849322783382,0.5423782524530335,0.2869444214592954,0.5781600413415601,0.6561984079988199,0.5072500750795199,0.4680542904037411,0.6177592394346156,0.23354761534896867,0.4507709960887208,0.3699877257701997,0.5217673555592073,0.2714363936518457,0.1376257436112425,0.47754141459764743,0.3050042589509229,0.5638242341296603,0.22529502154328784,-0.12554357301257538,-0.38896356267417903,0.2652195667482795,-0.04419880299147852,0.10888501593342191,-0.17841093079957765,-0.12352357265133546,-0.18006492577352914,0.34179879025270105
0.17875221790069137,0.32302974596428213,0.5332930273946389,0.5123861488613808,0.5589620911201064,0.945615734271661,0.40316905119139457,0.6122060690078603,0.45203219797185923,0.5012952864185655,0.5130022366708296,0.46493683757284043,0.5003849963037587,0.4809850993651175,0.3525415383686227,0.47434887054844793,0.499515878673951,0.4411924880651818,0.5799772143656465,0.5222706266053524,0.430564804126461,0.5076294894385771,0.3393070947068534,0.38482167257294747,0.4763141078122344,0.4688421625010757,0.4084765049109425,0.4638582219871262,0.5122779136798598,0.44646750439261595,0.4373942110783951,0.48943622217638494,0.35656895515487,0.5326894108003898,0.364124854223066,0.4981242636364179,0.5672230790852519,0.5374417696483965,0.5503867177642925,0.7708996161142062,0.23067418388637195,0.43567464548341855,0.48214872017867716,0.5896551478079647,0.4022839171700146,0.17069550751436122,0.5785811999729236,0.23503331528601284,0.6764406565672515,0.3704177175032752,-0.24547507092581902,-0.1006359380600199,-0.21216289556779444,0.03374626912459181,0.08411431494883835,-0.08900900027040633,0.07466735356823748,-0.03756376107084309,-0.027301800839898926
0.13255930685626083,0.9804631714578586,0.3426530618910452,0.4180355699097265,0.4195509219762454,0.40316905119139457,0.8568388086431068,0.49876441523802145,0.5030912578818986,0.45142655722033215,0.49234448314624124,0.5154713368006014,0.4696483959039825,0.4830590278631719,0.3017933640141792,0.4732484549369976,0.4581613819901644,0.40982642359024735,0.31874060556548595,0.3520723306552211,0.43138063036188073,0.5095006436323181,0.33925097031216833,0.32665818412298625,0.4357210005444968,0.4799087061364146,0.37584547072217867,0.3233973216553848,0.3682898716538766,0.4179747020233891,0.38782903274616515,0.4416111807252631,0.3346965457341032,0.4387596871847346,0.3808661251888359,0.4434646226427296,0.3581915514902617,0.4136508316893632,0.4705734426074667,0.5343911595701194,0.29078066810290937,0.40612318009094195,0.38261399078752595,0.4702806551051567,0.36178948095516994,0.1508880076390309,0.41095454305264345,0.15526512914239804,0.6357694405692591,-0.09469846939738202,0.02007311107011972,-0.2245784609142622,0.1559206626710227,0.007435798785069498,0.1895792375655516,0.08718822356151543,-0.003910424978286193,0.016182980261145365,-0.3462418815169653
0.17394817914918242,0.6806776204440594,0.7503784688093607,0.48547790925198875,0.5459873001751512,0.6122060690078603,0.49876441523802145,1.1010550264606167,0.3819167287558378,0.5329053167974535,0.5593063340961114,0.44275079647712146,0.534936452290078,0.482811960007424,0.31740860993095926,0.474679796009914,0.49220291023178936,0.5252083955845809,0.5170101538382226,0.5025589313779111,0.42294186928114796,0.4853265967566325,0.3358192484763446,0.3247593682939366,0.4232770419031066,0.5298486354181645,0.42003819878453436,0.4227578870572636,0.44475701125341044,0.511103843756289,0.4120694251641294,0.4567452550895914,0.3779327489955192,0.4821158806336834,0.3734648306624128,0.44971983259248827,0.4494979507882608,0.5130406316986464,0.589146518256038,0.636932165395577,0.3299877441586302,0.4344678013713296,0.5696882693790708,0.4887877092401343,0.40691494126849226,0.1746229454406229,0.6327728944989052,0.27519645812579774,0.7652731152648051,0.2378536291148576,0.06941538364725074,-0.15879827981163122,-0.07757784207176943,-0.043327518780578674,0.06702613182498524,-0.06734155808005574,0.05052780041769167,0.4780365362093033,-0.5506071270779613
0.282181402715439,0.7606610758949178,0.8056453251962379,0.2184111987391547,0.2679060302171925,0.45203219797185923,0.5030912578818986,0.3819167287558378,0.9616860532989393,0.3585029814691033,0.3573721406896023,0.3329117953160542,0.4323782022415379,0.42787764382339233,0.10991846872373558,0.3246407520482313,0.35772599894245727,0.28593887914721183,0.26660787776728984,0.3470754990812877,0.3709526090031966,0.5971034537744346,0.2595337110718642,0.3303021901811642,0.3312853409860495,0.49985058788414416,0.30445780885118273,0.3345815946676823,0.31454121172513017,0.35804229680881355,0.3506500159626833,0.4034901383677681,0.30130421861048134,0.35105882693478446,0.3535847639753413,0.36727085235135093,0.3860405578880773,0.3701941899814545,0.39311425925135285,0.374912035996409,0.2607623117243081,0.3491742556490149,0.27486485707306196,0.4313279913440453,0.2575565883472886,0.1409649605061545,0.36122470311881455,0.07016850571873388,0.8245585592097191,0.03746954212566788,0.04783462019434791,-0.262758207873787,0.012508295601705447,-0.026885850532370498,0.11345346586113843,0.06170880122806844,0.09749412580010365,-0.23058503310687015,-0.04762808108372429
0.23761177026878016,0.7285377910400249,0.6033070687380191,0.4215437038481364,0.4416655478239698,0.5012952864185655,0.45142655722033215,0.5329053167974535,0.3585029814691033,0.9908377052417552,0.5074475898524443,0.5073952396267172,0.49308297922611055,0.45458166893667246,0.4629765632985468,0.45670593407712295,0.4795012863533262,0.5160858928860316,0.386083692203802,0.4729272425376435,0.44143685198437943,0.43748865680834803,0.3982773013991982,0.4349313396075016,0.49049777567299513,0.4263024518114197,0.4161574510673372,0.48321032199405384,0.4670537124123977,0.7342639991741333,0.49399245701792593,0.4623643078241723,0.45608771738315523,0.5563274857440859,0.6033997218331877,0.5643075861869645,0.49301861081704085,0.5209773702387422,0.598180620435346,1.0277305193774446,0.4468035475227374,0.4448829505868848,0.39984260190977383,0.6588400747719078,0.30475213620151737,-0.015932569037076454,0.7253030569528559,0.3252042580780785,0.8327705647082028,-0.047536623730241756,0.14053495019940623,-0.43364420116779123,0.14143846212687974,0.20586093300769234,0.1265369174135042,-0.03848222935243408,0.16353351277723396,-0.407447149786855,0.1867769395516628
0.09777486532728301,0.7197149016825659,0.4182882865878344,0.4444176739250561,0.5037705563036238,0.5130022366708296,0.49234448314624124,0.5593063340961114,0.3573721406896023,0.5074475898524443,0.7279499465208206,0.5560751052908365,0.5513514765352712,0.4554585805763079,0.43466289145944453,0.47559036330522986,0.5120926789390873,0.466499146533247,0.4127058991861929,0.4508134168544065,0.4453271682198299,0.4513812783888557,0.37636659229431874,0.3800454424926354,0.4443586302270833,0.45891356959098867,0.4158707346856843,0.42471964140768653,0.4434743036161143,0.540178568849404,0.4372443965004871,0.434077713775766,0.38712887221869097,0.4787228574668646,0.5171467371037481,0.514152807012275,0.3949796348552712,0.45494812420826836,0.558693789834562,0.7168660382261478,0.3373394797901198,0.4329263100785509,0.3926965424503972,0.5150161858562804,0.21003704029296322,0.06714531701530546,0.5648094609773016,0.25465341381117784,0.6837605061543797,0.046237492242440156,0.04347054333039503,-0.2564194743571438,0.08296181373575488,0.05810790484398813,0.0330794292807245,-0.022140767726491532,-0.012263769714157094,-0.1409878268873021,0.09106993244697938
0.11510674110115886,0.7745693367962556,0.36392648478569833,0.4415598873488662,0.49502284930920554,0.46493683757284043,0.5154713368006014,0.44275079647712146,0.3329117953160542,0.5073952396267172,0.5560751052908365,0.7399681548200994,0.49527435652988944,0.461559758660808,0.43385400603861624,0.4958981551359681,0.48977382639697203,0.39146193529529544,0.40234195457058236,0.39418282093615026,0.4223055840286112,0.44890963003062306,0.343626371986219,0.3578827249513321,0.43325696752445053,0.4075581627900644,0.4282208790889565,0.3834262274085549,0.3806395929633901,0.49528994251840724,0.40668981700604273,0.45275740749495363,0.3789261547651098,0.4727447691034301,0.4019165178388354,0.5172828297138261,0.3027770813450265,0.431910809890269,0.5372902304515854,0.7525471912143042,0.3264237784995957,0.41877807258050237,0.3696755577903458,0.5230292470520401,0.2006145016391546,0.03128520391664155,0.5115920364880836,0.251026299715542,0.698894593262219,-0.11359815207007269,0.07556716300084534,-0.21990320400447977,0.10447589441864756,0.04809511131925158,-0.0026366471718375795,0.043560472357641156,-0.030057181974867,-0.10228067030091202,0.01014774614223808
0.08180907824315639,0.727488551704072,0.46662202920903734,0.42801052506644,0.5168727047280958,0.5003849963037587,0.4696483959039825,0.534936452290078,0.4323782022415379,0.49308297922611055,0.5513514765352712,0.49527435652988944,0.7879521972812877,0.42270938320623075,0.3187427365663756,0.5190984568875867,0.5078991637249338,0.4575931993340697,0.4031496860571856,0.4453615544134725,0.44487965842670874,0.5229940856872785,0.38946811482516625,0.4322020132744492,0.4503791992339346,0.4191537384444907,0.43536372300663545,0.4949424306105709,0.5030244780813912,0.6104517397864078,0.4317230018175293,0.41897495090778425,0.43091683548103604,0.5146592149631095,0.6089298391145856,0.5742501652495127,0.45912144141086314,0.4231102289471866,0.5786369966292068,0.7123003204860682,0.3718143271043779,0.4327432307597274,0.3248836822481028,0.589089049444765,0.056005841256890135,0.0608846154503791,0.5740101255030345,0.22897944357871575,0.7046744238484114,0.14797402970061624,0.09851362294335735,-0.36682510875215535,0.013280179959145275,0.04758017512625459,0.12673136454397643,-0.09932099981676062,-0.1037963428472456,-0.6410497801430566,0.6942511012181068
0.21562312615396953,0.7543960805548803,0.49744690580783185,0.3807923667917421,0.4459191097394295,0.4809850993651175,0.4830590278631719,0.482811960007424,0.42787764382339233,0.45458166893667246,0.4554585805763079,0.461559758660808,0.42270938320623075,0.7168014413841245,0.4439260830019773,0.46453271631693405,0.4473787435940312,0.42943628325240985,0.3977619934790079,0.4438699715764475,0.4540566193278252,0.48111821864266596,0.31584151410359546,0.3536594096479195,0.4780917020546034,0.49334959416434426,0.41142508028573205,0.3304946227846922,0.3810876474528055,0.5007185605063578,0.4275713411855386,0.5828410789462348,0.3406717268926624,0.4560873780815069,0.3620340362375636,0.47392208276452374,0.38365079519088036,0.4796277904788909,0.44957253788575624,0.542760743768055,0.3556257198290052,0.4415658869522262,0.46970790594014056,0.4660286236509464,0.33524576113902055,0.044190420589089965,0.5417838209301837,0.26725989638306147,0.9782700455366019,-0.06085169157178909,0.0976717517370449,-0.23744938347387862,0.18363569330073823,0.014901772444479953,-0.09936771043955692,0.018665859474529978,0.1589363801488878,0.17073803757584594,-0.24884500108698307
0.1448913478695198,1.079649211138109,0.2977060162316259,0.36595379763026975,0.4716826874341124,0.3525415383686227,0.3017933640141792,0.31740860993095926,0.10991846872373558,0.4629765632985468,0.43466289145944453,0.43385400603861624,0.3187427365663756,0.4439260830019773,1.057295612585701,0.30057411952250546,0.3929366083079372,0.5115999873092268,0.42027526618491384,0.3054644832987537,0.38620697586884006,0.22434293397009658,0.36296723752518123,0.3003032492565776,0.46837949438417287,0.3735691972090093,0.3279374349721079,0.2784807885665229,0.3893297810384309,0.47105160116000006,0.37217662321530764,0.35515888422195435,0.35446723391310286,0.3951562802492325,0.3394437162719678,0.46475124459571243,0.3626770016819612,0.2859024261674141,0.3583540868731118,0.5606942205000528,0.2851949931652157,0.35208848380924684,0.3946261900551047,0.3189422626813496,0.20790239197756577,-0.05857991586487784,0.5248812121777028,0.30916074419539064,0.6186270600960085,-0.2369560235052471,0.06333686882580083,-0.024718777381580702,0.2540442355275083,0.03655469130754015,0.02182270565387105,0.09231286752096803,-0.021978196147391917,-0.11086956545265544,0.07989375906781165
0.06914751409542172,0.4550588910709736,0.3083438414864792,0.4247877989835043,0.541688133053703,0.47434887054844793,0.4732484549369976,0.474679796009914,0.3246407520482313,0.45670593407712295,0.47559036330522986,0.4958981551359681,0.5190984568875867,0.46453271631693405,0.30057411952250546,0.9181766489836768,0.49044952793399493,0.45004133189503964,0.4597852563775856,0.2977419632358672,0.4008332067750046,0.6314963960525038,0.3997354733245451,0.3928660783622354,0.4220725257508791,0.35397537973738696,0.4469549594337536,0.41103978537602365,0.43204660882505613,0.4979674075096811,0.3854053745733919,0.4794099782338801,0.35645900239120765,0.5333835471984139,0.4462361741986504,0.507454796162361,0.331319392839241,0.4038140632204795,0.5264459119798435,0.7108959964072138,0.3091273259889361,0.4596387652976402,0.3581017682362432,0.5908679389060528,0.14721754150254715,0.0016961640653362269,0.5302785056830986,0.11414869589553218,0.718090463837618,-0.13822476994697455,0.06471370861576264,-0.2068599354846238,0.05624624181158474,0.045570845161829715,-0.005571995369333572,-0.06498526857606471,-0.07239528662349128,-0.20538280886966193,0.3375115224844261
0.08486723377910169,0.5472241904194793,0.41004979014562115,0.40397435169161006,0.45028571876217155,0.499515878673951,0.4581613819901644,0.49220291023178936,0.35772599894245727,0.4795012863533262,0.5120926789390873,0.48977382639697203,0.5078991637249338,0.4473787435940312,0.3929366083079372,0.49044952793399493,0.7698548303925906,0.46280455974679213,0.43418428703692036,0.35416175160977525,0.4469480599360214,0.4944021417879072,0.36437981961656274,0.3671715036761013,0.47253993811292966,0.4361515874485255,0.39336048274955054,0.5789873382961528,0.4241639753738159,0.5073764918916204,0.4190051765220961,0.4402740415053284,0.42236123015977217,0.45425343404121593,0.5029955970373696,0.5347096498107098,0.3938060742241473,0.45721891064988035,0.5319098795908549,0.7162083756822654,0.34358492673447577,0.4351129859853086,0.3373263434452924,0.5458108575478888,0.20068391164797889,0.01919035407888656,0.5574493763028727,0.21727555444840307,0.6726283039575323,0.1935067882853455,0.08640265570794249,-0.14267086226152909,-0.11107395936054096,0.06534012393195561,-0.05972690855718354,-0.06041513575401336,-0.014457240323316474,-0.1677507972133638,0.2172546202344785
0.24143989543790115,0.8160656142040962,0.48626071818991534,0.4135471942806719,0.4769676425909586,0.4411924880651818,0.40982642359024735,0.5252083955845809,0.28593887914721183,0.5160858928860316,0.466499146533247,0.39146193529529544,0.4575931993340697,0.42943628325240985,0.5115999873092268,0.45004133189503964,0.46280455974679213,1.082309375618695,0.4572828871349435,0.1984505699457318,0.4568345972102316,0.3779000176753444,0.47756287661947816,0.30141149671517636,0.47978419886937007,0.5169035857649554,0.36421923424425434,0.3585507573285603,0.4177687747457823,0.42512170362771085,0.4547268289663082,0.39812863916195956,0.4360952386395938,0.3978297689223142,0.34314456576464053,0.5489021976562342,0.3550078828765433,0.37700106961236796,0.37564239560795365,0.5223810488486824,0.26056375766624684,0.3822824459878941,0.5528346651721664,0.38646715328772874,0.4324634744548905,0.05143634328163261,0.741290140181004,0.24750054231019364,0.5208981118877678,-0.003833970293292466,0.28967836002765207,-0.22475559245996354,0.11085626306308678,0.0397777558397692,0.11751260581676028,-0.008030764991380435,0.11553406485898957,0.2407950466722251,-0.44448950212788635
0.13211217274700063,0.5389834583872538,0.34348532242645885,0.4454454338863895,0.7034199175802555,0.5799772143656465,0.31874060556548595,0.5170101538382226,0.26660787776728984,0.386083692203802,0.4127058991861929,0.40234195457058236,0.4031496860571856,0.3977619934790079,0.42027526618491384,0.4597852563775856,0.43418428703692036,0.4572828871349435,0.9194904095321119,0.29902064911704823,0.40053984898464895,0.4152759399911359,0.29003666270498485,0.3239554061015263,0.34856143025422753,0.3334239726987505,0.34328753901526565,0.45298330152213007,0.3282908065494604,0.30948496611968895,0.395626772298685,0.41970587859895847,0.3811720891648863,0.4383391569352738,0.224080792479308,0.49518040193605084,0.34623186056077015,0.48534775735435703,0.41659325229855687,0.5388939146968046,0.20904490484270782,0.3806979781548336,0.3409428552612866,0.43461773639071044,0.27993870334594845,0.09028196905405482,0.40651807843389526,0.24444150938164783,0.39058803107603324,0.10715176033786332,0.39832837986683656,0.10117480192241395,-0.3285771121361714,-0.11065131206897665,0.07957496508958876,-0.0861980172686145,0.0173014678261017,-0.08521564345684136,0.09907394448333356
0.1479701413176612,0.4924254915307682,0.4733972796559664,0.38012295013127634,0.4213731688899585,0.5222706266053524,0.3520723306552211,0.5025589313779111,0.3470754990812877,0.4729272425376435,0.4508134168544065,0.39418282093615026,0.4453615544134725,0.4438699715764475,0.3054644832987537,0.2977419632358672,0.35416175160977525,0.1984505699457318,0.29902064911704823,1.46117100572123,0.39259578916729954,0.28625394735496135,0.06967972174528642,0.35220582295165254,0.49161648250381,0.3879469949601444,0.45680241206977734,0.44521608927145273,0.5009680662589615,0.7956971164280877,0.5379048933766948,0.3732733682855378,0.39669306038779006,0.5674992548401573,0.6757825483569384,0.38679546501429424,0.960463755550153,0.7619656826373101,0.5924994602699963,0.7604476843079089,0.4913678650836825,0.5292730254809432,0.7446875654540739,0.4261921654758709,0.723021308105947,0.36865076335356545,0.49100116980970937,0.4874262405911441,0.7807442804537211,-0.036178646276258046,-0.13539352402224075,-0.3249907405786524,0.2741469940590268,-0.004482896551903481,0.2033047594596677,-0.07597405346657773,0.01705226748549439,-0.1642742106183238,0.09644059504402068
0.19730231806031592,0.8851870083055756,0.4408290986303607,0.3756792076402134,0.4321866997206381,0.430564804126461,0.43138063036188073,0.42294186928114796,0.3709526090031966,0.44143685198437943,0.4453271682198299,0.4223055840286112,0.44487965842670874,0.4540566193278252,0.38620697586884006,0.4008332067750046,0.4469480599360214,0.4568345972102316,0.40053984898464895,0.39259578916729954,0.8417258441158451,0.39459005567246286,0.2822887756329157,0.29781263397536123,0.4437860614140767,0.42475393226985203,0.35600125700037555,0.4261125013231364,0.37245945152794757,0.5905573111889615,0.42836299841589304,0.4473544119989414,0.3567633827621538,0.4226252268262788,0.5101931226671571,0.42839028488699155,0.4024619440073338,0.4858687634601419,0.5161909643528265,0.5928183492677577,0.44497841358247775,0.4975149777998645,0.4208598416637375,0.5543700024048193,0.5870710986614897,0.036928779357852805,0.566891320852313,0.27049934390728353,0.5918049142820143,0.018470393087493247,0.1858874580414227,-0.26342194690145476,0.0545943501442492,0.0333094607441969,0.08002406588529362,-0.041732559651856696,0.08887519022710277,-0.05311702593509732,-0.058658991511899614
0.1783785357161964,0.5984079251173609,0.5659338328819253,0.3465656268848716,0.4376830644446596,0.5076294894385771,0.5095006436323181,0.4853265967566325,0.5971034537744346,0.43748865680834803,0.4513812783888557,0.44890963003062306,0.5229940856872785,0.48111821864266596,0.22434293397009658,0.6314963960525038,0.4944021417879072,0.3779000176753444,0.4152759399911359,0.28625394735496135,0.39459005567246286,1.0429853835591867,0.3465956487219809,0.38598910105890183,0.4039862273946443,0.44060350935363685,0.4008090645609258,0.4176476839648725,0.4131399424750827,0.4408726451745069,0.38314437444561833,0.5070776849903066,0.3602893492723108,0.5015342683419205,0.4165699432881633,0.46264225200820003,0.3566248451647565,0.4549102360136496,0.494672489108365,0.5213062919291959,0.31045623704379355,0.4229310895581058,0.2743691396057848,0.5972521963093423,0.11605797948857859,0.16596177530613027,0.4744659099195455,-0.174569475565306,0.8359157099396202,-0.06612125610572435,0.07072488533129133,-0.24065069480395815,-0.034490440904093415,-0.03192860245047851,0.00012995905797019992,-0.012755382314067344,0.01516348372391838,-0.19403624358393579,0.15877295822579188
0.06343327932867825,-0.245966623655756,0.3458963484067484,0.3328914466187045,0.4107155020705758,0.3393070947068534,0.33925097031216833,0.3358192484763446,0.2595337110718642,0.3982773013991982,0.37636659229431874,0.343626371986219,0.38946811482516625,0.31584151410359546,0.36296723752518123,0.3997354733245451,0.36437981961656274,0.47756287661947816,0.29003666270498485,0.06967972174528642,0.2822887756329157,0.3465956487219809,1.5297033325171685,0.40745506967551726,0.5802246840886374,0.1991749098686239,0.23303242849945557,0.10884954493623032,0.5922098193989839,0.47356768417092565,0.22065632118455877,0.25089147452426763,0.3534193790437037,0.45555115436412114,0.1647545171170455,0.7037678301281298,0.14121435554392886,0.0546782984242192,0.4985300424236142,0.6416865376805261,0.2478954009158335,0.24387498116522946,0.17860944487797387,0.5740552055740837,-0.31998062748699485,0.009091574212485628,0.533987446615721,0.2843853164445354,0.5993108695235186,0.19164933841408852,0.0337481847401355,-0.28558057834313066,0.11439778814754513,0.03897723538701874,0.08149247819827375,-0.01605800988319591,-0.1582924758834278,-0.5654956997968287,0.6390357816679572
0.061511420548275034,0.3452923702469947,0.394237314444854,0.3048385435643659,0.3670720385968553,0.38482167257294747,0.32665818412298625,0.3247593682939366,0.3303021901811642,0.4349313396075016,0.3800454424926354,0.3578827249513321,0.4322020132744492,0.3536594096479195,0.3003032492565776,0.3928660783622354,0.3671715036761013,0.30141149671517636,0.3239554061015263,0.35220582295165254,0.29781263397536123,0.38598910105890183,0.40745506967551726,0.7472047127751458,0.34484307435477934,0.15071705288430218,0.3209153733992057,0.48287936014201066,0.36059670879090094,0.6074762978770731,0.43657292907695183,0.37949050706229687,0.4974615142661885,0.45171458827137206,0.5255104225071857,0.5915609842438572,0.4261317812287806,0.337605790972136,0.5324165971636047,0.726706565483896,0.3043101614851864,0.3268486774560262,0.08245802820661112,0.520723509326122,-0.12493011119979407,-0.0677156086257428,0.49987366446355413,0.2423149259066984,0.6164308575626807,0.060772128341338084,0.11469951627539077,-0.26278014742068073,0.01686528524428785,0.03676555518846372,0.27496084645422897,-0.07236942490564464,-0.04433502010168082,-1.4048140376157003,1.3145873197621323
0.2369963358921513,0.46053835984795094,0.4429205570367912,0.38305207193199853,0.3447136355105202,0.4763141078122344,0.4357210005444968,0.4232770419031066,0.3312853409860495,0.49049777567299513,0.4443586302270833,0.43325696752445053,0.4503791992339346,0.4780917020546034,0.46837949438417287,0.4220725257508791,0.47253993811292966,0.47978419886937007,0.34856143025422753,0.49161648250381,0.4437860614140767,0.4039862273946443,0.5802246840886374,0.34484307435477934,1.7909574923661724,0.37659209132609994,0.3971590475564348,0.510232946826799,0.8781368418652563,0.8897141130868809,0.4871879931897824,0.44416633496546803,0.390289436429059,0.6062847980448085,0.609970077683044,0.6714372659247645,0.5547694350740471,0.6203420845796748,0.6038668008676861,0.5259778591864273,0.5248639171780597,0.42130266794383264,0.6022812238750935,0.6299186214177338,0.31058558894643545,0.3394715133652303,0.7120841439491646,0.2068792736917843,0.0825006352583651,-0.09275281804368507,0.05025582914161721,-0.16965701108279546,0.011496615033046822,0.010244576345885388,0.18005530600204822,0.04835205655815119,0.11125793775674533,-0.21618404760350032,-0.04512327909294493
0.18653992882602446,0.9821336186710586,0.4647185212721594,0.3383962814966269,0.4294554664314024,0.4688421625010757,0.4799087061364146,0.5298486354181645,0.49985058788414416,0.4263024518114197,0.45891356959098867,0.4075581627900644,0.4191537384444907,0.49334959416434426,0.3735691972090093,0.35397537973738696,0.4361515874485255,0.5169035857649554,0.3334239726987505,0.3879469949601444,0.42475393226985203,0.44060350935363685,0.1991749098686239,0.15071705288430218,0.37659209132609994,1.497368902735811,0.33534796079409185,0.20079623835624485,0.33868519680886067,0.030200418800805477,0.2527681671105781,0.45809605127475006,0.33318244393430196,0.3338232956194813,0.16486836394475918,0.32318432505636757,0.14376732967070552,0.4538936849475871,-0.153064147732115,0.4281340864394757,0.18006489910269502,0.5113167428002908,0.690725291292722,0.25094953435667383,0.6296463776506186,0.04512308953230252,0.3102333764704399,0.25862177483920346,1.1135605969269344,-0.09293417616705002,-0.036677658503581595,-0.16843121433756048,0.14726426318084374,0.12981596822906463,-0.08810767637596467,0.08221654045319583,0.087356912245268,0.8304441343172753,-0.9104158644722559
0.13225451711355218,0.5617664830629581,0.3882210071606019,0.3409717615995316,0.3821996298171761,0.4084765049109425,0.37584547072217867,0.42003819878453436,0.30445780885118273,0.4161574510673372,0.4158707346856843,0.4282208790889565,0.43536372300663545,0.41142508028573205,0.3279374349721079,0.4469549594337536,0.39336048274955054,0.36421923424425434,0.34328753901526565,0.45680241206977734,0.35600125700037555,0.4008090645609258,0.23303242849945557,0.3209153733992057,0.3971590475564348,0.33534796079409185,0.6795503525727151,0.3891486598275358,0.34253527640764214,0.47253905844896776,0.4284089344151127,0.44301199547737435,0.38681047399858,0.44042995560003156,0.384173575286509,0.5205248645032384,0.39460313674780334,0.4657977248241357,0.4482934189783905,0.6685970571489691,0.3247911671816836,0.3902130283066513,0.4564452267652127,0.4130731605919519,0.2067513671713308,0.11864399571034916,0.45355000443393534,0.2886333162363322,0.6936595970841163,-0.013700507002886816,0.03966533235290331,-0.1256864596056756,0.052796936996285564,0.016058727818817887,0.045760129168943904,-0.030953952777623996,0.0527992746045413,-0.1112118829004214,0.06813524764140057
0.05673365515559799,0.5023203983279672,0.4545555205811069,0.3265439235160326,0.23923619466296378,0.4638582219871262,0.3233973216553848,0.4227578870572636,0.3345815946676823,0.48321032199405384,0.42471964140768653,0.3834262274085549,0.4949424306105709,0.3304946227846922,0.2784807885665229,0.41103978537602365,0.5789873382961528,0.3585507573285603,0.45298330152213007,0.44521608927145273,0.4261125013231364,0.4176476839648725,0.10884954493623032,0.48287936014201066,0.510232946826799,0.20079623835624485,0.3891486598275358,1.9973044171990229,0.31303471231676155,0.9980434868105373,0.6087792140394891,0.4574807550221897,0.8002729263393544,0.35218257993197344,1.206988916627938,0.6090744667858037,0.5590322831647888,0.5920099104728809,0.7066407637160279,0.7769471455318686,0.6629670811573678,0.4010835888476494,0.15562033667764563,0.7674624067895532,-0.1892682547920337,-0.021397654561895123,0.6456164260739097,0.3131466912432779,0.3841837954935452,0.4588063815078543,0.16294366601153712,0.5147924339788554,-1.168120113822473,0.07565951402035255,0.4467810173458001,-0.13012544339718043,0.02258988936659333,-1.3604549340361298,1.2542385503469815
0.1346658493945339,0.4484522404075312,0.48056868384517193,0.37383891914307904,0.4023052933526057,0.5122779136798598,0.3682898716538766,0.44475701125341044,0.31454121172513017,0.4670537124123977,0.4434743036161143,0.3806395929633901,0.5030244780813912,0.3810876474528055,0.3893297810384309,0.43204660882505613,0.4241639753738159,0.4177687747457823,0.3282908065494604,0.5009680662589615,0.37245945152794757,0.4131399424750827,0.5922098193989839,0.36059670879090094,0.8781368418652563,0.33868519680886067,0.34253527640764214,0.31303471231676155,1.9694472301153378,0.5948519933184523,0.15712134414938891,0.3769471590591927,0.2140218449237816,0.8128126394767101,0.31174551102684267,0.7741122479794668,0.43961908227386987,0.1797171017409113,0.5236144463522151,0.5341648681694824,0.3637594041553411,0.35447987754570454,0.4837455381693307,0.17558815757151397,0.01699645981995645,0.3913293751181797,0.533781244600733,0.11559887093909807,0.7492292554251059,0.3377880289574634,-0.35607845398662746,-0.03607656753053461,-0.16268305570807928,0.06763955734879239,0.11340811048589573,-0.06433439668267159,-0.20216384143286628,-0.31266221645874365,0.5157615440777552
0.30079190197628514,0.6795957874538634,0.6727358170547516,0.41411086333110986,0.3233567277456183,0.44646750439261595,0.4179747020233891,0.511103843756289,0.35804229680881355,0.7342639991741333,0.540178568849404,0.49528994251840724,0.6104517397864078,0.5007185605063578,0.47105160116000006,0.4979674075096811,0.5073764918916204,0.42512170362771085,0.30948496611968895,0.7956971164280877,0.5905573111889615,0.4408726451745069,0.47356768417092565,0.6074762978770731,0.8897141130868809,0.030200418800805477,0.47253905844896776,0.9980434868105373,0.5948519933184523,3.2590910065103187,0.7294258590581181,0.43032406871516354,0.601329185116744,0.2503446261074228,1.7668826262542576,0.8148466381566379,0.757135440613673,0.8831785227812963,1.387718828333909,1.0667960767261868,1.4008995589631987,0.5122783983250786,0.9324313123616182,1.1506716637959342,-0.008265768188660306,-0.05340135187926688,1.7693847603107962,0.5652409209036614,0.7288038320076586,-0.24549203345403572,0.44013520975599946,-0.9795917956513559,0.4019646281503442,0.13531998171428036,0.5598486120442963,-0.21218431849690517,-0.03296722931503462,-0.8657376638291691,0.7578372758757181
0.18195717801439287,0.5766956698609061,0.40903280122172053,0.37097980575686595,0.4390359575472909,0.4373942110783951,0.38782903274616515,0.4120694251641294,0.3506500159626833,0.49399245701792593,0.4372443965004871,0.40668981700604273,0.4317230018175293,0.4275713411855386,0.37217662321530764,0.3854053745733919,0.4190051765220961,0.4547268289663082,0.395626772298685,0.5379048933766948,0.42836299841589304,0.38314437444561833,0.22065632118455877,0.43657292907695183,0.4871879931897824,0.2527681671105781,0.4284089344151127,0.6087792140394891,0.15712134414938891,0.7294258590581181,1.158077106304557,0.4656814145747454,0.521036482645029,0.37508037215133605,0.6276921960987107,0.803549746548919,0.6191257925285149,0.6813550703336975,0.6357662162831241,0.682426528217126,0.4889338738273554,0.4193214927065425,0.3103366034598304,0.691916756161173,0.37419325392806146,0.08545254804426478,0.6397638867845201,0.36779076324179594,0.3015724423153127,0.043570918065128465,0.20721746256464085,-0.28640275095569634,0.03328000765692853,-0.016226190188384396,0.29766299274345936,-0.02106392102337353,0.2311070434410328,-0.6926827220761785,0.27508206352487635
0.20868224214622813,0.6361484363811625,0.4634438450054924,0.3602945956381072,0.3979190560862396,0.48943622217638494,0.4416111807252631,0.4567452550895914,0.4034901383677681,0.4623643078241723,0.434077713775766,0.45275740749495363,0.41897495090778425,0.5828410789462348,0.35515888422195435,0.4794099782338801,0.4402740415053284,0.39812863916195956,0.41970587859895847,0.3732733682855378,0.4473544119989414,0.5070776849903066,0.25089147452426763,0.37949050706229687,0.44416633496546803,0.45809605127475006,0.44301199547737435,0.4574807550221897,0.3769471590591927,0.43032406871516354,0.4656814145747454,0.8906565888275015,0.2749798453538168,0.46764373373843005,0.261745738363627,0.5150888297628297,0.2762499863625014,0.4961617857304477,0.4414751183162821,0.5053611517372579,0.38720524904726655,0.44209389881824357,0.3639173847578771,0.4830371794903373,0.31012788370827954,0.10740613918722589,0.4814741325086669,0.22094226585964438,0.8849712578039032,0.1440759888141365,0.1321054195038043,-0.0064881858407405376,-0.30120426517064575,0.043255605675466206,-0.06422111077943927,0.01884115868752788,0.40359050422355935,-0.03905320814217422,-0.3070626346389825
0.10531523067211554,0.5543307290020788,0.3958807379967197,0.3370231836903178,0.4240849322783382,0.35656895515487,0.3346965457341032,0.3779327489955192,0.30130421861048134,0.45608771738315523,0.38712887221869097,0.3789261547651098,0.43091683548103604,0.3406717268926624,0.35446723391310286,0.35645900239120765,0.42236123015977217,0.4360952386395938,0.3811720891648863,0.39669306038779006,0.3567633827621538,0.3602893492723108,0.3534193790437037,0.4974615142661885,0.390289436429059,0.33318244393430196,0.38681047399858,0.8002729263393544,0.2140218449237816,0.601329185116744,0.521036482645029,0.2749798453538168,1.627014813505373,0.20464328318523636,0.15042220656296693,0.665845554607212,0.6086203837569155,0.6084844605497991,0.40315326890400865,0.8951200723910543,0.17452954610041768,0.4904497862311583,0.3454412576191504,0.6028242682812048,-0.12074285806410297,-0.23443127962318944,0.6201764989988245,0.5526042100843663,0.6960702332088772,0.12977043145524206,0.2528149526552906,-0.34289850555626844,0.010501802495655348,0.006301240483088428,0.382957374551664,-0.11602825173437982,-0.19179494323495513,-0.9276214556882619,0.9972235271091201
-0.030763453235999765,0.5069091130681525,0.33584347022536304,0.442919317238408,0.5423782524530335,0.5326894108003898,0.4387596871847346,0.4821158806336834,0.35105882693478446,0.5563274857440859,0.4787228574668646,0.4727447691034301,0.5146592149631095,0.4560873780815069,0.3951562802492325,0.5333835471984139,0.45425343404121593,0.3978297689223142,0.4383391569352738,0.5674992548401573,0.4226252268262788,0.5015342683419205,0.45555115436412114,0.45171458827137206,0.6062847980448085,0.3338232956194813,0.44042995560003156,0.35218257993197344,0.8128126394767101,0.2503446261074228,0.37508037215133605,0.46764373373843005,0.20464328318523636,1.9986492271025622,0.6988186312292339,0.42395689191041996,0.7161011667509842,0.4795553060463591,0.5757571849189166,0.6910683960265993,0.20928104398741923,0.44769592963036614,0.5602194965756375,0.6343403910451124,0.3595514690001069,0.03706060985938055,0.3926449913083985,0.21535984118361556,0.8861950289666196,-0.29417351482455006,-0.024398040235942546,-0.08188983871095147,0.14323007999145215,0.03520339478513383,0.00789802913537401,-0.03833591958018131,-0.20564828734110263,-0.585383134729884,0.8325266527375004
