0.543101034407862,0.08445517173322009,0.2591231244077323,0.05312567459088637,0.011897858383013313,0.11319263671532992,0.13727008826009582,0.07664410855736943,0.14399762547167388,0.14774039441687725,0.08802147494542834,0.08913800948015214,0.04629081880002019,0.1437584988440767,0.13248376364268752,0.10022379046270358,0.09094464863256232,0.06948322674561001,0.11210879099999463,0.06649904699590486,0.07924866657977878,0.1253128610245847,0.003799426711370961,0.07232557646940435,0.09181975344905224,0.11203108259487404,0.06436605962682046,0.09461707563988113,0.1023531027392852,0.007333970829193215,0.12968952622029037,0.17194015617599331,0.04062803147947183,-0.06373704902454246,0.11143316425203094,0.11059453253683425,0.08927631589262305,0.05340985609649925,0.024506326237279694,-0.04999010016660431,0.049482065104667176,0.08332476102994996,0.03679735328602146,0.012246609574078254,0.0975902229418172,0.10271441431798926,0.06070121772929183,-0.036698274881940045,0.20781761891829634,0.002135052959755787,-0.01277249273679122,0.02757636514524898,-0.008684659490473265,-0.008321425762038731,-0.04469203287574379,0.03264314522040194,0.41430133582158596,0.1606499763505518,-0.555123809310148
0.08445517173322009,1.8387263711052464,0.706678757368123,-0.0992569131980274,-0.06313545762817081,0.42309966862074627,0.015559284393275849,0.2842536815777012,0.21957436068512756,0.28465711834754426,0.16523367410975057,0.16400201167289552,0.11366489484107702,0.08585754208217057,0.18818887271633342,0.1292103778657792,0.21248967816606848,0.2450330320274014,0.11084930415559577,0.3404707672085055,0.2897584468661878,0.1822500287836606,0.23588982171627604,0.08865138635262382,0.24076048932798202,0.298903714481097,0.26984116174918976,0.18277653350280057,0.48844017592848077,-0.0481692465438742,0.012122567218142486,0.1021432463824624,0.23460467128138143,0.3192828562254121,0.36309550410039226,0.09797505569500087,0.46558605573726336,0.17069577308325556,0.010871422998965333,-0.33267169550695647,0.14017870857059236,0.19715765031284083,0.39658576174553545,0.05813103396011812,0.2156746578526294,-0.00017290672820629267,0.2438679339338789,0.07970488812767534,0.28436442922276817,-0.007889816189305402,0.11926784995176072,0.25844924094966315,-0.22583584922565444,-0.06580232172513904,-0.25559741462179114,-0.13445177526782842,-0.534936396778348,0.2933635306977746,0.5087682183988183
0.2591231244077323,0.706678757368123,1.8730509859213746,0.07002728645218698,-0.3796982925324715,0.5404958939064284,0.19378692661570684,0.4192078540043591,0.729433981477609,0.45462251505581075,0.3135467085303947,0.2813690221421618,0.1789592406810236,0.26864201462321563,0.5022868736998777,0.27326656948232053,0.43404503749904455,0.20414646823467456,0.5912501285831523,0.4308940488944581,0.37268145074716014,0.5270771023123693,0.35159301953321587,0.3460084038763214,0.38219284423172134,0.45707599595580817,0.37972070228006705,0.3760347608253698,0.8191604799329866,-0.10054180855749117,0.04524083650782961,0.269749966051134,0.3385147660828358,0.29298545674902965,0.7773682818248528,0.37975355118295884,0.9796435648129723,0.23868841600774715,0.023624484272108223,-0.827581311855957,0.27615393062717347,0.3314722680379631,0.45097879242696426,0.057187164475358626,0.3289841685973032,0.2611226974484644,0.24321527561199066,-0.030040843585518145,0.7679209811850021,0.10576528837587876,-0.013005287328533979,0.3012987620685388,-0.11351648907971756,-0.20830932142930247,0.049939029214451536,0.02396658553136498,-0.28931176748689275,-0.21775953357856598,0.2671266052668179
0.05312567459088637,-0.0992569131980274,0.07002728645218698,1.3503669372528961,0.8215091027433139,0.5398843861491719,0.3960590318891356,0.33525958726607413,0.3363040270660855,0.3973599041579291,0.3981294396447363,0.41145371899908967,0.24389113339436677,0.36485276145650164,0.31643844746843736,0.3488853092444444,0.35690269857230617,0.403580874129374,0.29237011432712867,0.22720180345565855,0.28538754283947776,0.3350003941844731,0.20783966907488063,0.26768977089021767,0.302228597834702,0.47733899987745476,0.2692096340785763,0.3677695566936901,0.2794390507996192,-0.0591254259208458,0.38452147542697035,0.4311727754581073,0.18341154133855772,0.42949622601852716,0.0967484443697201,0.20856944230032012,0.03195246882949056,0.1501937936421424,0.29128906732838195,0.0636558546053472,0.14769556361066546,0.29936926450601403,0.21362668046144417,0.1424160568905236,-0.05652898171842282,0.007531836793641876,0.2606170786581454,0.08194761941725721,0.6911003599764639,0.10281758203052109,-0.029040114839464014,0.24101576153785878,-0.1694339318473294,-0.07116785748087974,0.006266724539852243,0.14855886936444634,0.1271111678041594,0.05022609440342121,-0.35732085943567216
0.011897858383013313,-0.06313545762817081,-0.3796982925324715,0.8215091027433139,2.020094896871823,0.5712485605718595,0.3401662051033277,0.4004576486606862,0.2879371631275589,0.5200561537086392,0.4565955966019568,0.4666591494028524,0.32377820408393077,0.40680477763411316,0.3627700087575228,0.3981131527700899,0.37075712996202165,0.5690085540259732,0.3696317928498375,0.2116711949151197,0.31402249198724713,0.30362291640239186,0.1681865315651371,0.24647284005624484,0.3381045806381474,0.57316420156568,0.22363943620192686,0.37871811953278894,0.22523173813617173,-0.11738864748396707,0.5313372635721645,0.48233711050585587,0.17611906971885913,0.7147945437940526,-0.07462253846367098,0.17049960084885532,-0.15430871325867643,0.1334204594281755,0.37970693937417654,0.2367458498393528,0.15945576087055965,0.3465399737357136,0.10979806522831766,0.1171139651711973,-0.3124840491244803,-0.08699771315294055,0.3310337760070323,0.16737173801922609,0.8913465932458071,0.09404427048849551,-0.00979798060304332,0.21683398626288722,-0.16183401188482824,-0.04787957173461272,-0.01476284585565963,0.047217820000347674,0.12306112368580546,0.022772675592042733,-0.15437035104599534
0.11319263671532992,0.42309966862074627,0.5404958939064284,0.5398843861491719,0.5712485605718595,1.202435243547683,0.1295164771725065,0.515562582774449,0.5680516957852216,0.4819881334473858,0.4603189977523547,0.49364820445932206,0.2574135303181457,0.44082290003737146,0.44879880625855373,0.39967708178761213,0.4486955916127156,0.41054807734759996,0.8027192597418397,0.4499365638893321,0.3970073307214353,0.4807549778461409,0.18763028131833961,0.36382085957375615,0.4371268795288036,0.6377541416931375,0.3832303374089654,0.44459658335053986,0.6274252822211479,-0.23171007979621422,0.4438652754689818,0.5280710326630592,0.13925218296680325,0.37781783256795387,0.06807606593690672,0.25432761819519883,0.2230229058009927,0.24938910790612273,0.24103188506529072,-0.020466046876856384,0.10309057647745756,0.3716021044341246,0.3404039844056541,0.14643328998270286,0.2264826228807414,0.052191417838538215,0.434267273314732,0.02615210719056085,0.7690228163141192,0.30261464708181063,-0.058085416925777435,0.28220885150483993,-0.488063060610454,-0.05110690464322315,-0.0019547939297186534,0.06978339260380588,0.12900585895419933,0.0755792296141181,-0.31961381346011236
0.13727008826009582,0.015559284393275849,0.19378692661570684,0.3960590318891356,0.3401662051033277,0.1295164771725065,0.8013591613588772,0.19214661617882992,0.3237423133506975,0.3488138858116582,0.3184145007879194,0.3023246977325364,0.19082197147153035,0.2217661569059869,0.22730479056447478,0.25675894859719256,0.3215861920447047,0.2543705986750086,0.06905844600643538,0.1126802263218905,0.2556493919745936,0.2909218494557126,0.18936951681347725,0.21240983896201998,0.22245870871192083,0.33594143970392426,0.2589854157378901,0.34491155060224676,0.19100245562438653,0.18177433643545,0.22216656254201803,0.29768434139138267,0.27848033659034704,0.35161808138202616,0.17048719311029106,0.25385399067138575,0.15375726214741384,0.10013785686836567,0.2790066644736248,-0.1219460362726231,0.16323662962528057,0.25710720201774484,0.1461484872906116,0.06522424958782459,-0.13448937359490903,0.09550278285209687,0.08166261371951292,0.04387109692065405,0.5387453814995005,0.0308894488143106,-0.0467314727520992,0.08505535830839814,0.09858293888243187,-0.10690537546275652,-0.06178767133222831,0.11679331745916877,0.14617458083215584,0.04579714855268949,-0.27740346258723153
0.07664410855736943,0.2842536815777012,0.4192078540043591,0.33525958726607413,0.4004576486606862,0.515562582774449,0.19214661617882992,0.7567739158439675,0.2873669700132648,0.3592219547480696,0.36597238062744286,0.27918495899900675,0.20431096476016183,0.3319155498228713,0.29394580870487325,0.2914290865939245,0.3441031682193416,0.35530929208380435,0.5158629864761998,0.3260062591204271,0.2797639860786762,0.30022800348385936,0.12540592741584786,0.15939228889905468,0.3258603610284483,0.4827476873853438,0.38376601541709593,0.26302031587858526,0.42691235390334736,0.06383759422214111,0.2519439389890257,0.3914642901559822,0.31643210396331317,0.38172254313537823,0.3025358262899033,0.18682096331806927,0.4358245342746631,0.19923625890825158,0.2662380431562348,-0.15012809294861265,0.16672134220449333,0.29791190964126635,0.31322720827369893,0.08376339476970253,0.14515639630987515,0.04046810036861031,0.4098171783238259,0.12003310584000552,0.8650337530176393,0.22745174130691478,-0.012800540113092113,0.17567641836256384,-0.21961159671631117,-0.08668728178831912,-0.16433641810911023,-0.11332658529347535,0.24186152764794105,0.22627727614723947,-0.23464659691510495
0.14399762547167388,0.21957436068512756,0.729433981477609,0.3363040270660855,0.2879371631275589,0.5680516957852216,0.3237423133506975,0.2873669700132648,1.0834678239679087,0.44900337333690205,0.4199802367422925,0.39024972627796883,0.23084187931047093,0.451063284454791,0.5112872713144787,0.38715733951004777,0.4903501847320357,0.3811263556138126,0.6040595724588161,0.3573771630564742,0.39830122693435005,0.6979169358567966,0.28371320230176156,0.42658318869587375,0.3221596533407886,0.540134208608259,0.38398094645113295,0.600958774157486,0.40610301888684786,-0.05059886235592194,0.39027696084370833,0.45857079462177985,0.2997316500692053,0.21893866919542512,0.29452129790535364,0.3743358091396282,0.4760671583550313,0.2276631062125939,0.16553394618778536,-0.16308793286131762,0.29787084653015505,0.3805179373799029,0.33976372793447607,0.08027823158515167,0.0995251173206446,0.2111893979474141,0.29366274891059363,-0.034659335267799185,0.8651501279361257,-0.07916481173763919,0.014412498282277152,0.25975812578460417,0.05060961153592647,-0.19509914367794837,0.22058259640868258,0.293754795589841,0.048868303498432866,-0.21694255367395443,-0.3500201733776648
0.14774039441687725,0.28465711834754426,0.45462251505581075,0.3973599041579291,0.5200561537086392,0.4819881334473858,0.3488138858116582,0.3592219547480696,0.44900337333690205,1.073117244120943,0.4022287133406223,0.37618771608311163,0.19049252582392745,0.31150421867616646,0.46761001704556016,0.30330064569008774,0.423008249988277,0.4500065813417867,0.5299541152426063,0.20509669633151953,0.2660464043947906,0.35297419825781584,0.20990697908089195,0.2312011419869026,0.3260386953144767,0.445914804568048,0.36661568129063166,0.43271565368417453,0.42731663725136815,0.10935553892293827,0.3106261420902108,0.3556386924912433,0.35351351467516534,0.5652860784632422,0.32622036575741564,0.26397658065983104,0.48578641139576356,0.1566848907341534,0.2536753204230191,-0.2859423918675867,0.20200153107115634,0.29307568225867076,0.2585309592347714,0.07544688194438466,-0.0309068963605455,0.02488980660628652,0.3759999530285619,0.128538026036544,1.039519075925695,0.10388316484132498,-0.010103619843886708,0.18493227396837914,-0.04360579029015706,-0.11292650321227542,-0.19606422018042396,0.010548289381515601,0.1184039964889691,0.16637149603871634,-0.1921057861911704
0.08802147494542834,0.16523367410975057,0.3135467085303947,0.3981294396447363,0.4565955966019568,0.4603189977523547,0.3184145007879194,0.36597238062744286,0.4199802367422925,0.4022287133406223,0.5660601841729074,0.4196307183647429,0.26787815913289276,0.32172971308255305,0.4251665362740602,0.3310412796840593,0.4041812713468392,0.34784370209300935,0.4098935817597068,0.32967431859220453,0.32699996142123045,0.3680876081825692,0.1610984134279429,0.27281684019609354,0.3205532465611971,0.4259120648406868,0.37907541730603356,0.42013675160498565,0.35493733279794565,0.04960044668828554,0.35647609710103323,0.34528448957763486,0.2713089442106207,0.4011922413621034,0.33741956181508986,0.22977684026876524,0.3324016181980009,0.18776358509488897,0.2653002956712053,-0.08407249701664675,0.24893016139003374,0.32566844272762807,0.2863130764272541,0.08019580971249178,0.024592290202188373,0.0706481424520293,0.318740608135819,0.106374328608416,0.8569327927250192,-0.031040675358192642,-0.006485131417834616,0.19136375563843114,0.030431084004497604,-0.130908520847512,-0.011769031649687619,0.05278359714528691,0.08434008722780754,0.04514315890330671,-0.21277343190110393
0.08913800948015214,0.16400201167289552,0.2813690221421618,0.41145371899908967,0.4666591494028524,0.49364820445932206,0.3023246977325364,0.27918495899900675,0.39024972627796883,0.37618771608311163,0.4196307183647429,0.7115833763144352,0.23911709164000403,0.35195493597218785,0.39733044400533124,0.37779738659470347,0.36299991889944216,0.36038328267601105,0.45657202882995135,0.2563484809219225,0.3167061948565395,0.3846783556175281,0.18661797503331604,0.2538081502735662,0.3664795340059752,0.4271100462077761,0.32523597759315886,0.24420093904758636,0.41463246241110496,-0.0074747579141134415,0.30854267843128363,0.38627994466842314,0.16863705756148456,0.3369180219366802,0.16224814230215437,0.3701605118579723,0.09465622141676866,0.16585621897779051,0.20746291350744384,-0.007737409695991894,0.19740577895956662,0.305688278126192,0.2422595909508962,0.0800178433033598,0.06872915279123047,0.11442082718623331,0.248528743780065,-0.008568370235128629,0.4619647180681347,0.015416294767123428,0.02305681943831659,0.17625836188383495,-0.18818489327129184,-0.06935443052115996,-0.00804743189652157,0.06878067594182674,-0.01301855490679599,0.03944210857696561,-0.22340742177095396
0.04629081880002019,0.11366489484107702,0.1789592406810236,0.24389113339436677,0.32377820408393077,0.2574135303181457,0.19082197147153035,0.20431096476016183,0.23084187931047093,0.19049252582392745,0.26787815913289276,0.23911709164000403,0.43652400901341326,0.19565657607310982,0.20145965676082797,0.23742515051390128,0.24650809052845446,0.22007416472458566,0.22391749043808995,0.21794920655366962,0.19675211242060545,0.24422223905512513,0.17803555626797452,0.1687322559411696,0.2067849246486376,0.1754853291792073,0.2011051848230517,0.23779472083544365,0.3256412041850174,0.1344322874107606,0.1467416720824498,0.19814160403120887,0.19247365549555087,0.3020944625603264,0.33772300083673706,0.12526608822119403,0.3155181091717434,0.11113250107529864,0.2393962988242524,-0.07785815770540994,0.17681670317790407,0.20259773194062056,0.23468659983255094,0.06484390976465802,0.02796002447206288,0.11789717874532811,0.24643080136060716,0.054350589685212454,0.4713723185528147,0.05564136827407624,-0.003968493169751959,0.08567273227568709,0.0016926200895269698,-0.11838452875897675,0.014216743812703353,-0.012262626589236138,-0.023825117296038267,0.002901541605681744,-0.020114837840345432
0.1437584988440767,0.08585754208217057,0.26864201462321563,0.36485276145650164,0.40680477763411316,0.44082290003737146,0.2217661569059869,0.3319155498228713,0.451063284454791,0.31150421867616646,0.32172971308255305,0.35195493597218785,0.19565657607310982,0.6823627950829245,0.47085176615540664,0.4468032315829929,0.373178914684441,0.2598787721136749,0.5064542015555608,0.3285410606712913,0.3348845726432889,0.4525478616253199,0.1434731529826403,0.2955052626547856,0.3210886413746943,0.48558993639262726,0.22325108831115742,0.44395968400536057,0.27097159148886935,0.03835068121621571,0.30909915674621014,0.6043748436625881,0.14699313851956103,0.21996205547990133,0.2583591493950465,0.2900085029385134,0.28289984762213216,0.20529355406071853,0.07199382485111673,0.029039203137311797,0.3141140397045177,0.34455427066173383,0.21601457244249853,0.0831280691243023,0.10070330297915597,0.06598779460656011,0.34073960755152505,0.015259872064983209,0.7996082957053526,-0.13610911744834336,-0.02200660407123646,0.061538499267742464,0.06340969216687296,0.017461577171371968,-0.002662927824814695,0.05404596422718627,0.39385009769496665,0.02030434855197802,-0.4179987825883114
0.13248376364268752,0.18818887271633342,0.5022868736998777,0.31643844746843736,0.3627700087575228,0.44879880625855373,0.22730479056447478,0.29394580870487325,0.5112872713144787,0.46761001704556016,0.4251665362740602,0.39733044400533124,0.20145965676082797,0.47085176615540664,1.136624444832485,0.37358041001222164,0.4355749765322371,0.18898768230038737,0.5827457773036998,0.42879530264450494,0.3772483558802763,0.44531422913314894,-0.015046282300647843,0.3524558939519258,0.36350915511591714,0.5607775427738545,0.348542551265453,0.5759718125117494,0.3804238734640378,0.09416836819498338,0.37732813019513306,0.42529441544520913,0.2538298775393828,0.3188834183910717,0.4150538349440174,0.26785368057415815,0.5326102764095517,0.23717274094208105,0.05161369393813648,-0.19789910291746615,0.40542330492257256,0.3917807449978877,0.2660118706608271,0.07165512418917255,-0.0026295224489233343,-0.02900659525080802,0.30172086580771956,0.1220968956853894,1.2862964159456765,-0.1183045285020097,-0.07623654920130911,0.2290307110601438,-0.017208832508739565,-0.013837180771025425,0.09665237735222436,0.14833640192450162,0.07954550331310509,-0.10824253232764754,-0.1700252186719416
0.10022379046270358,0.1292103778657792,0.27326656948232053,0.3488853092444444,0.3981131527700899,0.39967708178761213,0.25675894859719256,0.2914290865939245,0.38715733951004777,0.30330064569008774,0.3310412796840593,0.37779738659470347,0.23742515051390128,0.4468032315829929,0.37358041001222164,0.5405891937762304,0.3634971250240338,0.2773815332517121,0.4332791515445094,0.2815584728452768,0.29872510702281113,0.4530494009546976,0.16108043800042005,0.2639282289881563,0.3102847557386558,0.3485799060232767,0.25762833576848343,0.3581710776187821,0.36188092957455753,0.044197751582527145,0.2768207637453629,0.42277432871076887,0.14234259368540803,0.26606625709599707,0.3301647407946883,0.27823332025653336,0.2505063490687713,0.17403755248972397,0.16478478743914177,0.011777386519141916,0.2943639346726297,0.3242312708367091,0.26351607001135546,0.09338667599261158,0.08464351031006404,0.08754169110381343,0.2823792005432012,0.001488259065146367,0.6676071487763706,-0.08990224181414624,-0.015293584840210409,0.07812676173782016,-0.01908545398260374,-0.02949493281136477,0.006803190052244452,0.036998662808070376,0.10507222339439236,0.02667126812238604,-0.1984077700907709
0.09094464863256232,0.21248967816606848,0.43404503749904455,0.35690269857230617,0.37075712996202165,0.4486955916127156,0.3215861920447047,0.3441031682193416,0.4903501847320357,0.423008249988277,0.4041812713468392,0.36299991889944216,0.24650809052845446,0.373178914684441,0.4355749765322371,0.3634971250240338,0.680268776973237,0.30295925011401287,0.47927977981637493,0.3649622950745892,0.38772886496269326,0.45189245087194635,0.11447162637094035,0.2819330764642812,0.35087697701063314,0.40646545926862215,0.42136206977091345,0.7221841083909465,0.29517291091545333,0.020218230654816014,0.3588213732989898,0.3678442215962485,0.3308977786448178,0.3974545914268729,0.3717650366398251,0.2480260939565888,0.4642339625165075,0.22552088232096232,0.2610582250003465,-0.16169837420117406,0.3340756457680124,0.38224129544142293,0.3051124941819379,0.08007694830701129,0.05881848161763819,0.038817900471607505,0.3322209943431854,0.11922072824085543,0.9596497187025815,0.09140411198256927,-0.05392591556018486,0.24989872677990477,-0.06326182148303887,-0.14012700634468736,-0.06732362623515094,0.03258857211402777,-0.014828813337455667,0.061606594585324095,-0.12006638986954658
0.06948322674561001,0.2450330320274014,0.20414646823467456,0.403580874129374,0.5690085540259732,0.41054807734759996,0.2543705986750086,0.35530929208380435,0.3811263556138126,0.4500065813417867,0.34784370209300935,0.36038328267601105,0.22007416472458566,0.2598787721136749,0.18898768230038737,0.2773815332517121,0.30295925011401287,1.307563865915073,0.33826547620468006,-0.045712492511397314,0.2549552284542016,0.3425830211236785,0.4059611341791656,0.1658513167799856,0.33243542308368174,0.23267593075794502,0.34103839778398004,0.4530658236770702,0.36359387586388314,-0.16226170431847228,0.6701271572261971,0.25118318556366787,0.37293781428716477,0.45860607851880375,0.18117500614992074,0.22424190376804298,0.16919698830919166,0.07723366941669164,0.3156014456626718,0.04117653979189766,0.1304548901402145,0.1522210328560567,0.3835300254752756,0.03339035665621177,0.17405441190278859,0.048779024797917875,0.515682184057064,0.035683747255086655,0.3366848796886198,0.07952670936667315,0.0258381392717614,0.2359169452645786,-0.025247378181374507,-0.07634283019273387,-0.05920709698529546,-0.07154155211228097,-0.05376868038813165,0.16233533152462873,-0.013630499441108748
0.11210879099999463,0.11084930415559577,0.5912501285831523,0.29237011432712867,0.3696317928498375,0.8027192597418397,0.06905844600643538,0.5158629864761998,0.6040595724588161,0.5299541152426063,0.4098935817597068,0.45657202882995135,0.22391749043808995,0.5064542015555608,0.5827457773036998,0.4332791515445094,0.47927977981637493,0.33826547620468006,1.864893277471429,0.21461593546118934,0.48118455695655193,0.552263483466,-0.07011214266313494,0.3205881687091239,0.4850494187190704,0.5708755293086897,0.40588629798771697,0.47577618503455077,0.6926929958786385,0.07193100752153511,0.44877418761570526,0.49132122197698014,0.3056943916087718,0.18540501881300642,0.21196524264037864,0.37462257284942624,0.5197579137125521,0.19036409123224468,0.239954654400019,-0.20595296151335257,0.26391935895129054,0.3910115983941809,0.21306857764378076,0.03621437925831295,0.140482770402376,0.04483245923496642,0.27144526184099466,0.04418799136848752,1.1509362429118637,0.5028144599418277,-0.04635355393639118,0.06832887103788655,-0.3950076872966723,-0.13129744773800836,-0.03149822126913426,0.03959722370654329,0.15233034327339953,0.00448394050592057,-0.21575802778312936
0.06649904699590486,0.3404707672085055,0.4308940488944581,0.22720180345565855,0.2116711949151197,0.4499365638893321,0.1126802263218905,0.3260062591204271,0.3573771630564742,0.20509669633151953,0.32967431859220453,0.2563484809219225,0.21794920655366962,0.3285410606712913,0.42879530264450494,0.2815584728452768,0.3649622950745892,-0.045712492511397314,0.21461593546118934,1.0787650564866602,0.20800610976574996,0.32552299300565946,0.3071956330402154,0.33110652643623817,0.26125770886233346,0.35630881287421523,0.4480581565065701,0.45225969582882547,0.23411167485866438,0.3253632802544693,0.10694951845615296,0.2745603711935696,0.2940140074334543,0.27612150854030887,0.34586397336723007,0.22909962354979954,0.7909490750677514,0.4224609361976063,0.14967231392959487,-0.0912525513448568,0.287878645508642,0.3642226908879251,0.5965496886193361,0.16098225125486895,0.4221932786720866,0.14270976289240667,0.25842499809141073,0.11865435201852778,0.5383713482750938,-0.16729620343368998,-0.06205814685241765,0.06595683166507828,0.18341385954882486,-0.10446829100121668,0.12242682618823536,0.05305875735319709,-0.017980688384942045,-0.023320005593249128,-0.07063772492437838
0.07924866657977878,0.2897584468661878,0.37268145074716014,0.28538754283947776,0.31402249198724713,0.3970073307214353,0.2556493919745936,0.2797639860786762,0.39830122693435005,0.2660464043947906,0.32699996142123045,0.3167061948565395,0.19675211242060545,0.3348845726432889,0.3772483558802763,0.29872510702281113,0.38772886496269326,0.2549552284542016,0.48118455695655193,0.20800610976574996,0.7945779094691497,0.35131859369420093,0.3846786047497538,0.25028490949031346,0.3332595708448292,0.5395345969988705,0.2946618701323994,0.49308126481721226,0.4058176688686446,0.07774238177037741,0.06417529130933217,0.3546951329487452,0.29261336111268305,0.3512221212361731,0.5777104719906199,0.19159594570302,0.5484706000222046,0.15733436078968913,0.08815071798218233,-0.1831957043846006,0.4322489479418912,0.4364165080056961,0.30697406617064593,0.07719000922296208,0.007612895473525564,-0.04009781035631434,0.3517340841698567,0.18891514618734115,1.1377089951617916,0.05509291683508717,0.006337237524172,0.23793139162807633,-0.14806358662840963,-0.08621320450068735,0.034549972839924906,0.022864784672824396,-0.05822529922598796,-0.027369357985507034,0.08013179221055189
0.1253128610245847,0.1822500287836606,0.5270771023123693,0.3350003941844731,0.30362291640239186,0.4807549778461409,0.2909218494557126,0.30022800348385936,0.6979169358567966,0.35297419825781584,0.3680876081825692,0.3846783556175281,0.24422223905512513,0.4525478616253199,0.44531422913314894,0.4530494009546976,0.45189245087194635,0.3425830211236785,0.552263483466,0.32552299300565946,0.35131859369420093,0.8821306822625729,0.2592961013045904,0.3243231778946641,0.3306593849202541,0.41762153458029677,0.3854577405246969,0.4723663378794319,0.40450756272362254,0.0008570723436478082,0.2860602433477942,0.4484401607482234,0.2389841114710361,0.2297649022919788,0.28293422674170354,0.39505708992900307,0.34228295905603157,0.2130230027188585,0.1526154987131057,-0.08450560381849818,0.3237417436401532,0.3600391201016008,0.3138053559935672,0.09758474966551635,0.02967669248576004,0.22005946227236853,0.29031136542255,-0.13907995626047576,0.8482626487933312,-0.09721441741755758,-0.006297070689331194,0.14255676937797676,-0.0270667186652425,-0.11732524644254974,0.09055606725550241,0.14304813708250172,0.039282177723422775,-0.0609226639047409,-0.2557648819809643
0.003799426711370961,0.23588982171627604,0.35159301953321587,0.20783966907488063,0.1681865315651371,0.18763028131833961,0.18936951681347725,0.12540592741584786,0.28371320230176156,0.20990697908089195,0.1610984134279429,0.18661797503331604,0.17803555626797452,0.1434731529826403,-0.015046282300647843,0.16108043800042005,0.11447162637094035,0.4059611341791656,-0.07011214266313494,0.3071956330402154,0.3846786047497538,0.2592961013045904,3.297043675474865,0.6892047887453874,0.33101769462475666,-0.005162925243476679,0.17708932597468438,0.1967844898486351,0.7844903248702054,0.501985846531279,-1.3421659439829325,0.02104842818654055,0.4626504564774146,0.674486686711031,0.8829795266903531,0.05226676764993214,1.279679384829849,0.04030467625715267,0.09228145373097243,-0.46255795315187326,0.3135900891252131,0.21995307178398504,0.6574359594066066,0.12023049397889728,-0.07193902762583534,0.2937157981048513,0.6406296206569578,0.09775644215488372,0.7538973952819886,0.3187104227956773,-0.04153724548983983,0.056422463597154464,0.23293419354165307,-0.06928911728479864,0.12492172068721549,-0.0032367493293001264,-0.50207417486631,-0.16454678471483766,0.6419320302639214
0.07232557646940435,0.08865138635262382,0.3460084038763214,0.26768977089021767,0.24647284005624484,0.36382085957375615,0.21240983896201998,0.15939228889905468,0.42658318869587375,0.2312011419869026,0.27281684019609354,0.2538081502735662,0.1687322559411696,0.2955052626547856,0.3524558939519258,0.2639282289881563,0.2819330764642812,0.1658513167799856,0.3205881687091239,0.33110652643623817,0.25028490949031346,0.3243231778946641,0.6892047887453874,1.3883200594474694,0.38646769169789413,0.16278030675006466,0.16947379273974517,0.5090415530005802,0.1685066459530054,-0.05392398355967861,0.700096700340452,0.2854905596289176,0.15131451001448668,0.038317819885855885,-0.04612835372611753,0.2592431294033471,0.08233374508031387,0.1507483675984368,0.14934940927567666,0.09794502873880423,0.19458547947416352,0.23402238393498592,0.10041249484385409,0.07573767021219674,-0.0007529273513888878,0.09998955592385043,0.19142901124641487,0.029810166712077445,0.5770190639644569,0.016243142425515802,-0.046185739905825786,0.24731398362524304,-0.05661087474641212,-0.10895524498591905,0.3997830462407008,0.1441397236625633,0.09154342295716456,-0.577697914777959,0.09016786976985089
0.09181975344905224,0.24076048932798202,0.38219284423172134,0.302228597834702,0.3381045806381474,0.4371268795288036,0.22245870871192083,0.3258603610284483,0.3221596533407886,0.3260386953144767,0.3205532465611971,0.3664795340059752,0.2067849246486376,0.3210886413746943,0.36350915511591714,0.3102847557386558,0.35087697701063314,0.33243542308368174,0.4850494187190704,0.26125770886233346,0.3332595708448292,0.3306593849202541,0.33101769462475666,0.38646769169789413,1.2573577272679461,0.32479021760539084,0.4141552172780161,0.3217209682277949,0.6553599125229936,0.028680991601605307,0.3695074621516708,0.3157401381831545,0.19783428915669202,0.40812358516247427,0.43446869130983073,0.32277736417306224,0.40222293477797055,0.15756187871373334,0.1563355062049822,-0.08832039668590927,0.36701608516620904,0.29071070505994284,0.3416268010403496,0.07850457065855654,0.16160364366693103,0.1248066885493685,0.32897004277546554,0.004275334457003795,0.36879617774420786,-0.1943788581627444,0.07207751770901746,0.17473003404302673,-0.04078686933117118,-0.05131425377230055,-0.02376005147393749,-0.025586504071536564,-0.07408550992796856,0.008191646829597733,0.0719962448963021
0.11203108259487404,0.298903714481097,0.45707599595580817,0.47733899987745476,0.57316420156568,0.6377541416931375,0.33594143970392426,0.4827476873853438,0.540134208608259,0.445914804568048,0.4259120648406868,0.4271100462077761,0.1754853291792073,0.48558993639262726,0.5607775427738545,0.3485799060232767,0.40646545926862215,0.23267593075794502,0.5708755293086897,0.35630881287421523,0.5395345969988705,0.41762153458029677,-0.005162925243476679,0.16278030675006466,0.32479021760539084,1.9818257871185694,0.15246649683252342,0.4839851880631898,0.2996147581482426,-0.05552251562572361,0.19480857078271166,0.6126069894724032,0.3455732403602482,0.37994282118580514,0.18670150762735305,0.2439626369807154,0.5932118612381195,0.24128944146233308,-0.425948863580463,-0.30183582485432986,0.3498851776915412,0.5168498807907045,0.2773637273763611,0.02509322653822441,-0.11771953098065756,-0.21936883292390866,0.28175927890194225,0.29619233312100823,2.045881756596536,-0.0848157178667799,0.09821839503405433,0.42595488501682277,-0.4140115821630406,-0.04867580006353687,0.002658031025378337,0.07794363954475762,0.07343908018158149,0.09356651455541777,-0.18336808840849464
0.06436605962682046,0.26984116174918976,0.37972070228006705,0.2692096340785763,0.22363943620192686,0.3832303374089654,0.2589854157378901,0.38376601541709593,0.38398094645113295,0.36661568129063166,0.37907541730603356,0.32523597759315886,0.2011051848230517,0.22325108831115742,0.348542551265453,0.25762833576848343,0.42136206977091345,0.34103839778398004,0.40588629798771697,0.4480581565065701,0.2946618701323994,0.3854577405246969,0.17708932597468438,0.16947379273974517,0.4141552172780161,0.15246649683252342,2.1766415859527077,0.7835662487435997,0.18280958975582454,0.14462736377895086,0.2749800293455629,0.2302559971009493,0.9281277389793624,0.2949062666977257,1.116690297496422,0.3145194806636625,1.0890919408930302,0.22489243383938093,0.2657779139842881,-0.339689829562671,0.48167004437310007,0.367299769419238,0.748948863057448,0.19364511116061692,-0.1583774526688424,-0.2737015991161826,0.3524167672152553,0.5088807677229074,2.7604583308155255,0.0700362856625009,-0.06505805294329155,0.25230291463689086,-0.004292459766399342,-0.17435387415611314,0.139569758072192,-0.09962260833188986,-0.06264048295177628,-0.016608934053709157,0.22236852284258238
0.09461707563988113,0.18277653350280057,0.3760347608253698,0.3677695566936901,0.37871811953278894,0.44459658335053986,0.34491155060224676,0.26302031587858526,0.600958774157486,0.43271565368417453,0.42013675160498565,0.24420093904758636,0.23779472083544365,0.44395968400536057,0.5759718125117494,0.3581710776187821,0.7221841083909465,0.4530658236770702,0.47577618503455077,0.45225969582882547,0.49308126481721226,0.4723663378794319,0.1967844898486351,0.5090415530005802,0.3217209682277949,0.4839851880631898,0.7835662487435997,2.3042548216067216,-0.17347252143184114,-0.13236043423461497,0.6049142246728861,0.43353016980244613,0.6757068215410922,0.41863447870673826,0.41602002126406284,0.15916259050114387,0.6483222604557534,0.26613906881420496,0.1987083183940125,-0.010565101515472087,0.6316114214662801,0.398278343954744,0.36547997684071776,0.09046285589471063,-0.40141594396607105,-0.1469230673066241,0.323466958315268,0.4063693086604101,1.95010683814824,-0.13325839416081908,-0.12276132103862636,0.7035424291745209,-0.03192808209258674,-0.24009986716638387,0.4534587644148516,0.06210791993715904,0.22682746420411004,-0.41590146810270034,0.26457005591457017
0.1023531027392852,0.48844017592848077,0.8191604799329866,0.2794390507996192,0.22523173813617173,0.6274252822211479,0.19100245562438653,0.42691235390334736,0.40610301888684786,0.42731663725136815,0.35493733279794565,0.41463246241110496,0.3256412041850174,0.27097159148886935,0.3804238734640378,0.36188092957455753,0.29517291091545333,0.36359387586388314,0.6926929958786385,0.23411167485866438,0.4058176688686446,0.40450756272362254,0.7844903248702054,0.1685066459530054,0.6553599125229936,0.2996147581482426,0.18280958975582454,-0.17347252143184114,3.2921311839143343,0.49320550740316266,-0.44674334363799106,0.25123055996620364,0.27096367018141443,0.5075248327508411,0.875228740098792,0.42565443363956146,1.5372779076456216,-0.010916551577740774,0.36177971884918847,-0.40743520468244065,0.674558433442273,0.3285939866965582,0.607922857198903,-0.1389703658020484,0.594927976844422,0.6808866316429943,0.6454346091870721,-0.2002108504039537,0.8643786288348513,0.43125344279057737,0.031289123650242306,0.006569994773209123,-0.1925949261136851,-0.185340566590827,-0.24691214841264048,-0.13828299399452834,-0.5842504344980065,0.21312692387468415,0.5157764878099661
0.007333970829193215,-0.0481692465438742,-0.10054180855749117,-0.0591254259208458,-0.11738864748396707,-0.23171007979621422,0.18177433643545,0.06383759422214111,-0.05059886235592194,0.10935553892293827,0.04960044668828554,-0.0074747579141134415,0.1344322874107606,0.03835068121621571,0.09416836819498338,0.044197751582527145,0.020218230654816014,-0.16226170431847228,0.07193100752153511,0.3253632802544693,0.07774238177037741,0.0008570723436478082,0.501985846531279,-0.05392398355967861,0.028680991601605307,-0.05552251562572361,0.14462736377895086,-0.13236043423461497,0.49320550740316266,3.8710993236018645,-0.73174326241906,-0.02457042196035063,1.3193474129888056,0.40166717969241605,1.0032922649212774,-0.1337786163971341,2.752294969908084,0.27857074550049626,0.5875000295620213,-1.2580819901288474,0.15459119081720527,0.20007197293198092,0.684356045505469,0.04679927943843323,0.38509198538311296,0.2083181694813443,1.5100508705464675,0.23562483441212764,1.2518291197540747,0.30450373566663924,-0.09816103530363336,-0.7305097906901665,0.4121264882811351,-0.13689460568585737,-0.14612927548222868,-0.1591381672781871,0.025320752791068917,0.17752596997512493,-0.007072190190428998
0.12968952622029037,0.012122567218142486,0.04524083650782961,0.38452147542697035,0.5313372635721645,0.4438652754689818,0.22216656254201803,0.2519439389890257,0.39027696084370833,0.3106261420902108,0.35647609710103323,0.30854267843128363,0.1467416720824498,0.30909915674621014,0.37732813019513306,0.2768207637453629,0.3588213732989898,0.6701271572261971,0.44877418761570526,0.10694951845615296,0.06417529130933217,0.2860602433477942,-1.3421659439829325,0.700096700340452,0.3695074621516708,0.19480857078271166,0.2749800293455629,0.6049142246728861,-0.44674334363799106,-0.73174326241906,3.770781548466044,0.4064787507933214,-0.06920720189227943,-0.29789768918953696,-0.97825926751403,0.5062193533434375,-1.5127363782431469,0.23470662075912924,0.45056633826913317,0.8718152124514726,0.012135538530040797,0.12044939413232719,-0.2520239330062755,0.05547931480628535,0.26103483857636445,0.051383818243850674,-0.048942520852230435,-0.15716377492252898,-1.0036548900534976,-0.3436394603112752,0.013281956661481097,0.45388355537414193,-0.18238207639229473,-0.11707876664645013,0.21518400090671438,0.1309328704019278,0.5536795527762645,-0.20812312539912609,-0.6681292943535027
0.17194015617599331,0.1021432463824624,0.269749966051134,0.4311727754581073,0.48233711050585587,0.5280710326630592,0.29768434139138267,0.3914642901559822,0.45857079462177985,0.3556386924912433,0.34528448957763486,0.38627994466842314,0.19814160403120887,0.6043748436625881,0.42529441544520913,0.42277432871076887,0.3678442215962485,0.25118318556366787,0.49132122197698014,0.2745603711935696,0.3546951329487452,0.4484401607482234,0.02104842818654055,0.2854905596289176,0.3157401381831545,0.6126069894724032,0.2302559971009493,0.43353016980244613,0.25123055996620364,-0.02457042196035063,0.4064787507933214,0.8580065084165422,0.13504092187133154,0.1978446566459319,0.1502504416559345,0.31714837758525793,0.1426357066166771,0.19834508941300621,0.07943982891310748,0.04346154299474268,0.24441986122248055,0.36647557738431524,0.11491866294072021,0.07910146144593967,0.0758124094989813,0.049021267511940796,0.2938026886688417,0.003746494612178662,0.8479708974428863,0.09582660874940323,0.023196341198014777,0.31102600430306104,-0.48224121004848025,0.022639169041929117,-0.013056330167241365,0.06659488099135152,0.6713307039228683,-0.0036484921278125333,-0.6564541070067118
0.04062803147947183,0.23460467128138143,0.3385147660828358,0.18341154133855772,0.17611906971885913,0.13925218296680325,0.27848033659034704,0.31643210396331317,0.2997316500692053,0.35351351467516534,0.2713089442106207,0.16863705756148456,0.19247365549555087,0.14699313851956103,0.2538298775393828,0.14234259368540803,0.3308977786448178,0.37293781428716477,0.3056943916087718,0.2940140074334543,0.29261336111268305,0.2389841114710361,0.4626504564774146,0.15131451001448668,0.19783428915669202,0.3455732403602482,0.9281277389793624,0.6757068215410922,0.27096367018141443,1.3193474129888056,-0.06920720189227943,0.13504092187133154,1.9762805175918516,0.30349992466613346,0.8173689838886952,-0.23759660385993803,2.3504508943816003,0.27390271808558275,0.35975222471751517,-1.0777538950698524,-0.02661531993434528,0.3846134931754408,0.7273660556131158,0.06469574867238734,-0.08092003671790048,-0.39581936409488894,0.9454991665904321,0.6941802446706263,2.815032762351711,0.5470159636194075,-0.11371709865120659,0.23556753972261835,-0.031044485441714082,-0.368005730940624,0.0751106261736374,-0.21227973037029438,-0.24180109401538272,-0.004508031663756354,0.5474579725355287
-0.06373704902454246,0.3192828562254121,0.29298545674902965,0.42949622601852716,0.7147945437940526,0.37781783256795387,0.35161808138202616,0.38172254313537823,0.21893866919542512,0.5652860784632422,0.4011922413621034,0.3369180219366802,0.3020944625603264,0.21996205547990133,0.3188834183910717,0.26606625709599707,0.3974545914268729,0.45860607851880375,0.18540501881300642,0.27612150854030887,0.3512221212361731,0.2297649022919788,0.674486686711031,0.038317819885855885,0.40812358516247427,0.37994282118580514,0.2949062666977257,0.41863447870673826,0.5075248327508411,0.40166717969241605,-0.29789768918953696,0.1978446566459319,0.30349992466613346,3.2522237766995836,0.9119460383518164,-0.0105091773701164,1.2626619361743032,0.20224900855534875,0.6803250131549441,-0.882394033778774,0.4305277140617714,0.30646135531622243,0.6188521684434907,0.17885814442548145,-0.4205007251775709,-0.24202104865968121,0.7393120461065772,0.4939991959819654,2.1247964602872833,-0.15302627625602533,-0.05921468023959303,0.27202290556517883,0.20144361571039393,-0.21103901657684843,-0.3577316181633053,-0.14711544519837233,-0.4291211361358234,0.09322772285591589,0.676633094340975
