0.5611978735151583,0.12283620424266131,0.07636762964544597,0.07533354175602619,0.06478563643320095,0.04984744139197745,0.047895239663578046,0.06350756241164138,0.02225052541872708,0.03653602000087688,0.04024395776488594,0.04529444226920088,0.02639054690858834,0.029324001988605648,0.06620094053244048,0.03809103391782019,0.007590311139038834,0.055696011118467115,0.030307247514308088,0.02871310938580477,0.05926497888678383,0.03319337843364455,0.010357100284103783,-0.038661061002957894,0.0746019330607431,-0.007525118594129454,0.032274611221266264,0.02682561570732744,0.0757045582153264,0.1553353037941338,0.041853346424517164,-0.02584978562561891,0.05374674795063815,-0.11178509954898867,0.042261215471783464,0.03444756603588274,0.0282392054013926,0.05948912328738324,0.046147237617166575,0.064060477773143,0.07996913965289879,0.03779287828435204,0.06355230765563988,0.04123123371170183,0.029076794183564028,0.053129875787191264,0.052418448394229086,0.014195341724377222,-0.03467167408549232,-0.015089870467087138,-0.03295892353878286,-0.04361413088569035,0.048812218231005046,0.020795986443705675,0.05152338181256471,-0.03303125126892225,-0.032924122848192655,0.06918002796936644,-0.008180840280194966
0.12283620424266131,2.112492731255734,0.8501501655971264,0.19735307896128293,0.043425140709642415,0.0901731700094441,0.15068342115813618,0.11266562724341408,0.1348407867067994,0.27460866965444963,0.11640242866173008,0.1808802508325213,0.0851456692037282,0.11956893868677827,0.41464454721650973,0.07590949243957862,0.18014115879001144,0.18493466283548543,0.07555416480668316,0.316444034391878,0.21864144207782735,0.07466940499448414,-0.14977484256743595,0.0704228213128578,0.163276975738146,0.10668893297534926,0.1179988970970958,0.2584366616992856,0.3077191687031723,0.2639051117547794,0.17472852579821524,0.013206080956528138,0.20221495481120197,0.1916269117990166,0.2865145441622188,0.18534322946552953,0.4482723601106609,0.225941943040613,0.06681370581329636,0.12255331273676849,0.0677352057908141,0.23797063141050623,0.11904281662649707,0.045316874483742955,0.34707396044363364,0.1490818616061513,0.2829238126544695,-0.14311183516485004,-0.06108998825881742,-0.09911571912790418,0.05210939955494839,0.012586822725362226,0.05157389133319951,-0.044214926527334344,-0.2578716789288894,-0.07350402398000566,-0.5311119317188089,0.5301853503794056,0.014973474139911023
0.07636762964544597,0.8501501655971264,2.3293994569003575,-0.08097910857046352,-0.20002259414998194,0.24788127670370644,0.17554335809866045,0.15533482860737424,0.19324910801079204,0.2993420454275735,0.06819835928187369,0.20769053962932182,0.05691344376737263,0.11510358091133814,0.33906558641235524,0.00935639118598452,0.3025414038286645,0.09939783650481063,0.04298453607895167,0.2328373926890571,0.16830336140388455,0.18733067906359332,0.03730078430706237,0.29038632672738496,0.17924199493997475,-0.0239339449761514,0.05727498709395812,0.18213667534328531,0.4616376015398405,0.26307057616114493,0.17597592322127165,-0.08495980349740766,0.16218792015065928,0.17646554412543541,0.2903731204130499,0.18586576087679002,0.3227711491382733,0.26848362070966025,0.06641096739629429,0.15750098413309127,0.03094416214738332,0.1789148167723419,0.14837463555017077,0.0979629308203109,0.24012957608098906,0.1811705156949688,0.3325791068466657,-0.1858050663743743,-0.04762965215468336,-0.06754188798409407,0.020318674674368927,0.02771694946063885,0.03934077346521167,-0.0369534982846377,0.01978844863462511,0.15764922811607754,-0.06269077282392868,-0.2446418984507101,-0.010832744584474767
0.07533354175602619,0.19735307896128293,-0.08097910857046352,0.7639438248947162,0.3712076407507398,0.16593162116736834,0.14332194640659893,0.1557955347011419,0.03771821145716615,0.13278413329791622,0.13435685802136488,0.14646034241082162,0.10123042622665016,0.1492785753294303,0.12149721625299467,0.17867943422848076,0.14804138651375287,0.06941497133847947,0.15413751322515376,0.0470108041386436,0.11203886373178376,0.12525884502709986,0.1035732030007586,0.08097490276493705,0.1594209781916139,0.0930244567885811,0.06502938767921529,0.05504098509220057,0.13049817734658314,0.0780713938620134,0.08043934674123784,0.1062250819456879,0.12073880123549291,0.15539061686735875,0.004044324361461362,0.1335694231403968,0.10612059917481467,0.11662901276153353,0.10100882758026816,0.05166729515409628,0.04478492271630878,0.09785119543824054,-0.03815511319733318,0.1841468255003148,-0.022179583740437252,-0.05051781719250501,0.18033992148367975,-0.06389383123499623,-0.12874967959005193,0.06430768312840353,-0.09337734899373133,-0.0069086531202927825,0.038981091143494635,-0.022567378509293363,0.1442931470690957,-0.0926757797887534,-0.8579164783395907,0.56434447521582,0.1756141896580159
0.06478563643320095,0.043425140709642415,-0.20002259414998194,0.3712076407507398,0.7828481606132788,0.1345216885799717,0.1637145392574914,0.20024551106380634,-0.01119000279276294,0.22222675180018234,0.12784737780909347,0.21174423208761323,0.09179464096112253,0.1361809834616946,0.07137917152659844,0.15890945933953418,0.07281426434912137,0.09068446030617813,0.26924414279885567,0.061375329281591444,0.09718673633462087,0.09033171984659259,0.0489248346743689,0.0951427308724797,0.09101226076938795,0.12128237193953817,0.06762799197860832,0.03512734921424245,0.03405245627129658,-0.0064052689683404,0.09184259832175956,0.14920869600006564,0.02365464583434916,0.1658022660690226,0.08565387804058769,0.12578750835784533,0.10764225217867933,0.04712508997002665,0.11585932425055645,0.0833791826516362,0.0463804825763381,0.10250606134827979,-0.09289914877141348,0.11241559741065606,0.005331008210978125,0.06422354690059778,0.12810390159028057,-0.01914033897537861,0.06381819952129367,0.05888121366509671,-0.033294606862199934,-0.17289569104896843,0.1100539170474131,0.049600694867457336,-0.06904332272118364,-0.0672509509411883,-0.022579638547619175,0.0884709983634434,0.02010337123631458
0.04984744139197745,0.0901731700094441,0.24788127670370644,0.16593162116736834,0.1345216885799717,0.5612854439593483,0.12153175221993148,0.3000928861130863,0.02631191411607879,0.07855829509568839,0.1689074452793659,0.14350644681021923,0.09377588890867268,0.14132457294027417,0.15782282689182137,0.1505097991336223,0.22192944946087628,0.08177795202821159,0.2382884109079267,0.22309858929579082,0.14193081277396255,0.13738846252285575,-0.0033040332008083023,0.15162640751248832,0.12072917859885793,0.1151397353354732,0.10580359720073117,0.07942738251167375,0.19332180841756352,0.028239103914695852,0.12032635005511304,0.13806532081728912,0.05377578534538485,0.19848218353342442,0.032167159855947994,0.06458720398365779,0.19033259912026765,0.16379474476300254,0.1511202966883877,0.07037324891455964,0.07886773194373192,0.11407502568188616,0.14204931286422753,0.03070240803298053,0.10294699970998591,0.10144666217333173,0.1329467874290763,0.028547800034229635,0.09820682390545289,0.10200474317478395,-0.1397593798307983,0.042098560584698234,-0.06030594788916423,-0.003713969308457004,0.043497561215552386,0.05415622396032723,-0.03731509346475356,0.10276690821589755,-0.1480634361323222
0.047895239663578046,0.15068342115813618,0.17554335809866045,0.14332194640659893,0.1637145392574914,0.12153175221993148,0.4230514770740301,0.0827143941245999,0.1740287379930101,0.14539779287674245,0.11497836941769515,0.3161563555977805,0.07628304861891749,0.19712477010172802,0.03923728867726785,0.1722799900165082,0.12808787875205613,0.09572710157230385,0.0636945514803394,0.06041353567445376,0.11758328832699771,0.19192124898190252,0.117972242564414,0.15287462802966925,0.10762094889487296,0.09284971901312684,0.09057275441627019,0.025343952932236458,0.09919656125013021,0.03440269752753337,0.09523023710601909,0.1025656865757649,0.08604104670582884,0.12875976613224582,0.018981754605446478,0.17481327621123563,0.1019070645800989,0.08703438952579366,0.04636969163317946,0.07638113702290986,0.017414553022677498,0.10343721997166064,-0.04247291376577309,0.07564486910625527,0.05658366334490574,0.056795539180036776,0.1214005076696835,-0.12195826427345559,0.050539566364743334,-0.04339000902831028,-0.03155189351406344,-0.04400090913324697,0.059116354232226234,-0.022734189574886696,0.049071502366021605,0.06415167231903596,-0.014575986292406227,0.06492965918103065,-0.20371634333745817
0.06350756241164138,0.11266562724341408,0.15533482860737424,0.1557955347011419,0.20024551106380634,0.3000928861130863,0.0827143941245999,0.8824277547549517,-0.07279270256417282,0.19396748126766894,0.21576764634265574,0.08091579287255737,0.13354956713253147,0.1862287297736569,0.11591203757526466,0.14954500848788985,0.2702379477410673,0.1354035549990256,0.24142804704511708,0.2632944758252662,0.06257028865831307,0.08137898458272738,0.016339495787073676,0.12266326507567668,0.14170043893161136,0.13559646931537012,0.10688283692911088,0.05841236151029475,0.18884403077718226,0.05114585972108983,0.1320304595549346,0.05154011600436302,0.08798143000168747,0.21329576272622874,0.012489125777864492,0.05893481725787944,0.24262232058134822,0.09135526099966883,0.297413093457342,0.0790342022917157,0.1174280327188921,0.04815962350178054,0.13148385038159116,0.024112522504381884,0.061382299190915944,0.10016958421376913,0.24175091426633055,0.05011439004813378,0.1510787624734971,0.1542747693629824,-0.005934347495181445,0.10011893930308388,-0.07117950205819668,-0.14799740879758677,0.0076674660770704615,0.08270619785660137,-0.01834277692287975,0.20927715592294657,-0.23050215776899702
0.02225052541872708,0.1348407867067994,0.19324910801079204,0.03771821145716615,-0.01119000279276294,0.02631191411607879,0.1740287379930101,-0.07279270256417282,0.5666025237141067,0.091158986186583,0.04674291916379482,0.07507184972170261,0.066049237484294,0.10179692543820681,-0.040019923984057286,0.07762164341518629,0.018486517331689493,0.06152708283087509,-0.11357897982829859,0.019985375178396186,0.049926712977507996,0.2599733213640824,0.15160500049114442,0.1278199887795886,0.03378534833633171,0.16307748631166924,0.06374407480157242,-0.029164539219022793,0.051025711287467204,0.029919612856184843,0.07352484531084823,0.1010196996301604,0.05151364122043074,0.08798158350168402,0.014312507812569885,0.11743055781182196,0.04892807866735032,0.06831386757066528,0.04343416573594118,0.06423708491089353,0.01118980598747708,0.057635487233345654,0.00571162359890825,0.096669174705085,0.013011207344685445,0.010074110360279793,0.11080638381467184,-0.09998885942311067,0.056956079157024816,-0.040484327308369095,-0.07579550136200006,-0.10411020748733334,0.11185585029145466,-0.004323624259119849,0.030967417427552494,0.062139256249875534,-0.03944885862170712,-0.007691259837955062,-0.07400527464943076
0.03653602000087688,0.27460866965444963,0.2993420454275735,0.13278413329791622,0.22222675180018234,0.07855829509568839,0.14539779287674245,0.19396748126766894,0.091158986186583,1.2662971799486398,0.1117174614244096,0.2910274084679508,0.07158028169953486,0.17564547421006643,0.15507338120563743,0.1574918945999297,0.12286591592726802,0.18195990077130866,0.07759574293598522,0.12051012326999269,0.08226981038412545,0.14329184680536552,0.08439655607250225,0.19070531776854496,0.13720186904895706,0.09231872314401056,0.11030851331061801,0.06896951732041852,0.2558911267033937,0.23487598945124144,0.15628044608767114,0.037039818923857465,-0.09170847946189721,0.15524305080428294,0.2705627800727963,0.1726551347968582,0.20495687406960275,-0.0044817182556378034,0.11004074078030009,0.1935509617473723,0.11620187608463126,0.11259718338609642,-0.02266546911916064,0.11268490191846947,0.024206265810800966,0.07894900030173162,0.48498725258930947,-0.03704612911727083,0.022277751336680914,-0.07951569071080695,0.007386625569874845,-0.23529700982519183,0.10592984010140553,0.11050393906780749,-0.05132343969362967,0.049430201881336774,-0.02057278473435789,-0.09393836945289702,0.11538806852611777
0.04024395776488594,0.11640242866173008,0.06819835928187369,0.13435685802136488,0.12784737780909347,0.1689074452793659,0.11497836941769515,0.21576764634265574,0.04674291916379482,0.1117174614244096,0.3725188371499129,0.14330637951805783,0.1459826080046201,0.1583986460163534,0.17476378738658974,0.15225518203557345,0.27069452541931693,0.11729137940556932,0.10382936702209543,0.11439349069513458,0.13496959428550376,0.10542897665202002,0.09251251006271223,0.13977711640196186,0.14932925825700724,0.09162604765723395,0.12413245381513921,0.06970476638769606,0.20571676274979422,0.07727966197729956,0.10186343523761288,0.1023682882604326,0.05688247301765801,0.1753985643803626,0.08586084323727929,0.14741955321390168,0.13906411033120525,0.0727136645190634,0.09824058962043987,0.13210151290124572,0.048789217928702985,0.11845098552304743,0.03659113729989404,0.08343718618007667,0.012417137222017295,0.058747105902873964,0.23939760606244764,-0.07069861535236978,0.0432630811447462,0.03709803115906672,-0.03748495672044646,-0.02635176562236444,-0.00018940571548717137,0.02565727255565564,-0.010543568114219973,0.0315306180782585,-0.12479283049461291,0.06796740941614117,0.016216764913833687
0.04529444226920088,0.1808802508325213,0.20769053962932182,0.14646034241082162,0.21174423208761323,0.14350644681021923,0.3161563555977805,0.08091579287255737,0.07507184972170261,0.2910274084679508,0.14330637951805783,0.7618312243507426,0.06612564639079764,0.2039129380069989,0.09334258108062429,0.1560084275187401,0.15223317566091168,0.0986760580740753,0.10963859382375657,0.08592780614163775,0.12575887444896722,0.1145642933634487,0.0832828115893375,0.13036178401673726,0.16203936680032616,0.04955516986032054,0.1547701147174721,0.057175503955440556,0.1112807131847332,0.07208197270341066,0.09591020806439111,0.13777787681660442,0.10069211561442601,0.12703995878974783,0.06552802564362988,0.1859127044189131,0.10036191244708494,0.12340136941749544,-0.01120455034957297,0.1293062772140604,0.019211557540401967,0.12363175519780614,0.01415357023113519,0.07191435048627023,0.059073910050406214,0.09258146664994166,0.19912072569201228,-0.10974013170938174,0.0013070699271404327,-0.07702243558964057,-0.005424384976569759,-0.05984411438763521,0.093331303411622,0.027771058877209768,0.00012367789409248558,0.04432360252334791,0.005607711782832268,0.08150710300873687,-0.13423460241319954
0.02639054690858834,0.0851456692037282,0.05691344376737263,0.10123042622665016,0.09179464096112253,0.09377588890867268,0.07628304861891749,0.13354956713253147,0.066049237484294,0.07158028169953486,0.1459826080046201,0.06612564639079764,0.2637113203978181,0.11280218162191262,0.016759030073137886,0.1065540486822164,0.11125651650006642,0.08403917534331143,0.041759759450169034,0.07757304293208088,0.07749487584806854,0.10153085704021106,0.0846557444127383,0.11275280027637827,0.09009659800555393,0.09259990289939966,0.08012750487349878,0.04455433383551964,0.15168050807231587,0.05223294245462332,0.0707781488342966,0.07251036499535206,0.04826860248956558,0.10803700130945922,0.08716742304909429,0.0958102166108216,0.08106698940467304,0.03574405897980931,0.117236110950409,0.10105088856977865,0.0372523912753784,0.06589651543721436,0.024718550907126866,0.10552685677254504,-0.03592220583880012,0.00891079234916156,0.14658014920628729,-0.0520655126772246,0.0538800872494388,0.04301990262617905,-0.04500684666836342,-0.06069607525556418,0.018560433860426457,0.007783445294994735,-0.0027647419552624705,0.014824444230623447,-0.10499423224637451,-0.09794894232781,0.16838802440363754
0.029324001988605648,0.11956893868677827,0.11510358091133814,0.1492785753294303,0.1361809834616946,0.14132457294027417,0.19712477010172802,0.1862287297736569,0.10179692543820681,0.17564547421006643,0.1583986460163534,0.2039129380069989,0.11280218162191262,0.6997464196934058,0.14804667303270208,0.21867859395208292,0.22566887793138465,0.048670130410315565,0.08428817858697106,0.08387969507755384,0.17815985914187848,0.14718625495695778,0.14536555872622986,0.1661095693651142,0.17134691934586885,0.15907707049747435,0.046086118729398745,0.0511265333089135,0.1518757848689823,0.07897377496611371,0.07502985255708548,0.06021584303398413,0.03265570830200044,0.16286423143027812,0.05365487443695094,0.13286258168365347,0.16199649438620686,0.11722156725835943,0.011062567149108447,0.15685459694212028,0.06085268523996974,0.14970240007703298,0.04461410026611376,0.1431540386360683,0.07824421281472123,0.01658059051030314,0.2901077916767391,-0.0629120017785055,-0.00657902928341165,0.013812693919694417,0.02920289066794074,-0.031547238458040215,-0.015887052789984053,0.023242245691794755,-0.11664189981237089,0.021802002296834568,-0.1679377519727883,0.18400121203096306,0.11440889653711402
0.06620094053244048,0.41464454721650973,0.33906558641235524,0.12149721625299467,0.07137917152659844,0.15782282689182137,0.03923728867726785,0.11591203757526466,-0.040019923984057286,0.15507338120563743,0.17476378738658974,0.09334258108062429,0.016759030073137886,0.14804667303270208,0.9362867993228906,0.05262929807118812,0.2769656950990174,0.17009054006484006,0.15668276667261907,0.11864139698889989,0.12210297892410443,0.019828100615346202,0.1618157558111452,0.1769553399390433,0.2438091084591694,0.05215190848300369,0.11605257351791769,0.12208197535793941,0.24901834013943447,0.25621008560957015,0.13937515977021528,0.0901569263694244,0.11681460592194838,0.19447841865796303,0.08093309073976776,0.21929396943042606,0.19020472545292685,0.11293133969531836,0.12556344790373433,0.10317289390630219,0.1475281433302624,0.1324075785390795,0.10466715339790826,0.1253250660627148,-0.00607603211958153,0.18938522149924758,0.24794934601199245,-0.07586241154785428,-0.048229881715256516,0.032545724755428745,0.0019025375697666264,0.15415238524064773,-0.07449794542917423,-0.049363452204380036,0.022403715832173182,0.1492109898182496,-0.34437133481750365,0.18865570266987158,-0.057516917585813586
0.03809103391782019,0.07590949243957862,0.00935639118598452,0.17867943422848076,0.15890945933953418,0.1505097991336223,0.1722799900165082,0.14954500848788985,0.07762164341518629,0.1574918945999297,0.15225518203557345,0.1560084275187401,0.1065540486822164,0.21867859395208292,0.05262929807118812,0.840412473306248,0.12765656110629436,0.16018761504927695,0.10836022246007856,0.07379196968955985,0.0803009309455527,0.38462810777593026,0.0681273066051504,0.15526185898106282,0.15553048389474927,0.13876413840222757,0.1490356807272951,0.07901958276550945,0.2535451373550524,0.08407555426862566,0.12498264094924903,0.17542350395826362,0.021719138502872035,0.1786420086705097,0.15828771074274178,0.12175621820733193,0.0996458125784229,0.1167731253972804,0.18470155821230314,0.11712758318130095,0.03544234759235066,0.0838828766262186,0.11658096036378741,0.10582414054496249,0.031097740775385005,0.01476709671133087,0.24589287596708442,-0.0931320344488751,0.031639052747488704,-0.17456366156723754,-0.1222891775805166,0.06529587308288651,0.09211675915562034,0.00040490227614194444,0.022354280790357152,0.05834870179416318,-0.22743700380839074,0.10999418462560852,0.05486679150222089
0.007590311139038834,0.18014115879001144,0.3025414038286645,0.14804138651375287,0.07281426434912137,0.22192944946087628,0.12808787875205613,0.2702379477410673,0.018486517331689493,0.12286591592726802,0.27069452541931693,0.15223317566091168,0.11125651650006642,0.22566887793138465,0.2769656950990174,0.12765656110629436,1.0690332642478804,0.08478212567026834,0.1751759378559944,0.08273974843926389,0.2539737854690233,0.11792490648838375,0.0977959564189503,0.16212224099851194,0.24750795464546735,-0.08800362734326585,0.14593111382443585,0.19186612109491738,0.34064293590027345,0.11800998035385335,0.14065559786916684,0.025121082972945696,0.21928789069909727,0.21959216356481037,0.04933953221184248,0.2526631731106101,0.3262990507615962,0.16546730995625375,-0.06997340810779927,0.17398830764565584,0.00842726052103938,0.21267521512442314,-0.001635783201934749,0.12591289590938518,0.1287403817592209,0.0773884922834102,0.5479430951007176,-0.21500158389594945,-0.11877244614768587,0.24080638841770308,0.12001226621018858,-0.042539982264483675,-0.17867624571919521,0.013233484964429167,0.03598776923383027,0.015506077005993461,-0.22835017165267368,0.14254225078332042,-0.03160207494448817
0.055696011118467115,0.18493466283548543,0.09939783650481063,0.06941497133847947,0.09068446030617813,0.08177795202821159,0.09572710157230385,0.1354035549990256,0.06152708283087509,0.18195990077130866,0.11729137940556932,0.0986760580740753,0.08403917534331143,0.048670130410315565,0.17009054006484006,0.16018761504927695,0.08478212567026834,0.7471929841402289,0.09383165791212576,-0.07185268035544351,0.10383906058264494,0.14216069469908674,0.26711246427439816,0.12187723345937412,0.12899994097156314,0.17588803730913374,0.10447731963233253,0.0772216605498182,0.11641315498419585,0.05089151537514838,0.18370827175085924,0.07280162453089667,0.06282793387788838,0.12172104790582874,0.060625752170680634,0.23821581354934349,0.16960457527134104,0.04385741455535819,0.14643196066476413,0.08489138480400438,0.010443679523750589,0.07831552797496023,0.06904386820385025,0.17297105563608162,0.1420901835347295,0.0775464755542234,0.18456829129092955,-0.1860485042854718,0.06941126971288224,0.09845771281123289,0.16897880804956825,-0.0814247802695241,-0.1515017778287364,-0.0777808630110872,-0.07540499643783516,0.00028793511160874494,0.047447461262404955,0.0437631545898024,-0.10445535919055317
0.030307247514308088,0.07555416480668316,0.04298453607895167,0.15413751322515376,0.26924414279885567,0.2382884109079267,0.0636945514803394,0.24142804704511708,-0.11357897982829859,0.07759574293598522,0.10382936702209543,0.10963859382375657,0.041759759450169034,0.08428817858697106,0.15668276667261907,0.10836022246007856,0.1751759378559944,0.09383165791212576,0.5866786153511143,0.058080642741049335,0.1041346893834232,0.06602066292131178,-0.04594695898759146,0.0653604289903939,0.06818664562183717,0.02401960854956255,0.048944381205826844,0.1949065929149593,0.01465594942913623,-0.006790622497478894,0.08304422244472545,0.07127978228459177,0.11703702170912764,0.11459120272783534,0.02023084801473339,0.05849117884573331,0.12859740930369284,0.08991642062281663,0.13183497472010483,0.06741495175082265,0.04307029214437144,0.07890351797168571,0.005397006730832143,0.07079324217484166,0.11522627382817102,0.11218800751826633,0.04008638538751973,0.054205705638766616,0.0028486698586108034,0.045588152636627285,0.20549524350428386,0.24356065331703106,-0.26754572317580766,-0.07065909015126465,-0.05871876920673019,-0.010503692611782377,0.0002664952533483644,0.12377464873863013,-0.08117671539969573
0.02871310938580477,0.316444034391878,0.2328373926890571,0.0470108041386436,0.061375329281591444,0.22309858929579082,0.06041353567445376,0.2632944758252662,0.019985375178396186,0.12051012326999269,0.11439349069513458,0.08592780614163775,0.07757304293208088,0.08387969507755384,0.11864139698889989,0.07379196968955985,0.08273974843926389,-0.07185268035544351,0.058080642741049335,1.4818973022342496,-0.017906901955957885,-0.16776918925175102,-0.43794975646735507,0.04052696996878247,0.05705699739105437,0.24466762611950896,0.24986362399759746,0.1355785712947564,0.20391883565410723,0.21106250596567397,0.3381690845905894,0.24285630389505955,0.2137780993656307,0.2629413257252706,0.13703484635540455,-0.01642864182491902,0.6526366536141319,0.4583168174726899,0.574730694103366,0.25162131178576097,0.44152340076135854,0.08820719165862735,0.5344624850019365,-0.2730279874833577,0.36200642271171846,0.4184692886386416,0.16858129649723394,0.3538807730885335,0.23569268295625614,0.02941160903902072,-0.24163646635483146,0.015638933390620308,0.22702933314330628,-0.11551674622011986,0.040732319023260195,0.028956982380368063,0.049988987830737644,0.08836247793986268,-0.1726518489006932
0.05926497888678383,0.21864144207782735,0.16830336140388455,0.11203886373178376,0.09718673633462087,0.14193081277396255,0.11758328832699771,0.06257028865831307,0.049926712977507996,0.08226981038412545,0.13496959428550376,0.12575887444896722,0.07749487584806854,0.17815985914187848,0.12210297892410443,0.0803009309455527,0.2539737854690233,0.10383906058264494,0.1041346893834232,-0.017906901955957885,0.692066587749418,0.01255826537716317,0.08238217757249156,0.031892037909666986,0.12763972554119005,-0.05917029502278298,0.09167782068691013,0.21150515527926805,-0.008514279784631634,0.2001214542573594,0.10228292957303152,-0.03645545709751058,0.13848232080876752,0.16397027864841413,0.2632671245600587,0.2749419943979524,0.35125561351412626,0.21829759994130285,-0.22493538218817638,0.21128142877617243,0.0375022888888128,0.49418971196458705,-0.028586784873801094,0.13594464384983307,0.5038811573788422,-0.009364374566833873,0.3614258295998369,-0.22036792061017035,-0.2383685389367196,-0.05866557599176406,0.09049332507076839,-0.05791503132741703,-0.011671793378306986,0.0733132501225953,-0.11238029729113992,-0.09521732389127346,-0.0549580933080732,0.03188994685998309,0.05928771508955905
0.03319337843364455,0.07466940499448414,0.18733067906359332,0.12525884502709986,0.09033171984659259,0.13738846252285575,0.19192124898190252,0.08137898458272738,0.2599733213640824,0.14329184680536552,0.10542897665202002,0.1145642933634487,0.10153085704021106,0.14718625495695778,0.019828100615346202,0.38462810777593026,0.11792490648838375,0.14216069469908674,0.06602066292131178,-0.16776918925175102,0.01255826537716317,0.9860510288129989,0.17398658844464138,0.11987983631789072,0.06209266868366355,0.15078685490789334,0.12644106891019663,-0.009129085378279932,0.19324335248773616,-0.030192236930142776,0.08710343607929948,0.3332473289182717,0.0015235397971190717,0.1996197563552959,0.02553534978851251,0.11429609520381087,-0.05630119585792494,0.04507902529761614,0.20420724456105532,0.02146140295276714,-0.013104773545484612,0.018015928028562268,0.00690920984288535,0.16528887481012797,-0.09304766673948814,-0.029885913682542353,0.22390303644070308,-0.11847807359497028,0.01887044723340222,-0.06214010833055642,-0.06814173764876513,-0.016724469828200587,0.03655463845857461,-0.06287457748833161,0.024283748123491503,0.07502472358539394,-0.13719253625102762,0.020446864434532835,-0.025749845643088423
0.010357100284103783,-0.14977484256743595,0.03730078430706237,0.1035732030007586,0.0489248346743689,-0.0033040332008083023,0.117972242564414,0.016339495787073676,0.15160500049114442,0.08439655607250225,0.09251251006271223,0.0832828115893375,0.0846557444127383,0.14536555872622986,0.1618157558111452,0.0681273066051504,0.0977959564189503,0.26711246427439816,-0.04594695898759146,-0.43794975646735507,0.08238217757249156,0.17398658844464138,1.4135460139366158,0.33910482650046403,0.3625866835726216,-0.006225957939580287,0.019800275221235068,-0.39336455539813064,0.18849926848235785,0.20529213455755843,-0.04589560556919161,0.09217274733798982,0.0380680128612987,0.1042542967120422,-0.32937533456841944,0.5088554480725719,-0.20112097509181207,0.021484489727366232,0.1600027602323609,0.23192731891620513,0.12127521103481924,0.003845135688540929,-0.1330382470386228,0.6639475819247569,-0.49470338291534205,0.007187575259575014,0.3370393815611005,-0.2337276040592585,-0.03116905416277097,-0.09858147639626062,0.08686057013896069,-0.08986959101707455,0.10036523859692302,-0.017889530583127262,0.08473867806445944,0.07365827087724854,-0.1934824879290421,-0.12344159435408138,0.16354333783217959
-0.038661061002957894,0.0704228213128578,0.29038632672738496,0.08097490276493705,0.0951427308724797,0.15162640751248832,0.15287462802966925,0.12266326507567668,0.1278199887795886,0.19070531776854496,0.13977711640196186,0.13036178401673726,0.11275280027637827,0.1661095693651142,0.1769553399390433,0.15526185898106282,0.16212224099851194,0.12187723345937412,0.0653604289903939,0.04052696996878247,0.031892037909666986,0.11987983631789072,0.33910482650046403,0.7697689629335653,0.17136634213260635,0.020675250536519578,0.0718036350378294,0.030115271952289913,0.19922321824160985,0.20009631635206424,0.18577025465802055,0.060100360221775076,0.1720164926892063,-0.03174743073819217,0.004146134171507345,0.33245859288740465,0.026654944982460647,0.04805313175435857,0.12172792437038514,0.1513710886965372,0.07332602034233886,0.044696882555751015,-0.09714197631755862,0.1905511261263505,-0.14804760031926978,0.055212841382544814,0.1597813176305706,-0.23309120217209392,0.10142235911677479,-0.02910639725853627,-0.0451446580079438,-0.0046730210061439416,0.07124652200449405,-0.003576266054044845,0.09807337529439031,0.15036231170060876,-0.04103387099966184,-0.4120411163738875,0.23053594659129845
0.0746019330607431,0.163276975738146,0.17924199493997475,0.1594209781916139,0.09101226076938795,0.12072917859885793,0.10762094889487296,0.14170043893161136,0.03378534833633171,0.13720186904895706,0.14932925825700724,0.16203936680032616,0.09009659800555393,0.17134691934586885,0.2438091084591694,0.15553048389474927,0.24750795464546735,0.12899994097156314,0.06818664562183717,0.05705699739105437,0.12763972554119005,0.06209266868366355,0.3625866835726216,0.17136634213260635,0.904925575742203,0.05941079501491715,0.13301740666392894,0.009412147333834834,0.4194589458020619,0.289971982974538,0.03437433277882438,0.1293322760664335,0.10023161771686176,0.2798252227096636,0.07622442142576587,0.260991659419513,0.1932344973991404,0.13199155313454902,0.16301088222035082,0.153196280283787,0.08773957191366911,0.13415818760217552,0.10593977107013419,0.2385962409856713,-0.048952659132744755,0.10176420464352656,0.3409191602120428,-0.18458783360569236,-0.0512718466068492,-0.16598154522091238,-0.1005525995835623,0.0453203544150668,0.09618174796481826,-0.0036043640141188767,0.06618229712498337,0.01837140319884031,-0.28264772621506473,0.120573035209355,0.07142305962432914
-0.007525118594129454,0.10668893297534926,-0.0239339449761514,0.0930244567885811,0.12128237193953817,0.1151397353354732,0.09284971901312684,0.13559646931537012,0.16307748631166924,0.09231872314401056,0.09162604765723395,0.04955516986032054,0.09259990289939966,0.15907707049747435,0.05215190848300369,0.13876413840222757,-0.08800362734326585,0.17588803730913374,0.02401960854956255,0.24466762611950896,-0.05917029502278298,0.15078685490789334,-0.006225957939580287,0.020675250536519578,0.05941079501491715,1.4975441004025725,0.11197502601791229,0.03341910981400001,-0.09040314896595222,-0.440922322702881,0.11802793982172714,0.28441103979265,-0.13514389875092714,0.23143628367601157,0.12467440055975315,-0.019620701785911004,-0.04126795629803331,0.1307719614933608,0.3012634472948019,0.15519288363234066,-0.02399581285290822,0.04811491669802307,0.27207779743056004,0.05410757129777062,0.34459491725143027,-0.0213831943112838,0.014535457350958894,0.06138478334799211,0.37456949216692825,0.2703765475425816,-0.21374206240991867,-0.050078844198045175,-0.12153409076429575,-0.062301945137465065,-0.018092181932134514,0.007088131896817473,0.004131172444565901,0.2323137964252503,-0.2232667189636697
0.032274611221266264,0.1179988970970958,0.05727498709395812,0.06502938767921529,0.06762799197860832,0.10580359720073117,0.09057275441627019,0.10688283692911088,0.06374407480157242,0.11030851331061801,0.12413245381513921,0.1547701147174721,0.08012750487349878,0.046086118729398745,0.11605257351791769,0.1490356807272951,0.14593111382443585,0.10447731963233253,0.048944381205826844,0.24986362399759746,0.09167782068691013,0.12644106891019663,0.019800275221235068,0.0718036350378294,0.13301740666392894,0.11197502601791229,0.6470954620161532,0.10615713499115492,0.1052127641384249,0.12870790393590692,0.18833632525573135,0.3651575427828143,0.15994955995837823,0.19222389670888473,0.11391612592009792,0.28833004691675856,0.22485999738706447,0.2755034245585654,0.13691302311816456,0.13970805979451217,0.16816336537987595,0.14405756989351834,0.37377336074194967,-0.03778839545274146,0.16410990420335309,0.1759549965215878,0.23516958128563922,-0.11300643539358401,0.06354908513479332,0.013857276301032884,-0.1700499264879997,0.07141520034463442,0.10012199196417036,-0.053895121926088044,0.0038658331087658097,0.01095249118279897,-0.0009521561059303289,0.02514173252482267,-0.05852595637935161
0.02682561570732744,0.2584366616992856,0.18213667534328531,0.05504098509220057,0.03512734921424245,0.07942738251167375,0.025343952932236458,0.05841236151029475,-0.029164539219022793,0.06896951732041852,0.06970476638769606,0.057175503955440556,0.04455433383551964,0.0511265333089135,0.12208197535793941,0.07901958276550945,0.19186612109491738,0.0772216605498182,0.1949065929149593,0.1355785712947564,0.21150515527926805,-0.009129085378279932,-0.39336455539813064,0.030115271952289913,0.009412147333834834,0.03341910981400001,0.10615713499115492,1.3582336585492705,-0.18996369773258437,0.12398566306449306,0.33652323470207524,-0.09696375226754436,0.6448946694917346,0.01293383625842987,0.5495533839341336,0.35268599180092636,0.4419184039379672,0.31930544076921163,-0.0660764021688904,0.2316512035091449,-0.11613146176824753,0.32591956145336826,-0.10303079891916253,0.4391049058268801,0.3802419871347157,-0.09175365917065276,0.05978944589400059,-0.4253695043613611,0.03667352363057242,0.009969597401231734,0.05644006735506041,0.4903589887428216,-0.6703524014771236,0.06383115705008185,-0.2366311010579687,-0.06956153531300668,-0.043393248094230404,-0.0027129241221930033,0.10207883780995965
0.0757045582153264,0.3077191687031723,0.4616376015398405,0.13049817734658314,0.03405245627129658,0.19332180841756352,0.09919656125013021,0.18884403077718226,0.051025711287467204,0.2558911267033937,0.20571676274979422,0.1112807131847332,0.15168050807231587,0.1518757848689823,0.24901834013943447,0.2535451373550524,0.34064293590027345,0.11641315498419585,0.01465594942913623,0.20391883565410723,-0.008514279784631634,0.19324335248773616,0.18849926848235785,0.19922321824160985,0.4194589458020619,-0.09040314896595222,0.1052127641384249,-0.18996369773258437,2.437471408094914,0.25590918792156686,-0.04897731681769561,-0.015722177990046375,-0.14469736418035095,0.2761847212223395,-0.15211480465796487,0.24590881335924206,-0.1607981110687184,-0.3642715640308743,0.16941402247164689,0.08199335630330552,-0.19267923894884745,-0.047887220055707815,-0.03817972526225436,-0.3297116815231455,-0.32950629553477717,0.0297917191576211,0.6990787538928244,-0.3771703840692076,0.441872247407007,0.08517916327546575,-0.2795377811595162,-0.011482321431027162,-0.043068266512116704,0.06643652061268199,0.2464434389966779,0.11291991044878047,-0.3467977629242907,0.23392905235268519,-0.029878706360666613
0.1553353037941338,0.2639051117547794,0.26307057616114493,0.0780713938620134,-0.0064052689683404,0.028239103914695852,0.03440269752753337,0.05114585972108983,0.029919612856184843,0.23487598945124144,0.07727966197729956,0.07208197270341066,0.05223294245462332,0.07897377496611371,0.25621008560957015,0.08407555426862566,0.11800998035385335,0.05089151537514838,-0.006790622497478894,0.21106250596567397,0.2001214542573594,-0.030192236930142776,0.20529213455755843,0.20009631635206424,0.289971982974538,-0.440922322702881,0.12870790393590692,0.12398566306449306,0.25590918792156686,2.230784306189945,0.2308642449740143,0.07681147222214302,0.22201754423714298,-0.20081352913341055,0.45459736784471627,0.26543875688639945,0.5165846489461577,0.2937420835885371,0.23248776111294855,0.31963838543076056,0.6712677850099341,0.23881056368589065,0.6145570126792123,0.42339641964010133,0.09353998288406357,0.20468229175229943,0.5164829424635691,0.10339524667775488,0.2919411693936965,-0.28492785892838585,-0.14751188175860822,-0.3115835731353249,0.4533502656222894,0.0563167412352382,0.09946897347582484,-0.12057413428036459,-0.12643907315247038,0.26911297192302547,0.010758945363858475
0.041853346424517164,0.17472852579821524,0.17597592322127165,0.08043934674123784,0.09184259832175956,0.12032635005511304,0.09523023710601909,0.1320304595549346,0.07352484531084823,0.15628044608767114,0.10186343523761288,0.09591020806439111,0.0707781488342966,0.07502985255708548,0.13937515977021528,0.12498264094924903,0.14065559786916684,0.18370827175085924,0.08304422244472545,0.3381690845905894,0.10228292957303152,0.08710343607929948,-0.04589560556919161,0.18577025465802055,0.03437433277882438,0.11802793982172714,0.18833632525573135,0.33652323470207524,-0.04897731681769561,0.2308642449740143,0.9025777499960752,0.1475275287165243,0.32305604757162565,0.0901787235345001,0.30926681463535716,0.42775109253761334,0.4413592957344171,0.2663838020417966,0.31361299209660476,0.166579190894467,0.1943222700454505,0.18753927306451854,-0.040867379533299,0.21112842081976133,0.27602159134574644,0.08634368311661436,0.2717208424357735,-0.25673809878227555,0.08647363242243677,0.10734081702190139,-0.04180020825920208,-0.042277405844469464,0.0330184116527779,-0.07344374759790237,0.10338252914491584,0.037294296236089895,-0.008298941831977207,-0.07716351895751178,-0.054984838327405444
-0.02584978562561891,0.013206080956528138,-0.08495980349740766,0.1062250819456879,0.14920869600006564,0.13806532081728912,0.1025656865757649,0.05154011600436302,0.1010196996301604,0.037039818923857465,0.1023682882604326,0.13777787681660442,0.07251036499535206,0.06021584303398413,0.0901569263694244,0.17542350395826362,0.025121082972945696,0.07280162453089667,0.07127978228459177,0.24285630389505955,-0.03645545709751058,0.3332473289182717,0.09217274733798982,0.060100360221775076,0.1293322760664335,0.28441103979265,0.3651575427828143,-0.09696375226754436,-0.015722177990046375,0.07681147222214302,0.1475275287165243,2.234940398260203,-0.08651504387385824,0.41659181242060933,-0.12882357798626343,0.2985637766642963,-0.17026142700689148,0.1822805901232664,0.44381241319073195,-0.10101185436663129,0.5613631233495582,-0.027073239189400435,0.1571349099291382,0.0465780794203928,-0.20941778501642025,0.0011222964705635487,0.4817785343337455,0.08670113407433258,0.3060346866119582,0.17628978382822097,-0.27068294092435263,0.1758395280233997,0.13717334795650665,-0.1707139566656238,-0.2408063785760494,0.06732912434231572,-0.043098390285856804,-0.06795764653715751,-0.015400860325834898
0.05374674795063815,0.20221495481120197,0.16218792015065928,0.12073880123549291,0.02365464583434916,0.05377578534538485,0.08604104670582884,0.08798143000168747,0.05151364122043074,-0.09170847946189721,0.05688247301765801,0.10069211561442601,0.04826860248956558,0.03265570830200044,0.11681460592194838,0.021719138502872035,0.21928789069909727,0.06282793387788838,0.11703702170912764,0.2137780993656307,0.13848232080876752,0.0015235397971190717,0.0380680128612987,0.1720164926892063,0.10023161771686176,-0.13514389875092714,0.15994955995837823,0.6448946694917346,-0.14469736418035095,0.22201754423714298,0.32305604757162565,-0.08651504387385824,2.1309902383042365,-0.2542075650421206,-0.4293482801232865,0.4798024027524392,0.41069970315552407,0.6559607579792344,-0.09528261255999465,0.29340492812631086,-0.09699054657069318,0.24480661470131482,0.03693024622401748,0.4100092790914284,-0.15198354833308625,0.2054512629941128,0.1716436437997351,-0.6260471221613073,0.05346633887865812,0.16865189425734944,-0.08801204502499169,0.30107242536831014,-0.05709585535298599,-0.2580727615068655,-0.08314896020832445,-0.09085816859056144,-0.1637406835753287,0.09060102704986303,0.02639241157065973
