0.8516900217827132,0.0915957219983203,0.22048287493427537,0.050310095913048,0.09483649318070193,0.03970095639361488,0.08183659250853169,0.018188914659193124,0.05356859871267996,0.13484168505195807,0.06463555517378247,0.08386890241437109,0.05836913173216168,0.06053124826134083,0.08605995850846679,0.06680766951361222,0.058490452776680614,0.0974768412985484,0.11162846169741333,0.04231637463733857,0.047714892433355055,0.06480511272651099,-0.0037849108920281773,0.044656658121705786,0.07016809896651767,0.07238700881933667,0.06374451266054527,0.07507559730180506,-0.01883096626669628,0.12051817861407606,0.11793695789728037,0.06665340870564147,0.10759705447751074,-0.09313800850930277,0.04902964760452926,0.036972844407150034,0.007497873000000289,0.13541429441003328,0.042042852304902636,0.028783245633010122,0.05692834349188171,0.03725556103110341,0.11496033926429877,0.02200348088374904,0.06820630652683636,0.08471641788751667,0.11216477241943577,-0.005453041969139459,0.01754234236185061,-0.039881972263485964,0.016771526279117575,0.026298676872296266,0.0010671401372699377,-0.0017001673501909238,0.09185870454698636,0.015993904593790294,0.024444463294743778,0.3087144180538692,-0.46651842837238133
0.0915957219983203,3.0198475275580434,0.2445768714165976,-0.09142259370568497,0.08099703359291273,0.20923205740239428,0.14558487931112088,0.03791845483135932,0.11527817330047238,0.2289356768573681,0.16819943567505347,0.18364410408802,0.11021509236400746,0.22654144674689625,0.4895319494042291,0.15735385694337728,0.2794184925296173,0.3270677377009688,-0.22388314867307504,0.21531889364093698,0.20739448117157447,0.13241708942749933,-0.10650514304365666,0.06950436618696558,0.3963487699808834,0.05910651787471251,0.2188146455344677,0.2947761540754735,0.4290190282660581,0.055570105390737014,0.27401958061718396,0.08303908575375107,0.11899291129937666,0.21531680289900632,0.19100105042128349,0.22403081637261654,0.4975593492147856,0.117545879367379,0.11079095584440697,0.01739581800620878,0.2392290371363467,0.198715676429872,-0.11852404813384657,0.002761941579455346,0.08499197339991019,0.08738156580656184,0.19259636205214542,-0.02140321909928807,-0.05662751137515356,-0.06892676048102553,0.2625323236486662,0.12612214596055374,-0.2721098222515552,0.013713026145415079,-0.44867205417401496,0.0023591879924024063,-0.18782693197206735,-0.4144893252905919,0.9417877427905047
0.22048287493427537,0.2445768714165976,1.7972969247027775,0.15493629392448577,-0.2092977048174928,0.3151049336819502,0.2817640350617244,0.2536748392921538,0.5442655838657936,0.45459886481891976,0.2716967587072765,0.255323899319059,0.19069317652815226,0.2470867287656992,0.2135148671773066,0.2422915253467634,0.34841539239949715,0.2775544242420569,0.5139191706638492,0.2540148093008455,0.28284136678205496,0.40678019961762574,0.13285451202903986,0.24553170268518376,0.28290028463975747,0.3529505079259567,0.22398436708394437,0.33805596431687784,0.302940581216532,0.06533181664211601,0.29243531724856825,0.1804361420903174,0.3585900295795025,0.21525936226443798,0.27064847095896166,0.4022767820128823,0.42265121073636047,0.32749555533118935,0.23279229941278295,-0.01799161256537399,0.37695417243016205,0.2693485260859583,0.11680858973922453,0.09720562532335211,0.034401464121649135,0.3804107752929771,0.18403557591794517,-0.044582911369938645,-0.08323726366460985,0.13972130215743217,-0.06050553720306893,0.1184139400977081,-0.02503111889098643,-0.13486317683825022,0.10640845453272105,0.060822529114861516,-0.2933304775641597,-0.5311041174367498,0.5644806029634307
0.050310095913048,-0.09142259370568497,0.15493629392448577,1.2071781387156675,0.46105908660709893,0.3629718491335215,0.21472367040305704,0.3012960526596765,0.07552855277784754,0.18912439769097694,0.23153477956399968,0.2757539288112014,0.21310844376830643,0.2806253974858631,0.2822384303977901,0.29241786629212546,0.1793206484468213,0.3022736371736613,0.033354991989419276,0.20520291142335745,0.18123333575880524,0.1903816407607925,0.21223217021702773,0.14373360247138559,0.2885783306111498,0.3823158422240474,0.1554598414637368,0.102857067077354,0.2919450401580136,0.07662016412371261,0.19440702264040793,0.16622468594359732,0.09704395742102298,0.30606004651949936,-0.027807355772414676,0.19049546382657415,0.21799621340824846,0.17462721794886424,0.1193999438762797,0.08146084366602034,0.15502302962461809,0.1801557226959593,0.25472840020857546,0.06586378562507748,0.03124286016071261,0.14794875268301957,0.19784457965328245,-0.009357427744900261,0.07794723576351104,0.21154153113785268,-0.04262996196219123,0.09895381786874967,-0.18674482286669122,-0.07266885752441855,0.07525419741240817,0.010454455898979002,-0.2942508665373412,0.12588639555742964,0.04466280425194725
0.09483649318070193,0.08099703359291273,-0.2092977048174928,0.46105908660709893,1.1193267961962639,0.28519826343309385,0.26194841615558495,0.4282663764526785,0.1499213632927021,0.12517123365390442,0.24028777132053553,0.26610547455739264,0.2574533674239262,0.3158898085901945,0.2536935550365307,0.32689023189141153,0.1614377648240509,0.26184026933992693,0.06941137298365326,0.21834530619958883,0.18047620224295807,0.2354287047480319,0.22130074692746698,0.17283072798518082,0.26560254557424423,0.46572022241467015,0.16096602101234708,0.047845075353517535,0.32478054139121715,0.058554329802314405,0.15641623438310173,0.20165746159255282,0.02869836644360345,0.3901225873873476,0.013676580244615114,0.1596408309759987,0.12037349329941695,0.15726283070304797,0.0990148189682486,0.09790810737118108,0.13827305108214583,0.1828975406737337,0.23691687695417707,0.06261842598692965,-0.1004286665736582,0.08478250309193876,0.1705978272994133,0.006948702732117444,0.59373726969825,0.1020696773091586,-0.016147808004432523,0.02011874087258881,-0.08653118963990583,-0.03682347786070567,0.0038108565890176403,-0.10650450578822755,-0.28245043254387886,0.24846084946465455,0.07954018264811288
0.03970095639361488,0.20923205740239428,0.3151049336819502,0.3629718491335215,0.28519826343309385,0.9084702259447754,0.2776781234030928,0.4701502071759843,0.2785618791112433,0.22613535611341215,0.3286749762400786,0.2581795302884751,0.25377508489151873,0.27988033638153825,0.25645546616767756,0.3169144951675729,0.29345413519765795,0.3320848924761546,0.37673010077934876,0.2961320036389719,0.2823930408277829,0.3167376579300251,0.10099741672888946,0.20085496339995185,0.3449752525108189,0.5589642293119139,0.23376952140663312,0.2082161730782119,0.3031178487381442,0.13921657977882662,0.32025650133325617,0.24081177954105754,0.1785713686194973,0.30644593693698235,0.20168032087815424,0.19287068477096864,0.228943631753787,0.31253813793689855,0.15936332214131946,0.10100981554408774,0.24869069753193312,0.2581577092301942,0.33058101235281195,0.0889700125213347,0.020887183665020233,0.17564906979690406,0.2312636364816682,0.012542980248777789,0.7125003343924484,0.15270066292332815,-0.09234979344385644,0.03629765192683806,-0.05673819705422503,-0.050645060996887176,-0.0399711802411867,0.011659094633313752,-0.29334390203357863,0.43208519915241644,-0.20808891487113748
0.08183659250853169,0.14558487931112088,0.2817640350617244,0.21472367040305704,0.26194841615558495,0.2776781234030928,0.6108943236681297,0.15357727525149228,0.4954116284916763,0.2195423976571499,0.26700204856737836,0.3191329173558429,0.22756765757880992,0.31027057583790196,0.10591321672029282,0.31735008153509214,0.2866867772946807,0.2130465336268363,0.35604055944516644,0.21099053105014834,0.249951473620709,0.40489432429565175,0.14405772715833548,0.20139789993846613,0.2209922792154837,0.4010074798191481,0.21653942153828235,0.2157460534083006,0.2157945435229156,0.21265211591342387,0.19642622598798562,0.2346652622473508,0.21584486607299447,0.24746574173295627,0.17087049340713992,0.24135757827741197,0.27156790923701374,0.28797738471552914,0.22203479467560866,0.10549326420398006,0.2721246197089335,0.24304839791110236,0.2836260428317605,0.09819543768671808,0.040317609090769695,0.1711243101257822,0.22153704973275629,-0.012796351788750574,0.44310526059430416,0.07915908934861143,-0.03834611475877237,0.03043168731316894,-0.056134062764696645,-0.030368509319802957,0.017025928928350885,0.10499429696004901,-0.23535574211964208,0.1251301662119942,-0.1166927519648984
0.018188914659193124,0.03791845483135932,0.2536748392921538,0.3012960526596765,0.4282663764526785,0.4701502071759843,0.15357727525149228,1.1659633728848011,0.0025243048101067987,0.12646208302375364,0.3359735381948343,0.21814511080532475,0.27401704673353633,0.27703791996514077,0.2745889339129493,0.31166059161184173,0.3229086791198096,0.3682141508263869,0.3411166178362046,0.3017284443341869,0.2780697668035119,0.1775867012928662,0.13293241211526455,0.183407668590271,0.3346041642261742,0.6431262266984789,0.2417023593397702,0.20696639278408568,0.21570639227517788,0.22191916116093374,0.2961415222404484,0.1834575320064225,0.12055386112073196,0.29939993365379974,0.31528065940654304,0.12591382270617582,0.1894998830387969,0.29872922927875944,0.1555101939250794,0.10476963212039353,0.18569130430825223,0.2588045442871848,0.4466120535586071,0.07467961778270092,0.11090861086689309,0.16847208342635062,0.2940409219730311,0.04254777224013321,0.6864769107828689,0.20350420342681103,-0.0817403467535725,0.06904810267429165,-0.010877838446893863,-0.1494078169277329,-0.07118306242432239,-0.04236439489824093,-0.3359651548697328,0.8352824191175459,-0.5169843937075541
0.05356859871267996,0.11527817330047238,0.5442655838657936,0.07552855277784754,0.1499213632927021,0.2785618791112433,0.4954116284916763,0.0025243048101067987,1.0869495885438072,0.2543150730915384,0.2388066264553859,0.2742713105834929,0.21005659975875224,0.39879632911734936,-0.03400021562241715,0.3402313701578773,0.3432181602580501,0.15969098581254096,0.5892256898558806,0.19883314963383772,0.3053425241379051,0.6842432384996213,0.12476948929037453,0.2790068304452172,0.15948309018684081,0.4431864422662284,0.22740364558669932,0.3180159455605987,0.11411030676061719,0.2670145421707812,0.2444944750905585,0.2740174938063098,0.42065277057097694,0.11328851953982111,0.18476353971703036,0.32860496521566,0.33673437569142045,0.4328054185897467,0.26660161679697214,0.1202730245533607,0.382420571196943,0.2914364397470473,0.3184418763285295,0.13390584979476708,0.014481540654560558,0.2834228470319996,0.22161513482015183,-0.0454332644961266,0.12861678593332768,0.08614391232866286,-0.03886237754485648,0.0526231402863299,-0.02792448226515589,-0.06487739842561845,0.10711664091766969,0.12113017410511685,-0.27953422292379815,-0.0949365067682673,0.05953628733200032
0.13484168505195807,0.2289356768573681,0.45459886481891976,0.18912439769097694,0.12517123365390442,0.22613535611341215,0.2195423976571499,0.12646208302375364,0.2543150730915384,0.7513341665789319,0.23678475488211614,0.22637299768791624,0.1420584077728148,0.16819800294376425,0.19321019576976006,0.18624054303934576,0.18782047474863914,0.22222853689645491,0.23221337372613568,0.10722450505215632,0.13411452905630253,0.2291420671947805,0.20268717163466438,0.17220412913883332,0.17563279925882383,0.18262879007174648,0.1762121456761986,0.13666280554343413,0.24654514312295395,0.1533998470206975,0.1209491881082503,0.17964985515097534,0.12405543167374243,0.31612999844190703,0.1472353458727717,0.24827103640869871,0.246460690764233,0.14857560437959808,0.20711349744689445,0.03827478847775337,0.28277390650033807,0.15205447273192774,0.07357136506440844,0.08313393768822963,-0.07857354373239275,0.17813795020035078,0.21157118564971533,-0.017430701806165,0.21268323770735195,-0.04270111822439969,0.001643418067988167,0.02498015727719422,0.020963654422252363,-0.02447623190983785,0.03587195023081315,0.06725900869749155,-0.03176556133238831,-0.40033735328748793,0.2570679127136178
0.06463555517378247,0.16819943567505347,0.2716967587072765,0.23153477956399968,0.24028777132053553,0.3286749762400786,0.26700204856737836,0.3359735381948343,0.2388066264553859,0.23678475488211614,0.4959941248847719,0.3143956032687207,0.24458625277692134,0.25232789506776937,0.2052786844184227,0.2682894213420908,0.33834481284487006,0.22279279518173914,0.20992164428408694,0.2800583954140926,0.23915159957338453,0.254136325027111,0.12309747653843893,0.20268359850991277,0.25198359291395617,0.35132899642730836,0.22675135440146224,0.22305075478460823,0.2193008659181974,0.21016270985463323,0.23692995065170666,0.2047378240706334,0.17698823908074407,0.24583584771752875,0.26505974700135915,0.20528420417499846,0.26003595808039465,0.2776585225434783,0.20524469184257768,0.10536185096739852,0.2174397771207604,0.2460105950837776,0.24246990382675765,0.0827980752244004,0.1364246194409086,0.17875797929872628,0.2274456728137872,-0.007735947668130072,0.10541903141189952,0.058518811543896494,-0.03308379570030758,0.02645827711041826,0.009369511688983314,-0.042929705469443684,-0.07354324421003351,0.0023339490913522787,-0.2059096562425283,0.19000449192617444,-0.06198209233959319
0.08386890241437109,0.18364410408802,0.255323899319059,0.2757539288112014,0.26610547455739264,0.2581795302884751,0.3191329173558429,0.21814511080532475,0.2742713105834929,0.22637299768791624,0.3143956032687207,0.5305007814647468,0.2288270618205274,0.3341061384668113,0.1727647366134272,0.30764035247187005,0.3153237531634518,0.16924748897255829,0.23952567583181014,0.21803668957202388,0.21535271400829128,0.28995544406081347,0.1388483849778388,0.1880604171465899,0.2548756507904195,0.33841218990867394,0.24019218135199383,0.2017250977021617,0.26737236759106636,0.19553267177315195,0.1528743016870294,0.21974731072027148,0.13059760768035847,0.2608358604789294,0.20960735444987613,0.26644448372780755,0.2335243619068186,0.24141135654028173,0.19823270791617548,0.08989026318335373,0.22868798130329437,0.22407561858294398,0.2312783750468676,0.06894887779160737,0.09289433943722769,0.1405198609802273,0.19407285042994027,-0.011436892544513124,0.4962800436923151,0.0520107051538957,-0.016040798171148934,0.05044495513316761,-0.08154819427677838,-0.016238304105624355,-0.03251990373718684,0.03955384260057438,-0.26599263855505756,0.20752437823064077,-0.11854560638250757
0.05836913173216168,0.11021509236400746,0.19069317652815226,0.21310844376830643,0.2574533674239262,0.25377508489151873,0.22756765757880992,0.27401704673353633,0.21005659975875224,0.1420584077728148,0.24458625277692134,0.2288270618205274,0.47167357858090986,0.23987034224439296,0.07542071794967146,0.25462630325117874,0.20808635913076576,0.16566374314930624,0.2905578473204839,0.1620146674014809,0.16797019402318247,0.2349542367945654,0.1180824736152435,0.1981610803599787,0.21853994173017877,0.28246416211731734,0.20266717439918364,0.15990255442423618,0.2091070762158886,0.16832129045152552,0.17042802354196426,0.20937046451910277,0.1571210733332309,0.2219343829823142,0.1882717884369073,0.16985760521301727,0.17074441536361618,0.22077121448514356,0.13504377937166157,0.0634990898691685,0.17953589368130587,0.17145343001340335,0.2137199904023558,0.07744277378428123,-0.019598297241376527,0.15831091960269505,0.17420171041438864,-0.0034902381401334982,0.2423728377559182,0.0998577581747823,-0.03786105566276033,0.02010957973170733,0.01546579926370065,-0.06622681794922747,-0.03240971083307555,-0.025504989030694335,-0.15474887575584403,0.1836832840138224,-0.04377644094126261
0.06053124826134083,0.22654144674689625,0.2470867287656992,0.2806253974858631,0.3158898085901945,0.27988033638153825,0.31027057583790196,0.27703791996514077,0.39879632911734936,0.16819800294376425,0.25232789506776937,0.3341061384668113,0.23987034224439296,0.9805281651552105,0.39908614185138036,0.4466820582171788,0.3288499398361714,0.16189084335882592,0.17608601682598168,0.20771776407122136,0.26146581339183833,0.3910597311239509,0.21739382537534335,0.23480003845316186,0.4968646039455423,0.387060281061188,0.15453796928192326,0.22701839792690698,0.32360085843888914,0.3697393412151,0.122392194119041,0.13586784003080019,0.15043899873775335,0.2679920315793552,0.26273102857427316,0.26785945077784173,0.31977023619535394,0.271876747438335,0.1260899547322728,0.1090586634136213,0.2967409460088616,0.28246723521736,0.4191326648919323,0.10727874233605011,0.0972286360261658,0.11595189805299179,0.267526733309013,-0.014057910588068209,0.38516136194602585,0.06428626319871733,0.01685685576430372,-0.0865197214494468,-0.03545700324526056,0.021694404746651106,-0.17182892950327372,-0.019755427805104402,-0.5897305306755073,0.6286253476966311,0.04310660085501579
0.08605995850846679,0.4895319494042291,0.2135148671773066,0.2822384303977901,0.2536935550365307,0.25645546616767756,0.10591321672029282,0.2745889339129493,-0.03400021562241715,0.19321019576976006,0.2052786844184227,0.1727647366134272,0.07542071794967146,0.39908614185138036,1.1157790177833677,0.14206314965009986,0.21004842321083597,0.34798996823287365,-0.0795457230657299,0.29340862153512337,0.18919578951020208,0.051205253428912245,0.14699338558324043,0.09319861388612047,0.4352223475289937,0.2599873897073593,0.10244828304802264,0.20510289163282902,0.32613250254114917,0.23335927412588903,0.22713918012358753,0.023851649470530537,0.09421956111351185,0.2870681371873761,0.13960546798178308,0.1741449169735126,0.27057931886172976,0.09825819129116549,0.03982060419186167,0.06062134498169881,0.1667493017947772,0.19338267408735818,0.26341469563464115,0.02808593152212342,0.03781632431705888,0.16586876737104198,0.2881033225205031,8.545485287337491e-5,-0.1273830189875279,0.21263251515137524,0.03467024338973555,0.030968870174654425,-0.20153779438947422,-0.10473434908939547,-0.12729736071396053,0.06524561013731726,-0.43353694695522,0.3662195870564906,0.10473352282515377
0.06680766951361222,0.15735385694337728,0.2422915253467634,0.29241786629212546,0.32689023189141153,0.3169144951675729,0.31735008153509214,0.31166059161184173,0.3402313701578773,0.18624054303934576,0.2682894213420908,0.30764035247187005,0.25462630325117874,0.4466820582171788,0.14206314965009986,0.7649283761267466,0.2823408922758789,0.16205796498068192,0.2865102584752486,0.16421069638853025,0.21416802414109506,0.5248675353724749,0.1264882917442211,0.2323508036978551,0.2886964608765017,0.4575306623837816,0.2370538229812384,0.22287689774241998,0.254280179230307,0.25307136302976796,0.1728955533703594,0.2665584855285979,0.11967642353506404,0.2850585681633773,0.3407458756555789,0.21807007971432527,0.15102901139867286,0.2883900807556117,0.11195825239991886,0.1103056204807533,0.21534456129692134,0.22689976937897824,0.3641825226733225,0.11830884611045178,-0.013592477479392424,0.11837671389946793,0.21376254675737968,-0.025939208505459905,0.4987084876706828,0.02272398716496574,-0.051328838797927934,0.0019523723524134274,0.011123451988461187,-0.005730477374793379,0.014977459127233857,-0.01788786947283405,-0.4149594754728243,0.281697951532724,0.03140753266560311
0.058490452776680614,0.2794184925296173,0.34841539239949715,0.1793206484468213,0.1614377648240509,0.29345413519765795,0.2866867772946807,0.3229086791198096,0.3432181602580501,0.18782047474863914,0.33834481284487006,0.3153237531634518,0.20808635913076576,0.3288499398361714,0.21004842321083597,0.2823408922758789,0.9167559722595907,0.19936843038733004,0.31985822057094127,0.287545685744735,0.3925630154836409,0.3084294163587442,0.0008816752738472241,0.2697083521609814,0.26988168853868727,0.369947472981546,0.2391158071253165,0.5883591114733911,0.15211968370650297,0.28732129895863184,0.3681603931780378,0.20961741846350637,0.38130426537553264,0.1649705173822383,0.4683925899091592,0.3463755443580331,0.5613266880722213,0.4213006309989992,0.26279819721691244,0.10049531197282181,0.3889075299865173,0.43561125533167727,0.21141723850144345,0.10046737029114743,0.42728885580315307,0.2140665854806621,0.2647042121324037,-0.004467461840197781,0.026169129335086028,0.3288005383187145,-0.018972975024156073,0.00201684323325616,-0.2740486031942166,-0.06203106634934465,-0.41610728276749004,0.02081659504932315,-0.26494866969277886,0.40734228799117783,-0.1423320108162419
0.0974768412985484,0.3270677377009688,0.2775544242420569,0.3022736371736613,0.26184026933992693,0.3320848924761546,0.2130465336268363,0.3682141508263869,0.15969098581254096,0.22222853689645491,0.22279279518173914,0.16924748897255829,0.16566374314930624,0.16189084335882592,0.34798996823287365,0.16205796498068192,0.19936843038733004,0.9083467079732125,0.13709847566763417,0.0680606879611483,0.24373714692081977,0.18139367755306546,0.3010969204867495,0.10947700120505352,0.3870347112588117,0.4944979106969309,0.10536020903150083,0.2199835638075085,0.21299250778899498,0.0766201772198739,0.5107380006508812,0.16717070753648544,0.13841139542440067,0.3282490888918496,0.10426030525394987,0.20362642229420091,0.2683549557593346,0.24228307667645874,0.011680204091393576,0.08595396541121296,0.15235016769580131,0.20784526318894445,0.40083503271740506,0.08343078506503826,0.12168379685328415,0.19131138809984427,0.48748373398728856,-0.0067614536147275256,-0.15222025928296606,0.21212402327455518,0.09905768486428755,0.03171248250588517,-0.29721949423376637,-0.13965147335822015,0.04865390607695764,0.06770438793894377,-0.19657339197183993,0.2844930202924967,-0.2093109305672002
0.11162846169741333,-0.22388314867307504,0.5139191706638492,0.033354991989419276,0.06941137298365326,0.37673010077934876,0.35604055944516644,0.3411166178362046,0.5892256898558806,0.23221337372613568,0.20992164428408694,0.23952567583181014,0.2905578473204839,0.17608601682598168,-0.0795457230657299,0.2865102584752486,0.31985822057094127,0.13709847566763417,2.3396985656552474,0.32213287543078944,0.34684657287980675,0.44933623437895637,-0.2830414838463753,0.2818569562534978,0.2165345121033371,0.37767898114822496,0.2446472156473098,0.4549116805781413,-0.03323624943031595,0.3161064624038701,0.48733534369783893,0.2980662152070526,0.5372673410178198,0.09065479803473402,0.22288226574342346,0.20768314129472176,0.3473660290697542,0.5876873039530262,0.370515528012615,0.07622405373391064,0.4125779190945956,0.24162756496001772,0.45806791776312866,0.06693607758450211,0.015270783466777899,0.4202954935783762,0.23124059955350934,0.01947125267595365,0.12319300801133592,0.47958619562415067,-0.1584472103067057,0.2089374497123477,-0.2193216021502719,-0.1959991416527818,-0.021368038578661652,0.10237728170053574,-0.09701991265973907,0.7203411713340597,-0.7077288593784069
0.04231637463733857,0.21531889364093698,0.2540148093008455,0.20520291142335745,0.21834530619958883,0.2961320036389719,0.21099053105014834,0.3017284443341869,0.19883314963383772,0.10722450505215632,0.2800583954140926,0.21803668957202388,0.1620146674014809,0.20771776407122136,0.29340862153512337,0.16421069638853025,0.287545685744735,0.0680606879611483,0.32213287543078944,1.4979265952742777,0.1675345398323561,0.17217347083512,0.08204035304893917,0.23213767064144078,0.2746771261244539,0.15326724573411882,0.28999761020575915,0.2257178148834453,0.4456428043324505,0.28801054184599434,0.17716612943984403,0.14992953305659582,0.2671522034118946,0.2884148654569368,-0.004641171994832968,0.12410665611130149,0.8346460610089982,0.41266151629782033,0.4937282521831746,0.24636917847154352,0.2432286142439355,0.16936471353142576,0.4292465484620529,0.009991191700740754,0.6554618942789706,0.2735874474114188,0.1894391663363641,0.03831150932918613,0.6723925561366751,0.13777288166664214,-0.11171903421822438,0.27056846356035563,-0.11454138678306816,-0.08681408273791613,-0.06164714595750637,-0.021973345714910705,-0.13513140269419993,0.3080734375035578,-0.1711041539696324
0.047714892433355055,0.20739448117157447,0.28284136678205496,0.18123333575880524,0.18047620224295807,0.2823930408277829,0.249951473620709,0.2780697668035119,0.3053425241379051,0.13411452905630253,0.23915159957338453,0.21535271400829128,0.16797019402318247,0.26146581339183833,0.18919578951020208,0.21416802414109506,0.3925630154836409,0.24373714692081977,0.34684657287980675,0.1675345398323561,0.7158874556773458,0.2715921197407906,0.20211630082292298,0.2601140403057522,0.20861077939068598,0.24686007909395613,0.15665485495247278,0.27686408746201335,0.17430922002548932,0.45570358701352176,0.2971666008125709,0.16385716485624796,0.33587075904840635,0.2042572990270539,0.20996596014550742,0.3951992778309332,0.5826157030042072,0.44339050604525887,0.3339685853555953,0.2436773372335103,0.4737616265154314,0.5925829044745259,0.4113794189002959,0.13866853440582788,0.40284509607758223,0.20788628822593347,0.36280480795717873,0.009879859295948947,0.018158243242470874,0.18330853094912472,-0.0352749263082952,-0.12304381362971914,-0.0008134625585605103,-0.06988620421011305,-0.012270856672245072,-0.007258688478546626,-0.31563703005382143,0.26040566832843787,0.08221125192569571
0.06480511272651099,0.13241708942749933,0.40678019961762574,0.1903816407607925,0.2354287047480319,0.3167376579300251,0.40489432429565175,0.1775867012928662,0.6842432384996213,0.2291420671947805,0.254136325027111,0.28995544406081347,0.2349542367945654,0.3910597311239509,0.051205253428912245,0.5248675353724749,0.3084294163587442,0.18139367755306546,0.44933623437895637,0.17217347083512,0.2715921197407906,0.8237626966724565,0.1626006566788438,0.277048754290972,0.20545585322973892,0.4363575354416079,0.24322628658027903,0.2530869697773495,0.22660052702126054,0.2887693194195889,0.20483132258695685,0.3035555400896626,0.2819627750549557,0.2237058019401267,0.23292933077190137,0.3158783237139137,0.2650364085347543,0.3951694139451709,0.21025770687965126,0.12317013265191819,0.3263132269052012,0.27119772359039046,0.3812266805195565,0.1429655756973057,-0.023992093754694716,0.22172477556775666,0.24140416067529533,-0.055563988696703565,0.522351044262392,0.09046637364050635,-0.05855059101185899,-0.021016241557159383,0.010007522659232332,-0.032957574985967186,0.08081783838368808,0.04870524457326789,-0.33576444308992753,0.06864915214544448,0.03806198173845971
-0.0037849108920281773,-0.10650514304365666,0.13285451202903986,0.21223217021702773,0.22130074692746698,0.10099741672888946,0.14405772715833548,0.13293241211526455,0.12476948929037453,0.20268717163466438,0.12309747653843893,0.1388483849778388,0.1180824736152435,0.21739382537534335,0.14699338558324043,0.1264882917442211,0.0008816752738472241,0.3010969204867495,-0.2830414838463753,0.08204035304893917,0.20211630082292298,0.1626006566788438,1.8741409609788238,0.3365930454732597,0.11627386594697353,-0.4223848145687908,0.03364668660206022,-0.3043225610682539,0.8981317587053478,0.5995412746810233,-0.7527018510546899,-0.009558248222023426,-0.010861278684939015,0.5063413962771021,-0.42152814502488706,0.49755440927836175,0.7543173687287376,-0.1586826594790652,0.7102906026428144,0.1992367090167086,0.28994530952910125,0.22415756632264677,0.24307482279446913,0.2529457414539519,0.37515796695541126,0.16892591600222384,0.4622015151622442,-0.029180163930184768,0.351814333176701,-0.10022297355025993,-0.04957485703655506,-0.24718767386909757,0.20338459058553585,-0.01892088371563101,-0.03626157273051808,-0.10316720148272403,-0.15085021893386275,-0.09316120760152577,0.3765130599316501
0.044656658121705786,0.06950436618696558,0.24553170268518376,0.14373360247138559,0.17283072798518082,0.20085496339995185,0.20139789993846613,0.183407668590271,0.2790068304452172,0.17220412913883332,0.20268359850991277,0.1880604171465899,0.1981610803599787,0.23480003845316186,0.09319861388612047,0.2323508036978551,0.2697083521609814,0.10947700120505352,0.2818569562534978,0.23213767064144078,0.2601140403057522,0.277048754290972,0.3365930454732597,0.7814978953351223,0.07052064020691656,0.17158503480379933,0.2017518394848319,0.3122452820261639,0.1922608098637636,0.5020818652205228,0.2833527145202666,0.32289579228351345,0.6995982712964568,0.233850885811305,0.15418393506404354,0.4179183200795734,0.4822948510949639,0.3539885227829113,0.1971996554816901,0.04475895022563757,0.4574411019338388,0.26938583246534215,0.1660292026386465,0.14256044379365293,-0.22841712639846504,0.23795292080467872,0.31929523587890807,0.00038839561309535984,0.255423632710074,0.05084944150499104,-0.09368346148206488,-0.09886467953774995,0.17124280331494857,-0.0850768646254713,-0.1829618898439247,-0.2127155428821164,0.018178696493159268,-0.01772670089014672,0.42496092754869946
0.07016809896651767,0.3963487699808834,0.28290028463975747,0.2885783306111498,0.26560254557424423,0.3449752525108189,0.2209922792154837,0.3346041642261742,0.15948309018684081,0.17563279925882383,0.25198359291395617,0.2548756507904195,0.21853994173017877,0.4968646039455423,0.4352223475289937,0.2886964608765017,0.26988168853868727,0.3870347112588117,0.2165345121033371,0.2746771261244539,0.20861077939068598,0.20545585322973892,0.11627386594697353,0.07052064020691656,2.2065724516367613,0.37517104583079564,0.19151827956680278,0.14113769533803266,1.0553820617708487,0.14569807080558597,0.6000418739564415,0.14887584140019966,-0.14716019637248,0.6459257510490012,0.33999027815457505,0.2705488656922269,0.26997431224064716,0.24402692054537797,0.09194884198181949,0.0748996211932912,-0.03400887223527528,0.20868349556957966,0.343578835554815,0.030508843911165425,0.31101184336705057,0.3158554016417355,0.2866278292134746,-0.08977482135147698,-0.3812904507744583,0.08578311123768825,0.02460317282492499,0.07511135893417867,-0.08379272550144072,-0.05842636105113488,-0.1404948220474058,-0.038822801826261945,-0.38901444571031085,0.35778920514367885,0.07096776816013363
0.07238700881933667,0.05910651787471251,0.3529505079259567,0.3823158422240474,0.46572022241467015,0.5589642293119139,0.4010074798191481,0.6431262266984789,0.4431864422662284,0.18262879007174648,0.35132899642730836,0.33841218990867394,0.28246416211731734,0.387060281061188,0.2599873897073593,0.4575306623837816,0.369947472981546,0.4944979106969309,0.37767898114822496,0.15326724573411882,0.24686007909395613,0.4363575354416079,-0.4223848145687908,0.17158503480379933,0.37517104583079564,2.9422409874477156,0.3148181424875867,0.5101875199419093,-0.3525098856017009,-0.30296244781179227,0.9735243491447861,0.559673926172205,0.072501974146922,0.3457827650368718,0.919648387169124,0.06833788999763667,-0.8282824995780081,0.6165986545302709,-1.1780614956910402,0.07262882840545737,0.28730939953773504,0.2619028402591118,0.698295200602546,0.06823904682254701,-0.7910474098160174,0.03752406334720611,0.10559503383265585,0.05564030791996168,1.051880264308596,0.2660648847495497,-0.03331897532896501,-0.18149955636690251,-0.19720765333308476,-0.06967093018949867,0.33145523614984496,-0.004955114190301948,-0.616572143648905,0.6444545795171583,-0.36163743461728076
0.06374451266054527,0.2188146455344677,0.22398436708394437,0.1554598414637368,0.16096602101234708,0.23376952140663312,0.21653942153828235,0.2417023593397702,0.22740364558669932,0.1762121456761986,0.22675135440146224,0.24019218135199383,0.20266717439918364,0.15453796928192326,0.10244828304802264,0.2370538229812384,0.2391158071253165,0.10536020903150083,0.2446472156473098,0.28999761020575915,0.15665485495247278,0.24322628658027903,0.03364668660206022,0.2017518394848319,0.19151827956680278,0.3148181424875867,0.8651374997633589,0.2432288000249884,0.13662625272427426,0.1501439314110191,0.2298391908477418,0.25221742693086907,0.21273371584852271,0.19261458745571547,0.265292805436152,0.21437647683128763,0.23293535929864065,0.3087995513646718,0.1389432523657893,0.09860534895528072,0.23710228068154268,0.17202611287610844,0.2136548130482905,0.03337769242138354,-0.010871406861176583,0.20879828512955348,0.13851321602272818,-0.003770942783298752,0.508674443862456,0.042548762235200675,-0.05639803482512776,0.09816521813097988,0.0021826023262138667,-0.04668740874835864,0.017194931991499015,0.0006615970392674415,-0.0375332352107054,0.030290677021413682,-0.07181677929206878
0.07507559730180506,0.2947761540754735,0.33805596431687784,0.102857067077354,0.047845075353517535,0.2082161730782119,0.2157460534083006,0.20696639278408568,0.3180159455605987,0.13666280554343413,0.22305075478460823,0.2017250977021617,0.15990255442423618,0.22701839792690698,0.20510289163282902,0.22287689774241998,0.5883591114733911,0.2199835638075085,0.4549116805781413,0.2257178148834453,0.27686408746201335,0.2530869697773495,-0.3043225610682539,0.3122452820261639,0.14113769533803266,0.5101875199419093,0.2432288000249884,1.3177346439578574,-0.20769502974234322,0.21407163244476077,0.6733253576937812,0.19212640394603359,0.7721366910893798,-0.0954967602555637,0.9310749617207112,0.17463657384985157,0.4343728361705223,0.43769824358572224,0.024024288971035555,0.08275458809548256,0.3635158249361716,0.26514220732819666,0.2637466535094676,0.12139820883304937,-0.09545488559607468,0.10888586059829919,0.2296394639132537,0.038175222482364816,-0.08910799280760605,0.44652423691725823,-0.05336216867844764,0.471776758230851,-0.7809159762964243,-0.1124780495951085,0.03294411459546002,0.046685283278755874,-0.21657615173736872,0.13343502976215932,0.17573232557872295
-0.01883096626669628,0.4290190282660581,0.302940581216532,0.2919450401580136,0.32478054139121715,0.3031178487381442,0.2157945435229156,0.21570639227517788,0.11411030676061719,0.24654514312295395,0.2193008659181974,0.26737236759106636,0.2091070762158886,0.32360085843888914,0.32613250254114917,0.254280179230307,0.15211968370650297,0.21299250778899498,-0.03323624943031595,0.4456428043324505,0.17430922002548932,0.22660052702126054,0.8981317587053478,0.1922608098637636,1.0553820617708487,-0.3525098856017009,0.13662625272427426,-0.20769502974234322,3.108119055058019,0.22941257633028395,-0.7537471687732984,0.09346950458725903,-0.5516884801171547,1.1132618198926,-0.14289242329795934,0.5685504197149781,0.6686627437070567,-0.47762867178291235,0.6288652360935729,0.055388664112116986,-0.06130960767836242,0.1631905723921012,-0.153964492662073,-0.0851831780986662,0.42676388241269675,0.18040236367474058,0.27596094267135385,-0.13559467229634448,1.3185596557170085,0.35042631699487553,-0.2413401907665781,-0.03845823824012268,-0.22162246309972264,0.07701948053642975,-0.2566946834764385,-0.18373347672277712,-0.2658358332136843,-0.32253086173948686,0.7992182273341397
0.12051817861407606,0.055570105390737014,0.06533181664211601,0.07662016412371261,0.058554329802314405,0.13921657977882662,0.21265211591342387,0.22191916116093374,0.2670145421707812,0.1533998470206975,0.21016270985463323,0.19553267177315195,0.16832129045152552,0.3697393412151,0.23335927412588903,0.25307136302976796,0.28732129895863184,0.0766201772198739,0.3161064624038701,0.28801054184599434,0.45570358701352176,0.2887693194195889,0.5995412746810233,0.5020818652205228,0.14569807080558597,-0.30296244781179227,0.1501439314110191,0.21407163244476077,0.22941257633028395,2.665579546676861,-0.15107934363914752,0.1018009914050899,0.4725723169791561,-0.09233225303036788,0.17204468049027163,0.5363113703648191,1.050763614177313,0.6632236856840918,0.6761003114811556,0.30622442596007027,0.8717208524438084,0.48980446172666464,1.2656036715640653,0.3611442416990091,0.7180530268470364,0.16585815384460353,1.3226439174424682,0.015956751602202078,-0.12090715569647388,0.04989726708138792,-0.11466364691755444,-0.3624948149009077,0.2705545682083882,0.05541824111388882,-0.07549406830338669,-0.03113580347229576,-0.26286934254279615,1.6987417695515779,-1.2059383649512656
0.11793695789728037,0.27401958061718396,0.29243531724856825,0.19440702264040793,0.15641623438310173,0.32025650133325617,0.19642622598798562,0.2961415222404484,0.2444944750905585,0.1209491881082503,0.23692995065170666,0.1528743016870294,0.17042802354196426,0.122392194119041,0.22713918012358753,0.1728955533703594,0.3681603931780378,0.5107380006508812,0.48733534369783893,0.17716612943984403,0.2971666008125709,0.20483132258695685,-0.7527018510546899,0.2833527145202666,0.6000418739564415,0.9735243491447861,0.2298391908477418,0.6733253576937812,-0.7537471687732984,-0.15107934363914752,2.316042806978519,0.3935108784260621,0.7761867301184269,0.029470203737641,0.5231237909730453,0.24014507657451115,-0.16058107024720186,0.8226375098621888,-0.5525828231014502,-0.02030242429475603,0.27374583260876334,0.24803218755208456,0.2749277911532412,0.06940920739056759,-0.4587046938870977,0.30292387356900086,0.1940935940098342,4.2637526349275375e-5,-0.9280449829520062,0.2784300670056999,0.05214286037973002,0.2546879464198148,-0.2613020962185196,-0.1919430731503677,0.03643175050493192,0.001984349840849935,-0.04099744921024173,0.08270015116703133,-0.0028453186208642184
0.06665340870564147,0.08303908575375107,0.1804361420903174,0.16622468594359732,0.20165746159255282,0.24081177954105754,0.2346652622473508,0.1834575320064225,0.2740174938063098,0.17964985515097534,0.2047378240706334,0.21974731072027148,0.20937046451910277,0.13586784003080019,0.023851649470530537,0.2665584855285979,0.20961741846350637,0.16717070753648544,0.2980662152070526,0.14992953305659582,0.16385716485624796,0.3035555400896626,-0.009558248222023426,0.32289579228351345,0.14887584140019966,0.559673926172205,0.25221742693086907,0.19212640394603359,0.09346950458725903,0.1018009914050899,0.3935108784260621,0.7008893389716655,0.16651506946208774,0.2931927716985942,0.2739892709641042,0.21508944367877922,-0.13240141666795682,0.3645690931496515,-0.0008942559032919286,0.05354090529095353,0.18276555080741416,0.15306191551347095,0.12258208248503641,0.07633739094779479,-0.22528018362152397,0.17219317659000433,0.15477134396427777,-0.02237469125466809,0.36371882091220736,0.011625284631114287,-0.0016469859523772497,0.024523795568502836,-0.0034625188306753704,-0.04097501310928445,-0.1646218253250022,-0.002841567631719215,0.3777902736460398,-0.10369370852810146,-0.2128187388922905
0.10759705447751074,0.11899291129937666,0.3585900295795025,0.09704395742102298,0.02869836644360345,0.1785713686194973,0.21584486607299447,0.12055386112073196,0.42065277057097694,0.12405543167374243,0.17698823908074407,0.13059760768035847,0.1571210733332309,0.15043899873775335,0.09421956111351185,0.11967642353506404,0.38130426537553264,0.13841139542440067,0.5372673410178198,0.2671522034118946,0.33587075904840635,0.2819627750549557,-0.010861278684939015,0.6995982712964568,-0.14716019637248,0.072501974146922,0.21273371584852271,0.7721366910893798,-0.5516884801171547,0.4725723169791561,0.7761867301184269,0.16651506946208774,2.2080592139608224,-0.546399403341312,-0.3017706869445721,0.3684247731667218,0.9067857871361361,0.6216206938596391,0.20728418975588722,-0.04086913665305094,0.8042126979355718,0.31022225682523347,-0.016827688645665514,0.16667751412566903,-0.6634627371786069,0.4942401363996726,0.3089660825778441,0.043061917254542996,-0.6604946426561223,0.2297651869928931,-0.09393065072048855,-0.000611879828396961,0.13095833758593103,-0.26949209893976334,0.01210426979386649,0.024507183141089482,-0.1290937521546105,-0.3075526618713261,0.6186638262921498
-0.09313800850930277,0.21531680289900632,0.21525936226443798,0.30606004651949936,0.3901225873873476,0.30644593693698235,0.24746574173295627,0.29939993365379974,0.11328851953982111,0.31612999844190703,0.24583584771752875,0.2608358604789294,0.2219343829823142,0.2679920315793552,0.2870681371873761,0.2850585681633773,0.1649705173822383,0.3282490888918496,0.09065479803473402,0.2884148654569368,0.2042572990270539,0.2237058019401267,0.5063413962771021,0.233850885811305,0.6459257510490012,0.3457827650368718,0.19261458745571547,-0.0954967602555637,1.1132618198926,-0.09233225303036788,0.029470203737641,0.2931927716985942,-0.546399403341312,1.7476141569114099,0.27326501660329106,0.1977310858681324,0.5572369391642134,-0.09496753853825206,0.11485764689387719,-0.022967605358828636,-0.09081105964382624,0.2301250550678628,0.2818691652814408,0.07748902759651859,0.1323411903092481,0.058736773763330925,0.17181359349903327,-0.014439542978165062,1.118707732287273,0.11921475660613291,-0.1123448142210533,-0.053043959096519974,-0.03892280826973258,-0.017570357777092885,-0.1596691879082797,-0.054565706683654076,-0.15691039584266236,-0.21062496340348272,0.4556199096401253
