0.5615716372186509,0.11962956282718516,0.08672906162642564,0.06049359185792387,0.06295227019729872,0.05020739167750649,0.052320213971342344,0.06115858416783975,0.023495909503452015,0.042478318765501066,0.0353412827148872,0.05170244148846427,0.023564511644539075,0.02660910522272318,0.06642276019210457,0.03391360258428831,-0.00028881042544871756,0.057195269630182385,0.029431166966958626,0.03258150030962693,0.05702527041577279,0.03244342840765555,0.011483921601463302,-0.03731554814670322,0.06733229494846026,-0.0051712037084321195,0.03308778292037621,0.023141650255178503,0.06693623575478141,0.16219617051287935,0.03787756171089607,-0.0247102015847473,0.052876278641787615,-0.11031248879108992,0.042885001820453905,0.0322811614517758,0.028616429314506742,0.058106976281415736,0.05153978395249312,0.0664626895172284,0.08640011614671093,0.03786718558817933,0.06195029725873341,0.042506831225119876,0.035494670398685625,0.05781526309520945,0.04731640255882213,0.019751345184931445,-0.027573391366083735,-0.03948655111543556,-0.028909412068635,-0.048551438450679246,0.06619373127937694,0.020560491400857937,0.06155301725298731,-0.033087022265516526,-0.004689737129664512,0.036889171430678325,-0.0035053037784395437
0.11962956282718516,2.0763565373785577,0.8897563893513015,0.060728092808530684,0.0483486115636519,0.11114080147486799,0.16659701735132723,0.13270200618454447,0.14503169290896148,0.2804756826874927,0.11453269213624037,0.17857469780192092,0.08450718813738149,0.0960249039513687,0.4053617173899965,0.05393975642229673,0.1676967300450901,0.22271910696087577,0.08557164186648125,0.3272457307184373,0.2077415913137066,0.07377606272717734,-0.15394331279040735,0.08195966004147377,0.10843706445393411,0.10087598173729892,0.11150730297240424,0.2599611268354998,0.34419690739791325,0.2828462928805362,0.1481385835361304,-0.03139807516763592,0.17781172460588265,0.20124685619458701,0.28650676352299015,0.1312293755509445,0.483760061457944,0.21677623462978757,0.07497841713119631,0.1421804511587209,0.061943852742624615,0.23191824379314205,0.16483626249038666,0.03918354934277765,0.3502009106880437,0.16780970347548602,0.2784279542161894,-0.09147224667185094,-0.018715154098365175,-0.06389071140527601,0.061119367622835014,-0.01390505062743583,-0.011887742915944488,-0.01896735679509755,-0.08701049381119491,-0.03823190832118944,-0.5339425165728161,0.43993796413552566,0.021864237846955622
0.08672906162642564,0.8897563893513015,2.3317412842682845,-0.046448206709084075,-0.19047381964995172,0.24969737913128823,0.1729651368546096,0.14855627502018476,0.20124324416469844,0.31685059546779937,0.08299439354739457,0.21367678977884713,0.061041650050553245,0.12919552577843674,0.3603104714423302,0.019859091039215522,0.3204730468441917,0.10053235052583713,0.037886528835425835,0.21708361001938342,0.17380662319125126,0.19473057430090604,0.046138168759082415,0.2901327073736836,0.19647397524180765,-0.018690067840929383,0.049803041556666205,0.2022467648426524,0.5006191812413049,0.25602696150655124,0.1735281056291373,-0.09516966010365997,0.15265319974154148,0.19530575742776382,0.299469407484761,0.20220143273190314,0.3090261856933654,0.25371632527088084,0.049227462880512426,0.17356456258808609,0.00044238468344367496,0.18619003981780485,0.07258371615747378,0.11507487991815733,0.2066747123394821,0.14793289209911717,0.34647995309449914,-0.21607128343329615,-0.0779541019153623,-0.06948923197739618,0.009657579615724108,0.03837171420687433,0.0019577413396375406,-0.003981878718540663,0.025342799188011134,0.1220263730101081,-0.27320802522158205,-0.11503300941368037,0.11310736584138995
0.06049359185792387,0.060728092808530684,-0.046448206709084075,0.5008498536359463,0.3529907430483336,0.17375406859855005,0.14753293147732224,0.1633632463594878,0.032535143030453975,0.1164280578176258,0.11515866698014068,0.15275034343658025,0.08245309963514409,0.11017269687349027,0.09156474580378303,0.13736492529444685,0.0999267534447785,0.10159015314520854,0.1643800974605618,0.06572489897740807,0.07664673810991562,0.11050346787476771,0.07398165554751526,0.10454758431491791,0.08327916707960561,0.09368087567492177,0.06867813985711577,0.039002199677828114,0.09334214725625543,0.039045118929952966,0.07391296951641532,0.10056921621998031,0.06938149771377872,0.13054896437433802,0.009972679585799232,0.08027879138544329,0.11705856360070734,0.0845058196373988,0.11561287307497244,0.04999221632848089,0.054888339004907964,0.07000174863654432,0.040895624941240064,0.1102961196684299,-0.004507666839075002,0.03443322007743407,0.12708126953864268,-0.004765593684615233,0.020113648563399058,0.09330804979504279,-0.06333705430511871,-0.02851432590754472,-0.008362433112775102,-0.024719561375824435,0.1505573003362207,0.00021394067294016594,-0.2623378477512173,0.0926608248903969,0.05144770206091951
0.06295227019729872,0.0483486115636519,-0.19047381964995172,0.3529907430483336,0.7776615946437145,0.14018678716902622,0.148673687173992,0.2143664149120125,-0.029337997867904447,0.18549501082476727,0.1282354571586446,0.19652385411853365,0.092803868217166,0.12596315630158197,0.09149639169281486,0.15427832623036067,0.07854700632301283,0.11305438649260069,0.29355961282363585,0.06488509383483028,0.08897752081206159,0.09235365255131366,0.0415190990045243,0.09103092909102839,0.07325686527948633,0.1271412960159875,0.07208863346469328,0.05186485737918312,0.04488004993775487,-0.010151667231631275,0.08118301135687937,0.14935429370802777,0.0523713030063898,0.17352430587041473,0.053984511861969314,0.09891898722685999,0.14262532823352161,0.06244156987346829,0.14017595472879404,0.058111540477225755,0.05942270169558541,0.09277948572486924,-0.010650516961539321,0.10328727109699234,0.007052966845912415,0.05990372443096912,0.1254717160476808,0.01069126752070578,0.05942596631479094,0.15999341848913323,-0.03546855274149518,-0.11568189221665642,0.00725211164668959,-0.003044315984642644,-0.006147251487829411,-0.06662516680765629,-0.10147066283761218,0.04045699872860681,0.11415110594487457
0.05020739167750649,0.11114080147486799,0.24969737913128823,0.17375406859855005,0.14018678716902622,0.5530366011606135,0.11321657433964544,0.2735905057268398,0.025766093056573944,0.046651335468994665,0.1690155634047407,0.13595923270716642,0.09951676514314768,0.139581097198822,0.17237683223804076,0.15736010408616954,0.2169405659013624,0.09126282455406878,0.23726289904387143,0.21060127196419556,0.14766773715447462,0.14466907148056804,0.0037647510785646424,0.14980225703770664,0.1270069534731179,0.1092967995044921,0.1057621510773549,0.08869656518511243,0.20243053974458042,0.03745180128709392,0.11730509015575329,0.14393398318029785,0.07253841681047,0.198325039971866,0.03729015994741161,0.07847229495576062,0.19537890373995503,0.17215696635388747,0.15245641253198342,0.06657437344929226,0.08279499951027262,0.12043738754935364,0.12784806981621288,0.04632208436756354,0.08984699188618081,0.0841510702909768,0.13102005878817313,0.014028770649224942,0.05899248612620714,0.09668510360656231,-0.1525129259329638,0.051076207243129834,-0.06536866110389351,-0.012477765887383918,0.051019191859643064,0.03792483135708057,-0.16610537917292234,0.08115986790067503,-0.0048995567210426815
0.052320213971342344,0.16659701735132723,0.1729651368546096,0.14753293147732224,0.148673687173992,0.11321657433964544,0.43140936524792506,0.03905015519690894,0.1630620808442329,0.12046673997675993,0.11589999633338746,0.30018848705332585,0.08159005570887373,0.19472605106917418,0.05554657450698272,0.1777465266760257,0.13249999234943996,0.10614683437018294,0.06093260227832646,0.04375456645700372,0.12983530900713236,0.19101875045208075,0.13004684726550825,0.15058746818544044,0.11402347027368524,0.08989618377021073,0.08889942680373383,0.0453097633253158,0.1052642792236948,0.04599642769914486,0.0852623958942845,0.09492682784263295,0.08086552135182738,0.13578218596304376,0.02543409584934595,0.16058886497567293,0.10845621448637335,0.10077344419137561,0.02752538043291794,0.08924089988184851,0.004792917912872614,0.11472964605669374,0.028401803557380055,0.09823878090900555,0.05957155637911086,0.035192892650796836,0.1268638421143202,-0.11281607791230205,0.012409623574379448,-0.01773513928803643,-0.03886615183584078,-0.045689393327598714,0.005632318478373939,0.005696426913323462,0.048784584107638085,0.05323251177517281,-0.12462390212195726,0.041489897494664855,-0.06605441972539208
0.06115858416783975,0.13270200618454447,0.14855627502018476,0.1633632463594878,0.2143664149120125,0.2735905057268398,0.03905015519690894,0.8408918087247985,-0.09179590381688936,0.19417249149598176,0.22285683120307312,0.06536289025072456,0.14527070854954516,0.15645046014583103,0.1351852196995614,0.14081384685173828,0.26409877518485175,0.14168878884739317,0.2341136431300954,0.2342588567429092,0.07486113701082493,0.06739447399845411,0.019580021219586095,0.12208480216862144,0.15042060795008655,0.11939561760686708,0.09486170360869049,0.07291492215798505,0.18880361957844785,0.06870112226064318,0.13026330400598932,0.045037665533925575,0.08288211001378114,0.19347534179102524,0.04574568894470031,0.06981952491867364,0.2501042021951167,0.09442255782299094,0.2717002666692306,0.08364327167442537,0.1005409392126575,0.06681174952682054,0.1298258791554284,0.051913669069545164,0.019608991532478623,0.07982623472053423,0.25812792455002037,0.03147976800837409,0.08759865720940138,0.1421060005372186,-0.023569112929533464,0.07633386149510708,-0.04897163169957689,-0.12464923026808604,-0.016518117376621073,0.05375993333630305,-0.10214978790352708,0.06981048686489612,0.01835134617915366
0.023495909503452015,0.14503169290896148,0.20124324416469844,0.032535143030453975,-0.029337997867904447,0.025766093056573944,0.1630620808442329,-0.09179590381688936,0.557652309494379,0.08770080897708245,0.04895215054087628,0.06366743964220553,0.06906590186804609,0.09291360299457303,-0.02263764698570177,0.07031185681361689,0.028591491469427462,0.07080470801951418,-0.11124311037816949,0.018002173634408113,0.05285206784233524,0.25409339193348374,0.15966271266901746,0.12842165594690966,0.04027144003302723,0.15818525830805102,0.06481204387964379,-0.009888041341451959,0.05171473800538499,0.04102853762177225,0.07383968272316586,0.10231305245964584,0.04966019554153943,0.09019187104924127,0.013893631700036354,0.1143147935816553,0.058926528040523056,0.07441630021353945,0.04235251534787194,0.07498162503418411,0.013471739395193413,0.06165501163611914,0.04595273502489838,0.11073911703558102,0.010426686848729766,-0.00418168355577398,0.11755266841424962,-0.0936413807037938,0.03588971238075018,-0.009711650939680688,-0.0748050036019939,-0.08293904125777923,0.06099940483887912,0.006610764004762886,0.01583561807529901,0.05658694709144198,-0.08392702275231713,-0.06575390003312279,0.05145074843602423
0.042478318765501066,0.2804756826874927,0.31685059546779937,0.1164280578176258,0.18549501082476727,0.046651335468994665,0.12046673997675993,0.19417249149598176,0.08770080897708245,1.328665188397699,0.1258841262737041,0.2991948081861343,0.06495878936288099,0.1862386648130494,0.16005952308942326,0.15594868664621833,0.12636879434646883,0.17068462948805457,0.06526943528121779,0.1294260945258056,0.08057193029634573,0.13344899449853262,0.08243147621788315,0.20688273124992676,0.14884598539009805,0.12018634551495547,0.12540045549775677,0.08715490612430636,0.26189028805571285,0.22097652827737693,0.1589133438022383,0.04963459778612804,-0.10328041913163281,0.18895526929096557,0.28914448293076833,0.16433573311159472,0.19407937757168953,-0.007821148730353016,0.10708427439285287,0.21097465427114198,0.11948842433390332,0.11323290224016812,0.027447692998696697,0.10722209748193909,0.051306815456713915,0.05546465694615583,0.5152231287594442,-0.026306761367136246,0.018559005358214357,-0.07370791935354883,0.008520433451122023,-0.2110199572767512,0.05242529495655414,0.12576323481911378,-0.06599564542233835,0.03858323576436021,0.0014288184106571492,-0.1660670898774259,0.20934534897910662
0.0353412827148872,0.11453269213624037,0.08299439354739457,0.11515866698014068,0.1282354571586446,0.1690155634047407,0.11589999633338746,0.22285683120307312,0.04895215054087628,0.1258841262737041,0.3808000941541947,0.15137800457614883,0.1442940050037176,0.1737023111101263,0.17862848974394838,0.15701965770515158,0.2744628396531764,0.11635900183027814,0.10336275964860504,0.12932833408741057,0.1294681641235338,0.11017842850286783,0.09447044023691109,0.1494945431185827,0.15092049881737488,0.09441941519149949,0.12963641711214288,0.061328962182132185,0.20429780928454314,0.08110643375796182,0.10658944272164127,0.11354397584441413,0.06864714823532901,0.17726649376782042,0.07948730651727277,0.1524454977682717,0.1500861266038841,0.07984248008988669,0.11286490652380948,0.1268813279353644,0.0640503066033112,0.1140946855799976,0.05751024140767985,0.07656817839782129,0.0072141105103290075,0.0684326623294535,0.24396935331961545,-0.06626489165164434,0.03141158026699901,0.02913251239231744,-0.036191626114387206,-0.019636844140452844,0.02349260796167041,-0.00014366929168988356,0.017474222927858905,0.04611202675360618,-0.14370167681922869,0.0020151695513665937,0.06518885843202085
0.05170244148846427,0.17857469780192092,0.21367678977884713,0.15275034343658025,0.19652385411853365,0.13595923270716642,0.30018848705332585,0.06536289025072456,0.06366743964220553,0.2991948081861343,0.15137800457614883,0.7504796960623032,0.06799234821943613,0.21646981168898083,0.09977271362038972,0.16112420577763084,0.1686773787653988,0.08400893418350812,0.10957914041544446,0.08469897471522468,0.12685394511082942,0.10784009169592913,0.08486822223660383,0.14568932520775485,0.1695003548448012,0.05429317101118167,0.1536408523806404,0.06583088766518247,0.10857549732135816,0.055296879939729114,0.09518929664307865,0.13908597364348402,0.0965293201712803,0.14689536491105187,0.06767486642367505,0.1833693270289474,0.094333103174621,0.1227432588567032,-0.019925232390795685,0.1366946719344854,0.007897510016235327,0.12444906185745318,0.04120123115071661,0.0771629776165463,0.06000566882187852,0.07448950176818483,0.200478504812801,-0.11101894227746698,-0.028865997356640107,-0.04918439706180362,-0.0037009660092113482,-0.06022058417684849,0.0705375107927138,0.04062911975786769,0.014818169270623656,0.057111796452634894,-0.05322207096339117,0.0192384967362118,-0.04939912191048168
0.023564511644539075,0.08450718813738149,0.061041650050553245,0.08245309963514409,0.092803868217166,0.09951676514314768,0.08159005570887373,0.14527070854954516,0.06906590186804609,0.06495878936288099,0.1442940050037176,0.06799234821943613,0.2611857343564169,0.11312271605429708,0.021241169945702996,0.10642007242456583,0.11371189139998578,0.08835738879043917,0.04688926230998012,0.08630691508047116,0.07117880865261822,0.10418934108130702,0.08105032180650643,0.11153828032298906,0.08476761805971156,0.09828408843088932,0.08201212990894569,0.04171033036437879,0.15736312948906422,0.05388455406568544,0.07110973089875808,0.07026869731282456,0.05029094663447816,0.10778034902877877,0.07946710376836046,0.08746947617866897,0.0887383121745182,0.03857494661494065,0.12786072948948227,0.09643376941396196,0.039796249956188745,0.060952541736648505,0.04146151948048482,0.09677324869854878,-0.030876657720416558,0.023590593881973095,0.1452993820729871,-0.04179111196791184,0.06740042676689846,0.05227258599685762,-0.041102334253575575,-0.05521182295720782,0.01049449924394675,-0.0028743257988355702,0.03320734143738195,0.016964407607435145,-0.10425624880859065,-0.07309339760877213,0.12324600471827396
0.02660910522272318,0.0960249039513687,0.12919552577843674,0.11017269687349027,0.12596315630158197,0.139581097198822,0.19472605106917418,0.15645046014583103,0.09291360299457303,0.1862386648130494,0.1737023111101263,0.21646981168898083,0.11312271605429708,0.731732835511433,0.16270025691553078,0.23668417363580876,0.24474445991122618,0.03053557854799279,0.08304829864589529,0.07991194822632372,0.18564911394851416,0.14513613449780505,0.14805001201005166,0.19263199102232986,0.17696941525192492,0.14852082274093495,0.05040148831882133,0.05772533349908049,0.158735561148458,0.07476091571128753,0.07184376828833455,0.056008502710693346,0.015410670067550746,0.1702560478563861,0.09157464911828037,0.13911899702427163,0.1425417048202619,0.10776569626433338,-0.008365987290946085,0.1932314755600155,0.05683966726149791,0.15784172026392582,0.03246879755873862,0.1442826627623601,0.08304572770414566,0.01134689259772515,0.2891603544750099,-0.06716443232091593,-0.04334774640631342,-0.02294677883530848,0.034703324934443815,-0.06057007150967094,0.002884297894342714,0.07395675228557463,-0.07880134701192762,0.062477118976678576,-0.15812256526310417,0.009865700954105053,0.20096344010669603
0.06642276019210457,0.4053617173899965,0.3603104714423302,0.09156474580378303,0.09149639169281486,0.17237683223804076,0.05554657450698272,0.1351852196995614,-0.02263764698570177,0.16005952308942326,0.17862848974394838,0.09977271362038972,0.021241169945702996,0.16270025691553078,0.9206874906423743,0.06253597870575799,0.28790671169423243,0.14989312281210354,0.14029214803001608,0.1277232645347017,0.11649636560251876,0.028687072777507146,0.16603137866968593,0.20353855653017977,0.24877994192100858,0.04390037805033406,0.10984637007013315,0.1074584434141471,0.2556953600243884,0.23781366645402222,0.13927492566339325,0.08423237951801867,0.10730138580466922,0.1999979769296388,0.09307681003346875,0.23103088151489978,0.18185788153283286,0.10442908627444034,0.11900727982263105,0.1080992103425081,0.12727294593417274,0.13041843304081258,0.05810421069896028,0.11782635509630641,-0.035630721346083596,0.19700501355395408,0.23695726153138597,-0.09422879874485857,-0.07826516062206065,-0.05217318880803578,-0.008232141610497207,0.13722155738817118,-0.004781466329159057,-0.03583484328801573,0.08571053594919742,0.17394203902748961,-0.40981910456499243,0.09819899952649268,-0.0013917914357489832
0.03391360258428831,0.05393975642229673,0.019859091039215522,0.13736492529444685,0.15427832623036067,0.15736010408616954,0.1777465266760257,0.14081384685173828,0.07031185681361689,0.15594868664621833,0.15701965770515158,0.16112420577763084,0.10642007242456583,0.23668417363580876,0.06253597870575799,0.8375758256122597,0.14645524371712196,0.16320599244560363,0.12604921643827688,0.06370963447674978,0.07943257678487907,0.3824572069035301,0.06751821899919973,0.17663663263400095,0.14947704265542763,0.13981944166720658,0.14251870382126747,0.10775544347838885,0.25297831896981154,0.05023176372683578,0.12924623917705114,0.1686127282244507,0.016782534881350068,0.17456206956175754,0.1644105002324238,0.1399497244226117,0.09658424364644154,0.09923142201176316,0.18318582629657487,0.13682300116227894,0.021312101082811903,0.08413490457646582,0.06339480248591792,0.10576225628017923,0.026096636771333587,0.00432441468612652,0.22947267224411763,-0.11412353963923966,0.01399781437238637,-0.08458357379950314,-0.10981355140069401,0.05936722513190458,0.004754419478887059,0.022275764626014168,0.06060145811965218,0.08889008371179832,-0.21509854103322493,-0.07327007779776895,0.15655655340563235
-0.00028881042544871756,0.1676967300450901,0.3204730468441917,0.0999267534447785,0.07854700632301283,0.2169405659013624,0.13249999234943996,0.26409877518485175,0.028591491469427462,0.12636879434646883,0.2744628396531764,0.1686773787653988,0.11371189139998578,0.24474445991122618,0.28790671169423243,0.14645524371712196,1.0500281062333394,0.07921543656748158,0.15911385866851005,0.10023859819682321,0.2416792201507327,0.13299214234966705,0.10603314070548887,0.18513607592782713,0.24958456909457824,-0.10265792575384193,0.1603604867347854,0.1532900325865931,0.34956932488566766,0.12463821874774304,0.1451713885043817,0.04760196657374086,0.22367909776077977,0.2329779456886955,0.058500520547528335,0.2525130023861347,0.32656027135854215,0.17128034052579053,-0.06047835941503051,0.16336597619794085,0.02733830252210126,0.20220678961199523,0.044987129100597247,0.10356097109865367,0.10253760776947396,0.1023452470549285,0.5505153858666993,-0.20398632696944669,-0.1301027341424071,0.1441641863927002,0.10779314195900115,-0.049080746349206984,-0.06968928247222683,-0.013133083015225434,0.07413334866342211,0.060997052382132946,-0.214821768984481,-0.014615170548968954,0.05358431050923545
0.057195269630182385,0.22271910696087577,0.10053235052583713,0.10159015314520854,0.11305438649260069,0.09126282455406878,0.10614683437018294,0.14168878884739317,0.07080470801951418,0.17068462948805457,0.11635900183027814,0.08400893418350812,0.08835738879043917,0.03053557854799279,0.14989312281210354,0.16320599244560363,0.07921543656748158,0.755816461994067,0.10979607549922955,-0.07215160117165369,0.11988985009076707,0.15242285193277647,0.26294269180068647,0.10731523358170666,0.12059372562379116,0.15409722435746417,0.10004584779322695,0.07817530256569002,0.1503560851011015,0.08556240739570982,0.17015572920706945,0.04241883282007531,0.07777381248904096,0.12802525956448454,0.058751330344993725,0.21033675694534287,0.2085753483647268,0.07783858728675015,0.14465694642007193,0.07485799102462236,0.006692465578623342,0.09320103215604944,0.12668024541291759,0.18790763618482004,0.14534678276935156,0.06783825922277859,0.2057721964662615,-0.1607882207367548,0.03863864425437644,0.11057307706298863,0.14267133133677637,-0.08026580951509854,-0.15790251174913814,-0.08004889603395958,-0.00013481743967561088,-0.05217860971225286,-0.1510326712785675,0.16835616362076494,-0.034615150885299914
0.029431166966958626,0.08557164186648125,0.037886528835425835,0.1643800974605618,0.29355961282363585,0.23726289904387143,0.06093260227832646,0.2341136431300954,-0.11124311037816949,0.06526943528121779,0.10336275964860504,0.10957914041544446,0.04688926230998012,0.08304829864589529,0.14029214803001608,0.12604921643827688,0.15911385866851005,0.10979607549922955,0.5855313796149846,0.04714011254074873,0.10881496713043455,0.07533100521499302,-0.053533699613561976,0.05982209826588402,0.059875213064641025,0.010734978543094851,0.049259886144357806,0.18376116767573641,0.03735482990560624,0.001770280405865316,0.0756294181314085,0.05958506750850426,0.12906204552818973,0.10615024173615328,0.023619342068652,0.046788780845424656,0.14595796425812865,0.10675123603142787,0.11976727924281479,0.04400585625734463,0.041177845882414035,0.08242918356227634,0.038870340769344924,0.06575025770207235,0.0948486091250923,0.10998975489493482,0.047742904155542325,0.05983666385208446,-0.018908713219248037,0.06892289045932226,0.1763700913148345,0.22999429460630447,-0.2507013361447226,-0.09031508648822484,-0.030776882098511985,-0.030043710614629755,-0.08855427907402431,0.13127265301657878,-0.006679472347582305
0.03258150030962693,0.3272457307184373,0.21708361001938342,0.06572489897740807,0.06488509383483028,0.21060127196419556,0.04375456645700372,0.2342588567429092,0.018002173634408113,0.1294260945258056,0.12932833408741057,0.08469897471522468,0.08630691508047116,0.07991194822632372,0.1277232645347017,0.06370963447674978,0.10023859819682321,-0.07215160117165369,0.04714011254074873,1.463069352163443,-0.007428777333134014,-0.17741846753247467,-0.42415695124269626,0.03967787925446193,0.06550361108679352,0.24246462293541132,0.23219836251738968,0.15052438503617926,0.19323150679103812,0.23119680575362622,0.33140674248627827,0.22833144648794026,0.2012158531406766,0.2597719488952042,0.1464599753649783,0.0004090145863067688,0.6590687709541547,0.44662288095451713,0.5594478219368251,0.26229409485649374,0.4149253082453344,0.10683267944071347,0.48445519162378425,-0.23050327207250618,0.3366999354899417,0.3940205835571044,0.17378710190762944,0.3257675056389183,0.20176254655862463,-0.014544061432558472,-0.24472498354684932,-0.01622306353029922,0.24469182833216624,-0.08181749432999055,0.05323530733952616,0.002458418843300442,-0.05636281466468287,0.09426982826733825,-0.059252560390249655
0.05702527041577279,0.2077415913137066,0.17380662319125126,0.07664673810991562,0.08897752081206159,0.14766773715447462,0.12983530900713236,0.07486113701082493,0.05285206784233524,0.08057193029634573,0.1294681641235338,0.12685394511082942,0.07117880865261822,0.18564911394851416,0.11649636560251876,0.07943257678487907,0.2416792201507327,0.11988985009076707,0.10881496713043455,-0.007428777333134014,0.6902174858702418,0.018334522185634344,0.0771676931784493,0.023814476713202908,0.10690547835840014,-0.04803822952967539,0.10420576646713339,0.21548168502621495,0.005699669845351618,0.21168110896956327,0.08530907098135436,-0.0474591093121009,0.1339596875701717,0.1686912097643382,0.2534793521432519,0.22515606867252227,0.36273201042136655,0.23371840691938653,-0.22292361572335728,0.2220592057329499,0.05642545296470932,0.4882921148420277,0.08198908289344171,0.1245103291742386,0.547755453231771,-0.007089903168680492,0.3675501616001285,-0.16401018366445408,-0.2086156876900877,-0.015567491243243433,0.09579034223941897,-0.048724952384582215,-0.08482630908139774,0.07979265326996608,-0.06422850307480484,-0.0856802171629702,-0.03676003935975654,0.05651574901989421,0.019783028689337016
0.03244342840765555,0.07377606272717734,0.19473057430090604,0.11050346787476771,0.09235365255131366,0.14466907148056804,0.19101875045208075,0.06739447399845411,0.25409339193348374,0.13344899449853262,0.11017842850286783,0.10784009169592913,0.10418934108130702,0.14513613449780505,0.028687072777507146,0.3824572069035301,0.13299214234966705,0.15242285193277647,0.07533100521499302,-0.17741846753247467,0.018334522185634344,0.9840456285011496,0.1772604013413879,0.13165903942244192,0.05962977810144122,0.14091980639033777,0.11786659998119421,0.011292424838809384,0.20430395395165196,-0.04828899623616515,0.08967534689398264,0.32252025786177785,-0.004580356661293073,0.19375126387640007,0.025325701359200394,0.125301686711993,-0.047743662590217645,0.039624215223811966,0.20064225505902036,0.03450412562168915,-0.02925548290186692,0.023017185943646355,-0.020399066183689567,0.16708955198150702,-0.11541536852155015,-0.0398958592417812,0.22028945214435286,-0.13423928638668192,-0.0057769899831918,0.016968986987052934,-0.06819725882770743,-0.007500480395183913,-0.032378744363846086,-0.04751902828789366,0.04095573659684864,0.07835272705631424,-0.18178595516989127,-0.08606394384281166,0.10630480576934295
0.011483921601463302,-0.15394331279040735,0.046138168759082415,0.07398165554751526,0.0415190990045243,0.0037647510785646424,0.13004684726550825,0.019580021219586095,0.15966271266901746,0.08243147621788315,0.09447044023691109,0.08486822223660383,0.08105032180650643,0.14805001201005166,0.16603137866968593,0.06751821899919973,0.10603314070548887,0.26294269180068647,-0.053533699613561976,-0.42415695124269626,0.0771676931784493,0.1772604013413879,1.4200375699170231,0.3506417678444275,0.3622598543083227,-0.0001153486041731154,0.024245830514652386,-0.3952056877670993,0.17673749227759605,0.21110657516389478,-0.05092537343756163,0.09913564410085862,0.03138329863168247,0.11245836361397366,-0.33121493275767117,0.49121714920757675,-0.19212374279078562,0.031935730600748766,0.16021875152794085,0.2358168662945523,0.11633205931479797,0.004992236559808054,-0.05694205404737805,0.663102173060321,-0.5041545906411805,0.019180157259470674,0.33679445256956525,-0.21442196712363973,-0.03992218989982306,-0.12247322918900048,0.07432189322818923,-0.09382462066534979,0.11680947802850483,-0.009094857339496618,0.11999241498147228,0.08226064959179687,-0.21399827207415853,-0.20055808542600298,0.233771211021671
-0.03731554814670322,0.08195966004147377,0.2901327073736836,0.10454758431491791,0.09103092909102839,0.14980225703770664,0.15058746818544044,0.12208480216862144,0.12842165594690966,0.20688273124992676,0.1494945431185827,0.14568932520775485,0.11153828032298906,0.19263199102232986,0.20353855653017977,0.17663663263400095,0.18513607592782713,0.10731523358170666,0.05982209826588402,0.03967787925446193,0.023814476713202908,0.13165903942244192,0.3506417678444275,0.7939810641161755,0.20048334693130795,0.02613791292350659,0.07728893625824061,0.03601758847657903,0.19440229075999596,0.176271582547242,0.20519395967662934,0.08778337644114306,0.17583012960571445,-0.023163042872126425,-0.0008603526547189523,0.35653484232891836,0.015724473949353283,0.04443575020177263,0.12029138836057539,0.14666558838936866,0.06883639969928024,0.0409919835503586,-0.08905739680336162,0.18720723000771097,-0.19418076649440608,0.04403512612667407,0.16603298265028124,-0.25285065729847445,0.04878428100112956,-0.02465667389889781,-0.06195674312160576,0.022686537762144826,0.06812501860391103,-0.013131313034854295,0.08104947068187296,0.16374657122167877,-0.12341709103621769,-0.5632246383767857,0.4387077661461852
0.06733229494846026,0.10843706445393411,0.19647397524180765,0.08327916707960561,0.07325686527948633,0.1270069534731179,0.11402347027368524,0.15042060795008655,0.04027144003302723,0.14884598539009805,0.15092049881737488,0.1695003548448012,0.08476761805971156,0.17696941525192492,0.24877994192100858,0.14947704265542763,0.24958456909457824,0.12059372562379116,0.059875213064641025,0.06550361108679352,0.10690547835840014,0.05962977810144122,0.3622598543083227,0.20048334693130795,0.8985904913271034,0.07373284451392437,0.13232099628030894,0.012832886079953679,0.40206900421327185,0.23638963877918542,0.04313202228818763,0.14241394643758132,0.06298336541096626,0.2782557020002884,0.07804339499793927,0.2644946886720606,0.16792186430205658,0.09982463568497035,0.16761916186284836,0.16879358293329538,0.07949784276690842,0.1166055059015577,0.09491853857693425,0.21027189338049093,-0.06981673735917648,0.11290547430755249,0.31194172016260746,-0.1872111967618581,-0.02677011199108226,-0.15623910324128076,-0.09717404415385109,0.05687598489221672,0.05843680406035509,0.014229364365428208,0.04680510539956762,0.1273269079402626,-0.11814442167956132,-0.10255737926083854,0.043475531905966966
-0.0051712037084321195,0.10087598173729892,-0.018690067840929383,0.09368087567492177,0.1271412960159875,0.1092967995044921,0.08989618377021073,0.11939561760686708,0.15818525830805102,0.12018634551495547,0.09441941519149949,0.05429317101118167,0.09828408843088932,0.14852082274093495,0.04390037805033406,0.13981944166720658,-0.10265792575384193,0.15409722435746417,0.010734978543094851,0.24246462293541132,-0.04803822952967539,0.14091980639033777,-0.0001153486041731154,0.02613791292350659,0.07373284451392437,1.4776612483863265,0.10898307742129879,0.010902280011418509,-0.08513404309447282,-0.4160881179776807,0.11367909500460897,0.26041227440626674,-0.17617462748090384,0.22602951255966386,0.16869115277615465,-0.017012491362851788,-0.059836989886489535,0.12387662793511157,0.297021648291415,0.19209505616998185,-0.019798335119759005,0.06163954127321347,0.25042057200714896,0.06500701278948533,0.34467449678559636,-0.014628986782285717,0.02174548592194445,0.06378133965047943,0.3486832914736244,0.15325934228900698,-0.2183085042379547,-0.12088141832971898,-0.008031566930067709,-0.004917776403324813,-0.022259763530829965,0.03046452173456842,0.027449584926604133,0.19246417448011455,-0.23174157683204838
0.03308778292037621,0.11150730297240424,0.049803041556666205,0.06867813985711577,0.07208863346469328,0.1057621510773549,0.08889942680373383,0.09486170360869049,0.06481204387964379,0.12540045549775677,0.12963641711214288,0.1536408523806404,0.08201212990894569,0.05040148831882133,0.10984637007013315,0.14251870382126747,0.1603604867347854,0.10004584779322695,0.049259886144357806,0.23219836251738968,0.10420576646713339,0.11786659998119421,0.024245830514652386,0.07728893625824061,0.13232099628030894,0.10898307742129879,0.6357824288166105,0.13574118179899208,0.10287314981194441,0.12632693387226063,0.18273896485522367,0.3437806820144688,0.14108473647870148,0.1879920895259592,0.13729302118439693,0.2902462255099618,0.2239700340333468,0.26688618436066164,0.10914227186916078,0.1739181789940066,0.1483518910686908,0.15798931004397374,0.3415904875413386,-0.007659873998369804,0.17757654343866897,0.15300532990114035,0.23768164378280507,-0.12067772086988884,0.04564403086583097,0.022989250333811006,-0.15651795690252593,0.049380043356151745,0.04380481587825492,0.006224356788559459,0.024426347806636297,0.007179513286025866,-0.025963098577303317,-0.033280807253571715,0.00994194131968087
0.023141650255178503,0.2599611268354998,0.2022467648426524,0.039002199677828114,0.05186485737918312,0.08869656518511243,0.0453097633253158,0.07291492215798505,-0.009888041341451959,0.08715490612430636,0.061328962182132185,0.06583088766518247,0.04171033036437879,0.05772533349908049,0.1074584434141471,0.10775544347838885,0.1532900325865931,0.07817530256569002,0.18376116767573641,0.15052438503617926,0.21548168502621495,0.011292424838809384,-0.3952056877670993,0.03601758847657903,0.012832886079953679,0.010902280011418509,0.13574118179899208,1.3073110005055717,-0.13870980811185302,0.15785961248231517,0.325053951549535,-0.10151394616461239,0.629485797384768,0.03453347562131208,0.5962226016465498,0.3200639702115882,0.42809929648921397,0.3427425586369874,-0.07980832755953653,0.2407131748243206,-0.08177575309396803,0.3246924847642061,-0.005094665798368925,0.40765817319234865,0.3837352844936545,-0.05668769901005444,0.08072625073223014,-0.37416689042492157,0.029127946071720506,-0.07920187241304472,0.025161249863736395,0.4349071190001097,-0.552947000640568,0.08105510394810789,-0.20632579520537223,-0.056175774678598016,-0.02995698743054498,-0.05291747336701827,0.13266786070069125
0.06693623575478141,0.34419690739791325,0.5006191812413049,0.09334214725625543,0.04488004993775487,0.20243053974458042,0.1052642792236948,0.18880361957844785,0.05171473800538499,0.26189028805571285,0.20429780928454314,0.10857549732135816,0.15736312948906422,0.158735561148458,0.2556953600243884,0.25297831896981154,0.34956932488566766,0.1503560851011015,0.03735482990560624,0.19323150679103812,0.005699669845351618,0.20430395395165196,0.17673749227759605,0.19440229075999596,0.40206900421327185,-0.08513404309447282,0.10287314981194441,-0.13870980811185302,2.5009431992037263,0.2319725719875654,-0.04841355368502248,-0.03676856765216343,-0.12747050381035432,0.2907830946593259,-0.13119496600593605,0.26980653584076325,-0.13992046877316067,-0.36492782890858744,0.18592735852926573,0.10725891657041871,-0.22283729330221824,-0.04035349100726998,-0.1465386304675834,-0.3225216881723943,-0.2756341530102214,0.0011247084636060551,0.7102908023016073,-0.41874734211971515,0.4312047223219327,0.22707471917844974,-0.24835560280988192,0.00558103112461053,-0.20745496841268468,0.07559485902252754,0.35043161921408017,0.08612807753148784,-0.4834787363483999,0.28731684104395433,-0.012709355862479746
0.16219617051287935,0.2828462928805362,0.25602696150655124,0.039045118929952966,-0.010151667231631275,0.03745180128709392,0.04599642769914486,0.06870112226064318,0.04102853762177225,0.22097652827737693,0.08110643375796182,0.055296879939729114,0.05388455406568544,0.07476091571128753,0.23781366645402222,0.05023176372683578,0.12463821874774304,0.08556240739570982,0.001770280405865316,0.23119680575362622,0.21168110896956327,-0.04828899623616515,0.21110657516389478,0.176271582547242,0.23638963877918542,-0.4160881179776807,0.12632693387226063,0.15785961248231517,0.2319725719875654,2.307031529549868,0.1874404160342327,0.038008869590327586,0.24617832278477336,-0.18528547770742365,0.4267248897982355,0.19875794434160357,0.5797332377642506,0.3300988388165644,0.23499418201336228,0.33981985546596905,0.6851438744152032,0.25620617958794434,0.7268448550267829,0.4898689124081738,0.18295008611811503,0.18077715678330925,0.5174669723533748,0.1759095334023085,0.32578012768025894,-0.2599629356722616,-0.11537585517569839,-0.30579339171050673,0.3676313759591344,0.07918034261181078,0.24437459008762355,-0.21161251444107246,-0.274504168545262,0.4784921998655386,0.0034224664911544104
0.03787756171089607,0.1481385835361304,0.1735281056291373,0.07391296951641532,0.08118301135687937,0.11730509015575329,0.0852623958942845,0.13026330400598932,0.07383968272316586,0.1589133438022383,0.10658944272164127,0.09518929664307865,0.07110973089875808,0.07184376828833455,0.13927492566339325,0.12924623917705114,0.1451713885043817,0.17015572920706945,0.0756294181314085,0.33140674248627827,0.08530907098135436,0.08967534689398264,-0.05092537343756163,0.20519395967662934,0.04313202228818763,0.11367909500460897,0.18273896485522367,0.325053951549535,-0.04841355368502248,0.1874404160342327,0.9154063636525216,0.1404016916451221,0.2887050597088135,0.07856302699853245,0.29002599608783874,0.40435485519575165,0.4206977517004716,0.2453435793270937,0.30137879542457613,0.14852955026745943,0.17086076391012442,0.17057238389691365,0.009426504467931137,0.1704273101693507,0.21447575051869158,0.09760362447041995,0.26627584477160626,-0.24236181580718075,0.0731504530402969,0.12089121574638306,-0.060668095540749006,-0.010323635798365219,0.0038113086449616633,-0.07369497678481621,0.04676653190027362,0.09798590314175358,0.06687279043819644,-0.2280572287886472,-0.011485278124507345
-0.0247102015847473,-0.03139807516763592,-0.09516966010365997,0.10056921621998031,0.14935429370802777,0.14393398318029785,0.09492682784263295,0.045037665533925575,0.10231305245964584,0.04963459778612804,0.11354397584441413,0.13908597364348402,0.07026869731282456,0.056008502710693346,0.08423237951801867,0.1686127282244507,0.04760196657374086,0.04241883282007531,0.05958506750850426,0.22833144648794026,-0.0474591093121009,0.32252025786177785,0.09913564410085862,0.08778337644114306,0.14241394643758132,0.26041227440626674,0.3437806820144688,-0.10151394616461239,-0.03676856765216343,0.038008869590327586,0.1404016916451221,2.2219728671979184,-0.13183140103061664,0.3971141369936084,-0.12419444357394878,0.30165741525353207,-0.19107941088305203,0.14432252768549358,0.4229607839192991,-0.08363070597720733,0.5320382339394719,-0.035311942432632505,0.12282341897354147,0.034878775137596844,-0.30250472712670146,0.012872750626510684,0.4594917810403356,0.07903992520743897,0.28923053234494217,0.14793377343603403,-0.28373344849058213,0.1582914116656414,0.14957404543569464,-0.1312429254115966,-0.2871160709249497,0.12342018218113321,0.024656850757118046,-0.2490669212738266,0.06911962156453387
0.052876278641787615,0.17781172460588265,0.15265319974154148,0.06938149771377872,0.0523713030063898,0.07253841681047,0.08086552135182738,0.08288211001378114,0.04966019554153943,-0.10328041913163281,0.06864714823532901,0.0965293201712803,0.05029094663447816,0.015410670067550746,0.10730138580466922,0.016782534881350068,0.22367909776077977,0.07777381248904096,0.12906204552818973,0.2012158531406766,0.1339596875701717,-0.004580356661293073,0.03138329863168247,0.17583012960571445,0.06298336541096626,-0.17617462748090384,0.14108473647870148,0.629485797384768,-0.12747050381035432,0.24617832278477336,0.2887050597088135,-0.13183140103061664,2.1059995624120367,-0.262568735601968,-0.4407338529184444,0.4156986936354682,0.4494916036015358,0.6604799836126438,-0.14419181386973434,0.2643276600264319,-0.13777488223246315,0.24646859225752238,0.1388513013558682,0.40224161959262683,-0.23081645784917273,0.2375379740944003,0.17064788706362194,-0.5764604999815534,0.06063359752067714,0.15844454299014674,-0.11433454013567669,0.32157282460385117,-0.04438979933289958,-0.24250860464563676,0.00138149294096885,-0.10336281921074464,-0.19406439526951075,0.012730638415764071,0.140664596135591
