1.0784489996618016,0.3857723436962846,0.2610931986759769,0.03160830644198692,0.26284487869757706,0.20625618538364152,0.32337274951568395,0.24948951576490272,0.18509871178281423,0.18716740258338974,0.1716783557634279,0.19348118592406596,0.12424669272985053,0.24704845268874898,0.18109997874561543,0.18868151899514812,0.14139578333274108,0.17757978481215272,-0.013435620902812688,0.14750359666110535,0.15890856978047999,0.18083721180824072,0.1310502300900283,0.09118080845966063,0.17876410782011196,0.19615146098953257,0.14675075963177334,0.09793156491160684,0.17711176408785098,0.03415067815410577,0.14419009688111115,0.08273088025833615,0.11547311280605335,0.020288681320929765,0.12704384740941668,0.0738190663413034,0.17982517012432717,0.24185570574883453,0.1473748958240421,0.10595846788941934,0.15073700331101494,0.14463095618755975,0.179801446678432,-0.02600774398860414,0.17526244132210264,0.09845352612264106,0.25982684652866567,0.010048914194493939,0.24852465817752623,0.0008324825088536736,-0.06104766262499362,0.06322581454289652,0.04359984195001722,-0.028609059269004585,0.11215055082829735,0.052839592714466824,-0.04495282666222704,0.004766216301658625,-0.17552252128427162
0.3857723436962846,6.159187275189463,0.4001004542650807,0.16212683201980044,0.23266912873664994,0.016403855363671144,0.20045407195547335,0.3104703328197535,-0.021865095980266817,0.21029342849948005,0.061900206186958164,0.052943946742719225,0.12518283057863427,0.03453236165802246,0.14313793115999612,0.12618616019866086,-0.026782599033226256,0.5020263676055021,0.18088066110172643,0.10670835234118783,0.4307685092913473,0.0669368414171507,-0.00974879199844501,-0.024718942657917135,0.3313616645976965,0.17184255725085934,0.226249708909656,0.004056684426192291,0.5772003807162,0.16277215638135192,0.3237240863446255,-0.11439034765810202,0.27390396094276825,0.05168932432673178,-0.08219573640820912,0.41371115453217355,0.5890180231663446,0.1522897694077977,-0.044680243701054626,0.22025619312764655,0.45644627463291304,0.2994358929307345,0.0042159313809479616,0.08953570839484715,0.3192615805139659,0.3165608500845127,0.15954322110455324,0.03204884670379643,-0.4583843198959981,-0.7055067210405046,0.8996997040587382,-0.16795787527413628,0.24116639838586945,-0.1622458792038837,-1.091489719649191,-0.16627242732808528,-0.19194124877005497,0.4294628228696009,0.8443384421435857
0.2610931986759769,0.4001004542650807,1.5801861939922206,0.15637759966305748,-0.2756784636602768,0.224220509630861,0.07935753133796908,0.28944756833370516,0.20016174522548033,0.36357356260820656,0.16075012404521655,0.09480810215382819,0.16456453915865962,0.145240147251614,0.1739249024030751,0.1264550390481075,0.30214827461653426,0.21782230993465015,0.13032365246010028,0.19786383513455463,0.19745015184785128,0.1913503513821782,0.21178420421267813,0.18014633337978797,0.2473456722120988,0.14875497804067567,0.1480987850223433,0.24598538650682295,0.3695945295333104,0.020301481783662353,0.17940543696870864,0.0672117592512575,0.20790842441404264,0.2772385532470618,0.28746925329789624,0.21429722658217004,0.5103078012260007,0.35738223361452054,0.21885968766016162,0.01985678689638832,0.27740235119959533,0.20124998837844965,0.16200805716469793,0.028320437403705802,0.2113144872471627,0.5013593743244802,0.4351978744704115,0.02256740949186827,-0.25761892205520537,0.0689228821600709,-0.26199563549473054,0.04955571153634835,-0.05599384664992713,-0.13717109336186248,0.1029927744742668,-0.034240404595530474,-0.22787210205345224,-0.29468095070211164,0.25846519365616305
0.03160830644198692,0.16212683201980044,0.15637759966305748,1.5722428618743134,0.4916928821957844,0.35240135863322464,0.4063636995155587,0.45290148546293446,0.18496918419470826,0.30272563193874125,0.2094258473454362,0.3400331659497543,0.2003302162961843,0.4711287573182139,0.2540594861728945,0.35233553079427204,0.223762297754766,0.26316682919799694,-0.01939371863029632,0.2994960997077842,0.20461926095196714,0.26320702573080346,0.32550179739236257,0.27464080176761674,0.3008385817693718,0.2846288639575966,0.2034689831492119,0.1433780186153696,0.26153400579105135,0.10301201484494227,0.2053998492880308,0.2066203446415908,0.2699683852230113,0.30052126432016985,-0.03525854901625156,0.1369281068043417,0.3363099546111439,0.3254478859950144,0.25172364042433376,0.13147495437540804,0.15944827565941877,0.1979440303166029,0.26211195621978506,-0.0024374845042628057,0.14479059823035187,0.07777085568980852,0.4552374103916729,0.01044430600004441,0.21048026673336132,0.18745594453358125,-0.14253510060793592,0.40412050116529347,-0.07353974362303048,-0.12541372120257466,-0.16515108927198896,-0.04623662870695521,-0.16878709709120568,0.25053670852203114,-0.026659628744016246
0.26284487869757706,0.23266912873664994,-0.2756784636602768,0.4916928821957844,1.0088834379774965,0.402226706811159,0.3360693947174042,0.3248210570166202,0.17406850326860823,0.2032636407018282,0.23404619117337452,0.3398291036338961,0.16225624736642738,0.21704070430626632,0.28147766330331697,0.2414870516959781,0.0894793577496828,0.20863186594373756,-0.06269772552472355,0.23475149436441195,0.1478377312118414,0.18961532355823033,0.22206052188358594,0.16346769775107925,0.2416631508396891,0.2291872750592085,0.17741538174906007,0.013912529229913092,0.16854996058513,-0.11629265489582144,0.14598786130656002,0.3032978490252309,0.08584345497160875,0.2597129348880893,-0.03430419047148623,0.04532845956841952,0.01500174657596237,0.18306104790213987,0.19316517907996308,0.15188145560088817,0.09365230598887243,0.14303249609514476,0.1393138287015808,0.008358190828341753,-0.006485202177077895,-0.05965814708238532,0.2884878421369793,0.015387030482927323,0.3917336680829231,0.08222875445471196,0.11171705233436725,0.3254775125853767,0.08527733165343175,-0.03671245465651557,-0.11478942999734702,-0.025476240732415126,0.038135408845244106,0.10048759590838696,-0.0408468333907724
0.20625618538364152,0.016403855363671144,0.224220509630861,0.35240135863322464,0.402226706811159,0.756700808327603,0.18286629010118002,0.4251133622546312,0.23913516978529314,0.2271617372508279,0.2830904910582466,0.29704996738199246,0.15426156277935096,0.22394098946102595,0.2661135201227729,0.2407806840042118,0.23170466420339553,0.23909674307397513,0.0006089140557885119,0.3180273467251673,0.20408832143423394,0.25043628675635643,0.2822222241875962,0.20287776228511414,0.3054041579567749,0.34286211085105106,0.22768634557016468,0.23550646240298823,0.4561613074385354,-0.11260493611594045,0.15988905196625414,0.28900804162919236,0.09793801745931667,0.34071353722026415,0.22719423438769745,-0.09252985182546763,0.3085638733899519,0.3309789368656858,0.2352697565793792,0.1622616400031793,0.17449596161831926,0.20014185384491034,0.31059412914046053,0.0012902720244989932,0.04825882219655954,0.12705349580238962,0.5549463412654562,0.04672260553526539,0.5499447022326613,0.057805481853790565,-0.5527827752778857,0.29168388215146235,-0.17165595604966086,0.09018505430448572,-0.013473608282614277,0.02305056491476901,0.0011899633444604975,0.1603195630611492,-0.21003340661533015
0.32337274951568395,0.20045407195547335,0.07935753133796908,0.4063636995155587,0.3360693947174042,0.18286629010118002,0.6163789286008058,0.2514015460707958,0.23787382571921764,0.1702627976720293,0.19056164975222534,0.31693341773131045,0.13063481075993325,0.07912798764946122,0.1420874011444388,0.16893122358659052,0.12066895060081434,0.18814641256787326,-0.05293124559849725,0.1244770979517734,0.12163688751026895,0.19794443155293326,0.1765442559867547,0.15331463305824816,0.19415922957478818,0.20147595982585803,0.16771258244207157,0.03389228156078869,0.07741882633088763,0.07672835521432227,0.1452874197921752,0.1387865904277991,0.1190498532259297,0.14690890166740475,0.013893580277205674,0.13939668582782297,0.09879466190741486,0.15122157138599482,0.18338133981065807,0.060099563925797246,0.02325102216884983,0.11186078527621399,0.11367130396374035,-0.01826436994923625,0.10677635636920074,-0.000224890210454321,0.14113642730253242,-0.015588760720530252,0.3194514864370441,-0.07379632401196441,-0.0426829650180038,0.1697999832015243,0.11206291353816245,-0.12420099096116718,0.05014847141440682,0.10021184308668193,-0.013809763677291942,0.09388195218840689,-0.29125227138534787
0.24948951576490272,0.3104703328197535,0.28944756833370516,0.45290148546293446,0.3248210570166202,0.4251133622546312,0.2514015460707958,1.030181728681786,0.006782542945204584,0.25545322758141875,0.21126759442969398,0.06319668432459379,0.16022969101558107,0.2596220976395974,0.11585460496744977,0.2005175939944149,0.30729812376742205,0.2688545065739307,0.1677637959736804,0.32463064581510853,0.17445460531124207,0.1389483785619004,0.21000423821142,0.15754300474922586,0.24440396807435352,0.2375937154304671,0.18659076013972734,0.2669627379880763,0.29044286261973845,0.012858292815279927,0.18776399362406185,0.0991352121351428,0.21428046271835866,0.21591609831654535,0.1649256452475857,-0.02286781561954257,0.4655395634763442,0.3106632562982758,0.3447025464569686,0.18757092915980578,0.21711482718715433,0.1749027020907668,0.2461229337778397,0.0320620861425635,0.27336568998465216,0.09627097714801175,0.5361482286145569,0.05824076032542015,0.3708176343853182,0.25243805752556214,-0.21054414091900306,0.2197754507547745,-0.18808936191056097,-0.03251564208186551,-0.11832398291081303,-0.04251650267152587,0.07491391785410383,0.22446179969951674,-0.18005816322928264
0.18509871178281423,-0.021865095980266817,0.20016174522548033,0.18496918419470826,0.17406850326860823,0.23913516978529314,0.23787382571921764,0.006782542945204584,0.7078042446023588,0.009125152842602229,0.15014883296892054,0.23933268997699234,0.12898447761455276,0.1139413502962664,0.21602700746913592,0.14286754169588045,0.10557202621209334,0.1965995968131775,-0.2693228280539509,0.16415028226724157,0.150714357759913,0.3526396774793755,0.2778689925098568,0.18477965557054898,0.23528764172228808,0.3284667746530245,0.1772308593051969,0.05297136112551436,0.17380018314297083,0.08740554999364104,0.13062910395712915,0.2098800861703555,0.08665452840486691,0.25548164023983266,0.12061707398203328,0.06608872112144867,0.11265422992874193,0.22367310530538956,0.08275102574278541,0.08113070966048704,0.07404386429847146,0.1491366504567464,0.25211656278063566,-0.010241223873161766,0.06639052513123103,0.16463365902101382,0.30684500768540607,-0.021222534577674007,0.2361694894026242,-0.28894911230593784,-0.2397936336763869,0.03995981769636611,0.14683991649170533,0.022325301865239126,0.06964150617413895,0.11983165938718914,-0.006537449379197561,0.039176275512055235,-0.27094640558209765
0.18716740258338974,0.21029342849948005,0.36357356260820656,0.30272563193874125,0.2032636407018282,0.2271617372508279,0.1702627976720293,0.25545322758141875,0.009125152842602229,0.817178182688183,0.21947428877243552,0.27651869329150564,0.1863712981485718,0.16827051893106065,0.21016092288554644,0.19238069246804695,0.1799095529380581,0.26482303465295026,0.05499712391715547,0.10007845798633849,0.13272905815294397,0.1286284990663713,0.2820250425880295,0.18524839627636377,0.21592775043762819,0.13462763504989,0.17033275728033714,0.22089203238641372,0.2948676507529269,0.11440512247418347,0.14570223215054087,0.13255129731182463,0.16474074679368808,0.22630676693969215,0.24635596410064478,0.11989571407849414,0.3094712790646131,0.11079609065850816,0.19525332172744317,0.07370128369290939,0.23647269030885135,0.14090008147155936,0.060148288079253695,-0.024844600329854194,-0.029560650923805106,0.1661701650812924,0.44850469125907355,0.030738199575945976,0.26700287506093334,0.13344571742067954,-0.18865532688620584,0.008996898098999706,-0.022522039922527937,0.024137838742062004,0.18105359188964795,0.06656112091107634,-0.14274043681232612,-0.3071652354020244,0.19273099066587204
0.1716783557634279,0.061900206186958164,0.16075012404521655,0.2094258473454362,0.23404619117337452,0.2830904910582466,0.19056164975222534,0.21126759442969398,0.15014883296892054,0.21947428877243552,0.4888003702924908,0.35130409523114364,0.19819556934813123,0.13507377881433813,0.2647440505169814,0.20651054002519179,0.24558239761969114,0.2031689772295987,-0.03942030706859752,0.23242718263426315,0.18789330661204814,0.17944876590517114,0.22353803842285822,0.1743021772795052,0.26975723065112855,0.24184408997207674,0.2292680570539735,0.17338691839624734,0.2918595034170755,0.06889073103602211,0.1607503001644405,0.18315502291833385,0.09903699648504648,0.2334395929802278,0.24521690413824285,0.09578838770905189,0.20188539413314474,0.21439536353971664,0.20561323881424137,0.15585920468744366,0.19680969127255304,0.19014530141904312,0.19921682928889892,0.007651426749843215,0.15344653297008068,0.1395455032436817,0.39310796888696437,0.029199404991987022,0.22638029315066607,-0.03480458305863092,-0.22334829762973374,0.06305174059475005,0.038895794030278076,0.056955655786196095,-0.02742759183336671,0.025747931336494546,0.019182915879970928,0.04015392769264152,-0.15161323269825455
0.19348118592406596,0.052943946742719225,0.09480810215382819,0.3400331659497543,0.3398291036338961,0.29704996738199246,0.31693341773131045,0.06319668432459379,0.23933268997699234,0.27651869329150564,0.35130409523114364,0.9204839133845731,0.13737229205089452,0.12655216053343374,0.26298167732112354,0.27200136134717184,0.11016471593122462,0.11812426591517813,-0.09304602506740384,0.17303973912157486,0.11947947555804792,0.24033835468023573,0.2012000441961347,0.1887728776955014,0.3349597437625743,0.24997249095644686,0.28973109185366325,0.09232986911538904,0.27279677259466134,0.044417953225340874,0.12851067713426806,0.2172780032887483,0.05491108383682946,0.2507607307886002,0.2283329140874831,0.041222167730776374,-0.013552913961432097,0.13321819564440646,0.18612113600725333,0.1007102640964934,0.04929740735405976,0.12345281286106279,0.17726357439623877,-0.017488361610957102,-0.1310840981545944,-0.014401073829328261,0.2712064945630678,0.005634489590414825,0.7420600623640758,-0.09889140314383495,-0.3136651587634307,0.31924480650626214,0.15504732691440845,0.02225477593781442,0.077301205918851,0.14395720483639457,-0.062272931317020476,-0.018764840783630495,-0.15437049443316495
0.12424669272985053,0.12518283057863427,0.16456453915865962,0.2003302162961843,0.16225624736642738,0.15426156277935096,0.13063481075993325,0.16022969101558107,0.12898447761455276,0.1863712981485718,0.19819556934813123,0.13737229205089452,0.3652951808397324,0.13561973866922494,0.09506272987303332,0.16484434127188652,0.18480941363913875,0.14636569820665302,0.015193005755718069,0.14199894813557468,0.139437170853074,0.1645045329661908,0.1575824090210675,0.12846815419613286,0.16475558552018282,0.1606540476962615,0.1546722234637034,0.11594752074929585,0.1982585893588031,0.0710985052023254,0.11442758574657898,0.10305697679623811,0.10420865796550212,0.1664135262183393,0.1514778703556404,0.089308824715851,0.1932798405910092,0.18087828830985578,0.167795158205496,0.1077448923034369,0.16262101477382282,0.13913383948835284,0.15929994377414686,0.01564936329657804,0.12832051427438507,0.11099410720733556,0.28364654223489205,0.012288277801614298,0.12963235952420757,-9.811945630535715e-6,-0.08932906912879685,-0.013328667270996842,0.029246585013308672,-0.0353154247880559,-0.0659057097155635,-0.014754001977303198,-0.01146227364107672,-0.030184978067326302,0.021799758523204604
0.24704845268874898,0.03453236165802246,0.145240147251614,0.4711287573182139,0.21704070430626632,0.22394098946102595,0.07912798764946122,0.2596220976395974,0.1139413502962664,0.16827051893106065,0.13507377881433813,0.12655216053343374,0.13561973866922494,0.7045455712663024,0.21577038276951316,0.3518206824788081,0.19051125870307486,0.15371152351505404,-0.0017802333777093729,0.23694644348005764,0.20120586952278413,0.2253462061898388,0.21216521822731552,0.16757099041408935,0.2003615902990955,0.22495400730225146,0.12098408394587722,0.19354070147014624,0.299826068737861,0.06372843528757256,0.14068207184045567,0.12848876946628043,0.1640451892034516,0.19915429029979312,0.18665630052831214,0.0301575715571228,0.3237996628127311,0.28016736657638647,0.11273424557679469,0.1733622230078158,0.2907001265944012,0.20180505859557518,0.32039863241354516,0.010606734059067405,0.09344439810366657,0.12133682215605264,0.4652444428993761,0.04068109409903417,0.32849307976120024,0.10225951832415964,-0.13971038972819788,0.08487377831590565,-0.07815034985345193,0.029314938358545047,-0.10568234232268152,-0.010256228624401406,-0.12312701766091305,0.14562975899487024,0.09007891224076425
0.18109997874561543,0.14313793115999612,0.1739249024030751,0.2540594861728945,0.28147766330331697,0.2661135201227729,0.1420874011444388,0.11585460496744977,0.21602700746913592,0.21016092288554644,0.2647440505169814,0.26298167732112354,0.09506272987303332,0.21577038276951316,0.9544090374191054,0.2022771527112584,0.16979381637445853,0.30099100197040307,-0.03241031064881697,0.2602253435770659,0.21920123786657897,0.19085014136796752,0.346908471397266,0.2168831388752617,0.31210056838386524,0.24337100768355124,0.21761780818902104,0.24489327286879273,0.36388316181315006,0.20868806660582298,0.19113460440837307,0.13593461581671806,0.23092806188131565,0.3021763005656157,0.20684631818338292,0.11894506317282025,0.35778558609185274,0.11551601943631856,0.22056356811816308,0.12102977413170535,0.2081847035373441,0.20995156995328862,0.1965730354875413,-0.000689740313709344,-0.012097922473349362,0.20409205765185778,0.4239948649637413,0.04335164588394862,0.4590563424806028,0.2978872217489926,-0.3150160054118922,0.30201957805390084,-0.10678851901398118,-0.0525886553312954,0.015716082400724817,0.12338446096896229,-0.1766322628235215,0.14891620848668724,-0.1162819059527252
0.18868151899514812,0.12618616019866086,0.1264550390481075,0.35233553079427204,0.2414870516959781,0.2407806840042118,0.16893122358659052,0.2005175939944149,0.14286754169588045,0.19238069246804695,0.20651054002519179,0.27200136134717184,0.16484434127188652,0.3518206824788081,0.2022771527112584,0.6451724015712849,0.23413825073608827,0.18109563754681085,0.008810157612354446,0.19661257210130378,0.21625636835372666,0.3600103485060386,0.2091048333978483,0.18195488218165887,0.27646113029032054,0.18132300662176373,0.22173726258603854,0.2082362313149289,0.3267111182136615,0.07313027042902678,0.16781467151449658,0.18160744303719237,0.09083915615797619,0.2620344606940765,0.36505533097394655,0.08296002298871223,0.2677493642464973,0.28096041339812206,0.19049864187227097,0.19647495849191227,0.28761545081325446,0.22923785940793212,0.35401966857582146,0.03230769380666967,0.10253305331155177,0.11622677806937026,0.44736022256956826,0.012900026629886477,0.4248409139057177,-0.08002367775474689,-0.22989490698052564,0.1739736062618736,0.07387892759547715,0.027433158307615856,-0.0647067506401752,0.05440400807882853,-0.12679581594191947,0.16051122864058784,-0.05934004908979557
0.14139578333274108,-0.026782599033226256,0.30214827461653426,0.223762297754766,0.0894793577496828,0.23170466420339553,0.12066895060081434,0.30729812376742205,0.10557202621209334,0.1799095529380581,0.24558239761969114,0.11016471593122462,0.18480941363913875,0.19051125870307486,0.16979381637445853,0.23413825073608827,0.9191602618495462,0.11786641454153647,0.12603045216531686,0.2475307040800089,0.29229748449988463,0.18731293511202246,0.18911887059041077,0.1716408775892995,0.2251409901967051,0.2164785992440332,0.21685875888703357,0.4042287432765023,0.23627856930781593,0.018617692592049134,0.17074610716851613,0.12394715240949263,0.22933384418963398,0.2143183445957,0.3037338755687422,0.10653931140239355,0.5543765244613034,0.42473793471051297,0.20718315839052504,0.2047892136510905,0.39924644891030137,0.3140203935932066,0.2706705207218975,-0.0037727841664165138,0.42194542622812264,0.26106602479122454,0.6389970377797553,0.057303538803236714,-0.05412463177380817,0.21835587878729476,-0.07604232710541188,-0.16729795391072685,-0.22529503785105956,-0.024686812658366294,-0.15293539797831807,-0.0720504910385486,-0.07278565247633187,0.16452955261765093,-0.18193431848189429
0.17757978481215272,0.5020263676055021,0.21782230993465015,0.26316682919799694,0.20863186594373756,0.23909674307397513,0.18814641256787326,0.2688545065739307,0.1965995968131775,0.26482303465295026,0.2031689772295987,0.11812426591517813,0.14636569820665302,0.15371152351505404,0.30099100197040307,0.18109563754681085,0.11786641454153647,0.9419636752654583,-0.07882311400258575,0.03383625172157111,0.24552345625157287,0.21673168400338477,0.6727884085509553,0.17748677115601905,0.3269908648060936,0.3331385559636425,0.1131362032065524,0.18055629002580678,0.3559012989099246,0.13893528697230537,0.2816370747058419,0.06528836784540076,0.26174050754012307,0.2662764873532924,0.09232540184630003,0.17576785973171338,0.4138048588184529,0.17405304687926837,0.15342412023415755,0.19989777487095955,0.25569318233142585,0.21231452204386095,0.29752854998912975,-0.01051975766128663,0.24518476068419004,0.32390515592879693,0.519431925431635,0.04480192779048845,0.058250429233578344,-0.028702685721782938,0.13311386807313322,-0.38521136600077704,-0.10251653991355085,-0.028992016435441484,-0.10627873429355487,0.03241059027602579,-0.0024218236647537976,0.15728944567956682,-0.1072172241408675
-0.013435620902812688,0.18088066110172643,0.13032365246010028,-0.01939371863029632,-0.06269772552472355,0.0006089140557885119,-0.05293124559849725,0.1677637959736804,-0.2693228280539509,0.05499712391715547,-0.03942030706859752,-0.09304602506740384,0.015193005755718069,-0.0017802333777093729,-0.03241031064881697,0.008810157612354446,0.12603045216531686,-0.07882311400258575,1.2187343335208265,-0.07207798771044738,0.08347220235153041,-0.061059176472671665,-0.3692803964281828,-0.014688783974587893,-0.08718882522934825,-0.19976458664877939,-0.0238171476909465,0.17257245918543504,-0.00913549387384408,0.08802829591175412,0.17535603375512518,-0.08027400846929637,0.20950084088018042,-0.15144942845971532,-0.026518964327211975,0.25368217099553586,0.2954399649038475,0.09656375141218841,0.21397558265457703,-0.04688682049996231,0.11584234365356284,0.04724138365364598,-0.139096322617828,0.08889951791625755,0.14143239675008112,0.08872720190927741,-0.16754830019081135,0.05351599816859417,-0.09819993982916694,0.6488830540538553,0.0036456790123657427,-0.017751431852092794,-0.2591166222842901,-0.155601769272347,-0.04871309274784892,-0.08565418958658665,-0.0668758425490008,0.07897144057670583,0.10357508262648289
0.14750359666110535,0.10670835234118783,0.19786383513455463,0.2994960997077842,0.23475149436441195,0.3180273467251673,0.1244770979517734,0.32463064581510853,0.16415028226724157,0.10007845798633849,0.23242718263426315,0.17303973912157486,0.14199894813557468,0.23694644348005764,0.2602253435770659,0.19661257210130378,0.2475307040800089,0.03383625172157111,-0.07207798771044738,1.1129547771938384,0.10890635052856774,0.12673983358604887,0.0812467212367213,0.20668263546920465,0.24191831530110278,0.24575383627861605,0.31911952445636493,0.2086115655571162,0.2234521460334065,0.18834076981343434,0.1641577790026044,0.19631630720736873,0.1965297564510913,0.32139870036086526,0.14505829731027847,-0.024577273959930576,0.7081557489510428,0.46412650800497185,0.38630206544058365,0.24718986467920034,0.24435766022295694,0.17553977683198357,0.4005615563076718,-0.013120312922957159,0.5590554489101425,-0.00021473640972726992,0.3481794377171767,0.09849534221733625,0.5993274151451804,0.06160224339772098,-0.3385705334625108,0.41605152947837865,0.02853181639099778,-0.037166948733131734,-0.08811109498797506,-0.039008292383138805,0.026140844649989513,0.09886657882508212,-0.058944054369467286
0.15890856978047999,0.4307685092913473,0.19745015184785128,0.20461926095196714,0.1478377312118414,0.20408832143423394,0.12163688751026895,0.17445460531124207,0.150714357759913,0.13272905815294397,0.18789330661204814,0.11947947555804792,0.139437170853074,0.20120586952278413,0.21920123786657897,0.21625636835372666,0.29229748449988463,0.24552345625157287,0.08347220235153041,0.10890635052856774,0.5061099076513794,0.19535712353854062,0.17064135072050446,0.12872634031564387,0.23766837095099666,0.25416427728724256,0.16123756784581275,0.19792132613532856,0.28597031418343183,0.06803250154449904,0.2336821074492265,0.15000891123104282,0.15704001702974274,0.22066246248406307,0.2678602590948668,0.19905027734392639,0.30889295781344756,0.34282507014358904,0.11846813282238058,0.21253804275898827,0.4438783874097126,0.40254895166086396,0.27672848909014147,0.022854236115337788,0.295968423776054,0.2215167363711224,0.5119680747514589,0.05150373452534679,0.05402169509079913,-0.054737064862340395,-0.0656958929611473,-0.16029568854056228,0.017984675024338946,0.015049210304901726,-0.11852326021086189,-0.011914492777057157,-0.06912658062140256,0.13282312528664625,-0.027480678293687406
0.18083721180824072,0.0669368414171507,0.1913503513821782,0.26320702573080346,0.18961532355823033,0.25043628675635643,0.19794443155293326,0.1389483785619004,0.3526396774793755,0.1286284990663713,0.17944876590517114,0.24033835468023573,0.1645045329661908,0.2253462061898388,0.19085014136796752,0.3600103485060386,0.18731293511202246,0.21673168400338477,-0.061059176472671665,0.12673983358604887,0.19535712353854062,0.6090717249850798,0.2880038986009232,0.19571192417256322,0.27740978216605056,0.24014995506975625,0.20299674549194774,0.13161388454499054,0.3088232266896099,0.1131237092548653,0.15574726433682762,0.22456708461506408,0.12805705121549288,0.28086852792144806,0.23287446448044277,0.08677310111254664,0.19294490057307379,0.29798433231881144,0.16634853711240932,0.1382288851488589,0.19633767791957737,0.19927264210641932,0.35327900685569563,0.04470070148686989,0.004767368847572628,0.20988910195215696,0.429803463125686,-0.03575532485534331,0.45034464164200344,-0.1649409239195103,-0.2551768170513435,0.04876487063870262,0.10401099115071255,0.011088507879119304,-0.01026215047692745,0.06968877867965893,-0.03977469527226834,0.07465480751598078,-0.1501802186137532
0.1310502300900283,-0.00974879199844501,0.21178420421267813,0.32550179739236257,0.22206052188358594,0.2822222241875962,0.1765442559867547,0.21000423821142,0.2778689925098568,0.2820250425880295,0.22353803842285822,0.2012000441961347,0.1575824090210675,0.21216521822731552,0.346908471397266,0.2091048333978483,0.18911887059041077,0.6727884085509553,-0.3692803964281828,0.0812467212367213,0.17064135072050446,0.2880038986009232,1.7080182555946866,0.4534398695771686,0.45593905145813235,0.17143674739000903,0.12940680261839738,0.29475255842423953,0.5250625958085607,0.31557195793728626,-0.15772494077014473,0.15041814767619016,0.47199034766163595,0.4794115937660573,0.15187969662854403,-0.050814457981471106,0.691766901966666,0.08481761443045134,0.4123599270092658,0.2617226691161048,0.1880788396806752,0.20013213495498083,0.2891520203580709,-0.02180900838481757,-0.022630239051098903,0.2818046948179166,0.879709176674486,0.08330420971331463,0.598825529606228,0.2879794147055495,-0.4471865110536282,-0.06375423466594939,0.003821523409941558,-0.024972309816237572,0.03701287501478837,0.04536769592889439,-0.09688261002099922,0.037820369872939144,0.029928924548916176
0.09118080845966063,-0.024718942657917135,0.18014633337978797,0.27464080176761674,0.16346769775107925,0.20287776228511414,0.15331463305824816,0.15754300474922586,0.18477965557054898,0.18524839627636377,0.1743021772795052,0.1887728776955014,0.12846815419613286,0.16757099041408935,0.2168831388752617,0.18195488218165887,0.1716408775892995,0.17748677115601905,-0.014688783974587893,0.20668263546920465,0.12872634031564387,0.19571192417256322,0.4534398695771686,0.6248313501647551,0.29024411059626787,0.09960680889003314,0.1884812862558303,0.2637990231906686,0.2253892188064711,0.3808293673207623,0.20243568168326878,0.4185981582815917,0.3738510707621403,0.22328791147410232,0.16544187749054345,0.23865043405808412,0.3429643930568654,0.21256646292400325,0.24084267497382764,0.11298956984817095,0.1788218755199781,0.15616238027135845,0.16364817724606953,0.03349866606588667,-0.004428283694919635,0.12414159025541911,0.4387690390225341,0.028666337094238447,0.4133374192543779,0.07965056330653476,-0.33076670773682615,0.2054594643990971,0.03848963854848103,-0.026310802918971064,0.06001662387326342,0.03790167476803668,0.017052808225347466,-0.14519752626341445,0.09600509186509633
0.17876410782011196,0.3313616645976965,0.2473456722120988,0.3008385817693718,0.2416631508396891,0.3054041579567749,0.19415922957478818,0.24440396807435352,0.23528764172228808,0.21592775043762819,0.26975723065112855,0.3349597437625743,0.16475558552018282,0.2003615902990955,0.31210056838386524,0.27646113029032054,0.2251409901967051,0.3269908648060936,-0.08718882522934825,0.24191831530110278,0.23766837095099666,0.27740978216605056,0.45593905145813235,0.29024411059626787,1.4209456778811604,0.2575583261220871,0.27043807672221437,0.11628719172437604,0.5539203163509315,0.16235639194051257,0.266452827328728,0.29465796292502894,0.08856151375116436,0.5120565317013874,0.3726228440661831,0.2723582673843652,0.17551371534077928,0.32544965999107034,0.24485675094451606,0.19546318206978167,0.2729812794051608,0.23950132257320184,0.3478162662836381,0.058087638858742005,0.09834219286378121,0.2813788453871618,0.5529770779323132,-0.005299933418766483,0.15571240322506907,-0.7021611374722211,-0.2533999535356491,0.06276001320855443,0.3329018442831828,0.012283064831558275,-0.05675053608391078,0.02921966176637911,-0.062121277391314365,0.07921416726160484,-0.08092166339400134
0.19615146098953257,0.17184255725085934,0.14875497804067567,0.2846288639575966,0.2291872750592085,0.34286211085105106,0.20147595982585803,0.2375937154304671,0.3284667746530245,0.13462763504989,0.24184408997207674,0.24997249095644686,0.1606540476962615,0.22495400730225146,0.24337100768355124,0.18132300662176373,0.2164785992440332,0.3331385559636425,-0.19976458664877939,0.24575383627861605,0.25416427728724256,0.24014995506975625,0.17143674739000903,0.09960680889003314,0.2575583261220871,1.4493062538022308,0.2141912517878915,0.08124621552991973,0.019362363607772375,-0.09867107854501093,0.23267388395613164,0.17576696916931772,0.09431091754934928,0.28300750015667214,0.06996171599069678,-0.030777335946363556,-0.10029796358769105,0.2804793764759098,-0.2607241210735331,0.1444584594551517,0.050011203678315734,0.2227565683449868,0.4018392593830376,-0.1332334071185887,-0.10685705773665677,0.11256913947032719,0.31767655742625056,0.03903581392362406,0.35225495238954857,-0.1448117458743913,-0.2615263287181631,-0.306499580178576,-0.0788252778681774,0.06813405778456716,-0.1429596331129946,-0.0036632876162182044,-0.007078086552051058,0.2539525711319458,-0.24514427260478464
0.14675075963177334,0.226249708909656,0.1480987850223433,0.2034689831492119,0.17741538174906007,0.22768634557016468,0.16771258244207157,0.18659076013972734,0.1772308593051969,0.17033275728033714,0.2292680570539735,0.28973109185366325,0.1546722234637034,0.12098408394587722,0.21761780818902104,0.22173726258603854,0.21685875888703357,0.1131362032065524,-0.0238171476909465,0.31911952445636493,0.16123756784581275,0.20299674549194774,0.12940680261839738,0.1884812862558303,0.27043807672221437,0.2141912517878915,0.7029851580068249,0.16750693349086399,0.1868383207710392,0.0666697119647193,0.17957915099377536,0.3998834506718499,0.11551938031936793,0.2443918605391564,0.25590353482569916,0.171464288683138,0.22126376593170288,0.3449307621188314,0.1927227818060838,0.17506285730625804,0.233267599205167,0.18784158469229295,0.3689899017310167,-0.0040476198498972295,0.2822128497690474,0.013283047344457165,0.33345713921240666,0.029347742933849476,0.3901447879820698,-0.17781755597558457,-0.2205069735083566,0.1693731674764121,0.12317554534414266,0.011310820930636177,-0.012163859727562946,0.05169246547704039,0.0740593633718944,-0.03876089538587599,-0.10489299013485136
0.09793156491160684,0.004056684426192291,0.24598538650682295,0.1433780186153696,0.013912529229913092,0.23550646240298823,0.03389228156078869,0.2669627379880763,0.05297136112551436,0.22089203238641372,0.17338691839624734,0.09232986911538904,0.11594752074929585,0.19354070147014624,0.24489327286879273,0.2082362313149289,0.4042287432765023,0.18055629002580678,0.17257245918543504,0.2086115655571162,0.19792132613532856,0.13161388454499054,0.29475255842423953,0.2637990231906686,0.11628719172437604,0.08124621552991973,0.16750693349086399,1.627451483462914,0.2331735312719054,0.060821655247340324,0.19872219289515264,-0.0037851623899622573,0.6860827007566396,0.056575036895223425,0.8163241931635528,-0.036209267127164504,0.8942221776353141,0.08271723643360973,0.23569320424655785,0.22326325596198865,0.3976671665405132,0.23313605129290468,0.17022767036159892,0.06160884612216547,-0.011084117546037086,0.12545391718396937,0.4998052434653187,0.13089429109504894,0.5994527784624432,1.2396652584118997,-0.666396480267167,0.9049671346720818,-1.029132942931346,0.0667558857068278,0.23167258121436285,0.0586680689479156,-0.09101147174067307,-0.08340333804345887,0.24835018323731728
0.17711176408785098,0.5772003807162,0.3695945295333104,0.26153400579105135,0.16854996058513,0.4561613074385354,0.07741882633088763,0.29044286261973845,0.17380018314297083,0.2948676507529269,0.2918595034170755,0.27279677259466134,0.1982585893588031,0.299826068737861,0.36388316181315006,0.3267111182136615,0.23627856930781593,0.3559012989099246,-0.00913549387384408,0.2234521460334065,0.28597031418343183,0.3088232266896099,0.5250625958085607,0.2253892188064711,0.5539203163509315,0.019362363607772375,0.1868383207710392,0.2331735312719054,2.487878295404135,-0.04772941895382556,0.03910458894365788,0.20512037746509643,-0.031205242553642862,0.4752095731776141,0.6597270352291353,0.01809500839126228,0.004870318689404002,-0.3824026222314947,0.3804900401216226,0.2594727625725945,0.527476697406884,0.2639059424889289,0.2288404350136762,-0.05648398553169321,-0.4780757305848508,0.6190275026240418,0.8569412944617871,-0.018444999571893845,0.728075860613665,0.3768829632490323,-0.8526757191174184,-0.33004242984100696,0.018409620140766483,0.24786359834752014,-0.022911849337019164,0.03566699639694471,-0.26379179915821394,0.14039799869713104,0.07320450544325904
0.03415067815410577,0.16277215638135192,0.020301481783662353,0.10301201484494227,-0.11629265489582144,-0.11260493611594045,0.07672835521432227,0.012858292815279927,0.08740554999364104,0.11440512247418347,0.06889073103602211,0.044417953225340874,0.0710985052023254,0.06372843528757256,0.20868806660582298,0.07313027042902678,0.018617692592049134,0.13893528697230537,0.08802829591175412,0.18834076981343434,0.06803250154449904,0.1131237092548653,0.31557195793728626,0.3808293673207623,0.16235639194051257,-0.09867107854501093,0.0666697119647193,0.060821655247340324,-0.04772941895382556,2.5713971816408967,0.19649568257639816,-0.056485372563025035,0.560326184005232,-0.13426666723683658,-0.06891440024933441,0.448029614085299,0.6609940037840119,0.3368749505640674,0.3542126325527683,0.07188795247849553,0.12844001968175892,0.06391390642858902,0.3426021054086327,0.15749316253310608,0.3414210116477051,0.27758274599880944,0.35767500547028025,0.04079489470289605,0.5670124791802927,-0.37303272757190814,-0.2883797434008657,-0.3390749696469099,0.38065294412928474,-0.0321632781070326,-0.04470991496036474,-0.18791951938326326,-0.12012336827401948,0.4653304319174977,-0.12519344589954864
0.14419009688111115,0.3237240863446255,0.17940543696870864,0.2053998492880308,0.14598786130656002,0.15988905196625414,0.1452874197921752,0.18776399362406185,0.13062910395712915,0.14570223215054087,0.1607503001644405,0.12851067713426806,0.11442758574657898,0.14068207184045567,0.19113460440837307,0.16781467151449658,0.17074610716851613,0.2816370747058419,0.17535603375512518,0.1641577790026044,0.2336821074492265,0.15574726433682762,-0.15772494077014473,0.20243568168326878,0.266452827328728,0.23267388395613164,0.17957915099377536,0.19872219289515264,0.03910458894365788,0.19649568257639816,1.052820374534357,0.17654737069778015,0.2295304530832278,0.0674088963817666,0.12045588630518374,0.5428063082418471,0.17576092225781065,0.38428746878105596,0.09577432518565243,0.09311256550487863,0.31762131526733617,0.2030795059617295,0.10064028053999788,0.03782043115683824,0.23710884103756794,0.16648245545827833,0.262726563933942,0.007665563067266419,-0.11899734743458773,-0.017014543408819683,-0.001523476648903789,0.1408509670378074,-0.09389630077687862,-0.052746533271961674,-0.06809499832851072,0.010900560709760584,0.0920731606501042,-0.017690706379156554,-0.05207171186326107
0.08273088025833615,-0.11439034765810202,0.0672117592512575,0.2066203446415908,0.3032978490252309,0.28900804162919236,0.1387865904277991,0.0991352121351428,0.2098800861703555,0.13255129731182463,0.18315502291833385,0.2172780032887483,0.10305697679623811,0.12848876946628043,0.13593461581671806,0.18160744303719237,0.12394715240949263,0.06528836784540076,-0.08027400846929637,0.19631630720736873,0.15000891123104282,0.22456708461506408,0.15041814767619016,0.4185981582815917,0.29465796292502894,0.17576696916931772,0.3998834506718499,-0.0037851623899622573,0.20512037746509643,-0.056485372563025035,0.17654737069778015,2.2488861777520337,-0.2613899180718574,0.6209569274706028,0.33638061998100705,0.5139548764655931,-0.32656526012560805,0.4876998062642434,0.16759950587174877,0.15212777806547334,0.40616116260049,0.2007783367347611,0.15190978338321778,0.04300959963160058,0.057717249663191465,0.019377940494920677,0.5341509923730031,-0.014148433209847022,0.14731795079148483,-0.4043164286193018,0.08887910027765629,0.04461517501320975,0.20589669758825627,0.12474975478343799,0.07791291723211302,0.1555921294603966,0.1502507627464477,-0.34577049011435235,-0.05937098510061347
0.11547311280605335,0.27390396094276825,0.20790842441404264,0.2699683852230113,0.08584345497160875,0.09793801745931667,0.1190498532259297,0.21428046271835866,0.08665452840486691,0.16474074679368808,0.09903699648504648,0.05491108383682946,0.10420865796550212,0.1640451892034516,0.23092806188131565,0.09083915615797619,0.22933384418963398,0.26174050754012307,0.20950084088018042,0.1965297564510913,0.15704001702974274,0.12805705121549288,0.47199034766163595,0.3738510707621403,0.08856151375116436,0.09431091754934928,0.11551938031936793,0.6860827007566396,-0.031205242553642862,0.560326184005232,0.2295304530832278,-0.2613899180718574,1.5437784071557072,-0.24801063594571293,-0.3580493229643389,-0.08852697079687752,1.052465029513654,0.14342943921656395,0.23775766039757573,0.004424688328535728,0.001192009985322845,0.16331204809336,0.2392232003666928,0.07581528119437961,0.004990605973740338,0.05639659852433566,0.4785146752558889,0.09112055781202343,0.5248522854547153,1.052604379101139,-0.5131553266987834,0.3875320538698972,-0.38127295073394396,-0.24014242496723193,-0.02557675046344448,-0.1409944205562712,-0.1196037416405854,0.13769037487084596,0.25843084285048934
0.020288681320929765,0.05168932432673178,0.2772385532470618,0.30052126432016985,0.2597129348880893,0.34071353722026415,0.14690890166740475,0.21591609831654535,0.25548164023983266,0.22630676693969215,0.2334395929802278,0.2507607307886002,0.1664135262183393,0.19915429029979312,0.3021763005656157,0.2620344606940765,0.2143183445957,0.2662764873532924,-0.15144942845971532,0.32139870036086526,0.22066246248406307,0.28086852792144806,0.4794115937660573,0.22328791147410232,0.5120565317013874,0.28300750015667214,0.2443918605391564,0.056575036895223425,0.4752095731776141,-0.13426666723683658,0.0674088963817666,0.6209569274706028,-0.24801063594571293,1.9087923202543622,0.620404941902369,-0.04005044767610016,0.47104411185643097,0.24427083673713565,0.19216661101616533,0.041137575033251036,0.46063465161527767,0.25791370707330546,0.30441818767298107,0.16173938581468367,-0.33444855950900615,0.38051005712691516,0.7933043466471683,0.08140508174603485,0.558400700700893,-0.8616879701549255,-0.15237616873945872,0.027477648380966817,0.3605234208435111,-0.05827852950734971,0.04034107507297046,0.1094474628584101,-0.18278501653729834,-0.05152601612536733,0.024775207795800596
