3.4486719431940345,0.5031857615613873,0.39934489484093977,0.3058478305112599,0.863654124136996,0.17663049443345552,0.9490053000987337,0.5925376213376149,0.2632668471128797,0.4612817782051974,0.3437726211030408,0.3910870997425742,0.33941428828107245,0.5135005318764232,0.36441125889004194,0.44692323823610147,0.25191336773670536,0.5848605242346933,0.39000559147691016,0.29396027403658126,0.4039057178774838,0.4337528963807793,0.4429641825886228,0.08313156374663573,0.7107612853078814,0.21937047673477342,0.19450820636190141,0.12734765603058104,0.4353812543214721,0.35418937715768417,0.36219239896052197,0.31484757973791844,0.3637401556384277,0.04147842003963661,0.22655674735044726,0.1511442527827682,0.5191129608731593,0.5401495524660402,0.6320605281491236,0.12297076560922396,0.2709613808192017,0.023657128612549764,0.31545116776381876,0.5286360195062205,0.2432218859007906,0.1995013789585494,0.48831135543245763,-0.012764135012831466,0.07997415970293537
0.5031857615613873,1.1874604997961657,0.8316201505797397,0.039736632704108994,-0.0043222305669465,0.2950063273276307,0.2554542057659496,0.2846065121296894,0.2705372969857474,0.29673893078257013,0.2650129698065982,0.24967731000264637,0.20806534796151402,0.24245023152436831,0.2897517799458751,0.2038639899425018,0.2872081526469851,0.4053192171584152,0.1084398764222452,0.3573142155373719,0.20438737174538962,0.2391375887711172,0.14271089402872106,0.15675420496457532,0.2671986839348685,0.2510026075161279,0.3065868502705787,0.4177785404425949,0.4662266993971393,0.0270817150211442,0.2625828335977882,0.26173853345805254,0.15167935887573397,0.20897029905038636,0.14818382044453166,0.2312035319677422,0.46755820180716334,0.24701149092164962,0.2133040748732352,-0.003576409163679596,0.17300681570947712,0.17281161589715285,0.21549777427997102,0.21618159874451537,0.2871113116642597,0.1936821340195756,0.23684756069988222,-0.021126079972190355,-0.06877156163596215
0.39934489484093977,0.8316201505797397,1.7641033897326557,0.03240438337707359,-0.2766558072199273,0.41214813899475744,0.23608201038365922,0.39576292026380605,0.3983151909606873,0.34284232038520746,0.28918686831042384,0.28358726095885683,0.2255075703596118,0.2780814938043323,0.2736021397597157,0.21130471115509544,0.3254141318494697,0.36106183070209513,0.12345672077917441,0.18552915117540322,0.2541039992751664,0.3265640988096884,0.12695343744407112,0.16924773500594684,0.1872527598714361,0.30166277391046376,0.2547304992617034,0.3600478061296667,0.40242651515051375,-0.28047488197338033,0.2712370891486241,0.20862878121811765,0.15281992446675258,0.19731408070173231,0.006915545687540304,0.3868483706611024,0.28380375855186907,0.30072696375405034,0.11399684721596925,-0.16156988694285468,0.25662515551275494,0.21236129087136316,0.08926038356240369,0.2740988361828115,0.16878729379497684,0.3411956913876899,0.06485224763512237,-0.07501038662205622,-0.263186894586529
0.3058478305112599,0.039736632704108994,0.03240438337707359,1.3431084127819983,0.5669707662188563,0.2778095848797271,0.3958575545045954,0.23212328132179155,0.1692868488782642,0.1277437594880038,0.18283463591158822,0.22149769467901123,0.1588365103039265,0.23334311877405958,0.08582141594190182,0.23247117488598704,0.1844624645713641,0.13912959662070598,0.30691210819297937,0.15778043275776296,0.20328977744742438,0.20833307371175086,0.08547623307615791,0.20297081391450564,0.2681269408552607,0.1977785736737566,0.179524466446007,0.0487972132144857,0.13074055754300629,0.17615501824162702,0.20403458386821718,0.2363292818090855,0.11833963184212921,0.2317510175456085,0.1663264800633329,0.13260056615110702,0.18160867472460124,0.20383987123957456,0.2594483605390665,0.0778839766171923,0.1523517224159009,0.12258176462736019,0.19334057519649367,0.2353492765510812,0.1606734852057457,0.02983410655516431,0.16774906314053412,0.013402160148659756,0.10855427796705137
0.863654124136996,-0.0043222305669465,-0.2766558072199273,0.5669707662188563,1.7069540055669141,0.14505585795401113,0.41195826858458956,0.19619378494810205,0.2799049627168113,0.20519780434826002,0.1493085700722483,0.23681895047465304,0.21509131885196303,0.2302491936717609,0.16198451401517092,0.25016830977817084,0.14154836140688665,0.19407433068041952,0.6589242758331928,0.1114566861483078,0.23386144159370398,0.26915613894417706,0.10597890808598902,0.16202686841587732,0.40473183508245847,0.18758222982378,0.19496463662681568,0.06367070335838738,0.05478944853424259,0.38671736430624626,0.2627084844741801,0.28346174345446395,0.21664874264972245,0.3053477980120656,0.27259648914155454,0.10367452208059373,0.30468465177903303,0.2681320403887405,0.3890065090844083,0.13983353392325512,0.2019264467270122,0.1718081975786752,0.30446777920622375,0.32890628874351185,0.24090444789919027,0.00757480218334328,0.30450961370309415,0.044364652142538034,0.12491771982308036
0.17663049443345552,0.2950063273276307,0.41214813899475744,0.2778095848797271,0.14505585795401113,1.1205052340706325,-0.02204444340524032,0.2947883305856975,0.2916529411911955,0.20965142200830603,0.32176232281973294,0.3650451495141243,0.21298140700594959,0.38623113933226116,0.19070484276157465,0.3121202794943215,0.40173272672629257,0.18550314387063238,0.5136326106209355,0.3053032437212763,0.3181876621182387,0.3038442177769705,0.009585452644936241,0.27990203643880834,0.4135104596902355,0.26926931731064513,0.2287594414432903,0.1428819599256986,0.270429783899504,0.15588499175240048,0.32483083645631755,0.3605710503442885,0.17709490776307998,0.20274345605318395,0.13641765220766738,0.25078550985030784,0.29578404511706935,0.37211709834892936,0.3360942289101737,0.07138066169439602,0.23919736008285442,0.1954541538252101,0.23475915110345644,0.2902047597644041,0.2999251687237715,0.14946349911776807,0.18458407124140971,-0.011860299909303302,-0.11814825896631498
0.9490053000987337,0.2554542057659496,0.23608201038365922,0.3958575545045954,0.41195826858458956,-0.02204444340524032,1.1378264977534704,0.301810483684671,0.2452851304922685,0.1673060950156368,0.2708802150306251,0.2601192135941511,0.21174847623352797,0.1882686215811187,0.03686562581795884,0.28410602813476143,0.20272498604814038,0.274051074943257,0.1507921455056178,0.2266804279583053,0.24826377796091878,0.3026942353326898,0.2525426117179039,0.1888328184360713,0.28462431558425466,0.24165350596673527,0.2184021790308965,0.08132444122700948,0.2393967756271778,0.11041814209184682,0.21327553498836144,0.23782902126925595,0.18220609365511062,0.23033306925370392,0.13223570032981333,0.12844193667266587,0.2459104270333347,0.24891310971624633,0.34929959411490585,0.06148638635006788,0.1401021221917187,0.08042971738895616,0.20924939312730473,0.3242105976811817,0.13270412093576797,0.04190040581472091,0.1989404683333992,0.006373720698320694,0.31501805384332054
0.5925376213376149,0.2846065121296894,0.39576292026380605,0.23212328132179155,0.19619378494810205,0.2947883305856975,0.301810483684671,0.9536676660809961,0.1627610308275358,0.22676385613412287,0.27770054881499934,0.2087210225087756,0.26124626776970006,0.35265983185427013,0.12702104139199985,0.26508336139301375,0.2775008959743427,0.31077550341812094,0.20844123183645463,0.23211104318211614,0.25010521531049645,0.24284463087014058,0.16583350423956986,0.13609387007765078,0.2681773603324342,0.33036769791098286,0.18001990589347053,-0.11479706241323687,0.22772616839793897,0.07783065600536085,0.22454723104402063,0.23781391145903238,0.10922688169234653,0.17109789292173025,0.17298725725634673,0.137620871997876,0.25155165363995813,0.2535168480022902,0.375061465680474,0.06727952235894112,0.17687086138288777,0.0738726203988692,0.170920787651316,0.3206242766008379,0.14815054913133188,0.10792826572964771,0.2084861573527203,0.00025396867252620647,0.13505166841699623
0.2632668471128797,0.2705372969857474,0.3983151909606873,0.1692868488782642,0.2799049627168113,0.2916529411911955,0.2452851304922685,0.1627610308275358,0.7985270032572755,0.20046176025402473,0.15546852174544137,0.19479794586908797,0.1980514896432151,0.2239075058571209,0.13982874212889906,0.19309416227162293,0.25448660637526876,0.23949808446069673,0.27001797897440366,0.14318655744556116,0.2116007706287153,0.44428626820666056,0.18702405726434648,0.22022032720277945,0.15368882976045622,0.2422514624344183,0.19499769286217483,0.262638510423517,0.15246203210142395,0.06660738401281673,0.22447955826451274,0.21523290504416867,0.27427839692088557,0.1330876709989506,0.06890511571610178,0.1642660399095707,0.24762494180099603,0.2658817159942033,0.2794260074966856,0.020988847026041313,0.16286559047475146,0.12374340967496127,0.15104236106002328,0.27644259708331326,0.09226362202089233,0.09980890418855068,0.15954093397651062,-0.020217238648003222,0.45160890474416443
0.4612817782051974,0.29673893078257013,0.34284232038520746,0.1277437594880038,0.20519780434826002,0.20965142200830603,0.1673060950156368,0.22676385613412287,0.20046176025402473,0.6982262633559942,0.23726056246540045,0.2524490718335142,0.2082791951885476,0.22940945473132868,0.23286896574144647,0.22016579231785413,0.2714238826942809,0.3279829771995612,0.1857707204456233,0.20275706108505373,0.1772419816091942,0.22960331773784406,0.21146650829915606,0.19753910157059515,0.29446497366523866,0.17817998285936257,0.2631653644552278,0.26126164307131255,0.2865534491366566,0.2555491679539032,0.2646662958888002,0.24574544458023936,0.11828558220415371,0.3275240972946653,0.2853825744133939,0.2253630409764641,0.33914126445825876,0.24178190513117834,0.2981845196300055,0.08003197288510938,0.2727316407250933,0.1773696222978088,0.23810641586806597,0.2817198126142235,0.2054223849302855,0.1397777887233736,0.32653675611522964,0.002051792737276417,-0.027831594024777518
0.3437726211030408,0.2650129698065982,0.28918686831042384,0.18283463591158822,0.1493085700722483,0.32176232281973294,0.2708802150306251,0.27770054881499934,0.15546852174544137,0.23726056246540045,0.6759842537493088,0.3376305126035298,0.2080509397539408,0.2481687340918972,0.21151689225966555,0.275288044427572,0.32118965795937743,0.24506847049933686,0.1858289548143881,0.31571456651764723,0.20494967431462902,0.21649280159915305,0.16279397750110702,0.21604720278201767,0.24536791646946532,0.23134138245182184,0.20061223379697507,0.13010462685460003,0.2619519784955789,0.10929623011362559,0.22636326458350156,0.23452419932736074,0.1539064573643047,0.2014759538951976,0.1736867606212516,0.10564173131226126,0.2920390578909382,0.2186832385213574,0.34709577317190654,0.08527991325799784,0.10538195704224347,0.11070165487548866,0.2018561593522023,0.251062284400576,0.22585960135566377,0.07126567666898004,0.19462959761042634,0.015270398636167462,0.1394257262591327
0.3910870997425742,0.24967731000264637,0.28358726095885683,0.22149769467901123,0.23681895047465304,0.3650451495141243,0.2601192135941511,0.2087210225087756,0.19479794586908797,0.2524490718335142,0.3376305126035298,0.5938006905734071,0.21372913409860803,0.2619674738950046,0.21973163136504398,0.3078165827902643,0.278010470418848,0.20257794776144575,0.2640240055055416,0.2452208214162592,0.22042397509000447,0.24931083279117927,0.12006611518683095,0.20767072474295897,0.27969472663895656,0.24063319605831787,0.21744206816112213,0.003403170996630434,0.21072472778216486,0.14694717389205067,0.25628617579303076,0.2445135091405325,0.18363863809235173,0.1969184459988478,0.18399581282126987,0.19399028278859437,0.2337432705717107,0.2584848704545823,0.3059902341483304,0.08742133481841627,0.11588163693207945,0.12909262763090365,0.20678268124114907,0.25494273521098365,0.22442428410892465,0.09759928200114473,0.19455192473273306,-0.009331657889143332,-0.018356955745688863
0.33941428828107245,0.20806534796151402,0.2255075703596118,0.1588365103039265,0.21509131885196303,0.21298140700594959,0.21174847623352797,0.26124626776970006,0.1980514896432151,0.2082791951885476,0.2080509397539408,0.21372913409860803,0.4133774967429867,0.1872693494831159,0.13055958188125508,0.22847388230678659,0.20901520209396673,0.21894272646566335,0.18698831067037913,0.19040876167867382,0.1395306213613723,0.24224527305769905,0.1793353587605663,0.19338822476398743,0.21181505183506125,0.13738021347893936,0.1502083584400088,0.0978169331763134,0.22081580714287136,0.14973047522904165,0.18635146704907396,0.17856161273902488,0.16244157639727574,0.18771303611798287,0.17844240474965126,0.112092347437661,0.24520959212601615,0.18791074773413288,0.2813446123069115,0.05325112645891162,0.13187001323544184,0.10254527250100472,0.17290485356458277,0.260999393358851,0.118531874706114,0.09239318855732367,0.19553384626912962,-0.0009040172640785759,0.1297332026668904
0.5135005318764232,0.24245023152436831,0.2780814938043323,0.23334311877405958,0.2302491936717609,0.38623113933226116,0.1882686215811187,0.35265983185427013,0.2239075058571209,0.22940945473132868,0.2481687340918972,0.2619674738950046,0.1872693494831159,0.5379713466050483,0.31280234463520057,0.33032323405338976,0.2911743234593412,0.24963090112151215,0.25666264427985774,0.24146212169149905,0.24115811254858277,0.26696355396689964,0.17922160881470783,0.23843657692605322,0.321841490261396,0.21430151500116512,0.15310365121114433,0.1916518766986715,0.25454322608401647,0.1888648704818922,0.2595559395352115,0.20443540360864007,0.17668419397655336,0.15524173839857758,0.1895474184125821,0.17444010919719474,0.3392596098644445,0.27944641185279984,0.2921219531865207,0.0825980813598756,0.25339994361867324,0.14974899412464482,0.20073291528114554,0.24667659345255696,0.1924970286628007,0.12526067469375698,0.23720342219178944,0.01013545887494655,0.15621934906604626
0.36441125889004194,0.2897517799458751,0.2736021397597157,0.08582141594190182,0.16198451401517092,0.19070484276157465,0.03686562581795884,0.12702104139199985,0.13982874212889906,0.23286896574144647,0.21151689225966555,0.21973163136504398,0.13055958188125508,0.31280234463520057,0.7929324509075317,0.2228933865887171,0.22269204834811734,0.29412307365585505,0.1456918224222411,0.20056181182079758,0.20346243579273326,0.15661157526256458,0.26178363568050916,0.2812557589900027,0.16529699191680575,0.13296599737612533,0.10860860111842635,0.3788167403213425,0.24001669552081775,0.197356865145426,0.23240036841418846,0.1472500078940249,0.19870640075008433,0.1601685917534253,0.18771469125159854,0.161074884880805,0.3434034848844784,0.207823988076579,0.20351965274974337,0.07737842543972558,0.22116117072673477,0.1794714034440441,0.18636306860362195,0.14603460721441824,0.20127420795539677,0.1415798391333519,0.26259066144409465,0.024438551497533472,-0.0074810452911887254
0.44692323823610147,0.2038639899425018,0.21130471115509544,0.23247117488598704,0.25016830977817084,0.3121202794943215,0.28410602813476143,0.26508336139301375,0.19309416227162293,0.22016579231785413,0.275288044427572,0.3078165827902643,0.22847388230678659,0.33032323405338976,0.2228933865887171,0.718064642519318,0.28428103911181934,0.21144162368652428,0.2259769877703656,0.2478119974984416,0.2148486168955484,0.40763331693581556,0.14009239226672332,0.24904872347861723,0.18537522950984153,0.19739664371847787,0.18619983027391931,0.17750613240590124,0.23683461710697679,0.1728585360225925,0.2386456811250417,0.16571424985125344,0.17640137776817136,0.1788772963231213,0.23814665208605815,0.1511847833141349,0.286560241439271,0.27993538738812723,0.3173070161127223,0.12893842517763732,0.1834907780243361,0.147067120266875,0.2569517722068837,0.24972812368749184,0.20425565094154513,0.08953545636573174,0.20751758614178478,-0.016664591256836607,0.35944341175909356
0.25191336773670536,0.2872081526469851,0.3254141318494697,0.1844624645713641,0.14154836140688665,0.40173272672629257,0.20272498604814038,0.2775008959743427,0.25448660637526876,0.2714238826942809,0.32118965795937743,0.278010470418848,0.20901520209396673,0.2911743234593412,0.22269204834811734,0.28428103911181934,0.7892918764751632,0.23276504750758206,0.24297580749123018,0.3299631013226951,0.22580180128649674,0.2890221613847032,0.1493059858366354,0.2265407332840177,0.3317995001236097,0.21846653005944522,0.2287770785229574,0.3695182332335643,0.2987145188744356,0.14010667503355087,0.2641078084410747,0.20190081272061008,0.2681278483622105,0.20930386354660388,0.18288177868212924,0.14736803232268617,0.43513694870060443,0.2928702253142988,0.3199307511170319,0.0851048905885173,0.19656359167045415,0.15781128587775914,0.27497708308126917,0.2578537087680548,0.2989758754537207,0.10063117548591387,0.2179408320975946,0.017625055167347744,0.15918448516314318
0.5848605242346933,0.4053192171584152,0.36106183070209513,0.13912959662070598,0.19407433068041952,0.18550314387063238,0.274051074943257,0.31077550341812094,0.23949808446069673,0.3279829771995612,0.24506847049933686,0.20257794776144575,0.21894272646566335,0.24963090112151215,0.29412307365585505,0.21144162368652428,0.23276504750758206,0.7506061727530208,0.10347712203603177,0.13163468175637427,0.2349010396560426,0.23875632991312337,0.5407202981543842,0.2826150376392822,0.2597280328350331,0.2243829988835491,-0.03430205818075135,0.23138789750481198,0.3406643370265402,0.09643416369633682,0.2800208344708906,0.13765740953943734,0.2015829028890843,0.2408449391744648,0.1572984675058818,0.16010999706581555,0.4626620397453885,0.22565786688682096,0.29565258657589716,0.08063048505731063,0.2850566820631306,0.1832888856360266,0.1317931078074023,0.18737393419682727,0.09190707816223978,0.20981767978853708,0.43677005179498407,0.005701330763406013,0.05405849043670431
0.39000559147691016,0.1084398764222452,0.12345672077917441,0.30691210819297937,0.6589242758331928,0.5136326106209355,0.1507921455056178,0.20844123183645463,0.27001797897440366,0.1857707204456233,0.1858289548143881,0.2640240055055416,0.18698831067037913,0.25666264427985774,0.1456918224222411,0.2259769877703656,0.24297580749123018,0.10347712203603177,1.0856098296961216,0.09606784623764184,0.3012943339329268,0.26947340000393655,-0.09708870218679987,0.1798713065378581,0.4240934593062103,0.1482316852215491,0.18412176863804378,0.11082633118835267,0.04110372265375384,0.33360226305040347,0.30440872996463286,0.3285557683630239,0.30515784327980394,0.18645378028964102,0.15684779886015285,0.18978060244852674,0.28886695288235537,0.38446982095354504,0.38193450979580446,0.07838956194095785,0.2807558572774719,0.1807014340441154,0.2775183780164956,0.3405492555551185,0.3030387449552418,0.09255842614828273,0.2325937551058973,0.033650341158278425,-0.19195553495145679
0.29396027403658126,0.3573142155373719,0.18552915117540322,0.15778043275776296,0.1114566861483078,0.3053032437212763,0.2266804279583053,0.23211104318211614,0.14318655744556116,0.20275706108505373,0.31571456651764723,0.2452208214162592,0.19040876167867382,0.24146212169149905,0.20056181182079758,0.2478119974984416,0.3299631013226951,0.13163468175637427,0.09606784623764184,1.2042915880142082,0.0670924468352973,0.15186828672954075,0.16248288865113736,0.41113541981860285,0.3182682662380067,0.17861445842817048,0.3196548490268233,0.27624468358386106,0.5077342825550648,0.353879904889535,0.2365882608702971,0.45778319559510056,0.12983232640032077,0.3323643044879229,0.2734214619556426,-0.019362627273991722,0.6606854569736148,0.27897219255887806,0.5219689203982193,0.15519766050587794,-0.025522488465996675,0.11554672952584433,0.3726119642288775,0.2822263013543841,0.5337580445351346,-0.00015507598825632184,0.2711440369596045,0.08607809869073513,0.37231141219959296
0.4039057178774838,0.20438737174538962,0.2541039992751664,0.20328977744742438,0.23386144159370398,0.3181876621182387,0.24826377796091878,0.25010521531049645,0.2116007706287153,0.1772419816091942,0.20494967431462902,0.22042397509000447,0.1395306213613723,0.24115811254858277,0.20346243579273326,0.2148486168955484,0.22580180128649674,0.2349010396560426,0.3012943339329268,0.0670924468352973,0.7989812361680638,0.24301993689451748,0.17550525967595942,0.24880145975711596,0.2615565919472649,0.30644021198577975,0.18463181161219988,0.1723101266026106,0.1072299489046758,0.24777508830671086,0.3239333744768294,0.15956592491235116,0.22769370840444242,0.13548244264770495,0.2674936684291713,0.3304848031551749,0.16603509438922676,0.39415106587334503,0.2775092586761838,0.1490216329492807,0.45839332242906383,0.29548900729590427,0.2715434224833478,0.29840526217359403,0.27783324469453724,0.14250856542192858,0.2629307092512215,0.036038545058539026,-0.07739789809165028
0.4337528963807793,0.2391375887711172,0.3265640988096884,0.20833307371175086,0.26915613894417706,0.3038442177769705,0.3026942353326898,0.24284463087014058,0.44428626820666056,0.22960331773784406,0.21649280159915305,0.24931083279117927,0.24224527305769905,0.26696355396689964,0.15661157526256458,0.40763331693581556,0.2890221613847032,0.23875632991312337,0.26947340000393655,0.15186828672954075,0.24301993689451748,0.7364182694104757,0.23295115652202736,0.27611829420251865,0.18966108932935813,0.2002960256892195,0.22675223581433715,0.2120190280318668,0.20526569822603655,0.16024517351550974,0.2620683375933938,0.21479401543904386,0.2845971802725296,0.17045392651538063,0.13231775190373132,0.23256058044994682,0.26319952387922413,0.3625243630148703,0.3417445607940949,0.06538088429546073,0.23668198737458243,0.17648302123125909,0.21997290896173705,0.34748724121795366,0.0985034612614693,0.13742318809477602,0.20726166472161345,-0.07836647010614596,0.6450980265442183
0.4429641825886228,0.14271089402872106,0.12695343744407112,0.08547623307615791,0.10597890808598902,0.009585452644936241,0.2525426117179039,0.16583350423956986,0.18702405726434648,0.21146650829915606,0.16279397750110702,0.12006611518683095,0.1793353587605663,0.17922160881470783,0.26178363568050916,0.14009239226672332,0.1493059858366354,0.5407202981543842,-0.09708870218679987,0.16248288865113736,0.17550525967595942,0.23295115652202736,1.7392437827222023,0.851704252084605,0.30066448834533055,-0.17350882166564255,0.1834481025763464,0.33338750785954474,0.45373449607985633,0.4437346104320202,0.14808139208529864,0.014343888336770302,0.5452823360667491,0.3037117532589927,0.18287048723948648,0.058511573020433624,0.5378694847559842,0.12142053127408456,0.5450292029024753,0.10968149300448413,0.19787159425198064,0.1814502143875332,0.24490744450592705,0.36175170062133183,0.03205206104194028,0.10848567133760247,0.5125501576536735,0.10990667205042917,0.47752755341198655
0.08313156374663573,0.15675420496457532,0.16924773500594684,0.20297081391450564,0.16202686841587732,0.27990203643880834,0.1888328184360713,0.13609387007765078,0.22022032720277945,0.19753910157059515,0.21604720278201767,0.20767072474295897,0.19338822476398743,0.23843657692605322,0.2812557589900027,0.24904872347861723,0.2265407332840177,0.2826150376392822,0.1798713065378581,0.41113541981860285,0.24880145975711596,0.27611829420251865,0.851704252084605,1.5611754503520077,0.48172608195607103,0.0437984438827238,0.4099735031171858,0.5036182910160995,0.3750457164590968,0.6526754664574933,0.503339407907325,0.27611733582242176,0.419545146626574,0.36393126020760697,0.3725294859748828,0.45015754861122326,0.4835294595847211,0.37660856164183937,0.3932118614202067,0.11876240034246516,0.3910872468825068,0.35940766444419836,0.3249875534719671,0.37137959956571437,0.285967173863886,0.13477950539035474,0.4835413958178584,0.04649483264563016,0.021739188540412856
0.7107612853078814,0.2671986839348685,0.1872527598714361,0.2681269408552607,0.40473183508245847,0.4135104596902355,0.28462431558425466,0.2681773603324342,0.15368882976045622,0.29446497366523866,0.24536791646946532,0.27969472663895656,0.21181505183506125,0.321841490261396,0.16529699191680575,0.18537522950984153,0.3317995001236097,0.2597280328350331,0.4240934593062103,0.3182682662380067,0.2615565919472649,0.18966108932935813,0.30066448834533055,0.48172608195607103,2.1321387309435726,0.19571993350772543,0.3831640390885108,0.2905914935427172,0.5978440465874986,0.7068078393727644,0.4376850097221689,0.43957992555176517,0.08940494089016592,0.5530343057264847,0.6710226519455759,0.28143497488805275,0.3274652188861181,0.5513337027139896,0.4505797039074073,0.13264637728834966,0.22065960528931236,0.28973642439854236,0.6160942220543629,0.5665734472289629,0.6273630425236809,0.15996881368850963,0.5183735947177083,-0.03936216868024627,-0.9517028572346771
0.21937047673477342,0.2510026075161279,0.30166277391046376,0.1977785736737566,0.18758222982378,0.26926931731064513,0.24165350596673527,0.33036769791098286,0.2422514624344183,0.17817998285936257,0.23134138245182184,0.24063319605831787,0.13738021347893936,0.21430151500116512,0.13296599737612533,0.19739664371847787,0.21846653005944522,0.2243829988835491,0.1482316852215491,0.17861445842817048,0.30644021198577975,0.2002960256892195,-0.17350882166564255,0.0437984438827238,0.19571993350772543,1.7747976292064649,0.4334054288797922,0.3307660283101513,-0.31140876507247517,-0.24627727158983023,0.22114448251238264,0.47287208791284535,-0.1288933191941144,0.33797095648032605,0.39938025658802107,0.2404398213465945,-0.4773668904597634,0.25129662857171686,-0.37602736068993275,0.0981619423205223,0.21576832653810232,0.19569884508767743,0.3960068696847446,0.10681527427505473,0.0830213657023078,0.04115415349108676,-0.012778713003452275,0.011920521909533792,0.04002830689584882
0.19450820636190141,0.3065868502705787,0.2547304992617034,0.179524466446007,0.19496463662681568,0.2287594414432903,0.2184021790308965,0.18001990589347053,0.19499769286217483,0.2631653644552278,0.20061223379697507,0.21744206816112213,0.1502083584400088,0.15310365121114433,0.10860860111842635,0.18619983027391931,0.2287770785229574,-0.03430205818075135,0.18412176863804378,0.3196548490268233,0.18463181161219988,0.22675223581433715,0.1834481025763464,0.4099735031171858,0.3831640390885108,0.4334054288797922,1.4902445783211835,0.5156333639641756,0.046266550565011944,0.553287557269341,0.3440612409525843,0.36549731153094,0.12412752281994252,0.3241908225519577,0.637648634177054,0.42308743984933284,0.18711797368991132,0.3675617821057232,0.16954389326379415,0.11100682284078367,0.15938331401822095,0.34758120523702557,0.9187838096607108,0.5377896729025655,0.676179091785387,-0.061175736779738435,0.27174083170539803,0.050388732107481085,-0.20000089753594644
0.12734765603058104,0.4177785404425949,0.3600478061296667,0.0487972132144857,0.06367070335838738,0.1428819599256986,0.08132444122700948,-0.11479706241323687,0.262638510423517,0.26126164307131255,0.13010462685460003,0.003403170996630434,0.0978169331763134,0.1916518766986715,0.3788167403213425,0.17750613240590124,0.3695182332335643,0.23138789750481198,0.11082633118835267,0.27624468358386106,0.1723101266026106,0.2120190280318668,0.33338750785954474,0.5036182910160995,0.2905914935427172,0.3307660283101513,0.5156333639641756,4.846957744969994,0.29859330714744253,0.11163523178002639,0.3268963929720617,0.5597312597684527,0.596203967030847,0.3278112287232705,0.18605140153141952,0.18488807286926146,0.37617394954778033,0.1986360318522637,0.0419924619962365,0.05114413899874613,0.32063747901500506,0.42434852713609317,0.4719908368069847,0.1301953651837697,0.5328401317256832,-0.21970248413550433,0.21317574246002355,0.14943334450146709,0.35867636965982186
0.4353812543214721,0.4662266993971393,0.40242651515051375,0.13074055754300629,0.05478944853424259,0.270429783899504,0.2393967756271778,0.22772616839793897,0.15246203210142395,0.2865534491366566,0.2619519784955789,0.21072472778216486,0.22081580714287136,0.25454322608401647,0.24001669552081775,0.23683461710697679,0.2987145188744356,0.3406643370265402,0.04110372265375384,0.5077342825550648,0.1072299489046758,0.20526569822603655,0.45373449607985633,0.3750457164590968,0.5978440465874986,-0.31140876507247517,0.046266550565011944,0.29859330714744253,2.3110514758630027,-0.09838486169455855,0.08320689151143108,0.47319568257127786,-0.1225040730199283,0.5934205695844879,0.017872311893388348,0.45537363628154665,-0.3604449120584067,-0.18579060617002752,0.5790794604276664,0.21654410275217467,0.035749123474066634,-0.11267343104663313,-0.1830402204930829,-0.14770020152724223,-0.04788675912585882,0.2213056515979762,0.1558067905311899,-0.13778644394461192,0.5618473829596136
0.35418937715768417,0.0270817150211442,-0.28047488197338033,0.17615501824162702,0.38671736430624626,0.15588499175240048,0.11041814209184682,0.07783065600536085,0.06660738401281673,0.2555491679539032,0.10929623011362559,0.14694717389205067,0.14973047522904165,0.1888648704818922,0.197356865145426,0.1728585360225925,0.14010667503355087,0.09643416369633682,0.33360226305040347,0.353879904889535,0.24777508830671086,0.16024517351550974,0.4437346104320202,0.6526754664574933,0.7068078393727644,-0.24627727158983023,0.553287557269341,0.11163523178002639,-0.09838486169455855,2.9753496938607977,0.49900276178661984,0.5535784775333987,0.2687974501676102,0.18679707461665793,1.1046526231135159,0.3453890819395838,0.9376271901324376,0.78407214713265,0.6611317543091554,0.14630625983402723,0.4555880532764196,0.43267229674470936,1.2364074567182857,0.9817040525437868,1.137477960834172,0.20572897465227652,1.4916818298434096,-0.002948625670778928,-1.6431571941410916
0.36219239896052197,0.2625828335977882,0.2712370891486241,0.20403458386821718,0.2627084844741801,0.32483083645631755,0.21327553498836144,0.22454723104402063,0.22447955826451274,0.2646662958888002,0.22636326458350156,0.25628617579303076,0.18635146704907396,0.2595559395352115,0.23240036841418846,0.2386456811250417,0.2641078084410747,0.2800208344708906,0.30440872996463286,0.2365882608702971,0.3239333744768294,0.2620683375933938,0.14808139208529864,0.503339407907325,0.4376850097221689,0.22114448251238264,0.3440612409525843,0.3268963929720617,0.08320689151143108,0.49900276178661984,0.8271500303864728,0.3026602966275444,0.15284260815090958,0.22337362068375582,0.43479870848975877,0.6354402729780202,0.46364220554195795,0.5627578276933334,0.3311409564505854,0.1163604541910999,0.5269586071357265,0.3845491433824547,0.2776561716124316,0.41956300997090973,0.40453075228599406,0.20719519857727414,0.41079850463092027,-0.02585404930549814,-0.6914903165642633
0.31484757973791844,0.26173853345805254,0.20862878121811765,0.2363292818090855,0.28346174345446395,0.3605710503442885,0.23782902126925595,0.23781391145903238,0.21523290504416867,0.24574544458023936,0.23452419932736074,0.2445135091405325,0.17856161273902488,0.20443540360864007,0.1472500078940249,0.16571424985125344,0.20190081272061008,0.13765740953943734,0.3285557683630239,0.45778319559510056,0.15956592491235116,0.21479401543904386,0.014343888336770302,0.27611733582242176,0.43957992555176517,0.47287208791284535,0.36549731153094,0.5597312597684527,0.47319568257127786,0.5535784775333987,0.3026602966275444,3.4361786666890555,0.08936583823141386,0.7162051171079161,-0.19830727282000718,0.23292751050396332,-0.062227125962006614,0.48384258399146385,0.4131441420473628,-0.10908836115558118,0.09965984521045983,-0.041919780329895365,0.2832048419465665,0.4921178622281443,0.39007851094138735,-0.0977252019620117,0.3952704240658128,-0.047628333770274284,-0.4769297592425952
0.3637401556384277,0.15167935887573397,0.15281992446675258,0.11833963184212921,0.21664874264972245,0.17709490776307998,0.18220609365511062,0.10922688169234653,0.27427839692088557,0.11828558220415371,0.1539064573643047,0.18363863809235173,0.16244157639727574,0.17668419397655336,0.19870640075008433,0.17640137776817136,0.2681278483622105,0.2015829028890843,0.30515784327980394,0.12983232640032077,0.22769370840444242,0.2845971802725296,0.5452823360667491,0.419545146626574,0.08940494089016592,-0.1288933191941144,0.12412752281994252,0.596203967030847,-0.1225040730199283,0.2687974501676102,0.15284260815090958,0.08936583823141386,2.3289845673273057,-0.15004658439465865,-0.4994823626725774,-0.24518413962279972,0.7132932878736415,0.40642243829125635,0.18778951537340177,-0.13660904456251324,-0.10460501466270275,0.04645550164433743,0.4202920689976984,0.2308354325596875,0.13704055447632593,-0.060427560297416825,0.26439716026002075,0.18965180059865694,0.13894135119350895
0.04147842003963661,0.20897029905038636,0.19731408070173231,0.2317510175456085,0.3053477980120656,0.20274345605318395,0.23033306925370392,0.17109789292173025,0.1330876709989506,0.3275240972946653,0.2014759538951976,0.1969184459988478,0.18771303611798287,0.15524173839857758,0.1601685917534253,0.1788772963231213,0.20930386354660388,0.2408449391744648,0.18645378028964102,0.3323643044879229,0.13548244264770495,0.17045392651538063,0.3037117532589927,0.36393126020760697,0.5530343057264847,0.33797095648032605,0.3241908225519577,0.3278112287232705,0.5934205695844879,0.18679707461665793,0.22337362068375582,0.7162051171079161,-0.15004658439465865,1.7772402153565063,0.5668209418306066,0.04898189470266506,0.3409705447135172,0.28641191394914056,0.2219589859467788,0.021541937643635867,0.09206670593566407,0.2741123055926056,0.5239087970063705,0.4240168539271569,0.3475873083124071,-0.0010049522347939225,0.27870913582112133,0.07934912381324756,0.2144681908107168
0.22655674735044726,0.14818382044453166,0.006915545687540304,0.1663264800633329,0.27259648914155454,0.13641765220766738,0.13223570032981333,0.17298725725634673,0.06890511571610178,0.2853825744133939,0.1736867606212516,0.18399581282126987,0.17844240474965126,0.1895474184125821,0.18771469125159854,0.23814665208605815,0.18288177868212924,0.1572984675058818,0.15684779886015285,0.2734214619556426,0.2674936684291713,0.13231775190373132,0.18287048723948648,0.3725294859748828,0.6710226519455759,0.39938025658802107,0.637648634177054,0.18605140153141952,0.017872311893388348,1.1046526231135159,0.43479870848975877,-0.19830727282000718,-0.4994823626725774,0.5668209418306066,3.072952437375286,0.0948469332662738,0.4265597481112382,0.4172029237538572,0.31956204631960006,0.6757351230468903,0.18349402269971207,0.5855287464004757,0.9831899016231261,0.6672710688698421,1.1249918438363653,0.22042793682560385,0.6460664229554243,0.028402559018740028,-1.0739833689342135
0.1511442527827682,0.2312035319677422,0.3868483706611024,0.13260056615110702,0.10367452208059373,0.25078550985030784,0.12844193667266587,0.137620871997876,0.1642660399095707,0.2253630409764641,0.10564173131226126,0.19399028278859437,0.112092347437661,0.17444010919719474,0.161074884880805,0.1511847833141349,0.14736803232268617,0.16010999706581555,0.18978060244852674,-0.019362627273991722,0.3304848031551749,0.23256058044994682,0.058511573020433624,0.45015754861122326,0.28143497488805275,0.2404398213465945,0.42308743984933284,0.18488807286926146,0.45537363628154665,0.3453890819395838,0.6354402729780202,0.23292751050396332,-0.24518413962279972,0.04898189470266506,0.0948469332662738,2.2717608485638427,-0.36489863342191325,0.28962216723508166,-0.06887143174410099,0.15105822483720133,1.119937524858864,0.48079988358675324,-0.4245049151270413,-0.02854220428750762,-0.19650275909828668,0.5188665790545918,0.23352616221213365,-0.28670917878766483,-1.5677270830171548
0.5191129608731593,0.46755820180716334,0.28380375855186907,0.18160867472460124,0.30468465177903303,0.29578404511706935,0.2459104270333347,0.25155165363995813,0.24762494180099603,0.33914126445825876,0.2920390578909382,0.2337432705717107,0.24520959212601615,0.3392596098644445,0.3434034848844784,0.286560241439271,0.43513694870060443,0.4626620397453885,0.28886695288235537,0.6606854569736148,0.16603509438922676,0.26319952387922413,0.5378694847559842,0.4835294595847211,0.3274652188861181,-0.4773668904597634,0.18711797368991132,0.37617394954778033,-0.3604449120584067,0.9376271901324376,0.46364220554195795,-0.062227125962006614,0.7132932878736415,0.3409705447135172,0.4265597481112382,-0.36489863342191325,2.7476042201307482,0.6846755649446024,0.5999385577960069,-0.05414538438418257,0.2604791643216446,0.5179763599295342,0.7215387558549892,0.6846514239305648,1.050121736576731,0.14930687161609352,0.7643416751046347,0.23534814288309328,-0.02879100652676513
0.5401495524660402,0.24701149092164962,0.30072696375405034,0.20383987123957456,0.2681320403887405,0.37211709834892936,0.24891310971624633,0.2535168480022902,0.2658817159942033,0.24178190513117834,0.2186832385213574,0.2584848704545823,0.18791074773413288,0.27944641185279984,0.207823988076579,0.27993538738812723,0.2928702253142988,0.22565786688682096,0.38446982095354504,0.27897219255887806,0.39415106587334503,0.3625243630148703,0.12142053127408456,0.37660856164183937,0.5513337027139896,0.25129662857171686,0.3675617821057232,0.1986360318522637,-0.18579060617002752,0.78407214713265,0.5627578276933334,0.48384258399146385,0.40642243829125635,0.28641191394914056,0.4172029237538572,0.28962216723508166,0.6846755649446024,1.9960798845943561,0.286214879201437,0.047399873435390025,0.3171646384526778,0.49149229888997764,0.9640060105112317,0.8556456010484245,0.6832465853813379,0.39756635879671054,0.5613983804784348,0.03713350927979999,-1.3153010929017714
0.6320605281491236,0.2133040748732352,0.11399684721596925,0.2594483605390665,0.3890065090844083,0.3360942289101737,0.34929959411490585,0.375061465680474,0.2794260074966856,0.2981845196300055,0.34709577317190654,0.3059902341483304,0.2813446123069115,0.2921219531865207,0.20351965274974337,0.3173070161127223,0.3199307511170319,0.29565258657589716,0.38193450979580446,0.5219689203982193,0.2775092586761838,0.3417445607940949,0.5450292029024753,0.3932118614202067,0.4505797039074073,-0.37602736068993275,0.16954389326379415,0.0419924619962365,0.5790794604276664,0.6611317543091554,0.3311409564505854,0.4131441420473628,0.18778951537340177,0.2219589859467788,0.31956204631960006,-0.06887143174410099,0.5999385577960069,0.286214879201437,2.328617350491075,0.42520251214363575,-0.07738913558005385,-0.07220078890118053,0.07568128178524275,0.9529413730448483,0.7110433179574869,-0.21689020829408448,0.497946888838854,0.039921781289729126,0.7859100492961385
0.12297076560922396,-0.003576409163679596,-0.16156988694285468,0.0778839766171923,0.13983353392325512,0.07138066169439602,0.06148638635006788,0.06727952235894112,0.020988847026041313,0.08003197288510938,0.08527991325799784,0.08742133481841627,0.05325112645891162,0.0825980813598756,0.07737842543972558,0.12893842517763732,0.0851048905885173,0.08063048505731063,0.07838956194095785,0.15519766050587794,0.1490216329492807,0.06538088429546073,0.10968149300448413,0.11876240034246516,0.13264637728834966,0.0981619423205223,0.11100682284078367,0.05114413899874613,0.21654410275217467,0.14630625983402723,0.1163604541910999,-0.10908836115558118,-0.13660904456251324,0.021541937643635867,0.6757351230468903,0.15105822483720133,-0.05414538438418257,0.047399873435390025,0.42520251214363575,0.9966713883213943,0.034682618191067334,0.22366293248023836,0.11840920501834094,-0.39711400883562303,0.4241979424963147,0.2351384281745328,0.12544645964267323,0.009093432448013805,0.20025302321048283
0.2709613808192017,0.17300681570947712,0.25662515551275494,0.1523517224159009,0.2019264467270122,0.23919736008285442,0.1401021221917187,0.17687086138288777,0.16286559047475146,0.2727316407250933,0.10538195704224347,0.11588163693207945,0.13187001323544184,0.25339994361867324,0.22116117072673477,0.1834907780243361,0.19656359167045415,0.2850566820631306,0.2807558572774719,-0.025522488465996675,0.45839332242906383,0.23668198737458243,0.19787159425198064,0.3910872468825068,0.22065960528931236,0.21576832653810232,0.15938331401822095,0.32063747901500506,0.035749123474066634,0.4555880532764196,0.5269586071357265,0.09965984521045983,-0.10460501466270275,0.09206670593566407,0.18349402269971207,1.119937524858864,0.2604791643216446,0.3171646384526778,-0.07738913558005385,0.034682618191067334,2.5679313147706595,0.5639602579173921,-0.24911606620596385,0.18184072453740233,-0.7308996609590036,0.5787340877043358,0.36914983532731827,0.13145521158213896,0.37476426642481697
