0.6099479795326964,0.1980778543869638,0.23652710193337312,0.039226715026790704,0.22076484544919966,0.08410448451582421,0.17864560973755625,0.06898193090757912,0.11962441114953734,0.11820375349545943,0.0945639474520386,0.11436139608621848,0.10724380264065052,0.11340229173239542,0.09639240629877709,0.09893892673199438,0.07328297014564111,0.11412375031508416,0.12822998516534856,0.07075274309600797,0.11892608309338366,0.1479169537456757,0.07515758455694198,0.08912223075004394,0.11483418167163774,0.06278299866138372,0.1487681712627044,0.05492723825606634,0.11570877669599355,0.09113663801606027,0.12408653594067046,0.09317468637301923,0.11962569501370793,-0.007350930761718483,0.0461587705949465,0.1550084651567905,0.08071596142553987,0.1879455621484066,0.11257517585260152,0.03682805463423739,0.11351052482665053,0.11232029148111561,0.16885819857332912,0.0928407301569377,0.08642975338181362,0.20117103312473075,0.12417564566966975,-0.15256103400943166,0.13261600987623265,-0.02029085340772458,0.015465563877284379,-0.10880704434600316,0.11960487674293223,-0.0011454494391698767,0.0450760728986088,0.019816107439354823,-0.052067322052573244,0.0006266947088682649,-0.026681964567026466
0.1980778543869638,3.8680617759958547,0.14640016561764546,-0.3536908254339128,0.05824217081310463,0.1981423778384213,0.03653417235866379,0.15143277616220513,0.07131800954117752,0.19650291277211418,0.0017394191135205372,0.06404541372931022,0.08055814188673897,0.040465855750428215,0.03343087335863737,0.00394412747140483,0.026939926158737637,0.2086302465988829,0.16286917783404367,0.23021820150812838,0.29502353790352576,-0.006388180601669333,-0.23795528945347616,-0.08528781392749019,0.023019778899317892,0.3178517249144062,0.3279372619148989,0.18357914032650322,0.16421935551429767,0.2953185373400268,0.2565673467902532,0.15562021502021053,0.09226617111626431,0.007871319207321485,0.11359758742242478,0.1915715934603195,0.17042230734143174,0.3753396547318124,-0.07682306132769894,0.2626852650673581,0.37782139775354995,0.2795559526923529,0.43229045394489984,0.026223556562008886,0.2372114258516477,0.3719542565228334,0.28579679921815293,-0.3513806456825992,0.5285887398151388,-0.9662940952614679,1.3311949006536612,-0.2669989092327914,-0.18276963633045926,0.12415536308378487,-0.8256635086158468,0.05940882768485335,0.053017838487188135,0.724386821092588,0.005020698453217451
0.23652710193337312,0.14640016561764546,2.175859445603025,0.3385147384857054,0.03911907484675931,0.21648160035767344,0.1541105863714474,0.5938181191843969,0.45346860625938634,0.293626486982369,0.40145374664354294,0.33708370035322366,0.34165923496267836,0.2546439155824007,0.37686908545226644,0.19837342854024428,0.35455805551807934,0.36405002498377487,0.2510962723696047,0.24405751002351753,0.3283839870888269,0.2942987151790041,0.19662936375079482,0.1986622308025177,0.31199866084643707,0.22991236365438616,0.45272683181136075,0.36703733124897564,0.3355881304884489,-0.2578220392879652,0.313588869328339,0.26923969724769425,0.37774372750640106,0.33582801346671304,0.26596334088154566,0.5812510439691765,0.3259962633777006,0.25167165201444813,0.38412073875396074,-0.39884765076542295,0.2476649838243298,0.33228019109193635,0.2831600485005149,0.05979182402536298,0.03142844112643573,0.6258623824464242,0.14850860817718192,-0.42420631350843885,0.0679249540262757,0.11092604281073713,-0.042928312360621876,0.30041397142227366,-0.15750017113295048,-0.17178720074207793,-0.06573605633724872,-0.10201843310532606,-0.18116296658843042,0.04732714175203471,0.15436245305848387
0.039226715026790704,-0.3536908254339128,0.3385147384857054,1.7106074299832028,0.19907881495179414,0.29844471332910716,0.43808523625278817,0.44006469106910884,0.21915149807590248,0.26901903575103303,0.3773670212359044,0.39458567519588356,0.35491738213954005,0.38868603518811523,0.303455939426473,0.3455241814007216,0.37471812725520226,0.34511447328753775,0.21650771669156044,0.25708838643282483,0.29873439229129195,0.3837720503095905,0.312778619683346,0.24606008023873358,0.35308551457046744,0.2870047478886642,0.38173827752701234,0.18240651643779499,0.27039012292550807,0.27289379922656576,0.2700213741921577,0.27202348575989316,0.24881429531412066,0.4947967324605556,-0.031966353857341444,0.29838810064230936,0.43810167141174855,0.40532139003124995,0.3969445105141735,0.010261694418713748,0.4086271669816572,0.2952997322537812,0.36501069506249123,0.551487582398436,-0.02266588271988042,0.2824768672687513,0.3429839227290749,-0.0754692539556825,0.5829589377887038,0.3125467983217559,-0.3474035638555852,0.49955910699776196,-0.2616651637970517,-0.21868031122503612,-0.19228526503885573,-0.012340580510310069,-0.26524220729777315,0.18942216290988367,0.1776909209527465
0.22076484544919966,0.05824217081310463,0.03911907484675931,0.19907881495179414,1.2661846059518953,0.31066311116721335,0.16198580650449798,0.22416292523544434,0.2511662169670198,0.17108033309240567,0.17553061517118146,0.17669981823594483,0.21733691975343566,0.20921511596611686,0.1618484044610746,0.2807862808385911,0.21309290356512278,0.23970807546863848,0.4948742470079085,0.24535027572659668,0.20593598547347033,0.31041984187126087,0.22733236706498738,0.19356769863430226,0.1923850827435692,0.2486213913335864,0.32577404257495896,-0.025669454672598107,0.15168606935469628,0.32212849726320975,0.23844334787213536,0.1794156985492824,0.1466267501766678,0.3719322131499875,0.009422472177714194,0.2205523314304771,0.3504303064276944,0.3687554049338669,0.25606270930454206,0.07774691776522222,0.2290157419515431,0.20607515645566646,0.35040873420428487,0.26646443212642557,0.07261944573661677,0.23920528351840936,0.311842466253548,-0.10589740731503985,0.4568044618879765,0.1659090434426401,-0.0694240966917972,-0.44520582368378847,0.4150639872269174,-0.044016684389688296,-0.0889087632149505,0.10865079124773694,-0.2183087809094673,0.09690952497105061,0.06739575246812789
0.08410448451582421,0.1981423778384213,0.21648160035767344,0.29844471332910716,0.31066311116721335,0.9538669689322355,0.12979560626648162,0.2877208667950197,0.15052172634655162,0.2034961991634289,0.24756112847393832,0.21736945596740628,0.27737810765518006,0.22082981043769137,0.19930856963295868,0.2726571857425187,0.35602266097849117,0.24503454567367547,0.4579032156579275,0.37854606159477705,0.27272223237549736,0.46635176218611973,0.2628966184263249,0.2220023343361896,0.27607652497303836,0.23218463030154343,0.3321088753323784,0.11729832104686112,0.5631226820989523,0.18624257556293838,0.20703616037847264,0.2326683189692444,0.0025504127174067613,0.41838346005042837,0.13525185578883994,0.14238195090613587,0.42659227768880814,0.33243734768190425,0.35261053603320486,0.0468724254637152,0.0946704541687701,0.26973804988211403,0.4080039660003863,0.3563905639146382,0.2859184049554469,0.11280336050653555,0.2729841420002207,0.04731789587743485,0.30728137982405995,0.46583897501090377,-0.5750517240438763,0.2312844794638614,-0.15112516154068628,-0.01132408577512487,-0.1973232038348782,-0.0048798112073140006,-0.26051028802671977,0.1840606969737738,0.19464902356581046
0.17864560973755625,0.03653417235866379,0.1541105863714474,0.43808523625278817,0.16198580650449798,0.12979560626648162,0.7597736787667433,0.079947537756358,0.3331326375353066,0.21843535137742626,0.22844396713097356,0.27501156858748693,0.2333990583938655,0.1244702744497251,0.1776345181033144,0.16578600311439118,0.216851907145284,0.2499831619147749,0.17867619618738179,0.15782676169478968,0.22972968590794854,0.3098668807957681,0.22341545452989284,0.223681355719119,0.21123349706319894,0.2410758299818074,0.25513746671983684,0.09584717215680269,0.1295165709244336,0.20247723156010053,0.24147852949315166,0.20789704149306037,0.20648684737837644,0.3259326985620881,-0.04903474038605971,0.24809145954470596,0.19733070771703684,0.2684661800716782,0.21634430035306385,0.061103803528638576,0.26551022101493804,0.22728120755901274,0.2633123957048853,0.2388081201033429,-0.04488007795458155,0.2714834098419593,0.2664438926247184,-0.09822577839508961,0.4491040561422854,-0.049722815414625886,-0.03412831386933841,0.24348461201676472,-0.04625681568865214,-0.14122164915352903,0.002795255994526448,0.1397534845337153,-0.13072927607505574,-0.040789640376313156,0.02113021656334767
0.06898193090757912,0.15143277616220513,0.5938181191843969,0.44006469106910884,0.22416292523544434,0.2877208667950197,0.079947537756358,1.288280499579592,0.04542784484286115,0.23548752950214177,0.4415739910534147,0.2959622067276815,0.42226579256381397,0.3233048865578341,0.2630405893574115,0.2730449851678106,0.4634122964612371,0.3422268983606281,0.2466576960512445,0.3767561053742038,0.2790828507354578,0.2638959826573051,0.2133836857324397,0.10688008312647676,0.3487131339661441,0.26659032902837243,0.4547305745098148,0.4154407872825301,0.3683222972426162,0.17688174305969043,0.21369021305654914,0.24095783687433453,0.33768519859415863,0.43096413098824,0.39126691158268384,0.2782759754750223,0.522778428937139,0.19003264306610662,0.6001424423714,-0.05846764866739781,0.3077690682193084,0.2842593058438014,0.3701604434732264,0.12046544901038232,-0.004847441001267776,0.38390255235247234,0.31288797458998824,-0.12511822060578898,0.5012369975661415,0.3405931142689226,-0.2412678787189983,0.3695539549582068,-0.20200347123600595,-0.20230713480447718,-0.3267221359234624,-0.21720646607837737,-0.20934625772966445,0.4289364180469309,0.17365712397792618
0.11962441114953734,0.07131800954117752,0.45346860625938634,0.21915149807590248,0.2511662169670198,0.15052172634655162,0.3331326375353066,0.04542784484286115,0.8447103774190736,0.2105644166587329,0.18131469607538717,0.17414700131581123,0.21064050195709577,0.2434215735952448,0.22297162186889605,0.16265171276520368,0.17499018335265756,0.24486695856913904,0.14032846356181974,0.06791164299278331,0.2572388333604796,0.23819781220479871,0.20186301717364305,0.2868256326947695,0.20240166984085312,0.39728849603357036,0.3759162547302729,0.14426318685224396,-0.04666660057641122,0.22569285843974446,0.30841342894836143,0.18438664837628263,0.2995510325355092,0.1097086750392875,0.0633507649600248,0.31192019158788964,0.12236814302750838,0.3005313886425851,0.18317112091085225,0.039605687889076535,0.26270424789377383,0.25264654822544924,0.33296817356713376,0.15871450481882396,-0.016967495231407566,0.40498737369475013,0.28369947647197336,-0.2675806486405078,0.7467798072487022,-0.07283669193309837,-0.008827352667861454,-0.03260231617154719,0.17580085259877337,-0.09597447157474452,0.030845370747715106,0.3690167151656245,-0.19010180992813522,-0.06481597799100093,-0.0941310334448856
0.11820375349545943,0.19650291277211418,0.293626486982369,0.26901903575103303,0.17108033309240567,0.2034961991634289,0.21843535137742626,0.23548752950214177,0.2105644166587329,0.5391978812428101,0.2172008537003256,0.23094121013750885,0.2444430307786101,0.16864227757674569,0.23200256650797924,0.17485885211301022,0.24369640478434762,0.26320294002210587,0.1857232301575967,0.13396087744896107,0.1745136636034277,0.2649938645501204,0.2845443039371102,0.2191612400014896,0.2302701998212284,0.21157424820056336,0.21937697550168,0.1267227190397124,0.24092379297654368,0.208543618030698,0.2088818496269088,0.17675584588795415,0.07475548027217321,0.40042484721608784,0.18996836761786473,0.309396568431306,0.19530225954929567,0.18069880952284528,0.2247458755460078,0.007425790783040557,0.3202400761369744,0.17765311693196834,0.16671503209356894,0.16457740874286064,-0.13885612430236607,0.3171240644671568,0.2666921452802491,-0.2499312784976271,0.35705640766186336,-0.03841473870249652,0.09751796649748928,-0.13672460917153598,0.02391302597391085,0.027486879465562043,-0.05635972558212934,0.09735365200463911,-0.10627353440198943,-0.015195943022303954,0.05519289207312392
0.0945639474520386,0.0017394191135205372,0.40145374664354294,0.3773670212359044,0.17553061517118146,0.24756112847393832,0.22844396713097356,0.4415739910534147,0.18131469607538717,0.2172008537003256,0.5049951592359059,0.3463385972639783,0.3179028933154811,0.2281201992496499,0.31353260888314033,0.2401406768565651,0.324763979668154,0.263403683172236,0.16854052021127724,0.3029054702902952,0.25607942171056797,0.22551403888645985,0.20570552170221904,0.20326473411218596,0.2820497344762029,0.22708296208567175,0.34821827786712994,0.27068339793966595,0.28499363407122313,0.19437879007707812,0.24837670137271173,0.20353471444538151,0.26523997525393417,0.29963460028532213,0.30357604295201784,0.2728733802059193,0.3411100702878824,0.21794208983558952,0.4040457582824561,0.0025297073540712627,0.24926498355975532,0.25598020493152385,0.3144357005251052,0.1199835421197137,0.017397164195344712,0.3335497598464301,0.27933651912689395,-0.1515749700406443,0.46408058887844855,0.17902597256616606,-0.20607274264450243,0.05910320443012906,0.04215996239558725,-0.060695043573054976,-0.09886879676019834,-0.00037224309508256814,-0.2159551601046083,0.10755685915993698,0.1359794593313564
0.11436139608621848,0.06404541372931022,0.33708370035322366,0.39458567519588356,0.17669981823594483,0.21736945596740628,0.27501156858748693,0.2959622067276815,0.17414700131581123,0.23094121013750885,0.3463385972639783,0.6682725936023703,0.29002762841361435,0.2420736931683659,0.2601198975237115,0.2739844241881544,0.25479724876165893,0.171132504840597,0.1769079055569386,0.2390891227159702,0.20988989915024772,0.20479157656931196,0.15095798368300142,0.180314652503889,0.28338899752495433,0.26627558619498976,0.2965697276965274,0.15024106926910175,0.15687147987505992,0.15764730518393608,0.19404151979948422,0.25507303395272285,0.21872054151255282,0.2775162204688715,0.13025036018067349,0.2544460900495216,0.1966052428842789,0.24376288611267768,0.27287851143654657,0.010396890989513729,0.17148249842340121,0.2075761904692575,0.26762062080104154,0.16752153923839233,0.026622506994508417,0.2655030710031022,0.20866785029281856,-0.10203914830642857,0.34022925374084007,-0.00606146962626808,-0.126111303304845,0.1148765432752751,0.07764780693428555,-0.05504708793705899,-0.08481244878466011,0.039081126524117486,-0.20353883397724148,0.10191263749623143,0.03273136115689913
0.10724380264065052,0.08055814188673897,0.34165923496267836,0.35491738213954005,0.21733691975343566,0.27737810765518006,0.2333990583938655,0.42226579256381397,0.21064050195709577,0.2444430307786101,0.3179028933154811,0.29002762841361435,0.5647492494040839,0.24786830624724787,0.21301280084139423,0.2610058448939729,0.323323394109712,0.2974643856614189,0.23528781107611504,0.19465146121225568,0.275369728051066,0.3821979301152445,0.2424154355045599,0.20992850392403678,0.2684322432008676,0.2146444838541348,0.33970827230775863,0.31765781523872494,0.328749165271441,0.20123431550581714,0.235784054612602,0.2596923866296239,0.3042804636565243,0.3187108522568636,0.272685158230576,0.2558229285954039,0.308401670755998,0.2117038518186203,0.4168291635923566,0.027762232894871036,0.27029370117673696,0.2749263513794122,0.35867644451814895,0.19132774926743318,-0.027684543537887473,0.352744577158877,0.3044389246458326,-0.1800951106671146,0.47847247000962806,0.21241129304414488,-0.1225129110537707,0.10578933529747118,-0.12857014195679495,-0.06480613627530861,-0.07231672723954005,-0.0498756124743099,-0.22080150544525487,0.02718354225219306,0.2801527388502587
0.11340229173239542,0.040465855750428215,0.2546439155824007,0.38868603518811523,0.20921511596611686,0.22082981043769137,0.1244702744497251,0.3233048865578341,0.2434215735952448,0.16864227757674569,0.2281201992496499,0.2420736931683659,0.24786830624724787,0.6093408463907318,0.2605951478655451,0.34078761286472353,0.2399914577666886,0.17520727307982387,0.17065823476296282,0.23065041841291334,0.2227038808633057,0.20063858895324685,0.16144432352294824,0.17984792612550077,0.24335543627071612,0.2646128424411784,0.33574837523758916,0.19474853977504888,0.21103984831941972,0.27161141918606074,0.1988788527226487,0.16306548061657766,0.15963337172547823,0.19610409699857295,0.22027839862785434,0.29329528374118236,0.24935167455537838,0.24959896327975506,0.2316129169500489,0.06248400492840946,0.34166035680005624,0.2201738209594706,0.31914467349105863,0.180672452717984,-0.0008322833236215498,0.32455535025054344,0.24946019590131488,-0.23819189082543388,0.5724095213239653,0.06730113336616635,-0.03640294621614315,-0.007241536972948131,-0.009437806667606284,-0.016214348302315527,-0.19968983142687446,0.04223699940018023,-0.3129069549285599,0.23041067831631484,0.19124495327357277
0.09639240629877709,0.03343087335863737,0.37686908545226644,0.303455939426473,0.1618484044610746,0.19930856963295868,0.1776345181033144,0.2630405893574115,0.22297162186889605,0.23200256650797924,0.31353260888314033,0.2601198975237115,0.21301280084139423,0.2605951478655451,0.7430274907802384,0.20531918456298287,0.2703165849447233,0.292078075385359,0.13451810228939215,0.29378926423168716,0.2615708144500824,0.09744503656748117,0.19187677606317327,0.21872924214400313,0.29929246069414,0.18776043458805242,0.3738838718541187,0.27222442932695123,0.3018839665854646,0.20909450312819336,0.2742192038425199,0.10600824534860909,0.23908852429605762,0.2814987125659222,0.24049851995177324,0.3294742080354339,0.4254420643230905,0.13023786314593466,0.35503777211468857,-0.035067744837408765,0.2954907992387286,0.25998210015091977,0.2663978899966278,0.050173264938555784,-0.014131218241182191,0.3374475404989427,0.2800913064668049,-0.1726973915471859,0.5298218723577229,0.3775495401411785,-0.22272539265336277,0.0922767008677141,-0.1313237899046518,-0.07568314213344203,-0.0796495095291171,0.17033989203849992,-0.3297935111164504,0.08955870108279015,0.14461079383166167
0.09893892673199438,0.00394412747140483,0.19837342854024428,0.3455241814007216,0.2807862808385911,0.2726571857425187,0.16578600311439118,0.2730449851678106,0.16265171276520368,0.17485885211301022,0.2401406768565651,0.2739844241881544,0.2610058448939729,0.34078761286472353,0.20531918456298287,0.7041053214696392,0.31929218768989803,0.21154582116748463,0.240940796853411,0.22050167395833128,0.23598391839515573,0.2986518536712627,0.17021160258699417,0.18591127992257206,0.27763631961198265,0.19956148526691636,0.4155065133114817,0.2656769475636971,0.28042809530711665,0.2745653118981233,0.2004388815227546,0.2263515369675184,0.22206545046127493,0.2539584520837292,0.3358477681689018,0.2746497376262589,0.3044580712441745,0.22424901265584501,0.31684755631294487,0.09968890103616891,0.3033273949714039,0.23334892115705672,0.4202923289215113,0.1770500744524318,0.07266768405921248,0.2967439020721036,0.2763811552563361,-0.17205875242049634,0.47869430479303765,0.07323879578214772,-0.20238252931212028,0.08806424635199073,0.06009499038929283,-0.0160500857042932,-0.12776848728342727,0.006437902916972523,-0.29915690952648333,0.1400358263730383,0.22761169266953427
0.07328297014564111,0.026939926158737637,0.35455805551807934,0.37471812725520226,0.21309290356512278,0.35602266097849117,0.216851907145284,0.4634122964612371,0.17499018335265756,0.24369640478434762,0.324763979668154,0.25479724876165893,0.323323394109712,0.2399914577666886,0.2703165849447233,0.31929218768989803,0.7708197786232442,0.3595371411769055,0.32241647232276266,0.34586575394976316,0.34652178461114663,0.42091722135865606,0.198090254106679,0.18855472237571072,0.326307443712995,0.16554814190259018,0.5909174549133754,0.5085522880978152,0.31719705358197525,0.32525065564823535,0.3404696307271824,0.25317147220518954,0.4655402772358123,0.33648365466612407,0.33415912550136356,0.3224615958965234,0.5979762077437634,0.38028510750167854,0.4724196072802313,0.029688888811981205,0.312057712576073,0.36272991505702706,0.6114987889085325,0.223758025432003,0.2011126904310993,0.42897339408329166,0.4179534697954471,-0.1547658894147106,0.5028525739306439,0.26981593610061133,0.03407702772402924,0.18677980546879105,-0.35504722667034777,-0.1649501453082899,-0.19008383136624862,-0.055642071552941035,-0.22353377967997684,0.1728083431620577,0.1950272270724479
0.11412375031508416,0.2086302465988829,0.36405002498377487,0.34511447328753775,0.23970807546863848,0.24503454567367547,0.2499831619147749,0.3422268983606281,0.24486695856913904,0.26320294002210587,0.263403683172236,0.171132504840597,0.2974643856614189,0.17520727307982387,0.292078075385359,0.21154582116748463,0.3595371411769055,0.9746206416650142,0.3292406346871247,0.18133055819284544,0.38357387162021966,0.30168373142560406,0.5180295772807313,0.17534969816334714,0.29718832297690606,0.30002647580871766,0.5141113710444748,0.36533695702903396,0.39284586761976964,0.1743402656619747,0.46001250391706444,0.2223965111750206,0.30924688005245127,0.3654570660803513,0.13455563948932517,0.5198586929850347,0.31175279450945925,0.27631272851489214,0.3174176840229175,0.19876349076574654,0.5532732368209153,0.3841220189460241,0.412219898378787,0.1370277484771494,-0.12135246436765579,0.6864351849259483,0.5571655356989865,-0.43078441024628106,0.5743804730169244,0.09131706733190668,0.6618967382252214,-0.14012111432017593,-0.5020831160746583,-0.15154844985585317,-0.10772018160988121,0.03680696065150218,-0.18807967729714598,0.08149910871331668,0.196639916484283
0.12822998516534856,0.16286917783404367,0.2510962723696047,0.21650771669156044,0.4948742470079085,0.4579032156579275,0.17867619618738179,0.2466576960512445,0.14032846356181974,0.1857232301575967,0.16854052021127724,0.1769079055569386,0.23528781107611504,0.17065823476296282,0.13451810228939215,0.240940796853411,0.32241647232276266,0.3292406346871247,0.9326042139826541,0.336643883383408,0.256225877470677,0.4175423369626327,0.052779081447426476,0.12931787088064853,0.11380852751562383,0.2040237669554884,0.39549406289299294,0.24567576159903973,0.11288975120053131,0.2612019062952016,0.35932948630604183,0.26757650348566875,0.13300327422408237,0.3118565309117702,-0.02375839116478467,0.3727339056752035,0.12356395598580906,0.4382497762269387,0.18635961649764138,0.13170668972731894,0.20801491611107265,0.2515666532440052,0.4254314355453395,0.24405155430462797,0.2257695005398734,0.3703635183915567,0.3045331063534278,-0.1756663679399298,0.15742499226477338,-0.38308805451623135,0.6250164389281856,0.5984194242249047,-0.6263712265519644,-0.15658421302671674,-0.15619655337737526,0.05738909899850174,-0.1419799979135725,0.14993116621936095,0.04444350315847699
0.07075274309600797,0.23021820150812838,0.24405751002351753,0.25708838643282483,0.24535027572659668,0.37854606159477705,0.15782676169478968,0.3767561053742038,0.06791164299278331,0.13396087744896107,0.3029054702902952,0.2390891227159702,0.19465146121225568,0.23065041841291334,0.29378926423168716,0.22050167395833128,0.34586575394976316,0.18133055819284544,0.336643883383408,1.0630202773722366,0.15473157768756254,0.010088357190683316,0.31593716849967735,0.22130528582524905,0.26709790070299666,0.19012028993085126,0.2644298494667788,0.1982378811034597,0.6411807716091292,0.21486280098361216,0.16617837204593106,0.13203001413686463,0.04713509655812683,0.42547224578176707,0.31141185514003156,0.23968632068719295,0.4824837678406934,0.20697348475166352,0.2996971426347998,0.18863044046138158,0.36748420642920054,0.1560636257610958,0.27826488234598845,0.10848644398598255,-0.0015407008404573204,0.3256685928303727,0.2579373477619052,-0.12753942421325917,0.5140359289956207,-0.028856053433738916,-0.1351992654546751,0.2460853195187588,0.0062871550355918515,-0.059788929692002044,-0.11585259952775481,0.030382343294203903,-0.22218925685703358,0.11465520526978891,0.15783303041475008
0.11892608309338366,0.29502353790352576,0.3283839870888269,0.29873439229129195,0.20593598547347033,0.27272223237549736,0.22972968590794854,0.2790828507354578,0.2572388333604796,0.1745136636034277,0.25607942171056797,0.20988989915024772,0.275369728051066,0.2227038808633057,0.2615708144500824,0.23598391839515573,0.34652178461114663,0.38357387162021966,0.256225877470677,0.15473157768756254,0.5199077949066198,0.2943337628960369,0.18126425607184676,0.19316244169648283,0.26414649263422074,0.24386383622472807,0.5403484741029329,0.3317462946758024,0.17608282282667584,0.37185780286982106,0.3845754221614006,0.25285797324329523,0.43661507503441294,0.15391805832196645,0.14116329074257924,0.40755986419227513,0.3155744443840131,0.4269508319554627,0.3944353455422694,0.11113289702929657,0.334239536980938,0.5066510037866585,0.5966291223182449,0.2130494895172761,0.26792209322959676,0.4858805502417472,0.4427092670760498,-0.21930300580765086,0.6340784783003172,0.06940057213801482,0.08973475544716902,0.08773476298174754,-0.14097114022504195,-0.12151205726223382,-0.14901299590392633,0.019241456186401794,-0.2523804733612385,0.1324071202152434,0.2505573534430508
0.1479169537456757,-0.006388180601669333,0.2942987151790041,0.3837720503095905,0.31041984187126087,0.46635176218611973,0.3098668807957681,0.2638959826573051,0.23819781220479871,0.2649938645501204,0.22551403888645985,0.20479157656931196,0.3821979301152445,0.20063858895324685,0.09744503656748117,0.2986518536712627,0.42091722135865606,0.30168373142560406,0.4175423369626327,0.010088357190683316,0.2943337628960369,1.8053378816417218,0.22715168705772648,0.19515190495438006,0.2560639412246871,0.13441251920269626,0.5325422555189815,0.3287085419042254,0.3212412051315679,0.27534984967217496,0.28331097292384216,0.46074659961709347,0.4067387239162781,0.42236717661247847,0.135917196637668,0.05816067560158607,0.4314577985641155,0.5427817388091396,0.44833457516082914,-0.08350829905239449,0.17565743742130802,0.2987304398716473,0.7746904377283014,0.4444973925992745,0.3076184003882378,0.25152923725053433,0.3721383050631866,-0.11153883628819486,0.16353695436824356,0.32475079670993645,-0.26741797832918984,0.32781658903855987,-0.24856708747882275,-0.168186895532524,-0.09914880556134431,-0.03333620658255222,-0.18455737834032548,0.03012003179750641,0.19805350923109605
0.07515758455694198,-0.23795528945347616,0.19662936375079482,0.312778619683346,0.22733236706498738,0.2628966184263249,0.22341545452989284,0.2133836857324397,0.20186301717364305,0.2845443039371102,0.20570552170221904,0.15095798368300142,0.2424154355045599,0.16144432352294824,0.19187677606317327,0.17021160258699417,0.198090254106679,0.5180295772807313,0.052779081447426476,0.31593716849967735,0.18126425607184676,0.22715168705772648,1.55829056153142,0.4929050921100049,0.440154991647061,0.0855525361967799,-0.17550459514534242,-0.01389007463278466,0.9708661167663738,-0.12656786659266636,-0.1877752737966122,0.08393936760718816,0.006899509473544242,0.5625098784594517,0.10388958665741287,0.22775873733611643,0.23329487632125723,-0.3218557307113151,0.3174920817031089,0.06902229639588285,0.34375734850065365,0.18456873814915048,-0.12304086576531771,0.022016645125823547,-0.5857657627765851,0.31572619151620723,0.2811302161357888,-0.13472025639728236,0.5113853458627009,0.5775913425866174,-0.585517215617438,-0.1570290381680957,0.210676469510494,-0.06529011808447636,0.21014755032675272,0.03285316481630718,-0.2818301856689567,-0.3517297820726166,0.46740160165758804
0.08912223075004394,-0.08528781392749019,0.1986622308025177,0.24606008023873358,0.19356769863430226,0.2220023343361896,0.223681355719119,0.10688008312647676,0.2868256326947695,0.2191612400014896,0.20326473411218596,0.180314652503889,0.20992850392403678,0.17984792612550077,0.21872924214400313,0.18591127992257206,0.18855472237571072,0.17534969816334714,0.12931787088064853,0.22130528582524905,0.19316244169648283,0.19515190495438006,0.4929050921100049,0.6765262726639497,0.28126745900250605,0.17567888646028676,-0.013709284222901083,0.15327506245374348,0.3326739759900108,0.3015614949360453,0.2578869518487898,0.11702578779211506,0.15840734964275627,0.32441064521366986,0.22497571867151442,0.33708938308208003,0.237033133509827,0.11747648124155054,0.2666266225953729,-0.03401231404783333,0.2020045904147806,0.18898128807187792,0.022023908662064072,0.07311780757429594,-0.20179815107364818,0.31091005867267413,0.2805608334821263,-0.13779502668010615,0.5758296560658338,0.17590249603165534,-0.3731636720113888,0.099949041113773,0.14197626366564406,-0.06167815737717113,0.23035123459584142,0.20196929703389443,-0.2514355582928278,-0.49479115784679334,0.44003876853685875
0.11483418167163774,0.023019778899317892,0.31199866084643707,0.35308551457046744,0.1923850827435692,0.27607652497303836,0.21123349706319894,0.3487131339661441,0.20240166984085312,0.2302701998212284,0.2820497344762029,0.28338899752495433,0.2684322432008676,0.24335543627071612,0.29929246069414,0.27763631961198265,0.326307443712995,0.29718832297690606,0.11380852751562383,0.26709790070299666,0.26414649263422074,0.2560639412246871,0.440154991647061,0.28126745900250605,0.8930550567370213,0.1580865156135544,0.4750213274594597,0.2367340597686301,0.4793250456010751,0.40343070339748255,0.17893678179326145,0.18388893540236118,0.26172066467106747,0.40619241144947194,0.2942037835634864,0.3875168664191455,0.548261373854198,0.2930488229247162,0.46977345011819405,-0.03496065347401766,0.4177626248985967,0.2689758191292536,0.4079226958352016,0.2394995506833794,0.01360673533628702,0.48858099165165286,0.37991443688761395,-0.29179957256809946,0.3474424216614679,0.3826562303490673,-0.5995821522947749,0.1779264592083599,0.1434776226734193,-0.1115092535870413,-0.04807140649586205,0.05126511446301681,-0.2258430739294044,0.02164745758630645,0.174889558457642
0.06278299866138372,0.3178517249144062,0.22991236365438616,0.2870047478886642,0.2486213913335864,0.23218463030154343,0.2410758299818074,0.26659032902837243,0.39728849603357036,0.21157424820056336,0.22708296208567175,0.26627558619498976,0.2146444838541348,0.2646128424411784,0.18776043458805242,0.19956148526691636,0.16554814190259018,0.30002647580871766,0.2040237669554884,0.19012028993085126,0.24386383622472807,0.13441251920269626,0.0855525361967799,0.17567888646028676,0.1580865156135544,1.5222138180771538,0.2444917464627046,-0.049773027189883044,-0.4260062109437767,0.20213780293813835,0.3254246068680688,0.40800373528006495,-0.0032607468461764,0.21806925168708802,-0.10473870718345994,0.1622121020751429,-0.3706545216960762,0.4160066919804394,-0.3441189415498828,0.22177419973433032,0.65929264143497,0.2471777490991623,0.2353887979061869,0.18938768906316686,-0.430664784756844,0.4461606225859546,0.28769272656513994,-0.43983155509308686,1.156901050546181,-0.28188597222029554,0.416259093246865,-0.3338653274678438,-0.049941320360999596,0.06857541806600513,-0.2644366629832138,0.19512646346601004,-0.12774206200443372,0.3108221454143735,-0.14509780439464753
0.1487681712627044,0.3279372619148989,0.45272683181136075,0.38173827752701234,0.32577404257495896,0.3321088753323784,0.25513746671983684,0.4547305745098148,0.3759162547302729,0.21937697550168,0.34821827786712994,0.2965697276965274,0.33970827230775863,0.33574837523758916,0.3738838718541187,0.4155065133114817,0.5909174549133754,0.5141113710444748,0.39549406289299294,0.2644298494667788,0.5403484741029329,0.5325422555189815,-0.17550459514534242,-0.013709284222901083,0.4750213274594597,0.2444917464627046,3.309475194727131,0.7186571694769552,-0.3173958416378313,1.2978804803480435,0.6994789017493241,0.4303120276932124,1.2410353174895528,0.1314656382388905,0.25945163586514314,1.1456896857833525,0.8615698136311543,0.7634328889744454,0.636749455243933,0.0533423804804489,0.6958273035257485,0.5726395336081329,1.9433715416698998,0.2300702536073197,0.3152082587980815,1.0360254903334865,0.7537858222930487,-0.8428742223821809,2.1063255572905835,-0.21645205953577754,0.06488649369981615,0.3278141704239006,0.1467970554157241,-0.2418457591418193,-0.3766774177829305,0.00980542094546434,-0.1971054840300404,0.37719058477452644,0.18801757662326385
0.05492723825606634,0.18357914032650322,0.36703733124897564,0.18240651643779499,-0.025669454672598107,0.11729832104686112,0.09584717215680269,0.4154407872825301,0.14426318685224396,0.1267227190397124,0.27068339793966595,0.15024106926910175,0.31765781523872494,0.19474853977504888,0.27222442932695123,0.2656769475636971,0.5085522880978152,0.36533695702903396,0.24567576159903973,0.1982378811034597,0.3317462946758024,0.3287085419042254,-0.01389007463278466,0.15327506245374348,0.2367340597686301,-0.049773027189883044,0.7186571694769552,1.8774451081716284,0.06451695496895057,0.38055686964836444,0.45684965394480953,0.1896566435913363,1.19501395416723,0.020054533106646615,1.452198440144973,0.12577001460541884,1.0930190913894726,0.27113712608733265,0.5866621848720613,-0.14669862549405643,0.25345649907989587,0.297702179800226,0.8289506927064907,-0.03284094757508864,0.1416964761376423,0.37438240694767166,0.4429460287263967,0.059989753199295615,0.6459860770892684,0.561684719563999,-0.1991475315282678,1.3845615393586554,-1.5908591627641664,-0.12833021815239604,0.03785345150055432,-0.0701934760306299,-0.21063204079005776,-0.0007572057670655437,0.4087294488149194
0.11570877669599355,0.16421935551429767,0.3355881304884489,0.27039012292550807,0.15168606935469628,0.5631226820989523,0.1295165709244336,0.3683222972426162,-0.04666660057641122,0.24092379297654368,0.28499363407122313,0.15687147987505992,0.328749165271441,0.21103984831941972,0.3018839665854646,0.28042809530711665,0.31719705358197525,0.39284586761976964,0.11288975120053131,0.6411807716091292,0.17608282282667584,0.3212412051315679,0.9708661167663738,0.3326739759900108,0.4793250456010751,-0.4260062109437767,-0.3173958416378313,0.06451695496895057,3.1873236843343995,-0.664137579912062,-0.2342390866352135,0.03377958446698763,-0.44449353816993153,0.8278663043018305,0.37434304653344996,0.6365982064310173,0.1567517286536204,-0.7056690045896755,0.5814699220238303,-0.01168046102244864,0.8017654078143212,0.16490811179225198,-0.7197532111924301,-0.38492924433082165,-1.0910969296639283,0.402408412364852,-0.01598135561983857,-0.4592820856089385,0.3676245826723641,1.565284287879428,-1.591153840189205,0.49311904213706026,-0.45023225355145136,0.02152428587894928,0.05940854802941745,-0.17083004229323323,-0.3454102919931001,-0.12178943399544408,0.5268278172214086
0.09113663801606027,0.2953185373400268,-0.2578220392879652,0.27289379922656576,0.32212849726320975,0.18624257556293838,0.20247723156010053,0.17688174305969043,0.22569285843974446,0.208543618030698,0.19437879007707812,0.15764730518393608,0.20123431550581714,0.27161141918606074,0.20909450312819336,0.2745653118981233,0.32525065564823535,0.1743402656619747,0.2612019062952016,0.21486280098361216,0.37185780286982106,0.27534984967217496,-0.12656786659266636,0.3015614949360453,0.40343070339748255,0.20213780293813835,1.2978804803480435,0.38055686964836444,-0.664137579912062,4.051632284187787,0.7680114482641534,0.2528881154198568,0.6407393902626628,0.08509336768300221,0.35147005468778264,0.6471056221138556,0.7810626955961926,1.2268013389129426,0.7403083768770281,0.15654704721808896,0.8877806618926903,0.389421879397265,1.3999885036936837,0.5162167470492821,0.8975081324443719,1.393917875056815,1.7460211225810298,-1.3302433429680416,2.009296837311725,-0.4598687762160246,0.156855277645692,-0.09790620276677044,0.47676595337869554,-0.1015995694200752,-0.39051330406532064,0.051729096202675774,-0.21640514662936408,0.4442739057492363,0.1504710464739986
0.12408653594067046,0.2565673467902532,0.313588869328339,0.2700213741921577,0.23844334787213536,0.20703616037847264,0.24147852949315166,0.21369021305654914,0.30841342894836143,0.2088818496269088,0.24837670137271173,0.19404151979948422,0.235784054612602,0.1988788527226487,0.2742192038425199,0.2004388815227546,0.3404696307271824,0.46001250391706444,0.35932948630604183,0.16617837204593106,0.3845754221614006,0.28331097292384216,-0.1877752737966122,0.2578869518487898,0.17893678179326145,0.3254246068680688,0.6994789017493241,0.45684965394480953,-0.2342390866352135,0.7680114482641534,1.1357232003840954,0.2131863711410648,0.4335252311390138,0.2283964946996898,0.2676370684960926,0.7406579392627987,0.3912439245827996,0.7538935737244952,0.3250196259574935,0.05979541585064658,0.4538313080399212,0.3760395111920459,0.5350718381618613,0.2861165254683503,0.2161382969844898,0.7456822781805328,0.5708551139699248,-0.4880792154244146,0.4850105114089012,-0.2762176653075927,0.5893442223415201,0.1286619002491451,-0.3303674155676757,-0.12492262208984753,-0.0858686928270763,0.1910091260737253,-0.12731055839726918,-0.002135598193132416,0.059734415960344615
0.09317468637301923,0.15562021502021053,0.26923969724769425,0.27202348575989316,0.1794156985492824,0.2326683189692444,0.20789704149306037,0.24095783687433453,0.18438664837628263,0.17675584588795415,0.20353471444538151,0.25507303395272285,0.2596923866296239,0.16306548061657766,0.10600824534860909,0.2263515369675184,0.25317147220518954,0.2223965111750206,0.26757650348566875,0.13203001413686463,0.25285797324329523,0.46074659961709347,0.08393936760718816,0.11702578779211506,0.18388893540236118,0.40800373528006495,0.4303120276932124,0.1896566435913363,0.03377958446698763,0.2528881154198568,0.2131863711410648,0.7894442347556082,0.33950697702044647,0.219657050454343,-0.03946436963153839,0.2734673835794312,-0.08920077191543467,0.43278412972109925,0.11167234167873664,0.023947872778445435,0.20168688784575295,0.24583837052526838,0.3835812924732776,0.18096540727392502,-0.03472982003203918,0.4059216399657557,0.2944288584908373,-0.32162719991632155,0.4364332868684789,-0.2093619451236901,0.24870917071132795,0.16652146423541597,-0.18442805454317998,-0.042845915728716974,-0.18639558806338344,-0.03973032031885369,0.07674864114985157,0.12683986641617948,-0.056540952187580575
0.11962569501370793,0.09226617111626431,0.37774372750640106,0.24881429531412066,0.1466267501766678,0.0025504127174067613,0.20648684737837644,0.33768519859415863,0.2995510325355092,0.07475548027217321,0.26523997525393417,0.21872054151255282,0.3042804636565243,0.15963337172547823,0.23908852429605762,0.22206545046127493,0.4655402772358123,0.30924688005245127,0.13300327422408237,0.04713509655812683,0.43661507503441294,0.4067387239162781,0.006899509473544242,0.15840734964275627,0.26172066467106747,-0.0032607468461764,1.2410353174895528,1.19501395416723,-0.44449353816993153,0.6407393902626628,0.4335252311390138,0.33950697702044647,2.186130562376733,-0.2160868467721565,0.23705514620242196,-0.16616918198459685,1.1395579790348709,0.49285804245090525,0.5801603694066673,-0.36227038123736394,-0.4429013275195304,0.4072837017867037,1.2732143577886086,0.10369329822655975,0.3353035809481943,0.19444160980917072,0.6289301573184554,0.29567401076144234,1.3122080306573833,0.3291443419274789,-0.31483654259305033,0.39392019042981147,-0.06135659393723841,-0.3882230195832906,0.002119671852557137,-0.10474569736671499,-0.16499580561830446,0.037986605685996426,0.3396363435714451
-0.007350930761718483,0.007871319207321485,0.33582801346671304,0.4947967324605556,0.3719322131499875,0.41838346005042837,0.3259326985620881,0.43096413098824,0.1097086750392875,0.40042484721608784,0.29963460028532213,0.2775162204688715,0.3187108522568636,0.19610409699857295,0.2814987125659222,0.2539584520837292,0.33648365466612407,0.3654570660803513,0.3118565309117702,0.42547224578176707,0.15391805832196645,0.42236717661247847,0.5625098784594517,0.32441064521366986,0.40619241144947194,0.21806925168708802,0.1314656382388905,0.020054533106646615,0.8278663043018305,0.08509336768300221,0.2283964946996898,0.219657050454343,-0.2160868467721565,2.0137991178416774,0.2803695852127918,0.46329919522148594,0.8242739661899274,-0.17009765391628018,0.4081986668402655,-0.5028477502632452,0.46771434040801607,0.16156681236089177,-0.29298586484633066,0.0843201712936789,-0.949505859731603,0.04822387595549532,0.24451388873211125,0.17393775855651974,0.17854786526907296,0.2972038915715677,-0.39183939010191515,0.2418266867831529,-0.07140268094937463,-0.1557469075690648,-0.10991241778938421,-0.024906991198953534,-0.2810871661907723,0.016182857840580253,0.282459863983958
