1.000174848420737,0.14056894150788868,0.2900941395041466,0.08655937498135613,0.20100518424909697,0.12910976750251185,0.13630487929804902,0.13522129111239317,0.04965214444684114,0.08542966623584361,0.08724968660413626,0.11038259962910617,0.06719595167307908,0.09817152516320247,0.1521292235430976,0.09159464380053998,0.053491547290901165,0.14318083461897305,0.09827899353665992,0.037451874085630665,0.06409839136650362,0.0856117735793127,0.10496071209213273,-0.0036544087417852656,0.1794507411876845,0.04271198624957163,0.0641631044265835,-0.03303372089693097,0.16845331797086432,0.02028221680063755,0.051780324273156667,0.08201544099604234,0.03734964487951691,-0.0016658368254785865,0.07424597617621324,0.07540886022196641,0.08662791401778942,0.04738640018410217,0.1123603870035656,0.0485109653612657,0.03993218494907551,-0.07916836858083151,0.06535957612838517,0.05699384909809012,0.03955391961844158,0.14958659171350067,0.06930401729035476,-0.0016077680040436431,0.0074547252321566235,0.02370986989288079,-0.06861740921634099,0.03989321630356548,0.04876652521442349,-0.038924713932952326,0.20076347613766934,-0.011295011990686008,0.03347085608675381,-0.07613203956257465,-0.10191542608491097,-0.08575702686264748
0.14056894150788868,2.282712404043264,0.2463008784600862,-0.41856763273778763,-0.00944574716571035,0.2440904369657905,0.2968317266997627,0.0973221993209845,0.242604443535492,0.026697991722623982,0.09044045890934876,0.11076707688773656,0.07251219143367728,0.03937189308018411,0.2419506104173811,-0.009686664828915073,0.07616896911874439,0.09697576190905702,0.01612574673750198,-0.006450451756341311,0.16930957661877824,0.09554585140795196,-0.03623448959252979,0.0043221549483145405,0.05109179106146022,0.22671621702143582,0.05605073133290579,0.1452593500932928,0.1651056439453806,-0.04670005465628799,0.042511164032708576,0.07725579646530521,0.039344243862037796,0.08512108373161172,-0.06147254468749841,0.11193475296884325,0.02345096651231129,0.0219019865877071,-0.056764684519129145,-0.011437518511121524,0.0037297893141261407,0.06389431257285597,0.0327920221330184,-0.0066590148200732805,0.026641830921828445,0.06119762806897556,0.03176624561998835,-0.0016825201845794807,0.14327135889969855,-0.25593292875140095,0.2829389758590334,0.024869063070100544,-0.023213938369758564,-0.008100789167496548,-0.2823961151376501,0.08018137374787368,0.03721587322483924,0.18311591152392195,0.009571781512431883,0.1754773874553133
0.2900941395041466,0.2463008784600862,2.2414427639183927,-0.07742706922605602,-0.06849360415823343,0.3253612094831153,0.023053502718746868,0.20883679394269822,0.27621781162149817,0.1487285235304609,0.04072027263001912,0.21173151160476608,0.1221872429006314,0.16149511802462374,0.22230589263032677,0.13445525416462878,0.23594237530048473,0.18884965001159632,0.14319229799497465,0.15320105748738178,0.18202425098546565,0.21444651786251248,0.09736935164312291,0.11385842535308217,0.14820137296370525,0.24418260086718863,0.15070490660616306,0.18008791734316731,0.2871224127595093,-0.2129170940049589,0.1259267963288724,0.21034403401956855,0.11903917265968436,0.2492701630205347,-0.06648197396069339,0.41901661451746464,0.10164989113181401,0.08796230485417625,0.09239217216492442,-0.18136030194974048,0.11363735876275372,0.40773855783436513,0.05760528252336772,0.009857382223945764,0.2734966648972282,0.3929714982567461,0.06567406071334303,0.0147440272609442,-0.2159775592435352,0.0977547206379973,0.0089370811087679,0.07283263747311625,0.005498065725146277,-0.19867219657482457,0.21686417700158325,0.01698016021208205,0.14233101728903993,-0.11806170814722461,-0.21483744842016703,-0.021302702782904862
0.08655937498135613,-0.41856763273778763,-0.07742706922605602,1.9488019444794265,0.36677096529292397,0.3060289043378166,-0.17594475757049843,0.3615044921499377,0.010630780506198253,0.3440722875434129,0.25525331878374796,0.19204643975666552,0.1314198616455073,0.2425810510235422,0.17046557127379192,0.22908726148598266,0.1707103395382651,0.17379765562022337,0.1816096470565259,0.2667905634867651,0.16842718161855036,0.1096804031577764,0.1406684016872426,0.19609387021142427,0.19707726725074942,0.2592618621809135,0.16774454213525675,0.05368674008787066,0.1750238998107523,0.0662274437333481,0.16050733122292382,0.24157823028335043,0.12193613212274222,0.2661624193252461,0.14836292338710408,0.16657315910506645,0.18146508908685643,0.14873411159443473,0.33762611528855724,0.14076660202209546,0.10543733100311523,-0.037560442955983805,0.11726347998345794,0.23962880135325768,0.025524228108108248,0.16721645371892782,0.15960790085144574,0.015187815364120625,0.08391430710549036,0.26770187148130836,-0.18886136189438757,0.1287371103147154,-0.017891277804451034,-0.2239517298333775,-0.09583028857509167,-0.08687613756038216,0.15240667414867756,-0.01807423304088816,-0.041847070515792485,-0.03383310990482007
0.20100518424909697,-0.00944574716571035,-0.06849360415823343,0.36677096529292397,1.1620694929459359,0.22787135462067784,0.3061356163914498,0.21966556940940377,-0.03776688519861223,0.16472685221056965,0.183047887897528,0.20948172122356493,0.14138393404544575,0.16001483455864435,0.15696865420751982,0.24280875641398944,0.10887224481329084,0.1013816371948572,0.43789355689953663,0.08395060962409784,0.08054322612769461,0.11320339383622305,0.07136307925237367,0.12841520038995277,0.16786629486743188,0.2132784768992406,0.1266256552285408,0.05073324946222552,0.13380097005469227,0.014390381973160992,0.11660243358567948,0.17757982922753318,0.14341055912654277,0.08264736688153554,0.08203322644819833,0.15126119912708857,0.16327247204074816,0.04398365257130482,0.24875570880578707,0.11217006058710362,0.12508615444126003,0.1048367884672304,0.03738787529204726,0.07766912378844479,-0.04580542514591694,0.10461921105004122,0.06156063427776413,0.031331105828732206,-0.0018604863485957416,0.31211852023033104,0.01396704522576868,-0.18515114104464642,-0.051887347211385694,-0.1330789691184715,-0.016947271659336103,-0.08000245769050908,-0.11631930112665359,0.04797544404896391,-0.0028503048913024773,-0.28362921191691964
0.12910976750251185,0.2440904369657905,0.3253612094831153,0.3060289043378166,0.22787135462067784,0.9106684392466596,-0.05533406196168637,0.37918810396638664,0.32571027759642934,0.2006551908157377,0.273307570334575,0.27714953891376676,0.16950533797254372,0.30595693819578174,0.26310865258110167,0.27028056551377716,0.317254525539549,0.10033761760419126,0.3558178002825198,0.17857083456431544,0.2538612604869623,0.27448478550582456,0.045362938872596875,0.1788582354803628,0.24318360939033754,0.4283295249251443,0.2033044060217169,0.20668850790793053,0.36550366692490216,0.02524691731119879,0.1380684287945171,0.30007382447285275,0.011670022448151962,0.2540293321118965,0.11420999608672341,0.23890233354327964,0.08354194438411511,0.12025929129946179,0.2718598347039115,0.08523999153341158,0.04907055610356989,0.045606566827611085,0.13532248762522373,0.1576210284783105,0.07548164818792613,0.21334677613589334,0.12403350288435692,0.017223576663080376,0.246494053199659,0.13344300739840706,-0.462080218509469,0.16459747022024715,-0.014411749589836131,0.11107799681401778,-0.07940921079814078,-0.012719938702362097,0.1989496143426269,0.03532930945487931,-0.06126884220379678,0.20967835918644878
0.13630487929804902,0.2968317266997627,0.023053502718746868,-0.17594475757049843,0.3061356163914498,-0.05533406196168637,1.4611774993314959,0.05535334242191614,0.18505881148421996,-0.029013466324880822,0.19767898126550423,0.2095538584625107,0.14103483096836694,0.16035552640765718,-0.05838122041088491,0.19580380024094024,0.17142614590822705,0.2155178243825426,0.09662709921011337,-0.02108179536047895,0.08375729231846998,0.18166848576496777,0.2369389834088955,0.069937268618062,0.13779033039558797,-0.03920840905432822,0.09802226337098963,-0.09359377847778022,0.11293062004227562,0.047470498295319914,0.03863015264618669,0.0872026233964295,0.11938798289136465,0.14139921955622986,0.035122323472008964,0.1081408384163937,0.1494532742543465,0.010568406882549942,0.12000118540062735,0.05210360526762129,-0.0023151761001013378,-0.025063991091449297,0.10205166503807228,0.08169816694115235,-0.046330342347709295,0.07536043739436152,0.11612892829689041,-0.0002574760888951797,0.2308779709265908,0.005940907373580775,0.05449717247997527,-0.007729702395656316,0.017868169097872245,-0.09321988646000333,-0.0836822493714789,0.048899622751618466,-0.08559803741707103,0.1547644071704123,-0.1421010109760066,0.004852574215060669
0.13522129111239317,0.0973221993209845,0.20883679394269822,0.3615044921499377,0.21966556940940377,0.37918810396638664,0.05535334242191614,0.8081723756924298,0.0679981567188787,0.27862015992488987,0.3104170369201813,0.16508964640026041,0.19617914537779682,0.3414366207922827,0.20614185805502655,0.25759313489578817,0.29515868649148175,0.23122798610970705,0.22441859428862,0.21570029481064262,0.15792258578290355,0.17650398004879603,0.16612564660439705,0.16173113930899122,0.24179627082056238,0.2767409084006239,0.18279343280170446,-0.018397490193540544,0.2833668733428748,0.07370548114864829,0.12859251889702156,0.23352664806099563,0.11110420793843205,0.24616520989550517,0.10324495048713636,0.17910509066914332,0.19360033536709106,0.13272826721409492,0.2897624774011135,0.11200774159348516,0.06648703213202704,-0.009210834407815347,0.1756006997620611,0.1387938039248417,0.022246755066463616,0.20776755994845694,0.17763032309507143,0.011080386860589438,0.22919186884621975,0.23214978851092027,-0.10423149057784303,0.046266662876892295,0.03964897495571722,-0.18618833456389114,0.012473800146825625,-0.10067180844828227,0.15928214434548482,0.10631693534542086,-0.049390842747855365,0.016319605784081048
0.04965214444684114,0.242604443535492,0.27621781162149817,0.010630780506198253,-0.03776688519861223,0.32571027759642934,0.18505881148421996,0.0679981567188787,0.9324953776015529,0.021320616049106712,0.11410429999729252,0.1970357983179727,0.13081370545817902,0.24030074900410409,0.04884198312510195,0.1225434459880784,0.19370576141987453,0.16226220685979925,0.08200181455108538,0.0672150044819345,0.1830699087828949,0.39609870159689897,0.11175271351455512,0.13890959729072921,0.053818906592874124,0.269035333145945,0.13041007631412965,0.11913530661840462,0.12273369671949216,0.01723366942141569,0.19936078334156407,0.23167521892147297,0.11246233329565539,0.23361177164289887,0.011147929020742534,0.1812995317411458,0.0784242786800465,0.08187258564171541,0.10423886195758723,-0.005727242039527711,0.02997000722355503,0.010906499335872344,0.09226872614013035,0.11628388640482952,0.0008243543659142478,0.16657804461326922,0.12692016636709072,-0.012387550062328499,0.3965071851953375,-0.05019198950772986,-0.10241474414378085,0.09168323428880631,-0.044203686749100836,0.053651008073489465,-0.030367333576829424,0.15766225858932767,0.2357077326417299,-0.01800491866707286,-0.27600497560531495,0.22044444631748747
0.08542966623584361,0.026697991722623982,0.1487285235304609,0.3440722875434129,0.16472685221056965,0.2006551908157377,-0.029013466324880822,0.27862015992488987,0.021320616049106712,0.7279991437328643,0.2610270838349299,0.1767415444407006,0.18334517312918558,0.2226784186489816,0.1742399070263726,0.15918554074173988,0.22073911227932017,0.19950222972084514,0.1551479793363526,0.276132626453271,0.1943057111528574,0.11257363160814267,0.09796000329308593,0.16239314369037822,0.1789528194168538,0.21727549185102815,0.16505565567854483,0.06831361729031876,0.23834732382419258,0.1298775502773614,0.1902852072283489,0.1661986497497416,0.12260117544028053,0.25701566300523193,0.21043731039548721,0.18693915214951298,0.2533076277874073,0.1400035389296954,0.28110587541647264,0.13241789358794392,0.18704181293275035,0.0482063693230622,0.13693613304548877,0.10145198329629052,0.022836178629093633,0.24498572486807066,0.23434020769524952,0.025528895680897817,0.12049838113849909,0.08461925057553793,-0.11720966428269437,0.08183278358267321,0.03724666905884859,-0.07181592875139987,0.14906138506760724,-0.0171895796987169,-0.0046497142528594574,-0.2598465511821406,0.17830734395774123,0.03838916805766989
0.08724968660413626,0.09044045890934876,0.04072027263001912,0.25525331878374796,0.183047887897528,0.273307570334575,0.19767898126550423,0.3104170369201813,0.11410429999729252,0.2610270838349299,0.7399274458060314,0.284224597952259,0.16831248262335818,0.20628765798738433,0.18881952225118256,0.254308260930839,0.29521748464510417,0.20681382833450945,0.1518273115667334,0.17097945419050933,0.17799346744143704,0.17801926095170714,0.16482329565357443,0.1745087497548999,0.20168786434149055,0.1967205122040789,0.20143114982874638,0.05551637508877906,0.2659330466508087,0.10712163204914808,0.14720274467686464,0.20546848483803534,0.11905899570490303,0.15638925195043904,0.1403971581626752,0.22119392810672303,0.1147637686648838,0.10667771608843908,0.21755288549137503,0.13088211365384278,0.07532506044444053,0.014431764539524708,0.14026058364961647,0.08640838427857102,0.013431142206668615,0.23060354209837922,0.16093408693828157,0.016708856340800323,0.08881820120173181,0.028536659851857143,-0.11750209486779052,0.04637751355605988,0.09577769553224325,-0.026812729691027715,-0.07412868116487459,-0.03486516931477464,0.014107230841509336,0.0947562678585425,-0.0753843496976608,0.07271464279902504
0.11038259962910617,0.11076707688773656,0.21173151160476608,0.19204643975666552,0.20948172122356493,0.27714953891376676,0.2095538584625107,0.16508964640026041,0.1970357983179727,0.1767415444407006,0.284224597952259,0.565662761070335,0.13258720657044926,0.27967896677256604,0.1971773045534342,0.28184028184418564,0.26412297451011707,0.14472217317639122,0.18925991746305948,0.06723699640207194,0.14618973149212275,0.21928696115600627,0.16603541731686036,0.16173892139168775,0.22741459932772273,0.10387752531219596,0.21322707566784233,0.036640453525398325,0.21033068992028817,0.07851447477035269,0.08179504182667968,0.2624889730489122,0.08417690179978451,0.15932972835728462,0.08930587772179996,0.27045380684898823,0.036351566719309635,0.0595746138511188,0.17803159651633105,0.10835815359208095,0.08767985951623297,0.050103640230755975,0.06722533054295259,0.07642325250136757,-0.003940662801027899,0.23028961317223837,0.13420920246045936,0.017558581404677434,0.17688714985115137,-0.055676411868022246,0.036812590777537214,-0.05027656668379358,1.4578808854976002e-5,0.04817553892000749,-0.05654726322101358,0.07031997520730837,0.11241808106865732,-0.001744425780654108,-0.2932915234853875,0.015416518457670846
0.06719595167307908,0.07251219143367728,0.1221872429006314,0.1314198616455073,0.14138393404544575,0.16950533797254372,0.14103483096836694,0.19617914537779682,0.13081370545817902,0.18334517312918558,0.16831248262335818,0.13258720657044926,0.3596702684353875,0.1335156361883586,0.029532248354452437,0.15765001932614794,0.16501450112270605,0.15040130043915384,0.11036231683436908,0.10978733924241567,0.09239260747100847,0.16024826914133675,0.13634948203789135,0.11903873462005533,0.12560341516543466,0.06855329883724351,0.1491605285819358,0.016826975490748887,0.21344143121426207,0.08954931228055553,0.07092647535295853,0.14758856270221354,0.08151050364717233,0.16447220697000892,0.13884240117864097,0.14340365432223562,0.14149543991675073,0.06359604762691236,0.15768587613393523,0.07336280743431463,0.06518240394804135,0.02975357474947734,0.09520133925985567,0.12099893425466547,-0.03301740802467486,0.16035327761513468,0.12443614364373527,0.012747389185642706,0.12336035930509312,0.1013614839709955,-0.020328171768355413,-0.06183124903812274,-0.0112521822772786,-0.0028301136133256095,-0.04183525643461766,-0.032163468537283364,-0.013768545143983608,-0.08607143143741026,0.12722134709054495,0.02980985818806015
0.09817152516320247,0.03937189308018411,0.16149511802462374,0.2425810510235422,0.16001483455864435,0.30595693819578174,0.16035552640765718,0.3414366207922827,0.24030074900410409,0.2226784186489816,0.20628765798738433,0.27967896677256604,0.1335156361883586,0.9307991789177513,0.19274960047998246,0.3922514467354143,0.3694615672321939,0.1432016691225369,0.18256356552533887,0.11234504620505203,0.19718294305138465,0.29990943626571653,0.17801784126413317,0.206079525702018,0.20545111019959889,0.25306891439175544,0.15939652965360188,0.12055193854065686,0.2699063138148674,0.14316955692826389,0.1500778696204091,0.26277736544550706,0.08091220219765317,0.1633548948683068,0.1430800895299726,0.22436036374066706,0.10999111365765597,0.09411166796413746,0.2068157639045019,0.11454687120666848,0.14059977840330504,0.029772931853785965,0.10276011939175293,0.13510643975804515,-0.028858593493630524,0.17620431443900267,0.16294814474900474,0.008160074593086939,0.4298165131903105,-0.011762013562798608,-0.07960364831761277,0.016118279931567066,0.026631611358198803,0.07997085174531518,-0.03423434358782671,0.002543573128008695,0.11042762008420688,0.012100927308444339,0.000572363832545648,0.07871465746523759
0.1521292235430976,0.2419506104173811,0.22230589263032677,0.17046557127379192,0.15696865420751982,0.26310865258110167,-0.05838122041088491,0.20614185805502655,0.04884198312510195,0.1742399070263726,0.18881952225118256,0.1971773045534342,0.029532248354452437,0.19274960047998246,0.9063228659900201,0.054189835787948254,0.22550565361261593,0.11241591456307984,0.14890205013377505,0.0877704941154687,0.15835062276227854,0.08212588647293256,0.13581551299712707,0.18209956119261927,0.20096117580513026,0.30071325103066604,0.11172124442220857,0.20403970621447381,0.1965030868373694,0.13250861343735204,0.126845343740409,0.1569331782899187,0.12934798886194673,0.12371028472144545,0.04587269374064941,0.1957340532860971,0.09515437365819318,0.07032665507354494,0.10642543794869148,0.03693868518337995,0.14767286259839785,0.09328743177666074,0.09528876842464366,0.06797345297446075,0.0034481362310293125,0.18766213957343444,0.11429171409772515,0.024522475594131194,0.05151239397292458,0.022402531718991498,-0.12710918374291724,0.11787891348003017,-0.015508860826501747,0.00022936514673129916,0.031722494945299565,0.031232577854159397,0.08581850092382304,-0.04903845847942653,0.06425020719339679,0.01587935499926882
0.09159464380053998,-0.009686664828915073,0.13445525416462878,0.22908726148598266,0.24280875641398944,0.27028056551377716,0.19580380024094024,0.25759313489578817,0.1225434459880784,0.15918554074173988,0.254308260930839,0.28184028184418564,0.15765001932614794,0.3922514467354143,0.054189835787948254,0.9296279163564777,0.24846120470185845,0.13970630713268709,0.20295610556433605,0.16588730527349124,0.15552058412298572,0.42227125021709894,0.11944701014077229,0.20753347773937117,0.17748045203926263,0.10161716356922146,0.28461172675413077,0.16265505739800637,0.32776635811029253,0.16591151770724616,0.1322105098760488,0.32987949821544826,0.08709404713421263,0.2112400784302253,0.20236110076462357,0.27228045166519543,0.12225869812307515,0.12246244801986651,0.2680082553601807,0.13865116123061272,0.16701642424443067,0.06563672140315777,0.1610123116000656,0.12529889036210778,-0.03989348835359083,0.19357649190250045,0.15401870101483556,-0.012399729257238909,0.31775335925424286,0.03271417559553465,-0.07687669238611193,0.0021342053358359005,-0.01030999544496809,-0.027262996127203912,-0.00774180617373736,-0.001285738305544785,-0.009791164030696325,0.05258520305071886,-0.06223629154006824,-0.026553413225981724
0.053491547290901165,0.07616896911874439,0.23594237530048473,0.1707103395382651,0.10887224481329084,0.317254525539549,0.17142614590822705,0.29515868649148175,0.19370576141987453,0.22073911227932017,0.29521748464510417,0.26412297451011707,0.16501450112270605,0.3694615672321939,0.22550565361261593,0.24846120470185845,0.7712126784064424,0.19186302394184715,0.14725071432691628,0.0606761862963946,0.22499897441679734,0.2747815371219196,0.2228380627253958,0.16299327162862745,0.24208203279180843,0.15237104471038787,0.17112877439686783,0.12550301163824282,0.3095447629131236,0.13506977976748255,0.0957944086475789,0.18496307375017457,0.11277404648749928,0.19766533661803368,0.12587183453160228,0.2456404075370667,0.1762327650242331,0.06713999990079056,0.16879435858730005,0.08956759174218701,0.10917612676081952,-0.00031816187885660215,0.14114579218506507,0.12435171514087848,0.002821432515074349,0.2227730675974306,0.1896718288578997,0.006220291420720323,0.2573052216665149,-0.0063918238502873375,-0.1583551490403632,0.03257392289749498,0.08301269311375058,0.11100589148823664,-0.05469877675144269,-0.03813440371053759,-0.02187675382163139,0.07548068374450688,0.10360297490724243,0.14660245814823314
0.14318083461897305,0.09697576190905702,0.18884965001159632,0.17379765562022337,0.1013816371948572,0.10033761760419126,0.2155178243825426,0.23122798610970705,0.16226220685979925,0.19950222972084514,0.20681382833450945,0.14472217317639122,0.15040130043915384,0.1432016691225369,0.11241591456307984,0.13970630713268709,0.19186302394184715,0.8759772398217904,0.08899691098829014,0.014515887556060874,0.1341727790643644,0.18475240707360197,0.3636861361448593,0.06449600976079058,0.14450662472394837,0.08921796160217388,0.11108342363695178,-0.048975873483743375,0.17453750760699666,-0.08841031667022535,0.31506880026615725,0.1346227199196551,0.11249250426247391,0.2314399814339515,0.05297661479269138,0.17057877623362314,0.20629101814776082,0.03653473358037817,0.16880682301537728,0.07860633105602834,0.028107044766382767,-0.011350876377997043,0.13616486121229504,0.08717677534729285,0.01421482381174925,0.21106283713935317,0.2905326022938133,0.004804834775011738,0.18131230911339563,0.0428778753317981,0.1179397090570442,0.10898158538411176,-0.06554709866722523,-0.17362359879642486,0.0008830747083941514,0.012139170812605541,0.05831458777733273,0.09548354940436507,-0.16350664856830172,0.00871121512619859
0.09827899353665992,0.01612574673750198,0.14319229799497465,0.1816096470565259,0.43789355689953663,0.3558178002825198,0.09662709921011337,0.22441859428862,0.08200181455108538,0.1551479793363526,0.1518273115667334,0.18925991746305948,0.11036231683436908,0.18256356552533887,0.14890205013377505,0.20295610556433605,0.14725071432691628,0.08899691098829014,0.826714530347669,0.05918718212639915,0.14996779066103078,0.15841643979335043,-0.04945462218713028,0.12391479051293366,0.19149316139685815,0.15798067318063505,0.11879258041055149,0.2178279245711631,0.12321274666618973,0.017454379146403253,0.1454886464363675,0.19150983619619513,0.15129449061104863,0.09793005728585784,0.019533001132953923,0.16176453785246744,0.10580482627372248,0.0559140230341766,0.2965321542570597,0.07263048780574304,0.0948745772937203,0.09123005333418006,-0.0009244795725905209,0.07232205509509976,0.04216378113889509,0.12400035834727138,0.07042749843832487,0.03152371615530107,0.04681345164080793,0.1339788376121145,0.12386113313229793,0.06650859045939103,-0.20197638743678165,-0.09494874836794787,-0.00247573919307626,-0.022674290955513567,0.08353662734201439,-0.06670310258956856,-0.020435857825784293,-0.03600350289934719
0.037451874085630665,-0.006450451756341311,0.15320105748738178,0.2667905634867651,0.08395060962409784,0.17857083456431544,-0.02108179536047895,0.21570029481064262,0.0672150044819345,0.276132626453271,0.17097945419050933,0.06723699640207194,0.10978733924241567,0.11234504620505203,0.0877704941154687,0.16588730527349124,0.0606761862963946,0.014515887556060874,0.05918718212639915,1.4926660902369866,0.2562449395042467,-0.049957667648776835,-0.30588027918956223,0.20311377877792314,0.03635913806610619,0.48446338990850846,0.31679503928367153,0.29208778615601805,0.2132062763912354,0.1940942786165202,0.481622428242662,0.2585213209538637,0.24444151002766168,0.28081647052957354,0.15392186169677205,0.13811109104522082,0.5133280435126673,0.6567419242275396,0.6466692089304782,0.3070561156507555,0.39149107299347374,0.30356496258591076,0.34649787909490726,0.08454782640680181,0.21421667357987526,0.3694394330382544,0.24070840902052987,0.0919780192206591,0.07302817354667561,0.16442764736893753,-0.26041477585025113,0.13534393768466157,0.10040026937656682,-0.1960362730870165,0.07782518369607277,-0.06923716905182534,0.15596387836940215,-0.10592651997371999,0.005582217160547035,-0.04146262870359222
0.06409839136650362,0.16930957661877824,0.18202425098546565,0.16842718161855036,0.08054322612769461,0.2538612604869623,0.08375729231846998,0.15792258578290355,0.1830699087828949,0.1943057111528574,0.17799346744143704,0.14618973149212275,0.09239260747100847,0.19718294305138465,0.15835062276227854,0.15552058412298572,0.22499897441679734,0.1341727790643644,0.14996779066103078,0.2562449395042467,0.7309771339638387,0.17579634422606924,0.005901328120099654,0.17360859823947727,0.06829459789123554,0.4541323061458138,0.14364250919058347,0.26275357794897397,0.21822748730382313,0.09338732728009541,0.2760313346362544,0.2286082251192428,0.18805067155174862,0.10615966211547483,0.07456653548435367,0.27907133609050216,-0.008343152265013785,0.15808300769878317,0.2566959421021464,0.14482197030722246,0.24975847287110037,0.20788974391090775,0.0885457161072657,0.0540104506490333,0.053844194931853356,0.21178386832316334,0.14414462273602519,0.014852368670197798,0.13343581135038346,0.04905523172803815,-0.17022690306625038,0.09636457258289986,-0.00956068322665025,0.06061141544102808,-0.015737711549764374,0.02111067148172995,-0.05893732753868078,-0.009933953585724131,0.15769556232040216,0.2357918312859492
0.0856117735793127,0.09554585140795196,0.21444651786251248,0.1096804031577764,0.11320339383622305,0.27448478550582456,0.18166848576496777,0.17650398004879603,0.39609870159689897,0.11257363160814267,0.17801926095170714,0.21928696115600627,0.16024826914133675,0.29990943626571653,0.08212588647293256,0.42227125021709894,0.2747815371219196,0.18475240707360197,0.15841643979335043,-0.049957667648776835,0.17579634422606924,0.873108091794909,0.17715729245967804,0.1964028447592825,0.05747641626975821,0.15901589118084844,0.1847501612899664,0.09761156464648157,0.22927179718725452,0.07587955882329936,0.19742347618016307,0.359092740113637,0.11503023844473118,0.2302236629280512,0.04219605367173803,0.280584950407818,0.005193777577038361,0.055725143165416005,0.22737017076666524,0.044358676238562995,0.08433822306469918,0.06421445339582929,0.04755968546870375,0.14805669294315668,-0.0844916411828591,0.1732924064333417,0.14339159253853045,-0.06644539612404221,0.5798327197646498,0.038229272973498055,-0.04390215691642651,-0.07777224511658784,-0.026952356575000305,0.03258050218695046,-0.031627263353258064,0.06631510491019289,0.16591262802151485,-0.053587641164835116,-0.10223463629563034,0.10196854952577482
0.10496071209213273,-0.03623448959252979,0.09736935164312291,0.1406684016872426,0.07136307925237367,0.045362938872596875,0.2369389834088955,0.16612564660439705,0.11175271351455512,0.09796000329308593,0.16482329565357443,0.16603541731686036,0.13634948203789135,0.17801784126413317,0.13581551299712707,0.11944701014077229,0.2228380627253958,0.3636861361448593,-0.04945462218713028,-0.30588027918956223,0.005901328120099654,0.17715729245967804,1.2773627635179592,0.2771388788594525,0.36943668627370463,-0.22798623761425132,0.024314981989005086,-0.4882074968214405,0.3749539652700609,0.24518173022855574,-0.34880402076494293,0.03732993333337865,0.15471857932708766,0.21534154597927085,0.11342311186338863,0.18630605717235235,0.3287545810801067,-0.11863116954147766,0.31958697346672077,0.14945463931245512,-0.04999089603628128,-0.14819688270611148,0.14468956217926301,0.31052998065366727,-0.09457230775786797,0.24635359735428297,0.24890474470925605,0.021036949722286948,0.19880179926967623,0.26875493473790185,-0.0738728965661774,-0.05354573549576636,-0.024496641686002425,-0.11438603661367323,-0.1129544046054102,-0.008131502166738577,-0.07833454845045704,-0.020606936101102293,0.08884812429610109,-0.03038244898515624
-0.0036544087417852656,0.0043221549483145405,0.11385842535308217,0.19609387021142427,0.12841520038995277,0.1788582354803628,0.069937268618062,0.16173113930899122,0.13890959729072921,0.16239314369037822,0.1745087497548999,0.16173892139168775,0.11903873462005533,0.206079525702018,0.18209956119261927,0.20753347773937117,0.16299327162862745,0.06449600976079058,0.12391479051293366,0.20311377877792314,0.17360859823947727,0.1964028447592825,0.2771388788594525,0.6497151593276286,0.18149786922749067,0.12106758407949972,0.16076829328570516,0.10696996688199954,0.1292021423698056,0.32414572576222955,0.25827081422723996,0.29466454019361393,0.29441599026594406,0.1298005788920994,0.08348935770370375,0.2973653149273783,0.1410729218228201,0.1341976181339006,0.18629737076813546,0.08233252612360865,0.17617064102812624,0.08348577520534013,0.02111825723648573,0.1634781390218345,-0.058908666441837676,0.26797683897255903,0.1845629236669836,0.027505707864219818,0.17387484565143604,0.050665863134840596,-0.06624946829216022,0.002301711788614125,0.021545292609634798,-0.02349668175815343,-0.03145114673897208,-0.02026601190814474,0.30246503729702945,-0.36664997179977576,0.10800481598769507,0.027812935147187533
0.1794507411876845,0.05109179106146022,0.14820137296370525,0.19707726725074942,0.16786629486743188,0.24318360939033754,0.13779033039558797,0.24179627082056238,0.053818906592874124,0.1789528194168538,0.20168786434149055,0.22741459932772273,0.12560341516543466,0.20545111019959889,0.20096117580513026,0.17748045203926263,0.24208203279180843,0.14450662472394837,0.19149316139685815,0.03635913806610619,0.06829459789123554,0.05747641626975821,0.36943668627370463,0.18149786922749067,1.1157152019295966,0.04732359281279993,0.12433566049036436,-0.015258117951587257,0.4246629490130167,0.21906278774183333,-0.0931375998166603,0.16111145793605583,0.05024583501901073,0.2872838977255491,0.21513992166236323,0.21911139895894055,0.2054424539611285,0.0645005935232932,0.2252608250913112,0.10742573117657968,0.08954144695048295,-0.042240454862371636,0.1374330119273118,0.15873855755857974,-0.017686034827881496,0.2886220955700748,0.1863037038757755,0.014968602473958747,0.08025878356917727,-0.17481392131679727,-0.14731477526461517,0.17222078332149993,0.08938032405817162,-0.016672629268924113,-0.009163674563740714,0.012010356220061582,0.13375152624120232,-0.11721082145469958,-0.018158208033017126,0.025897659040272508
0.04271198624957163,0.22671621702143582,0.24418260086718863,0.2592618621809135,0.2132784768992406,0.4283295249251443,-0.03920840905432822,0.2767409084006239,0.269035333145945,0.21727549185102815,0.1967205122040789,0.10387752531219596,0.06855329883724351,0.25306891439175544,0.30071325103066604,0.10161716356922146,0.15237104471038787,0.08921796160217388,0.15798067318063505,0.48446338990850846,0.4541323061458138,0.15901589118084844,-0.22798623761425132,0.12106758407949972,0.04732359281279993,2.7747315562983976,0.1970413868604407,0.5482160001843727,0.18449407939422677,-0.6346711822524846,0.23429979423717898,0.6325853188585835,0.10263065295287785,0.11740325222209005,0.03430924419336328,0.37268903483539384,-0.8183984240301126,0.23439290928492582,0.3866429772334703,0.16472105351593033,0.2444604938206178,0.3317941712720748,-0.022117322512710143,0.028788708378192557,-0.23350192180242935,0.06485345962369747,-0.22244840257244652,0.017386142279065087,0.15253059588461965,0.33091751593648805,-0.5824072868448326,0.22351613403856094,0.02512023540209397,-0.06876275654495519,0.015061858713518934,0.06473847553677405,0.30809989027803775,-0.06626336669696559,-0.09413810109863016,0.07842208807932279
0.0641631044265835,0.05605073133290579,0.15070490660616306,0.16774454213525675,0.1266256552285408,0.2033044060217169,0.09802226337098963,0.18279343280170446,0.13041007631412965,0.16505565567854483,0.20143114982874638,0.21322707566784233,0.1491605285819358,0.15939652965360188,0.11172124442220857,0.28461172675413077,0.17112877439686783,0.11108342363695178,0.11879258041055149,0.31679503928367153,0.14364250919058347,0.1847501612899664,0.024314981989005086,0.16076829328570516,0.12433566049036436,0.1970413868604407,0.4268313101957292,0.15447994715924376,0.18635261293843425,0.0851813083343146,0.1868479603916665,0.2761992099891467,0.12439743520618103,0.17914519932738904,0.12171743357632596,0.2765891669508629,0.11876185890037048,0.1684915354280286,0.2165884399831734,0.12509063363404624,0.14087591749940775,0.09166610089584278,0.1797828425645548,0.07725517995103157,0.01239151565729212,0.23077413268647515,0.11495799352040104,0.02258113927236409,0.13232604053084557,0.04418698695773958,-0.07117035806798692,0.018446486042382224,0.018629069565325063,-0.03459923041032017,-0.00036113157253887546,-0.010051113171609434,0.17206394874975012,-0.056903451263381116,-0.10187495656287111,0.0022725195294604106
-0.03303372089693097,0.1452593500932928,0.18008791734316731,0.05368674008787066,0.05073324946222552,0.20668850790793053,-0.09359377847778022,-0.018397490193540544,0.11913530661840462,0.06831361729031876,0.05551637508877906,0.036640453525398325,0.016826975490748887,0.12055193854065686,0.20403970621447381,0.16265505739800637,0.12550301163824282,-0.048975873483743375,0.2178279245711631,0.29208778615601805,0.26275357794897397,0.09761156464648157,-0.4882074968214405,0.10696996688199954,-0.015258117951587257,0.5482160001843727,0.15447994715924376,2.157232477361216,-0.17483398697648528,0.021490260483373984,0.4373118676911458,0.2609565720475414,0.2483212603679465,-0.041068071215266434,-0.02675194153173863,0.4221023257030766,-0.20610515903735424,0.18475996960139368,0.02118191270739565,-0.05330154915569334,0.3563488915355482,0.3115216637636433,-0.052926141888055195,0.199595956776287,0.1611541081662706,0.0218674104704184,-0.0827700590089621,0.040704147259626774,-0.0929049244827323,-0.3698881054870625,-0.09671349800306542,0.4074207442712844,-0.13831514478208237,0.1570657118723159,-0.0680400404300949,0.056574975986745116,0.2847959107113993,-0.1921185931475193,0.04456540080991273,0.13599012933298935
0.16845331797086432,0.1651056439453806,0.2871224127595093,0.1750238998107523,0.13380097005469227,0.36550366692490216,0.11293062004227562,0.2833668733428748,0.12273369671949216,0.23834732382419258,0.2659330466508087,0.21033068992028817,0.21344143121426207,0.2699063138148674,0.1965030868373694,0.32776635811029253,0.3095447629131236,0.17453750760699666,0.12321274666618973,0.2132062763912354,0.21822748730382313,0.22927179718725452,0.3749539652700609,0.1292021423698056,0.4246629490130167,0.18449407939422677,0.18635261293843425,-0.17483398697648528,1.8139692151484865,0.1565058253830864,-0.2550857312052327,0.1748361447758852,-0.015429260032873452,0.27402376617313123,0.20039900024584864,0.42182691886368423,0.18748877678076778,0.0328161391814097,0.264591622808976,0.2109829279751047,-0.01639258203885273,-0.14037919460618034,0.2975143364961001,-0.09373464336629912,0.08606498979503141,0.5163161099457048,0.2065084292485991,-0.004308359798647048,0.1897082860671806,0.3962199443864296,-0.4980152643422012,0.10801621703243008,-0.10845266733312962,0.023252349446929808,0.015598529906398853,-0.05374504582855446,-0.1887638460278935,0.10494133064342674,0.1483287454320101,0.05293335972492356
0.02028221680063755,-0.04670005465628799,-0.2129170940049589,0.0662274437333481,0.014390381973160992,0.02524691731119879,0.047470498295319914,0.07370548114864829,0.01723366942141569,0.1298775502773614,0.10712163204914808,0.07851447477035269,0.08954931228055553,0.14316955692826389,0.13250861343735204,0.16591151770724616,0.13506977976748255,-0.08841031667022535,0.017454379146403253,0.1940942786165202,0.09338732728009541,0.07587955882329936,0.24518173022855574,0.32414572576222955,0.21906278774183333,-0.6346711822524846,0.0851813083343146,0.021490260483373984,0.1565058253830864,2.3546636768940985,0.021118968164766116,-0.06143370019519683,0.20818186445623138,-0.05357641505983178,0.48827433642848295,0.19208340235317603,0.6389683404659116,0.19705071816538827,0.10288254572546676,0.06005212446051719,0.5647289720787739,0.31429824196027945,0.3524386784703157,0.22393348043789102,0.30486495920255957,0.34621190181016787,0.7247853043864719,0.04054802906643991,0.21902358002910852,-0.2877934121124015,-0.01637487384596146,-0.18188963951325146,0.1768059260920923,0.21682799816186393,0.07721475071354865,-0.08830288916629422,-0.15232995535718064,0.05864117520567453,0.11107945556093954,0.11774665715498638
0.051780324273156667,0.042511164032708576,0.1259267963288724,0.16050733122292382,0.11660243358567948,0.1380684287945171,0.03863015264618669,0.12859251889702156,0.19936078334156407,0.1902852072283489,0.14720274467686464,0.08179504182667968,0.07092647535295853,0.1500778696204091,0.126845343740409,0.1322105098760488,0.0957944086475789,0.31506880026615725,0.1454886464363675,0.481622428242662,0.2760313346362544,0.19742347618016307,-0.34880402076494293,0.25827081422723996,-0.0931375998166603,0.23429979423717898,0.1868479603916665,0.4373118676911458,-0.2550857312052327,0.021118968164766116,1.4339628820288806,0.32267235371766706,0.2484378838998274,0.07147196090461043,0.0364527585508222,0.3231992698279878,0.006282311544346691,0.2803636117433289,0.09094335375228732,0.049362517786604936,0.22981447380531939,0.19249033655460154,-0.022641854205127526,0.023742252991484105,0.10602031115661943,0.23567571219401434,0.1691340253112654,0.029426259059802052,0.10274535681989187,-0.05231271334016952,0.06701903493942123,0.18638560372445825,-0.08366196897728669,-0.07810174316704259,0.13156910530077998,0.060402103725664055,0.5295683908092127,-0.290843329046378,-0.2533098828251825,0.045249861098220295
0.08201544099604234,0.07725579646530521,0.21034403401956855,0.24157823028335043,0.17757982922753318,0.30007382447285275,0.0872026233964295,0.23352664806099563,0.23167521892147297,0.1661986497497416,0.20546848483803534,0.2624889730489122,0.14758856270221354,0.26277736544550706,0.1569331782899187,0.32987949821544826,0.18496307375017457,0.1346227199196551,0.19150983619619513,0.2585213209538637,0.2286082251192428,0.359092740113637,0.03732993333337865,0.29466454019361393,0.16111145793605583,0.6325853188585835,0.2761992099891467,0.2609565720475414,0.1748361447758852,-0.06143370019519683,0.32267235371766706,0.8407221156763394,0.0831833607637218,0.16965686969019936,0.016286701100090735,0.4797995930811596,-0.24637090018457494,0.1615658400317411,0.32513099715732013,0.16225417398795128,0.15482592315846455,0.09071990189806407,-0.11790617679737625,0.11933407450665863,-0.07858547847068069,0.3192739076398514,0.06418982502261988,0.003037422801121004,0.3171853663919551,0.14368586762152055,-0.028618435487096274,-0.009826519633180994,-0.02188996187678645,-0.10511501671525336,-0.01767849507508892,-0.01554362707895539,0.9974477116747914,-0.5153747130231198,-0.37770926482766115,-0.08929995235161009
0.03734964487951691,0.039344243862037796,0.11903917265968436,0.12193613212274222,0.14341055912654277,0.011670022448151962,0.11938798289136465,0.11110420793843205,0.11246233329565539,0.12260117544028053,0.11905899570490303,0.08417690179978451,0.08151050364717233,0.08091220219765317,0.12934798886194673,0.08709404713421263,0.11277404648749928,0.11249250426247391,0.15129449061104863,0.24444151002766168,0.18805067155174862,0.11503023844473118,0.15471857932708766,0.29441599026594406,0.05024583501901073,0.10263065295287785,0.12439743520618103,0.2483212603679465,-0.015429260032873452,0.20818186445623138,0.2484378838998274,0.0831833607637218,1.1491928258778332,-0.02159955198528558,-0.24303114736087547,0.1925544719736077,0.380386332074149,0.1577283968471242,0.08080883121125143,-0.07088007273948914,0.09949686455514072,0.041062653060804644,0.11356179556375512,0.07567181687651109,-0.20704526595296957,0.2166856734555987,0.18141228906973714,0.041059313665363376,0.11436457937971825,0.20951742897429462,0.0013075778059409861,0.07694198540282289,-0.061392778095793,-0.24054082470514707,0.01438300803091662,-0.028280278420922143,-0.10443320401113165,-0.07307416874273977,0.12413101266482111,-0.07404600110950837
