1.0700992744695836,0.3302436922244358,0.29452574314637314,0.05751573225304879,0.2188036865866205,0.09604901919619631,0.19071727162173954,0.18262312330444322,0.09334542151755003,0.15477440494073325,0.09103344946600597,0.13264657848594621,0.048486846637124985,0.14986850121235124,0.11547857804507825,0.11083103195771422,0.11769428929579898,0.1053849202062498,0.08344378857555736,0.037822642283428624,0.09892463598265473,0.1092710420285817,0.06691664212329634,0.06061675132532995,0.12986781027865194,0.10425033889803441,0.052675570332791126,0.051389447942437036,0.13776326352585141,-0.07981163248476313,0.11171308134855916,0.0914555005642478,0.04854808066302284,0.09789820799019079,0.05844899817802667,0.1373899108111141,0.07442261896023039,0.12716748520868706,0.07802292145770291,0.03720676474904734,0.13899398833599036,0.10245201834214694,0.10365848301727965,0.1581480163053138,0.1203502686643925,-0.01860081546834094,0.04240054649520103,0.0191064514041245,-0.019666621567345145,-0.0419216204568831,0.022385330197966125
0.3302436922244358,3.138766617895554,0.25037033085602284,-0.22045087879794983,-0.05119754877303506,0.17047510605299163,0.20639181905941595,-0.05940161378375853,0.16496842498732933,0.2746757823079225,0.09521746907140287,0.046614147418022174,0.04962340033371231,0.03669224256196116,0.26529219621714345,-0.034204686453053544,0.13075282268212435,-0.12620994726180085,-0.09505936857593224,0.19451739807960544,0.010009068431159642,0.021633082899849363,-0.42901466017921464,-0.12002177638183475,-0.019634998512963533,0.25274223763931514,0.0628811343649464,0.030651797068423914,0.26358413105247575,-0.10118076018462036,0.006259495798584275,-0.0035926101603723734,-0.13352946780803468,-0.0052478440310377,0.15712385840082546,-0.10478629004706226,0.2340676693355139,0.10286103907972635,-0.14541047602482285,0.025232864578510046,0.11397749264677472,0.05676027557627686,0.11513269908303352,-0.08125302623465204,0.2011834936298985,0.07961530376226901,-0.18246383953259487,-0.023448864283184087,0.16522650391097593,0.04514044038143557,0.07629553144319218
0.29452574314637314,0.25037033085602284,2.418460887082699,0.2045057440840349,-0.007159589865674411,0.29289685271199134,0.016361977915371112,0.524859527368966,0.17287309789062216,0.46262178795265396,0.22366246501693982,0.23933617538789706,0.10000335467429977,0.20148845605894206,0.2344553767088455,0.19147443802597913,0.25703827517116423,0.308167240898905,0.21389000514132456,0.10594683744905181,0.24533255648507737,0.2478958264828219,0.18813155517857177,0.14049743150923627,0.2937920220150008,0.12059664142423306,0.06678892820769272,0.18944285453300042,0.3964623034517439,-0.5847507987597192,0.2480485895266238,0.21005318895600253,0.1147577097088827,0.38647543057309774,0.303007231718944,0.27901032911260415,0.2899463092372321,0.3827381379624762,0.20471332899293976,-0.3409383381946348,0.38247572085567233,0.254587427604447,0.31158275167288907,0.4549664570494667,0.24782082043742082,0.4565812506203036,0.41094165576374647,-0.09036506540476043,-0.8680625749725548,-0.0077762009164325675,-0.0775629935154321
0.05751573225304879,-0.22045087879794983,0.2045057440840349,1.0864062709452864,0.47190339235924533,0.255679693273437,0.23953352472988013,0.33166429320016955,0.11110488821750937,0.2032912930836117,0.17891225567419863,0.25409667117881574,0.10003109723707665,0.24035818030375172,0.14175024000741632,0.25528989741773284,0.19591965343280768,0.24396373014449224,0.1895160948730039,0.05974276527622652,0.19373696530027673,0.20364978464479402,0.273002042734245,0.22445844527854605,0.2648898711524922,0.14293833460840236,0.0874179540536337,0.07868244332225173,0.10200759081804532,0.039781343931413304,0.22329476860820338,0.22633246433501394,0.22344096112692866,0.20324922614765664,-0.04119426859842538,0.28384076632258304,0.11119461862325182,0.26774399683163147,0.22299781731347285,0.1036765680876443,0.22385800187123114,0.15547771201514612,0.11875894066864738,0.4358697057270446,0.12687096246396937,-0.012399940872297614,0.44049914207051444,0.02440595164093374,-0.3686423685516314,-0.026965797265347046,-0.052474588291257965
0.2188036865866205,-0.05119754877303506,-0.007159589865674411,0.47190339235924533,1.2762479727728284,0.06766476922023698,0.3252165670721698,0.20621799988316436,0.04146383059868075,0.23080000642505355,0.12257697814842698,0.2894543190791332,0.09589676171770135,0.18436502502942212,0.16613949448025575,0.27388406043296426,0.16178434729546795,0.21266282496840677,0.30734708573413927,-0.003703923973993052,0.1579581410015742,0.1885181005809607,0.2226415997428647,0.1729264204533815,0.21731390822618155,0.1760619333996938,0.1157446284697828,0.05977811731878307,0.0317040673104193,0.0609626858308369,0.22527319303101395,0.19740750373492189,0.19424188705048448,0.05879232768437029,-0.1028104688354912,0.2844042305614435,0.1494795503891941,0.30429480385932844,0.10383954040444406,0.14505636101949598,0.15510302185342725,0.16530359651110446,0.07530185604758967,0.36937678208003416,0.05627854778230859,-0.1531581026336036,-0.018405723882256832,0.15024206159136833,0.14901234274348238,-0.07539933873288425,0.04098353448728793
0.09604901919619631,0.17047510605299163,0.29289685271199134,0.255679693273437,0.06766476922023698,0.9084285249453165,0.015325800816988712,0.4272309530549486,0.21955543881395095,0.16640045432691064,0.22647014603026688,0.1673686646397246,0.08298094140136397,0.23727717799659234,0.1916481988285372,0.16112017923959057,0.24985218262657075,0.06889800472843131,0.2630035620556123,0.19293188219155785,0.15054746652411574,0.16857217875452965,-0.025492756688778366,0.0968296025453588,0.24500488693836942,0.16864073023397416,0.17617605532712538,0.13133857035654908,0.205861349628781,-0.02812401086319387,0.17852785700144627,0.15984029972436356,0.04249494653177214,0.23480613173131787,0.21510974007889977,0.12845722142928817,0.15664950935119093,0.23224222098382913,0.24331999600779167,0.15328427553008167,0.20087611821779583,0.15109476628853993,0.19006451352628814,0.1950247462467867,0.28143563966110025,0.11504168105945921,1.0931966562837123,-0.05517236105370968,-0.4575897709902217,-0.03671688859127485,0.015733088414082035
0.19071727162173954,0.20639181905941595,0.016361977915371112,0.23953352472988013,0.3252165670721698,0.015325800816988712,0.6918583984935883,0.02904097521402115,0.20567092372097137,0.18851693016101814,0.14373767287344244,0.23508706268036703,0.09945478321029858,0.15777136998462035,0.10032487675377914,0.19039527848948787,0.20173560333847504,0.20250075189141567,0.07787479399186993,-0.005187533922212289,0.1329175495074318,0.21178089325149996,0.22064817720200283,0.12434152356697528,0.16930777809827732,0.19821199786585003,0.11189279832417567,0.04461542036570213,0.1410286537963001,-0.004722748733290161,0.13829147462535527,0.17282115380421803,0.06841488228638891,0.1383766592555891,0.01794674854200224,0.22845872414583812,-0.021531198681652663,0.1250633751326377,0.08740663141918685,0.1393745481109964,0.071139646285583,0.10865696872893887,0.07142573225173555,0.22952330846857869,0.07736094424034391,-0.10175208188738756,-0.5024127141216027,0.06708814011873497,0.37020791691829336,-0.05400093101538775,0.024690648200493777
0.18262312330444322,-0.05940161378375853,0.524859527368966,0.33166429320016955,0.20621799988316436,0.4272309530549486,0.02904097521402115,1.249868829194108,0.04491773017195131,0.2502488823586117,0.2735612699283631,0.2095888749460813,0.06620148259457746,0.30917875874561174,0.14690907209696719,0.22185882902465767,0.21189205812463466,0.18318979433407834,0.2481253035831941,0.24628801741888606,0.21458017676443245,0.14285111507344775,0.1382197796354584,0.15225175998572932,0.3584575465008521,0.14633265672435025,0.1493028154717296,0.23164096073424878,0.21826646493500815,-0.0772597289526016,0.24999070970856452,0.14941645340819557,0.1663720276561389,0.2754226763477838,0.3411195405536079,0.15639741460217393,0.22530135514579355,0.2218241385433585,0.4514794051434653,0.13136886807906947,0.4306768258968296,0.19154473428606306,0.18707437288864306,0.27134996926453414,0.3261110409909479,0.13788754784471777,1.0308966330670302,0.02099772769162595,-0.3169519380769594,0.014554565034647452,-0.06461481457766215
0.09334542151755003,0.16496842498732933,0.17287309789062216,0.11110488821750937,0.04146383059868075,0.21955543881395095,0.20567092372097137,0.04491773017195131,0.5942188722518265,0.06896175490187309,0.09599507989197482,0.08214025233325709,0.0627244671952272,0.1709335694314932,0.09857714138665485,0.07353244983942117,0.15472120204549036,0.058906072744909894,0.014942864728743024,0.07359632467837192,0.11201752817946418,0.29454404911595533,0.11900376284883411,0.12624782493189893,0.09503587626984838,0.22789100885188407,0.11755554010061127,0.0631549536367211,0.08332765565254349,0.018283119258541685,0.10254308945900754,0.1664136676197032,0.09333288016402021,0.1739543172690543,0.04108347422809589,0.11314552565151877,0.058611379129131023,0.13169149679115918,0.09110781218456329,0.08391128212273023,0.11392177821105472,0.10042345618336876,0.07498600113062544,0.15772066508204932,0.12817274823519215,0.14114168206351227,0.20438699021340967,-0.12285137613880656,-0.13566563811567914,-0.028755920034186786,0.0011730031336832176
0.15477440494073325,0.2746757823079225,0.46262178795265396,0.2032912930836117,0.23080000642505355,0.16640045432691064,0.18851693016101814,0.2502488823586117,0.06896175490187309,0.8830790075689513,0.10769600315160009,0.1834290402294119,0.10109630269008436,0.1417871775893936,0.19820236168364477,0.19943801241225076,0.18244957014934013,0.2793698298859185,0.12235062120118162,-0.029782002813527116,0.18165417986938415,0.19773496684394148,0.32683433630777853,0.18516024611638307,0.22128024482212882,0.15487870644462745,0.1293670937823269,0.1728831215646919,0.25768796874641714,0.08575858271343928,0.1904570306323499,0.1783020549102115,0.14044231846793698,0.2658940980305619,0.19975124897623753,0.2281078694193349,0.16562107115271985,0.1879329955355104,0.17387487975647323,0.04589962699777784,0.26973016145662465,0.1802215170007811,0.16889540719172846,0.3430020430622108,0.1612420217173385,0.0703104442667351,0.1965847767312064,0.06622137745924203,0.041743271669280435,-0.024831910795927708,0.02569718178802017
0.09103344946600597,0.09521746907140287,0.22366246501693982,0.17891225567419863,0.12257697814842698,0.22647014603026688,0.14373767287344244,0.2735612699283631,0.09599507989197482,0.10769600315160009,0.4358815226331239,0.20347768888148154,0.15995006331216638,0.1558425591265779,0.21415634805986652,0.1731210220665989,0.2245688381380349,0.20186739601462392,0.10038978399819769,0.18770561074905098,0.16422782042578202,0.15116010593995782,0.13408889992647624,0.13033022140550898,0.201139471629132,0.14809539305810338,0.199446726779012,0.15329821070230398,0.228753441846764,-0.013538957162121126,0.17735842486906453,0.1569849248415874,0.11989881321366448,0.17764481260192544,0.1844885300736969,0.14232449625714916,0.11644776762857602,0.14282680229911177,0.22867654185342137,0.1377697262790384,0.24872190496741475,0.14957018580727863,0.15577733799313093,0.13200187260001772,0.20246125689017755,0.10691833810674993,0.33521328959735114,0.01989421771184605,-0.03570940369277962,-0.0147181004526074,-0.005880762225439269
0.13264657848594621,0.046614147418022174,0.23933617538789706,0.25409667117881574,0.2894543190791332,0.1673686646397246,0.23508706268036703,0.2095888749460813,0.08214025233325709,0.1834290402294119,0.20347768888148154,0.5977470901951926,0.11181780018352258,0.1960647363967015,0.18983017658039283,0.22722979350264014,0.2177198780992953,0.23811265653597338,0.14386097293414835,0.07796125331959695,0.14425865718108372,0.17360990245051797,0.1565814534024785,0.11945049559006884,0.27820295566956765,0.17031469314273553,0.16150502734699293,0.10199798388920513,0.1550516519960825,-0.06556016306082367,0.21001109302725823,0.21392227377850448,0.08842621752410182,0.1889675674718535,0.10673517373999498,0.24630027559368184,-0.045907961320060225,0.1626263419427066,0.19527334971644272,0.1475323411811644,0.19921364414489717,0.1286092352414442,0.12149269446016789,0.22134264536532114,0.14782006967003392,-0.04431276937692027,0.08035469099312287,0.0677614659698387,0.2076779435725351,-0.11666164200181355,0.035081794347623894
0.048486846637124985,0.04962340033371231,0.10000335467429977,0.10003109723707665,0.09589676171770135,0.08298094140136397,0.09945478321029858,0.06620148259457746,0.0627244671952272,0.10109630269008436,0.15995006331216638,0.11181780018352258,0.33369412588583375,0.07445414435018352,0.03976124642476498,0.10962202966333895,0.11212312654750449,0.1383890613354526,0.06436698610475884,0.1405427481886156,0.1330348272371616,0.11246696492719264,0.1697141299472301,0.14897435935489758,0.1146876696012582,0.07034006494927127,0.11606969943314864,0.12358254024994653,0.21556356064651935,0.06832930986256727,0.11156935322473624,0.14624539190793648,0.10259542541008224,0.1567371125662856,0.13613456559755527,0.10815959702838021,0.07303458334022774,0.0897164066480278,0.16427498170592725,0.10009564150244313,0.16375062547137992,0.10982627759191706,0.14490265015420836,0.16218859241586076,0.11016171158998156,0.04435006969364235,0.03676841960701903,0.075957791577195,0.20728968240399198,-0.002558098613031169,0.006858933698562765
0.14986850121235124,0.03669224256196116,0.20148845605894206,0.24035818030375172,0.18436502502942212,0.23727717799659234,0.15777136998462035,0.30917875874561174,0.1709335694314932,0.1417871775893936,0.1558425591265779,0.1960647363967015,0.07445414435018352,0.5348760352319812,0.21407564311855326,0.22820770777855112,0.20335249310492062,0.15116478142979614,0.10606396377753773,0.18731965517160334,0.13452724961387946,0.1959656760320616,0.1098467011871679,0.16943965389823906,0.23051797800298743,0.2324504282087475,0.041599811729791956,0.12257937681475965,0.12865917179173506,0.016984943697916425,0.16544628266328656,0.17729994973171725,0.13549210115667243,0.14068787733301621,0.10679380524480633,0.16863183596565462,0.1430529596065393,0.19405668993070313,0.13512338305599692,0.141610966625359,0.24404281291344534,0.13350773660333431,0.15171532256544148,0.20481629019355635,0.2178696372164537,0.01942186445632202,0.46786671614414554,0.005169702426097488,-0.06616663745260692,-0.030682220781818637,0.023109375436226896
0.11547857804507825,0.26529219621714345,0.2344553767088455,0.14175024000741632,0.16613949448025575,0.1916481988285372,0.10032487675377914,0.14690907209696719,0.09857714138665485,0.19820236168364477,0.21415634805986652,0.18983017658039283,0.03976124642476498,0.21407564311855326,0.664013796675552,0.20179062063760062,0.2666960479403025,0.2452809585114397,0.09881174051223704,0.12977471769456023,0.16279355723138783,0.15441927857275048,0.08240894842812406,0.1196389173134874,0.2680184453486834,0.18641502050915276,0.17679059077913353,0.16692600382781644,0.2228248061624577,0.009849004219862388,0.19893827269829267,0.1405115779392045,0.13947891509774366,0.16522175872232428,0.16754860601056384,0.19632414560856964,0.18962174855810865,0.1236005079327444,0.13237384727810975,0.10667741289554494,0.3045010942336386,0.17461593326715308,0.13451419238269677,0.12883375501221725,0.2376931268583478,0.04698484082853853,0.3480008592984714,0.01133910550585276,-0.09271152409088423,-0.04664263990043251,0.03660149873674823
0.11083103195771422,-0.034204686453053544,0.19147443802597913,0.25528989741773284,0.27388406043296426,0.16112017923959057,0.19039527848948787,0.22185882902465767,0.07353244983942117,0.19943801241225076,0.1731210220665989,0.22722979350264014,0.10962202966333895,0.22820770777855112,0.20179062063760062,0.7106832252751262,0.21618642443806174,0.23430175768378453,0.1447261974058286,0.08516206807930303,0.15622384369485948,0.37756047282244315,0.1341264711523683,0.188927414313482,0.30426680963493125,0.09383694300444552,0.19519099391243455,0.19109630976171132,0.27352389692533363,0.04536770939137845,0.2031238588483596,0.23235444160364918,0.11000033691929828,0.22942477604305625,0.2797966316348163,0.17179145364168702,0.08543970211125365,0.15438174234988855,0.2508241077083344,0.16740318043102723,0.2981102048732372,0.14675086923465286,0.18860688548625967,0.22886430431998767,0.18400346923467614,0.05700217350703977,0.24053134058227393,-0.10464311930747962,0.18206052549169566,-0.050322483083635676,0.006040309238760201
0.11769428929579898,0.13075282268212435,0.25703827517116423,0.19591965343280768,0.16178434729546795,0.24985218262657075,0.20173560333847504,0.21189205812463466,0.15472120204549036,0.18244957014934013,0.2245688381380349,0.2177198780992953,0.11212312654750449,0.20335249310492062,0.2666960479403025,0.21618642443806174,0.49750236798855135,0.3477853677150199,0.12124713302927473,0.0475474486685491,0.17129834763098598,0.25354070396787537,0.17854514911963368,0.12559905211653208,0.2472489324197011,0.1952406692959911,0.20943831227010526,0.1427805588251395,0.21858310671169354,-0.06909253865297976,0.2014679343710248,0.18535932539359481,0.1215739889731083,0.1913420148637875,0.15548449675458792,0.19428434086078042,0.11517424634099775,0.17570128706977717,0.1723183069106132,0.12314528764601344,0.258758011569695,0.15247882548969577,0.17206716997552082,0.20937427561063923,0.21315907641708745,0.0633488274557314,0.3346977715624041,-0.05182202688606432,-0.11026877297159386,-0.025634025204215514,0.01390212523290462
0.1053849202062498,-0.12620994726180085,0.308167240898905,0.24396373014449224,0.21266282496840677,0.06889800472843131,0.20250075189141567,0.18318979433407834,0.058906072744909894,0.2793698298859185,0.20186739601462392,0.23811265653597338,0.1383890613354526,0.15116478142979614,0.2452809585114397,0.23430175768378453,0.3477853677150199,1.3015359301286897,0.10486041475454205,-0.20108893373192038,0.2844319347528603,0.2122384850681392,0.7620798372413828,0.23828796900498142,0.3763450259126563,0.2660683846261571,0.2775215493747648,0.24507488798251173,0.3454731644605364,0.017428383317015742,0.31400240081856606,0.23993168150372185,0.36083367887531737,0.3490597563108348,0.13343095507523073,0.5086700016211368,0.0817467694715204,0.08411253939211395,0.2088891061678937,0.060086861288039965,0.2582728953604122,0.20241783975088684,0.32092224160258553,0.27150267855464943,0.25440315698249666,-7.700022862272394e-5,0.1504295850397736,0.08194995326074221,-0.17869231529923338,-0.036627780434824585,-0.0244836160324162
0.08344378857555736,-0.09505936857593224,0.21389000514132456,0.1895160948730039,0.30734708573413927,0.2630035620556123,0.07787479399186993,0.2481253035831941,0.014942864728743024,0.12235062120118162,0.10038978399819769,0.14386097293414835,0.06436698610475884,0.10606396377753773,0.09881174051223704,0.1447261974058286,0.12124713302927473,0.10486041475454205,0.6688684302910186,0.02384068460716299,0.15773694154416032,0.1070123699088237,-0.0028317646016666,0.11160933688580373,0.15987101185897332,-0.002281850750062857,0.13523953318348342,0.13520384767956375,0.09408076271679076,0.008880828568336894,0.1866651124980483,0.10860273666682353,0.16081750652807983,0.0953082993625303,0.10110081180275352,0.21835858549495601,0.1858333552864911,0.24786087151740818,0.1958609781963057,0.03944095104518878,0.12705390858889934,0.15519042531003002,0.15888441288770913,0.25106824177203935,0.13384641645752374,-0.03584033454792462,0.18828698716415043,0.1508034610581614,-0.016360729068486537,-0.02915880662617023,-0.020133843028077626
0.037822642283428624,0.19451739807960544,0.10594683744905181,0.05974276527622652,-0.003703923973993052,0.19293188219155785,-0.005187533922212289,0.24628801741888606,0.07359632467837192,-0.029782002813527116,0.18770561074905098,0.07796125331959695,0.1405427481886156,0.18731965517160334,0.12977471769456023,0.08516206807930303,0.0475474486685491,-0.20108893373192038,0.02384068460716299,1.6245754327832922,0.11854701049318737,-0.04134464866687706,-0.3541572333535126,0.17870045700943973,0.04794883447642037,0.11190374709231365,0.16032244287206343,0.2796876886663835,0.27645555210703116,0.26106314289477667,0.22595811299427074,0.11678835986414236,0.20417261926611724,0.19337983772473494,0.33482848813751137,-0.1191427995111954,0.7339915328779394,0.40567598466982335,0.3119332828732415,0.4355475203670908,0.24594859487083354,0.14144535351589796,0.49547039220783373,-0.27241875285211314,0.6646420064852785,0.4338251989125336,0.1390912496867051,0.42162828082951975,1.007902196092042,0.051727164226400835,-0.016720711083777155
0.09892463598265473,0.010009068431159642,0.24533255648507737,0.19373696530027673,0.1579581410015742,0.15054746652411574,0.1329175495074318,0.21458017676443245,0.11201752817946418,0.18165417986938415,0.16422782042578202,0.14425865718108372,0.1330348272371616,0.13452724961387946,0.16279355723138783,0.15622384369485948,0.17129834763098598,0.2844319347528603,0.15773694154416032,0.11854701049318737,0.6715466799328601,0.14948510445968083,0.4200071322402222,0.2921036097875648,0.2690935528982554,0.05653397596739604,0.2460684109182506,0.3322075120291094,0.27707043201005543,0.11644577941769634,0.3793851607380015,0.26210450510526273,0.39325169188027914,0.23058271753343731,0.2411752285652777,0.6603338495736774,0.2448119181233083,0.3188800608955516,0.3387654363315735,0.31411572841738844,0.47481183815598876,0.5522521239861135,0.34064788274694713,0.40045660549449075,0.6117063313218954,-0.0970322618525059,0.5050075455184858,0.25411660865734886,-0.35461251276764594,0.008228105674240834,-0.02057977554310017
0.1092710420285817,0.021633082899849363,0.2478958264828219,0.20364978464479402,0.1885181005809607,0.16857217875452965,0.21178089325149996,0.14285111507344775,0.29454404911595533,0.19773496684394148,0.15116010593995782,0.17360990245051797,0.11246696492719264,0.1959656760320616,0.15441927857275048,0.37756047282244315,0.25354070396787537,0.2122384850681392,0.1070123699088237,-0.04134464866687706,0.14948510445968083,0.7580065389189349,0.18457923406381557,0.182927087303498,0.224599058652445,0.15832851278779328,0.23969782521365857,0.1163957680792261,0.17367953014840878,0.0211578125529139,0.17592014368956863,0.2793182241625325,0.14974441718327478,0.18786504968102088,0.09747056402948019,0.12669121522375792,0.025968506314207003,0.22829010480194803,0.18534430468206098,0.11153032071900168,0.27351045962254605,0.1365567905626015,0.08990533342199507,0.3412513027548493,0.042106164743155344,0.20845296051127227,0.23879242830990766,-0.36309230743663207,0.13768306106522407,-0.05452045540659022,0.008591443253612566
0.06691664212329634,-0.42901466017921464,0.18813155517857177,0.273002042734245,0.2226415997428647,-0.025492756688778366,0.22064817720200283,0.1382197796354584,0.11900376284883411,0.32683433630777853,0.13408889992647624,0.1565814534024785,0.1697141299472301,0.1098467011871679,0.08240894842812406,0.1341264711523683,0.17854514911963368,0.7620798372413828,-0.0028317646016666,-0.3541572333535126,0.4200071322402222,0.18457923406381557,2.6086619121523427,0.8238404352896577,0.6122668007644988,-0.078096646773314,0.15035099222630566,0.39963842211848977,0.35566886733128644,0.38685517343348474,0.1735719832195073,0.33927616207156536,0.8105242416738748,0.612587158258456,0.015092349447184048,0.4244682650731411,0.21768575648518876,-0.15054914715441428,0.569547818816146,0.10267790550709334,0.09998363415404579,0.3253125770074573,0.06367621554003028,0.5054379461218119,-0.04478129135249546,0.10968172830495194,0.4435109086644396,0.40367534760421636,0.1713930625619419,-0.04460506261829309,-0.07898350785238244
0.06061675132532995,-0.12002177638183475,0.14049743150923627,0.22445844527854605,0.1729264204533815,0.0968296025453588,0.12434152356697528,0.15225175998572932,0.12624782493189893,0.18516024611638307,0.13033022140550898,0.11945049559006884,0.14897435935489758,0.16943965389823906,0.1196389173134874,0.188927414313482,0.12559905211653208,0.23828796900498142,0.11160933688580373,0.17870045700943973,0.2921036097875648,0.182927087303498,0.8238404352896577,1.1847395631601794,0.29821824611269193,-0.013871118711104894,0.10912567179937399,0.4088959893741568,0.10851443640943619,0.6763336810681259,0.25502466255100564,0.4370359879056619,0.7577726173558157,0.34213325540209627,0.04576705097232442,0.2827113512256771,0.33235666358992527,0.1935925444844121,0.34612661784170734,0.11316893537962004,0.22637644205179347,0.24541304738521558,0.17992666861982268,0.3665298165666569,0.2075089885047936,0.15247802602179902,0.7294793462603169,0.2439765608379302,0.13516218484031606,-0.011978481617388176,-0.054493928400765404
0.12986781027865194,-0.019634998512963533,0.2937920220150008,0.2648898711524922,0.21731390822618155,0.24500488693836942,0.16930777809827732,0.3584575465008521,0.09503587626984838,0.22128024482212882,0.201139471629132,0.27820295566956765,0.1146876696012582,0.23051797800298743,0.2680184453486834,0.30426680963493125,0.2472489324197011,0.3763450259126563,0.15987101185897332,0.04794883447642037,0.2690935528982554,0.224599058652445,0.6122668007644988,0.29821824611269193,0.8998724628886625,0.11512142450727578,0.25401802213450464,0.21169034212018456,0.3774340906533685,0.037812083357409015,0.320149521257724,0.25561440171857225,0.26520583221223143,0.3787980502402931,0.18464243553956242,0.3850566110406089,0.07921870559214104,0.1581899986159064,0.33756756894451284,0.1457416044391071,0.2929827978956822,0.23370284677660055,0.204213877708936,0.31590909025618946,0.24309989181189465,0.024082222476210096,0.4404288174476011,0.04069216738552682,-0.19723751550936905,-0.0860674699781619,-0.00945550675527587
0.10425033889803441,0.25274223763931514,0.12059664142423306,0.14293833460840236,0.1760619333996938,0.16864073023397416,0.19821199786585003,0.14633265672435025,0.22789100885188407,0.15487870644462745,0.14809539305810338,0.17031469314273553,0.07034006494927127,0.2324504282087475,0.18641502050915276,0.09383694300444552,0.1952406692959911,0.2660683846261571,-0.002281850750062857,0.11190374709231365,0.05653397596739604,0.15832851278779328,-0.078096646773314,-0.013871118711104894,0.11512142450727578,1.557205197704322,0.057017970474965735,-0.06849517917662683,-0.013871082729144007,-0.11090855593169717,0.04021527190857722,0.3077091873590577,-0.04249823729442406,0.09036860972749598,-0.10077780660102408,0.21638057426982327,-0.3693108909762659,0.11780343236751097,-0.5453819598909996,0.1714573802725871,0.11883047910989138,0.044946066280813886,0.2798586558966017,-0.04774717515445383,0.3373626462280479,0.01194225967683621,-0.4875387466395383,-0.0277749248297018,0.054692522215739885,-0.01742920254974411,0.06094311392951889
0.052675570332791126,0.0628811343649464,0.06678892820769272,0.0874179540536337,0.1157446284697828,0.17617605532712538,0.11189279832417567,0.1493028154717296,0.11755554010061127,0.1293670937823269,0.199446726779012,0.16150502734699293,0.11606969943314864,0.041599811729791956,0.17679059077913353,0.19519099391243455,0.20943831227010526,0.2775215493747648,0.13523953318348342,0.16032244287206343,0.2460684109182506,0.23969782521365857,0.15035099222630566,0.10912567179937399,0.25401802213450464,0.057017970474965735,2.533426160880519,0.420458862830191,0.18294413202473628,0.1590559158313376,0.4771929854712831,0.12436292968797577,0.37857669939233585,0.08552776433115608,0.4360567882799448,0.08541947820900572,0.18037681593312854,0.21732573402726052,0.20516535929795923,0.511350635804124,0.6729488699218557,0.27772267081080243,0.16269307426786817,-0.51884252617276,0.22865230756813673,1.1368103606078428,0.1919176586197765,0.17480372971784347,1.1977212796945507,-0.0015045558920966633,-0.022414046606861138
0.051389447942437036,0.030651797068423914,0.18944285453300042,0.07868244332225173,0.05977811731878307,0.13133857035654908,0.04461542036570213,0.23164096073424878,0.0631549536367211,0.1728831215646919,0.15329821070230398,0.10199798388920513,0.12358254024994653,0.12257937681475965,0.16692600382781644,0.19109630976171132,0.1427805588251395,0.24507488798251173,0.13520384767956375,0.2796876886663835,0.3322075120291094,0.1163957680792261,0.39963842211848977,0.4088959893741568,0.21169034212018456,-0.06849517917662683,0.420458862830191,1.265388121689415,0.18764375347425724,0.4946078625654078,0.3272367333112493,0.13785997769028116,0.8221714014511033,0.249994660803864,1.079387817309592,0.13977628448362425,0.6928629152007222,0.14556986613643805,0.4299374406164489,0.30524751449581455,0.6023618103333355,0.41151925432641473,0.3150043814285081,0.20474825897056556,0.6286395924742532,0.27215068429499295,0.8046444981834038,0.35715814650032796,0.3334073347409613,-0.026229037902731536,-0.009293081354300603
0.13776326352585141,0.26358413105247575,0.3964623034517439,0.10200759081804532,0.0317040673104193,0.205861349628781,0.1410286537963001,0.21826646493500815,0.08332765565254349,0.25768796874641714,0.228753441846764,0.1550516519960825,0.21556356064651935,0.12865917179173506,0.2228248061624577,0.27352389692533363,0.21858310671169354,0.3454731644605364,0.09408076271679076,0.27645555210703116,0.27707043201005543,0.17367953014840878,0.35566886733128644,0.10851443640943619,0.3774340906533685,-0.013871082729144007,0.18294413202473628,0.18764375347425724,2.376595668783502,-0.2510364155272817,0.11806885488268183,0.12790503273518009,-0.07962397209861798,0.6641650579669071,0.485654927852306,0.3061701094875803,-0.14015142915252424,-0.3443182599927116,0.4327193207705832,0.08467733957176266,0.5901633563337757,0.19707637326320135,0.3742108717990681,-0.18407108731252225,0.35452152360498296,0.028083366167781485,-0.5264867097531527,-0.08510288432541076,0.7902233473842952,-0.04721580365929499,0.03145513734611051
-0.07981163248476313,-0.10118076018462036,-0.5847507987597192,0.039781343931413304,0.0609626858308369,-0.02812401086319387,-0.004722748733290161,-0.0772597289526016,0.018283119258541685,0.08575858271343928,-0.013538957162121126,-0.06556016306082367,0.06832930986256727,0.016984943697916425,0.009849004219862388,0.04536770939137845,-0.06909253865297976,0.017428383317015742,0.008880828568336894,0.26106314289477667,0.11644577941769634,0.0211578125529139,0.38685517343348474,0.6763336810681259,0.037812083357409015,-0.11090855593169717,0.1590559158313376,0.4946078625654078,-0.2510364155272817,3.612938969360019,0.2774255123738603,0.12891389033184558,0.7382795653544011,0.11494648145440409,0.3462226722335987,0.47562547275941053,0.5195662569466788,0.2630574330949013,0.6146803271880632,0.16377098706410084,0.2462681104865088,0.05215159010506195,0.8096470592364775,0.5041416729330674,0.7046673196458192,0.5848519543485737,1.427760309472816,0.3933249629555107,0.44068385819155886,0.02796258134596539,-0.022496961160766684
0.11171308134855916,0.006259495798584275,0.2480485895266238,0.22329476860820338,0.22527319303101395,0.17852785700144627,0.13829147462535527,0.24999070970856452,0.10254308945900754,0.1904570306323499,0.17735842486906453,0.21001109302725823,0.11156935322473624,0.16544628266328656,0.19893827269829267,0.2031238588483596,0.2014679343710248,0.31400240081856606,0.1866651124980483,0.22595811299427074,0.3793851607380015,0.17592014368956863,0.1735719832195073,0.25502466255100564,0.320149521257724,0.04021527190857722,0.4771929854712831,0.3272367333112493,0.11806885488268183,0.2774255123738603,0.8767405390730569,0.22450841958537765,0.3389958022478603,0.2517253594595795,0.27449718305038107,1.0037414697278413,0.22447627141055632,0.5261167897436466,0.38183391707630104,0.3048452447495732,0.7437714473522298,0.3798615331224345,0.35063133266697777,0.5957511173959137,0.4473263533498554,-0.0799282590296418,0.5876283679888821,0.2995438522745627,-0.3928458512965905,-0.02376705937101834,-0.016379974113633913
0.0914555005642478,-0.0035926101603723734,0.21005318895600253,0.22633246433501394,0.19740750373492189,0.15984029972436356,0.17282115380421803,0.14941645340819557,0.1664136676197032,0.1783020549102115,0.1569849248415874,0.21392227377850448,0.14624539190793648,0.17729994973171725,0.1405115779392045,0.23235444160364918,0.18535932539359481,0.23993168150372185,0.10860273666682353,0.11678835986414236,0.26210450510526273,0.2793182241625325,0.33927616207156536,0.4370359879056619,0.25561440171857225,0.3077091873590577,0.12436292968797577,0.13785997769028116,0.12790503273518009,0.12891389033184558,0.22450841958537765,0.9363699793029961,0.3065450576803855,0.3970288923300705,-0.05283781299820303,0.37660305401176597,-0.08132519086055746,0.39283470440440665,0.12199383990966405,0.1390159881420692,0.15541507688164927,0.2034900180396239,0.3065952195455302,0.38563452224351785,0.21327088390213933,-0.05027332193520739,0.21064330617967866,0.07848261374246673,-0.06523679610511685,-0.028004861382329407,0.001628254310882731
0.04854808066302284,-0.13352946780803468,0.1147577097088827,0.22344096112692866,0.19424188705048448,0.04249494653177214,0.06841488228638891,0.1663720276561389,0.09333288016402021,0.14044231846793698,0.11989881321366448,0.08842621752410182,0.10259542541008224,0.13549210115667243,0.13947891509774366,0.11000033691929828,0.1215739889731083,0.36083367887531737,0.16081750652807983,0.20417261926611724,0.39325169188027914,0.14974441718327478,0.8105242416738748,0.7577726173558157,0.26520583221223143,-0.04249823729442406,0.37857669939233585,0.8221714014511033,-0.07962397209861798,0.7382795653544011,0.3389958022478603,0.3065450576803855,1.8868014644444053,-0.014305817103302173,-0.21654104422164064,0.17408234296329725,0.9591614325533194,0.24630891833095844,0.302260474300329,0.12104025082232407,0.09087738840676791,0.34731259901018835,0.090268184542094,0.2198515489316833,0.45270091762570003,0.32699061822145725,1.5147733915893953,0.31560628492796056,-0.4498443558372007,-0.01649619714719813,-0.11569596816298564
0.09789820799019079,-0.0052478440310377,0.38647543057309774,0.20324922614765664,0.05879232768437029,0.23480613173131787,0.1383766592555891,0.2754226763477838,0.1739543172690543,0.2658940980305619,0.17764481260192544,0.1889675674718535,0.1567371125662856,0.14068787733301621,0.16522175872232428,0.22942477604305625,0.1913420148637875,0.3490597563108348,0.0953082993625303,0.19337983772473494,0.23058271753343731,0.18786504968102088,0.612587158258456,0.34213325540209627,0.3787980502402931,0.09036860972749598,0.08552776433115608,0.249994660803864,0.6641650579669071,0.11494648145440409,0.2517253594595795,0.3970288923300705,-0.014305817103302173,1.5906315847906267,0.5192374671712215,0.4577222711204937,0.12405161367709774,-0.11813937130746412,0.5365050668392933,-0.10768890525226994,0.23490888284752015,0.20489344747579027,0.494797721407576,0.28565858011827217,0.22601215396048718,-0.17656926327303996,0.04866139440711669,0.1089205145945942,0.2676656721849842,-0.07262768066736268,-0.007273809763897259
0.05844899817802667,0.15712385840082546,0.303007231718944,-0.04119426859842538,-0.1028104688354912,0.21510974007889977,0.01794674854200224,0.3411195405536079,0.04108347422809589,0.19975124897623753,0.1844885300736969,0.10673517373999498,0.13613456559755527,0.10679380524480633,0.16754860601056384,0.2797966316348163,0.15548449675458792,0.13343095507523073,0.10110081180275352,0.33482848813751137,0.2411752285652777,0.09747056402948019,0.015092349447184048,0.04576705097232442,0.18464243553956242,-0.10077780660102408,0.4360567882799448,1.079387817309592,0.485654927852306,0.3462226722335987,0.27449718305038107,-0.05283781299820303,-0.21654104422164064,0.5192374671712215,2.4999159717954327,-0.06005519538950018,0.4612540158419227,0.0482934443187764,0.5990665670400808,0.4142184250127813,0.9275159647166031,0.41667098874864295,0.5753903710805972,0.16550035211696182,0.8149159176027868,0.36844984682774173,0.2824075900443339,0.28447569224953234,0.907652637315609,-0.01848522602134264,0.014734666714996686
0.1373899108111141,-0.10478629004706226,0.27901032911260415,0.28384076632258304,0.2844042305614435,0.12845722142928817,0.22845872414583812,0.15639741460217393,0.11314552565151877,0.2281078694193349,0.14232449625714916,0.24630027559368184,0.10815959702838021,0.16863183596565462,0.19632414560856964,0.17179145364168702,0.19428434086078042,0.5086700016211368,0.21835858549495601,-0.1191427995111954,0.6603338495736774,0.12669121522375792,0.4244682650731411,0.2827113512256771,0.3850566110406089,0.21638057426982327,0.08541947820900572,0.13977628448362425,0.3061701094875803,0.47562547275941053,1.0037414697278413,0.37660305401176597,0.17408234296329725,0.4577222711204937,-0.06005519538950018,4.939401750737088,-0.6729876058051824,0.2240624318868726,0.12827586473421182,0.42617502414605246,0.40129853340700683,0.6652886201262582,0.39873397994225185,0.5019624950698894,0.2831001628267715,-0.8548501357768306,0.015746399147572192,0.550929691812476,-2.9737645659309204,-0.08982508265349233,0.021818694082163387
0.07442261896023039,0.2340676693355139,0.2899463092372321,0.11119461862325182,0.1494795503891941,0.15664950935119093,-0.021531198681652663,0.22530135514579355,0.058611379129131023,0.16562107115271985,0.11644776762857602,-0.045907961320060225,0.07303458334022774,0.1430529596065393,0.18962174855810865,0.08543970211125365,0.11517424634099775,0.0817467694715204,0.1858333552864911,0.7339915328779394,0.2448119181233083,0.025968506314207003,0.21768575648518876,0.33235666358992527,0.07921870559214104,-0.3693108909762659,0.18037681593312854,0.6928629152007222,-0.14015142915252424,0.5195662569466788,0.22447627141055632,-0.08132519086055746,0.9591614325533194,0.12405161367709774,0.4612540158419227,-0.6729876058051824,3.0277624933816445,0.8953263823103762,0.24402171242139212,-0.046057192324434906,0.1999591193996456,0.446917725270299,0.3862776784621034,0.3064383351537149,0.5362498607697391,0.39653073257048305,1.3512146237611453,0.5330383341123235,0.0068666073161023165,0.0803593305194567,-0.0697596814146602
0.12716748520868706,0.10286103907972635,0.3827381379624762,0.26774399683163147,0.30429480385932844,0.23224222098382913,0.1250633751326377,0.2218241385433585,0.13169149679115918,0.1879329955355104,0.14282680229911177,0.1626263419427066,0.0897164066480278,0.19405668993070313,0.1236005079327444,0.15438174234988855,0.17570128706977717,0.08411253939211395,0.24786087151740818,0.40567598466982335,0.3188800608955516,0.22829010480194803,-0.15054914715441428,0.1935925444844121,0.1581899986159064,0.11780343236751097,0.21732573402726052,0.14556986613643805,-0.3443182599927116,0.2630574330949013,0.5261167897436466,0.39283470440440665,0.24630891833095844,-0.11813937130746412,0.0482934443187764,0.2240624318868726,0.8953263823103762,2.0356554554380133,0.0214449505246019,0.33084543002936456,0.5784390099035835,0.4247452790772245,0.8840935959563925,1.350445034881653,0.44280880363990005,-0.0897447399714627,0.6516580934282352,0.5319602461583419,-0.2671627794008608,0.02002137177616003,-0.03852080040364983
0.07802292145770291,-0.14541047602482285,0.20471332899293976,0.22299781731347285,0.10383954040444406,0.24331999600779167,0.08740663141918685,0.4514794051434653,0.09110781218456329,0.17387487975647323,0.22867654185342137,0.19527334971644272,0.16427498170592725,0.13512338305599692,0.13237384727810975,0.2508241077083344,0.1723183069106132,0.2088891061678937,0.1958609781963057,0.3119332828732415,0.3387654363315735,0.18534430468206098,0.569547818816146,0.34612661784170734,0.33756756894451284,-0.5453819598909996,0.20516535929795923,0.4299374406164489,0.4327193207705832,0.6146803271880632,0.38183391707630104,0.12199383990966405,0.302260474300329,0.5365050668392933,0.5990665670400808,0.12827586473421182,0.24402171242139212,0.0214449505246019,1.8221364200980106,0.3338863319911661,0.6361577941697478,0.21948063169446805,0.2649388697191101,0.5810755049881655,0.6665706932019311,0.08069556750506549,1.1073403577920535,0.20359168277791345,0.8299730018105145,-0.04990951637746632,-0.0721510547378927
