1.7813458695769127,0.000638426207211219,0.6123436382887846,-0.11066932230108927,0.34304820586135076,0.22076834920429717,0.36003964348857326,0.1886366687502591,0.3119679586098492,0.237911381643692,0.25333597591009677,0.30749202392604263,0.12247520103223959,0.29249794913676497,0.2834504312526868,0.16910139621213963,0.25321864354580165,0.24749584780070316,0.24431145034184082,0.2554962915137309,0.2188563066495049,0.20443446165034007,0.1669683184624684,-0.008284031505382828,0.2201683289255719,0.13681575775967636,0.20918859600476858,0.10169622303484327,0.15913417607332642,0.49750492973624094,0.1903440886848811,0.23188564940969852,0.1523793324961039,-0.6073940458520725,0.0922686397048259,0.23453998380590002,-0.0737252655510878,0.15959332971251206,0.4528508974502048,0.20009241818832388,0.33624021895216727,0.15343534966913022,0.09990528329572779,0.27202515382258596,0.2976438143241468,0.13093458077155953,0.3329510242488027,-0.01120888577257377,0.019438032146278445,0.4707959766467225,0.06356312506035071,-0.23627070129601696,0.07212018292817206,0.059614634697546943,-0.34593655194380996,0.06670042480902169,0.22641601791216354,0.7027534127494166,-0.9110012778378289
0.000638426207211219,3.5629029174078446,0.05192125744237677,-0.21350733087776047,0.04637745275415113,0.21230438906906876,-0.005757690700080767,0.15971192467538484,-0.029851412069706835,0.10495499402231402,0.0714917282915271,0.10546158874830155,0.10382583635563858,0.02136087114777903,0.037193133826679506,0.1284241294170033,0.053989807574692336,0.4931797978397106,0.08007909537981932,0.07835459499005558,0.19965196910578978,0.0971034968609322,0.0022962695496663763,-0.03097464548222284,0.04786379907032944,-0.12010248763460728,0.17833381460269235,0.11604077436305892,0.18984568829566573,0.02215309279440455,0.14834578105581772,0.04184924750239402,-0.0011660329317400918,0.13734666521454197,0.16279707674428223,0.17481775422844098,0.14082098409233718,0.05746274830981088,0.16836208590152496,0.13293352588382826,0.028725085323452308,0.12427943163142864,0.1533545823219284,-0.1496115953892749,0.15969433553971024,0.03289582879099354,0.20778778749697835,0.009448008513106123,-0.5008460905424277,0.0011579793503565371,0.024911942371558683,-0.04413316469295378,-0.28909739070072876,-0.005064109552387765,0.0641842616940383,-0.10919001308588747,-0.2665044682338207,-0.2013052035681224,0.5688878467714735
0.6123436382887846,0.05192125744237677,1.933243883315644,0.24019724524318795,-0.1239511183128671,0.3075375769084313,0.2868192566878678,0.4252519857043073,0.48609108214435826,0.3985109934033765,0.35342665615646923,0.28174778184906846,0.22827989460700004,0.2445466106742106,0.38259262523854926,0.11125176454118926,0.37329724131471487,0.3493746117662757,0.21611291584969983,0.34385847781713713,0.2810025112091344,0.2684843495048871,0.33645369841079337,0.35342838936101173,0.3383392836184406,0.14188260547914486,0.2324313992013306,0.35625783064530936,0.2543138921747338,0.476860865974686,0.27182795170984014,0.24120845548616301,0.43130977345478044,0.1552204986017658,0.261848925950264,0.4088143570407145,0.5027772018518029,0.19533529232931157,0.21608314039937393,0.07545798190637983,0.2897357096271387,0.25482692573631205,0.16917263788429615,0.5518357281218432,0.019917307942256393,0.3192235758244845,0.45304122850370177,0.01157726869964481,0.46619492321066436,-0.17015900282618873,0.1013587198045204,0.33870797782190776,0.012750558441919017,-0.2370515908153951,-0.007685286583517239,-0.04457628787295837,0.0029007346097690576,0.06034172977229138,-0.07887043554325812
-0.11066932230108927,-0.21350733087776047,0.24019724524318795,1.4218438872565333,0.1494345521772754,0.1907784826414139,0.23181097559148675,0.246062765742126,0.13132745494727416,0.13020761111902515,0.2001109745715913,0.2463300081364909,0.1538936610486626,0.26306354006892724,0.19662805538995415,0.283324632639856,0.20242128563797065,0.1710997559488955,0.16050893783564407,0.1963083539485879,0.18213049986892255,0.20962719288375678,0.27032658099831774,0.3579231801742183,0.24428054508529146,0.1115080402541361,0.16997892764786265,0.27518089302555315,0.06446946944905296,0.15904193617121715,0.17464520471363093,0.23624458733180873,0.33689266934702267,0.3220333345112923,-0.041683987868052635,0.2323822577614485,0.3295263653032199,0.11480952404759563,0.12252439797091154,-0.0439408488445531,0.1549644847800518,0.1714757738812543,0.10592401624376718,0.6652288176280328,-0.19190186957619967,0.15220253915286516,0.2057386198597982,-0.00027988675690652614,0.5446713692476419,0.2892063616890258,-0.10706221458679781,0.20712449713136902,0.006333989675998801,-0.0637740498274018,0.07889072072169906,-0.01945327010194003,-0.053962386909001465,-0.0413036879116525,0.10694944492280387
0.34304820586135076,0.04637745275415113,-0.1239511183128671,0.1494345521772754,0.8501781432599665,0.2583771975372356,0.1904769448880911,0.08618748368462556,0.19492001906411377,0.1387791547791516,0.1635956062562689,0.24685136634173402,0.12587971171693324,0.18237246224285977,0.22306522553932526,0.2596002630772367,0.1493223636212755,0.12912958220860324,0.40940189353733164,0.0930524232545616,0.1977032738507307,0.19699185185788112,0.11410046621225098,0.11695626562406135,0.14626782466457525,0.15692794062442436,0.15302940950850424,0.014318501453854281,0.1941972153854616,0.13128025194634746,0.17398099804137868,0.14306952458432926,0.14043431912362622,0.1445143289910803,0.03658691141901019,0.29831586730822585,0.20234936260013547,0.07544688083315651,0.3074087191410954,0.10875129215780532,0.10446223420622848,0.2042107930222969,0.03682098754524076,0.17809435946429958,0.09485988333850526,0.14058779280794256,0.15314693132758636,-0.012757283708488916,0.015232539516169501,0.7691840975426718,-0.08239532647042347,-0.3022897507257239,0.1306669601936571,0.11696961345107411,-0.11785144502749734,0.044762860526796885,-0.1259661933404251,0.22226724209517532,-0.10928815568054223
0.22076834920429717,0.21230438906906876,0.3075375769084313,0.1907784826414139,0.2583771975372356,0.6821573105257541,0.1847259569222463,0.3175586996973605,0.17751454415666765,0.1715126733208874,0.24855751788734673,0.2632240989224046,0.15472147259482144,0.19725217224144764,0.2152367873698743,0.2527447073631078,0.29129465608804533,0.2278069160271576,0.3510968820239733,0.299276335884921,0.20440132170752945,0.22545251152428264,0.134885084482475,0.1932018976591432,0.23904814742340527,0.25529118066955386,0.2170584183089389,0.17263418070782954,0.2896748650631446,0.10037463111639647,0.1944667746048267,0.2311758138610319,0.0890425016628226,0.3081459962356732,0.2508845944563818,0.25176421182170894,0.23961509704556028,0.18943217448089622,0.32070089951625136,0.07697401388450606,-0.027683678724516367,0.18216603552687663,0.21792249762710847,0.13338853579270876,0.216198122042567,0.1055232153888267,0.2463391879038563,0.010622860652875444,0.14765015102106172,-0.05947058993816839,-0.4563858562442679,0.05716399027912235,-0.0888433138768531,0.021145249609150464,-0.22351148239944527,0.011059942141418637,-0.04344770144170702,0.3049808668233554,-0.23383146844945332
0.36003964348857326,-0.005757690700080767,0.2868192566878678,0.23181097559148675,0.1904769448880911,0.1847259569222463,0.5489344332167492,0.1713461557252683,0.3023765194726553,0.16077535268730805,0.25545836671637645,0.32122437069709253,0.1425105612608638,0.20804283914920932,0.22710584592804187,0.19297614960177023,0.2564395699046049,0.1874885575008936,0.16109690358708242,0.20278969280796266,0.17650031438614458,0.20498977832639875,0.1898722193886812,0.2073990988478875,0.2378029566705928,0.12337059170259267,0.19636066891127188,0.10151274371059446,0.1439278540887981,0.1972856411937562,0.19109409854373907,0.21331977987635742,0.22161104464886114,0.18194790644097336,0.1325974149818361,0.307551908807865,0.22368727803367225,0.1326003867514812,0.1808014288335325,0.026240532663024885,0.08414359641078734,0.1711756200544479,0.07469508950084831,0.22291384971022302,0.0659457251347798,0.2088370459567537,0.16525475832100353,-0.010354277946476038,0.33538992346593455,0.04302935176478812,-0.09510918475986206,0.04284090810685558,0.14446068783392782,-0.03971843120459729,-0.17109873854324387,0.07889808925735671,0.023028604823705667,0.33283534039489593,-0.5014974560821611
0.1886366687502591,0.15971192467538484,0.4252519857043073,0.246062765742126,0.08618748368462556,0.3175586996973605,0.1713461557252683,0.75398955572646,0.07303578480704012,0.19442354904357934,0.29283463231256956,0.08143819196207355,0.171672469941074,0.17566996414731467,0.15788905686728633,0.20439039538837864,0.2482979258035734,0.25303455131817143,0.22755441707801707,0.29638022259580266,0.13402626088427266,0.1715240600030333,0.13764007252619384,0.23361729143579602,0.2685736145550302,0.1041720245851351,0.1730625082503749,0.17344210892695933,0.2467598368654659,0.19997811056881695,0.19495640040872467,0.19579493197950593,0.17700733105563077,0.29615431641892737,0.29158291588049373,0.24844361728984302,0.3804684578357309,0.1840485929692788,0.13491270309877137,-0.050888788101313004,0.08543926792217806,0.08730964680263967,0.1569505288019659,0.19563110346559087,0.05267138019547927,0.23624177047283618,0.29994602502996526,0.008534779729936362,0.27138265769712183,-0.24128673725989416,-0.1270782668431112,0.3140564769206168,0.08941448669718738,-0.1582204487961162,-0.35884663020341917,-0.022866701240105116,0.14039154783225946,0.43683670101063093,-0.3944530678867052
0.3119679586098492,-0.029851412069706835,0.48609108214435826,0.13132745494727416,0.19492001906411377,0.17751454415666765,0.3023765194726553,0.07303578480704012,0.7697029762586376,0.21995966629076538,0.25045113997381996,0.24583941209718657,0.16355670676333622,0.2339224410118317,0.32119059288972535,0.09302926574891338,0.2508606376806422,0.20598049313171582,0.20545530904638884,0.2284565131110548,0.20425346438889996,0.29879652017231617,0.2513540370906205,0.27968613380955976,0.23513460635900887,0.14881813897101756,0.18475922811268028,0.183435933789265,0.15478890917430865,0.3471473079941351,0.23611319300840755,0.2166075150610783,0.3555019737383836,0.1620030081085954,0.1170626772769327,0.3231338272151369,0.3711393435031786,0.14398214299345574,0.10561604073481758,-0.014046796383165116,0.1809195437422181,0.19118168333373725,0.12202572064815435,0.39101456417624264,-0.006520823443943882,0.24713405353445148,0.26636527996235904,-6.240055779870395e-5,0.6331934470334604,-0.21630744706687896,0.07239919661004328,0.05379913212847267,0.24335782885811286,-0.10848341727173233,-0.06091203691463871,0.08492965174631185,0.0011318916970187623,0.2364563691936822,-0.39812329042853584
0.237911381643692,0.10495499402231402,0.3985109934033765,0.13020761111902515,0.1387791547791516,0.1715126733208874,0.16077535268730805,0.19442354904357934,0.21995966629076538,0.5418997879494258,0.20242424290584615,0.1764322431249377,0.1428171251562881,0.1616983515276961,0.23642321658811055,0.10623387128311015,0.23210638909309064,0.24132455234536906,0.15964535839997904,0.18630327839868943,0.18222698701776208,0.15494794084146976,0.23887081909650218,0.22190490290918796,0.21250102164551965,0.05562775886627212,0.1522132230773067,0.17521625699533555,0.2169746680171538,0.413503799157149,0.2129051862392754,0.14739543542949485,0.23817566819856062,0.24179683438047017,0.2584762750654422,0.27276293574457583,0.36285028351449733,0.12307281990188843,0.27421324259757957,0.17413122306955153,0.2920131611597931,0.18338503858640745,0.09922112919307972,0.3700104344716566,-0.06658817679627349,0.24368268804217016,0.40772313011309247,-0.01903270398359164,0.34164548267634365,-0.0065441410162919884,0.010117031788528002,-0.02894823795247155,0.04399281425556448,-0.032595605176579806,0.003738033194675742,0.002638065629689456,-0.004758954417866585,0.05033071470437995,-0.08363658294372638
0.25333597591009677,0.0714917282915271,0.35342665615646923,0.2001109745715913,0.1635956062562689,0.24855751788734673,0.25545836671637645,0.29283463231256956,0.25045113997381996,0.20242424290584615,0.4557201406393345,0.2512390993758705,0.1468190582684415,0.20345222436901378,0.2946863557414013,0.16032209890077143,0.28021171632512654,0.18333529469914692,0.1997435271051302,0.3167815868458711,0.18466174351605624,0.17514757055919022,0.1763077895700484,0.25627892494083016,0.2550732225925847,0.11053533860557406,0.20028414522643842,0.1705943591846163,0.21202251198093475,0.2728765288847783,0.22677384879339277,0.19099195672376,0.24130176317016697,0.2289291394794869,0.24033357903542185,0.3259293414355498,0.35669792293125746,0.18814398137640795,0.14887899862103574,0.017811366513632465,0.14511278307362832,0.16298986329664203,0.12398774061071922,0.23278124639507153,0.054525991714230504,0.25153669231627557,0.2616524729105155,-0.00560001716347743,0.30712275277409185,-0.19185584651404627,-0.07075666925935169,0.116427371726696,0.16344272617103972,-0.07635927904631984,-0.22342432744845225,0.029880033456763686,0.010441712909496175,0.315815632269193,-0.3380702552497387
0.30749202392604263,0.10546158874830155,0.28174778184906846,0.2463300081364909,0.24685136634173402,0.2632240989224046,0.32122437069709253,0.08143819196207355,0.24583941209718657,0.1764322431249377,0.2512390993758705,0.6122741309340884,0.12729413026144445,0.2198037354834882,0.2711012573527655,0.1903601748361507,0.2727336420624108,0.13523400239548217,0.19935693445649671,0.24592054354877238,0.19749837388112307,0.17896926551708692,0.1631868062936326,0.18630388390367694,0.2504667535290218,0.11545279760209441,0.24034435988069996,0.12428643409363846,0.080474626817227,0.18208941969567527,0.17985094087753498,0.20656150179451993,0.1948993210377313,0.16051932305774005,0.10051345370649988,0.2813013258744966,0.16646981111831263,0.14980428701682952,0.283572670814213,0.12342672384054312,0.10544047538614588,0.20054866749959296,0.12263256756197392,0.2362458429422212,0.09772642705650797,0.18061891710430727,0.204810337829189,-0.009575927950025119,0.18524912112636024,0.1686209108791098,-0.11578540244020846,-0.046511871080000294,0.09168542542349754,0.018376238917965994,-0.08101447440065801,0.06232573646988403,-0.06062030360332124,0.23047799730834523,-0.37474158445257133
0.12247520103223959,0.10382583635563858,0.22827989460700004,0.1538936610486626,0.12587971171693324,0.15472147259482144,0.1425105612608638,0.171672469941074,0.16355670676333622,0.1428171251562881,0.1468190582684415,0.12729413026144445,0.25417846315659326,0.11547850558255644,0.12584224347439255,0.13820455521389471,0.11803795400609328,0.13903415971723687,0.13759674397766672,0.11733694160867153,0.10589298346747981,0.16284860655090008,0.11540439389731036,0.14262622253426527,0.15031802712371828,0.10171678399137177,0.12402835927980235,0.06958652186435192,0.18181922542466825,0.1342241390090531,0.10582793242891253,0.11456298965138387,0.13500337345940117,0.17047840044646773,0.15893491259460207,0.1577359274793624,0.20474767028156135,0.07409076470213799,0.0852870766024829,0.03178380420015429,0.08317365242903865,0.0954614277017371,0.0939379674771198,0.12849202530994178,-0.03225667105793191,0.14211512039096585,0.1555628391357734,-0.0029467695973988345,0.2202010269461217,-0.06474568279934051,-0.023733580016544648,0.047169166517020494,0.0397741845782913,-0.05577385410311122,0.022359644516718277,-0.0017690539531836143,-0.08167383675786924,-0.010559677314196866,0.028005237247796713
0.29249794913676497,0.02136087114777903,0.2445466106742106,0.26306354006892724,0.18237246224285977,0.19725217224144764,0.20804283914920932,0.17566996414731467,0.2339224410118317,0.1616983515276961,0.20345222436901378,0.2198037354834882,0.11547850558255644,0.5745266143096229,0.18838362493534105,0.2600165347981019,0.21146452240462882,0.1324708605877679,0.1783101778577052,0.2995618713134047,0.19618368617597023,0.24158694099051142,0.1829026693614698,0.26198977826907893,0.19536994799381258,0.22071413310997054,0.19429158834035928,0.15796482329840827,0.15828040417061381,0.2443431721453254,0.22015670661785935,0.3920109950460633,0.20609163358813035,0.09691683881372318,0.1100632873816806,0.3315947992108347,0.19522397586236748,0.1781395222885286,0.25602008126051873,0.06820301072496869,0.21668538504117993,0.1657366854547253,0.2148134196235916,0.2655331188360938,0.03548797757523165,0.20363254173371476,0.25191567501837475,-0.008834322482637113,0.402236053413886,-0.018499114384795026,0.0006396075350592872,-0.06443021373944342,0.19333222213672485,-0.0717367854969847,-0.25898921448987045,0.00999296688224194,0.12537833605812562,0.23867095429539062,-0.1977373565461115
0.2834504312526868,0.037193133826679506,0.38259262523854926,0.19662805538995415,0.22306522553932526,0.2152367873698743,0.22710584592804187,0.15788905686728633,0.32119059288972535,0.23642321658811055,0.2946863557414013,0.2711012573527655,0.12584224347439255,0.18838362493534105,0.8618066519753048,0.08900623617713381,0.2750821296436416,0.2414258884584073,0.2317758286317496,0.2824989530550958,0.26213798194065524,0.13021483048758417,0.353724315023068,0.2966526182732115,0.34627387969565,0.1860599831527771,0.18724844110151148,0.1505917283458205,0.20390730813843194,0.33246690199539564,0.2618809758278761,0.17207190925439286,0.3506232054391353,0.2226907861790107,0.19403933770507945,0.3945340171796579,0.5455037297774279,0.16337616735831642,0.3061280325336832,0.0005806167212266366,0.22161320305123494,0.2479329113664458,0.044379127167996815,0.4255448380906375,0.12437590097678712,0.26177487861688314,0.3135886389537732,-0.027974916660316856,0.33702270445197535,0.9157789162411855,-0.14178093582382645,0.24422001977144625,-0.3361583034289445,0.011207186326983675,-0.11296899769085214,0.08397558952343283,-0.10820416223073438,0.28821407116762743,-0.3047628507765851
0.16910139621213963,0.1284241294170033,0.11125176454118926,0.283324632639856,0.2596002630772367,0.2527447073631078,0.19297614960177023,0.20439039538837864,0.09302926574891338,0.10623387128311015,0.16032209890077143,0.1903601748361507,0.13820455521389471,0.2600165347981019,0.08900623617713381,0.8164698732827733,0.14589255624542877,0.12452695787373882,0.21944502926449283,0.24175834081692912,0.14971956273983866,0.35633010488776806,0.0946144993141434,0.17918863365120447,0.24874979503792452,0.23508410004631292,0.24421247915258648,0.06547984379703271,0.19964637281405448,0.11683746754016769,0.1319534938038138,0.1947534902479668,0.08890249474783615,0.20546151618735992,0.3150270455891399,0.2206711312925917,0.28877814191252144,0.1351816461952599,0.14935407952464796,0.1268036718136821,0.09176929514102246,0.12782911767950914,0.32747148471236565,0.04001699419150817,0.14313194603649648,0.1740781463335544,0.15565488145497086,-0.014673941626730299,0.14242075683173935,-0.19260678875528497,-0.14324993319801194,0.059534561314579744,0.175071883578093,0.013965826311147867,-0.08220972013230898,0.027624402496444753,-0.1452454494314036,0.16759843302837757,-0.04532723021581883
0.25321864354580165,0.053989807574692336,0.37329724131471487,0.20242128563797065,0.1493223636212755,0.29129465608804533,0.2564395699046049,0.2482979258035734,0.2508606376806422,0.23210638909309064,0.28021171632512654,0.2727336420624108,0.11803795400609328,0.21146452240462882,0.2750821296436416,0.14589255624542877,0.6954246324249418,0.1414301658099336,0.24706353967842531,0.37892925983013276,0.2544534036098348,0.19262555489468863,0.17956368204855566,0.3118334448321817,0.26769694959809986,0.011793494543245136,0.22253160715466203,0.5205229204053499,0.07446883229583559,0.36129532456207636,0.28175460752662146,0.19938312689986204,0.35201215460881274,0.22439333524917932,0.17790308534091967,0.4168876858990753,0.48943151528475826,0.22789335036599961,0.2090674022329837,0.03475177588027686,0.26395060785677293,0.2768799517729539,0.1594257637603441,0.5019085917466772,0.13916673630615167,0.26754208312822525,0.34494730764785125,-0.005869398449549045,0.197721370334446,-0.32060049703418575,-0.04619692382173562,0.030707476880202384,-0.002562946519374793,-0.0735174243801056,-0.37470693631592883,0.03160438755081977,-0.022118875807831458,0.4261171976878521,-0.38170416468642915
0.24749584780070316,0.4931797978397106,0.3493746117662757,0.1710997559488955,0.12912958220860324,0.2278069160271576,0.1874885575008936,0.25303455131817143,0.20598049313171582,0.24132455234536906,0.18333529469914692,0.13523400239548217,0.13903415971723687,0.1324708605877679,0.2414258884584073,0.12452695787373882,0.1414301658099336,0.7642646875344419,0.1553081954884976,0.07246891625042043,0.18785493544469145,0.1873804007609077,0.5201401884097427,0.18661625442089894,0.2581794419470412,0.1611670301190279,0.0876728488693819,-0.05425294201062985,0.21610643299928792,0.16797560686564952,0.22814551769597616,0.13827275977475642,0.19186796473222084,0.20121337231268788,0.19809515727449498,0.28950934837132986,0.3357439479498039,0.0750273524792343,0.20720985975761638,-0.07725843841641436,0.13040809909143736,0.11897808533700797,0.08637237232467024,0.3347024804839582,0.08967049376197891,0.18779823737562742,0.4074397395504327,0.009104500247964152,0.11061990935326249,0.1639547786916676,0.043895550316721106,-0.1425441226974654,-0.1691295866176037,-0.051205558676909915,-0.2560020614245244,-0.009989053004050907,-0.01938283825886954,0.40689598864289356,-0.3453453114832481
0.24431145034184082,0.08007909537981932,0.21611291584969983,0.16050893783564407,0.40940189353733164,0.3510968820239733,0.16109690358708242,0.22755441707801707,0.20545530904638884,0.15964535839997904,0.1997435271051302,0.19935693445649671,0.13759674397766672,0.1783101778577052,0.2317758286317496,0.21944502926449283,0.24706353967842531,0.1553081954884976,0.64281665104283,0.11714620565268243,0.22468626255881252,0.2300677661817243,0.08488708953533469,0.19447055888492598,0.17725159609988378,0.17387535121668665,0.15809543959151748,0.2865086049179226,0.22977955870747058,0.1413019149152501,0.23327408541781372,0.19730842601499393,0.2205223039446173,0.17319912388165082,0.07487452635404897,0.3997139822056604,0.34191406986701967,0.10019306804193871,0.24879976164492426,0.11186955315138787,0.13364533907848478,0.19732713059456158,0.08952560320304585,0.1571981629539345,0.11480985720546044,0.2815112950934864,0.1572694912334513,0.013777496866486563,-0.054819897695956285,0.25779465889236397,0.19691343933717154,0.38602744514050247,-0.2078291164260666,-0.1350337082168479,-0.15082674579173883,0.016093079628790623,-0.05115006804765596,0.23804329519184386,-0.10909376181422636
0.2554962915137309,0.07835459499005558,0.34385847781713713,0.1963083539485879,0.0930524232545616,0.299276335884921,0.20278969280796266,0.29638022259580266,0.2284565131110548,0.18630327839868943,0.3167815868458711,0.24592054354877238,0.11733694160867153,0.2995618713134047,0.2824989530550958,0.24175834081692912,0.37892925983013276,0.07246891625042043,0.11714620565268243,1.2586941389621145,0.19123735743585565,0.22244672293570633,0.17571215505047325,0.41320186486208016,0.3589790045896142,0.2363979967722655,0.34753316653172267,0.31830403753737446,0.07188390155228326,0.70083803980276,0.24519381070850838,0.22839439351510313,0.34498913683438087,0.2169656833217741,0.4450409233352669,0.14259543267503513,0.7860819794631906,0.6117058736502045,0.29410092728064025,0.06944740178762503,0.2855604417755253,0.1307400175955248,0.619488314529893,0.5224613517208756,0.44015043191701847,0.19451049245658505,0.3345578321638954,0.02855420827426016,0.9499235031633596,-0.37780347015795285,-0.32081156387527404,0.07202782015761731,0.2538548226292447,-0.06573182471793888,-0.25282869008019127,0.0042347845644833786,0.051555199125642,0.3746973364892418,-0.3678790892705913
0.2188563066495049,0.19965196910578978,0.2810025112091344,0.18213049986892255,0.1977032738507307,0.20440132170752945,0.17650031438614458,0.13402626088427266,0.20425346438889996,0.18222698701776208,0.18466174351605624,0.19749837388112307,0.10589298346747981,0.19618368617597023,0.26213798194065524,0.14971956273983866,0.2544534036098348,0.18785493544469145,0.22468626255881252,0.19123735743585565,0.49209825876020574,0.17406519662602257,0.22897667200815697,0.25514585156911057,0.1979755358539819,0.17612657109488178,0.14838986147836986,0.1436170002889354,0.2040493907757037,0.3077136576606877,0.28509793782382237,0.15968233038092677,0.3276160448899662,0.09484136004213993,0.1158397189743447,0.4019783434294465,0.40887503644694867,0.14020693578729387,0.5007176187861024,0.2919828150706128,0.22554536279372134,0.4543750761401854,0.23185073262257436,0.24099995518219827,0.3669990521182357,0.23666768321370515,0.32994469424693806,-0.0233271995956062,-0.10679917333688851,0.40851117913514284,-0.00203305983233392,-0.026650927677214,-0.047636158910571914,-0.040330385504990844,-0.025174262803951356,-0.001473523274654398,-0.2021074047261424,0.21452639930166745,0.011189198115689953
0.20443446165034007,0.0971034968609322,0.2684843495048871,0.20962719288375678,0.19699185185788112,0.22545251152428264,0.20498977832639875,0.1715240600030333,0.29879652017231617,0.15494794084146976,0.17514757055919022,0.17896926551708692,0.16284860655090008,0.24158694099051142,0.13021483048758417,0.35633010488776806,0.19262555489468863,0.1873804007609077,0.2300677661817243,0.22244672293570633,0.17406519662602257,0.7274209545554559,0.2928425698456239,0.23686304534995858,0.2722894168722183,0.1692184949738071,0.18448893886212084,0.07772835404582877,0.10543732380693369,0.24326734041775236,0.13148721188554463,0.20921209342955946,0.22135864334221395,0.1870164772304553,0.17876645391789853,0.12334149387936838,0.2938588435040164,0.12509208665284918,0.18097899218129684,0.01149722514787882,0.1500538921364247,0.15908117866987662,0.34433503582860625,0.38392236244928163,-0.02723475883543488,0.1788452099904422,0.24517531470686496,0.00829218473143326,0.40413099996305274,-0.16971674715048235,-0.004613245095405265,0.04427157028785893,0.11622083163832958,-0.07076309960268608,-0.0773653055025555,0.02898335315660953,-0.10899737181001905,0.19169724518305853,-0.13398468185977297
0.1669683184624684,0.0022962695496663763,0.33645369841079337,0.27032658099831774,0.11410046621225098,0.134885084482475,0.1898722193886812,0.13764007252619384,0.2513540370906205,0.23887081909650218,0.1763077895700484,0.1631868062936326,0.11540439389731036,0.1829026693614698,0.353724315023068,0.0946144993141434,0.17956368204855566,0.5201401884097427,0.08488708953533469,0.17571215505047325,0.22897667200815697,0.2928425698456239,1.5854414755114623,0.5149253874098423,0.5410595876523615,0.01615975416160748,0.09121025659430283,-0.22783597894761815,0.18522484956432764,0.678657364572797,0.10657630530671013,0.13265394822575594,0.5667186147980023,0.20219190643223683,0.18049493709492936,0.4455781746541597,0.6282240393117636,0.09725073654015128,0.21213523260378392,-0.32056074121154865,0.35341736409643537,0.14889282554485903,-0.0310451266353972,1.4828644215424915,-0.2853837667940935,0.22310718299066293,0.5980332966162032,0.020794103322314572,0.6906924817581861,0.48875148027455906,0.027161030826625812,-0.14474267580698844,-0.09410724843139823,0.00596054620081492,-0.20876844863962207,-0.03538390129913928,-0.13258779289332814,0.2639869939940693,-0.12574888204705686
-0.008284031505382828,-0.03097464548222284,0.35342838936101173,0.3579231801742183,0.11695626562406135,0.1932018976591432,0.2073990988478875,0.23361729143579602,0.27968613380955976,0.22190490290918796,0.25627892494083016,0.18630388390367694,0.14262622253426527,0.26198977826907893,0.2966526182732115,0.17918863365120447,0.3118334448321817,0.18661625442089894,0.19447055888492598,0.41320186486208016,0.25514585156911057,0.23686304534995858,0.5149253874098423,1.0093774343956,0.37553715313038244,-0.028704988007226182,0.21309175281581205,0.4600471989281076,0.04664625248247977,0.9083267909259719,0.32925302171292176,0.25424463363346894,0.7485906579544258,0.15293535948322945,0.29555897609801685,0.37287300260306955,0.7287380146622151,0.24396708795037872,-0.01850027223089642,-0.08589186372643613,0.44366122073530295,0.21275964493242147,0.15494599055134947,1.0807619436793237,-0.26289980672284513,0.2755263574948006,0.5432097030351212,-0.004982692763209027,1.0704555231100714,-0.2622132481509449,-0.07131674815301108,0.23953498594127773,0.12405001871249274,-0.11586929331098694,-0.03677715789379287,-0.12344097718434519,0.018897515224127522,0.1310990396297601,0.057057422503320944
0.2201683289255719,0.04786379907032944,0.3383392836184406,0.24428054508529146,0.14626782466457525,0.23904814742340527,0.2378029566705928,0.2685736145550302,0.23513460635900887,0.21250102164551965,0.2550732225925847,0.2504667535290218,0.15031802712371828,0.19536994799381258,0.34627387969565,0.24874979503792452,0.26769694959809986,0.2581794419470412,0.17725159609988378,0.3589790045896142,0.1979755358539819,0.2722894168722183,0.5410595876523615,0.37553715313038244,0.9624991967342571,0.13952125850026068,0.20253004630143026,0.14307371076108075,0.2500454650386913,0.45872689163312513,0.18335392287749483,0.17172263511202218,0.3919126572161011,0.30411683353138985,0.3216586583121059,0.4161224000522758,0.6323753143500696,0.21309619209602357,0.10624720197390915,-0.08266923813422239,0.19783611543036111,0.16868861036928745,0.18898577224696084,0.5923116307597069,0.04074191458926726,0.3645730797840181,0.37857888457350103,-0.04477722776876272,0.2522706774956896,-0.28646618743867225,-0.10267818608849623,0.15103532644226345,0.13766630193780943,-0.05298363553064963,-0.16713170058342783,0.04910649727918678,-0.04926005169380021,0.2672954331929987,-0.2834222022307813
0.13681575775967636,-0.12010248763460728,0.14188260547914486,0.1115080402541361,0.15692794062442436,0.25529118066955386,0.12337059170259267,0.1041720245851351,0.14881813897101756,0.05562775886627212,0.11053533860557406,0.11545279760209441,0.10171678399137177,0.22071413310997054,0.1860599831527771,0.23508410004631292,0.011793494543245136,0.1611670301190279,0.17387535121668665,0.2363979967722655,0.17612657109488178,0.1692184949738071,0.01615975416160748,-0.028704988007226182,0.13952125850026068,1.8861569210581215,0.1631180212003097,-0.3066161743615334,0.3914826620258846,-0.6536273232267916,0.017112595806915334,0.27927691685804734,-0.04672211049073935,0.2654437941741821,0.20615415489810365,0.2811177841321714,0.3159822612015006,0.14332852946582036,0.06635428202679514,0.26406326462198426,-0.1853211271078972,0.22068738064663398,0.26762129099548154,-0.836361090196819,0.9213587897461666,0.11164616895079703,-0.21880452931488145,-0.009421205319448485,0.5144347048868785,0.25039188050240063,-0.08654625859750091,0.015675963138498922,-0.33583685929666496,-0.036545109405347095,-0.07070937742547276,0.028601870539437135,-0.04121601088713046,-0.022816751298831553,-0.04606604854898314
0.20918859600476858,0.17833381460269235,0.2324313992013306,0.16997892764786265,0.15302940950850424,0.2170584183089389,0.19636066891127188,0.1730625082503749,0.18475922811268028,0.1522132230773067,0.20028414522643842,0.24034435988069996,0.12402835927980235,0.19429158834035928,0.18724844110151148,0.24421247915258648,0.22253160715466203,0.0876728488693819,0.15809543959151748,0.34753316653172267,0.14838986147836986,0.18448893886212084,0.09121025659430283,0.21309175281581205,0.20253004630143026,0.1631180212003097,0.4889714819189256,0.17403866072933985,0.07324181947577997,0.23191741913815414,0.1825242245188093,0.20926032588431073,0.20218870554376217,0.15961117615141332,0.18094164408064134,0.2665658326766837,0.2880600621689581,0.18805896034452066,0.16209118539907708,0.11196903237464848,0.13460488025902514,0.1467587635688273,0.3318781441722621,0.10753486002921069,0.11528035707549307,0.17638038822046895,0.1717447593672618,-0.01009357262177083,0.4029051451400916,-0.12384150337032766,-0.14196440557673012,0.09633762686553345,0.07037486093767391,-0.017819459678846794,-0.08892177532066585,0.03774654549738397,0.03013437316815272,0.20093217027730603,-0.2706242344320204
0.10169622303484327,0.11604077436305892,0.35625783064530936,0.27518089302555315,0.014318501453854281,0.17263418070782954,0.10151274371059446,0.17344210892695933,0.183435933789265,0.17521625699533555,0.1705943591846163,0.12428643409363846,0.06958652186435192,0.15796482329840827,0.1505917283458205,0.06547984379703271,0.5205229204053499,-0.05425294201062985,0.2865086049179226,0.31830403753737446,0.1436170002889354,0.07772835404582877,-0.22783597894761815,0.4600471989281076,0.14307371076108075,-0.3066161743615334,0.17403866072933985,2.7423961222088398,-0.635535821597489,0.6205891719624326,0.47999204689728964,0.21487868137941382,0.7675278108359491,0.08241858071443553,-0.3650092682375751,0.596856412838787,0.4503499229969645,0.17004932592378574,-0.2793882993460957,0.0753666087765474,0.8540796268807398,0.07987505334632093,0.21170694222431996,2.2644852050773694,-1.0170137066782858,0.25400903491278526,0.11760262614371864,-0.0015413836425638636,0.7613499172988499,-1.4941327936421895,0.18924457189794913,0.6786518026990345,-0.14996947738651062,-0.14124908963927518,0.7623690042418693,-0.08114133946845334,0.1376589045440622,-0.43010609201833083,0.7116959989703115
0.15913417607332642,0.18984568829566573,0.2543138921747338,0.06446946944905296,0.1941972153854616,0.2896748650631446,0.1439278540887981,0.2467598368654659,0.15478890917430865,0.2169746680171538,0.21202251198093475,0.080474626817227,0.18181922542466825,0.15828040417061381,0.20390730813843194,0.19964637281405448,0.07446883229583559,0.21610643299928792,0.22977955870747058,0.07188390155228326,0.2040493907757037,0.10543732380693369,0.18522484956432764,0.04664625248247977,0.2500454650386913,0.3914826620258846,0.07324181947577997,-0.635535821597489,2.4303976161081877,0.17976524689487028,0.007540476798759026,0.17239768597528354,-0.03482830236242243,0.3222999450699498,0.5483592483468582,0.7380354730560954,0.49802198151638793,0.08770645931340529,0.1053085861162058,0.20750017271103122,0.0703240076661624,0.1380077639980035,-0.3235286935673127,-1.1892473604177929,0.5413834473371996,0.4921320138976597,0.3468124999653914,-0.12871221331954003,0.23524490937467848,0.0938838989114416,-0.0664158465525816,0.0007658270909033086,-0.044799373463648096,-0.022675503607596546,-0.4204087321089654,-0.009606198857813808,-0.13936603648303833,0.25442830520280363,-0.1585801937024534
0.49750492973624094,0.02215309279440455,0.476860865974686,0.15904193617121715,0.13128025194634746,0.10037463111639647,0.1972856411937562,0.19997811056881695,0.3471473079941351,0.413503799157149,0.2728765288847783,0.18208941969567527,0.1342241390090531,0.2443431721453254,0.33246690199539564,0.11683746754016769,0.36129532456207636,0.16797560686564952,0.1413019149152501,0.70083803980276,0.3077136576606877,0.24326734041775236,0.678657364572797,0.9083267909259719,0.45872689163312513,-0.6536273232267916,0.23191741913815414,0.6205891719624326,0.17976524689487028,3.746234159465285,0.43815912181744954,0.08052359939454815,0.8695029748093072,-0.1775379797711651,1.0152396924446958,0.12063647889137034,1.1842368830116077,0.39994425082505414,0.29147467863500365,0.3281091511072729,1.3272005263601185,0.2887590405289488,1.0618120639290558,1.8962676822871003,-0.49490426800645115,0.3235054934526405,1.6015958627936198,-0.012152145169287984,2.1764414936843823,-0.739237742085008,0.022515858882107397,-0.281796895635873,0.5765947075743206,0.04486525661686142,0.17011286332539757,-0.10733570518595811,-0.1083211520027523,0.5202016326301196,-0.19995817118788764
0.1903440886848811,0.14834578105581772,0.27182795170984014,0.17464520471363093,0.17398099804137868,0.1944667746048267,0.19109409854373907,0.19495640040872467,0.23611319300840755,0.2129051862392754,0.22677384879339277,0.17985094087753498,0.10582793242891253,0.22015670661785935,0.2618809758278761,0.1319534938038138,0.28175460752662146,0.22814551769597616,0.23327408541781372,0.24519381070850838,0.28509793782382237,0.13148721188554463,0.10657630530671013,0.32925302171292176,0.18335392287749483,0.017112595806915334,0.1825242245188093,0.47999204689728964,0.007540476798759026,0.43815912181744954,1.0513330111850399,0.20825578827742253,0.37041273548332726,0.19153154774725684,0.31216963514353147,0.6935174068617408,0.5392063426038987,0.2160344362267834,0.29018023230655426,0.045154807996457276,0.36171213677383174,0.2312863126828048,-0.009114264159017112,0.352089983476824,0.04471346885840593,0.3989169831423092,0.38281879474929387,-0.03197193713167144,-0.10341020250926891,0.09559961704893508,-0.06420836139880735,0.21943609475944045,-0.020937180811707916,-0.11119206679272017,-0.05638291624429535,0.03774409337483402,0.13801049976208962,0.14901454694352378,-0.24798219395048307
0.23188564940969852,0.04184924750239402,0.24120845548616301,0.23624458733180873,0.14306952458432926,0.2311758138610319,0.21331977987635742,0.19579493197950593,0.2166075150610783,0.14739543542949485,0.19099195672376,0.20656150179451993,0.11456298965138387,0.3920109950460633,0.17207190925439286,0.1947534902479668,0.19938312689986204,0.13827275977475642,0.19730842601499393,0.22839439351510313,0.15968233038092677,0.20921209342955946,0.13265394822575594,0.25424463363346894,0.17172263511202218,0.27927691685804734,0.20926032588431073,0.21487868137941382,0.17239768597528354,0.08052359939454815,0.20825578827742253,0.5747824832512399,0.13632841062270312,0.12066045922514083,0.020882710591250145,0.33869831601292344,0.008911740281776522,0.1522823132551162,0.24202602118756297,0.06045475450227162,0.14721101629246627,0.12999776714486547,0.15904750791260425,0.10936189862102683,-0.011930695369423485,0.19819822535858755,0.16632206388624546,-0.019469334407129016,0.412296668435555,-0.11240049483407706,-0.04619548807172679,0.19189454282112997,-0.1229249551495452,-0.05047593465852828,-0.21664939321448742,0.007744633582952508,0.29990261985875827,0.12129766733268738,-0.295634682190587
0.1523793324961039,-0.0011660329317400918,0.43130977345478044,0.33689266934702267,0.14043431912362622,0.0890425016628226,0.22161104464886114,0.17700733105563077,0.3555019737383836,0.23817566819856062,0.24130176317016697,0.1948993210377313,0.13500337345940117,0.20609163358813035,0.3506232054391353,0.08890249474783615,0.35201215460881274,0.19186796473222084,0.2205223039446173,0.34498913683438087,0.3276160448899662,0.22135864334221395,0.5667186147980023,0.7485906579544258,0.3919126572161011,-0.04672211049073935,0.20218870554376217,0.7675278108359491,-0.03482830236242243,0.8695029748093072,0.37041273548332726,0.13632841062270312,1.817355797421839,0.05610868669396578,-0.21915533972319462,0.444726157367637,1.2167406482120837,0.21275751386350542,-0.33514518068340465,-0.26701425677461743,0.25390647627591956,0.3086577133423651,0.010101437538363293,1.6508627239744251,-0.5327901038063967,0.37239753601558717,0.5744504742642226,-0.025417222409211866,1.423226223279037,0.022300956559840025,0.052735128680535356,0.34824677510130225,0.14869375889166814,-0.26562747460975994,0.2126744713949016,-0.03903598241953153,-0.10971755226478483,0.02659334188263233,0.16516909037264796
-0.6073940458520725,0.13734666521454197,0.1552204986017658,0.3220333345112923,0.1445143289910803,0.3081459962356732,0.18194790644097336,0.29615431641892737,0.1620030081085954,0.24179683438047017,0.2289291394794869,0.16051932305774005,0.17047840044646773,0.09691683881372318,0.2226907861790107,0.20546151618735992,0.22439333524917932,0.20121337231268788,0.17319912388165082,0.2169656833217741,0.09484136004213993,0.1870164772304553,0.20219190643223683,0.15293535948322945,0.30411683353138985,0.2654437941741821,0.15961117615141332,0.08241858071443553,0.3222999450699498,-0.1775379797711651,0.19153154774725684,0.12066045922514083,0.05610868669396578,1.5915086867459665,0.5539039241437218,0.2707620708636069,0.91831245245433,0.1457025782523435,0.002339679317196856,-0.16913993549336903,-0.06489498909561513,0.14642363718173118,0.1561566530029002,0.18767204736882123,-0.1774022345199858,0.35393635764796333,0.13116203513569843,-0.005884123343235783,0.7256558901860981,-0.5201487700547118,-0.2950480865640117,0.22286592917096246,0.11940579199487739,-0.13210110057845229,-0.13399407693439833,0.06189148553641547,-0.26861833345059216,-0.0021618322090901226,0.20389128530341058
