0.7044648639607074,0.20622864901557406,0.09994311090181189,0.1478563204698283,0.2244697256736446,0.18296128280763727,0.22984609552484075,0.20117295085567144,0.1518242716316412,0.18422082380106106,0.18400114776119295,0.19426627143265898,0.18557473850610337,0.19691805658373535,0.16017595521937233,0.1801695878844846,0.1598912289106214,0.1858104781086234,0.1132227289832988,0.1688554185609422,0.14915207521907684,0.1845874119224271,0.16888598220689882,0.14852456636956168,0.18782052442470518,0.1603800999086745,0.17657465556883153,0.0918240323681343,0.2045402635991674,0.05216794320240797,0.14877851607699352,0.18629401372768795,0.0940194902536168,0.15309248043958287,0.13451091083947023,0.13833342033572366,0.1175933146893702,0.11864272274083147,0.16505461733789709,0.13954398623615297,0.14574226402646606,0.13656172943997136,0.17285661618773826,0.18561678904880832,0.16629213080924096,0.12708186861812418,0.12233512207759219,0.005450084190468558,0.12360183390310697,-0.059142041677299494,0.04253398239348582,-0.03828067303899524,0.03175190893016787,0.010417993331083973,0.09915165060021648,-0.01475376728933538,0.08695378196986434,-0.10746058904198982,-0.03374341760810382
0.20622864901557406,2.9951630005466314,0.230277555957338,0.1839658051273057,0.26404449258068585,0.2976431205019509,0.27271712791784924,0.28053559097947306,0.3060146553599247,0.3609190241840712,0.32868716932077874,0.29714541720051246,0.34639484421611627,0.19093910172612497,0.37417676958557805,0.2259243054340533,0.26615140821500655,0.38712269853603953,-0.08160291946257248,0.34106137912202356,0.30465718182209434,0.21048589732846018,-0.13933532608755608,0.10361153110441168,0.21747813460241927,0.3736137603993456,0.6926481183342637,0.4095521224459181,0.44934081841069673,0.09386056585197038,0.2976102543627645,0.2570665161849715,0.13984761344149738,0.29399682287571727,0.43091313925098157,0.15559980148533437,0.27059904531734214,0.21158427556036538,0.1797023130423893,0.2919189957860336,0.19777455061942537,0.29385827593611463,0.17063174606574483,0.0721407294886293,0.7088709660623633,0.26403345497975306,0.2700329913876705,-0.046846057329332856,0.06898018875757686,-0.5239225013901466,0.6567973840444844,0.04923506408027653,-0.2748056357936743,0.06813714988609945,-0.31484676447848287,-0.02004937364335522,-0.12988100223791693,-0.003935551989692869,0.2910780858310871
0.09994311090181189,0.230277555957338,2.6814635539612555,0.23015441453893304,0.2939822955599778,0.3754526234603993,0.17450293471710196,0.45530235316162304,0.6824093457319441,0.37921939626383344,0.14739965437882757,0.23429251573068832,0.3845824877487437,0.29241443118885735,0.3415762829179626,0.24439128914465535,0.47608642557476666,0.45628443279429975,0.6808818247352796,0.38958834118429225,0.3147291329310394,0.4625895343261653,0.20931540633689455,0.3248101964390094,0.34318606058777734,0.33009822031283265,0.1725746106624289,0.4908004487447522,0.3551706624677897,-0.6770619623118794,0.3720853135331192,0.33402521706958854,0.3682062424444551,0.46168183999945756,0.575787301021091,0.3570504099746439,0.5791110300973146,0.3738789740577452,0.16918655444128175,-0.54779300937016,0.37598373569780213,0.3301741175664328,0.5173952813773879,0.6630413319669448,0.2046574412984882,0.7240948162942157,-0.027608829208586868,-0.07133013200712267,-0.8894030874052691,0.3773178451759893,-0.13540888724801653,0.4339278028443009,-0.16044018548518774,-0.37161012647771524,0.12651397737727355,0.025658561148579322,0.36290680013346843,-0.09906266763466408,-0.536854093464254
0.1478563204698283,0.1839658051273057,0.23015441453893304,0.9713031218819992,0.783777927208487,0.43966151262546715,0.42579091631747,0.45195903770476487,0.33043742480726307,0.3731487659115836,0.417119021496978,0.3901632716797408,0.4021399462431821,0.3629031863541572,0.2847107003352033,0.3817186970549297,0.3785115622464161,0.3026814039634053,0.2753276375641735,0.356985611904706,0.3065638160612817,0.3688017616082162,0.29476080020365353,0.2762077370537894,0.30141058197366705,0.33193510854297753,0.29845477189156067,0.1877454646425266,0.40643109528876115,0.11158561623923005,0.2716848476301112,0.31018271486874294,0.1922835275248964,0.4763035450961913,0.30029680879596476,0.16885016109414255,0.3179714126118778,0.25342401142746396,0.3910904391082845,0.20497841244641254,0.2689902710039457,0.28024278988804857,0.36410730792641777,0.5621015622389551,0.2502853745085177,0.21037920382904046,0.255200295273387,0.06882696317558601,0.24302740328640612,-0.009176071880808418,-0.008512290495586152,-0.07844243325525493,0.1255139624280058,-0.048622410733799186,0.023178441557850597,-0.09171691866433673,-0.34486800508945015,0.10310762823435601,0.2870709693916082
0.2244697256736446,0.26404449258068585,0.2939822955599778,0.783777927208487,1.4595652453157475,0.33055520750550105,0.4763759344570595,0.5443584916563472,0.34803139288432666,0.40941397200248464,0.4211705623291745,0.3849482597219398,0.4684409201515439,0.380175807386082,0.3051995010324294,0.394932035350145,0.37016944900334786,0.39123163808451344,0.2761942432237693,0.3197734039975919,0.3070528643196404,0.3681732977049407,0.3071742340236639,0.3006197772340729,0.33038730711417624,0.383026835763898,0.3073572589615671,0.2115085361219664,0.42412853888896096,0.013783106216518405,0.33408677151874455,0.37151053995048033,0.16655010816245652,0.5640826959445617,0.35313039585146455,0.21661373276977788,0.38330931465013085,0.24491010247672662,0.37387125997338044,0.2063967592446011,0.2711878157183414,0.30666840093740616,0.28789668473753466,0.5296429876988678,0.2207648482382064,0.22987651552797517,0.23041130921180028,0.04614701456073257,0.23745661256371342,0.0032941453622620247,0.03063057327294874,-0.04924614283282938,0.06987957082870834,-0.01438043500574255,0.016484304089489994,-0.06979213634414759,-0.029286669547368582,-0.051258399905738564,0.1255871306726596
0.18296128280763727,0.2976431205019509,0.3754526234603993,0.43966151262546715,0.33055520750550105,1.0439895564684996,0.26261051760137977,0.58846234057788,0.44793756182444755,0.4699488121516544,0.5493517794137855,0.57419675751567,0.5028569979715912,0.5291776867872438,0.39280128361542976,0.5079783491248756,0.5046136497123395,0.3208731005535263,0.6857932963145424,0.6137162847132396,0.40814217856491747,0.49365195943889534,0.2129653057764981,0.43612565553995875,0.44527547643866033,0.4204676200083946,0.5148559529249069,0.26500260483353977,0.6141442480472334,0.057975227444470645,0.39901006003718226,0.5098998800240224,0.23846395622607264,0.5114696479743992,0.2598734211221728,0.3090660737466013,0.3845940538391555,0.38257494507591033,0.47094238499332325,0.34425167983141425,0.41784436148714427,0.3640748124011247,0.5073811744209847,0.3569609333339588,0.5519301276919677,0.3465518059279987,0.3790959050995975,0.024284058056888994,0.23458814016209925,0.06845847486308436,-0.01954362057148031,-0.10122439359683202,-0.09087173709416804,-0.003220780301577953,0.021263960106683744,-0.04321163743907266,0.16477827797237785,-0.12178863899854023,-0.032543981351136196
0.22984609552484075,0.27271712791784924,0.17450293471710196,0.42579091631747,0.4763759344570595,0.26261051760137977,0.6735226265859381,0.3183009174853284,0.36921583788736784,0.306782706064045,0.36672383299952926,0.39549051493435655,0.327258458650922,0.242486024833578,0.1997256149933391,0.29724276124201765,0.32545824943716595,0.29499463278758004,0.18413426462848453,0.2609027013518796,0.2655045702236707,0.3486687314206543,0.2664765295807257,0.27239354709295255,0.290012285500115,0.2976880034102981,0.3140372297760337,0.1312294184726599,0.3339747171676772,0.06483035154085506,0.25974980392152314,0.24941962715169316,0.19551538379322167,0.3683758976789505,0.21000717571216854,0.22659142194326792,0.22150571274750483,0.1886680355271929,0.3371161241217744,0.1980765517305889,0.17473264299565164,0.23825407822326922,0.2595786814365239,0.35050250929863624,0.2416059957537064,0.17994691331279855,0.1400962179771673,0.0005237449335025463,0.2689528750016157,-0.11296716482916144,0.013201727437793397,-0.09146886632347752,0.18003409413450186,-0.07857537879236516,0.08208226547029301,0.054506577642052904,-0.04396465579544926,-0.1152592370341385,0.014290594920122203
0.20117295085567144,0.28053559097947306,0.45530235316162304,0.45195903770476487,0.5443584916563472,0.58846234057788,0.3183009174853284,0.8882964885069823,0.324895567015893,0.4343713455769458,0.4761183078520232,0.316999001881405,0.5122537675205769,0.4645266799610586,0.2870111671780477,0.41162438123829725,0.4677129084446778,0.35373326261628457,0.5272756617255402,0.47749982000308794,0.32737105302584985,0.4081854333677717,0.22167241790072137,0.30448465862555046,0.36656776575676475,0.38018895488472376,0.379630577665955,0.18673111523799454,0.528737353193162,0.07664981456301152,0.33038493336051244,0.4097973333033016,0.2084519194831518,0.4860047239263032,0.3131314966408606,0.2272831222998666,0.40227149430822906,0.3168194550780035,0.4790166183419825,0.20652038597067798,0.39134160929434353,0.3008995673160921,0.4563006671044733,0.44527088088016165,0.314904051577889,0.3421715793630889,0.3547779029526642,0.06937936814613437,0.2865608702291918,0.1676640525593915,-0.010495431003597127,-0.14066099784320835,0.1249442336871767,-0.09140562301923864,0.001985033098457376,-0.2006944880559443,0.13405259304676728,-0.06201002545567772,0.1588235397420646
0.1518242716316412,0.3060146553599247,0.6824093457319441,0.33043742480726307,0.34803139288432666,0.44793756182444755,0.36921583788736784,0.324895567015893,0.9597090586159718,0.37653690685324126,0.28781697900406933,0.34746709945649024,0.4040796511921427,0.3262772409717948,0.30393571546297243,0.29219430163494053,0.38677655668753574,0.39739584066030853,0.44488125560250563,0.29011945363420294,0.3393393975698915,0.553539587715078,0.3188963640143326,0.39254098818694555,0.32948446433113276,0.37785039564364453,0.35573031002037575,0.28856083925149856,0.34545867485217524,-0.01340402020580176,0.36895814117910153,0.32860339885629203,0.3030037244610849,0.4223181318529687,0.35483182081488895,0.32261877105960274,0.31628688488960305,0.24793734855075641,0.3789281226961267,0.12693844269650825,0.2742741553882408,0.3072363000441062,0.4184021798163663,0.4851083751119352,0.34364651168492055,0.36784147421296,0.22520094261531415,-0.03200505189737922,0.3224088998622302,-0.09599625216944747,0.11913995997343584,-0.06415691404905459,0.09591855590379052,-0.1082464092993847,0.1439729644310465,0.24080098001305217,-0.021698134460533067,-0.3676478580831264,0.010213288202005615
0.18422082380106106,0.3609190241840712,0.37921939626383344,0.3731487659115836,0.40941397200248464,0.4699488121516544,0.306782706064045,0.4343713455769458,0.37653690685324126,0.9089806454872869,0.5044207102494871,0.4974526235911527,0.4903403077091602,0.3709168087326972,0.3840753767602768,0.40329626135572993,0.47875152629338746,0.4236862726325999,0.5347930142886267,0.33371726197595714,0.3267394329596644,0.41342544524914243,0.2782260947114605,0.36998244045778333,0.37893368017993145,0.3320152068391127,0.527373916147972,0.2931850339011673,0.5358056841607667,0.1445623406092979,0.39473607479875944,0.3861848459532229,0.15484193236355337,0.5517575069956406,0.4540073621083972,0.31564920251212986,0.3599651431488625,0.2502447542701687,0.46368568243909547,0.24523001329831393,0.36100285293889345,0.31689622019606717,0.3295274656740468,0.4817662647970728,0.3359849884224219,0.3617868508382403,0.3467891568332887,-0.006344742539503838,0.09404788774877214,0.035701306204050126,0.05474092406381711,-0.04612097929156918,0.00706869010061908,-0.010969863668912635,0.12649535290533206,0.043053242786737486,0.09365685832236932,-0.17669917032468313,-0.07359983965461435
0.18400114776119295,0.32868716932077874,0.14739965437882757,0.417119021496978,0.4211705623291745,0.5493517794137855,0.36672383299952926,0.4761183078520232,0.28781697900406933,0.5044207102494871,0.9703108737275231,0.5398859761512057,0.4206547460621407,0.387066131276349,0.4157740514320785,0.4309943145411487,0.5129201396658294,0.32740174546321754,0.3863800734178449,0.5383001471956443,0.3613955013116261,0.3558022352680203,0.1885133080533486,0.3798341000695198,0.3483074678265698,0.42529646378357094,0.5926847561593691,0.23005838637583326,0.5240263150336096,0.12872617872732134,0.3957256503568035,0.37140010226977044,0.19158858233831336,0.44043053246723873,0.42417450391412465,0.31218721710479225,0.26292014579938755,0.31003747377170443,0.48804317498748395,0.3834856905027487,0.3265668508829292,0.33973858246095406,0.32750347735500396,0.302217359704158,0.4668316702478732,0.3139242286856432,0.31356048220497107,0.03329728873891994,0.2331622596545263,-0.14125885739115013,0.05893267980569155,-0.13236642838401338,0.24787365432243189,-0.005513712375154869,0.007242735375743623,-0.03878489936622483,0.05742614784784567,-0.03540557308183139,-0.03572853086990745
0.19426627143265898,0.29714541720051246,0.23429251573068832,0.3901632716797408,0.3849482597219398,0.57419675751567,0.39549051493435655,0.316999001881405,0.34746709945649024,0.4974526235911527,0.5398859761512057,0.8716820542028859,0.37647566937450594,0.3868120315761493,0.3578823985077707,0.45536586066056634,0.4158331472897358,0.30624761824121155,0.4557856866400285,0.42239171681101784,0.32667831638744144,0.3818361069780469,0.23446889022335637,0.3786195467375306,0.4058418920303339,0.36288557916508174,0.5251867395105108,0.18018915659998314,0.511307776071622,0.03712401835298648,0.3564087184760307,0.41456300982405925,0.17485186779987752,0.4612279179926934,0.27187898134487326,0.3067528446525171,0.17105424197273608,0.267466825364957,0.4190861264647566,0.33842308131739585,0.23109874934373548,0.29627634460762386,0.29553419442178436,0.27802091234192117,0.5005942197295012,0.2625224667065742,0.24346852386180506,-0.027543140516666047,0.13907775385537618,-0.18430783748774066,0.05575667740644972,-0.12204886865269574,0.07559753939957621,0.022252391549427753,0.05793679810327619,0.10935568451955745,0.10972894546147542,-0.09242525631354981,-0.2727424572309979
0.18557473850610337,0.34639484421611627,0.3845824877487437,0.4021399462431821,0.4684409201515439,0.5028569979715912,0.327258458650922,0.5122537675205769,0.4040796511921427,0.4903403077091602,0.4206547460621407,0.37647566937450594,0.9285564588917277,0.3997722780778719,0.29774638038468143,0.40192316736470174,0.39004515754208374,0.3499427138394539,0.4896621495071308,0.33839411100886585,0.33021968048093875,0.46637883633304134,0.2565662184160951,0.3392669498413478,0.344754461991287,0.35234973572822403,0.41090245917894297,0.28828446505414485,0.5545380657012943,0.10446708491710155,0.32490277575272974,0.4272773762245235,0.20220024557482322,0.4962981255289496,0.4198909604220512,0.26920734789883694,0.31884332474385974,0.26537625012277827,0.42078599130205413,0.21228521969655942,0.3803769898968254,0.31052007054386865,0.38702348868983344,0.4770028464210302,0.2573071084209267,0.3355518574302959,0.2932758017831497,0.014876178674075077,0.22781038852242658,0.1529571108011661,0.06881015966165378,-0.11577506409592325,-0.10734705297896423,-0.045967060820630436,0.060687088356570905,-0.10667053395416992,0.0850980668874959,-0.1388172975834489,0.0869976994863162
0.19691805658373535,0.19093910172612497,0.29241443118885735,0.3629031863541572,0.380175807386082,0.5291776867872438,0.242486024833578,0.4645266799610586,0.3262772409717948,0.3709168087326972,0.387066131276349,0.3868120315761493,0.3997722780778719,0.5853346103604193,0.3701205066576916,0.4477172169955673,0.3890767674597467,0.29575128004542156,0.4528044134161435,0.3780736570911228,0.31062050323275425,0.37900817081796756,0.2058299053076718,0.30941661218020455,0.33098702450420175,0.30728507944166455,0.30575509438735576,0.208879655119883,0.48365363721062515,0.09432040359017636,0.31452757372504514,0.4927443260390822,0.15574475556992542,0.45353672033395087,0.33135176814035533,0.2555094424810702,0.2815338996531012,0.2746401861592377,0.37630255026795073,0.2407868386185149,0.3806428004530486,0.2907520564466586,0.4370059364013492,0.34985595660809093,0.35778273543716865,0.26736081404030604,0.30542266331013057,0.04741602539003845,0.34944683826802553,0.04408675206128831,0.0027840649528423043,-0.11190699233000334,0.06710043736046611,0.014265615358962784,0.013750394882939422,-0.04657135858386188,0.17652822200799453,-0.08138674401617145,-0.05122723569447241
0.16017595521937233,0.37417676958557805,0.3415762829179626,0.2847107003352033,0.3051995010324294,0.39280128361542976,0.1997256149933391,0.2870111671780477,0.30393571546297243,0.3840753767602768,0.4157740514320785,0.3578823985077707,0.29774638038468143,0.3701205066576916,0.7911934155623569,0.32693621101585124,0.3591171663804247,0.31087075533515435,0.31303206118720156,0.3785637545959937,0.30556120774072837,0.26463403890487247,0.16837056417141286,0.31187183489697673,0.2809814530602956,0.35088551503326015,0.3767977523901913,0.3456303699618155,0.4043834680156655,0.08641436108154171,0.33257573024758375,0.3560066789368913,0.17103768532714692,0.36701031451597355,0.3943612658410381,0.27936131180584134,0.33460368716439987,0.2566542089004567,0.2648276988928808,0.19413010046487236,0.31197691082296264,0.30586659005961514,0.3456167796115289,0.3066098963678349,0.3773823397795103,0.27519331423699395,0.24075480006873914,0.03010071347838494,0.06376442859331702,0.09980879936526772,-0.0937331869417129,0.22886866326060065,-0.19429723432136162,0.02170184175776589,0.08395234473764028,0.04995578386190906,0.03963512683127863,-0.17368342690837008,0.01300143358628662
0.1801695878844846,0.2259243054340533,0.24439128914465535,0.3817186970549297,0.394932035350145,0.5079783491248756,0.29724276124201765,0.41162438123829725,0.29219430163494053,0.40329626135572993,0.4309943145411487,0.45536586066056634,0.40192316736470174,0.4477172169955673,0.32693621101585124,0.7840961056819271,0.45005722820950134,0.2794232861787574,0.4253920364965158,0.3669163588492824,0.3301092740835065,0.4787780738310099,0.21848694327425405,0.3488671963388428,0.3641422439947255,0.27165083486771285,0.40795915192127397,0.2550731733164723,0.5121193187856771,0.09105567114988833,0.3172523544035353,0.43187212618597204,0.12376608550288866,0.4885073196172645,0.4597902518944267,0.24334722473488513,0.27129977263054345,0.2752229373361461,0.41494077429182025,0.3379487813050589,0.34353239372121125,0.32732247246569,0.4609854088127285,0.3959646741324681,0.4371918017937567,0.23194062119346726,0.2855360457083072,-0.006533868486216759,0.26970516772631475,-0.17310295886326765,0.03561443037642144,-0.14521687616438977,0.0644637520637502,0.04444488921203017,0.04366868878053377,-0.015763016187512066,0.03316817855944147,0.028803196952255167,-0.08389860644199029
0.1598912289106214,0.26615140821500655,0.47608642557476666,0.3785115622464161,0.37016944900334786,0.5046136497123395,0.32545824943716595,0.4677129084446778,0.38677655668753574,0.47875152629338746,0.5129201396658294,0.4158331472897358,0.39004515754208374,0.3890767674597467,0.3591171663804247,0.45005722820950134,1.0086965331203988,0.38608983581578543,0.37768309916542253,0.5331155500163859,0.3715339671352904,0.47776193296858543,0.22814801832020204,0.33197921706023087,0.41866181645879386,0.39539241179666057,0.4548015862800852,0.31075780244482626,0.4861894466706893,-0.0030922687622208286,0.3767268171857335,0.34770232606297546,0.28165356928548907,0.43082499980274064,0.48254718105665123,0.24394097613035587,0.43994828148559095,0.35457066479566096,0.46012491663073746,0.2907550276705653,0.3749087721259878,0.3560849715804034,0.536637988712393,0.49782464422895156,0.5358838424930449,0.34178655549825104,0.3180474270098044,0.033182695706899606,0.176130854286702,0.09270628825747108,-0.0016303928396049052,-0.07169766981439063,0.22469789897652853,-0.05121211295513393,0.08935696710025551,-0.045350722357998925,0.04581538516342045,-0.0592100602344875,-0.00919278404265282
0.1858104781086234,0.38712269853603953,0.45628443279429975,0.3026814039634053,0.39123163808451344,0.3208731005535263,0.29499463278758004,0.35373326261628457,0.39739584066030853,0.4236862726325999,0.32740174546321754,0.30624761824121155,0.3499427138394539,0.29575128004542156,0.31087075533515435,0.2794232861787574,0.38608983581578543,1.0582713042874805,0.25105735234933046,0.0798860378306654,0.3145946400753517,0.39205131574728114,0.43656652768461485,0.24704988875925032,0.32329129559538444,0.35918856097007357,0.03937795153927276,0.2725095184697237,0.37727375193244955,-0.04281681678653332,0.3519927253627784,0.3360847952163542,0.14004180764391191,0.4199226911411913,0.29644454845540186,0.3393962976879033,0.2242140507680288,0.16343558023063928,0.26364805688471266,0.22882415559062613,0.3212475998660624,0.26866592754328883,0.49659551225182913,0.39541947170269387,0.4439008238458331,0.3707830505007593,0.4493319953121882,-0.04123456593705751,0.007921933347112876,-0.07946328722948243,0.4181816025150388,0.11197828707780616,-0.1666968102715167,-0.08815139899630518,0.1600483122695687,0.1091853791222906,0.23443462325727332,4.935347933390254e-5,-0.4590539142054184
0.1132227289832988,-0.08160291946257248,0.6808818247352796,0.2753276375641735,0.2761942432237693,0.6857932963145424,0.18413426462848453,0.5272756617255402,0.44488125560250563,0.5347930142886267,0.3863800734178449,0.4557856866400285,0.4896621495071308,0.4528044134161435,0.31303206118720156,0.4253920364965158,0.37768309916542253,0.25105735234933046,2.3857875573538245,0.3895873220836033,0.428705145947967,0.5111816813318408,-0.03646999219573249,0.404741137866897,0.44011698330926435,0.04200783255184911,0.2648060895939386,0.3198771633270626,0.5602135209210081,0.01821451160880169,0.45371616470095266,0.38947414925702073,0.5392381142367801,0.471500997158541,0.13884749482213843,0.4426952287313175,0.7515620410785208,0.3132801720546023,0.6045495039503687,0.06090799774745539,0.5503251842875786,0.3703903090371703,0.4075789615104407,0.34170245903929414,0.23373702635295523,0.49983773693484096,0.11911384134780867,0.0897742333595154,-0.19684232184871384,0.9848265169028175,-0.2576672851781562,-0.31378239039317907,-0.12367558209093159,-0.3009901332913836,0.16828596105748594,0.06278007983961323,0.21395832012567254,-0.18429243966002357,-0.2146704222963868
0.1688554185609422,0.34106137912202356,0.38958834118429225,0.356985611904706,0.3197734039975919,0.6137162847132396,0.2609027013518796,0.47749982000308794,0.29011945363420294,0.33371726197595714,0.5383001471956443,0.42239171681101784,0.33839411100886585,0.3780736570911228,0.3785637545959937,0.3669163588492824,0.5331155500163859,0.0798860378306654,0.3895873220836033,1.45613693456428,0.32739720291358154,0.2862185816405962,0.10946034203808622,0.34181182952592504,0.3701695279924643,0.4287243070953867,0.6503734256071322,0.33649322511161806,0.3892559519620938,0.15324832699954988,0.41106473097214025,0.3293862394253064,0.39750240288577793,0.37673277920509635,0.33960251480995857,0.13949853451701977,0.7013077243711562,0.6398068195820583,0.3650343212392719,0.3120113007201515,0.4807481108451678,0.3901878108760473,0.6172601328740388,0.4019024483666219,0.6315127121697296,0.27310049278171694,0.17069440013966866,0.27557894355845525,0.4019035937975472,-0.16086461756969145,-0.037616087753792125,-0.006706791245137529,0.13981941279901927,-0.06639095009587054,0.010821725963477578,-0.09778906793174716,0.010052809499170895,-0.13774268932208802,0.17965817325791417
0.14915207521907684,0.30465718182209434,0.3147291329310394,0.3065638160612817,0.3070528643196404,0.40814217856491747,0.2655045702236707,0.32737105302584985,0.3393393975698915,0.3267394329596644,0.3613955013116261,0.32667831638744144,0.33021968048093875,0.31062050323275425,0.30556120774072837,0.3301092740835065,0.3715339671352904,0.3145946400753517,0.428705145947967,0.32739720291358154,0.5795240751004804,0.34458297458265824,0.22929134611193674,0.28442726880665303,0.3056518391744886,0.2882121253799924,0.33224761554194815,0.38575148527107783,0.32160388248050625,0.06953820715853898,0.3753870824045594,0.3213635004766635,0.3660382481237129,0.3501151506546091,0.4879570226412385,0.40901553535562407,0.3284050024810883,0.2881808310975619,0.37980684742841664,0.39007327961772853,0.4641369939198236,0.4666807415721095,0.4537836076553041,0.3912780557258695,0.7424361349492529,0.30777260778305815,0.2596686988028104,0.05853721089104136,-0.07082993646156868,-0.0006469049815484068,0.10760179014218399,-0.08931662684459661,-0.00927359687220893,-0.020775843830348053,0.10265316679318748,0.000679223691400768,-0.02684833794298458,-0.10432390609396167,0.0011679738822193981
0.1845874119224271,0.21048589732846018,0.4625895343261653,0.3688017616082162,0.3681732977049407,0.49365195943889534,0.3486687314206543,0.4081854333677717,0.553539587715078,0.41342544524914243,0.3558022352680203,0.3818361069780469,0.46637883633304134,0.37900817081796756,0.26463403890487247,0.4787780738310099,0.47776193296858543,0.39205131574728114,0.5111816813318408,0.2862185816405962,0.34458297458265824,1.0085558306978517,0.3865086578084304,0.3504706601476522,0.40139179192635077,0.3355473335644058,0.3736405098478242,0.25290569724500034,0.4440183301794051,0.1443511170368224,0.3095358065494203,0.40060948280630293,0.27382313066857233,0.4608198999410547,0.3497929164975872,0.2862872598665528,0.3004747250995161,0.272132333118296,0.4159909812596461,0.22067260089466056,0.31561729191133836,0.3224636411109394,0.6582082565228529,0.5712781779260606,0.3488270095036653,0.37020841136931704,0.32229885016615184,-0.16834264989521858,0.5222018608989755,-0.0861776420838517,0.07714751623290658,-0.24605635277173848,0.06149338207462912,-0.04276648129479314,0.07430393556548007,0.06544810143652587,-0.003733371768999623,-0.11276120392948448,-0.007854823315928435
0.16888598220689882,-0.13933532608755608,0.20931540633689455,0.29476080020365353,0.3071742340236639,0.2129653057764981,0.2664765295807257,0.22167241790072137,0.3188963640143326,0.2782260947114605,0.1885133080533486,0.23446889022335637,0.2565662184160951,0.2058299053076718,0.16837056417141286,0.21848694327425405,0.22814801832020204,0.43656652768461485,-0.03646999219573249,0.10946034203808622,0.22929134611193674,0.3865086578084304,1.5053164262624252,0.4139060476282923,0.3614596535583071,0.15812426357607742,0.21063966535455286,-0.0851853475520692,0.39504726343535923,0.16359663048945533,0.11965014399880097,0.2298630211257232,0.058385904274384094,0.4231008917975732,-0.03354330615965098,0.3636258695730411,0.04723142843037115,0.12426793660487344,0.31522266819896133,0.22462560624286154,0.1583629244147178,0.169192815704295,0.32340540529601014,0.9645956422725717,-0.0505812223476942,0.22488353394158503,0.23810437648848698,0.05872432078529522,0.20875619248345728,-0.08215796456914369,0.24059519873545857,-0.07532188389328677,-0.046593906570583446,0.027456649317462785,0.16667111010698143,0.022764556607928657,-0.05862578722357736,-0.2423283444881143,0.21220628596636112
0.14852456636956168,0.10361153110441168,0.3248101964390094,0.2762077370537894,0.3006197772340729,0.43612565553995875,0.27239354709295255,0.30448465862555046,0.39254098818694555,0.36998244045778333,0.3798341000695198,0.3786195467375306,0.3392669498413478,0.30941661218020455,0.31187183489697673,0.3488671963388428,0.33197921706023087,0.24704988875925032,0.404741137866897,0.34181182952592504,0.28442726880665303,0.3504706601476522,0.4139060476282923,0.9376616933154083,0.3694600458481797,0.27093008712070243,0.4734823803770094,0.22564827434824097,0.3843678797842212,0.07115858858297448,0.37222804426975203,0.335218150665381,0.16704944457898344,0.4305143363893634,0.29870604227168546,0.36615240049669046,0.2180327524744805,0.22126317056346093,0.3142413123336829,0.21168211497879008,0.21762310664981344,0.27549132344382476,0.17222968768402994,0.41108704166574,0.2629505164677421,0.27999072693603133,0.18957324385657265,-0.04808024825574832,-0.009296765002551326,-0.05965098225198055,0.05237485055723641,-0.057870513742400154,-0.01922069515412724,0.013494933140281667,0.17362329614583677,0.11109044244037261,0.21543244503605818,-0.5069807401183731,0.006237055540847083
0.18782052442470518,0.21747813460241927,0.34318606058777734,0.30141058197366705,0.33038730711417624,0.44527547643866033,0.290012285500115,0.36656776575676475,0.32948446433113276,0.37893368017993145,0.3483074678265698,0.4058418920303339,0.344754461991287,0.33098702450420175,0.2809814530602956,0.3641422439947255,0.41866181645879386,0.32329129559538444,0.44011698330926435,0.3701695279924643,0.3056518391744886,0.40139179192635077,0.3614596535583071,0.3694600458481797,1.31567752767133,0.21634697387478574,0.3483994502670403,0.26488777284891396,0.5326671524954221,0.10094411588180559,0.3100448281796066,0.3355636273815296,0.2248389338442307,0.45350881469727145,0.39855966538739496,0.2945053910822224,0.29332448729422594,0.24962636993974469,0.39466932681329286,0.23600954339710598,0.31223304503065086,0.29516295870409803,0.4115555081227468,0.4967242603054602,0.3085673709108677,0.37543356760604685,0.25356336541497165,-0.014681629333988856,0.09222414879573952,-0.3885644033098931,0.03490220403404494,0.005480921916085024,0.14951157755036837,-0.03199372402894836,0.129843979197537,0.08594310423517267,0.17584261538290427,-0.16554903101247,-0.18791201410933606
0.1603800999086745,0.3736137603993456,0.33009822031283265,0.33193510854297753,0.383026835763898,0.4204676200083946,0.2976880034102981,0.38018895488472376,0.37785039564364453,0.3320152068391127,0.42529646378357094,0.36288557916508174,0.35234973572822403,0.30728507944166455,0.35088551503326015,0.27165083486771285,0.39539241179666057,0.35918856097007357,0.04200783255184911,0.4287243070953867,0.2882121253799924,0.3355473335644058,0.15812426357607742,0.27093008712070243,0.21634697387478574,1.3981260667473787,0.47673491448144983,0.3431054102029953,0.3828993057746868,-0.16891727320147315,0.21505410101334874,0.36235378143382546,0.2549345687314098,0.24073655849514214,0.23397265441561388,0.4000923538893769,-0.2043295955751823,0.27950864924755225,-0.4476932946012934,0.30037964500478587,0.14327261307832595,0.3251338756445244,0.5110706881489365,0.02301967072703673,0.7187727477139336,0.1709099823832593,0.10915368322179864,-0.13537313879986204,-0.19225009536482118,-0.10289312521823377,-0.02482648933765567,0.14181061512381593,-0.26779865131683406,0.10767192803889356,-0.05693361117542321,0.005525771895546542,0.0011692215041661902,-0.13713742424739947,0.09174271858301103
0.17657465556883153,0.6926481183342637,0.1725746106624289,0.29845477189156067,0.3073572589615671,0.5148559529249069,0.3140372297760337,0.379630577665955,0.35573031002037575,0.527373916147972,0.5926847561593691,0.5251867395105108,0.41090245917894297,0.30575509438735576,0.3767977523901913,0.40795915192127397,0.4548015862800852,0.03937795153927276,0.2648060895939386,0.6503734256071322,0.33224761554194815,0.3736405098478242,0.21063966535455286,0.4734823803770094,0.3483994502670403,0.47673491448144983,2.2344367837251013,0.5173441516585743,0.4895505984942465,0.20483014859336385,0.4701732037655771,0.3850042938211946,0.14284784282434437,0.41191226453482216,0.7868888991025305,0.27198585766993355,0.21059665243590228,0.35715131348995405,0.36398413139376345,0.49674931652957577,0.33028818101273694,0.3933319288633191,0.33991453342635536,0.5978454806003551,0.7735021354705437,0.2859512222167299,0.21404766337128323,0.002338240197183631,-0.0699623629710837,-0.3269971419375872,0.086516767092467,-0.12016014979561529,-0.08379953675674125,0.28787765121503794,0.06947273354938335,0.07437699332567468,0.23607966963552351,-0.06632608844782437,-0.3137025921190668
0.0918240323681343,0.4095521224459181,0.4908004487447522,0.1877454646425266,0.2115085361219664,0.26500260483353977,0.1312294184726599,0.18673111523799454,0.28856083925149856,0.2931850339011673,0.23005838637583326,0.18018915659998314,0.28828446505414485,0.208879655119883,0.3456303699618155,0.2550731733164723,0.31075780244482626,0.2725095184697237,0.3198771633270626,0.33649322511161806,0.38575148527107783,0.25290569724500034,-0.0851853475520692,0.22564827434824097,0.26488777284891396,0.3431054102029953,0.5173441516585743,1.7405728105346348,-0.1821023159033013,-0.13159850642654522,0.38542437221546916,0.3639381891212346,0.5941911528201878,0.19488413094054202,1.3234214840959355,0.39154086128753,0.3160948821736714,0.25824114498004996,0.12992803440590917,0.3133217881832588,0.34861776889787627,0.48619921051846865,0.47716639863051896,0.9355257307289895,0.6886988700937637,0.16864293526856994,0.022034612754148423,0.08876292676350102,-0.7325980720675161,-0.16316435143053587,0.405916127519757,0.7602187594222711,-1.1057143992917067,0.05514581872882758,0.23808172264115715,0.050358791367831376,0.21032891704233017,-0.15550220386912994,-0.23437675028818972
0.2045402635991674,0.44934081841069673,0.3551706624677897,0.40643109528876115,0.42412853888896096,0.6141442480472334,0.3339747171676772,0.528737353193162,0.34545867485217524,0.5358056841607667,0.5240263150336096,0.511307776071622,0.5545380657012943,0.48365363721062515,0.4043834680156655,0.5121193187856771,0.4861894466706893,0.37727375193244955,0.5602135209210081,0.3892559519620938,0.32160388248050625,0.4440183301794051,0.39504726343535923,0.3843678797842212,0.5326671524954221,0.3828993057746868,0.4895505984942465,-0.1821023159033013,2.265765345919307,0.14686611933575983,0.25426032601384413,0.4933059217070981,-0.32348961423062067,0.9026299282213368,0.15845257012459713,0.37591107855683326,0.09067526641387444,0.17235236495553305,0.5031220345669325,0.2488230957076452,0.10805577588107476,0.25358043774969485,0.2392295573406074,0.08660299018345181,0.37733281888932513,0.3586440307336609,0.36867011229118596,-0.2882430332179524,0.22954998189737816,0.3989463084735955,-0.4364535649110696,-0.25032573754331955,-0.014249957074807992,0.11066097315242839,-0.05365544552884931,-0.05076143977206359,0.04939960170367584,-0.03137868200211378,0.005087221723189797
0.05216794320240797,0.09386056585197038,-0.6770619623118794,0.11158561623923005,0.013783106216518405,0.057975227444470645,0.06483035154085506,0.07664981456301152,-0.01340402020580176,0.1445623406092979,0.12872617872732134,0.03712401835298648,0.10446708491710155,0.09432040359017636,0.08641436108154171,0.09105567114988833,-0.0030922687622208286,-0.04281681678653332,0.01821451160880169,0.15324832699954988,0.06953820715853898,0.1443511170368224,0.16359663048945533,0.07115858858297448,0.10094411588180559,-0.16891727320147315,0.20483014859336385,-0.13159850642654522,0.14686611933575983,2.591206807770425,0.17743968654780704,-0.03289445492366069,0.19765451996641734,-0.055420210136643874,-0.08530274612510044,0.2196408278443651,0.5019195513956423,0.16008431372497633,0.7556410573080964,-0.005027261068816606,0.4860677756666681,0.018346976648948944,0.5344978633260514,0.3431130772893212,0.10801170137607281,0.4918323211847262,1.1495303725759454,0.15757805462005012,1.2569174404632655,0.08314747008335067,-0.24166975664385562,-0.6525163269580807,0.6156468142777797,-0.002914094127018023,-0.22690463136021566,-0.14632938304391377,-0.4003612151210946,0.2801899269719833,0.4197728347157165
0.14877851607699352,0.2976102543627645,0.3720853135331192,0.2716848476301112,0.33408677151874455,0.39901006003718226,0.25974980392152314,0.33038493336051244,0.36895814117910153,0.39473607479875944,0.3957256503568035,0.3564087184760307,0.32490277575272974,0.31452757372504514,0.33257573024758375,0.3172523544035353,0.3767268171857335,0.3519927253627784,0.45371616470095266,0.41106473097214025,0.3753870824045594,0.3095358065494203,0.11965014399880097,0.37222804426975203,0.3100448281796066,0.21505410101334874,0.4701732037655771,0.38542437221546916,0.25426032601384413,0.17743968654780704,0.9542539030778286,0.33733605792104115,0.25092697847749273,0.395396360134686,0.481721619187239,0.5469696561805109,0.4070067257429563,0.36165032941801584,0.4581116738329449,0.2878620951400672,0.51530468738269,0.37197480003267736,0.26177319434679136,0.30571590657370235,0.5375240793520132,0.4306650016233034,0.2966571772526926,0.0030558531910527507,-0.16822951728844518,-0.006391728291413182,0.11621277933421262,-0.01335641862685815,0.006911289560701369,-0.0513907543562451,0.1259187414517751,0.08381143736600039,0.25071275273179483,-0.1919134147787604,-0.30995965104688283
0.18629401372768795,0.2570665161849715,0.33402521706958854,0.31018271486874294,0.37151053995048033,0.5098998800240224,0.24941962715169316,0.4097973333033016,0.32860339885629203,0.3861848459532229,0.37140010226977044,0.41456300982405925,0.4272773762245235,0.4927443260390822,0.3560066789368913,0.43187212618597204,0.34770232606297546,0.3360847952163542,0.38947414925702073,0.3293862394253064,0.3213635004766635,0.40060948280630293,0.2298630211257232,0.335218150665381,0.3355636273815296,0.36235378143382546,0.3850042938211946,0.3639381891212346,0.4933059217070981,-0.03289445492366069,0.33733605792104115,0.802538998767098,0.10352797211471854,0.5392668077650968,0.3623878013785691,0.34061384271279643,0.11733566268388201,0.27523400199886106,0.3022961259038867,0.29902983295989005,0.3794652655857802,0.3064911766663422,0.37778628585543944,0.310632988678391,0.4414415538949393,0.2513396790053498,0.23431403969215164,-0.011228800618675913,0.2564612738231377,0.01430417401289456,0.21868944948959293,0.16470486160042297,-0.4758346061750734,0.07083938431693797,0.0386875484455776,-0.010972942114522337,0.45000425209355854,-0.21031747340733173,-0.27934814105151345
0.0940194902536168,0.13984761344149738,0.3682062424444551,0.1922835275248964,0.16655010816245652,0.23846395622607264,0.19551538379322167,0.2084519194831518,0.3030037244610849,0.15484193236355337,0.19158858233831336,0.17485186779987752,0.20220024557482322,0.15574475556992542,0.17103768532714692,0.12376608550288866,0.28165356928548907,0.14004180764391191,0.5392381142367801,0.39750240288577793,0.3660382481237129,0.27382313066857233,0.058385904274384094,0.16704944457898344,0.2248389338442307,0.2549345687314098,0.14284784282434437,0.5941911528201878,-0.32348961423062067,0.19765451996641734,0.25092697847749273,0.10352797211471854,2.1676011001079782,-0.09362302963942619,-0.32672693619052856,0.29828342189965323,0.7060243640485012,0.31019930191721534,0.10413434650880589,-0.031438520552386294,0.39912072752523015,0.35324642196449596,0.4048252073942717,0.4058032123444422,0.27021997845399714,0.3271972491839946,0.1732356923053767,0.30055437550191677,0.36342085503675603,0.034370116455936975,-0.11739621951829236,-0.2184525291403176,0.3613307999194981,-0.27057412397347963,0.09084283286534946,-0.06711585922426631,-0.1023961611832873,-0.12584296288738286,0.16376945326263015
0.15309248043958287,0.29399682287571727,0.46168183999945756,0.4763035450961913,0.5640826959445617,0.5114696479743992,0.3683758976789505,0.4860047239263032,0.4223181318529687,0.5517575069956406,0.44043053246723873,0.4612279179926934,0.4962981255289496,0.45353672033395087,0.36701031451597355,0.4885073196172645,0.43082499980274064,0.4199226911411913,0.471500997158541,0.37673277920509635,0.3501151506546091,0.4608198999410547,0.4231008917975732,0.4305143363893634,0.45350881469727145,0.24073655849514214,0.41191226453482216,0.19488413094054202,0.9026299282213368,-0.055420210136643874,0.395396360134686,0.5392668077650968,-0.09362302963942619,2.079355670726221,0.6074029706504736,0.2367731450869204,0.6539896073665676,0.22094887821570286,0.5519091733071515,0.17524296687306315,0.09984462518808417,0.41427769225063654,0.3613677209557347,0.7168433685509858,0.265942799006875,0.10782799961415426,0.3165623818078461,-0.026830980977416628,0.19613228566767502,-0.1591365898004463,0.10174867220185294,-0.2087514419676077,0.12115028382297852,0.009839153514682522,0.06919006220624173,-0.007461794043890108,0.09351959928592245,-0.11720793908134489,-0.02974381187325286
