1.0184347942012937,-0.000572587937762837,-0.0007365511148444417,-0.001016112621746814,-0.001526892103791817,-0.002230254794890573,-0.003256303435914663,-0.0008598127638017896,0.0008375846176064582,0.0017733183457456425,0.0021010054546890256,0.0019134100466492111,0.0016463836617974664,0.0011736346116733313,0.000486237169130161,3.1881858524404585e-5,-8.775020771887149e-5,1.63027458231888e-5,0.00019591301478663294,0.0003392258019769912,0.0003319430773897742,0.0002531410858719529,0.0001886839004548135,0.00014896201712481027,0.00012430576856630222,9.613581501855095e-5,7.095393817171719e-5,2.8696058972510653e-5,-7.304092313069776e-6,-2.554367095816447e-5,-2.869949446415443e-5,-3.466407725580014e-5,-3.505116805253673e-5,-3.750194193035083e-5,-2.6910725865501577e-5,-2.049281836239574e-5,-1.51424392180058e-5,-1.3355792891082855e-5,-1.3093855016245952e-5,-7.542758362835558e-6,7.276079900708016e-6,4.392435947212794e-5,0.00011747202604407143,5.279883909768325e-5,2.4189857550351017e-5,1.1165876356697773e-5,5.244993318782707e-6,2.4198232942853774e-6,1.0810504956183292e-6,3.5624950830467695e-5,3.094227663907445e-6,-0.00012367356447288999,-0.00010340808129231778,6.028893192385391e-5,-4.0289528199378645e-5,-6.474894711262193e-5,-0.00011382196970717314,-0.0001222370350063422,-0.00010663067424889508
-0.000572587937762837,1.0181318403015251,-0.0010528176369147984,-0.0015741892029244363,-0.0022163736440769014,-0.0032601551153170895,-0.0047850425853761995,-0.0014784551390387402,0.0008558568854973164,0.0023027750268972825,0.0028948979681747275,0.0026794249253438212,0.002269512678964169,0.0016599040133226854,0.00070411578361453,6.50121510471258e-5,-6.690474079948573e-5,0.00013711754761598586,0.0005058839728589664,0.0006591015057032203,0.0006045237356573693,0.0004213145724185258,0.00030224562638658223,0.0002402720816800882,0.00021569071696122158,0.0001820982855331445,0.00015110336994218166,9.071158049844793e-5,3.631123369575821e-5,4.252136577457898e-6,-6.498802205390248e-6,-2.8699039811654896e-5,-4.246696060130782e-5,-6.307935506271866e-5,-5.9922352481307034e-5,-5.731151676528037e-5,-5.130878761075831e-5,-4.2554481455383115e-5,-3.3931118561750144e-5,-1.629858427736649e-5,1.4956130408186972e-5,7.861919007114737e-5,0.00020299984307251524,8.883324793379491e-5,3.97877401522352e-5,1.8000124996667602e-5,8.301666544290491e-6,3.745485534672924e-6,1.6528644143465656e-6,-7.869348581046025e-5,-0.00013295039671320906,-0.0003495893458033392,-0.0003408684090087357,3.968787600602297e-6,-3.051440196655461e-5,7.989216935970153e-6,-5.12282718863766e-5,-6.497206425915172e-5,-3.5690723366818314e-5
-0.0007365511148444417,-0.0010528176369147984,1.0172508444126824,-0.0022625213830679116,-0.0033368011265652764,-0.004991622000734887,-0.007445474320656808,-0.002535226014405039,0.0008566937652046182,0.003174479179519287,0.004243020082350777,0.0038965083203196887,0.003217684672377462,0.002378289039967787,0.0010499840261312026,0.00013654464032424504,-2.327809877590589e-5,0.00034777379138860174,0.0009558051276954844,0.0012275983504570632,0.001070586968782416,0.0007211668092860949,0.000496347864679953,0.00040799618053751846,0.0003847070587944187,0.00034413422123135096,0.00030043017131876307,0.00020841737621958535,0.00012181868811375695,6.512787238644912e-5,3.933931253840038e-5,-5.438809882818529e-6,-4.604050141624786e-5,-0.00010701779212547618,-0.00012212502751941863,-0.0001285666054137789,-0.00012322461357065686,-9.781223322735136e-5,-7.287704704043055e-5,-3.180863598201823e-5,2.891884942107811e-5,0.00013915827460108128,0.00034733065411137175,0.0001503624450641562,6.637246977196171e-5,2.956192040989339e-5,1.3408245283359295e-5,5.9660283164009565e-6,2.6019550100880104e-6,-0.000230657714297657,-0.0003182117701253231,-0.0007026082630388565,-0.0007262025702491599,-0.00012041099705070678,-1.7492224669552335e-5,1.2625511823932661e-5,-5.536822684352438e-5,-8.2610021923465e-5,-4.899461314006846e-5
-0.001016112621746814,-0.0015741892029244363,-0.0022625213830679116,1.0154835339858415,-0.005081232152568591,-0.007731121179151212,-0.011991183712738229,-0.004447284248546749,0.0008811835159336317,0.0046266907711114596,0.00638520603271338,0.005738104413059585,0.004508549071801042,0.003345579026501516,0.0015180198260237247,0.00024383304675572033,9.222900595183019e-5,0.0007492977926403733,0.0017745481883129025,0.0021998143643998016,0.0018749378784009214,0.0012462997256904806,0.0008560365677642815,0.0007261311153269104,0.0007046744923044912,0.0006501290072379748,0.0005846638241487272,0.00044257312427194455,0.0003028329704813052,0.00020231072738201267,0.00014867035925741765,6.565142085224644e-5,-2.6515969992088295e-5,-0.0001755157940102256,-0.00023802251539567992,-0.0002717556349826518,-0.00027634623371817796,-0.00021403756998326215,-0.00015451653272933547,-6.596222876446928e-5,5.0812769323625645e-5,0.00024334514951712238,0.0005999615330869516,0.0002569063830428362,0.00011229664250941115,4.9559823150001345e-5,2.2268935453168375e-5,9.857669304146445e-6,4.285717715551031e-6,-0.00035043227169044723,-0.000490287662575513,-0.001168269234613382,-0.0012076118442898584,-0.00019472057230601958,-6.486464369886095e-6,4.4111541177793474e-5,-6.72598417479648e-5,-0.00011062089384064237,-4.94761843157208e-5
-0.001526892103791817,-0.0022163736440769014,-0.0033368011265652764,-0.005081232152568591,1.0109610923002146,-0.012655443186785612,-0.020317007965335813,-0.008302973094278307,0.0007145121636368839,0.007436175910507841,0.010524832653853702,0.009037820517903385,0.006407261997787365,0.004737991847844053,0.0022354152925829224,0.000475679496090115,0.000349857890250074,0.0014903739112413755,0.0031643302738568043,0.0038630805295992725,0.0032412212577657804,0.0021745910937681725,0.0015094835514230548,0.0013322747752135106,0.0013050020591019481,0.001216847585366787,0.0011009375628912705,0.0008691717842367585,0.0006353623680471041,0.00045810089928990044,0.00035758798331851047,0.000223542003435231,4.101314554310899e-5,-0.0002831469436558403,-0.0004452432322670657,-0.000537119217534084,-0.0005691785171171455,-0.0004297710422649807,-0.0003046783554115556,-0.00012878235600323693,8.723679873364306e-5,0.0004205149958578214,0.001031046141961739,0.0004378640812015743,0.00019012835724315836,8.338226937093832e-5,3.725473155345376e-5,1.6440221190040254e-5,7.165108022052932e-6,-0.00046315283183410007,-0.0007238868891674672,-0.001957079978047398,-0.002054139414724547,-0.00036767660740222487,-1.9226299428095307e-5,7.296873797517413e-5,-8.883559647075408e-5,-0.00016307355999695288,-0.00010056348947305442
-0.002230254794890573,-0.0032601551153170895,-0.004991622000734887,-0.007731121179151212,-0.012655443186785612,0.9977556766940837,-0.035339365582873886,-0.0165052573783716,-0.00013015612237432867,0.0131117227129126,0.018355315222776714,0.015216456767329163,0.009572324083540688,0.007132873345247431,0.003554178126267305,0.0011240678210781756,0.0009692710278487981,0.002754108917987436,0.005196219021435627,0.006247583494158058,0.0052529872168940025,0.0037013710868347475,0.0027308366930880713,0.002517264021377039,0.0024454433096839615,0.002264677145791779,0.0020383904167997216,0.0016508311544243585,0.0012494048171264535,0.0009341975898327068,0.0007494496613042729,0.0005371895813325915,0.00019326169675396316,-0.0004549639488758491,-0.0007994481177115929,-0.001001292827099117,-0.0010904873165565228,-0.0008106721608397919,-0.0005726473044391139,-0.0002481982073722679,0.00013553010702040683,0.0007085464655329159,0.0017574249299125786,0.0007413429490194062,0.00032050506119232655,0.0001399830648447016,6.232851064758055e-5,2.751888306996684e-5,1.2041299440054966e-5,-0.0007939200872975266,-0.0012356637045083023,-0.003395806730226056,-0.003503252130478271,-0.0005796879134570301,-6.348377899219386e-5,4.9658468760426205e-5,-0.00023617407321196586,-0.00035389193969577324,-0.00024204272294822235
-0.003256303435914663,-0.0047850425853761995,-0.007445474320656808,-0.011991183712738229,-0.020317007965335813,-0.035339365582873886,0.9552973814604891,-0.03797144172365269,-0.0012555659727197998,0.028275928271594725,0.03188632202420921,0.025927698447726598,0.015245967062420155,0.011703515089396162,0.005874296100436718,0.0025070672161900194,0.002057297407490192,0.004975837192372513,0.008361744790504727,0.010105249785857848,0.008453072873879874,0.006346628177929741,0.004984091379403944,0.004826580528911552,0.004623942653682509,0.00421624914396469,0.0037346402392569294,0.003059694248642156,0.002358889405113361,0.001801452090486767,0.0014707649658320663,0.0011889619361269087,0.0005645804901239982,-0.0007100342478434192,-0.0014186983331883542,-0.0018467057256693936,-0.0020671994480555554,-0.0015111767770166925,-0.0010635246356493838,-0.0004702769909442872,0.00020773208935274072,0.0011888947197925108,0.0029772576931393056,0.001251169024738378,0.0005399781081945652,0.00023553549807759432,0.0001049610334777393,4.652566344487164e-5,2.0653357397791646e-5,-0.001634456318179483,-0.0022965063315245086,-0.006047236486140015,-0.0060712894591668076,-0.0010183444468393318,-0.00021315661274249212,-0.00010518873141385546,-0.0005497623471953978,-0.0007434438451247176,-0.0006273785234009368
-0.0008598127638017896,-0.0014784551390387402,-0.002535226014405039,-0.004447284248546749,-0.008302973094278307,-0.0165052573783716,-0.03797144172365269,0.9538673407342236,-0.007624409674737126,0.029452453540620257,0.011218497050482211,0.02241338014380215,0.02784019743009986,0.017720736798998972,0.0046266281431049374,-0.0015813402142264884,-0.002044498934056925,0.0008194318402628883,0.004651949934346309,0.006200233363230024,0.005310688851047276,0.003650921889346,0.0026320381104805173,0.0023938783863184524,0.0023240992865908097,0.0021559650858709884,0.001927617905370021,0.001560198720766862,0.0011817485411948056,0.0009156388733920835,0.0007506084079206539,0.0004389872084849944,5.2291716508831336e-5,-0.00043844020216912363,-0.0006582823649304398,-0.000806645219597395,-0.0008490593360402282,-0.0007054134371997376,-0.0005569212122075571,-0.00031940863698443127,-9.46071547155941e-7,0.000532399476988995,0.0015775921101671881,0.0006687203567594827,0.0002938084918589009,0.00013235165520156315,6.11454553804451e-5,2.860335812855226e-5,1.331868082027298e-5,-0.0010339309015069758,-0.0014799279778673952,-0.0029771430299990894,-0.003017955266575167,-0.0004439005953638949,-0.0001959475251946028,0.00023481089944656035,0.0005092396493269011,0.0003791498531038061,0.00013570906066926106
0.0008375846176064582,0.0008558568854973164,0.0008566937652046182,0.0008811835159336317,0.0007145121636368839,-0.00013015612237432867,-0.0012555659727197998,-0.007624409674737126,0.9712410529926537,-0.059410125598756455,-0.0144587177625863,0.03657780956572978,0.04736902752600997,0.0240564428476484,0.0034088814479439704,-0.0037961732808522953,-0.004221870410004742,-0.0009306812253501107,0.003212966893508335,0.004541726944527961,0.003930712214488313,0.0021970862197467898,0.001275033604080352,0.0010383958081313092,0.0010743688546276263,0.0010463799133866062,0.0009510444876533447,0.0007600796802976571,0.0005608196775016173,0.00044583015407835796,0.000381389540817122,0.0001546084832778654,-6.512460417280876e-5,-0.0002468118871873665,-0.0003041884656904243,-0.00035301486364224823,-0.0003556299747619573,-0.00034437768243954757,-0.0003033725856530614,-0.00021581175910894999,-6.112847624939149e-5,0.00023010539857473616,0.0008477382434940017,0.0003575707230202385,0.00015904197343005622,7.355538806451333e-5,3.4987867557629545e-5,1.699158018633619e-5,8.219339448354886e-6,-0.0008719051919148094,-0.0004895834043321877,-0.0007246157236482734,-0.0009129451205969611,-9.03050212129443e-5,4.488235880157781e-5,0.00015280209730370964,0.0002895272472828488,0.0003445618384951387,0.00041886308615891773
0.0017733183457456425,0.0023027750268972825,0.003174479179519287,0.0046266907711114596,0.007436175910507841,0.0131117227129126,0.028275928271594725,0.029452453540620257,-0.059410125598756455,0.9011459558342921,-0.051659653537692786,0.041533044175353466,0.06738309968593223,0.021082003009669927,-0.0013424015661475527,-0.006133942636474056,-0.0044970344233565196,-0.0002263448574249643,0.0036294093212486606,0.00490675295481491,0.0033977556837787373,0.0016270519765371417,0.0005371597337414978,0.00030685252170507116,0.0003917901660464302,0.00043678858977115197,0.0004040451201873149,0.0003063693086233027,0.00020756217392637146,0.00017341703358709576,0.00017325123211971982,6.85898108299794e-5,-2.985149499250922e-5,-0.0001096081230524479,-0.00012906525415055792,-0.00015689384608882104,-0.0001685387224678028,-0.0001785655322937329,-0.00017783923980592157,-0.0001405155861387885,-6.342803026430979e-5,9.552190298018403e-5,0.0004390537411776307,0.0001868363591213161,8.447039642668405e-5,4.0044688898439594e-5,1.9506420066492237e-5,9.82955967807792e-6,4.952672159285664e-6,-0.0005668150308936114,0.0005655804831316526,0.0009850471409621887,0.0008751225520893778,0.0002450049719022389,0.0005720406629184375,0.0003784802745121906,0.00025927464643224577,0.0005490941102617473,0.0006123420829149656
0.0021010054546890256,0.0028948979681747275,0.004243020082350777,0.00638520603271338,0.010524832653853702,0.018355315222776714,0.03188632202420921,0.011218497050482211,-0.0144587177625863,-0.051659653537692786,0.9503290691681392,-0.014574689356119457,0.026607142140870177,0.015451433454109882,0.0017067041268461842,-0.0025710637770435837,-0.002082522431262038,0.002322315321233628,0.005801399418050075,0.005363008483256399,0.0037781684998335467,0.001137586310474275,-7.803333170628604e-5,-0.00033638924803700324,-0.0001651492214576053,-3.226903323271313e-5,5.0839643097350314e-6,-7.054414136472658e-6,-2.4701226593368654e-5,-9.168941475296301e-7,3.2072376889684264e-5,-1.5807761126883985e-5,-3.00014319340991e-5,-2.5050578043668523e-5,-2.6172638812182263e-5,-3.140564024647302e-5,-4.369005621187026e-5,-7.549279390301703e-5,-8.334149982588717e-5,-8.786400186729268e-5,-5.3527228871654814e-5,1.3116498804961158e-5,0.0002037001535920882,7.322939019330379e-5,3.1649661687344824e-5,1.5362747208526907e-5,7.746771376018916e-6,4.1375679272229325e-6,2.191388292115044e-6,0.0006818439436852698,0.002284697170459692,0.003035448974366641,0.00225837795833199,0.00042453552780126003,0.0006233298573909258,0.0005518386163393384,0.00040213676806118213,0.0008852286207464508,0.00031727267513332187
0.0019134100466492111,0.0026794249253438212,0.0038965083203196887,0.005738104413059585,0.009037820517903385,0.015216456767329163,0.025927698447726598,0.02241338014380215,0.03657780956572978,0.041533044175353466,-0.014574689356119457,0.9094385727008496,-0.08896665418056461,-0.007974325898068133,0.014891706758113252,0.0070903979598379565,0.005123780248305339,0.006068590181166507,0.007814947668781965,0.007651578568206038,0.004263542644088505,0.0012806234441629565,-0.00048542039645374345,-0.0007352205960228074,-0.0004511793473388163,-0.00020560149259606086,-0.00010306745160909731,-7.021331688664836e-5,-5.376119103494792e-5,-1.1640495989659844e-5,3.768566076897964e-5,3.184755374572871e-5,2.228775193456344e-5,1.2502007366352372e-5,3.109118586816122e-6,-1.510490669753227e-5,-3.699944578929068e-5,-5.2301956434591695e-5,-6.994250762040475e-5,-6.624998475209922e-5,-5.183996084054773e-5,-2.0501356005967245e-5,5.1965848155042396e-5,2.1780909313257925e-5,1.1025337216601521e-5,6.397065278986725e-6,3.6983174917465908e-6,2.37147782915557e-6,1.5013754839713812e-6,0.002096271400847856,0.0025864909667046646,0.0027158104610945514,0.002163239594542598,0.000449775544117154,6.222262356932479e-5,0.00019640377619581823,-0.00016881965326738556,0.0002563265212060365,-0.00030165948970932953
0.0016463836617974664,0.002269512678964169,0.003217684672377462,0.004508549071801042,0.006407261997787365,0.009572324083540688,0.015245967062420155,0.02784019743009986,0.04736902752600997,0.06738309968593223,0.026607142140870177,-0.08896665418056461,0.8915596062229042,-0.05353281583928049,-0.006230035905775874,0.012551173560118877,0.013247252081060625,0.01171046420982959,0.011202604791936976,0.009686483338353338,0.006037966696128312,0.0012155867645865588,-0.001195812155558591,-0.0014885919323504896,-0.0009629225600809658,-0.0005079769388826279,-0.00028224447941400883,-0.00016892780545880385,-9.739959052954415e-5,-2.931046238789455e-5,1.6195084351558368e-5,8.359290700865522e-6,1.4892179597780562e-5,3.817945538130429e-5,2.536623884798245e-5,1.4884239261861708e-5,-2.880420179976915e-6,-2.948388990882019e-5,-3.577670009065579e-5,-4.7713046616788916e-5,-4.3163481943234696e-5,-5.324048997100539e-5,-3.1262318266932225e-5,-2.7566190170859725e-5,-1.3628384443745263e-5,-5.599145014438242e-6,-2.262486711516288e-6,-6.81753042227243e-7,-7.811259698557941e-8,0.002209045117407725,0.001832677177148958,0.0019743961648192396,0.0011113477177394713,0.0001372541499642326,-0.0003678991486371071,-0.0005899806001333237,-0.00046613796142705704,-0.0005548596323881048,-0.00041397836262103526
0.0011736346116733313,0.0016599040133226854,0.002378289039967787,0.003345579026501516,0.004737991847844053,0.007132873345247431,0.011703515089396162,0.017720736798998972,0.0240564428476484,0.021082003009669927,0.015451433454109882,-0.007974325898068133,-0.05353281583928049,0.9449141164445837,-0.031335469361941,0.0015870625441525563,0.01328835602884696,0.012041322792164546,0.013578599683086114,0.013849559273326978,0.00817177967051497,0.0013641627187295682,-0.002509273960894102,-0.0028183154427672483,-0.0018552188070688714,-0.001012458744582002,-0.0005675429776606051,-0.00033037741316644146,-0.0001814640973590883,-7.678745022898063e-5,-1.2251750510132962e-5,2.30093059401111e-5,4.9402874440229535e-5,9.15019989283992e-5,8.519918232929208e-5,7.397611458253393e-5,5.641681167138133e-5,3.861328932533575e-5,1.913455080740127e-5,4.111680277989013e-6,-2.957014436593689e-5,-0.00011088279164951385,-0.00027810488696321657,-0.00012313001680941792,-5.492604779647925e-5,-2.4444760699942617e-5,-1.122684263216511e-5,-4.964177688178345e-6,-2.0699073237941e-6,0.0005859661266532744,4.185190996713914e-5,0.0005349857883129421,0.0006284310952094476,7.011267360412438e-5,-0.00043593270280259275,-0.0002488617072244327,0.0002548957219364986,-0.0005703369095855763,-0.00010643834574841494
0.000486237169130161,0.00070411578361453,0.0010499840261312026,0.0015180198260237247,0.0022354152925829224,0.003554178126267305,0.005874296100436718,0.0046266281431049374,0.0034088814479439704,-0.0013424015661475527,0.0017067041268461842,0.014891706758113252,-0.006230035905775874,-0.031335469361941,0.9897195047505946,-0.010503688173160906,-0.0009251124648117382,0.00740226047339552,0.015431704119558284,0.018432412944842765,0.011380286984558887,0.0013028578040809704,-0.004164959135166847,-0.004487708799584079,-0.002928772321833473,-0.0015884554938996555,-0.0008689359092873767,-0.00048326408495450915,-0.0002472499413473954,-0.00010529578976595118,-4.357595339476701e-5,5.131097520426378e-6,4.5457157664147006e-5,0.00012676882454803513,0.00012330597714367233,0.00012483708073416464,0.00011779173985753353,9.061070384468802e-5,7.656052048245744e-5,4.512788535290567e-5,-1.2786586653910283e-5,-0.00015862265639056644,-0.00045295897108069,-0.00020400752653367186,-9.278172987311479e-5,-4.241774929842978e-5,-1.9980652688989703e-5,-9.269769641081827e-6,-4.209901811495691e-6,0.000155383023429204,-6.76795591284874e-5,0.000861045728531904,0.000855909535187269,0.00010714707417820708,-0.0002387526690637217,-0.00028718447340090664,0.00026848702225114584,-0.00032548318181086953,3.927501584752143e-6
3.1881858524404585e-5,6.50121510471258e-5,0.00013654464032424504,0.00024383304675572033,0.000475679496090115,0.0011240678210781756,0.0025070672161900194,-0.0015813402142264884,-0.0037961732808522953,-0.006133942636474056,-0.0025710637770435837,0.0070903979598379565,0.012551173560118877,0.0015870625441525563,-0.010503688173160906,0.9985936540066624,-0.014513859018689486,-0.00037460395887493355,0.016359704855267675,0.021913357222590742,0.01294360750732785,0.0011218240596346863,-0.005227787434722036,-0.00548858360792063,-0.0035382224325409975,-0.0018712152927558283,-0.0009678014904761323,-0.00048594981078292285,-0.0002009293012864082,-5.03912459417088e-5,-3.2333217839001114e-6,3.062654052169902e-5,5.1407448713741305e-5,0.0001336520056039814,0.00012607190974776785,0.00012586014431600678,0.0001292937117918187,0.0001087954667745233,0.00010016758578635645,7.751484174407066e-5,7.34255001095555e-6,-0.00017294063797283229,-0.0005642714437208077,-0.00024949718905351655,-0.0001135528669538476,-5.235374219349043e-5,-2.4878019722915952e-5,-1.1648760355468467e-5,-5.393858575827672e-6,-0.0001369964102336362,-0.0002778319944594038,0.000735233714772892,0.0009389339752070006,0.00017623575638935483,5.728577396796148e-5,0.00020106006250936352,9.464021850481914e-5,0.00015338192018800477,0.00012877031911898555
-8.775020771887149e-5,-6.690474079948573e-5,-2.327809877590589e-5,9.222900595183019e-5,0.000349857890250074,0.0009692710278487981,0.002057297407490192,-0.002044498934056925,-0.004221870410004742,-0.0044970344233565196,-0.002082522431262038,0.005123780248305339,0.013247252081060625,0.01328835602884696,-0.0009251124648117382,-0.014513859018689486,1.002712025253818,-0.004551618075538465,0.008507606816933204,0.013556998464528338,0.007424696027158678,-0.00030143216194235506,-0.004349494387039675,-0.00434123554737599,-0.0028402767676017175,-0.0015491199672485053,-0.0008118822649838181,-0.00035832508947539286,-6.957758918751128e-5,6.974065324107699e-5,8.460543857400949e-5,9.459958510041534e-5,6.8278547015767e-5,0.00013108447030110384,0.00010417324200722714,9.510534106069103e-5,0.00010447169347385525,8.865173666114693e-5,9.501824624348948e-5,8.628081878900918e-5,1.8391141834527705e-5,-0.00017859792512630516,-0.0006320885275212648,-0.0002746572108584172,-0.00012465851394929194,-5.756342597213823e-5,-2.7358603347849863e-5,-1.2741872518375676e-5,-5.883715832929289e-6,-0.00032219757808481106,-0.00042974387926472305,0.0005606513708915547,0.0008287138703219027,2.5494867372395618e-5,0.00017703012966490731,2.4258717710967603e-5,-0.00020226921303097284,0.00024357282494374844,0.00011358047884518734
1.63027458231888e-5,0.00013711754761598586,0.00034777379138860174,0.0007492977926403733,0.0014903739112413755,0.002754108917987436,0.004975837192372513,0.0008194318402628883,-0.0009306812253501107,-0.0002263448574249643,0.002322315321233628,0.006068590181166507,0.01171046420982959,0.012041322792164546,0.00740226047339552,-0.00037460395887493355,-0.004551618075538465,1.0109452079288166,-0.011344259214942844,-0.012165297347741485,-0.008454739416715156,-0.0033795978257460625,-0.00044661311255676025,9.961040229775108e-5,-0.00016036778007759312,-0.00032192189282241666,-0.00028037966121413014,-5.043829278855136e-5,0.00016815922758270388,0.00025768391168620096,0.00021264056445719078,0.00015883309010622637,6.375439896840265e-5,8.25617843687951e-5,2.8805403724824462e-5,9.248181048859607e-6,3.199915707472202e-5,3.636855377447773e-5,7.402762648615534e-5,9.799320965527132e-5,5.178333300465263e-5,-0.00013466263111326938,-0.0005930288519126473,-0.00025756309002158935,-0.00011787131943129309,-5.488151156549881e-5,-2.6270106988178544e-5,-1.2196596344122603e-5,-5.667176910570099e-6,-0.000111104538268902,-0.0002018091396569438,0.0006417026024619919,0.0008347410490850089,3.7773067277484784e-5,9.143609616547586e-5,9.58166116265884e-6,-6.7684733232346e-5,0.00013798006535847658,8.613243601611192e-5
0.00019591301478663294,0.0005058839728589664,0.0009558051276954844,0.0017745481883129025,0.0031643302738568043,0.005196219021435627,0.008361744790504727,0.004651949934346309,0.003212966893508335,0.0036294093212486606,0.005801399418050075,0.007814947668781965,0.011202604791936976,0.013578599683086114,0.015431704119558284,0.016359704855267675,0.008507606816933204,-0.011344259214942844,0.9826691369312951,-0.043854900730461555,-0.028396918846979768,-0.007088592480676279,0.004557571625023346,0.005869669981599602,0.0033525576023351123,0.0013260683206780624,0.00045655699927433255,0.0004012127809114756,0.0005297886008439061,0.0005472791673093493,0.0004166483760417361,0.00030451647563504655,9.640196204803832e-5,2.5813535013359595e-5,-7.494978137935298e-5,-0.00011663288944552283,-8.630666914405239e-5,-4.345422230814708e-5,3.5819006089354576e-5,0.00010604482449448467,8.530409968122682e-5,-9.243487932198703e-5,-0.0005858136760006198,-0.00024582933252546683,-0.00011195996782616539,-5.220336018131435e-5,-2.4936547037063003e-5,-1.1331149055367447e-5,-5.107183057446376e-6,-6.957980473138359e-5,-0.00017943976575903,0.0004740289338074479,0.0008049377675969193,-1.1209336899845866e-5,-6.220392669303283e-5,-0.00045498206801942553,-0.00035338081766803916,-0.00033355821329052074,-0.00023646803160550973
0.0003392258019769912,0.0006591015057032203,0.0012275983504570632,0.0021998143643998016,0.0038630805295992725,0.006247583494158058,0.010105249785857848,0.006200233363230024,0.004541726944527961,0.00490675295481491,0.005363008483256399,0.007651578568206038,0.009686483338353338,0.013849559273326978,0.018432412944842765,0.021913357222590742,0.013556998464528338,-0.012165297347741485,-0.043854900730461555,0.9638067494591984,-0.035316765845018507,-0.008700190828355813,0.006136387790489139,0.007836506494466156,0.004643911292553777,0.00208054294744046,0.0009895120501650291,0.0009088343050342621,0.0010308227336087588,0.0009887863175207794,0.0007529061969261545,0.00044068816650675956,5.717795911836188e-5,-0.00012024211671680014,-0.0002685035833271939,-0.0003131403610942175,-0.0002518080065498589,-0.0001617366588991947,-1.5802254911614605e-5,0.00010666306721215853,0.00012871156748521756,-2.094894767439922e-5,-0.00045961049367685693,-0.0001998875052316115,-9.418292151876737e-5,-4.49320967425547e-5,-2.1993699016685864e-5,-1.0087792360110211e-5,-4.66029976925904e-6,0.00019616265866468892,0.0001859232014232329,0.0008157500725474835,0.0008408737766481761,6.115616755220365e-5,-9.596006917082301e-5,-0.0002592447930478967,-9.727643818519178e-5,-0.00014395853331818095,-7.066251113304353e-5
0.0003319430773897742,0.0006045237356573693,0.001070586968782416,0.0018749378784009214,0.0032412212577657804,0.0052529872168940025,0.008453072873879874,0.005310688851047276,0.003930712214488313,0.0033977556837787373,0.0037781684998335467,0.004263542644088505,0.006037966696128312,0.00817177967051497,0.011380286984558887,0.01294360750732785,0.007424696027158678,-0.008454739416715156,-0.028396918846979768,-0.035316765845018507,0.9952548823054738,-0.007083832277831255,0.0023646792169310766,0.003986020498581205,0.002505472293228636,0.0014001197213506984,0.0010896349415787255,0.0013478589195022326,0.0015753963540852819,0.001489487104441918,0.00114263118863827,0.0006432577703967202,6.31437879342465e-5,-0.0002527764043415616,-0.0004540338848883152,-0.0005127263917016843,-0.0004297953496530153,-0.0002661426508452652,-5.6572565780712204e-5,0.00012492482019501165,0.0001705754144205035,1.8940388046761954e-5,-0.0004677548769610239,-0.00019583004322887667,-9.171044176971818e-5,-4.3775504598936915e-5,-2.1531833861523404e-5,-9.756153501586306e-6,-4.44392308767855e-6,5.191925760111696e-5,3.4490436241423495e-5,0.0005622664460914048,0.0008298060281210671,5.4458970093174545e-5,-3.610004108741997e-5,-8.579578829554282e-5,-2.9256346677559248e-5,-9.449781052376304e-5,-5.7855668926389724e-5
0.0002531410858719529,0.0004213145724185258,0.0007211668092860949,0.0012462997256904806,0.0021745910937681725,0.0037013710868347475,0.006346628177929741,0.003650921889346,0.0021970862197467898,0.0016270519765371417,0.001137586310474275,0.0012806234441629565,0.0012155867645865588,0.0013641627187295682,0.0013028578040809704,0.0011218240596346863,-0.00030143216194235506,-0.0033795978257460625,-0.007088592480676279,-0.008700190828355813,-0.007083832277831255,1.0144788526773665,-0.0024558956021577074,-0.0013510588382724576,-0.0006203601305515766,0.0001637703689469062,0.0008649401959492517,0.0015094206168830098,0.0018476708262553853,0.0017527020378576203,0.0013428692685578504,0.0006916149783976918,1.2242533844070696e-5,-0.00034701032036101286,-0.0005577917640832477,-0.0006042052955493149,-0.0004958829708425634,-0.00029858435321153935,-5.7468749330183575e-5,0.00013989495160727784,0.0001909259084174139,3.812413485006593e-5,-0.00044601845865380305,-0.00018538079058455403,-8.671510813286815e-5,-4.118605018521696e-5,-2.0192763842867347e-5,-9.05318118435524e-6,-4.124499129841943e-6,0.00011019930461747036,0.00013928238686852128,0.0006372610062196643,0.0008186731290272649,8.408192044995449e-5,8.225317697216607e-5,0.00017068782480052797,0.0002488679419693541,0.00013518368196029508,0.00010767991568513466
0.0001886839004548135,0.00030224562638658223,0.000496347864679953,0.0008560365677642815,0.0015094835514230548,0.0027308366930880713,0.004984091379403944,0.0026320381104805173,0.001275033604080352,0.0005371597337414978,-7.803333170628604e-5,-0.00048542039645374345,-0.001195812155558591,-0.002509273960894102,-0.004164959135166847,-0.005227787434722036,-0.004349494387039675,-0.00044661311255676025,0.004557571625023346,0.006136387790489139,0.0023646792169310766,-0.0024558956021577074,1.0143414468496237,-0.003998304307567622,-0.002297339354761123,-0.0007063096597778618,0.00037809428916139767,0.0011092948999263147,0.001464956345613385,0.0014110710709181523,0.00108457327728918,0.0005733500714897617,5.278609286828091e-5,-0.0002312905366058149,-0.0004051681516097872,-0.00044788025600120624,-0.00037196106317246343,-0.0001991160915563004,-6.289454526330873e-6,0.00014096081569586652,0.0001514270431111896,-2.9665104976913096e-5,-0.0005265524888321926,-0.00021620406169674911,-9.69621888262071e-5,-4.429089423562679e-5,-2.0896641425457874e-5,-9.193178174926978e-6,-4.117877392234549e-6,6.793473753075426e-5,9.783805411870647e-5,0.000549370540964162,0.0007756242947800306,8.284483727296627e-5,0.00012025131163882682,0.0002765321384766645,0.000376967579005753,0.0002526953018219744,0.00019060155820942024
0.00014896201712481027,0.0002402720816800882,0.00040799618053751846,0.0007261311153269104,0.0013322747752135106,0.002517264021377039,0.004826580528911552,0.0023938783863184524,0.0010383958081313092,0.00030685252170507116,-0.00033638924803700324,-0.0007352205960228074,-0.0014885919323504896,-0.0028183154427672483,-0.004487708799584079,-0.00548858360792063,-0.00434123554737599,9.961040229775108e-5,0.005869669981599602,0.007836506494466156,0.003986020498581205,-0.0013510588382724576,-0.003998304307567622,1.0150532230446967,-0.002486611105175479,-0.001171094767920702,-0.00029325264966869734,0.0002572347517937487,0.0005391576563013085,0.0005713486771501611,0.00043572026966710517,0.00020596656853721202,6.602691578002019e-6,-4.3064523265287375e-5,-7.863522411003169e-5,-5.0953227562080777e-5,9.63964873104652e-6,7.379710629855382e-5,0.00013233742178356167,0.00014105392072535244,5.896864092248078e-5,-0.00015652092734186397,-0.0006283374365360379,-0.000256755957438646,-0.00011146087366725308,-4.925526210295156e-5,-2.2350908271694093e-5,-9.85690016644283e-6,-4.450823615942704e-6,4.362719705375664e-5,7.961740734192894e-5,0.0004542883804256055,0.0006769529562070909,8.08212233975207e-5,0.0001232637532183334,0.0002567492216604994,0.0004145981086516808,0.00034516932238906004,0.00026883533369273825
0.00012430576856630222,0.00021569071696122158,0.0003847070587944187,0.0007046744923044912,0.0013050020591019481,0.0024454433096839615,0.004623942653682509,0.0023240992865908097,0.0010743688546276263,0.0003917901660464302,-0.0001651492214576053,-0.0004511793473388163,-0.0009629225600809658,-0.0018552188070688714,-0.002928772321833473,-0.0035382224325409975,-0.0028402767676017175,-0.00016036778007759312,0.0033525576023351123,0.004643911292553777,0.002505472293228636,-0.0006203601305515766,-0.002297339354761123,-0.002486611105175479,1.0170571148052365,-0.001318907801158853,-0.0009465079209838203,-0.0007137300264777602,-0.0005568259463185291,-0.0004520748818297408,-0.00038042340247017433,-0.00023623027824964994,-5.2459822908418674e-5,0.00017110304785035658,0.00032028967487549313,0.0004412587215667836,0.0004877415729603563,0.00041596815117324494,0.0003117421631696427,0.0001510632699224392,-4.33631572045053e-5,-0.0003040269994846907,-0.0007538134566119018,-0.0003093474635796406,-0.00013105772505683766,-5.667393558237699e-5,-2.4924844431913958e-5,-1.1181667040926662e-5,-5.066981346597881e-6,3.6709867309656654e-5,6.713910989715696e-5,0.000400301156228865,0.0006033379104789066,8.191599163924017e-5,6.453040785494813e-5,0.0001330556767230221,0.0002488386626371944,0.0002451199068298358,0.00019002485105750825
9.613581501855095e-5,0.0001820982855331445,0.00034413422123135096,0.0006501290072379748,0.001216847585366787,0.002264677145791779,0.00421624914396469,0.0021559650858709884,0.0010463799133866062,0.00043678858977115197,-3.226903323271313e-5,-0.00020560149259606086,-0.0005079769388826279,-0.001012458744582002,-0.0015884554938996555,-0.0018712152927558283,-0.0015491199672485053,-0.00032192189282241666,0.0013260683206780624,0.00208054294744046,0.0014001197213506984,0.0001637703689469062,-0.0007063096597778618,-0.001171094767920702,-0.001318907801158853,1.0174957559549143,-0.0015706741562666303,-0.0016518463562259073,-0.0016219265249339785,-0.0014586923797345747,-0.0011950823989237756,-0.0005805343683295452,-7.6879116411062e-6,0.0004311186427245765,0.0007073172259139544,0.0008746590445724633,0.0008786518652522854,0.0006809781684290647,0.0004357188642426542,0.0001393430213395641,-0.00013382353104235073,-0.00041389270322683713,-0.0008209283438465358,-0.00033953636417954674,-0.000142399848332224,-6.10106801565036e-5,-2.6500361411629794e-5,-1.2109889793479012e-5,-5.593142306744376e-6,1.594359258713996e-5,3.896578301013517e-5,0.000331297885203653,0.0004936686390216252,6.643489679342231e-5,-2.9197201402512244e-6,-2.6795496031653073e-6,5.8349316193756636e-5,0.00011149532190845028,8.359582809096565e-5
7.095393817171719e-5,0.00015110336994218166,0.00030043017131876307,0.0005846638241487272,0.0011009375628912705,0.0020383904167997216,0.0037346402392569294,0.001927617905370021,0.0009510444876533447,0.0004040451201873149,5.0839643097350314e-6,-0.00010306745160909731,-0.00028224447941400883,-0.0005675429776606051,-0.0008689359092873767,-0.0009678014904761323,-0.0008118822649838181,-0.00028037966121413014,0.00045655699927433255,0.0009895120501650291,0.0010896349415787255,0.0008649401959492517,0.00037809428916139767,-0.00029325264966869734,-0.0009465079209838203,-0.0015706741562666303,1.016888969629149,-0.002396564066165015,-0.0024968592809858805,-0.0023460740400904024,-0.0019859155655164683,-0.0007731177757879721,0.0001371821711241788,0.0006819662221045446,0.0010512585958191189,0.0012409145551646496,0.0012019955346096304,0.0008836516993392667,0.0005231496315754175,0.00012210002201485496,-0.00020328998548227724,-0.0004861054619600622,-0.0008485595717589878,-0.00035539423360300665,-0.00014911923428903104,-6.430935885384095e-5,-2.8024005729185377e-5,-1.3215964843991867e-5,-6.18463128242695e-6,1.666439908172911e-5,1.8586574923369252e-5,0.0003093323148141238,0.00041223322457518627,5.292524338188464e-5,-5.3933965008433094e-5,-0.00010394457993454335,-9.702436202584412e-5,-8.956291659309971e-6,-9.87303000300552e-6
2.8696058972510653e-5,9.071158049844793e-5,0.00020841737621958535,0.00044257312427194455,0.0008691717842367585,0.0016508311544243585,0.003059694248642156,0.001560198720766862,0.0007600796802976571,0.0003063693086233027,-7.054414136472658e-6,-7.021331688664836e-5,-0.00016892780545880385,-0.00033037741316644146,-0.00048326408495450915,-0.00048594981078292285,-0.00035832508947539286,-5.043829278855136e-5,0.0004012127809114756,0.0009088343050342621,0.0013478589195022326,0.0015094206168830098,0.0011092948999263147,0.0002572347517937487,-0.0007137300264777602,-0.0016518463562259073,-0.002396564066165015,1.015988690121832,-0.003226591539487164,-0.0032442978778033276,-0.0029705927765944664,-0.0006703125120024385,0.000489187002047249,0.0008401391524714776,0.0012889761082898472,0.0015425022458740371,0.0015069594993428357,0.0010589917446571981,0.0006037348812210832,0.00011868205465083606,-0.0002360340879349198,-0.0004974409029057592,-0.0007942006977006152,-0.00033741350391820925,-0.0001426256716389816,-6.244180553920654e-5,-2.763677286628451e-5,-1.3565743189075218e-5,-6.523109199615482e-6,1.5773270088672862e-5,-2.1920038048610075e-6,0.0002707534983063434,0.0002953883858961379,4.4874786684465716e-5,-8.819523403715801e-5,-0.00017745388461032973,-0.00020039293286053177,-0.00010842708002213952,-6.922735488067905e-5
-7.304092313069776e-6,3.631123369575821e-5,0.00012181868811375695,0.0003028329704813052,0.0006353623680471041,0.0012494048171264535,0.002358889405113361,0.0011817485411948056,0.0005608196775016173,0.00020756217392637146,-2.4701226593368654e-5,-5.376119103494792e-5,-9.739959052954415e-5,-0.0001814640973590883,-0.0002472499413473954,-0.0002009293012864082,-6.957758918751128e-5,0.00016815922758270388,0.0005297886008439061,0.0010308227336087588,0.0015753963540852819,0.0018476708262553853,0.001464956345613385,0.0005391576563013085,-0.0005568259463185291,-0.0016219265249339785,-0.0024968592809858805,-0.003226591539487164,1.01513393515192,-0.004471249142348808,-0.004791969984700215,0.0007711081714655099,0.0019862028890536656,0.0008830646481982465,0.0012101313646224734,0.0016103725178035636,0.0016218715624932245,0.0011424540657766875,0.000653239264356981,0.00013971976479203714,-0.0002144598297500181,-0.0004420992380677866,-0.0006735542127255653,-0.00029740796979360964,-0.00012932854856594642,-5.8908000276310956e-5,-2.7108604594152204e-5,-1.4099219259530167e-5,-7.013947511127893e-6,1.3233458348542712e-5,-5.15836329556827e-5,0.00022713162606355478,0.00015107530011073512,1.2640259641329696e-5,-9.824996852485342e-5,-0.00023182284832849414,-0.00025886264131466896,-0.00024889077746298265,-0.00010426765097934818
-2.554367095816447e-5,4.252136577457898e-6,6.512787238644912e-5,0.00020231072738201267,0.00045810089928990044,0.0009341975898327068,0.001801452090486767,0.0009156388733920835,0.00044583015407835796,0.00017341703358709576,-9.168941475296301e-7,-1.1640495989659844e-5,-2.931046238789455e-5,-7.678745022898063e-5,-0.00010529578976595118,-5.03912459417088e-5,6.974065324107699e-5,0.00025768391168620096,0.0005472791673093493,0.0009887863175207794,0.001489487104441918,0.0017527020378576203,0.0014110710709181523,0.0005713486771501611,-0.0004520748818297408,-0.0014586923797345747,-0.0023460740400904024,-0.0032442978778033276,-0.004471249142348808,1.012160453053073,-0.00877526614259573,0.004919189749260104,0.005891397605949663,0.0007040131233882156,0.0006034157922852931,0.0013917978511351176,0.0015729617321246165,0.0011160597961162471,0.0006698265792830951,0.00019953700672065776,-9.47781143058128e-5,-0.000259584394752566,-0.0004307254467833411,-0.00021419908597234905,-0.0001021810469822629,-5.178335903595042e-5,-2.606749516418742e-5,-1.4835149836961684e-5,-7.628222014384705e-6,1.3489562425408042e-5,-0.00013552428198759662,0.00021063975693497917,-2.2856416509499365e-5,-3.186532911240478e-5,-0.00010088842893333297,-0.0003011494907596967,-0.0003002156515057441,-0.0005550972914598821,-0.0001500262725413498
