0.8270942405798163,0.28197808171105765,0.32315984641484863,0.017240878745597165,0.033394114362214636,0.05090633425534732,0.15994208573782973,0.00721258065734952,0.09931876334174361,0.1273537721581647,0.05546008032906733,0.0930097509459793,0.050656529287116864,0.1155033133322998,0.07707877861594646,0.08899545019697717,0.0804270874508765,0.0913245542460164,0.05197866477383459,0.04472232904761537,0.07990051043639643,0.08595638207158779,0.030690165850711434,0.06888505516978756,0.12920346448323602,0.05100215201115141,0.07125014261134847,0.07258637096618616,0.12470019665781397,0.013728904126231288,0.1066280057095433,0.07798214118036184,0.0800004129916505,0.01973688852598964,0.03634924221934204,0.1544374416756148,0.1298465830962675,0.11392292161711295,0.012552167261564719,-0.06094103878678644,0.05625817154360005,0.07468162781005616,-0.004169307440184896,0.02016066578998463,0.11595405483342623,0.14508452615595432,0.03944709764992543,-0.1263687741846884,-0.052025657003747394
0.28197808171105765,2.5647726654565917,1.0003965767224134,0.0406902443247971,-0.09119171987001602,0.08411205588399619,0.14602278356826667,0.32588211412493673,0.12995305126824566,0.37545915999865465,0.2140413390113786,0.2316455692627221,0.14573581971821167,0.14274723790651916,0.2129263081513754,0.1956776922959391,0.2456236646596734,0.4576773514206898,0.07027190078011007,0.4328821958200402,0.20431413150686983,0.16577866500071287,0.14867608705258398,0.1781581256818295,0.4965184662399401,0.1583094143895443,0.2979981614474546,0.10057420156275827,0.46251332667293044,-0.1391282573522117,0.2658925889928296,0.34651326464592164,-0.004941471720931405,0.4435089184685014,0.2443118047278962,0.41374592737679655,0.4091126856280328,0.24779138938794354,0.2836480192799068,-0.15088403962684413,0.09256853700073395,0.2177298720542162,-0.14399498048567447,0.042490431921921194,0.3341823069204318,0.4064071100807513,0.2693243430631283,-0.3107048595074101,-0.1684410305256034
0.32315984641484863,1.0003965767224134,2.138481626523396,0.030032134391755526,-0.34724576052508244,0.1084456262206255,0.09916332422954802,0.5963919736663825,0.2715745117842443,0.43580654223559195,0.2257250313788104,0.26487256097189954,0.17542922224359972,0.18758979330052045,0.2322541794805652,0.22608291672838104,0.3072231348315063,0.36814897083360076,0.09529826544684737,0.2348636619717011,0.20276069709493638,0.26503212261751186,0.2196922379263894,0.13881873922121135,0.4864284329312386,0.3712170593737318,0.22641520429902404,0.04163031892498228,0.5622390137760545,-0.4952523633339104,0.20838292518561957,0.24000061892483004,0.06057251132949613,0.45484005598415533,0.19865284442458306,0.4447261769594788,0.5210778636783963,0.3227553514716205,0.1420859537431557,-0.5912149103218303,0.13698328695246087,0.19745545485904076,-0.2371907724421273,0.05172066295305007,0.45002619174645747,0.59327066577426,0.3317946365497247,-0.43786878970971194,-0.4623984321749364
0.017240878745597165,0.0406902443247971,0.030032134391755526,1.2735273142808232,0.4391701908656438,0.34033156460557146,0.2913431984674789,0.07992043819193156,0.16426565719701827,0.1430039790142617,0.21644610843825993,0.2348139422048438,0.17065175780063035,0.2534563796601073,0.18518815956661697,0.2284307496881882,0.17661924526677839,0.14915650427492996,0.09653268741141854,0.1821758074646482,0.15991229833844314,0.18276438360426744,0.08859481976992072,0.1404421282305816,0.1625264206297574,0.239835498350564,0.17018551639432758,0.1153997402991198,0.19642582300932526,0.06612933531191044,0.1722478727983528,0.19634449691002098,0.09521470518110847,0.22089283364998308,0.14821464273777582,0.18339037970040856,0.22005406058729343,0.1795263417038562,0.13645628913157565,0.18547200035712727,0.0577723421442111,0.17892394228744302,0.1297331405506015,0.11472502798474236,0.17537441389066352,0.12826050847884624,0.18907271600509273,-0.09456318351816602,0.12177556184102131
0.033394114362214636,-0.09119171987001602,-0.34724576052508244,0.4391701908656438,1.2793862684160344,0.6046332556404921,0.13423017415910993,0.004414959498549516,0.241891007525119,0.157419604278822,0.22772107960002894,0.2110821833765941,0.18406419818475916,0.2185205776916716,0.23626587702703275,0.2313739257398072,0.15817652576953242,0.1542085597388552,0.1144468816378802,0.21000952119410768,0.16967658363275906,0.19664296579749088,0.09359783755977666,0.15553695351614719,0.15080474890191642,0.3128436500380174,0.17541237533307455,0.08511603629706466,0.23358968105691913,0.12801112353446156,0.19833812186378244,0.24077168213727176,0.07205087516064886,0.2986293844905434,0.1923351581581898,0.1308149624114934,0.275849542971001,0.16913398230533663,0.1478720363756665,0.36335560098646497,0.01081310471171789,0.20571580911127518,0.23719623770867893,0.07862057295012935,0.19235557117294522,0.058474802914338854,0.3162329229235037,-0.031884602400794486,0.388831366432314
0.05090633425534732,0.08411205588399619,0.1084456262206255,0.34033156460557146,0.6046332556404921,0.8603273170601474,0.0815612973462225,0.1253541926664175,0.24896847151970627,0.19258315084581354,0.27922645831611476,0.21922902608511108,0.17967940195963855,0.22262046582317538,0.21198935682318618,0.23169420642528055,0.23705857813573042,0.18721765873868756,0.14782090813944623,0.26010306683301,0.18165513591575688,0.21764967423845596,0.08920490201119813,0.14746769455094277,0.2124309870851901,0.32052520342706936,0.1927477758672017,0.08267166241666406,0.3090422568029903,-0.017845000310827804,0.20440608453252118,0.27811020207621784,0.03184138205657641,0.3180258563774367,0.1850917261128217,0.15792206647483656,0.30394138722354497,0.20846951641836395,0.18200231046791113,0.20309868602196846,0.0507542696870809,0.20201359735240482,0.16115888979835155,0.06556176311414544,0.2453898415926663,0.1497697800150708,0.3601062161695468,-0.07410188178704372,0.22246987003979316
0.15994208573782973,0.14602278356826667,0.09916332422954802,0.2913431984674789,0.13423017415910993,0.0815612973462225,0.6873022060082198,0.0622121731139187,0.2348764724818118,0.19851613894511141,0.1791650745954295,0.25711518241083653,0.1617209436670438,0.18832529850574364,0.12360988423396276,0.21540447538855087,0.19898656640486112,0.16602704559494788,0.0488570720798194,0.11457474472871249,0.14589900981919934,0.20066077309322186,0.1073369606564294,0.12693737100015007,0.14903319373012347,0.22800611227606943,0.15489524138497734,0.09276366346440196,0.18628984993280828,0.06871200211418584,0.1407539792048873,0.12663063360286858,0.13354173131133407,0.16015213085664365,0.11723756806190572,0.2478998462878688,0.15030117572367793,0.13788675789326055,0.10350480623856756,0.12416483052158295,0.04721427896579852,0.16335445738932997,0.06399841985586563,0.06418397621307777,0.13351570192872295,0.13590519739181287,-0.02313226824922019,-0.14034843343126577,0.19157342029300511
0.00721258065734952,0.32588211412493673,0.5963919736663825,0.07992043819193156,0.004414959498549516,0.1253541926664175,0.0622121731139187,1.044551650456729,0.01363443462657244,0.3491157303027552,0.32950164218274564,0.28473775039706095,0.252880885920194,0.1981522849793689,0.22324261500564593,0.25544623251289106,0.2853944435519537,0.33369915416689533,0.15182449222149885,0.26893578503425075,0.20070116628874546,0.16173221353079004,0.2613216432238229,0.11477572285423443,0.30661196497850074,0.3590904649159972,0.1991066272045011,-0.15256215014585353,0.47701996203577013,-0.13725833095998602,0.11431269050500323,0.058018942719300824,0.09712574596633092,0.37666545490830555,0.27772860071939875,0.20180788915445802,0.35026163173486374,0.12473379594214135,0.33022333464706655,0.008197714924164524,0.129851959133457,0.19873400631863583,0.009504617281776522,0.02820135023460279,0.16505765846777387,0.28912323026970266,0.4732348480202494,-0.14768869840526,0.19514808793804922
0.09931876334174361,0.12995305126824566,0.2715745117842443,0.16426565719701827,0.241891007525119,0.24896847151970627,0.2348764724818118,0.01363443462657244,0.7833232102378285,0.07300432934093605,0.11453448037385426,0.11330018645047006,0.10285263922289158,0.19824827767182931,0.14638248106782908,0.12648881040056245,0.16649392036052227,0.15763487838272558,0.0388121254125909,0.13468067582904453,0.17491867102004277,0.3145087645712484,0.08811189296591501,0.16267458050219114,0.12069479261250246,0.3954382022798614,0.12874896466490904,0.1320097329850065,0.1772071894834743,0.003422378613552523,0.2254111705441048,0.2498068524326856,0.1909799455070291,0.13190405060254518,0.08404184450358404,0.20919429813256377,0.28587542753812883,0.2291908638498796,0.0060934996725864965,0.07741852735088764,-0.020729322165366684,0.18854776605476015,0.13098144315376783,0.06853271203409625,0.2884976066806799,0.15968024623500152,0.14324622675539997,-0.16082238698456564,0.17915034008447747
0.1273537721581647,0.37545915999865465,0.43580654223559195,0.1430039790142617,0.157419604278822,0.19258315084581354,0.19851613894511141,0.3491157303027552,0.07300432934093605,0.832337310272906,0.3034249740306935,0.3099282340193386,0.16513420057980704,0.17439023158259953,0.29638526615197863,0.2525199816286702,0.3057939797269096,0.36202357601416646,0.12066568760485132,0.1901413399667663,0.17600030088184107,0.19709085950902708,0.30238183309556516,0.17855202165674042,0.40275155284247155,0.24240934303837366,0.214652588129526,-0.03902898051823919,0.49545034028575013,0.009700028020944862,0.15048170315997453,0.17540676207645783,0.042820518215032945,0.4691080773730152,0.29852054395174343,0.3436798262435165,0.3354959985406251,0.14004139041708405,0.27635222327267794,0.04961862720990866,0.2103956542196378,0.199921290905884,-0.00220632399825526,0.07323133374142411,0.11413887838097991,0.31785226389998644,0.45162135287795907,-0.20707570479791898,0.15867154316921486
0.05546008032906733,0.2140413390113786,0.2257250313788104,0.21644610843825993,0.22772107960002894,0.27922645831611476,0.1791650745954295,0.32950164218274564,0.11453448037385426,0.3034249740306935,0.5301251114982177,0.3013093487377607,0.2353804594102794,0.19590475280232836,0.2667344782157992,0.2450829602450432,0.3020494098490014,0.2462671957790274,0.12419002216120073,0.2866849622905549,0.20268349948448958,0.18665309787312756,0.17366042356760467,0.17700267107147108,0.29202824608494427,0.2569680103248867,0.2141710075976655,0.01211346523306906,0.398437264178941,0.010846437577057288,0.16492289040116473,0.1920853380425208,0.12933767818668987,0.34026097144146566,0.21384768868131712,0.23820745461019865,0.31641267191523526,0.19121055760731376,0.2448819167012732,0.16044873377781307,0.09342704650829577,0.219776643720941,0.09086293664895398,0.04798583033258715,0.1830730161422967,0.24680410183914755,0.34162682575479425,-0.15624378111281534,0.14423556839628363
0.0930097509459793,0.2316455692627221,0.26487256097189954,0.2348139422048438,0.2110821833765941,0.21922902608511108,0.25711518241083653,0.28473775039706095,0.11330018645047006,0.3099282340193386,0.3013093487377607,0.5879780130784179,0.21657491901525036,0.21962753448451622,0.2125826789690148,0.2665740563287833,0.26104457432146766,0.18900844225284608,0.10290051637874756,0.20270786667844226,0.1684527003143081,0.17713360088101004,0.14890472290402768,0.15073770403889625,0.22805869448149346,0.2688631935440536,0.2504001314910403,0.012343351737019743,0.278386817475376,-0.05789361217931298,0.12943175541929067,0.20185113848219874,0.15324336752128445,0.27435997799212125,0.12270905036181542,0.2594699544170447,0.23939901801084698,0.17762764448647722,0.15982832133009175,0.1435501163959669,0.08501034221562322,0.19381316130276985,-0.002071579421184098,0.04352502270699432,0.09187830499166212,0.2230127343978197,0.2735184712175254,-0.15952439674974062,0.2877867240873476
0.050656529287116864,0.14573581971821167,0.17542922224359972,0.17065175780063035,0.18406419818475916,0.17967940195963855,0.1617209436670438,0.252880885920194,0.10285263922289158,0.16513420057980704,0.2353804594102794,0.21657491901525036,0.395387259820548,0.1590635795785496,0.11821130530736977,0.18621051260552354,0.16900024319703838,0.168589894059373,0.085129869160678,0.17597854054639514,0.13613842734048104,0.16743990826916727,0.12434733489402038,0.14310818681942636,0.24296986908763518,0.28398572621995116,0.18092542427163888,0.0016277670926343056,0.3657894914078734,-0.008480367738742282,0.1003152344606676,0.1522662542222142,0.0997063352081341,0.26674492941910516,0.22134868558920567,0.16583674714120403,0.22798974085733023,0.0889505922950944,0.16930720308672287,0.10358443455660303,0.04223683333522032,0.15937152018380368,0.03120786452888384,0.0454664641261512,0.09158165408552509,0.17973274876352702,0.23783138563042439,-0.1333128576062526,0.24400544686622228
0.1155033133322998,0.14274723790651916,0.18758979330052045,0.2534563796601073,0.2185205776916716,0.22262046582317538,0.18832529850574364,0.1981522849793689,0.19824827767182931,0.17439023158259953,0.19590475280232836,0.21962753448451622,0.1590635795785496,0.5567072599349641,0.23224277807696886,0.2743839010489735,0.20009593567018713,0.13201775285296433,0.08339314615474068,0.24489468200265252,0.18085717188750627,0.185242112217531,0.09104175019883558,0.18203487070109312,0.17379320376010807,0.2653666176265301,0.19356046980020455,0.11802996335200164,0.25254706834587376,0.08154556560998179,0.19832613338109706,0.21475257582358176,0.12846827042133413,0.21607500226697812,0.18192084915456816,0.23195264881409472,0.3270121715050286,0.19936809534012892,0.10394290115228823,0.11075430975846139,0.15035805064429938,0.2070896899493602,0.14253024838241582,0.06334593428167236,0.1960966170290915,0.16766348391985178,0.32601980517100965,-0.10763104993775967,0.41812849723295215
0.07707877861594646,0.2129263081513754,0.2322541794805652,0.18518815956661697,0.23626587702703275,0.21198935682318618,0.12360988423396276,0.22324261500564593,0.14638248106782908,0.29638526615197863,0.2667344782157992,0.2125826789690148,0.11821130530736977,0.23224277807696886,0.6273097146807894,0.15868898785257352,0.19620052885532724,0.23068811879189255,0.11634391512506619,0.26144499906370255,0.19876809828071546,0.1215353344722543,0.18998342284150185,0.2026519738900615,0.28168122344323393,0.18273802797579655,0.17124887226003804,0.08256395034731649,0.2994167669698272,0.15067003739368826,0.166202721924148,0.19993029092608444,0.13574951235061705,0.2841755892331379,0.16490372746440748,0.305138344579928,0.33592178149990193,0.19841491059702487,0.20494990394276816,0.0894200991147563,0.17803675153020662,0.21102172563368574,0.16642743117400197,0.06907599051203495,0.23127421270163706,0.25749102214752145,0.2729508159293651,-0.15479953587989453,0.1361554173501583
0.08899545019697717,0.1956776922959391,0.22608291672838104,0.2284307496881882,0.2313739257398072,0.23169420642528055,0.21540447538855087,0.25544623251289106,0.12648881040056245,0.2525199816286702,0.2450829602450432,0.2665740563287833,0.18621051260552354,0.2743839010489735,0.15868898785257352,0.5913665541466788,0.2609203890621097,0.19080592082344644,0.16693234842478197,0.1729180493932639,0.18573136529946124,0.30157415940184196,0.1253462242299707,0.15207137096029832,0.1792249600549908,0.2809074661312049,0.2302139278270559,0.059565126993107106,0.3344496054560644,0.022689388505681998,0.18393816188988377,0.1667584791199275,0.10605642091087086,0.26780961768085887,0.24502733832828402,0.21974295110121755,0.29556355774933624,0.17882257495945295,0.19794337188857342,0.18713014066412145,0.10444558061529395,0.2233349364506455,0.129633777457832,0.05595643681083796,0.20924842080436573,0.18380376306221363,0.3274007294890613,-0.12400517034675024,0.2503742892913474
0.0804270874508765,0.2456236646596734,0.3072231348315063,0.17661924526677839,0.15817652576953242,0.23705857813573042,0.19898656640486112,0.2853944435519537,0.16649392036052227,0.3057939797269096,0.3020494098490014,0.26104457432146766,0.16900024319703838,0.20009593567018713,0.19620052885532724,0.2609203890621097,0.572608217362472,0.16438288236581,0.18750737858052954,0.28324990538410466,0.21319759860745435,0.2601537274377773,0.15187588220931478,0.21813618066322107,0.3042994052623039,0.08793205548969862,0.21359030878916296,0.07438171334759078,0.29136305644227395,0.09526020124456752,0.19459803522906727,0.21159966920388512,0.23986049171576815,0.2716670332573604,0.12216485118256912,0.2534504981112255,0.4028113952919271,0.32623631458125935,0.1863538206253997,0.12326297398357726,0.16772594024253032,0.22445637764085713,0.2028203473913132,0.07255308603922517,0.25197907230574385,0.277382014034041,0.3672322642876054,-0.16998006456670417,0.08475297093904371
0.0913245542460164,0.4576773514206898,0.36814897083360076,0.14915650427492996,0.1542085597388552,0.18721765873868756,0.16602704559494788,0.33369915416689533,0.15763487838272558,0.36202357601416646,0.2462671957790274,0.18900844225284608,0.168589894059373,0.13201775285296433,0.23068811879189255,0.19080592082344644,0.16438288236581,0.6369568789814333,0.04062108952768506,0.17986224378102467,0.2222232868998751,0.18389118878908917,0.4345448115216621,0.1893525727215866,0.44450475850658566,0.32721090766736244,0.14261803561698985,-0.09308516713536205,0.44957935335721,0.03894686990080529,0.19646331625675365,0.11660996918814577,0.10078949549803273,0.391841626202231,0.25609991491007117,0.37910295055143306,0.31204236820732595,0.17789902489397663,0.2878792447837475,0.10819741413859779,0.13207851608825433,0.22226411851546604,0.1823955560721372,0.08614013235899604,0.2365060320019747,0.29739465549876476,0.32468296916512507,-0.21947838051223764,0.0686387127783021
0.05197866477383459,0.07027190078011007,0.09529826544684737,0.09653268741141854,0.1144468816378802,0.14782090813944623,0.0488570720798194,0.15182449222149885,0.0388121254125909,0.12066568760485132,0.12419002216120073,0.10290051637874756,0.085129869160678,0.08339314615474068,0.11634391512506619,0.16693234842478197,0.18750737858052954,0.04062108952768506,1.193182134927018,0.04835921610829701,0.22945444501651482,0.20107686660417767,-0.2209355041379956,0.19036765208702905,0.02441301622454316,-0.11837568919557963,0.07166909908438462,0.3782300934584757,-0.14598571343473687,0.3986117306849855,0.22144476646101535,0.06685021208966199,0.4376238605351071,-0.12451826888077983,-0.10321481084682149,0.19463557088225136,0.25545727806387997,0.4315606482012378,0.34547378276083857,0.08427487574516201,0.3158095928335349,0.17090044909821214,0.3521052022397337,0.06144756640920995,0.33154575285377,0.19260115623160476,-0.05169244598244074,0.06045745785046588,-0.3710920742703287
0.04472232904761537,0.4328821958200402,0.2348636619717011,0.1821758074646482,0.21000952119410768,0.26010306683301,0.11457474472871249,0.26893578503425075,0.13468067582904453,0.1901413399667663,0.2866849622905549,0.20270786667844226,0.17597854054639514,0.24489468200265252,0.26144499906370255,0.1729180493932639,0.28324990538410466,0.17986224378102467,0.04835921610829701,0.9756523115732553,0.15938968479791296,0.08376867730117007,0.14279618737448332,0.26261995696851453,0.44449258793727586,0.28154631446691764,0.3164906675134497,0.06378880131768475,0.5225981948853146,0.10839737218564392,0.17463138547113702,0.3775128535483361,-0.040300589974130954,0.5463539867912788,0.3360452938115337,0.2776677344954923,0.5783078817068815,0.2866409970511703,0.5261568875041966,0.19025900684829877,0.005938469207860158,0.257230071074648,0.08476270013833002,0.048540254229280176,0.4476750240677711,0.22090407963751593,0.32493988084215636,-0.07772963620098751,0.42531464016370213
0.07990051043639643,0.20431413150686983,0.20276069709493638,0.15991229833844314,0.16967658363275906,0.18165513591575688,0.14589900981919934,0.20070116628874546,0.17491867102004277,0.17600030088184107,0.20268349948448958,0.1684527003143081,0.13613842734048104,0.18085717188750627,0.19876809828071546,0.18573136529946124,0.21319759860745435,0.2222232868998751,0.22945444501651482,0.15938968479791296,0.49473836968973894,0.1862094133436052,0.19779050731980513,0.23503335573394105,0.21996247945270664,0.1200915606083958,0.12383804728145552,0.1390464719468058,0.17888106477557802,0.27970507664943345,0.24743574783776293,0.09806260541602414,0.41907669765829725,0.09871579337459271,0.018418836057160746,0.35128590847471813,0.43212154902115424,0.48005206797936945,0.14848867235649402,0.23607965691416694,0.21614228715960085,0.383709003567183,0.5344235093909535,0.090760861943676,0.5513308673067124,0.28910893670580157,0.29112626956868914,-0.20681471540838636,-0.016391082764461905
0.08595638207158779,0.16577866500071287,0.26503212261751186,0.18276438360426744,0.19664296579749088,0.21764967423845596,0.20066077309322186,0.16173221353079004,0.3145087645712484,0.19709085950902708,0.18665309787312756,0.17713360088101004,0.16743990826916727,0.185242112217531,0.1215353344722543,0.30157415940184196,0.2601537274377773,0.18389118878908917,0.20107686660417767,0.08376867730117007,0.1862094133436052,0.7658982373712303,0.14257588653276795,0.16853793481615167,0.14483374406660543,0.25910223513308767,0.17948675739130793,0.054180045682879416,0.19639158142367916,-0.03645055384914819,0.221675351133767,0.3244583841431092,0.13898131261250543,0.24290363039797794,0.08944302089244581,0.1826596215267612,0.17255276261403685,0.29807522434069195,0.23444103342756883,0.1485538115562079,0.09359363874787874,0.18998501771735016,0.12627979048792085,0.0886800876910129,0.18681469246262294,0.18598184181068012,0.2495461498341721,-0.11857423365030616,0.06080568531537478
0.030690165850711434,0.14867608705258398,0.2196922379263894,0.08859481976992072,0.09359783755977666,0.08920490201119813,0.1073369606564294,0.2613216432238229,0.08811189296591501,0.30238183309556516,0.17366042356760467,0.14890472290402768,0.12434733489402038,0.09104175019883558,0.18998342284150185,0.1253462242299707,0.15187588220931478,0.4345448115216621,-0.2209355041379956,0.14279618737448332,0.19779050731980513,0.14257588653276795,1.2891423408912812,0.2841183733610409,0.7404626267692905,0.07198846933518799,0.07073294824746665,-0.7015450892703481,0.6858491514187226,0.3339545868292961,-0.1777828291262148,-0.11392279832776255,0.28896726480873536,0.436711079186787,0.14757919938637665,0.5095558809504785,0.3676546369539084,0.1555153008095916,0.43988094138495265,0.07078709827585124,0.33936149564487944,0.18135191276410045,0.3177348976786666,0.16520081731414316,-0.0356507973979615,0.40818574419446835,0.4196416481340179,-0.22092516520716887,0.24508568524517602
0.06888505516978756,0.1781581256818295,0.13881873922121135,0.1404421282305816,0.15553695351614719,0.14746769455094277,0.12693737100015007,0.11477572285423443,0.16267458050219114,0.17855202165674042,0.17700267107147108,0.15073770403889625,0.14310818681942636,0.18203487070109312,0.2026519738900615,0.15207137096029832,0.21813618066322107,0.1893525727215866,0.19036765208702905,0.26261995696851453,0.23503335573394105,0.16853793481615167,0.2841183733610409,0.7893859488936645,0.39289915037194334,-0.11499464485682744,0.22619093255607187,0.11740108878407365,0.10431694933481332,0.5869635016444998,0.24835681427701317,0.6366448857911607,0.6489438168214805,0.17837377810960137,0.022220691201371344,0.42084943393112373,0.6199713388792599,0.5164229780842908,-0.04638190635573956,0.09727855646278988,0.28809010060711066,0.2854268573159224,0.40503483318835787,0.1252533769228109,0.2504020552547804,0.404421458400643,0.3225755403113772,-0.3120891405869543,0.1916285433258109
0.12920346448323602,0.4965184662399401,0.4864284329312386,0.1625264206297574,0.15080474890191642,0.2124309870851901,0.14903319373012347,0.30661196497850074,0.12069479261250246,0.40275155284247155,0.29202824608494427,0.22805869448149346,0.24296986908763518,0.17379320376010807,0.28168122344323393,0.1792249600549908,0.3042994052623039,0.44450475850658566,0.02441301622454316,0.44449258793727586,0.21996247945270664,0.14483374406660543,0.7404626267692905,0.39289915037194334,2.767646717281422,0.45315802224246604,0.2714905575819078,-0.20254412276991254,1.4596199098790432,0.49690803068689365,-0.2427638615402737,0.22698732198760976,0.013688175800815685,0.9982465849192963,0.4529253015075585,0.7826160267665866,0.6703303390389981,0.5726977471945577,0.5573960998117048,0.14706984614990448,0.31253326620539723,0.3196146437013915,0.3874145152775792,0.11767050235707464,0.4860775329642203,0.800931314108971,0.5909398082419424,-0.7700175171228311,-0.3109732022503193
0.05100215201115141,0.1583094143895443,0.3712170593737318,0.239835498350564,0.3128436500380174,0.32052520342706936,0.22800611227606943,0.3590904649159972,0.3954382022798614,0.24240934303837366,0.2569680103248867,0.2688631935440536,0.28398572621995116,0.2653666176265301,0.18273802797579655,0.2809074661312049,0.08793205548969862,0.32721090766736244,-0.11837568919557963,0.28154631446691764,0.1200915606083958,0.25910223513308767,0.07198846933518799,-0.11499464485682744,0.45315802224246604,2.020209287984173,0.23887143862887408,0.09855203860752138,0.9779430502329759,-0.6877577806683061,0.12496752792459569,0.15844506598289715,-0.3021252891715764,0.6570682887085387,0.5290296810005577,0.2569594247730385,0.23581071830792769,-0.14381103513762747,0.17147918364879072,0.2849976760876498,-0.39869245060899733,0.24880685982459302,-0.2511107670541478,0.00018910883177283958,0.4444333546619068,0.02218412823634154,0.3460058568983131,-0.1911966731856739,0.8595132877501742
0.07125014261134847,0.2979981614474546,0.22641520429902404,0.17018551639432758,0.17541237533307455,0.1927477758672017,0.15489524138497734,0.1991066272045011,0.12874896466490904,0.214652588129526,0.2141710075976655,0.2504001314910403,0.18092542427163888,0.19356046980020455,0.17124887226003804,0.2302139278270559,0.21359030878916296,0.14261803561698985,0.07166909908438462,0.3164906675134497,0.12383804728145552,0.17948675739130793,0.07073294824746665,0.22619093255607187,0.2714905575819078,0.23887143862887408,0.49271084128288944,0.11489715040444978,0.2738209160790512,-0.006073636124112243,0.1906069814348967,0.564117293901226,0.027230134743384364,0.32558172515062317,0.17272847167256372,0.25835937159742434,0.3105849494756897,0.17471086812079145,0.13720271665525832,0.12932968150359211,0.09987902832977474,0.1889166541212768,-0.015563160223945575,0.048145743682294885,0.14867418880384548,0.22228890036850418,0.2869452345144306,-0.14363989401166272,0.333702344596285
0.07258637096618616,0.10057420156275827,0.04163031892498228,0.1153997402991198,0.08511603629706466,0.08267166241666406,0.09276366346440196,-0.15256215014585353,0.1320097329850065,-0.03902898051823919,0.01211346523306906,0.012343351737019743,0.0016277670926343056,0.11802996335200164,0.08256395034731649,0.059565126993107106,0.07438171334759078,-0.09308516713536205,0.3782300934584757,0.06378880131768475,0.1390464719468058,0.054180045682879416,-0.7015450892703481,0.11740108878407365,-0.20254412276991254,0.09855203860752138,0.11489715040444978,1.918998232343063,-0.49538258387001083,0.3714979795712395,0.32852276480845033,0.30944444217995315,0.056845341744370594,-0.2165398700080783,-0.38565618345526687,0.7801749133615101,0.08569919432104461,0.4894645430484338,-0.17197017198196196,0.13680080030684125,0.08946608994883502,0.16715173470760467,0.5911856909014873,0.2995026270612651,0.7096172925809181,-0.09339825718548722,-0.30912602217240887,-0.15169183480068113,-0.22687318945539653
0.12470019665781397,0.46251332667293044,0.5622390137760545,0.19642582300932526,0.23358968105691913,0.3090422568029903,0.18628984993280828,0.47701996203577013,0.1772071894834743,0.49545034028575013,0.398437264178941,0.278386817475376,0.3657894914078734,0.25254706834587376,0.2994167669698272,0.3344496054560644,0.29136305644227395,0.44957935335721,-0.14598571343473687,0.5225981948853146,0.17888106477557802,0.19639158142367916,0.6858491514187226,0.10431694933481332,1.4596199098790432,0.9779430502329759,0.2738209160790512,-0.49538258387001083,3.2075906360873034,-0.05964995054338599,-0.40596424908980927,0.06269095326492134,-0.31129759047340494,1.2539687026669648,0.6539393111541361,0.6037073886630522,0.7160470320446682,-0.3210077819927712,0.4723025487545534,0.026687797285603998,-0.09215610253935068,0.26078882676443266,-0.2714195905667736,-0.10094667567358187,0.3146079187609867,0.5338336009708492,0.9662928575354587,-0.5946927667375831,1.2003787688200054
0.013728904126231288,-0.1391282573522117,-0.4952523633339104,0.06612933531191044,0.12801112353446156,-0.017845000310827804,0.06871200211418584,-0.13725833095998602,0.003422378613552523,0.009700028020944862,0.010846437577057288,-0.05789361217931298,-0.008480367738742282,0.08154556560998179,0.15067003739368826,0.022689388505681998,0.09526020124456752,0.03894686990080529,0.3986117306849855,0.10839737218564392,0.27970507664943345,-0.03645055384914819,0.3339545868292961,0.5869635016444998,0.49690803068689365,-0.6877577806683061,-0.006073636124112243,0.3714979795712395,-0.05964995054338599,3.261977554201408,-0.07513883067891551,-0.16334563397694862,0.6503022626402698,-0.6240033986381762,0.15628633159516056,0.6000252749655735,0.919596142694329,0.9983008849930104,-0.059404154838862494,-0.41100586577212206,1.0059287412938542,0.22713677070720428,2.4942841642642795,0.2106872364706919,1.1357264464523045,0.4040114346635933,0.10840544592180532,-0.17135964118936026,-0.24979600075556865
0.1066280057095433,0.2658925889928296,0.20838292518561957,0.1722478727983528,0.19833812186378244,0.20440608453252118,0.1407539792048873,0.11431269050500323,0.2254111705441048,0.15048170315997453,0.16492289040116473,0.12943175541929067,0.1003152344606676,0.19832613338109706,0.166202721924148,0.18393816188988377,0.19459803522906727,0.19646331625675365,0.22144476646101535,0.17463138547113702,0.24743574783776293,0.221675351133767,-0.1777828291262148,0.24835681427701317,-0.2427638615402737,0.12496752792459569,0.1906069814348967,0.32852276480845033,-0.40596424908980927,-0.07513883067891551,1.564966565603883,0.567429193696565,0.20406441148822219,0.024408385306484866,0.4595183358387208,0.16442720122295798,0.3364130175931599,0.1778026096264573,-0.05593499836257226,0.15992786541479584,-0.1777271583818862,0.26696009738392557,-0.09218935298208555,0.09973204837949311,0.46799300807509037,0.09584877615201491,0.21418758784721798,-0.07439478579070669,-0.37262302576798134
0.07798214118036184,0.34651326464592164,0.24000061892483004,0.19634449691002098,0.24077168213727176,0.27811020207621784,0.12663063360286858,0.058018942719300824,0.2498068524326856,0.17540676207645783,0.1920853380425208,0.20185113848219874,0.1522662542222142,0.21475257582358176,0.19993029092608444,0.1667584791199275,0.21159966920388512,0.11660996918814577,0.06685021208966199,0.3775128535483361,0.09806260541602414,0.3244583841431092,-0.11392279832776255,0.6366448857911607,0.22698732198760976,0.15844506598289715,0.564117293901226,0.30944444217995315,0.06269095326492134,-0.16334563397694862,0.567429193696565,2.6641731198740475,-0.17341345165404787,0.5315158749192413,-0.16468942063038033,0.3188442541724774,0.24238060409175094,0.12848864012748293,-0.18808447677673568,0.03510526662882043,0.27748915026521564,0.22049331543194287,-0.45382552104177043,0.06250403800527458,-0.11442437982436279,0.22810431393408168,0.4694694255823582,-0.09516616825604775,0.5470762566509024
0.0800004129916505,-0.004941471720931405,0.06057251132949613,0.09521470518110847,0.07205087516064886,0.03184138205657641,0.13354173131133407,0.09712574596633092,0.1909799455070291,0.042820518215032945,0.12933767818668987,0.15324336752128445,0.0997063352081341,0.12846827042133413,0.13574951235061705,0.10605642091087086,0.23986049171576815,0.10078949549803273,0.4376238605351071,-0.040300589974130954,0.41907669765829725,0.13898131261250543,0.28896726480873536,0.6489438168214805,0.013688175800815685,-0.3021252891715764,0.027230134743384364,0.056845341744370594,-0.31129759047340494,0.6503022626402698,0.20406441148822219,-0.17341345165404787,2.667299300133467,-0.6688054056796076,-0.9418373542930063,0.13467095284384506,0.8304697534418697,1.070242408597496,-0.6440082312218675,0.32007267223092706,-0.14654564623952657,0.3935560862757345,0.9861365410684181,0.1584800211187542,0.22115231337142552,0.559710747921334,0.15888293431839312,-0.5759076499369841,-0.012276047782801202
0.01973688852598964,0.4435089184685014,0.45484005598415533,0.22089283364998308,0.2986293844905434,0.3180258563774367,0.16015213085664365,0.37666545490830555,0.13190405060254518,0.4691080773730152,0.34026097144146566,0.27435997799212125,0.26674492941910516,0.21607500226697812,0.2841755892331379,0.26780961768085887,0.2716670332573604,0.391841626202231,-0.12451826888077983,0.5463539867912788,0.09871579337459271,0.24290363039797794,0.436711079186787,0.17837377810960137,0.9982465849192963,0.6570682887085387,0.32558172515062317,-0.2165398700080783,1.2539687026669648,-0.6240033986381762,0.024408385306484866,0.5315158749192413,-0.6688054056796076,2.278141232305236,0.8403480098309589,0.35790115760852764,0.47157916264136235,-0.21822179869081715,0.6010724337213195,0.16953797275718757,-0.09909068204869645,0.281889434435019,-0.4745605787694233,0.09154258837836828,0.09320774593098004,0.16540056718658902,0.8334901503108918,-0.16943699466860848,0.7687364564170913
0.03634924221934204,0.2443118047278962,0.19865284442458306,0.14821464273777582,0.1923351581581898,0.1850917261128217,0.11723756806190572,0.27772860071939875,0.08404184450358404,0.29852054395174343,0.21384768868131712,0.12270905036181542,0.22134868558920567,0.18192084915456816,0.16490372746440748,0.24502733832828402,0.12216485118256912,0.25609991491007117,-0.10321481084682149,0.3360452938115337,0.018418836057160746,0.08944302089244581,0.14757919938637665,0.022220691201371344,0.4529253015075585,0.5290296810005577,0.17272847167256372,-0.38565618345526687,0.6539393111541361,0.15628633159516056,0.4595183358387208,-0.16468942063038033,-0.9418373542930063,0.8403480098309589,3.4683008999032365,-0.33852559012768896,0.5079089521920683,-0.7104526070530224,0.5912295629285292,-0.22324582344048452,-0.08097049728594634,0.15484526543972596,-0.3578574253549953,0.020773015267983894,0.5868862578279752,-0.03231828561931634,0.5690147481484351,0.1645580619422958,0.06445424625435019
0.1544374416756148,0.41374592737679655,0.4447261769594788,0.18339037970040856,0.1308149624114934,0.15792206647483656,0.2478998462878688,0.20180788915445802,0.20919429813256377,0.3436798262435165,0.23820745461019865,0.2594699544170447,0.16583674714120403,0.23195264881409472,0.305138344579928,0.21974295110121755,0.2534504981112255,0.37910295055143306,0.19463557088225136,0.2776677344954923,0.35128590847471813,0.1826596215267612,0.5095558809504785,0.42084943393112373,0.7826160267665866,0.2569594247730385,0.25835937159742434,0.7801749133615101,0.6037073886630522,0.6000252749655735,0.16442720122295798,0.3188442541724774,0.13467095284384506,0.35790115760852764,-0.33852559012768896,2.3885485886383946,0.21035987629418545,0.5335403772374787,0.4948024951029817,0.3260484843477267,0.5503259887406563,0.41265609745209375,-0.1746512264942729,0.046433846494146565,0.4176204668444422,0.7513776375645763,-0.11694930413758754,-0.9431453851373949,-0.359994121240995
0.1298465830962675,0.4091126856280328,0.5210778636783963,0.22005406058729343,0.275849542971001,0.30394138722354497,0.15030117572367793,0.35026163173486374,0.28587542753812883,0.3354959985406251,0.31641267191523526,0.23939901801084698,0.22798974085733023,0.3270121715050286,0.33592178149990193,0.29556355774933624,0.4028113952919271,0.31204236820732595,0.25545727806387997,0.5783078817068815,0.43212154902115424,0.17255276261403685,0.3676546369539084,0.6199713388792599,0.6703303390389981,0.23581071830792769,0.3105849494756897,0.08569919432104461,0.7160470320446682,0.919596142694329,0.3364130175931599,0.24238060409175094,0.8304697534418697,0.47157916264136235,0.5079089521920683,0.21035987629418545,4.476169912079606,0.6385941637121441,-0.8053990386243903,-0.0179862571550119,-0.043538252462594636,0.6501551473928733,1.1135283730858239,0.15779092988981208,2.1664729353789287,0.6575259687731189,1.1851689023075882,-0.4821696136141558,0.9600110901040345
0.11392292161711295,0.24779138938794354,0.3227553514716205,0.1795263417038562,0.16913398230533663,0.20846951641836395,0.13788675789326055,0.12473379594214135,0.2291908638498796,0.14004139041708405,0.19121055760731376,0.17762764448647722,0.0889505922950944,0.19936809534012892,0.19841491059702487,0.17882257495945295,0.32623631458125935,0.17789902489397663,0.4315606482012378,0.2866409970511703,0.48005206797936945,0.29807522434069195,0.1555153008095916,0.5164229780842908,0.5726977471945577,-0.14381103513762747,0.17471086812079145,0.4894645430484338,-0.3210077819927712,0.9983008849930104,0.1778026096264573,0.12848864012748293,1.070242408597496,-0.21822179869081715,-0.7104526070530224,0.5335403772374787,0.6385941637121441,3.0811570803184285,-0.09568269586326818,0.6691608094721583,0.2550995856847479,0.4696125682510928,1.9466355574349476,0.296659059907068,1.0983533881384138,0.7535498721518771,0.25455887587958653,-0.6220369236032108,-0.9122570405794801
0.012552167261564719,0.2836480192799068,0.1420859537431557,0.13645628913157565,0.1478720363756665,0.18200231046791113,0.10350480623856756,0.33022333464706655,0.0060934996725864965,0.27635222327267794,0.2448819167012732,0.15982832133009175,0.16930720308672287,0.10394290115228823,0.20494990394276816,0.19794337188857342,0.1863538206253997,0.2878792447837475,0.34547378276083857,0.5261568875041966,0.14848867235649402,0.23444103342756883,0.43988094138495265,-0.04638190635573956,0.5573960998117048,0.17147918364879072,0.13720271665525832,-0.17197017198196196,0.4723025487545534,-0.059404154838862494,-0.05593499836257226,-0.18808447677673568,-0.6440082312218675,0.6010724337213195,0.5912295629285292,0.4948024951029817,-0.8053990386243903,-0.09568269586326818,3.029294764470121,0.34992730761413093,0.3382877228181579,0.043627762268391046,-0.7926342665545266,0.11363602865951802,-0.04657068070437757,0.23628633104959465,-0.09149277568283815,-0.1983841848567902,-0.5245193826463709
-0.06094103878678644,-0.15088403962684413,-0.5912149103218303,0.18547200035712727,0.36335560098646497,0.20309868602196846,0.12416483052158295,0.008197714924164524,0.07741852735088764,0.04961862720990866,0.16044873377781307,0.1435501163959669,0.10358443455660303,0.11075430975846139,0.0894200991147563,0.18713014066412145,0.12326297398357726,0.10819741413859779,0.08427487574516201,0.19025900684829877,0.23607965691416694,0.1485538115562079,0.07078709827585124,0.09727855646278988,0.14706984614990448,0.2849976760876498,0.12932968150359211,0.13680080030684125,0.026687797285603998,-0.41100586577212206,0.15992786541479584,0.03510526662882043,0.32007267223092706,0.16953797275718757,-0.22324582344048452,0.3260484843477267,-0.0179862571550119,0.6691608094721583,0.34992730761413093,2.1657484486469087,-0.530991169242172,0.3402254856633721,-0.0999217240981589,0.07628417863510502,0.4486416086102617,0.5580448449897508,0.12729775255585682,-0.5568107752119895,-0.48106663249569054
0.05625817154360005,0.09256853700073395,0.13698328695246087,0.0577723421442111,0.01081310471171789,0.0507542696870809,0.04721427896579852,0.129851959133457,-0.020729322165366684,0.2103956542196378,0.09342704650829577,0.08501034221562322,0.04223683333522032,0.15035805064429938,0.17803675153020662,0.10444558061529395,0.16772594024253032,0.13207851608825433,0.3158095928335349,0.005938469207860158,0.21614228715960085,0.09359363874787874,0.33936149564487944,0.28809010060711066,0.31253326620539723,-0.39869245060899733,0.09987902832977474,0.08946608994883502,-0.09215610253935068,1.0059287412938542,-0.1777271583818862,0.27748915026521564,-0.14654564623952657,-0.09909068204869645,-0.08097049728594634,0.5503259887406563,-0.043538252462594636,0.2550995856847479,0.3382877228181579,-0.530991169242172,3.281188095386354,0.10874618824079214,0.33651597036230035,0.11396646977060909,-1.0773762757098837,0.6174734146163056,0.2893987675281777,0.28782795426697266,0.4796860279833884
