0.5365957073821968,0.15871086870726256,0.32277357884489644,0.030841768122730852,-0.0019628668330921475,0.09159867630206055,0.12506635567028232,0.03717764378856607,0.1354735600748538,0.12396855042984639,0.06529621060045818,0.08038488661781684,0.045631134328774046,0.09454568701925697,0.12556954916678248,0.0828810719434829,0.08258061302465694,0.06404269685461533,0.08558377412923926,0.0642246607653203,0.08734739303005298,0.11640224869537444,0.06025218514280445,0.08207898236185739,0.09697428391693652,0.09093570481026879,0.05948486847436516,0.07916664224948619,0.16421592168103585,-0.01686657357058059,0.07016857336322753,0.09182034457568858,0.062323026848859785,-0.020345638523176408,0.0909925310446813,0.0923237479104378,0.09655888585035169,0.047053331643386626,-0.0027274078303062485,-0.1039285292035401,0.05749504636347486,0.07693878586983006,0.0647207441622327,0.015527905600648165,0.0426407467982953,0.06092503181264981,0.023173832581830107,-0.033962981267210195,0.07015797489325352
0.15871086870726256,1.8772012186778655,0.7251111467995808,-0.0702872138388773,-0.046807702010644124,0.45885235618943904,0.0865772346228174,0.28836883130832247,0.3255069260473764,0.29252953619315547,0.1806526840636003,0.1626751504083041,0.1162616018342488,0.15319315220052288,0.25419701419722923,0.1401219995615579,0.20717765742709715,0.20616455091760466,0.09060314683256,0.4022395953445165,0.27883666072125873,0.226303031795516,0.1701399518761608,0.1644756894444729,0.21386664834495528,0.28348512005015597,0.25113362155223024,0.23327252118987096,0.3604546472343512,-0.026049901482298344,0.12274859673968254,0.1710753423793319,0.16360413713883573,0.21535466178012003,0.3342907599974422,0.15800866133122093,0.4644287754249045,0.1868092337309381,0.054770948569904145,-0.24557170718616625,0.14652747938142446,0.21356731426112974,0.3257530909069736,0.08465248694963376,0.27988409682167065,0.07393360128392791,0.2677297240174171,0.026700673646552868,0.37443027165209486
0.32277357884489644,0.7251111467995808,1.9445405359894883,0.056785584428902386,-0.42819277333315064,0.5673012734390134,0.2168184182316161,0.4869198160903133,0.7147426028642138,0.4975053770473371,0.2991996997690165,0.2581786629816618,0.17500118898371264,0.3248196006545483,0.5386275823420613,0.28085129013000865,0.41188594752238494,0.18825757108340208,0.5548470660593234,0.4501538724401603,0.3563655244194995,0.5189385761868871,0.26633717143295305,0.29793113730351944,0.3827694322354598,0.497586705252544,0.3835356273285566,0.39629253271291476,0.7984797929029239,-0.0999829237151071,0.05731165099553673,0.32521538368721153,0.3128302298080805,0.2581575026164525,0.732552601338109,0.381686583195773,0.8549244580691688,0.24069484380079587,-0.03356958200910688,-0.7977259242571566,0.274495545939345,0.3493980365681138,0.458821442357054,0.09149220307447867,0.2953495604508199,0.21587586074986911,0.24046369082408087,-0.065732130468598,0.8130498711246521
0.030841768122730852,-0.0702872138388773,0.056785584428902386,1.4487353272757295,0.8862914283205989,0.5009584036886118,0.43960593984068724,0.3620269625138912,0.31513396839638497,0.3461325919936022,0.3941065152293025,0.4045927073895709,0.26095022994176975,0.3787715296257485,0.32414431410623523,0.34743970123918166,0.3487053652667762,0.4124856715540028,0.23805569351704733,0.2618737831810939,0.29345815781941664,0.33041226915597594,0.24483827111124698,0.268817957752718,0.32755135166140664,0.43441018222019007,0.27008132536403795,0.35320722415932365,0.2635614663450736,-0.017437379921525435,0.3535761526314339,0.38322768107335303,0.1720537574421696,0.4868984288494971,0.10446183395581722,0.20143716544702217,0.10223554336284248,0.16053736744790625,0.24751920812128783,0.04955295376957936,0.19801283532224812,0.2989880509079746,0.22586298900646282,0.15923702329427042,-0.06742362208871717,-0.03971500647126106,0.30761986168170224,0.08839550070766458,0.7013000182805028
-0.0019628668330921475,-0.046807702010644124,-0.42819277333315064,0.8862914283205989,2.226359247179683,0.5450042410835484,0.3895704011268557,0.4077767315936634,0.315340228132956,0.460492731878937,0.47405414257952716,0.4894977804452485,0.35637014177314713,0.4396438793067362,0.4134875425248907,0.41629111267601565,0.3790012428465356,0.5848450410876205,0.34261176403771443,0.2700480558356684,0.33776885543533414,0.33316531987188464,0.22341369585517792,0.28322152833597375,0.37466010422942964,0.5414727384143103,0.1990196264133799,0.3661300753666588,0.17959849927295737,-0.08333409896211494,0.5402620522612009,0.45106034030416003,0.11855306137068206,0.771869769846018,-0.06163878799169605,0.17559537054555502,-0.05766461287846609,0.14886743646458123,0.3384908103717056,0.23551365098707155,0.22835459506470873,0.3560585546045269,0.12227242897851921,0.12202698172178943,-0.3051999216105629,-0.1059049517838047,0.38669348333142034,0.1559982359627568,0.9113763889492815
0.09159867630206055,0.45885235618943904,0.5673012734390134,0.5009584036886118,0.5450042410835484,1.2081860112201463,0.10244170928218843,0.5221230730208365,0.5778786804244196,0.46173036041306914,0.4776184240718201,0.49792518582781714,0.2925049075250493,0.49353752536904005,0.5056252137005234,0.4253726341705813,0.4635518401014725,0.43075511112843107,0.8102682018212463,0.5319282305755055,0.42311577876463025,0.5017318224474616,0.3101508391407224,0.4045182427930917,0.4990807577928717,0.6192547032034926,0.43502243396260926,0.49505646636482015,0.6907513049665356,-0.1510882269459168,0.3971564502759028,0.4857482018800384,0.17853586138654542,0.45728379212210635,0.17892644186192436,0.28077842277416787,0.36339168159128915,0.27644912716273745,0.19308530891097814,-0.04216221578915231,0.19713699905885368,0.39299524032316013,0.3970512372190863,0.16037454094301756,0.20621470926706978,0.041199863671865386,0.5345542994251904,0.04500035869805149,0.8528119956818175
0.12506635567028232,0.0865772346228174,0.2168184182316161,0.43960593984068724,0.3895704011268557,0.10244170928218843,0.903894351817823,0.23790688766943616,0.3113820535105831,0.3116112503120919,0.28723715632465774,0.2938661701243189,0.19376236074651668,0.20856768271434664,0.21049857126227126,0.23233977125292432,0.3053652249147982,0.25665562463917674,-0.02833232403026816,0.10820869064796403,0.2593878252031325,0.2777034746041501,0.1750755253650683,0.2039964383171598,0.23452534354561308,0.3272959464608823,0.22154760600154783,0.3139623387216795,0.14425323371053206,0.11612533693198435,0.22278564040295698,0.25110791870416893,0.22025142990473467,0.3668346396766535,0.09032737258295569,0.23944968744169673,0.05109467456270792,0.09645612902288409,0.2102715632644418,-0.10778952449176944,0.1658409805654652,0.2469666350585576,0.14234442840131944,0.08112778106650569,-0.14942597319471632,0.029518415478845695,0.03583219775465171,0.021970628921814138,0.4401860207379865
0.03717764378856607,0.28836883130832247,0.4869198160903133,0.3620269625138912,0.4077767315936634,0.5221230730208365,0.23790688766943616,0.7910852209755143,0.37868616264685023,0.36198891764969765,0.3891703149440326,0.31114236205155404,0.23147119737020427,0.36440594354308203,0.3750350808628644,0.3129852801746595,0.3636862148406097,0.3559613848640401,0.5011927741325711,0.38950914507395096,0.3013549903721864,0.3548214867125724,0.17305294903882396,0.2310175139764321,0.37285343251560693,0.5201364040936972,0.3966273461988399,0.3035323525504545,0.42940089691192085,0.047247883887574144,0.27745665005601733,0.36172093158129626,0.2834276349510567,0.4123335670733212,0.3280826058394777,0.22445501843175955,0.4326143556771136,0.21129057711761048,0.20704116525707664,-0.15096569425147568,0.23523649264254304,0.32278743495951,0.35933430431724256,0.10938595899314069,0.10835341453726614,0.017152792829376193,0.402898314031328,0.08742857140804726,0.8281039410162353
0.1354735600748538,0.3255069260473764,0.7147426028642138,0.31513396839638497,0.315340228132956,0.5778786804244196,0.3113820535105831,0.37868616264685023,0.9333717140052118,0.44005197419984476,0.36458791620976155,0.3473052639301104,0.23946623121689575,0.4409494380719037,0.4319711149243611,0.36460453032756573,0.45794160127232675,0.41206895120827874,0.5281831241452637,0.32140981855531003,0.3734079971623694,0.6202038907651048,0.2349140395427507,0.30714612921646134,0.33222044864657363,0.5393900760138922,0.38590835945836144,0.513996210011347,0.4709329002713101,-0.002674730355939477,0.31972090204155346,0.4375666139340498,0.33368327384345003,0.3037749905158083,0.2542752683154454,0.3162401673560281,0.37397586003588373,0.21290208052130594,0.1578952938109461,-0.22859613132037845,0.241067378496995,0.3598639762771565,0.3144251845858695,0.09971291829703505,0.020116622913452245,0.0836755310295198,0.3335656839591698,-0.023822911735291677,0.8854404589487903
0.12396855042984639,0.29252953619315547,0.4975053770473371,0.3461325919936022,0.460492731878937,0.46173036041306914,0.3116112503120919,0.36198891764969765,0.44005197419984476,1.1280013271918865,0.38616395130857717,0.39275809140643636,0.22241435543822408,0.3429982309949924,0.5510962226438328,0.32605695973724264,0.42925323775287666,0.4423568739742004,0.5313508903703351,0.23380549314912288,0.28475158523895105,0.37598600334658067,0.23710577767654092,0.27292774754638305,0.3703860876258453,0.47465214437170966,0.3744246582909545,0.48542255682153534,0.4493647483733019,0.1639474015491282,0.3109824257879131,0.3467173714342582,0.3693983253354151,0.5750259336733032,0.342906456344348,0.280109153083786,0.4681218230283542,0.15412393225978718,0.20708547201306662,-0.3068464266781446,0.24938339002965393,0.3151554639447559,0.3030600135309013,0.09095236410702595,-0.10860358865453992,-0.0014814297230234781,0.3887147393671674,0.10950769071190392,1.0873568958667104
0.06529621060045818,0.1806526840636003,0.2991996997690165,0.3941065152293025,0.47405414257952716,0.4776184240718201,0.28723715632465774,0.3891703149440326,0.36458791620976155,0.38616395130857717,0.5841096972992853,0.4446456020721022,0.2969988908006566,0.35110276293230935,0.4616355855203429,0.36239037634783183,0.40811238106070297,0.35305462543982785,0.42888416212031916,0.34857462002382783,0.3493013894438607,0.36521127121121777,0.16595909164094275,0.2709206683789917,0.3532324313740289,0.45390285397880964,0.3882711661428498,0.42715067912411875,0.3974516985251939,0.08241742859431087,0.3423893506356109,0.35893169183558504,0.27529180625695493,0.42971609105515624,0.3546905716384853,0.22153922480041544,0.29375936127246904,0.18830040371163412,0.25138014620047977,-0.0932478025752671,0.26985035052111944,0.3464032701678984,0.2920904328880281,0.09658980221385766,-0.03439141251625939,-0.004289480625269003,0.3367736724015108,0.10467958139656751,0.9207831366662591
0.08038488661781684,0.1626751504083041,0.2581786629816618,0.4045927073895709,0.4894977804452485,0.49792518582781714,0.2938661701243189,0.31114236205155404,0.3473052639301104,0.39275809140643636,0.4446456020721022,0.7435785266511279,0.25789787141785114,0.3959295434132236,0.4232959555561688,0.41308271868215357,0.36949671455348654,0.3921889385890131,0.4827666411096031,0.2779347096788978,0.3471289229364287,0.37850687382065334,0.24572224837041137,0.2559847104619115,0.3986315618793726,0.45381309098599026,0.37728568462125117,0.31377549291885054,0.4527141660246324,0.03847814015835595,0.275371120211206,0.4024985757852041,0.22690026431846094,0.3826488957472691,0.2102024525842406,0.3755336498670272,0.14997635292025296,0.1756330477292111,0.22528345506510614,0.013887848673313536,0.24596052904635374,0.3381770703335418,0.27936171945149124,0.09128322013963272,0.0058373004388293645,0.05986545310967767,0.3000218695900152,0.02863794995075075,0.5996143688622471
0.045631134328774046,0.1162616018342488,0.17500118898371264,0.26095022994176975,0.35637014177314713,0.2925049075250493,0.19376236074651668,0.23147119737020427,0.23946623121689575,0.22241435543822408,0.2969988908006566,0.25789787141785114,0.46033402829502834,0.22581123574074344,0.220472834813409,0.26971500623977823,0.26064705772798374,0.24687612372450585,0.25316252730452266,0.22933173391910794,0.22006831321812328,0.26487857159985695,0.19626182023574476,0.17905893092082173,0.2345568690422066,0.21663731683747828,0.2138704946657055,0.2678157035036715,0.33797557223605584,0.12369289376334874,0.16165664312147332,0.23605321219839084,0.17485864739814694,0.3241853701881217,0.35657350567729357,0.13735820828040535,0.24245310360051148,0.11257862619201331,0.211551865082122,-0.06161619655764213,0.1967780318068505,0.22349728627993423,0.2361914035002733,0.08341199531224541,-0.017632221299278567,0.06526330467470237,0.25072299657103736,0.039647881057337755,0.5351725946597606
0.09454568701925697,0.15319315220052288,0.3248196006545483,0.3787715296257485,0.4396438793067362,0.49353752536904005,0.20856768271434664,0.36440594354308203,0.4409494380719037,0.3429982309949924,0.35110276293230935,0.3959295434132236,0.22581123574074344,0.6948213948680115,0.4725518836251112,0.4973959103319974,0.412721937894362,0.2975043400627153,0.5724719404195519,0.34569969130912886,0.37941962911903837,0.48089599753181206,0.22569894344978422,0.3020920656359601,0.3699273015981191,0.5485607817094794,0.277848028037009,0.4471107672076458,0.4392717165962969,0.10542153267360664,0.24953744945590187,0.6054028486829949,0.2594534377031038,0.33420848742334647,0.28767652701050495,0.28590653265642907,0.34917761631790484,0.2170884461587908,0.1314899969920773,-0.07189098836606155,0.32000510651991043,0.3848561550465599,0.2945786254197246,0.086579434224632,0.020702962357567807,0.037388778220185166,0.3839003689147674,0.04448451839916284,0.8481599835061586
0.12556954916678248,0.25419701419722923,0.5386275823420613,0.32414431410623523,0.4134875425248907,0.5056252137005234,0.21049857126227126,0.3750350808628644,0.4319711149243611,0.5510962226438328,0.4616355855203429,0.4232959555561688,0.220472834813409,0.4725518836251112,1.1680553677155192,0.42408536291641785,0.467134708258325,0.22864670681460134,0.6500442708321833,0.4341263473527333,0.4058343017974635,0.4415564274317189,-0.01457800045518993,0.3050995387518819,0.4118120830225332,0.6284252801344277,0.4042944153821695,0.5501218788369948,0.5484560619548396,0.24233465238291396,0.3427197468776207,0.44681139588738444,0.3865972939962357,0.4416356891099892,0.43626124833422614,0.2693912136315223,0.5756631383000601,0.2435871039710965,0.14475320877117076,-0.31768605617160367,0.3792042577902249,0.4290491054464196,0.2972078085278818,0.07378047897953607,-0.10604155013306107,-0.03770583738877532,0.38867224717456333,0.15652819244889654,1.4328118658269848
0.0828810719434829,0.1401219995615579,0.28085129013000865,0.34743970123918166,0.41629111267601565,0.4253726341705813,0.23233977125292432,0.3129852801746595,0.36460453032756573,0.32605695973724264,0.36239037634783183,0.41308271868215357,0.26971500623977823,0.4973959103319974,0.42408536291641785,0.6219119518989056,0.40033466315328836,0.30972086932455895,0.4987412802835697,0.30468454380392085,0.33857409471971844,0.4817135692818063,0.22015666909574844,0.2754733529282624,0.34740851004331547,0.38671148295142965,0.30318859684543953,0.4061586625459332,0.4619649796150397,0.0981959286098219,0.24476359526235905,0.4621834849166997,0.2127046786424184,0.3238905413956047,0.4114856746293264,0.2857260807817093,0.31855658319215907,0.19067870630458428,0.2026235647178005,-0.01617107613375762,0.33634949310557827,0.36854250542116906,0.30696486859861766,0.09709328755842626,0.04022967174251107,0.04688952442105995,0.3354853200855048,0.032349870351155226,0.8230691281520556
0.08258061302465694,0.20717765742709715,0.41188594752238494,0.3487053652667762,0.3790012428465356,0.4635518401014725,0.3053652249147982,0.3636862148406097,0.45794160127232675,0.42925323775287666,0.40811238106070297,0.36949671455348654,0.26064705772798374,0.412721937894362,0.467134708258325,0.40033466315328836,0.7061139952902692,0.30740632590662315,0.48389417358490033,0.39177193897976553,0.40687107381279475,0.4617939740003378,0.1069772710636627,0.2819462652181318,0.3840093884805372,0.44629342333979155,0.4594064451633227,0.7957265789093473,0.3110515013780511,0.07127483373178144,0.35830237436660584,0.39930692095120596,0.35814473969470834,0.42287390445861117,0.39663119892635923,0.2492387831673619,0.4107820067152884,0.22826520155249141,0.23190376150476072,-0.15499333545024538,0.3616689308623784,0.4168622057943775,0.3240822521502326,0.10447670600877115,-0.03351010269796486,-0.03155293141091622,0.3565866772957684,0.12529069242404825,1.0942974192171233
0.06404269685461533,0.20616455091760466,0.18825757108340208,0.4124856715540028,0.5848450410876205,0.43075511112843107,0.25665562463917674,0.3559613848640401,0.41206895120827874,0.4423568739742004,0.35305462543982785,0.3921889385890131,0.24687612372450585,0.2975043400627153,0.22864670681460134,0.30972086932455895,0.30740632590662315,1.418304011314099,0.3652848886696436,-0.04472840708520467,0.25022796716908147,0.3886825955980343,0.34279943531388485,0.18026599072369692,0.3440916314117974,0.22402379075707873,0.3208710164788037,0.471962038522834,0.3334870378614029,-0.1527218360124949,0.7961559626174048,0.2766654164269103,0.3243252325751239,0.43883702586248396,0.1356118001634577,0.2714763422834816,0.0838714399473603,0.06797719237529068,0.33782034581656195,0.10487222494788405,0.14115390217908105,0.15768330949496626,0.38495613798586287,0.05840271992333353,0.18298800590552597,0.07493157529567247,0.5357076180189765,-0.030864841037489044,0.16137925603082806
0.08558377412923926,0.09060314683256,0.5548470660593234,0.23805569351704733,0.34261176403771443,0.8102682018212463,-0.02833232403026816,0.5011927741325711,0.5281831241452637,0.5313508903703351,0.42888416212031916,0.4827666411096031,0.25316252730452266,0.5724719404195519,0.6500442708321833,0.4987412802835697,0.48389417358490033,0.3652848886696436,1.9655376898585588,0.23573065179681355,0.49583993936411874,0.5458747237728812,-0.07975589018492657,0.29187262391402746,0.5403930166596898,0.6149800626138375,0.43741658169764885,0.5130030559653139,0.7599031648779572,0.08430427368472991,0.4469878357178743,0.5077356282774249,0.3076554226912174,0.23546629576533168,0.27371725289608173,0.40763075569262797,0.33112502426783946,0.19564453599453321,0.13196959269622022,-0.1624491009772702,0.3144249015998145,0.4182225528375448,0.26816354041844354,0.045841064114896475,0.018015374858707116,-0.0035227846886345697,0.27525146570944875,0.042807890774432276,1.1328437030003171
0.0642246607653203,0.4022395953445165,0.4501538724401603,0.2618737831810939,0.2700480558356684,0.5319282305755055,0.10820869064796403,0.38950914507395096,0.32140981855531003,0.23380549314912288,0.34857462002382783,0.2779347096788978,0.22933173391910794,0.34569969130912886,0.4341263473527333,0.30468454380392085,0.39177193897976553,-0.04472840708520467,0.23573065179681355,1.160664089749557,0.21134539911973796,0.31578957882157205,0.3094182967881582,0.3152037680491347,0.28077772721766675,0.4049346606204064,0.47675399387187073,0.41919832412488234,0.29892840449051383,0.3388915896859867,0.09219065451727365,0.3264858409152115,0.31260588327427535,0.32813193200310614,0.34688705469531134,0.23633165676828538,0.7569829763833971,0.45914756736671986,0.16893864503669517,-0.12046353804978636,0.2622510590971756,0.38959672468829926,0.5798891934533146,0.1864125939650699,0.45530505926470977,0.07056856111071703,0.26731638321658907,0.12610225254693022,0.6005915609788386
0.08734739303005298,0.27883666072125873,0.3563655244194995,0.29345815781941664,0.33776885543533414,0.42311577876463025,0.2593878252031325,0.3013549903721864,0.3734079971623694,0.28475158523895105,0.3493013894438607,0.3471289229364287,0.22006831321812328,0.37941962911903837,0.4058343017974635,0.33857409471971844,0.40687107381279475,0.25022796716908147,0.49583993936411874,0.21134539911973796,0.837969355030402,0.35815705095337147,0.3555583534139706,0.22271524120742237,0.35502851129374685,0.5757506760819768,0.3078279748814708,0.45665080541589415,0.4673145057934682,0.17130220020171763,0.04813748098404075,0.38990233983716654,0.31464929519378954,0.4143107896283988,0.6335293014421721,0.2088685563634193,0.49072262555158835,0.15611427811880402,0.11725188957491892,-0.23325175178998858,0.43085090215857635,0.46645149047355966,0.30050997342274804,0.09317993405048694,-0.05999657284251758,-0.049813018471115564,0.402684003078777,0.18319439430982495,1.2455748807190854
0.11640224869537444,0.226303031795516,0.5189385761868871,0.33041226915597594,0.33316531987188464,0.5017318224474616,0.2777034746041501,0.3548214867125724,0.6202038907651048,0.37598600334658067,0.36521127121121777,0.37850687382065334,0.26487857159985695,0.48089599753181206,0.4415564274317189,0.4817135692818063,0.4617939740003378,0.3886825955980343,0.5458747237728812,0.31578957882157205,0.35815705095337147,0.888715685903611,0.29090529257063924,0.2765004873893175,0.35202996962796196,0.4441386383153161,0.44130860272305167,0.4886385913200823,0.49383275424044526,0.05369081524481465,0.22781357814856568,0.46939350881485103,0.327862775583772,0.3217173476157407,0.3357413432751738,0.374020749398236,0.34025429164166887,0.21550600587998164,0.17203900232158903,-0.14385851309862496,0.3175179899231972,0.3771630869021429,0.31975532137657386,0.10548781775980343,-0.07748286588794435,0.11909727161380512,0.3486220881249245,-0.10765807485208126,1.0697768901646119
0.06025218514280445,0.1701399518761608,0.26633717143295305,0.24483827111124698,0.22341369585517792,0.3101508391407224,0.1750755253650683,0.17305294903882396,0.2349140395427507,0.23710577767654092,0.16595909164094275,0.24572224837041137,0.19626182023574476,0.22569894344978422,-0.01457800045518993,0.22015666909574844,0.1069772710636627,0.34279943531388485,-0.07975589018492657,0.3094182967881582,0.3555583534139706,0.29090529257063924,3.3017216855678506,0.6838217309635491,0.3644409585755735,0.07407777010598059,0.19975403573846323,0.07203509943552198,0.9014820875162203,0.6619751678537422,-1.3670046003288967,0.18071300060400644,0.47157218848631677,0.8401821579238761,0.8942514063139396,0.14171452386300065,0.9539515124982393,0.013093076967080465,0.1370296706685341,-0.4973505503786696,0.206579047169882,0.24169638302685106,0.6120690010803327,0.1759332766090213,-0.29799336610865396,0.4431269566802472,0.6663059737687914,0.02127266948580325,0.8181036836609883
0.08207898236185739,0.1644756894444729,0.29793113730351944,0.268817957752718,0.28322152833597375,0.4045182427930917,0.2039964383171598,0.2310175139764321,0.30714612921646134,0.27292774754638305,0.2709206683789917,0.2559847104619115,0.17905893092082173,0.3020920656359601,0.3050995387518819,0.2754733529282624,0.2819462652181318,0.18026599072369692,0.29187262391402746,0.3152037680491347,0.22271524120742237,0.2765004873893175,0.6838217309635491,1.378023792366537,0.4221756805437445,0.18068274075532675,0.19199393210900212,0.3760489236138086,0.3045500851946395,0.07721324606640582,0.6796549362804907,0.2819843160427949,0.227085890960804,0.17174012393341087,-0.1045549261772786,0.21745422027763645,-0.06924655139840333,0.1434400386375271,0.19220112414715107,-0.006412279810240908,0.1092671435586889,0.22746947957796476,0.12345265825960366,0.08944237839866906,-0.10939142718695637,0.053239418619015086,0.25167183603575394,0.03280420803300832,0.5782711523710709
0.09697428391693652,0.21386664834495528,0.3827694322354598,0.32755135166140664,0.37466010422942964,0.4990807577928717,0.23452534354561308,0.37285343251560693,0.33222044864657363,0.3703860876258453,0.3532324313740289,0.3986315618793726,0.2345568690422066,0.3699273015981191,0.4118120830225332,0.34740851004331547,0.3840093884805372,0.3440916314117974,0.5403930166596898,0.28077772721766675,0.35502851129374685,0.35202996962796196,0.3644409585755735,0.4221756805437445,1.395048301363868,0.37913626790789323,0.5004090096402757,0.3609274358275833,0.7977613438463046,0.1569658677953717,0.37699471954148456,0.35829885272577183,0.33339042497487176,0.5043342551692971,0.46225965623106857,0.3362446455895554,0.44817116293918213,0.16153580288193925,0.26263090306002246,-0.17588849287488476,0.3477761719552429,0.3336103451969317,0.3767162657914464,0.08926844052565444,0.03379408832512835,0.11892406194816771,0.3989665482786698,0.02283507210722868,0.5903144096358691
0.09093570481026879,0.28348512005015597,0.497586705252544,0.43441018222019007,0.5414727384143103,0.6192547032034926,0.3272959464608823,0.5201364040936972,0.5393900760138922,0.47465214437170966,0.45390285397880964,0.45381309098599026,0.21663731683747828,0.5485607817094794,0.6284252801344277,0.38671148295142965,0.44629342333979155,0.22402379075707873,0.6149800626138375,0.4049346606204064,0.5757506760819768,0.4441386383153161,0.07407777010598059,0.18068274075532675,0.37913626790789323,2.1219660762198793,0.18408228500045898,0.4750085423067977,0.43597845220630593,0.19471594101955025,0.128224358057094,0.5882249947070471,0.5157531820075727,0.49237437448855426,0.24655267382008075,0.26380900185288164,0.7910981033958232,0.2526474694426692,-0.3801509656116033,-0.5015944086482864,0.3742847033129995,0.5578448824938753,0.29268930878149474,0.016608091502574696,-0.24496589003890598,-0.21592939464742045,0.41899219827921946,0.32342282503785347,2.3530200974713185
0.05948486847436516,0.25113362155223024,0.3835356273285566,0.27008132536403795,0.1990196264133799,0.43502243396260926,0.22154760600154783,0.3966273461988399,0.38590835945836144,0.3744246582909545,0.3882711661428498,0.37728568462125117,0.2138704946657055,0.277848028037009,0.4042944153821695,0.30318859684543953,0.4594064451633227,0.3208710164788037,0.43741658169764885,0.47675399387187073,0.3078279748814708,0.44130860272305167,0.19975403573846323,0.19199393210900212,0.5004090096402757,0.18408228500045898,2.340377806607283,0.718265448236764,0.2749860440255951,0.245580545653713,0.28449803110446215,0.27986430751605795,0.9857258412097816,0.35010089515955084,1.1586970278306061,0.40740906615932354,0.9172930198659032,0.21745069629418906,0.2627482119297205,-0.4530493706400972,0.45504967684670006,0.38762317183002243,0.7237223428542008,0.22932045785340704,-0.3267471603833992,-0.2711167158891223,0.3543885547448131,0.44665817040282385,2.8910142103930383
0.07916664224948619,0.23327252118987096,0.39629253271291476,0.35320722415932365,0.3661300753666588,0.49505646636482015,0.3139623387216795,0.3035323525504545,0.513996210011347,0.48542255682153534,0.42715067912411875,0.31377549291885054,0.2678157035036715,0.4471107672076458,0.5501218788369948,0.4061586625459332,0.7957265789093473,0.471962038522834,0.5130030559653139,0.41919832412488234,0.45665080541589415,0.4886385913200823,0.07203509943552198,0.3760489236138086,0.3609274358275833,0.4750085423067977,0.718265448236764,2.0671566765118556,-0.0015966713524020707,0.09508150537000605,0.5793840957752844,0.42147152632405227,0.6688426113858635,0.554825939308556,0.3379154143462296,0.19064780863344225,0.3518483533397426,0.2448002218919451,0.294702112900492,-0.2766198410142091,0.4923772414614732,0.36008039544034853,0.2531024983606618,0.10088321173145148,-0.48966755594010186,-0.13017720355937598,0.38016586390718665,0.26667893936368786,1.72331363653451
0.16421592168103585,0.3604546472343512,0.7984797929029239,0.2635614663450736,0.17959849927295737,0.6907513049665356,0.14425323371053206,0.42940089691192085,0.4709329002713101,0.4493647483733019,0.3974516985251939,0.4527141660246324,0.33797557223605584,0.4392717165962969,0.5484560619548396,0.4619649796150397,0.3110515013780511,0.3334870378614029,0.7599031648779572,0.29892840449051383,0.4673145057934682,0.49383275424044526,0.9014820875162203,0.3045500851946395,0.7977613438463046,0.43597845220630593,0.2749860440255951,-0.0015966713524020707,3.594083365489021,0.6514832964684706,-0.42086715672332264,0.42652392466182343,0.3396054566291318,0.5284616349549865,1.059676842955506,0.5524928121423804,1.5402705982674898,-0.02900176825603197,0.24847057233912936,-0.40701606279931174,0.78511877057815,0.40816587188545345,0.637108350117521,-0.13550484079137362,0.3969300961854547,0.7580174038762463,0.7339190066890376,-0.24351137707271558,1.434553718302632
-0.01686657357058059,-0.026049901482298344,-0.0999829237151071,-0.017437379921525435,-0.08333409896211494,-0.1510882269459168,0.11612533693198435,0.047247883887574144,-0.002674730355939477,0.1639474015491282,0.08241742859431087,0.03847814015835595,0.12369289376334874,0.10542153267360664,0.24233465238291396,0.0981959286098219,0.07127483373178144,-0.1527218360124949,0.08430427368472991,0.3388915896859867,0.17130220020171763,0.05369081524481465,0.6619751678537422,0.07721324606640582,0.1569658677953717,0.19471594101955025,0.245580545653713,0.09508150537000605,0.6514832964684706,4.242647674953443,-0.6702039925356997,0.11445417310107235,1.6504835035582084,0.6182717942745545,1.090721595741002,-0.09398652593370718,2.6894004686276087,0.26946246744189767,0.4103668510901098,-1.5768065885176528,0.10506628284996336,0.2772093924115651,0.7405758459274634,0.02766818286662585,-0.1251452802968671,0.11419324559490678,1.6122740983255415,0.27523315966991635,1.8367737739967458
0.07016857336322753,0.12274859673968254,0.05731165099553673,0.3535761526314339,0.5402620522612009,0.3971564502759028,0.22278564040295698,0.27745665005601733,0.31972090204155346,0.3109824257879131,0.3423893506356109,0.275371120211206,0.16165664312147332,0.24953744945590187,0.3427197468776207,0.24476359526235905,0.35830237436660584,0.7961559626174048,0.4469878357178743,0.09219065451727365,0.04813748098404075,0.22781357814856568,-1.3670046003288967,0.6796549362804907,0.37699471954148456,0.128224358057094,0.28449803110446215,0.5793840957752844,-0.42086715672332264,-0.6702039925356997,4.022326394401265,0.2624043348991286,0.015691250334148952,-0.30095538556896745,-1.1158284553205122,0.40989406628768044,-1.461281858088788,0.24146846973837008,0.5156047519762452,0.7901143393766514,-0.011650227481791963,0.09688072298770752,-0.21242729690972803,0.04606901490831488,0.29387912058914983,-0.13640149662113296,0.01578805427028061,-0.12677270763884535,-1.2053360330835658
0.09182034457568858,0.1710753423793319,0.32521538368721153,0.38322768107335303,0.45106034030416003,0.4857482018800384,0.25110791870416893,0.36172093158129626,0.4375666139340498,0.3467173714342582,0.35893169183558504,0.4024985757852041,0.23605321219839084,0.6054028486829949,0.44681139588738444,0.4621834849166997,0.39930692095120596,0.2766654164269103,0.5077356282774249,0.3264858409152115,0.38990233983716654,0.46939350881485103,0.18071300060400644,0.2819843160427949,0.35829885272577183,0.5882249947070471,0.27986430751605795,0.42147152632405227,0.42652392466182343,0.11445417310107235,0.2624043348991286,0.7568502588091237,0.25950917438244175,0.33881539777555664,0.23331861611876487,0.29932504403028715,0.311790603984152,0.21578305453350954,0.12400800762646129,-0.07904822972192793,0.3109409170995713,0.39289299128811495,0.26785588237714486,0.07835513902882299,0.004134273786227491,0.04649378775545452,0.3729235246951677,0.0334567707417423,0.7677566836739425
0.062323026848859785,0.16360413713883573,0.3128302298080805,0.1720537574421696,0.11855306137068206,0.17853586138654542,0.22025142990473467,0.2834276349510567,0.33368327384345003,0.3693983253354151,0.27529180625695493,0.22690026431846094,0.17485864739814694,0.2594534377031038,0.3865972939962357,0.2127046786424184,0.35814473969470834,0.3243252325751239,0.3076554226912174,0.31260588327427535,0.31464929519378954,0.327862775583772,0.47157218848631677,0.227085890960804,0.33339042497487176,0.5157531820075727,0.9857258412097816,0.6688426113858635,0.3396054566291318,1.6504835035582084,0.015691250334148952,0.25950917438244175,2.1415845496192643,0.3864608409984934,0.8860329651776251,-0.15538406599681961,2.1327103192869075,0.23019101466746028,0.1439041306669748,-1.4050049120344237,-0.11842625753694498,0.4165067207838804,0.6605631726817137,0.09370616269246533,-0.47038827075339273,-0.4693473458819092,1.017132841509898,0.5971630434352431,3.2706794071603595
-0.020345638523176408,0.21535466178012003,0.2581575026164525,0.4868984288494971,0.771869769846018,0.45728379212210635,0.3668346396766535,0.4123335670733212,0.3037749905158083,0.5750259336733032,0.42971609105515624,0.3826488957472691,0.3241853701881217,0.33420848742334647,0.4416356891099892,0.3238905413956047,0.42287390445861117,0.43883702586248396,0.23546629576533168,0.32813193200310614,0.4143107896283988,0.3217173476157407,0.8401821579238761,0.17174012393341087,0.5043342551692971,0.49237437448855426,0.35010089515955084,0.554825939308556,0.5284616349549865,0.6182717942745545,-0.30095538556896745,0.33881539777555664,0.3864608409984934,3.5538819283298095,1.0168771965654877,0.0034444792721231797,1.3359749896106483,0.19196502126932816,0.700929938627932,-1.0622566315215154,0.4336640939601753,0.37142314434466256,0.655462358681743,0.19318986543268993,-0.7037669091331572,-0.296572506068432,0.8612511540041883,0.5002934116875912,2.9065036285324837
0.0909925310446813,0.3342907599974422,0.732552601338109,0.10446183395581722,-0.06163878799169605,0.17892644186192436,0.09032737258295569,0.3280826058394777,0.2542752683154454,0.342906456344348,0.3546905716384853,0.2102024525842406,0.35657350567729357,0.28767652701050495,0.43626124833422614,0.4114856746293264,0.39663119892635923,0.1356118001634577,0.27371725289608173,0.34688705469531134,0.6335293014421721,0.3357413432751738,0.8942514063139396,-0.1045549261772786,0.46225965623106857,0.24655267382008075,1.1586970278306061,0.3379154143462296,1.059676842955506,1.090721595741002,-1.1158284553205122,0.23331861611876487,0.8860329651776251,1.0168771965654877,6.727047024649285,-0.3016592361106773,2.7549934085221186,-0.1158547173835634,0.37297458134165057,-1.7753698032498588,0.9809827578279533,0.5302284292352112,1.336368701450748,0.24118893046530232,-0.23785617711521714,-0.9804073255039496,0.9492148392026677,1.2940417034198595,7.081970240060973
0.0923237479104378,0.15800866133122093,0.381686583195773,0.20143716544702217,0.17559537054555502,0.28077842277416787,0.23944968744169673,0.22445501843175955,0.3162401673560281,0.280109153083786,0.22153922480041544,0.3755336498670272,0.13735820828040535,0.28590653265642907,0.2693912136315223,0.2857260807817093,0.2492387831673619,0.2714763422834816,0.40763075569262797,0.23633165676828538,0.2088685563634193,0.374020749398236,0.14171452386300065,0.21745422027763645,0.3362446455895554,0.26380900185288164,0.40740906615932354,0.19064780863344225,0.5524928121423804,-0.09398652593370718,0.40989406628768044,0.29932504403028715,-0.15538406599681961,0.0034444792721231797,-0.3016592361106773,2.897284228689407,-0.6815002591829166,0.21879520790201423,0.12533455801740181,0.8534370483847089,0.5236361181645622,0.19370865578766325,0.2014408202189377,0.006094934369275419,0.44471694657231126,0.8137176422584769,-0.17321881054242513,-0.5878147577327517,-2.004480886652289
0.09655888585035169,0.4644287754249045,0.8549244580691688,0.10223554336284248,-0.05766461287846609,0.36339168159128915,0.05109467456270792,0.4326143556771136,0.37397586003588373,0.4681218230283542,0.29375936127246904,0.14997635292025296,0.24245310360051148,0.34917761631790484,0.5756631383000601,0.31855658319215907,0.4107820067152884,0.0838714399473603,0.33112502426783946,0.7569829763833971,0.49072262555158835,0.34025429164166887,0.9539515124982393,-0.06924655139840333,0.44817116293918213,0.7910981033958232,0.9172930198659032,0.3518483533397426,1.5402705982674898,2.6894004686276087,-1.461281858088788,0.311790603984152,2.1327103192869075,1.3359749896106483,2.7549934085221186,-0.6815002591829166,7.775931968346761,0.3067626479165712,-0.6346382703604634,-3.0815650022090155,0.42609190911074607,0.6555734524392223,1.6696789320653878,0.16784246941179407,0.8131461338872906,-0.7361661713429807,1.8469839257249139,1.651596946889822,8.071613989176072
0.047053331643386626,0.1868092337309381,0.24069484380079587,0.16053736744790625,0.14886743646458123,0.27644912716273745,0.09645612902288409,0.21129057711761048,0.21290208052130594,0.15412393225978718,0.18830040371163412,0.1756330477292111,0.11257862619201331,0.2170884461587908,0.2435871039710965,0.19067870630458428,0.22826520155249141,0.06797719237529068,0.19564453599453321,0.45914756736671986,0.15611427811880402,0.21550600587998164,0.013093076967080465,0.1434400386375271,0.16153580288193925,0.2526474694426692,0.21745069629418906,0.2448002218919451,-0.02900176825603197,0.26946246744189767,0.24146846973837008,0.21578305453350954,0.23019101466746028,0.19196502126932816,-0.1158547173835634,0.21879520790201423,0.3067626479165712,0.8192260477982289,0.16783657136003793,0.15760022748396926,0.14131922627535143,0.23161201552214786,0.3493509731742775,0.19323431652106593,0.23329102650834488,0.2305006621414033,0.2353482230728864,-0.012750002882565207,-0.3336711022425836
-0.0027274078303062485,0.054770948569904145,-0.03356958200910688,0.24751920812128783,0.3384908103717056,0.19308530891097814,0.2102715632644418,0.20704116525707664,0.1578952938109461,0.20708547201306662,0.25138014620047977,0.22528345506510614,0.211551865082122,0.1314899969920773,0.14475320877117076,0.2026235647178005,0.23190376150476072,0.33782034581656195,0.13196959269622022,0.16893864503669517,0.11725188957491892,0.17203900232158903,0.1370296706685341,0.19220112414715107,0.26263090306002246,-0.3801509656116033,0.2627482119297205,0.294702112900492,0.24847057233912936,0.4103668510901098,0.5156047519762452,0.12400800762646129,0.1439041306669748,0.700929938627932,0.37297458134165057,0.12533455801740181,-0.6346382703604634,0.16783657136003793,1.901413664698398,0.5976197090171379,0.11828802761797692,0.14240979883434376,0.2525750509991432,0.15592083771558218,0.252146517737409,0.15082836402111108,0.30885369318820105,-0.09934518843951061,-0.7866219968086722
-0.1039285292035401,-0.24557170718616625,-0.7977259242571566,0.04955295376957936,0.23551365098707155,-0.04216221578915231,-0.10778952449176944,-0.15096569425147568,-0.22859613132037845,-0.3068464266781446,-0.0932478025752671,0.013887848673313536,-0.06161619655764213,-0.07189098836606155,-0.31768605617160367,-0.01617107613375762,-0.15499333545024538,0.10487222494788405,-0.1624491009772702,-0.12046353804978636,-0.23325175178998858,-0.14385851309862496,-0.4973505503786696,-0.006412279810240908,-0.17588849287488476,-0.5015944086482864,-0.4530493706400972,-0.2766198410142091,-0.40701606279931174,-1.5768065885176528,0.7901143393766514,-0.07904822972192793,-1.4050049120344237,-1.0622566315215154,-1.7753698032498588,0.8534370483847089,-3.0815650022090155,0.15760022748396926,0.5976197090171379,4.425836260069984,0.26932052828426073,-0.25942931508482464,-0.4883884795618371,-0.014030994468059168,1.2733457681990161,1.4735519893352267,-0.7876160001743436,-0.7884960069229625,-6.218449234524908
0.05749504636347486,0.14652747938142446,0.274495545939345,0.19801283532224812,0.22835459506470873,0.19713699905885368,0.1658409805654652,0.23523649264254304,0.241067378496995,0.24938339002965393,0.26985035052111944,0.24596052904635374,0.1967780318068505,0.32000510651991043,0.3792042577902249,0.33634949310557827,0.3616689308623784,0.14115390217908105,0.3144249015998145,0.2622510590971756,0.43085090215857635,0.3175179899231972,0.206579047169882,0.1092671435586889,0.3477761719552429,0.3742847033129995,0.45504967684670006,0.4923772414614732,0.78511877057815,0.10506628284996336,-0.011650227481791963,0.3109409170995713,-0.11842625753694498,0.4336640939601753,0.9809827578279533,0.5236361181645622,0.42609190911074607,0.14131922627535143,0.11828802761797692,0.26932052828426073,1.896020057237972,0.33058266965929956,0.28451449810934876,0.1668061037268772,-0.31361538405533623,0.4919664670038586,0.36310252646531604,0.058295348407126225,1.2508455510956766
