0.8387181067305908,0.17972454772456414,0.3539649171060202,0.0054547254256062695,0.07305627038140149,0.10279681104571706,0.20373172899794295,0.08761467026122512,0.15086971980812422,0.13852419045757594,0.09710828459913658,0.13499892732506372,0.12103148363466716,0.11906341396885477,0.08164492786483575,0.08894515498615538,0.12134742408958024,0.1230910093170128,0.12004933014516242,0.08881231470230139,0.09884693200272814,0.13206634787842386,0.061527333139844785,0.06325278390259108,0.1184754699158039,0.0856859760417934,0.10508080239052867,0.0797762981778065,0.1512536457592863,0.02522740191623324,0.08418335181640359,0.13117381367333683,0.03893136893737121,0.029372241196753326,0.07974201698286437,0.08011323410246553,0.07717689982709994,0.09468756860360401,0.10823280321780732,0.021739650759394186,0.02147957490022327,0.05306584328564284,0.16350476909744366,0.027825649178902897,0.09759899592297998,0.11241095638196881,0.10175890058456633,-0.03664093204963743,0.09628125219705276,0.04130707631143412,0.03237981163551736,0.05482773798861653,-0.08416923567361824,-0.035880681979807975,0.12972091338841807,-0.0010926193654490167,0.15624204705615602,0.44916460915674583,-0.6969151030038072,0.053652181819911035
0.17972454772456414,1.6617137749888302,1.0118318389431016,0.2173353384266229,0.16563451333330537,0.41980881943617865,0.17349587791107318,0.43894270700109767,0.37731526889406575,0.3521432658340467,0.323825101853603,0.24990437227718082,0.33968025953283126,0.255597266861291,0.4894937151354304,0.22458610452480443,0.3511526892105381,0.4245911639439846,0.322351544963544,0.46189295370687433,0.4336640591899236,0.31367231826606606,0.022981061700695176,0.2656321612878233,0.25646258342752515,0.23000228659446945,0.25129832505006944,0.33599599196683155,0.42655650529443745,0.09244025594808218,0.3376738353479531,0.2416806106637165,0.3183190524701515,0.29562575041108047,0.30746102778673134,0.32333298898011786,0.433664981368325,0.28553425528454235,0.4680254951237212,0.1080819386291761,0.20043254975554503,0.25131639175092674,0.2635502465073781,0.11172878868255723,0.4484287956317196,0.36504879080424324,0.2718555387593667,-0.07324566131358289,0.012961181065984644,0.08103691618837987,0.16006995289607456,0.09622870598219675,-0.07828386602448793,-0.15202325993309837,-0.33315159351202944,-0.1287292090562805,-0.3120289744493115,-0.1630530905188945,0.7697644465625766,0.10728226952001335
0.3539649171060202,1.0118318389431016,1.9961705501863896,0.17075730665913022,-0.04529206486657105,0.45024991966833056,0.17704935546153414,0.5171326598425545,0.6465341087797304,0.38604057245080925,0.25264984824271475,0.16258169551754295,0.3526852501370552,0.2450580255116542,0.3975252944701571,0.1457029178584536,0.44401484032810173,0.3017321673844644,0.33538860438731144,0.35332213154964703,0.4155342960280288,0.4195756002888722,0.11117337539458508,0.32859436174539053,0.30025791009668606,0.21803395437734027,0.22402798815172587,0.3723361602805949,0.4693071219049955,-0.07990235341311078,0.3431223608260009,0.30774112392407404,0.41162830624020935,0.3048678229885379,0.3415246923063305,0.4075691607053549,0.5033857331785212,0.269693997265331,0.42296291948041465,-0.05902544737503642,0.22103958542767518,0.2303221624508686,0.1335037314963973,0.1421516960198992,0.31793521793822216,0.46356248308788905,0.25621703522191025,-0.12185273937208443,0.016978695736970292,0.15904707588471734,0.12570212156347096,0.16707585690789545,-0.12545306484700636,-0.19712649601710622,-0.03181700676913922,-0.051789521155826565,0.01098332838217327,-0.6814519969071079,0.7208537080509472,0.18166134860465755
0.0054547254256062695,0.2173353384266229,0.17075730665913022,1.1627911447860428,0.5558397422581345,0.4455546960233326,0.3785355061761894,0.3866516005974278,0.2571580735105953,0.3661702516858397,0.3661094030374375,0.46649408323449826,0.32317837999386256,0.33052014886698766,0.25822523791402785,0.3555337367476457,0.3328042745673582,0.3206103596082946,0.38830932342031016,0.25574729635489524,0.2821459472449932,0.32118794721662686,0.2632641998850999,0.2082482254988229,0.31923526859523965,0.25338222752553075,0.26292825694353505,0.03152865903754273,0.384958058183272,0.0720572194355342,0.20886393109622822,0.2917842626561074,0.12957584134163433,0.4405139810425574,0.03081626812638778,0.20107370245373316,0.23661780505076502,0.21011206717475184,0.39624253555343864,0.13189872361149854,0.09278336256665887,0.20115241699768266,0.3169429613850187,0.15376720713792508,0.10082645905498318,0.20053581205440765,0.27227490729219456,-0.04927025825228709,0.2480951485171944,0.023702247558212174,-0.01891930722915892,-0.047427384019703284,0.14466999737172567,-0.0491204186993309,-0.030979199837636102,-0.01618086154397629,-0.13644476465074423,0.1362678656741112,0.027146336442338225,0.032797509624760406
0.07305627038140149,0.16563451333330537,-0.04529206486657105,0.5558397422581345,1.1461750548864782,0.3635344600494863,0.3150575657214666,0.34144412052404766,0.22789679251254935,0.35828059770905957,0.3548726369445021,0.4502180136457112,0.33411130446146603,0.2840851394586003,0.2615011225212023,0.3859245002607059,0.3050441756495129,0.32273842321251667,0.5362091261565678,0.27543202951384654,0.2523896041613404,0.3041556146926827,0.2550015023309113,0.19234264675791418,0.27730091196902007,0.2913803139984835,0.2655387427316539,0.016307913185432565,0.3329209099137688,0.13621327442018924,0.24515147699990755,0.2381494651230292,0.15970998488691712,0.44076901660938733,0.029758517887255198,0.2140980505181791,0.34357886399221527,0.20955076834850406,0.4082013357422155,0.17281656142403498,0.15261948085558288,0.24383517081901707,0.3040152299786228,0.14025779937910382,0.14826511894461247,0.2265554198171947,0.3173781918894008,-0.03293320287272448,0.22113935524838724,0.11847871634008321,0.06786396919260262,-0.1732803505523567,0.1906435891979502,-0.08280877202364247,-0.07269711072678407,0.015624091791872057,-0.2270213525437028,0.19047684266422243,0.024935603052231792,-0.09101686585724675
0.10279681104571706,0.41980881943617865,0.45024991966833056,0.4455546960233326,0.3635344600494863,1.0014170383197099,0.21515497028064606,0.5732195244553926,0.3903665801125757,0.37824495634836097,0.4438102768963019,0.4540652400416219,0.3927387987592219,0.36855985559847315,0.3583084765219825,0.38377561234798513,0.46399548190490164,0.2974195612581031,0.5782583619528693,0.40372973617354435,0.402334656099513,0.4197547453661166,0.1068499236899205,0.27096157028664664,0.3893904499307906,0.3392903678763202,0.34216405492804247,0.2194658999166123,0.49331137905521766,0.07202084540855169,0.2866235359484547,0.4040963566303459,0.1348350861083757,0.4709857323787343,0.21622512282839035,0.2612294871180935,0.30609662138493565,0.3096901649232072,0.5087248243338436,0.17269245120590415,0.0760148398810283,0.26076212519282493,0.4012671066274602,0.11426215953096758,0.1795734775223893,0.2504488433705567,0.3373671727214044,-0.1036331369416527,0.16118651117335178,0.008260116001121394,-0.24289232304898792,0.16165131767866556,-0.011701054601234318,0.042519495231764515,-0.1126554827968507,-0.04390215404474936,0.0630057718624689,0.21800784584459504,-0.07879761252429433,0.2528021731623781
0.20373172899794295,0.17349587791107318,0.17704935546153414,0.3785355061761894,0.3150575657214666,0.21515497028064606,0.6727495705352293,0.2057802007245731,0.36889746593244044,0.2651788067141562,0.2954136934804204,0.4333659425263263,0.24204184131074724,0.13953066052294535,0.07232713968026497,0.23035980926331986,0.2903976397898257,0.26096196963985735,0.2546885803765054,0.18261136573322498,0.22445834749835233,0.31579130168532515,0.25442979493742335,0.1356283850632128,0.22810825096620962,0.18082023704277222,0.23789769539648717,0.04430063515004581,0.2511775712657282,0.046399139337335006,0.16766640961866427,0.201899225486934,0.11346074528118291,0.2933929847203297,0.04588631769717414,0.1924427184260346,0.14569458747149408,0.16104761337949178,0.2196915508566008,0.0849002437898469,0.07918848932764304,0.13381280110943186,0.29602406674324383,0.09875744080376321,0.029661936952772066,0.15330236542898884,0.128266151246554,-0.055871877096050314,0.28711921460314466,-0.01682114038694761,-0.021830407513361235,0.012611228309922796,0.028310109833787803,-0.036517604691056485,0.12253721939152742,0.08557551974557003,-0.013733246297002654,0.2659387245643212,-0.5009819044740462,0.0772125028547777
0.08761467026122512,0.43894270700109767,0.5171326598425545,0.3866516005974278,0.34144412052404766,0.5732195244553926,0.2057802007245731,0.9583720277954917,0.20108759821407368,0.4181736505059866,0.42243200573919193,0.16193267925649138,0.40581496321092125,0.35097469128929304,0.2986515316220398,0.2890383902117014,0.4507044073686346,0.33564666474292043,0.42414149280391694,0.3536677122399062,0.31454221567257884,0.29662702754325854,0.15321532518775569,0.21777446195653616,0.3501092380401742,0.2512163602025457,0.2713043525038204,0.09237860724298064,0.5347611898957079,0.14410201169457607,0.246081784084744,0.318198071700673,0.034150093754975894,0.42456264279099165,0.26762643963267513,0.18463458349911493,0.36273473791825034,0.24135282431688365,0.652459096398463,0.20240047360910352,0.01220006549350342,0.20748672762729242,0.3800132028547152,0.13470338071155857,0.36710422185685815,0.257151175318103,0.3741252234690023,-0.0764206223274756,0.12227105481688907,0.043393147014645715,0.10551688082074165,-0.13663359036562445,0.16487579071871977,0.011752105428581043,-0.06403316234514504,-0.15457543773150942,0.11746411184747622,0.3635341229528714,-0.1366168066687193,0.14395368934577252
0.15086971980812422,0.37731526889406575,0.6465341087797304,0.2571580735105953,0.22789679251254935,0.3903665801125757,0.36889746593244044,0.20108759821407368,1.159867074703247,0.09695492444549747,0.2076170855605258,0.24889231225798844,0.2823069589485317,0.1903416913493804,0.03701010339504582,0.1880475483599751,0.32694038022143096,0.2489098679690793,0.3108581926153058,0.17399895234532278,0.3497601102374198,0.5895067509158548,0.23845835161300696,0.25905604711973074,0.22661755218919985,0.2784956532169698,0.2591570714431525,0.2501788822150006,0.18072500153206694,0.10787906113232967,0.2957142415164883,0.2619705210492085,0.3937573952502628,0.22801931768755113,0.17253720903796957,0.3498751018255303,0.31173909059426885,0.180723236030123,0.21436431266296754,0.035832311697424346,0.2727712672209614,0.19330915224152342,0.2343231285588827,0.14804921254481068,-0.03895123327523605,0.26994904944831016,0.21125212958396608,-0.10311169850379379,0.7331060632654606,-0.11227668839491374,-0.053772877173963715,0.0076669244456528274,0.10076469649077016,0.01224637009486491,0.012630920073670136,0.209856910973251,-0.046085940443049804,-0.2746199326298115,0.09042352647356246,0.17874080302065276
0.13852419045757594,0.3521432658340467,0.38604057245080925,0.3661702516858397,0.35828059770905957,0.37824495634836097,0.2651788067141562,0.4181736505059866,0.09695492444549747,0.9155741480386931,0.41410707849289713,0.4455148064298074,0.39833651594330327,0.2756275029067511,0.4269796628571884,0.2880106951120369,0.40014218366568327,0.3731108055823444,0.38707379702027994,0.2811911928910708,0.2527123430660836,0.23918693211293304,0.27702052388780785,0.21438040010240558,0.41903192239340054,0.17465305479232185,0.2981627342585264,0.12214391470163144,0.5958244071255082,0.09835042667713811,0.25765810746318285,0.30678834751221745,0.03501417327624287,0.5477214871678721,0.2524872737796449,0.2047804584573854,0.38809198172063547,0.20793166899702686,0.47227030853948443,0.14814388435064055,0.01857084138178709,0.19541660467620056,0.3101568198887909,0.16015957632931957,0.29910705774582885,0.23505181886430335,0.335775762533876,-0.07572218215654443,-0.07104789753703303,0.003707702613108552,0.13551000062702184,0.015411083562030754,-0.011484304008831311,-0.0022671228359465103,-0.017147051423524844,0.0010196378739344351,0.028500263053981952,-0.042831365903493526,0.06995004277464223,0.09387766196239922
0.09710828459913658,0.323825101853603,0.25264984824271475,0.3661094030374375,0.3548726369445021,0.4438102768963019,0.2954136934804204,0.42243200573919193,0.2076170855605258,0.41410707849289713,0.7239523054545359,0.4496962379284401,0.38864523027422393,0.2469354092906273,0.3693272386240666,0.32132237151208776,0.41590631042329423,0.3295060853732321,0.37127403182180696,0.3889547565796236,0.3427166037943215,0.29001347814497536,0.2115736583656418,0.22521652798740147,0.3503604289357656,0.21133587289311045,0.3256766326238866,0.1403043300951945,0.49328992356974494,0.11762213389771504,0.27733226982733833,0.2991026256847582,0.10697774815312489,0.4245759815708307,0.2603213548044481,0.2590335674741977,0.30787477161060395,0.25124512039577446,0.515223508437047,0.2062698794933131,0.061058247884776706,0.239862331336714,0.3502639912328416,0.11880332197746098,0.28690143636182125,0.2619374863690075,0.32728471062443876,-0.07947823600037318,0.09826178621237545,-0.06219838660621833,0.053109889684792216,-0.032816618029694926,0.13724302104061795,0.021231838763344484,-0.07395728281003722,-0.03640371411981714,0.02941613188234682,0.17878311959759238,-0.11668021468845445,0.1541563125502455
0.13499892732506372,0.24990437227718082,0.16258169551754295,0.46649408323449826,0.4502180136457112,0.4540652400416219,0.4333659425263263,0.16193267925649138,0.24889231225798844,0.4455148064298074,0.4496962379284401,0.9937715912883236,0.2904898557992396,0.2458536597722631,0.32754210217210683,0.34850563613151947,0.34473691668205725,0.3353020433989921,0.39106849321830006,0.27048179002698725,0.2900808290082647,0.30194537407111455,0.29331464530163137,0.186306686287836,0.3566960136337014,0.23481121801295898,0.34982198993193797,-0.023851778185690394,0.39159894346924073,0.021528980147722702,0.19568213872993426,0.302251205266731,0.09336982141380085,0.4468242673379606,0.06595409703538262,0.24841647570479328,0.06994407249623126,0.21456943368339798,0.23113855710389786,0.13803474606388597,0.05303645805308026,0.20439254466664664,0.33321222597565947,0.09736512109099954,0.08999792492898684,0.24076298937164034,0.24998169516063848,-0.07355456219464772,0.08184465580176475,-0.13110615820251373,0.0054460829181084,-0.09713854449846973,0.2583568851296581,-0.016778718221903657,-0.06954881310658656,0.08355721552292425,-0.12016564797073319,0.13738412008580164,-0.14803993302051635,0.10680723298999474
0.12103148363466716,0.33968025953283126,0.3526852501370552,0.32317837999386256,0.33411130446146603,0.3927387987592219,0.24204184131074724,0.40581496321092125,0.2823069589485317,0.39833651594330327,0.38864523027422393,0.2904898557992396,0.7803112538985,0.2979528038520673,0.1549671741089386,0.34095387768117985,0.3611024730030809,0.35387267836869046,0.39203623894362194,0.23800491146093955,0.29353182805204203,0.40726626036175484,0.2749088751119448,0.23763933041514812,0.3884065621633297,0.18513408646675567,0.30276724669924676,0.16259986854158084,0.671849677529117,0.0819356398385188,0.22370096431456635,0.3609189755410818,0.03373213701604988,0.4344871684075782,0.3370546032971299,0.23203406722641917,0.2716298617284032,0.17796137041049645,0.7037937396812299,0.2097569601656934,-0.06436511863367933,0.1963411922392702,0.3061934422726835,0.19833192752576786,0.29504246579322274,0.24525000338259206,0.3276497432425088,-0.1173231565731256,0.19412375822480285,-0.05880200013339327,0.16238761560854023,-0.0729115288582923,0.03424768319828009,0.025481600079590685,-0.07596674976817931,-0.08203371906137356,0.12535834939317655,-0.020486549428645258,0.03841583247362598,0.14842776537104208
0.11906341396885477,0.255597266861291,0.2450580255116542,0.33052014886698766,0.2840851394586003,0.36855985559847315,0.13953066052294535,0.35097469128929304,0.1903416913493804,0.2756275029067511,0.2469354092906273,0.2458536597722631,0.2979528038520673,0.5446117083453764,0.27292692732910295,0.3267903401551152,0.24577383789130708,0.24268846823533452,0.31039335310515487,0.21292635861357653,0.23492923855980247,0.27099722129072906,0.16247667496190316,0.20777207505500356,0.34360356539365594,0.2259059792006681,0.20317060909042445,0.12615346950981118,0.37694193938400616,0.09767822490751737,0.18405653216953372,0.35713983020063644,0.06575381076694829,0.314488673605839,0.20424459171656123,0.1756060579743838,0.18238530918174728,0.17274764550040256,0.3792604946855504,0.1396440050590668,0.04135204218005836,0.18774986997847593,0.25983241723729605,0.12113441476344994,0.18926988039196083,0.180092825149005,0.29383608059560634,-0.06280463333424154,0.26471574255505237,0.040219957440314466,0.023732952942568854,-0.08709405061136333,0.04398865538432876,-0.003494295440756998,-0.17614478192012675,-0.024776135549845216,-0.009422585458532057,0.1314894426752958,0.10386686236860146,0.03567338162581821
0.08164492786483575,0.4894937151354304,0.3975252944701571,0.25822523791402785,0.2615011225212023,0.3583084765219825,0.07232713968026497,0.2986515316220398,0.03701010339504582,0.4269796628571884,0.3693272386240666,0.32754210217210683,0.1549671741089386,0.27292692732910295,1.097122821857427,0.19691020465574774,0.2928761479037049,0.2649236399308153,0.2614832821938548,0.40879698736001197,0.3008757594528491,0.09863361168473482,0.130986363432617,0.20517801706019836,0.32363621964527944,0.1694669513659476,0.21451248854044702,0.2149176016867208,0.35032580363370897,0.19153809731282867,0.29373301093552606,0.19966114252265568,0.21798899800754123,0.38258320794197787,0.2102738204496676,0.26474121834963954,0.4248965650960145,0.19810112937312627,0.33352479637451304,0.0691846126016305,0.2505339017244308,0.23584902939804533,0.2391679392684908,0.0856967201478939,0.22674954089767677,0.28042698822510564,0.2699194138305128,-0.024499461656533973,-0.07407537696548115,0.12394967540353713,-0.05299820808220234,0.14216505343307145,-0.013477740532177495,-0.11003446086903286,-0.02523416347172871,0.024440014815980793,-0.25072331470288367,-0.013945356315722657,0.21783658929588956,0.012802563866318865
0.08894515498615538,0.22458610452480443,0.1457029178584536,0.3555337367476457,0.3859245002607059,0.38377561234798513,0.23035980926331986,0.2890383902117014,0.1880475483599751,0.2880106951120369,0.32132237151208776,0.34850563613151947,0.34095387768117985,0.3267903401551152,0.19691020465574774,0.8288488310512007,0.3330597930958491,0.2935037730267377,0.40722272206644955,0.23898526472078419,0.2759729447334331,0.45216298926942156,0.11789906823412294,0.1990350873249986,0.31142573484806585,0.2921691267268103,0.30499469451507977,0.23324681340667225,0.4865114682048501,0.08563261500015441,0.2019171816564644,0.3286407095549431,0.026545391031627657,0.37987691079673985,0.38850213935866296,0.21759198155340906,0.20508569503759588,0.18300160183199804,0.4666087773206063,0.2686149925146881,0.03002277365796244,0.2994945635110729,0.3840954824945792,0.10467731972222452,0.2784706100341526,0.18615055819631654,0.336024256448959,-0.11156226375469983,0.23408114424592072,-0.20282552796542574,0.015370233080824497,-0.014418844385518315,0.022053733234126686,0.051205986420830345,-0.07478170514746169,0.026914610124134184,-0.10649619407663051,0.23803205240731368,-0.06326541666426265,0.06288873759204487
0.12134742408958024,0.3511526892105381,0.44401484032810173,0.3328042745673582,0.3050441756495129,0.46399548190490164,0.2903976397898257,0.4507044073686346,0.32694038022143096,0.40014218366568327,0.41590631042329423,0.34473691668205725,0.3611024730030809,0.24577383789130708,0.2928761479037049,0.3330597930958491,0.8877638931310361,0.22469073559533875,0.4290989941244274,0.4380221971686808,0.3646833459155176,0.39889692048807035,0.10959877767186199,0.2512902131340873,0.3559406683650043,0.1136786927260261,0.31414180326347624,0.24358038559285536,0.41779080943844066,0.1340874456583368,0.30272776344070035,0.26771656759787205,0.23081932764918764,0.35884578853274457,0.2701308286240439,0.29370037712648384,0.48626965060386235,0.3008285793026259,0.33672412245174327,0.16029027122200293,0.1574552298957139,0.2571163960685272,0.3812638251443543,0.10521664809736596,0.31869723610085166,0.321543495404766,0.32368258310993386,-0.09200240909677931,0.06852785250778239,0.1405273251358907,0.14147888764901348,-0.08548208122376857,0.04991323764373414,-0.031228225448811296,0.030746786833508136,-0.01905323161198045,-0.01302603925290666,0.02985604551988696,0.0028260041204845204,0.13922601998082365
0.1230910093170128,0.4245911639439846,0.3017321673844644,0.3206103596082946,0.32273842321251667,0.2974195612581031,0.26096196963985735,0.33564666474292043,0.2489098679690793,0.3731108055823444,0.3295060853732321,0.3353020433989921,0.35387267836869046,0.24268846823533452,0.2649236399308153,0.2935037730267377,0.22469073559533875,0.979710526002311,0.3242676921498277,0.057424654124011223,0.2848564108532753,0.34750580180493873,0.45086977729927274,0.16526587269328136,0.36872323971782756,0.2069646202653119,0.2095935700415704,0.14019310039070443,0.5377024631358823,0.06339007912018085,0.2758591846654512,0.2663491632390743,0.05004138246175457,0.3806978121061071,0.20858970059460932,0.25836638788754734,0.16737111418663586,0.09527447657221566,0.5335775467451351,0.16848306114574912,0.005047980052136247,0.11592326002992119,0.3592042913347795,0.20674756782369005,0.44912498226114,0.2066212191271247,0.23718021182432145,-0.10200754206512484,-0.03254737340765945,0.11460342041519564,0.3650448242829515,-0.16580220660061837,-0.18007122413611437,-0.04039755484590828,-0.11624038171504507,-0.05279193802409081,-0.0628638382629532,0.28690955880892954,-0.15587837944332475,0.018944318714982533
0.12004933014516242,0.322351544963544,0.33538860438731144,0.38830932342031016,0.5362091261565678,0.5782583619528693,0.2546885803765054,0.42414149280391694,0.3108581926153058,0.38707379702027994,0.37127403182180696,0.39106849321830006,0.39203623894362194,0.31039335310515487,0.2614832821938548,0.40722272206644955,0.4290989941244274,0.3242676921498277,1.1400497357178168,0.33576726955367575,0.3820353126475184,0.38651077318594657,0.08310098858659133,0.2565706523362761,0.3277133333382661,0.2070290912354246,0.2929542403006775,0.28489004139039986,0.44455411414644114,0.10258787939109655,0.3045302527371436,0.36254126310792106,0.20804432168428605,0.35684124696560837,0.16478726255622606,0.2672676007084196,0.4285319088464515,0.2892581852864289,0.5547122597856382,0.19893791539748873,0.11746553039090467,0.24513207166159195,0.31119393589583055,0.12951400042893413,0.4242555886637032,0.34657934426370957,0.36831597700871366,-0.07494928070154128,-0.058400567543009416,-0.06622621441860922,0.4087146617988131,0.2106710765366118,-0.1606061036576812,-0.0790890226464431,-0.15052364341049954,-0.007657738779558794,0.05765431191353287,0.10431844450942326,0.00014045461279447332,0.20606850688709136
0.08881231470230139,0.46189295370687433,0.35332213154964703,0.25574729635489524,0.27543202951384654,0.40372973617354435,0.18261136573322498,0.3536677122399062,0.17399895234532278,0.2811911928910708,0.3889547565796236,0.27048179002698725,0.23800491146093955,0.21292635861357653,0.40879698736001197,0.23898526472078419,0.4380221971686808,0.057424654124011223,0.33576726955367575,1.1294866799131555,0.2923799483245962,0.21970955622863567,-0.013671622591251827,0.22640504448431434,0.2578989298050794,0.27728733912472026,0.3548512045605975,0.2810570076049092,0.2731205940852239,0.2139869169664537,0.35663128568986613,0.2256015885615485,0.22718377160514958,0.4352459553161203,0.28174043097196105,0.1611868764934327,0.6543173700747642,0.5396039181465957,0.5096460522450084,0.29581562561124686,0.17031211471109073,0.3489307485668402,0.5634091798995399,0.03534827242550837,0.5652866001653385,0.32502512301833275,0.551908409588392,-0.0105681749513888,0.283100393625254,-0.02459549648551418,-0.059816199752219704,0.22166414190003836,0.01558505008421323,-0.0726093550798126,0.005023531218407508,-0.011039883630999585,-0.05665752953641543,0.04130151741166142,0.02512966220881485,0.05750133284152449
0.09884693200272814,0.4336640591899236,0.4155342960280288,0.2821459472449932,0.2523896041613404,0.402334656099513,0.22445834749835233,0.31454221567257884,0.3497601102374198,0.2527123430660836,0.3427166037943215,0.2900808290082647,0.29353182805204203,0.23492923855980247,0.3008757594528491,0.2759729447334331,0.3646833459155176,0.2848564108532753,0.3820353126475184,0.2923799483245962,0.6655035731417495,0.33717784548981883,0.18300741863230285,0.2717046663416677,0.25463674438901324,0.24079567384962736,0.2517777425778863,0.2888043880621659,0.28593164843924823,0.057497330508605934,0.33628876428135906,0.3046773375662424,0.3494522228553396,0.22417385044733687,0.2165965119254931,0.4013850758290103,0.3155886921060186,0.23697855966939863,0.4278602149934632,0.163866862812803,0.29570907118800555,0.25818332994171295,0.2895004785104653,0.13430335389354664,0.26488277320554526,0.3173774517933381,0.23707359779204787,-0.07762242911350853,0.14411710681600562,-0.05772265182723148,0.11231792276530714,0.09418070869855075,0.021335592986845325,-0.010007759957966551,-0.0462689675343005,-0.012483879775934247,-0.03500373218180329,-0.15802394513033408,0.2557662640097514,0.24992802885518023
0.13206634787842386,0.31367231826606606,0.4195756002888722,0.32118794721662686,0.3041556146926827,0.4197547453661166,0.31579130168532515,0.29662702754325854,0.5895067509158548,0.23918693211293304,0.29001347814497536,0.30194537407111455,0.40726626036175484,0.27099722129072906,0.09863361168473482,0.45216298926942156,0.39889692048807035,0.34750580180493873,0.38651077318594657,0.21970955622863567,0.33717784548981883,1.062786218849449,0.31011185364610255,0.25809909157514743,0.29509217991943565,0.2709095251789451,0.33051737270264253,0.23440457820108065,0.3841797749314929,0.0952474393717529,0.25947338645762047,0.34523330079028913,0.24639436565973633,0.3165558433208774,0.24912347280266695,0.39789223270713936,0.20265522246886655,0.20164337313584718,0.44239403629157004,0.17322721355640575,0.14033049087533142,0.2574010679352572,0.3826224211534518,0.15510904178177753,0.011346027291326652,0.3216803263694726,0.2897110251164628,-0.22637848828335472,0.7680495298758798,-0.15803914134413816,-0.019554620573611535,-0.09912452375138733,0.0270966152895602,0.04022326999705375,-0.02624884007333376,0.08781050950939483,-0.05976744587925301,-0.00833928304970446,-0.0078697149057125,0.11769333857736564
0.061527333139844785,0.022981061700695176,0.11117337539458508,0.2632641998850999,0.2550015023309113,0.1068499236899205,0.25442979493742335,0.15321532518775569,0.23845835161300696,0.27702052388780785,0.2115736583656418,0.29331464530163137,0.2749088751119448,0.16247667496190316,0.130986363432617,0.11789906823412294,0.10959877767186199,0.45086977729927274,0.08310098858659133,-0.013671622591251827,0.18300741863230285,0.31011185364610255,1.3393887424323556,0.19999711716237578,0.36308675633269605,-0.03899986812669318,0.16449701851618617,-0.2643433254592371,0.5044812041377313,0.16377243533739538,0.04363862948873596,0.19775434700174138,0.01168095858276837,0.4320598832989444,-0.057650091606923394,0.408396242876014,0.08980635949407731,-0.005319742655638244,0.42052581123372823,0.007956696700415268,0.0779520900044332,0.018375432419152512,0.20304993036425573,0.3309042563633817,-0.1071936667290219,0.19589561528191693,0.05231776984352933,-0.09866206157458511,0.1887424133937971,-0.09723063503005788,0.1697162005277051,-0.21258773348929652,0.18276336626388875,0.045081910832616916,0.02224435034146323,-0.0006643034049579867,0.0002237317987113804,-0.16211997193955324,0.10127351374180497,0.047178358319185806
0.06325278390259108,0.2656321612878233,0.32859436174539053,0.2082482254988229,0.19234264675791418,0.27096157028664664,0.1356283850632128,0.21777446195653616,0.25905604711973074,0.21438040010240558,0.22521652798740147,0.186306686287836,0.23763933041514812,0.20777207505500356,0.20517801706019836,0.1990350873249986,0.2512902131340873,0.16526587269328136,0.2565706523362761,0.22640504448431434,0.2717046663416677,0.25809909157514743,0.19999711716237578,0.4932497266090469,0.19843364839815078,0.128142856873471,0.17350919358659495,0.2664066267471449,0.20820031266616426,0.2561172450467427,0.23408109381727618,0.29929908806803796,0.5109466285638412,0.19220715951106956,0.18703010164586195,0.3605970772540151,0.36020184734554306,0.15884472162332927,0.193698499926366,0.032063438244364785,0.22721808111260589,0.2056849086423012,0.08550449314015675,0.13280808135628464,0.09243199506323342,0.24506781969873698,0.11600544905107411,-0.06301054139052996,0.08543618192928562,-0.03316586052626504,0.015566049524629451,-0.002506766440377831,0.09753361236932397,-0.031273404693258795,-0.06202391536776739,-0.06252697381717479,0.08882811077462872,-0.6111273149247208,0.6441755496039162,0.12767860292118485
0.1184754699158039,0.25646258342752515,0.30025791009668606,0.31923526859523965,0.27730091196902007,0.3893904499307906,0.22810825096620962,0.3501092380401742,0.22661755218919985,0.41903192239340054,0.3503604289357656,0.3566960136337014,0.3884065621633297,0.34360356539365594,0.32363621964527944,0.31142573484806585,0.3559406683650043,0.36872323971782756,0.3277133333382661,0.2578989298050794,0.25463674438901324,0.29509217991943565,0.36308675633269605,0.19843364839815078,1.892278763670167,0.0415078429319945,0.3678992234064822,0.020070037265096975,1.5871978510579652,0.2845517444906228,0.28815255599583023,0.37838788547003926,-0.27885951708989304,1.0270164562418962,0.4237884243016736,0.11768780593437252,0.5567612688199486,0.23062848696453006,0.7475414790076744,0.14422900686753254,-0.1465221787684122,0.17810078389182957,0.4210829632006216,0.24206150604466578,0.44750681777448115,0.21538260134954643,0.5293731536022516,-0.15381770155496968,-0.16760017750955677,-0.3020540860899958,0.040870473326633676,-0.1014861984826211,0.12193755578932627,0.10927924101904195,-0.046969079526130206,0.02389142759964665,0.14834399197674733,0.157633665996351,-0.26760183534140664,0.13894059626970004
0.0856859760417934,0.23000228659446945,0.21803395437734027,0.25338222752553075,0.2913803139984835,0.3392903678763202,0.18082023704277222,0.2512163602025457,0.2784956532169698,0.17465305479232185,0.21133587289311045,0.23481121801295898,0.18513408646675567,0.2259059792006681,0.1694669513659476,0.2921691267268103,0.1136786927260261,0.2069646202653119,0.2070290912354246,0.27728733912472026,0.24079567384962736,0.2709095251789451,-0.03899986812669318,0.128142856873471,0.0415078429319945,2.471680501923515,0.2544010189482552,0.3204825251338836,-0.1452457523266064,-0.7500514510305127,0.07390183889166299,0.45776648144274484,-0.06792400474042966,0.3744297249461755,0.22865370717483008,0.040229942059456396,-0.5396205229594193,0.14403614953705712,0.06424034443036396,0.3448408566458488,0.3472425104075244,0.3681197076864466,0.24804900183168468,0.061381555113021236,-0.05888833581261374,0.019577326951215036,0.18889242199451275,0.0422754386986711,0.7167546854958075,0.1974788654778338,-0.14704851346244793,0.1449075653784689,-0.3763496372825383,-0.0003555612890046373,-0.19264982512984138,0.0002977890064905595,-0.052800596596345964,0.4106103811444394,-0.2603803097851147,0.056532359850433214
0.10508080239052867,0.25129832505006944,0.22402798815172587,0.26292825694353505,0.2655387427316539,0.34216405492804247,0.23789769539648717,0.2713043525038204,0.2591570714431525,0.2981627342585264,0.3256766326238866,0.34982198993193797,0.30276724669924676,0.20317060909042445,0.21451248854044702,0.30499469451507977,0.31414180326347624,0.2095935700415704,0.2929542403006775,0.3548512045605975,0.2517777425778863,0.33051737270264253,0.16449701851618617,0.17350919358659495,0.3678992234064822,0.2544010189482552,0.7950331846415571,0.2295729191437507,0.40320031707295856,0.17071334236852848,0.2752814688003866,0.2866763377638754,0.06215086742363636,0.3455760098360773,0.31735758493136695,0.40054651316240253,0.23572101974737408,0.24546314549829032,0.3511847527442573,0.2533852671373346,0.11793272845009896,0.2421396906094261,0.5699564720903839,0.027681236401939265,0.21085496712024543,0.2942292568008739,0.2660466334787962,-0.11834504439047507,0.22911730534715563,-0.08735470301637134,-0.06522719296392179,0.08084897822044168,0.050749082614342085,0.04062200497226731,0.015325674102768154,0.05771234492274898,0.04970562190058131,0.18772528119039442,-0.2527268895924928,0.11687463827798646
0.0797762981778065,0.33599599196683155,0.3723361602805949,0.03152865903754273,0.016307913185432565,0.2194658999166123,0.04430063515004581,0.09237860724298064,0.2501788822150006,0.12214391470163144,0.1403043300951945,-0.023851778185690394,0.16259986854158084,0.12615346950981118,0.2149176016867208,0.23324681340667225,0.24358038559285536,0.14019310039070443,0.28489004139039986,0.2810570076049092,0.2888043880621659,0.23440457820108065,-0.2643433254592371,0.2664066267471449,0.020070037265096975,0.3204825251338836,0.2295729191437507,1.2975950555901805,-0.08475028972021682,-0.005472591487464153,0.36319898503459985,0.22522805872771015,0.5322159363456822,-0.035268134088229354,0.7151784967426448,0.45789600544256515,0.37035654573962173,0.15849921389122748,0.09354596465341743,0.1606460404361077,0.31424930417596214,0.3132489327232251,0.12782522749145717,0.12401136110056155,0.3575920368758209,0.1422592713152353,-0.01531076873989893,-0.07791886995684615,-0.21198236463324233,-0.10975364003008839,0.029386470916098983,0.6443959618677244,-0.6982936043619737,0.07333737748162755,-0.09636209522178549,0.05085975752551164,0.09184300762798757,-0.3163222869678418,0.3100837939116036,0.16878445063316208
0.1512536457592863,0.42655650529443745,0.4693071219049955,0.384958058183272,0.3329209099137688,0.49331137905521766,0.2511775712657282,0.5347611898957079,0.18072500153206694,0.5958244071255082,0.49328992356974494,0.39159894346924073,0.671849677529117,0.37694193938400616,0.35032580363370897,0.4865114682048501,0.41779080943844066,0.5377024631358823,0.44455411414644114,0.2731205940852239,0.28593164843924823,0.3841797749314929,0.5044812041377313,0.20820031266616426,1.5871978510579652,-0.1452457523266064,0.40320031707295856,-0.08475028972021682,3.867143701987729,0.34544568296460193,0.0652738321533549,0.5518665845861711,-0.8522035262177876,1.37770841796278,0.6705727089581649,0.012453548435684372,0.6601481346207867,0.14528040439920906,1.2293976044528683,0.3086830222833142,-0.4398894268803972,0.13737731628589878,0.43889134510634703,0.19805626797794673,0.8858436277488059,0.19607923102145555,0.7069946867308644,-0.23645440577321636,-0.1362816124368307,-0.3879843849071475,0.30519059739175625,-0.13878134180206558,-0.005248722420559791,0.2275408000259639,-0.0579683613192384,-0.1907807777581846,0.17071833004396925,0.36767281856723033,-0.3425882006876404,0.20165430369261947
0.02522740191623324,0.09244025594808218,-0.07990235341311078,0.0720572194355342,0.13621327442018924,0.07202084540855169,0.046399139337335006,0.14410201169457607,0.10787906113232967,0.09835042667713811,0.11762213389771504,0.021528980147722702,0.0819356398385188,0.09767822490751737,0.19153809731282867,0.08563261500015441,0.1340874456583368,0.06339007912018085,0.10258787939109655,0.2139869169664537,0.057497330508605934,0.0952474393717529,0.16377243533739538,0.2561172450467427,0.2845517444906228,-0.7500514510305127,0.17071334236852848,-0.005472591487464153,0.34544568296460193,3.213294456238664,0.29631392397030853,-0.1585256820005603,-0.01869752045990428,-0.4571968840156323,0.5085880911456796,0.4610024913788317,0.6497243268391107,0.16076623499622972,-0.10329443313613836,-0.05382932967870595,0.886427613212714,0.058630794844170095,0.4472703633022992,0.2668941525097781,0.6738094378095781,0.3146898945528721,0.22297377359129583,-0.0015407675250763153,0.14250881109959,-0.12007828034249976,0.01941590186134711,-0.5835163640261324,0.6962932628135362,-0.007000614799758948,-0.03599608838802915,0.032010964731738235,-0.2621971084198014,0.3455906906181321,-0.16918198328357748,-0.046237830488597004
0.08418335181640359,0.3376738353479531,0.3431223608260009,0.20886393109622822,0.24515147699990755,0.2866235359484547,0.16766640961866427,0.246081784084744,0.2957142415164883,0.25765810746318285,0.27733226982733833,0.19568213872993426,0.22370096431456635,0.18405653216953372,0.29373301093552606,0.2019171816564644,0.30272776344070035,0.2758591846654512,0.3045302527371436,0.35663128568986613,0.33628876428135906,0.25947338645762047,0.04363862948873596,0.23408109381727618,0.28815255599583023,0.07390183889166299,0.2752814688003866,0.36319898503459985,0.0652738321533549,0.29631392397030853,1.031021339571287,0.22844402691985385,0.4249835447405247,0.25804900270757364,0.3026932578875204,0.5040723327436595,0.42107324779574473,0.28145607354766433,0.363004002664116,0.07060939113739761,0.2685831882764442,0.2419122713583626,0.1860442166448922,0.15981312782610266,0.3906545902564953,0.31232986973235227,0.15873108822380505,-0.10109531461832695,-0.31864183004082963,0.03613318938116296,0.05361419641942823,0.057620295205087685,0.0016873955270227837,-0.05752156565786026,-0.09822670241089201,0.053587669880941324,0.10360894676159713,-0.2924472755124347,0.18687354538973378,0.07856114286074029
0.13117381367333683,0.2416806106637165,0.30774112392407404,0.2917842626561074,0.2381494651230292,0.4040963566303459,0.201899225486934,0.318198071700673,0.2619705210492085,0.30678834751221745,0.2991026256847582,0.302251205266731,0.3609189755410818,0.35713983020063644,0.19966114252265568,0.3286407095549431,0.26771656759787205,0.2663491632390743,0.36254126310792106,0.2256015885615485,0.3046773375662424,0.34523330079028913,0.19775434700174138,0.29929908806803796,0.37838788547003926,0.45776648144274484,0.2866763377638754,0.22522805872771015,0.5518665845861711,-0.1585256820005603,0.22844402691985385,0.8247187661531742,-0.07008976516493733,0.40998902141601745,0.20792621937257472,0.21607069554363123,-0.01409280280317436,0.23161765558648406,0.5176098600504792,0.2042671660683853,-0.1398053196887124,0.2090301966724137,0.1965553600059471,0.1275576434007809,0.2564095524040488,0.160628490790989,0.24731978187982273,-0.12443522002332578,0.16637010689419404,-0.12681043210857743,0.12582418081685326,0.17296346264613735,-0.21013131909930194,0.1497247625225206,-0.19462954567946442,-0.026991490630206273,0.4354885229279814,-0.1855497897053752,-0.001823454636431112,0.29968483032023085
0.03893136893737121,0.3183190524701515,0.41162830624020935,0.12957584134163433,0.15970998488691712,0.1348350861083757,0.11346074528118291,0.034150093754975894,0.3937573952502628,0.03501417327624287,0.10697774815312489,0.09336982141380085,0.03373213701604988,0.06575381076694829,0.21798899800754123,0.026545391031627657,0.23081932764918764,0.05004138246175457,0.20804432168428605,0.22718377160514958,0.3494522228553396,0.24639436565973633,0.01168095858276837,0.5109466285638412,-0.27885951708989304,-0.06792400474042966,0.06215086742363636,0.5322159363456822,-0.8522035262177876,-0.01869752045990428,0.4249835447405247,-0.07008976516493733,2.0918846083468217,-0.4647282014627023,-0.3562889038695112,0.49902491133837046,0.7075246080347497,0.1331911717923116,-0.36089866874193,-0.2134746450660859,0.7013345478758468,0.28515970940770724,-0.1358492391055426,0.05405071185955451,-0.3108871248910089,0.41534673002473693,-0.0847336532280241,0.0391531606650611,0.22032045927707467,0.2727721294877798,-0.10897028177825009,0.0012003611563719259,0.23336763124509485,-0.3887339290256531,0.013724102247928594,0.10309239961803186,-0.2937000217680055,-0.9253439197891933,1.0464262107165567,-0.07609933187987579
