0.393294953830304,0.11519192165685481,0.19301267996250404,0.04365195136921754,0.08536662227618771,0.0673557899248531,0.06842022375712002,0.043911088724095576,0.06553233864450034,0.05120969223713492,0.05154657838413797,0.07145829279369563,0.024430435579216946,0.06888280796042134,0.06201264018577709,0.05457378495859402,0.0352779049503865,0.07267231654557732,0.040723828580579505,0.03308999470174596,0.07385419660257174,0.08800228357606187,0.043146707362132004,0.03038463417724277,0.05836183073787236,0.046333331876101516,0.04223046879023573,0.03325253439936301,0.05163510576014045,0.0096271479988922,0.06099037791544422,0.057931588312912646,0.03847807136274819,-0.015466235659898419,0.027880437578472316,0.03793925219365715,0.05556789032788144,0.12501405478562133,0.0476020214003253,0.0182719784465667,0.07448942743177082,0.052776813051165314,0.07215907056216493,0.10051568069601521,0.11402169582826804,0.0754929561443131,0.0790485591654465,-0.009796136477058038,-0.05122421387475705,0.016363652526075047,-0.008478115717061162
0.11519192165685481,1.7173252688615657,0.552472556208335,-0.22323032868152556,0.009355269409694783,0.2324159182474689,0.07034807688827191,0.12373565866667871,0.18306799164835807,0.1328631767105233,0.14988897862153913,0.1041546278140645,0.06016755202544756,0.0480591158504985,0.2545406874017885,0.04974073677750435,0.17144126610507968,0.2042910610946785,0.023545147980609926,0.24588349201777887,0.1775658232181354,0.08936881197952791,-0.14385660262079894,0.09448382055001747,0.13345200913384825,0.24522538747443298,0.16798235403861894,0.20106473098767258,0.23929758216900796,-0.10709335461725847,0.1018877818857512,0.1230029358140552,0.1350525034082467,0.15721952157686964,0.18301502117961002,0.029118544155547394,0.40179086781407247,0.21497116129079222,0.07265786779602151,0.0003745789408887937,0.16646224435566032,0.1418879281650917,0.2238014066891563,0.0611201217272728,0.3842205276514606,0.1558326747670361,0.19384842449512427,-0.018004007695991673,-0.26866797579395524,-0.03626243065529518,-0.027820168343510462
0.19301267996250404,0.552472556208335,1.815948715145375,0.08822296972119975,-0.18497453264481148,0.249332139452847,0.10141368758691982,0.2839444482867115,0.3205130020968407,0.30881385890379437,0.2407822381922611,0.17133757740379907,0.07478325421821327,0.15053327529909719,0.23469958506471733,0.10586603792278036,0.32602953657824685,0.1672671826773433,0.25302012491962805,0.2601323344758215,0.20462773375046486,0.30737548119418534,-0.0027570309612078834,0.14642929873759164,0.19930455524454108,0.2378050291979784,0.1762280575917735,0.21058669078335712,0.3142034398459977,-0.39612254395167756,0.17956007590244003,0.15523278776324204,0.2107761566696908,0.32196159687445564,0.17867877766066365,0.08925229660889987,0.3646823333230677,0.491517974689269,0.12581627346740146,-0.1744755419823675,0.3270383193818407,0.2382411911156192,0.3078081520935417,0.32306849893697875,0.5561853419415858,0.38877219791105466,0.36518743993429664,-0.05855268810695697,-0.6043562300842401,0.006383128132869551,-0.040398607628922584
0.04365195136921754,-0.22323032868152556,0.08822296972119975,2.0610624990919715,0.47535049164748605,0.3742558710672443,0.3325892885159032,0.256135986822189,0.1342865130588987,0.3102227452303649,0.22138145686089425,0.4003537570738161,0.10208888820769656,0.3871328243057305,0.17669716330553847,0.3273575834629411,0.21176264900092198,0.2685656657455542,0.0022675008252039212,0.1095275600390539,0.2458771657222159,0.3440165598876368,0.31596024248836513,0.17590614305298924,0.23488494430526027,0.20291680367123804,0.1553696611258221,0.036541307819863214,0.23249167786995678,-0.0018235346980396954,0.1572592239612103,0.2691780422675534,0.13146237747249653,0.3059226918102313,-0.06326943296618964,0.2163678171753882,0.09123199863313325,0.23281646340518675,0.19238736547486276,0.17882439101779302,0.12283885311774652,0.1860242945744751,0.10615891177876002,0.2959007288364819,0.018309616514846777,0.12358227108099909,0.2819281649769334,-0.00976550090429892,0.19284241178691713,0.0278932505232601,0.0017634392811048207
0.08536662227618771,0.009355269409694783,-0.18497453264481148,0.47535049164748605,1.682121607340928,0.2980240286727183,0.1696370728289217,0.18114628496250135,0.06491119247326267,0.16335675999172777,0.15272918530211232,0.2614849668447973,0.10364332075381687,0.20180568529123427,0.18371246134252464,0.24203939980212982,0.06530106268414576,0.161208528005406,0.06407190839884715,0.12997434298551902,0.11963667156845595,0.1707059997607968,0.22043187860697291,0.12178912575794723,0.1604514112361584,0.23006110517619405,0.09529123329569761,-0.03223103869253025,0.183571653198948,-0.08024251898277787,0.16896716321340044,0.22641921066229292,0.08223388738203016,0.20629291703577685,-0.1281762506009255,0.25046071843458545,0.04854599413704715,-0.016620122438558715,0.16122800953681699,0.11860669744396748,0.028453475961863765,0.1827208073574975,-0.2082015052643116,0.0754775999981827,-0.2070220130297719,0.068600788448402,0.10755217144971302,0.01194347416388174,0.13209995778373054,0.08698443431114762,-0.034868569672031856
0.0673557899248531,0.2324159182474689,0.249332139452847,0.3742558710672443,0.2980240286727183,0.7261111634167594,0.12872710268506715,0.30408752346869683,0.151460650130568,0.21264323662161855,0.23957011963063768,0.23269616907370455,0.10522248073070395,0.25510911404413217,0.2650681125023635,0.2384518922197745,0.260152869495015,0.23705076323590263,0.1834502043527904,0.27908862154471403,0.359727013805188,0.3494674137190831,0.11973442369571953,0.20403390221774614,0.2349454397945021,0.21843377189576157,0.1894636286686529,0.14018264646424058,0.27841671977941634,0.015816847864774657,0.18248589466946696,0.25794924799054836,0.047451244335066735,0.2982031635041367,0.13721484004711296,0.09404998618791861,0.2144893875120322,0.3741804672562963,0.25633605662469316,0.20289527812517527,0.08523064099832886,0.22650429072868433,0.32792568284017515,0.33205711261268256,0.39087375708279765,0.1390023336684679,0.34880865772566355,-0.016288661574632764,-0.00963761655578539,-0.0008914149701944545,0.010745723126377575
0.06842022375712002,0.07034807688827191,0.10141368758691982,0.3325892885159032,0.1696370728289217,0.12872710268506715,0.4837301954841076,0.10942895988474492,0.21447420228290578,0.14882283920498166,0.16299085303898128,0.3116151352524593,0.07705657147717844,0.1512059812440431,0.11711984125566915,0.17149557745453164,0.1714313164552433,0.19652484994068314,0.09837696488941472,0.09717206125305228,0.24587564304925114,0.2391622777785277,0.18934221625245604,0.10809487810749926,0.1564066143495809,0.07958426949265411,0.146642989938027,0.07375563599101966,0.13029623412968522,0.08669961121219462,0.13159924876783388,0.1805116578861086,0.14633106708879906,0.18433681270522212,0.03125067020952745,0.13437193137945985,0.1659792523267344,0.20381173401182864,0.1401306980951719,0.1318294160866984,0.12893324817915472,0.13242304239102864,0.1562674100462345,0.20209085674376392,0.11836077900245658,0.11038088146890566,0.2319608213360594,-0.004787821097949694,0.13148248102184176,0.009319536381419214,0.0051648881909884285
0.043911088724095576,0.12373565866667871,0.2839444482867115,0.256135986822189,0.18114628496250135,0.30408752346869683,0.10942895988474492,0.8183942129228082,-0.014485267930543059,0.21355590676534944,0.20020951327484832,-0.010958228237945995,0.12235145380190174,0.23315150527020614,0.18690444232173065,0.18727953920746315,0.31681706266953547,0.18046077863704596,0.14632438555832533,0.22519690233955472,0.21968819387346042,0.1929067072327097,0.09558439136455071,0.11335105651779893,0.20759695244231996,0.17825869651246565,0.15854326617771333,0.0781191642552152,0.20696783737528324,0.1376589558435023,0.14474875538413265,0.13940321447801335,0.04264205007979154,0.23513476001167052,0.18742686046687615,0.12653894124501347,0.25330641092926026,0.2519888520859443,0.16671860738622,0.0880242789151475,0.1847976406365629,0.16076473127973825,0.25242331411423785,0.20228258370931446,0.30033348256674186,0.17557215041131485,0.25563075174155236,-0.00863654648615131,-0.07037632057802089,0.07448467983779733,-0.0214425195106469
0.06553233864450034,0.18306799164835807,0.3205130020968407,0.1342865130588987,0.06491119247326267,0.151460650130568,0.21447420228290578,-0.014485267930543059,0.8720390065701618,-0.007654226667339695,0.10392383141797959,0.1666864179962162,0.0636768123859994,0.1459515332638421,0.2008868366245372,0.07837255710900703,0.14761439686510303,0.1437046455773646,0.03803123359463354,0.0066484852075464115,0.17523897884008932,0.23591749173120777,0.19127203708049403,0.1575004929667641,0.08546199236727847,0.20657504129082682,0.10247032784346771,0.147272496148119,0.09615107666441104,0.012536102255227945,0.10944012341601685,0.12668360278885554,0.18899456291024352,0.17084642865997898,0.008048245919037779,0.10170799815676526,0.10885964346294245,0.2024712584962265,0.043382618423100705,0.06815003084325166,0.14982460720391383,0.12328456254976837,0.05909357165642631,0.2697997064409111,0.03501655088369307,0.08829924240593161,0.1643052216007023,-0.001544426588432085,0.23089070991641653,-0.03417196773175548,0.0474968100733208
0.05120969223713492,0.1328631767105233,0.30881385890379437,0.3102227452303649,0.16335675999172777,0.21264323662161855,0.14882283920498166,0.21355590676534944,-0.007654226667339695,0.6191797346266108,0.18847085028801472,0.17938319418334794,0.08541607344976884,0.19072916467221251,0.15972393271328936,0.16692547622027554,0.26033164497322814,0.1813249476934759,0.08630510122002946,0.20369188589433723,0.14540955184925464,0.17939650697258033,0.09002407353231778,0.12853845311787757,0.18089810831999495,0.13030035696316172,0.16359695051121398,0.12365092245780407,0.2318458566177812,-0.03627425661848081,0.1413232578973776,0.14410494563688803,0.11038955572691654,0.2545829489396031,0.15101642417284322,0.12074603168490257,0.25395452490066445,0.19006025962776996,0.1660775150552921,0.10015510897181566,0.2209099132295373,0.14412970800028901,0.19649773368329426,0.16383633873727108,0.16166557467158985,0.15731731258866632,0.3359871262611264,-0.011046100070962933,-0.022506696576022372,-0.0026761464706807174,-0.004361381559421177
0.05154657838413797,0.14988897862153913,0.2407822381922611,0.22138145686089425,0.15272918530211232,0.23957011963063768,0.16299085303898128,0.20020951327484832,0.10392383141797959,0.18847085028801472,0.42515130767145926,0.23530577527229318,0.09905007847558764,0.159574593230714,0.23715141741657833,0.1731429953224637,0.3066770438546626,0.16629594761733044,0.07907303570067524,0.20141647180240987,0.13035504721181312,0.184969993592709,0.12687613157836442,0.16136537425799147,0.17232263902459022,0.17286848592129683,0.18523575895161545,0.12096792375578598,0.22507536788305663,-0.046684105279932345,0.15623199816336,0.1553830998355069,0.10578008846187319,0.19294994052351963,0.1289287936341315,0.1310721089767817,0.17459755453832082,0.1959539409609225,0.13443561030846524,0.11919238983700056,0.17144361864156915,0.16771270793265394,0.20444072848036565,0.166030044404056,0.11765987812332077,0.12151581157428112,0.22690257045162057,-0.002076177248618132,0.03980335104759058,-0.010896923252723897,0.018257510082700653
0.07145829279369563,0.1041546278140645,0.17133757740379907,0.4003537570738161,0.2614849668447973,0.23269616907370455,0.3116151352524593,-0.010958228237945995,0.1666864179962162,0.17938319418334794,0.23530577527229318,0.8306056967827663,0.07292654030155268,0.1993935327677761,0.12800224554039533,0.25730393575815846,0.15105285998051396,0.2633999015320142,0.10397571961948661,0.10923051429947099,0.20925142181504533,0.23531102453746588,0.1976696676938806,0.12582389380771036,0.1941232868843886,0.1661588406725057,0.23868655471090383,0.01452781340880706,0.16522175637739264,-0.08068891646090914,0.13792291023751896,0.2787097039142197,0.09388801731145832,0.16532293294011235,0.031585306154233515,0.16317951743596967,0.07919208527186537,0.21508639605415195,0.15322650869200238,0.18666295360821428,0.08365386160526848,0.17308959064049892,0.28392408482255466,0.13174173325335153,0.18190204496602877,0.12262476738582712,0.22291917624037938,-0.00852300409352468,0.055070369032064456,0.002625294357468505,0.02039268674865176
0.024430435579216946,0.06016755202544756,0.07478325421821327,0.10208888820769656,0.10364332075381687,0.10522248073070395,0.07705657147717844,0.12235145380190174,0.0636768123859994,0.08541607344976884,0.09905007847558764,0.07292654030155268,0.2119384065453814,0.09335369191032679,0.049943953225222215,0.09927897309527953,0.1018328469411353,0.0764698040563918,0.05481449482618085,0.04273649768635239,0.0734643809818679,0.1174113014200682,0.0956085808161127,0.06866221618350761,0.1027341888847883,0.0777596535537653,0.09496843843504149,0.059185590455203434,0.1330288673510608,0.03599545947622652,0.06104181950127277,0.10033452388032939,0.06219284135815428,0.10074549187950699,0.08050752082558439,0.07709857022062343,0.05339289607668886,0.0756655593109369,0.07459225169093853,0.050665328235651945,0.09946631577610603,0.07338021058936667,0.0904817670911921,0.12153233580664774,-0.01882430935928186,0.0740608097768107,0.09518443663303267,-0.0045085700719100525,0.0713060167568726,0.00809701627053406,-0.007542004630598534
0.06888280796042134,0.0480591158504985,0.15053327529909719,0.3871328243057305,0.20180568529123427,0.25510911404413217,0.1512059812440431,0.23315150527020614,0.1459515332638421,0.19072916467221251,0.159574593230714,0.1993935327677761,0.09335369191032679,0.6295958358497421,0.16896519001450255,0.3391281884242332,0.19735660016329845,0.1507223939798419,0.08096416582979996,0.09327941688104367,0.1276954899239474,0.3634804901797649,0.21202172019143617,0.1707912478839506,0.16710763890664349,0.20424200140095533,0.06862522960148532,0.1234506369210023,0.1359088907816971,0.12534793103288924,0.16767565728082134,0.20561644558813708,0.058711234909108324,0.18719937182182184,0.14079431482126353,0.20141719448947992,0.11942577035360775,0.21088246446613867,0.20841027770256526,0.11753049249504464,0.20190971452531034,0.18187052647857616,0.051865972701828,0.2941230534423724,0.07352754540223244,0.12268061614979386,0.20311264355458708,-0.021184984620209346,0.27300342209256767,-0.007183437928917357,0.014905627360577909
0.06201264018577709,0.2545406874017885,0.23469958506471733,0.17669716330553847,0.18371246134252464,0.2650681125023635,0.11711984125566915,0.18690444232173065,0.2008868366245372,0.15972393271328936,0.23715141741657833,0.12800224554039533,0.049943953225222215,0.16896519001450255,0.8494470118221976,0.20569774924927775,0.28551375306423,0.16482887230341534,0.077557005605398,0.2186771768254057,0.05306067737242874,0.2681800658812634,0.15564663234398327,0.20598677028169068,0.1920893567365395,0.20823921239599547,0.1624023553662326,0.19726921073310968,0.19682881398254015,0.034189962987725885,0.17453616436069022,0.14222897503491255,0.13454504470713696,0.25763488628909337,0.13818999330097373,0.14660756679947964,0.25144335265573287,0.22980030117573907,0.15170584474210932,0.09814662317172874,0.2209979235572701,0.21128909672301524,0.14868358051060668,0.24101303740307162,0.06441611846161482,0.0986402856948179,0.24246273666833873,-0.005054847752596478,0.177247491516714,-0.08520793528718842,0.04939075423988209
0.05457378495859402,0.04974073677750435,0.10586603792278036,0.3273575834629411,0.24203939980212982,0.2384518922197745,0.17149557745453164,0.18727953920746315,0.07837255710900703,0.16692547622027554,0.1731429953224637,0.25730393575815846,0.09927897309527953,0.3391281884242332,0.20569774924927775,0.567277656889499,0.22476473057025698,0.1735065351638855,0.16840257696455196,0.1236118020553928,0.13543150129610845,0.36414333327407145,0.18129802788608942,0.1605018790763032,0.1889176064121714,0.15050067862301392,0.17827255626696004,0.15309651226850157,0.1969843651125643,0.14388232818567626,0.1680717356337046,0.2494839020474924,0.08919052711566687,0.1854851713425257,0.1920044766663244,0.17530104732056045,0.13272124670062016,0.2671478959620941,0.20799353902323278,0.1699921072400622,0.23814876599345403,0.25156987842006395,0.22074782652219857,0.2954490581639828,0.13423532470999364,0.12139381946021151,0.2470838135259238,-0.014291164327802355,0.23224424571336644,0.002005241110142637,0.02037660869043427
0.0352779049503865,0.17144126610507968,0.32602953657824685,0.21176264900092198,0.06530106268414576,0.260152869495015,0.1714313164552433,0.31681706266953547,0.14761439686510303,0.26033164497322814,0.3066770438546626,0.15105285998051396,0.1018328469411353,0.19735660016329845,0.28551375306423,0.22476473057025698,1.2094557618313435,0.010357656812542738,0.17145075552463368,0.40425219247678407,0.1826636617527775,0.2698749040225939,0.1710440234989264,0.16485365417197362,0.2888705254525738,-0.15663532872787414,0.2666372288756479,0.2197484901387649,0.354691576087898,0.023459470834792523,0.2128910642050874,0.14247983155413885,0.31776428124285594,0.36232754936825773,0.1704049760819184,0.10856362162033527,0.5675794012570105,0.3619740864461306,0.2220895094315156,0.13381181682566307,0.20218680746282636,0.21438117322790878,0.38071957103450665,0.26448497397036463,0.17250896135966007,0.1925348991268005,0.5477369106895058,0.005847478071333232,0.05237023577856392,-0.03622314887604601,-0.010001251801414854
0.07267231654557732,0.2042910610946785,0.1672671826773433,0.2685656657455542,0.161208528005406,0.23705076323590263,0.19652484994068314,0.18046077863704596,0.1437046455773646,0.1813249476934759,0.16629594761733044,0.2633999015320142,0.0764698040563918,0.1507223939798419,0.16482887230341534,0.1735065351638855,0.010357656812542738,1.0614818635442038,0.15311076190662415,-0.22008670247968518,0.2525118416062308,0.37175923604450506,0.3090532397898698,0.18618996779410513,0.16404519598597855,0.3330090356487847,0.11629855554190104,0.18431682926574994,0.14100576792799463,-0.008760669747490783,0.10294075455596756,0.16825154560869077,0.07262991621227012,0.09751736521452557,0.17915859833027073,0.059460774032755785,0.22634438290443118,0.24487759023868547,0.1244617274125747,0.19835861367386043,0.23242583829657837,0.07541476807800791,0.608341596385776,0.33024731797612716,0.34926178691936444,0.09117792652700091,0.17289877974512552,-0.04711922533308282,0.023736070982163307,-0.05967123769278061,0.037688606221505855
0.040723828580579505,0.023545147980609926,0.25302012491962805,0.0022675008252039212,0.06407190839884715,0.1834502043527904,0.09837696488941472,0.14632438555832533,0.03803123359463354,0.08630510122002946,0.07907303570067524,0.10397571961948661,0.05481449482618085,0.08096416582979996,0.077557005605398,0.16840257696455196,0.17145075552463368,0.15311076190662415,1.2132568420587682,0.1558597773155911,0.26059424138516873,0.42137748687128385,-0.24468971234457815,0.05105912987532319,0.04075227130487112,-0.1332195356233131,0.08913626895377684,0.1581198317910598,-0.02404672744839901,0.2828935423427781,0.14624252229720067,0.18528346168480303,0.16383665911503012,0.08153120866435831,0.1244581592206729,0.05831329813468977,0.3208833688539394,0.3013720817783564,0.31318644513925875,-0.0341345603516656,0.034823311563104434,0.16624320155979055,0.2757414632801777,0.07518573105857318,0.47004992984983646,0.16278500667866325,0.28590178705149355,-0.03173881563009098,0.019167676641150305,0.0032003306417235523,-0.043157534549283526
0.03308999470174596,0.24588349201777887,0.2601323344758215,0.1095275600390539,0.12997434298551902,0.27908862154471403,0.09717206125305228,0.22519690233955472,0.0066484852075464115,0.20369188589433723,0.20141647180240987,0.10923051429947099,0.04273649768635239,0.09327941688104367,0.2186771768254057,0.1236118020553928,0.40425219247678407,-0.22008670247968518,0.1558597773155911,1.3831249340322567,0.29810895413206245,-0.1973605829183056,-0.19079061354982674,0.0528522945995781,0.19080117938705138,0.3406416125618065,0.3610564274267825,0.3225315407039924,0.26267651743571657,0.022699866863103296,0.31351438506556206,0.19221067333583366,0.3254687672399789,0.40473979521930686,0.31830233773496597,-0.08901834873866601,0.7628647535757419,0.6414276425684532,0.4580295013149704,0.39953105031005354,0.274063877316903,0.4210246496275218,0.9444771337202059,0.003884382093553155,1.1260592582865416,0.22390755914561158,0.6667870818958423,0.10252207600797518,-0.1785134078682786,0.04085818146630144,-0.04481784347994442
0.07385419660257174,0.1775658232181354,0.20462773375046486,0.2458771657222159,0.11963667156845595,0.359727013805188,0.24587564304925114,0.21968819387346042,0.17523897884008932,0.14540955184925464,0.13035504721181312,0.20925142181504533,0.0734643809818679,0.1276954899239474,0.05306067737242874,0.13543150129610845,0.1826636617527775,0.2525118416062308,0.26059424138516873,0.29810895413206245,1.433725021999679,-0.12412939668200478,-0.02606194573873995,-0.061092230833215085,0.20167984972533792,-0.34977567152033506,0.13121431094866115,0.2536627032323906,0.06977275282812805,0.49662960368339565,0.20082090167032865,0.19690357400309963,0.06333792499327733,0.2382831589440354,0.4932811278688219,-0.10384944881667656,0.6758324006344126,0.4524418419566194,0.2155917069362292,0.2470421526764693,0.15836552983810356,0.2210617421211669,0.6007372181279709,0.40832208845871154,1.1885197370955136,0.17604214411705235,0.5818983391204313,0.03226703385367504,-0.7737120972060281,0.10746143307166599,-0.06476291672809081
0.08800228357606187,0.08936881197952791,0.30737548119418534,0.3440165598876368,0.1707059997607968,0.3494674137190831,0.2391622777785277,0.1929067072327097,0.23591749173120777,0.17939650697258033,0.184969993592709,0.23531102453746588,0.1174113014200682,0.3634804901797649,0.2681800658812634,0.36414333327407145,0.2698749040225939,0.37175923604450506,0.42137748687128385,-0.1973605829183056,-0.12412939668200478,2.05670271759814,0.38222717410166374,0.14710350598533967,0.3020533214843457,0.26388611935654177,0.16110976860824763,0.1663447612450993,0.1401766386369843,0.0036179505534493193,0.31029685570730414,0.5199818218113781,0.3270528422908616,0.5183268491478119,0.05497579149316502,0.053448700791584904,-0.02893451374273028,0.6832680724798973,0.6445800473568496,0.10908906325554148,0.35228219168014546,0.29748464133175906,0.17088394729358042,0.7488680264200183,-0.5362731835139626,0.27249345282066084,0.5329998683786585,-0.21734646856636242,1.9595536805750935,-0.09432924106716115,0.021566342394251484
0.043146707362132004,-0.14385660262079894,-0.0027570309612078834,0.31596024248836513,0.22043187860697291,0.11973442369571953,0.18934221625245604,0.09558439136455071,0.19127203708049403,0.09002407353231778,0.12687613157836442,0.1976696676938806,0.0956085808161127,0.21202172019143617,0.15564663234398327,0.18129802788608942,0.1710440234989264,0.3090532397898698,-0.24468971234457815,-0.19079061354982674,-0.02606194573873995,0.38222717410166374,2.026610235294075,0.15359104868961382,0.3982712906067523,-0.24486661761217046,0.0838687977727304,-0.17251813233780808,0.32522040037450967,0.14398445705004267,0.2921464268796813,0.03716963085100443,0.19170377204974937,0.4579712061891389,-0.17726117133358335,0.68927291372669,0.1858070999484485,0.11949384729102597,0.29129709033697776,0.31005188480504603,0.2014267569647024,-0.050534538989980275,-0.13476317406986899,0.90022365417495,-0.7400701627947279,0.20088352869506929,0.15078488896667477,0.03118091095590812,0.17759133394663126,0.04430053734812222,0.0032127803338682964
0.03038463417724277,0.09448382055001747,0.14642929873759164,0.17590614305298924,0.12178912575794723,0.20403390221774614,0.10809487810749926,0.11335105651779893,0.1575004929667641,0.12853845311787757,0.16136537425799147,0.12582389380771036,0.06866221618350761,0.1707912478839506,0.20598677028169068,0.1605018790763032,0.16485365417197362,0.18618996779410513,0.05105912987532319,0.0528522945995781,-0.061092230833215085,0.14710350598533967,0.15359104868961382,0.6434493392518248,0.10772143989972441,0.29573308044440005,0.08740003916591482,0.133820347223912,0.1902514335296122,0.10512334056778345,0.11074555053410688,0.10935748963542075,0.0814571862473032,-0.0069958073861722545,0.09476855419551676,0.28312684157221973,-0.03918896207109259,0.042035332619132976,0.09838826099820791,0.053914267185280695,0.1326170799056253,0.12010029530050031,-0.04147662690870545,0.11203510292539626,0.03791305283767814,0.082519356993685,0.025916000206465225,-0.015849606546918298,0.027637899173314825,-0.15088483042615697,0.048817347035033334
0.05836183073787236,0.13345200913384825,0.19930455524454108,0.23488494430526027,0.1604514112361584,0.2349454397945021,0.1564066143495809,0.20759695244231996,0.08546199236727847,0.18089810831999495,0.17232263902459022,0.1941232868843886,0.1027341888847883,0.16710763890664349,0.1920893567365395,0.1889176064121714,0.2888705254525738,0.16404519598597855,0.04075227130487112,0.19080117938705138,0.20167984972533792,0.3020533214843457,0.3982712906067523,0.10772143989972441,1.0435594833141775,-0.026463366991165752,0.19151229695183206,0.1061909183050459,0.4927775331782459,0.1766341338772973,0.27380776901179904,0.18377474929221266,0.14445667292467318,0.5412095846609678,0.20709263827467375,0.3654226220809006,0.3203161767164418,0.2739865189307299,0.301196731122889,0.1479342115938519,0.231666962292252,0.14722959402927022,0.2236844881166574,0.32452998681544165,0.036926500476534396,0.2605804349840594,0.29772354529201583,-0.019068579874720968,0.07586717276835489,0.014948736985672811,-0.020462202160427687
0.046333331876101516,0.24522538747443298,0.2378050291979784,0.20291680367123804,0.23006110517619405,0.21843377189576157,0.07958426949265411,0.17825869651246565,0.20657504129082682,0.13030035696316172,0.17286848592129683,0.1661588406725057,0.0777596535537653,0.20424200140095533,0.20823921239599547,0.15050067862301392,-0.15663532872787414,0.3330090356487847,-0.1332195356233131,0.3406416125618065,-0.34977567152033506,0.26388611935654177,-0.24486661761217046,0.29573308044440005,-0.026463366991165752,2.6464278579986917,0.13723954153653226,0.30871423948705173,-0.22603960434878786,-0.44621523312938194,0.2338652415748999,0.4660672976858146,0.18740522903792414,0.01049778929471932,0.12268156379662354,0.12865775534639518,-0.6753537537179274,0.14833534308605806,0.33260601132750556,0.08964238770326406,0.5734887137056803,0.5138806616514302,0.03787915146023757,-0.09301605313761885,0.5198191800015328,0.07769276749050101,-0.08331233646307584,-0.014456948008260955,0.4841777611428818,-0.14400675362037102,0.0423698534321555
0.04223046879023573,0.16798235403861894,0.1762280575917735,0.1553696611258221,0.09529123329569761,0.1894636286686529,0.146642989938027,0.15854326617771333,0.10247032784346771,0.16359695051121398,0.18523575895161545,0.23868655471090383,0.09496843843504149,0.06862522960148532,0.1624023553662326,0.17827255626696004,0.2666372288756479,0.11629855554190104,0.08913626895377684,0.3610564274267825,0.13121431094866115,0.16110976860824763,0.0838687977727304,0.08740003916591482,0.19151229695183206,0.13723954153653226,0.6928908711730098,0.1966187332525231,0.15119475571894236,0.05766144472341872,0.21375281424285195,0.20035230028859463,0.20295472416216986,0.1863316669111079,0.20091097592687848,0.18481210011472865,0.3646108955675443,0.4152186038208572,0.13696646371990975,0.2193896448324136,0.25496201556601794,0.2341830020416335,0.773445847248158,0.09386290725579988,0.3644617750637165,0.19805488212163216,0.275131200104158,0.01694111009925906,0.01056646532262402,0.04522402544536195,-0.0005762999510934519
0.03325253439936301,0.20106473098767258,0.21058669078335712,0.036541307819863214,-0.03223103869253025,0.14018264646424058,0.07375563599101966,0.0781191642552152,0.147272496148119,0.12365092245780407,0.12096792375578598,0.01452781340880706,0.059185590455203434,0.1234506369210023,0.19726921073310968,0.15309651226850157,0.2197484901387649,0.18431682926574994,0.1581198317910598,0.3225315407039924,0.2536627032323906,0.1663447612450993,-0.17251813233780808,0.133820347223912,0.1061909183050459,0.30871423948705173,0.1966187332525231,1.1579186261853291,-0.14521638226098793,0.31154976653757765,0.31095429249538964,0.1403170623737177,0.5900701970508453,0.22230873336024382,0.6019496130404114,0.06781783721350355,0.534136500707632,0.4169447545358857,0.23992526990745955,0.13212011262664708,0.5082627143859105,0.33247355683527063,0.3149844527164612,0.5896433216336545,0.4310246016683311,0.10906051006886991,0.3834019369517711,0.04745156419243187,0.018322420056170918,-0.07793291121715681,0.010467406762022076
0.05163510576014045,0.23929758216900796,0.3142034398459977,0.23249167786995678,0.183571653198948,0.27841671977941634,0.13029623412968522,0.20696783737528324,0.09615107666441104,0.2318458566177812,0.22507536788305663,0.16522175637739264,0.1330288673510608,0.1359088907816971,0.19682881398254015,0.1969843651125643,0.354691576087898,0.14100576792799463,-0.02404672744839901,0.26267651743571657,0.06977275282812805,0.1401766386369843,0.32522040037450967,0.1902514335296122,0.4927775331782459,-0.22603960434878786,0.15119475571894236,-0.14521638226098793,2.232448695450154,-0.5170940764293742,-0.2697312961955937,0.10807741804050115,0.026506576905699193,0.4268041688913377,-0.07057890064819457,0.36049619901690916,-0.3316381134755308,-0.3092734947322894,-0.06534508910300023,0.05454755638605663,0.33644868452329496,0.033717388579725095,0.04113189583689366,-0.2593936378446297,-0.6342311752183677,0.1911150860110929,0.10364762101096014,-0.04874381608638832,0.194769467424123,-0.02656260223993726,0.02913973660740464
0.0096271479988922,-0.10709335461725847,-0.39612254395167756,-0.0018235346980396954,-0.08024251898277787,0.015816847864774657,0.08669961121219462,0.1376589558435023,0.012536102255227945,-0.03627425661848081,-0.046684105279932345,-0.08068891646090914,0.03599545947622652,0.12534793103288924,0.034189962987725885,0.14388232818567626,0.023459470834792523,-0.008760669747490783,0.2828935423427781,0.022699866863103296,0.49662960368339565,0.0036179505534493193,0.14398445705004267,0.10512334056778345,0.1766341338772973,-0.44621523312938194,0.05766144472341872,0.31154976653757765,-0.5170940764293742,4.004905906932585,0.2987827318501348,0.20692536852084867,-0.023173020847778537,-0.4836680383378359,0.6124825090517031,1.0048687917062915,0.39286162557727,0.3030154649925635,0.24290805571567586,-0.12404763545150885,0.23794036712678288,0.17618809219061923,-0.03003322484897112,0.33857872206916473,1.3363354048050917,0.7253023157415118,0.1975814571726275,-0.024089915988014913,-0.24139604486788033,0.13597853232077553,-0.07817174435811493
0.06099037791544422,0.1018877818857512,0.17956007590244003,0.1572592239612103,0.16896716321340044,0.18248589466946696,0.13159924876783388,0.14474875538413265,0.10944012341601685,0.1413232578973776,0.15623199816336,0.13792291023751896,0.06104181950127277,0.16767565728082134,0.17453616436069022,0.1680717356337046,0.2128910642050874,0.10294075455596756,0.14624252229720067,0.31351438506556206,0.20082090167032865,0.31029685570730414,0.2921464268796813,0.11074555053410688,0.27380776901179904,0.2338652415748999,0.21375281424285195,0.31095429249538964,-0.2697312961955937,0.2987827318501348,1.3726383708696708,0.2423571932878102,0.2316867110265635,0.09390341643517922,0.3285009365907022,0.6779170416929544,0.4864482153614336,0.38564798669924966,0.4644951787281974,0.21426186287701973,0.3374579970156111,0.24996763855538853,-0.03639834741828108,0.46993608864690756,0.5186187478154978,0.31858722727610883,0.3012287445091608,0.001882422958444352,-0.3563734726187332,0.0527025672350273,-0.0320468629396687
0.057931588312912646,0.1230029358140552,0.15523278776324204,0.2691780422675534,0.22641921066229292,0.25794924799054836,0.1805116578861086,0.13940321447801335,0.12668360278885554,0.14410494563688803,0.1553830998355069,0.2787097039142197,0.10033452388032939,0.20561644558813708,0.14222897503491255,0.2494839020474924,0.14247983155413885,0.16825154560869077,0.18528346168480303,0.19221067333583366,0.19690357400309963,0.5199818218113781,0.03716963085100443,0.10935748963542075,0.18377474929221266,0.4660672976858146,0.20035230028859463,0.1403170623737177,0.10807741804050115,0.20692536852084867,0.2423571932878102,0.7108306452490217,0.19055665290036583,0.17725867664451056,0.07917195504982077,0.1661392810937741,-0.060901356470520196,0.28971133871107363,0.3201215327142745,0.09136774167412728,0.19051568195272747,0.3156163293609821,0.20290100642912975,0.1212266840562613,0.27347833142134753,0.24177294766659366,0.32586545456884536,-0.04840799531350109,0.4188939649878226,0.004745739648427103,-0.029443379461799715
0.03847807136274819,0.1350525034082467,0.2107761566696908,0.13146237747249653,0.08223388738203016,0.047451244335066735,0.14633106708879906,0.04264205007979154,0.18899456291024352,0.11038955572691654,0.10578008846187319,0.09388801731145832,0.06219284135815428,0.058711234909108324,0.13454504470713696,0.08919052711566687,0.31776428124285594,0.07262991621227012,0.16383665911503012,0.3254687672399789,0.06333792499327733,0.3270528422908616,0.19170377204974937,0.0814571862473032,0.14445667292467318,0.18740522903792414,0.20295472416216986,0.5900701970508453,0.026506576905699193,-0.023173020847778537,0.2316867110265635,0.19055665290036583,2.1311752696596766,0.2607193737648713,-0.5111840458979782,-0.18268305019745776,0.5404311081711396,0.7156033187202715,0.04111972970740031,0.09758573099363257,-0.14888350405276063,0.40854024908945163,0.25019826407180645,0.6619096741716616,-0.20376226164682837,0.13672339651852983,1.0471063718534483,0.13615573501253098,0.46702641390883115,-0.0671924433244976,-0.04701493463461235
-0.015466235659898419,0.15721952157686964,0.32196159687445564,0.3059226918102313,0.20629291703577685,0.2982031635041367,0.18433681270522212,0.23513476001167052,0.17084642865997898,0.2545829489396031,0.19294994052351963,0.16532293294011235,0.10074549187950699,0.18719937182182184,0.25763488628909337,0.1854851713425257,0.36232754936825773,0.09751736521452557,0.08153120866435831,0.40473979521930686,0.2382831589440354,0.5183268491478119,0.4579712061891389,-0.0069958073861722545,0.5412095846609678,0.01049778929471932,0.1863316669111079,0.22230873336024382,0.4268041688913377,-0.4836680383378359,0.09390341643517922,0.17725867664451056,0.2607193737648713,2.4492293216397725,0.33429528267889896,-0.024796675403700067,0.992824484441223,0.13741948777676594,0.22260519500814183,0.020609574526589937,0.2781467003891055,0.13712728326806417,0.2598426369798724,0.5371107712016666,-0.7331864852830463,-0.0391625236476593,0.5820202149448986,0.03531352047463623,0.6962341092792051,-0.035633029848585566,-0.010282967446488732
0.027880437578472316,0.18301502117961002,0.17867877766066365,-0.06326943296618964,-0.1281762506009255,0.13721484004711296,0.03125067020952745,0.18742686046687615,0.008048245919037779,0.15101642417284322,0.1289287936341315,0.031585306154233515,0.08050752082558439,0.14079431482126353,0.13818999330097373,0.1920044766663244,0.1704049760819184,0.17915859833027073,0.1244581592206729,0.31830233773496597,0.4932811278688219,0.05497579149316502,-0.17726117133358335,0.09476855419551676,0.20709263827467375,0.12268156379662354,0.20091097592687848,0.6019496130404114,-0.07057890064819457,0.6124825090517031,0.3285009365907022,0.07917195504982077,-0.5111840458979782,0.33429528267889896,2.0560641708148295,-0.08023152997314048,0.6018996158430485,0.05871825039207198,0.507887538659204,0.27056326598631714,0.5802493056561584,0.24318399113816985,0.7087851204081268,0.22480547465037617,1.0255378725059419,0.20061298816568798,0.2430618511960359,-0.03349414328240889,-0.15212226371240756,-0.02201836390828055,-0.015976541672844295
0.03793925219365715,0.029118544155547394,0.08925229660889987,0.2163678171753882,0.25046071843458545,0.09404998618791861,0.13437193137945985,0.12653894124501347,0.10170799815676526,0.12074603168490257,0.1310721089767817,0.16317951743596967,0.07709857022062343,0.20141719448947992,0.14660756679947964,0.17530104732056045,0.10856362162033527,0.059460774032755785,0.05831329813468977,-0.08901834873866601,-0.10384944881667656,0.053448700791584904,0.68927291372669,0.28312684157221973,0.3654226220809006,0.12865775534639518,0.18481210011472865,0.06781783721350355,0.36049619901690916,1.0048687917062915,0.6779170416929544,0.1661392810937741,-0.18268305019745776,-0.024796675403700067,-0.08023152997314048,3.0557650194327817,-0.6037408596080336,-0.5336028484770544,0.20913250838295808,0.03533109966568495,0.022535769297776564,-0.05600685636460689,-1.6502515961041673,-0.2810755551308453,-0.34238933228880986,0.6642101095615643,-1.0074991523483485,-0.0408466748678197,-1.3031928517243292,0.033267483323930376,-0.0388873834051933
0.05556789032788144,0.40179086781407247,0.3646823333230677,0.09123199863313325,0.04854599413704715,0.2144893875120322,0.1659792523267344,0.25330641092926026,0.10885964346294245,0.25395452490066445,0.17459755453832082,0.07919208527186537,0.05339289607668886,0.11942577035360775,0.25144335265573287,0.13272124670062016,0.5675794012570105,0.22634438290443118,0.3208833688539394,0.7628647535757419,0.6758324006344126,-0.02893451374273028,0.1858070999484485,-0.03918896207109259,0.3203161767164418,-0.6753537537179274,0.3646108955675443,0.534136500707632,-0.3316381134755308,0.39286162557727,0.4864482153614336,-0.060901356470520196,0.5404311081711396,0.992824484441223,0.6018996158430485,-0.6037408596080336,4.845617870813633,1.0102027281106096,-0.12932798749940427,0.20856557429171146,0.6240777771456733,0.2382584966567973,1.6044129430624372,0.9276091162615628,1.4312731719108063,0.06471152886798319,1.1728144127225286,0.10012237485926331,-1.3193052089997113,0.05748504463903253,-0.0731685576753918
0.12501405478562133,0.21497116129079222,0.491517974689269,0.23281646340518675,-0.016620122438558715,0.3741804672562963,0.20381173401182864,0.2519888520859443,0.2024712584962265,0.19006025962776996,0.1959539409609225,0.21508639605415195,0.0756655593109369,0.21088246446613867,0.22980030117573907,0.2671478959620941,0.3619740864461306,0.24487759023868547,0.3013720817783564,0.6414276425684532,0.4524418419566194,0.6832680724798973,0.11949384729102597,0.042035332619132976,0.2739865189307299,0.14833534308605806,0.4152186038208572,0.4169447545358857,-0.3092734947322894,0.3030154649925635,0.38564798669924966,0.28971133871107363,0.7156033187202715,0.13741948777676594,0.05871825039207198,-0.5336028484770544,1.0102027281106096,3.239781100450454,0.012773814921470093,0.5839466196013334,0.5781143684888207,0.4926647211002476,2.026461671073303,1.4977120702182496,1.3959203345264508,0.2862322750721015,1.3474686743779447,0.11104273135625599,0.16505772345739747,0.03568814617604903,-0.018498148428116097
0.0476020214003253,0.07265786779602151,0.12581627346740146,0.19238736547486276,0.16122800953681699,0.25633605662469316,0.1401306980951719,0.16671860738622,0.043382618423100705,0.1660775150552921,0.13443561030846524,0.15322650869200238,0.07459225169093853,0.20841027770256526,0.15170584474210932,0.20799353902323278,0.2220895094315156,0.1244617274125747,0.31318644513925875,0.4580295013149704,0.2155917069362292,0.6445800473568496,0.29129709033697776,0.09838826099820791,0.301196731122889,0.33260601132750556,0.13696646371990975,0.23992526990745955,-0.06534508910300023,0.24290805571567586,0.4644951787281974,0.3201215327142745,0.04111972970740031,0.22260519500814183,0.507887538659204,0.20913250838295808,-0.12932798749940427,0.012773814921470093,2.742908597597758,0.4865748796973797,0.19113675997996663,0.32057870229805585,0.14938939923584038,0.36893464472617143,0.9333484207956773,0.19222244692191456,0.4564816242023174,-0.03948985032292648,1.5916728736463137,-0.07820975922603102,-0.07444069384542229
