0.77695871466313,0.3260858255043457,0.4733905909810643,0.04987358620733778,0.08142312529911207,0.15269954510185615,0.23327369968916578,0.06789622101821154,0.22966349170404024,0.15552652863661057,0.12179406128133073,0.1660109775822254,0.14415892602737773,0.1902013233460238,0.15191979770013114,0.1476265271075984,0.1320449571413159,0.18430995987679227,0.09345893277485587,0.14089844049435693,0.17816996664177903,0.19680855582123896,0.17030118535012584,0.12537118419104706,0.1534781349078988,0.16095456733279587,0.1420994114476586,-0.005024137351095292,0.24861381939649957,0.18460726506885825,0.10998066161146934,0.15835250042095825,0.0906481816812161,0.16337380234004295,0.17587016605297687,0.14403554060450324,0.1161060907224102,0.07607509050489479,0.14845133148992812,0.19766625296154286,0.15106552801210935,0.16622239275414935,0.07449533664884107,0.04114991851431683,0.11833241832001012,0.17325616512260103,0.17874006477091706,0.011985261490032258,0.2944214610723151,-0.07009804140724747,0.028805507562308073,-0.18299026245247269,0.16376586544139765,0.02229484083383053,0.1375463247615429,-0.016634986330697807,-0.013352194889908882,0.164334081843945,-0.24267276803310964
0.3260858255043457,4.885392667501562,0.4940411880159633,0.5025573717310033,0.34634783619906445,0.08338894051800663,0.47911280534330347,0.35552626725408015,0.4293982671974594,0.6625331142726012,0.4410889443390356,0.39713609292751495,0.41241580057351646,0.28817891970426096,0.7237276474387095,0.31408524952807354,0.22502105024826904,0.5655370084685425,0.2185147036699479,0.20862918080612183,0.687261306080198,0.05810704297832956,-0.7975520707841319,0.18734744949229942,0.26913499079916614,0.27259815837195966,0.4964735326637133,0.44809453537900396,0.5621715848207715,0.5509906011026089,0.19975837315839284,0.2612918244225709,0.3652766564157698,0.1236949794700992,0.7558809151794413,0.06579293874753656,0.9950517843809286,0.14029505801240527,0.31080251725477503,0.38187850684134134,0.5044380661597089,0.5524102346303934,-0.4333492945795773,-0.1370588385391619,0.24011596948487765,0.6060812345188108,0.5114356134878972,0.3575343530504851,0.4565848306494785,-0.6603113060565,0.33646318804263325,-0.4510163728770676,0.7056742890000388,0.022200168887528054,0.14800331718844112,0.028836801961190924,-0.23025768249034775,0.07551128046175534,-0.0001666208480037263
0.4733905909810643,0.4940411880159633,2.095200781800645,0.26455847366551,-0.1636051472363256,0.3557599133679355,0.2895831016909006,0.4157685013827801,0.45842094909204645,0.37304836727852675,0.28423479927497974,0.2911257846905162,0.37373863903160925,0.26109934640211296,0.3134570936924953,0.23542201481545913,0.36642398662441966,0.3560097719661364,0.20855497198106562,0.379419863703205,0.293556513999639,0.3588914439950844,0.34325581401313116,0.4288041868253896,0.33117924656527686,0.3062673146395599,0.2739520465281096,0.0655837405080607,0.5826932860231153,0.3727483834995262,0.16623591998754975,0.2319402636061592,0.18949001154266334,0.432217270782578,0.45102424594609847,0.21935939477067648,0.19028973776570454,0.19971540127661302,0.39555647568585867,0.25356069339617254,0.33502885939557864,0.27161332643924235,0.23610970958587985,0.07146910339573963,0.3264231779934726,0.30823837862663744,0.4251198953060746,0.05260947053476534,0.5368148557873944,-0.054226076976455914,0.11093393012225858,-0.003332148917608008,-0.05140062530440841,-0.036399378836388524,-0.2040419515162381,-0.06813712383355854,-0.21599049024957145,-0.49725126682991977,0.8027010910182802
0.04987358620733778,0.5025573717310033,0.26455847366551,1.061122888814634,0.48797872057587294,0.3661660429195855,0.3560726609310553,0.3911716329860278,0.18029860655209143,0.4322632813524507,0.36580597229637885,0.4313442413980962,0.3758657634892507,0.33754030225579185,0.3027137237865149,0.3601246087080551,0.3143966522382346,0.3855359594370891,0.357520033672894,0.3108089127988279,0.2634868357097648,0.3693054117479704,0.23772727443365563,0.3358966074881864,0.31008939546953845,0.35691108154182444,0.30695024416775823,0.1096043388612546,0.46816564645254527,0.053262737275078346,0.2298684505807517,0.3388030108980633,0.20368065593988108,0.29582810640336843,0.1024491965358081,0.3203509578719152,0.2688146362738744,0.17911487509440152,0.25028570837787356,0.1483007746477943,0.20936434830313919,0.2349051638012693,-0.052032385780177874,0.024373497384050473,0.1360349195678282,0.3867448738279343,0.2500012364941354,-0.09186637659765164,0.1701127771077103,0.15094417151344747,-0.06397195205024601,0.14443047169386447,-0.18814254848898404,-0.15952129502332946,0.018771409193476002,0.006690040205245324,-0.13204732768859576,-0.04609691550393647,0.015913309015447775
0.08142312529911207,0.34634783619906445,-0.1636051472363256,0.48797872057587294,1.1557118395559949,0.36228643976645886,0.2381808908161127,0.273049485646889,0.08863091821156967,0.3669124772918424,0.3298009019177439,0.34376921696675494,0.32835527992554153,0.2574889437001058,0.2778629122679943,0.3227586059888344,0.24774714197026826,0.2523710456338002,0.5000744551701777,0.28088517874565855,0.20564639646926572,0.33047749155279393,0.1978160276561453,0.24732260084464616,0.21666448745729386,0.2786426852803758,0.23997172169459197,0.029092578100324985,0.36083771601823544,0.03821544575247819,0.26593231945259427,0.25165147833608736,0.15816293981045557,0.19965515840582085,0.023355446588050107,0.3181714374315342,0.276108836233621,0.17142036808242803,0.2016972782034155,0.1466948409324269,0.16335337920177198,0.2021159675880009,-0.15708573038580206,0.06640426329080869,0.04403290222796542,0.43945006350588045,0.19582015584807858,-0.08177786816830397,0.07185611010793752,0.2634457835076827,-0.0558393273208452,-0.37640407793041614,0.21360193932742028,-0.11741907579749766,0.00033830484881289984,-0.07135302229327668,-0.17254574763996267,-0.1444367893120288,0.28923232868574483
0.15269954510185615,0.08338894051800663,0.3557599133679355,0.3661660429195855,0.36228643976645886,0.6638986429726632,0.20004000542520714,0.31437667736134045,0.23331313889148061,0.2767376512716037,0.30053412092878984,0.24342880901003897,0.29810194373930254,0.24763046488411053,0.2147528111930028,0.2730035914812242,0.2803950525474419,0.2693418062417864,0.42654171005431163,0.367351218613846,0.22139603263202623,0.3889438698288935,0.22255443945418854,0.312213781574363,0.24704926926679235,0.34378247346102403,0.23643847353056222,0.14571706993393876,0.4763791296614681,0.06972546723314968,0.18377147949103156,0.28032788526591906,0.1029177899148006,0.28810641483617855,0.06327840085787521,0.22438160804482826,0.19187523906107268,0.1994224964924964,0.20896095826767638,0.26757995383152583,0.1130102917533773,0.20102596525514888,0.11848322914094289,0.06743947980147824,0.22417603134000133,0.2826669390898393,0.29075834605621753,-0.08256974984869059,0.30683880510163486,0.23284360497080075,-0.1672186612812593,0.13672771612067464,-0.34285485712026426,-0.03770688067430153,0.02572970265489857,-0.0023629452226361534,-0.11779284350660212,-0.03211916232573253,0.10224345478361377
0.23327369968916578,0.47911280534330347,0.2895831016909006,0.3560726609310553,0.2381808908161127,0.20004000542520714,0.4275723227296078,0.14142734070686028,0.2601880997602592,0.22432982513525135,0.21401795540564195,0.31825584392810063,0.2400737160254698,0.1380255362468842,0.13148506016485312,0.2061386598203929,0.21759046458879763,0.23523752811985543,0.17713037058643455,0.15207116252398034,0.22960870498673425,0.27403268377974205,0.15549800794958238,0.21549604532673422,0.21171617722997077,0.20216796976142443,0.19451386238881974,0.04236268024935876,0.2921710346408846,0.03429257007764985,0.15071555253629246,0.17720999983246463,0.10938096500211203,0.19718845265489807,0.13511126651578081,0.22465992042238261,0.16165294481555892,0.09409543541082874,0.19485089961540433,0.16335256646190874,0.11289759466881116,0.20002296243894138,-0.175182013663898,0.01333721135090795,0.09426529136136332,0.21790511540781488,0.09384842814409428,-0.09362067947485637,0.11941963562802889,-0.0057782806626562955,0.0073593629034448705,-0.06506162805630548,0.01020283724822234,-0.0663800133884482,0.14823573855250563,0.04830245218997576,-0.10144079007993871,-0.06838881429208256,-0.11124590107305889
0.06789622101821154,0.35552626725408015,0.4157685013827801,0.3911716329860278,0.273049485646889,0.31437667736134045,0.14142734070686028,1.0210178114866195,-0.08755473894466351,0.31904245986213,0.42238238004117373,0.24353655287105372,0.39236478559646687,0.27124895848656055,0.2770748619677079,0.2703903849996462,0.30106454292093543,0.3213853831738859,0.36480947367274286,0.4513733575558147,0.16690413869896434,0.2629973770176479,0.15296115666643587,0.19730854418399651,0.32063935337369104,0.2885204569831843,0.29121309520377275,0.11204237982366415,0.49326454674353704,0.34996015354043314,0.17414697274949695,0.25329656149353746,0.1971422900979766,0.28390161576688494,0.32835866073111697,0.1411777812159194,0.2758709677068557,0.23153836161015295,0.40416221400727165,0.17484278115388607,0.3364199701038686,0.17471342590748176,0.23992985369147438,0.04336702831618223,0.1247140536548342,0.32597749264192505,0.4779455275029379,0.1376847483303373,0.6373315358557247,0.17110760933670405,0.07256305436440588,0.00823749084756714,-0.22364776881293955,-0.09084826360241038,-0.05664347481302352,-0.06184169003243609,-0.09290804191021568,0.40204968952417797,-0.2637731953758699
0.22966349170404024,0.4293982671974594,0.45842094909204645,0.18029860655209143,0.08863091821156967,0.23331313889148061,0.2601880997602592,-0.08755473894466351,0.8526330561987501,0.08882131248549176,0.09349329688658929,0.18485772049523636,0.21704483650499948,0.1238391441127367,-0.00031813577813410065,0.15233828999257357,0.20151079079299655,0.21716654260523596,0.14633446881564158,0.09215189473557979,0.26465502321249246,0.24278575302192512,0.14207072769773946,0.262412997011811,0.11064269794982087,0.2863682870181421,0.15108226178047676,0.1279764009673265,0.15407598082876747,-0.09554495933966727,0.16555648181889585,0.16572219193861334,0.0931777016005002,0.18881154478286372,0.10512707029216134,0.22194005580588816,0.13891864535388088,0.06473959450670999,0.11280318592343613,0.23985662568861482,0.07241057776586657,0.21751178176551272,-0.18141452432750121,0.024423847459850885,0.19734221390206116,0.1750651604939547,0.04903643992676102,-0.11875568564582033,-0.05966075533192096,-0.016200125861534888,0.026575960219201958,0.08637927242327971,-0.08849145968163027,-0.04734305131511932,0.10982786912955586,0.15686371659662077,-0.10236048940633502,-0.297999107674854,0.12637550925206129
0.15552652863661057,0.6625331142726012,0.37304836727852675,0.4322632813524507,0.3669124772918424,0.2767376512716037,0.22432982513525135,0.31904245986213,0.08882131248549176,0.9255233995548998,0.3828375036066405,0.40434020391612313,0.3377522358687283,0.26664154166561327,0.456592382224214,0.300622573304002,0.3390825846331943,0.4045416487849165,0.3239932960149838,0.26196142846519577,0.200991883234972,0.27922647518593413,0.25373519521406834,0.3495797197531158,0.3337282425983281,0.3212655124770745,0.3082806179733406,0.11071513325389924,0.4748205613558641,0.23077158063000852,0.2549259960997087,0.26328949610571906,0.16221710537643683,0.3078079488826902,0.3507415501705315,0.2761418742553943,0.1949853787603476,0.1521374817720492,0.207900059488632,0.2250512372719586,0.3564076374247804,0.22981017052918154,-0.05956631082644408,0.0456313852012454,0.05590876464429187,0.4109693826685788,0.32719961844947076,0.0666586751034365,0.35956469124243406,-0.17302687700437464,0.10888748475225903,-0.14049438557151997,0.03368492163866067,0.12010908359663343,-0.020525404803076384,0.09856064917418329,-0.1406852451717703,-0.3046845519009117,0.2692432747861548
0.12179406128133073,0.4410889443390356,0.28423479927497974,0.36580597229637885,0.3298009019177439,0.30053412092878984,0.21401795540564195,0.42238238004117373,0.09349329688658929,0.3828375036066405,0.672398352689065,0.40226852253014955,0.38656383324092924,0.23939876245761227,0.34952970840163156,0.311849047489731,0.3443093186099739,0.2948669590649745,0.30534336777115406,0.4247773716179645,0.2601481911585523,0.22388176844591134,0.21050339840528642,0.27357938172017626,0.2989094673551463,0.31764278430895837,0.31628505828067827,0.08153326198303544,0.47143369612528435,0.2528472309503,0.23222352615999073,0.2532517414152863,0.14211543821980324,0.28840108980894164,0.36488669175367894,0.24119054896080344,0.19289371288112947,0.2263642172898153,0.31048178948458155,0.22411827401067544,0.32087575409325375,0.24654208221489626,0.02914509400377278,0.03649411721494004,0.19903745479973983,0.37144328630154755,0.31067055062239934,0.08031144857646931,0.22855089063757278,-0.047923229278914056,0.06877289272440473,-0.10723565109210118,0.030439415124703762,0.033927829423523334,-0.09034243063399475,-0.004720081045541338,-0.14300324298997236,0.006708898126114946,0.061516471775556615
0.1660109775822254,0.39713609292751495,0.2911257846905162,0.4313442413980962,0.34376921696675494,0.24342880901003897,0.31825584392810063,0.24353655287105372,0.18485772049523636,0.40434020391612313,0.40226852253014955,0.7513396034662465,0.3314004886287724,0.21350011419077677,0.22554944536092328,0.3183368155500503,0.3316946785221122,0.298952476789936,0.28180669063452396,0.2765049106503024,0.2303829179226276,0.29117442851731723,0.2652199600059258,0.26806859544525835,0.3328477938722856,0.2845291583510007,0.31987474325295784,0.020947137771456795,0.42315074949822484,0.10026923819962243,0.20401940709062427,0.2758940084298597,0.11553859109700743,0.2888508431909028,0.2325196931859,0.3016482728869578,0.025092467477423712,0.15802138910836508,0.29200971577582985,0.16082665907327057,0.2510466408614776,0.1995627477441325,-0.10745030543138773,-0.0014058980559830013,0.18422120554582244,0.2927309127308991,0.19580671781036088,-0.02755181154015683,0.33134300739360817,-0.1447144373728367,0.1472838562074135,-0.043716479644315666,-0.052724013415430704,-0.014993656688132476,0.04996987797936152,0.07237893293557253,-0.14203202704767445,-0.13264158492707354,-0.14617305952058637
0.14415892602737773,0.41241580057351646,0.37373863903160925,0.3758657634892507,0.32835527992554153,0.29810194373930254,0.2400737160254698,0.39236478559646687,0.21704483650499948,0.3377522358687283,0.38656383324092924,0.3314004886287724,0.5639664387694638,0.24368506280238492,0.17988468602983285,0.3004801128940889,0.30887904665121524,0.2781292476491096,0.3193693589292258,0.3010182112733734,0.22988136763454867,0.3463399203736373,0.24009539357705525,0.31036658784383825,0.2741957735406708,0.2960372653335863,0.2912638520302499,0.05013879192559689,0.4550871729451076,0.1797544793113218,0.20186595872388127,0.26836731433680816,0.16123648343851688,0.2787137191062411,0.28155556128747067,0.23270757045157567,0.17785258303577756,0.1697384898174827,0.29064710321610865,0.17616743439887214,0.2590310154876853,0.21546844430417164,-0.01586413662220549,0.04405441027019726,0.11057807061971756,0.3296691495608765,0.2781026664971167,-0.012862241062489985,0.3328573274504488,0.10366807570381978,0.07353349128266282,-0.11737107441567042,-0.07252143166089224,-0.06222117767245209,-0.08849723469986205,-0.020061990809836186,-0.15320108484676906,-0.2639338743935088,0.3672827732570434
0.1902013233460238,0.28817891970426096,0.26109934640211296,0.33754030225579185,0.2574889437001058,0.24763046488411053,0.1380255362468842,0.27124895848656055,0.1238391441127367,0.26664154166561327,0.23939876245761227,0.21350011419077677,0.24368506280238492,0.40854459807221694,0.27401921389691314,0.2879397731384176,0.20131085703230162,0.2024154129597535,0.2265585345290654,0.2706192638177634,0.17961521139656253,0.25229906814924413,0.18956548994150502,0.20033956602608902,0.20165565627198628,0.2535596546302818,0.22845083991475598,0.0405447534195482,0.3464985053167303,0.237780232525064,0.18022466355879369,0.3020331050415179,0.13675714545361478,0.1956863621218674,0.20192993381718588,0.2047883947762745,0.17289185165780027,0.1431321189054774,0.19264929019080934,0.14585992259878397,0.25208715330873477,0.1709797174974816,0.15053104155524366,0.04634701193508408,0.12856390393050496,0.295456999906257,0.29729976373151984,0.04196196771395626,0.4183247196330055,0.02389462548454351,-0.0006521068491149252,-0.1285299637080229,0.0887547633084846,-0.024498215021395583,-0.1675370642521902,-0.021095820196983386,-0.04437370702697461,0.0924965495699477,0.07750093050887182
0.15191979770013114,0.7237276474387095,0.3134570936924953,0.3027137237865149,0.2778629122679943,0.2147528111930028,0.13148506016485312,0.2770748619677079,-0.00031813577813410065,0.456592382224214,0.34952970840163156,0.22554944536092328,0.17988468602983285,0.27401921389691314,0.9021751104623922,0.23521017756161217,0.1624790876159336,0.15337419658392862,0.20122338201083903,0.37107725479445397,0.2231606051121147,0.10006469979782517,0.1676061098624946,0.23831343417072753,0.3083113068614507,0.17251901413876633,0.2750042910405741,0.08339953237378425,0.41670193963659174,0.4393656493564686,0.24010905019886705,0.18689186429091187,0.16117741540096792,0.2548660487138472,0.36634641342345237,0.18644790951910983,0.3228218418095517,0.18070233526879526,0.24789579805712517,0.12266787794889894,0.3333686371551377,0.22224297958717362,0.19290335434285982,0.06745666802755688,0.06615129117972597,0.3984872651111106,0.3385293705569739,0.18174779613172415,0.36211242921835834,-0.13669644385312252,-0.030959794081376675,-0.087446998297599,0.1994055869934404,-0.010650871869073769,-0.04068824775592601,0.062045008205840406,-0.22842744180669852,0.039987897718871894,0.16579095491060644
0.1476265271075984,0.31408524952807354,0.23542201481545913,0.3601246087080551,0.3227586059888344,0.2730035914812242,0.2061386598203929,0.2703903849996462,0.15233828999257357,0.300622573304002,0.311849047489731,0.3183368155500503,0.3004801128940889,0.2879397731384176,0.23521017756161217,0.5465422033740158,0.29275848608033256,0.20155644721768082,0.2831645186388884,0.2863885278846475,0.2047853579740617,0.2919302461410569,0.17310183821165434,0.2615784369252082,0.25397982571328565,0.26035495963254585,0.2809656580915443,0.1427477967520557,0.392970845706108,0.2081426226286754,0.18494955986416936,0.2820035854625765,0.14357244147620132,0.23963998406296885,0.2630308662922387,0.25697251058782306,0.1759295902860923,0.15405024787554744,0.2388858144288433,0.19370137290638675,0.26350279228819173,0.2009173420614518,0.08252341726054875,0.04640236811345064,0.16564576175248796,0.28277413352833425,0.24716392587367222,0.00046366489038089393,0.3279737773973693,-0.028372260904680518,0.00023613771304510607,-0.04923147410793062,-0.04519018559674332,-0.012496450254232362,-0.04193311914516697,0.012352537286136318,-0.17023169014102438,-0.050042662245615745,0.16593388897326816
0.1320449571413159,0.22502105024826904,0.36642398662441966,0.3143966522382346,0.24774714197026826,0.2803950525474419,0.21759046458879763,0.30106454292093543,0.20151079079299655,0.3390825846331943,0.3443093186099739,0.3316946785221122,0.30887904665121524,0.20131085703230162,0.1624790876159336,0.29275848608033256,0.6635122442562288,0.16880024548681807,0.2886106186043051,0.3714703735542025,0.2478902225659297,0.3692076693213685,0.1908199412416822,0.22033494068756096,0.2730945023063112,0.2488209796964211,0.2624951989549902,0.24455111913680172,0.3696564444559339,0.16180599576083163,0.2100457777896737,0.24542608622802325,0.17161488073058384,0.3070586827196855,0.2951718748957409,0.259946960785109,0.28040617917045435,0.20862069995633908,0.3294958842964414,0.20376332660102747,0.2507723197048964,0.260762120784997,0.006978498887733864,0.05057628393217736,0.3173589047667423,0.26354972695916756,0.24322521173914236,-0.030369310692105828,0.255750968485663,0.08567977870656578,-0.006759276682830251,0.08358447305631433,-0.15206862813543487,-0.006791728971962845,-0.19011224906797844,-0.04333354528930439,-0.07599830503622546,-0.023610279660281,0.12694873708752508
0.18430995987679227,0.5655370084685425,0.3560097719661364,0.3855359594370891,0.2523710456338002,0.2693418062417864,0.23523752811985543,0.3213853831738859,0.21716654260523596,0.4045416487849165,0.2948669590649745,0.298952476789936,0.2781292476491096,0.2024154129597535,0.15337419658392862,0.20155644721768082,0.16880024548681807,1.1726757744722869,0.28161549120472584,0.04524787318536405,0.30047611896902504,0.29700311590343126,0.25537812542180605,0.3340183054790348,0.25890687824753794,0.5081998588681018,0.1496530711224926,-0.00956199726632497,0.4432740781409222,0.08455194576952685,0.14141013189236967,0.20268115405581494,0.17307818047980547,0.25848813179356916,0.17928436440132361,0.2652884821883583,0.08244797076211516,0.037365553740149444,0.09093099911970041,0.4089948514042906,0.32652621452864994,0.2589639661344546,0.1005220163093933,-0.015893989592872623,0.3063097325506854,0.47370342547934846,0.5145040872844202,0.01051069500917582,0.2383163112695266,-0.1435799226232123,0.2637268017035274,-0.28138257660190125,0.15036820589614402,0.04678781710322321,0.1663596979243065,0.0797855982111432,-0.12573585282739091,0.17564958266534073,-0.3261682971303012
0.09345893277485587,0.2185147036699479,0.20855497198106562,0.357520033672894,0.5000744551701777,0.42654171005431163,0.17713037058643455,0.36480947367274286,0.14633446881564158,0.3239932960149838,0.30534336777115406,0.28180669063452396,0.3193693589292258,0.2265585345290654,0.20122338201083903,0.2831645186388884,0.2886106186043051,0.28161549120472584,0.8357207598656841,0.30598702938471545,0.23766786932425354,0.42236673698008453,0.1508447824534402,0.2362453429012857,0.210233640125085,0.24401205032065668,0.2215266130806973,0.2492452274059125,0.3539079790127222,0.044519151454740113,0.23731705580356502,0.2945282323524051,0.16118030008888204,0.23575049392781658,0.10694882172725168,0.3311194341058352,0.2202001935660842,0.1847161439852175,0.20507831206863494,0.144603275454803,0.13560326301617834,0.21742443103181605,-0.06650601427837606,0.04825102866955551,0.10064723932411936,0.300973798709797,0.12318291039021811,-0.15366607104781316,0.09828178688607263,0.2913426671406351,0.10490628206774318,0.3240104536324312,-0.6157152263578779,-0.13207990415766022,-0.07329792170565176,0.021903887374155218,-0.08487113658748044,0.04582488577469327,0.02263977489645505
0.14089844049435693,0.20862918080612183,0.379419863703205,0.3108089127988279,0.28088517874565855,0.367351218613846,0.15207116252398034,0.4513733575558147,0.09215189473557979,0.26196142846519577,0.4247773716179645,0.2765049106503024,0.3010182112733734,0.2706192638177634,0.37107725479445397,0.2863885278846475,0.3714703735542025,0.04524787318536405,0.30598702938471545,1.0978341080998768,0.07543962532703372,0.12483344976895651,0.3710013281565019,0.27434773691253617,0.29861750969786083,0.37509779611289223,0.39710278783891695,0.0316761120871961,0.5954267482992678,0.41438230901333617,0.2843280572456542,0.2612584331452427,0.12075924490441263,0.3854990303468279,0.2882690938343163,0.15284133833015617,0.3578319508897224,0.5290857848348269,0.29220644963345394,0.15329355305767725,0.37684798440339806,0.19719294395493162,0.40375033245056974,0.056921523960765434,0.1456231984381114,0.27675889762478256,0.2276056766865533,0.22301848454463538,0.5523154240979969,0.016379356197503477,-0.019482462908617843,-0.017235220512500912,-0.02676976340224589,-0.054014204004548844,-0.14768927680319874,-0.09979308733466359,-0.09157655980648075,0.07822728936076391,0.11698277227527097
0.17816996664177903,0.687261306080198,0.293556513999639,0.2634868357097648,0.20564639646926572,0.22139603263202623,0.22960870498673425,0.16690413869896434,0.26465502321249246,0.200991883234972,0.2601481911585523,0.2303829179226276,0.22988136763454867,0.17961521139656253,0.2231606051121147,0.2047853579740617,0.2478902225659297,0.30047611896902504,0.23766786932425354,0.07543962532703372,0.6961163275437023,0.21819489658271007,0.09747209448441678,0.10007991697343943,0.2078441671772239,0.11021064313400052,0.1663147135978436,0.0742102478485006,0.26436044027426336,0.2454348948722676,0.17799028477614343,0.20138468663172696,0.12949752868543035,0.23384947908409348,0.47450039387207843,0.217347330157365,0.41402911013499466,0.06909293741510131,0.32620366360684777,0.4230401262183708,0.1988968466801555,0.4854784460017676,-0.2382970109623828,0.020731340968759383,0.4326262647987866,0.31219197442729285,0.3374568490954476,0.037566791709440835,0.16938683514604497,0.08761147301380438,0.05136523415428862,-0.07943556597535355,-0.05985022359313829,-0.016646364702228803,0.017856793528224217,-0.004385155238547264,-0.11377002341051899,0.1180255580686768,-0.03582626210927285
0.19680855582123896,0.05810704297832956,0.3588914439950844,0.3693054117479704,0.33047749155279393,0.3889438698288935,0.27403268377974205,0.2629973770176479,0.24278575302192512,0.27922647518593413,0.22388176844591134,0.29117442851731723,0.3463399203736373,0.25229906814924413,0.10006469979782517,0.2919302461410569,0.3692076693213685,0.29700311590343126,0.42236673698008453,0.12483344976895651,0.21819489658271007,1.3557865149721773,0.4048847006601767,0.2272489308976722,0.3106612994983403,0.1754736876679217,0.2163622540189482,0.01826472836709723,0.45863129150774334,0.05237364220740473,0.2555308252326678,0.36366306297447654,0.22571017648511307,0.38365100887962594,0.17336937927905477,0.3696833832004202,0.1328937813437478,0.10981553154001447,0.3939498626529147,0.2715043385974435,0.04129359807648701,0.23037345712918142,-0.1508712284031871,0.10993857021715188,0.0887835234997604,0.35623499286809485,0.27115894422798487,-0.5793052615498527,0.6775543734978786,0.1557516222941126,0.04924377628584707,-0.06223543819615359,-0.30836959917934165,-0.1455331287195645,-0.0489245363840498,0.057638098890386714,-0.14754486004117132,-0.0540575951607102,0.04828929800996481
0.17030118535012584,-0.7975520707841319,0.34325581401313116,0.23772727443365563,0.1978160276561453,0.22255443945418854,0.15549800794958238,0.15296115666643587,0.14207072769773946,0.25373519521406834,0.21050339840528642,0.2652199600059258,0.24009539357705525,0.18956548994150502,0.1676061098624946,0.17310183821165434,0.1908199412416822,0.25537812542180605,0.1508447824534402,0.3710013281565019,0.09747209448441678,0.4048847006601767,1.5735633811188963,0.32906049570116414,0.38344119647809516,0.19935466256298603,0.1598220625446655,-0.6523713499742755,0.5513281876081058,0.12946490526940838,0.2785276732809577,0.17112492187481732,0.00783572598383569,0.487667592743065,0.16484834617334912,0.43388688138172316,-0.1446431329824223,0.17782384941997045,0.24737049769802233,0.04598077708864323,0.20968479597517736,0.1365975808756127,0.020299772933897516,0.1766168521411567,-0.10010199145456214,0.3462973886271293,0.18645208436201643,-0.17318705052414973,0.1722374242356209,0.2459782449770014,0.13757891139716844,-0.20161485016739483,-0.1307212493000364,-0.07505015805295859,-0.15607361657412966,0.027195225716952126,-0.15738028805602164,-0.2711196628812796,0.29549476896025173
0.12537118419104706,0.18734744949229942,0.4288041868253896,0.3358966074881864,0.24732260084464616,0.312213781574363,0.21549604532673422,0.19730854418399651,0.262412997011811,0.3495797197531158,0.27357938172017626,0.26806859544525835,0.31036658784383825,0.20033956602608902,0.23831343417072753,0.2615784369252082,0.22033494068756096,0.3340183054790348,0.2362453429012857,0.27434773691253617,0.10007991697343943,0.2272489308976722,0.32906049570116414,1.1109395667208204,0.32783503612742587,0.36300475134438837,0.18633193242785284,0.11534826977545182,0.4137937784988589,0.13708642391436943,0.1300769332371952,0.19494895477724636,0.2376759980949468,0.17431487009417532,0.22023530561418272,0.368006070839085,0.08724001724425243,0.13941998491423438,0.12411071073070118,-0.021102560928782675,0.15051095773723638,0.13419062167403628,0.08365410652545549,0.04723461064478508,0.012970174080607542,0.33273784556140007,0.20106233637495216,-0.07555925572693135,0.050738836834297016,-0.019077277529945095,-0.07829180222080717,0.04057430054248836,0.0019562579322377075,-0.038329551733646584,-0.05709805284982884,0.14097738406680238,-0.17428221003010885,-1.181732756589449,1.1810520017555353
0.1534781349078988,0.26913499079916614,0.33117924656527686,0.31008939546953845,0.21666448745729386,0.24704926926679235,0.21171617722997077,0.32063935337369104,0.11064269794982087,0.3337282425983281,0.2989094673551463,0.3328477938722856,0.2741957735406708,0.20165565627198628,0.3083113068614507,0.25397982571328565,0.2730945023063112,0.25890687824753794,0.210233640125085,0.29861750969786083,0.2078441671772239,0.3106612994983403,0.38344119647809516,0.32783503612742587,0.8602951356608785,0.1406960418786483,0.24759217051500496,0.0007776567286985826,0.5462275515888517,0.3248752630385905,0.1989521858270305,0.19714348415187088,0.12131129211953716,0.4877998621705632,0.35400839268939344,0.32283291051301743,0.13803559034102897,0.1656075583464511,0.37500701343355414,0.16612297383664212,0.30894880458872964,0.21299741692342958,0.11341952787589189,0.08275524532598,0.10762538400424441,0.3669616567273254,0.34113496137702304,-0.0019582374719194205,0.3690744664470826,-0.48361932188334933,-0.04705971572817235,0.065019045381351,0.26188883942370117,-0.0031735012862301047,-0.03951293375273017,0.08403694774593845,-0.13099500824206786,-0.07612702364725862,0.021600181752723092
0.16095456733279587,0.27259815837195966,0.3062673146395599,0.35691108154182444,0.2786426852803758,0.34378247346102403,0.20216796976142443,0.2885204569831843,0.2863682870181421,0.3212655124770745,0.31764278430895837,0.2845291583510007,0.2960372653335863,0.2535596546302818,0.17251901413876633,0.26035495963254585,0.2488209796964211,0.5081998588681018,0.24401205032065668,0.37509779611289223,0.11021064313400052,0.1754736876679217,0.19935466256298603,0.36300475134438837,0.1406960418786483,1.545655665309984,0.3138082137891299,0.11598903185740875,0.12624363546516087,-0.5403191016434375,0.10226573279329292,0.37740410736448016,0.07909353572906709,0.21906836325459098,-0.12159510381606758,0.1731029307166767,-0.4443085060441483,0.19832716826268212,-0.6612392546873698,0.14636843447955417,0.3915294648880935,0.13255872436604396,0.2685970158410862,-0.062295212289130944,0.1253757887796079,0.14110566431624524,-0.08181770751068153,-0.0017283641025414276,-0.09862130427322126,-0.04027014636367333,0.01705101343040846,0.23543958614155364,-0.38566128368515395,0.13945514564409067,-0.1452809207599905,0.07586616495140854,-0.07723668642414881,0.2105103559778977,-0.22719481697427812
0.1420994114476586,0.4964735326637133,0.2739520465281096,0.30695024416775823,0.23997172169459197,0.23643847353056222,0.19451386238881974,0.29121309520377275,0.15108226178047676,0.3082806179733406,0.31628505828067827,0.31987474325295784,0.2912638520302499,0.22845083991475598,0.2750042910405741,0.2809656580915443,0.2624951989549902,0.1496530711224926,0.2215266130806973,0.39710278783891695,0.1663147135978436,0.2163622540189482,0.1598220625446655,0.18633193242785284,0.24759217051500496,0.3138082137891299,0.7859434226074449,0.08652340746788549,0.3508945722951561,0.25024369527732815,0.21156344122327614,0.2831449557424591,0.24675464547552017,0.19212541728965365,0.23696645442532288,0.21709591020862795,0.208361192035045,0.2123538465126137,0.18619717897923635,0.1346990795588212,0.3370809575208249,0.1923522913314101,0.20438092388958476,-0.01902893811220092,0.18305808187365546,0.31333235507303586,0.2225534743700916,0.09549237189986057,0.3563603704822086,-0.026074303433125938,0.020670515279210003,-0.033716883676872186,-0.047260716778744244,-0.013731722377796914,-0.017412833434160772,0.007899707443723265,-0.04669775505546811,-0.07355693024164336,0.020104486682527317
-0.005024137351095292,0.44809453537900396,0.0655837405080607,0.1096043388612546,0.029092578100324985,0.14571706993393876,0.04236268024935876,0.11204237982366415,0.1279764009673265,0.11071513325389924,0.08153326198303544,0.020947137771456795,0.05013879192559689,0.0405447534195482,0.08339953237378425,0.1427477967520557,0.24455111913680172,-0.00956199726632497,0.2492452274059125,0.0316761120871961,0.0742102478485006,0.01826472836709723,-0.6523713499742755,0.11534826977545182,0.0007776567286985826,0.11598903185740875,0.08652340746788549,2.387064714075704,-0.5148776543193659,-0.0816742061524668,0.032908180576555715,0.16825525763205232,0.48388980141424803,-0.02288344795731067,-0.138837684888495,0.24518012520179808,0.41957963960569483,0.022802835340857332,-0.07203914583671323,0.032703556496795315,0.15183637995992394,0.04097708311820284,0.5159438050114483,0.21721783862359292,0.3042815741652388,-0.3419638513885729,-0.19764879040517544,0.0796002987805273,-0.1484807989813058,-0.33358697844413715,-0.16826507493643855,1.4677262772405668,-1.0995104957980413,0.042034836409974546,0.3274570620391287,0.05483033797392216,0.04671981080181081,0.03626846659072519,0.028165121025027495
0.24861381939649957,0.5621715848207715,0.5826932860231153,0.46816564645254527,0.36083771601823544,0.4763791296614681,0.2921710346408846,0.49326454674353704,0.15407598082876747,0.4748205613558641,0.47143369612528435,0.42315074949822484,0.4550871729451076,0.3464985053167303,0.41670193963659174,0.392970845706108,0.3696564444559339,0.4432740781409222,0.3539079790127222,0.5954267482992678,0.26436044027426336,0.45863129150774334,0.5513281876081058,0.4137937784988589,0.5462275515888517,0.12624363546516087,0.3508945722951561,-0.5148776543193659,2.5072856327825774,0.8814637136750376,0.2574369240618886,0.27255853580759226,0.18365356243988576,0.8424434938771079,0.3100715149039525,0.2585756186369631,-0.2085161393000591,0.2451833620187141,0.7333947875237093,0.4838777985333698,0.6057392094501404,0.21308254237758942,0.5401585918045546,-0.16985331932947045,0.41870471322533825,0.42296829709278766,0.6966384957351607,0.03047773569915193,1.1503483510044514,0.10482723032774133,-0.21453672870181223,-0.4912158843467662,0.23991554347954322,0.05999748265797302,-0.1318966687111087,-0.1920697430516084,-0.3449181402868795,0.27410463227765886,0.044796315091917394
0.18460726506885825,0.5509906011026089,0.3727483834995262,0.053262737275078346,0.03821544575247819,0.06972546723314968,0.03429257007764985,0.34996015354043314,-0.09554495933966727,0.23077158063000852,0.2528472309503,0.10026923819962243,0.1797544793113218,0.237780232525064,0.4393656493564686,0.2081426226286754,0.16180599576083163,0.08455194576952685,0.044519151454740113,0.41438230901333617,0.2454348948722676,0.05237364220740473,0.12946490526940838,0.13708642391436943,0.3248752630385905,-0.5403191016434375,0.25024369527732815,-0.0816742061524668,0.8814637136750376,3.3362505120228976,0.2644216274244742,-0.014973978480716006,0.32303071837430675,-0.14450934645607053,1.165994241334157,-0.06938796916081251,0.5772903557483412,0.14297575453986527,1.3234956026964306,0.35998145733882114,1.149426082805832,0.25224596760003026,2.1179518405254987,0.39552758247458275,0.6528063032341395,0.4736963294120542,1.674810607966989,1.0259452522710453,2.638351767288963,-0.3590068032467115,0.018635315444575612,-1.4008687695179796,1.4164893610805003,0.0744613560400835,0.05713737216790426,-0.37536061802028625,-0.240663163058795,0.6668173374049099,-0.03415163920420098
0.10998066161146934,0.19975837315839284,0.16623591998754975,0.2298684505807517,0.26593231945259427,0.18377147949103156,0.15071555253629246,0.17414697274949695,0.16555648181889585,0.2549259960997087,0.23222352615999073,0.20401940709062427,0.20186595872388127,0.18022466355879369,0.24010905019886705,0.18494955986416936,0.2100457777896737,0.14141013189236967,0.23731705580356502,0.2843280572456542,0.17799028477614343,0.2555308252326678,0.2785276732809577,0.1300769332371952,0.1989521858270305,0.10226573279329292,0.21156344122327614,0.032908180576555715,0.2574369240618886,0.2644216274244742,1.1273797421011975,0.18503895959672867,0.10705188498701772,0.1543090236151922,0.3597770026704906,0.5285437790839492,0.20473625566387102,0.17384679237760547,0.41223658140211705,0.11525108215158715,0.25574857860148753,0.20365229187665834,-0.1103236716631587,0.0963111837771446,0.20071631173758933,0.4731051155708009,0.22423889936699207,-0.0885613546610539,-0.02096279646747853,0.09325925557378298,0.00926703149951273,-0.19905074299932884,0.1517137984138259,-0.10563830703515231,-0.14896249808964968,0.18152413429577252,0.06125720825657168,-0.29000674971333334,0.06703542377906292
0.15835250042095825,0.2612918244225709,0.2319402636061592,0.3388030108980633,0.25165147833608736,0.28032788526591906,0.17720999983246463,0.25329656149353746,0.16572219193861334,0.26328949610571906,0.2532517414152863,0.2758940084298597,0.26836731433680816,0.3020331050415179,0.18689186429091187,0.2820035854625765,0.24542608622802325,0.20268115405581494,0.2945282323524051,0.2612584331452427,0.20138468663172696,0.36366306297447654,0.17112492187481732,0.19494895477724636,0.19714348415187088,0.37740410736448016,0.2831449557424591,0.16825525763205232,0.27255853580759226,-0.014973978480716006,0.18503895959672867,0.6973861887381556,0.1462703353886917,0.15519948234455608,0.1049505380142572,0.220968679622542,0.13538653684917393,0.15864310786366922,0.04053878752795616,0.09496554454660966,0.17123723694166126,0.17801695470015697,-0.0007351230829674505,-0.018160027131718076,0.127557747258321,0.2059485069695211,0.10851251471681685,-0.07912191039795334,0.32856744334701976,0.18070491352440857,0.04125453920700614,0.4220160362747453,-0.695813567417776,-0.02034903145940236,-0.24685233856694527,0.007942232108318476,0.2916006062334802,-0.028741102374921536,-0.16007690055778886
0.0906481816812161,0.3652766564157698,0.18949001154266334,0.20368065593988108,0.15816293981045557,0.1029177899148006,0.10938096500211203,0.1971422900979766,0.0931777016005002,0.16221710537643683,0.14211543821980324,0.11553859109700743,0.16123648343851688,0.13675714545361478,0.16117741540096792,0.14357244147620132,0.17161488073058384,0.17307818047980547,0.16118030008888204,0.12075924490441263,0.12949752868543035,0.22571017648511307,0.00783572598383569,0.2376759980949468,0.12131129211953716,0.07909353572906709,0.24675464547552017,0.48388980141424803,0.18365356243988576,0.32303071837430675,0.10705188498701772,0.1462703353886917,1.427774637096189,-0.004592714740806235,-0.011686818560379718,-0.04767096936238675,0.4709620858233459,0.07783509291501574,0.14530537683842892,0.21566576869133122,-0.18620440920986128,0.1714183391949552,0.4337255688639596,0.21964269281637644,0.22691110490411942,0.20593178831328293,0.3854511156878529,0.1921024634514062,0.5334000183371562,0.29075476969013164,-0.0946408968712342,0.17394984253500329,-0.29831305323500906,-0.12712853073673025,0.2241316106680813,-0.18219128436040555,-0.14234756196298434,0.16983357011432937,0.12918819001869092
0.16337380234004295,0.1236949794700992,0.432217270782578,0.29582810640336843,0.19965515840582085,0.28810641483617855,0.19718845265489807,0.28390161576688494,0.18881154478286372,0.3078079488826902,0.28840108980894164,0.2888508431909028,0.2787137191062411,0.1956863621218674,0.2548660487138472,0.23963998406296885,0.3070586827196855,0.25848813179356916,0.23575049392781658,0.3854990303468279,0.23384947908409348,0.38365100887962594,0.487667592743065,0.17431487009417532,0.4877998621705632,0.21906836325459098,0.19212541728965365,-0.02288344795731067,0.8424434938771079,-0.14450934645607053,0.1543090236151922,0.15519948234455608,-0.004592714740806235,2.179405461189678,0.28922945414051426,0.25128031284280034,0.09441357476262142,0.199412882524107,0.35723386936240054,0.16773924080261907,0.45197922659427786,0.3187901896352282,0.32379479532869937,0.19174604947946855,0.052648720045311306,-0.2307686404103476,0.2113003075258754,-0.042947222001135155,0.4418717673224555,-0.591209176576697,0.06359440298106168,-0.0006708163682224,0.36419095895317355,0.002141969143031893,-0.033210820215665654,-0.028061764190737925,-0.2938736766397005,0.01797748893835192,0.18624203519488286
