0.8287396474120007,0.2081493147408198,0.42634052996424493,-0.20381838875997263,0.09073021999484888,0.1185164828784281,0.12797309198543125,-0.018279927134254966,0.07354181549701794,0.02328377514598813,0.05758180195735587,0.06530369169053264,0.017971480696228982,0.06102807680339922,0.06139992686338789,0.052917154534082064,0.06510666450717069,0.05748261139884902,0.062151977925133134,-0.004340008896055273,0.1091776961069639,0.07501002282043538,-0.030976685375936567,-0.01564499512655165,0.05323355693543276,-0.017549827647737583,0.02620720948166603,0.02714810726686154,0.1546491845001905,-0.11128482764896001,0.07079570875514753,0.0424855352427268,0.007658073949611536,-0.12734824339980347,0.05498837000916156,0.04423124448594972,0.014189286575032925,0.10878460151423808,-0.018909085251109754,-0.0472182555611765,0.1324067187588462,0.024415498310849524,0.029225489241822052,0.07528976435719079,0.07075051120108054,0.0776335696843903,-0.03437596639698936,-0.017603444858695822,-0.006009065940887558
0.2081493147408198,1.1365560074953358,1.0248443581533386,-0.22229164418580494,-0.04629347368620116,0.23727669919103356,0.16775558559249468,-0.06795628432915324,0.16283298496000675,0.06618568324945771,0.11408482603588331,0.0656419446188369,0.019671963412067662,0.05594292973651154,0.23420750631645906,0.08394068697625638,0.17564761908869692,0.21349345140205817,0.019542263556542087,0.18375363312805978,0.19219653296925088,0.13438796587546184,-0.21189105395963662,-0.013569755401319869,0.06362849596672392,0.09454008708616547,0.10576788682818995,0.11437001009850792,0.2938736262887492,-0.2476340445364323,0.30980270921139885,0.07488145063499041,-0.04930587244202527,0.11721520658470666,0.25241657271556783,0.10178994456109024,0.16586236090874143,0.15327619559411743,-0.04966983998663719,-0.043939899917848114,0.08462389483816417,0.13802148954253898,0.17978655810613603,0.12947859521707292,0.25806260987776314,0.17577512546992596,-0.008210616640884925,-0.020768919589861705,-0.07297734290579887
0.42634052996424493,1.0248443581533386,2.9608147445585455,-0.2748912085555884,-0.32616926358552345,0.365220280740184,0.21709971982998832,-0.3853041712783772,0.20996978880986403,-0.06357803028675137,0.03920836947035949,0.049937549493330034,-0.02756097314755526,0.016830325044981095,0.1139416847872206,0.04614628472964191,0.13950361617004584,0.0135161161443854,0.013495298562220561,-0.09588143524121275,0.21705837498592953,0.18325129884970484,-0.42639576167034493,-0.12153518089722763,-0.0014409586932447,-0.11854326144477227,0.03341865498845835,0.0017682192321114578,0.4917697268643428,-0.8274783885725541,0.24042850985072559,0.02648516096853281,-0.08821879092339358,0.01759653359728739,0.10779937700213431,0.3389323648105207,-0.0654371977180107,0.1756674815787443,-0.544117625558007,-0.42236531044445397,0.1759012626344326,0.12179851833925567,0.002434180078755711,0.28807761905696205,0.16626446332457376,0.2914314960814554,-0.3060737063785413,-0.050880936718792076,-0.29372889841926175
-0.20381838875997263,-0.22229164418580494,-0.2748912085555884,2.4150492374327293,0.21134535179271377,0.32780851807642053,0.2965135736841591,0.3973126359564336,0.08309111515122534,0.35045890712959377,0.310423264539768,0.41541894171077337,0.0912713557282693,0.3442181837991611,0.12977952585152042,0.3000427064540026,0.21964529945565,0.18859122606384845,0.14645642789429134,0.15784788064992622,0.2162649272418834,0.21925796853515164,0.33757735880654305,0.20030131226726772,0.24781411181430413,0.2435293594329594,0.1879613310384961,-0.023914963846889167,-0.09123468252134405,0.20191413827363613,0.06354491264804649,0.3021235732344726,0.1318431522172772,0.30796042703270826,-0.18972256938015533,0.15969003438858806,0.17878909257785686,0.2692712645766645,0.2963239354127182,0.13694825486673992,0.24375742825665442,0.09619602737180864,0.1899525594836623,0.35419892754237126,-0.19921211472841344,0.20123383899180625,0.2955541897409917,0.011527102968669833,0.08099368372671199
0.09073021999484888,-0.04629347368620116,-0.32616926358552345,0.21134535179271377,0.9070219425641192,0.18287163703923986,0.12375727616349153,0.3067205632092247,0.020084675647055534,0.1860564213448693,0.18335907239685242,0.23081556510190598,0.0863593856664197,0.1562734938960238,0.16057194351309928,0.16124986956603934,0.11555240359908105,0.12820147341298987,0.3103067814960307,0.20429138368576444,0.10063933466204772,0.10371207639452852,0.20924798316802665,0.09341958097960783,0.08849999086443688,0.15765626239846675,0.1088198764811581,0.006328166302112585,0.07866355952438957,-0.11087218970999872,0.014686954432096347,0.16267169116200833,0.07993950911062264,0.18305826266263092,-0.07974396318892801,0.1314998715774948,0.02091535901052014,0.13616502883398934,0.1631110519912148,0.1442488298568561,0.1107649707831254,0.08367442324313878,0.03144958702293818,-0.02740308287090874,-0.1396731202709593,0.09304822882458874,0.03373661911065971,0.022428846295038836,0.2004463451007569
0.1185164828784281,0.23727669919103356,0.365220280740184,0.32780851807642053,0.18287163703923986,0.7430881272080649,0.29546504519160854,-0.04471424052952834,0.12115307478104324,0.1346140861661282,0.19296770423538603,0.2088943725317865,0.058890617598290125,0.13610487794062126,0.18101249883211804,0.13563812099913305,0.17489452376336773,0.10359041890802866,0.32447704270209227,0.19110281811639426,0.16149211336859598,0.15400552110360038,-0.057514785953008365,0.03484634344472268,0.04698400046673718,0.1511530371222916,0.10582315775940908,-0.0057580932355497565,0.11309480709948871,-0.23315115036794792,0.14266086869148578,0.16242243593472275,-0.050560865158227684,0.20779708633921906,0.03246938456307041,0.1428322446811714,0.03418756734333487,0.19355364220724736,0.041492542599612756,0.05594792212952367,0.1325450394897956,0.09937161924693698,0.1255374016983549,0.14797257509776668,0.024544665260915147,0.1477335945604639,0.04135472100611227,-0.012781875050886557,-0.032578835625460746
0.12797309198543125,0.16775558559249468,0.21709971982998832,0.2965135736841591,0.12375727616349153,0.29546504519160854,0.5506012727516703,-0.07305634515654896,0.2003553834992212,0.1300821622528463,0.19175009957303932,0.2773703722120872,0.04502150711488966,0.08661479709060829,0.09342127344655851,0.11369807508238235,0.14922972099403023,0.15951959490942186,0.09689910053840284,0.01707295045122668,0.20564967742661852,0.15792120926071113,0.22727880545476284,0.09390460889118672,0.1242485839414433,0.07933022578654855,0.106078240210049,0.030234413010564166,0.08810407992112566,-0.022351569213243626,0.04270008924015424,0.13313896182831417,0.08553868234913593,0.13356697554539093,-0.0002880729340806444,0.16408471247303597,0.03538997537170958,0.1322849911573575,-0.029750274387916577,0.0007905386458840886,0.13638369952773904,0.0904573497397444,0.04242696088704085,0.1004939691630154,-0.10308864032918315,0.1294217956927689,-0.005309895556042547,0.0006210906980059041,0.0946682965676893
-0.018279927134254966,-0.06795628432915324,-0.3853041712783772,0.3973126359564336,0.3067205632092247,-0.04471424052952834,-0.07305634515654896,1.1423118670498726,-0.06679430020446724,0.3587604362624727,0.3074559433957306,0.2635985213227507,0.13234767522949178,0.2766531263744583,0.13590653033101036,0.24317458003036507,0.25934038718961994,0.25717323417155724,0.12586337488944482,0.3994937665318531,0.0613180737130053,0.1379040261221351,0.2981048150053318,0.19322295243268095,0.3208587766113566,0.3187620180891587,0.21809350846990716,0.29553103898100574,0.06435813021134187,0.4017989492118375,0.16476392506400991,0.19002287558832914,0.0011390380694400865,0.33161730364900127,0.5402979539674195,-0.1399313215866287,0.5677900010169501,0.22728089215727784,0.6964027070589346,0.3330388239574724,0.19347376026072902,0.19727408724710846,0.4655691895128085,0.2547885273942633,0.2811052712818145,0.16072537008482277,0.5270732323998414,0.023648526918868484,0.2016037312837073
0.07354181549701794,0.16283298496000675,0.20996978880986403,0.08309111515122534,0.020084675647055534,0.12115307478104324,0.2003553834992212,-0.06679430020446724,0.7238157533606652,0.014548637780773527,-0.005135474326287692,-0.006056892700586313,-0.0021406492497047106,0.0696808728463134,0.012232191016086457,0.017833930556699497,0.044675609148896095,0.1445745509309508,-0.01751576070721269,-0.033970762964209616,0.1530969772752552,0.27862972461483837,0.24171086034011494,0.09549792891435102,0.05333615094697025,0.12863522450717702,0.04611893636290235,0.0705271614293103,0.10463544416727,0.019517746004113035,0.05898283185778847,0.09353952508907713,0.1606442324831036,0.08498158494960777,-0.0015827539732606428,0.000188161147769421,0.0877879045529609,0.10091779643419783,-0.06186371159211565,-0.0670134984191752,0.07146985320922129,0.0468538347025895,0.05673307703803608,0.11257752866072028,-0.12305189054180637,0.07249694064067291,0.05780513862642889,-0.03080039373624598,0.3577827121128255
0.02328377514598813,0.06618568324945771,-0.06357803028675137,0.35045890712959377,0.1860564213448693,0.1346140861661282,0.1300821622528463,0.3587604362624727,0.014548637780773527,0.6526329312790132,0.2406543557317348,0.16483593835397292,0.09582136615049164,0.1720795057395401,0.20591638302279036,0.19974944304570424,0.25156492688988485,0.3026344449210934,0.10228881755291115,0.19146748709323677,0.13776499378849552,0.17705068272075059,0.3128890163685136,0.15247076477877664,0.25024302458644637,0.14806844154150733,0.15939576514269918,0.18280814450558786,0.15142226307907694,0.23664010823951057,0.13973845405470828,0.1514271227362367,0.054423332655458644,0.26002858819796437,0.29132696569265804,-0.0037003840196252404,0.364234686881628,0.19061467632527102,0.4475003737447805,0.19580764899233,0.24546666855614702,0.15315338823134292,0.27941525554888397,0.24675083276255988,0.06987624862993677,0.2007475718523029,0.34483343204014766,-0.002122002012148656,0.10648872431398698
0.05758180195735587,0.11408482603588331,0.03920836947035949,0.310423264539768,0.18335907239685242,0.19296770423538603,0.19175009957303932,0.3074559433957306,-0.005135474326287692,0.2406543557317348,0.577945512743165,0.3359242028661533,0.09931347097258024,0.1726893731401116,0.22517257236026317,0.2003961157286909,0.24710141916678324,0.24165525716848918,0.09658734682842454,0.24474608340033907,0.24419447547442766,0.1316190054658629,0.2545520474073802,0.15510141886082376,0.24390239753153165,0.2340600369885048,0.17517533090807064,0.18270529036482197,0.12079322616690467,0.14087204219173072,0.1460242601568656,0.19038913561436227,0.04831367735783388,0.25832465989562237,0.30545714093464554,0.01749777103167954,0.3158950132530901,0.20994811246333323,0.2518670060341602,0.14539205633742797,0.18368512840822002,0.17996781893597436,0.26436363828698883,0.14433100394247972,0.11319229742351,0.17881831462769712,0.2422201628004328,0.012713293658572409,0.028342730458714112
0.06530369169053264,0.0656419446188369,0.049937549493330034,0.41541894171077337,0.23081556510190598,0.2088943725317865,0.2773703722120872,0.2635985213227507,-0.006056892700586313,0.16483593835397292,0.3359242028661533,0.668493086760052,0.08069564221649458,0.17385623492008215,0.11089808932578171,0.1940132514366789,0.14243678188007355,0.12812817687074893,0.14805483221481297,0.16232201871935334,0.12815183239340214,0.10820503674018596,0.18726348189429223,0.1380451547038411,0.20926974249922004,0.16496839250694806,0.21357781431911643,0.10832291309846409,0.026074558117528467,0.10430017332838329,0.07292659660577432,0.20523150581626182,0.031686355985877705,0.2166319433670005,0.18640220319491507,0.21660624931802916,0.16738991537030765,0.17892532386796978,0.1889399033823233,0.1481756786601744,0.14410195351919652,0.16119133126241303,0.16982848791343463,0.10345683978106651,0.042191049358421,0.1640525567631896,0.1456610685235546,0.03281740998284632,0.0734471316172949
0.017971480696228982,0.019671963412067662,-0.02756097314755526,0.0912713557282693,0.0863593856664197,0.058890617598290125,0.04502150711488966,0.13234767522949178,-0.0021406492497047106,0.09582136615049164,0.09931347097258024,0.08069564221649458,0.1937675179787013,0.06659303213789196,0.02359812657545813,0.07821985201561542,0.06289794636390787,0.0843649142579659,0.06391195492893845,0.07901781562246249,0.0408991200141685,0.05616384304793902,0.1335454047530165,0.06564509768371031,0.09639128703982484,0.04902830216207108,0.07627274281882754,0.08486710125959748,0.12130965712594738,0.053505580252789786,0.021358102774543426,0.06904371911045865,0.04662471239437348,0.07099655806896071,0.11561518508969687,-0.014200894971682811,0.13440696484091222,0.05521909377292759,0.16163765540673106,0.07608907888391284,0.057429350876413966,0.05810014910884081,0.11737673285559155,0.06359911384848534,0.045678452163591066,0.060900911403360444,0.08952676990961306,0.006442724202576413,0.0814318708830622
0.06102807680339922,0.05594292973651154,0.016830325044981095,0.3442181837991611,0.1562734938960238,0.13610487794062126,0.08661479709060829,0.2766531263744583,0.0696808728463134,0.1720795057395401,0.1726893731401116,0.17385623492008215,0.06659303213789196,0.46741040601825523,0.13815196306803462,0.2840475177686306,0.16877140049045006,0.15890437264901489,0.10270426426941419,0.17899397562224473,0.21748530181742193,0.21101154592675153,0.13871650429188798,0.13918720398335452,0.16620018871586553,0.3238726683762477,0.15050200985763426,0.10609011116282113,0.07497818954029552,0.10087735742302363,0.16662228886684624,0.3163152065923942,-0.05427264328341201,0.2278397490542499,0.2624947956356792,0.0331163180282593,0.22588111421731513,0.1820666672922313,0.18244581779957694,0.08810168782823961,0.22020735070483632,0.1414567189678037,0.22673440893804334,0.2119282738441475,0.05067438947968092,0.13731288267517802,0.22964809125159458,-0.0068466528867386035,0.3188619903023654
0.06139992686338789,0.23420750631645906,0.1139416847872206,0.12977952585152042,0.16057194351309928,0.18101249883211804,0.09342127344655851,0.13590653033101036,0.012232191016086457,0.20591638302279036,0.22517257236026317,0.11089808932578171,0.02359812657545813,0.13815196306803462,0.6797960531608596,0.15537603450495194,0.24725386725114573,0.31153290136285366,0.10412696111311154,0.2494961440314981,0.27295670322582183,0.10258261200696552,0.3490835668249315,0.15526330191371943,0.3067318261507042,0.23416948390652606,0.11893199551323066,0.17235464803873163,0.14604926300166038,0.20783609540759593,0.1299200901716752,0.14794769830794538,0.047689663181046574,0.24737215634235699,0.26217303650183876,-0.0010256114319514794,0.35708966740050513,0.12898979731693339,0.2266447294948905,0.08446769052115617,0.21330210009166015,0.16137086963509564,0.2344001987204183,0.12856237038928423,0.08305433935397061,0.2054970189478561,0.2639352814554172,0.003185545946567454,0.04859036495247744
0.052917154534082064,0.08394068697625638,0.04614628472964191,0.3000427064540026,0.16124986956603934,0.13563812099913305,0.11369807508238235,0.24317458003036507,0.017833930556699497,0.19974944304570424,0.2003961157286909,0.1940132514366789,0.07821985201561542,0.2840475177686306,0.15537603450495194,0.5112240396487372,0.25181824098812877,0.185974826178531,0.10275182297647226,0.17105697686946597,0.14671186286502277,0.2658229465754826,0.11968556766194263,0.14339297183149952,0.21377007433580678,0.2212288176584574,0.17402878096260826,0.18756108122918025,0.22903743890418315,0.09211514671958144,0.1990550017717788,0.24825901106412457,-0.0014793048877673155,0.2275019091482223,0.37086729469028207,0.03136319777871709,0.3184872946590316,0.16982395461126495,0.3114447671564098,0.17042529980491064,0.17344241344258798,0.19147137783256668,0.308126741521996,0.2581508815462107,0.14560834842319897,0.18716456505584164,0.22688073567517353,-0.020296476378754567,0.19497474654627944
0.06510666450717069,0.17564761908869692,0.13950361617004584,0.21964529945565,0.11555240359908105,0.17489452376336773,0.14922972099403023,0.25934038718961994,0.044675609148896095,0.25156492688988485,0.24710141916678324,0.14243678188007355,0.06289794636390787,0.16877140049045006,0.24725386725114573,0.25181824098812877,0.8841677624041147,0.22400146226417852,0.10839750988954176,0.35714611346803343,0.2637156157394902,0.21776797234221842,0.17315364604572955,0.18133945724326106,0.26621726149353353,0.06709978918569261,0.1641654778320895,0.2536905154064231,0.3616498622271975,0.07025030504274525,0.22618321406579694,0.157584725505972,0.26447823159582723,0.20440304239536095,0.23905435683179044,-0.041276615213827944,0.45582516897926223,0.34524152961288423,0.17417252111378112,0.10937220077749327,0.25266586744278896,0.21065428937364924,0.3709911479791916,0.15888582152242406,0.17010509829370796,0.23604371929295714,0.27471982023378566,0.013635010378841579,0.11414045677275858
0.05748261139884902,0.21349345140205817,0.0135161161443854,0.18859122606384845,0.12820147341298987,0.10359041890802866,0.15951959490942186,0.25717323417155724,0.1445745509309508,0.3026344449210934,0.24165525716848918,0.12812817687074893,0.0843649142579659,0.15890437264901489,0.31153290136285366,0.185974826178531,0.22400146226417852,0.8288251711286829,0.0021260544864552698,0.06335495606829283,0.36389186135608376,0.18922551345086788,0.6189136587638314,0.14859049767360302,0.3626412636421073,0.4262122646464843,0.06125445023209921,0.2656427884917677,0.03314840305995178,0.16171102469205018,0.30631700753252816,0.16944819101417297,0.04533268608445704,0.25943472080913754,0.426949931388307,-0.196634651572693,0.5574369029091971,0.11678062770647885,0.3791342435733292,0.12537429624206833,0.18844002363071444,0.15952705523575333,0.3950291265938833,0.34307669590197,0.2127512789868753,0.18852597536168045,0.4517775437942545,-0.025279507273879828,0.04649912252464465
0.062151977925133134,0.019542263556542087,0.013495298562220561,0.14645642789429134,0.3103067814960307,0.32447704270209227,0.09689910053840284,0.12586337488944482,-0.01751576070721269,0.10228881755291115,0.09658734682842454,0.14805483221481297,0.06391195492893845,0.10270426426941419,0.10412696111311154,0.10275182297647226,0.10839750988954176,0.0021260544864552698,0.6037546948248125,0.16740848844751566,0.0844968479114866,0.09038266848072417,-0.07012659154968541,0.05358905153813844,-0.022612298285790866,0.04877433572879527,0.07354330176748362,0.027635643875323503,-0.00010562215190154947,-0.03583841762172119,0.09978015561014542,0.0975207900068803,0.056344818842426626,0.08785330158355233,-0.027346554983891987,0.17536337051387635,-0.005539734225081309,0.16583368340035481,0.03889957036936065,0.04670084083628108,0.14233788275124887,0.08096163718238908,0.025882803960136903,0.027738602915153208,-0.05378374191352459,0.11912810406121062,-0.049200736287039935,0.0027407896793847403,-0.08174900955086012
-0.004340008896055273,0.18375363312805978,-0.09588143524121275,0.15784788064992622,0.20429138368576444,0.19110281811639426,0.01707295045122668,0.3994937665318531,-0.033970762964209616,0.19146748709323677,0.24474608340033907,0.16232201871935334,0.07901781562246249,0.17899397562224473,0.2494961440314981,0.17105697686946597,0.35714611346803343,0.06335495606829283,0.16740848844751566,1.298529417621933,-0.1768411084626544,0.03987429639367401,0.17440214595726883,0.18868791064110507,0.17686754710603053,0.28116017718799674,0.3080959793504974,0.3116512902138321,0.7847963800158687,0.02634099063571817,0.17657057850552446,0.1616414019739375,0.09732624015615705,0.32496450022735385,0.39872900866004085,-0.004494874731363652,0.492019090988117,0.380896108844309,0.584574028052884,0.49180896379431016,0.002535534111891016,0.2888484406295714,0.5069052521939246,-0.37301745279011644,0.6650408309250891,0.19305926549562938,0.002284305546591371,0.07737807662657278,0.42820779842258866
0.1091776961069639,0.19219653296925088,0.21705837498592953,0.2162649272418834,0.10063933466204772,0.16149211336859598,0.20564967742661852,0.0613180737130053,0.1530969772752552,0.13776499378849552,0.24419447547442766,0.12815183239340214,0.0408991200141685,0.21748530181742193,0.27295670322582183,0.14671186286502277,0.2637156157394902,0.36389186135608376,0.0844968479114866,-0.1768411084626544,1.7068911044539135,0.1581999721635245,0.45357635228437737,0.1953279999628562,0.3477716135784991,0.49502430977030704,0.05459103277809069,0.11438726889488027,-0.39065769551938223,0.23483492370619535,0.06937034204860909,0.3073186930895334,0.10575873221352478,0.20098050548235258,0.16536711013624134,-0.1256010925442843,0.33647221712962383,0.41112857382060863,-0.34708331526294733,-0.30375197762332284,0.8217866965378405,0.15493282384363494,0.12512695640733104,0.47549321275105233,-0.34993740870476386,0.16959610609167555,0.34581740792494153,0.03181612275447819,0.2720391250889062
0.07501002282043538,0.13438796587546184,0.18325129884970484,0.21925796853515164,0.10371207639452852,0.15400552110360038,0.15792120926071113,0.1379040261221351,0.27862972461483837,0.17705068272075059,0.1316190054658629,0.10820503674018596,0.05616384304793902,0.21101154592675153,0.10258261200696552,0.2658229465754826,0.21776797234221842,0.18922551345086788,0.09038266848072417,0.03987429639367401,0.1581999721635245,0.7955767141264822,0.13698143879800775,0.15746184756637935,0.12119300388053313,0.16836755962621167,0.13277275830856283,0.16152752520726255,0.30676987992019017,0.07525375426663165,0.2386733867023417,0.2413040259422501,0.11599313650726294,0.22499051296143138,0.2367541413467903,0.02897247000957312,0.26505185617860694,0.27195314216886884,0.3204151904150342,0.079808665933494,0.23267513331444745,0.15940529235582632,0.2577101443076083,0.4379837497125216,-0.052372502287517136,0.24113563890402295,0.20359910662740585,-0.15363307597185014,0.4902470333317294
-0.030976685375936567,-0.21189105395963662,-0.42639576167034493,0.33757735880654305,0.20924798316802665,-0.057514785953008365,0.22727880545476284,0.2981048150053318,0.24171086034011494,0.3128890163685136,0.2545520474073802,0.18726348189429223,0.1335454047530165,0.13871650429188798,0.3490835668249315,0.11968556766194263,0.17315364604572955,0.6189136587638314,-0.07012659154968541,0.17440214595726883,0.45357635228437737,0.13698143879800775,2.184453135660113,0.4123520518903172,0.7648578529446539,0.050493414072760805,0.1813995216352992,0.2748808681757726,0.5347688741139367,0.4491287971717367,-0.6677229120249716,0.16463123918714004,0.4138006893792709,0.2695140837855068,0.10409767022496785,-0.15331841693979484,0.48916138549151345,0.10456836509948451,0.3151149347217406,0.06581369397824106,0.47485292762225734,0.11963361412653914,0.23671883866314508,-0.08315307445347668,-0.3444402800133686,0.20529913591236582,0.45066265609347833,0.039494984102905105,0.7403418673342961
-0.01564499512655165,-0.013569755401319869,-0.12153518089722763,0.20030131226726772,0.09341958097960783,0.03484634344472268,0.09390460889118672,0.19322295243268095,0.09549792891435102,0.15247076477877664,0.15510141886082376,0.1380451547038411,0.06564509768371031,0.13918720398335452,0.15526330191371943,0.14339297183149952,0.18133945724326106,0.14859049767360302,0.05358905153813844,0.18868791064110507,0.1953279999628562,0.15746184756637935,0.4123520518903172,0.5456650323213904,0.280706304207518,0.1142911337746403,0.13245164602479106,0.39751835534486313,0.09576487891766707,0.7260037531878029,0.18579098086387913,0.1978789858758567,0.645821598014214,0.12500535669050183,0.17591090535438883,0.05859112930994985,0.6187276714953658,0.22117212904805908,0.1759223466306953,0.04887506201273341,0.16534899566363317,0.22517305514883484,0.22847904984995204,0.08213857702584863,-0.038135161117969454,0.2498197144313663,0.42596611281721025,0.07390593117184674,0.243933218905461
0.05323355693543276,0.06362849596672392,-0.0014409586932447,0.24781411181430413,0.08849999086443688,0.04698400046673718,0.1242485839414433,0.3208587766113566,0.05333615094697025,0.25024302458644637,0.24390239753153165,0.20926974249922004,0.09639128703982484,0.16620018871586553,0.3067318261507042,0.21377007433580678,0.26621726149353353,0.3626412636421073,-0.022612298285790866,0.17686754710603053,0.3477716135784991,0.12119300388053313,0.7648578529446539,0.280706304207518,1.6864091856517844,0.28091543791444673,0.19465897183343747,0.2997607311370089,0.5325836087871578,0.40210311680303856,-0.10176658449462701,0.19330170239865374,0.10826805632659721,0.37745843738992024,0.48442247297311136,-0.14005895501415166,0.6837947481840458,0.3467297118920959,0.7311757604211039,0.20041346450821432,0.35574375719453866,0.2239661743112733,0.48493549868422414,0.4985705092872639,0.20932058544220883,0.4524588197990907,0.4436594888061582,-0.005210451056457173,-0.3320093627525243
-0.017549827647737583,0.09454008708616547,-0.11854326144477227,0.2435293594329594,0.15765626239846675,0.1511530371222916,0.07933022578654855,0.3187620180891587,0.12863522450717702,0.14806844154150733,0.2340600369885048,0.16496839250694806,0.04902830216207108,0.3238726683762477,0.23416948390652606,0.2212288176584574,0.06709978918569261,0.4262122646464843,0.04877433572879527,0.28116017718799674,0.49502430977030704,0.16836755962621167,0.050493414072760805,0.1142911337746403,0.28091543791444673,2.6764926624143834,0.265952159850975,0.16785169923559093,-0.8313610935166676,-0.3914475746091438,0.5602959560470969,0.5170188536775036,-0.34203854217225466,0.6713847435991541,0.6110789994399609,-0.3151878491936732,0.3860028566812673,0.1440610190893811,0.31045730842940805,0.38091599301704304,-0.1401771479022077,0.24662903099661604,0.37193530133785635,0.11346237611939033,0.29339404580560047,-0.07910875347761284,0.1365219360286645,0.05589145432515426,0.8854657979997914
0.02620720948166603,0.10576788682818995,0.03341865498845835,0.1879613310384961,0.1088198764811581,0.10582315775940908,0.106078240210049,0.21809350846990716,0.04611893636290235,0.15939576514269918,0.17517533090807064,0.21357781431911643,0.07627274281882754,0.15050200985763426,0.11893199551323066,0.17402878096260826,0.1641654778320895,0.06125445023209921,0.07354330176748362,0.3080959793504974,0.05459103277809069,0.13277275830856283,0.1813995216352992,0.13245164602479106,0.19465897183343747,0.265952159850975,0.6485738562715563,0.12118934130947974,0.22040649050920047,-0.012111382147221735,0.044776831660297514,0.19402594175222573,0.0115112051043035,0.2373845336355673,0.20608349535292086,0.3350109678609732,0.20828758619238802,0.2636053366054421,0.1775175498510155,0.2565558678500549,0.12192306405018198,0.23528848106517722,0.4094213137594992,-0.17875829848640398,0.25376460184846233,0.13648711756944737,0.07166266207762187,0.06273567505097573,0.3856108042897482
0.02714810726686154,0.11437001009850792,0.0017682192321114578,-0.023914963846889167,0.006328166302112585,-0.0057580932355497565,0.030234413010564166,0.29553103898100574,0.0705271614293103,0.18280814450558786,0.18270529036482197,0.10832291309846409,0.08486710125959748,0.10609011116282113,0.17235464803873163,0.18756108122918025,0.2536905154064231,0.2656427884917677,0.027635643875323503,0.3116512902138321,0.11438726889488027,0.16152752520726255,0.2748808681757726,0.39751835534486313,0.2997607311370089,0.16785169923559093,0.12118934130947974,1.6867812769338644,0.2733825107144581,0.510841503453752,0.4485924506297599,0.05296860629448441,0.8348987351936187,0.03238364895199107,1.2252284769182984,-0.43580266065314477,1.2407382284513462,0.21519462171706324,0.6061523996846817,0.3019232395677119,0.06173644382442506,0.4580866336967844,0.6464195567905876,0.2851958339163359,0.5367942429532176,0.2794873863091862,0.4781458732827893,0.09806270506582764,0.05614499991621966
0.1546491845001905,0.2938736262887492,0.4917697268643428,-0.09123468252134405,0.07866355952438957,0.11309480709948871,0.08810407992112566,0.06435813021134187,0.10463544416727,0.15142226307907694,0.12079322616690467,0.026074558117528467,0.12130965712594738,0.07497818954029552,0.14604926300166038,0.22903743890418315,0.3616498622271975,0.03314840305995178,-0.00010562215190154947,0.7847963800158687,-0.39065769551938223,0.30676987992019017,0.5347688741139367,0.09576487891766707,0.5325836087871578,-0.8313610935166676,0.22040649050920047,0.2733825107144581,6.235105969847048,-1.137790857176043,-0.44461389855191674,0.007414831345277863,0.4874261054159363,-0.10290541839733354,0.14347732737317287,0.05682533994279329,-0.15989463256350367,-0.43721822353540357,-0.1172972012588663,0.36221183409119123,-0.39198353521989643,0.11332673456661302,0.27775152661839253,-1.2152134916104587,0.30294875098007906,0.3811990023860246,-0.2878318991646421,-0.011919863709205149,2.2333407787774613
-0.11128482764896001,-0.2476340445364323,-0.8274783885725541,0.20191413827363613,-0.11087218970999872,-0.23315115036794792,-0.022351569213243626,0.4017989492118375,0.019517746004113035,0.23664010823951057,0.14087204219173072,0.10430017332838329,0.053505580252789786,0.10087735742302363,0.20783609540759593,0.09211514671958144,0.07025030504274525,0.16171102469205018,-0.03583841762172119,0.02634099063571817,0.23483492370619535,0.07525375426663165,0.4491287971717367,0.7260037531878029,0.40210311680303856,-0.3914475746091438,-0.012111382147221735,0.510841503453752,-1.137790857176043,4.521338794789458,0.4599665649768995,0.07157367093336862,0.2896996033760576,-0.028489173500955898,0.7646692621218041,-0.16040730588776045,1.498502339101268,0.3939100888577068,0.5839898867545847,-0.19748635078790597,0.7781195590546512,0.2405245733607304,0.5655814062319601,0.8258158878962736,0.4278299004625592,0.36412049598283264,1.8981213422917418,-0.038426484109446775,-0.8467632676203246
0.07079570875514753,0.30980270921139885,0.24042850985072559,0.06354491264804649,0.014686954432096347,0.14266086869148578,0.04270008924015424,0.16476392506400991,0.05898283185778847,0.13973845405470828,0.1460242601568656,0.07292659660577432,0.021358102774543426,0.16662228886684624,0.1299200901716752,0.1990550017717788,0.22618321406579694,0.30631700753252816,0.09978015561014542,0.17657057850552446,0.06937034204860909,0.2386733867023417,-0.6677229120249716,0.18579098086387913,-0.10176658449462701,0.5602959560470969,0.044776831660297514,0.4485924506297599,-0.44461389855191674,0.4599665649768995,1.768533918942326,0.18726418376960757,0.2607443698749444,0.11026734722553098,0.6289957453233629,0.09632718234893532,0.7480851090140155,0.17889984227005645,0.30087868425400266,0.12870176311270565,-0.2177670018861443,0.3071858299932385,0.41096063632974006,0.5778911279310258,0.655668608678789,0.3199074806244536,0.3852117003775836,-0.01892787754836391,-0.7857661269577589
0.0424855352427268,0.07488145063499041,0.02648516096853281,0.3021235732344726,0.16267169116200833,0.16242243593472275,0.13313896182831417,0.19002287558832914,0.09353952508907713,0.1514271227362367,0.19038913561436227,0.20523150581626182,0.06904371911045865,0.3163152065923942,0.14794769830794538,0.24825901106412457,0.157584725505972,0.16944819101417297,0.0975207900068803,0.1616414019739375,0.3073186930895334,0.2413040259422501,0.16463123918714004,0.1978789858758567,0.19330170239865374,0.5170188536775036,0.19402594175222573,0.05296860629448441,0.007414831345277863,0.07157367093336862,0.18726418376960757,0.6093576866103886,-0.09236659250977321,0.2785769819054725,0.2070582375417138,0.07730566252235363,0.10211621490903762,0.19046260924311761,0.08614650915259425,0.06352640651111867,0.17957561064136388,0.13782318110818634,0.19162733609113397,0.1748885623348241,-0.009845031226858786,0.15860174292211426,0.1787105649557606,-0.024628414014966894,0.25782193388031477
0.007658073949611536,-0.04930587244202527,-0.08821879092339358,0.1318431522172772,0.07993950911062264,-0.050560865158227684,0.08553868234913593,0.0011390380694400865,0.1606442324831036,0.054423332655458644,0.04831367735783388,0.031686355985877705,0.04662471239437348,-0.05427264328341201,0.047689663181046574,-0.0014793048877673155,0.26447823159582723,0.04533268608445704,0.056344818842426626,0.09732624015615705,0.10575873221352478,0.11599313650726294,0.4138006893792709,0.645821598014214,0.10826805632659721,-0.34203854217225466,0.0115112051043035,0.8348987351936187,0.4874261054159363,0.2896996033760576,0.2607443698749444,-0.09236659250977321,2.706810969948468,-0.6001013918029872,-0.9101208251097465,-0.18239751403603505,0.8017998461115605,0.327237156111588,-0.25579723690789485,-0.11391875966071602,-0.1702810870144043,0.16409647491233478,0.007561437498803982,-0.45351391967779514,-0.7232540876830875,0.32719000030033807,0.18194513673411342,0.24951408637042852,0.4558791057130787
-0.12734824339980347,0.11721520658470666,0.01759653359728739,0.30796042703270826,0.18305826266263092,0.20779708633921906,0.13356697554539093,0.33161730364900127,0.08498158494960777,0.26002858819796437,0.25832465989562237,0.2166319433670005,0.07099655806896071,0.2278397490542499,0.24737215634235699,0.2275019091482223,0.20440304239536095,0.25943472080913754,0.08785330158355233,0.32496450022735385,0.20098050548235258,0.22499051296143138,0.2695140837855068,0.12500535669050183,0.37745843738992024,0.6713847435991541,0.2373845336355673,0.03238364895199107,-0.10290541839733354,-0.028489173500955898,0.11026734722553098,0.2785769819054725,-0.6001013918029872,2.0167403131089343,0.7623985455599607,-0.07849961400598571,0.3276967080694537,0.09737800563538053,0.10002977884546972,0.1557863702506311,-0.03449465368334451,0.3614523049442514,0.5260230140525182,0.654546812493757,-0.2774725377528676,0.1467714051789015,0.3742709322310321,0.034044268188568726,0.27163040771752706
0.05498837000916156,0.25241657271556783,0.10779937700213431,-0.18972256938015533,-0.07974396318892801,0.03246938456307041,-0.0002880729340806444,0.5402979539674195,-0.0015827539732606428,0.29132696569265804,0.30545714093464554,0.18640220319491507,0.11561518508969687,0.2624947956356792,0.26217303650183876,0.37086729469028207,0.23905435683179044,0.426949931388307,-0.027346554983891987,0.39872900866004085,0.16536711013624134,0.2367541413467903,0.10409767022496785,0.17591090535438883,0.48442247297311136,0.6110789994399609,0.20608349535292086,1.2252284769182984,0.14347732737317287,0.7646692621218041,0.6289957453233629,0.2070582375417138,-0.9101208251097465,0.7623985455599607,3.436626508480785,-0.7768486552731637,1.2384599956586022,0.08015376541858382,1.1452460219621774,0.569523106705393,0.22367383012916592,0.6679433793760896,1.2483873367446598,1.1030505401293562,1.367000505066903,0.2300986600503542,0.7555159014424189,-0.06887186468765599,-0.34796748858120485
0.04423124448594972,0.10178994456109024,0.3389323648105207,0.15969003438858806,0.1314998715774948,0.1428322446811714,0.16408471247303597,-0.1399313215866287,0.000188161147769421,-0.0037003840196252404,0.01749777103167954,0.21660624931802916,-0.014200894971682811,0.0331163180282593,-0.0010256114319514794,0.03136319777871709,-0.041276615213827944,-0.196634651572693,0.17536337051387635,-0.004494874731363652,-0.1256010925442843,0.02897247000957312,-0.15331841693979484,0.05859112930994985,-0.14005895501415166,-0.3151878491936732,0.3350109678609732,-0.43580266065314477,0.05682533994279329,-0.16040730588776045,0.09632718234893532,0.07730566252235363,-0.18239751403603505,-0.07849961400598571,-0.7768486552731637,3.272920059575365,-1.27956390644839,-0.22872887199129235,-0.5348519959204324,0.08403837432640412,0.21348442861698957,0.17264504896964783,-1.0581770553945424,-0.6387725928983162,-0.7292891098470521,0.6041724774417135,-0.39354774847248153,0.10392316848395633,-0.5201049449456836
0.014189286575032925,0.16586236090874143,-0.0654371977180107,0.17878909257785686,0.02091535901052014,0.03418756734333487,0.03538997537170958,0.5677900010169501,0.0877879045529609,0.364234686881628,0.3158950132530901,0.16738991537030765,0.13440696484091222,0.22588111421731513,0.35708966740050513,0.3184872946590316,0.45582516897926223,0.5574369029091971,-0.005539734225081309,0.492019090988117,0.33647221712962383,0.26505185617860694,0.48916138549151345,0.6187276714953658,0.6837947481840458,0.3860028566812673,0.20828758619238802,1.2407382284513462,-0.15989463256350367,1.498502339101268,0.7480851090140155,0.10211621490903762,0.8017998461115605,0.3276967080694537,1.2384599956586022,-1.27956390644839,5.6474423602095145,0.35605680187601857,1.4301660366188735,0.2291256958760665,0.7523197425511706,0.9711080171659806,1.399923473006588,0.5760522132544635,2.8351057162496853,0.48117122010380203,1.431729762108103,0.13708402078500265,0.4913911753135994
0.10878460151423808,0.15327619559411743,0.1756674815787443,0.2692712645766645,0.13616502883398934,0.19355364220724736,0.1322849911573575,0.22728089215727784,0.10091779643419783,0.19061467632527102,0.20994811246333323,0.17892532386796978,0.05521909377292759,0.1820666672922313,0.12898979731693339,0.16982395461126495,0.34524152961288423,0.11678062770647885,0.16583368340035481,0.380896108844309,0.41112857382060863,0.27195314216886884,0.10456836509948451,0.22117212904805908,0.3467297118920959,0.1440610190893811,0.2636053366054421,0.21519462171706324,-0.43721822353540357,0.3939100888577068,0.17889984227005645,0.19046260924311761,0.327237156111588,0.09737800563538053,0.08015376541858382,-0.22872887199129235,0.35605680187601857,2.321050315537635,-0.04934482197594113,0.0634267992667381,0.7883944722690609,0.3704728206532178,0.7846511999925366,0.6734654771783127,0.7634637025246432,0.08676960409158704,0.24161728067373942,0.1293209410802786,-0.4330655020622049
-0.018909085251109754,-0.04966983998663719,-0.544117625558007,0.2963239354127182,0.1631110519912148,0.041492542599612756,-0.029750274387916577,0.6964027070589346,-0.06186371159211565,0.4475003737447805,0.2518670060341602,0.1889399033823233,0.16163765540673106,0.18244581779957694,0.2266447294948905,0.3114447671564098,0.17417252111378112,0.3791342435733292,0.03889957036936065,0.584574028052884,-0.34708331526294733,0.3204151904150342,0.3151149347217406,0.1759223466306953,0.7311757604211039,0.31045730842940805,0.1775175498510155,0.6061523996846817,-0.1172972012588663,0.5839898867545847,0.30087868425400266,0.08614650915259425,-0.25579723690789485,0.10002977884546972,1.1452460219621774,-0.5348519959204324,1.4301660366188735,-0.04934482197594113,5.326113655627382,1.651893256573605,0.05934197646527992,-0.01131075016969678,0.6499120275050455,1.1985541412525682,1.1588317024012944,0.4479781871206304,0.43196060313496965,-0.11048966716769806,-0.06395922404846882
-0.0472182555611765,-0.043939899917848114,-0.42236531044445397,0.13694825486673992,0.1442488298568561,0.05594792212952367,0.0007905386458840886,0.3330388239574724,-0.0670134984191752,0.19580764899233,0.14539205633742797,0.1481756786601744,0.07608907888391284,0.08810168782823961,0.08446769052115617,0.17042529980491064,0.10937220077749327,0.12537429624206833,0.04670084083628108,0.49180896379431016,-0.30375197762332284,0.079808665933494,0.06581369397824106,0.04887506201273341,0.20041346450821432,0.38091599301704304,0.2565558678500549,0.3019232395677119,0.36221183409119123,-0.19748635078790597,0.12870176311270565,0.06352640651111867,-0.11391875966071602,0.1557863702506311,0.569523106705393,0.08403837432640412,0.2291256958760665,0.0634267992667381,1.651893256573605,1.7899693398279186,-0.5540520485720278,0.2671277174531599,0.5615188219929704,-0.09920657203675301,0.9573168675834934,0.2927871698249065,-0.005198367115967529,0.041748102161132984,-0.15124155891352883
0.1324067187588462,0.08462389483816417,0.1759012626344326,0.24375742825665442,0.1107649707831254,0.1325450394897956,0.13638369952773904,0.19347376026072902,0.07146985320922129,0.24546666855614702,0.18368512840822002,0.14410195351919652,0.057429350876413966,0.22020735070483632,0.21330210009166015,0.17344241344258798,0.25266586744278896,0.18844002363071444,0.14233788275124887,0.002535534111891016,0.8217866965378405,0.23267513331444745,0.47485292762225734,0.16534899566363317,0.35574375719453866,-0.1401771479022077,0.12192306405018198,0.06173644382442506,-0.39198353521989643,0.7781195590546512,-0.2177670018861443,0.17957561064136388,-0.1702810870144043,-0.03449465368334451,0.22367383012916592,0.21348442861698957,0.7523197425511706,0.7883944722690609,0.05934197646527992,-0.5540520485720278,3.091177081456065,0.23950517073109415,0.05173804090310412,0.7427054076674383,-0.9783580953036121,0.6515851713131136,0.48525613782907734,-0.04313934262873559,0.4915995442965998
