1.44494766607586,0.5263110561081367,0.6953742591596047,0.055473830197969594,0.10857829003301028,0.08464380298976482,0.416418458990888,0.0645182773162345,0.3264207548832177,0.1869539333527359,0.17614212746451188,0.27236418663834217,0.09129755294668611,0.306963588666765,0.1450212995201664,0.2142661639723904,0.19818714746181956,0.20797139621921298,0.2111368429356353,0.142920555421572,0.23954548885863322,0.2804652208250994,0.13740023774201163,0.17477766665029928,0.23219134053134713,0.2045487772307105,0.16752431200163934,0.08388015648207595,0.20762662434233756,0.1798954488262361,0.24001247843975657,0.2101351593151935,0.20698608325262435,0.10361729162526763,0.18233772765435471,0.2928570379790122,0.26420261367881376,0.2841316779866841,0.22842054234475315,0.052775445446944194,0.2603302336165847,0.1973977501053544,0.15655237692019153,0.19464045923021175,0.10533632983047135,0.3896802648604627,0.2755170113348868,0.06491419582092786,0.11367111631465285,-0.1682290454017566,-0.12356507625805703,-0.1764204446800987,0.4231226604176241,-0.019457359447598344,-0.13934241697356706,0.07731382501272048,0.03277370835095861,0.5820769418393977,-0.6828542221518845
0.5263110561081367,2.785858698403275,1.0440206526311406,0.08884589501352147,-0.017944940360675433,0.24010414334628594,0.2243518425183744,0.28242781989801147,0.4082793547767312,0.24830567690124364,0.256899554742711,0.30504992496467653,0.19904768098638279,0.2847387691435741,0.37958329816406244,0.24529069365608072,0.31567935912715495,0.5018842596264173,0.3288951550930915,0.5205547470796047,0.40519598506526233,0.33218298747175384,0.09080222121985604,0.2388264358132806,0.27716772442687687,0.4655445068781187,0.29398673821866544,0.27453916006692647,0.4804951207189795,0.20865464820316115,0.343379705135458,0.20960119109690292,0.2592806312310176,0.24175929735455154,0.282323770390909,0.374902519230672,0.5669195491485113,0.45172358456730566,0.15032305172773575,0.12536091243808972,0.49344006302681526,0.36274692641863,0.3075772619814372,0.1798114399048615,0.2549543981390263,0.6429935212205878,0.4558209151709076,0.16571443112066317,0.22291087937996396,-0.26818819496215557,0.10707686121684827,-0.04024752636847912,0.20771709483619438,-0.03324508101873617,-0.38922943717518915,-0.030589747180559554,-0.3256175990855337,0.41552969545598817,0.16140334075981255
0.6953742591596047,1.0440206526311406,2.0827133014067014,0.0011260844653267089,-0.3389825160888275,0.34713612744891553,0.20642710700861258,0.3746529822973542,0.5475842401030595,0.3662909613821223,0.22073556844432013,0.2978142365819439,0.2140373639354918,0.20169917520825936,0.319152779993316,0.22559499679466388,0.33142076015806443,0.3805393436684765,0.5123414453155138,0.32708817150564345,0.3489283037790926,0.4226358671350216,0.21593469421100212,0.2555994000620752,0.3057521537025752,0.3741546917767306,0.25662891176548375,0.2329400698875189,0.4421991336756509,0.0765377662060662,0.32095911381889114,0.25134706717325045,0.24973360487987406,0.22997741002116506,0.4060652893721139,0.4712014327697979,0.4398313462917448,0.488017282175414,0.1990939786795127,0.00247576588038275,0.4224097117501731,0.34132044477760065,0.2673219029810235,0.24413067672572225,0.29305408765588553,0.8648092256834111,0.40483741415184943,0.1061138729337903,-0.07629798353263793,-0.003734349166980821,-0.08062277426986077,-0.0481272920840456,0.1227178453533936,-0.005875470150178274,-0.09558200352627003,0.10660881728372854,-0.16152942346252738,0.11538227646844391,-0.09858840887851474
0.055473830197969594,0.08884589501352147,0.0011260844653267089,0.9094620681296384,0.6600573735138535,0.20631716665603886,0.32300224716011144,0.20912707461921656,0.09524456574603549,0.15761802015032422,0.19140547056797233,0.23891842382440803,0.1386897668398364,0.23908650566472414,0.15505687643802363,0.23295641543560072,0.21084459441948117,0.2380568856740016,0.07763961583685335,0.17870482543409522,0.19610556702334117,0.17239031451599848,0.21734132191166805,0.2014672336241795,0.2050685993531249,0.2440921036855196,0.15655877956838593,0.11539062341164011,0.20455232220081765,0.14492104525230723,0.18515103165678773,0.1597811276280628,0.1971915640877936,0.24927289308869033,0.10144565616156795,0.2033367594729897,0.24499077380586678,0.1979525118090583,0.2541185076561661,0.08377494883009862,0.18168666883552662,0.16502258149839277,0.14269128474142598,0.28714851866271696,-0.04326178082973021,0.04511335264440549,0.2564936914759075,0.07223543812219035,0.10024251564518287,0.06581689986874192,-0.12059666000359015,0.01527097224128297,0.046540857061732555,-0.022690457964113894,-0.1275414368548521,0.027372879461975603,-0.1795128321615223,0.22668544687838305,-0.013907163225345022
0.10857829003301028,-0.017944940360675433,-0.3389825160888275,0.6600573735138535,1.7324184710755857,0.004680677813251518,0.28037489339207317,0.23016656978896013,0.06834598715124303,0.10036833246434936,0.21908112541686137,0.17649420086858175,0.15433172670788536,0.177783109354973,0.1614451535618598,0.20636764306891311,0.14562278216707464,0.2201142572499871,-0.032780298671849645,0.15379392853702553,0.17142003813353074,0.1301466717351125,0.22263801118922347,0.17796088523679235,0.17362717292720822,0.2558978364682587,0.11390673134096799,0.04030895778690285,0.1923242825878934,0.06855457426603004,0.13968593642816063,0.164259072487002,0.14219462457313586,0.29186521680241895,0.054867028641205275,0.1926031451987885,0.12281307271437933,0.06696750756134838,0.25253225104475313,0.10751655065142982,0.12725690709581763,0.13320633685228522,0.018934445436069106,0.21493904063207753,-0.18848827193647263,-0.04317340089981803,0.1981000775962153,0.06436648873834266,0.24662585359086728,-0.0010550227901878044,-0.061193035989958205,-0.004762992300816716,0.08703456386128985,-0.01809081463624313,-0.17187559686457046,-0.06447090339137188,-0.0933199066822632,0.22861530944358122,0.07379108322579392
0.08464380298976482,0.24010414334628594,0.34713612744891553,0.20631716665603886,0.004680677813251518,1.045041268830363,0.06867822380526081,0.38554279070608344,0.22178992842599082,0.20168513582472303,0.25133921927490055,0.2798119356960468,0.16857461992395806,0.16638151355061545,0.24472223904329254,0.22467250942225628,0.31681890732848206,0.2513001923528548,0.3384085700208863,0.3650953372720723,0.2418617341117474,0.24462921343764768,0.15079619342282027,0.19561821081076886,0.24356856784376701,0.41661475457966257,0.24343085618468405,0.19604809132218018,0.38899623376754155,0.09092697367022637,0.22533974522920708,0.24233574842291314,0.11852350463440145,0.2873387621282049,0.0499278674104766,0.11944308248589178,0.23263744852537563,0.3606670193571049,0.179234093246528,0.09215656347081391,0.13380431263027118,0.18637319640647163,0.3520939820063358,0.27422193015288904,0.1598187641615071,0.1950678061176801,0.2857189991673026,0.08818257878696588,0.26105341619345357,0.19907137025274727,-0.16581171689613136,0.13388600102224252,-0.19747583852178963,0.00026049892165290543,-0.31705441571751175,0.0112951882767511,-0.16163447969346537,0.36968493967113075,-0.07421770125353876
0.416418458990888,0.2243518425183744,0.20642710700861258,0.32300224716011144,0.28037489339207317,0.06867822380526081,0.6228137631719706,0.057599347667953986,0.24033995458099341,0.11476453760955443,0.21213334431965208,0.3073445017579877,0.10603932419897592,0.08743178344384622,0.054029756437226795,0.1889560118980094,0.23186997040410257,0.16721247660315766,0.09927161032731067,0.14558929181530206,0.1991301120591263,0.2224756704204357,0.13611968359091986,0.16436186040789813,0.1812508935254836,0.2559889976329433,0.1552374411547925,0.07014796764275034,0.14152607380433746,0.13160574866849006,0.20509484919607496,0.2067472447922593,0.17051217843886035,0.1829887004402312,0.099233078504087,0.28411933720155624,0.19088819360670473,0.1629340422535283,0.25513342946299,0.05630292942672149,0.18294690470195377,0.1576065040412286,0.04165540979590949,0.18796712507652552,-0.024650360714557975,0.18474430480973356,0.15582619074908763,0.03768286726358375,0.09133768891513667,-0.06014029442661997,-0.13350165028713387,-0.15709615977904312,0.3606919071567608,-0.0398561528157081,-0.0802979712971324,0.12703640331695415,-0.015090449001154934,0.34660617736654853,-0.5975069392716638
0.0645182773162345,0.28242781989801147,0.3746529822973542,0.20912707461921656,0.23016656978896013,0.38554279070608344,0.057599347667953986,1.0779026522232742,-0.14123966993857828,0.20254592756102804,0.26508387921275084,0.020526814089464905,0.19071894204853881,0.14016507438997658,0.1627219065030265,0.19289383087080397,0.17608178930236454,0.33455312229428297,0.27112276970545335,0.368431550247743,0.1662970245592013,0.07722842494512819,0.18924082696203134,0.1661854282225052,0.24200325016398888,0.4192887834990732,0.18578441469324822,-0.02383942693977397,0.3137793056107648,0.176666659422902,0.1687762909621396,0.17037839589840115,0.10924123799994764,0.25454605119097984,0.0808184089893975,0.10282273137683164,0.20602834819702726,0.25341286500217486,0.16962285387261475,0.11414303947423532,0.14252128423527266,0.14089968253906515,0.26695896929112706,0.13255478561034534,0.08280650253318123,0.3472245797686295,0.3352491862394383,0.12105790020881331,0.04939975215411111,0.14747649634919138,-0.05287129222030182,-0.007397244047264755,-0.0168302877047169,-0.02411106494349033,-0.4051867363749351,-0.05581463644875924,-0.029852961105315195,0.7381876947963067,-0.3731570162342549
0.3264207548832177,0.4082793547767312,0.5475842401030595,0.09524456574603549,0.06834598715124303,0.22178992842599082,0.24033995458099341,-0.14123966993857828,0.9956222383567788,0.12455075691298031,0.12393037418687393,0.2967416271301534,0.14460145907280408,0.13641750762219634,0.13318252033380615,0.14235860242562304,0.2666250724976382,0.15256418122475257,0.2821579838881301,0.14979694355309334,0.2486160106868292,0.5211197716850806,0.13992977709738544,0.18952555087207618,0.11332875618087307,0.33323396610164413,0.1925633167934367,0.20388430919655254,0.07913939660957812,0.15067541836663814,0.24864358662659525,0.2646781047664212,0.23074189599196535,0.10546201633748749,0.0911946756228278,0.3320400620054293,0.16737029859279856,0.32164451436373864,0.1836093538694658,0.052027658923754036,0.20974650050794977,0.1999446280678785,0.22633339831202173,0.23319498265599492,0.1315920061080109,0.34834045529245194,0.21278190105640965,-0.007081714613491754,0.4339732331761071,-0.21303545073939537,-0.003607652111214485,-0.09702595917749547,0.35365086263902445,-0.08523894072444942,-0.11341713659336274,0.17726534562224763,-0.0655622834847928,0.12479782998497245,-0.29549102082539636
0.1869539333527359,0.24830567690124364,0.3662909613821223,0.15761802015032422,0.10036833246434936,0.20168513582472303,0.11476453760955443,0.20254592756102804,0.12455075691298031,0.5748043971152049,0.1825514841845134,0.17092944680654104,0.13310804642824656,0.15007355903433262,0.20743594571224275,0.16400091594849664,0.17236364351733954,0.21753530484926875,0.201993580973519,0.13447206782846152,0.10469966871990873,0.15944855665780935,0.19071619408513416,0.1391861049675463,0.19768831988403987,0.09882629771308754,0.1410754221765666,0.09885282988308657,0.1982415157028413,0.16552258850131443,0.1581793231109096,0.12288546209219209,0.1360817129024715,0.1938717767673648,0.19945897203912055,0.21345180233394853,0.22188214944367773,0.18160749395155704,0.2213524117356604,0.09234117374772367,0.21749370598412904,0.13725839035807139,0.1215875860100532,0.202388585607431,0.04376505702816274,0.2251769295483767,0.3050186637385139,0.05032933051475297,-0.07048818987194727,-0.046911791397807594,-0.0189809068298027,-0.02907155742130347,0.056540594340510314,0.04199521825843906,0.028645316881809095,0.11778420563160837,-0.07236301666920363,-0.004209317166863363,-0.08215049854822602
0.17614212746451188,0.256899554742711,0.22073556844432013,0.19140547056797233,0.21908112541686137,0.25133921927490055,0.21213334431965208,0.26508387921275084,0.12393037418687393,0.1825514841845134,0.6336992141983201,0.2828109675071916,0.13336802912853155,0.10467012882206014,0.22881281159446884,0.17993637058087794,0.23198691702001736,0.2132169784987935,0.14622344045762378,0.32580693808470435,0.20524499727819584,0.1565477844994148,0.12408765622397797,0.17112508453772587,0.20946944616703053,0.2662168510022487,0.21365447948419536,0.09162581149337407,0.2517507556717263,0.13572358182835162,0.2339962250138949,0.19102344213185735,0.12436491240163089,0.21616581135997778,0.15400871545665495,0.2708357650073693,0.1982818945552066,0.20718527077148535,0.22904311980698003,0.1071354719875618,0.22029214294164473,0.18166416033762603,0.11285068367265022,0.1326207017557687,0.043482320415719894,0.2787415039880722,0.23628174968921906,0.05848419776722747,-0.128864608374901,-0.1410517114270282,-0.05480963949557189,-0.056931658339687094,0.27714733204295633,-0.03746080660522259,-0.16507539603765178,-0.008818976623715554,-0.06083638055464863,0.2944841253863166,-0.25558142610735446
0.27236418663834217,0.30504992496467653,0.2978142365819439,0.23891842382440803,0.17649420086858175,0.2798119356960468,0.3073445017579877,0.020526814089464905,0.2967416271301534,0.17092944680654104,0.2828109675071916,0.6607113531923692,0.13382958039020115,0.1667816757954422,0.25810022285903284,0.25218394925264176,0.31495500140331145,0.20010896384180804,0.25983675545908574,0.23023026702393784,0.24258358306440467,0.27324858332889407,0.17719766495571196,0.19273678919845894,0.25882953763565536,0.2317762142598238,0.25122502391263474,0.07394399256667533,0.2610620906636786,0.1778026427737877,0.24521111742415647,0.2457486186897082,0.1745660180609386,0.23602942139209332,0.12856565243912565,0.2936517518980219,0.26417649079624367,0.2581642824866331,0.2726325775821229,0.08102646865211317,0.22431961661775607,0.2023179082860494,0.14627001269119574,0.18423622724374658,0.10593389315731147,0.29112639915766875,0.29074073382845067,0.049107446440240544,0.07989537588724752,-0.00694032922846762,-0.10427741775919021,-0.12362001319328794,0.2100762744703736,-0.04613015113893387,-0.1735443920994065,0.09338469642122588,-0.1612548870289179,0.23980758286232975,-0.3706381600512017
0.09129755294668611,0.19904768098638279,0.2140373639354918,0.1386897668398364,0.15433172670788536,0.16857461992395806,0.10603932419897592,0.19071894204853881,0.14460145907280408,0.13310804642824656,0.13336802912853155,0.13382958039020115,0.262275792499199,0.10179881447589473,0.09838872542416664,0.1544140639208964,0.14027072610357733,0.15268398027602692,0.16167473733815665,0.13854551740921123,0.10889461354405128,0.1652182965595237,0.12122686789402644,0.13193329931573103,0.1362445566258835,0.1488427417224405,0.13012552822086382,0.0788848047653859,0.18302451184630933,0.10476121567111583,0.12160594974514975,0.1267451301223487,0.10609621246127932,0.14657166133483016,0.12286500371000388,0.14021920359786094,0.15953311170089224,0.15595764960787997,0.11723642034104192,0.045872388024579526,0.12888473725758987,0.11329695977627555,0.13730327790024008,0.1419580946737886,0.0344877733089244,0.17795946376113686,0.17377876577165224,0.034813370382192094,0.06187752434668999,0.09416597982825843,-0.008417486732723122,-0.04084630322083487,-0.053061036203387195,-0.0113087087706866,-0.02661314476274693,-0.01891435625746803,-0.09707006150990025,-0.04375965160663817,0.13087213592541405
0.306963588666765,0.2847387691435741,0.20169917520825936,0.23908650566472414,0.177783109354973,0.16638151355061545,0.08743178344384622,0.14016507438997658,0.13641750762219634,0.15007355903433262,0.10467012882206014,0.1667816757954422,0.10179881447589473,0.6692487282004542,0.201164567641314,0.30884193758624745,0.16820390196515508,0.16598359406910249,0.23107160915819888,0.16239405001593354,0.19051124188861793,0.22253432103413193,0.16435614488495398,0.16717759461894832,0.1714925207603625,0.11882150333858393,0.14661625835873224,0.13512602764552487,0.1716821613848203,0.22517508177883652,0.14645012647147243,0.09087402015327542,0.18151162551643585,0.13475803491230476,0.11580516072174343,0.15189246686295918,0.29279392387307224,0.2786078500366325,0.11482422832161147,0.07764025515437836,0.22513544008524938,0.17699957846272704,0.3185977962769452,0.23196606953332696,0.10812201728823626,0.135571457720098,0.308153456398511,0.0883309469650457,0.33414572132750187,-0.06212859710847851,-0.03990516482147175,-0.03415148287307925,0.08556703746647773,-0.026859920923651748,-0.25031028340520944,-0.03555879613944099,-0.2931216215648241,0.3395576142988653,0.2705172072541732
0.1450212995201664,0.37958329816406244,0.319152779993316,0.15505687643802363,0.1614451535618598,0.24472223904329254,0.054029756437226795,0.1627219065030265,0.13318252033380615,0.20743594571224275,0.22881281159446884,0.25810022285903284,0.09838872542416664,0.201164567641314,0.9318679945115458,0.13529676680778935,0.22964188302002939,0.25551038793409875,0.2555645797078119,0.26279662294602424,0.2529174246323972,0.11371115044905587,0.2653929659882815,0.12979222240917915,0.28505052719550944,0.07517509437378522,0.1947230825526431,0.19963476328486685,0.3405380063664285,0.1871149594197717,0.15989647692576336,0.06612729511395009,0.14353232996742796,0.20852394092624635,0.2318140216222474,0.26362556260932873,0.3109427124138593,0.2500128976913908,0.19106256860320237,0.11323865635526356,0.31681468701433163,0.23124030546937974,0.18963379085393522,0.19102423281271882,0.10961261459509034,0.2390468769414591,0.2899667470892222,0.09260400779391577,-0.20307234608459146,0.2071882686873925,-0.09109910884135712,0.2561064641689056,-0.3931236558146773,0.053528735612006224,-0.11070001016495111,0.10189868513535333,-0.3144188326154409,0.27664545819015784,-0.0169033605122949
0.2142661639723904,0.24529069365608072,0.22559499679466388,0.23295641543560072,0.20636764306891311,0.22467250942225628,0.1889560118980094,0.19289383087080397,0.14235860242562304,0.16400091594849664,0.17993637058087794,0.25218394925264176,0.1544140639208964,0.30884193758624745,0.13529676680778935,0.5632388347081961,0.2357840700177354,0.1910479044309132,0.3100955650750332,0.17269681425759484,0.2072272522570011,0.3414540419722447,0.18978362364813184,0.20341488877154132,0.2110106331840268,0.13902933620334978,0.2089289458661658,0.14599768366052945,0.21870671645285636,0.23323441351635982,0.1889972477719095,0.20806647627520194,0.15644745375873256,0.2131744490212579,0.1687426017637974,0.23893067207986046,0.2774210240510367,0.30428028393070294,0.1989347561084543,0.08944123155789706,0.25019026928988064,0.1957858844392565,0.2971919529901182,0.2826141450994515,0.08651573592936757,0.19562194752214818,0.30820370325561747,0.029949328771209354,0.20023878754924712,-0.15266186549660182,-0.10200296021406259,-0.10762022991282798,0.21118782879902934,-0.01420269792375272,-0.16855987416271215,-0.016119181589535833,-0.20994019893124233,0.22601719684045105,0.07992815988440465
0.19818714746181956,0.31567935912715495,0.33142076015806443,0.21084459441948117,0.14562278216707464,0.31681890732848206,0.23186997040410257,0.17608178930236454,0.2666250724976382,0.17236364351733954,0.23198691702001736,0.31495500140331145,0.14027072610357733,0.16820390196515508,0.22964188302002939,0.2357840700177354,0.5687803531958023,0.27393472956844644,0.2922633806217974,0.239987483341514,0.29768276166786467,0.2822910086058807,0.12105319386630134,0.1629956095403948,0.2442716486021725,0.2049403451161379,0.23111874438348184,0.32264045122549073,0.23386784604737718,0.1006874713222124,0.2864829186531831,0.18677692735032422,0.1778151720386476,0.20103379501671814,0.1574964033895993,0.38288054913996084,0.375621012726472,0.32068997686915535,0.27684389102956425,0.10458453405285086,0.36098813707011046,0.2721869170537137,0.1844363680385411,0.2801103122311787,0.12602880803856367,0.15757649577873495,0.3118268958275897,0.05659160253254336,0.016372591933910528,0.09371211697081021,-0.1197737751494707,0.010425162850992854,0.12832773017686908,-0.03878155769418379,-0.19669465644420914,0.06415919025588929,-0.14325072372937206,0.26658495396135173,-0.13959624699324472
0.20797139621921298,0.5018842596264173,0.3805393436684765,0.2380568856740016,0.2201142572499871,0.2513001923528548,0.16721247660315766,0.33455312229428297,0.15256418122475257,0.21753530484926875,0.2132169784987935,0.20010896384180804,0.15268398027602692,0.16598359406910249,0.25551038793409875,0.1910479044309132,0.27393472956844644,1.148671604232131,0.27541648230851357,0.12952619392576958,0.378808010541215,0.2088329727097376,0.3989824631958524,0.1056488424143473,0.2960770958598812,0.24437851868028898,0.20621890972962045,0.17652760094268274,0.33416534072009796,-0.0726334135127629,0.40783575297602737,0.15888503849248356,0.15914934738036923,0.2812583583005104,0.1450727341104054,0.461568892386527,0.4079921540361678,0.33547473426169383,0.12735329827847658,0.12672250922437567,0.4147887799614178,0.31237464338960225,0.21186480928949658,0.21788788470293646,0.0824338628049037,0.28744342427061725,0.5234260545383891,0.06411451696106328,-0.3445218625509119,-0.053024780052828666,0.1763137086724144,0.20992107570324237,-0.057457186921675556,-0.09412840276699924,-0.10845270988105692,0.06842729719817692,-0.1317626936027494,0.2467190527714803,-0.15146407473758502
0.2111368429356353,0.3288951550930915,0.5123414453155138,0.07763961583685335,-0.032780298671849645,0.3384085700208863,0.09927161032731067,0.27112276970545335,0.2821579838881301,0.201993580973519,0.14622344045762378,0.25983675545908574,0.16167473733815665,0.23107160915819888,0.2555645797078119,0.3100955650750332,0.2922633806217974,0.27541648230851357,1.9495038197463332,0.21849683791177538,0.3582964238501187,0.3561159152432612,-0.03398944392795553,0.1920876046457702,0.2079903824612143,0.13251855479362518,0.22860587096835297,0.3295445473963806,0.29336945092217,0.3173629776338699,0.30050218150056185,0.23531952607576742,0.26720456220330857,0.18862726710217131,0.0011168776712989163,0.4431614926699052,0.40376669872477705,0.37668459961515416,0.16390619816667942,0.01881472690305002,0.38903059891216457,0.2588942863405051,0.223813714739114,0.08229087914000036,0.08194751158254666,0.40236347197164196,0.26466363995699027,-0.013258157812711212,-0.3299044343333421,0.900905089121935,-0.12540340660795007,-0.1801251007317622,-0.3182423675199671,-0.1902040825365583,-0.17693007453971363,0.07529334932768426,-0.1356644803750505,0.2995064452312348,-0.1437767082201197
0.142920555421572,0.5205547470796047,0.32708817150564345,0.17870482543409522,0.15379392853702553,0.3650953372720723,0.14558929181530206,0.368431550247743,0.14979694355309334,0.13447206782846152,0.32580693808470435,0.23023026702393784,0.13854551740921123,0.16239405001593354,0.26279662294602424,0.17269681425759484,0.239987483341514,0.12952619392576958,0.21849683791177538,1.2119359355087083,0.04605661422486323,0.14116292317958698,0.1497303067514079,0.21919211209456535,0.19502045833814974,0.3709205205615771,0.3060944360487702,0.025637957484509383,0.41725792873787865,0.3357656935914463,0.25824039701224033,0.22053844524293229,0.08939710414028951,0.31503628062155203,0.05277141352023742,0.22262509118696702,0.37143872842920717,0.31874808655548936,0.1644949508400996,0.17719491388881423,0.3454202390521847,0.14870480302473973,0.3086153931852853,0.08371127600330104,0.0743319304908816,0.4958498052945453,0.24972705757950592,0.13832462812827748,0.23876417865406155,-0.255724346852903,-0.06944228448146411,-0.1738506987990956,0.36542013161547987,-0.030541063122794542,-0.28481137850450905,-0.03934268022084672,-0.0829464168691912,0.3936894984453668,-0.1684863022545905
0.23954548885863322,0.40519598506526233,0.3489283037790926,0.19610556702334117,0.17142003813353074,0.2418617341117474,0.1991301120591263,0.1662970245592013,0.2486160106868292,0.10469966871990873,0.20524499727819584,0.24258358306440467,0.10889461354405128,0.19051124188861793,0.2529174246323972,0.2072272522570011,0.29768276166786467,0.378808010541215,0.3582964238501187,0.04605661422486323,0.8824407511715785,0.2531833925466846,0.127475746646282,0.15625541888594943,0.2432193902562622,0.2511362853513713,0.17571798583489132,0.34568955888340935,0.22245130877381641,0.12674815182642732,0.33663696807556176,0.2214487181607353,0.1444566540477116,0.23234325809277367,0.40959112263633635,0.5152307879817861,0.4614711878407484,0.3588054198949159,0.22527745593999152,0.17799194191541892,0.7060057372538564,0.5701253885176776,0.08449836154793423,0.2774777891353568,0.0703965114348603,0.19585725427696596,0.42401115332432054,0.1219810169716925,-0.18930936623702516,0.1833909796581513,-0.11315066555021394,-0.060837698151768836,0.055665069428698324,-0.03545537555417589,-0.05076540482399205,0.05124087302850505,-0.13952535036461097,0.20521748560623354,-0.06425395397295385
0.2804652208250994,0.33218298747175384,0.4226358671350216,0.17239031451599848,0.1301466717351125,0.24462921343764768,0.2224756704204357,0.07722842494512819,0.5211197716850806,0.15944855665780935,0.1565477844994148,0.27324858332889407,0.1652182965595237,0.22253432103413193,0.11371115044905587,0.3414540419722447,0.2822910086058807,0.2088329727097376,0.3561159152432612,0.14116292317958698,0.2531833925466846,0.6404483678442865,0.2029846130944514,0.2239029924727648,0.17231654795328413,0.24572442848901244,0.22114413017793283,0.17280214622951623,0.16770593090678426,0.21855803869157833,0.24068902835594688,0.27773306157286404,0.22718756316977554,0.17473439054363685,0.12259018936679561,0.32793556263937074,0.24672333466358007,0.378764105967359,0.20013093326942513,0.06702510538175482,0.250995189976018,0.22403623681846424,0.3354035152552692,0.30074333785173407,0.12861983121931253,0.3220718926431871,0.3065542964540561,-0.03606043809258666,0.5354021757483082,-0.1254142260264715,-0.08482199757129684,-0.1802230604605384,0.3170461933314287,-0.061848658557236674,-0.15959964699413837,0.07066407938861367,-0.13113801783354118,0.18486451859290415,-0.10359907763769712
0.13740023774201163,0.09080222121985604,0.21593469421100212,0.21734132191166805,0.22263801118922347,0.15079619342282027,0.13611968359091986,0.18924082696203134,0.13992977709738544,0.19071619408513416,0.12408765622397797,0.17719766495571196,0.12122686789402644,0.16435614488495398,0.2653929659882815,0.18978362364813184,0.12105319386630134,0.3989824631958524,-0.03398944392795553,0.1497303067514079,0.127475746646282,0.2029846130944514,1.282010983365206,0.2770059359552944,0.3474566118439587,-0.07655468138778027,0.038608494761762376,-0.3927123868815541,0.4289104007308738,0.2420643981837984,0.01581498361109897,0.05937876310828363,0.10331750788877161,0.3541135390904098,0.1726526650264468,0.43364869642344966,0.22792508978385068,0.22261170565077784,0.29329409535675505,0.13594442791770317,0.2419297023796703,0.1698293957763855,0.12155062408243429,0.5061589371276582,-0.03652255384855962,0.23155979369551713,0.4168110666291163,0.054277578263285164,-0.24277975681654074,0.04590557324649395,0.10040344453907045,-0.04954882636553459,-0.08571865090866904,0.05273035899594817,-0.1137785059084923,-0.019953213584126432,-0.16215307308162683,0.18747949348456797,-0.03312460166258297
0.17477766665029928,0.2388264358132806,0.2555994000620752,0.2014672336241795,0.17796088523679235,0.19561821081076886,0.16436186040789813,0.1661854282225052,0.18952555087207618,0.1391861049675463,0.17112508453772587,0.19273678919845894,0.13193329931573103,0.16717759461894832,0.12979222240917915,0.20341488877154132,0.1629956095403948,0.1056488424143473,0.1920876046457702,0.21919211209456535,0.15625541888594943,0.2239029924727648,0.2770059359552944,0.7280699191910148,0.2505599518100511,0.15266524256239175,0.16081948403912816,0.098078493017369,0.14215751813797317,0.5796271849352,0.23529733394706318,0.28563792433913876,0.5480926082959102,0.2529858112628608,0.14604918521647944,0.29066399783442987,0.4574317523454524,0.36867017623455645,0.27663132623557024,-0.003411858289961138,0.13755752697852142,0.17175159991722633,0.2488101351653025,0.3326336381320628,0.06694195818772086,0.1020921257418517,0.3902776651999527,0.10632023483684963,-0.005977718601499804,0.15893536193476057,-0.21276027173725923,-0.18381700142364862,0.24283097428634737,-0.08233095051665379,-0.08406806309267673,-0.16673704965898362,-0.0011315733672244079,0.12062806840127745,0.05257073621564803
0.23219134053134713,0.27716772442687687,0.3057521537025752,0.2050685993531249,0.17362717292720822,0.24356856784376701,0.1812508935254836,0.24200325016398888,0.11332875618087307,0.19768831988403987,0.20946944616703053,0.25882953763565536,0.1362445566258835,0.1714925207603625,0.28505052719550944,0.2110106331840268,0.2442716486021725,0.2960770958598812,0.2079903824612143,0.19502045833814974,0.2432193902562622,0.17231654795328413,0.3474566118439587,0.2505599518100511,1.1052227117431166,0.08227521076350942,0.20554603504217517,0.056107743465239154,0.450935588923791,0.3397944058246642,0.21784082037168145,0.16267118583480517,0.173717585075545,0.37016623968539636,0.31402165045984004,0.28820733659905784,0.47505574411705787,0.2997727191757087,0.33624405987212747,0.10396392676471335,0.30799011043574864,0.2502412835817158,0.2325285217134277,0.30398978955998435,0.15677041851597942,0.26504167464317574,0.40802075993200054,0.05557698313180564,-0.4346869813884251,-0.06038626223799766,-0.04600447027089104,-0.0765414210061508,0.03934972634010083,0.019218439136552794,-0.0882195687560807,0.03837925474109201,-0.11596405005938977,0.22627746843331564,-0.16979329511417252
0.2045487772307105,0.4655445068781187,0.3741546917767306,0.2440921036855196,0.2558978364682587,0.41661475457966257,0.2559889976329433,0.4192887834990732,0.33323396610164413,0.09882629771308754,0.2662168510022487,0.2317762142598238,0.1488427417224405,0.11882150333858393,0.07517509437378522,0.13902933620334978,0.2049403451161379,0.24437851868028898,0.13251855479362518,0.3709205205615771,0.2511362853513713,0.24572442848901244,-0.07655468138778027,0.15266524256239175,0.08227521076350942,1.755915428285546,0.21147316042101563,0.054662940856858154,0.03573484285531848,0.02927041559509241,0.28675975299883144,0.42575029807211734,0.05380254264015347,0.23649753375905547,0.010791692703206726,0.14165982324271922,-0.23268330709400722,0.36295324327188855,-0.7553943794829964,0.009965224841543194,-0.09163607071649177,0.17947616597218555,0.5771546005296768,-0.15041129306178824,0.15952859512667658,0.3999268481733096,0.1990626638009062,0.08819942462324135,0.568761607701776,0.01191421165010894,-0.3077897448135561,-0.14964536509473533,0.36526823783104234,-0.022383703623678534,-0.37044291957364095,0.022447410824643268,-0.07091732170078943,0.5826959963956817,-0.41442464423696496
0.16752431200163934,0.29398673821866544,0.25662891176548375,0.15655877956838593,0.11390673134096799,0.24343085618468405,0.1552374411547925,0.18578441469324822,0.1925633167934367,0.1410754221765666,0.21365447948419536,0.25122502391263474,0.13012552822086382,0.14661625835873224,0.1947230825526431,0.2089289458661658,0.23111874438348184,0.20621890972962045,0.22860587096835297,0.3060944360487702,0.17571798583489132,0.22114413017793283,0.038608494761762376,0.16081948403912816,0.20554603504217517,0.21147316042101563,0.7827703686401021,0.2446543784031205,0.15171313395942226,0.1662946926299094,0.3038612367857235,0.21789712781260118,0.2387095119517151,0.14622722161403676,0.15174599680845358,0.3114300049746181,0.31559320816504666,0.32908484045484504,0.14207005176094303,0.10365464257357995,0.27521478803256205,0.2035669603358244,0.42302248493126476,0.1380381354196789,0.1279773532391854,0.2802158027049881,0.23610187397680382,0.09185088964095414,0.05036877964247947,0.019720317104492638,-0.15059280121836838,0.002228769259556884,0.12777072957529048,-0.04796495562662805,-0.10965204255877446,0.020444810611499404,-0.07266839058625141,0.15600605468331283,-0.0874034302106823
0.08388015648207595,0.27453916006692647,0.2329400698875189,0.11539062341164011,0.04030895778690285,0.19604809132218018,0.07014796764275034,-0.02383942693977397,0.20388430919655254,0.09885282988308657,0.09162581149337407,0.07394399256667533,0.0788848047653859,0.13512602764552487,0.19963476328486685,0.14599768366052945,0.32264045122549073,0.17652760094268274,0.3295445473963806,0.025637957484509383,0.34568955888340935,0.17280214622951623,-0.3927123868815541,0.098078493017369,0.056107743465239154,0.054662940856858154,0.2446543784031205,2.0132051169329275,-0.15241575326172652,-0.17593301239101303,0.4284218384955529,0.15436284376910564,0.39863011159921347,-0.026897972330519826,0.03820751900423778,0.7658633179423752,0.38128952064498944,0.3598675993049812,0.13926064979833125,-0.04211748750564166,0.6327328488236034,0.2620520400075893,0.033220976338790544,0.6901743159002537,-0.0866219266750861,-0.7337743484707074,-0.0265553969323256,0.06424908702501844,-0.3244235976601648,-0.001253395303248478,-0.04005095455625186,1.0368700182812507,-0.9236751115891837,-0.05454186883788643,0.2337714929144032,0.08347819887504111,-0.09105195633019642,-0.12812187996541002,0.2762850224544913
0.20762662434233756,0.4804951207189795,0.4421991336756509,0.20455232220081765,0.1923242825878934,0.38899623376754155,0.14152607380433746,0.3137793056107648,0.07913939660957812,0.1982415157028413,0.2517507556717263,0.2610620906636786,0.18302451184630933,0.1716821613848203,0.3405380063664285,0.21870671645285636,0.23386784604737718,0.33416534072009796,0.29336945092217,0.41725792873787865,0.22245130877381641,0.16770593090678426,0.4289104007308738,0.14215751813797317,0.450935588923791,0.03573484285531848,0.15171313395942226,-0.15241575326172652,2.085738802536752,-0.03928269099078452,-0.04268840041454518,0.14337283855500577,-0.2861741558882616,0.6973224777121275,0.27320094740639994,0.5410739711737057,0.29366996678210316,-0.1688460293046394,0.28306552377627203,0.05279058736699464,0.4617438849161541,0.2099342847045716,-0.2945512163917661,-0.05547000676001476,-0.3394670148154585,0.21961666862448942,0.305758629072335,-0.05995338795208537,0.3685340546737793,0.5926618243229536,-0.331964646871146,-0.04420884600647846,-0.38534847381897963,0.09526230526335039,-0.11801870413249588,-0.10915427965280597,-0.22454922901708235,0.2554399420507931,0.059368932265156084
0.1798954488262361,0.20865464820316115,0.0765377662060662,0.14492104525230723,0.06855457426603004,0.09092697367022637,0.13160574866849006,0.176666659422902,0.15067541836663814,0.16552258850131443,0.13572358182835162,0.1778026427737877,0.10476121567111583,0.22517508177883652,0.1871149594197717,0.23323441351635982,0.1006874713222124,-0.0726334135127629,0.3173629776338699,0.3357656935914463,0.12674815182642732,0.21855803869157833,0.2420643981837984,0.5796271849352,0.3397944058246642,0.02927041559509241,0.1662946926299094,-0.17593301239101303,-0.03928269099078452,2.9015399816273937,0.2659194189566866,0.1893365080417884,0.6165766925565966,0.0570698203935171,0.22706345862365554,-0.14883428940963908,0.730774176758204,0.738623162967496,0.7028665757584869,0.17584643343585674,0.15120431610709711,0.1563772463657573,1.0023576459488615,0.48193895776799844,0.8209238525452044,0.6792584767267483,1.1014882440658016,0.1853824774172148,-0.4914847995260456,0.18233469727855853,-0.23516023194549704,-1.028718157543207,0.8180097554328292,-0.03914452243205622,-0.19714856865984293,-0.1058692637738248,-0.1272032958756904,0.45223238700028895,-0.19366740381670314
0.24001247843975657,0.343379705135458,0.32095911381889114,0.18515103165678773,0.13968593642816063,0.22533974522920708,0.20509484919607496,0.1687762909621396,0.24864358662659525,0.1581793231109096,0.2339962250138949,0.24521111742415647,0.12160594974514975,0.14645012647147243,0.15989647692576336,0.1889972477719095,0.2864829186531831,0.40783575297602737,0.30050218150056185,0.25824039701224033,0.33663696807556176,0.24068902835594688,0.01581498361109897,0.23529733394706318,0.21784082037168145,0.28675975299883144,0.3038612367857235,0.4284218384955529,-0.04268840041454518,0.2659194189566866,1.1683944121731353,0.30171987681592677,0.4303589627654609,0.17284143721837242,0.13927303427212315,0.6304945914768956,0.5889626022600051,0.5174025223667135,0.2641703959633267,0.05693160148884297,0.4502517304243742,0.32721313804212376,0.22589271530697747,0.3330518620525368,0.17374075391870297,0.10144138372642232,0.438920191048975,0.08421692804028057,-0.5352336680964301,0.1403166796470532,-0.1886603147085298,-0.08307354039889141,0.336356245740855,-0.1847083944684343,-0.046710112781556574,0.08384948503893778,-0.0012885711448861969,0.13200702181496504,-0.2322246584033382
0.2101351593151935,0.20960119109690292,0.25134706717325045,0.1597811276280628,0.164259072487002,0.24233574842291314,0.2067472447922593,0.17037839589840115,0.2646781047664212,0.12288546209219209,0.19102344213185735,0.2457486186897082,0.1267451301223487,0.09087402015327542,0.06612729511395009,0.20806647627520194,0.18677692735032422,0.15888503849248356,0.23531952607576742,0.22053844524293229,0.2214487181607353,0.27773306157286404,0.05937876310828363,0.28563792433913876,0.16267118583480517,0.42575029807211734,0.21789712781260118,0.15436284376910564,0.14337283855500577,0.1893365080417884,0.30171987681592677,0.6979632677088072,0.07687026306044908,0.2865911546966958,-0.01384821388243698,0.3908806058209741,0.028086741760386,0.23956936682427502,0.048934768742973575,0.005352355714297344,0.17619601328400977,0.14436907310099384,0.08086196711396428,0.11268619094745239,-0.026706071125746186,0.15469142457648208,0.2455194902849,-0.016680638913765058,0.1403822170255774,-0.016814816582475973,-0.11809334083656677,-0.16043329269847673,0.33809626779883484,-0.06253083049750416,-0.2232137509906748,0.019604733479516388,0.2690188446004865,0.16037660914490728,-0.4191025217868917
0.20698608325262435,0.2592806312310176,0.24973360487987406,0.1971915640877936,0.14219462457313586,0.11852350463440145,0.17051217843886035,0.10924123799994764,0.23074189599196535,0.1360817129024715,0.12436491240163089,0.1745660180609386,0.10609621246127932,0.18151162551643585,0.14353232996742796,0.15644745375873256,0.1778151720386476,0.15914934738036923,0.26720456220330857,0.08939710414028951,0.1444566540477116,0.22718756316977554,0.10331750788877161,0.5480926082959102,0.173717585075545,0.05380254264015347,0.2387095119517151,0.39863011159921347,-0.2861741558882616,0.6165766925565966,0.4303589627654609,0.07687026306044908,1.5961103194872706,-0.23470032289481504,-0.1580866472346854,0.10606861505897525,0.882002284967763,0.6569173739961076,0.4189467973397304,-0.060600006092220375,0.09178462337888821,0.16115412466150386,0.5801485383594253,0.5333576633423951,0.14901071906323995,-0.10857623594186165,0.46247589269606804,0.19980042371912438,-0.49411717929535254,0.3928499595281617,-0.3142306016481579,0.05633964179221601,0.07333301444345035,-0.23756006465125015,0.07739907435826576,-0.040028964946868806,-0.18724495465215688,0.10955534421143336,0.08689016180531135
0.10361729162526763,0.24175929735455154,0.22997741002116506,0.24927289308869033,0.29186521680241895,0.2873387621282049,0.1829887004402312,0.25454605119097984,0.10546201633748749,0.1938717767673648,0.21616581135997778,0.23602942139209332,0.14657166133483016,0.13475803491230476,0.20852394092624635,0.2131744490212579,0.20103379501671814,0.2812583583005104,0.18862726710217131,0.31503628062155203,0.23234325809277367,0.17473439054363685,0.3541135390904098,0.2529858112628608,0.37016623968539636,0.23649753375905547,0.14622722161403676,-0.026897972330519826,0.6973224777121275,0.0570698203935171,0.17284143721837242,0.2865911546966958,-0.23470032289481504,1.4188301103924699,0.17514822296017374,0.3550086454800567,0.46309088053497216,0.11882130027888285,0.15643933536326723,-0.11205610497457018,0.22525682147461157,0.233921733797706,0.005131280606664605,0.27929186379552196,-0.3518587976155678,-0.14395049273240637,0.28801046490029886,-0.005407456087606921,0.17770894955602817,0.1517306195127329,-0.2449687068740663,-0.14614656301590778,0.17971507478119467,-0.008150956409511016,-0.1255593543445644,-0.020956740769514717,-0.06488726556601489,0.19633902408388051,-0.10334493085974221
