1.2281137871177439,0.47248032663323086,0.9819724035636027,0.11580682298015868,0.19673721379673137,0.2488536691938862,0.29605173455833345,0.15723324912861644,0.09321843536554854,0.23217624233668904,0.2372077478177364,0.31166614539379545,0.09285094696494979,0.2549335875979788,0.21808671242781805,0.16921645135779023,0.1636387877410151,0.23429919008841385,0.1310163771019329,0.17151907331621696,0.2055987808706815,0.22003642598379514,0.11602391604449795,-0.03370682430147402,0.27803815146195604,0.11248961960612008,0.31711230657945244,0.15588084172602512,0.23898476200818317,0.1757538065956948,0.09952095309985759,0.24167087197992698,0.1251149770799944,-0.05527640034988338,0.18065762511261135,0.19191322694049698,0.11061516954010046,0.3352740270521459,0.2486931030984718,0.1855557823065117,0.19514678269525315,0.180082362767717,0.19750038435009126,0.152469039837049,0.2524307898605518,0.13362294092994806,0.14920733184631613,0.021494278770355767,0.2748571166202754,-0.11276613926643382,0.04420339819668732,-0.0487516454044693,0.049202130872679585,0.03602549830609796,-0.27897067798581077,-0.027123933552126406,0.22988272825073996,0.5229892451788186,-0.541108934823818
0.47248032663323086,1.464720014056694,0.9789615740252477,0.15304892514104806,0.14724766526720723,0.3133338857619555,0.24319402794068334,0.2662642525669153,0.21345467052414868,0.30023124329811096,0.23845572300784032,0.23467298554211252,0.11139708973292729,0.1386542951751683,0.4047857205540643,0.12445783684789573,0.3196064124167725,0.24959582519841217,-0.01200586616000004,0.39081507792502246,0.3055276736028907,0.12944589505133347,0.10199658992319774,0.10590534758318776,0.22567050693341087,0.2050168505849656,0.3559126362367496,0.2217235922211553,0.3920342512962574,0.02009678025184098,0.19324604225540287,0.1431649735545788,0.09110605509254192,0.2074091162449901,0.25654021225368967,0.2662787848118163,0.3255902306378467,0.28700137382787844,0.2162524356701183,0.2244161841302228,0.24954724680351642,0.2741771308334759,0.3500928526846918,-0.005824432456418404,0.5325939237010408,0.10368991835102626,0.1712608559252308,0.05986482248754299,0.11209300990812159,-0.0811606591026916,0.09829344433180617,0.1578330165876632,-0.04880614796044813,-0.015419543400193511,-0.04935695957192694,0.012530904345280982,-0.26678207843514473,0.1802993888149601,0.015491811134031704
0.9819724035636027,0.9789615740252477,2.316218961316272,0.15186643750356113,0.041152024280945644,0.48987260054419324,0.30672452787611654,0.45178531161626173,0.22451302789487346,0.5480781474065932,0.38488637287328964,0.35522553471281176,0.14825770655200615,0.24514278120046978,0.4138035965804761,0.14666122186204655,0.4253768346418329,0.1986909869058136,0.159105289327588,0.3228626419995434,0.3541809911366255,0.30773317042120407,0.1993448585282916,0.2128877131197364,0.39055705340677815,0.2189667166754622,0.43936472957056755,0.23436694988331666,0.5135967903130999,0.07454814459575494,0.19476596610935057,0.22876504495247688,0.0859916557117198,0.1895334752643816,0.39138218047941237,0.33951627853567534,0.260305428337004,0.3490151088092991,0.39305077738516286,0.282085681111392,0.31463720565096825,0.32835749462820235,0.3861845090477887,0.17047570446196578,0.44270431891105083,0.18331154527025414,0.22557366193707662,0.028829471048324614,0.23751143719251375,-0.021860416680931614,-0.032400995158045294,0.021762974764559392,0.09681847082063423,-0.00737045494573593,0.018533280302923175,0.14587713254007897,-0.08842159844552887,0.0030702235441623137,-0.10187647716762689
0.11580682298015868,0.15304892514104806,0.15186643750356113,0.573889442400697,0.41953285052339423,0.2744750636527251,0.27174679286783543,0.16534854515824476,0.19341756102981303,0.19277100628992488,0.14439787305867208,0.20725618470384058,0.0733146858502403,0.1326623790115669,0.13989471196579947,0.1441010568997588,0.14482031168127002,0.13324273862336447,-0.0851541583980115,0.19868864476661768,0.13153516416541425,0.11487636347587092,0.1852231527452526,0.20076074507639266,0.13426093601608588,0.18985434289960657,0.041474790886909856,-0.007442295252626402,0.22077765618221096,-0.13391905760034278,0.1386224252983925,0.12978895765075213,-0.028454039262286956,0.24983642128077532,0.08652557143450587,0.10720583843312638,0.09899363346824579,0.14423580462629365,0.15260669869973623,0.09730405857707004,0.11386205313882966,0.1206485084984826,0.1854710195470629,0.08213600394940733,0.19968477256325293,0.08137261296929987,0.16001110961157547,0.017539230975374687,0.09969052530202786,-0.1021600270173345,-0.0512221106006114,0.04141601990879282,0.11445332731018101,-0.017253750511083677,0.054154454037176454,0.09420474828915361,-0.07161005448344435,-0.002522679542678059,-0.08545698440979245
0.19673721379673137,0.14724766526720723,0.041152024280945644,0.41953285052339423,0.7752897275018338,0.22167441811109825,0.26642115796471505,0.21564110290754243,0.1796363808071048,0.14485088730508244,0.14412817860761729,0.18690108455356208,0.08160975656064741,0.1269132597405554,0.13401472330863642,0.13072759173126094,0.07970583670764803,0.13915145678238483,-0.09393344942656766,0.1879409510533791,0.09599693989469532,0.07903062819669242,0.18168926578707117,0.15944210129318234,0.12111294826169672,0.2005084658569668,-0.03967066878097885,-0.06076373791165061,0.19334967036268222,-0.13760712247596485,0.1015641279821551,0.13400933601900697,-0.05249091559241868,0.258714201683256,0.05653359141946245,0.06638565732078032,0.052056260040542306,0.10186340143681538,0.12567817186371918,0.08359876367318533,0.10449035271461249,0.09287779202616638,0.09841122210996178,0.0883063052794291,0.10506124044964071,0.0775532191454578,0.15876079768362136,0.02407788562389775,0.13783688777663647,-0.18027385324593892,0.016103347100854582,0.008159222400083535,0.16986656158113658,0.0028208983312383936,-0.10344441200411925,-0.01950744175570553,0.02740065569619917,0.1585239377263665,-0.10258923647439132
0.2488536691938862,0.3133338857619555,0.48987260054419324,0.2744750636527251,0.22167441811109825,0.7262748210469798,0.19588347651887,0.3411528385918482,0.10216114213226077,0.18249556281104673,0.2527373425307298,0.22144233799227953,0.10795583625957128,0.16682751501064633,0.26927111076334953,0.16216258875107192,0.3367287997409328,0.11896271625206019,0.06513553080403954,0.3372697879535053,0.2603640202458993,0.189594095134901,0.1237598120154062,0.21958426704272904,0.21634435679648217,0.22424121860203658,0.21462610467272122,0.11532669106471724,0.37871956322778316,-0.07167432585415531,0.17582664692757657,0.17233350700770853,0.020211003845840333,0.271249053944058,0.1510138500456265,0.183053814212847,0.2980400055159098,0.2874380012284438,0.2772851105338024,0.1678184984873559,0.10562844951312535,0.22324920565637027,0.28139030717484353,0.13214189512743266,0.4195901459882448,0.13012133617216332,0.25625776180760734,0.03215471108721851,0.06544282724693765,0.1328254543681442,-0.24874848260179855,0.10717337624394338,-0.023442865335297734,-0.025111528842200113,-0.10782187480307434,-0.009053572855933079,-0.05680906397217947,0.16850090584824262,-0.05949464576599142
0.29605173455833345,0.24319402794068334,0.30672452787611654,0.27174679286783543,0.26642115796471505,0.19588347651887,0.5131082116808487,0.0496435162461759,0.2722783242441497,0.1562569705621231,0.2180672873287121,0.3306470458114681,0.07012862986624596,0.10641422984541665,0.046611468824845244,0.18320470626233026,0.1714944145774416,0.21634284846404658,-0.04170509574933885,0.20419952454739038,0.18492473282664856,0.1986840079976379,0.2262563378373242,0.1768973932678609,0.14622716285216075,0.1521920941406221,0.1311609825357241,0.04149307148109098,0.23558619271313244,-0.10162747174887501,0.1600486705106587,0.1266001923268883,0.04068050991593327,0.18468318761574237,0.07090731940202982,0.19865261524037442,0.15586527497229635,0.21084992718640816,0.22645868510275924,0.13316216011257132,0.1269705610091583,0.15598470962706795,0.22234214357736712,0.09110915299194233,0.2677831067042353,0.10081936506387014,0.11436624755774441,0.02042314464303701,0.1946631437861388,-0.10170133916513996,-0.026399581980368896,0.027046639439126077,0.0778664986309274,-0.0270292651042501,-0.010273958640024946,0.07326590373049954,-0.06740743228422187,0.09409296505166233,-0.181762250506675
0.15723324912861644,0.2662642525669153,0.45178531161626173,0.16534854515824476,0.21564110290754243,0.3411528385918482,0.0496435162461759,0.762030049213901,0.02387637986874537,0.1995744863502643,0.21236352117992907,0.036055098454865486,0.1013499491205135,0.1371679541669512,0.2115597570593991,0.06185281170500974,0.28677972266240703,0.09209578199207384,0.05776901240520271,0.25693006669040735,0.1255117393197249,0.10565878224520056,0.10683226657643993,0.1559574709085655,0.21246338710343984,0.24844815123434522,0.2612865281272485,0.05969707160948411,0.20742998539405194,0.09716648260580728,0.10911447897887958,0.14683083100749322,0.024281552410233612,0.23615667161252385,0.12302254271194892,0.13057097682518454,0.19095148582352345,0.19007760362160242,0.22408021109275567,0.11804766806354759,0.1457333032358512,0.12047225274066757,0.17656427282671228,0.08859376056850155,0.24529999600536345,0.07912627023763835,0.20049660588856802,0.03224458790159308,0.15732405790056306,0.06693053194046004,-0.08213671825406332,0.06408711999288841,0.04597126564459899,-0.0002467733738394018,-0.14729862722593973,-0.04355587704248201,0.09831988927335064,0.20920447055913458,-0.11804656354893871
0.09321843536554854,0.21345467052414868,0.22451302789487346,0.19341756102981303,0.1796363808071048,0.10216114213226077,0.2722783242441497,0.02387637986874537,1.091947006347168,0.10461854870807484,0.05534232244997293,-0.026638221230008138,0.03548846163649418,0.02839124839852539,-0.11172967614486536,-0.017249226950916442,0.06646720878747676,0.06601002426549665,-0.3555258324305866,0.22257125314478757,0.07465407846467881,0.16710115621767144,0.2571900076955992,0.25976881174590194,0.0077008525109884445,0.21743001867340922,0.012068700634145215,-0.04153533434676516,0.09988911771072177,-0.07646379971873998,0.10501059230434029,0.05150823924016598,-0.00942113300016956,0.12575826101341261,0.038360926768543926,0.06600930687097481,0.03273778480046538,0.11709325833788349,0.18473912902146333,0.07787724153158151,0.053173292232755985,0.055640149804760015,0.1213775682130448,0.08056881785539004,0.0697777163226826,-0.04934461039751815,0.09471716580600015,0.018134684401333315,0.5595115999030255,-0.16906788421105262,-0.055655837402375945,0.048565745237733646,0.18489470640681063,-0.038343974311659,0.13716849955222232,0.12496031530120312,-0.06695508701734192,-0.15899789666668074,-0.04567165664467652
0.23217624233668904,0.30023124329811096,0.5480781474065932,0.19277100628992488,0.14485088730508244,0.18249556281104673,0.1562569705621231,0.1995744863502643,0.10461854870807484,0.7816432776930636,0.09353322230685876,0.17712467629831097,0.1108523409816273,0.12371502612419262,0.22081205653328767,0.09469496427991715,0.1919973081635283,0.08284932496946265,-0.047324372622901595,0.12169496389170072,0.09521428047195156,0.1264213399840355,0.18115409849161998,0.17043488850147032,0.18134933734006473,0.14095210357712865,0.1097628647361749,-0.011802057562190535,0.22572439051456408,-0.0809098005308156,0.08272426871631006,0.1080064951980613,-0.046353037298981895,0.23204656847456456,0.1501224962471699,0.08535304214252283,0.04177205279066847,0.07648861881563633,0.13685226044881818,0.0923383565505617,0.16224051387316235,0.10121429296452733,0.19710667394155468,0.10780065094922747,0.06993208467385514,0.08421768876420126,0.14708914085055338,0.005113877018361483,0.16861341666870563,-0.11538589693938775,0.01149936220306982,-0.059750575490262366,0.19393922338847003,-0.030039974929041365,0.1627461940044349,0.22901179729259924,-0.07404797011999645,-0.15807827738544522,-0.1048495214692737
0.2372077478177364,0.23845572300784032,0.38488637287328964,0.14439787305867208,0.14412817860761729,0.2527373425307298,0.2180672873287121,0.21236352117992907,0.05534232244997293,0.09353322230685876,0.7269677599551609,0.29781907178589656,0.07490760856164519,0.142348192219565,0.1563699696373051,0.25605735539323676,0.3053297181904534,0.1806485800943823,0.03607249141718547,0.3250247646161802,0.21252840208328858,0.12897169986834758,0.13184719916013152,0.15772556322703762,0.22554561072769377,0.2210388750221166,0.21530929489047912,0.12051330624724757,0.3098763935501808,-0.05164251349433024,0.18522441430886477,0.1484242097068207,0.051417166824124214,0.21464619077539243,0.2351495933567844,0.1699030274264711,0.21839483410863916,0.21291197302879108,0.2310566254884993,0.17092372162007807,0.1948874818918997,0.1982347513450137,0.2235749989317236,0.11820771855071202,0.2712704629048202,0.1344086927796822,0.1661838108245463,0.03269779765873637,0.029605300497281772,-0.056747291881417986,-0.10022915795191722,-0.0318580102452079,0.07618852650515753,0.05031812536075853,-0.11896670456683867,0.0006476899391202253,-0.021885674742134438,0.14067866269400794,-0.07294072183074193
0.31166614539379545,0.23467298554211252,0.35522553471281176,0.20725618470384058,0.18690108455356208,0.22144233799227953,0.3306470458114681,0.036055098454865486,-0.026638221230008138,0.17712467629831097,0.29781907178589656,0.7604347663289136,0.0675199843524976,0.2227686761574576,0.14284564490503976,0.31495860308190443,0.21796331806309333,0.31588239087101344,0.12206108188710188,0.16697403464801758,0.2097790421529584,0.17217081194020672,0.20145797366925072,0.10214466930579921,0.26361909767199576,0.14421131678859656,0.3151540302065715,0.0796826088700964,0.302492353403625,-0.034870014531987854,0.1740255060472335,0.20805836710368708,0.10589606326732612,0.2029616641059642,0.11653937848558284,0.3010412506634551,0.17701579533120948,0.2283778079789055,0.21555840748936986,0.15430482463575665,0.17511232544773517,0.19059325999461801,0.27621710153236295,0.05149396032852078,0.333489310662372,0.13320382678138187,0.119801624279628,0.0328440618485367,0.08017376297133083,-0.12768328369957466,0.00918704804178631,-0.12694080154403908,0.10185198162806507,-0.0036284414124282535,-0.024887294762654163,0.04395929496789854,-0.11432455753850175,0.10464812037695154,-0.0782238669175013
0.09285094696494979,0.11139708973292729,0.14825770655200615,0.0733146858502403,0.08160975656064741,0.10795583625957128,0.07012862986624596,0.1013499491205135,0.03548846163649418,0.1108523409816273,0.07490760856164519,0.0675199843524976,0.20144736656253728,0.0747418625383594,0.057737868729817884,0.08289605159683419,0.0852681312781586,0.08235322130399277,0.042395601316301317,0.06205364390854905,0.07211177471364325,0.13347946613969422,0.07262528479478868,0.05737071272208509,0.06930071363657697,0.06367106286674752,0.07998523024737894,0.05685471907329755,0.1112583187357114,0.019350052769415847,0.05728457565804063,0.07783500607618549,0.05015744004358973,0.08835215577088743,0.06328518480389002,0.07215319764179337,0.07960769648694739,0.09465475764122086,0.07921557581557738,0.04355131480409061,0.07573234249717074,0.06937446639100207,0.0980663434777289,0.08689516015746895,0.011162362424622697,0.07320838987555672,0.07354555663164453,0.0009416168068299816,0.10706985343820387,0.024295742774362004,-0.01302589750870262,-0.01073026562024587,0.0035173855701658725,-0.023657865309865238,-0.020801671239743417,-0.00995268725854045,-0.035241862853505224,0.05079003953846749,-0.01903003139406541
0.2549335875979788,0.1386542951751683,0.24514278120046978,0.1326623790115669,0.1269132597405554,0.16682751501064633,0.10641422984541665,0.1371679541669512,0.02839124839852539,0.12371502612419262,0.142348192219565,0.2227686761574576,0.0747418625383594,0.472397823486803,0.22290768496194296,0.2832438710771064,0.18464165532801935,0.08405891192873689,0.13140039108971738,0.175743135888492,0.14793362851470643,0.14835290710472848,0.11064400664048987,0.14185436131200002,0.22021171060852668,0.20565996395950636,0.2053068923634761,0.09919873387940271,0.21404510489216397,0.24884620958354595,0.11638873907525889,0.3552106753367696,0.12038164633999679,0.19015359005618215,0.22405006796084842,0.1535542276995896,0.10395921816464845,0.26102702605706246,0.12883475053164825,0.11546673336768297,0.27240844436237693,0.159267832066749,0.19254561121346278,0.14073685899978014,0.18542746072183153,0.07994457103992968,0.19492860318969474,0.030369919838224676,0.2602068277865501,-0.11480847208384468,-0.021316142696742996,-0.2186160855877609,0.19093386863672562,0.07753198059239556,-0.12992300822803354,-0.001248786481089318,0.0791829842687999,0.16209422993221737,-0.09027205520071653
0.21808671242781805,0.4047857205540643,0.4138035965804761,0.13989471196579947,0.13401472330863642,0.26927111076334953,0.046611468824845244,0.2115597570593991,-0.11172967614486536,0.22081205653328767,0.1563699696373051,0.14284564490503976,0.057737868729817884,0.22290768496194296,1.002383758951597,0.11442536242151029,0.19308280973895564,0.11694717558717059,0.09804878256207489,0.263532031099232,0.20934750049406795,-0.04212629776216966,0.25760646126884035,0.3214200152479923,0.30455964197881996,0.21871071098012973,0.21002779150766307,0.1810005820919824,0.24194289931415833,0.4252166689232589,0.16861425257986945,0.1568776758437882,0.13398975568462512,0.19399004698494549,0.27544619854926733,0.30904361173147843,0.17884085381951392,0.17676448569776604,0.15712609035064576,0.17039915360746022,0.17728243692223902,0.22308120208218846,0.2817246684362229,0.12489583947874422,0.3122777381372872,0.15470001609448056,0.09660229983689794,0.0965962842029188,-0.06411633633227608,-0.02893553366170369,-0.07015135214783715,0.07333467917252876,0.10666990432471436,-0.0181308240293688,-0.05871945852794065,0.10674880787237087,-0.12265031678619262,0.13083740970308463,-0.15206322536548095
0.16921645135779023,0.12445783684789573,0.14666122186204655,0.1441010568997588,0.13072759173126094,0.16216258875107192,0.18320470626233026,0.06185281170500974,-0.017249226950916442,0.09469496427991715,0.25605735539323676,0.31495860308190443,0.08289605159683419,0.2832438710771064,0.11442536242151029,0.9406037446786137,0.1898099523567954,0.15347440114861635,0.16710558617025345,0.20026144775629656,0.16330333067341543,0.10341434162645761,0.06794672515976537,0.07905823967808795,0.21952835434286475,0.14325124360306962,0.10806788043804537,0.13659709957275395,0.26150178547835967,-0.0093347805081809,0.1301531252493323,0.24604659590497147,0.05917025421053099,0.22072104622832892,0.2582597574350945,0.07208816894125794,0.18993029285826188,0.24793243004094184,0.09565765030572121,0.11157891044598771,0.2643261709298623,0.17304106913253237,0.2388562145193205,0.11994284990684209,0.23353637660384202,0.1021199074903008,0.2242622457129329,0.01882759585952156,0.01759370208988615,-0.3181942124779089,-0.08039321294086606,-0.07449288997693049,0.0769699187631059,0.0799821970934022,-0.018126348231274608,0.025762310028666833,-0.12657465422338357,0.05833079592394365,0.036932934829366125
0.1636387877410151,0.3196064124167725,0.4253768346418329,0.14482031168127002,0.07970583670764803,0.3367287997409328,0.1714944145774416,0.28677972266240703,0.06646720878747676,0.1919973081635283,0.3053297181904534,0.21796331806309333,0.0852681312781586,0.18464165532801935,0.19308280973895564,0.1898099523567954,1.3709575532741236,0.10238927158252617,0.2617337287057906,0.5118072340865671,0.4062079509593476,0.20025271426450098,0.04555242741455478,0.06174260404016433,0.30057078159675976,-0.029078592999554093,0.4236944992320927,0.3712942946612169,0.49460897753196853,-0.4135025616909781,0.14870091197953145,0.13561589501016377,0.12955075239350392,0.2764101028018171,0.32224131732720374,0.14711114073919435,0.6720102184973612,0.4550172329121791,0.5427522968204107,0.2852654224542234,0.33272775614650363,0.3467992693167287,0.483663032283828,0.2110106858024669,0.7505328205432634,0.2196064657326385,0.3736150183287097,0.06063413077392928,0.004047013974372902,0.7484928047875392,0.03258185352210958,0.17054702861007442,-0.26201612026614174,-0.14198786119162304,-0.02174169930929096,-0.011954202152897015,-0.1347022503305286,0.07239814689581006,0.05087197658731667
0.23429919008841385,0.24959582519841217,0.1986909869058136,0.13324273862336447,0.13915145678238483,0.11896271625206019,0.21634284846404658,0.09209578199207384,0.06601002426549665,0.08284932496946265,0.1806485800943823,0.31588239087101344,0.08235322130399277,0.08405891192873689,0.11694717558717059,0.15347440114861635,0.10238927158252617,1.1340283971449812,0.12331828669901138,-0.11439300099454812,0.2663041534938581,0.33990359292356637,0.43764013158464093,-0.022776234691721367,0.17917711841876086,0.10121294277033793,0.39952895933028654,0.30971381328979486,0.2139875510451045,-0.0897002355220179,0.545929433239675,0.12547733435099268,0.24455496528614862,0.18449936576352957,0.08306441960336698,0.5620472034128124,0.29839919116214925,0.33079677362253324,0.15172946078842778,0.1255531773368079,0.24119313128389305,0.23601174371182482,0.3454683170819232,0.11794971825248167,0.43879998587504676,0.3055087097162311,0.013962768179428724,0.008825552665756572,-0.31933623260551647,0.13355938504465256,0.2546445596212073,0.18035387041542847,-0.37609630366057933,-0.08261477836518274,-0.08137117985629233,-0.04876013998256127,-0.10520359172387364,0.1800168905379097,-0.09608241394995977
0.1310163771019329,-0.01200586616000004,0.159105289327588,-0.0851541583980115,-0.09393344942656766,0.06513553080403954,-0.04170509574933885,0.05776901240520271,-0.3555258324305866,-0.047324372622901595,0.03607249141718547,0.12206108188710188,0.042395601316301317,0.13140039108971738,0.09804878256207489,0.16710558617025345,0.2617337287057906,0.12331828669901138,1.3201542450033628,-0.20982844801330583,0.2295185125692273,0.18698821847013442,-0.20141773285665696,-0.106260131912648,0.15970845393902203,-0.15740700665803575,0.24761440189562306,0.4061206382814472,0.005148332053251796,0.3222254102754301,0.1539940634799015,0.11952941172729958,0.3621638644901565,-0.06058252113659664,0.05784641443270241,0.21121393698589477,0.39680342730477913,0.291520133672561,0.2449483442418373,0.03694329692356423,0.18469859153161353,0.18288732276013195,0.14499349375290618,0.15126609318324247,0.2464321273816519,0.25106626976408586,0.07971912518809154,0.042044240434252436,-0.4452238774063934,0.6657280864914468,0.07337145826121695,0.11860340125054107,-0.4874760148113629,-0.09178520539690191,-0.24226836932115758,-0.1519580241052834,0.01991720712541986,0.3046800198513909,0.018951224664315362
0.17151907331621696,0.39081507792502246,0.3228626419995434,0.19868864476661768,0.1879409510533791,0.3372697879535053,0.20419952454739038,0.25693006669040735,0.22257125314478757,0.12169496389170072,0.3250247646161802,0.16697403464801758,0.06205364390854905,0.175743135888492,0.263532031099232,0.20026144775629656,0.5118072340865671,-0.11439300099454812,-0.20982844801330583,1.247803702860914,0.17506545323330164,-0.037306845943290416,0.08698688974264446,0.29684326185091076,0.24610907824417055,0.20058627585217528,0.22586323550941284,0.1361249824486522,0.40289091332443056,0.13619500165993292,0.07206017907998895,0.17234408429339934,0.1052868361088936,0.2771053096738794,0.19716368659462852,0.0315134318483366,0.5052537481373749,0.2730085476350352,0.4343675257640074,0.2808131824504013,0.12172829306430794,0.1579691021183254,0.37633670664647045,0.071030929203836,0.5820052701864215,-0.022922160293626433,0.3446596835816285,0.1464931151895019,0.5624226378558601,-0.06285384882362674,-0.22430642079347474,0.08293666421152499,0.11969242021655985,0.016332894462635777,-0.011936729866083082,0.00789745384744637,-6.099224707669391e-5,0.10011563805000748,-0.09688466421660548
0.2055987808706815,0.3055276736028907,0.3541809911366255,0.13153516416541425,0.09599693989469532,0.2603640202458993,0.18492473282664856,0.1255117393197249,0.07465407846467881,0.09521428047195156,0.21252840208328858,0.2097790421529584,0.07211177471364325,0.14793362851470643,0.20934750049406795,0.16330333067341543,0.4062079509593476,0.2663041534938581,0.2295185125692273,0.17506545323330164,0.7028701286811379,0.2872274865487439,0.16974594887703862,0.14772096404782326,0.18955836339516707,0.03785767250795273,0.3761955421184463,0.3481760202373165,0.3608310553765773,-0.02745200177669599,0.2772066863890499,0.12506699753110095,0.1407182969121134,0.18288386827339176,0.4249233050876027,0.41025108262089494,0.49859582561150606,0.5124052847973286,0.36544891111838723,0.35369515395734635,0.3703107971548279,0.5574392022155036,0.5283720314725888,0.12457828741431626,0.9630452973888028,0.20167477556623284,0.2352909413386123,0.05707381962185833,-0.15926893589789742,0.19965702817141734,-0.05046703091745109,0.01883582364800911,-0.06368694206061648,-0.03334187593145459,-0.12811055558833356,-0.019199875918232488,-0.254343984800706,0.24675827378458393,0.0022681816811324636
0.22003642598379514,0.12944589505133347,0.30773317042120407,0.11487636347587092,0.07903062819669242,0.189594095134901,0.1986840079976379,0.10565878224520056,0.16710115621767144,0.1264213399840355,0.12897169986834758,0.17217081194020672,0.13347946613969422,0.14835290710472848,-0.04212629776216966,0.10341434162645761,0.20025271426450098,0.33990359292356637,0.18698821847013442,-0.037306845943290416,0.2872274865487439,1.2472533556743066,0.4027124419864491,0.16729406851009704,0.13154122378431138,-0.009558605867252485,0.4078023008736425,0.20225587729762068,0.3409752077418969,0.05089165638663443,0.14156656584534472,0.1793898862332901,0.21641360487528838,0.15649709659969271,0.17601122163630734,0.3629788111166505,0.3303751289756487,0.3836376730784501,0.3240357328802312,0.1553653237820863,0.34028240926240594,0.2986872874877645,0.4231725390516826,0.43026054692288845,-0.028375021912171637,0.2862388048703895,0.20630286412542598,-0.1792561051772028,0.7572365011153718,0.03931647637755764,-0.10980777166134952,-0.25432273089616025,0.0005384497284498478,0.041102586824846514,-0.04413085990611653,-0.020127486674242245,-0.14258602238161405,0.10867756274935515,0.0033000703643873888
0.11602391604449795,0.10199658992319774,0.1993448585282916,0.1852231527452526,0.18168926578707117,0.1237598120154062,0.2262563378373242,0.10683226657643993,0.2571900076955992,0.18115409849161998,0.13184719916013152,0.20145797366925072,0.07262528479478868,0.11064400664048987,0.25760646126884035,0.06794672515976537,0.04555242741455478,0.43764013158464093,-0.20141773285665696,0.08698688974264446,0.16974594887703862,0.4027124419864491,1.3176011400638246,0.6371913597293573,0.400159015162064,-0.00874140377123655,0.07641031029589729,-0.020359195423617825,0.42502920250246523,0.43085570099907494,-0.08348018032717053,0.054682395578945116,0.1373767580359425,0.24265287353107387,0.13954477965880974,0.4421292139995644,0.22936470609897483,0.0753673304783723,0.5149008280558413,0.25114122790594,0.19053938607083426,0.1721447183421763,0.4488073005143761,0.6970248281950091,-0.2047688443309916,0.23936109148925927,0.1095693300439877,0.07042854797578581,0.6701558385908588,-0.1673457433684815,-0.06195925895554153,-0.25573841095272326,0.42549405189333833,-0.041150485368063226,-0.04693901870645702,0.0872341128567713,-0.14472253539726201,0.037138378161628335,-0.032872638008348457
-0.03370682430147402,0.10590534758318776,0.2128877131197364,0.20076074507639266,0.15944210129318234,0.21958426704272904,0.1768973932678609,0.1559574709085655,0.25976881174590194,0.17043488850147032,0.15772556322703762,0.10214466930579921,0.05737071272208509,0.14185436131200002,0.3214200152479923,0.07905823967808795,0.06174260404016433,-0.022776234691721367,-0.106260131912648,0.29684326185091076,0.14772096404782326,0.16729406851009704,0.6371913597293573,1.2582985354785596,0.309064136966637,0.40200729403072205,-0.2658977688239784,0.03575288435097906,0.10388514162847887,0.7687032578347724,0.45694394549157685,0.09257788327493509,0.20229818084976106,0.07063172078397136,0.16473988034545037,0.587896783379128,0.18525285330159225,0.3844667563730677,0.22461384002044063,0.12555238570975052,0.1165123808029129,0.2168678746690436,0.24887029915457137,0.348227868564641,0.1642834133112165,0.21128017871372287,-0.0028616918653789065,0.09364055655170857,0.1354112980485299,-0.16458149695897473,-0.3085260010075231,-0.12995739284147728,0.4457502412226934,-0.039835729693950404,0.1124578440673238,0.15108951844850585,0.036515663750677343,-0.2848685555404719,0.02316884282732574
0.27803815146195604,0.22567050693341087,0.39055705340677815,0.13426093601608588,0.12111294826169672,0.21634435679648217,0.14622716285216075,0.21246338710343984,0.0077008525109884445,0.18134933734006473,0.22554561072769377,0.26361909767199576,0.06930071363657697,0.22021171060852668,0.30455964197881996,0.21952835434286475,0.30057078159675976,0.17917711841876086,0.15970845393902203,0.24610907824417055,0.18955836339516707,0.13154122378431138,0.400159015162064,0.309064136966637,1.3633932700306213,0.10176452138949318,0.21821874283146514,0.1872172584647675,0.4706396281322604,0.4338363921005606,0.05749719560935573,0.17124228836284305,0.09745396661171324,0.33071050986898465,0.43983037581521056,0.19108872954768208,0.3743758494079689,0.28307604071600395,0.33815576796607716,0.17909995405219264,0.2560751154678963,0.23356199961354915,0.3891498688853414,0.47557567377844295,0.23838540898885702,0.3082608628566103,0.25445975575318336,0.011921192244743457,-0.13765573767362255,-0.19660899483197986,-0.07049227201194842,-0.229225457265508,0.2614939223244451,0.024484237019593475,-0.08187928692201656,0.05799569825062733,0.0007252008287857828,0.12197965382545958,-0.12874523199899546
0.11248961960612008,0.2050168505849656,0.2189667166754622,0.18985434289960657,0.2005084658569668,0.22424121860203658,0.1521920941406221,0.24844815123434522,0.21743001867340922,0.14095210357712865,0.2210388750221166,0.14421131678859656,0.06367106286674752,0.20565996395950636,0.21871071098012973,0.14325124360306962,-0.029078592999554093,0.10121294277033793,-0.15740700665803575,0.20058627585217528,0.03785767250795273,-0.009558605867252485,-0.00874140377123655,0.40200729403072205,0.10176452138949318,1.6083446009208864,0.007321425823431768,0.07534622506905962,-0.22995436733817146,0.289888574116524,0.4888597661062288,0.27143597517733087,-0.020977718628626192,0.25884491404564514,0.1892966798695667,0.10961263097961663,-0.09552113509195384,0.3429382303679041,-0.5096956807298314,0.04053767968626018,0.4745188394752438,0.1400059422370537,0.005445575361829015,-0.3851773754315408,0.6045674660478337,-0.1021793434502709,0.08533672638316334,0.021982285000764292,-0.007949527974069514,-0.25774406059547106,-0.07021435715596577,-0.10165146243118546,-0.0793531761331954,0.14866369432335325,0.011912077228325305,0.030083156195295637,-0.013694986073767047,0.19289267997049458,-0.20138107454103968
0.31711230657945244,0.3559126362367496,0.43936472957056755,0.041474790886909856,-0.03967066878097885,0.21462610467272122,0.1311609825357241,0.2612865281272485,0.012068700634145215,0.1097628647361749,0.21530929489047912,0.3151540302065715,0.07998523024737894,0.2053068923634761,0.21002779150766307,0.10806788043804537,0.4236944992320927,0.39952895933028654,0.24761440189562306,0.22586323550941284,0.3761955421184463,0.4078023008736425,0.07641031029589729,-0.2658977688239784,0.21821874283146514,0.007321425823431768,3.2965419576361183,0.5267059083468097,0.4077710300269828,-0.10508996803817193,0.04273809573354868,0.21503505988278346,0.5522846552969287,0.1486507933662294,0.2913640788701735,1.2409971643891933,0.6399733956152223,0.45479407506652075,0.3598637106539085,0.34942761281919893,0.3788864100713634,0.4748953174674405,0.9301899334011708,-0.41398560910780563,1.0832719008277603,0.022756785466680442,-0.15807264043134897,0.10799470274696608,0.5269150025258572,0.16523869206029884,0.006252572880585698,0.00447190405086285,-0.07426212232127417,-0.034779650603228865,0.09817926442051521,-0.16547227461131594,-0.10679998975776718,-0.014836465423584133,0.3021387055236882
0.15588084172602512,0.2217235922211553,0.23436694988331666,-0.007442295252626402,-0.06076373791165061,0.11532669106471724,0.04149307148109098,0.05969707160948411,-0.04153533434676516,-0.011802057562190535,0.12051330624724757,0.0796826088700964,0.05685471907329755,0.09919873387940271,0.1810005820919824,0.13659709957275395,0.3712942946612169,0.30971381328979486,0.4061206382814472,0.1361249824486522,0.3481760202373165,0.20225587729762068,-0.020359195423617825,0.03575288435097906,0.1872172584647675,0.07534622506905962,0.5267059083468097,1.3449838522419055,0.09673850240268327,0.29092949793726874,0.35213118704460356,0.1878866781813727,0.623763627731163,0.0005717893943273057,0.8951382583597406,0.3393764615816001,0.6234200269158924,0.41444967860052967,0.2923835752580518,0.2510814347194055,0.3761432893006473,0.41417935355064417,0.4859040413383608,0.48101876915688174,0.44078633973663706,0.22986382619626353,0.11054645524166805,0.11231796578825867,-0.27022999304132506,0.6981561607943716,-0.051102997970012,0.7738944347063282,-1.1408135561177866,-0.07379681949619672,-0.12772390270524944,-0.10137199620384588,-0.0724804464428483,0.12439115735642524,0.10032695082478574
0.23898476200818317,0.3920342512962574,0.5135967903130999,0.22077765618221096,0.19334967036268222,0.37871956322778316,0.23558619271313244,0.20742998539405194,0.09988911771072177,0.22572439051456408,0.3098763935501808,0.302492353403625,0.1112583187357114,0.21404510489216397,0.24194289931415833,0.26150178547835967,0.49460897753196853,0.2139875510451045,0.005148332053251796,0.40289091332443056,0.3608310553765773,0.3409752077418969,0.42502920250246523,0.10388514162847887,0.4706396281322604,-0.22995436733817146,0.4077710300269828,0.09673850240268327,2.492850627770437,-0.7581922947891349,-0.21698206298963707,0.1969145104169263,-0.15384246077248848,0.6159983502853561,0.4124940588314134,0.34631194298782025,-0.029168033781088964,-0.38523984314039417,0.46268316803205517,0.37227832680009626,0.36106588843584436,0.2484004140353885,0.44607608957175104,-0.07665907115829661,0.4140610162395763,0.30578496960706564,0.29169738350927926,-0.09452567899889873,0.47685705762541475,0.21771523542839272,-0.24252618830463352,-0.15866778232329087,-0.041622215155841004,0.10617560251452936,-0.05493839294428644,0.02910606873381284,-0.30731415362217607,0.08216136428596128,0.1840961694171513
0.1757538065956948,0.02009678025184098,0.07454814459575494,-0.13391905760034278,-0.13760712247596485,-0.07167432585415531,-0.10162747174887501,0.09716648260580728,-0.07646379971873998,-0.0809098005308156,-0.05164251349433024,-0.034870014531987854,0.019350052769415847,0.24884620958354595,0.4252166689232589,-0.0093347805081809,-0.4135025616909781,-0.0897002355220179,0.3222254102754301,0.13619500165993292,-0.02745200177669599,0.05089165638663443,0.43085570099907494,0.7687032578347724,0.4338363921005606,0.289888574116524,-0.10508996803817193,0.29092949793726874,-0.7581922947891349,4.533702461468937,0.1531700986567456,0.26186582275542014,0.6757235917974641,-0.3539696639951795,0.12644357000113998,0.6825370527575281,0.044735136332110945,0.27095705682134336,0.16796114935600082,0.06632854365575937,0.16751783927478806,-0.018179040972504567,0.03807415980898002,0.3645331171266964,-0.22785517325012064,-0.14711064029932272,-0.11736975219390998,0.15966702758884313,0.8288086693021885,-0.2845838052119732,-0.05122333932975328,-0.6061945186169215,0.24572678740231213,0.3026534505797281,-0.3328547367090702,-0.2966739749961003,0.24011532187741688,0.6100235232313571,-0.1703247483158005
0.09952095309985759,0.19324604225540287,0.19476596610935057,0.1386224252983925,0.1015641279821551,0.17582664692757657,0.1600486705106587,0.10911447897887958,0.10501059230434029,0.08272426871631006,0.18522441430886477,0.1740255060472335,0.05728457565804063,0.11638873907525889,0.16861425257986945,0.1301531252493323,0.14870091197953145,0.545929433239675,0.1539940634799015,0.07206017907998895,0.2772066863890499,0.14156656584534472,-0.08348018032717053,0.45694394549157685,0.05749719560935573,0.4888597661062288,0.04273809573354868,0.35213118704460356,-0.21698206298963707,0.1531700986567456,1.3951206407686707,0.16194034698669096,0.3359741662879527,0.021399082128821845,0.08111601954434172,0.7234029267138963,0.28110767655862334,0.7633676474255133,-0.12474381900853514,-0.011091714030484577,0.1613920729075375,0.31535771626618325,0.15597319570685386,-0.09251181984841166,0.777735746951395,0.3280745312644553,-0.11014625029176284,0.04461565903427903,-1.0085978938562352,0.17718731481844135,-0.06622816506608473,0.3777192720743047,-0.3340492619962899,-0.08451390238236482,0.10841730860123322,0.06932305795949409,0.10990022741328742,-0.19689358710303975,-0.08264293307818034
0.24167087197992698,0.1431649735545788,0.22876504495247688,0.12978895765075213,0.13400933601900697,0.17233350700770853,0.1266001923268883,0.14683083100749322,0.05150823924016598,0.1080064951980613,0.1484242097068207,0.20805836710368708,0.07783500607618549,0.3552106753367696,0.1568776758437882,0.24604659590497147,0.13561589501016377,0.12547733435099268,0.11952941172729958,0.17234408429339934,0.12506699753110095,0.1793898862332901,0.054682395578945116,0.09257788327493509,0.17124228836284305,0.27143597517733087,0.21503505988278346,0.1878866781813727,0.1969145104169263,0.26186582275542014,0.16194034698669096,0.5175906515553665,0.11306878475759652,0.23174424532275165,0.1656416013742005,0.15785124086668842,0.03617459168152038,0.3360828261884364,0.11421626029659017,0.09130666843405108,0.30497407728969944,0.1349366496046785,0.1302634757527669,0.08536894331682815,0.2532536528524747,0.06562718979180049,0.19160082419492583,0.013821073644723706,0.21548533188566396,-0.08072848089295354,0.08017591731113655,0.006045734270893393,-0.20299174318454496,0.10146411126208633,-0.11143162667663505,-0.028664636487830894,0.19671202700378917,0.1429451028193729,-0.17077943777056462
0.1251149770799944,0.09110605509254192,0.0859916557117198,-0.028454039262286956,-0.05249091559241868,0.020211003845840333,0.04068050991593327,0.024281552410233612,-0.00942113300016956,-0.046353037298981895,0.051417166824124214,0.10589606326732612,0.05015744004358973,0.12038164633999679,0.13398975568462512,0.05917025421053099,0.12955075239350392,0.24455496528614862,0.3621638644901565,0.1052868361088936,0.1407182969121134,0.21641360487528838,0.1373767580359425,0.20229818084976106,0.09745396661171324,-0.020977718628626192,0.5522846552969287,0.623763627731163,-0.15384246077248848,0.6757235917974641,0.3359741662879527,0.11306878475759652,1.652033418687015,-0.2322544954744171,-0.3107886742299456,0.33911671375890784,0.6647303339239132,0.15613527044426137,0.1296637604637001,-0.0354165425287706,-0.11727937839544685,0.1321294967194984,0.3230268289398714,0.3375275737043209,-0.29296445988016995,0.27194553054893467,0.12595862048826278,0.1385221425581483,0.200942333380992,0.3434163639178025,-0.16312328686798394,-0.04755433950785359,-0.015860422916770447,-0.20056220791029866,-0.1027090992578284,-0.13964021430747484,-0.03200050644071819,0.2292825680525482,0.01619298500342227
-0.05527640034988338,0.2074091162449901,0.1895334752643816,0.24983642128077532,0.258714201683256,0.271249053944058,0.18468318761574237,0.23615667161252385,0.12575826101341261,0.23204656847456456,0.21464619077539243,0.2029616641059642,0.08835215577088743,0.19015359005618215,0.19399004698494549,0.22072104622832892,0.2764101028018171,0.18449936576352957,-0.06058252113659664,0.2771053096738794,0.18288386827339176,0.15649709659969271,0.24265287353107387,0.07063172078397136,0.33071050986898465,0.25884491404564514,0.1486507933662294,0.0005717893943273057,0.6159983502853561,-0.3539696639951795,0.021399082128821845,0.23174424532275165,-0.2322544954744171,1.400924210694516,0.3775816083003696,-0.09909267573659512,0.4389014893767098,-0.1579157366103231,0.10193902294218792,0.048771686090233794,0.5019693834548532,0.1855947906997981,0.3468720571574212,0.20585678581248149,0.30944720970541817,0.17201121500579006,0.626187951122578,-0.021496558554779485,0.09104194630520059,-0.08649687312153695,-0.059065072630324594,-0.058699550584318534,0.058053831533997347,0.05789838008105162,-0.0052565250843740145,0.0648843215249918,-0.17793847572558508,-0.022907170429562584,0.11109067960993924
