1.1133583994199008,0.3557245845745703,0.28445503969674946,-0.003740838612943762,0.2423561036742477,0.20370278951017062,0.3306060478232382,0.23538559859599392,0.21425423485973247,0.2199462569607193,0.17974308882141868,0.20132615025157594,0.128997526846533,0.23852005577479743,0.17818273976468713,0.1849074357344444,0.13658028604448325,0.17628090526321477,-0.041826874370372684,0.13304412563879933,0.15323562161069904,0.1894408214796515,0.1354117746291103,0.08711617546516724,0.17166232968036182,0.19886811875984237,0.14911668436563422,0.08267315221139644,0.1628493753887012,0.017399268739402913,0.14191854389501646,0.08614924078739922,0.09515228623072253,-0.007892848675853546,0.12141693504747897,0.08614875781512732,0.14809531143307977,0.2651697784796887,0.1324040914353707,0.12105786125894943,0.1544231339843274,0.14848401542648712,0.20163278532224385,-0.013186515101176424,0.19575827439344695,0.14100219646566894,0.2629246471688736,0.0090124607546267,0.19569288207811672,-0.013089727994822714,-0.04160978991199644,0.036906833438739524,0.053187321506948514,-0.00412612009627552,0.16162973290097954,0.0802220353018304,-0.06800580517604375,-0.026482019299387507,-0.2005290088132337
0.3557245845745703,6.094185325743116,0.3961731910968598,0.2527542083587836,0.19858532996668926,0.048751882794498824,0.19725140351478787,0.36061858347901804,-0.02719771929206084,0.22724450924263392,0.07308350369159518,0.05457668066023451,0.11750106144487199,0.07463590134291892,0.14408339736766249,0.1621342271785917,0.030402488362304768,0.5414572260687666,0.1939955049656099,0.12396132067003864,0.44521046428686856,0.0660878517252946,-0.04030419505235581,-0.07507899895408345,0.2808822421233793,0.15332367556158727,0.22825819752227652,0.10495620944162781,0.5608219104267395,0.18088102611582757,0.31182371121662084,-0.20987978727874873,0.27641518030869444,0.05848644975080365,0.04485230563035165,0.3200920950611714,0.8632210293448251,0.24905710512206422,0.04879981996869015,0.2164673519239674,0.5244071644961457,0.3238534480879155,0.1770290597772498,0.059431321743927484,0.7006289708990165,0.240352454541607,0.21740932162396115,0.04831684800001775,-0.4458214703164539,-0.23094280467304792,0.8106255699790755,-0.08732976733941715,-0.07584612497954737,-0.15506680908841808,-1.2035728857294743,-0.1937145967747235,-0.027000911072885683,0.44539026033480417,0.7241058100694799
0.28445503969674946,0.3961731910968598,1.5195167595890728,0.16359426416363435,-0.2536811466778068,0.2335871002564618,0.09414768209127797,0.3042669676896092,0.2227175693182716,0.3008068773566372,0.16332545350741087,0.10683023289388181,0.1590898767840716,0.18139735031192056,0.2062049519514058,0.16869036822943245,0.2864734754061339,0.2380696824122137,0.10356283942684753,0.2206751684366398,0.21323007611625577,0.2254328425033779,0.22175546879758826,0.16829853878937193,0.26420166642738113,0.1695121139447501,0.16932112452069112,0.23230307168299436,0.3739294307533706,0.054618761922841194,0.18835731052547022,0.08377507318063866,0.22557236393239372,0.2649627360980311,0.279367719991091,0.23779101489809593,0.4999456651344086,0.3786999595339714,0.2209129039808498,0.06082604429920095,0.27308329521497343,0.2140910560669888,0.21846245611801074,0.05030035489994281,0.23899510094441265,0.5219451644987176,0.43287863660557824,0.019337226208236316,-0.15974554384524187,0.02538724390726681,-0.22758133993842808,0.06931455314395323,-0.04103981536186311,-0.14761200697558804,0.09304453689154851,0.0025669596623912765,-0.234808805216407,-0.17726352339347337,0.1880708802375299
-0.003740838612943762,0.2527542083587836,0.16359426416363435,1.600560076569479,0.49129057178644364,0.3527863837603704,0.36302648725459513,0.40968671175031973,0.1457905693392554,0.31260687733251735,0.2562952462241283,0.38432296677022204,0.23003626583262743,0.4863452932003437,0.2811561899507787,0.3696414413849704,0.24762761969315172,0.27893000552926334,-0.0065345318060815736,0.3064639864977253,0.2299767389504605,0.2559508507686754,0.3358286942114511,0.28994022796307123,0.31621017678606483,0.2695744599557223,0.2249041234541279,0.17693841625766304,0.3073360004171945,0.11079562905947149,0.2316246866744887,0.24169622400140878,0.2737715113200017,0.30534289764998285,-0.0020281310137946775,0.12465291680400829,0.3451451170365135,0.33881303104128224,0.24936718109528483,0.14772981534440896,0.2103908089929141,0.22830781506129805,0.28037772116414483,0.004233961666523556,0.11583357290819288,0.10735230616817902,0.5171090438030649,0.023332923654742297,0.1941059584378957,0.2077350260675549,-0.1438501510808623,0.33774942240871736,-0.07083858207160709,-0.10987299550536235,-0.229347279085609,-0.07677700078156074,-0.1916097568111578,0.15795771117789031,0.21792001916064954
0.2423561036742477,0.19858532996668926,-0.2536811466778068,0.49129057178644364,0.9881952124648494,0.40316319513712107,0.28649465251318734,0.2649766133306262,0.146868264614013,0.2132320991880502,0.24428378262273,0.33350351077841695,0.1852102019268768,0.23996840500119346,0.3070876057300157,0.2668702281871616,0.13792951899278974,0.21463157586649412,-0.03567834968293169,0.2251613564357499,0.17126951936324117,0.18733467524759168,0.227668381341441,0.18809568217778463,0.2466978255830782,0.22480559182957705,0.1836355913868836,0.07291698395510295,0.23293280657441762,-0.12595745743614625,0.16465015528134574,0.3355478323563128,0.087778674734619,0.2725562762489648,0.007154368454122182,0.050308183334647705,0.01386841719420735,0.15669647761295447,0.16769456541489453,0.1393344396577014,0.14304599112607444,0.17274601370260925,0.11358524929971851,-0.009098154004118404,-0.08161497465650888,-0.013098604912559578,0.3450760429751442,0.023847089833162572,0.31222732510419365,0.16524834416621836,0.0720197893849895,0.2517932833400399,0.04166570323599465,0.006838946501887455,-0.08954591600674996,-0.04954530838411454,-0.07571203411876445,0.0332458359750292,0.11115048078740791
0.20370278951017062,0.048751882794498824,0.2335871002564618,0.3527863837603704,0.40316319513712107,0.7511007926844534,0.1671321702085555,0.37349869707285543,0.21636136062167338,0.2285231870416293,0.2775669438307914,0.2998720776153908,0.16458276337884964,0.23942927755356033,0.29143319688159935,0.26143885838195613,0.23289722725456605,0.22998301741774912,0.012052040867341778,0.3131917542313546,0.21609785606859375,0.2487989225165802,0.27864609347600666,0.21958066712087568,0.3229994156209564,0.3276294351594825,0.23695119608726872,0.23973738969457356,0.5066880098550377,-0.10300340858754542,0.17313262366859694,0.3342349449341799,0.10417262968553317,0.3638824777039148,0.2373458681035171,-0.05940600033621378,0.2755744858486889,0.30396776346687654,0.21522325243253787,0.14693056107675015,0.1920838243559475,0.20956823071331762,0.2553496165779343,-0.0014901698169163934,-0.04052508811129702,0.139993980839997,0.5607802189951888,0.04544549084114567,0.5279711598516906,0.04503792429653496,-0.5579065216297727,0.27827058989697706,-0.13941031733469045,0.10149268331611756,-0.021903441956544575,0.007965062551032754,-0.06906960625018399,0.10002631084873775,-0.06387577933955814
0.3306060478232382,0.19725140351478787,0.09414768209127797,0.36302648725459513,0.28649465251318734,0.1671321702085555,0.5811085150391312,0.1837674967825241,0.2338971268903539,0.15963157810699072,0.17851689214710753,0.2969801089628134,0.14333326443150143,0.11621265786905219,0.1703747265680208,0.20439898912219634,0.15513804720489555,0.1821628409393609,-0.059402952290204224,0.114089224227203,0.15088349986014019,0.21173601984640064,0.17358008663234414,0.15696501797012904,0.19786192064397276,0.2066145846936681,0.16909922220579976,0.039421871863425766,0.10390818431905474,0.02567870670108606,0.13848372574743123,0.15449969442403294,0.10178585667191475,0.1421614651020094,0.03347719443228955,0.1499457442986568,0.05865129194009328,0.17345799224064287,0.13271060534650708,0.0877891486837771,0.07254005546917724,0.14228133011962382,0.1823010903332457,-0.0011727795349066432,0.12594917123319557,0.035267212975256465,0.15198798640335245,-0.005022717417615411,0.2371665307833032,-0.08846259479755123,-0.005684524908560986,0.11366166080106978,0.12930136815931287,-0.07941257230581605,0.030514209781759317,0.09561014124088711,-0.04883949563788415,0.07599731420246333,-0.24069954733677607
0.23538559859599392,0.36061858347901804,0.3042669676896092,0.40968671175031973,0.2649766133306262,0.37349869707285543,0.1837674967825241,0.8895000071197287,-0.01443593421762381,0.2928624205503374,0.23893613454913634,0.12354106212962652,0.18118469006056126,0.2884669617273631,0.15856315118746753,0.24479695364619145,0.2858325632581762,0.2339072882138226,0.14331438315286923,0.2995453867479657,0.17425055086419097,0.14527513087830424,0.20228065793998307,0.14706801781487372,0.2605755182345103,0.21865247197800525,0.19502883005007043,0.23942274854326406,0.34522039974992114,0.04620354933159716,0.1675861562195432,0.10557625446605041,0.21110935902317352,0.2182753789794866,0.20777153696134001,-0.001959291716593335,0.43345038525525775,0.29992369552409587,0.3280177308399118,0.17817098263442496,0.2354509853646538,0.17404906156727004,0.25668613485093683,0.03183975695652405,0.26728750768413845,0.0913557051686279,0.5092966129611053,0.05766284469257152,0.4042246606725189,0.22743358717261555,-0.21474241428010224,0.1553066917579958,-0.11150116720361074,-0.00915059329289205,-0.1510714029568431,-0.04155053674127585,0.03564250570858128,0.14691566926521563,-0.05561454939127317
0.21425423485973247,-0.02719771929206084,0.2227175693182716,0.1457905693392554,0.146868264614013,0.21636136062167338,0.2338971268903539,-0.01443593421762381,0.6976003211335143,0.040367570096018414,0.12483219708630858,0.22916454782933882,0.11711110895725513,0.128922062988791,0.21894546808555262,0.14707886483046867,0.12583121721781143,0.17895216128601052,-0.27579088711356686,0.13766199709002946,0.15231287253308204,0.3500070297029576,0.2736294450624002,0.18371827007996802,0.22578361433097913,0.3111514492102508,0.17398728012485584,0.04484581474046839,0.15888248509108457,0.06222883785813101,0.11971500128272364,0.21298383098201246,0.09492627979785843,0.22500828508096268,0.0719918166285263,0.10223862936410802,0.0733423489036466,0.2202573475990008,0.04702783793323657,0.08070141609047324,0.07085030374484583,0.15660272502703823,0.25296695853026596,0.004474959781880473,0.05821822894155717,0.18676107664194322,0.29303926540763264,-0.021470223371827267,0.20701194921181043,-0.3028206861370283,-0.16120474923622893,0.03773605188859204,0.15866211022883578,0.0016763178790775873,0.0508892980430865,0.12729117902906315,-0.03571051018550881,0.04197257723797247,-0.27530701501587473
0.2199462569607193,0.22724450924263392,0.3008068773566372,0.31260687733251735,0.2132320991880502,0.2285231870416293,0.15963157810699072,0.2928624205503374,0.040367570096018414,0.697267370480571,0.16941766447654816,0.18081732747988913,0.16679351140092855,0.21241097536893475,0.1900427547083828,0.22189936741693206,0.20385526507085266,0.27711478640174925,0.059506495165940414,0.12465139434342966,0.1597847658027638,0.15798536767311358,0.2724254508996778,0.16945400268626973,0.20197443993895417,0.1433038450106057,0.168976567951897,0.20434718987576012,0.24732033691014313,0.1561258471153166,0.1553275463527795,0.11517093161946966,0.18233045810690302,0.20771612361990285,0.20272779347919592,0.1315109207900653,0.3466424519926539,0.16094109153759298,0.18027144343761514,0.11041756882970219,0.23626050550413932,0.1631429408139793,0.18961307638967057,0.0014691330074785146,0.04743556269843529,0.229083272393676,0.4600870391638619,0.03178766268500739,0.2875554761389857,0.04450628973575672,-0.1141367021187613,-0.0033110148065681024,-0.018461536794550246,-0.011348973304562379,0.1421842809781299,0.051149666687326276,-0.11949890487970957,-0.1210937274521786,0.040650878625841574
0.17974308882141868,0.07308350369159518,0.16332545350741087,0.2562952462241283,0.24428378262273,0.2775669438307914,0.17851689214710753,0.23893613454913634,0.12483219708630858,0.16941766447654816,0.4834387237072555,0.310776422596542,0.21098124214239586,0.18078147727687022,0.2938284000476764,0.21919792937868726,0.27623121803937,0.20370197236921578,-0.0041889193573567945,0.262378741808271,0.2070115564837724,0.1790907108856861,0.22137136046274197,0.1953788569089536,0.2750610388442427,0.243593012477368,0.2270363384393664,0.1997136763459985,0.29733860376241383,0.07675261041721045,0.18134509276297453,0.19856539455761865,0.12029843813529456,0.257258045397042,0.2527561476655071,0.11673866809602725,0.22611060463935626,0.20990385705045808,0.22009155712702838,0.1556355935938913,0.20881706181687018,0.2100139164886892,0.20450689413857465,0.003841672290571501,0.09637978842528454,0.1681812563852409,0.4240461555358313,0.026023799181068195,0.15345927676970647,-0.041879262243536365,-0.22936111503797363,0.10192932053223847,0.04278170795462658,0.01717869863542858,0.014299979748231868,0.01150156061649068,-0.09076380699787545,0.013699672760710687,-0.02917648601804174
0.20132615025157594,0.05457668066023451,0.10683023289388181,0.38432296677022204,0.33350351077841695,0.2998720776153908,0.2969801089628134,0.12354106212962652,0.22916454782933882,0.18081732747988913,0.310776422596542,0.8451669733227961,0.14736157467158323,0.16378799655660087,0.31720515218093487,0.27832688610249084,0.1922078377414257,0.1340703095851702,-0.053944423127807464,0.20823048950929732,0.16665938527063662,0.2436390787147205,0.19999724007581995,0.23352021457762698,0.34099242370239347,0.28197028632734616,0.2921438088147499,0.13374247221115035,0.28138752583056914,-0.011448962221071614,0.16480616561309383,0.25808598776597674,0.052857382141727624,0.3119995489720832,0.23858876242158855,0.05506574796648541,-0.020212136714514627,0.14274110988773978,0.1624681096641511,0.11715807065978605,0.08732812666324231,0.17088256083559322,0.19896227183267368,-0.012196955657389843,-0.22337536421725337,0.06035025112343503,0.345934180948897,0.01899865893951993,0.6018330285227745,-0.16609911018954202,-0.3105174930852212,0.352614627434947,0.16408105474748347,0.00332428376498588,0.10259497565680599,0.1199311358543064,-0.1561550828035875,0.0038081131571182504,-0.09108982707535614
0.128997526846533,0.11750106144487199,0.1590898767840716,0.23003626583262743,0.1852102019268768,0.16458276337884964,0.14333326443150143,0.18118469006056126,0.11711110895725513,0.16679351140092855,0.21098124214239586,0.14736157467158323,0.38166591847749076,0.14106126290242874,0.1219361883153173,0.16890710359122318,0.20317332646863498,0.14379265237467267,0.025871767750478405,0.15578326061278894,0.14810475615010155,0.16928398158547356,0.15986483668845256,0.14188128326755614,0.17150254229273415,0.16501326290654103,0.16016048984653117,0.1213891955163895,0.21114984879798823,0.07262381106120665,0.12471508028032813,0.13381296621331973,0.10746543159805254,0.19156159157931196,0.15614404484237124,0.08878467135253021,0.1763951888778444,0.17947273298857666,0.18112351209992952,0.11150947043532512,0.16532067807221598,0.1428191543632121,0.14475731005915463,0.013051023963621953,0.08181727181056779,0.11936260411215839,0.29879049186855333,0.018310490709754695,0.13217221074356958,-0.01647458967832269,-0.09422973232202905,0.00595896983138388,0.039810951415373205,-0.04644910977405124,-0.024020011437697757,-0.01865316243007275,-0.11167036758903486,-0.04489192993150398,0.10277810360395313
0.23852005577479743,0.07463590134291892,0.18139735031192056,0.4863452932003437,0.23996840500119346,0.23942927755356033,0.11621265786905219,0.2884669617273631,0.128922062988791,0.21241097536893475,0.18078147727687022,0.16378799655660087,0.14106126290242874,0.6553754025724139,0.2034893156525025,0.3064808002853876,0.18170512779690837,0.165087606308328,-0.0038231923357182848,0.23583034310543258,0.17924626330108093,0.21216397180728222,0.23589268657739637,0.16500506773924242,0.19821530003879384,0.1970213224888425,0.1292111108591729,0.20862643515923807,0.2967411973783777,0.09900213314226637,0.16296988892429906,0.16916608513979436,0.17998861261231552,0.18101655247450646,0.1623379852502834,0.028172566600894313,0.3478679221778681,0.3088809962900646,0.15972427793190577,0.1576475409058791,0.28005154118645387,0.19298525754015192,0.24222787778694616,0.005552328566360936,0.07148630678996062,0.1491480236887476,0.5110383304779698,0.03807665415198001,0.33666010580120775,0.16199053968073931,-0.1572370419276714,0.0698450859014486,-0.11589225996071256,0.011199335906084573,-0.10047304890334648,-0.006854053940744894,-0.12984814374646314,0.0748860899080514,0.16115118900664016
0.17818273976468713,0.14408339736766249,0.2062049519514058,0.2811561899507787,0.3070876057300157,0.29143319688159935,0.1703747265680208,0.15856315118746753,0.21894546808555262,0.1900427547083828,0.2938284000476764,0.31720515218093487,0.1219361883153173,0.2034893156525025,0.8926426385771352,0.1603357953168559,0.18025017159845677,0.29425255829628916,-0.03401879641561081,0.28455461648048536,0.20736703067466003,0.1672380325475045,0.3252044762734306,0.19906521588876316,0.29607784075617427,0.23826851063824173,0.24747096247442513,0.26984239999714293,0.35271317197324537,0.18324630639621636,0.17908792056261258,0.1338850800602812,0.25139546157363607,0.259408315202404,0.1620934027961549,0.09676912295652232,0.3602029888861824,0.1435470886913299,0.23137089524322157,0.11450241877571848,0.19502660660895818,0.24670609901043797,0.19212031393161752,0.002409127000729708,-0.006481129024960317,0.1984047389656291,0.49545382509323016,0.03545515835486712,0.2874641275092991,0.3129503311895388,-0.32376307048394204,0.30087143033065844,-0.15616241104199569,-0.07552717264630994,0.004866096400129755,0.10524506264294153,-0.19266262766904377,0.11902359723994291,-0.05699329787395911
0.1849074357344444,0.1621342271785917,0.16869036822943245,0.3696414413849704,0.2668702281871616,0.26143885838195613,0.20439898912219634,0.24479695364619145,0.14707886483046867,0.22189936741693206,0.21919792937868726,0.27832688610249084,0.16890710359122318,0.3064808002853876,0.1603357953168559,0.6268813781554453,0.2503500304594797,0.20022846362866617,0.0383786929977346,0.1934793327894624,0.2121264715324666,0.35031183493396184,0.21036836040221163,0.19250307088198196,0.2781467030952993,0.15930917953370966,0.2313998406263601,0.23044170025799052,0.34845340052804474,0.07270474160117835,0.19749258896417435,0.2565719444548177,0.10243474822814486,0.27659543816232735,0.35195082857144344,0.11584300337737122,0.2699574023310361,0.30052306720266964,0.23153139239516982,0.17870319667469764,0.30895572293057005,0.21767310050941985,0.28850442066891263,0.03080644299373255,0.0992639709225709,0.10914629751870347,0.46688885781380396,0.0030705312133943352,0.32951894981805546,-0.010585567909514796,-0.22500115023981082,0.16600147819538158,0.023170485153104724,0.011507911332767502,-0.03322086130320693,0.02959140250369168,-0.1208945143838086,0.019964310538149,0.061938580813967574
0.13658028604448325,0.030402488362304768,0.2864734754061339,0.24762761969315172,0.13792951899278974,0.23289722725456605,0.15513804720489555,0.2858325632581762,0.12583121721781143,0.20385526507085266,0.27623121803937,0.1922078377414257,0.20317332646863498,0.18170512779690837,0.18025017159845677,0.2503500304594797,0.8723375561620342,0.12533130324824612,0.11287475210484826,0.2650839618119384,0.28240929265775216,0.21459406166765815,0.20026278178712742,0.19072787608109,0.27187911986203145,0.21691933638800537,0.22675174220880587,0.376533848954128,0.27500808445699415,0.0692504325127808,0.19044185300813232,0.19873590129403776,0.24559413971774485,0.2768208967750308,0.33288020715770555,0.1587055208556822,0.524538124171669,0.38507614674745005,0.22263111319757853,0.19098644989761143,0.3709806587399487,0.2829686119026625,0.1905255467843359,-0.0010281895827995884,0.36796093973346433,0.24592944286045518,0.6029367616771591,0.028237335265354078,-0.04250589323638577,0.10323756379186903,-0.09645209485235316,-0.15933203598265427,-0.12666728403147307,-0.04997677204911558,-0.15819203665929682,-0.0416258362045557,-0.11202696202051154,0.11160561455884285,-0.07805930198757144
0.17628090526321477,0.5414572260687666,0.2380696824122137,0.27893000552926334,0.21463157586649412,0.22998301741774912,0.1821628409393609,0.2339072882138226,0.17895216128601052,0.27711478640174925,0.20370197236921578,0.1340703095851702,0.14379265237467267,0.165087606308328,0.29425255829628916,0.20022846362866617,0.12533130324824612,0.976003935726132,-0.047384515808909476,0.03631028366515038,0.2601472500353027,0.22226015930489273,0.6664438646614982,0.16023973506805975,0.33580516800008886,0.316805375755324,0.1082095161999857,0.18786239526551296,0.3536725423397922,0.1419800148872374,0.28914120856069164,0.04212887588753766,0.288442766674948,0.2502353152876249,0.08354096589532714,0.1962242124940956,0.4850412525676968,0.20629555783483014,0.18336011397954538,0.19444161925210446,0.26999010840190446,0.21455613723290468,0.30163304152808323,-0.022855009294666023,0.35054660259312,0.2789973683197533,0.49964341097846154,0.03068143986400092,-0.018533218914981314,0.10334865074524957,0.15497057276651965,-0.35524534145992176,-0.19373567137387038,-0.058301581486704654,-0.12119161148855266,0.021824930313186924,-0.03795755540661946,0.15333006690813555,-0.09210132748097741
-0.041826874370372684,0.1939955049656099,0.10356283942684753,-0.0065345318060815736,-0.03567834968293169,0.012052040867341778,-0.059402952290204224,0.14331438315286923,-0.27579088711356686,0.059506495165940414,-0.0041889193573567945,-0.053944423127807464,0.025871767750478405,-0.0038231923357182848,-0.03401879641561081,0.0383786929977346,0.11287475210484826,-0.047384515808909476,1.2180885703271807,-0.05355712968111146,0.10163211071044634,-0.04984575732843635,-0.361189476957238,-0.02185275958986723,-0.057997763958682585,-0.1597956883665849,-0.006781866431016837,0.15352303277907509,0.03902475939997476,0.1043965216523365,0.1791208859097917,-0.11583154494066812,0.2155336345865709,-0.11343667328609491,0.03878891956595011,0.23184976935323984,0.32223825700355024,0.10763373920625896,0.23197092476793713,-0.027580044138670847,0.1327220130970472,0.050622937147206795,-0.10449669916238617,0.08088249252800543,0.172168288629984,0.037201951407180064,-0.17640238281289033,0.05580854070227167,-0.01842601020057308,0.635421683356361,-0.04623135002289238,-0.04709538630294419,-0.2320311041783987,-0.13306744665577147,-0.0830761762757051,-0.08910091412899744,-0.014905303425206228,0.0638262457953358,0.14372391559715766
0.13304412563879933,0.12396132067003864,0.2206751684366398,0.3064639864977253,0.2251613564357499,0.3131917542313546,0.114089224227203,0.2995453867479657,0.13766199709002946,0.12465139434342966,0.262378741808271,0.20823048950929732,0.15578326061278894,0.23583034310543258,0.28455461648048536,0.1934793327894624,0.2650839618119384,0.03631028366515038,-0.05355712968111146,1.1482567615558643,0.10224380437807266,0.11307722139944254,0.08611095518567059,0.19433417408131387,0.24055181808937257,0.24699887626780556,0.32234060658385655,0.2143210963139502,0.2181148967795272,0.23101983544269022,0.1558391156067731,0.16548645423290959,0.20999271606678163,0.30894412806020616,0.17072007876534764,-0.04138097609494149,0.7860529064970379,0.5164035213091032,0.4351462796454538,0.257914607971715,0.262871094101765,0.18702336093651645,0.46852884301328807,-0.005301632983488052,0.6818796967127536,-0.02771008385188949,0.36733260108816834,0.09901859340310099,0.5175860134044861,0.0959195630219431,-0.36799316975073065,0.36718478678488087,0.038954646799099206,-0.05933139283447911,-0.09720006438404062,-0.04667660726178496,-0.028710611278836094,0.05703254732984635,0.047950499199659734
0.15323562161069904,0.44521046428686856,0.21323007611625577,0.2299767389504605,0.17126951936324117,0.21609785606859375,0.15088349986014019,0.17425055086419097,0.15231287253308204,0.1597847658027638,0.2070115564837724,0.16665938527063662,0.14810475615010155,0.17924626330108093,0.20736703067466003,0.2121264715324666,0.28240929265775216,0.2601472500353027,0.10163211071044634,0.10224380437807266,0.4956513758223197,0.19761090579255133,0.17807743605428508,0.15427992787544603,0.25994621604684814,0.25476131269114716,0.17116978109480985,0.23623660660257803,0.3264551368427007,0.09629400693271158,0.26704129620638956,0.21188139141501644,0.18893851490552893,0.2565492683960364,0.29157799588208233,0.25444758735083534,0.30538177435702535,0.2865851737601158,0.13395603209187404,0.17924319840637024,0.4188841140694319,0.38329921122601146,0.1588826015301049,0.0037300551641819618,0.18160028419429994,0.21936883078291874,0.49909451063263005,0.034266791700048885,0.05631860089479666,0.027205426498927897,-0.10767219384718879,-0.09443255071914183,-0.030796112407243854,-0.0017172518496175434,-0.06537850763398365,-0.0007589679493392677,-0.09219597616352601,0.04439642915944505,0.04112934710362933
0.1894408214796515,0.0660878517252946,0.2254328425033779,0.2559508507686754,0.18733467524759168,0.2487989225165802,0.21173601984640064,0.14527513087830424,0.3500070297029576,0.15798536767311358,0.1790907108856861,0.2436390787147205,0.16928398158547356,0.21216397180728222,0.1672380325475045,0.35031183493396184,0.21459406166765815,0.22226015930489273,-0.04984575732843635,0.11307722139944254,0.19761090579255133,0.6078198364420958,0.2908696654818458,0.1994344213412945,0.2766979927052372,0.22276661012322743,0.20506218594620493,0.14319691234155743,0.3142341320390657,0.0949875049401835,0.16401182620442037,0.2603352785999094,0.1382190934510519,0.2859425848105203,0.21442039555140896,0.12127778678242258,0.18543720647460094,0.3078463610389743,0.1737593734388586,0.1296927549156052,0.20916774972214128,0.1961712479447449,0.30458007473980286,0.047067001396917864,-0.0008850133845598596,0.21904200934522255,0.4333390785005153,-0.041454083631503144,0.3881643516829726,-0.12175797046782726,-0.21765198159533533,0.04720302803620545,0.07416646024048562,-0.007046595609757868,0.006741289638747605,0.0635073078644846,-0.07384345747437522,0.009168716718089328,-0.09137313469918373
0.1354117746291103,-0.04030419505235581,0.22175546879758826,0.3358286942114511,0.227668381341441,0.27864609347600666,0.17358008663234414,0.20228065793998307,0.2736294450624002,0.2724254508996778,0.22137136046274197,0.19999724007581995,0.15986483668845256,0.23589268657739637,0.3252044762734306,0.21036836040221163,0.20026278178712742,0.6664438646614982,-0.361189476957238,0.08611095518567059,0.17807743605428508,0.2908696654818458,1.6822194707343363,0.4146994772092299,0.44322091957060233,0.1377367079892143,0.13265891509102679,0.2783448270271489,0.5066598083203894,0.3439666965643155,-0.16467247341431612,0.19957968977090634,0.49107440011275616,0.4593513768309693,0.11173410675012325,-0.05775662691310884,0.6978066487589667,0.14635609049825368,0.4331637645069113,0.2610289099506395,0.20317555962258838,0.2087809049758565,0.3489306796958035,-0.010097764349726182,0.09362492975823003,0.2599244554478291,0.9007271223162795,0.07628645248840937,0.5027393519054436,0.2706699455233657,-0.39429309805876944,-0.10988619393700125,0.0006769723296853695,-0.04730005117117698,0.04043426340107079,0.020910582478755806,-0.15671090025718815,0.020032786440432188,0.0690437986696096
0.08711617546516724,-0.07507899895408345,0.16829853878937193,0.28994022796307123,0.18809568217778463,0.21958066712087568,0.15696501797012904,0.14706801781487372,0.18371827007996802,0.16945400268626973,0.1953788569089536,0.23352021457762698,0.14188128326755614,0.16500506773924242,0.19906521588876316,0.19250307088198196,0.19072787608109,0.16023973506805975,-0.02185275958986723,0.19433417408131387,0.15427992787544603,0.1994344213412945,0.4146994772092299,0.6425734617886408,0.3013783290420903,0.09926377796256294,0.2097387084309892,0.22995393300593367,0.24415628144054344,0.3352394288455648,0.2321234242090228,0.47086069434027256,0.35744078890008407,0.19727755552193754,0.10128772795190698,0.23296462514477817,0.20144518504761336,0.20644405599847776,0.2017772128514792,0.10248470523944135,0.16616470245285503,0.16832634179417294,0.18118584929438403,0.024177609309473685,-0.07038586750304555,0.11654939039037703,0.44087473500741026,0.027074056696905387,0.41659941740454687,-0.01360988884299199,-0.2868762865178051,0.2092363903301274,0.07806927564512316,-0.023669404577793336,0.059673070203606016,0.01729400031333171,-0.03279114672895652,-0.15998544370526419,0.14308912206794258
0.17166232968036182,0.2808822421233793,0.26420166642738113,0.31621017678606483,0.2466978255830782,0.3229994156209564,0.19786192064397276,0.2605755182345103,0.22578361433097913,0.20197443993895417,0.2750610388442427,0.34099242370239347,0.17150254229273415,0.19821530003879384,0.29607784075617427,0.2781467030952993,0.27187911986203145,0.33580516800008886,-0.057997763958682585,0.24055181808937257,0.25994621604684814,0.2766979927052372,0.44322091957060233,0.3013783290420903,1.4475461151160376,0.25229471218398863,0.2856535511323527,0.15677740644089594,0.5896214120913613,0.1251223379005554,0.2865967623457144,0.35046260127237405,0.11132880766419796,0.5273487382862546,0.3535251255412449,0.2953691161134398,0.132834978718084,0.3059870222312313,0.23825254741226218,0.17956627531852187,0.276365992962767,0.2501961711743403,0.297292573943105,0.04492810835626076,0.024583321288089592,0.28358844270832473,0.5652288269596502,-0.00996497859352032,0.1188000967473878,-0.6471339878253247,-0.2456653677063293,0.09747122507143503,0.28783837942303137,0.007891752364161966,-0.0390761494122329,0.015602637420735003,-0.12613868792894964,0.02950401646198717,0.010575951167428127
0.19886811875984237,0.15332367556158727,0.1695121139447501,0.2695744599557223,0.22480559182957705,0.3276294351594825,0.2066145846936681,0.21865247197800525,0.3111514492102508,0.1433038450106057,0.243593012477368,0.28197028632734616,0.16501326290654103,0.1970213224888425,0.23826851063824173,0.15930917953370966,0.21691933638800537,0.316805375755324,-0.1597956883665849,0.24699887626780556,0.25476131269114716,0.22276661012322743,0.1377367079892143,0.09926377796256294,0.25229471218398863,1.4206599887918339,0.22037660665988368,0.0805859525590321,-0.025937885400938464,-0.14269556933282923,0.24182250384358517,0.18221036954985448,0.07088278100105469,0.29017645453078433,0.06638466369166923,-0.0008170940409155431,-0.10088076586265153,0.3002857535607971,-0.24470137498574482,0.12858430930010842,0.05130615448967385,0.22054954401893084,0.3298869211562271,-0.13946482269917085,-0.08405858259027588,0.10369183028048667,0.29025608925772595,0.03619990128552281,0.30701864065854656,-0.10092302903397839,-0.23985551292021448,-0.21493459616725763,-0.09321455992588484,0.04426785132068878,-0.12300080690241984,0.008016454782968089,-0.04514721106121282,0.18496274088529704,-0.20887812488466628
0.14911668436563422,0.22825819752227652,0.16932112452069112,0.2249041234541279,0.1836355913868836,0.23695119608726872,0.16909922220579976,0.19502883005007043,0.17398728012485584,0.168976567951897,0.2270363384393664,0.2921438088147499,0.16016048984653117,0.1292111108591729,0.24747096247442513,0.2313998406263601,0.22675174220880587,0.1082095161999857,-0.006781866431016837,0.32234060658385655,0.17116978109480985,0.20506218594620493,0.13265891509102679,0.2097387084309892,0.2856535511323527,0.22037660665988368,0.71400314547798,0.19860428896679558,0.23206835433458617,0.04753642010598778,0.18389391261312724,0.4143341474705087,0.13423658804150584,0.2818201524704121,0.2611147408152123,0.18519010767847052,0.19321456271884346,0.29276924521669356,0.18229492976140999,0.15248486663402755,0.2245058557698739,0.19213808933884413,0.3093311387476631,-0.014111234187864908,0.15709807274875143,0.019357381762077453,0.3395046629793912,0.02419803388354278,0.3795752675971409,-0.1606395299510756,-0.2511812085437296,0.2245294076773906,0.10844632361960102,-0.004182832573753402,0.023136670095311104,0.04807488831326131,-0.008168532818185012,-0.058626409557473926,-0.034041836696407785
0.08267315221139644,0.10495620944162781,0.23230307168299436,0.17693841625766304,0.07291698395510295,0.23973738969457356,0.039421871863425766,0.23942274854326406,0.04484581474046839,0.20434718987576012,0.1997136763459985,0.13374247221115035,0.1213891955163895,0.20862643515923807,0.26984239999714293,0.23044170025799052,0.376533848954128,0.18786239526551296,0.15352303277907509,0.2143210963139502,0.23623660660257803,0.14319691234155743,0.2783448270271489,0.22995393300593367,0.15677740644089594,0.0805859525590321,0.19860428896679558,1.542744742090317,0.3158459260577747,0.08795260291285398,0.17679960753511892,0.07019702822104701,0.6878547589747935,0.16525943684989378,0.8507582162302195,-0.08973311826417385,0.7965110317480257,0.06668683595358436,0.20547838896263612,0.21568137294091183,0.4186879813220367,0.2577994364827533,0.21777744559714704,0.0737156240121355,-0.09083660085766505,0.10640191456015255,0.5590499842941018,0.12983329184820025,0.6431704375687697,0.852544026484201,-0.6298008558047977,0.7367068508247986,-0.8049641103591846,0.05034111708980898,0.19133527578510334,0.01315514965016883,-0.06585317541489137,-0.09826377239187166,0.3032683629236989
0.1628493753887012,0.5608219104267395,0.3739294307533706,0.3073360004171945,0.23293280657441762,0.5066880098550377,0.10390818431905474,0.34522039974992114,0.15888248509108457,0.24732033691014313,0.29733860376241383,0.28138752583056914,0.21114984879798823,0.2967411973783777,0.35271317197324537,0.34845340052804474,0.27500808445699415,0.3536725423397922,0.03902475939997476,0.2181148967795272,0.3264551368427007,0.3142341320390657,0.5066598083203894,0.24415628144054344,0.5896214120913613,-0.025937885400938464,0.23206835433458617,0.3158459260577747,2.663529483438141,-0.12940827042448463,0.06764276401244833,0.3607437320609449,0.018409126105629597,0.5710189324109073,0.6524935504303503,0.0792137271878311,-0.0550885901935683,-0.46156002335310986,0.378443180837537,0.2158051124181362,0.5410089576065908,0.2679332649135531,-0.07674608803366045,-0.09789308275300362,-0.7931624300186322,0.681040372446164,0.8997275398438239,-0.016831100804079475,0.8027879817614312,0.5685550047405158,-0.8877993056689294,-0.2293385575217066,-0.13401173386150494,0.26318143119080284,-0.023415352242234202,0.035437520965348246,-0.3548449816418147,0.07085799105056,0.22840914649918637
0.017399268739402913,0.18088102611582757,0.054618761922841194,0.11079562905947149,-0.12595745743614625,-0.10300340858754542,0.02567870670108606,0.04620354933159716,0.06222883785813101,0.1561258471153166,0.07675261041721045,-0.011448962221071614,0.07262381106120665,0.09900213314226637,0.18324630639621636,0.07270474160117835,0.0692504325127808,0.1419800148872374,0.1043965216523365,0.23101983544269022,0.09629400693271158,0.0949875049401835,0.3439666965643155,0.3352394288455648,0.1251223379005554,-0.14269556933282923,0.04753642010598778,0.08795260291285398,-0.12940827042448463,2.5695376164860373,0.11297619727582725,-0.25952203589848255,0.5663393667599758,-0.17969918491766768,-0.043288967645608904,0.340588939646696,0.8805225618508865,0.505788030252328,0.42945099694527955,0.13283510057199058,0.21602191338377094,0.11483124820769766,0.5881205473316503,0.1644547871948894,0.6982335384082892,0.2556548629078612,0.4194810103251502,0.06556703359080576,0.49091184868545046,-0.18564237487940888,-0.26228308481770646,-0.29681469978132463,0.23326823647460201,-0.040024279707154324,-0.14851977261497284,-0.2627866140292108,-0.04022612507894137,0.4928169569067582,-0.10331295937119203
0.14191854389501646,0.31182371121662084,0.18835731052547022,0.2316246866744887,0.16465015528134574,0.17313262366859694,0.13848372574743123,0.1675861562195432,0.11971500128272364,0.1553275463527795,0.18134509276297453,0.16480616561309383,0.12471508028032813,0.16296988892429906,0.17908792056261258,0.19749258896417435,0.19044185300813232,0.28914120856069164,0.1791208859097917,0.1558391156067731,0.26704129620638956,0.16401182620442037,-0.16467247341431612,0.2321234242090228,0.2865967623457144,0.24182250384358517,0.18389391261312724,0.17679960753511892,0.06764276401244833,0.11297619727582725,1.0777763204186852,0.11729846978292413,0.20332428805099814,0.04178039603467318,0.10079225552094759,0.5367097958416479,0.11567443090204957,0.3810088227266028,0.062145173019000396,0.09423290401377678,0.3206734545317495,0.22141445455245237,0.12396098066196175,0.014728827751946071,0.19974748142180934,0.17088255965506402,0.26040351147972945,0.007599559434800687,-0.12348769136590582,-0.008881524519189816,0.016665476233223443,0.17008059984053872,-0.11828983849346474,-0.04968913942382071,-0.084119011938166,-0.0001757290888541617,0.06729175491221671,-0.03889240993438326,-0.007263386321949412
0.08614924078739922,-0.20987978727874873,0.08377507318063866,0.24169622400140878,0.3355478323563128,0.3342349449341799,0.15449969442403294,0.10557625446605041,0.21298383098201246,0.11517093161946966,0.19856539455761865,0.25808598776597674,0.13381296621331973,0.16916608513979436,0.1338850800602812,0.2565719444548177,0.19873590129403776,0.04212887588753766,-0.11583154494066812,0.16548645423290959,0.21188139141501644,0.2603352785999094,0.19957968977090634,0.47086069434027256,0.35046260127237405,0.18221036954985448,0.4143341474705087,0.07019702822104701,0.3607437320609449,-0.25952203589848255,0.11729846978292413,2.2245992678530073,-0.28033787197018784,0.7681076769004385,0.3896205568325553,0.4656836043561573,-0.47802639797408325,0.33882830119091584,0.06872811803006976,0.13781213337664844,0.40493567843717987,0.23334325479038417,0.09541863479417444,0.03417592286941974,-0.29432672211350164,0.09309402701992531,0.5817430404792513,0.0005593801169943359,0.3332870406484587,-0.4763221511687811,0.07562924024554966,0.12227230940138147,0.20709991435038197,0.14704880070576662,0.14004636104636184,0.17676108370623653,-0.013306861058535914,-0.3436345752418768,0.011916235648476336
0.09515228623072253,0.27641518030869444,0.22557236393239372,0.2737715113200017,0.087778674734619,0.10417262968553317,0.10178585667191475,0.21110935902317352,0.09492627979785843,0.18233045810690302,0.12029843813529456,0.052857382141727624,0.10746543159805254,0.17998861261231552,0.25139546157363607,0.10243474822814486,0.24559413971774485,0.288442766674948,0.2155336345865709,0.20999271606678163,0.18893851490552893,0.1382190934510519,0.49107440011275616,0.35744078890008407,0.11132880766419796,0.07088278100105469,0.13423658804150584,0.6878547589747935,0.018409126105629597,0.5663393667599758,0.20332428805099814,-0.28033787197018784,1.5799870147517412,-0.18012628618988907,-0.30536928532487145,-0.10945148508967367,1.1154759093308173,0.152601393721316,0.25674963338774365,-0.0073119197077400905,0.026301193281891667,0.18666232438327615,0.23230836660411955,0.05835847275452435,0.019177062430251784,0.07844024161426294,0.5380182726048356,0.09675285147589711,0.5883246756511351,0.9412671089912938,-0.5248908528835597,0.2858701272536865,-0.2764340483904747,-0.2684309357840661,-0.056605754005466406,-0.13950234347164725,-0.1339458582275217,0.1028466569220177,0.2979492055614682
-0.007892848675853546,0.05848644975080365,0.2649627360980311,0.30534289764998285,0.2725562762489648,0.3638824777039148,0.1421614651020094,0.2182753789794866,0.22500828508096268,0.20771612361990285,0.257258045397042,0.3119995489720832,0.19156159157931196,0.18101655247450646,0.259408315202404,0.27659543816232735,0.2768208967750308,0.2502353152876249,-0.11343667328609491,0.30894412806020616,0.2565492683960364,0.2859425848105203,0.4593513768309693,0.19727755552193754,0.5273487382862546,0.29017645453078433,0.2818201524704121,0.16525943684989378,0.5710189324109073,-0.17969918491766768,0.04178039603467318,0.7681076769004385,-0.18012628618988907,2.0328468558045762,0.6396649737444495,-0.004677114804571216,0.4143721982531033,0.13630206450696367,0.15186952983013746,0.009644418971291136,0.4432254607930013,0.2715608598100803,0.19310681329105994,0.16294624473772587,-0.6183146527071902,0.4014003711355992,0.8216724307243133,0.08887939482946779,0.7365348339575489,-0.7757145141357327,-0.15240172500565585,0.05537450631950332,0.31155288124100594,-0.06961000165923016,0.06318447134163019,0.09569746371843987,-0.26005952319589415,-0.08949132820191287,0.16906839378743194
