0.4313335344651389,0.1531337849089732,0.2683914839862773,0.04387731867778321,0.1521587849159246,0.08574661961863739,0.10186818576211862,0.0706227815967882,0.07549667029617849,0.0731238301341903,0.07035588878736812,0.08878330196744337,0.044905734871572914,0.0910405009625084,0.11284697772074405,0.08332905429475983,0.053524692977548645,0.08457930231750505,0.06894513712067882,0.06080027636234643,0.09053766251071109,0.08129061405362108,0.05679644132604694,-0.037224306387705186,0.09286295670107306,0.14308784340671094,0.06411386531081147,0.04163101040731421,0.09712086447147403,0.028031325270376994,0.08066786733852496,0.0864357846238429,0.06892300255877684,0.028532349420135588,0.03698361455598362,0.10889383352995106,0.05752657744701341,0.046532536945105105,0.0651198062319321,0.013921917178339318,0.06157803455083054,0.07860913790362443,0.05448243966081601,0.005149144709949035,0.04165934427105009,0.15286280872407887,0.09856624907067532,0.015477267383231342,0.044801468782605595,-0.02529109084074432,0.0008247223748691711,-0.05397511107123458,0.02391207999615235,0.00623882828341279,0.043884414781501166,-0.00954932185633498,-0.02177460147108771,-0.08563915883380958,0.0793753564447635
0.1531337849089732,1.4715350502251425,0.7251453500331912,0.086232752968044,-0.029844697638331353,0.3427530316788671,0.15733156418795527,0.3300040958828976,0.21289630623781097,0.26685267631688564,0.20970588750483368,0.18756965176024226,0.10260824386647158,0.11198634421016647,0.23615807254971743,0.12950388899627902,0.21038733035472046,0.40873759232866097,0.014545176376403431,0.3626728041634948,0.20676835964880905,0.15445351418420353,0.08790638293749065,0.3174867295308721,0.19830064578753454,0.1496078931473351,0.17496949828633276,0.1992008015880342,0.24072851033091944,0.11168410581339862,0.18039188239757445,0.1487133525626412,0.1452969395454248,0.32418279827225255,0.14799317122939784,0.1447524465220749,0.19444580871013245,0.170613023299099,0.241481734162383,0.09744458623972406,0.1809103736975205,0.175743041519607,0.3022256376034385,0.0030098183808055855,0.3662317977377398,0.4184752293916095,0.3523375427264809,0.09051171568399287,0.2310736572663947,0.02675227962250391,0.10833747262942851,0.1599212453457048,-0.15398403348504958,-0.035743496042238664,-0.01833263198638672,-0.006147514716566831,0.0007809487301845976,0.19950896689448921,-0.23103674824149728
0.2683914839862773,0.7251453500331912,1.683360354763098,0.012053899396732952,-0.41254782051166244,0.3082327057179548,0.10856403514924967,0.35847384462967896,0.25534062268774144,0.2953921614783086,0.18657512988121802,0.16905168666984888,0.10795119386629123,0.15467869887023844,0.17693043313753443,0.13907643593065694,0.23984265464257717,0.23709670457653823,0.28443801381448264,0.20664547334283473,0.19448248151906083,0.21253951965198353,0.09158826631422695,0.17194379957461867,0.1923478884482151,0.22877487718360176,0.16091033660929524,0.19346591669970173,0.28528651281956513,-0.03874474824169174,0.12005916254599636,0.19426547625328228,0.11334792596907224,0.36126288052955347,0.2076925813513613,0.28202891790777235,0.11148890344482228,0.12341192247611524,0.13634654934834423,-0.011387258885462447,0.1074464688050892,0.1677483262330716,0.23380339795025099,0.008280023174796026,0.342309014864586,0.698692782331215,0.3025501157069296,0.04513639697380016,-0.019698672504589683,-0.06812687304476434,0.07943961774294346,-0.09022285199508093,-0.10790182043789905,0.031049372081597783,-0.0332992445772955,0.03082334770840952,0.12799905071854362,0.14458115979698427,-0.3392657820578806
0.04387731867778321,0.086232752968044,0.012053899396732952,1.1766994906162203,0.5953227168246856,0.3613159981588411,0.40575038248892537,0.4453563575037578,0.2350355764552774,0.17567033741586305,0.27510892077910554,0.3038325525047259,0.18584187506813205,0.28052825252892066,0.18415257730472992,0.273846695690223,0.24379643141024043,0.275499061249545,0.06462991720424947,0.26167924312761404,0.22279017622534802,0.23902503119356036,0.2312001521028233,0.48114381315349275,0.26415768115449223,0.17691926846097397,0.19929743046844997,0.0981891903583173,0.21756476572537894,0.17041202241886186,0.23549087161940502,0.2715386624979902,0.18406423121120116,0.32895116892425136,-0.021717433519533685,0.16290981686710493,0.20651672531592183,0.13334154440398874,0.32215446421493843,0.11398254954275053,0.2442872913527213,0.23661205951277745,0.29169078904288487,0.04404467110952815,0.18145779584579752,0.155405225523031,0.4370105615678258,0.029843577700147342,0.24156882785915487,0.09749626666248021,-0.04847241735668676,0.20420766699988965,0.0018092469951299422,-0.08267226442354142,-0.003308263185868274,0.0894310047232606,0.02618216111797623,0.21370103706271235,-0.3900304811584364
0.1521587849159246,-0.029844697638331353,-0.41254782051166244,0.5953227168246856,1.8016222559380646,0.1541131277650087,0.34292056925421044,0.2984954094600377,0.10234517038280379,0.13981142256014784,0.1944169580971045,0.26832871541150455,0.13130424137242963,0.1569691368924983,0.1697291738368103,0.203660364608961,0.11744366806397709,0.2509529803274862,-0.12001494946740078,0.18411297278930266,0.14280438010191082,0.14826723985679846,0.35833223278290066,0.3865293590922297,0.2109489579789307,0.11519173891923985,0.13971891162382394,-0.02990929300092919,0.13708862305466127,0.15202713760390277,0.27600930006405744,0.13831965353744072,0.16140135548196874,0.13286776823281632,-0.20338869417995742,0.13214620441854552,0.23039610826257623,0.08771860950817793,0.20546495120908406,0.04432785516817845,0.24449380511765978,0.17962471642467145,0.09841582372921194,0.019510073400956732,-0.12799472874397397,-0.03988567952727571,0.33972280989222403,0.03509731783264045,0.30536222375695166,0.09332115385494065,-0.05135912655048644,0.2590973568770288,0.07382736052631855,-0.11061416602033525,0.010940277459506712,-0.038441712524510493,-0.1993953407086881,-0.012017642541512523,0.19804632121308152
0.08574661961863739,0.3427530316788671,0.3082327057179548,0.3613159981588411,0.1541131277650087,1.0428248082280662,0.19905348987027038,0.3793479350774595,0.3703639924056082,0.09003141931682603,0.3210403705225499,0.3030275881027039,0.19392577940554734,0.24734165301854014,0.24861050594465728,0.24620910120522171,0.30497314527579505,0.3206913977923618,0.4091211220379599,0.4821723870435616,0.30612547296679393,0.3078476151834989,0.24473221322748087,0.4554712391212048,0.2851616860496542,0.27537175398744257,0.2381448853850833,0.19659984613488943,0.3585299440935408,0.10860027703293086,0.24854400579634972,0.2628601901313435,0.22119939028386226,0.4554143603723391,0.05210729940531862,0.0592629655047126,0.2530967377697307,0.2390929665185593,0.46256239058899823,0.16252768235807163,0.22995850696911263,0.2926772506064929,0.3829841785259263,0.038270895659090726,0.28996171329447246,0.32320558539216104,0.5232668841695202,0.0947586676846483,0.6365091741925013,0.3218386243365027,-0.24863302977005927,0.12451943294676067,-0.14808927335519967,-0.03507588390700682,0.01954412388678742,0.0015499979654882694,-0.03570605221771755,0.13225723814871448,-0.1532942209546036
0.10186818576211862,0.15733156418795527,0.10856403514924967,0.40575038248892537,0.34292056925421044,0.19905348987027038,0.6599434620033797,0.2628739555786326,0.3109182093396487,0.19241334014008532,0.25101392241617454,0.30403243082838544,0.16454636162387543,0.20402522080588295,0.1570977082002375,0.24370116051753418,0.24701699994877643,0.25691661796731435,0.029391338149750604,0.17608161588742122,0.21027875504508384,0.2543623413816861,0.20325828006588872,0.4545190042494353,0.2242618127173615,0.11152957375538541,0.18788780720259105,0.14508272137517592,0.163565576948605,0.2504890960954903,0.22505099748541574,0.20572857367561115,0.22557150794597552,0.2552942163226421,0.10547006323345347,0.2734131598284533,0.22115915168356187,0.09105996960814448,0.23933373596787247,0.07802488098257128,0.2541660042784798,0.20251260739827,0.24851751737607836,0.02648960014985496,0.148371096099806,0.1883703256333184,0.1868739196813261,0.021057293527010548,0.23252145867572666,0.03164168877027279,-0.05902295448654745,0.12006103174661668,0.06757261700603938,-0.07980765472583269,0.135051185385057,0.07357296907421552,-0.07360620527733497,-0.007702446386137635,-0.20846603030104627
0.0706227815967882,0.3300040958828976,0.35847384462967896,0.4453563575037578,0.2984954094600377,0.3793479350774595,0.2628739555786326,1.1709137100068114,0.152481615776228,0.24872870761431592,0.33068421117943014,0.12126821846387421,0.17500242552108788,0.1723961611855027,0.03055044991767058,0.1563711541518441,0.2687506810419132,0.34006213322301093,0.13278004998504633,0.3553059342783402,0.18282510403881586,0.20712434776412206,0.25837007754450364,0.37317396527392,0.28474532118165646,0.2225376363297777,0.16683437231658918,0.23909809189189057,0.3002527555242384,0.07238085155666092,0.15511335733040577,0.21055985619650133,0.1775241062868317,0.40883383464728235,0.15721791674209248,0.012769152846738628,0.29839657319177904,0.1886600580150011,0.4744619917062866,0.16623734064890433,0.13755037311108773,0.20022633933319356,0.2732249345667366,0.029342786177669496,0.32505022900707187,0.26990447972081216,0.6670957018633522,0.056144705418434394,0.2924539467398141,0.3265700069451609,-0.05601260690093498,0.39048976450019374,-0.17445650029307225,-0.11569092543848396,0.0810701125233572,-0.06009098380986412,0.12052470114792284,0.08976915615638441,-0.2353287869304558
0.07549667029617849,0.21289630623781097,0.25534062268774144,0.2350355764552774,0.10234517038280379,0.3703639924056082,0.3109182093396487,0.152481615776228,1.0888161902415956,0.04968084784116886,0.23496947005371716,0.26588910271770494,0.20581032363748422,0.2445618034108141,0.14712993862868765,0.23512208861995815,0.3377202036665264,0.18267189342683152,0.31220318443911027,0.36217204235275263,0.33542753622247856,0.4666201658255607,0.3379292016914915,0.46056249036999625,0.21265012221752413,0.3091655066863056,0.2505254433295297,0.3150759771662861,0.2723310784798795,0.31746303533146886,0.34870361992748045,0.2833256558892292,0.39569269282828373,0.37813870461487,0.19171037765697388,0.34439167910601964,0.47112336810231686,0.22018635821242857,0.3556580810812169,0.13792144228287265,0.4041212155375456,0.313516772103725,0.3598966697086225,0.019384121636231755,0.2955638243502517,0.304663724039337,0.41032413368947857,-0.006106070592984254,0.2922272746412619,0.16259694551443918,0.021530188246536387,0.5579624111686134,-0.053588244666821945,-0.15804990175647202,0.1497797890277077,0.04118262202156678,0.02124086769830765,-0.0801976640208801,-0.14507471865419674
0.0731238301341903,0.26685267631688564,0.2953921614783086,0.17567033741586305,0.13981142256014784,0.09003141931682603,0.19241334014008532,0.24872870761431592,0.04968084784116886,0.9310108075655054,0.20802676781587634,0.24462744738976042,0.10430340662677663,0.22485778167466938,0.304803199241612,0.20770885241901038,0.19622466265224794,0.33853063465131744,-0.016823732494068037,0.005024171699347042,0.10312524225877394,0.16103466492306548,0.3623603533869888,0.41762507976645724,0.23399640752571388,0.11650355887837928,0.16631700244765632,0.18749702939007057,0.22260374740811806,0.2043452154641752,0.13815904473958682,0.23177404941237234,0.14489876439338606,0.2695248796359268,0.2579209420646449,0.19648760309760585,0.24449658995227824,0.01596442497667305,0.12977824097983628,0.09959791900687871,0.20808385742344848,0.1239912652675312,0.15324943846585798,0.023284120008824256,0.07123815537814171,0.3052379597141772,0.570208738689438,0.039359660738627726,0.19488538699075916,-0.11784968448219026,0.08257435626401236,-0.007904729314878137,0.011652769619898327,0.018225851266682906,0.03013353365530309,0.016861163366947332,0.2140509938915994,0.0050309957017468585,-0.26847748149910783
0.07035588878736812,0.20970588750483368,0.18657512988121802,0.27510892077910554,0.1944169580971045,0.3210403705225499,0.25101392241617454,0.33068421117943014,0.23496947005371716,0.20802676781587634,0.4274191938006829,0.28535544506505617,0.20325929312609792,0.210313555384644,0.28040241190916604,0.2531618744439232,0.3447093997559817,0.27476755203932973,0.13242281478439372,0.3048778112484216,0.2338464216952044,0.21875574356453492,0.1663958075501577,0.3798076446805109,0.2490707866557374,0.15242145679716318,0.2268970502213017,0.27950203556695247,0.23962440006426763,0.23196531894698308,0.24766841131303596,0.21946616719601164,0.24514793435435867,0.2694853806025521,0.2168667060756743,0.1872260751403087,0.2972944194827953,0.16517072283082912,0.31186554446016257,0.15447484028432049,0.22577314102182913,0.24126900185724454,0.2486948192116209,0.007578885684045496,0.24800712734460423,0.26259030002465106,0.46627943336171135,0.05262634029415701,0.18859677405900935,0.1857907101425427,-0.03966445451069342,0.25459281510097964,-0.0770222050125389,-0.08703590795972875,0.05422996012240013,-0.01979644815265334,-0.04419799603571441,0.01057264799187087,-0.04157447452219888
0.08878330196744337,0.18756965176024226,0.16905168666984888,0.3038325525047259,0.26832871541150455,0.3030275881027039,0.30403243082838544,0.12126821846387421,0.26588910271770494,0.24462744738976042,0.28535544506505617,0.5788350023413883,0.16787919545888622,0.2281544329943112,0.316637339701071,0.29891553265232773,0.322720206713085,0.24519049457310915,0.12396734824916533,0.21319436055332655,0.22973843458116633,0.22927726341818414,0.17290690101918182,0.3770501792508358,0.2749849438815803,0.1408123401768087,0.2527988512317907,0.1994330130816445,0.2183201862519105,0.2189066169452226,0.2367360834900202,0.234375454292584,0.21234557086404116,0.2533474903690782,0.16187486419892333,0.23894387676580622,0.17895107701488175,0.12037572952915673,0.24327751717429702,0.1247803279410639,0.21955826439069862,0.23068123552640882,0.22390880536867402,0.007218630973648737,0.1861734325126855,0.22933494870893906,0.38271826809655124,0.05443128831505151,0.34944823186982416,0.059280377562549634,-0.03341213033923591,0.182262455752622,-0.00388575701807296,-0.06817524516395308,0.02606878293003389,0.05050520133714287,-0.13779800367541947,-0.01702032833040144,-0.029984546258645387
0.044905734871572914,0.10260824386647158,0.10795119386629123,0.18584187506813205,0.13130424137242963,0.19392577940554734,0.16454636162387543,0.17500242552108788,0.20581032363748422,0.10430340662677663,0.20325929312609792,0.16787919545888622,0.37455511053559826,0.17604711724418365,0.1474477701358076,0.20278856284652044,0.17938460765170103,0.16735086101097915,0.15340221171559917,0.15208044360818354,0.14896884471304175,0.22213030146372814,0.062419662934903516,0.29840022322692356,0.154983370942198,0.15227859013284356,0.17775495799134874,0.17855483224837182,0.18682782058521827,0.15461882727762644,0.12694156539238058,0.19091696149824505,0.1336337135104616,0.18711960183076914,0.18559686478856932,0.1404012223567998,0.1461687780429531,0.08049858642203384,0.2689276997453259,0.12775568388335226,0.12719879977082507,0.1571605518823604,0.1692805550592302,0.023412452340969062,0.14202025566944923,0.19918351252936328,0.2523857919113143,0.008823906697809162,0.24763071381228563,0.11802366542819083,-0.039091831858212994,0.15117148182136508,-0.053626329974276785,-0.034766143534877114,0.06822058873350594,-0.013797458451480784,-0.02312077690790994,-0.037238824460512354,3.801759523333177e-5
0.0910405009625084,0.11198634421016647,0.15467869887023844,0.28052825252892066,0.1569691368924983,0.24734165301854014,0.20402522080588295,0.1723961611855027,0.2445618034108141,0.22485778167466938,0.210313555384644,0.2281544329943112,0.17604711724418365,0.5439893719521403,0.2103374516428519,0.3763601370408431,0.24426625371630123,0.15518400503648963,0.2171208576011958,0.16323292865561453,0.2385579911042948,0.2911189819530281,0.195136889911681,0.28741582030508656,0.22066728420626514,0.37079362647150993,0.20425530471834208,0.1837879413329076,0.23172657910626357,0.18097891593506218,0.18338241065000777,0.45171431386501554,0.19053294284176073,0.20110777293331328,0.2277565120452193,0.19440533023573195,0.15916769743744702,0.10615448267839905,0.2613318999041346,0.18847714360839038,0.20402568707147675,0.2676012000836239,0.20133493417956944,0.02200477926660223,0.13077000031277966,0.2725854706344551,0.5154336914894301,0.04228819230988322,0.5135863810205763,0.02628684624012353,-0.04483836952913199,-0.13991525188267923,0.11881238570230578,-0.0029427210085789042,-0.11342332816518884,-0.00074271257062147,0.2608809492178327,0.1298849183921981,-0.25418494677160713
0.11284697772074405,0.23615807254971743,0.17693043313753443,0.18415257730472992,0.1697291738368103,0.24861050594465728,0.1570977082002375,0.03055044991767058,0.14712993862868765,0.304803199241612,0.28040241190916604,0.316637339701071,0.1474477701358076,0.2103374516428519,1.3389635936261521,0.24228362958942992,0.2037474420404192,0.4902465400770415,0.15854392769841452,0.24126333445076667,0.24090856091074297,0.0198472257724909,-0.19882449349866194,0.4385163833627704,0.292666970265668,0.29587963231963066,0.19979637642428344,0.260890310848259,0.21085077408574718,0.12855352098921793,0.23070027209313262,0.1999222446151031,0.1743926566955573,0.19882957766835607,0.20328864759846477,0.18286349617606504,0.2961388309420916,0.08570682081876922,0.253786980998337,0.13633136214045274,0.2212011209257397,0.21663559008526498,0.20151475016665754,-0.02748157730686334,0.23984443252156684,0.08854556887083383,0.21215195318272298,0.12044663253127352,0.26161384869022436,0.23692733479320804,0.033721721857600584,0.0671527296677824,-0.17423991575755113,-0.06091803906385119,0.16561788339077274,0.023982468529695006,-0.10441846517204116,-0.136837401495041,0.07754404587497948
0.08332905429475983,0.12950388899627902,0.13907643593065694,0.273846695690223,0.203660364608961,0.24620910120522171,0.24370116051753418,0.1563711541518441,0.23512208861995815,0.20770885241901038,0.2531618744439232,0.29891553265232773,0.20278856284652044,0.3763601370408431,0.24228362958942992,0.5369395008554559,0.36859054613740344,0.17479996395927558,0.1617393906268915,0.1843078396723997,0.2625906645743648,0.31367636095356877,0.134771453089732,0.29165392593040673,0.2528534427652976,0.24757363911776506,0.2530782989762101,0.27941429088323083,0.2617823559922462,0.2852221582103053,0.20398800402941167,0.33976581200153017,0.23503946856475472,0.2387447370637828,0.29078842660279697,0.22353615699113322,0.23783236154070955,0.11521382880074098,0.2804512204181544,0.1926872976844412,0.23004504648653487,0.30134546655150307,0.2588701982264007,0.016365829376984817,0.20469616856764558,0.26588725061932106,0.5206064484917107,0.030293241915722496,0.3882695250781914,0.06975467616833947,-0.0692388484034972,0.016617799270664972,0.012772663380563215,-0.023887318468049958,-0.03894249257079573,-0.0002826573036801874,-0.04003847041944967,0.03179598433119634,0.02691522485883498
0.053524692977548645,0.21038733035472046,0.23984265464257717,0.24379643141024043,0.11744366806397709,0.30497314527579505,0.24701699994877643,0.2687506810419132,0.3377202036665264,0.19622466265224794,0.3447093997559817,0.322720206713085,0.17938460765170103,0.24426625371630123,0.2037474420404192,0.36859054613740344,0.9695056321927714,0.22726029511473614,0.24661035836311732,0.39587938795973665,0.37320970445110907,0.3140075855757751,0.2521837277114891,0.2713093581614094,0.3085317223112585,0.13024483485243124,0.30032198057512705,0.6655408555717033,0.27437883278261843,0.5131982216344625,0.35461913851635923,0.25891780761686317,0.5602986747166064,0.30956822814674956,0.42188825160155313,0.3018382163594473,0.5584446102775137,0.2296461412319403,0.27424820500417685,0.16249438774997735,0.3675753258561872,0.4195103302378429,0.41864892299059236,0.03178157831745398,0.28274840553878205,0.4648323135370403,0.8071957643193275,0.10955247525761412,0.1337849589775405,0.3511549599446081,-0.15754978163127809,-0.014828782322965414,-0.2537675188093525,-0.09440492512417976,-0.09666082018818413,-0.0007504248094273175,-0.18580598842268226,0.12460072092144288,0.026236089956475202
0.08457930231750505,0.40873759232866097,0.23709670457653823,0.275499061249545,0.2509529803274862,0.3206913977923618,0.25691661796731435,0.34006213322301093,0.18267189342683152,0.33853063465131744,0.27476755203932973,0.24519049457310915,0.16735086101097915,0.15518400503648963,0.4902465400770415,0.17479996395927558,0.22726029511473614,1.191008972630931,0.11170839315052264,0.07491040077321912,0.24732753934999124,0.17256646449011623,0.044107128419248395,0.6472479185450785,0.2452504476206868,0.32987937531529765,0.15710634543834318,0.30098224072159246,0.16130376863998597,0.06794196995974452,0.20817231420888405,0.1975837698329741,0.24492577448552422,0.2656520454845285,0.07305802258188923,0.14392044016176156,0.16989582369075967,0.0030490357151601844,0.3301143950637121,0.1007932363252007,0.14736295744456307,0.1771871276568424,0.40535174651379025,0.014340889862829893,0.31750017049905355,0.1802204753157986,0.33019809364674296,0.0686969025366421,0.32772450165746875,0.2853453891634182,0.19373103018706736,-0.0219068514341508,-0.44069402324981005,-0.18690802797994713,0.1246034171572293,0.07063103934569202,-0.13471667754594907,0.004780530243991043,-0.05317150391339169
0.06894513712067882,0.014545176376403431,0.28443801381448264,0.06462991720424947,-0.12001494946740078,0.4091211220379599,0.029391338149750604,0.13278004998504633,0.31220318443911027,-0.016823732494068037,0.13242281478439372,0.12396734824916533,0.15340221171559917,0.2171208576011958,0.15854392769841452,0.1617393906268915,0.24661035836311732,0.11170839315052264,1.954464403551548,0.30907392562588404,0.25318138169490256,0.2443588017565795,-0.15005202353835187,0.012789668616116764,0.08289771904819385,0.23369596962850583,0.15678722755971114,0.326853447868737,0.09734961074774663,0.2742366558698497,0.18443828859734934,0.1862354116397864,0.37687568253857406,0.10116870641150942,0.10625350895630525,0.4527837086046585,0.17712451425904682,0.18532114465402114,0.17505823570296708,-0.0018679366192470928,0.3021154595873702,0.21923620915092204,0.23188439089606838,0.06076612110472713,-0.007799381658235594,0.194579470253206,-0.32828929233638227,0.0481144662551617,0.12403693912709628,0.56073987731418,-0.30867906955147706,-0.5039147501729953,-0.227279981374724,0.028298742772306477,-0.05905274597787896,0.020497205550058798,-0.013363163221642046,0.056928646936285784,0.019476269602426335
0.06080027636234643,0.3626728041634948,0.20664547334283473,0.26167924312761404,0.18411297278930266,0.4821723870435616,0.17608161588742122,0.3553059342783402,0.36217204235275263,0.005024171699347042,0.3048778112484216,0.21319436055332655,0.15208044360818354,0.16323292865561453,0.24126333445076667,0.1843078396723997,0.39587938795973665,0.07491040077321912,0.30907392562588404,1.159265591200277,0.2089669338403297,0.19862552610248393,0.334478902551969,0.36090271118715084,0.2661463053657948,0.0333351276922197,0.3099251622023094,0.349027297563289,0.3713095425922361,0.5096609456281544,0.4305346282562546,0.14506735679454652,0.30947695408727416,0.45761693840765205,0.31782129142309745,0.22267906687976854,0.607345913306089,0.5261987875023133,0.4475718591510631,0.21972811410784646,0.44916592403114813,0.29954582922221495,0.4359260016553896,0.032400226394408045,0.44233311355436,0.4644598377329858,0.4005032087160326,0.1840764601079819,0.37628797956206395,0.308369355919197,-0.23327527964753447,0.34279614231213945,0.07158822870728306,-0.043113339448875486,0.06354426200093342,-0.032754535186250856,-0.04079560667479181,0.06311403966402948,-0.09045978650159056
0.09053766251071109,0.20676835964880905,0.19448248151906083,0.22279017622534802,0.14280438010191082,0.30612547296679393,0.21027875504508384,0.18282510403881586,0.33542753622247856,0.10312524225877394,0.2338464216952044,0.22973843458116633,0.14896884471304175,0.2385579911042948,0.24090856091074297,0.2625906645743648,0.37320970445110907,0.24732753934999124,0.25318138169490256,0.2089669338403297,0.5366479676068964,0.28730036917874396,0.21762963277635833,0.17393059944318537,0.21861048358460827,0.286155664340899,0.21071738333061635,0.31790358603840235,0.22218989026196578,0.3492495556020378,0.27642957631330306,0.23339098609162984,0.4318167724258778,0.23360659272770123,0.17642751212753102,0.27592445936102195,0.29040670676672836,0.12433408397314342,0.31113169952989345,0.14521116026173375,0.374989721651316,0.38284561741739165,0.4082346429333651,0.015033645173076662,0.2464833692989394,0.33460784398012744,0.5359031549426484,0.10398572133444729,0.3391867912260607,0.10007959336830645,-0.04261905611382882,0.005199133278627342,-0.05258550573767609,-0.0669364281246546,0.011533347130645724,0.008222245228646632,-0.26295183572907566,0.06506058087405549,0.16783932764271842
0.08129061405362108,0.15445351418420353,0.21253951965198353,0.23902503119356036,0.14826723985679846,0.3078476151834989,0.2543623413816861,0.20712434776412206,0.4666201658255607,0.16103466492306548,0.21875574356453492,0.22927726341818414,0.22213030146372814,0.2911189819530281,0.0198472257724909,0.31367636095356877,0.3140075855757751,0.17256646449011623,0.2443588017565795,0.19862552610248393,0.28730036917874396,0.6806680568221873,0.49204450515546394,0.32067042679016744,0.2186953074335964,0.24686558008787848,0.24551550290650007,0.24743509972523275,0.3458720980888958,0.3162436411966379,0.24757512528505224,0.3023078871838232,0.3136956618087227,0.344392355846176,0.19834344168144225,0.341666513686802,0.2070894945540384,0.1443368110462443,0.41175291904570355,0.16297213280962072,0.2919328700965737,0.28320871628644073,0.3358463525044849,0.05421904617972218,0.16097762768986415,0.426691834597239,0.5261573000334002,-0.10294311583434913,0.4842426485085432,0.13119913690847762,-0.07144727992375016,0.10892874408854682,-0.002240815033055385,-0.047221030698441156,0.020551298039092277,0.013345416455165892,-0.07075567691275972,0.0042196438355043804,0.006206361365323645
0.05679644132604694,0.08790638293749065,0.09158826631422695,0.2312001521028233,0.35833223278290066,0.24473221322748087,0.20325828006588872,0.25837007754450364,0.3379292016914915,0.3623603533869888,0.1663958075501577,0.17290690101918182,0.062419662934903516,0.195136889911681,-0.19882449349866194,0.134771453089732,0.2521837277114891,0.044107128419248395,-0.15005202353835187,0.334478902551969,0.21762963277635833,0.49204450515546394,2.926831092523723,0.5824526862274371,0.5423056345318918,-0.21182948846944188,0.20734074309134717,0.22298450473969245,0.7515835663223654,0.8440620295209222,0.3551822862433981,0.12461634049483115,0.42246445712447184,0.6242099101194667,0.384868054583695,0.3235883777963358,0.5790194710809375,0.10160135141333425,0.3372325185239509,0.07457581626243893,0.6070580365014626,0.20205494167127355,0.45030314703284724,0.12542183284904618,-0.12277104693086827,0.9008191415537772,1.304036527895192,0.03817987104719682,0.22828982732304529,-0.208946521248258,-0.06448708494317214,0.2873613242014421,0.5111326356349483,0.01621674905825712,0.24167358311890857,-0.05951778799257134,-0.14479352874380055,-0.16801736718088184,0.13925685019239575
-0.037224306387705186,0.3174867295308721,0.17194379957461867,0.48114381315349275,0.3865293590922297,0.4554712391212048,0.4545190042494353,0.37317396527392,0.46056249036999625,0.41762507976645724,0.3798076446805109,0.3770501792508358,0.29840022322692356,0.28741582030508656,0.4385163833627704,0.29165392593040673,0.2713093581614094,0.6472479185450785,0.012789668616116764,0.36090271118715084,0.17393059944318537,0.32067042679016744,0.5824526862274371,2.432281218030689,0.4185346707544871,-0.7340949119289745,0.2671018318186221,0.36836704827151945,0.011917441817188427,0.792172579467324,0.5450304915919661,0.2545178883629022,0.4304897031281853,0.19372430377140737,0.3118870607216604,0.2714504076933482,0.7368670773644608,0.1970015173895256,0.44604998950725705,0.1186589713348498,0.5851731993445158,0.1555489649167308,0.29648472899261213,0.027074169936090943,0.08865438889056128,0.317666405096444,0.6306616282286955,0.11814941918435189,0.683922170443701,0.1545898232290012,-0.08110531097245105,0.721324998582762,0.11237920229005771,-0.2456330641461722,0.2765229987593011,0.03245317383594495,0.2851028607010269,-0.1190893532524255,-0.4597130786531823
0.09286295670107306,0.19830064578753454,0.1923478884482151,0.26415768115449223,0.2109489579789307,0.2851616860496542,0.2242618127173615,0.28474532118165646,0.21265012221752413,0.23399640752571388,0.2490707866557374,0.2749849438815803,0.154983370942198,0.22066728420626514,0.292666970265668,0.2528534427652976,0.3085317223112585,0.2452504476206868,0.08289771904819385,0.2661463053657948,0.21861048358460827,0.2186953074335964,0.5423056345318918,0.4185346707544871,0.8747094264309644,0.18923511855952221,0.23928007844112786,0.2549800238627322,0.49253426672136397,0.2861157795237684,0.32995770984374667,0.21809980840484483,0.191667420287694,0.40188014392463106,0.2670683210412637,0.30182869267245976,0.3287102823068325,0.15924896213676987,0.4154667976850529,0.18447399655121116,0.28423975657644246,0.21830602024909748,0.25740235069327855,0.029309406167464237,0.3353947784569629,0.2716122452633442,0.6036461159081951,0.023773581723791817,0.04312097050405882,0.07001941555240657,0.09594431651555235,0.42571591916015145,-0.013032904012625036,-0.0635682328141999,0.10909784013252581,-0.01573115776465108,-0.04264501465143949,-0.09854617908411062,0.009158262551555331
0.14308784340671094,0.1496078931473351,0.22877487718360176,0.17691926846097397,0.11519173891923985,0.27537175398744257,0.11152957375538541,0.2225376363297777,0.3091655066863056,0.11650355887837928,0.15242145679716318,0.1408123401768087,0.15227859013284356,0.37079362647150993,0.29587963231963066,0.24757363911776506,0.13024483485243124,0.32987937531529765,0.23369596962850583,0.0333351276922197,0.286155664340899,0.24686558008787848,-0.21182948846944188,-0.7340949119289745,0.18923511855952221,2.3372419918807545,0.10110821135402466,0.061232877353553844,0.5257880901150586,-0.8878519428086749,-0.10724437758013144,0.44229585513940917,-0.1883282917173048,0.4246173587574886,0.10783473170427965,-0.007104787349987029,-0.5656182541864936,-0.03716439305089038,0.4414593536926023,0.4037099492550963,-0.24119790543919808,0.3550616749253238,0.2702823845842025,-0.033474361182695436,0.4588191875770132,0.07891590540104554,0.20301275710661915,0.005277422131862864,0.8458936960287643,0.16177428782819323,0.17365089950348458,-0.42897847103621717,-0.3606664241514318,0.026373823730562806,-0.1456394643330355,0.0522603001455303,-0.160532698876465,0.16615660644295996,0.12055764089320449
0.06411386531081147,0.17496949828633276,0.16091033660929524,0.19929743046844997,0.13971891162382394,0.2381448853850833,0.18788780720259105,0.16683437231658918,0.2505254433295297,0.16631700244765632,0.2268970502213017,0.2527988512317907,0.17775495799134874,0.20425530471834208,0.19979637642428344,0.2530782989762101,0.30032198057512705,0.15710634543834318,0.15678722755971114,0.3099251622023094,0.21071738333061635,0.24551550290650007,0.20734074309134717,0.2671018318186221,0.23928007844112786,0.10110821135402466,0.6682586763877355,0.2835809530524295,0.1747488433538058,0.3147259203023164,0.32844625334966016,0.2220760636254697,0.2639848068224389,0.30628112536555574,0.2959533387166519,0.33146067411826446,0.24561549854855502,0.16683959764741688,0.2704839965533585,0.2210063454189569,0.3193970955139261,0.221958796559987,0.338806382648492,-0.006130066715475208,0.21667431781115945,0.43462506599468825,0.3702750427095653,0.0803837691061554,0.29148072128874775,0.03159986427100705,-0.062172321550017576,0.1757046134353037,-0.0070758179879183425,0.035044887306399486,0.0016536686611344136,-0.007724543818054362,-0.02896474606826926,0.05961737566658464,-0.046941821535667734
0.04163101040731421,0.1992008015880342,0.19346591669970173,0.0981891903583173,-0.02990929300092919,0.19659984613488943,0.14508272137517592,0.23909809189189057,0.3150759771662861,0.18749702939007057,0.27950203556695247,0.1994330130816445,0.17855483224837182,0.1837879413329076,0.260890310848259,0.27941429088323083,0.6655408555717033,0.30098224072159246,0.326853447868737,0.349027297563289,0.31790358603840235,0.24743509972523275,0.22298450473969245,0.36836704827151945,0.2549800238627322,0.061232877353553844,0.2835809530524295,1.8078676261218445,0.046493871916309916,0.7871346802106526,0.4290275413218756,0.264696552226248,1.1723177013538426,0.062147186779054876,1.1002127049808952,0.3075653544426179,1.20065601360387,0.24168765383907675,0.3481451131164878,0.24328211836873556,0.5037981578317967,0.3368297162020915,0.4135653097472771,0.011818065853883205,0.21134809123620177,0.30617189989908894,0.6900929442560354,0.1856327274467406,0.10326373715286517,0.8999309286980226,-0.29057953806440867,0.663195721749032,-0.9192019651309004,-0.10868678464857066,0.5796992282367307,-0.06630729551152605,-0.009950947240472262,-0.6356268542298209,0.462855421907916
0.09712086447147403,0.24072851033091944,0.28528651281956513,0.21756476572537894,0.13708862305466127,0.3585299440935408,0.163565576948605,0.3002527555242384,0.2723310784798795,0.22260374740811806,0.23962440006426763,0.2183201862519105,0.18682782058521827,0.23172657910626357,0.21085077408574718,0.2617823559922462,0.27437883278261843,0.16130376863998597,0.09734961074774663,0.3713095425922361,0.22218989026196578,0.3458720980888958,0.7515835663223654,0.011917441817188427,0.49253426672136397,0.5257880901150586,0.1747488433538058,0.046493871916309916,2.364694667192978,0.2848102464382175,-0.37865539804725457,0.23837009639927825,-0.11917435543230086,0.9141470688231835,0.18736811059680156,0.1289836713153138,0.5876398686898744,0.09529760317754475,0.2698102589161556,0.2563939836962433,-0.10855235554594225,0.24613795729529134,0.22758554499562067,-0.08077313330497501,0.6868268185664712,0.4493000631618862,0.907861414448427,-0.04957977146149812,0.6197531345733944,0.19562667259110622,0.06150672801814576,0.236767018019244,-0.03726565585120648,-0.02782944165710469,0.00464558570740959,-0.07731015073380292,-0.21507898463635508,-0.05851098694167583,0.23326873054594882
0.028031325270376994,0.11168410581339862,-0.03874474824169174,0.17041202241886186,0.15202713760390277,0.10860027703293086,0.2504890960954903,0.07238085155666092,0.31746303533146886,0.2043452154641752,0.23196531894698308,0.2189066169452226,0.15461882727762644,0.18097891593506218,0.12855352098921793,0.2852221582103053,0.5131982216344625,0.06794196995974452,0.2742366558698497,0.5096609456281544,0.3492495556020378,0.3162436411966379,0.8440620295209222,0.792172579467324,0.2861157795237684,-0.8878519428086749,0.3147259203023164,0.7871346802106526,0.2848102464382175,3.064561015827025,0.44803116830764633,0.1052483151678689,0.9957984150135439,-0.029919030534637014,0.9335163991012572,0.6619037387697194,1.5426474308493716,0.3098012240777764,-0.16517888041773396,-0.1516305620857018,1.5571832087007327,0.33871285290927394,1.15847798225023,0.23855856259599537,0.16378060984906637,0.9234813046377264,0.965449986631436,0.34733775958138435,0.15675730999674986,-0.5265228839550612,-0.15159838928564315,0.09689419793616383,0.44114120219384173,-0.017808597436974067,0.29877872792330407,-0.008930142173099637,-0.3048495836353752,0.10887217533577181,-0.011415531320707564
0.08066786733852496,0.18039188239757445,0.12005916254599636,0.23549087161940502,0.27600930006405744,0.24854400579634972,0.22505099748541574,0.15511335733040577,0.34870361992748045,0.13815904473958682,0.24766841131303596,0.2367360834900202,0.12694156539238058,0.18338241065000777,0.23070027209313262,0.20398800402941167,0.35461913851635923,0.20817231420888405,0.18443828859734934,0.4305346282562546,0.27642957631330306,0.24757512528505224,0.3551822862433981,0.5450304915919661,0.32995770984374667,-0.10724437758013144,0.32844625334966016,0.4290275413218756,-0.37865539804725457,0.44803116830764633,1.7261384519598912,0.20472618209370003,0.4820401218111158,0.08863749069995298,0.21012218404343377,0.9174402229759991,0.45104988262421886,0.2743072738736205,0.3051402647100575,0.017326279982834633,0.811058474846372,0.23534942934661043,0.20126186797856702,0.08241241098477851,-0.08061766728374681,0.1479114139325319,0.41498591664404944,0.025792292301563054,-0.48544772789461577,0.24614752631607367,-0.14892147004064557,0.5492276172934456,-0.13729009494081676,-0.11216270561155608,0.25588782848366604,-0.012515605530962839,0.10965352961514646,-0.3022259695520729,-0.03229174256589057
0.0864357846238429,0.1487133525626412,0.19426547625328228,0.2715386624979902,0.13831965353744072,0.2628601901313435,0.20572857367561115,0.21055985619650133,0.2833256558892292,0.23177404941237234,0.21946616719601164,0.234375454292584,0.19091696149824505,0.45171431386501554,0.1999222446151031,0.33976581200153017,0.25891780761686317,0.1975837698329741,0.1862354116397864,0.14506735679454652,0.23339098609162984,0.3023078871838232,0.12461634049483115,0.2545178883629022,0.21809980840484483,0.44229585513940917,0.2220760636254697,0.264696552226248,0.23837009639927825,0.1052483151678689,0.20472618209370003,0.5922884849346053,0.17736491928908513,0.2045694423013612,0.1959523088969856,0.25271303293003294,0.11115926949048856,0.09248611431271075,0.31356286121181276,0.19609509657433158,0.16430349395507915,0.27093784871592896,0.15905567651644759,0.022660948657665155,0.14884343510849926,0.25628781302091497,0.4869887211403249,0.020524394351978868,0.4480064252943712,0.11708723233279063,0.0031596597355608856,0.1477380208590012,-0.27974166798951206,-0.006652363488552325,-0.07226976541995242,-0.01984550674115253,0.5196933358300392,0.127408654522008,-0.5255715324482205
0.06892300255877684,0.1452969395454248,0.11334792596907224,0.18406423121120116,0.16140135548196874,0.22119939028386226,0.22557150794597552,0.1775241062868317,0.39569269282828373,0.14489876439338606,0.24514793435435867,0.21234557086404116,0.1336337135104616,0.19053294284176073,0.1743926566955573,0.23503946856475472,0.5602986747166064,0.24492577448552422,0.37687568253857406,0.30947695408727416,0.4318167724258778,0.3136956618087227,0.42246445712447184,0.4304897031281853,0.191667420287694,-0.1883282917173048,0.2639848068224389,1.1723177013538426,-0.11917435543230086,0.9957984150135439,0.4820401218111158,0.17736491928908513,2.423156030913518,-0.03398732937985233,0.19081922029962994,0.32856566220193584,1.7263621972493344,0.2617337126885766,-0.1393426697306487,-0.21214472953451935,0.8581836167407616,0.4806672836936059,0.6947279923708003,-0.024889619433799973,-0.2950503448147793,0.10774644858025509,0.7467805983085258,0.2989081639416396,0.09923319266717567,0.33923247938190765,-0.4050653336173861,0.278944900251273,-0.03673513923853244,-0.23616150197627223,0.5558128002037419,-0.048288359559456304,-0.31514648892142044,-0.42583400995058696,0.5476772122464922
0.028532349420135588,0.32418279827225255,0.36126288052955347,0.32895116892425136,0.13286776823281632,0.4554143603723391,0.2552942163226421,0.40883383464728235,0.37813870461487,0.2695248796359268,0.2694853806025521,0.2533474903690782,0.18711960183076914,0.20110777293331328,0.19882957766835607,0.2387447370637828,0.30956822814674956,0.2656520454845285,0.10116870641150942,0.45761693840765205,0.23360659272770123,0.344392355846176,0.6242099101194667,0.19372430377140737,0.40188014392463106,0.4246173587574886,0.30628112536555574,0.062147186779054876,0.9141470688231835,-0.029919030534637014,0.08863749069995298,0.2045694423013612,-0.03398732937985233,1.9544898073005952,0.3363971426840109,0.12035557044121552,0.3720026945122889,0.13752150843868696,0.24412818416371543,0.14735467619207418,0.4260294727772241,0.26626999227141107,0.5889299315893224,0.13921359846801679,0.487951477378004,0.25749574894239985,0.6332204749777793,-0.013404301005739847,0.29614823957949343,-0.16945856553048153,0.015459109296697133,0.10255675268975138,0.110939328308083,0.05002609398540956,-0.08650779918081174,-0.0016977315461399758,-0.2867271780002568,0.18203445585201733,0.046799510838999345
