4.083920900887971,0.46926149273123363,0.6454578870246386,0.25772820874599084,0.603965105087879,0.4828264639892116,0.8253308994289037,0.5715990522141443,0.5089654517272866,0.6636453981754944,0.45925187009092144,0.7242544417048282,0.4150562283926673,0.8949010886142987,0.5839953468082876,0.5279460714330613,0.5244308797738028,0.49133289042033196,0.4381878338215909,0.5033593342785936,0.5576132214809939,0.4878686373219063,0.3291034166132746,0.5811811056580394,0.5659208060845906,0.45376041653712396,0.5419562045225118,0.3668417112006473,0.6129865536160771,0.5376270252709431,0.5903172376491199,0.7423838343045566,0.6710876400179514,0.30428248369218636,0.2815957203600596,0.6776380420016357,0.37858672075135635,0.38615391740528804,0.44233154346642656,0.16535988413179128,0.4111804815737837,0.5034361927273766,0.17673344343833383,0.5189627451405355,0.9072372176467525,0.4472049581228728,0.5574784127277543,-0.0682914093748435,1.887341454225763,-0.012656776913375802,-0.019371838681995202,-0.46772243086238985,0.3012798998190946,0.12292721461795034,-0.2776567299913787,0.013146783912769787,0.42581795828765445,-0.04491438340544071,-0.23686324742084142
0.46926149273123363,3.370072017553684,1.393036991643402,0.39810480300056533,0.34139745158613694,0.3646923735686216,0.3464651453185695,0.33382269878552956,0.28630325267917045,0.41683831049545683,0.2883510192509825,0.43321494960973067,0.2752250879911687,0.2231188927046136,0.3684201990391408,0.2903691985421887,0.4047980636488401,0.6503089908853108,0.38696719512925926,0.3678604909184266,0.5735915516193448,0.2863967238656547,0.276334841991801,0.26949505966101533,0.35809703796265524,0.42100350445490275,0.37816803283607336,0.26931918246067577,0.7512339673972215,0.1737602005944404,0.3309541188581428,0.2306184410030701,0.399385608980809,0.4508378371716134,0.15104554776723716,0.6125006838861307,0.5245051864592594,0.24172976562079315,0.21857635379553383,0.01995367713138468,0.29631117402287716,0.2639440258739109,0.3838630001444145,0.10704579345164747,1.3656326664098553,0.4013963866072464,0.3801676680827381,-0.030391767020493538,0.4266182615955094,-0.044713058613586355,0.4908777142936663,-0.21676687331871705,-0.09602493610107958,-0.08676569836347575,-0.29507275688228474,-0.41753469484771355,-0.6107489373207333,0.9435593747824995,-0.06826915589574357
0.6454578870246386,1.393036991643402,2.631536281672398,0.2624974674692946,0.2543781465777725,0.4770560983259068,0.40604132496006967,0.3869318232388312,0.45714608746131713,0.5222492701309032,0.3471787089951163,0.4603122937890607,0.30297603524073236,0.3102482324313464,0.4921027869815727,0.3930261010623148,0.47223373839961597,0.4906843495743943,0.41733479766635473,0.34931275629717584,0.4852428518846845,0.40226126251810773,0.3586863161285635,0.37892051621916234,0.4121442701525052,0.37709594656737655,0.43383352886379356,0.3262349934200834,0.5355140122053763,0.020211603202109185,0.42316236096312937,0.3681559969146308,0.5207833905029228,0.5411742789451993,0.1428448444729808,0.577384300903838,0.5357206999558747,0.2825719826795127,0.3375609824864407,-0.23859289151654808,0.246599586600983,0.368908555608849,0.22908750773280215,0.4592388481208777,1.2838347927121003,0.6023983225132132,0.3106132274627791,-0.06347384808710488,0.3227599182484859,0.056049004915609685,0.1990935523807807,-0.03444498198645113,-0.06915021961159881,-0.12065912398272412,-0.05035853454246254,-0.09834317444631702,-0.00470993442988213,0.12563367850636104,-0.15832784466297348
0.25772820874599084,0.39810480300056533,0.2624974674692946,0.7260231507828453,0.5285813622585959,0.3336942016087467,0.2854349200406281,0.24066591033636067,0.20446699965811652,0.23517406424552278,0.22069577565759488,0.2701530692521581,0.22733521655466626,0.293508014584596,0.30008894598984004,0.24880558158978122,0.2605922096213718,0.24713145713569784,0.3068247089653708,0.28609330081577955,0.2861548694290024,0.2208499445082539,0.18322933416132783,0.2806589126493022,0.24056074710432987,0.31217057728094494,0.21167034543123367,0.18972370060683172,0.3960086339498006,0.22106576945884557,0.23645084153274887,0.27575562091938294,0.26788745189000773,0.3449500734928603,0.14034325580074572,0.2941990683658722,0.34817941568500665,0.18299785349869332,0.3575665409631083,0.034193406325626105,0.19856689706854877,0.2554692671873952,0.28985120495363764,0.27652660179869804,0.5019329957389539,0.16916879663105575,0.24094930290273223,-0.005894789705984194,0.2993037444312833,0.3371936651828679,-0.27183547592234836,0.011626842076443746,-0.05032345696896344,-0.04069179034906911,0.15126822604682297,-0.25536165924779836,-0.07675034266264898,0.19941499894324882,-0.030629873501949605
0.603965105087879,0.34139745158613694,0.2543781465777725,0.5285813622585959,1.0251085194883718,0.3406610095063394,0.3253766883329465,0.2989971896239187,0.22110860080606645,0.32592228827155684,0.26357739545073483,0.34758840422465936,0.2686264184883929,0.35172290379790383,0.3697059017657392,0.3027478794892256,0.28185691838373556,0.27517047871325834,0.48572008986353143,0.2551066185371085,0.2926181616082114,0.24794397035161364,0.1740567085767969,0.30339469265597896,0.27927168925577767,0.3254638089736404,0.217883912904458,0.2025045938878653,0.384974459738219,0.15861621833988485,0.30697402190064976,0.33057909509206074,0.3122449249343599,0.374340510241472,0.1656937114383497,0.3166024417843911,0.36406263025293606,0.18737655590032737,0.40335981086300027,0.06574317226949951,0.20198724023458695,0.2968429587729961,0.13392265163022837,0.35959408752289634,0.35669178303417776,0.2022061200179705,0.22901901205202457,-0.012073047538811065,0.6127920945086163,0.40478854715944934,-0.23308069979530807,-0.1709635931065417,0.022673917486331522,0.00673502736533147,-0.10325058647347327,-0.14309200062629704,0.013081149907867577,0.037931229646864184,0.08637834072093338
0.4828264639892116,0.3646923735686216,0.4770560983259068,0.3336942016087467,0.3406610095063394,0.7063943726063753,0.2718939502055578,0.2991757085628935,0.25600604895376444,0.25779860641052804,0.28756338601689685,0.2501944981497224,0.23992067101686035,0.33745490462213024,0.36312005130971686,0.26083083292296877,0.33604234076041967,0.26175106582502966,0.3683307939502265,0.449034068081208,0.36366214464517616,0.2755915415330434,0.2296615940202965,0.3542606518452386,0.29449912323633726,0.34024145053455124,0.2692813283441662,0.28746662180902194,0.4744759418280656,0.2796331759524041,0.30378404056635977,0.3336285368239378,0.3267772721539186,0.3851571858674051,0.18470563754343636,0.30388574295723986,0.522673499481046,0.26755824072954104,0.4672075427469532,0.040063413595023814,0.150497604387262,0.2754729748228725,0.3277943686872341,0.5073087190324819,0.6505458957383221,0.19556099413453165,0.34987497057850275,-0.01987269922448877,0.9170298608428689,0.5059476469503987,-0.4947145695648776,0.011902406842344504,-0.12079572357682697,0.038916902009814076,-0.03562337700029321,-0.10086717628949356,0.06951419500515722,0.08775508554734852,-0.07161565157476056
0.8253308994289037,0.3464651453185695,0.40604132496006967,0.2854349200406281,0.3253766883329465,0.2718939502055578,0.5770158616029396,0.2302397867283001,0.36655173443253514,0.2931114423472896,0.2675662197736407,0.4362554440360662,0.23050422726093348,0.29691607927439073,0.29888440745115663,0.29894138435943834,0.3335329221906316,0.2920613534237223,0.23514286087746006,0.2764828963864664,0.34284914307874076,0.32271769857894395,0.230505707949784,0.29002232518860765,0.2814447814653463,0.27715372129414884,0.27651716730450654,0.18447921921061483,0.37359337014690414,0.217185904953035,0.2778514469568615,0.304292931013998,0.3147576289519013,0.3032253863821307,0.11996218793615653,0.3793013015684037,0.2680032405237395,0.19055665161757362,0.30594516433307667,0.07996166181120316,0.21525951361015663,0.290095495247622,0.2350353601903648,0.25678471756203375,0.6309783241519059,0.1976384874019298,0.22894748548611085,-0.01987253913638277,0.5036966685817615,0.06364765806597295,-0.06408235249067058,-0.12205373877442016,0.06008436716060458,-0.0007562444988282746,-0.02444633223790149,0.0060250735956045584,-0.028881382424199603,0.26308307524911867,-0.34568357993332616
0.5715990522141443,0.33382269878552956,0.3869318232388312,0.24066591033636067,0.2989971896239187,0.2991757085628935,0.2302397867283001,0.9023741009682472,0.17382719778056888,0.3471861426012488,0.3502420753160511,0.3090536316238067,0.2633573074867807,0.2916072710290674,0.29484330843939827,0.31359049857521865,0.3214562983583747,0.3380317565718329,0.31075134466051796,0.32975728673074917,0.21209539948143444,0.24896007146073199,0.21407897408350596,0.2549356678158882,0.3798202270920078,0.25871696471882677,0.29113039429310394,0.22016589253501892,0.26833420926596274,0.31311438832145944,0.2629842231487124,0.2767084185728655,0.2860011899839512,0.28716827504471987,0.18360659093533124,0.2621816209429327,0.31890232690706183,0.2169803884368898,0.29383061334025506,0.0585655776750014,0.24116222143621396,0.2219317393399514,0.34993585897300905,0.3322287797716365,0.3933298025279117,0.2364049526314642,0.39131303381514404,-0.01348698623168176,0.7171746133074702,-0.058278051622439,0.008068106699106407,0.11848990076645419,0.005817643382149065,-0.0800426672636305,-0.07084723513423329,0.05617195747819819,0.0882739894910523,0.40285206163414894,-0.52198691836328
0.5089654517272866,0.28630325267917045,0.45714608746131713,0.20446699965811652,0.22110860080606645,0.25600604895376444,0.36655173443253514,0.17382719778056888,0.6894375154008785,0.2009306664397858,0.23639519004029177,0.2513228503637345,0.2052552089815896,0.2707891227490474,0.3042788891048219,0.15950642550629862,0.2889442664956079,0.23457100340434056,0.19153223283378973,0.2820097550351348,0.3151357711082666,0.373859166280221,0.2000609251999533,0.2570592976637387,0.2223222373057703,0.3683591582751724,0.2466642657169619,0.16314296233835296,0.29945754145111836,0.17326796210214823,0.25782374139832615,0.26972882119677294,0.282823740064415,0.2693073595227556,0.10324284031812468,0.3292691203489553,0.23836133934553008,0.18657258448039973,0.30055140713001116,0.06860066722979853,0.22330615927072994,0.27402657567108635,0.23902667606310354,0.21113577060575217,0.6543174828675228,0.2764799186563656,0.20132709615180527,-0.025987918083624054,-0.0170392095750147,0.07572663638961331,-0.07197183921515221,-0.0750011617932004,0.050766025843348966,-0.046904255615242876,0.10418528413061441,0.05065663824776266,0.0024103518014091767,0.1952784953345029,-0.3775765234868879
0.6636453981754944,0.41683831049545683,0.5222492701309032,0.23517406424552278,0.32592228827155684,0.25779860641052804,0.2931114423472896,0.3471861426012488,0.2009306664397858,0.984300556655989,0.2313184977476942,0.31753753070912827,0.21400960896211588,0.29279420353438435,0.32282070254889567,0.29479564319097856,0.299090588449557,0.3920636091747611,0.26087697208944494,0.2502946904967452,0.2894980248799027,0.23212057171743877,0.2148936744950268,0.28015755283523736,0.2903132967229999,0.2546079740836548,0.2720719550897135,0.21472259990189393,0.34075483214478525,0.23403979802654573,0.33182817929514125,0.30027513779515175,0.29018915732798894,0.4329862288728208,0.24625619318001626,0.3756288114232141,0.3247794403369818,0.18317022149497622,0.2864047276213961,0.07224051995372546,0.2398509763627613,0.2616924749100968,0.1798040644819799,0.31862649081652794,0.6401029749637068,0.24493865406022616,0.3305067703396324,-0.029412249626145394,0.7686837158091475,-0.012481523256500694,0.1566614144328921,-0.3303517324585755,0.12417842426678947,0.05602823361961931,-0.10005703377074783,-0.036302001791193986,0.12849934958715403,0.008340971755212973,-0.07406335477470558
0.45925187009092144,0.2883510192509825,0.3471787089951163,0.22069577565759488,0.26357739545073483,0.28756338601689685,0.2675662197736407,0.3502420753160511,0.23639519004029177,0.2313184977476942,0.4565412404852261,0.298063488714685,0.28045204558987935,0.26214415567853033,0.3713693176991317,0.24502298692252164,0.3160982210443993,0.24171623317069874,0.2097168487508429,0.3088774472298587,0.26138137870459804,0.23751945398094224,0.1907979436774752,0.24527112723212247,0.2818974598436629,0.27819019830439096,0.25409728414585997,0.1955757718005439,0.3120385147430999,0.2297659117065677,0.23582922417521412,0.2482297540397645,0.24890859695195208,0.24981339810424122,0.18193975553575706,0.29885282165038446,0.27133684813447295,0.18997460034115446,0.2749969345948571,0.07574010240079031,0.22779375105702152,0.24850013908188176,0.20762643295729258,0.2928783356860926,0.45036458692612463,0.22376477944182338,0.257804724142887,-0.02199076570281318,0.3047493419260302,0.10491354831541447,-0.10411506924882766,-0.09771354041700124,0.04789950648492818,0.020185733061678573,-0.045834312865713434,0.009578202929008878,-0.03965948422588781,0.09188416347779696,-0.11086575828306648
0.7242544417048282,0.43321494960973067,0.4603122937890607,0.2701530692521581,0.34758840422465936,0.2501944981497224,0.4362554440360662,0.3090536316238067,0.2513228503637345,0.31753753070912827,0.298063488714685,0.855940971095787,0.20531914769839787,0.30790447494152484,0.2683222205468282,0.2493048102153387,0.33057666566042593,0.38628460784702107,0.2604326807341157,0.2330602470280656,0.3238934748139515,0.25097834620668313,0.23108627784443264,0.2728613757338118,0.3412504826772833,0.21815589525305049,0.3056596408727207,0.19553094318628428,0.3939772921525786,0.22060632533599114,0.2820458090596776,0.32721335201147406,0.2968393413359426,0.3114964253562109,0.16610766068117935,0.4410715114126016,0.15987418511658252,0.16622570578608953,0.23511296612896782,0.10226868568014418,0.2255373881434594,0.23139791150158912,0.19898404607658643,0.18461755998721538,0.6979526961066167,0.19791917517060398,0.3065655121336786,-0.019252125351566892,1.0016476571291215,-0.09511566395396354,0.18065384431474799,-0.24365988638551372,0.0593974730879439,0.046047040614197406,-0.14567814109467522,0.01847507171047085,-0.05133418409405143,0.36887883951329425,-0.4273015106503137
0.4150562283926673,0.2752250879911687,0.30297603524073236,0.22733521655466626,0.2686264184883929,0.23992067101686035,0.23050422726093348,0.2633573074867807,0.2052552089815896,0.21400960896211588,0.28045204558987935,0.20531914769839787,0.39664676780143554,0.24470184961467728,0.19116014855398317,0.24058752238809872,0.23289640459950023,0.1838641041871036,0.22241821422360858,0.22806523647037416,0.21140142899433687,0.23788361342534503,0.11898426732408063,0.2156182390214614,0.20009954509665778,0.25165970665906806,0.22214034957458093,0.16811160677293793,0.2546317760148929,0.1455872046263199,0.19445153693017855,0.23462372968182366,0.21787253152040592,0.22698923591062867,0.1679979130725298,0.25961698437374087,0.20219827263884912,0.1513048857068605,0.232284003589333,0.07144922970982266,0.17383995508332725,0.2015702606601442,0.11895512027655536,0.20392540614708887,0.3376692200205645,0.18238972390331354,0.18348658111942623,-0.013914013957444774,0.28003009943907997,0.05409359525478237,-0.0390654295735921,-0.06718919618459608,0.03608635041334981,-0.02409559015944078,-0.005911375387543571,-0.04140063514032651,-0.0727770831316326,-0.20488857235694877,0.25821771657510334
0.8949010886142987,0.2231188927046136,0.3102482324313464,0.293508014584596,0.35172290379790383,0.33745490462213024,0.29691607927439073,0.2916072710290674,0.2707891227490474,0.29279420353438435,0.26214415567853033,0.30790447494152484,0.24470184961467728,0.6706931058244421,0.43813429602323806,0.31107271968295314,0.28911356271701016,0.24145424408534436,0.263587579916531,0.3948287069232173,0.3032029633311715,0.2656330011559021,0.21441459948870195,0.39393001892246904,0.3352057805414967,0.38288084432415104,0.323170089502181,0.25980660167698255,0.36086073632298005,0.3627084858510719,0.35274621823730623,0.5182008956681157,0.3731695410790025,0.3243349291045142,0.2459576004849963,0.3731993594401757,0.2838660848076467,0.2658114658072536,0.359730428992591,0.08836325382385139,0.2954235136597608,0.32516902704687095,0.17695055928636297,0.40402051949198375,0.5470667208061921,0.24609437549554744,0.356605957306222,-0.032901364862981626,1.1409571204132551,0.16157281732068374,-0.08660105941705298,-0.24481982217419687,0.08915031930629848,0.06001258161368772,-0.08635013333114158,-0.09300419055656357,0.3295762207506089,-0.1982640567850289,0.08206945958268598
0.5839953468082876,0.3684201990391408,0.4921027869815727,0.30008894598984004,0.3697059017657392,0.36312005130971686,0.29888440745115663,0.29484330843939827,0.3042788891048219,0.32282070254889567,0.3713693176991317,0.2683222205468282,0.19116014855398317,0.43813429602323806,1.0390706913544185,0.2798311614235914,0.34510210547544784,0.2786734652276841,0.276039935141645,0.40722552914496485,0.34988924173732744,0.23491123096641214,0.3360584922947469,0.37706035461364124,0.4315224509228509,0.33771006431889944,0.3161046092462174,0.27939108393233875,0.4208129084952481,0.43831061717366016,0.3581006077700731,0.3648009329826491,0.38220843087364287,0.38437746313268883,0.21074834773596215,0.3876827228740837,0.4807872808510569,0.2645187419524776,0.49513608210977245,0.017150531344193427,0.3650191920088135,0.3541952582971041,0.27479655927780255,0.5492159430976781,0.47027600085614696,0.3936387674801219,0.38398293566270075,-0.037090668739607084,0.6568103990575588,0.4392139032879973,-0.28173004482919367,-0.006451202740647127,-0.05533507418533531,-0.0733861564625724,0.0226192326121991,0.023209466791128334,0.12606360050810028,0.026920506851148725,-0.16690473858295743
0.5279460714330613,0.2903691985421887,0.3930261010623148,0.24880558158978122,0.3027478794892256,0.26083083292296877,0.29894138435943834,0.31359049857521865,0.15950642550629862,0.29479564319097856,0.24502298692252164,0.2493048102153387,0.24058752238809872,0.31107271968295314,0.2798311614235914,1.3846662787861665,0.35610144767876567,0.29030101593722485,0.2966144097079726,0.17409564934281885,0.20338601197730827,0.6312908298771581,0.5113826216579254,0.3333147304389748,0.48976599079978606,0.13047647159703896,0.34762890235115756,0.22442484825333603,0.29590413733933896,0.3411902140300868,0.23134678516597615,0.3593651547304701,0.330356668475747,0.4386953651154553,0.24879934411776966,0.25959241111651393,0.29920834149948183,0.16649461140100336,0.3549942426718165,0.031485077525140924,0.2834485977945393,0.4109280039702089,0.3980251416731499,0.7088233386198327,0.04249448130294418,0.19901354479976452,0.32879995274894674,-0.008978350489326405,0.5514538310099463,-0.42150062069134786,0.0805620028675577,-0.08801101228889295,0.11529809122024333,-0.06353077725421243,-0.10460963971665566,-0.016929764080784036,-0.14667333846678657,0.1325701671985284,0.08474012108866866
0.5244308797738028,0.4047980636488401,0.47223373839961597,0.2605922096213718,0.28185691838373556,0.33604234076041967,0.3335329221906316,0.3214562983583747,0.2889442664956079,0.299090588449557,0.3160982210443993,0.33057666566042593,0.23289640459950023,0.28911356271701016,0.34510210547544784,0.35610144767876567,0.6292373304744007,0.2677614895442971,0.2736605877960796,0.37068704869702007,0.3561356500532805,0.3411017715252125,0.2300474760723231,0.31398100986503535,0.31081557095342505,0.24575021989222584,0.2765974007783925,0.3046667054558527,0.3611741860094196,0.29076179142502495,0.30570501911486736,0.2853938119691932,0.3455100091341667,0.3297684389909303,0.27146219700621665,0.36178461117322275,0.4189506437212158,0.2344716047475328,0.3523010041659362,0.10778956698341516,0.2560560590405835,0.3407409412162317,0.27983370506318483,0.4181850255146094,0.694220204944387,0.2511554945930819,0.31568429144550825,-0.02415020324786362,0.590070285982904,0.1543993262833715,0.01168601425459739,-0.11298480417235775,-0.0091677710443107,-0.003008766437260855,-0.19816497541114816,-0.07862199455520585,-0.05318248762521878,0.2722949078647848,-0.1789497718782065
0.49133289042033196,0.6503089908853108,0.4906843495743943,0.24713145713569784,0.27517047871325834,0.26175106582502966,0.2920613534237223,0.3380317565718329,0.23457100340434056,0.3920636091747611,0.24171623317069874,0.38628460784702107,0.1838641041871036,0.24145424408534436,0.2786734652276841,0.29030101593722485,0.2677614895442971,1.1154679678789792,0.283771466802528,0.016666535347253427,0.4038518904871174,0.26118724320143266,0.4942159753325465,0.22187564870416446,0.3424668847452253,0.4346079155997582,0.16758543858262373,0.1680754162221361,0.42570677388894623,0.10073037801847773,0.44596431245720214,0.2681895942985009,0.2836693608991108,0.39799958567876786,0.04443420750213293,0.5995861771722611,0.106098796063876,0.07130296711144267,0.4302528406950196,0.1946388058788099,0.3916705065665439,0.15955072888074337,0.3190897679578012,0.1845518059629073,1.1467326551615407,0.3105817832331442,0.5647864346290705,-0.030181785713043904,0.5933818509626666,0.12066913623603259,0.5997914243760827,-0.47403446429354423,-0.1450103795837464,-0.018023313682697266,-0.021642929165066545,0.0002172796896446295,-0.03562899381044142,0.4114129797527663,-0.47885883272312774
0.4381878338215909,0.38696719512925926,0.41733479766635473,0.3068247089653708,0.48572008986353143,0.3683307939502265,0.23514286087746006,0.31075134466051796,0.19153223283378973,0.26087697208944494,0.2097168487508429,0.2604326807341157,0.22241821422360858,0.263587579916531,0.276039935141645,0.2966144097079726,0.2736605877960796,0.283771466802528,0.7544125171966266,0.16514568939468602,0.27132649138209647,0.2481227149767819,0.09858448571506519,0.26283800780361666,0.23322100748458238,0.17361513815712204,0.19948100238087435,0.30523154023584087,0.23326339760862022,0.17903500985803056,0.30989565224194604,0.2992678828936775,0.3236981365660615,0.30458263602109187,0.1958893216237444,0.2311335140536383,0.15734739954625904,0.1484938550471762,0.29661929264121556,0.0742967958216674,0.1454209251519899,0.2540759959163596,0.1426060245300174,0.27039884802420167,0.4484109730939161,0.21634035127207632,0.23641332381709862,0.004526692003187301,0.5835163550262147,-0.15662203455189924,0.465142041377193,0.20814848278466253,-0.21297479720271997,-0.08376196870179275,-0.03375843971784148,-0.0656581522047924,0.08108016679809975,-0.01549680346511567,0.016538765177274997
0.5033593342785936,0.3678604909184266,0.34931275629717584,0.28609330081577955,0.2551066185371085,0.449034068081208,0.2764828963864664,0.32975728673074917,0.2820097550351348,0.2502946904967452,0.3088774472298587,0.2330602470280656,0.22806523647037416,0.3948287069232173,0.40722552914496485,0.17409564934281885,0.37068704869702007,0.016666535347253427,0.16514568939468602,1.349799229240238,0.25556134754486903,0.22084324909284114,0.08263417630182607,0.4226762029632749,0.33237637721222374,0.43560893182515636,0.42710823062279163,0.33396986644715476,0.4516288897079054,0.48896530595784915,0.31524082101174244,0.33242192353342825,0.3355145799731779,0.37110995348941506,0.4062461044282149,0.3486010302170259,0.898764298432352,0.6281092811366701,0.35014211460517963,0.18214490897848967,0.13030588067323495,0.41507719330628645,0.575842340838541,0.32037202315725105,0.8880566498389005,0.18142384357590988,0.22498167237474298,-0.0024330792678819166,0.9675195663635486,0.1629712855701844,-0.5956202743877044,0.0025499304703519876,0.1786343305527909,0.022876692124116093,0.06193779192833311,-0.09760952465909015,0.11668763505205475,0.09114008572564276,-0.14900708077328387
0.5576132214809939,0.5735915516193448,0.4852428518846845,0.2861548694290024,0.2926181616082114,0.36366214464517616,0.34284914307874076,0.21209539948143444,0.3151357711082666,0.2894980248799027,0.26138137870459804,0.3238934748139515,0.21140142899433687,0.3032029633311715,0.34988924173732744,0.20338601197730827,0.3561356500532805,0.4038518904871174,0.27132649138209647,0.25556134754486903,0.739527371260663,0.2543161567593116,0.26706228688290906,0.29028856080578264,0.2630002660231766,0.33447647158925387,0.2245375442458291,0.2836734700660936,0.4769242367828866,0.31783348735085176,0.37944630144140895,0.28757393611231824,0.31577824863846254,0.34240082012530815,0.27627410088841814,0.4851087947378744,0.25670105795120196,0.173774278675588,0.5194306490755994,0.20515081926165882,0.41029322793531553,0.27846813916193136,0.2905489389611027,0.3350049307993625,1.288977625106235,0.28951309554995636,0.39691064355749694,-0.03278134304884929,0.8455726159451844,0.2803218714651471,-0.030453333842475873,-0.1924106863004177,-0.024751311015163067,0.011269866196908293,-0.13355776172624176,-0.09591688049998752,-0.19482917558987767,0.38878344511436075,-0.1533350107977084
0.4878686373219063,0.2863967238656547,0.40226126251810773,0.2208499445082539,0.24794397035161364,0.2755915415330434,0.32271769857894395,0.24896007146073199,0.373859166280221,0.23212057171743877,0.23751945398094224,0.25097834620668313,0.23788361342534503,0.2656330011559021,0.23491123096641214,0.6312908298771581,0.3411017715252125,0.26118724320143266,0.2481227149767819,0.22084324909284114,0.2543161567593116,0.7227944212733399,0.3622164476830899,0.2665996701488028,0.32739724656446906,0.2447939348872722,0.2650191915046773,0.17554435624422243,0.3126536696781762,0.21656372636051177,0.21299119261829147,0.298653098320872,0.2673946350745212,0.351484309786177,0.16746706021484128,0.280969556117761,0.22642797996823866,0.16541272626285583,0.31827241945607154,0.052690977518509645,0.23158906548217012,0.3190410696195319,0.3404686061087535,0.42692924641388375,0.3334959110411427,0.20791098226287552,0.24586916380647847,-0.009000728321104441,0.25713250402459026,-0.17747205329965515,0.03788210259977731,-0.11293497718417152,0.05587881015700911,-0.05468172011811272,-0.028655826018094743,0.011801394310053951,-0.13856236178577308,0.21752868741434606,-0.14165451146623614
0.3291034166132746,0.276334841991801,0.3586863161285635,0.18322933416132783,0.1740567085767969,0.2296615940202965,0.230505707949784,0.21407897408350596,0.2000609251999533,0.2148936744950268,0.1907979436774752,0.23108627784443264,0.11898426732408063,0.21441459948870195,0.3360584922947469,0.5113826216579254,0.2300474760723231,0.4942159753325465,0.09858448571506519,0.08263417630182607,0.26706228688290906,0.3622164476830899,1.456280934170376,0.37654252659182214,0.5556897381867523,0.0226808146117557,0.16642835797971828,-0.04860897223485492,0.48467218030465964,0.4970819934958178,0.15305427697951174,0.19703045047183357,0.29094756992346194,0.5224159456002426,-0.14467569818042814,0.6878967760780482,0.3409418985349542,0.08547725948819487,0.5885606981733011,-0.03953966713899609,0.4810334230029671,0.14271489463219095,0.40536228370519856,1.1311716756587828,0.038346041334137014,0.3203880934920676,0.45937828942451925,-0.008203551073470889,0.47266591939314045,0.1351227348861189,-0.14374699580874256,-0.15277069831985407,0.1542283655943169,-0.08177400323613662,-0.2733932482922666,-0.018073344210152054,-0.06973613900955276,0.31717434184968796,-0.18811007182554196
0.5811811056580394,0.26949505966101533,0.37892051621916234,0.2806589126493022,0.30339469265597896,0.3542606518452386,0.29002232518860765,0.2549356678158882,0.2570592976637387,0.28015755283523736,0.24527112723212247,0.2728613757338118,0.2156182390214614,0.39393001892246904,0.37706035461364124,0.3333147304389748,0.31398100986503535,0.22187564870416446,0.26283800780361666,0.4226762029632749,0.29028856080578264,0.2665996701488028,0.37654252659182214,0.8105736132169294,0.34376604241055714,0.1326072251002434,0.2971128320170901,0.46560961339972345,0.36128756223917086,0.6962607534708507,0.3628577615811971,0.40987605292875784,0.7082505969410406,0.4349206498694811,0.4266825630254242,0.4928222082178643,0.6729568903129967,0.3201777604194128,0.3926244301792307,0.03693376868020218,0.242530866815211,0.3464733605356211,0.2887530180178867,0.8101795551528169,0.426638611769804,0.31502074498386906,0.4866391456806828,-0.044997530615810515,1.202985266350589,0.07677434174417097,-0.18436886851441045,-0.09991479787052394,0.13779556311587893,-0.01110386825158791,-0.11354159971141939,-0.12385088625805568,0.2904789925633677,-0.2926821511149492,0.1867587657750689
0.5659208060845906,0.35809703796265524,0.4121442701525052,0.24056074710432987,0.27927168925577767,0.29449912323633726,0.2814447814653463,0.3798202270920078,0.2223222373057703,0.2903132967229999,0.2818974598436629,0.3412504826772833,0.20009954509665778,0.3352057805414967,0.4315224509228509,0.48976599079978606,0.31081557095342505,0.3424668847452253,0.23322100748458238,0.33237637721222374,0.2630002660231766,0.32739724656446906,0.5556897381867523,0.34376604241055714,1.117517755406287,0.17210627168206746,0.27090509200777485,0.18176594412711333,0.5017909209956528,0.4763343557171746,0.2665608964647374,0.30747611602783237,0.32013194655363714,0.4410183212550864,0.21908437087217522,0.4151957367632258,0.40950332850221455,0.22726131731909457,0.3799484834949967,0.03202538383576172,0.3365043794560658,0.2891405518470406,0.3984782303852092,0.6121173989540653,0.3391260516837814,0.3517918676407405,0.4226742014680668,-0.03644237764671546,0.7558866806143183,-0.1996205074929315,-0.14905533498558085,-0.039069816868236504,0.1856086790171432,-0.04586385186469057,-0.05074735278410493,0.0021565667944051913,0.060091138330015025,0.16718584868529096,-0.22644039255184348
0.45376041653712396,0.42100350445490275,0.37709594656737655,0.31217057728094494,0.3254638089736404,0.34024145053455124,0.27715372129414884,0.25871696471882677,0.3683591582751724,0.2546079740836548,0.27819019830439096,0.21815589525305049,0.25165970665906806,0.38288084432415104,0.33771006431889944,0.13047647159703896,0.24575021989222584,0.4346079155997582,0.17361513815712204,0.43560893182515636,0.33447647158925387,0.2447939348872722,0.0226808146117557,0.1326072251002434,0.17210627168206746,2.233984307335459,0.3464283585227466,0.1088788397814563,0.17322260556533034,-0.4940835832843401,0.28495093254622317,0.4309415866068246,0.1080098190565581,0.2075594740688882,0.006080787386232778,0.35733629922203025,-0.44110074273676797,0.16295487682663035,0.42762645554962625,0.24063637020371934,0.5450093232509512,0.43061015419729515,0.22957810529056397,-0.29246861172767313,1.3516509501899627,0.08106490433814102,-0.038137314163312876,-0.02057620913516759,-0.3121851787619944,0.5940081338471825,-0.276960849204526,-0.29577236984638233,-0.2514980385731943,0.0628316721844465,0.2086006356485978,-0.0752070397838265,-0.1783309960520519,0.47953615871806193,-0.3558957557523508
0.5419562045225118,0.37816803283607336,0.43383352886379356,0.21167034543123367,0.217883912904458,0.2692813283441662,0.27651716730450654,0.29113039429310394,0.2466642657169619,0.2720719550897135,0.25409728414585997,0.3056596408727207,0.22214034957458093,0.323170089502181,0.3161046092462174,0.34762890235115756,0.2765974007783925,0.16758543858262373,0.19948100238087435,0.42710823062279163,0.2245375442458291,0.2650191915046773,0.16642835797971828,0.2971128320170901,0.27090509200777485,0.3464283585227466,0.8973086357912703,0.22788718614246103,0.23722472355551033,0.20841264086993883,0.2680041839611096,0.34520880034323315,0.33756888814719543,0.2583331338866185,0.18422111167099195,0.38376461502705855,0.31667946422652105,0.25494325492650727,0.23496905900264356,0.06668304129683829,0.29339176258410216,0.3238389116845129,0.23616338597831807,0.20442890170358122,0.6861257745331322,0.23488264856106877,0.20617093250648874,-0.018050174007748783,0.5446715959614481,-0.027499287061302703,-0.11847799879691635,-0.01058261251797868,0.06265430078795152,-0.005222542526221317,0.051413113790362376,-0.020134731477764903,0.14314452821984094,-0.02404855319019136,-0.09811066259836626
0.3668417112006473,0.26931918246067577,0.3262349934200834,0.18972370060683172,0.2025045938878653,0.28746662180902194,0.18447921921061483,0.22016589253501892,0.16314296233835296,0.21472259990189393,0.1955757718005439,0.19553094318628428,0.16811160677293793,0.25980660167698255,0.27939108393233875,0.22442484825333603,0.3046667054558527,0.1680754162221361,0.30523154023584087,0.33396986644715476,0.2836734700660936,0.17554435624422243,-0.04860897223485492,0.46560961339972345,0.18176594412711333,0.1088788397814563,0.22788718614246103,1.171466586358021,0.0027874264734473217,0.49834919580997955,0.4478356139447875,0.30479785973106005,0.797014006596085,0.17094517778918647,1.0039164830136855,0.2467693636404288,0.63631135870643,0.25339056359263473,0.31712359464141404,0.09785041473475811,0.20896376442322717,0.2742099650056392,0.16563446561128542,1.0447098534584673,0.3936175358495464,0.1663906423580108,0.33307178021390554,-0.0374250990602845,1.2939459594214147,0.14609814447849329,0.006482484017721379,0.3437433078820021,-0.5149099808154493,0.05738256083893672,0.06069229212099876,-0.06412084856460774,0.2876606076881577,-0.5412283842395542,0.363887347198275
0.6129865536160771,0.7512339673972215,0.5355140122053763,0.3960086339498006,0.384974459738219,0.4744759418280656,0.37359337014690414,0.26833420926596274,0.29945754145111836,0.34075483214478525,0.3120385147430999,0.3939772921525786,0.2546317760148929,0.36086073632298005,0.4208129084952481,0.29590413733933896,0.3611741860094196,0.42570677388894623,0.23326339760862022,0.4516288897079054,0.4769242367828866,0.3126536696781762,0.48467218030465964,0.36128756223917086,0.5017909209956528,0.17322260556533034,0.23722472355551033,0.0027874264734473217,2.7506181397860434,0.29840802737066807,0.1958735718056732,0.36796412119759186,0.018445402526572407,0.8736193950346094,0.015617740573106194,0.9875226934837198,0.262802560625294,0.16373522210913638,0.6580618473057371,0.2039482596878329,0.7044459163756025,0.14091889229070106,0.4231222375083334,-0.20348492585513023,1.0296401984336743,0.4001324256535952,0.34299709803883666,-0.08127788992458514,0.5252771588897727,0.8370003056307921,-0.897348105174822,0.00862818543228064,-0.16341694947304475,0.04499839276239138,-0.05139326973827965,-0.21747300836418726,-0.22206463833743803,0.6368295657550913,-0.40703464475844076
0.5376270252709431,0.1737602005944404,0.020211603202109185,0.22106576945884557,0.15861621833988485,0.2796331759524041,0.217185904953035,0.31311438832145944,0.17326796210214823,0.23403979802654573,0.2297659117065677,0.22060632533599114,0.1455872046263199,0.3627084858510719,0.43831061717366016,0.3411902140300868,0.29076179142502495,0.10073037801847773,0.17903500985803056,0.48896530595784915,0.31783348735085176,0.21656372636051177,0.4970819934958178,0.6962607534708507,0.4763343557171746,-0.4940835832843401,0.20841264086993883,0.49834919580997955,0.29840802737066807,2.8782095813775816,0.27168535084664414,0.23358983067257083,0.5427586417459094,0.17256932374302852,0.7772999988222813,0.31097869191925254,0.9140714066430924,0.3773032315953333,0.46379006089800434,-0.1509907792307282,0.7807901585174662,0.3181175226015762,1.0742644531129215,1.2699053337739354,0.2172622847714311,0.4570740038991177,1.4188873681009404,-0.05230983887228842,2.236376616270688,-0.2621010532465249,-0.09405576096953638,-0.3166841128025594,0.5183382479787426,0.028758382876677337,0.002781744717030727,-0.19312485106407487,0.010247922865219508,0.5094049656376131,-0.2173238426358515
0.5903172376491199,0.3309541188581428,0.42316236096312937,0.23645084153274887,0.30697402190064976,0.30378404056635977,0.2778514469568615,0.2629842231487124,0.25782374139832615,0.33182817929514125,0.23582922417521412,0.2820458090596776,0.19445153693017855,0.35274621823730623,0.3581006077700731,0.23134678516597615,0.30570501911486736,0.44596431245720214,0.30989565224194604,0.31524082101174244,0.37944630144140895,0.21299119261829147,0.15305427697951174,0.3628577615811971,0.2665608964647374,0.28495093254622317,0.2680041839611096,0.4478356139447875,0.1958735718056732,0.27168535084664414,1.1195165448017217,0.39440149717440254,0.4631621470470066,0.39945533966875174,0.4472994318998516,0.5799190727202492,0.32523269920009923,0.3259279596301222,0.5360079586013671,0.21503763322113495,0.22854945309438895,0.3489036059308748,0.12567389109267404,0.3976641724931066,1.0518657255517203,0.3123849461750177,0.38895405460549093,-0.03399039513614483,1.0089102314808531,0.13310670158165522,0.23043859690103877,-0.21324082136402137,-0.06529612118855005,0.004618294281987285,0.15545421800505205,-0.004029286607206931,0.4047728868015449,-0.4726039265252059,0.024085089684268743
0.7423838343045566,0.2306184410030701,0.3681559969146308,0.27575562091938294,0.33057909509206074,0.3336285368239378,0.304292931013998,0.2767084185728655,0.26972882119677294,0.30027513779515175,0.2482297540397645,0.32721335201147406,0.23462372968182366,0.5182008956681157,0.3648009329826491,0.3593651547304701,0.2853938119691932,0.2681895942985009,0.2992678828936775,0.33242192353342825,0.28757393611231824,0.298653098320872,0.19703045047183357,0.40987605292875784,0.30747611602783237,0.4309415866068246,0.34520880034323315,0.30479785973106005,0.36796412119759186,0.23358983067257083,0.39440149717440254,0.6901856495534406,0.34931587875443976,0.38721548743818723,0.23113265975174094,0.4002666689267587,0.15826847344324416,0.25340451733102215,0.37167271917719014,0.09658542064760882,0.2834457427797058,0.33806864177183343,0.07257235251393858,0.3237024245139619,0.6056642430848849,0.21835934533190604,0.2913643107486078,-0.031373394804610016,1.027719882152157,0.12770809342409167,0.027066478283203146,-0.05013317211962674,-0.16201334435589418,0.04869127177174587,-0.004022176970228644,-0.10145386843581546,0.575456535740271,-0.46474573675612374,0.058940033061487235
0.6710876400179514,0.399385608980809,0.5207833905029228,0.26788745189000773,0.3122449249343599,0.3267772721539186,0.3147576289519013,0.2860011899839512,0.282823740064415,0.29018915732798894,0.24890859695195208,0.2968393413359426,0.21787253152040592,0.3731695410790025,0.38220843087364287,0.330356668475747,0.3455100091341667,0.2836693608991108,0.3236981365660615,0.3355145799731779,0.31577824863846254,0.2673946350745212,0.29094756992346194,0.7082505969410406,0.32013194655363714,0.1080098190565581,0.33756888814719543,0.797014006596085,0.018445402526572407,0.5427586417459094,0.4631621470470066,0.34931587875443976,2.1008577257249037,0.09205206907571598,-0.03666670056254715,0.11252632951952113,0.7880692104363343,0.27361241184923024,0.14173819086155126,-0.3140892361511416,-0.36385486119050325,0.5239613179119709,0.2431282342742332,1.4177561428871175,-0.047736365816368774,0.34623508379640583,0.5036884043944516,-0.0841564998575324,1.5605978268511962,-0.13150207229406016,0.08460563568032048,-0.22136603764732657,0.22088589489080554,-0.10025013210890778,-0.09006972632431318,-0.09036458223666813,0.12868649639944557,-0.06831248972293782,0.20023458949387168
0.30428248369218636,0.4508378371716134,0.5411742789451993,0.3449500734928603,0.374340510241472,0.3851571858674051,0.3032253863821307,0.28716827504471987,0.2693073595227556,0.4329862288728208,0.24981339810424122,0.3114964253562109,0.22698923591062867,0.3243349291045142,0.38437746313268883,0.4386953651154553,0.3297684389909303,0.39799958567876786,0.30458263602109187,0.37110995348941506,0.34240082012530815,0.351484309786177,0.5224159456002426,0.4349206498694811,0.4410183212550864,0.2075594740688882,0.2583331338866185,0.17094517778918647,0.8736193950346094,0.17256932374302852,0.39945533966875174,0.38721548743818723,0.09205206907571598,1.7529790264909495,0.4840824367597339,0.551824580887098,0.6440934516058878,0.20897907347972658,0.7524489715328943,0.05006470888486585,0.2967226459385264,0.29623387918556215,0.5531374190369694,0.5725178110408772,0.8463090352777464,0.015697676527001613,0.29531963580572757,0.018746930534860387,0.6488960487303882,0.07586207180783444,-0.12407294328194296,-0.12052712606204422,0.09781558599001484,-0.0517840631166714,-0.07521863008635117,-0.08035810693286065,0.03589539741572755,0.051668802976316215,-0.07011871556330092
