1.6010155495086735,0.5828524374116519,0.2109655878150136,0.37053358373350015,0.35646189310540993,0.31645072710986816,0.15375324048117955,0.2260319256372632,0.17702885518592107,0.21851863524405352,0.2352834603991023,0.2022952002954173,0.2386522583912699,0.206556266164818,0.24863068556906875,0.24111794762350236,0.2210627523840715,0.21313631203661731,0.2674210738708553,0.3853642327396458,0.2488795813342385,0.26290334915432717,0.17277019819808345,0.2574583324058623,0.32923801406882297,0.28748555191844377,0.1923307633676145,0.1842660744438035,0.27907340534674346,0.18705505003651837,0.1726537008078768,0.2004331956223603,0.21301352529523987,0.2524442186891815,0.17087260040760552,0.16993700348824972,0.1570683893858501,0.15974989586330063,0.1602902685053866,0.14382637484045618,0.21269977663245848,0.11991077515097283,0.2592833723433079,0.190823830856267,0.19866615078911903,0.10950010571221432,0.18602209237128944,0.0973837036353315,0.1700368374795953,0.020672435990304393,0.03350261982601652,0.004722920899596255,-0.0482720364013037,-0.04927936661859705,-0.2679064272301977,0.07380532452973815,-0.28883474088777217,0.1518941177484852,0.09422829136035972
0.5828524374116519,2.5041361142380585,0.22863897586263918,0.40032912883275346,0.056989870646114216,0.14462010593336422,0.17913537609503846,0.11592030099784675,0.15715282318261736,0.238200170499285,0.22412520714149153,0.22866192779900557,0.2857737518908202,0.1940898685991099,0.25837461193498845,0.28333260776240904,0.21898764439479176,0.27641595163241006,0.22071211237500815,0.2579511290396345,0.2750490124872685,0.2555830027595832,0.014953347251257335,0.17581052409625988,0.2467199451291118,0.15372895919194862,0.27548127157238816,0.23434783562840125,0.26170691402586455,0.1857074761976608,0.15407374994733894,0.15910313468185222,0.22966462487840683,0.19269690614730503,0.19546161914011542,0.17415105295904643,0.1535284356866575,0.18589456623283565,0.14464342652191858,0.16653385153324918,0.22999223898186616,0.1003049369457002,0.2764508463983413,0.08946265124139206,0.1597760487125351,0.08626483122641276,0.17756693576871718,0.07896434525187472,0.19633509247008157,0.005361568036682167,0.030729313888002832,0.05610737132869235,-0.018257444884758407,-0.03315857226906424,-0.38625094214628225,-0.24124027909040854,-0.3515020123735761,-0.9825895142034409,0.31579582394249867
0.2109655878150136,0.22863897586263918,0.5945074236141318,0.1146121355287846,0.18881038213219134,0.15900373213071467,0.1743916910833449,0.09991896518642975,0.15408942929932598,0.19307737284394771,0.15472746732358966,0.18308660559904333,0.17849532900895201,0.1787808498641279,0.18544070136781057,0.16659144039060683,0.1782930590906193,0.17279278941819803,0.1479596117309021,0.13099936968943407,0.15084379523099709,0.15676127825963995,0.13955600897465287,0.1416196063361896,0.15519899433231274,0.15550402189108317,0.15990173154549073,0.15554980741649377,0.16370043532523645,0.1358602620377714,0.14342824127141535,0.12159696488355119,0.14376984905383292,0.1462049439956865,0.12643456393530506,0.1471549648728294,0.09761516386613965,0.06859343233505007,0.14091418430910232,0.08876196854768163,0.1219026855200016,0.10085377770020036,0.5192763435067225,0.22322672060865403,0.11161490927013908,0.08456362448458316,0.24570896934355105,0.13643736770735074,0.15068300480298763,-0.03656145577221419,0.017544968485513894,0.016753745790290063,-0.28866257390257416,-0.04356027213452302,0.02530849588062022,0.012377041225070565,0.1368788304496054,0.185766553903723,-0.04179467307042022
0.37053358373350015,0.40032912883275346,0.1146121355287846,1.0015771824469852,0.2072862632976135,0.1471739314613509,0.26112242807455993,0.1564719324146351,0.13535200206638848,0.17288612981176815,0.1975540792481449,0.19668378731504582,0.14155347828847112,0.15158722607904057,0.1694043439420814,0.1999744658938505,0.2272227471600376,0.1952959326879767,0.15219913653062886,0.25202442443254636,0.2017359371571235,0.2235050264013066,0.13551885500675023,0.20202580486864455,0.21030483638235115,0.1901567038905802,0.1495410613733988,0.1523758928932845,0.21366475114547664,0.13827968754460818,0.13277971979950742,0.1167018378795889,0.16416963996767828,0.17764816191112034,0.13986563733116394,0.1348539422317262,0.12294667998848308,0.12658417024708005,0.11617252609700786,0.12924765931078439,0.17396288528240794,0.1070527022415382,0.1609047301125741,0.1619430212232686,0.15611714179593614,0.10711632843498502,0.15254133354977945,0.05543970761876408,0.13898637313193712,0.010121638502092111,0.021328377254576838,-0.021796180317933563,-0.022756769869044707,-0.07235866798310206,-0.15102672547888865,-0.0803972151891277,-0.5397470927444997,0.1011587986892132,-0.0048732826506914986
0.35646189310540993,0.056989870646114216,0.18881038213219134,0.2072862632976135,0.6954793499562398,0.2495941891306982,0.160020396021138,0.26105934687313453,0.19500821232121512,0.1660762543402778,0.17822366150148497,0.13289896320688094,0.16898102779621457,0.16986280927244268,0.18521584717938436,0.15598206363901432,0.13323453023712195,0.1457059907231488,0.13315078394339827,0.22028499658181164,0.17345814169826737,0.16980357294806853,0.15052483012495468,0.14708962779999663,0.21126710760337242,0.18366561845096438,0.17038457703368923,0.1602228571570477,0.16941868346361205,0.1493397353962982,0.1406237071686372,0.13769966626894783,0.16146365317920347,0.1993706031057607,0.1341067174282656,0.11466334875056304,0.12548917240738966,0.1010585149731679,0.12105161250461534,0.11401684144785182,0.18018955240933757,0.09058749625577574,0.14182399630552445,0.15789865865519417,0.1725577363381887,0.07553594926269307,0.11478714511468696,0.09889611175188624,0.1258237669024013,0.012306026194810978,0.0263634213057797,-0.007325440302360639,-0.02677556757804187,-0.02338394845008223,-0.08906817350403985,0.14454408725277454,-0.093522675576848,0.2271749957750492,-0.018954857779242627
0.31645072710986816,0.14462010593336422,0.15900373213071467,0.1471739314613509,0.2495941891306982,0.528786615885943,0.18582549940869655,0.3947180539027036,0.2271827004178832,0.22786165595332225,0.23531540565075812,0.2018106663919189,0.18136686455128428,0.1847314000821816,0.2206468033812934,0.19454299407059905,0.185724424302664,0.20640214179198532,0.16888682520244772,0.2316014007892413,0.18884944692040828,0.181380301185962,0.17323882923284376,0.16112313862569302,0.19775240428966354,0.19462974415292475,0.2049011797150365,0.17262640845816526,0.17737573807309306,0.16625776962273991,0.17855478675961067,0.1471067346816696,0.16616036746456567,0.18350517613750492,0.1562306652393345,0.16438583120951472,0.1304917777956254,0.12820984674407399,0.12313130308145791,0.15074124631961167,0.19500486202220138,0.09461793623270388,0.20399256662032328,0.1964772777587861,0.21274819361210529,0.07915184697668153,0.12811595026083078,0.13770871364596587,0.15153109608412918,0.016324083722231403,0.03217736272683873,-0.05479718698585491,-0.0943777312847295,-0.06267148459300471,-0.05810145159705439,0.0025217885156507075,-0.20740368173267335,0.06711503513517876,-0.005470729711367362
0.15375324048117955,0.17913537609503846,0.1743916910833449,0.26112242807455993,0.160020396021138,0.18582549940869655,0.6633306402579118,0.20135509322148715,0.26630410565149215,0.26952427461434036,0.2275781369877324,0.22410712925489878,0.19954039787697975,0.20767467766498002,0.22373820019491533,0.2424391037562397,0.2315143379605597,0.33103026124619733,0.22058714056610962,0.22634444931713943,0.18005159317963945,0.17144915438480698,0.17649364160493344,0.1755319519318822,0.19332385218135978,0.18141592537723014,0.2162469215084045,0.170698290861828,0.18795189241587884,0.15007689202756652,0.1515420895917125,0.13888940452426649,0.16039818708707457,0.18222916489686974,0.1513903375971695,0.14615942045065175,0.09294096160022235,0.1344884276285567,0.13008001147415513,0.11795551261734384,0.18101443710108384,0.1160015496374744,0.2101016325740426,0.18175353369059413,0.16395876699684528,0.10398764992564212,0.12752008246802046,0.01657867361812195,0.1428963947936328,0.015652242843306255,0.047710336976670244,0.04551505036049525,0.0739088468938192,-0.054516843990720515,0.1498406371949357,-0.06783238365559045,0.46375240887494823,0.31721870909850003,-0.03069478466821471
0.2260319256372632,0.11592030099784675,0.09991896518642975,0.1564719324146351,0.26105934687313453,0.3947180539027036,0.20135509322148715,0.8351771861109009,0.26715997524131596,0.24647863519342073,0.28667961748096477,0.28650186286452767,0.16472470488290303,0.2304664839552753,0.26198130072287334,0.21148577574882066,0.21405478818911186,0.22211190114813328,0.19006686491395156,0.2293033214390485,0.1994062868611277,0.1880963119434314,0.19743099571796963,0.1920723324663921,0.20357964092516612,0.19687900606541592,0.2237843331593714,0.19704106022783963,0.18432014585916276,0.18774134757529715,0.1764237587621544,0.16637442837288588,0.18337810693391254,0.20378296608260443,0.17228151459658703,0.1713767373214743,0.14000636115363113,0.14244461949168558,0.12126630911196479,0.1728623109125777,0.2170631371912397,0.09928572017737469,0.15222921301665815,0.1842076195162255,0.18955232279467546,0.08227150004278394,0.10663583718694218,0.10220434688405972,0.15299508883492186,0.006744180945134819,0.010293329908290622,-0.022293216356126962,-0.01462557683122127,-0.06960633663429629,-0.023628827384773378,0.06980882666574476,-0.1861652434283016,0.20927346179892123,-0.0015370953693688728
0.17702885518592107,0.15715282318261736,0.15408942929932598,0.13535200206638848,0.19500821232121512,0.2271827004178832,0.26630410565149215,0.26715997524131596,0.5919184645529588,0.22670333273534415,0.21823403946130693,0.20981345621089215,0.23184379067802036,0.24195850770714214,0.22881093550998807,0.23056089854039954,0.22447757564703233,0.2524050124856303,0.21043698868191207,0.25584751759433577,0.20033347828909254,0.18700791628317964,0.15246608714274187,0.17140913710752892,0.18817364423465338,0.1723019202983938,0.2370318481727227,0.1675659609683814,0.20855872147141127,0.16506890624790407,0.13900396684386274,0.15280673400325426,0.1569732182011706,0.17217504634960715,0.14074061523575146,0.1508480419067608,0.1126373539177682,0.12047519449965588,0.1251495034119396,0.13640335919689203,0.19324033914598993,0.10199954313832153,0.1812642159916369,0.16603153970965706,0.16982086129558166,0.08968035870271991,0.12060630199909753,0.054917893889703355,0.13413319446154812,0.007006710525814861,0.024292421148780052,-0.06381129484717786,-0.07247212770614177,-0.0823211569061308,0.007423242760079662,0.0016204094615320174,0.33080306077643584,-0.056253791031654767,-0.010501454054219816
0.21851863524405352,0.238200170499285,0.19307737284394771,0.17288612981176815,0.1660762543402778,0.22786165595332225,0.26952427461434036,0.24647863519342073,0.22670333273534415,0.5423133726868211,0.2733815504263753,0.2459105240791271,0.21728581542165804,0.21833143853177941,0.26874704357181123,0.2283790089142467,0.21850789912190768,0.27426824444490777,0.22066155833903045,0.17619114275389744,0.19904391498444793,0.18253034468578558,0.1882021765576819,0.1758502259074005,0.18376614773591282,0.17187013859089448,0.24805475982571046,0.19118318134406315,0.185104825338718,0.17776184136129408,0.18106018331011242,0.1524307500044277,0.18488302912653293,0.20246615659944733,0.16450980006321667,0.16064116229623676,0.12049760067132713,0.13451889411445186,0.12850877568101585,0.1537419907219862,0.18499621448399417,0.11036420380224973,0.23891841929850832,0.19343970630149376,0.1682864463376749,0.10244008527602015,0.1470236953724735,0.08521290230249445,0.1595215017984637,0.024318344969295927,0.019099767247353298,0.023483066797123336,0.03266662157987794,-0.08443480819225875,0.022879117482337206,-0.023406615276496793,0.11947370535980838,0.10786207787856066,-0.012188724988976411
0.2352834603991023,0.22412520714149153,0.15472746732358966,0.1975540792481449,0.17822366150148497,0.23531540565075812,0.2275781369877324,0.28667961748096477,0.21823403946130693,0.2733815504263753,0.4801575578478378,0.2504078393444153,0.19843055982539934,0.22360369244814265,0.2510967933943158,0.23846715240018432,0.2360260545497107,0.22917728032011425,0.19510361615464145,0.23586865636517604,0.1649221629001644,0.16122629296128207,0.1917698528302074,0.1514774029440999,0.19117672646876366,0.19914177847845185,0.23989868076375032,0.19960073894438865,0.17554522994656963,0.19275715553651984,0.16387677320376168,0.1683268258976004,0.18860551827987632,0.2100598006400728,0.17100773900704894,0.17578896209199626,0.14275659058910903,0.14859598341967734,0.12849936226137562,0.1689772071949319,0.20841383240172215,0.12653016326388902,0.20539110787966017,0.21432093071863903,0.1838521498761126,0.11248705904684664,0.1529307142305011,0.08671458313381993,0.15226905151307996,0.016140817956313697,0.021890981709580124,0.015046126568584605,0.0058014339201630395,-0.0528199059378233,0.004402972752217144,-0.09110763908858807,0.004043664653509157,0.19253443067635304,0.006756161957348535
0.2022952002954173,0.22866192779900557,0.18308660559904333,0.19668378731504582,0.13289896320688094,0.2018106663919189,0.22410712925489878,0.28650186286452767,0.20981345621089215,0.2459105240791271,0.2504078393444153,0.5374343368187298,0.22355426182734053,0.25028510598289877,0.24309438729993962,0.2130476750141787,0.19594922261920864,0.21949166909852724,0.2118285549015596,0.21022913718182346,0.20095214352376983,0.19137225663486399,0.18490687357806174,0.16011443792598842,0.19319648154774674,0.19073858326566953,0.19217469562852413,0.20298052711536688,0.1887002518118943,0.1842669425613961,0.18226354764385888,0.1779588379415312,0.18340067162283513,0.2029486237752424,0.17362224693675202,0.17752279988046898,0.14260006140771686,0.15229333513686433,0.14172971362582062,0.16525175741779474,0.22753022339098214,0.13172762060061385,0.226602417781154,0.2037514655769187,0.18763729203580276,0.1209685236939159,0.14649707105136203,0.10918240723882607,0.16304009203164996,-0.051341411518717,-0.021122310070944825,-0.021670670281259297,-0.057196741971412494,-0.07753243182562587,0.011888904485249279,-0.05960915878689811,0.07563812107256941,0.13400794484561526,0.008557475958453695
0.2386522583912699,0.2857737518908202,0.17849532900895201,0.14155347828847112,0.16898102779621457,0.18136686455128428,0.19954039787697975,0.16472470488290303,0.23184379067802036,0.21728581542165804,0.19843055982539934,0.22355426182734053,0.5101923854802928,0.29602162665074416,0.24671700283577436,0.2605274881666795,0.20789659872978936,0.26735019116840447,0.2443178097907238,0.2407543160894458,0.1827774546079423,0.17699430594365492,0.17187518988407058,0.15650257252914915,0.19221690484056259,0.17915872259404095,0.21196559436159906,0.19208874800328374,0.17241687534293085,0.16942097413033838,0.16010531391421484,0.16341608639369906,0.17776095461477906,0.19046154384708303,0.16461178178270874,0.17055600842243748,0.13130341594492412,0.14624292203811967,0.1401848567746905,0.1535425554143516,0.21449128541425716,0.11993484112499876,0.2133399589708011,0.19779469226926044,0.18525217851931114,0.10242717904572272,0.14691348180194141,0.11255034310936837,0.15969241269575785,0.0058656089908193255,0.022857003765104106,0.018502909029432867,0.013370497158369275,-0.058120084321217465,-0.014974612251492572,-0.01908351657119983,0.10204706545352195,0.03886237763864693,0.02426793446944727
0.206556266164818,0.1940898685991099,0.1787808498641279,0.15158722607904057,0.16986280927244268,0.1847314000821816,0.20767467766498002,0.2304664839552753,0.24195850770714214,0.21833143853177941,0.22360369244814265,0.25028510598289877,0.29602162665074416,0.555693542017365,0.24726654345377677,0.24530908790830508,0.24439141955575955,0.24910873763810842,0.22518019481941393,0.1916843312086197,0.19034011637068962,0.18941004281036208,0.18635946565355327,0.14874695049065345,0.20854330233075516,0.1802997644495223,0.20188689463016182,0.21347922830992427,0.20115683454409963,0.17935049647691362,0.14221664373764345,0.15875697764295038,0.17159833877408034,0.17632291301532904,0.1574374653132691,0.15925163486551175,0.12093365537546182,0.1229856387744837,0.13972829459712557,0.1351676126138147,0.2011080888685705,0.12380264553862919,0.21308774315631715,0.18811291184545478,0.1564137688063508,0.10979215135125177,0.14098112059440515,0.08257959797501649,0.1444655061565217,-0.00012566367935196954,0.014517496225323362,0.019409605120129302,-0.01288447760963973,0.02484845550816374,-0.030993840835316425,0.005705594270553487,0.10961137270504585,0.10085255661489957,-0.001055239304633746
0.24863068556906875,0.25837461193498845,0.18544070136781057,0.1694043439420814,0.18521584717938436,0.2206468033812934,0.22373820019491533,0.26198130072287334,0.22881093550998807,0.26874704357181123,0.2510967933943158,0.24309438729993962,0.24671700283577436,0.24726654345377677,0.4554781528888952,0.2804681358968811,0.22859823055713172,0.313001664998454,0.2316081412478246,0.2659259688841281,0.20498983186154965,0.19382245637627052,0.20363731928182957,0.1606932593513276,0.20948682681284908,0.21798427448912344,0.2672254370374542,0.20132813711160133,0.19657705023564312,0.19820671921891378,0.1851749458320245,0.1715645269427214,0.18325799392208425,0.206955011603362,0.17327404882776823,0.1752939805921977,0.14122533754075697,0.15927229197506473,0.1271024402960877,0.18891571151729564,0.22835019358650246,0.11434352720784412,0.22708721545157673,0.16556466388975183,0.20622451388903038,0.10125940476226204,0.08735542672321124,0.07947245961413393,0.13874155337647598,0.008301483773382974,0.014366188310046624,0.01672040529896257,0.04682872464793356,-0.0504772577423872,-0.055213745575423724,0.007246978072764554,-0.002949920970312078,0.07916350693523894,0.01124317602850027
0.24111794762350236,0.28333260776240904,0.16659144039060683,0.1999744658938505,0.15598206363901432,0.19454299407059905,0.2424391037562397,0.21148577574882066,0.23056089854039954,0.2283790089142467,0.23846715240018432,0.2130476750141787,0.2605274881666795,0.24530908790830508,0.2804681358968811,0.5701983145481297,0.2562249790853102,0.2870882317759582,0.24210519429591465,0.23935027700684033,0.20946042555526662,0.18274207848889767,0.17942423346844533,0.1636151772342387,0.19949287312125494,0.20447725725010313,0.2595019779409501,0.27011352623490753,0.1912934394084138,0.1975971000977001,0.14982584286902045,0.17474512337796105,0.1763617042023599,0.19807699774766316,0.17897785035627659,0.1686294421401375,0.12951745192030936,0.16854314927357564,0.1269823245775499,0.16270217875704238,0.18861650095890276,0.10880772783828768,0.21256534463558996,0.19133030085746544,0.17530691267319656,0.09653675653310821,0.14684885636883868,0.0596208369587417,0.1521942848260076,0.009477227062926422,0.015480826125917894,0.05974701133655741,0.0333497018930185,0.03093896175427544,-0.034337417310310904,0.016856204269493788,-0.013185427517152952,0.0495624095222164,0.00705808980174711
0.2210627523840715,0.21898764439479176,0.1782930590906193,0.2272227471600376,0.13323453023712195,0.185724424302664,0.2315143379605597,0.21405478818911186,0.22447757564703233,0.21850789912190768,0.2360260545497107,0.19594922261920864,0.20789659872978936,0.24439141955575955,0.22859823055713172,0.2562249790853102,0.63217839125396,0.25376058624970954,0.23957301914226847,0.17724566391359706,0.14655274235628196,0.11912765578326388,0.22753665179400823,0.1380103525270405,0.1749703426818006,0.18857187256753297,0.21971391612556668,0.21201170792749677,0.12151802882765173,0.18513353314849626,0.17410179198055356,0.18209882921978973,0.1613100323814699,0.18773057686653483,0.15409956013827822,0.1485212009289663,0.11106189687421827,0.0898384865550178,0.1025838946171436,0.1502259392465533,0.1514268415181456,0.1071040699179882,0.2236216155108237,0.22242702873148212,0.14955490388950385,0.09083240067756221,0.15920963582695805,0.07947698286347245,0.13579800336670708,0.0034377254471768055,0.015132341275998992,-0.030182176633290238,0.011302515128516863,-0.00806477469680324,-0.020640254378870845,-0.0021753597309624073,-0.002697126575079786,0.09489042540127277,-0.00042060751296509085
0.21313631203661731,0.27641595163241006,0.17279278941819803,0.1952959326879767,0.1457059907231488,0.20640214179198532,0.33103026124619733,0.22211190114813328,0.2524050124856303,0.27426824444490777,0.22917728032011425,0.21949166909852724,0.26735019116840447,0.24910873763810842,0.313001664998454,0.2870882317759582,0.25376058624970954,0.6153285536543261,0.2556884739255109,0.15621396805920015,0.1985741520701065,0.1821104701262287,0.22049568857286578,0.17931302610891311,0.206244753653656,0.17422428276633892,0.3107058258508973,0.18982002344063106,0.20950534249251607,0.17980838198469162,0.1678015903462126,0.10993375585484387,0.1828084677239299,0.2153350850940321,0.16944278556090597,0.17629579280724805,0.137635659800524,0.1602394913894994,0.1555999805439656,0.1828839333617139,0.2455940533013663,0.1364843426226899,0.21673748730666906,0.1825624558574071,0.23434929474410146,0.11592653091941953,0.10529846893756874,0.029363642776769974,0.145152062275589,-0.011653415892990947,0.021295502600972543,0.03467562474599943,0.06791610181419808,-0.03627874241238584,0.023897971741458964,-0.056123880705148066,0.15114610979878607,0.09453799482006607,-0.002306758688569232
0.2674210738708553,0.22071211237500815,0.1479596117309021,0.15219913653062886,0.13315078394339827,0.16888682520244772,0.22058714056610962,0.19006686491395156,0.21043698868191207,0.22066155833903045,0.19510361615464145,0.2118285549015596,0.2443178097907238,0.22518019481941393,0.2316081412478246,0.24210519429591465,0.23957301914226847,0.2556884739255109,0.6763741815161584,0.1644645694601787,0.19995814720846666,0.1763368481608491,0.2457524394061722,0.1583475491524955,0.20416332166264406,0.1906850089994336,0.04202253789166251,0.1800693229670949,0.1376107860547208,0.17368677202860358,0.2018721409109337,0.26669494286866186,0.17588724813086667,0.21889157724646005,0.16360915943509938,0.17239850640019566,0.11211054466319412,0.15570736236445917,0.1118726362864899,0.16223207060586645,0.1910052304700931,0.12052422407966945,0.1881079196693016,0.17690101693204724,0.08070365959535579,0.12565655569577588,0.14618070709167508,0.023083654196463452,0.15392500402384732,-0.0019925887557389367,0.002284823808117782,-0.01708046712401183,0.02300624530912446,-0.032413866423379255,-0.0025577690542363213,-0.009672909763120057,0.08134521064487588,0.07889839396909769,-0.002908607742043825
0.3853642327396458,0.2579511290396345,0.13099936968943407,0.25202442443254636,0.22028499658181164,0.2316014007892413,0.22634444931713943,0.2293033214390485,0.25584751759433577,0.17619114275389744,0.23586865636517604,0.21022913718182346,0.2407543160894458,0.1916843312086197,0.2659259688841281,0.23935027700684033,0.17724566391359706,0.15621396805920015,0.1644645694601787,0.8967672141876318,0.1573541883532037,0.18010175556949734,0.10639644062061625,0.1743911161730485,0.20521666942151942,0.2938545838523247,0.19399077153018618,0.08746658746180747,0.2287944394967026,0.13787638510508332,0.11272237918889569,0.13559724652324195,0.12388100441175963,0.10891226659865241,0.10980802061982749,0.08543327490129206,0.07571092359036564,0.12272796755633243,0.08381563254051971,0.09724858265831912,0.13541019814009497,0.09705360799862685,0.19107307861461245,0.094958220076228,0.10440219583328095,0.08401481212394253,0.08922113995009742,0.03689821733375927,0.08448056739412076,0.012517378635579642,0.010697390464987135,-0.029041744646751626,0.06562255100211137,-0.1054286956733588,-0.10941934987396638,0.023029440681031067,-0.13045328913521076,0.05455914543238245,0.0357441076294311
0.2488795813342385,0.2750490124872685,0.15084379523099709,0.2017359371571235,0.17345814169826737,0.18884944692040828,0.18005159317963945,0.1994062868611277,0.20033347828909254,0.19904391498444793,0.1649221629001644,0.20095214352376983,0.1827774546079423,0.19034011637068962,0.20498983186154965,0.20946042555526662,0.14655274235628196,0.1985741520701065,0.19995814720846666,0.1573541883532037,0.6894212100036293,0.435134685445788,0.20521266597937352,0.23869324524477603,0.25520496984220037,0.2132795919796993,0.22874000651196374,0.14902531851904044,0.3564982866826788,0.19728557126776727,0.22354011216949443,0.19723851541859785,0.18491870296909377,0.1958676424725077,0.17533033374720655,0.20941810931070673,0.20306746146664725,0.1796935458247961,0.16285859056827573,0.18870039040118058,0.22762319903594008,0.14977065360416128,0.2031818254121015,0.21731737476170185,0.18553430230118753,0.1490671800367071,0.2605192839614224,0.14770780573413572,0.15458457204057843,0.03702579733557808,0.01929534540924495,0.011372420935976608,-0.018036663241616204,-0.02679613302912933,-0.03712083699333014,-0.007895446670172088,0.08712080883128179,0.0462839008088263,-0.053052891419042916
0.26290334915432717,0.2555830027595832,0.15676127825963995,0.2235050264013066,0.16980357294806853,0.181380301185962,0.17144915438480698,0.1880963119434314,0.18700791628317964,0.18253034468578558,0.16122629296128207,0.19137225663486399,0.17699430594365492,0.18941004281036208,0.19382245637627052,0.18274207848889767,0.11912765578326388,0.1821104701262287,0.1763368481608491,0.18010175556949734,0.435134685445788,0.5836253356622002,0.16634438114263986,0.2855608799619306,0.2894008430994954,0.22922055544497194,0.18867791857144517,0.16123852463467928,0.43989310640022006,0.18763608636655602,0.1806417066069747,0.15485220259569515,0.1984494304479059,0.2013224980197757,0.1680481367616081,0.19526547933595925,0.18605313530859166,0.14903031716857704,0.16395656807965522,0.18895553977473117,0.24092180407138963,0.1381980717173052,0.22275363083481461,0.1695683630368523,0.19543883175395207,0.14276733344815432,0.21190111344365228,0.09571595515428026,0.13528871735334583,0.04553883866570537,0.021596143275778773,0.020312879974075944,-0.011085404580611616,-0.008811937350375493,-0.05812058638679126,0.0307334913079934,0.12623395548218894,0.07283143537784334,-0.033945851743239934
0.17277019819808345,0.014953347251257335,0.13955600897465287,0.13551885500675023,0.15052483012495468,0.17323882923284376,0.17649364160493344,0.19743099571796963,0.15246608714274187,0.1882021765576819,0.1917698528302074,0.18490687357806174,0.17187518988407058,0.18635946565355327,0.20363731928182957,0.17942423346844533,0.22753665179400823,0.22049568857286578,0.2457524394061722,0.10639644062061625,0.20521266597937352,0.16634438114263986,0.6363696004908695,0.1959253551872248,0.19522971286651059,0.3894408552177239,0.19740677084569566,0.2096031378474455,0.11730829001957287,0.24215743814379354,0.2870599767046964,0.23549683204641125,0.195223739586305,0.24675193655568659,0.20445426530942507,0.25562219957808296,0.21387714562957924,0.20790553536692008,0.13206031360243967,0.2605884167120048,0.208985359729956,0.11569004587726306,0.2314554225075447,0.3232610444140047,0.20028373288958104,0.0944009469444938,0.19181163471251853,0.1568877047918187,0.1303231889338247,0.008653578798079509,0.015676414725679877,-0.00414555141467973,0.034346936175087044,0.01461644134730268,0.05855611917464437,0.016597619397842753,0.0356685497181093,0.16725276105141285,-0.09422388874369499
0.2574583324058623,0.17581052409625988,0.1416196063361896,0.20202580486864455,0.14708962779999663,0.16112313862569302,0.1755319519318822,0.1920723324663921,0.17140913710752892,0.1758502259074005,0.1514774029440999,0.16011443792598842,0.15650257252914915,0.14874695049065345,0.1606932593513276,0.1636151772342387,0.1380103525270405,0.17931302610891311,0.1583475491524955,0.1743911161730485,0.23869324524477603,0.2855608799619306,0.1959253551872248,0.6157377846135236,0.20329959650750473,0.22363940327843876,0.21430317552768524,0.16459514326876887,0.3194161886642649,0.16599633787504842,0.20442971751599368,0.1586360626417053,0.20666509641015307,0.2121692619497623,0.18837066264461427,0.18247718398085416,0.14776499786993905,0.16868353408414882,0.1406271328968242,0.20926400188806155,0.21442335060151851,0.11211938913888866,0.20565033512695446,0.22787407257850517,0.22770181233967837,0.10235717525533743,0.20913031902835733,0.06287200358466927,0.18712001218639387,0.028080698466357624,0.012549364827087163,0.01630527820977908,-0.007107790385771028,-0.15598197544942385,0.06958111611662642,0.12591148509319278,0.12010223289082111,0.09670737180666285,-0.01902354551809775
0.32923801406882297,0.2467199451291118,0.15519899433231274,0.21030483638235115,0.21126710760337242,0.19775240428966354,0.19332385218135978,0.20357964092516612,0.18817364423465338,0.18376614773591282,0.19117672646876366,0.19319648154774674,0.19221690484056259,0.20854330233075516,0.20948682681284908,0.19949287312125494,0.1749703426818006,0.206244753653656,0.20416332166264406,0.20521666942151942,0.25520496984220037,0.2894008430994954,0.19522971286651059,0.20329959650750473,0.4546706472975774,0.26942846019953337,0.221100974417753,0.19518032117579856,0.23844025472608374,0.2047056086022539,0.16968968177272034,0.21556168003686765,0.21600845984243927,0.25814028344034895,0.18130756064886752,0.21159525367248272,0.24387685996134012,0.15277990080103251,0.1500780107448703,0.26619892306316634,0.24443293358877924,0.12440501993420176,0.25661194699726547,0.1964233651035563,0.20763567679343115,0.10418422581966734,0.2207049045225035,0.10662166260417433,0.14621128929825183,0.02208433269176364,0.016091537938417645,0.016186246863492283,-0.0027590306886150526,-0.01669285537595696,-0.2188750397492463,0.04193454209714667,0.10662344962148147,0.10944769740026258,-0.026957747382179556
0.28748555191844377,0.15372895919194862,0.15550402189108317,0.1901567038905802,0.18366561845096438,0.19462974415292475,0.18141592537723014,0.19687900606541592,0.1723019202983938,0.17187013859089448,0.19914177847845185,0.19073858326566953,0.17915872259404095,0.1802997644495223,0.21798427448912344,0.20447725725010313,0.18857187256753297,0.17422428276633892,0.1906850089994336,0.2938545838523247,0.2132795919796993,0.22922055544497194,0.3894408552177239,0.22363940327843876,0.26942846019953337,0.764771057669531,0.21542524928940013,0.15848990435279303,0.22853774938027177,0.21906475209113216,0.18452271028562323,0.21538067953131754,0.1805812454955621,0.21189039844444815,0.1734351262309683,0.20415210625393104,0.19373684892706136,0.18124089867883844,0.12436989286032146,0.2343626548333653,0.16302190367986924,0.09976955116604265,0.3116706691513923,0.21147168498894583,0.17398759522331503,0.07570094059971885,0.18945776634736902,0.056003420957428246,0.0837772850599219,0.014859012296349824,0.01501190645608596,-0.006463680500608481,0.008503185037380194,-0.028358140820134128,-0.053800192982628274,0.03140886757732571,0.011494905762830626,0.12502657558219482,-0.041113762739279844
0.1923307633676145,0.27548127157238816,0.15990173154549073,0.1495410613733988,0.17038457703368923,0.2049011797150365,0.2162469215084045,0.2237843331593714,0.2370318481727227,0.24805475982571046,0.23989868076375032,0.19217469562852413,0.21196559436159906,0.20188689463016182,0.2672254370374542,0.2595019779409501,0.21971391612556668,0.3107058258508973,0.04202253789166251,0.19399077153018618,0.22874000651196374,0.18867791857144517,0.19740677084569566,0.21430317552768524,0.221100974417753,0.21542524928940013,1.314333354487929,0.28118047630883614,0.23333982446930762,0.3910833981112643,0.3154395649025602,0.4556620807777921,0.25725905749407507,0.206238872633193,0.28169039096592485,0.27643736555233167,0.2224411827090883,0.31608927796522307,0.1299030915957635,0.3169488833055911,0.2992212150081372,0.11453100946861813,0.31280142864175264,0.2609184131782903,0.3676827639598083,0.0836852399357121,0.1329457102351351,0.05246665705748294,0.23082608686161363,-0.03430668892115961,0.0224147704881402,0.07048065497016211,0.12414582672821818,0.07629233422422264,0.06571839241421878,-0.04512876131022702,0.12103874943952957,0.05898912870317903,0.012844228945151021
0.1842660744438035,0.23434783562840125,0.15554980741649377,0.1523758928932845,0.1602228571570477,0.17262640845816526,0.170698290861828,0.19704106022783963,0.1675659609683814,0.19118318134406315,0.19960073894438865,0.20298052711536688,0.19208874800328374,0.21347922830992427,0.20132813711160133,0.27011352623490753,0.21201170792749677,0.18982002344063106,0.1800693229670949,0.08746658746180747,0.14902531851904044,0.16123852463467928,0.2096031378474455,0.16459514326876887,0.19518032117579856,0.15848990435279303,0.28118047630883614,1.7160072836770985,0.18052249651325641,0.6047277563878831,0.4897201900722105,0.20569611356817843,0.4021794596166895,0.34833659124785615,0.5077447943940625,0.37534337896505426,0.17414636855189544,0.011467559055839113,0.1025968260081885,0.29550685449002995,0.24005580808983468,0.13613219187574235,0.23274919531467475,0.6242256591647736,0.30028610190778676,0.14631544535736218,0.3500261903098356,0.28154241492707355,0.472921421886324,0.004734023186441894,0.06382693287901728,0.11323863271784473,-0.19257907567111188,0.07964518369779967,0.06465285538425031,0.015906163709073516,-0.004091316494357813,0.061829340884066164,0.024207913026604973
0.27907340534674346,0.26170691402586455,0.16370043532523645,0.21366475114547664,0.16941868346361205,0.17737573807309306,0.18795189241587884,0.18432014585916276,0.20855872147141127,0.185104825338718,0.17554522994656963,0.1887002518118943,0.17241687534293085,0.20115683454409963,0.19657705023564312,0.1912934394084138,0.12151802882765173,0.20950534249251607,0.1376107860547208,0.2287944394967026,0.3564982866826788,0.43989310640022006,0.11730829001957287,0.3194161886642649,0.23844025472608374,0.22853774938027177,0.23333982446930762,0.18052249651325641,1.1268921522729496,0.24912730755143847,0.09727168704144092,0.08887558752231214,0.2365332034602289,0.17655620604357633,0.16788722898807984,0.19381610154518308,0.09688239167732933,0.1067176076248534,0.2077992166584423,0.16424136310398366,0.28129285348859184,0.15025127388457055,0.2731094231036525,0.18294279007865769,0.2213971245807377,0.20036286298953646,0.2163658762572447,-0.030076545502690944,0.19272713387034401,0.09197835580074282,0.03364152695792024,0.03454150954616323,-0.07284433798764683,-0.07682751120942573,0.0389154193280408,0.015681159367480418,0.12889093714045835,0.06965663062440335,0.05803814332536754
0.18705505003651837,0.1857074761976608,0.1358602620377714,0.13827968754460818,0.1493397353962982,0.16625776962273991,0.15007689202756652,0.18774134757529715,0.16506890624790407,0.17776184136129408,0.19275715553651984,0.1842669425613961,0.16942097413033838,0.17935049647691362,0.19820671921891378,0.1975971000977001,0.18513353314849626,0.17980838198469162,0.17368677202860358,0.13787638510508332,0.19728557126776727,0.18763608636655602,0.24215743814379354,0.16599633787504842,0.2047056086022539,0.21906475209113216,0.3910833981112643,0.6047277563878831,0.24912730755143847,0.8529585491850187,0.4174028124906803,0.3660906615166461,0.24476482285784118,0.2568748685817105,0.29470137356594295,0.27104725834596827,0.2123663236368534,0.17128910171019257,0.03763351430894551,0.4038366067640835,0.2075039921088731,0.10315827960590018,0.25142044055050944,0.3401458044960097,0.19881442931608398,0.10316498593197286,0.27270269928806534,0.252201957823506,0.24349675764679718,0.005571326886429855,-0.0011976686699431943,-0.00947178620741062,-0.018474455965716972,0.06344488317924248,0.0386745229209919,-0.010867739136782028,-0.004010556321282352,0.0580288937483177,0.014526506045379738
0.1726537008078768,0.15407374994733894,0.14342824127141535,0.13277971979950742,0.1406237071686372,0.17855478675961067,0.1515420895917125,0.1764237587621544,0.13900396684386274,0.18106018331011242,0.16387677320376168,0.18226354764385888,0.16010531391421484,0.14221664373764345,0.1851749458320245,0.14982584286902045,0.17410179198055356,0.1678015903462126,0.2018721409109337,0.11272237918889569,0.22354011216949443,0.1806417066069747,0.2870599767046964,0.20442971751599368,0.16968968177272034,0.18452271028562323,0.3154395649025602,0.4897201900722105,0.09727168704144092,0.4174028124906803,1.18933055534672,0.3373076317041112,0.2684261218193983,0.2217022958545875,0.4328188828749758,0.3345958220802444,0.12769932767932396,0.34066608013046606,0.01503894582247406,0.31626832301943253,0.20651525412781357,0.16106180770057765,0.3085547879029003,0.37322465984596964,0.22649693929895295,0.2127038962031771,0.23078604785326245,0.61302687498712,0.37350812880314127,0.010418745891286621,0.016142765563336013,-0.0006896862990386074,-0.08950390795682737,-0.013038666420129717,0.041685363452398816,0.0629002240818956,-0.02730946449028744,0.0665961458302063,-0.00016740660765030943
0.2004331956223603,0.15910313468185222,0.12159696488355119,0.1167018378795889,0.13769966626894783,0.1471067346816696,0.13888940452426649,0.16637442837288588,0.15280673400325426,0.1524307500044277,0.1683268258976004,0.1779588379415312,0.16341608639369906,0.15875697764295038,0.1715645269427214,0.17474512337796105,0.18209882921978973,0.10993375585484387,0.26669494286866186,0.13559724652324195,0.19723851541859785,0.15485220259569515,0.23549683204641125,0.1586360626417053,0.21556168003686765,0.21538067953131754,0.4556620807777921,0.20569611356817843,0.08887558752231214,0.3660906615166461,0.3373076317041112,1.0979229518047882,0.18281935310283218,0.16772041388065717,0.2547225317951538,0.26485812888642596,0.12196816076421747,0.30236859741298794,0.051855710656769805,0.24179363003456628,0.1876701516171669,0.05568319412897397,0.22612536033704655,0.3843268018805134,0.11455903224526119,0.055218642071688154,0.22927540858976722,0.1793814216349787,0.36135108237556846,0.02679176521564473,0.002520917374227666,0.02309948551009682,0.2084475495831578,0.052487083375643034,0.14007141863311978,-0.03301762396608536,0.10693361622631288,0.09787899387171563,0.05301589653649228
0.21301352529523987,0.22966462487840683,0.14376984905383292,0.16416963996767828,0.16146365317920347,0.16616036746456567,0.16039818708707457,0.18337810693391254,0.1569732182011706,0.18488302912653293,0.18860551827987632,0.18340067162283513,0.17776095461477906,0.17159833877408034,0.18325799392208425,0.1763617042023599,0.1613100323814699,0.1828084677239299,0.17588724813086667,0.12388100441175963,0.18491870296909377,0.1984494304479059,0.195223739586305,0.20666509641015307,0.21600845984243927,0.1805812454955621,0.25725905749407507,0.4021794596166895,0.2365332034602289,0.24476482285784118,0.2684261218193983,0.18281935310283218,0.5268620916896203,0.3176781881750865,0.33805587208331234,0.2914519859783479,0.24516577054181693,0.1632278591484696,0.18606111970142444,0.2855545907578023,0.36651510395932146,0.18292587466484364,0.22726913014915892,0.40818844874083643,0.2931516684875807,0.18074188020306334,0.2514821683180466,0.18092123735305018,0.3104954551000024,-0.0055488017267407855,0.040244649439246945,0.032520690307219415,0.02444769161890215,-0.0032278271602615128,0.03706391876516193,0.016949520588105386,0.01725730871542471,0.06486169056533213,0.014252552318122462
0.2524442186891815,0.19269690614730503,0.1462049439956865,0.17764816191112034,0.1993706031057607,0.18350517613750492,0.18222916489686974,0.20378296608260443,0.17217504634960715,0.20246615659944733,0.2100598006400728,0.2029486237752424,0.19046154384708303,0.17632291301532904,0.206955011603362,0.19807699774766316,0.18773057686653483,0.2153350850940321,0.21889157724646005,0.10891226659865241,0.1958676424725077,0.2013224980197757,0.24675193655568659,0.2121692619497623,0.25814028344034895,0.21189039844444815,0.206238872633193,0.34833659124785615,0.17655620604357633,0.2568748685817105,0.2217022958545875,0.16772041388065717,0.3176781881750865,0.8407386130374247,0.1908436748988123,0.18936355031028515,0.19207280758977996,0.10516073528702125,0.2922004004097951,0.28715577712035256,0.3112756559110131,0.24715636539235325,0.16765319621733066,0.3756826930847854,0.383353197049029,0.22044518598668938,0.23651632165374592,0.15752025456633523,0.12580359843257696,0.0174618676316176,0.04478908617020118,0.03820829207090805,0.024397693124460017,-0.02044740865914095,0.058948804749814204,0.021554870228923828,0.01135398858575305,0.10271261352699429,-0.0034349082087884435
