1.9166645189951506,0.39794076510312004,0.4280760176265972,0.2541867736874973,0.007609737717371971,0.2052919308413088,0.21337528656191126,0.355961415633222,0.2904262203489661,0.2851325539027776,0.1605933312194515,0.1949206594487543,0.23136991162873793,0.21741975466031485,0.21777991809606947,0.17417291331356574,0.1911789708435159,0.21070239306695235,0.1487905633985172,0.22918673128312908,0.25144998260271073,0.26828221112104117,0.18548936227648802,0.2525234350661473,0.1153463501654775,0.1726916059390611,0.17835316754231237,0.11650957931655173,0.17583201604987625,0.10802843840812544,0.20841691746371138,0.13820222588837483,0.22575877486067505,0.23505819380458387,0.1861140173996465,0.16957669168026585,0.041965970703575835,0.15162326516534988,0.058982312336933754,0.17987817593097252,0.1652810443303458,0.09985341671911306,0.1204668071096125,0.2131607734690842,0.11180520162149835,0.03086723100757609,0.18086321273719244,0.11265406936017772,0.12003012969211894,-0.005725322481283041,-0.09094487554207806,-0.002839258057602599,0.10158102214704408,-0.16780671724160234,-0.00763278970289621,0.2585610048890644,0.19318366089997505,0.11082128002006363,0.08477632356121326
0.39794076510312004,1.0695765448416557,0.11767345183793654,0.2318611286547684,0.29709066392120476,0.29077583492340237,0.2824448857173761,0.38997256782425743,0.2763363791780883,0.29505546827133544,0.22295465402231338,0.23535703375278805,0.2521447242844535,0.2547165415903039,0.2721723540386814,0.1977529128725498,0.2327754012843652,0.20439993977830048,0.22101723605956677,0.22652478190466,0.23067686877069105,0.21278623108648007,0.12944130038769638,0.17504246914084348,0.17178450675424858,0.12987522748991254,0.04092701625100523,0.08013683796129233,0.18659280192872896,0.07947446683685706,0.12019342195323275,0.11798194324472536,0.1436755462696477,0.15566956037044716,0.16884171313145224,0.1241481748335979,0.08885430433505741,0.15189851935095894,0.09675744827305507,0.1752804617131912,0.11014538029740631,0.08380067154345236,0.1230219223887048,0.18786587311526054,0.08941652114606918,0.05508558272681488,0.11563459408834127,0.09476958280390985,0.12066081672664028,-0.004502894882162457,0.03272901478611301,0.1414104112461575,-0.5274335730520942,0.028656968201741274,-0.016511476460364723,-0.05692807626903208,-0.02217137616154592,0.00581181859017352,0.02274471889503948
0.4280760176265972,0.11767345183793654,1.0371030470053906,0.13891693882847705,-0.005230219685686741,0.10146025462077364,0.1510587380756741,0.18763940030362927,0.16801801080229742,0.18037932141783225,0.08684212443641036,0.08719383081771939,0.12441390586568658,0.14427748443939828,0.17013915620744094,0.13174617381665463,0.12204340792235727,0.08801669941548024,0.06376197235544175,0.13937161782758897,0.08262827671810029,0.06793537630993618,0.12176418740717128,0.1728906657178473,0.08310128709984929,0.14611598626126493,0.046158977667763376,0.0875118116497922,0.12232457381359736,0.13937163974373976,0.1172139574035585,0.05025321297876832,0.21548199320639086,0.15604353696077486,0.12770132955312458,0.11605234713967223,0.10243035338964383,0.1041968068698919,0.08304436731208452,0.16803208720277737,0.12814352758959152,0.15173010702619835,0.07662587038306791,0.13205627301688935,0.10827284122920532,0.04382593275232417,0.13685239444312072,0.10582098615949245,0.07925672655722384,-0.012784611750098252,-0.3321724758777854,-0.06998459649104917,0.5131726717731494,-0.2923681823441585,0.08762136982625982,0.10346290829462723,0.11805029989854053,0.22221667160565542,0.13099226085890814
0.2541867736874973,0.2318611286547684,0.13891693882847705,0.4646996966713502,0.09872226041574236,0.16516891052610355,0.19527134179236902,0.20736734073296453,0.18830609443960958,0.22035887700460596,0.1836403055513843,0.16181746570590347,0.16836306825582736,0.159004138184225,0.18593633189511014,0.13890934652440737,0.16153441607113225,0.15839432985559473,0.19307051745936826,0.182898659928892,0.18300296243118633,0.12902829382290593,0.1795268076204393,0.14010057791947664,0.1532946819143245,0.1380224270638108,0.1077759866255357,0.051252125088428455,0.11301043244769077,0.1117374732874435,0.1364404316364758,0.19484517442695934,0.13434489398869903,0.13038698736193974,0.10582115677116556,0.10839946581260784,0.0647863555012115,0.09383159911371973,0.06812175309804322,0.09268741046801193,0.12850422212990795,0.133644722654147,0.08433708732495482,0.14587996674067252,0.11554895630951031,0.03134528726581789,0.13201211352937936,0.08561640187031852,0.07908336044136559,0.01828120306129963,-0.013814342201741122,0.0043266725601855596,0.1130941422520197,-0.142713221875404,-0.04530075807987057,0.12094029167879963,0.015026963112974162,-0.12145223815066666,-0.11907814246785747
0.007609737717371971,0.29709066392120476,-0.005230219685686741,0.09872226041574236,0.8834324341709555,0.15170598871645738,0.2411770971145319,0.2785880818331529,0.15386170628767853,0.16863301401700523,0.26995101297875657,0.18916064882137867,0.2330991425840055,0.17285765475582424,0.16898371626163702,0.16534866851778215,0.1959306361969334,0.2161799151042157,0.26698381426834883,0.18398992267598815,0.18786304631869116,0.1679934825402938,0.051151700892354185,0.11756506913247461,0.17434473244333668,0.11333362190186505,0.1614035716250316,0.10801859342775857,0.14843552897091333,0.06103973190578114,0.07316379659556299,0.10895636244645036,0.08910557026165328,0.1403209271572931,0.17891616616078562,0.12861177620327036,0.14061564448280442,0.11343269990514464,0.10541648810244433,0.15361007556220593,0.12051651274968492,0.06049967771280924,0.09553135232858423,0.22521509595825406,0.11018318414168794,0.062061374904491894,0.08728088234245686,0.054407464355141884,0.09971687852300878,0.013538938996267043,0.07722051138736963,0.07814480728522682,0.20101284697079247,0.39618011086056043,-0.016132906547793677,-0.10512609955238574,-0.1357313355883109,0.10624811981054373,0.09774675513393773
0.2052919308413088,0.29077583492340237,0.10146025462077364,0.16516891052610355,0.15170598871645738,0.6131202336364957,0.19231954073371593,0.26598957573528953,0.21231806611685444,0.1868374558166774,0.17669094144207806,0.1615292274702918,0.19297649500364678,0.1794682053083424,0.17766672388953883,0.16382477211407087,0.18209809503325247,0.12495223404861926,0.1456545906821528,0.19376741276724613,0.25259737052017894,0.15840817133654592,0.11312768082696399,0.12179700278592148,0.13733639813638757,0.10809339607532932,0.008302449565752969,0.08073586557171866,0.1358863602081974,0.0897530244576631,0.1155182629896639,0.07329083669975692,0.13064757252608322,0.13927273695899017,0.1422800485116728,0.10531428204600181,0.07346774332368017,0.11828110038410927,0.09292354071456625,0.16421698510491098,0.0999950175155485,0.0851383219430421,0.1014237871671434,0.13717858354227488,0.10886100479755494,-0.004062392276048307,0.12765830722558263,0.0764953785513143,0.10055419804351692,0.006554045756980988,0.027769410588234605,0.0491044684264935,0.27769415150469307,0.03458159723037403,-0.02800752298050151,-0.03381115044026233,-0.049328300422372004,0.08318740919779062,0.04082376400473974
0.21337528656191126,0.2824448857173761,0.1510587380756741,0.19527134179236902,0.2411770971145319,0.19231954073371593,0.5904735924426825,0.32445518857745914,0.2820396086335493,0.22002411604868383,0.26871570939726036,0.21168269666507739,0.24261341722004437,0.2606922503551355,0.1999603097525259,0.19071500063421137,0.21185533096473722,0.19302211646348535,0.22880497806155425,0.2589028815137154,0.16778103871601258,0.16128856895904356,0.17925808986639963,0.1536601688770627,0.18175715088379688,0.15768045974801376,0.04158783487344809,0.17494468408940378,0.1530574700642005,0.11988630037066877,0.10578838549452739,0.10886887887146733,0.15571563024694865,0.16112126414110986,0.15797672527873274,0.14556281060191514,0.09600878852583766,0.11983327720393695,0.11403664426158287,0.16605382733925872,0.13286834379487056,0.10432449146775383,0.10658860470343025,0.1795414452532309,0.11497786181415762,0.05070282034270597,0.16500925659447419,0.07129680684769739,0.10259788040197128,0.0038280695440556607,-0.02211719212729564,0.019135455618451033,0.0358164722865476,0.04344639791180435,-0.029480260140637836,-0.07263265130874215,0.2204367712440004,-0.39859311376709883,0.07006804731504598
0.355961415633222,0.38997256782425743,0.18763940030362927,0.20736734073296453,0.2785880818331529,0.26598957573528953,0.32445518857745914,0.6227292407057188,0.3187088084176432,0.24340055957505233,0.25980624948675674,0.24734151663560527,0.29400508983998963,0.2867435876419236,0.2509877061258024,0.23815133932239632,0.231044442433787,0.2274128816326366,0.23759802776798064,0.276909043294853,0.2876711994210808,0.2340772292788693,0.18813127847558944,0.1677527056649036,0.2441071560581431,0.15910255432136777,0.09133778440819505,0.09452908991446136,0.17497578139397152,0.09270289312643755,0.14699798612691736,0.11212433229341934,0.18366813298409834,0.18969481114520548,0.19983324837988245,0.15312771626472668,0.13029381802500767,0.16901416163680275,0.1214542514947205,0.195911729700193,0.14679823050320878,0.07218510491933643,0.1354321109799232,0.21649242762298962,0.10524984140106365,0.042705842660866855,0.16249789068985931,0.10002062308754897,0.1301270290537007,0.00665898324586747,-0.044398383952468,0.05174776701603487,0.0960385189754362,0.028458025887395714,-0.014656511128450655,-0.03278576868334183,-0.1075107328762094,0.05715274849948171,-0.012165735598342083
0.2904262203489661,0.2763363791780883,0.16801801080229742,0.18830609443960958,0.15386170628767853,0.21231806611685444,0.2820396086335493,0.3187088084176432,0.5610323566999266,0.26910886375401627,0.21211991822152346,0.22438749472687058,0.2587289227690799,0.21362877090194377,0.23267362494760183,0.19889271555102395,0.17790214742851546,0.18150314304448564,0.18508577422433228,0.25575104956193023,0.1869114548473487,0.1691684328475479,0.23237728232015845,0.15902450433823337,0.19280078004538917,0.14563816391801349,0.032675253760198676,0.10704208120180489,0.1409666629717223,0.07122833758504658,0.12199791045066537,0.09011410032692635,0.1620798640453271,0.14903993508943603,0.16183633652710455,0.14153390354521994,0.08574051991589977,0.10966131157669269,0.08960242654234901,0.10785773031320875,0.11532441170053158,0.09795600220050299,0.08365802564883,0.16202772009134317,0.10868077595888656,0.029768891306672145,0.15788500564384744,0.08331732271953443,0.08617505706457547,0.0009997996325680663,-0.07143584275872407,0.029006783076168028,0.09636948576548217,-0.04176995662422865,-0.024412903886415677,-0.00036194471237956376,-0.020202403279284638,-0.10283497293996706,0.005269565459572811
0.2851325539027776,0.29505546827133544,0.18037932141783225,0.22035887700460596,0.16863301401700523,0.1868374558166774,0.22002411604868383,0.24340055957505233,0.26910886375401627,0.6039753204355123,0.20422339964818778,0.222181256066365,0.22412302876666187,0.17134264167155935,0.3533858458874686,0.18896805205944223,0.1759055387213966,0.16941382281218528,0.18414446487947986,0.2199290790338544,0.1935439398386237,0.15842151689519046,0.1781746248234725,0.1449405845446005,0.14267484022382876,0.14170713275254007,0.045109962935430736,0.10729081497213266,0.14205829678454035,0.11022743148330319,0.1343430473159478,0.14330276313999943,0.15769409381513932,0.15202131430869276,0.15590713444929175,0.13356078202146704,0.06551309983672272,0.12535097629056208,0.08614227040180994,0.12252324528291031,0.12850707850997017,0.11729339782289575,0.09964694910220989,0.15684155187442594,0.1043178438499394,0.05476280006173867,0.16153571772076883,0.09311810757694153,0.09508751775510364,0.0007075352975721345,-0.12668677852590784,0.027898358844736428,0.13600706891144465,-0.07516345558315819,-0.0204719381251306,0.05263762708518617,0.002582337993740959,-0.041204339806395665,-0.005961330402340548
0.1605933312194515,0.22295465402231338,0.08684212443641036,0.1836403055513843,0.26995101297875657,0.17669094144207806,0.26871570939726036,0.25980624948675674,0.21211991822152346,0.20422339964818778,0.4653430076829374,0.20306047213080275,0.2276088626272456,0.20678641065361217,0.1939181468326529,0.17778635556891764,0.23944732465784618,0.21831330956271874,0.34241960325488546,0.19704109309022508,0.21210176213196225,0.14677553216586736,0.1917816397742846,0.17045231378366393,0.17867131916898701,0.15949830076372706,0.010452717017549774,0.15483924150157824,0.1177906233556964,0.12219387365120285,0.08837104158119417,0.09754923894206041,0.14397067953305617,0.1256387631359764,0.1681013362688274,0.16530229709204103,0.07909793491392551,0.11142379339870535,0.09568141872388325,0.1542281548501841,0.12289153319847418,0.09154862285057087,0.09351232527121546,0.1611654238326,0.1107343852563368,0.059884628896666216,0.16859653506178654,0.05717895922842736,0.09524854863438038,0.009775014957939112,0.07665084158324005,0.0283232810516665,0.18090651155818283,0.06315447790634315,-0.014654422115279765,0.0012862735146475382,-0.01596134833616578,-0.014148113645453696,0.010984420704456635
0.1949206594487543,0.23535703375278805,0.08719383081771939,0.16181746570590347,0.18916064882137867,0.1615292274702918,0.21168269666507739,0.24734151663560527,0.22438749472687058,0.222181256066365,0.20306047213080275,0.5174063223102382,0.23359290942549912,0.19363556065834056,0.21358796898668492,0.14027000212383844,0.17883158634645957,0.18414004057156425,0.18088808492602107,0.164237190462711,0.14834832553019944,0.1561389042567125,0.15319175275112937,0.15798608155319474,0.15591399238301776,0.1337030663985258,0.07033442782727505,0.07887930228967946,0.1362677262756483,0.12039111256488431,0.09747946152985697,0.08561690398433967,0.1511722942981204,0.13872763315392614,0.16481976842915114,0.13059129556105004,0.08756016980401217,0.1054571915016184,0.09347431826774859,0.1169619291139952,0.11632868400455433,0.10135790390424537,0.08727902199154666,0.15140138396646166,0.1008586961572083,0.04698677662369907,0.12922643905366238,0.0712987090731988,0.08451416541856832,0.0012461402096026909,-0.0070597601564428335,0.03278359230968671,0.07339153640387695,0.01782967599214828,-0.011653724581561716,0.006161532336045439,-0.0046602203560207394,-0.015372772077422305,0.03022904340402511
0.23136991162873793,0.2521447242844535,0.12441390586568658,0.16836306825582736,0.2330991425840055,0.19297649500364678,0.24261341722004437,0.29400508983998963,0.2587289227690799,0.22412302876666187,0.2276088626272456,0.23359290942549912,0.39753258437965616,0.2782280922564504,0.2087961610201753,0.20967421266768158,0.19314649607999532,0.20206405212145523,0.2046191379763301,0.21059533937249425,0.2213401019197098,0.18982449661494727,0.19260149790338416,0.15514540876774247,0.22329945694596812,0.15751792640489143,0.06351117518452219,0.10353049913667353,0.15382216583943864,0.09737490343135587,0.12687992787496533,0.0737463026601011,0.19315557065365063,0.1842498395884244,0.2194318626208669,0.1497104263049448,0.11404604075607919,0.11869087548970693,0.11454871042435172,0.11295954526737424,0.13870518258952258,0.1178192998672893,0.10348081572242467,0.17880015545671543,0.12739126423198918,0.04098881801866892,0.16440883271036932,0.08646204282741277,0.10584339696655062,0.009758374021858095,-0.10263035928845826,0.04055355346668799,0.1519178755034961,0.053355245372406636,-0.012794378163630682,-0.021413309390529562,-0.06265026185425734,-0.028909628725035448,0.029942260692271856
0.21741975466031485,0.2547165415903039,0.14427748443939828,0.159004138184225,0.17285765475582424,0.1794682053083424,0.2606922503551355,0.2867435876419236,0.21362877090194377,0.17134264167155935,0.20678641065361217,0.19363556065834056,0.2782280922564504,1.0274770552029708,0.15790743632818904,0.3398506918979459,0.2622632281106973,0.1273372588079207,0.14201097759551676,0.13872089004402827,0.2178672640863091,0.17534472980817417,0.048585238099935445,0.1942401836379895,0.2265362131532989,0.12666611119754825,0.11789838732220252,0.14326809762478096,0.16602178055386618,0.10488350746981366,0.12458733360683441,0.09658229462942182,0.12703583084816508,0.15117813485465184,0.17948478397944492,0.0930519129483161,0.09116990415954664,0.08878605268285684,0.10622630088183978,0.05211830466032603,0.12574830722408253,0.1110392743035421,0.09328370717258162,0.1637183790455179,0.10224539674086285,0.04938027795045435,0.1231564883840088,0.05670199810062771,0.08521388497679612,-0.00882602856816073,-0.4044759183838869,0.05464005607059101,0.06305757607024676,0.12716694157084543,-0.02426943075080538,-0.0996159534094796,0.029887196961208232,-0.037896625190981324,0.09997567143894445
0.21777991809606947,0.2721723540386814,0.17013915620744094,0.18593633189511014,0.16898371626163702,0.17766672388953883,0.1999603097525259,0.2509877061258024,0.23267362494760183,0.3533858458874686,0.1939181468326529,0.21358796898668492,0.2087961610201753,0.15790743632818904,0.5395739058994022,0.22745163166338123,0.20703718894281745,0.19476218355041175,0.17485030156693077,0.23347786086157016,0.210702941859883,0.18301101955150118,0.15893361202498746,0.14299228518655863,0.16415050037538276,0.1381074733015176,0.05245657730049408,0.10573934563791187,0.1479794872801036,0.11411699908664791,0.131611629409521,0.08503662283379604,0.15107938104689053,0.15587426952124717,0.1345785153304213,0.12242015792613128,0.09707166534247864,0.11881257094919345,0.08961824404129183,0.13059668577144312,0.12230520387407348,0.10537717392473728,0.09885260757332488,0.15688267460525188,0.09909811172877982,0.05858843931356326,0.13642080182248184,0.08402302540104038,0.0988724327210262,-0.01338210684234299,0.005175937165130201,0.041849142817740534,0.09146596156362886,-0.07710065558840001,-0.010170591242825636,0.024440811635687593,-0.025616469377916184,-0.011805990348037018,-0.01668587490001321
0.17417291331356574,0.1977529128725498,0.13174617381665463,0.13890934652440737,0.16534866851778215,0.16382477211407087,0.19071500063421137,0.23815133932239632,0.19889271555102395,0.18896805205944223,0.17778635556891764,0.14027000212383844,0.20967421266768158,0.3398506918979459,0.22745163166338123,0.5561407407023075,0.20150203873406883,0.16062668996823554,0.1362147215914775,0.15828175236774758,0.23032260385583028,0.18838425755297117,0.1275383281513349,0.14373993066622653,0.19530991600392492,0.13215396802607596,0.04111657955526004,0.25541334932314247,0.14333963777118897,0.11211148187862656,0.1324816299431643,0.07323798509599898,0.12186283208040763,0.13887604440366771,0.14822937926895566,0.11880588238001133,0.1121475237791086,0.09903761156490022,0.09473271157944292,0.12418805344893773,0.1146582145628029,0.0953022995438751,0.09537716549822368,0.13598114742610806,0.10564615068101443,0.04318475468904883,0.15446877290390554,0.07470457170948569,0.10007788046040969,-0.007076224676754293,-0.06095133802944864,0.023658812850162476,0.09661303386620225,0.07308394811609438,-0.011055099500883297,-0.010632114062440658,-0.02690499205287559,-0.01592897525569163,0.03777194212595397
0.1911789708435159,0.2327754012843652,0.12204340792235727,0.16153441607113225,0.1959306361969334,0.18209809503325247,0.21185533096473722,0.231044442433787,0.17790214742851546,0.1759055387213966,0.23944732465784618,0.17883158634645957,0.19314649607999532,0.2622632281106973,0.20703718894281745,0.20150203873406883,0.5790335149898332,0.21434353925215788,0.19837809105994245,0.1961112836329002,0.2497692341510075,0.19699670530850236,0.08372673617126906,0.1626395447609294,0.18301530138989008,0.18097735933631265,0.10190282092526734,0.15723174438945517,0.36104848759522984,0.17789894106427317,0.14786642964773758,0.060590032121116764,0.158247679925086,0.21076096046589365,0.15483570364063493,0.149689570482817,0.1411135855270717,0.11073376434467057,0.12835780749523212,0.14295363710290876,0.14779222302567593,0.13848645932940867,0.11547271416114742,0.18645825424692114,0.1358472308491888,0.12907757071626816,0.12849311719344744,0.001318893130367196,0.12168133979093128,-0.1075109163720154,0.5859903081932778,0.11196778979144127,0.10789416267907766,0.03922204802132721,-0.01013351912847635,-0.024468893476775333,-0.045905140667681144,-0.0070001531013417105,0.03127197819538629
0.21070239306695235,0.20439993977830048,0.08801669941548024,0.15839432985559473,0.2161799151042157,0.12495223404861926,0.19302211646348535,0.2274128816326366,0.18150314304448564,0.16941382281218528,0.21831330956271874,0.18414004057156425,0.20206405212145523,0.1273372588079207,0.19476218355041175,0.16062668996823554,0.21434353925215788,0.5983057682274492,0.3115707466139866,0.22642981255500894,0.22910477516480435,0.2995264752717852,0.288452427413954,0.18803057771335496,0.2902728014734794,0.1524613410230091,0.03603805342383282,0.12504758781724054,0.15214251371857176,0.07126162169093789,0.1223120392731317,0.08231344080134406,0.15166522789638334,0.1692771493702839,0.13252863390332417,0.1435053275788116,0.10701249577571775,0.11817172638908136,0.0877957336093221,0.18652696392419965,0.11642274540546795,0.12469596477598564,0.10540934112472458,0.18406331379001317,0.1417533448417467,0.04292083515267342,0.13056573733679164,0.09112791254624325,0.10335753119437405,0.008195266675621116,0.11799699375852818,0.07830656792770985,0.12872566682850878,0.012037045307893136,-0.007234059414499229,0.01421801575214699,-0.15695110335029203,-0.016624197260300243,0.008518247659535544
0.1487905633985172,0.22101723605956677,0.06376197235544175,0.19307051745936826,0.26698381426834883,0.1456545906821528,0.22880497806155425,0.23759802776798064,0.18508577422433228,0.18414446487947986,0.34241960325488546,0.18088808492602107,0.2046191379763301,0.14201097759551676,0.17485030156693077,0.1362147215914775,0.19837809105994245,0.3115707466139866,0.6725753999679271,0.20525807879455568,0.22746252332159048,0.12059839669486008,0.27613811248028636,0.1842947143735499,0.20596613710995468,0.16232974189652563,-0.07317898753640409,0.12893873508326534,0.10731857108087081,0.125156474164376,0.02230752558289214,0.1271119766473012,0.13729123799345785,0.1074695888084137,0.1581516841558682,0.16708981377118573,0.08401338358019257,0.09975753238134778,0.09050140415985367,0.18472291902008853,0.09420878836826016,0.10740071273918511,0.08613416558567125,0.14047558438864685,0.11757852908196807,0.041573703795046206,0.1643743478911168,0.0635970013510394,0.09288375296527013,0.013452627776513437,0.07654711498430693,0.02821251076951083,0.13530170319784282,0.04491188893050705,-0.007983189884458716,0.02669585639876262,-0.01732891639144585,-0.010673665752422944,0.0048058684149220356
0.22918673128312908,0.22652478190466,0.13937161782758897,0.182898659928892,0.18398992267598815,0.19376741276724613,0.2589028815137154,0.276909043294853,0.25575104956193023,0.2199290790338544,0.19704109309022508,0.164237190462711,0.21059533937249425,0.13872089004402827,0.23347786086157016,0.15828175236774758,0.1961112836329002,0.22642981255500894,0.20525807879455568,0.7907724572910693,0.34814714693656484,0.23028130909558275,0.2749851524158843,0.2208210673972876,0.1300264803990289,0.2021718646368168,0.1878700556962963,0.13840983666492657,0.1602314751966756,0.12894510489487804,0.1580196478091045,0.14526817227647754,0.1704484015547171,0.1703992705440283,0.15616643803678285,0.1439604438109678,0.10169127545494842,0.1488665721241803,0.09135219908513383,0.2418554794626482,0.1574014715485869,0.12975057863774164,0.1328335673366073,0.23743289677892152,0.10685556650852344,0.10552141473996979,0.13517262866339597,0.1086252840125758,0.1353691819630294,0.013260109263090316,0.04538885998080609,0.040316066837159,0.14278545890880828,-0.04034078971409879,-0.019015849231077794,0.0054038012141598415,-0.06672711055418791,-0.07123873206975352,0.025730284642473372
0.25144998260271073,0.23067686877069105,0.08262827671810029,0.18300296243118633,0.18786304631869116,0.25259737052017894,0.16778103871601258,0.2876711994210808,0.1869114548473487,0.1935439398386237,0.21210176213196225,0.14834832553019944,0.2213401019197098,0.2178672640863091,0.210702941859883,0.23032260385583028,0.2497692341510075,0.22910477516480435,0.22746252332159048,0.34814714693656484,1.1799059728511414,0.3601679421077178,0.14361257356685098,0.1666126124027404,0.14097717898333945,0.09588628697025495,0.07219620132753982,0.12907407304669635,0.1867398618244543,-0.04276471699774205,0.2864323088281355,0.15734115417420494,0.19822146157106074,0.25063392126584155,0.15829503245632648,0.07323148185946664,0.09330591127166903,0.15930512766392763,0.08855734040830802,0.2524722189965579,0.22783110639880125,0.12063970878466798,0.1580388870571111,0.2529643617123515,0.09466542262696334,0.21495164636996406,0.21087190542341608,0.08066304841442772,0.17213478865719534,0.030689420632202254,0.10456802555791507,0.08709020191019932,0.18359382091741377,-0.010627307737004705,-0.029880787178745368,-0.024765375947793527,-0.22451222410815744,0.029020423785119927,0.05084427743296345
0.26828221112104117,0.21278623108648007,0.06793537630993618,0.12902829382290593,0.1679934825402938,0.15840817133654592,0.16128856895904356,0.2340772292788693,0.1691684328475479,0.15842151689519046,0.14677553216586736,0.1561389042567125,0.18982449661494727,0.17534472980817417,0.18301101955150118,0.18838425755297117,0.19699670530850236,0.2995264752717852,0.12059839669486008,0.23028130909558275,0.3601679421077178,0.760320735153174,0.24625595610344495,0.180006037621387,0.18693044281047005,0.09766891126826892,0.04389739309869271,0.1252039098134486,0.1850093970722547,-0.07614588331988911,0.22341340117032124,0.04666829480174393,0.1609440179617726,0.2662045830457177,0.13387491198132012,0.11629214079484342,0.08114915555835397,0.1396260429816283,0.08407536805735966,0.15419220619931037,0.12971033563321194,0.09425802289197492,0.11603269325940538,0.17710601115925695,0.12502253705863445,0.053739292180173565,0.10402531025349505,0.08480682933621898,0.09942361835269663,0.01834345171168529,0.07559035514777052,0.06379515117940533,0.08205073995950254,0.05694547124439208,-0.03292209987265196,-0.11835087535498462,-0.44673138491232345,-0.01639357517197002,0.09576349184587896
0.18548936227648802,0.12944130038769638,0.12176418740717128,0.1795268076204393,0.051151700892354185,0.11312768082696399,0.17925808986639963,0.18813127847558944,0.23237728232015845,0.1781746248234725,0.1917816397742846,0.15319175275112937,0.19260149790338416,0.048585238099935445,0.15893361202498746,0.1275383281513349,0.08372673617126906,0.288452427413954,0.27613811248028636,0.2749851524158843,0.14361257356685098,0.24625595610344495,1.4319340082057606,0.18746716202298444,0.5699924348839711,0.2923366837180563,-0.11346756019800715,0.21989894355465467,0.033469151812285415,0.041773737165803716,0.13372351410691494,-0.013289330332603372,0.221880139385341,0.11709036114614599,0.20895136074086054,0.2869246928153388,0.17822758044607895,0.12516168792220958,0.13201570746624078,0.2132115984496509,0.07194479588499986,0.14589253990350723,0.11190817371666306,0.08697516267444462,0.21712399222473172,-0.07587337480541737,0.32246745435353136,0.16444706664220424,0.11297030565926415,0.05251000211006153,-0.05889025449887656,-0.023430655523782262,0.10902427308242098,-0.0023181360950396347,-0.019093296588049365,-0.07532085504152833,-0.18868267937929267,-0.08703985412916633,0.07016597020855063
0.2525234350661473,0.17504246914084348,0.1728906657178473,0.14010057791947664,0.11756506913247461,0.12179700278592148,0.1536601688770627,0.1677527056649036,0.15902450433823337,0.1449405845446005,0.17045231378366393,0.15798608155319474,0.15514540876774247,0.1942401836379895,0.14299228518655863,0.14373993066622653,0.1626395447609294,0.18803057771335496,0.1842947143735499,0.2208210673972876,0.1666126124027404,0.180006037621387,0.18746716202298444,1.2842340391350104,0.2185054768900932,0.23957718124873878,0.2900425034029854,0.1561939268870974,0.1832993327464344,0.004195538142400438,0.31027356588479366,0.22798349151150257,0.23113294325670136,0.2430266343638223,0.21901043359693897,0.20598960615253703,0.022759128672250162,0.19345519065103933,0.11641607011520043,0.31683575062914543,0.27115860962073485,0.24496430845412273,0.15385953991284154,0.3216321031815733,0.23435147332643277,0.07748143226667588,0.06661380231261799,0.26506466068093026,0.12755281576142444,0.03167898465263221,-0.013808018070368664,0.024908458207802135,0.1315860791689831,-0.10509800118326396,-0.005340274170404643,-0.021436384609928954,0.001613942820786727,0.03320742698199658,0.04548240695249137
0.1153463501654775,0.17178450675424858,0.08310128709984929,0.1532946819143245,0.17434473244333668,0.13733639813638757,0.18175715088379688,0.2441071560581431,0.19280078004538917,0.14267484022382876,0.17867131916898701,0.15591399238301776,0.22329945694596812,0.2265362131532989,0.16415050037538276,0.19530991600392492,0.18301530138989008,0.2902728014734794,0.20596613710995468,0.1300264803990289,0.14097717898333945,0.18693044281047005,0.5699924348839711,0.2185054768900932,2.1614918438530877,0.11018043727576313,-0.07771850478473201,-0.10852273655673816,0.1384538564080963,-0.06950410022704813,0.1167102913876503,-0.11180361964201681,0.23645252184318022,0.29862648138444553,0.2707635772516584,-0.0712954982712231,0.28840609433015946,0.12874952346537177,0.1186173085912427,0.16445342372549454,0.09979382509573947,0.3706947255667065,0.14355472407613712,0.18918601529040666,0.2614055194850601,-0.03351637807442508,0.052892084763303863,0.22798162647586911,0.14907037764295417,0.04726062904273551,0.0038146478332416857,0.06090768718717948,0.06903966969239658,0.1623719510634259,-0.003459246245378201,-0.09336932509104001,-0.17362161257633135,-0.06492438367191904,0.003001037232152393
0.1726916059390611,0.12987522748991254,0.14611598626126493,0.1380224270638108,0.11333362190186505,0.10809339607532932,0.15768045974801376,0.15910255432136777,0.14563816391801349,0.14170713275254007,0.15949830076372706,0.1337030663985258,0.15751792640489143,0.12666611119754825,0.1381074733015176,0.13215396802607596,0.18097735933631265,0.1524613410230091,0.16232974189652563,0.2021718646368168,0.09588628697025495,0.09766891126826892,0.2923366837180563,0.23957718124873878,0.11018043727576313,0.866126383297983,0.22864083951603528,0.12530272374973694,0.22041171804839463,0.6064311585530434,0.20235025273107787,0.15658361753217104,0.19622701902747142,0.06455973450939485,0.23361527562857415,0.34350312861404325,0.14523402231480748,0.10712998894710006,0.19623018220934335,0.17163996481393834,0.2797942044744084,0.21154406789113972,0.12241194483867103,0.24964204315932012,0.1791724927494671,0.14894482581008042,0.16588834831335053,0.12632566515423993,0.12966042703415395,-0.06808056959272998,0.06808670559327294,0.025244059635710296,0.13642986450403977,-0.03744438214815498,0.02634534102521541,0.10690223629356387,0.06446429526407796,0.039039068397470046,0.030852693127499085
0.17835316754231237,0.04092701625100523,0.046158977667763376,0.1077759866255357,0.1614035716250316,0.008302449565752969,0.04158783487344809,0.09133778440819505,0.032675253760198676,0.045109962935430736,0.010452717017549774,0.07033442782727505,0.06351117518452219,0.11789838732220252,0.05245657730049408,0.04111657955526004,0.10190282092526734,0.03603805342383282,-0.07317898753640409,0.1878700556962963,0.07219620132753982,0.04389739309869271,-0.11346756019800715,0.2900425034029854,-0.07771850478473201,0.22864083951603528,2.241552504655099,0.21584321918882926,0.2692028549593947,0.12252115122929473,0.35688999181716413,0.5743121755429089,0.009290707701833174,0.14738636043262707,0.019713026481873872,0.26146870511770776,0.2896927499613381,0.22830382392278675,0.1619139310135359,0.2879204611668645,0.44316568321096317,0.20317161952370544,0.1839135125919029,0.4682199459945146,0.2100950061404201,0.3007221904163843,-0.06277222273653842,0.2124890155413284,0.11716063869656378,-0.0038235557975435383,0.046529812613973216,0.07255156795463441,0.02734534282073112,0.18377268036969283,-0.031839108828816784,-0.08465141069877484,-0.1240188893952014,0.0491295539924743,0.05847061733827449
0.11650957931655173,0.08013683796129233,0.0875118116497922,0.051252125088428455,0.10801859342775857,0.08073586557171866,0.17494468408940378,0.09452908991446136,0.10704208120180489,0.10729081497213266,0.15483924150157824,0.07887930228967946,0.10353049913667353,0.14326809762478096,0.10573934563791187,0.25541334932314247,0.15723174438945517,0.12504758781724054,0.12893873508326534,0.13840983666492657,0.12907407304669635,0.1252039098134486,0.21989894355465467,0.1561939268870974,-0.10852273655673816,0.12530272374973694,0.21584321918882926,1.766675636433338,0.1790099930878758,-0.037204373313375,0.16488337972572648,0.17015949271120565,0.05388295078896459,0.09879913785355954,0.06431419019882931,0.34116539524084366,0.1458651350840245,0.08457628078806485,0.07793484557287463,0.27229719035942307,0.1487981354591086,0.09198941437741533,0.11833906552162754,0.057698361396265434,0.17019738996914932,-0.002110158561343917,0.43859138631584643,0.0678742802099143,0.15713708850457747,-0.034223063549670266,0.06654376857186481,0.01019217020065334,0.12098352286179828,0.03003870032205244,-0.029927006815141606,-0.13137850658862518,-0.09906695639811679,-0.1261937253277347,0.08294872090175039
0.17583201604987625,0.18659280192872896,0.12232457381359736,0.11301043244769077,0.14843552897091333,0.1358863602081974,0.1530574700642005,0.17497578139397152,0.1409666629717223,0.14205829678454035,0.1177906233556964,0.1362677262756483,0.15382216583943864,0.16602178055386618,0.1479794872801036,0.14333963777118897,0.36104848759522984,0.15214251371857176,0.10731857108087081,0.1602314751966756,0.1867398618244543,0.1850093970722547,0.033469151812285415,0.1832993327464344,0.1384538564080963,0.22041171804839463,0.2692028549593947,0.1790099930878758,1.0251597048422105,0.26855494088929854,0.27150648046265613,0.27978077362009773,0.20986453958239026,0.39661481130975673,0.17486221701889756,0.18119650830192793,0.1508571902086224,0.15215184012603872,0.2282100049751871,0.15144551061712644,0.23050995459648682,0.3320894604768224,0.16674489762363348,0.23851214918896924,0.25614748989895586,0.3236474905367042,0.08188446948612173,0.03594797020837063,0.16800516658860146,-0.41383409428319096,0.4018324744064605,0.3536422394468788,0.08575709642684688,0.03509923082056626,0.0026998216256993233,-0.03860345262646815,-0.05742250515403713,0.012887567186807322,0.03540228250701968
0.10802843840812544,0.07947446683685706,0.13937163974373976,0.1117374732874435,0.06103973190578114,0.0897530244576631,0.11988630037066877,0.09270289312643755,0.07122833758504658,0.11022743148330319,0.12219387365120285,0.12039111256488431,0.09737490343135587,0.10488350746981366,0.11411699908664791,0.11211148187862656,0.17789894106427317,0.07126162169093789,0.125156474164376,0.12894510489487804,-0.04276471699774205,-0.07614588331988911,0.041773737165803716,0.004195538142400438,-0.06950410022704813,0.6064311585530434,0.12252115122929473,-0.037204373313375,0.26855494088929854,2.187084754858573,0.09397851437338374,0.24915979320271966,0.08791676213895329,-0.07369295488860461,0.1696124068520297,0.0471705355426633,0.17728824340608368,0.09551323146990008,0.3493703561699347,0.10961731824977212,0.12131378417082928,0.2631530850417044,0.10888526027538323,0.07840815907783807,0.04995644425335319,0.25844696846749404,0.17348486721193768,0.0417590922577915,0.1234803106371235,-0.11963618955365674,0.1167330470978376,0.053026652232429715,0.15110554206153687,-0.10731443401909833,0.06772870230386178,0.4266057459549914,0.24392399252488375,0.083522395096914,-0.03886715348203652
0.20841691746371138,0.12019342195323275,0.1172139574035585,0.1364404316364758,0.07316379659556299,0.1155182629896639,0.10578838549452739,0.14699798612691736,0.12199791045066537,0.1343430473159478,0.08837104158119417,0.09747946152985697,0.12687992787496533,0.12458733360683441,0.131611629409521,0.1324816299431643,0.14786642964773758,0.1223120392731317,0.02230752558289214,0.1580196478091045,0.2864323088281355,0.22341340117032124,0.13372351410691494,0.31027356588479366,0.1167102913876503,0.20235025273107787,0.35688999181716413,0.16488337972572648,0.27150648046265613,0.09397851437338374,1.305990407570927,0.26988725163233424,0.22651770709317312,0.37993543009646774,0.08780661779945564,0.15610754166004467,0.1460205022907768,0.271772895782701,0.15500912728616145,0.2048528245051697,0.4383007108695016,0.2599691201344534,0.19167738093835418,0.369874821318221,0.3133314900618051,0.12364621683835467,0.1705193073508525,0.3050930409467428,0.14226920586411854,0.058498964967545745,0.046885732915695796,0.09017222020023638,0.11519061539472995,-0.07684561031799035,0.021836301804876224,0.10267749791877495,0.018234782836528213,0.09651904465859654,0.04936292532493374
0.13820222588837483,0.11798194324472536,0.05025321297876832,0.19484517442695934,0.10895636244645036,0.07329083669975692,0.10886887887146733,0.11212433229341934,0.09011410032692635,0.14330276313999943,0.09754923894206041,0.08561690398433967,0.0737463026601011,0.09658229462942182,0.08503662283379604,0.07323798509599898,0.060590032121116764,0.08231344080134406,0.1271119766473012,0.14526817227647754,0.15734115417420494,0.04666829480174393,-0.013289330332603372,0.22798349151150257,-0.11180361964201681,0.15658361753217104,0.5743121755429089,0.17015949271120565,0.27978077362009773,0.24915979320271966,0.26988725163233424,1.9452996906737015,-0.08294524377665534,-0.05338926277305685,0.0318954497020624,0.11784516747382934,-0.1722528409879315,0.14979603292220828,0.26567823694109427,0.06504907091080536,0.24002457337514246,0.2365196105034503,0.1198380602035977,0.2691046676397823,0.09914123445849474,0.20475547414433032,-0.0004846573849130197,-0.11604212154725112,0.1026713913763503,0.061991229149472096,-0.07436853196699929,-0.11845350286892914,0.05131297284127324,0.025339575371677157,-0.0024005816166613745,0.06776091080216273,0.09965521680495126,0.0020087871027880655,-0.033898232199979915
0.22575877486067505,0.1436755462696477,0.21548199320639086,0.13434489398869903,0.08910557026165328,0.13064757252608322,0.15571563024694865,0.18366813298409834,0.1620798640453271,0.15769409381513932,0.14397067953305617,0.1511722942981204,0.19315557065365063,0.12703583084816508,0.15107938104689053,0.12186283208040763,0.158247679925086,0.15166522789638334,0.13729123799345785,0.1704484015547171,0.19822146157106074,0.1609440179617726,0.221880139385341,0.23113294325670136,0.23645252184318022,0.19622701902747142,0.009290707701833174,0.05388295078896459,0.20986453958239026,0.08791676213895329,0.22651770709317312,-0.08294524377665534,0.6932466157898051,0.4489429123339333,0.3889173169843969,0.1699622717469283,0.2478914431309311,0.17180293614013412,0.18457465993266928,0.21582189460429768,0.27319997538048457,0.2810226416189144,0.1459164351430453,0.21249433302108353,0.18955006324768553,0.09627168896830324,0.16602762144400404,0.17967441249055108,0.15340093367355553,0.09141811820915004,-0.0006814976031503482,0.06956693553474785,0.16412689848445214,-0.30148669358826863,0.02486429042693474,0.07383252658747906,-0.046817498447645566,0.013172812904426425,0.01998429048266789
0.23505819380458387,0.15566956037044716,0.15604353696077486,0.13038698736193974,0.1403209271572931,0.13927273695899017,0.16112126414110986,0.18969481114520548,0.14903993508943603,0.15202131430869276,0.1256387631359764,0.13872763315392614,0.1842498395884244,0.15117813485465184,0.15587426952124717,0.13887604440366771,0.21076096046589365,0.1692771493702839,0.1074695888084137,0.1703992705440283,0.25063392126584155,0.2662045830457177,0.11709036114614599,0.2430266343638223,0.29862648138444553,0.06455973450939485,0.14738636043262707,0.09879913785355954,0.39661481130975673,-0.07369295488860461,0.37993543009646774,-0.05338926277305685,0.4489429123339333,1.1974180025062748,0.21214276064008145,0.05225602837315637,0.2503058966616797,0.16695756293901254,0.11616605224395711,0.20530180699766226,0.2289778194101798,0.3413242523886541,0.17859447061404937,0.3238579343478689,0.2885313995962713,0.06603829006501169,0.09017639028347635,0.17674294620648556,0.2117341901206372,0.2522141179237504,0.057072650079887474,-0.036521391427065765,0.14254942943818524,0.07865906794575865,0.021698647418575624,0.04634438964805181,-0.09916451150484054,0.017532442113161958,0.04486020750979416
