1.024199811143461,0.2286309632549613,0.4069361819927714,0.06120126634645214,0.06692632984452429,0.07035289164611659,0.11764345571016603,-0.020406367353622563,0.1013250626142037,0.1172091576780332,0.029307161237899792,0.09269097939862025,0.030614311055104183,0.02738844257798771,0.06470444613754124,0.03408199060424686,0.04691879634094088,0.057742634795543146,0.03522766272412054,0.020490685353761855,0.0586737916031056,0.0416966249807286,0.034759514309131025,0.036111492251996447,0.0314847856422301,0.006603378730423154,0.048315412568704245,0.033552836166552226,0.016256284482066386,-0.024299621247561316,0.045369611389847915,0.030760687121242653,0.07090757283995366,-0.06039316985287154,-0.005429422295622657,0.06578726305841698,0.07410001613335408,0.022661737974264445,0.03264156861108111,-0.008632033449541976,0.07996604213844247,0.04190789609335211,0.0175033019538096,0.013381645226259042,0.09233151431704902,0.08008159403796981,0.005753507905229061,-0.007437947395497003,-0.08670592403873192
0.2286309632549613,1.3968968984335006,1.2235523197831937,0.01894860555421508,-0.10594424865451829,0.3715342572042821,0.1503125055838493,0.16637128184097785,0.3531914337876655,0.3460856878070747,0.1901972045284046,0.21002846751632126,0.10260987814479618,0.04436673561951556,0.2792280088912639,0.06451296575541406,0.22828804971991865,0.3336119557323078,0.07806843817103035,0.4578746774302898,0.2480756152223696,0.15013697510136964,0.010654266953425265,0.1052015880626297,0.15626276593991256,0.19964197390315586,0.2226430777583579,0.24904764829183687,0.14230999398360972,0.028344722470104507,0.28768715727921407,0.042381104510949015,0.14568117436136688,0.1462990238197075,0.30571130509653366,0.2348885495006716,0.46404011352922253,0.20613696799768783,0.2264540627875114,0.09665174780020347,0.3808995425936333,0.2195461055604999,0.27649597572533924,0.03969718380335166,0.578239900016033,0.2939488637382694,0.18318651143321987,0.0024559766444057947,-0.22755822425078864
0.4069361819927714,1.2235523197831937,2.6225674157289247,-0.02101027181741933,-0.3256724335637439,0.4650061058919244,0.18380084881925499,0.06237157015911768,0.6325855103600769,0.408340219254159,0.12934342460517584,0.27847929155764845,0.0904753079852674,-0.00799778265290977,0.3078106808476149,-5.0647300461993764e-5,0.22764243063475856,0.2273130993127213,0.0759849689926316,0.20194040069940583,0.2319683531404163,0.16954912876106357,0.06680188860223758,0.07109797540922938,0.13787562573973292,0.13895327321187897,0.23548468004606668,0.2311774382784862,0.08229893221384697,-0.20811573509129014,0.1766205575168824,-0.0024951364235117532,0.15684947706685803,0.07171591116535138,0.28194119327073747,0.26618450698960056,0.3593241702880621,0.11105305758077488,0.13379771870564397,-0.024170685424206882,0.34472990060594255,0.18276668075614685,0.24052612991154457,0.06601133926410545,0.623794750520827,0.3391128216789008,0.04016448125432684,-0.03063970693562684,-0.49952880437489044
0.06120126634645214,0.01894860555421508,-0.02101027181741933,0.8246879698174786,0.48827112662629635,0.3008759252300311,0.2627638638525572,0.29322268792437767,0.0282056663007445,0.0864607567554493,0.21676763996389917,0.2873353580248263,0.12860938658768845,0.17008527527391012,0.11532795150894462,0.22846630336829177,0.14630948081129025,0.08407908024918412,0.23072137905944726,0.14555453417658384,0.11349558465609381,0.1201949443420552,0.05606584981019491,0.09981142232647763,0.18571656778792245,0.1500071655469998,0.14638314926176194,-0.0012753403246771615,0.2151522825855086,0.0001530258568589723,0.03011990949167904,0.17122314732047828,0.0577446947515568,0.1862606528836053,-0.11983205009452326,0.11195951668972473,0.17836693742735796,0.08803480931486142,0.20590437216327662,0.06156006641196911,0.11402868237356646,0.10863966166008142,0.08587170147528163,0.03159901519685898,0.07809836452931078,0.1235336821123015,0.06831613685848471,-0.002667715416410982,0.07443316692345452
0.06692632984452429,-0.10594424865451829,-0.3256724335637439,0.48827112662629635,1.404790033699745,-0.004069827360786606,0.2891246038703822,0.43286162414399365,-0.07307081634426348,0.13966209983097302,0.25229218657281455,0.34375296086010226,0.18259349561063956,0.2455098201104187,0.14935015937409946,0.32200144254035545,0.14709859014305052,0.1219106933501358,0.37002767221661687,0.0956483801823285,0.11161123675699394,0.13560744301143854,0.07215620669949609,0.11627521107822868,0.22846299943421133,0.184303674851355,0.1501169837033057,-0.05632264621723429,0.29361402384196666,-0.0341509375462217,0.004046802700519653,0.24321470516765903,0.05130910183844215,0.3189486889161033,-0.2267122913705996,0.12374377869921065,0.1419219722146595,0.06364313911963611,0.24366536109966086,0.07151113155595228,0.07402788343652,0.12089723733506363,0.05595029742429076,0.006550578425387426,-0.07122531935251554,0.11555609217499528,0.060234757344622546,-0.0012016755333760746,0.19665526891487417
0.07035289164611659,0.3715342572042821,0.4650061058919244,0.3008759252300311,-0.004069827360786606,1.3723506493731292,0.13555360928241578,0.24265267599434537,0.3311354584965179,0.22047818978436923,0.3063106805490356,0.29898913218353823,0.13105592776129207,0.08208281163811552,0.242121987115846,0.14714671662119871,0.26011509868018845,0.147027819896583,0.5347752613514104,0.43022378337971184,0.2336134134483633,0.15552062711291892,-0.10675065901582842,0.12999454896652998,0.21893546678993744,0.2237789535025281,0.20457925276810007,0.20285297313908462,0.28403716253696604,0.0005502180519420298,0.21432605136794328,0.10265993099699615,0.0724619124638434,0.18962644696664394,0.2799578515700731,0.12498871864196347,0.47343237120195325,0.2111108170052685,0.3881502209498813,0.1769966619671962,0.3141098493032452,0.20395937915010381,0.26835529543675857,0.038201683317481756,0.49945489558048517,0.23356999755890756,0.1725675505910218,0.02913735813872789,0.0741017733924949
0.11764345571016603,0.1503125055838493,0.18380084881925499,0.2627638638525572,0.2891246038703822,0.13555360928241578,1.1295605461764429,0.1195873376723708,0.18287088133914944,0.017513264873627563,0.18878611813498938,0.34080403895412503,0.14646154488702973,0.337914313992769,0.03597570720544424,0.26589237648230746,0.2277896188751332,0.06931311609854526,0.05105065568187805,0.020826280460318005,0.13697713511753096,0.21220401347083392,0.12912350675886863,0.1426408818626529,0.15342041925405214,0.16315377388184993,0.17364862902390704,0.08942062758950267,0.16275455184387733,-0.044691076492644574,0.03965408488342662,0.3224540246955585,0.044105850959057336,0.20884046165567022,0.1153796172200254,0.16051131605290744,0.017597970451874202,0.051434135686373735,0.152457636553819,0.05762827434812728,0.07821406478139822,0.14350063867012092,0.10481864972495317,0.03744347249063487,-0.029096199131323008,0.1251185242891072,-0.05079973961753217,-0.025425824121224704,0.1513490608205248
-0.020406367353622563,0.16637128184097785,0.06237157015911768,0.29322268792437767,0.43286162414399365,0.24265267599434537,0.1195873376723708,1.0800241468577945,-0.11994437133577304,0.10521283224938427,0.3425711581291426,0.14798651538601013,0.17800444763151235,0.18286992070602293,0.1781285321137067,0.22443875749354214,0.26232908302416774,0.24664525577461818,0.3038641701844186,0.3852412127760248,0.1712055838580689,0.13034476122962219,-0.005927582319075596,0.12652526691401816,0.2926992833357437,0.320926320258016,0.2177747464339728,0.13753978697252625,0.3591190930070986,0.1510381016047875,0.19611670195512934,0.15029008865752022,-0.013217267849584787,0.300333687350714,0.3532233758899941,0.11455106322463372,0.3785321660980036,0.17793081869230512,0.34312699769890587,0.19177100634369085,0.19946135264836481,0.18838531300522124,0.2541720638648168,0.0278240106319097,0.31064303545270666,0.19028012994786367,0.27280202539284665,0.021091209599356855,0.19618720385415053
0.1013250626142037,0.3531914337876655,0.6325855103600769,0.0282056663007445,-0.07307081634426348,0.3311354584965179,0.18287088133914944,-0.11994437133577304,1.0553150672180274,0.15584856527148952,0.0443491038048864,0.20912948824901464,0.049146096119570055,0.13538048715484488,0.20218451403904786,-0.0358447927589115,0.1380598305170748,0.11524509352524104,0.02798806877044076,0.10883174297157513,0.15476985555095318,0.24441473398923094,0.18099410050381806,0.12354761154239548,0.07244186502598324,0.14932591782689958,0.1363220874349206,0.14244768427172227,0.04454257585675875,0.05018863840983755,0.09687443110509787,0.14371187296184326,0.18362525835255708,0.00676505432451281,0.06459550274017749,0.17344183083256165,0.1488066090658304,0.08343685715611893,0.1720244706961134,0.051482847232538057,0.17143346059033462,0.11170374118053465,0.12107944422879324,0.03299144979627941,0.19209612834405426,0.18583497303204424,0.08573368227131908,-0.03100178403425617,-0.030032906609666205
0.1172091576780332,0.3460856878070747,0.408340219254159,0.0864607567554493,0.13966209983097302,0.22047818978436923,0.017513264873627563,0.10521283224938427,0.15584856527148952,1.3871170785908864,0.18182711183368327,0.34986643511045434,0.16510021572045733,0.07913612336881402,0.32391178003499743,0.10975522108718246,0.26077869301160767,0.40485300746141406,0.22513619938917656,0.14333992869016732,0.1341954011915194,0.10212057815005154,0.07955657819383843,0.12229050814407609,0.18859781286450017,0.13808931370074456,0.22077640073595434,0.16840588837385165,0.3429162496141147,0.11571631753507283,0.1904727866268596,0.0985135256630824,0.0033134931953358792,0.34020539368303365,0.30183746927952654,0.1466635297636536,0.2499810893018254,0.05541435540527291,0.2464415106457373,0.11662915366959892,0.1732894444134139,0.13334437610722244,0.20419083745798441,0.04326413817403751,0.22718767916587695,0.17693055685194814,0.2936250150130031,0.0059722344889884945,0.12463304891985318
0.029307161237899792,0.1901972045284046,0.12934342460517584,0.21676763996389917,0.25229218657281455,0.3063106805490356,0.18878611813498938,0.3425711581291426,0.0443491038048864,0.18182711183368327,0.6147694264656415,0.30460477758441723,0.20572441826841015,0.16023828688342645,0.28366959939561537,0.2178999420193033,0.25364137573956524,0.2249308025281728,0.21853170352273257,0.3359786181309688,0.2176518900457833,0.1618079923587361,0.0814185635734047,0.1621731912379052,0.24820444328536967,0.20560074708056345,0.23528101699004259,0.18280520659823044,0.35655614505383326,0.12964726480859032,0.19443119524478536,0.17137611318058207,0.07169017495541834,0.2835226242269156,0.2829390608322407,0.20317394263728003,0.3254346324847898,0.1553447967642413,0.332232995850738,0.173146527167851,0.27579084730150794,0.20908844166038323,0.23327428051965643,0.02162781097999842,0.25237807696726855,0.2386126073184304,0.21148146827693912,0.00752952312230288,0.08489037175828781
0.09269097939862025,0.21002846751632126,0.27847929155764845,0.2873353580248263,0.34375296086010226,0.29898913218353823,0.34080403895412503,0.14798651538601013,0.20912948824901464,0.34986643511045434,0.30460477758441723,0.9029681011572721,0.13590264843477368,0.17496744482598653,0.23812274212889958,0.21702895448832424,0.23595917200517144,0.09604103219655798,0.21236441197113848,0.2047128221382054,0.17197594540702177,0.15452444634654966,0.061606621058593825,0.1249361057315069,0.25779251876749654,0.26338196790893675,0.3219506503399067,0.12279419778218618,0.2693204999442294,-0.015530958455374009,0.07066754660757725,0.19857390903445296,0.040956940477654434,0.21967272574881289,0.2693734387233082,0.11279886172138216,0.18742439052919652,0.10690413615351778,0.27601060638776476,0.1364064790087672,0.15399124129635855,0.17415841288017886,0.16762195710851682,0.03125676234481212,0.14429811207578963,0.16761547224301834,0.07922338961119588,0.01271881068169847,0.2683602418643416
0.030614311055104183,0.10260987814479618,0.0904753079852674,0.12860938658768845,0.18259349561063956,0.13105592776129207,0.14646154488702973,0.17800444763151235,0.049146096119570055,0.16510021572045733,0.20572441826841015,0.13590264843477368,0.37564488084240116,0.14843262285405595,0.08862044121315858,0.19744874569078436,0.12742315117771771,0.1708424310783558,0.13254708778052976,0.0904063004064789,0.09854597114328063,0.19467699418968895,0.07145428977586765,0.10148336770606697,0.1439188926501333,0.1368011036445061,0.16378802706684353,0.10105263187222799,0.24694869994029828,0.06632277487529449,0.08199963952940285,0.1484596462897654,0.030752160849413377,0.17879883161028237,0.17165309999815972,0.12236446336818398,0.11460813510984331,0.055615615474023196,0.13760807262740146,0.07964110583852038,0.09502277117923856,0.10586767156827168,0.13777457948567529,0.024345149252560244,-0.02406087534937865,0.1343586727825625,0.13374511851020104,-0.01628095474896666,0.21147811017755735
0.02738844257798771,0.04436673561951556,-0.00799778265290977,0.17008527527391012,0.2455098201104187,0.08208281163811552,0.337914313992769,0.18286992070602293,0.13538048715484488,0.07913612336881402,0.16023828688342645,0.17496744482598653,0.14843262285405595,0.742990825843815,0.0986793216694632,0.3056117809557072,0.20232818208155873,0.14112804714982152,0.10816698449114732,0.12631367618716208,0.16633436329618445,0.21539431848899268,0.1801151266851755,0.2256767260852274,0.1999081983534938,0.19779494715117912,0.1310248601774679,0.10984618000100592,0.2989072104564465,0.06632481454020378,0.0681123082604956,0.6394394913172553,-0.013709509569401052,0.1726850609680062,0.17749567261428414,0.17871609518670162,0.07612896456163179,0.11829502070547977,0.2121770678034156,0.11631544508233771,0.11624058705365611,0.15897094987685892,0.19023305264611257,0.031402302678644634,0.09261405790765449,0.1840458564581713,0.14744677161467784,-0.026893889694727415,0.16182446900933622
0.06470444613754124,0.2792280088912639,0.3078106808476149,0.11532795150894462,0.14935015937409946,0.242121987115846,0.03597570720544424,0.1781285321137067,0.20218451403904786,0.32391178003499743,0.28366959939561537,0.23812274212889958,0.08862044121315858,0.0986793216694632,0.6939113459803145,0.10069424526903484,0.20199765619745147,0.3085043252690311,0.17432928781635634,0.2578897963814497,0.19822542800660595,0.08896893996835724,0.20024308774365676,0.14307814665040716,0.26379574194908806,0.14581838385991575,0.16191300644446574,0.1765489402058415,0.2771936799559758,0.19804035838343137,0.16309480500452564,0.09972151283330506,0.1179490377936199,0.21809466724857984,0.20480798147056453,0.2019978119304547,0.3035936391757494,0.1093198861907317,0.2770175484054996,0.12390435670365747,0.27820241682300767,0.17394515515948197,0.18880353379551204,0.03198647873478395,0.29087999443892026,0.24203632343896345,0.25957585955410134,0.010109634603741917,-0.05232818581906428
0.03408199060424686,0.06451296575541406,-5.0647300461993764e-5,0.22846630336829177,0.32200144254035545,0.14714671662119871,0.26589237648230746,0.22443875749354214,-0.0358447927589115,0.10975522108718246,0.2178999420193033,0.21702895448832424,0.19744874569078436,0.3056117809557072,0.10069424526903484,0.7918898453946378,0.2567390677742296,0.15706613321126264,0.2104507667803117,0.15008154348370878,0.19193687148241723,0.2961310050637376,0.08907332068711249,0.164993218539616,0.26165599693918484,0.26502617686490143,0.2139999860657528,0.21562167818699593,0.3151637496407976,0.13599205357239535,0.13756887969750067,0.267026810684919,0.017180424522467205,0.17170388812555873,0.40686962762275447,0.17237483325080463,0.25505323011011316,0.12097257203852572,0.1967446690397689,0.15715914400726239,0.18156503747684968,0.23582738889839377,0.23605047319475625,0.03834934681596319,0.13686530896110827,0.18980088842012519,0.1803212865228667,-0.016772891272689584,0.271973814689023
0.04691879634094088,0.22828804971991865,0.22764243063475856,0.14630948081129025,0.14709859014305052,0.26011509868018845,0.2277896188751332,0.26232908302416774,0.1380598305170748,0.26077869301160767,0.25364137573956524,0.23595917200517144,0.12742315117771771,0.20232818208155873,0.20199765619745147,0.2567390677742296,0.7067954940413987,0.1747897262815653,0.2062244297956763,0.3794616971824143,0.2748223998807698,0.2578455462748274,0.03095624722732447,0.1976153800949919,0.20274132775346984,0.18193215545441802,0.2199005094986453,0.3686815204006699,0.17894558273709296,0.1483661188826437,0.27179966788475934,0.18009072699672474,0.21544225716322016,0.20733320378093137,0.3824058396533834,0.25586275048185914,0.4372728503716965,0.2095745832578443,0.32358960879114695,0.1761755068958793,0.3875111384475274,0.29674288989804243,0.3058060962042602,0.04517311564297484,0.41024852267849804,0.2717367172442271,0.21529737888417788,0.003641222608243818,0.029113772853735172
0.057742634795543146,0.3336119557323078,0.2273130993127213,0.08407908024918412,0.1219106933501358,0.147027819896583,0.06931311609854526,0.24664525577461818,0.11524509352524104,0.40485300746141406,0.2249308025281728,0.09604103219655798,0.1708424310783558,0.14112804714982152,0.3085043252690311,0.15706613321126264,0.1747897262815653,0.9377401561227828,0.11081039814419202,-0.026236826204835653,0.18023592278554074,0.16794892910179143,0.35280253174358756,0.09737453421973521,0.19322792092808078,0.19438876746271797,0.07923528504640331,0.15859560642027876,0.3100809274461954,0.01779448389341192,0.28233017139557004,0.12160913178222633,0.014853763294623951,0.3319938440652959,0.2820769784451448,0.17924801406054697,0.2558736137604952,0.007396066710703441,0.23534870379672926,0.13833807304639825,0.12470401019887697,0.1304412439067061,0.26730776545100876,0.0505718619832499,0.3015374937043336,0.19368903135792873,0.4438554091728437,-0.025291570665886706,-0.051962453396848
0.03522766272412054,0.07806843817103035,0.0759849689926316,0.23072137905944726,0.37002767221661687,0.5347752613514104,0.05105065568187805,0.3038641701844186,0.02798806877044076,0.22513619938917656,0.21853170352273257,0.21236441197113848,0.13254708778052976,0.10816698449114732,0.17432928781635634,0.2104507667803117,0.2062244297956763,0.11081039814419202,1.0283364215787354,0.15959503765521474,0.18204863994272352,0.10794386915905115,-0.20898253286248128,0.1201814936413852,0.19026956582700977,0.13145677333270386,0.1315471299106815,0.16336691581548268,0.2431170527966067,0.12443618522422767,0.1931902567789686,0.08695213618401804,0.13277399808673196,0.16142649448560573,0.146075816426872,0.09083019825825271,0.41033074211976983,0.10555399504180192,0.3698698387293168,0.12303218636071173,0.22899181221527254,0.15803015380390945,0.12411973018334599,0.021418056659235005,0.2966938509458715,0.17571971021874397,0.12918075147128527,0.03709537103537386,0.14467697637064383
0.020490685353761855,0.4578746774302898,0.20194040069940583,0.14555453417658384,0.0956483801823285,0.43022378337971184,0.020826280460318005,0.3852412127760248,0.10883174297157513,0.14333992869016732,0.3359786181309688,0.2047128221382054,0.0904063004064789,0.12631367618716208,0.2578897963814497,0.15008154348370878,0.3794616971824143,-0.026236826204835653,0.15959503765521474,1.7052803366684954,0.37134420425923137,0.19227786252715492,-0.17367255145231836,0.2707642313287087,0.29637724678515415,0.45424474114230445,0.32488196904896455,0.42660062113067976,0.19850536813162648,0.5431796374034096,0.5152320947332876,0.10017033594054302,0.34032299270283695,0.15027881411951216,0.38323267342767176,0.3493262766482531,1.164614289360726,0.7077786355813437,0.5118643195698899,0.29619705711980826,0.8392723826660574,0.4529230764009149,0.4765191871120154,0.006098784949506031,0.9745396149177435,0.4571481796096881,0.25879173973644765,0.09636137065150582,0.03258581182364422
0.0586737916031056,0.2480756152223696,0.2319683531404163,0.11349558465609381,0.11161123675699394,0.2336134134483633,0.13697713511753096,0.1712055838580689,0.15476985555095318,0.1341954011915194,0.2176518900457833,0.17197594540702177,0.09854597114328063,0.16633436329618445,0.19822542800660595,0.19193687148241723,0.2748223998807698,0.18023592278554074,0.18204863994272352,0.37134420425923137,0.6521172228285126,0.25336676971205885,0.15249168980862382,0.21055705297604024,0.1794719757351937,0.24398036226150535,0.15594092484835598,0.2879229098319986,0.17904450138793956,0.20875228311776264,0.3722972776027547,0.1546831321782725,0.26893055258072784,0.1658834398387853,0.2557023905010767,0.46465616874113563,0.5800545482800149,0.20843692648909673,0.3928769727856009,0.21410936117808718,0.7087876906857205,0.40621463958568843,0.39507930406141856,0.05089299407971461,0.923117990423936,0.3679860504883255,0.21971829991389136,-0.0033996947892673485,-0.33877820119690394
0.0416966249807286,0.15013697510136964,0.16954912876106357,0.1201949443420552,0.13560744301143854,0.15552062711291892,0.21220401347083392,0.13034476122962219,0.24441473398923094,0.10212057815005154,0.1618079923587361,0.15452444634654966,0.19467699418968895,0.21539431848899268,0.08896893996835724,0.2961310050637376,0.2578455462748274,0.16794892910179143,0.10794386915905115,0.19227786252715492,0.25336676971205885,0.8687488289333328,0.34375887186494686,0.21237772572132368,0.20314481386921515,0.21440080685535817,0.20543224429761614,0.19768558264010433,0.16157018132049203,0.20506610643722592,0.14651345813640365,0.2055390780595643,0.21958181462402993,0.15175456300465112,0.18913659873841032,0.34184502345899304,0.3295837109137905,0.17718780232708525,0.2302961580153248,0.1187222516624867,0.2984338278465953,0.2416773497483838,0.32330925573804536,0.0583365347789112,0.04788388742831562,0.30334055011151684,0.19833972969303623,-0.10338467734499933,0.5144926971137739
0.034759514309131025,0.010654266953425265,0.06680188860223758,0.05606584981019491,0.07215620669949609,-0.10675065901582842,0.12912350675886863,-0.005927582319075596,0.18099410050381806,0.07955657819383843,0.0814185635734047,0.061606621058593825,0.07145428977586765,0.1801151266851755,0.20024308774365676,0.08907332068711249,0.03095624722732447,0.35280253174358756,-0.20898253286248128,-0.17367255145231836,0.15249168980862382,0.34375887186494686,1.9279759094157214,0.24711694463856684,0.5623862742505693,-0.16288957728193465,0.0752163863354672,-0.1232712333727343,0.4471550738565665,0.1439127282642573,-0.3379921847846885,0.17908393888689478,0.138232871470483,0.23181218628909764,-0.178994096609152,0.45207589016813526,0.22233312612626346,-0.08672432273883383,0.47026204887077944,0.08931875200036436,0.21320848600536493,0.0663424653410369,0.1820656504034687,0.11494020572902683,-0.0770568671605234,0.33025154714289573,0.24190781440954479,-0.06542288157333773,-0.10254949669893235
0.036111492251996447,0.1052015880626297,0.07109797540922938,0.09981142232647763,0.11627521107822868,0.12999454896652998,0.1426408818626529,0.12652526691401816,0.12354761154239548,0.12229050814407609,0.1621731912379052,0.1249361057315069,0.10148336770606697,0.2256767260852274,0.14307814665040716,0.164993218539616,0.1976153800949919,0.09737453421973521,0.1201814936413852,0.2707642313287087,0.21055705297604024,0.21237772572132368,0.24711694463856684,0.6008276406055215,0.18336761037732635,0.12571123275979817,0.15448817649520788,0.25515202688191596,0.1497476081196269,0.4815428977044489,0.18815567942425257,0.27739857078512675,0.42254738882377263,0.2995275504646334,0.17771390405887083,0.28967000535870957,0.31259520059035906,0.17595925881150154,0.1616714796912786,0.06854967915032935,0.32266702543818687,0.19017705253669825,0.23276973976187096,0.029626090648341475,0.09809588705822866,0.23452782450283402,0.2923325386010152,0.010772946550962626,0.2732703631491456
0.0314847856422301,0.15626276593991256,0.13787562573973292,0.18571656778792245,0.22846299943421133,0.21893546678993744,0.15342041925405214,0.2926992833357437,0.07244186502598324,0.18859781286450017,0.24820444328536967,0.25779251876749654,0.1439188926501333,0.1999081983534938,0.26379574194908806,0.26165599693918484,0.20274132775346984,0.19322792092808078,0.19026956582700977,0.29637724678515415,0.1794719757351937,0.20314481386921515,0.5623862742505693,0.18336761037732635,1.3375587048706432,0.1814997654703291,0.20053516072180458,0.071297241157977,0.8210738447473431,0.2628587013502038,-0.2700384744674584,0.17787635403729835,0.010029945094428637,0.25329310887621104,0.19348615989418924,0.2520609264030087,0.5641343399918067,0.14573402318626646,0.3378042116422076,0.13028331809770569,0.2937581093251461,0.20001847380629695,0.24358580320055515,0.06327434799993102,0.3206375497215496,0.4136256264429081,0.25975549271383463,-0.02845533968095636,-0.20291179972405593
0.006603378730423154,0.19964197390315586,0.13895327321187897,0.1500071655469998,0.184303674851355,0.2237789535025281,0.16315377388184993,0.320926320258016,0.14932591782689958,0.13808931370074456,0.20560074708056345,0.26338196790893675,0.1368011036445061,0.19779494715117912,0.14581838385991575,0.26502617686490143,0.18193215545441802,0.19438876746271797,0.13145677333270386,0.45424474114230445,0.24398036226150535,0.21440080685535817,-0.16288957728193465,0.12571123275979817,0.1814997654703291,1.663407226719393,0.14718948954439118,0.2717364911652821,0.41587191670827967,0.0530488702219496,0.36892227339594597,0.20505062677760946,0.026406899503884564,0.3165841118349226,0.4596190413434245,0.027782669450542998,0.3969454087561637,0.25098433152949,-0.2474942381803652,0.0732436271449389,-0.09425714588053621,0.2954505734781224,0.3492961364016713,-0.01543223120816249,0.4160428657130511,0.026609124567341314,0.18447719548803831,0.050376844370189446,0.7096379255000663
0.048315412568704245,0.2226430777583579,0.23548468004606668,0.14638314926176194,0.1501169837033057,0.20457925276810007,0.17364862902390704,0.2177747464339728,0.1363220874349206,0.22077640073595434,0.23528101699004259,0.3219506503399067,0.16378802706684353,0.1310248601774679,0.16191300644446574,0.2139999860657528,0.2199005094986453,0.07923528504640331,0.1315471299106815,0.32488196904896455,0.15594092484835598,0.20543224429761614,0.0752163863354672,0.15448817649520788,0.20053516072180458,0.14718948954439118,1.0426680101292587,0.2391106929049671,0.09526831151190393,-0.01819713139007135,0.14104150109888164,0.17617698200520235,0.22307736529189096,0.23167334471254625,0.26555328491368796,0.21277470294267542,0.27143623502755043,0.17488535617385872,0.23441988269846845,0.15345484425623804,0.26842829117984013,0.19425580616196814,0.24653026612272122,0.006979409927453152,0.045711612354653444,0.26319688681258663,0.07808653602456687,0.015855597557928962,0.33511624922933336
0.033552836166552226,0.24904764829183687,0.2311774382784862,-0.0012753403246771615,-0.05632264621723429,0.20285297313908462,0.08942062758950267,0.13753978697252625,0.14244768427172227,0.16840588837385165,0.18280520659823044,0.12279419778218618,0.10105263187222799,0.10984618000100592,0.1765489402058415,0.21562167818699593,0.3686815204006699,0.15859560642027876,0.16336691581548268,0.42660062113067976,0.2879229098319986,0.19768558264010433,-0.1232712333727343,0.25515202688191596,0.071297241157977,0.2717364911652821,0.2391106929049671,1.1166729142910117,-0.2439230406288812,0.30886644959012366,0.45226415846118156,0.06406261457677445,0.6514845380042268,-0.0670811869791955,0.8459909524441956,0.24845144896177965,0.46324178106287467,0.2246737303646819,0.11149695822118223,0.1445589292846447,0.48839446418571747,0.29786399340128544,0.3259547970585685,0.07743749361028036,0.39143810408915564,0.26324223384891304,0.24161914102165247,0.051837468306184374,0.05097234869717275
0.016256284482066386,0.14230999398360972,0.08229893221384697,0.2151522825855086,0.29361402384196666,0.28403716253696604,0.16275455184387733,0.3591190930070986,0.04454257585675875,0.3429162496141147,0.35655614505383326,0.2693204999442294,0.24694869994029828,0.2989072104564465,0.2771936799559758,0.3151637496407976,0.17894558273709296,0.3100809274461954,0.2431170527966067,0.19850536813162648,0.17904450138793956,0.16157018132049203,0.4471550738565665,0.1497476081196269,0.8210738447473431,0.41587191670827967,0.09526831151190393,-0.2439230406288812,3.1696768915903606,0.20434195599009342,-0.34849676645152206,0.3909752076347905,-0.6777603606695823,0.8007433898952679,0.32465473248978943,0.15380264760431198,0.12394785601144587,-0.009805618450548455,0.4740334857859611,0.27645591711419903,0.07051919097292922,0.14014700108263994,0.24167339064312796,-0.002922640536394758,0.4263115578623649,0.2363233438728441,0.39290953177434174,-0.032326370903589384,0.739499270236187
-0.024299621247561316,0.028344722470104507,-0.20811573509129014,0.0001530258568589723,-0.0341509375462217,0.0005502180519420298,-0.044691076492644574,0.1510381016047875,0.05018863840983755,0.11571631753507283,0.12964726480859032,-0.015530958455374009,0.06632277487529449,0.06632481454020378,0.19804035838343137,0.13599205357239535,0.1483661188826437,0.01779448389341192,0.12443618522422767,0.5431796374034096,0.20875228311776264,0.20506610643722592,0.1439127282642573,0.4815428977044489,0.2628587013502038,0.0530488702219496,-0.01819713139007135,0.30886644959012366,0.20434195599009342,3.280294008840478,0.7865391102746923,0.016178975763113987,0.40022873363010514,-0.1494782244876005,0.25461389011487673,0.3894726815772289,1.1621614095509938,0.4302928742066489,0.333325212507749,0.07712049375124927,0.6612089801226978,0.2086637731132967,0.21545130045316732,0.038712098574477015,0.3564522978971381,0.36489506337321875,1.388914388673223,0.027435587676567192,0.9638387632179349
0.045369611389847915,0.28768715727921407,0.1766205575168824,0.03011990949167904,0.004046802700519653,0.21432605136794328,0.03965408488342662,0.19611670195512934,0.09687443110509787,0.1904727866268596,0.19443119524478536,0.07066754660757725,0.08199963952940285,0.0681123082604956,0.16309480500452564,0.13756887969750067,0.27179966788475934,0.28233017139557004,0.1931902567789686,0.5152320947332876,0.3722972776027547,0.14651345813640365,-0.3379921847846885,0.18815567942425257,-0.2700384744674584,0.36892227339594597,0.14104150109888164,0.45226415846118156,-0.34849676645152206,0.7865391102746923,2.212322060123304,0.05119369128612161,0.30581498770695037,0.23748185613203104,0.5455051992126227,0.32304128806932747,1.2363989239356,0.3830430251968021,0.20636207451668742,0.06922188098873373,0.4987033722708721,0.35710408006247524,0.38760822482228857,0.06433369035280924,0.7826309756473642,0.380238380935917,0.5270121505065629,0.030254432155127173,-0.05956291878108121
0.030760687121242653,0.042381104510949015,-0.0024951364235117532,0.17122314732047828,0.24321470516765903,0.10265993099699615,0.3224540246955585,0.15029008865752022,0.14371187296184326,0.0985135256630824,0.17137611318058207,0.19857390903445296,0.1484596462897654,0.6394394913172553,0.09972151283330506,0.267026810684919,0.18009072699672474,0.12160913178222633,0.08695213618401804,0.10017033594054302,0.1546831321782725,0.2055390780595643,0.17908393888689478,0.27739857078512675,0.17787635403729835,0.20505062677760946,0.17617698200520235,0.06406261457677445,0.3909752076347905,0.016178975763113987,0.05119369128612161,0.9429620580837846,-0.07793498208200283,0.20139989749468296,0.13875619268265793,0.17729456426379614,-0.038296051920699466,0.12346489300720734,0.21384486627205168,0.11228330328801334,0.06790549321818991,0.1438528541867259,0.15541267484811805,0.024421896449575375,0.02589581018125222,0.19545877870319184,0.12222471349029956,-0.035430767912972325,0.18821925403456413
0.07090757283995366,0.14568117436136688,0.15684947706685803,0.0577446947515568,0.05130910183844215,0.0724619124638434,0.044105850959057336,-0.013217267849584787,0.18362525835255708,0.0033134931953358792,0.07169017495541834,0.040956940477654434,0.030752160849413377,-0.013709509569401052,0.1179490377936199,0.017180424522467205,0.21544225716322016,0.014853763294623951,0.13277399808673196,0.34032299270283695,0.26893055258072784,0.21958181462402993,0.138232871470483,0.42254738882377263,0.010029945094428637,0.026406899503884564,0.22307736529189096,0.6514845380042268,-0.6777603606695823,0.40022873363010514,0.30581498770695037,-0.07793498208200283,1.9169900791839247,-0.3158712650172188,-0.27788892676500154,0.22710570851121845,0.2393923618542269,0.22223453786672043,-0.14383726008047795,-0.150757492574843,0.6224351268722245,0.2013485144001591,0.028370813535479652,0.024109841603883003,-0.19326545695178088,0.31502448914741615,0.1685173721902555,0.09168028548360323,0.04973394809997226
-0.06039316985287154,0.1462990238197075,0.07171591116535138,0.1862606528836053,0.3189486889161033,0.18962644696664394,0.20884046165567022,0.300333687350714,0.00676505432451281,0.34020539368303365,0.2835226242269156,0.21967272574881289,0.17879883161028237,0.1726850609680062,0.21809466724857984,0.17170388812555873,0.20733320378093137,0.3319938440652959,0.16142649448560573,0.15027881411951216,0.1658834398387853,0.15175456300465112,0.23181218628909764,0.2995275504646334,0.25329310887621104,0.3165841118349226,0.23167334471254625,-0.0670811869791955,0.8007433898952679,-0.1494782244876005,0.23748185613203104,0.20139989749468296,-0.3158712650172188,2.986557940393098,0.23186034409903708,0.32442503573557896,0.13517220436994,-0.04067101922212293,0.4239009760371133,0.15650096618992287,0.07830411985752164,0.18591477250729393,0.8082229908110787,0.059215416294117376,0.2646065909233319,0.01666314298570357,0.27855405143926054,0.009286637237297555,0.24915814499235617
-0.005429422295622657,0.30571130509653366,0.28194119327073747,-0.11983205009452326,-0.2267122913705996,0.2799578515700731,0.1153796172200254,0.3532233758899941,0.06459550274017749,0.30183746927952654,0.2829390608322407,0.2693734387233082,0.17165309999815972,0.17749567261428414,0.20480798147056453,0.40686962762275447,0.3824058396533834,0.2820769784451448,0.146075816426872,0.38323267342767176,0.2557023905010767,0.18913659873841032,-0.178994096609152,0.17771390405887083,0.19348615989418924,0.4596190413434245,0.26555328491368796,0.8459909524441956,0.32465473248978943,0.25461389011487673,0.5455051992126227,0.13875619268265793,-0.27788892676500154,0.23186034409903708,2.4872872634421452,-0.038804066835271434,0.21774041100697092,0.1565014949155545,0.2571460459925309,0.45530346212909806,0.22697065857441853,0.34529998082362784,0.5667738646204863,0.128970981070932,0.5061672235118814,0.15953007846695236,0.3553021086080648,0.06792274801776228,0.5216344227266283
0.06578726305841698,0.2348885495006716,0.26618450698960056,0.11195951668972473,0.12374377869921065,0.12498871864196347,0.16051131605290744,0.11455106322463372,0.17344183083256165,0.1466635297636536,0.20317394263728003,0.11279886172138216,0.12236446336818398,0.17871609518670162,0.2019978119304547,0.17237483325080463,0.25586275048185914,0.17924801406054697,0.09083019825825271,0.3493262766482531,0.46465616874113563,0.34184502345899304,0.45207589016813526,0.28967000535870957,0.2520609264030087,0.027782669450542998,0.21277470294267542,0.24845144896177965,0.15380264760431198,0.3894726815772289,0.32304128806932747,0.17729456426379614,0.22710570851121845,0.32442503573557896,-0.038804066835271434,2.1345261131737883,0.4481359916062057,0.14704966177587472,0.31018232808931306,0.2164781473437767,1.1482484519742364,0.3926165972823184,0.469300487936718,-0.039162466499543705,0.8902528008193217,0.807752825578935,0.16822558326427056,-0.22750526639566815,-1.6858031112723448
0.07410001613335408,0.46404011352922253,0.3593241702880621,0.17836693742735796,0.1419219722146595,0.47343237120195325,0.017597970451874202,0.3785321660980036,0.1488066090658304,0.2499810893018254,0.3254346324847898,0.18742439052919652,0.11460813510984331,0.07612896456163179,0.3035936391757494,0.25505323011011316,0.4372728503716965,0.2558736137604952,0.41033074211976983,1.164614289360726,0.5800545482800149,0.3295837109137905,0.22233312612626346,0.31259520059035906,0.5641343399918067,0.3969454087561637,0.27143623502755043,0.46324178106287467,0.12394785601144587,1.1621614095509938,1.2363989239356,-0.038296051920699466,0.2393923618542269,0.13517220436994,0.21774041100697092,0.4481359916062057,5.846875274477551,0.7018226634481173,0.5382302857534469,-0.10775075955293384,1.1566924690572933,0.7148162067245566,0.8947341466420639,0.055643004426451724,2.460620677491582,0.9252418114223279,0.7891203856249438,0.08466986760346061,-0.2673779512090514
0.022661737974264445,0.20613696799768783,0.11105305758077488,0.08803480931486142,0.06364313911963611,0.2111108170052685,0.051434135686373735,0.17793081869230512,0.08343685715611893,0.05541435540527291,0.1553447967642413,0.10690413615351778,0.055615615474023196,0.11829502070547977,0.1093198861907317,0.12097257203852572,0.2095745832578443,0.007396066710703441,0.10555399504180192,0.7077786355813437,0.20843692648909673,0.17718780232708525,-0.08672432273883383,0.17595925881150154,0.14573402318626646,0.25098433152949,0.17488535617385872,0.2246737303646819,-0.009805618450548455,0.4302928742066489,0.3830430251968021,0.12346489300720734,0.22223453786672043,-0.04067101922212293,0.1565014949155545,0.14704966177587472,0.7018226634481173,1.209988052778176,0.13554388690952676,0.14460598993583146,0.31926505209895123,0.284989452582494,0.32178424772632197,0.03305035539246411,0.2530126793063607,0.2742421677961803,0.22909657490936333,0.06070604154642253,0.03695695559711226
0.03264156861108111,0.2264540627875114,0.13379771870564397,0.20590437216327662,0.24366536109966086,0.3881502209498813,0.152457636553819,0.34312699769890587,0.1720244706961134,0.2464415106457373,0.332232995850738,0.27601060638776476,0.13760807262740146,0.2121770678034156,0.2770175484054996,0.1967446690397689,0.32358960879114695,0.23534870379672926,0.3698698387293168,0.5118643195698899,0.3928769727856009,0.2302961580153248,0.47026204887077944,0.1616714796912786,0.3378042116422076,-0.2474942381803652,0.23441988269846845,0.11149695822118223,0.4740334857859611,0.333325212507749,0.20636207451668742,0.21384486627205168,-0.14383726008047795,0.4239009760371133,0.2571460459925309,0.31018232808931306,0.5382302857534469,0.13554388690952676,2.7548465270289086,0.9107991807468391,0.4960197722096173,0.22025701255352298,0.30894992958372375,0.13072756601700472,1.2843442270498233,0.3700234260947144,0.30874418795181424,-0.07023782791848895,0.0015037233711133063
-0.008632033449541976,0.09665174780020347,-0.024170685424206882,0.06156006641196911,0.07151113155595228,0.1769966619671962,0.05762827434812728,0.19177100634369085,0.051482847232538057,0.11662915366959892,0.173146527167851,0.1364064790087672,0.07964110583852038,0.11631544508233771,0.12390435670365747,0.15715914400726239,0.1761755068958793,0.13833807304639825,0.12303218636071173,0.29619705711980826,0.21410936117808718,0.1187222516624867,0.08931875200036436,0.06854967915032935,0.13028331809770569,0.0732436271449389,0.15345484425623804,0.1445589292846447,0.27645591711419903,0.07712049375124927,0.06922188098873373,0.11228330328801334,-0.150757492574843,0.15650096618992287,0.45530346212909806,0.2164781473437767,-0.10775075955293384,0.14460598993583146,0.9107991807468391,1.2459122880511873,0.16615344689160014,0.18795903404030767,0.355646648503566,-0.04848022966348242,0.7523089841103868,0.31132303803178035,0.15978498855814288,-0.006309454536686964,-0.20023785565538418
0.07996604213844247,0.3808995425936333,0.34472990060594255,0.11402868237356646,0.07402788343652,0.3141098493032452,0.07821406478139822,0.19946135264836481,0.17143346059033462,0.1732894444134139,0.27579084730150794,0.15399124129635855,0.09502277117923856,0.11624058705365611,0.27820241682300767,0.18156503747684968,0.3875111384475274,0.12470401019887697,0.22899181221527254,0.8392723826660574,0.7087876906857205,0.2984338278465953,0.21320848600536493,0.32266702543818687,0.2937581093251461,-0.09425714588053621,0.26842829117984013,0.48839446418571747,0.07051919097292922,0.6612089801226978,0.4987033722708721,0.06790549321818991,0.6224351268722245,0.07830411985752164,0.22697065857441853,1.1482484519742364,1.1566924690572933,0.31926505209895123,0.4960197722096173,0.16615344689160014,2.9658840546646204,0.5597552716082486,0.25588910643442436,0.08892667117342572,1.2870728803432459,0.9924441224338401,0.3461455753114045,0.0646960545140671,-0.8344045365496531
