1.115654913772826,0.18511801622351373,0.3326166754590481,0.0749200862173372,0.0786654874119304,0.08256985346168096,0.05813213543389741,0.09610485051451013,0.053115231967971105,0.05984585544437466,0.07424825463573637,0.09126463481624189,0.04189993797539514,0.055907425865220496,0.10650793722306086,0.038526945800917436,0.03523466292537657,0.13827156921116626,0.026457008743988902,0.048797715472480525,0.030372207736833717,-0.0029604181457396675,0.08024341394307732,-0.039503885493289356,0.07381555395963481,0.06762137354430266,0.05209670489924897,-0.013356914087173656,-0.033192485308725594,-0.015359408446940042,0.033706147965318525,0.017049126115967775,0.03584930128005062,-0.15653171802531474,-0.05002414985544368,0.04266483007533703,0.0241652242941934,0.06274737533398314,-0.04105301281558664,-0.05939534939259313,0.049777715104445376,0.023860925122830723,0.02129644029803122,0.039752418625612025,-0.013733911348788867,0.1022483574637643,0.03176353150791491,-0.038583630051574704,0.012252853336052583,0.022350963587416228,0.1196360913891653,-0.0629259040313474,-0.029276253123002485,-0.003068293326082764,-0.014957393909101174,-0.021796947005734982,0.05200019535295956,0.1364520991082916,-0.16140865695470125
0.18511801622351373,2.32100518405732,0.641885333784198,0.17386479294276824,0.23559416630838337,0.2802105310289387,0.3175554732774025,0.2462794145141789,0.2855196561880568,0.24283310613706302,0.27666899823691166,0.3553628083771383,0.18071456026995017,0.2931524086449526,0.5721725277898936,0.19918877661551646,0.31322592620970013,0.43918275239419563,0.04408080723296198,0.4227659383301155,0.2829727211107812,0.06655795012566985,0.22922703155537422,0.17348347068339992,0.20461161432986125,0.1462427679179985,0.2603937422537796,0.16627704518948883,0.23848409490466285,0.22136080176756817,0.2635327051089883,0.11435394513836533,0.23824013835222005,0.365933031272242,0.032309384741616994,0.43816467269145226,0.5046162067845691,0.21095501953316545,-0.0501813932518719,-0.14756848066397327,0.40504737806177665,0.27852860090983766,0.3069407351073942,0.11516368284435415,0.11989397038359795,0.2682195048486003,0.2856274758645658,-0.05235068075041073,0.3621739753255748,-0.039411065927505186,0.4342200907946876,-0.09263773946477281,-0.10165203973354067,-0.15263107811424353,-0.17658241826742158,-0.049390328248476716,-0.47906499484820425,0.24321749019819477,0.22854040859105215
0.3326166754590481,0.641885333784198,1.8083555535504985,0.1568711642105607,0.09662828959361816,0.40326214433523166,0.208720869751996,0.3800558188638848,0.46515524653188944,0.4507551086873754,0.31693653022342183,0.4012678257152846,0.18802346242395884,0.21049707625381694,0.2990828412898431,0.20496165126367064,0.33409143444071676,0.39112027340412203,0.3128186796118573,0.3042128585841906,0.2423024663161065,0.21792508417413925,0.317672120484684,0.24265790634286896,0.14362868369390955,0.24663967081544064,0.2731351671861546,0.15170650595228172,0.1595199671309921,-0.08042946537628763,0.29720002417780556,0.22540241824462084,0.27683797802406696,0.42108980742013413,-0.11173998174881247,0.5564229891048019,0.45692962632797723,0.18166681083127822,-0.21269983763278671,-0.40275020419087565,0.3635104743087216,0.23876585556849383,0.22536240363838272,0.1514593947209108,0.22607042885292614,0.4856927069618301,0.24101885211200355,-0.160493709786623,0.051301051686244936,0.04499017694527182,0.2958680216898279,0.034471962775180866,-0.08372200446303654,-0.18101562110629935,0.027133798786798106,0.08231111653247067,-0.13747265575049641,-0.04077867979210855,-0.11588144909545095
0.0749200862173372,0.17386479294276824,0.1568711642105607,1.176141877522279,0.5045899118550807,0.23814354013958072,0.26305339747887263,0.24328770675679734,0.09391954154735413,0.09379505360201022,0.17441025690862014,0.24626426002318663,0.18738582343525323,0.1811796612611339,0.2246583490392981,0.2113373563276868,0.18104385039897594,0.3009196749889028,-0.08874901383869746,0.25927761788583914,0.17209375143750147,0.06193122774316457,0.27097947011950946,0.18570889143330185,0.1425334993192198,0.17268602197878757,0.1609327215426876,0.06393023995836361,0.15207568017227308,0.10840634529561068,0.1725638698847693,0.12505069609197839,0.13722429811329512,0.3149671627270321,0.0354573834279271,0.2510491429121004,0.27022017021608086,0.12378581967248355,0.13178997250433125,-0.04693129267669992,0.16128045744027,0.17518560233307762,0.23731784495376235,0.1413365002115913,0.03188642522410677,0.11898040871445706,0.22496758371994094,-0.017397975891911343,0.27129857950204084,0.02996946614278892,0.03870225648311986,0.08949997058214182,-0.06351434230321666,-0.13698948338453382,0.10482147897201101,-0.04483906460508966,-0.28891091054870366,-0.00853173745088281,0.17352315349176536
0.0786654874119304,0.23559416630838337,0.09662828959361816,0.5045899118550807,1.137997183397585,0.1956984924933359,0.38015599611333456,0.31815207589941596,0.06681289030867649,0.09581795360422514,0.2070944625378202,0.2513493813489746,0.18876751893052074,0.22377181280980118,0.2719082963255189,0.242460413486712,0.17618612322963595,0.2512399535650905,-0.05962845285591397,0.1687331386103224,0.169564011879572,0.08471860213334062,0.27932737843160843,0.1650287410702108,0.10235234862687562,0.20740271290529258,0.15632318282698196,0.025597257090439644,0.1576441428973303,0.037241150285804846,0.11485176343104389,0.1810007688012484,0.048835360058852605,0.3629659545319921,0.034948925186554125,0.2876430795442626,0.12635833876463284,0.05479214221389667,0.05022459636577736,-0.009883576296483287,0.2081109557942113,0.17947685597944976,0.19735666625489662,0.10394800085652518,-0.06707401989222284,0.04323431135323275,0.16132563980858125,-0.010108126503570892,0.4847615441573493,-0.09471232183656293,0.13411171409351183,-0.06260917901788296,0.017411259241354945,0.03201644702724983,-0.029682524005108547,-0.05597000906306059,-0.192082560797207,0.061097735013261295,0.1687937346599682
0.08256985346168096,0.2802105310289387,0.40326214433523166,0.23814354013958072,0.1956984924933359,0.6650937509203444,0.10298433295042235,0.2811173416770078,0.2619088627884365,0.07272599322993624,0.21912668693819976,0.24029447878921986,0.16102349731498797,0.2213384779675412,0.21772767935256304,0.13756275208344337,0.23115916459305144,0.1707853958142304,0.10551620704650683,0.4536168586765177,0.22025675630039596,0.24808614255168834,0.10644885325554036,0.21306084413265372,0.10837519407127981,0.23312142441667372,0.2028651452009907,0.12818397457266895,0.2578618068101121,0.025791715846050424,0.25456771141686235,0.23766314173128744,0.1322511657239492,0.375634121687587,0.010150842338331386,0.1813697767768822,0.3282411266833035,0.23728779787599275,0.18084312404862335,-0.03265696503272513,0.1090334676755165,0.20818201951603377,0.3174271044192685,0.12608035791342515,0.1634187724695038,0.0707784634191274,0.2788255107475766,-0.04348386267354778,0.5005886953607338,0.2362565134286943,-0.5030815216648413,0.3368887789411371,-0.17568912409899476,0.026100858793342625,0.029608456532017307,0.03257045699413323,-0.12856414765003046,0.0516710817950632,-0.003896245897881579
0.05813213543389741,0.3175554732774025,0.208720869751996,0.26305339747887263,0.38015599611333456,0.10298433295042235,0.8945022072986907,0.23570942078043725,0.2053154162890424,0.1929479263670214,0.26851789820407257,0.3677934633101547,0.20814114707918563,0.23863280618507773,0.1454918237467124,0.33281354961768167,0.2849296292137606,0.25296134481939225,-0.027106545983562574,0.17936429812105484,0.2554881610749922,0.2733602088607235,0.2764662918389075,0.28794662532728305,0.1294920461949064,0.12521392392981437,0.2356827393434639,0.12024709803241122,0.08903279447646169,0.24718007733280314,0.2416706956847642,0.2136979195822019,0.3176211468327986,0.34341753273800724,-0.03703655268813126,0.4551432097054937,0.2172156139358045,0.09748346777952391,0.08929859564914973,-0.05919315103896179,0.3039426349195344,0.2581544324285325,0.3140574848129872,0.09889431005360245,-0.03507224280610152,0.17492004056751953,0.10960983156603277,-0.05462186922772453,0.5101448437458931,-0.1868066217906953,0.1731994933667152,0.008121660084091356,0.06375076403509133,-0.12852449141919142,0.055688244244536125,0.1100537069893595,-0.1531503338648522,0.03982926183506538,-0.11941149311006931
0.09610485051451013,0.2462794145141789,0.3800558188638848,0.24328770675679734,0.31815207589941596,0.2811173416770078,0.23570942078043725,0.7156791421715432,0.05479222611508475,0.1506442251009577,0.20719986551234285,0.1331514680304984,0.17241628132545747,0.22613037110314038,0.11882723311541238,0.16953366420178945,0.2193335359881955,0.24938920528451863,0.10520974692123693,0.3357634711259883,0.1608603760489302,0.10363829898402052,0.18473110475412063,0.15163175247106706,0.10767240030844806,0.193635318953592,0.17113856449212528,0.09228166266975081,0.18422868089075048,0.11777402661087566,0.18811794323331585,0.1658364069695791,0.09702639681607277,0.3259378950694183,0.039529929736298215,0.23093909516963507,0.2879442482326731,0.16891887115536483,0.1398146028440356,-0.009511644877758744,0.1901362957126302,0.16240622787709785,0.2820470393352606,0.133989885836139,0.126160766950692,0.1641529565437088,0.2839320646791814,-0.0427539084599339,0.41014214063525006,0.09974735271357689,-0.05700357509509426,0.11323699644075043,-0.05323954949435389,-0.05604812002710987,-0.0900789436552633,-0.014707847414018671,-0.014801630336137002,0.23271613012697476,-0.15563050377001403
0.053115231967971105,0.2855196561880568,0.46515524653188944,0.09391954154735413,0.06681289030867649,0.2619088627884365,0.2053154162890424,0.05479222611508475,0.9018350371317916,0.05265642841641907,0.22474788364944862,0.2333955995235543,0.11627515104049033,0.18252055774455267,0.05832472060697355,0.16166126159813957,0.1902578119101828,0.22820878991207016,-0.034373427878162575,0.2775286161373277,0.21265758160575285,0.0484583678842431,0.17125519658591493,0.2360920021702198,0.14148404515997615,0.21885545179649873,0.17922712608791874,0.11743142849614682,0.05936971980996026,0.11819430535068341,0.29001411299382546,0.1584632969665464,0.25238834031076973,0.2685371966185153,0.006506874029338663,0.2849433319556161,0.2858687047241452,0.1560116273202087,-0.02852858189935837,-0.14209755337493316,0.24608016351959838,0.20675140905068431,0.2552359922619426,0.09555600288492426,0.06992929338089417,0.14724294413323813,0.1826020549141361,-0.05266272390013951,0.3293012088473706,-0.04206460031629247,-0.057352606728612344,0.14044413406841427,0.00697487065381507,-0.04486959570869363,0.1761884275189461,0.17809459979256498,-0.1310720228363889,-0.15167657763937037,-0.08731297567075676
0.05984585544437466,0.24283310613706302,0.4507551086873754,0.09379505360201022,0.09581795360422514,0.07272599322993624,0.1929479263670214,0.1506442251009577,0.05265642841641907,0.7363225013127069,0.06910334025035651,0.1539060663968312,0.10168357555008577,0.20275390611584357,0.20940909523310766,0.20415810033547532,0.1761678298726316,0.22182808135459722,0.01804327963822434,0.17971481434776165,0.11750947682545196,0.028985388431206856,0.20825171214395746,0.13567732553417994,0.13463723514914072,0.11917118722204333,0.1504158407520288,0.0793945805166975,0.10381400639097998,0.1549185708113965,0.12739952531318546,0.11763288035859984,0.07473745006355388,0.2570609255237788,0.08267725402639882,0.32856682831751033,0.17646522368522838,0.08213477514086051,-0.024342456871532376,-0.06370139217146199,0.3057753728034005,0.13194462443417534,0.13190523014372246,0.10381634048538568,0.02429942707494417,0.18788669783723563,0.2195556570646657,-0.07064146839235284,0.3657415972277095,-0.1581453927822357,0.2314667530033576,-0.09862823740937678,0.0608286891976439,-0.010105662347384645,-0.07356743197422094,0.011112920783438084,0.006600577017554386,0.03124068752406891,-0.07002897809036639
0.07424825463573637,0.27666899823691166,0.31693653022342183,0.17441025690862014,0.2070944625378202,0.21912668693819976,0.26851789820407257,0.20719986551234285,0.22474788364944862,0.06910334025035651,0.45795310073731815,0.3216596414266368,0.1685424071971563,0.1892073634198194,0.23897974590673193,0.18698934519640156,0.22899932710632454,0.20204880336549272,-0.04615483329898695,0.31153329919348494,0.18511946349358982,0.06570592744507713,0.1955113411637313,0.19073508966707445,0.18185613784924679,0.18672125578908363,0.2105817976945581,0.10361992317435083,0.16554286245761005,0.11496598945349307,0.19662998759190023,0.17358897039916607,0.13688468566543965,0.30886561179355776,0.09046787370651918,0.30418569480074614,0.208065693606547,0.1515273883911547,0.08830707819279687,-0.027999671158152585,0.2017721302482441,0.18857965572305668,0.24134546285903177,0.09990185757119308,0.07588245452154296,0.16354326204113295,0.193679024550445,-0.05563700508190502,0.2929577180997209,-0.029889407596239263,-0.016525878547633002,0.05969179680403709,0.022822889903137286,-0.025697942163070697,0.03164707713659739,0.05003490517237129,-0.13034895593162335,0.04444178049954897,-0.09728578596978102
0.09126463481624189,0.3553628083771383,0.4012678257152846,0.24626426002318663,0.2513493813489746,0.24029447878921986,0.3677934633101547,0.1331514680304984,0.2333955995235543,0.1539060663968312,0.3216596414266368,0.7691285794978142,0.1585184764192379,0.23528314294022645,0.28802267027142014,0.25241676347866354,0.25441523217172096,0.26813854214018806,0.0010453162256360909,0.26631070344986113,0.20353961355942485,0.10088345705473684,0.3204999913877225,0.23073132703450563,0.22010600614168535,0.1855843288763733,0.28181730845596575,0.06600035032680701,0.19119379446500373,0.113321862741302,0.1487919806350585,0.22353587683790005,0.20695038542989422,0.34872924699800495,-0.03802846292774401,0.4618819778514297,0.17143713263580482,0.12702577675582932,-0.04840937196344745,-0.10901835890836457,0.3142049632584231,0.21109745347013645,0.2456102089923181,0.06708934204532138,-0.06473489825109403,0.21539138297222907,0.19320526962670737,-0.06885073506224584,0.6347229199467677,-0.3870268861127369,0.36893467785116685,0.032026172868146394,0.0812109533755785,-0.09723880476776982,0.056064922071006405,0.08597999333653837,-0.22921729899556265,0.038294968673095946,-0.1420420619902615
0.04189993797539514,0.18071456026995017,0.18802346242395884,0.18738582343525323,0.18876751893052074,0.16102349731498797,0.20814114707918563,0.17241628132545747,0.11627515104049033,0.10168357555008577,0.1685424071971563,0.1585184764192379,0.3584055968323715,0.15538758573530684,0.017372459713774074,0.1844269896752034,0.1449295237854339,0.15225565687386117,0.05424412463425983,0.18144453064396043,0.13561202482307663,0.12247339414379078,0.13193426945301867,0.14855125595791419,0.10591090745041158,0.15369842140953757,0.17274492387992108,0.08931209233409662,0.10484139598927968,0.07640282959427594,0.14370483746928067,0.15295842642144858,0.13357473917427604,0.22150253007410423,0.0577248039432026,0.21093402147657364,0.15477670168322322,0.08786877062708999,0.15974065897679177,-0.00540999924588385,0.13927878450338707,0.13605934964861663,0.1795388177899879,0.09652841330999072,-0.04130757151810428,0.12230682209803925,0.1363194707942694,-0.03954403088062341,0.2865347046225689,0.09672956653632842,-0.01765789875260797,0.000502233279647729,-0.029629046242683747,-0.05710661643268398,0.07460961515918349,-0.014572932065036097,-0.1120296161090006,-0.06284580658359162,0.08986657167654218
0.055907425865220496,0.2931524086449526,0.21049707625381694,0.1811796612611339,0.22377181280980118,0.2213384779675412,0.23863280618507773,0.22613037110314038,0.18252055774455267,0.20275390611584357,0.1892073634198194,0.23528314294022645,0.15538758573530684,0.6747142163524474,0.4620629103063362,0.22734740818213925,0.23473356299588588,0.15123808562695343,0.09496179207157773,0.3079623500730402,0.19902929410072753,0.12896814751663302,0.24565745400161665,0.19845246209335995,0.2256371958995833,0.2086529596961987,0.1548265269547898,0.09434652922939481,0.24746222469119755,0.21339136916262674,0.12864265822527787,0.1449404261547302,0.12633155097856097,0.33476479063692555,0.06389477330399436,0.3010637769524738,0.36485444229577585,0.14818235170534821,0.07449265741200675,-0.004235619133541243,0.33039533257181825,0.2051096681100895,0.3395139146557739,0.12469730864784598,0.10932733136478541,0.08599041994161717,0.2823021190663849,-0.033190417550392905,0.6743288476004448,0.026661156629221257,0.1216095206877614,-0.077462415522118,-0.0668186356389258,-0.007696178702638017,-0.19282450973562476,0.042697001648709404,-0.24147405828027413,0.2987380056111471,-0.002173473921523995
0.10650793722306086,0.5721725277898936,0.2990828412898431,0.2246583490392981,0.2719082963255189,0.21772767935256304,0.1454918237467124,0.11882723311541238,0.05832472060697355,0.20940909523310766,0.23897974590673193,0.28802267027142014,0.017372459713774074,0.4620629103063362,1.4320339363060697,0.16347054896372235,0.2750179089759855,0.09851163209436781,0.23130652111094904,0.240366150384571,0.20764663042286774,0.23179499422296937,0.35099473542945026,0.21621256885068668,0.28184956519669996,0.08089731876163231,0.1581985445910926,0.04783268761347085,0.3758553815247667,0.33670933278130566,0.03769973861073608,0.06447748069013497,0.19577953497618836,0.38341556712058056,-0.012394003141347908,0.3718637467362479,0.5308374557372192,0.10856732493630124,0.040333513788038775,-0.07397222974203603,0.4412460362458213,0.2116507842419158,0.3758539000743239,0.08710066054494928,0.24584691577004106,0.19617171876991704,0.29066640151301115,-0.027327619036229014,0.343787575037089,-0.3122213967135103,0.451946214580008,-0.01297598917440216,0.07548146115884113,-0.15172279431995478,-0.14890625796693255,0.10611250988711958,-0.521279658475737,0.289618076401841,0.08216078301377241
0.038526945800917436,0.19918877661551646,0.20496165126367064,0.2113373563276868,0.242460413486712,0.13756275208344337,0.33281354961768167,0.16953366420178945,0.16166126159813957,0.20415810033547532,0.18698934519640156,0.25241676347866354,0.1844269896752034,0.22734740818213925,0.16347054896372235,1.210988575885032,0.1576873424480708,0.1923337339447535,0.10232098797925089,0.18904985412436573,0.1624640970287159,0.11282096649976052,0.24669554164140323,0.1995366264383476,-0.04258677260175971,0.17035505114481744,0.3279956332703748,0.10378024005326959,0.04064546166975876,0.09877840057581684,0.10606111065067961,0.24799325725305518,0.1284391823765613,0.30474076546042433,0.0683146022585452,0.32864254310453045,0.19813155388442671,0.07791648579798018,0.2509532385696632,0.06366537267192426,0.22696472737011664,0.1857496494932079,0.32980351166677585,0.12634513034515982,-0.0629517588331683,0.02145906470194923,0.1516897653301935,-0.04259526431921991,0.6137592612527905,-0.14006718102500051,-0.06308647024195985,0.03073906898474311,0.020699759805027314,-0.003428347597275809,0.07649255778467696,0.03985154421686128,-0.26494684666635865,0.012427462801245903,0.11274419992890039
0.03523466292537657,0.31322592620970013,0.33409143444071676,0.18104385039897594,0.17618612322963595,0.23115916459305144,0.2849296292137606,0.2193335359881955,0.1902578119101828,0.1761678298726316,0.22899932710632454,0.25441523217172096,0.1449295237854339,0.23473356299588588,0.2750179089759855,0.1576873424480708,0.584275674315357,0.1610830540897055,0.1310455747576603,0.31200176429918547,0.23431353946364675,0.3465503297350447,0.18337531307492033,0.22446619318212624,0.20468270904210586,0.1367630570177151,0.20221682024605578,0.21621205357747544,0.1990808907727316,0.1941313498860604,0.20326963709791743,0.18378217867430696,0.25604848312424916,0.32701385184767895,0.08350324749873694,0.4007640285968701,0.4149428632968925,0.1776916964802134,0.11628717154973336,-0.012555454778076434,0.3120731612632822,0.2431076211658882,0.30870862662588233,0.11322678852464312,0.256306724522021,0.19329596492867754,0.28110087001592376,-0.050377656486399906,0.3544700560397049,0.13149827424217178,0.14691184113315003,-0.02609644357634891,-0.09279567456554148,-0.10148017951530618,-0.09932840662223738,0.009137862526269845,-0.16802305449742178,0.14235254767538788,-0.09075674296555301
0.13827156921116626,0.43918275239419563,0.39112027340412203,0.3009196749889028,0.2512399535650905,0.1707853958142304,0.25296134481939225,0.24938920528451863,0.22820878991207016,0.22182808135459722,0.20204880336549272,0.26813854214018806,0.15225565687386117,0.15123808562695343,0.09851163209436781,0.1923337339447535,0.1610830540897055,1.126496869506472,0.02574346419348695,0.20550581425424028,0.26782073150660635,0.08758822181388456,0.5753896649916034,0.13602394486697658,0.18447371389711328,0.4252766443647567,0.1531638316160598,-0.046584898843532695,0.09039604433219867,-0.07178384876576446,0.48230985699569745,0.20815569092498978,0.06472931922828744,0.37734624649567733,-0.09698173843000293,0.5344957699930799,0.1007261642820512,0.0901434212127383,0.13124902354505724,0.0023263877212798723,0.4141106043800356,0.25230985431631514,0.2510523540951525,0.10423684142916569,0.06907737150507597,0.23139001084462574,0.34474092999484773,-0.08351582295093614,0.3563598082714565,0.40875492670730607,0.6039714998305488,-0.5569922640417245,-0.24270226086396038,-0.13263465166783753,0.01713624723428433,0.07446778398870872,0.0018834712876541191,0.11048162147662072,-0.27463292083335855
0.026457008743988902,0.04408080723296198,0.3128186796118573,-0.08874901383869746,-0.05962845285591397,0.10551620704650683,-0.027106545983562574,0.10520974692123693,-0.034373427878162575,0.01804327963822434,-0.04615483329898695,0.0010453162256360909,0.05424412463425983,0.09496179207157773,0.23130652111094904,0.10232098797925089,0.1310455747576603,0.02574346419348695,1.2003634301734067,-0.324037585940364,0.08567797930224547,0.6301848630205229,0.0027686984867792315,0.07607282439419279,-0.045319897580202044,-0.06992485829934342,-0.005299152848448332,0.05173244622495356,0.1189556742538181,0.00864148818590095,0.08372819592228656,0.08290230981145036,0.27093227052115215,0.006467750160241793,-0.22162873582962023,0.18518727710909585,0.15701287297499145,-0.09396945640698187,0.09159057495830514,-0.0162815884148161,0.1629664570653315,0.04678636301898259,0.08153503136626021,-0.06670289832715576,0.20727387392556035,0.12425753841293932,-0.05885663191355229,-0.015230315390203301,-0.4243225146273487,0.29733666947159837,0.27052436807282043,-0.15461188439205323,-0.12736896415552593,-0.19810544329096605,-0.1435255055261548,0.042004813094762075,-0.08180671287035578,0.14115657704505574,0.013068031582239691
0.048797715472480525,0.4227659383301155,0.3042128585841906,0.25927761788583914,0.1687331386103224,0.4536168586765177,0.17936429812105484,0.3357634711259883,0.2775286161373277,0.17971481434776165,0.31153329919348494,0.26631070344986113,0.18144453064396043,0.3079623500730402,0.240366150384571,0.18904985412436573,0.31200176429918547,0.20550581425424028,-0.324037585940364,1.5914610816127936,0.2543566235425281,-0.31203617833456393,0.24416016151604,0.27837427388912034,0.24201046546285443,0.3010763837845351,0.3701001550359164,0.1848496374147088,0.22428146956005937,0.4004086328642553,0.2716323176182536,0.22716752398169507,0.029933390503133876,0.4750092306485552,0.33850760299236743,0.39209985021281785,0.5731771559030083,0.7129503726801735,0.3505773212560237,0.08209080867434236,0.27329425153783793,0.3044858412930372,0.47958962227857505,0.24595090568560765,0.02073518363229236,0.31470406492824665,0.3189479527708129,-0.1398780537959273,1.061512419896473,-0.036455222828646355,-0.4410656549929259,0.2418791736455411,0.07497215858063401,0.02734008916892224,0.04437882090116548,-0.04505192163820897,-0.11193472718021187,0.04037696958012229,-0.0031969531676308257
0.030372207736833717,0.2829727211107812,0.2423024663161065,0.17209375143750147,0.169564011879572,0.22025675630039596,0.2554881610749922,0.1608603760489302,0.21265758160575285,0.11750947682545196,0.18511946349358982,0.20353961355942485,0.13561202482307663,0.19902929410072753,0.20764663042286774,0.1624640970287159,0.23431353946364675,0.26782073150660635,0.08567797930224547,0.2543566235425281,0.4949074309223257,0.07318099726697788,0.20388557060917734,0.2214702570842765,0.2826316167786316,0.21459454904272857,0.16405905498806858,0.16421588579330773,0.18151384114713331,0.2524037825158349,0.2927518715722913,0.17381838321118126,0.2523151886711208,0.3450097431009123,0.1436400112758876,0.4366761756593636,0.45264455694492833,0.16147449465910477,0.23339700281570094,0.07399151698610236,0.43358036666625954,0.4286421829449841,0.335510492022529,0.07986147402913667,0.3495885976789846,0.17479794714018893,0.3089555161797157,-0.048137485093304996,0.34297327973667646,0.11866018813613023,0.10729664660914232,-0.09970976095369617,-0.04286825786928349,-0.05775559248200781,0.07492901969700874,0.01805051836311762,-0.1643759065615001,-0.004920424814628229,0.05164432201099196
-0.0029604181457396675,0.06655795012566985,0.21792508417413925,0.06193122774316457,0.08471860213334062,0.24808614255168834,0.2733602088607235,0.10363829898402052,0.0484583678842431,0.028985388431206856,0.06570592744507713,0.10088345705473684,0.12247339414379078,0.12896814751663302,0.23179499422296937,0.11282096649976052,0.3465503297350447,0.08758822181388456,0.6301848630205229,-0.31203617833456393,0.07318099726697788,2.904256459091705,0.1604145416339837,0.16988526271549836,-0.06068702654405436,0.31599979031975034,0.12839574712249752,0.05218052493326323,0.648979641403978,-0.1532131735211502,0.1137628778168301,0.5185887301246024,0.007611151598769544,0.610926334521144,0.031242933426849567,0.1279427489664279,-0.14731089594476152,-0.061128689173781066,0.6318222002539456,0.1634583201032334,-0.009298838016885334,0.051128114336828547,0.4247342740083015,0.08719161895209036,0.4947411707110028,-0.017339266997876145,0.19670393078362902,-0.020147089278177894,-0.24768790448709646,0.4322226494147673,-0.1347119357675602,-0.2670210270458168,-0.33161141101922,-0.1341486624018686,-0.018070599724794474,0.09052392311566275,-0.20478751931961373,0.08924297227043775,-0.1497629536970986
0.08024341394307732,0.22922703155537422,0.317672120484684,0.27097947011950946,0.27932737843160843,0.10644885325554036,0.2764662918389075,0.18473110475412063,0.17125519658591493,0.20825171214395746,0.1955113411637313,0.3204999913877225,0.13193426945301867,0.24565745400161665,0.35099473542945026,0.24669554164140323,0.18337531307492033,0.5753896649916034,0.0027686984867792315,0.24416016151604,0.20388557060917734,0.1604145416339837,1.392692268809114,0.3231343338425551,0.28874460854871614,0.13220459800049733,0.1745169503507624,-0.35540971397254223,0.41936646428183283,0.3066920904474441,-0.22240439188573957,0.17209306146320844,-0.02487249018109293,0.5210531237198509,-0.2918280416807549,0.8296049514002772,0.20440420969520523,0.06401647836704469,0.075742923911824,-0.11167141088195136,0.5156401327335336,0.21575565255865,0.3540397641013425,0.25764818498915704,-0.12863154905971041,0.3563230115452577,0.33506566711092967,-0.18088773387300996,0.8537855184707879,-0.4405590854569601,0.929453097112113,-0.5330126132877646,0.19643175619732348,-0.1088175909035742,-0.16731793493897523,0.00468806648497845,-0.19105292768593016,0.22868009665204023,-0.1110806754068204
-0.039503885493289356,0.17348347068339992,0.24265790634286896,0.18570889143330185,0.1650287410702108,0.21306084413265372,0.28794662532728305,0.15163175247106706,0.2360920021702198,0.13567732553417994,0.19073508966707445,0.23073132703450563,0.14855125595791419,0.19845246209335995,0.21621256885068668,0.1995366264383476,0.22446619318212624,0.13602394486697658,0.07607282439419279,0.27837427388912034,0.2214702570842765,0.16988526271549836,0.3231343338425551,0.653051961950624,0.32582521885180515,0.10961371579049752,0.19401916874042213,0.2171886243556768,0.26934831552333505,0.4703261934610434,0.3206431119211125,0.2650956701949328,0.5258159137923151,0.31881339955006927,0.10025054555277878,0.5204713137173109,0.37588268346746734,0.17329789207054175,0.05936908987359052,-0.11664101614492889,0.3828040125224112,0.2233830946395355,0.3031474473930158,0.1701255700059942,0.08995386378021379,0.1616324710671449,0.2853861727165945,-0.0677032320958509,0.6176321871015271,-0.17450464054753848,-0.023263663237137973,0.17862272540428953,0.07911497497931468,-0.07819101920177914,0.09452671616001147,0.021570402303295558,-0.08770954617687854,-0.1721180611924765,0.12077753721193958
0.07381555395963481,0.20461161432986125,0.14362868369390955,0.1425334993192198,0.10235234862687562,0.10837519407127981,0.1294920461949064,0.10767240030844806,0.14148404515997615,0.13463723514914072,0.18185613784924679,0.22010600614168535,0.10591090745041158,0.2256371958995833,0.28184956519669996,-0.04258677260175971,0.20468270904210586,0.18447371389711328,-0.045319897580202044,0.24201046546285443,0.2826316167786316,-0.06068702654405436,0.28874460854871614,0.32582521885180515,2.882257458990151,0.2031053851253687,0.1475026030676625,0.12876354173146465,1.4291413490045308,0.6093331805334125,0.12621068114710068,0.17776479508360182,0.11923268438341313,0.785407283513,0.2972069107784524,0.4594856873019389,0.6952829754089456,0.17717399427958797,0.6677802212454296,0.2407751804008324,0.4223604076389303,0.2653087273613158,0.3795555627492022,0.1624954487933297,0.8406205055584945,0.4525599749195559,0.5641047572106818,-0.18710544599722803,-0.40476671857534857,-0.5799044169209351,0.46215522449638197,-0.24725931783762636,0.31143143944921375,-0.037810627110472506,-0.048842123726830375,0.06659952701909091,-0.021539053082045668,0.06732003653475016,-0.1038414641255027
0.06762137354430266,0.1462427679179985,0.24663967081544064,0.17268602197878757,0.20740271290529258,0.23312142441667372,0.12521392392981437,0.193635318953592,0.21885545179649873,0.11917118722204333,0.18672125578908363,0.1855843288763733,0.15369842140953757,0.2086529596961987,0.08089731876163231,0.17035505114481744,0.1367630570177151,0.4252766443647567,-0.06992485829934342,0.3010763837845351,0.21459454904272857,0.31599979031975034,0.13220459800049733,0.10961371579049752,0.2031053851253687,2.170076686398478,0.2576092755138179,0.08571260180019385,0.10905950068519463,-0.684655634005378,0.33160272176594524,0.5235086182327129,-0.24099260589505236,0.47525279590709757,0.31725296172209644,0.13676671694239434,-0.2870190410281229,0.0967601665290836,0.35595444607835985,0.36688338897297873,0.3586322610912494,0.230272678718689,0.3386741199125751,0.10012847067126342,0.2616896893306748,-0.12142509018682163,0.13160036844427972,0.05413577236389705,0.9190393232277579,0.4802394314822237,0.210160890651281,-0.421345590242626,-0.29589579640226915,0.04992948512265072,-0.1326007920944261,0.016137381538553472,0.00906025455313469,0.26423563684809137,-0.2347366659561565
0.05209670489924897,0.2603937422537796,0.2731351671861546,0.1609327215426876,0.15632318282698196,0.2028651452009907,0.2356827393434639,0.17113856449212528,0.17922712608791874,0.1504158407520288,0.2105817976945581,0.28181730845596575,0.17274492387992108,0.1548265269547898,0.1581985445910926,0.3279956332703748,0.20221682024605578,0.1531638316160598,-0.005299152848448332,0.3701001550359164,0.16405905498806858,0.12839574712249752,0.1745169503507624,0.19401916874042213,0.1475026030676625,0.2576092755138179,0.49044716514763836,0.13932188446141325,0.1376012811698156,0.09404766441527704,0.15732711390066317,0.2804988701752017,0.13796832687280278,0.3275584650176924,0.11341521099775466,0.3530990015256863,0.1675888825050555,0.17305401348790636,0.17393463712304363,0.02846647590571088,0.1853140685029609,0.17998043899399724,0.3042504259282269,0.10190399310489465,-0.016139561819053017,0.1510528654695407,0.16459795022801377,-0.07527997536563003,0.585204527412411,-0.043313843729179395,-0.06447819745465856,0.07999495387742633,0.0012120900063536018,-0.014413335535251178,0.057584140989226956,0.028762971717826092,-0.06660164818948139,-0.003231351111705276,-0.06469412175415847
-0.013356914087173656,0.16627704518948883,0.15170650595228172,0.06393023995836361,0.025597257090439644,0.12818397457266895,0.12024709803241122,0.09228166266975081,0.11743142849614682,0.0793945805166975,0.10361992317435083,0.06600035032680701,0.08931209233409662,0.09434652922939481,0.04783268761347085,0.10378024005326959,0.21621205357747544,-0.046584898843532695,0.05173244622495356,0.1848496374147088,0.16421588579330773,0.05218052493326323,-0.35540971397254223,0.2171886243556768,0.12876354173146465,0.08571260180019385,0.13932188446141325,1.070455641627424,-0.2419595960682796,0.2783384658743861,0.48419623233621023,0.10327562315528939,0.5572516419531759,-0.0079636085715517,0.6668422306732238,0.3320447796752473,0.3381648890277271,0.1575631499345077,0.1528592892450474,0.04287968289909245,0.227554757576985,0.14117741546540716,0.24683797900622848,0.2544124991899337,0.4300890497480479,-0.09492525573147804,0.06830487372397376,0.02978380418034497,-0.0019486482566080051,0.34888383108406557,-0.5843424895288334,0.6126062394861337,-0.4571355356929058,0.043832842800828775,0.20378555689132175,0.003009670456000052,-0.022952867860978856,-0.24162337286959323,0.23152431086348596
-0.033192485308725594,0.23848409490466285,0.1595199671309921,0.15207568017227308,0.1576441428973303,0.2578618068101121,0.08903279447646169,0.18422868089075048,0.05936971980996026,0.10381400639097998,0.16554286245761005,0.19119379446500373,0.10484139598927968,0.24746222469119755,0.3758553815247667,0.04064546166975876,0.1990808907727316,0.09039604433219867,0.1189556742538181,0.22428146956005937,0.18151384114713331,0.648979641403978,0.41936646428183283,0.26934831552333505,1.4291413490045308,0.10905950068519463,0.1376012811698156,-0.2419595960682796,3.684325280705787,0.5878979716391916,-0.24200326094576324,0.3140032962962203,-0.4962969022249497,1.1992744011199505,0.11958516106291922,0.30350245553337735,0.43793822623850953,-0.0015326553981775167,0.24899053496536708,0.2058890151539984,0.04876217230210883,0.16052995208098644,0.2666903954731997,-0.0254452704704741,0.9711510755959745,0.4377626924944821,0.8374938072682003,-0.23359691944424799,0.7735393299691772,-0.2899703617965425,0.06557668822629019,-0.10020221408683318,0.11328221619390505,0.02383330849125635,-0.30017073055294213,-0.08060582641944714,-0.18959874398371473,0.4950760130994534,-0.18887794140628023
-0.015359408446940042,0.22136080176756817,-0.08042946537628763,0.10840634529561068,0.037241150285804846,0.025791715846050424,0.24718007733280314,0.11777402661087566,0.11819430535068341,0.1549185708113965,0.11496598945349307,0.113321862741302,0.07640282959427594,0.21339136916262674,0.33670933278130566,0.09877840057581684,0.1941313498860604,-0.07178384876576446,0.00864148818590095,0.4004086328642553,0.2524037825158349,-0.1532131735211502,0.3066920904474441,0.4703261934610434,0.6093331805334125,-0.684655634005378,0.09404766441527704,0.2783384658743861,0.5878979716391916,2.3090008708356167,0.13490802147750422,-0.05988602485858629,0.5367327865228587,0.14889154557323692,0.4114680261198892,0.4794853889210851,1.048306539734328,0.32519783804887703,-0.16108054339414754,-0.2693583416174259,0.9875544160934305,0.2615873187754543,0.8071136661402196,0.34190316425125833,0.6329977236026407,0.4155061533905418,0.7264340990568635,-0.14814342999541658,0.33747617728520696,-0.9640351291737941,0.25723176643720613,0.12219990831805454,0.5220088949743343,0.014613776970201397,0.09802038215602184,-0.11481799800131237,-0.26652168321337016,0.1818380450938557,0.06290678610010543
0.033706147965318525,0.2635327051089883,0.29720002417780556,0.1725638698847693,0.11485176343104389,0.25456771141686235,0.2416706956847642,0.18811794323331585,0.29001411299382546,0.12739952531318546,0.19662998759190023,0.1487919806350585,0.14370483746928067,0.12864265822527787,0.03769973861073608,0.10606111065067961,0.20326963709791743,0.48230985699569745,0.08372819592228656,0.2716323176182536,0.2927518715722913,0.1137628778168301,-0.22240439188573957,0.3206431119211125,0.12621068114710068,0.33160272176594524,0.15732711390066317,0.48419623233621023,-0.24200326094576324,0.13490802147750422,1.4983028235648794,0.2421261270210085,0.5852334844690601,0.17302198571159508,0.2838419018492981,0.4157554251700143,0.16618417560377527,0.22280832312327034,0.06145351306573963,-0.05165962493614709,0.3077759396714073,0.26326771121940445,0.21562734654750182,0.08297392565514385,0.24698477769137658,0.03660875083540954,0.2509639331240096,-0.0004433768933858431,-0.12178763068985829,0.6417821850998519,-0.5130151887645463,0.37153791095638944,-0.3625478610810884,-0.07033040386133907,0.2669353178713161,0.13055098892701886,0.10146956376498456,-0.2942212774674673,-0.05509798104453427
0.017049126115967775,0.11435394513836533,0.22540241824462084,0.12505069609197839,0.1810007688012484,0.23766314173128744,0.2136979195822019,0.1658364069695791,0.1584632969665464,0.11763288035859984,0.17358897039916607,0.22353587683790005,0.15295842642144858,0.1449404261547302,0.06447748069013497,0.24799325725305518,0.18378217867430696,0.20815569092498978,0.08290230981145036,0.22716752398169507,0.17381838321118126,0.5185887301246024,0.17209306146320844,0.2650956701949328,0.17776479508360182,0.5235086182327129,0.2804988701752017,0.10327562315528939,0.3140032962962203,-0.05988602485858629,0.2421261270210085,0.8374846391737971,0.0055659456030809976,0.4939377023931489,0.13611613363883504,0.3452401958291179,-0.26132630452924027,0.1332274797383831,0.26185963246655536,0.15735691252111653,0.18801291453777302,0.17143305090835526,0.2212087802346618,0.0866659876084864,0.1484649613726606,0.08825857921429668,0.21093991129197293,-0.07399158287048178,0.3405153902643536,0.2191143768800906,-0.04111860039835084,-0.020322971916289238,-0.14817553012506715,0.036741703259538926,-0.10160796399128855,0.032674160394597654,0.27918542604910884,0.02065803371131383,-0.30634597748539194
0.03584930128005062,0.23824013835222005,0.27683797802406696,0.13722429811329512,0.048835360058852605,0.1322511657239492,0.3176211468327986,0.09702639681607277,0.25238834031076973,0.07473745006355388,0.13688468566543965,0.20695038542989422,0.13357473917427604,0.12633155097856097,0.19577953497618836,0.1284391823765613,0.25604848312424916,0.06472931922828744,0.27093227052115215,0.029933390503133876,0.2523151886711208,0.007611151598769544,-0.02487249018109293,0.5258159137923151,0.11923268438341313,-0.24099260589505236,0.13796832687280278,0.5572516419531759,-0.4962969022249497,0.5367327865228587,0.5852334844690601,0.0055659456030809976,2.0248628102233797,-0.441205531191504,-0.40770760569610787,0.3854984785008608,0.8461109287536738,0.12244794246275316,-0.08463910914983172,-0.3678719929523996,0.49336199049563434,0.22153376182460088,0.2998425828501109,0.11103827962554713,-0.05777810756581318,0.1105684622245017,0.1380660080138457,0.04695776931761531,0.36542207929195863,-0.022940481978890852,0.15828510400029447,0.27636370541380106,0.016073158701650516,-0.37937524345437273,0.14485149383065107,0.0671067695219674,-0.22770016842988158,-0.15200031200863065,0.23331292671955323
-0.15653171802531474,0.365933031272242,0.42108980742013413,0.3149671627270321,0.3629659545319921,0.375634121687587,0.34341753273800724,0.3259378950694183,0.2685371966185153,0.2570609255237788,0.30886561179355776,0.34872924699800495,0.22150253007410423,0.33476479063692555,0.38341556712058056,0.30474076546042433,0.32701385184767895,0.37734624649567733,0.006467750160241793,0.4750092306485552,0.3450097431009123,0.610926334521144,0.5210531237198509,0.31881339955006927,0.785407283513,0.47525279590709757,0.3275584650176924,-0.0079636085715517,1.1992744011199505,0.14889154557323692,0.17302198571159508,0.4939377023931489,-0.441205531191504,2.2999343274150132,0.3614830786365594,0.512088371269277,0.5379890215036097,0.11870032737044756,0.40171870015781486,0.07632530348558637,0.5460020119733991,0.36497603870665407,0.7421964059898649,0.2746612273070538,0.7025849278304935,0.22628092992074575,0.6463088877186169,-0.08433189734736433,0.5363834369755185,-0.41897841012402554,-0.0361677613505777,-0.021766498185967896,0.17620707008433026,-0.01963678075804198,-0.027020416027874732,0.07452136932549591,-0.2323076881334878,0.08970081328694132,-0.02285514608720528
