1.0655357200599513,0.35860964630724196,0.3785918064648434,0.13634616352983653,0.2804660988143454,0.14403043880317415,0.303120470715687,0.20491461947632286,0.1504029880441505,0.1791657375733713,0.1968651560357221,0.22318062887450885,0.22859442366491997,0.23062476985083288,0.13276540500457892,0.1835951439726387,0.15630878589356703,0.2659656973794288,0.14563645385440907,0.089080600547703,0.18148872522725748,0.3504073863473345,0.19330413366771257,0.08879720085224603,0.18097987145604555,0.16147824426816354,0.15900634984686152,0.08329636251157332,0.15118757017525392,0.2260338584700962,0.1709839337024247,0.17459343813713438,0.18103475536244812,0.04222938937823109,0.12318740112889665,0.17401228651381354,0.25276848474585406,0.28608347366352155,0.19289136129323198,0.08743332432788381,0.21698833595405492,0.13862718129771176,0.19724438319157717,0.32586104645246594,-0.03764233900447543,0.2752097380543533,0.22386594190015802,0.01197905941025869,0.21633540241212404,0.07409831038359056,-0.03724052637666806,-0.2004288768708601,0.18087184002032627,-0.03056497882420444,0.04903459055837519,-0.04275313536560601,-0.0516907398194353,0.022639286349059613,-0.07493978179873255
0.35860964630724196,2.5185539746033077,1.0526930089639681,0.18206646646102845,0.1691814159863164,0.18127916130139593,0.2959046373340198,0.30396844152894154,0.2631073834792745,0.2737191287785746,0.2976065815890661,0.24720715962452294,0.271698618799033,0.16437362851637374,0.36196229981056294,0.15706698986794007,0.3201372769288171,0.31902640169470764,0.18750564982936677,0.2872570514049172,0.25682094650948617,0.2651220466285995,0.06584707696713475,0.0647513319871092,0.23070761442472393,0.3697664561018436,0.20240457244259596,0.2538905405678265,0.3853025505364225,-0.004273082749287648,0.23637415097428802,0.14203034168053055,0.199280890500422,0.43035108369609126,0.2584876373959143,0.23954228552836992,0.659513248350152,0.210322803376955,0.1856544490331744,-0.0037532450897800563,0.20915974782362534,0.24580830225285857,0.258684669189525,0.15145972428269383,0.31824976107636366,0.31826550191570047,0.16139237794720762,0.001258623608473011,-0.05027183271517167,0.03696583064340016,0.05063139979643531,0.06332271983515898,-0.009180173144916577,-0.13459585102601165,-0.5065852834413799,0.005260305842216403,-0.08176344394475099,0.520183801897083,-0.002619551991412076
0.3785918064648434,1.0526930089639681,2.3814640172590607,-0.01803412292644452,-0.15289106002678463,0.23578383753901955,0.10361302739469619,0.29818502049254364,0.3448081823280637,0.1563400112949233,0.22117217678151577,0.1948755429583593,0.1874718176458476,0.10938747844505149,0.2426334840580628,0.06542044097516773,0.3105500762580086,0.15839442118376448,0.11393086595884833,0.1419067869066456,0.19082031822670315,0.2719238456936974,0.04889938388095064,0.08332022743331131,0.19551068198340743,0.3045064793836474,0.10084743647175118,0.21056162882679252,0.25228851526825513,-0.49431948580088636,0.18239302097806145,0.11214316998292966,0.17168044512654768,0.3945674574858027,0.05295739464419926,0.2393700466332393,0.3995840564606701,0.1709117953756985,0.09785536361527453,-0.2934868576646801,0.10392235156394643,0.16206737518372605,0.028118519213370795,0.061006993755684295,0.23406863287401514,0.298112346627585,0.08485562878701858,-0.06852655391938564,-0.26543127022296487,0.10462916301517845,-0.00996293571693028,0.33826818343376386,-0.15225484451838878,-0.2332792566408281,-0.18975256240303848,-0.05183411557334863,-0.057175177419748036,0.20125309098065686,-0.012778098730615408
0.13634616352983653,0.18206646646102845,-0.01803412292644452,0.9666775847269482,0.6615437578725509,0.2976034914104619,0.3594408348154881,0.3501728904342092,0.13157191105613997,0.35146672646458754,0.30106670201891317,0.3099910928669615,0.33459172365403667,0.28667313017829577,0.23668793796147553,0.31315771541206394,0.24908538365347718,0.30042345626264266,0.30355039524804944,0.23409499097347636,0.2635383347361569,0.3802616465557796,0.27395558917322166,0.23394001060978034,0.2767357776358454,0.22018029999512032,0.23335712176880952,0.11309582469395925,0.3057441838209747,0.3169120635747957,0.2611723920196993,0.2264820506641105,0.18491788878468088,0.37756111219018174,0.28733213783014533,0.2645514645321167,0.4066233354727847,0.24020494046766822,0.31356701859284386,0.21574242360177645,0.31783010878575546,0.2513647897587633,0.2607881085531608,0.41734641758516383,-0.07932826121596089,0.33827497734883877,0.41493556122776315,0.022483446143152022,0.10496170368156794,0.15034424908691857,-0.15492720505137791,-0.3405369119750154,0.308757837577721,-0.010536477726838063,-0.06517595746289072,0.14077578916272251,-0.22782939746464478,0.12114951625285879,-0.03219411942228445
0.2804660988143454,0.1691814159863164,-0.15289106002678463,0.6615437578725509,1.3170633902041449,0.1947341977458837,0.38663701613644846,0.3329443447009114,0.03640355166252733,0.39140433954611203,0.2960120953343596,0.30142327882495196,0.37926452824112766,0.2699259317186319,0.2520926133144278,0.33568524941964845,0.21955792156554488,0.3165050587108406,0.4607723473629719,0.24505991573108687,0.2592946356762088,0.40253706363941405,0.29009317826857084,0.20773152179859014,0.2627544748308708,0.19389434828038682,0.2374471592807419,0.06363823765955923,0.3343210355083316,0.4911491048296241,0.25110829530256085,0.1877659977532729,0.21224819865339814,0.3360488594073992,0.3374927790968166,0.31756271626094246,0.3886076083301527,0.19567577380588413,0.3268180671879659,0.2455367095322789,0.3614356511768322,0.2770707544786128,0.23259925636703693,0.4410266608871979,-0.1831384066988071,0.3985085111090313,0.42064720468052885,0.025371817002610254,0.1443869121236209,0.20836643235607355,-0.18861352411382867,-0.6705813019518831,0.5293270452878703,0.01337138287787153,-0.10184684896228147,0.06772154799467135,-0.19254991599118082,0.1336690215094391,0.030371934385398914
0.14403043880317415,0.18127916130139593,0.23578383753901955,0.2976034914104619,0.1947341977458837,0.8182195338043848,0.10094476644520761,0.6156855135049596,0.2116927153048514,0.3144763430168128,0.4125914103705233,0.3172937947285553,0.3770809874390899,0.2468872715818143,0.2457887822651996,0.27052291433342884,0.38504891207927294,0.26261305303891525,0.36585950029818687,0.36214354467808846,0.33574650453103405,0.4597008863317718,0.20234669342846423,0.2290749943366452,0.31874465024381,0.3190399218830285,0.25839842269627933,0.16767962831011995,0.3837899262880777,0.09305149981097731,0.2844599745903846,0.22651850723952185,0.19690274375850006,0.46948410964075854,0.19114110207315954,0.2014111211727652,0.5395685180859617,0.38032595760183713,0.40186976134161434,0.22553014168490867,0.21579564136891852,0.2767432885931506,0.31890128084992847,0.40198669536153614,0.062242396016778646,0.3196292193919421,0.5958760331486826,0.006452558108362118,0.042227795362188715,0.26356993838887904,-0.22101489316966935,-0.11171273525856597,0.11918891597857546,-0.10845379089155155,-0.1939515668570236,0.01787685228185077,-0.209783643016378,0.26826756500958676,-0.011144059475361057
0.303120470715687,0.2959046373340198,0.10361302739469619,0.3594408348154881,0.38663701613644846,0.10094476644520761,0.665810311720712,0.1796194141207152,0.21555173641596617,0.19337820274963846,0.2578766416058975,0.3376710599219927,0.2896574907018325,0.11176489466640256,0.13088808285692655,0.2512570171874465,0.21075346896998343,0.3404352942320792,0.15517038128318636,0.11615155910306374,0.2262032843241686,0.3956090770114577,0.25705761599303417,0.1621180308705846,0.21955716283758459,0.2085264209989627,0.20979541932652201,0.0868811000871681,0.18998322419714853,0.21687722908445994,0.22971458324957467,0.1048060972575229,0.20960265813246412,0.20303567388270075,0.13963877223628107,0.24034000602296102,0.30481620568395296,0.22321460993625497,0.2337139266291432,0.15791641082653346,0.18749094616607492,0.18545698643116879,0.22929144902773838,0.3303744654664893,0.014808723260706261,0.26955347703913923,0.11962768822569521,-0.006145835089821537,0.2328595479268975,0.09284015947378897,-0.06458343256297042,-0.24513546693014454,0.22155785637676373,-0.03237570596219427,-0.03246783122611614,0.050612357170605235,-0.12314938756117172,0.058601672078537344,-0.022943213177522764
0.20491461947632286,0.30396844152894154,0.29818502049254364,0.3501728904342092,0.3329443447009114,0.6156855135049596,0.1796194141207152,1.0285527390245934,0.06613707366848254,0.48777709015219645,0.4572300498322674,0.216447167230801,0.4402930557379877,0.25882931550729227,0.31796143122989967,0.20337268572942271,0.47651484972269526,0.3647464825410832,0.36365636725353406,0.342422129906346,0.374325421302232,0.44923706954266385,0.24476304074716915,0.20317422383913597,0.3673087094630514,0.30427257261472607,0.24852023315575122,0.19826231490784088,0.3981353904799175,0.11723944200823688,0.31701435449560766,0.22197254924286905,0.2782445009889979,0.5599531225853193,0.21645434593652674,0.21074955197711556,0.6916059255881466,0.34901154779114363,0.5670725678534906,0.18997597821641063,0.29727703260233357,0.2796119057804997,0.3374208331349414,0.48679997351773,-0.011781007187336878,0.36485358234858456,0.7796087274193083,0.035531950312891504,0.024184213694992934,0.34698137422709413,-0.18738818960257522,-0.12583802579099387,0.13467038113864657,-0.20552609795726004,-0.2814926932834091,0.0014401010649961294,-0.1959245184714785,0.3495394296649512,0.000322229401804635
0.1504029880441505,0.2631073834792745,0.3448081823280637,0.13157191105613997,0.03640355166252733,0.2116927153048514,0.21555173641596617,0.06613707366848254,0.681059422931813,0.020307250709950347,0.12604168905658147,0.1940081582495016,0.15292063704068837,0.1340087034169223,0.029100642461167007,0.25830619871873467,0.13934282678301607,0.15610453148639986,0.10039702692722896,0.1172181229864639,0.15852752242800083,0.24546916931148302,0.1111815746072617,0.13555708613984102,0.12096189450330987,0.21103464600738456,0.13840753250198498,0.08917187497035758,0.1377933655966349,0.014889770173286136,0.1661331283771543,0.11646946200604086,0.0883808785988753,0.20957300808258422,0.13551279066790195,0.13036143472226658,0.21418207044981039,0.19079465303822254,0.13604721234960593,0.05258458510847909,0.08948914325724378,0.13715092724102843,0.15846414958301025,0.18127869033111402,0.10626912269410622,0.1552275774800322,-0.009458653018478818,-0.0022422793811725074,0.25545619023798266,-0.017397101729791833,-0.036011765725598145,0.025433116273309735,0.12481835740569272,-0.040618758918640974,-0.026770534997242024,0.0949134689444462,-0.13529537415146548,0.06389373354508215,-0.0704244672766492
0.1791657375733713,0.2737191287785746,0.1563400112949233,0.35146672646458754,0.39140433954611203,0.3144763430168128,0.19337820274963846,0.48777709015219645,0.020307250709950347,0.8451007512587669,0.4049204078566626,0.2811800337189758,0.37423248916763996,0.25520500670636603,0.3414772702140388,0.12195011475001094,0.38586851366654756,0.361111305452755,0.2573124048663393,0.2820297940117328,0.27448433505062075,0.35115174655989506,0.29810642418914574,0.2242771216458728,0.29988296896710354,0.18184154300035626,0.24102984927665605,0.19263473575545317,0.33047588452217685,0.3557430339772691,0.2887773798467395,0.22337617660521747,0.270646152796274,0.5022685694363197,0.34503028516151846,0.2392596104155226,0.569274344772043,0.2806238501164154,0.4262584955094137,0.2453544395628086,0.44500353079297794,0.2511971045667048,0.3385741142474209,0.5442647523977769,-0.1593201689630553,0.42308057100580626,0.8287240550649212,0.08238004225696019,0.06277098346150634,0.12540401140993088,-0.03912528862030685,-0.37693944975709465,0.2809624763844935,-0.05335747509735662,-0.08520730942930169,0.12454655045300561,-0.11259542339639882,0.10100701513708071,-0.11291120892978089
0.1968651560357221,0.2976065815890661,0.22117217678151577,0.30106670201891317,0.2960120953343596,0.4125914103705233,0.2578766416058975,0.4572300498322674,0.12604168905658147,0.4049204078566626,0.6307208351619408,0.3822860956089732,0.4624415856835239,0.21986618808001987,0.294154216371486,0.2617540281763043,0.49192128506189087,0.3032186896369781,0.2534720654757416,0.29478922407528424,0.30797588870046666,0.4294722367273587,0.23257697588326795,0.22153593714703648,0.3062255219377775,0.2962526302316025,0.2856944389337621,0.2171701153477971,0.3304384690438292,0.18780442895879482,0.302097729367274,0.2017485400132528,0.24381748509194776,0.41331842626572507,0.2904064438739853,0.25705905490793096,0.5374911415085536,0.3109431959711214,0.38700983153997126,0.2033635284756083,0.2972695881203189,0.2843203465781067,0.27436892140899993,0.4242343284236409,-0.042202627607518535,0.3815087578134326,0.57133342254429,0.025012604613459145,0.04819316470065695,0.19107602155765568,-0.10140406473067634,-0.19664912189198053,0.16474932269120754,-0.0991234316958044,-0.20036059251629446,0.025207431130409942,-0.14932524414691548,0.2258621673954792,-0.04119959933909849
0.22318062887450885,0.24720715962452294,0.1948755429583593,0.3099910928669615,0.30142327882495196,0.3172937947285553,0.3376710599219927,0.216447167230801,0.1940081582495016,0.2811800337189758,0.3822860956089732,0.6310964120155954,0.34260129915975207,0.1896999060356249,0.15726825118698476,0.2365854844663181,0.2982585189616854,0.3682358495059066,0.21717218161367838,0.17957792934686748,0.24567389906589843,0.4046265588037392,0.26089557116194617,0.16943802297101293,0.2838179612568553,0.2791596953125804,0.28451512160907194,0.09845495719530235,0.24980866892332435,0.14307351773426086,0.2724196459611892,0.184264687533139,0.20941865352843303,0.30473615261104586,0.1736937484658439,0.2755174146013302,0.3140843956384275,0.2772534501378725,0.22654743458770946,0.2058651480219221,0.22590023229573347,0.21666918288936815,0.262794054719959,0.3305644764035146,0.028338838226676922,0.3310954521807438,0.33997807067455155,-0.001105605630127203,0.13230769966838832,0.07169049521582051,-0.027184406184521795,-0.28332716807753994,0.2184070621237096,-0.020057491808686746,-0.04843761653716822,0.04145973884980991,-0.1168695819615244,0.10084285280422627,-0.13005099710499202
0.22859442366491997,0.271698618799033,0.1874718176458476,0.33459172365403667,0.37926452824112766,0.3770809874390899,0.2896574907018325,0.4402930557379877,0.15292063704068837,0.37423248916763996,0.4624415856835239,0.34260129915975207,0.7948888185060431,0.23183922064979914,0.07107231196076666,0.25812984478017903,0.4304320128128387,0.3900419693233809,0.3016008996935854,0.18223580258689587,0.3178016610354463,0.6463164388799667,0.2720194477371728,0.17756926430244946,0.25593098866786657,0.2596565167985003,0.30070509917581706,0.228922659997659,0.3089681980406585,0.24954140681591505,0.2965494316447227,0.2097861254592358,0.3062878065361229,0.35179996633335814,0.26673447553324986,0.24831276750799502,0.5386095004573566,0.31156483124147705,0.4685604887884527,0.19681569719593664,0.2996545963920278,0.2539569641625473,0.29457236487440486,0.57486030146757,-0.17929848046988936,0.3933755501457837,0.5612659488793676,-0.0005590896773534392,0.2879129331335168,0.3062454727675123,-0.06495381796047592,-0.3152451628316929,0.1418068031028906,-0.12803438618152121,-0.18195195405515255,-0.03530550968575124,-0.05228475574650323,0.1760190584601027,-0.011776063002674553
0.23062476985083288,0.16437362851637374,0.10938747844505149,0.28667313017829577,0.2699259317186319,0.2468872715818143,0.11176489466640256,0.25882931550729227,0.1340087034169223,0.25520500670636603,0.21986618808001987,0.1896999060356249,0.23183922064979914,0.567990391384414,0.1955596817319909,0.3683982862566042,0.2123622326369265,0.08928002853035576,0.16310187074379712,0.20260772941732663,0.1911647419229522,0.2793042790536243,0.13204129600341705,0.15436300867014066,0.22181104061412787,0.13905424119770446,0.17098173043270087,0.1138432088562951,0.25417326462620066,0.29853459368129676,0.1552510052024979,0.3995863838924201,0.09898566883538255,0.3249221640041119,0.353314740787097,0.16092783358221951,0.30965458029776727,0.22711687511833334,0.19249584182141832,0.1224031319112046,0.3483261350260479,0.2205426055232671,0.17104009775020174,0.342460976782163,-0.16085421677937128,0.2717050745963954,0.3983133781717041,0.055699817385280626,0.2990674045599707,-0.03239987243551611,-0.08247970770802147,-0.2848395684638706,0.3362121786619351,0.03828655008645864,-0.13185145525103606,0.016666608427051356,-0.19955366084808962,0.1970511032159723,0.025178435329419453
0.13276540500457892,0.36196229981056294,0.2426334840580628,0.23668793796147553,0.2520926133144278,0.2457887822651996,0.13088808285692655,0.31796143122989967,0.029100642461167007,0.3414772702140388,0.294154216371486,0.15726825118698476,0.07107231196076666,0.1955596817319909,1.058937343242966,0.1295658492352463,0.32598290677834646,0.0818194400335686,0.22032679370661798,0.30365970472043113,0.2027006644864048,-0.036134522562859824,0.2083986366307841,0.25888963291149303,0.3616338357250916,0.09465471041045458,0.1417005984559429,0.22483579677066992,0.35368026910024347,0.21513528754253403,0.179833590235218,0.1913397782526016,0.0746177598831196,0.487166942374028,0.3001687941250565,0.23044097348657408,0.3801372357880228,0.04432850627346676,0.2551591220377758,0.08198976587897801,0.34456004639924404,0.19893742236377415,0.1156693698548341,0.23053294257131995,-0.08706725062780346,0.3096351422423152,0.37750035383143576,0.07758769400773262,-0.19966536823344297,-0.012518460073550968,-0.1037808304947451,0.2138430225106016,-0.060565332235661275,-0.045431991363610334,-0.17364141884593495,0.15516043997261356,-0.37310962647434665,0.2024243574267952,0.13440952843402232
0.1835951439726387,0.15706698986794007,0.06542044097516773,0.31315771541206394,0.33568524941964845,0.27052291433342884,0.2512570171874465,0.20337268572942271,0.25830619871873467,0.12195011475001094,0.2617540281763043,0.2365854844663181,0.25812984478017903,0.3683982862566042,0.1295658492352463,1.5555236418086362,0.26753876733611603,-0.1349987853958556,0.12153350475528281,0.36077476679152964,0.2690122297064241,0.2715122103339163,-0.1409633897900865,0.22303381087382262,0.3382467672226745,0.10816421009024588,0.3585197742210591,0.1196227235497375,0.3826877271894313,0.4918225228577972,0.22310616521716464,0.16337411381052103,-0.09875124559270183,0.36636676669006557,0.774276818567194,0.22948555424364203,0.46617309992697825,0.1871619250723503,0.3402445607323726,0.262540567743257,0.2970062243539487,0.4483004155279817,0.21538534888132355,0.10175666265004363,0.23420779119912047,0.23299742296383524,0.2659305542586376,0.011833657984913292,0.14835352539254912,-0.17524999989154694,-0.36703626658230243,-0.2876388621469321,0.768513213915016,0.13080888815937078,-0.1462232208252602,0.005712322676990447,-0.4302394411014296,0.2700748375692433,0.18764163638268666
0.15630878589356703,0.3201372769288171,0.3105500762580086,0.24908538365347718,0.21955792156554488,0.38504891207927294,0.21075346896998343,0.47651484972269526,0.13934282678301607,0.38586851366654756,0.49192128506189087,0.2982585189616854,0.4304320128128387,0.2123622326369265,0.32598290677834646,0.26753876733611603,1.0861660456037858,0.12252433673673624,0.2347524194280835,0.420273906790484,0.30438717289878986,0.41293605350427587,0.07462457447329951,0.19978926097435726,0.3155557441160804,0.3605038541894357,0.3210441273214953,0.472046151664662,0.2757508125857026,0.1629621465592253,0.2957964334346422,0.21750622207692327,0.3196710562126852,0.4385996958721034,0.3813092583442754,0.21608570662156587,0.835801315159383,0.4524084046432268,0.2689321730421276,0.18978469760908298,0.3199121301248664,0.411138688605911,0.3561178246148291,0.3504708052181142,0.19023733488580394,0.37093132130687356,0.6907982450593186,0.04500330347378914,-0.028351862649482164,0.3069253400065175,-0.11156007607821841,-0.08805153474054374,-0.19058665946641554,-0.1138082220899385,-0.3931579122973176,0.039027123922482844,-0.13394417919710913,0.3796076364141537,-0.13522981078339527
0.2659656973794288,0.31902640169470764,0.15839442118376448,0.30042345626264266,0.3165050587108406,0.26261305303891525,0.3404352942320792,0.3647464825410832,0.15610453148639986,0.361111305452755,0.3032186896369781,0.3682358495059066,0.3900419693233809,0.08928002853035576,0.0818194400335686,-0.1349987853958556,0.12252433673673624,1.72246344808208,0.28287209902171245,-0.3149594839203471,0.35878101178118804,0.6607011873473092,0.9081741529641747,0.02533943997058529,0.28879915601886685,0.21320743430265712,0.2368634013171894,0.16984009785502704,0.2312254564508288,0.16241258147558701,0.5304421832232736,0.16133183233767315,0.5445695695674214,0.2998499901590431,-0.13640410289362084,0.4300489915267099,0.4495250252017141,0.26261183541029265,0.3495578353189939,0.18548805944917685,0.2931369590266144,0.03055668718540815,0.574128928062495,0.9114541004626613,-0.18608495571984335,0.507746343035266,0.5300871673207189,-0.04024655204377919,-0.13132266124137845,0.28226756347766807,0.4112220192424914,-0.4771137092498623,-0.18823189632189447,-0.19197745156649165,-0.06970046539819666,-0.009457462403460588,0.005353047579897746,0.13939456933699412,-0.12648441653691442
0.14563645385440907,0.18750564982936677,0.11393086595884833,0.30355039524804944,0.4607723473629719,0.36585950029818687,0.15517038128318636,0.36365636725353406,0.10039702692722896,0.2573124048663393,0.2534720654757416,0.21717218161367838,0.3016008996935854,0.16310187074379712,0.22032679370661798,0.12153350475528281,0.2347524194280835,0.28287209902171245,0.6916947621362143,0.25648640467285944,0.21358192276098303,0.32746232783499696,0.19533842759513825,0.14649348255320652,0.2125476139121104,0.18509561057848034,0.1966649147562236,0.26190208457245573,0.2549137142625885,0.0544543839903823,0.21064131081310264,0.2290723198708639,0.1416872242188826,0.2991195857049698,0.04394226777670168,0.2186148260078561,0.23596693095855928,0.25738010917874893,0.2506041625028558,0.15600943376728527,0.21704834236798948,0.15849473784795373,0.18035640760613716,0.24958281105163452,0.06326871656893872,0.26134399611701753,0.18426445483267426,-0.006425511274238422,-0.018079865111218497,0.09980394154793995,0.10927535095934496,0.3797197752503232,-0.49334876090367225,-0.0811351960420769,-0.09348598459155194,0.03410104773698266,-0.12785902112772926,0.13203303759498386,0.010920105754693718
0.089080600547703,0.2872570514049172,0.1419067869066456,0.23409499097347636,0.24505991573108687,0.36214354467808846,0.11615155910306374,0.342422129906346,0.1172181229864639,0.2820297940117328,0.29478922407528424,0.17957792934686748,0.18223580258689587,0.20260772941732663,0.30365970472043113,0.36077476679152964,0.420273906790484,-0.3149594839203471,0.25648640467285944,1.4191567223597892,0.16324926571440543,-0.010217493152723332,-0.08524819791367301,0.2630948726039689,0.20840698010050843,0.4441633727655543,0.31675700198699575,0.09909365851016776,0.4917252477917672,0.2576212756535119,0.09492002163122044,0.11994324252885746,-0.2866967191758136,0.5324298027544587,0.5719163150639268,0.162493784152816,0.536518350665041,0.3569352392473128,0.1598554895139791,0.4013288184189633,0.27002993155121835,0.43856847349131556,0.4062832318846176,-0.38220748748080524,0.9491883645197993,0.22506356933880564,-0.017158318758121335,0.07183986489515891,0.33688226992994014,-0.1416415618325577,-0.205052973261861,0.0318264307952715,0.18267533389183777,0.09292458405701173,-0.1065126961291303,0.09801108542847975,-0.1417113286378897,0.13637442494982646,-0.06840395630477483
0.18148872522725748,0.25682094650948617,0.19082031822670315,0.2635383347361569,0.2592946356762088,0.33574650453103405,0.2262032843241686,0.374325421302232,0.15852752242800083,0.27448433505062075,0.30797588870046666,0.24567389906589843,0.3178016610354463,0.1911647419229522,0.2027006644864048,0.2690122297064241,0.30438717289878986,0.35878101178118804,0.21358192276098303,0.16324926571440543,0.5182683241939016,0.3581097210661263,0.22289540248990128,0.19658902980580406,0.2617566876417007,0.21670230461450046,0.23295534011465732,0.23644733048264238,0.2767022499259672,0.27044449794041164,0.3417602045734995,0.1747642325057347,0.3963728835680403,0.32939895699075905,0.22681340516896617,0.24856685677175408,0.6771280617066261,0.44974710314377964,0.41488505281820853,0.25030852643255697,0.2917588807058641,0.28116662421183347,0.46803702503265665,0.532899543863114,0.2191399797152991,0.32784943675699735,0.4950167914392453,0.0634109811255522,-0.010556713214450947,0.23854291270352695,-0.14633660370738927,-0.1907082464633783,0.1689642295357535,-0.09612407631773412,-0.161388704793961,-0.016099218311037413,-0.2590134099625056,0.24528100791099702,0.09764442169330191
0.3504073863473345,0.2651220466285995,0.2719238456936974,0.3802616465557796,0.40253706363941405,0.4597008863317718,0.3956090770114577,0.44923706954266385,0.24546916931148302,0.35115174655989506,0.4294722367273587,0.4046265588037392,0.6463164388799667,0.2793042790536243,-0.036134522562859824,0.2715122103339163,0.41293605350427587,0.6607011873473092,0.32746232783499696,-0.010217493152723332,0.3581097210661263,2.2643401935544776,0.5603994749496132,0.19740732779296588,0.30442654576358325,0.29102707534756844,0.298197148781989,0.2496615177490026,0.08588955401907322,0.42992330661578565,0.3580754983054461,0.2565336381634283,0.6440087450714659,0.32232620712871973,0.193906066114158,0.31753969846301705,0.7189790224747907,0.6447779720012413,0.46079903103095554,0.2613757239954258,0.2697879519121096,0.3386585899979911,0.3560246988000484,1.2160110529857704,-0.7517121459116284,0.6356259710960046,0.5760966892305436,-0.2643642900571492,1.1232478560025438,0.36330220839926597,-0.058232794588433896,-0.5782690009319,0.39422567704621786,-0.2011854206791155,-0.09958948980045862,-0.01946600082285207,-0.03361926155473346,0.1333789607149044,-0.09857147740927077
0.19330413366771257,0.06584707696713475,0.04889938388095064,0.27395558917322166,0.29009317826857084,0.20234669342846423,0.25705761599303417,0.24476304074716915,0.1111815746072617,0.29810642418914574,0.23257697588326795,0.26089557116194617,0.2720194477371728,0.13204129600341705,0.2083986366307841,-0.1409633897900865,0.07462457447329951,0.9081741529641747,0.19533842759513825,-0.08524819791367301,0.22289540248990128,0.5603994749496132,1.4423635538037227,0.3675489689205349,0.3239219639925622,0.06304114458000243,0.09086141248735899,-0.1125099996925328,0.30594395950465053,0.31343463734608784,0.14794278845936984,0.1627587776268572,0.30769017258999953,0.3023416262908242,-0.1489971181048322,0.4044302410323451,0.05736549791391926,0.17317279401197908,0.22510841701751105,0.24274701730299514,0.4485624635352353,0.02240697278529864,0.3323656966819951,1.0671308694003754,-0.7703033884643705,0.5033178367007916,0.4892269998735762,0.015203863646964173,0.2365206163174331,-0.03302644428979482,0.2618316686931564,-0.4113577021935146,0.13521646414897526,-0.04215700996061526,0.12928520808292618,0.11817617501424912,-0.1617050008030765,-0.18397612206122393,0.10363381296937958
0.08879720085224603,0.0647513319871092,0.08332022743331131,0.23394001060978034,0.20773152179859014,0.2290749943366452,0.1621180308705846,0.20317422383913597,0.13555708613984102,0.2242771216458728,0.22153593714703648,0.16943802297101293,0.17756926430244946,0.15436300867014066,0.25888963291149303,0.22303381087382262,0.19978926097435726,0.02533943997058529,0.14649348255320652,0.2630948726039689,0.19658902980580406,0.19740732779296588,0.3675489689205349,0.7536252143638572,0.27959993942640515,0.05689843448318268,0.12261686378054942,0.12045579187751218,0.16415897089131695,0.3099778318467561,0.31055013670600984,0.09656756241486678,0.10029352340619535,0.11284261014984745,0.22548311957582653,0.2567910632408486,0.32403086207010606,0.23610235830868193,0.22214195292350244,0.17199275728958918,0.3430273188601026,0.1790158570667022,0.06794352674177889,0.41409625627813,-0.288392711665323,0.293431782743723,0.30556178570122994,0.04893125768769936,0.053665413804773764,0.02297884158926927,-0.16065091048384997,-0.0194677021854346,0.2013284599625342,-0.014057530428037238,0.3160630716099742,0.21039684232802564,-0.28478883882132666,-0.45710704985036993,0.30962380408985984
0.18097987145604555,0.23070761442472393,0.19551068198340743,0.2767357776358454,0.2627544748308708,0.31874465024381,0.21955716283758459,0.3673087094630514,0.12096189450330987,0.29988296896710354,0.3062255219377775,0.2838179612568553,0.25593098866786657,0.22181104061412787,0.3616338357250916,0.3382467672226745,0.3155557441160804,0.28879915601886685,0.2125476139121104,0.20840698010050843,0.2617566876417007,0.30442654576358325,0.3239219639925622,0.27959993942640515,0.89316764502699,0.12181682871540372,0.2430333678275633,0.08910045983032569,0.4318043030682655,0.19811330545020409,0.2938799044686343,0.16721167307990017,0.1251496488884892,0.5329417868805465,0.32321032869339655,0.28162241028314305,0.3664860862262275,0.13009097852329152,0.3457063895557273,0.16271636082237306,0.2908507130807694,0.21805064323628617,0.23684070206528335,0.40707096068350473,-0.07829749146145805,0.4303415299944271,0.42935055857473114,0.011709686499176506,-0.10878325438384082,-0.046649593945004904,-0.02589639179252463,-0.19247022860998403,0.35147495642896265,-0.040106280665038865,-0.08752276410119812,0.07220695018481625,-0.25845152271863553,0.11397059800362869,0.07428918304616511
0.16147824426816354,0.3697664561018436,0.3045064793836474,0.22018029999512032,0.19389434828038682,0.3190399218830285,0.2085264209989627,0.30427257261472607,0.21103464600738456,0.18184154300035626,0.2962526302316025,0.2791596953125804,0.2596565167985003,0.13905424119770446,0.09465471041045458,0.10816421009024588,0.3605038541894357,0.21320743430265712,0.18509561057848034,0.4441633727655543,0.21670230461450046,0.29102707534756844,0.06304114458000243,0.05689843448318268,0.12181682871540372,1.7127698691126014,0.22345638622975383,0.20606679551682136,0.12893338186231956,-0.2969556933977238,0.14202578152258388,0.12451009925712354,0.16271773860433644,0.36747677539208434,0.1855339170279373,0.1818751221808387,0.1735201350108279,0.1830395705026533,-0.38734236156151625,0.20218482219979056,0.09639765495704218,0.407356628404495,0.5126756398183137,-0.16768746219088287,0.8591638862401502,0.1357291106550979,-0.2285738002026935,-0.03282535319953773,0.0036465225702489138,0.15818068883893446,-0.08735622405091975,-0.13513008758940834,-0.2542686871426428,0.026640607763123554,-0.10963415873781274,0.004505718574671759,0.012774903623393128,0.19863530733147336,-0.1913035034560059
0.15900634984686152,0.20240457244259596,0.10084743647175118,0.23335712176880952,0.2374471592807419,0.25839842269627933,0.20979541932652201,0.24852023315575122,0.13840753250198498,0.24102984927665605,0.2856944389337621,0.28451512160907194,0.30070509917581706,0.17098173043270087,0.1417005984559429,0.3585197742210591,0.3210441273214953,0.2368634013171894,0.1966649147562236,0.31675700198699575,0.23295534011465732,0.298197148781989,0.09086141248735899,0.12261686378054942,0.2430333678275633,0.22345638622975383,0.7574791876095398,0.2144769256737881,0.2663740774418892,0.2400910714876422,0.2741367829190626,0.22003335200876356,0.07215682007380957,0.2754845247593553,0.35051812942262733,0.33087295219910867,0.3931485918321988,0.36803880125432253,0.2124879319464394,0.27139844534211655,0.3455690371321638,0.26277532204198334,0.47220196598952996,0.012550820367092524,0.4618241024109311,0.27161093690038046,0.2137847350734121,0.010572330804795901,0.06445432254815506,-0.015495472494571375,-0.09737808287170845,-0.038410656562536324,0.0112662552045258,0.07175273068597238,-0.07727524515053473,0.013700499570489745,-0.09294545641251617,0.15624632200351513,-0.09176884661606306
0.08329636251157332,0.2538905405678265,0.21056162882679252,0.11309582469395925,0.06363823765955923,0.16767962831011995,0.0868811000871681,0.19826231490784088,0.08917187497035758,0.19263473575545317,0.2171701153477971,0.09845495719530235,0.228922659997659,0.1138432088562951,0.22483579677066992,0.1196227235497375,0.472046151664662,0.16984009785502704,0.26190208457245573,0.09909365851016776,0.23644733048264238,0.2496615177490026,-0.1125099996925328,0.12045579187751218,0.08910045983032569,0.20606679551682136,0.2144769256737881,1.3030071595588077,-0.09266675111043289,0.15569361013411348,0.28857092003764123,0.2557499675273266,0.5497912731402497,0.18284579504162218,0.44035853208385256,0.1073187607721677,0.8613746237940773,0.45491756720028165,0.19305900605109597,0.12625843556926716,0.19271924205454902,0.2475773902573959,0.3270523620761782,0.5641323774674221,0.1577140474322318,0.2292786778560799,0.2935226119873021,0.09434265987153169,-0.08689995455479893,0.2637665023994471,-0.10913055467142595,1.1047803173780169,-1.3925020571899498,-0.05239785328260718,-0.05741867684535023,0.002599774847540339,-0.08987282826483659,0.02035976273480786,0.22882418947191804
0.15118757017525392,0.3853025505364225,0.25228851526825513,0.3057441838209747,0.3343210355083316,0.3837899262880777,0.18998322419714853,0.3981353904799175,0.1377933655966349,0.33047588452217685,0.3304384690438292,0.24980866892332435,0.3089681980406585,0.25417326462620066,0.35368026910024347,0.3826877271894313,0.2757508125857026,0.2312254564508288,0.2549137142625885,0.4917252477917672,0.2767022499259672,0.08588955401907322,0.30594395950465053,0.16415897089131695,0.4318043030682655,0.12893338186231956,0.2663740774418892,-0.09266675111043289,2.2556643895825235,0.2359434754880824,0.06506474615779548,0.2584497475318252,-0.2988395558099616,0.6849110576117413,0.4161810434871636,0.6545932978987605,-0.17797421450948578,-0.27891573537813474,0.37470794452762585,0.11543688148786732,0.46182437747850397,0.17019066059386903,-0.04968129110221456,-0.382433841384569,0.22871827474190967,0.34377139250339356,0.40400434993695983,-0.12190804940392982,0.05281953754622623,0.0377095975132664,-0.18483709013091615,-0.31006519199093735,0.24082144737861474,0.10113556305963084,-0.2757618360462114,0.03209459582254121,-0.31887568935968835,0.30018656456493775,0.17034070397118106
0.2260338584700962,-0.004273082749287648,-0.49431948580088636,0.3169120635747957,0.4911491048296241,0.09305149981097731,0.21687722908445994,0.11723944200823688,0.014889770173286136,0.3557430339772691,0.18780442895879482,0.14307351773426086,0.24954140681591505,0.29853459368129676,0.21513528754253403,0.4918225228577972,0.1629621465592253,0.16241258147558701,0.0544543839903823,0.2576212756535119,0.27044449794041164,0.42992330661578565,0.31343463734608784,0.3099778318467561,0.19811330545020409,-0.2969556933977238,0.2400910714876422,0.15569361013411348,0.2359434754880824,3.838823080204171,0.23629471643118308,0.05332079622033036,0.2485249979552447,-0.07289713850047116,1.2376261404763693,0.2194602287450049,1.32327167740295,0.6951295707554571,0.7894969268664556,0.32455016867405484,0.9654044450625335,0.3767045470132265,1.3421602578728258,1.4278114377393918,0.07851182039884876,0.5901599156088442,1.1381284848544129,0.29828596241791494,0.666884178708207,-0.09036680065562623,-0.2327155714794345,-1.6582360387507553,1.6627389108351807,0.19372811786567856,0.21065528093546296,0.08579471277390564,-0.11218825745707801,-0.04362957234842952,-0.11706853969962477
0.1709839337024247,0.23637415097428802,0.18239302097806145,0.2611723920196993,0.25110829530256085,0.2844599745903846,0.22971458324957467,0.31701435449560766,0.1661331283771543,0.2887773798467395,0.302097729367274,0.2724196459611892,0.2965494316447227,0.1552510052024979,0.179833590235218,0.22310616521716464,0.2957964334346422,0.5304421832232736,0.21064131081310264,0.09492002163122044,0.3417602045734995,0.3580754983054461,0.14794278845936984,0.31055013670600984,0.2938799044686343,0.14202578152258388,0.2741367829190626,0.28857092003764123,0.06506474615779548,0.23629471643118308,0.855686069251029,0.11736400657992042,0.26507190167175343,0.21565216457124772,0.2731151786079309,0.3985648347591423,0.6856390257069681,0.4138968740889086,0.3868116391315303,0.14869504505779424,0.2976505031900235,0.21842459562244054,0.22694205044399768,0.4835379433988045,0.06733349847943687,0.40817493021637824,0.49619440173753,-0.002582585080607762,-0.34571854045586037,0.24907337487774403,-0.0752755768039604,-0.15221868647434292,0.10667399161844729,-0.13902830503231314,0.03763195197503878,0.08097693577825503,-0.11949077438129091,-0.03250295273658809,0.018796239038263943
0.17459343813713438,0.14203034168053055,0.11214316998292966,0.2264820506641105,0.1877659977532729,0.22651850723952185,0.1048060972575229,0.22197254924286905,0.11646946200604086,0.22337617660521747,0.2017485400132528,0.184264687533139,0.2097861254592358,0.3995863838924201,0.1913397782526016,0.16337411381052103,0.21750622207692327,0.16133183233767315,0.2290723198708639,0.11994324252885746,0.1747642325057347,0.2565336381634283,0.1627587776268572,0.09656756241486678,0.16721167307990017,0.12451009925712354,0.22003335200876356,0.2557499675273266,0.2584497475318252,0.05332079622033036,0.11736400657992042,0.9848907572021537,0.058893170639157374,0.3472500762012318,0.12966586209757144,0.1604593372559616,0.09659054747372657,0.3534522846085453,0.172500972302195,0.0661083571970656,0.33467910919482463,0.15917880573780002,0.09190875831480684,0.2792292373103891,-0.11359572731827217,0.2277036916904545,0.3207403437498406,0.035997191480367556,0.17793380598869502,0.001970694253633028,0.03649389850197964,0.3433314882060332,-0.5118536593916005,0.02648685954977286,-0.10543708876891475,0.004323278410712892,-0.11121377682226391,0.15170197664349602,-0.029689928108025725
0.18103475536244812,0.199280890500422,0.17168044512654768,0.18491788878468088,0.21224819865339814,0.19690274375850006,0.20960265813246412,0.2782445009889979,0.0883808785988753,0.270646152796274,0.24381748509194776,0.20941865352843303,0.3062878065361229,0.09898566883538255,0.0746177598831196,-0.09875124559270183,0.3196710562126852,0.5445695695674214,0.1416872242188826,-0.2866967191758136,0.3963728835680403,0.6440087450714659,0.30769017258999953,0.10029352340619535,0.1251496488884892,0.16271773860433644,0.07215682007380957,0.5497912731402497,-0.2988395558099616,0.2485249979552447,0.26507190167175343,0.058893170639157374,2.304155794817894,0.048571698802757704,-0.5089503545914211,-0.10195380325975109,1.1550770237997838,0.5318737087838321,0.08762276208563963,0.12784657904883284,-0.3985348055848074,0.2972711725652908,0.6403317597483764,1.164000694876448,-0.7604227011625033,0.48424169877520096,0.9298794017431022,0.11550916362478908,0.22485127026450114,0.44638963052570535,-0.12331902669959481,-0.44407567358282907,0.35298404837307484,-0.38985882395808713,0.08244650926033463,-0.08602122607225253,0.08207507440679662,-0.05471851273962884,0.04219813559523555
0.04222938937823109,0.43035108369609126,0.3945674574858027,0.37756111219018174,0.3360488594073992,0.46948410964075854,0.20303567388270075,0.5599531225853193,0.20957300808258422,0.5022685694363197,0.41331842626572507,0.30473615261104586,0.35179996633335814,0.3249221640041119,0.487166942374028,0.36636676669006557,0.4385996958721034,0.2998499901590431,0.2991195857049698,0.5324298027544587,0.32939895699075905,0.32232620712871973,0.3023416262908242,0.11284261014984745,0.5329417868805465,0.36747677539208434,0.2754845247593553,0.18284579504162218,0.6849110576117413,-0.07289713850047116,0.21565216457124772,0.3472500762012318,0.048571698802757704,2.2583865197553585,0.8365768478136956,0.15970801734230855,0.7692074484176655,-0.09495095472178082,0.4217631987356044,0.14674553607848068,0.3887819589420316,0.40991506829355473,0.5953642736062845,0.5377827086260482,0.40841736522278266,0.4290248155325186,0.6825753959039776,0.07637936292342429,0.0556085394606285,-0.31217694647772987,0.024453207800050874,-0.38043753875796177,0.5877154721303577,-0.053948016053047464,-0.45743003643125857,0.08479852323220365,-0.4228971515507986,0.44185907396783686,0.26308830434664165
