1.104229545289664,0.23199157263843923,0.4358902076082376,0.05319707645782135,0.05752854867306065,0.07177674835946385,0.11311724329828418,-0.030886514327840425,0.09388924962804401,0.10403759158871777,0.021451598443078528,0.08714298744245232,0.028013116014931335,0.020361507223542682,0.043760911109128005,0.03641136819670306,0.03783101752907227,0.061954603309717,0.03540442811761019,0.010268336391776222,0.06079019571607745,0.04250011808669435,0.02626802845136639,0.03455754896440505,0.017556087419503714,0.009390225798615492,0.05097320250394614,0.037003236938937124,0.004433587813655741,-0.04751706053601523,0.04874823285054985,0.028183658224999734,0.0718886562903415,-0.07603631392989801,-0.00534738776325297,0.05320392585092764,0.06916660051309331,0.020278273333206604,0.013356363345177603,-0.012378312118832297,0.07403954548553039,0.04138669517299943,0.022407087082973058,0.011506803547019252,0.07834998509646057,0.07539896751730846,-0.005758918253210511,-0.004975795582319045,-0.0839687029123904,0.04255251514723382,0.0021123994248739633
0.23199157263843923,1.6291236475841198,1.3989281382331271,0.1067943070649057,-0.08420391248046491,0.41537257946533324,0.2981058377569138,0.24161971090428305,0.37661794806722004,0.3295567826545743,0.22075103774542393,0.19837884953671567,0.10113286859316381,0.04640906920208371,0.2719005396490777,0.06363339095369577,0.26516307899766667,0.3944712326820359,0.09225708095226613,0.5570081930242862,0.27115206661599134,0.1494644050205433,-0.016126474975740785,0.11527056580271505,0.18072496951302372,0.22961620734447566,0.23038564143519427,0.2679110860904725,0.1000808181617715,0.05219082451535047,0.3685437219517656,0.0013380814381729366,0.2381811510657057,0.1877102041330084,0.3056455588411274,0.29745271567593035,0.5849355142408348,0.2719224781565525,0.28993934584144093,0.11285040246340625,0.40848883800125124,0.24911950049158002,0.2796581625586258,0.052337918089238676,0.7063930282604034,0.3641092997572982,0.21906101387351223,-0.01978860402559625,-0.35363045619763217,-0.09915269882831199,-0.07651195392608953
0.4358902076082376,1.3989281382331271,2.8771768877724884,0.03849218458947372,-0.3280694042970288,0.5281758370539033,0.3169730691185693,0.11744037325640348,0.6659657266058508,0.3658643581350089,0.13851859560500596,0.26343944442187933,0.08492643448288895,-0.023883498393965776,0.2686433475217008,0.0066169278520762645,0.2564236315916096,0.27974149309058466,0.09633542023166458,0.2452430604072928,0.2523803946519457,0.1808739065918739,0.043248570729788084,0.0758132356118915,0.14492838188849322,0.16969544387637175,0.2432640868040181,0.2505478649016653,0.0452809220886795,-0.23037856164621467,0.2342782287898804,-0.03780310563710617,0.21992471646285197,0.08533575304864385,0.2852642547340155,0.301902663981205,0.43720762097219523,0.14690149511050543,0.1702335632845039,-0.024583482070055094,0.3540589236070418,0.20181246521138105,0.23447712003796353,0.0763603669836518,0.7077643472624823,0.3863845373709346,0.048985402045997335,-0.0476976008133496,-0.5911213319302409,-0.05610422054613705,-0.04828251596406098
0.05319707645782135,0.1067943070649057,0.03849218458947372,0.9190124464886887,0.5252184664512685,0.32127335245048133,0.346961124141591,0.3418120635767564,0.029817147375040643,0.10292856491582869,0.2474335235564452,0.31285606090608015,0.14086749283470787,0.16957416941764797,0.12744912152827367,0.23752282052384044,0.16967104426173996,0.12802978038248816,0.2413206492709752,0.18936281922877338,0.12273302033623498,0.12332448195547756,0.054227498970523945,0.11298087538400625,0.21238868538821315,0.17069992637971945,0.15652588722548222,-0.0038441866831026078,0.2123109053209552,0.024332055435901438,0.07327763155691093,0.1513573280559937,0.09917377971157776,0.22588840734164078,-0.12375376465972102,0.14952293745833023,0.23972312685924987,0.11904147568281602,0.26287510225694927,0.07804716803293112,0.12073236944608474,0.12466359676200808,0.08624656516265786,0.04077121044331475,0.14008440166074054,0.16141724563255486,0.10068772012584584,-0.016415739555586097,0.041881227765927335,-0.07408132197240473,-0.04222147900535444
0.05752854867306065,-0.08420391248046491,-0.3280694042970288,0.5252184664512685,1.5008138846303958,-0.006127994539951099,0.33098232774116093,0.46086904380310395,-0.06720944969125682,0.18168321305610388,0.284000823176974,0.4040668330720308,0.20736401112001412,0.26105170724007143,0.1887274140549726,0.3482753956298039,0.17325480144304614,0.15353305605634998,0.3903442568121618,0.09775688158001153,0.11501660712456407,0.15516175063602375,0.09998024828202627,0.13591901737037657,0.2705158321153482,0.20007569801536945,0.16575962045682896,-0.06768907054838694,0.3436092869109299,-0.003484037725282276,0.009561705729237532,0.26143432046657505,0.04990470315101603,0.35420156057564023,-0.2257730583805761,0.1536608118596198,0.15226457075120992,0.06207077021419288,0.30527413739627063,0.08030224547340913,0.07817883196581547,0.12822922484156407,0.03709151055236831,0.01150160743916838,-0.06507213187875299,0.13234604218674,0.09280968798719567,-0.008838625111482435,0.24067676402986388,-0.09802507502300377,0.0007937821867622483
0.07177674835946385,0.41537257946533324,0.5281758370539033,0.32127335245048133,-0.006127994539951099,1.4886722937260677,0.19234177123528978,0.25526031640124425,0.3640303910368591,0.2381858953369494,0.3385380847675315,0.356557187197405,0.15304613176202592,0.06323046032817815,0.24185514290322674,0.17849723287751518,0.2977467696291302,0.20459436950547064,0.5802858547042904,0.423943978233777,0.2517006527866754,0.1912522891093343,-0.08890585645155015,0.13625489770964405,0.24980787077506444,0.257145783889915,0.2296301434783637,0.22314231702464465,0.3379595806950333,0.005930644796165061,0.226129285984988,0.11005857157451668,0.07422893754466373,0.2033665569257521,0.3199004499790559,0.14076042538285302,0.4909284968519196,0.20248012536654805,0.45149892930141117,0.18432715266472957,0.32702721026180304,0.21440477733879243,0.25254575601200385,0.045541229020502595,0.5222822701460731,0.24724765660963757,0.20821578737693336,0.02587991871682379,0.11516888323617067,-0.07715640511533058,0.01622666105485275
0.11311724329828418,0.2981058377569138,0.3169730691185693,0.346961124141591,0.33098232774116093,0.19234177123528978,1.3627821066043178,0.20594498562365093,0.2071302456736596,0.0025651601957314544,0.20616519125426735,0.359229827355999,0.16265984923974833,0.28772606275388835,0.03661308246086265,0.2741012583713629,0.2734597752357814,0.15364566708378272,0.06426086323920903,0.05565245344153096,0.15510589101093955,0.23504334146053757,0.14574882426420566,0.15167799376537902,0.1881832253339121,0.2022448771654281,0.1795589019073714,0.0931831876478597,0.1579204794913504,-0.01316835926985748,0.1042178765526309,0.2700736726966914,0.09322348073835245,0.26453116454437037,0.12468373461070048,0.2162784460354776,0.09985598656016076,0.07958355134462371,0.2467380180402862,0.07863828895859167,0.0878390209485612,0.16764430429047245,0.10253092058486342,0.053788734097248284,0.06419243829004449,0.1717885198431312,-0.009556063683214915,-0.045351641809261094,0.12026366717885671,-0.11657251884712856,-0.04445042833254371
-0.030886514327840425,0.24161971090428305,0.11744037325640348,0.3418120635767564,0.46086904380310395,0.25526031640124425,0.20594498562365093,1.2124898553486123,-0.12482650961974738,0.08153631048811082,0.35837498863171924,0.12410175680745898,0.1945935757235198,0.1657193642926041,0.16192571691885094,0.2314649619583109,0.2815334835563909,0.3151548698763287,0.31869525928460823,0.42899143954482327,0.18847185567220276,0.13691259440491355,-0.015518738408209862,0.12127182915780356,0.30417724663112333,0.3646036624719936,0.2358744190827868,0.1562360472774554,0.3463138836140574,0.17149629548779868,0.256966712079136,0.1220323846836459,0.022634317538165683,0.3421052204010816,0.38006209569486954,0.1376640496039288,0.45868177187857334,0.21132900847980474,0.38940826877362666,0.2200900921385153,0.20938440098998695,0.2116776235379629,0.29956083076193524,0.037299097450275764,0.39866106374337773,0.22522968054906736,0.3141964971292387,0.01369696016001516,0.16003371933739946,0.0030588668134587573,-0.037128002464733446
0.09388924962804401,0.37661794806722004,0.6659657266058508,0.029817147375040643,-0.06720944969125682,0.3640303910368591,0.2071302456736596,-0.12482650961974738,1.1371744597666826,0.18949620695453367,0.06639097067300215,0.24897533949737047,0.06368649750421276,0.13614873972971062,0.2151624274293398,-0.010796412412316358,0.17989627748220352,0.15097148002174313,0.045667592734867576,0.11205543380805061,0.17628343951983352,0.28915559492504606,0.2272134412126513,0.14539970213428882,0.10292357023757133,0.17466158849382032,0.14891632191473,0.16006342456604344,0.09144215935401893,0.07771270493245154,0.10778560150949645,0.16176713472408433,0.19135751021154665,0.01296295302701127,0.09452829161966872,0.20557594420503617,0.17008545921582488,0.0812332522671601,0.23240667134336937,0.0618405929715081,0.19666929204250574,0.1279606907020982,0.11696739776302752,0.040162927659076066,0.21964300169620152,0.20740839952946205,0.11701401467391576,-0.0370404011502353,-0.004189723150900449,-0.07076651542536382,0.013985199217598046
0.10403759158871777,0.3295567826545743,0.3658643581350089,0.10292856491582869,0.18168321305610388,0.2381858953369494,0.0025651601957314544,0.08153631048811082,0.18949620695453367,1.5797573897114638,0.26944577469301395,0.44269920026284926,0.18322328633968585,0.15686370230845711,0.34154223238153103,0.1519647445486907,0.3102903502740025,0.39383431196502705,0.2569254540747073,0.1728382388521652,0.15006724074525254,0.12465852679558179,0.09658691705418591,0.15040408173138622,0.22819716880647278,0.1569805296032731,0.27026710877001503,0.19173159928058747,0.42233294479121064,0.138832479446915,0.18399872477905244,0.17656421073256623,-0.0009630311059988116,0.38062610915999673,0.34070242212094193,0.17783381313415542,0.2524129320726428,0.06468867675130904,0.3034040978791565,0.13658363294507714,0.1978212375613577,0.15268037278942256,0.21190122006898482,0.04557759775169524,0.2209737242508356,0.20093550630870746,0.3110389181942461,0.005535893400880645,0.1716892386174932,-0.044815323439898774,0.008992560181798046
0.021451598443078528,0.22075103774542393,0.13851859560500596,0.2474335235564452,0.284000823176974,0.3385380847675315,0.20616519125426735,0.35837498863171924,0.06639097067300215,0.26944577469301395,0.701288874960808,0.36887374499617975,0.21864857547967043,0.18516395421757822,0.314276325987436,0.23957542662413922,0.29612080016563924,0.2357299228237348,0.24210002149493132,0.38698611772873265,0.2383835159598092,0.17579528997068106,0.08815297918495163,0.18080779756359835,0.2820390493476517,0.2250711629152688,0.26523105219843107,0.20488137596681333,0.40147581199213367,0.15661926384220137,0.21463415962783633,0.1941430387861513,0.08876723236322885,0.31891142467101413,0.31288328689676925,0.2376477302535888,0.3694624973861262,0.1766160189944708,0.39101605678563034,0.19428774525754308,0.31270966094333014,0.2330389480641457,0.25066441610412366,0.02612969599573478,0.3024083163671706,0.2716198240444538,0.23684488965865272,0.00608106709876465,0.08466956645213618,-0.0446046046726278,-0.00499517847565223
0.08714298744245232,0.19837884953671567,0.26343944442187933,0.31285606090608015,0.4040668330720308,0.356557187197405,0.359229827355999,0.12410175680745898,0.24897533949737047,0.44269920026284926,0.36887374499617975,1.0321764269000573,0.1487965258800142,0.22463731608395518,0.2843717816892141,0.2701522447107539,0.2935250833768289,0.07810801130665267,0.2499943241368737,0.21670032893023,0.1876559162412994,0.19331202982224932,0.09931137742203107,0.15512606056878253,0.31729391644598437,0.28558173953227245,0.3621410369629958,0.13336946362600569,0.36554893743747374,0.0166115752727625,0.04628672620571648,0.26804744543742254,0.021556666002220164,0.2303795500882663,0.29887889851876415,0.14302811707703753,0.17993800262294515,0.09823639225356984,0.35382417201861716,0.14256163029113506,0.1850375838948616,0.1890613400272484,0.1374221537206372,0.035350810536989005,0.13871312469970035,0.18188397457303962,0.09516618369042112,0.013367608775081192,0.35201810367091513,-0.11838551169315939,0.03702686735440747
0.028013116014931335,0.10113286859316381,0.08492643448288895,0.14086749283470787,0.20736401112001412,0.15304613176202592,0.16265984923974833,0.1945935757235198,0.06368649750421276,0.18322328633968585,0.21864857547967043,0.1487965258800142,0.3998946348455495,0.16992119994186286,0.10970300666608634,0.2163010793376939,0.1448097269924344,0.16980406052721866,0.14611893393818978,0.09811543805206029,0.1032647949741274,0.21174046303172006,0.0817005236653549,0.11070889429900145,0.16300556321680004,0.14525966549338398,0.17290066329677647,0.10682080376513031,0.27735150341555725,0.08102610215450115,0.07817405452098304,0.17145493822733823,0.026025084956216468,0.1891218815565755,0.18059050653020384,0.1366176622406001,0.11986681171181728,0.05682250010154303,0.1597594103471163,0.0843124963448722,0.10760975954637908,0.1130650983279556,0.14239301809199945,0.02702900531453341,-0.01960199456472599,0.14345131961020352,0.14249714604314492,-0.017085756165968684,0.23313393961487391,-0.02610813610809088,0.00916177711153903
0.020361507223542682,0.04640906920208371,-0.023883498393965776,0.16957416941764797,0.26105170724007143,0.06323046032817815,0.28772606275388835,0.1657193642926041,0.13614873972971062,0.15686370230845711,0.18516395421757822,0.22463731608395518,0.16992119994186286,0.7921484502883853,0.18359754072870724,0.31256469194407815,0.21791267079130103,0.14126595979059875,0.10698337742747024,0.15273849951706103,0.17144319291205098,0.218479540632816,0.20639017282386599,0.25058635673731544,0.23408388777685096,0.19668363345281,0.1438300775810054,0.11236050655676903,0.34390272918929005,0.1074268894169258,0.07092767792198305,0.6776835793336462,-0.024754639238517357,0.196388780871584,0.19887927754589393,0.20287405666713546,0.08800692177858306,0.12734971972970013,0.23861102848642607,0.1276298119296563,0.137069829674952,0.16879479066410133,0.19948442106501058,0.03280884574356883,0.0998637841740655,0.20368494896632686,0.17551881948425588,-0.026940496216549377,0.19174413923316533,-0.03114108766087085,0.003183006620631832
0.043760911109128005,0.2719005396490777,0.2686433475217008,0.12744912152827367,0.1887274140549726,0.24185514290322674,0.03661308246086265,0.16192571691885094,0.2151624274293398,0.34154223238153103,0.314276325987436,0.2843717816892141,0.10970300666608634,0.18359754072870724,0.8141249453541763,0.1347639982213294,0.23801977850310307,0.30149530864565294,0.1844734906992553,0.2750768587773731,0.20673420566078476,0.1096073893010857,0.2584938655231413,0.17536211228377782,0.33012393592858763,0.1425495297754766,0.16700237306314966,0.18093978305800862,0.35281878561889934,0.2655570728678443,0.13625700334548677,0.17463313329600283,0.12062565980449791,0.22697520890782158,0.21185549300871337,0.2490345110378583,0.29981290437216573,0.10770602377682986,0.3306278437761659,0.12151982082840486,0.31303377569708485,0.18309167670941295,0.1553555144780729,0.03698553072149725,0.2945056581758494,0.26940969643941814,0.29632022690970944,0.004239435698410405,-0.038511158204970114,-0.13524169303404998,0.018371758065898896
0.03641136819670306,0.06363339095369577,0.0066169278520762645,0.23752282052384044,0.3482753956298039,0.17849723287751518,0.2741012583713629,0.2314649619583109,-0.010796412412316358,0.1519647445486907,0.23957542662413922,0.2701522447107539,0.2163010793376939,0.31256469194407815,0.1347639982213294,0.826839613397375,0.2800598149012822,0.15177362406525596,0.23173229086460226,0.1534044489684303,0.19589162667206172,0.316664813165889,0.09852900256347386,0.1707218920987783,0.28944861141246964,0.273988716440068,0.23439680419763956,0.22703266653732096,0.3559674305805957,0.15763537293475346,0.12711963228086734,0.28203347569551385,0.006736029734848443,0.1778087651406706,0.430057499413409,0.18542723504738273,0.26333697396152783,0.11550819508116206,0.2199625558351611,0.15862512738862763,0.20310202673124728,0.24370316791517277,0.2345243920697939,0.04111939872147439,0.1464090108415972,0.1962101393119885,0.1948154446270517,-0.014551540960581536,0.3055999757202586,-0.04344232013756359,0.02153567532856945
0.03783101752907227,0.26516307899766667,0.2564236315916096,0.16967104426173996,0.17325480144304614,0.2977467696291302,0.2734597752357814,0.2815334835563909,0.17989627748220352,0.3102903502740025,0.29612080016563924,0.2935250833768289,0.1448097269924344,0.21791267079130103,0.23801977850310307,0.2800598149012822,0.7814564471460089,0.191589691390424,0.23158202572341213,0.4097789213706253,0.2949114901781781,0.289458478499483,0.05459186641281566,0.21860095967995502,0.24474077113423873,0.19377085778152922,0.2414193350951321,0.3948377820679072,0.2237791458244121,0.18839441944584476,0.2840532095825183,0.19679728732785526,0.2328344447692846,0.23027022211863918,0.41583871122913696,0.30140750220251117,0.47733678014640696,0.21817344438134292,0.387811656145369,0.1856744354604248,0.4324902406309094,0.3186656055028472,0.30183165449393806,0.05355967874928166,0.4671447297108568,0.30278935171348853,0.25113550557941783,-0.0016501708201879775,0.022153497458276977,-0.10305297431936221,0.009203461625999733
0.061954603309717,0.3944712326820359,0.27974149309058466,0.12802978038248816,0.15353305605634998,0.20459436950547064,0.15364566708378272,0.3151548698763287,0.15097148002174313,0.39383431196502705,0.2357299228237348,0.07810801130665267,0.16980406052721866,0.14126595979059875,0.30149530864565294,0.15177362406525596,0.191589691390424,0.9962708866796939,0.13955179963632722,-0.003900693686587842,0.1976070052639462,0.1771066789657534,0.3576759647244602,0.09502178602498015,0.20322566123658575,0.21023832020079852,0.07851278149900154,0.16792245257821295,0.30564003964848013,0.014099624016006798,0.31307942804753186,0.11124828580973632,0.03755689183422104,0.36433769127096594,0.2783875001454343,0.20526890596101557,0.3118764200097464,0.02389898963616591,0.27101208559391265,0.15122095444355216,0.14747974675195566,0.14477460840086698,0.2971869330709522,0.058374047478937936,0.3873136207411775,0.21894446480957414,0.4669515614654864,-0.029772374905766397,-0.10670564443195796,-0.019212604409402246,-0.01347708261021852
0.03540442811761019,0.09225708095226613,0.09633542023166458,0.2413206492709752,0.3903442568121618,0.5802858547042904,0.06426086323920903,0.31869525928460823,0.045667592734867576,0.2569254540747073,0.24210002149493132,0.2499943241368737,0.14611893393818978,0.10698337742747024,0.1844734906992553,0.23173229086460226,0.23158202572341213,0.13955179963632722,1.1027604107972964,0.1560229114223944,0.19530260150157763,0.1272981277531561,-0.20785353170141696,0.12859833393988346,0.21328647580648824,0.14676481034627023,0.14781338388495638,0.17790445466026486,0.28117295850137136,0.14152532804926182,0.20329397642494584,0.09441781243073774,0.13915868538632173,0.1723850957800904,0.16914507306910412,0.10421529686123436,0.43423394771693785,0.10130774954681329,0.4128077207212827,0.1279148896973283,0.24630301582892225,0.1666824663604934,0.11820913842196647,0.02532449225047825,0.3196402496304353,0.1882248830826583,0.15321481272356904,0.03729062748395469,0.16294027577787784,-0.045369834392535786,0.01127082045179004
0.010268336391776222,0.5570081930242862,0.2452430604072928,0.18936281922877338,0.09775688158001153,0.423943978233777,0.05565245344153096,0.42899143954482327,0.11205543380805061,0.1728382388521652,0.38698611772873265,0.21670032893023,0.09811543805206029,0.15273849951706103,0.2750768587773731,0.1534044489684303,0.4097789213706253,-0.003900693686587842,0.1560229114223944,1.8710645924070317,0.40191736426658753,0.18857270176070823,-0.19885074936409497,0.28943383101583675,0.31839033898213986,0.49414419450500735,0.354651762689132,0.46970671568425076,0.17499080175291454,0.5978595877583375,0.5946696044014212,0.0870323839039564,0.42395623326387144,0.18623137170977277,0.4157169397878327,0.39936079802012026,1.305378807258439,0.7935520673396309,0.5499335000942926,0.3274741894123996,0.9044681312521579,0.4977639918967891,0.5351922518499093,0.011764008259779265,1.1000053948435218,0.5239504059467075,0.2975405942682769,0.09174527177253247,-0.06442864709321369,-0.0018632029520646268,-0.055742056623927415
0.06079019571607745,0.27115206661599134,0.2523803946519457,0.12273302033623498,0.11501660712456407,0.2517006527866754,0.15510589101093955,0.18847185567220276,0.17628343951983352,0.15006724074525254,0.2383835159598092,0.1876559162412994,0.1032647949741274,0.17144319291205098,0.20673420566078476,0.19589162667206172,0.2949114901781781,0.1976070052639462,0.19530260150157763,0.40191736426658753,0.6995507925697411,0.2669560279049146,0.15671419121359453,0.22029427344871155,0.18272643724870663,0.25573980852168116,0.16799212510336395,0.31165401895647304,0.17658756087035288,0.21984449372748105,0.4071007389145751,0.15565401444747193,0.2941685895175639,0.1803200737458403,0.2748188477851942,0.49497623294675325,0.6398409628323899,0.22359688038771153,0.41963546048971995,0.2286513940765016,0.7655979995588794,0.43555503124773876,0.4358948437270842,0.05726578754106628,1.0288455042061941,0.3961505504739228,0.2389136335026958,-0.00026758719811186395,-0.3731265780807234,0.004625207834951016,-0.0031265666132945223
0.04250011808669435,0.1494644050205433,0.1808739065918739,0.12332448195547756,0.15516175063602375,0.1912522891093343,0.23504334146053757,0.13691259440491355,0.28915559492504606,0.12465852679558179,0.17579528997068106,0.19331202982224932,0.21174046303172006,0.218479540632816,0.1096073893010857,0.316664813165889,0.289458478499483,0.1771066789657534,0.1272981277531561,0.18857270176070823,0.2669560279049146,0.9422274019326713,0.39069913448750565,0.23046578752198896,0.23377424760217846,0.22498952674277514,0.21904722732573687,0.20499521588956063,0.2058015963792145,0.2304415021255853,0.13462304818970444,0.22534908923020816,0.2146592215291789,0.16043311722255474,0.1992117036999646,0.374026882450601,0.3387783452974612,0.17236482452604066,0.26592753358649646,0.11986124068224405,0.32880817324202244,0.2527244779629203,0.3263121883339301,0.06368610041336147,0.05503334034241264,0.3168958994447676,0.21954493699243852,-0.10941512367463777,0.5709617915656935,-0.05805212820095795,0.027180259389308185
0.02626802845136639,-0.016126474975740785,0.043248570729788084,0.054227498970523945,0.09998024828202627,-0.08890585645155015,0.14574882426420566,-0.015518738408209862,0.2272134412126513,0.09658691705418591,0.08815297918495163,0.09931137742203107,0.0817005236653549,0.20639017282386599,0.2584938655231413,0.09852900256347386,0.05459186641281566,0.3576759647244602,-0.20785353170141696,-0.19885074936409497,0.15671419121359453,0.39069913448750565,2.1095042492437264,0.2897237273746635,0.6385169332579474,-0.18664680689703939,0.07356756851345529,-0.14431611280425657,0.5279529938378626,0.17834086217400344,-0.40337142481543004,0.2219459076296595,0.13038622813896333,0.23931322366537544,-0.21209364957658056,0.500898834793752,0.21509320152581884,-0.112199860413244,0.5352455434135913,0.08285627675919091,0.24606100045439003,0.06379668668328553,0.16015989039872117,0.12400330708973632,-0.09016721746626018,0.3456412848796551,0.2670012602700834,-0.0695910888693073,-0.06506107239870673,-0.10675616288135653,0.03754338078323308
0.03455754896440505,0.11527056580271505,0.0758132356118915,0.11298087538400625,0.13591901737037657,0.13625489770964405,0.15167799376537902,0.12127182915780356,0.14539970213428882,0.15040408173138622,0.18080779756359835,0.15512606056878253,0.11070889429900145,0.25058635673731544,0.17536211228377782,0.1707218920987783,0.21860095967995502,0.09502178602498015,0.12859833393988346,0.28943383101583675,0.22029427344871155,0.23046578752198896,0.2897237273746635,0.660196304332089,0.21097754162156188,0.12138505320072997,0.16860269652043405,0.2699975241852884,0.15036601507286146,0.48056718501276713,0.15550763256690042,0.3078479795810956,0.4982382883998418,0.3099157684663823,0.15356393003757665,0.31574959642292094,0.3134715186530063,0.18475409860362843,0.18017950019743778,0.06501703729883151,0.35312045433474676,0.19922937161381402,0.23068136448080476,0.03219298230322472,0.09012918986300514,0.25544714099153154,0.29588852604521887,0.01012525021896182,0.26777482188366697,-0.04144774385266617,0.0028591894191447916
0.017556087419503714,0.18072496951302372,0.14492838188849322,0.21238868538821315,0.2705158321153482,0.24980787077506444,0.1881832253339121,0.30417724663112333,0.10292357023757133,0.22819716880647278,0.2820390493476517,0.31729391644598437,0.16300556321680004,0.23408388777685096,0.33012393592858763,0.28944861141246964,0.24474077113423873,0.20322566123658575,0.21328647580648824,0.31839033898213986,0.18272643724870663,0.23377424760217846,0.6385169332579474,0.21097754162156188,1.4718873212835757,0.19174272475398377,0.2115620264988195,0.06803120411016637,0.9293525965357707,0.3332606640910866,-0.3057137487056258,0.21465519149577775,0.004377341417055539,0.2753368626972896,0.19716499944893093,0.30472275325365944,0.6025393500031887,0.14791619126938743,0.4094541288783666,0.1304241432808504,0.3261008056469935,0.20939533408887567,0.21813183071363462,0.07184036468124771,0.3543045415321708,0.450886766986032,0.30592159794840995,-0.037615115253020165,-0.19253270113828586,-0.1415378498060955,0.01574891529816682
0.009390225798615492,0.22961620734447566,0.16969544387637175,0.17069992637971945,0.20007569801536945,0.257145783889915,0.2022448771654281,0.3646036624719936,0.17466158849382032,0.1569805296032731,0.2250711629152688,0.28558173953227245,0.14525966549338398,0.19668363345281,0.1425495297754766,0.273988716440068,0.19377085778152922,0.21023832020079852,0.14676481034627023,0.49414419450500735,0.25573980852168116,0.22498952674277514,-0.18664680689703939,0.12138505320072997,0.19174272475398377,1.7895968636850466,0.16108251474201427,0.3015123092131492,0.4332249379251439,0.06607454672959467,0.4104942302451015,0.2031305844839063,0.0425557393888164,0.3283571155445473,0.4989730180843569,0.02495273622501279,0.46856354937739686,0.2743011306649032,-0.25746381023805087,0.0782351773949048,-0.09935691532792766,0.31573733944127924,0.37969510493001096,-0.014833615634045193,0.4631627246768801,0.033601725195981716,0.20045382927670763,0.05409697135725209,0.7482113660569818,0.013734273348353622,-0.005402282623886084
0.05097320250394614,0.23038564143519427,0.2432640868040181,0.15652588722548222,0.16575962045682896,0.2296301434783637,0.1795589019073714,0.2358744190827868,0.14891632191473,0.27026710877001503,0.26523105219843107,0.3621410369629958,0.17290066329677647,0.1438300775810054,0.16700237306314966,0.23439680419763956,0.2414193350951321,0.07851278149900154,0.14781338388495638,0.354651762689132,0.16799212510336395,0.21904722732573687,0.07356756851345529,0.16860269652043405,0.2115620264988195,0.16108251474201427,1.11757201310561,0.2602280530595956,0.10937689842285483,-0.010503390532331206,0.16626029213932011,0.1928254752431332,0.22251348743482946,0.24216209035779254,0.29939113552322993,0.2275345567910394,0.32070907592329273,0.18754317519106745,0.27003366449489097,0.17166115093680617,0.3000707828505817,0.21315104492789566,0.28345105111221275,0.010187888024325718,0.09539370850219665,0.28382136204524266,0.08778051938653457,0.02000863514568627,0.35984893695541587,0.0006891630948363795,0.006745093698592405
0.037003236938937124,0.2679110860904725,0.2505478649016653,-0.0038441866831026078,-0.06768907054838694,0.22314231702464465,0.0931831876478597,0.1562360472774554,0.16006342456604344,0.19173159928058747,0.20488137596681333,0.13336946362600569,0.10682080376513031,0.11236050655676903,0.18093978305800862,0.22703266653732096,0.3948377820679072,0.16792245257821295,0.17790445466026486,0.46970671568425076,0.31165401895647304,0.20499521588956063,-0.14431611280425657,0.2699975241852884,0.06803120411016637,0.3015123092131492,0.2602280530595956,1.2063899479536715,-0.2570626921205511,0.3312272263127837,0.5004958473063214,0.055516957770570356,0.6778825721786936,-0.06015757747466551,0.9351572338263195,0.2797242014251406,0.5317914352951381,0.24429731479845235,0.1130796091341208,0.15981226266714077,0.5367399716709811,0.32577048952600923,0.377693388982713,0.08535171383884754,0.4749507911036366,0.2910023843533242,0.25962435252241284,0.05474381599581508,-0.020914842655054736,0.027764481960231045,-0.001307502061762957
0.004433587813655741,0.1000808181617715,0.0452809220886795,0.2123109053209552,0.3436092869109299,0.3379595806950333,0.1579204794913504,0.3463138836140574,0.09144215935401893,0.42233294479121064,0.40147581199213367,0.36554893743747374,0.27735150341555725,0.34390272918929005,0.35281878561889934,0.3559674305805957,0.2237791458244121,0.30564003964848013,0.28117295850137136,0.17499080175291454,0.17658756087035288,0.2058015963792145,0.5279529938378626,0.15036601507286146,0.9293525965357707,0.4332249379251439,0.10937689842285483,-0.2570626921205511,3.465326039675067,0.26631066885138427,-0.4398345205408065,0.4767938025737746,-0.7438911103779092,0.8281483171462642,0.3421752535068121,0.17483250531141536,0.09267087130869636,-0.050688968694931946,0.5626788480819288,0.2786891958375987,0.0964061789174803,0.1362997334224772,0.20533906694789741,-0.0020000871048738602,0.41273785274823227,0.23713879484685335,0.436462935567103,-0.02984435289198165,0.9061683959954829,-0.14003102590844774,0.06329546409963656
-0.04751706053601523,0.05219082451535047,-0.23037856164621467,0.024332055435901438,-0.003484037725282276,0.005930644796165061,-0.01316835926985748,0.17149629548779868,0.07771270493245154,0.138832479446915,0.15661926384220137,0.0166115752727625,0.08102610215450115,0.1074268894169258,0.2655570728678443,0.15763537293475346,0.18839441944584476,0.014099624016006798,0.14152532804926182,0.5978595877583375,0.21984449372748105,0.2304415021255853,0.17834086217400344,0.48056718501276713,0.3332606640910866,0.06607454672959467,-0.010503390532331206,0.3312272263127837,0.26631066885138427,3.5909483384493055,0.8163593032057526,0.049866920117228965,0.4689992289282346,-0.1558069649987188,0.27770742297560075,0.461070604694063,1.25614353214259,0.4686195136508764,0.3910010208597778,0.07105058148325158,0.7323446426772408,0.2261624183407872,0.19091785116152105,0.04690546348966391,0.3900814549918364,0.41889469330434687,1.5238796910266075,0.01820287846978229,0.9708682237403838,-0.13205071658964457,0.003768050150096614
0.04874823285054985,0.3685437219517656,0.2342782287898804,0.07327763155691093,0.009561705729237532,0.226129285984988,0.1042178765526309,0.256966712079136,0.10778560150949645,0.18399872477905244,0.21463415962783633,0.04628672620571648,0.07817405452098304,0.07092767792198305,0.13625700334548677,0.12711963228086734,0.2840532095825183,0.31307942804753186,0.20329397642494584,0.5946696044014212,0.4071007389145751,0.13462304818970444,-0.40337142481543004,0.15550763256690042,-0.3057137487056258,0.4104942302451015,0.16626029213932011,0.5004958473063214,-0.4398345205408065,0.8163593032057526,2.3729231386264975,0.03074064661444248,0.42424805403728677,0.2698860397152951,0.5668120036999361,0.360002499527494,1.3616955580304928,0.44995177051758023,0.20418138230355626,0.08408776716123635,0.5453537038786981,0.39615192848060443,0.44513155535198745,0.07220113920559193,0.8892704290163352,0.4421682046788685,0.551714340829247,0.024350962242258422,-0.23724812609612178,0.05556757809457037,-0.050290242197105615
0.028183658224999734,0.0013380814381729366,-0.03780310563710617,0.1513573280559937,0.26143432046657505,0.11005857157451668,0.2700736726966914,0.1220323846836459,0.16176713472408433,0.17656421073256623,0.1941430387861513,0.26804744543742254,0.17145493822733823,0.6776835793336462,0.17463313329600283,0.28203347569551385,0.19679728732785526,0.11124828580973632,0.09441781243073774,0.0870323839039564,0.15565401444747193,0.22534908923020816,0.2219459076296595,0.3078479795810956,0.21465519149577775,0.2031305844839063,0.1928254752431332,0.055516957770570356,0.4767938025737746,0.049866920117228965,0.03074064661444248,1.0215542045489505,-0.13422185396815323,0.21615542468426505,0.16819108766132052,0.188668859781491,-0.06907169303184049,0.10634457025807555,0.24718160680237006,0.11767160026804512,0.08052101148827233,0.14468153859197574,0.14792004272227458,0.02338237904015619,-0.008458987259080814,0.1945610477330894,0.1427259406588453,-0.03107688442358093,0.28633150821971887,-0.0423666923704386,0.039848539163202946
0.0718886562903415,0.2381811510657057,0.21992471646285197,0.09917377971157776,0.04990470315101603,0.07422893754466373,0.09322348073835245,0.022634317538165683,0.19135751021154665,-0.0009630311059988116,0.08876723236322885,0.021556666002220164,0.026025084956216468,-0.024754639238517357,0.12062565980449791,0.006736029734848443,0.2328344447692846,0.03755689183422104,0.13915868538632173,0.42395623326387144,0.2941685895175639,0.2146592215291789,0.13038622813896333,0.4982382883998418,0.004377341417055539,0.0425557393888164,0.22251348743482946,0.6778825721786936,-0.7438911103779092,0.4689992289282346,0.42424805403728677,-0.13422185396815323,2.055235286186498,-0.327372343405515,-0.28003033167458613,0.2696539082260611,0.3599133160918608,0.28260174516733233,-0.13614620620871754,-0.14866104569620117,0.6714565776062774,0.23100566001586614,0.05207911858644596,0.03348657604752718,-0.0941241034777929,0.3754618053649705,0.20738434759843755,0.08245754260168915,-0.09135293555445165,-0.023791314714143568,-0.05024532488349276
-0.07603631392989801,0.1877102041330084,0.08533575304864385,0.22588840734164078,0.35420156057564023,0.2033665569257521,0.26453116454437037,0.3421052204010816,0.01296295302701127,0.38062610915999673,0.31891142467101413,0.2303795500882663,0.1891218815565755,0.196388780871584,0.22697520890782158,0.1778087651406706,0.23027022211863918,0.36433769127096594,0.1723850957800904,0.18623137170977277,0.1803200737458403,0.16043311722255474,0.23931322366537544,0.3099157684663823,0.2753368626972896,0.3283571155445473,0.24216209035779254,-0.06015757747466551,0.8281483171462642,-0.1558069649987188,0.2698860397152951,0.21615542468426505,-0.327372343405515,3.24142323082492,0.23037473638408396,0.37667177748552033,0.16307119879739818,-0.020083328772662917,0.4856550752108765,0.19201178707183778,0.09343949320911772,0.20645150543790733,0.8940027724735834,0.06490241334840964,0.31922313058420626,0.03277727615414629,0.30282944901185965,0.004265547946784336,0.27735737068818506,-0.006814592524540225,-0.024896547890475986
-0.00534738776325297,0.3056455588411274,0.2852642547340155,-0.12375376465972102,-0.2257730583805761,0.3199004499790559,0.12468373461070048,0.38006209569486954,0.09452829161966872,0.34070242212094193,0.31288328689676925,0.29887889851876415,0.18059050653020384,0.19887927754589393,0.21185549300871337,0.430057499413409,0.41583871122913696,0.2783875001454343,0.16914507306910412,0.4157169397878327,0.2748188477851942,0.1992117036999646,-0.21209364957658056,0.15356393003757665,0.19716499944893093,0.4989730180843569,0.29939113552322993,0.9351572338263195,0.3421752535068121,0.27770742297560075,0.5668120036999361,0.16819108766132052,-0.28003033167458613,0.23037473638408396,2.632629929221305,-0.039811722704282744,0.2431866089131971,0.1686727906088807,0.2706212704884293,0.47945066525042634,0.2632696744103399,0.36985749532281087,0.6123929247232603,0.1393274511152797,0.5707258525026524,0.17487389105322365,0.37172754018019843,0.07739327514982833,0.4984036484612078,0.019711005670307473,0.014358924999492068
0.05320392585092764,0.29745271567593035,0.301902663981205,0.14952293745833023,0.1536608118596198,0.14076042538285302,0.2162784460354776,0.1376640496039288,0.20557594420503617,0.17783381313415542,0.2376477302535888,0.14302811707703753,0.1366176622406001,0.20287405666713546,0.2490345110378583,0.18542723504738273,0.30140750220251117,0.20526890596101557,0.10421529686123436,0.39936079802012026,0.49497623294675325,0.374026882450601,0.500898834793752,0.31574959642292094,0.30472275325365944,0.02495273622501279,0.2275345567910394,0.2797242014251406,0.17483250531141536,0.461070604694063,0.360002499527494,0.188668859781491,0.2696539082260611,0.37667177748552033,-0.039811722704282744,2.3140197138592264,0.512138293686121,0.1667359505147486,0.3736861589833798,0.23054566404348362,1.2420081943380827,0.42154031933220576,0.47610640568430684,-0.03731898549241727,0.9637915773581817,0.8818276274959895,0.21114698926405656,-0.25081258595629596,-1.7742477022802707,-0.1053810354560813,-0.013795275204073877
0.06916660051309331,0.5849355142408348,0.43720762097219523,0.23972312685924987,0.15226457075120992,0.4909284968519196,0.09985598656016076,0.45868177187857334,0.17008545921582488,0.2524129320726428,0.3694624973861262,0.17993800262294515,0.11986681171181728,0.08800692177858306,0.29981290437216573,0.26333697396152783,0.47733678014640696,0.3118764200097464,0.43423394771693785,1.305378807258439,0.6398409628323899,0.3387783452974612,0.21509320152581884,0.3134715186530063,0.6025393500031887,0.46856354937739686,0.32070907592329273,0.5317914352951381,0.09267087130869636,1.25614353214259,1.3616955580304928,-0.06907169303184049,0.3599133160918608,0.16307119879739818,0.2431866089131971,0.512138293686121,6.328146353128309,0.7970008826174838,0.5497534147663785,-0.12262053255007319,1.247005174295353,0.7834498823020939,0.9564521360793192,0.0664924040454574,2.6834358648685543,1.0381660067371388,0.8670411936622294,0.0763469436563297,-0.4671827215840219,0.00898667806769707,-0.06283614244309721
0.020278273333206604,0.2719224781565525,0.14690149511050543,0.11904147568281602,0.06207077021419288,0.20248012536654805,0.07958355134462371,0.21132900847980474,0.0812332522671601,0.06468867675130904,0.1766160189944708,0.09823639225356984,0.05682250010154303,0.12734971972970013,0.10770602377682986,0.11550819508116206,0.21817344438134292,0.02389898963616591,0.10130774954681329,0.7935520673396309,0.22359688038771153,0.17236482452604066,-0.112199860413244,0.18475409860362843,0.14791619126938743,0.2743011306649032,0.18754317519106745,0.24429731479845235,-0.050688968694931946,0.4686195136508764,0.44995177051758023,0.10634457025807555,0.28260174516733233,-0.020083328772662917,0.1686727906088807,0.1667359505147486,0.7970008826174838,1.3230502339488588,0.13499027754752474,0.16176542776552408,0.3373915854545158,0.31282149870456133,0.3688198228440832,0.036952093043019635,0.29992276710442933,0.313269867119541,0.2559385032419719,0.05919866370571508,-0.0047671366546715825,0.027028332003700247,-0.04481208939271768
0.013356363345177603,0.28993934584144093,0.1702335632845039,0.26287510225694927,0.30527413739627063,0.45149892930141117,0.2467380180402862,0.38940826877362666,0.23240667134336937,0.3034040978791565,0.39101605678563034,0.35382417201861716,0.1597594103471163,0.23861102848642607,0.3306278437761659,0.2199625558351611,0.387811656145369,0.27101208559391265,0.4128077207212827,0.5499335000942926,0.41963546048971995,0.26592753358649646,0.5352455434135913,0.18017950019743778,0.4094541288783666,-0.25746381023805087,0.27003366449489097,0.1130796091341208,0.5626788480819288,0.3910010208597778,0.20418138230355626,0.24718160680237006,-0.13614620620871754,0.4856550752108765,0.2706212704884293,0.3736861589833798,0.5497534147663785,0.13499027754752474,3.0082991336029297,0.9668860099071916,0.5398682642566717,0.2366154985079294,0.27809543084212207,0.14695967004806681,1.3742090055961502,0.4097623030964282,0.35996783233204865,-0.08711937707186715,0.0011240601672237434,-0.1727067528379166,0.002764895422326001
