0.5298789923219495,0.21899650178124738,0.34591758774853043,0.009675293033308538,0.08938296736891764,0.12491538065896389,0.15689598895553897,0.0701614414076432,0.12537508093735084,0.09453288509950311,0.10212838368403634,0.12489152835704811,0.07576382501848657,0.08382996024877307,0.11815053052526299,0.07499132976626223,0.09454289238033468,0.09458768678746828,0.10167537703855621,0.09454566103806801,0.11482094877673465,0.09112576659669025,0.01709123253796739,-0.0007390659957677553,0.14098860876666883,0.02566055960884421,0.07720078876450469,0.07010570121966313,0.16621228888471193,0.04368076579853092,0.09223817969551752,0.05227062192241173,0.020627307061411904,-0.022057233321551333,0.12249448901242749,0.08290879246715015,0.0674134257894344,0.06636645395260721,0.10204801124001439,0.08038949250639608,0.09746106754583511,0.08278755515625613,0.13224341705443193,0.005207147164385695,0.14949183529172344,0.17774147083234912,0.13401495019074564,0.009382331126183504,-0.025078201753975047,-0.059469696352786296,-0.017252396399152624,0.058223905497714605,0.0007057303399836119,0.016237137972725895,0.08887265563303028,0.0059240218148068945,0.02760302761968104,-0.03322064290964595,-0.06399203741461916
0.21899650178124738,1.9079130217311249,0.9364054055353933,-0.14005626596157697,-0.033309925758514075,0.40235706735302457,0.2080080492805387,0.21837099577761462,0.22241372068144208,0.2676538300342889,0.25260128479892846,0.27815588414605485,0.18627986262735372,0.13983128086054164,0.41653682334154835,0.13415659698577792,0.18881956766017988,0.24820817519362592,0.2533898921586282,0.4716690687766402,0.4144481403479004,0.142444478799375,0.013991836141631632,0.21841873975080076,0.36775551507273974,0.2886671115237437,0.20647628459117703,0.29473008540634915,0.45295592407221313,0.21451544754644036,0.23771987867724445,0.18205084597897325,0.2120051527434226,0.3154457175214927,0.31952465493013044,0.2865819347926445,0.41277236051129135,0.2520501377553166,0.2291810263339164,0.2924140422255024,0.1877193328522367,0.3354354017294595,0.4821551456088277,-0.02520794169804423,0.8507463070597895,0.2730805922791208,0.3367168411154216,0.04535895215550336,-0.332953095065895,-0.18485771345010035,0.19024547848085394,0.10338102356267853,-0.1104445652883157,-0.060956385915587545,-0.45502928338934806,-0.07901812248235258,-0.30543190702820017,0.45918663376724045,0.09153582714381005
0.34591758774853043,0.9364054055353933,2.240889628986647,0.1065491632035173,-0.35298010232037985,0.7351956944383173,0.1519172386680788,0.38977957790992673,0.5267766112275005,0.44606979445007533,0.42904981020199895,0.44004519514406515,0.2733250010347462,0.25781657949680215,0.4782961733537507,0.20093511224215677,0.46004056174518815,0.2500742212265226,0.3738660612849291,0.5350583171177525,0.4370514410425818,0.3582323902076251,0.16450407290397462,0.38356481156197825,0.5198567438614548,0.2443437213697753,0.2672773147234572,0.3095694829094056,0.6609146490894289,0.24573787729034807,0.3326874762637702,0.3268457477865591,0.2793334618437332,0.42993655305567424,0.4603369735633285,0.37629764717374653,0.38920413996103775,0.31583500802130215,0.40237678861503756,0.3179049524644589,0.21344945348071984,0.37937307054112623,0.49849705223402163,0.03156635012078534,0.7105489414483298,0.543639294404807,0.5715065344324988,0.018171284404698028,-0.10869530572083297,-0.07084312875053173,0.00816193232893387,0.3141175969163721,-0.05923359836901791,-0.18565896156250067,-0.07518644647161721,0.00869595160995696,-0.10649409862482592,0.0707549900171312,-0.1334496526480045
0.009675293033308538,-0.14005626596157697,0.1065491632035173,1.795281107559311,0.359031798068631,0.17968400375566904,0.18190016934325995,0.24938575464891322,0.17155000107535173,0.1371049596263261,0.1900440207334256,0.1962088924592832,0.20876283282408592,0.31781766055506333,0.1575598885620737,0.25377291726160867,0.18580593371523196,0.23118785117533328,0.13968608676633906,0.15754342603038934,0.15556696844751502,0.24537288671110147,0.23666207400862926,0.2949911271961302,0.19544135505102497,0.25468752172757075,0.15576472814022158,0.1541951864129359,0.19377002078911384,0.1636686502372974,0.2014069126855259,0.21340027000239925,0.260587772497112,0.24965311199357137,0.12343615267651425,0.267157178236295,0.22674562726757597,0.10104596994079587,0.2516140119536425,0.08761270719206632,0.19027359021559018,0.1804496339733099,0.27887068167118656,0.20512115347801096,0.2389073149764018,0.15353113050724318,0.1971733551465538,0.006331366226552841,0.024756191772224267,0.20424197144401005,-0.09375022239461851,0.03178359170510774,-0.07471397066039281,-0.14430779992223766,-0.18152987192166614,0.017216592103401384,-0.17989203997874753,0.22628725632871965,-0.14071748952490745
0.08938296736891764,-0.033309925758514075,-0.35298010232037985,0.359031798068631,1.3535593349163526,-0.18622315693624747,0.354293060629019,0.06767340964092067,-0.05515277985289848,0.04546119069284564,0.06686116666161546,0.1060517004916289,0.13135943899599486,0.12423205015085041,0.090980096899884,0.20987899070374583,0.019851565361455503,0.15618653050206827,0.2544840616759527,0.07098897667601513,0.10952078671149316,0.12598181594647184,0.14651731500654533,0.16697779944748037,-0.02328947568997257,0.20144196899313682,0.1005793189726563,0.11794708360727742,0.040973810227630234,0.1106655970483457,0.13173814241819937,0.10189768530905033,0.18510238439032053,0.16029568113944628,0.0986176825984607,0.1702444785096214,0.26311313642603507,0.049693919187714916,0.14438231968217374,0.1128624173341042,0.25649767293158043,0.12560724010616786,0.23552333418950128,0.035763047141669085,0.20347905549027584,0.06714427046520977,0.13042805840448116,0.05222855430937331,0.04932444419223793,0.13917165240450521,-0.13491613114384415,-0.23412733992959195,-0.01680598318960139,0.13642380898680975,-0.06632296255187506,-0.07853353793775837,-0.1555604065450582,0.07930894103829693,0.17390777684835848
0.12491538065896389,0.40235706735302457,0.7351956944383173,0.17968400375566904,-0.18622315693624747,1.3281392930736224,-0.11978876185418981,0.4631764414576556,0.29304806857476756,0.03151233758383855,0.4043817378881321,0.40341140686258803,0.25347906742579535,0.3542044941617146,0.37016808049361677,0.33657227297392117,0.45224514825681716,0.13171708661998055,0.4540644032003951,0.5386891788849296,0.416583827582017,0.27882325519526563,-0.025507037619729743,0.2663241672924884,0.49749305308769387,0.4041179158788475,0.3347251343195995,0.2638637959286305,0.5958772785353507,-0.10447989246561805,0.3032518376752412,0.3178268810544149,0.09523654644360677,0.44800435009202516,0.3661791333310836,0.24889740117547335,0.3766600956154481,0.2762155177555746,0.3713949905007163,0.3200966167795955,0.13938199875506077,0.37136483444146795,0.5731501947637392,-0.004449839582396398,0.9115789045525028,0.4435083577360301,0.399270326868574,0.007150865595476397,-0.3129211823910474,0.2754990059128398,-0.20147907917652025,-0.011061263725887302,-0.21734562722006964,0.020169206297900633,-0.05818412992763032,0.05859961634567238,-0.16038891640786584,0.20726209500845708,-0.1913614174485076
0.15689598895553897,0.2080080492805387,0.1519172386680788,0.18190016934325995,0.354293060629019,-0.11978876185418981,0.9356672933797,-0.03682123905055048,0.21022483688564952,0.1521507161672842,0.14849439625747138,0.29040641273469425,0.17662296270409222,0.03149040775137091,0.07791465269569532,0.18085489738500854,0.06364137117120378,0.22437364545296112,0.12231754615522336,0.12595345685898165,0.18687688657076218,0.2429549413498312,0.25200494527023665,0.23889507546714348,0.17556445149479513,0.13651862999410294,0.15272289947111392,0.11185953825909979,0.12203009344272166,0.21042643746389844,0.16227522490779386,0.21453873573224386,0.26449113213145925,0.2561302139194673,0.06779348425387262,0.22633084366897122,0.14525730556417915,0.08843985878479904,0.17013039475347047,0.11776741441652883,0.15800242479048807,0.171798191081448,0.21836311848043938,0.040703515435808135,0.16577842743266566,-0.08556629532501853,0.1968791927471919,0.003119060670765899,0.35839258404127994,-0.29265891195163535,0.010654167760707519,0.1230358766143555,0.032594248168541014,-0.0463169183455621,-0.050156596296252104,0.054703509618886835,-0.004845639037590786,0.043254554435509754,-0.10765208199628779
0.0701614414076432,0.21837099577761462,0.38977957790992673,0.24938575464891322,0.06767340964092067,0.4631764414576556,-0.03682123905055048,0.7799019812856284,0.09135202214178667,0.17338429996412813,0.28225314751573094,0.10525974571590369,0.25275815389405487,0.3037603460227352,0.1711652287607456,0.2205239542525962,0.4103214065265359,0.13622969283862052,0.23024836588984732,0.3437427908625309,0.19678134543196013,0.17962664866342842,0.07690858127952145,0.22534082961706844,0.21266227888735212,0.24982895138995803,0.1997499909828914,0.06534662219392476,0.2907976543289422,0.11732182178985794,0.1858377989105074,0.19162406480140032,0.1621360193750412,0.29143410492344485,0.1328879569123183,0.1482734306457948,0.3352844545767326,0.17810284122109715,0.3341029170033323,0.17580506185527434,0.1180280568787936,0.20889980507934766,0.3284413124440163,0.04025034460895134,0.3376810319489572,0.18462386988322319,0.32233227124361724,0.03544376270026842,0.18259322128994274,0.31656370171826753,-0.026625228419043186,-0.057337830674066885,-0.008511119332512944,-0.1646736272207073,-0.07514173032452472,-0.01406104543841234,-0.007326434578478361,0.21044078312763256,-0.13497785112970395
0.12537508093735084,0.22241372068144208,0.5267766112275005,0.17155000107535173,-0.05515277985289848,0.29304806857476756,0.21022483688564952,0.09135202214178667,1.205266717332106,0.09894467874135768,0.14450003643256382,0.23152617996001865,0.19200639688015017,0.20436875795082599,0.16740400076972856,0.1370325025635032,0.16127017491499462,0.1780736124000386,0.15377066012476048,0.18082091110069656,0.22375805607202895,0.5140280058284582,0.30101438960489296,0.30317480465679614,0.1851794926891332,0.28393715573596895,0.22123433657392563,0.17673381433682944,0.15245171872562832,0.3457935791875621,0.22925119389595697,0.31376460603773604,0.29719781278000434,0.3134852843792704,0.1401904802903936,0.2875272538846806,0.16757510665870437,0.12425312998467515,0.295171204916322,0.19293672852500646,0.2061786383746277,0.21746625118103222,0.3524244127310648,0.05478957362395519,0.2761591565903242,0.22596260615596714,0.3548224923958214,-0.03399132970201857,0.6774191760130208,-0.07209381452804933,0.17139249076586774,-0.11635852951983389,-0.008116239705201096,-0.06971839638887362,0.0206167085525128,0.27047506229989243,0.06112281712192559,-0.012396679425321248,-0.389884045581744
0.09453288509950311,0.2676538300342889,0.44606979445007533,0.1371049596263261,0.04546119069284564,0.03151233758383855,0.1521507161672842,0.17338429996412813,0.09894467874135768,0.7124776089303506,0.1632631694957248,0.15753944346466184,0.1331382528139379,0.1837503348205323,0.22269826213151195,0.14915993436835154,0.16884883347721222,0.2539876765357583,0.0763435800717604,0.06155454553772189,0.07118048459361118,0.17030214877861538,0.26399224854570164,0.2058231687312328,0.16408487333963165,0.12282637031765849,0.11064114227777527,0.11828761406171447,0.20832771389061366,0.2461733617578589,0.15235603192467126,0.17883791989107212,0.1685093816572463,0.1776027408707129,0.16175747153887945,0.20747953813833694,0.11418294435802902,0.05518843977640806,0.1796758016345998,0.10861435196179918,0.2314129125063205,0.10727101683956544,0.13161425678258326,0.0702605944168374,-0.034199139343407514,0.2672229057918434,0.3671084082512122,0.049450567742624345,0.2561542536088779,-0.09856332390442969,0.028423177163681083,0.17910294024272969,0.02893708749213611,-0.06497002844284742,-0.05826340038138391,-0.00848887261442996,0.09425980721050257,0.0037153336571502903,-0.08118358362191389
0.10212838368403634,0.25260128479892846,0.42904981020199895,0.1900440207334256,0.06686116666161546,0.4043817378881321,0.14849439625747138,0.28225314751573094,0.14450003643256382,0.1632631694957248,0.4462969332260173,0.284555332815801,0.21335991522196449,0.22822917245839136,0.2798640452171569,0.25722439034730754,0.39863464137065374,0.16096058485924927,0.1999677178400903,0.3358866908218798,0.29486151347706185,0.1993840451724067,0.07535304233202987,0.21562927382837244,0.26939586601173915,0.19664868855001127,0.23238951900039856,0.17999612640938717,0.3546717240599081,0.017510318877543205,0.22304219392186728,0.22367647599498372,0.16841537901231962,0.310629092506509,0.2608524558778085,0.22625187433345278,0.27144946186647373,0.17665561448955996,0.21885154966871448,0.20769840194354222,0.18852378099366865,0.2624202480523244,0.34474172181873836,-0.0022050806108728505,0.4493592371937558,0.31784955390491726,0.3397486071944494,0.02747748529252061,-0.13529980534162178,0.0137772575497195,-0.045409399548389524,0.009436798655846795,0.03605117370550255,-0.00333337711447754,-0.04792569389963528,-0.002358179194419302,-0.08642552744613453,0.0908358221469432,-0.06595995434499734
0.12489152835704811,0.27815588414605485,0.44004519514406515,0.1962088924592832,0.1060517004916289,0.40341140686258803,0.29040641273469425,0.10525974571590369,0.23152617996001865,0.15753944346466184,0.284555332815801,0.6542876041827342,0.18805426027273406,0.21745323112272608,0.2541897659089482,0.29821403442478206,0.28271643391802287,0.29074619857926537,0.24320294138052154,0.27225066262879727,0.293678880911827,0.25539924544729153,0.15162317684448073,0.2247404502217974,0.4068726234198758,0.2767084787806876,0.28248492985096874,0.17936342990513315,0.3531960629265719,-0.08246042934014627,0.2814162556638269,0.32067421618980635,0.17595540353003195,0.3426645737151578,0.22771285731470456,0.3700592572350981,0.10376988215746638,0.16339156376763067,0.17411028554210733,0.2131040754571952,0.23087276646064386,0.27109190534487165,0.3502818681052359,-0.02414130512427731,0.5628126125256706,0.367916715056775,0.3132562184883184,-0.0030766639336225923,-0.31046595997954246,-0.2974451088048458,0.07091045379404906,0.06322016230501573,-0.03151304375341029,0.05258949380932815,-0.07748107300215654,0.05598236884380164,-0.07393392844352918,0.10451087524737397,-0.25998960241331576
0.07576382501848657,0.18627986262735372,0.2733250010347462,0.20876283282408592,0.13135943899599486,0.25347906742579535,0.17662296270409222,0.25275815389405487,0.19200639688015017,0.1331382528139379,0.21335991522196449,0.18805426027273406,0.36154039669756266,0.19051723235660978,0.13256791730135548,0.19883856754274212,0.23009771430913778,0.18051271096736884,0.1639836182596301,0.19678421972309434,0.19463451854498934,0.23308467524833884,0.14324170578846757,0.20928120577157822,0.215977051391947,0.1927263437408752,0.18765908763012054,0.13576339145237115,0.2838982048844386,0.09313545643857894,0.1783216249098535,0.20490998506876348,0.17353138631548456,0.24351497283075654,0.18695839414267712,0.20927530369877825,0.1892413950850153,0.11061240319695538,0.24402881102010704,0.15408286816958755,0.1835568000430764,0.18681074798568797,0.24172645418666877,0.030031400380158023,0.18308461183514063,0.1816986482008466,0.24604140795926194,0.007670702614604496,0.16359413883303717,0.10200182678375418,-0.007819665209187757,-0.05841425502368615,-0.018289360441601177,-0.04376240703946409,-0.0009817298733515913,-0.013282690166031804,-0.1198442510261099,-0.015211366490173042,0.10607711825086648
0.08382996024877307,0.13983128086054164,0.25781657949680215,0.31781766055506333,0.12423205015085041,0.3542044941617146,0.03149040775137091,0.3037603460227352,0.20436875795082599,0.1837503348205323,0.22822917245839136,0.21745323112272608,0.19051723235660978,0.6709332298656957,0.27239413108086646,0.3552946215350501,0.28872133279945617,0.13987280371659885,0.1908821530738776,0.22284562636256142,0.2228040572765186,0.24985507445797445,0.11779120117735327,0.21710700366651256,0.2463975406942443,0.25325501153532476,0.15947732051751096,0.20996227523831035,0.305016569633423,0.06489651876310991,0.21586439615323186,0.20262496913279698,0.15563098076661644,0.25416240523351535,0.2469957102128797,0.25449873651089644,0.24695513530851293,0.12502767485399754,0.19353166626640586,0.19299459145866116,0.2617412642701022,0.23131802061515117,0.3909927433385214,0.035320429460552,0.40392290418697546,0.33429669392262984,0.30333694709986203,0.012114344544810108,-0.06784396028188425,0.07461803716677788,0.016082133066407874,-0.08975421848137273,-0.0713701280565657,0.041818096913215703,-0.10366954030483193,0.016422255472471992,-0.12490846611198617,0.20230907898992115,-0.07955947569932621
0.11815053052526299,0.41653682334154835,0.4782961733537507,0.1575598885620737,0.090980096899884,0.37016808049361677,0.07791465269569532,0.1711652287607456,0.16740400076972856,0.22269826213151195,0.2798640452171569,0.2541897659089482,0.13256791730135548,0.27239413108086646,0.988360438767039,0.2052023532049029,0.1544266891019869,0.1712757254252138,0.24457556787887355,0.3911855925686996,0.29882855094026767,0.13313283404396029,0.05972095544298704,0.2265706734454233,0.20565853626148975,0.2751406551286739,0.19096607407658137,0.31123594736393145,0.30458730617500374,0.085033170716068,0.22678661506289666,0.18481356969024848,0.1965880721651588,0.3119494496627602,0.3267628623377333,0.1914955514053682,0.3268959389617571,0.17034802143998246,0.256775092105611,0.22353970878711382,0.19521720051180363,0.2735119250110613,0.47729205278616477,0.019713336039389465,0.6339261550915603,0.4123021070782736,0.37900040325893414,0.07177140621600567,-0.23642057639330166,-0.08525808291276232,-0.19862073905633756,0.3123458720746628,-0.07315472404913397,0.008913975849459323,-0.07944779411446236,0.07099716060325954,-0.2115610329025408,0.14508194108640138,-0.014756523401147807
0.07499132976626223,0.13415659698577792,0.20093511224215677,0.25377291726160867,0.20987899070374583,0.33657227297392117,0.18085489738500854,0.2205239542525962,0.1370325025635032,0.14915993436835154,0.25722439034730754,0.29821403442478206,0.19883856754274212,0.3552946215350501,0.2052023532049029,0.7138356996432604,0.3549371159114568,0.14560745630195465,0.25315247395922075,0.2165254391548752,0.27480100972690996,0.35181117811690216,0.08253228530540067,0.2236564431683742,0.25229751786291815,0.1892763831911695,0.2520411369503224,0.23870636654937247,0.35411177401127863,-0.02936187728611679,0.23568498135028107,0.24908453135850314,0.16484836467903816,0.3145701864622818,0.3318914139362417,0.26252565773504005,0.25560632308148845,0.12717218028350571,0.2344468785371367,0.22414094650194838,0.2690709613479506,0.2940362108415912,0.47336695285283453,0.01643611656227938,0.4696285196948334,0.4247498521234012,0.3633810566698273,-0.020603203820022693,-0.0846918948776744,-0.04931955299553983,-0.031310801463754874,-0.07628920435404617,-0.06709296856973279,0.06299728130563528,-0.030706548752873264,0.06939908548805847,-0.18877182895203773,0.11392176349977752,-0.07599659285060226
0.09454289238033468,0.18881956766017988,0.46004056174518815,0.18580593371523196,0.019851565361455503,0.45224514825681716,0.06364137117120378,0.4103214065265359,0.16127017491499462,0.16884883347721222,0.39863464137065374,0.28271643391802287,0.23009771430913778,0.28872133279945617,0.1544266891019869,0.3549371159114568,1.207949051780791,0.07263098157726335,0.24531537302934986,0.4485845148424426,0.41159441872591795,0.2507660275034381,-0.05508227614943521,0.2218567948654281,0.4706786368059444,0.005890895213109673,0.30411461049541083,0.2583714686471361,0.4831231148606983,-0.025896016112411935,0.30875101395313054,0.2289888055428247,0.2435686600179747,0.37799283809393563,0.34371741956867424,0.2831352304909134,0.5075235769827875,0.24954155964848979,0.16404079972934696,0.23094762168913857,0.25024468745523865,0.3401595390070572,0.4899761392097907,-0.022536180900887118,0.623346742917819,0.5393194958508124,0.5208673604747927,0.004855886986419713,-0.4686208440716636,0.10186970956370303,-0.012134440500387585,0.0491982069531374,0.11641634061669429,-0.019441069561293357,0.02250958002564215,-0.05126148883671731,-0.07862380005483591,0.048777205019720674,-0.011402163624318234
0.09458768678746828,0.24820817519362592,0.2500742212265226,0.23118785117533328,0.15618653050206827,0.13171708661998055,0.22437364545296112,0.13622969283862052,0.1780736124000386,0.2539876765357583,0.16096058485924927,0.29074619857926537,0.18051271096736884,0.13987280371659885,0.1712757254252138,0.14560745630195465,0.07263098157726335,1.2943262850456554,0.24889596753539334,0.026394151863014168,0.19449911949273999,0.27192698985233177,0.43832338357231354,0.1494286578011599,0.5587657110494602,0.40157972017056026,0.1628734871725948,0.268495602767151,0.3480646928904863,0.023072494737456976,0.3878660837840146,0.25677843502596953,0.20361455763734326,0.3405025079446308,0.22106178356495504,0.47229378554036505,0.17079731779591004,0.05336574268026545,0.27979069203429,0.2076604019987242,0.34261679420626706,0.18819582233336632,0.35817336591395393,0.05221690157510095,0.3559340280433905,0.18776993516808402,0.19677088224719302,-0.0129417769805437,-0.017470598321379815,-0.06580865618614724,0.29069126406238743,0.027365392403783592,-0.13902480472968887,-0.0526629432731343,-0.07825677850669334,-0.051704037424768784,-0.04954308177680753,0.0776031453431322,-0.025214500359247792
0.10167537703855621,0.2533898921586282,0.3738660612849291,0.13968608676633906,0.2544840616759527,0.4540644032003951,0.12231754615522336,0.23024836588984732,0.15377066012476048,0.0763435800717604,0.1999677178400903,0.24320294138052154,0.1639836182596301,0.1908821530738776,0.24457556787887355,0.25315247395922075,0.24531537302934986,0.24889596753539334,0.8452544315730219,0.3772733546632629,0.3065333945798934,0.2166776464006066,-0.031836742854894635,0.2026383827627264,0.34433105364367084,0.17378469888046189,0.22997899549289272,0.2686327162666203,0.23481868100967487,-0.004973875132212955,0.29644545498083313,0.21480849163637517,0.23386445439474945,0.2940152310866724,0.19255655875787167,0.208556765489317,0.3806489765764021,0.21612406322841063,0.388123529921163,0.22877698750333644,0.19544054291814045,0.2615398308212718,0.48067303171669706,0.016730849270625778,0.5883268956409146,0.38306858310412856,0.36840048976462697,0.06915636419825923,-0.03111000483532963,0.13838671664398589,0.1367663492164903,0.07000597287062782,-0.2577830194901432,-0.07064607090265568,-0.07237021222501203,0.01651024522747909,-0.11964692936565412,0.13437791789292308,-0.01474247040852615
0.09454566103806801,0.4716690687766402,0.5350583171177525,0.15754342603038934,0.07098897667601513,0.5386891788849296,0.12595345685898165,0.3437427908625309,0.18082091110069656,0.06155454553772189,0.3358866908218798,0.27225066262879727,0.19678421972309434,0.22284562636256142,0.3911855925686996,0.2165254391548752,0.4485845148424426,0.026394151863014168,0.3772733546632629,1.140256807178161,0.298203562197025,0.10904683461372942,0.05347718536678559,0.3115362351813985,0.4708697746378475,0.34273575487991853,0.40276468415205685,0.26534839916094427,0.43575345192307946,0.03672877997894142,0.341295330860822,0.2785910322230914,0.27424682274693324,0.4537235379216495,0.25220082370093466,0.1993267663005931,0.6725116711132972,0.5161949396655303,0.5781483245916085,0.3734259606311426,0.19154440827062363,0.39452558784917624,0.6449710424433962,0.006775560224758992,0.9248326061743666,0.14166363227107903,0.49218474407541823,0.14759943753286003,-0.012293015374137886,0.004323186945734636,-0.12856218810594744,0.2618175474070669,-0.0570230997228315,-0.12048805647626668,-0.059917735931097185,-0.007907748096914377,-0.09227155063924726,0.14117282566028785,-0.0543408548147702
0.11482094877673465,0.4144481403479004,0.4370514410425818,0.15556696844751502,0.10952078671149316,0.416583827582017,0.18687688657076218,0.19678134543196013,0.22375805607202895,0.07118048459361118,0.29486151347706185,0.293678880911827,0.19463451854498934,0.2228040572765186,0.29882855094026767,0.27480100972690996,0.41159441872591795,0.19449911949273999,0.3065333945798934,0.298203562197025,0.7299407211854074,0.2362197735529027,0.12171294425289485,0.2011616505603412,0.3625059789127975,0.06988336814161632,0.22454744037680394,0.29722737759165274,0.3818772141289144,0.15665003020486973,0.26286794446024603,0.22588256062763634,0.20895460691184908,0.36626571934643554,0.3898804735968243,0.3142176963884572,0.3882881704497288,0.17889766330939236,0.1986807724874319,0.30976167522979287,0.1997056728623772,0.4442401109587531,0.5684970949671301,-0.02214728386425235,1.0365486483723403,0.3562211742968343,0.4053886214398539,-0.008880274768970364,-0.5469729993091857,0.03416171827015518,0.04351440446685863,0.028775296335523053,-0.11720606091637242,0.020294406056767002,-0.11333059472982718,-0.001610177314061493,-0.18814321072874104,0.16455232268621373,-0.03308582130322113
0.09112576659669025,0.142444478799375,0.3582323902076251,0.24537288671110147,0.12598181594647184,0.27882325519526563,0.2429549413498312,0.17962664866342842,0.5140280058284582,0.17030214877861538,0.1993840451724067,0.25539924544729153,0.23308467524833884,0.24985507445797445,0.13313283404396029,0.35181117811690216,0.2507660275034381,0.27192698985233177,0.2166776464006066,0.10904683461372942,0.2362197735529027,0.8875132245860252,0.3307675690004173,0.2957705864077578,0.2743280390991705,0.22288876516696954,0.2493038979366433,0.18943598856878013,0.3010702708498624,0.214993320263675,0.27178487269227464,0.3765731879228415,0.3133603356898161,0.3292410221102266,0.1660295790180111,0.37183097574876306,0.1710158623753148,0.10912255641031572,0.40175822654523974,0.2181689561261635,0.2961906539198161,0.24670187023820267,0.36875573258710154,0.07949604116342902,0.09846651491894816,0.542018493374039,0.4441650166931043,-0.1467331793776163,0.8365568614946638,0.004733829619728591,0.11379035886323047,-0.23584072126717326,-0.05428479185884095,-0.030039990158763696,-0.020813141607248946,0.12072559202861816,-0.04903119807336183,0.024058333384788348,-0.1629619161423459
0.01709123253796739,0.013991836141631632,0.16450407290397462,0.23666207400862926,0.14651731500654533,-0.025507037619729743,0.25200494527023665,0.07690858127952145,0.30101438960489296,0.26399224854570164,0.07535304233202987,0.15162317684448073,0.14324170578846757,0.11779120117735327,0.05972095544298704,0.08253228530540067,-0.05508227614943521,0.43832338357231354,-0.031836742854894635,0.05347718536678559,0.12171294425289485,0.3307675690004173,1.3200566017231763,0.41610090043813597,0.5117369449112705,0.12602178092318156,0.11587065278850016,-0.039341183944208866,0.29760504243535957,0.5674503476423519,0.15729975877637226,0.26300885098843213,0.3666518955672937,0.24013268065462176,-0.03524217961813268,0.4346070563571391,0.13818209168153311,0.016489918103224064,0.48282198872729526,0.2064902469654033,0.3018206285708866,0.14177900091522386,0.27653295575686,0.192265892120423,-0.15866054597123988,0.07718742471476167,0.36015861280099026,0.08146441306477258,0.7812317631049943,-0.04509401167100177,0.02816572622585042,-0.09953639256083668,0.0837022714032958,-0.08219176753158719,-0.03479011976616805,0.006249867873578287,0.05414303340547719,0.018761409070621328,-0.07692099709713814
-0.0007390659957677553,0.21841873975080076,0.38356481156197825,0.2949911271961302,0.16697779944748037,0.2663241672924884,0.23889507546714348,0.22534082961706844,0.30317480465679614,0.2058231687312328,0.21562927382837244,0.2247404502217974,0.20928120577157822,0.21710700366651256,0.2265706734454233,0.2236564431683742,0.2218567948654281,0.1494286578011599,0.2026383827627264,0.3115362351813985,0.2011616505603412,0.2957705864077578,0.41610090043813597,0.9842716854877732,0.4622467661457529,0.3692028077466197,0.27713343782270683,0.2704410394503535,0.23385590184370936,0.7781647279950012,0.3175730738221848,0.43115013543033454,0.6291438705311942,0.17864910144872206,0.11085665995527559,0.5154144174315516,0.15374167021078325,0.1725427138539311,0.34332902496048456,0.20643622931387406,0.3435725497092019,0.2679578816748524,0.3544325824405507,0.09348339873457949,0.27189920837897774,-0.24390365429203104,0.25446627002947997,0.06685700228205493,0.631958047422292,0.0014997441599606427,-0.014977875875484218,-0.009186236347031652,0.011426132507870576,-0.095094142080886,-0.12425691093326915,-0.04770661690628707,-0.0009335149833073122,0.1404532095599445,-0.05883262119268555
0.14098860876666883,0.36775551507273974,0.5198567438614548,0.19544135505102497,-0.02328947568997257,0.49749305308769387,0.17556445149479513,0.21266227888735212,0.1851794926891332,0.16408487333963165,0.26939586601173915,0.4068726234198758,0.215977051391947,0.2463975406942443,0.20565853626148975,0.25229751786291815,0.4706786368059444,0.5587657110494602,0.34433105364367084,0.4708697746378475,0.3625059789127975,0.2743280390991705,0.5117369449112705,0.4622467661457529,3.3931628949592683,0.3892859020759551,0.378648580209665,0.32923331835737074,0.6211082244327721,0.39700965612359695,0.6740887420858431,0.5728483802920019,0.2495938075391004,0.847421961141967,0.49469321111923575,0.5903421190994025,0.08834657977746384,0.3187276652756756,0.627833866629023,0.4658806811954725,0.29987954972033937,0.3574169832023773,0.7632545925872668,0.0553914612101495,0.873986063080139,-0.4136650884975957,0.3725447376715947,-0.02727352790054822,0.3807889835458133,-0.4282497293964135,0.5397013570142993,-0.11550949022269415,-0.09195915039448638,-0.09700411480059622,-0.02523486592436644,-0.06453671326383775,0.02753160966424758,0.08622073643142143,-0.06338042475212362
0.02566055960884421,0.2886671115237437,0.2443437213697753,0.25468752172757075,0.20144196899313682,0.4041179158788475,0.13651862999410294,0.24982895138995803,0.28393715573596895,0.12282637031765849,0.19664868855001127,0.2767084787806876,0.1927263437408752,0.25325501153532476,0.2751406551286739,0.1892763831911695,0.005890895213109673,0.40157972017056026,0.17378469888046189,0.34273575487991853,0.06988336814161632,0.22288876516696954,0.12602178092318156,0.3692028077466197,0.3892859020759551,2.2224109799329135,0.21585762178885162,0.3150578135462418,-0.057477438301471395,-0.3232722341187343,0.4031515235978838,0.504821064832265,0.14774962992555707,0.4299289663371793,0.32177923362806293,0.41673423981571955,-0.3071262121326729,0.18974062194328672,0.4548567173675288,0.3592647112072162,0.4748622229699134,0.2906385759427607,0.7537388258781501,-0.017229177255766337,1.52244427523257,-0.2743457546866154,0.044335761859683145,-0.01813472031872403,-0.07985397199471492,0.23601821809568307,-0.3967319001489638,-0.03574900787215283,-0.10311771739387028,0.059115466958243,-0.19440816510809122,0.06911377802374925,-0.10802413448242162,0.31056961427096913,-0.31803684630696827
0.07720078876450469,0.20647628459117703,0.2672773147234572,0.15576472814022158,0.1005793189726563,0.3347251343195995,0.15272289947111392,0.1997499909828914,0.22123433657392563,0.11064114227777527,0.23238951900039856,0.28248492985096874,0.18765908763012054,0.15947732051751096,0.19096607407658137,0.2520411369503224,0.30411461049541083,0.1628734871725948,0.22997899549289272,0.40276468415205685,0.22454744037680394,0.2493038979366433,0.11587065278850016,0.27713343782270683,0.378648580209665,0.21585762178885162,0.9086972268879143,0.3053695532825507,0.30348839854361404,0.18295580547150952,0.3026702742181479,0.326563855728779,0.2613941574867355,0.3246106521810622,0.325953406761124,0.3644928821685269,0.26607493136343857,0.21672164066833563,0.26303125970027924,0.2227624458593684,0.2896902712949225,0.2659606452876605,0.35075420170208493,0.009813872356290207,0.41229589258251986,-0.002985737213044078,0.20193628380090015,0.024870125769672152,0.1696595510916624,-0.03471565067578581,-0.00535465199472762,0.07165261025133172,-0.07011309829729362,-0.006437200237290258,0.013370769753774533,0.017496465844206565,-0.024542500975559718,0.007009507372581725,-0.050128425269312736
0.07010570121966313,0.29473008540634915,0.3095694829094056,0.1541951864129359,0.11794708360727742,0.2638637959286305,0.11185953825909979,0.06534662219392476,0.17673381433682944,0.11828761406171447,0.17999612640938717,0.17936342990513315,0.13576339145237115,0.20996227523831035,0.31123594736393145,0.23870636654937247,0.2583714686471361,0.268495602767151,0.2686327162666203,0.26534839916094427,0.29722737759165274,0.18943598856878013,-0.039341183944208866,0.2704410394503535,0.32923331835737074,0.3150578135462418,0.3053695532825507,1.2161301615945095,0.21788399403707126,0.16274134720663452,0.3725222366419816,0.1846986268206839,0.4604574012449762,0.28555029670112947,0.7211817970179673,0.39462904419242695,0.42976877217450543,0.13687999061424325,0.1759082086236469,0.28065053550431823,0.4277054761372083,0.30358903769942774,0.6602625635205267,0.12411493243512649,0.750113220327661,-0.24259612668748146,0.08852494063334604,0.042302229374052196,-0.09688734399505769,0.056016600628071754,-0.11302807217843942,0.32463561107902655,-0.40681822901696385,0.09523165890754462,-0.06388649251582772,-0.007259301505181049,-0.1782944058181838,0.09552483958114062,0.07008870958735618
0.16621228888471193,0.45295592407221313,0.6609146490894289,0.19377002078911384,0.040973810227630234,0.5958772785353507,0.12203009344272166,0.2907976543289422,0.15245171872562832,0.20832771389061366,0.3546717240599081,0.3531960629265719,0.2838982048844386,0.305016569633423,0.30458730617500374,0.35411177401127863,0.4831231148606983,0.3480646928904863,0.23481868100967487,0.43575345192307946,0.3818772141289144,0.3010702708498624,0.29760504243535957,0.23385590184370936,0.6211082244327721,-0.057477438301471395,0.30348839854361404,0.21788399403707126,2.085480914376551,-0.16186926532410242,0.1938029973066461,0.34054784775946095,0.0709331562559921,0.3775922188010004,0.30857725104753597,0.5496485551032388,0.09781774597550326,0.1297404183293214,0.21726063942354615,0.2729180875326751,0.4424859621768057,0.3046400161720621,0.3543857599346438,-0.052783511549164316,0.347097090577291,0.6451346665003417,0.4190608222896066,-0.024856112794004633,-0.47063391648697506,0.5615273048720199,-0.4073799160140143,0.08026475341442235,-0.34883214030447734,0.06873700971776765,-0.0333925898337856,-0.07038846447911383,-0.12144936005308565,0.057219416421973854,-0.008225107442643074
0.04368076579853092,0.21451544754644036,0.24573787729034807,0.1636686502372974,0.1106655970483457,-0.10447989246561805,0.21042643746389844,0.11732182178985794,0.3457935791875621,0.2461733617578589,0.017510318877543205,-0.08246042934014627,0.09313545643857894,0.06489651876310991,0.085033170716068,-0.02936187728611679,-0.025896016112411935,0.023072494737456976,-0.004973875132212955,0.03672877997894142,0.15665003020486973,0.214993320263675,0.5674503476423519,0.7781647279950012,0.39700965612359695,-0.3232722341187343,0.18295580547150952,0.16274134720663452,-0.16186926532410242,3.7963194530382816,0.051077186844080774,0.23035875123061758,0.4462029008865868,-0.038968793650475946,0.40660844241866606,0.48371129931954543,0.3725949102007629,0.06309583300062428,0.4135613009936383,0.3343452898629833,0.1928763163616703,0.09245156901064384,0.6633195011453423,0.19065799139868272,0.09159518690637948,-2.0077665544382333,-0.10812117594198549,0.11993969571983273,2.9163002537772607,-0.03568290036146885,0.20221761479499156,-0.14185486751780366,0.06883996679736902,-0.1164520080445942,-0.18819904263676304,-0.11100455279106333,-0.06615986896587257,0.40948339061022015,0.08483405649352135
0.09223817969551752,0.23771987867724445,0.3326874762637702,0.2014069126855259,0.13173814241819937,0.3032518376752412,0.16227522490779386,0.1858377989105074,0.22925119389595697,0.15235603192467126,0.22304219392186728,0.2814162556638269,0.1783216249098535,0.21586439615323186,0.22678661506289666,0.23568498135028107,0.30875101395313054,0.3878660837840146,0.29644545498083313,0.341295330860822,0.26286794446024603,0.27178487269227464,0.15729975877637226,0.3175730738221848,0.6740887420858431,0.4031515235978838,0.3026702742181479,0.3725222366419816,0.1938029973066461,0.051077186844080774,0.9229804786595187,0.34415184600797644,0.3495420946017765,0.3252047936881246,0.2640035065389947,0.7055293579477185,0.2629908302813442,0.2445305874523697,0.3683746269643675,0.2626942497672793,0.45319577501705843,0.29519534373808576,0.43020306806832115,0.001410527415427748,0.5932119380397655,0.14524023016155496,0.25910544044574263,0.014258819690914113,-0.12566223811794525,0.10145797694624144,0.135751768171259,0.007003476879173546,-0.16139130183019262,-0.058716765028926074,-0.023442101905087193,-0.009548400180124556,-0.02725859611246609,0.0318146313464862,-0.06872473324675463
0.05227062192241173,0.18205084597897325,0.3268457477865591,0.21340027000239925,0.10189768530905033,0.3178268810544149,0.21453873573224386,0.19162406480140032,0.31376460603773604,0.17883791989107212,0.22367647599498372,0.32067421618980635,0.20490998506876348,0.20262496913279698,0.18481356969024848,0.24908453135850314,0.2289888055428247,0.25677843502596953,0.21480849163637517,0.2785910322230914,0.22588256062763634,0.3765731879228415,0.26300885098843213,0.43115013543033454,0.5728483802920019,0.504821064832265,0.326563855728779,0.1846986268206839,0.34054784775946095,0.23035875123061758,0.34415184600797644,0.9293500278649443,0.20970470517039771,0.44415120581678474,0.1418989196526766,0.5027739698563941,-0.21430703764096426,0.18664609157974518,0.4307622280632874,0.25349584136066455,0.4332438410429737,0.26814219122455846,0.32898187198140916,0.03526443037584701,0.40644440230959394,-0.1417660678158105,0.29321137042282625,-0.009847577818579091,0.6074130767433462,-0.06427933798407638,0.1542092714381756,0.040711870149529455,-0.07359503081607882,-0.02781393379178686,-0.10174788007030013,-0.030350580492720106,0.27730227314849126,0.035557651088535924,-0.33008958787409504
0.020627307061411904,0.2120051527434226,0.2793334618437332,0.260587772497112,0.18510238439032053,0.09523654644360677,0.26449113213145925,0.1621360193750412,0.29719781278000434,0.1685093816572463,0.16841537901231962,0.17595540353003195,0.17353138631548456,0.15563098076661644,0.1965880721651588,0.16484836467903816,0.2435686600179747,0.20361455763734326,0.23386445439474945,0.27424682274693324,0.20895460691184908,0.3133603356898161,0.3666518955672937,0.6291438705311942,0.2495938075391004,0.14774962992555707,0.2613941574867355,0.4604574012449762,0.0709331562559921,0.4462029008865868,0.3495420946017765,0.20970470517039771,1.6775844028518945,0.13497538843626203,-0.33415402319453913,0.39438559278419716,0.5549897710606453,0.13187889682822815,0.19136903913466138,0.04953622249170354,0.1176583027749473,0.2949621558565225,0.36698191361683996,0.0690850660012572,0.06414426343185674,-0.1305008117354249,0.4063827073527335,0.11997030163969986,0.42517539127388326,-0.10041717048656425,-0.04577187696562917,0.08360794902375701,0.1054838472116872,-0.25456512668747333,-0.09692541326949665,-0.0005063550440219529,-0.12988312855883608,0.117061405379086,0.043468572623914396
-0.022057233321551333,0.3154457175214927,0.42993655305567424,0.24965311199357137,0.16029568113944628,0.44800435009202516,0.2561302139194673,0.29143410492344485,0.3134852843792704,0.1776027408707129,0.310629092506509,0.3426645737151578,0.24351497283075654,0.25416240523351535,0.3119494496627602,0.3145701864622818,0.37799283809393563,0.3405025079446308,0.2940152310866724,0.4537235379216495,0.36626571934643554,0.3292410221102266,0.24013268065462176,0.17864910144872206,0.847421961141967,0.4299289663371793,0.3246106521810622,0.28555029670112947,0.3775922188010004,-0.038968793650475946,0.3252047936881246,0.44415120581678474,0.13497538843626203,1.4353907486097668,0.5659705344512211,0.20261305377943062,0.5824071645705818,0.22022091146247255,0.32879838803656536,0.3221563622758442,0.257130309612802,0.3800525138371532,0.7077197206008995,0.0984261916247922,0.7609040700145924,-0.10355423785704151,0.48267010926899917,-0.010766647311371502,0.2566561357155913,-0.2883295801711636,0.08852569117395655,0.024277964910416425,0.03725717109584725,-0.06845386263727925,-0.07283868212136249,0.07461912158534813,-0.048793533464371826,0.10579052203871439,-0.16089576447939224
