2.5140121281805508,0.8417631331518897,1.75748205713183,0.3688724012345511,0.34481179933887623,0.5365320079664251,0.5071262088924781,0.4614476950200686,0.5575393784607131,0.4021013505202207,0.39810848055311726,0.4251702916834322,0.3834055509307062,0.40873885984497704,0.4367305468045039,0.26622883496923394,0.3207715474158222,0.46745926104862157,0.4279172307955023,0.3745553537629294,0.43138357780534625,0.41320143677535776,0.29691118027220414,0.18034668537331158,0.4112314403845576,0.4535385770581157,0.40475188561306086,0.29619880848959523,0.4817613672687861,0.544320492725996,0.3123505068897997,0.3349704162539586,0.29578562217801274,-0.11912997690464341,0.28323035871376473,0.34773232415561117,0.17701447350895877,0.2749793012159079,0.43659460367099645,0.45733816412084305,0.2873660303635229,0.23401607009486133,0.43177099947907577,0.12244846976428339,0.18768282368498074,0.17473048328514812,0.38392579154103545,0.03860730152581188,0.7849570581227959
0.8417631331518897,2.170320243788533,1.6958855024610693,0.0288288376771903,0.005350681199151443,0.7507391922884519,0.31464559685778176,0.5795520214997141,0.5918500158219372,0.43175275591356865,0.40625728935895655,0.3678258779042374,0.372701906246442,0.40323834672343617,0.41740868493781436,0.17333428980755308,0.35669329246538606,0.5954697676476786,0.36018159588196763,0.5135886775756705,0.5467107303992029,0.38936777286535096,0.2947579255408602,0.3511140338549836,0.42808278589165616,0.5064282961665179,0.713029103917506,0.420728478704679,0.5549037214664122,0.5461053371401907,0.4175108842695043,0.38093288516385426,0.4340355523825148,0.32243220046572435,0.3898262274937134,0.3999698328295526,0.5724942835389428,0.29012297211217997,0.453127886412341,0.38514690089450077,0.4393203348900381,0.434488863614424,0.5569670899755171,0.06646578119396936,0.011439626129216247,0.12824433555878262,0.5312349471911944,0.1823231776838588,0.9937022456123364
1.75748205713183,1.6958855024610693,4.87753602455981,0.3187677357476114,0.05984825250120979,1.259171377365551,0.7492747403270387,1.103712120372272,1.2847799452659614,0.7559921498847852,0.7610305677968743,0.7099465613306656,0.7133378232444593,0.8460475048188076,0.8526854309797954,0.32384274428292636,0.7508499099829492,0.8780046925247449,0.6885995434452701,0.7662642660057676,0.8657124351696195,0.7709895760340831,0.6543153917298641,0.7145200947634384,0.7630600084108891,0.9899796513015607,1.0131337831299088,0.7377209596067897,0.8661667611036888,1.106831513693404,0.6933466498875769,0.7051666599508104,0.7009067795122346,0.566345486947884,0.762466656080909,0.9774894355422995,0.6641657710104657,0.3746491645675523,0.868067922706094,0.6568281083029381,0.7584285171344048,0.8424987972679513,0.8930589882927129,0.1376954381409777,-0.11548863169242526,0.16336409021680484,0.7889996099664434,0.24891781630825865,1.7917638662297093
0.3688724012345511,0.0288288376771903,0.3187677357476114,1.5046189394322198,0.604437464300911,0.46446852461396093,0.41218071708422555,0.42659420897761274,0.36349476923648405,0.5169081031107894,0.4086862772170142,0.49343408578203124,0.41867237101785193,0.4283102114913839,0.36398587719867437,0.45400560476119667,0.3927707736286371,0.35352131244699564,0.49922554288007487,0.3792512551711764,0.30037992388968876,0.409225116495118,0.3559424796068545,0.35591367100706556,0.3492362385664452,0.4003444228404213,0.32196225138047496,0.21264815461074846,0.4065978199047226,0.2702349151917977,0.3172969967929821,0.41074598521216227,0.28301205121605577,0.4158463816731885,0.13227444142376413,0.3416128068451659,0.29321135774045376,0.2452386632179849,0.35939210137089117,0.22365944331573187,0.30456154253615036,0.2800418622377356,0.29167373140511016,0.10629153364676994,-0.15907756953746557,0.16928721972259647,0.4867464683917918,0.01908931385905605,0.5991811577483077
0.34481179933887623,0.005350681199151443,0.05984825250120979,0.604437464300911,1.8917570514615578,0.3225670934503967,0.7303333445522505,0.43043130136085367,0.4746827406286196,0.5583808301218698,0.5954255331161175,0.7099346414166707,0.70446032978562,0.5568403627483963,0.5649640834929877,0.8062312679613817,0.5059672052498909,0.41516195773271813,1.0173773349878112,0.5707707858263219,0.45155754051339425,0.5911146497604397,0.39844887860060274,0.49854640797006494,0.3965561775642037,0.5028653637663638,0.273697895717879,0.3073242094912763,0.5298078022221333,0.18434356414913106,0.4529737297518061,0.6367747269351909,0.4104960536043997,0.6840344746215924,0.1924523493366041,0.5169924850754615,0.4674897430108839,0.360921744760833,0.4746311052504285,0.2397393616162478,0.4360824274628882,0.4151668390126001,0.3049425340354531,0.12895119338330974,-0.311589556266849,0.2099898508987651,0.6626293923955402,0.024973650420766495,0.7889376132460219
0.5365320079664251,0.7507391922884519,1.259171377365551,0.46446852461396093,0.3225670934503967,1.476829565202848,0.15025719233397267,0.7704503139048786,0.8109375437117271,0.6368667172411991,0.6084501219802771,0.6290600016107192,0.593196927865308,0.70765784758835,0.6063686149394112,0.49138203124804086,0.6340992444445739,0.6089726094809631,0.8833922179196049,0.7413608191115464,0.5965767802657869,0.6612472858377664,0.5824605000694517,0.6198199467746531,0.6148060683172355,0.6812011016347835,0.6042746353152362,0.45392414234346745,0.7467597712584905,0.6338772423779299,0.5357652118958921,0.6504095342349339,0.4891972873370688,0.6592955337153791,0.40855321369030495,0.5738391907885161,0.5669500481456385,0.4416638507151971,0.6115809113010465,0.45885529552167253,0.5809436075579584,0.5531194636319668,0.6245536515465644,0.1783639374346754,-0.16490353583658296,0.19732854844830566,0.7135912101836775,0.13789540894004715,1.231891352255575
0.5071262088924781,0.31464559685778176,0.7492747403270387,0.41218071708422555,0.7303333445522505,0.15025719233397267,1.4784593203968792,0.5149680244788107,0.4231892068477001,0.4315515202388965,0.5570594041814422,0.6650799734612575,0.5343144286930029,0.5570018121547015,0.38622810567848853,0.5151479875515312,0.5357075153977465,0.37795233571930564,0.43063606859110737,0.5188185501555499,0.4612518970824965,0.5599118561857551,0.3517613201716559,0.49465265122380364,0.47012439508513004,0.5412080314904409,0.5216140662891272,0.3681986121515356,0.45992888459928943,0.45179354711204117,0.43317034062951204,0.528121217296401,0.4062141921966993,0.5486471482635862,0.33330126438841123,0.4674015310543323,0.4076044535261568,0.3072703331532031,0.5451177316047472,0.3183739922248738,0.4029803744716708,0.4089826997885933,0.42420037991413184,0.12718617028496879,-0.2350510794025805,0.08799235368984032,0.5195164144946335,0.09836463668057618,1.1676729082790325
0.4614476950200686,0.5795520214997141,1.103712120372272,0.42659420897761274,0.43043130136085367,0.7704503139048786,0.5149680244788107,1.2516372377194238,0.5435183250423736,0.626873986284925,0.5696460354605503,0.4113320570403764,0.5161619632047325,0.7299061092381011,0.4792339622289317,0.43997270444974096,0.6305858405796224,0.5986513456241864,0.5956116692791669,0.6245301509091737,0.4871949918091878,0.586396489523767,0.540682311223867,0.5529444468166452,0.5648703786580453,0.6989088633458401,0.6206665654364226,0.43977936858573635,0.6139226987552954,0.6787268108295081,0.46430484752900775,0.5356367277480039,0.3923037131151037,0.6188406403120897,0.498081022824037,0.5017880434010537,0.5004329887506195,0.3645074626516815,0.6279658057513263,0.4327816914286174,0.5169881648786127,0.5103451015109334,0.5763095132248282,0.14459694115467817,-0.15552096925991626,0.15064180989827292,0.7276356846017907,0.14323671243216887,1.2872703310787854
0.5575393784607131,0.5918500158219372,1.2847799452659614,0.36349476923648405,0.4746827406286196,0.8109375437117271,0.4231892068477001,0.5435183250423736,1.2749433083297204,0.49586565475272837,0.4975441927493351,0.5766789152548124,0.5675737236444527,0.6179525682504555,0.6940715312738752,0.3588263931023612,0.5602135276020102,0.5200115372336122,0.6582601000746546,0.6090537037712337,0.5706102974427357,0.5083026282392782,0.4241648761809184,0.5851984503607287,0.4914524337017005,0.7651554095651618,0.6202052207935311,0.5284947198670156,0.4757062173045384,0.6251264144463049,0.5157487158952219,0.5648914517522204,0.5845298855370772,0.5472093735358223,0.46103052027254565,0.47126960192610745,0.5552017021466659,0.36744073598274474,0.5511538880084769,0.39605934170434953,0.5698495933998109,0.5173177198243949,0.5795068487429469,0.13237748331671972,-0.24739197297947,0.06955852736032296,0.6464003212182766,0.25408498943287006,1.476715087751262
0.4021013505202207,0.43175275591356865,0.7559921498847852,0.5169081031107894,0.5583808301218698,0.6368667172411991,0.4315515202388965,0.626873986284925,0.49586565475272837,0.9737986512295527,0.6354887143032031,0.5625103812011276,0.664896338271044,0.564498643427742,0.5109788598848652,0.5133790608625801,0.5916341250272675,0.5889189537588043,0.5993876734689021,0.48765040738133414,0.45139246340652867,0.6413044155342832,0.5875587442459874,0.546223475050732,0.5158000208687342,0.5238256251667417,0.6223839544245037,0.45509728433224417,0.6118145214231172,0.5000251809141925,0.463730490549071,0.5508674884035595,0.4577732189492641,0.6041592168878293,0.44581008190853644,0.4677585629503189,0.49362153609850196,0.3144382570707631,0.5875270256483099,0.3798907356798832,0.46090187812407274,0.46885418161276626,0.4673885787694508,0.11960498243898986,-0.21767238540921516,0.30124170590427024,0.8585543349829597,0.0572871870858967,1.0412360367951239
0.39810848055311726,0.40625728935895655,0.7610305677968743,0.4086862772170142,0.5954255331161175,0.6084501219802771,0.5570594041814422,0.5696460354605503,0.4975441927493351,0.6354887143032031,0.9330186150668762,0.6898394624004089,0.700138274212705,0.5579880594951865,0.5948203748066955,0.541483922457235,0.6101843966253144,0.5146036034123015,0.5916927500555565,0.6513870397934007,0.5437864280070622,0.6060230748098533,0.47626199770413147,0.5524435877196947,0.5277982999280985,0.604200323038476,0.6037040633777166,0.45669909500871914,0.6251499887329979,0.482621396175032,0.5061686689930163,0.6035068178386644,0.4312937844013018,0.6509336295518012,0.4762701219984735,0.5075195805068466,0.4908697544681974,0.3814128104963719,0.6363215733644474,0.4200106741954916,0.47329540816913546,0.49864394108158516,0.5215585816975925,0.13933982294573233,-0.168086287653726,0.23739796418919826,0.7908827636487795,0.10340915849724334,1.0771707044391596
0.4251702916834322,0.3678258779042374,0.7099465613306656,0.49343408578203124,0.7099346414166707,0.6290600016107192,0.6650799734612575,0.4113320570403764,0.5766789152548124,0.5625103812011276,0.6898394624004089,1.1336752187267387,0.6018702312064315,0.557192666370857,0.5309780534565532,0.6317325052939649,0.5487048711267377,0.3464518884193769,0.6537107092460551,0.636024657942751,0.47905685147371924,0.5458107639359697,0.38114026657611333,0.5014505560684829,0.5287627866569142,0.6173217491841583,0.6677710613744146,0.33443070522926394,0.5489815136114622,0.34347310790015784,0.48105928893392835,0.6394457966410635,0.3765993554680567,0.6491696200904162,0.3172352358081538,0.42907965987123164,0.40122809020641964,0.37402415919545723,0.556791738492419,0.369945245068936,0.451826216764673,0.43147395244514736,0.40469383204982523,0.14765787301120029,-0.2569956332224607,0.2019704743390913,0.698022963068989,0.10958068315879836,1.1281112011096868
0.3834055509307062,0.372701906246442,0.7133378232444593,0.41867237101785193,0.70446032978562,0.593196927865308,0.5343144286930029,0.5161619632047325,0.5675737236444527,0.664896338271044,0.700138274212705,0.6018702312064315,1.1330039313928897,0.5309429437420208,0.45345194932442845,0.6693936745403574,0.6308797767345058,0.5377113115268884,0.6597328567814998,0.5080448913407403,0.543698262812891,0.8981093060507123,0.5308844179830398,0.6114595038166075,0.529474475363345,0.5032728750583222,0.6010266124576004,0.48896788085514825,0.7327758682352857,0.5658780060906913,0.4959240258053253,0.6970954904367828,0.4492356961130885,0.6337915291234721,0.5166385510680007,0.617361105246428,0.39969239939982254,0.3205352785930372,0.7100960539880714,0.3956047366885659,0.42533673244516385,0.48748871198715416,0.5055726245208029,0.1653048162985514,-0.2422080980242981,0.3851839054196112,0.8060680396518858,-0.0811146762025656,1.112355221397416
0.40873885984497704,0.40323834672343617,0.8460475048188076,0.4283102114913839,0.5568403627483963,0.70765784758835,0.5570018121547015,0.7299061092381011,0.6179525682504555,0.564498643427742,0.5579880594951865,0.557192666370857,0.5309429437420208,1.034809064652669,0.5450709410503748,0.587396494838184,0.6036098683220015,0.5259642539851027,0.6319494038893453,0.5920830317328468,0.523825290044584,0.5854827430059774,0.5198296579354292,0.601145708175419,0.5791251101987157,0.6850242010730969,0.4874891011963566,0.5142883809880009,0.5653844899287728,0.614322095791693,0.4819050865788109,0.5836836011628167,0.5118722941179192,0.6022700041458626,0.5151325932695118,0.4819042494836205,0.5553698096272683,0.3682002017302956,0.5304332476868162,0.3858662069411149,0.5684848295127266,0.5234467125740194,0.5346640602738545,0.1428297972685567,-0.24936704662694978,0.10725472388756048,0.7447393793070941,0.18514285879124875,1.3866852050901093
0.4367305468045039,0.41740868493781436,0.8526854309797954,0.36398587719867437,0.5649640834929877,0.6063686149394112,0.38622810567848853,0.4792339622289317,0.6940715312738752,0.5109788598848652,0.5948203748066955,0.5309780534565532,0.45345194932442845,0.5450709410503748,0.8892355217983362,0.45074471600263694,0.5501294057019387,0.5123535454013556,0.5844622397276097,0.6044607285790689,0.5150792526631728,0.3458054189578921,0.36993069416416,0.5124243069354746,0.47768705306298775,0.6181468969773222,0.47283450667572074,0.48818783985731634,0.4708062361519739,0.5274298398723638,0.469283363801775,0.4874177700130629,0.5027210227432191,0.5238925967582462,0.4468049000589985,0.4250978478101917,0.5669623290789415,0.342629667470995,0.4808265707836562,0.36523191254466947,0.5215271139766013,0.4897507758147473,0.540026494132443,0.11021200395018721,-0.14259790358395139,0.03749787270414901,0.643555051965918,0.266766286221229,1.0990108479150855
0.26622883496923394,0.17333428980755308,0.32384274428292636,0.45400560476119667,0.8062312679613817,0.49138203124804086,0.5151479875515312,0.43997270444974096,0.3588263931023612,0.5133790608625801,0.541483922457235,0.6317325052939649,0.6693936745403574,0.587396494838184,0.45074471600263694,1.1429839497998695,0.5118993192297705,0.41010884523352414,0.6452222943894728,0.48196445739666693,0.42590325457426764,0.6057898341343091,0.36768327155017977,0.5073416981607458,0.46846606065158053,0.4562893290993544,0.40898440043616846,0.40859541041545117,0.5850321549670305,0.43525868156553915,0.4085604427535078,0.6330580951865533,0.3221427327353912,0.5577963939227855,0.4697716587260202,0.49415936341346584,0.36930103528372127,0.2886959098729367,0.5201664245441413,0.32041050615597066,0.44750276847749115,0.41452183368156353,0.34923989504959757,0.17421671899025096,-0.21990916677319933,0.20317612867016044,0.6523973683185401,0.0076228344453758284,0.8740500604103194
0.3207715474158222,0.35669329246538606,0.7508499099829492,0.3927707736286371,0.5059672052498909,0.6340992444445739,0.5357075153977465,0.6305858405796224,0.5602135276020102,0.5916341250272675,0.6101843966253144,0.5487048711267377,0.6308797767345058,0.6036098683220015,0.5501294057019387,0.5118993192297705,1.0205238306005147,0.5318265739209009,0.576489897984638,0.6372013263137779,0.5682698442547892,0.665151000567369,0.5005010584715167,0.5867964921760098,0.5826733471426341,0.623891489181028,0.5611194119434986,0.6160909280230501,0.5900843928112912,0.5484718001169401,0.5131706258859794,0.5853080916602059,0.5480243052199135,0.6553330531267321,0.615268469784429,0.49027316327883635,0.6561610693299937,0.3945910587922516,0.6137890042562186,0.4118009098782471,0.5561835990986338,0.6073393112509666,0.5867824745970671,0.11451972248044423,-0.1483359424360744,0.22037863139521044,0.8967970493978741,0.1376040802293102,1.1803312327916204
0.46745926104862157,0.5954697676476786,0.8780046925247449,0.35352131244699564,0.41516195773271813,0.6089726094809631,0.37795233571930564,0.5986513456241864,0.5200115372336122,0.5889189537588043,0.5146036034123015,0.3464518884193769,0.5377113115268884,0.5259642539851027,0.5123535454013556,0.41010884523352414,0.5318265739209009,1.055533525597651,0.5160115841945794,0.43025696450033946,0.5048359056387133,0.5246207445834198,0.6881416427017838,0.5020759625960312,0.5006399784454499,0.660366102379384,0.18761005718312448,0.466939928651039,0.6823395431867062,0.6048833362491857,0.4504355735837249,0.4760361307734134,0.4296783133834447,0.49639418910367283,0.4773356989475344,0.5689019397834797,0.47484050308465714,0.2831953289106219,0.4169156811997656,0.3789664539191459,0.5042186258329081,0.49730851802207604,0.5247138217926239,0.10247080884563836,-0.13295275048539304,0.1445497092768036,0.6667818599880706,0.11906667241142863,0.8991006265862417
0.4279172307955023,0.36018159588196763,0.6885995434452701,0.49922554288007487,1.0173773349878112,0.8833922179196049,0.43063606859110737,0.5956116692791669,0.6582601000746546,0.5993876734689021,0.5916927500555565,0.6537107092460551,0.6597328567814998,0.6319494038893453,0.5844622397276097,0.6452222943894728,0.576489897984638,0.5160115841945794,1.1135793249583068,0.672221820697076,0.5330416802505974,0.6390764756599925,0.4799678991782881,0.5613497491550543,0.49950794799810244,0.5865281918408024,0.42646930982661735,0.38864538904687557,0.644387389322158,0.44561757568832133,0.496508577556131,0.6443954223241785,0.4514494155341806,0.6542326899077507,0.3117081480670152,0.5723639493539204,0.5110838380754167,0.41376974740961314,0.5447480152867132,0.3566704270805661,0.5188065060701121,0.4914817169802984,0.47345230441614977,0.1526006805807505,-0.22117359786613947,0.20959941261225185,0.6919154078989626,0.07307642388002858,0.985538402686406
0.3745553537629294,0.5135886775756705,0.7662642660057676,0.3792512551711764,0.5707707858263219,0.7413608191115464,0.5188185501555499,0.6245301509091737,0.6090537037712337,0.48765040738133414,0.6513870397934007,0.636024657942751,0.5080448913407403,0.5920830317328468,0.6044607285790689,0.48196445739666693,0.6372013263137779,0.43025696450033946,0.672221820697076,1.5325406973785032,0.4187600479212096,0.41754314870432196,0.6021341854469675,0.5968083816956355,0.5812223635477679,0.6671264258070226,0.6021804435568242,0.41681516987564293,0.794353867222196,0.6710195493094305,0.5066218888527134,0.6075486494768619,0.34790445354744415,0.7835132285225214,0.4384331269736039,0.2936471770556211,0.7825998290717466,0.7076992340250834,0.5331781575234996,0.6352072610914494,0.6297625971393366,0.6063981859118419,0.8383332176283281,0.13048051477476066,0.06999180109738198,0.1572894730678778,0.9744314115535153,0.33629630187710974,1.471493365378485
0.43138357780534625,0.5467107303992029,0.8657124351696195,0.30037992388968876,0.45155754051339425,0.5965767802657869,0.4612518970824965,0.4871949918091878,0.5706102974427357,0.45139246340652867,0.5437864280070622,0.47905685147371924,0.543698262812891,0.523825290044584,0.5150792526631728,0.42590325457426764,0.5682698442547892,0.5048359056387133,0.5330416802505974,0.4187600479212096,0.8264412386298041,0.5744771830723612,0.4138972390336309,0.520847591085896,0.49442468292851927,0.5061148406548109,0.44914602429509326,0.5255967470745132,0.5407053474142026,0.5836951390415378,0.5091291019146466,0.5388385194276837,0.5402393603483577,0.4909617865326355,0.5095351413751416,0.6024628607594782,0.5021823166342523,0.3130570985205936,0.6347031796980771,0.4359233472884045,0.4961145506981049,0.5091931197594953,0.5504348000209525,0.13934004215704798,-0.11043501216538314,0.13368274954402384,0.6826418259963217,0.13220028514211862,1.0504852131574052
0.41320143677535776,0.38936777286535096,0.7709895760340831,0.409225116495118,0.5911146497604397,0.6612472858377664,0.5599118561857551,0.586396489523767,0.5083026282392782,0.6413044155342832,0.6060230748098533,0.5458107639359697,0.8981093060507123,0.5854827430059774,0.3458054189578921,0.6057898341343091,0.665151000567369,0.5246207445834198,0.6390764756599925,0.41754314870432196,0.5744771830723612,1.808565161867095,0.7988273943685199,0.6653326188075621,0.5923049261288118,0.38385089009875206,0.6464836119296353,0.4754998369873059,0.976232787353283,0.6296148957391536,0.4850659221939224,0.805159122822145,0.44274382075632024,0.6760734168087014,0.506475542248873,0.7783003066680776,0.2215019494891128,0.33565664797150313,0.8294271586311318,0.3849034283671084,0.3614456899032146,0.4597209831287204,0.45732882459882707,0.16755235036581684,-0.3541242120870515,0.7792629553711661,0.9233464643369823,-0.5802311927929475,1.3008185307187974
0.29691118027220414,0.2947579255408602,0.6543153917298641,0.3559424796068545,0.39844887860060274,0.5824605000694517,0.3517613201716559,0.540682311223867,0.4241648761809184,0.5875587442459874,0.47626199770413147,0.38114026657611333,0.5308844179830398,0.5198296579354292,0.36993069416416,0.36768327155017977,0.5005010584715167,0.6881416427017838,0.4799678991782881,0.6021341854469675,0.4138972390336309,0.7988273943685199,1.7488858624284516,0.6978345394770162,0.6549263795183966,0.26940508859144646,0.4674362541643074,0.4164175963721037,1.0328817368260061,0.7953267965719372,0.31908506429241046,0.49244989377958964,0.3670495731645624,0.680411597171401,0.47546361084010075,0.4325914627692742,0.38872917001817436,0.27827314271614884,0.7056204765035381,0.6413018076836154,0.33432014323056575,0.47002611715626236,0.6481784278323128,0.12687734928915806,-0.14289322595112416,0.4458042119809401,1.0659340531165566,-0.014460876612957613,1.242637248169258
0.18034668537331158,0.3511140338549836,0.7145200947634384,0.35591367100706556,0.49854640797006494,0.6198199467746531,0.49465265122380364,0.5529444468166452,0.5851984503607287,0.546223475050732,0.5524435877196947,0.5014505560684829,0.6114595038166075,0.601145708175419,0.5124243069354746,0.5073416981607458,0.5867964921760098,0.5020759625960312,0.5613497491550543,0.5968083816956355,0.520847591085896,0.6653326188075621,0.6978345394770162,1.231041731956476,0.5820583188692293,0.3897906532546375,0.6545934003057474,0.7720922722075466,0.48882194663312295,0.9017952443180557,0.5913845570988541,0.6884796565628553,1.0394454115467726,0.4649901554955179,0.5683463939592914,0.4682275498552878,0.7507509716128707,0.36279033931912424,0.7395957946945775,0.46136294128843197,0.5414651637229451,0.5608219901914123,0.6820745200111977,0.12442873389769957,-0.2742406805574178,0.0851011125104684,0.8750118558283955,0.28609182976366376,1.7149682022732688
0.4112314403845576,0.42808278589165616,0.7630600084108891,0.3492362385664452,0.3965561775642037,0.6148060683172355,0.47012439508513004,0.5648703786580453,0.4914524337017005,0.5158000208687342,0.5277982999280985,0.5287627866569142,0.529474475363345,0.5791251101987157,0.47768705306298775,0.46846606065158053,0.5826733471426341,0.5006399784454499,0.49950794799810244,0.5812223635477679,0.49442468292851927,0.5923049261288118,0.6549263795183966,0.5820583188692293,1.3769397784290123,0.42875958127266,0.5421010973006973,0.4698313243327112,1.048581888922679,0.8103925021152947,0.45813191544501786,0.5251116342257118,0.28978313979437526,0.7991290717162113,0.6229823418445907,0.5606762247242868,0.5477466360488927,0.36892969398376024,0.7074118396962089,0.407661674574953,0.4649550004893703,0.5359575073089166,0.6496922917317058,0.18287026682702648,-0.04393741979721228,0.21764439335351804,0.8176235631047338,0.07488176818802371,0.9837524837619752
0.4535385770581157,0.5064282961665179,0.9899796513015607,0.4003444228404213,0.5028653637663638,0.6812011016347835,0.5412080314904409,0.6989088633458401,0.7651554095651618,0.5238256251667417,0.604200323038476,0.6173217491841583,0.5032728750583222,0.6850242010730969,0.6181468969773222,0.4562893290993544,0.623891489181028,0.660366102379384,0.5865281918408024,0.6671264258070226,0.5061148406548109,0.38385089009875206,0.26940508859144646,0.3897906532546375,0.42875958127266,1.9494760878667678,0.5307703947825722,0.41978599972995756,0.33450300774354175,0.5021163970391487,0.46034637162818626,0.6743089524194602,0.30750880511680145,0.6666081586055953,0.4933146259044967,0.5532302916754296,0.2657367097771263,0.43632694460302585,-0.30565942720160194,0.256083029898598,0.9520998879650062,0.637971327829047,0.5253283888182718,0.12580832215657956,-0.6041038421018438,-0.051162130287233,0.4509658325334755,0.32471443087927254,1.3014504085467027
0.40475188561306086,0.713029103917506,1.0131337831299088,0.32196225138047496,0.273697895717879,0.6042746353152362,0.5216140662891272,0.6206665654364226,0.6202052207935311,0.6223839544245037,0.6037040633777166,0.6677710613744146,0.6010266124576004,0.4874891011963566,0.47283450667572074,0.40898440043616846,0.5611194119434986,0.18761005718312448,0.42646930982661735,0.6021804435568242,0.44914602429509326,0.6464836119296353,0.4674362541643074,0.6545934003057474,0.5421010973006973,0.5307703947825722,2.406313498388438,0.631583814855453,0.21618928043416547,0.4127149295624092,0.6059505109491823,0.5803157678321678,0.7591151794196476,0.6442829935000123,0.5045019545854128,0.24483166871146303,0.7264874462002616,0.35234760389091035,0.6175444222848907,0.4241328023467949,0.5458792328180391,0.525239443587309,0.7212472445441197,0.06986470506611062,-0.42277469193007594,0.4287659312353384,0.8955698078952146,0.21475584496642244,1.6679278251466225
0.29619880848959523,0.420728478704679,0.7377209596067897,0.21264815461074846,0.3073242094912763,0.45392414234346745,0.3681986121515356,0.43977936858573635,0.5284947198670156,0.45509728433224417,0.45669909500871914,0.33443070522926394,0.48896788085514825,0.5142883809880009,0.48818783985731634,0.40859541041545117,0.6160909280230501,0.466939928651039,0.38864538904687557,0.41681516987564293,0.5255967470745132,0.4754998369873059,0.4164175963721037,0.7720922722075466,0.4698313243327112,0.41978599972995756,0.631583814855453,1.5810152956284023,-0.02411718235782742,0.6263099813721159,0.5217953580740885,0.4288350724077971,1.5020263096330415,0.18417165080133696,1.192713818626543,0.13100753170903892,1.0154305998472952,0.28569895193251,0.591263620379102,0.39196192909272987,0.5513222766259157,0.6090733736818813,0.613185846568192,0.04298919686826054,-0.27580399812375245,-0.06832048461142214,0.8965246992447508,0.5408776032674258,1.6327731083203925
0.4817613672687861,0.5549037214664122,0.8661667611036888,0.4065978199047226,0.5298078022221333,0.7467597712584905,0.45992888459928943,0.6139226987552954,0.4757062173045384,0.6118145214231172,0.6251499887329979,0.5489815136114622,0.7327758682352857,0.5653844899287728,0.4708062361519739,0.5850321549670305,0.5900843928112912,0.6823395431867062,0.644387389322158,0.794353867222196,0.5407053474142026,0.976232787353283,1.0328817368260061,0.48882194663312295,1.048581888922679,0.33450300774354175,0.21618928043416547,-0.02411718235782742,3.1867529047253114,0.9065608225873385,0.2449819527804161,0.7164323174993906,-0.6715812611393503,1.0822960844794562,0.49291216154150946,1.0106720233159034,-0.32403587704094655,0.33089116086626824,0.83709676706516,0.549546718986303,0.09621486592951825,0.3940333451666127,0.3246513876513594,0.04461548311190627,0.18321460838731743,0.8155471821174581,1.0585988867335223,-0.5750929007675712,0.5598732741030209
0.544320492725996,0.5461053371401907,1.106831513693404,0.2702349151917977,0.18434356414913106,0.6338772423779299,0.45179354711204117,0.6787268108295081,0.6251264144463049,0.5000251809141925,0.482621396175032,0.34347310790015784,0.5658780060906913,0.614322095791693,0.5274298398723638,0.43525868156553915,0.5484718001169401,0.6048833362491857,0.44561757568832133,0.6710195493094305,0.5836951390415378,0.6296148957391536,0.7953267965719372,0.9017952443180557,0.8103925021152947,0.5021163970391487,0.4127149295624092,0.6263099813721159,0.9065608225873385,3.127070353730748,0.49882641633501734,0.6759812320431691,0.3171633499125854,-0.02455729123878761,0.9421743122872865,1.082555218837035,0.16777678919882832,0.4362968891373701,1.0454154671111833,0.9524601332483993,0.6308379266584969,0.6835139079675575,1.3381581861950311,0.3670035680780046,0.5870611803891896,-0.14209651516646984,0.6961868082296939,0.2572742860551096,2.0204803033661776
0.3123505068897997,0.4175108842695043,0.6933466498875769,0.3172969967929821,0.4529737297518061,0.5357652118958921,0.43317034062951204,0.46430484752900775,0.5157487158952219,0.463730490549071,0.5061686689930163,0.48105928893392835,0.4959240258053253,0.4819050865788109,0.469283363801775,0.4085604427535078,0.5131706258859794,0.4504355735837249,0.496508577556131,0.5066218888527134,0.5091291019146466,0.4850659221939224,0.31908506429241046,0.5913845570988541,0.45813191544501786,0.46034637162818626,0.6059505109491823,0.5217953580740885,0.2449819527804161,0.49882641633501734,0.9529700053951268,0.5165715713088744,0.6764768679703029,0.47387127383351546,0.36654384899154624,0.704299788956458,0.6940763977595794,0.3844734372474268,0.53583512609029,0.3022360246650247,0.6134512981661788,0.5296904054987203,0.5159209502980592,0.15130978677857457,-0.14330759975152882,0.12547124168278925,0.5992075784264898,0.18907284765394347,0.8430274516523009
0.3349704162539586,0.38093288516385426,0.7051666599508104,0.41074598521216227,0.6367747269351909,0.6504095342349339,0.528121217296401,0.5356367277480039,0.5648914517522204,0.5508674884035595,0.6035068178386644,0.6394457966410635,0.6970954904367828,0.5836836011628167,0.4874177700130629,0.6330580951865533,0.5853080916602059,0.4760361307734134,0.6443954223241785,0.6075486494768619,0.5388385194276837,0.805159122822145,0.49244989377958964,0.6884796565628553,0.5251116342257118,0.6743089524194602,0.5803157678321678,0.4288350724077971,0.7164323174993906,0.6759812320431691,0.5165715713088744,1.1536735689470692,0.41905220651188635,0.6368481541220246,0.4392079419767134,0.685755884878885,0.28242697813700024,0.4046547524277698,0.5467077424210975,0.3877168364799041,0.5320300209823275,0.5031089073930616,0.462070562220482,0.13646930656499726,-0.30429720386675035,0.2927297509152347,0.763174951257528,-0.017917153384310727,1.239731334738745
0.29578562217801274,0.4340355523825148,0.7009067795122346,0.28301205121605577,0.4104960536043997,0.4891972873370688,0.4062141921966993,0.3923037131151037,0.5845298855370772,0.4577732189492641,0.4312937844013018,0.3765993554680567,0.4492356961130885,0.5118722941179192,0.5027210227432191,0.3221427327353912,0.5480243052199135,0.4296783133834447,0.4514494155341806,0.34790445354744415,0.5402393603483577,0.44274382075632024,0.3670495731645624,1.0394454115467726,0.28978313979437526,0.30750880511680145,0.7591151794196476,1.5020263096330415,-0.6715812611393503,0.3171633499125854,0.6764768679703029,0.41905220651188635,3.186401284187169,-0.2151466788861815,0.07181160683342633,-0.1597642971369249,1.8116022251161084,0.278102968750197,0.5167670849052853,0.1021524710252475,0.5104986316452768,0.5143958502485384,0.9479665602363572,-0.04621029544550348,-0.747723274309209,-0.40300469154290947,0.8343765932883044,0.8336985287257316,2.364715522551417
-0.11912997690464341,0.32243220046572435,0.566345486947884,0.4158463816731885,0.6840344746215924,0.6592955337153791,0.5486471482635862,0.6188406403120897,0.5472093735358223,0.6041592168878293,0.6509336295518012,0.6491696200904162,0.6337915291234721,0.6022700041458626,0.5238925967582462,0.5577963939227855,0.6553330531267321,0.49639418910367283,0.6542326899077507,0.7835132285225214,0.4909617865326355,0.6760734168087014,0.680411597171401,0.4649901554955179,0.7991290717162113,0.6666081586055953,0.6442829935000123,0.18417165080133696,1.0822960844794562,-0.02455729123878761,0.47387127383351546,0.6368481541220246,-0.2151466788861815,2.771112569606078,0.49482336767129215,0.44243212852367736,0.9487803386245716,0.4054067849520137,0.4716494752926038,-0.15243797325721944,0.7763416953949355,0.7190977893169415,0.39255573764026785,0.23633594104605482,-1.083409883006451,0.1742571838978032,1.042536914047469,0.07356348664449758,1.0061460640444924
0.28323035871376473,0.3898262274937134,0.762466656080909,0.13227444142376413,0.1924523493366041,0.40855321369030495,0.33330126438841123,0.498081022824037,0.46103052027254565,0.44581008190853644,0.4762701219984735,0.3172352358081538,0.5166385510680007,0.5151325932695118,0.4468049000589985,0.4697716587260202,0.615268469784429,0.4773356989475344,0.3117081480670152,0.4384331269736039,0.5095351413751416,0.506475542248873,0.47546361084010075,0.5683463939592914,0.6229823418445907,0.4933146259044967,0.5045019545854128,1.192713818626543,0.49291216154150946,0.9421743122872865,0.36654384899154624,0.4392079419767134,0.07181160683342633,0.49482336767129215,2.4551652199178604,0.3093332483835202,0.2851050493784769,0.2600989964425519,0.6788404964432695,0.6977114489695941,0.5711635446447729,0.7415597323280694,0.3217959737297773,0.11213820731588194,0.13789709281538692,0.183100124129758,0.9789204734989928,0.3237400479509267,1.0758823738992653
0.34773232415561117,0.3999698328295526,0.9774894355422995,0.3416128068451659,0.5169924850754615,0.5738391907885161,0.4674015310543323,0.5017880434010537,0.47126960192610745,0.4677585629503189,0.5075195805068466,0.42907965987123164,0.617361105246428,0.4819042494836205,0.4250978478101917,0.49415936341346584,0.49027316327883635,0.5689019397834797,0.5723639493539204,0.2936471770556211,0.6024628607594782,0.7783003066680776,0.4325914627692742,0.4682275498552878,0.5606762247242868,0.5532302916754296,0.24483166871146303,0.13100753170903892,1.0106720233159034,1.082555218837035,0.704299788956458,0.685755884878885,-0.1597642971369249,0.44243212852367736,0.3093332483835202,3.252974515502651,-0.5404436247936105,0.24100970343433492,0.6134818728290728,0.2455154648109216,0.42166605535023816,0.6259771515016685,0.34612151322568385,0.10675648816889026,-0.06289666853645014,0.5074625415884182,-0.3432786638468092,-0.5454734942131009,-0.7599136407125152
0.17701447350895877,0.5724942835389428,0.6641657710104657,0.29321135774045376,0.4674897430108839,0.5669500481456385,0.4076044535261568,0.5004329887506195,0.5552017021466659,0.49362153609850196,0.4908697544681974,0.40122809020641964,0.39969239939982254,0.5553698096272683,0.5669623290789415,0.36930103528372127,0.6561610693299937,0.47484050308465714,0.5110838380754167,0.7825998290717466,0.5021823166342523,0.2215019494891128,0.38872917001817436,0.7507509716128707,0.5477466360488927,0.2657367097771263,0.7264874462002616,1.0154305998472952,-0.32403587704094655,0.16777678919882832,0.6940763977595794,0.28242697813700024,1.8116022251161084,0.9487803386245716,0.2851050493784769,-0.5404436247936105,3.645387180531582,0.5071496393903933,0.4845864300752427,0.0004678720017525219,1.0522549780632824,0.8928604754556414,1.3477439802280469,0.010665306188503991,0.011518912684999388,-0.27314013605759047,1.3138757059314068,0.9659786318942852,1.6151805516986608
0.2749793012159079,0.29012297211217997,0.3746491645675523,0.2452386632179849,0.360921744760833,0.4416638507151971,0.3072703331532031,0.3645074626516815,0.36744073598274474,0.3144382570707631,0.3814128104963719,0.37402415919545723,0.3205352785930372,0.3682002017302956,0.342629667470995,0.2886959098729367,0.3945910587922516,0.2831953289106219,0.41376974740961314,0.7076992340250834,0.3130570985205936,0.33565664797150313,0.27827314271614884,0.36279033931912424,0.36892969398376024,0.43632694460302585,0.35234760389091035,0.28569895193251,0.33089116086626824,0.4362968891373701,0.3844734372474268,0.4046547524277698,0.278102968750197,0.4054067849520137,0.2600989964425519,0.24100970343433492,0.5071496393903933,0.8211750085429816,0.2920055540649038,0.3662845017139947,0.41533501129036304,0.4199472721232072,0.6821695053254474,0.171006238830557,0.2593725009391276,0.1540705795385827,0.6486699227599753,0.20674195202487133,0.7190038993116555
0.43659460367099645,0.453127886412341,0.868067922706094,0.35939210137089117,0.4746311052504285,0.6115809113010465,0.5451177316047472,0.6279658057513263,0.5511538880084769,0.5875270256483099,0.6363215733644474,0.556791738492419,0.7100960539880714,0.5304332476868162,0.4808265707836562,0.5201664245441413,0.6137890042562186,0.4169156811997656,0.5447480152867132,0.5331781575234996,0.6347031796980771,0.8294271586311318,0.7056204765035381,0.7395957946945775,0.7074118396962089,-0.30565942720160194,0.6175444222848907,0.591263620379102,0.83709676706516,1.0454154671111833,0.53583512609029,0.5467077424210975,0.5167670849052853,0.4716494752926038,0.6788404964432695,0.6134818728290728,0.4845864300752427,0.2920055540649038,1.9483901225360736,0.7639886954844916,0.0401861820715506,0.37453071240926655,0.6277518196025538,0.23532956741387187,0.3591063075262161,0.2915899850242565,0.9904890548179358,-0.0303086946436915,1.5417658696535403
0.45733816412084305,0.38514690089450077,0.6568281083029381,0.22365944331573187,0.2397393616162478,0.45885529552167253,0.3183739922248738,0.4327816914286174,0.39605934170434953,0.3798907356798832,0.4200106741954916,0.369945245068936,0.3956047366885659,0.3858662069411149,0.36523191254466947,0.32041050615597066,0.4118009098782471,0.3789664539191459,0.3566704270805661,0.6352072610914494,0.4359233472884045,0.3849034283671084,0.6413018076836154,0.46136294128843197,0.407661674574953,0.256083029898598,0.4241328023467949,0.39196192909272987,0.549546718986303,0.9524601332483993,0.3022360246650247,0.3877168364799041,0.1021524710252475,-0.15243797325721944,0.6977114489695941,0.2455154648109216,0.0004678720017525219,0.3662845017139947,0.7639886954844916,1.9063237497809076,0.271849969043932,0.33954624690111473,0.6357665312614684,0.21383507804808283,0.6027351711819494,0.11123297912100295,0.9323330978522131,0.3864384362379292,1.5264937177006783
0.2873660303635229,0.4393203348900381,0.7584285171344048,0.30456154253615036,0.4360824274628882,0.5809436075579584,0.4029803744716708,0.5169881648786127,0.5698495933998109,0.46090187812407274,0.47329540816913546,0.451826216764673,0.42533673244516385,0.5684848295127266,0.5215271139766013,0.44750276847749115,0.5561835990986338,0.5042186258329081,0.5188065060701121,0.6297625971393366,0.4961145506981049,0.3614456899032146,0.33432014323056575,0.5414651637229451,0.4649550004893703,0.9520998879650062,0.5458792328180391,0.5513222766259157,0.09621486592951825,0.6308379266584969,0.6134512981661788,0.5320300209823275,0.5104986316452768,0.7763416953949355,0.5711635446447729,0.42166605535023816,1.0522549780632824,0.41533501129036304,0.0401861820715506,0.271849969043932,2.7648409200673343,0.8262292859811317,-0.2702941290744289,0.2761742481908954,-1.2464464848367072,0.20947470043637495,0.7257467471633259,0.46408499442270706,1.7574848366731428
0.23401607009486133,0.434488863614424,0.8424987972679513,0.2800418622377356,0.4151668390126001,0.5531194636319668,0.4089826997885933,0.5103451015109334,0.5173177198243949,0.46885418161276626,0.49864394108158516,0.43147395244514736,0.48748871198715416,0.5234467125740194,0.4897507758147473,0.41452183368156353,0.6073393112509666,0.49730851802207604,0.4914817169802984,0.6063981859118419,0.5091931197594953,0.4597209831287204,0.47002611715626236,0.5608219901914123,0.5359575073089166,0.637971327829047,0.525239443587309,0.6090733736818813,0.3940333451666127,0.6835139079675575,0.5296904054987203,0.5031089073930616,0.5143958502485384,0.7190977893169415,0.7415597323280694,0.6259771515016685,0.8928604754556414,0.4199472721232072,0.37453071240926655,0.33954624690111473,0.8262292859811317,1.2802713891576525,0.7333920101196952,0.023723741783155887,0.07325487192804458,0.01967131336313052,0.8516568315306907,0.40734465917545865,0.8740881871961612
