1.0085543348670654,0.42008619480034887,0.4981197939676732,0.37350377401570695,0.4214744864540991,0.36299529204390524,0.4840627007800434,0.48149181647068207,0.4412369963897005,0.5028342544313044,0.4640905935199468,0.45901142213936363,0.41092693603382363,0.5042164101536376,0.3635907253332357,0.4601276853798258,0.37854765402453755,0.4261387525935902,0.47543435524821837,0.4483506492280592,0.4524001738119455,0.3956541910087787,0.442902577867766,0.2646329025954508,0.4120595463748967,0.4004075046843395,0.4853874797741529,0.451594211719342,0.3755731049738015,0.4181613170476215,0.4062136781380566,0.5146921535009276,0.3936681284341498,0.38682129125251363,0.4095022455959772,0.37716504745451307,0.4138764397897172,0.3567505299688456,0.3234875872748407,0.37926170321437996,0.31665307570132073,0.419432044158758,0.48293156215116523,0.4106582652762856,0.34354801393855,0.4090700256147679,0.41559120412061734,0.3962324282139797,0.33084553700737035,-0.0320264032893096,-0.08437275393155935,0.08886660941840349,-0.013706476659580457,0.1640515926765225,-0.29099308194279583,-0.09168754384722959,0.08941941098719978,-0.1884756729636582,-0.13906212553354566
0.42008619480034887,1.4707952420364403,0.2315059926867519,0.47501146160155966,0.4518425257297649,0.6065064280866931,0.5830282458570722,0.606839249719644,0.5249578141396666,0.5341223133013112,0.6009998321155747,0.5931698621828052,0.5600858570516035,0.5701064552155903,0.6200141547794992,0.5957946456894156,0.5350110291531032,0.45657286987240675,0.5287404913473297,0.5276584653273962,0.5488364577612134,0.4625462774670137,0.5506536310955777,0.5732021460572306,0.5276164857789137,0.4271032234210188,0.5011566136802982,0.5546211709831842,0.5263401878813633,0.41449412400398006,0.5865191250876397,0.5976053371794118,0.48604539947277314,0.4750087447019405,0.5099000758633869,0.43818627599224524,0.46490501105346527,0.40851931773948336,0.4125495732802323,0.6286362055229788,0.4397594401833748,0.5395121362640808,0.6398552256104869,0.5486248313349328,0.5924400711235062,0.6127913052494247,0.4610878060139805,0.5207631019955326,0.45903751500522055,0.020043658211426715,0.107488799940439,0.1468814786191099,-0.17486746838593523,-0.24806139271987668,-0.11880501009447353,-0.2742527640515583,-0.15300598804660684,-0.3785426635879189,-0.08315483625885754
0.4981197939676732,0.2315059926867519,1.5405555984810864,0.5234255305735652,0.47971299085690394,0.5853111117108238,0.5634592410949508,0.599317229833861,0.6056032254581182,0.5315526024850881,0.5306405330411302,0.5803485940794386,0.4933435925469973,0.518844789000815,0.5713598983097316,0.5278527643751437,0.5550545600733495,0.5389562510425673,0.47060242827365617,0.5353788554539639,0.53617929622245,0.5525817228073937,0.4740915153183192,0.4928764935586902,0.519702229127871,0.4755888898757548,0.6496613284662688,0.6273198573661247,0.5340544147774485,0.5379772922638146,0.4843656242460131,0.6500987662359016,0.5298085454438478,0.5157284839989453,0.5740984543975691,0.4655175426743128,0.482564724073306,0.46014523881113323,0.4304863744289935,0.5338826982318104,0.3891120956053465,0.5140059463035216,0.6890367946195888,0.551557685475738,0.48117558693455403,0.5427657460836545,0.5718463885624409,0.5219675161959326,0.4437367175704072,-0.2540564357668348,-0.01736368685309506,0.317836600046189,-0.11784946517678463,0.40880982638684066,-0.12279824537598011,-0.02973048190985455,0.11104435713417829,-0.476760591235932,-0.11540271920537767
0.37350377401570695,0.47501146160155966,0.5234255305735652,0.8336556308042358,0.4826911653071291,0.574474819021545,0.5012861128949512,0.5195595699496085,0.6216978430386352,0.5382674604620765,0.5927023135165368,0.5545114936142871,0.5185202271280579,0.5453529353210953,0.5523031451006932,0.5561271807635374,0.5738331953027851,0.5146075581353247,0.529210904786866,0.5330066439925094,0.5880240999795783,0.5186903370992796,0.5245412101782483,0.5731930755028125,0.5398206329364215,0.4762604940476736,0.5189294421560565,0.4778541614115141,0.5352283512852446,0.4973243316164496,0.5782760587006353,0.5733738518384801,0.4942822845128333,0.47053773669117593,0.5026334336182147,0.45519956164066033,0.3929316105797302,0.4011765219772233,0.3751082787192583,0.5032678756323995,0.34514543126214586,0.48969701474482685,0.6275592117728749,0.5358675465275542,0.4494412928651288,0.5145186782970561,0.41994153325205374,0.4565434805944698,0.44910965912156725,-0.020126158618773423,0.15660784815325138,0.1397829268492212,0.16577202777549713,-0.05676950494957878,0.10866002144389046,0.09766894849876337,-0.061630750052086125,-0.1554621656656642,0.04438362134964193
0.4214744864540991,0.4518425257297649,0.47971299085690394,0.4826911653071291,1.050748040900409,0.6327672392235968,0.5145842811726716,0.49914839182619125,0.5195864830810819,0.5780601605897571,0.6124266111008498,0.543795477827973,0.5129117947310634,0.5550479865770674,0.5655993891796409,0.5501741196661897,0.5960112120524155,0.48110864186254204,0.5120329114863289,0.5159517106476641,0.5668977534321039,0.5011418497093625,0.522365513883976,0.4818156056918801,0.5174556124431585,0.4792793720366002,0.5437104875372297,0.5698632262898079,0.5272733150282123,0.4940652477783351,0.5239761007072165,0.5951881859010762,0.47570130723677395,0.47423806357952475,0.4984399855290057,0.4442998853445253,0.4350461603842225,0.3942650601953725,0.4026109160925304,0.43998638773166227,0.3234601613760012,0.49588648643223476,0.5581540193263786,0.5171370409579473,0.38948965916901807,0.47026044997155286,0.3807434349261697,0.45023586742138644,0.484402854027553,-0.10898381966210853,-0.016005696231944182,0.08763741490277613,-0.21156024350496805,0.0114574436466012,0.14043468132375367,0.08447242503927034,0.04515074834107373,0.013368856677471355,0.0015640491128931413
0.36299529204390524,0.6065064280866931,0.5853111117108238,0.574474819021545,0.6327672392235968,1.031500208045998,0.6860101658528893,0.6159719076286199,0.6063023666732168,0.5734529266480709,0.6642255314125094,0.630485932859395,0.5634914616384996,0.5918619171620124,0.6644628703765443,0.6097101331659202,0.590772860952224,0.5096775755685593,0.5462509131206243,0.5595088344573586,0.579398699335105,0.5268512001915766,0.5680245154414056,0.5859474340325637,0.5753381681418301,0.48973326145157625,0.5733946533093782,0.6250994147857479,0.5509548849986098,0.5127573948023613,0.5538783918291154,0.6388892215754264,0.5135147746944797,0.5081179908454342,0.5368119183796833,0.4710222755728765,0.45315066601406195,0.42305313761611324,0.4441391287140439,0.5285461115797547,0.41024100633305177,0.5378267263325043,0.6508767197600313,0.5828382272785028,0.47919779058066625,0.5835388196617182,0.5293085136453182,0.5144286668123434,0.5118750311761643,0.05247773075519121,0.0890174140855615,0.1753350088400938,-0.11963966484887648,0.02133665321936425,0.33513382149701676,0.05174264657470801,0.038377775162722776,-0.07791358996380593,0.07156480946876961
0.4840627007800434,0.5830282458570722,0.5634592410949508,0.5012861128949512,0.5145842811726716,0.6860101658528893,0.8994645825349377,0.6294466548349482,0.5910068215072862,0.6009618934496597,0.6014258384147944,0.6296773734473828,0.5502242957355754,0.5873905101190524,0.6468252906076952,0.605596646638523,0.5067555338118008,0.49198809371312957,0.5077293418985731,0.5644683377165375,0.5652045755291772,0.5194443688228018,0.5636755512713829,0.5358615745302783,0.5762416798921819,0.5037693442591842,0.638676047152663,0.6222531693349481,0.5546177504957345,0.5371813863568012,0.4948365567923295,0.6590851767876038,0.5298336786432349,0.5232607778513411,0.5657222691442584,0.4854390307581744,0.49131319507157417,0.45472253052448725,0.4714170814136039,0.5495982502846873,0.4623732621804901,0.5602041505016928,0.692621451447424,0.6000793427763549,0.4917959749734028,0.6230891688420541,0.5771851537988343,0.5556859280502597,0.49941326561951566,0.015984988783384363,-0.017466316416844554,0.12300288416874364,-0.20884567353405054,0.07637121285943864,0.042758996072072813,0.01657218919608039,0.13249919080214367,-0.04293738388295246,-0.07427929845730491
0.48149181647068207,0.606839249719644,0.599317229833861,0.5195595699496085,0.49914839182619125,0.6159719076286199,0.6294466548349482,0.9249762964333759,0.5895323172759067,0.5821583101603011,0.6739974372967931,0.5888972762151377,0.5312927602640987,0.6266604034749617,0.6190003286971787,0.5984281586935386,0.5555255894040854,0.5541017472526711,0.5813977172462477,0.5836021048815879,0.6213319297015871,0.5299885672651835,0.5869437012967167,0.5377286700969709,0.586724966304065,0.5254987541919205,0.639721950298941,0.6371205026885837,0.5634712149973767,0.5597083746097398,0.5726013521082155,0.6742623382841129,0.5377860132213645,0.5288091851391743,0.5699910174887197,0.5085054829517214,0.4840684494652382,0.46639686053839297,0.4605715237395939,0.5582450558940499,0.4398317809034104,0.5229099147332711,0.6721913423171402,0.5795486455466317,0.4973489472083502,0.5710873891884423,0.5558228790386119,0.518340094567637,0.47901828877205366,-0.17554345095032428,0.009842402985401033,0.14472564232418228,-0.0992647914900886,0.05024084497482379,0.01322309308588356,0.025744750788343016,-0.006519102547178457,-0.06020364305432737,-0.06324408440441165
0.4412369963897005,0.5249578141396666,0.6056032254581182,0.6216978430386352,0.5195864830810819,0.6063023666732168,0.5910068215072862,0.5895323172759067,0.809057274818344,0.6034417361717604,0.6353740566873458,0.6219388693106651,0.5719394278717188,0.6027487840254223,0.610713125310355,0.6109552415049325,0.567165149462225,0.5481446682585049,0.5041067866654797,0.5763925073343922,0.6215498312783714,0.618885493510828,0.5389161338620371,0.6253299629652556,0.5637735457684323,0.49402800384053497,0.589989553070598,0.625877911182328,0.6010285458744029,0.5574933043580999,0.6017970663667964,0.6893786894998712,0.5426754963562954,0.5439163665181591,0.583574857096664,0.4851266658350707,0.4793469615986372,0.4520356785020714,0.4411755119562648,0.5543059869677923,0.41401546813918183,0.5381438836713291,0.6820997929741668,0.5742277083060127,0.49157515473231833,0.5757404289665021,0.48292211239550814,0.5226444601211625,0.5125552454709666,-0.028805147237724964,0.09280012659686603,0.20162198066339312,-0.23512049942498653,-0.07907021989529213,-0.005436565462336206,0.04523406602147675,-0.06278790711456611,-0.09023347864109822,-0.07036933186639394
0.5028342544313044,0.5341223133013112,0.5315526024850881,0.5382674604620765,0.5780601605897571,0.5734529266480709,0.6009618934496597,0.5821583101603011,0.6034417361717604,1.0445462366314033,0.6178197807239026,0.633723465813922,0.5943064080188221,0.6090895344165088,0.6500128006058429,0.6511293705678245,0.5416050490169914,0.5246091530461405,0.5603529068082785,0.5963272832804771,0.7156164182088983,0.5715063524739743,0.5646320264377903,0.5048810031677969,0.6229521735347707,0.5041913294695437,0.6669996649005004,0.6602707595571231,0.5689757978535026,0.5612762615714332,0.6107726061134722,0.6963365331370746,0.5408702181592439,0.5382619115869115,0.573915963937865,0.4952692287188773,0.49061334977617266,0.4536668368030321,0.45951580648062934,0.5272789357210426,0.43259054729962604,0.5416720115573065,0.6754886494322894,0.5893084141965467,0.4680351241462911,0.5696477371060815,0.5305674598677609,0.5119382786825237,0.5112033576749533,0.011712125213281962,0.05552920383666576,0.06336728942636764,-0.1296331470546962,-0.05617839459365314,0.007624967824788859,0.044960000582672986,0.06600605162945052,-0.081690490490337,-0.07136755963369702
0.4640905935199468,0.6009998321155747,0.5306405330411302,0.5927023135165368,0.6124266111008498,0.6642255314125094,0.6014258384147944,0.6739974372967931,0.6353740566873458,0.6178197807239026,1.0401409363167404,0.6653787440192391,0.6299593542447617,0.6746652138465686,0.6557981472305413,0.6840412921730854,0.647480100961137,0.6459960915324813,0.672956030994575,0.6650901059533456,0.6499302261537053,0.6477758248348652,0.6949053096361135,0.6106913713736186,0.636634940624415,0.5880078385489387,0.5925671889006793,0.6955858698579972,0.6343408088644227,0.6081610071165362,0.7305206604749269,0.7447203179717745,0.5854755334199709,0.58895481001093,0.6133603499159948,0.5378864687117128,0.5070098048031965,0.4944430812788007,0.43819477492104814,0.5406715640698603,0.4063816768669067,0.5855229168298031,0.69283940127272,0.598029342707852,0.485132051212144,0.5877400949306442,0.4819050357175802,0.5357633967370976,0.5575824557513183,0.023452095599677,0.20267762125810143,0.06936655066289028,-0.09781778407178358,-0.1018401586231508,0.10747070154817691,0.015079392114151043,-0.09644094478856684,-0.023515209372908224,-0.03532858145259573
0.45901142213936363,0.5931698621828052,0.5803485940794386,0.5545114936142871,0.543795477827973,0.630485932859395,0.6296773734473828,0.5888972762151377,0.6219388693106651,0.633723465813922,0.6653787440192391,1.0529954178811063,0.6723155108138197,0.6652642956565866,0.6553271227210516,0.7500868431475933,0.5964643650450454,0.5243694995879745,0.5115338916140525,0.6428158619156278,0.6322569137694725,0.5416976299942279,0.5819179836223524,0.5479126024883897,0.6040542474675249,0.43670495817956323,0.6089291643941959,0.6173242916892936,0.5709623853427622,0.5813132733690252,0.635408330141813,0.7415112579879487,0.5486152795765736,0.5736978958558621,0.5496658883770253,0.5309676528574756,0.5274378858443919,0.4574145003507426,0.43077301665840956,0.5522749831810763,0.454569524356405,0.5627992497055084,0.7230972514121504,0.5943091215271216,0.49943203211768605,0.602983542466901,0.5260831135094302,0.5567530531645363,0.5117496479816753,-0.11741241578644025,0.046469309931112084,0.05495677890349114,-0.16726114867732014,-0.19088031195918248,0.1930735055873653,0.0485604315035048,-0.004862460379802704,-0.11012131400904321,-0.07103755319527479
0.41092693603382363,0.5600858570516035,0.4933435925469973,0.5185202271280579,0.5129117947310634,0.5634914616384996,0.5502242957355754,0.5312927602640987,0.5719394278717188,0.5943064080188221,0.6299593542447617,0.6723155108138197,0.9935105511906481,0.594317218966176,0.6457052516560126,0.7284657818482186,0.6122658911975069,0.6194179985269006,0.627961928116721,0.6385221266821162,0.6448504186356295,0.6527784104080102,0.6376733654967023,0.6712904393370341,0.6116604361873759,0.4738223124794878,0.5960776090036564,0.6986393969868624,0.6773247916668343,0.663619408916933,0.7263702055891998,0.7830460830058084,0.6204794082962006,0.6282567837166152,0.6394762695971771,0.5757680637625,0.555597822346093,0.5360118247216402,0.4039692600760616,0.584426837916684,0.44761882107693957,0.5803729856727066,0.7756042604755432,0.6120774298873881,0.5248478850466743,0.6135401885321676,0.5014011943137257,0.5656128486667404,0.5269828578403442,0.0017800459686257981,0.09079141091067235,0.09958165796494259,-0.08835982992559734,-0.16212436854849563,-0.0584125750946056,0.026615584869665265,-0.07741205727655924,-0.06029603930073881,-0.10346634263704224
0.5042164101536376,0.5701064552155903,0.518844789000815,0.5453529353210953,0.5550479865770674,0.5918619171620124,0.5873905101190524,0.6266604034749617,0.6027487840254223,0.6090895344165088,0.6746652138465686,0.6652642956565866,0.594317218966176,0.8828880795862492,0.634178984086858,0.6943718595176774,0.5528181074030811,0.5510198615975119,0.5353996449320266,0.6085686603302782,0.6207115957300604,0.5675400261472204,0.6257039349669037,0.5640718782083898,0.604245664070185,0.5350070103081886,0.5897080158105743,0.5918980421786929,0.5747567803119004,0.5605773249867834,0.6345114062012637,0.6759650425160371,0.5329848169409325,0.5279778267258728,0.548444777152809,0.5134174821318833,0.49324070795309755,0.4408450613894648,0.3736526485434474,0.5075007690104314,0.38745747377637835,0.5348964008416368,0.6690116336124236,0.5739282994507781,0.4617729711549961,0.550785595528616,0.46675180216950074,0.4957113943290868,0.49030029017786725,-0.1897069613476035,0.11987572978308852,0.08132807120060236,-0.11995898433241382,-0.0825172606734836,0.023044587201309273,0.13183414420022666,-0.04898820766746968,0.0014785203652980352,-0.0834640987474872
0.3635907253332357,0.6200141547794992,0.5713598983097316,0.5523031451006932,0.5655993891796409,0.6644628703765443,0.6468252906076952,0.6190003286971787,0.610713125310355,0.6500128006058429,0.6557981472305413,0.6553271227210516,0.6457052516560126,0.634178984086858,1.0805470981596716,0.7300824446329715,0.6669873230659382,0.5570388174603065,0.5678579177152295,0.6253427785486305,0.6915316095991457,0.6088904424926027,0.6274646325188317,0.6545015893054683,0.7412506786280928,0.5640479923990401,0.6565697010131029,0.7317466450685266,0.6400407992959087,0.6026491246274035,0.6725129703011105,0.7262431758135168,0.5837691327783117,0.5799809965619394,0.6109812440691235,0.5617073989874134,0.5070123487180281,0.509017191684173,0.47698429429669775,0.5723337221086023,0.45550032363525805,0.5477837200122285,0.7170279544481291,0.592838226582622,0.5140328571014643,0.6102465615190835,0.5945783887590331,0.5542389734298895,0.5052678772467473,-0.16846865318541315,0.07126775883459413,0.10333686212438593,-0.10125598045172612,-0.14714209126864544,-0.048711099199078706,-0.008390438893211373,0.018214213592594758,-0.09312827148087549,-0.08496329230910202
0.4601276853798258,0.5957946456894156,0.5278527643751437,0.5561271807635374,0.5501741196661897,0.6097101331659202,0.605596646638523,0.5984281586935386,0.6109552415049325,0.6511293705678245,0.6840412921730854,0.7500868431475933,0.7284657818482186,0.6943718595176774,0.7300824446329715,1.0161492643195504,0.5614449842207507,0.5425988613648539,0.6416274582916482,0.6754261411856728,0.6965946921150876,0.608635207314909,0.6399165864363233,0.5283822001023706,0.6502082060432046,0.5312383728555844,0.6632636067841233,0.6273304589800189,0.6148040103842425,0.6142002926131364,0.7111432598367996,0.7356479797642679,0.5819573617033836,0.5818795027586466,0.5976570252136726,0.554557403038206,0.5437573496205071,0.4972076096316532,0.4105034868996429,0.5539724794749104,0.43287582179482303,0.5726944503946991,0.7551534421983744,0.6102706611187173,0.5012221825994001,0.6036726254525379,0.5683484081114855,0.5485775661041874,0.5053558563857423,-0.09677165817303142,0.1117473937641545,0.05065295857619869,-0.1316506086265551,-0.09619764223815826,0.004424086206594562,0.057586378409011076,-0.05991527081138192,-0.0486185875420199,-0.15883985142612903
0.37854765402453755,0.5350110291531032,0.5550545600733495,0.5738331953027851,0.5960112120524155,0.590772860952224,0.5067555338118008,0.5555255894040854,0.567165149462225,0.5416050490169914,0.647480100961137,0.5964643650450454,0.6122658911975069,0.5528181074030811,0.6669873230659382,0.5614449842207507,1.7241834823156312,0.820818065793167,0.85472350353616,0.6779033794605678,0.6932441827982166,0.6040789075546864,0.673952906050617,0.7791264571245828,0.6701677219718006,0.5862714203041511,0.6338761306020487,0.6754114477975135,0.6797732754294933,0.6429633792524941,0.6876506275428195,0.721383302252525,0.6010583243843334,0.5775626266096463,0.6558531460879458,0.6142068882305163,0.5045696285601432,0.5439708073796058,0.5425231479393726,0.6225744844439373,0.406488229398817,0.5856223963460819,0.6812503094302997,0.5507223014732837,0.5122129753762205,0.5690426307481872,0.4292666750268399,0.5644197510545026,0.5243680963162624,-0.13872268382802072,0.029923667512861005,0.09826732678038325,0.03129891971123185,-0.14141846409833309,-0.2961914685995294,-0.08431484531128407,-0.17663189447962982,-0.2258623492730828,-0.07180054090666728
0.4261387525935902,0.45657286987240675,0.5389562510425673,0.5146075581353247,0.48110864186254204,0.5096775755685593,0.49198809371312957,0.5541017472526711,0.5481446682585049,0.5246091530461405,0.6459960915324813,0.5243694995879745,0.6194179985269006,0.5510198615975119,0.5570388174603065,0.5425988613648539,0.820818065793167,1.483388928145734,0.7967640286952421,0.7624424488655306,0.5353270647867214,0.8709083241995157,0.6370022675533181,0.6113118830246241,0.6178613715499274,0.8092464759068475,0.8453809912092726,0.8681084411531305,0.7143346859477909,0.7632615726000426,0.9396534090487288,0.8503879333143691,0.6808125003328813,0.6964600470173432,0.6937534037009055,0.7074753637495804,0.6206343090457167,0.5872844567452297,0.5987214422332652,0.6458288013845461,0.45889790049449064,0.7084095309259872,0.7307936545149251,0.6394193647521401,0.553366705305951,0.6363007935821492,0.5098554703325513,0.6474123839551081,0.5896437817695129,0.0038917956987173834,0.10834979537043922,0.05406127543970517,0.008220098979082215,0.04347941061019439,-0.2401792519181885,-0.07738195942761199,-0.08691171156915344,-0.227817141905908,-0.11471576224468048
0.47543435524821837,0.5287404913473297,0.47060242827365617,0.529210904786866,0.5120329114863289,0.5462509131206243,0.5077293418985731,0.5813977172462477,0.5041067866654797,0.5603529068082785,0.672956030994575,0.5115338916140525,0.627961928116721,0.5353996449320266,0.5678579177152295,0.6416274582916482,0.85472350353616,0.7967640286952421,1.8795723188462392,0.6696631382298712,0.8276865344938575,0.8912928978635479,0.7906627246324517,0.6729948442256852,0.652166318764879,0.8039779250197485,0.5936832059787183,0.5746866211957298,0.6751437607224064,0.6817136460035187,0.9481411845767856,0.8296594166853978,0.6166219621667394,0.5747284786344089,0.5971163946127659,0.6183044265600499,0.535946763378107,0.49561839568084,0.5539344681837955,0.6275477127990317,0.40757421457234616,0.6216312865928411,0.8243809004873903,0.6323470161870823,0.5283238598908424,0.650520685998826,0.4325859265855754,0.583235226682601,0.5164664820369929,-0.2875967098436803,0.22344585242091727,0.08621712181080515,0.22844333157973654,-0.1970287367280584,-0.2623983019939797,-0.050242812943617064,-0.17046898851316525,-0.24366582816370108,-0.18682008100544045
0.4483506492280592,0.5276584653273962,0.5353788554539639,0.5330066439925094,0.5159517106476641,0.5595088344573586,0.5644683377165375,0.5836021048815879,0.5763925073343922,0.5963272832804771,0.6650901059533456,0.6428158619156278,0.6385221266821162,0.6085686603302782,0.6253427785486305,0.6754261411856728,0.6779033794605678,0.7624424488655306,0.6696631382298712,0.911211262605755,0.6619965007375945,0.7132073525283831,0.6838384947573947,0.5724701951711502,0.6850504519058612,0.7153740232795641,0.8419722607430137,0.7590688627290063,0.7162969996709778,0.7170140378287283,0.8700262470312441,0.810905010357257,0.6611572396399645,0.6579815423033603,0.6991806243374337,0.6588156971160067,0.6048894635317974,0.5767121749493682,0.5286646255298008,0.6188403853420072,0.44277173290747057,0.6652809193852891,0.7754492787896714,0.6546132982800683,0.547555751529589,0.6365596895996469,0.6184274810603141,0.6131072146569824,0.5710822227898198,-0.04291410408955021,0.10991186822999915,0.06193837535984151,-0.07830351211598079,-0.015145823076676765,-0.08556819172880159,-0.0031557210622915276,-0.06717325017082419,-0.1439979105522472,-0.17664085608144012
0.4524001738119455,0.5488364577612134,0.53617929622245,0.5880240999795783,0.5668977534321039,0.579398699335105,0.5652045755291772,0.6213319297015871,0.6215498312783714,0.7156164182088983,0.6499302261537053,0.6322569137694725,0.6448504186356295,0.6207115957300604,0.6915316095991457,0.6965946921150876,0.6932441827982166,0.5353270647867214,0.8276865344938575,0.6619965007375945,1.6121813355563015,0.7017767012211641,0.622348024270152,0.6030036805075443,0.7711595403496613,0.5422292348353026,0.7738523712304991,0.7673940389454997,0.6731519177788441,0.6628163462874809,0.6504194486952964,0.7700832227753849,0.6189131242884999,0.5915200427839276,0.6993007899329398,0.4676446080032075,0.4792996746219821,0.5459687958597181,0.5153835987436735,0.5769011350479648,0.45304156377048527,0.5746949881779708,0.7399864561902446,0.6278722407582819,0.4838319674688685,0.6216079963848117,0.5645244255558165,0.5266907392399427,0.5790403050695944,-0.002914462883083135,0.049571495251991234,0.1346184588596706,0.0932598784794905,-0.1491771778842272,-0.16779121208560493,0.04422323901535153,-0.04745812218964633,-0.1331185073338318,-0.06007605851383106
0.3956541910087787,0.4625462774670137,0.5525817228073937,0.5186903370992796,0.5011418497093625,0.5268512001915766,0.5194443688228018,0.5299885672651835,0.618885493510828,0.5715063524739743,0.6477758248348652,0.5416976299942279,0.6527784104080102,0.5675400261472204,0.6088904424926027,0.608635207314909,0.6040789075546864,0.8709083241995157,0.8912928978635479,0.7132073525283831,0.7017767012211641,1.7233380730422763,0.6200387581954871,0.6073522890290182,0.65999417391215,0.9488479614497672,0.6151405756815042,0.8124440243255179,0.7122455525934294,0.7483838753683992,0.8907351758221851,0.8835621369096659,0.6703701006543755,0.6966751451468762,0.6597358104698093,0.5983309911425213,0.5862171169594491,0.5564844517069328,0.5580398271983192,0.5771727764735927,0.4332476047237999,0.6517011232849693,0.7097101168667636,0.6493286134021652,0.5009813365467769,0.6222673528611284,0.5263363668304025,0.6129966606977573,0.6162784981099781,0.03250342098666721,0.12539408579309175,0.18267810651351313,-0.27959316518138677,0.053824206779312045,-0.19131031714161725,-0.0002093178183702969,-0.0619310694130534,-0.14897910255221153,-0.12792580663005607
0.442902577867766,0.5506536310955777,0.4740915153183192,0.5245412101782483,0.522365513883976,0.5680245154414056,0.5636755512713829,0.5869437012967167,0.5389161338620371,0.5646320264377903,0.6949053096361135,0.5819179836223524,0.6376733654967023,0.6257039349669037,0.6274646325188317,0.6399165864363233,0.673952906050617,0.6370022675533181,0.7906627246324517,0.6838384947573947,0.622348024270152,0.6200387581954871,1.1378635612963413,0.7125786559688021,0.6237667009686436,0.7559060029523161,0.567475185521707,0.6623996286712063,0.5869826991605575,0.5881211485034045,0.7314637906771245,0.6960700234118936,0.5758141335204972,0.5607565414678074,0.5664577413475014,0.5921815411722655,0.4292200188768139,0.5056788314084484,0.428926604565536,0.4620184531260725,0.3538672565430298,0.5034759500482522,0.6534603372420541,0.5427867565609974,0.42572191624088335,0.4693290716424354,0.3404781199433713,0.4755730139900426,0.4340207489650072,-0.17937357462231934,0.17116280350716592,0.009121602764953357,0.04529510281529191,-0.05961548960927293,0.01480823148828149,-0.009439264656068775,-0.10263995676111132,-0.09710094222309333,-0.0897246552529407
0.2646329025954508,0.5732021460572306,0.4928764935586902,0.5731930755028125,0.4818156056918801,0.5859474340325637,0.5358615745302783,0.5377286700969709,0.6253299629652556,0.5048810031677969,0.6106913713736186,0.5479126024883897,0.6712904393370341,0.5640718782083898,0.6545015893054683,0.5283822001023706,0.7791264571245828,0.6113118830246241,0.6729948442256852,0.5724701951711502,0.6030036805075443,0.6073522890290182,0.7125786559688021,2.7210740123647525,0.6265631434838349,0.5413603774742899,0.5126950391532404,0.7128055408938077,0.9373862625090733,0.6249386796999161,0.6162472339321443,0.6170828886564568,0.6087524599959151,0.5845837444619424,0.6631835110313894,0.6162237663212763,0.28786688678967837,0.3937849223461864,0.5040326451054141,0.815385749095861,0.3736801749979628,0.2956629160776422,0.6415453707477174,0.5367727317595488,0.667646094375228,0.5584037342156747,-0.27357828246259563,0.4386666443928626,0.5810238375014698,0.026390510177992436,0.062370893825545635,0.6047255390600601,0.033327197398003286,-0.41552113000417923,0.004972785102045877,0.09943455981394775,-0.10125237220819115,-0.21681839131538178,0.043313109000828125
0.4120595463748967,0.5276164857789137,0.519702229127871,0.5398206329364215,0.5174556124431585,0.5753381681418301,0.5762416798921819,0.586724966304065,0.5637735457684323,0.6229521735347707,0.636634940624415,0.6040542474675249,0.6116604361873759,0.604245664070185,0.7412506786280928,0.6502082060432046,0.6701677219718006,0.6178613715499274,0.652166318764879,0.6850504519058612,0.7711595403496613,0.65999417391215,0.6237667009686436,0.6265631434838349,1.045111475141928,0.6319103036177648,0.681606369661906,0.7273915005727217,0.6930642868063471,0.6644507042888556,0.7718045743744191,0.7438211027836921,0.6073425706483292,0.6006614764810426,0.6479808646787099,0.5948947358842434,0.5036721990403713,0.5405686773663372,0.4129699588021844,0.5507188370657151,0.38290913815506195,0.5855199941439952,0.7067321921738032,0.5651403670602547,0.4937082548126584,0.5931094544585427,0.6201057753506131,0.5512115237331292,0.5678554077774458,-0.08595743958863447,0.10486692664320549,0.07190761304306487,0.14064257233925606,-0.05316270277878696,-0.054644029668928076,-0.003897580212085128,-0.014492593104371771,-0.08972393264759788,-0.09205018894463066
0.4004075046843395,0.4271032234210188,0.4755888898757548,0.4762604940476736,0.4792793720366002,0.48973326145157625,0.5037693442591842,0.5254987541919205,0.49402800384053497,0.5041913294695437,0.5880078385489387,0.43670495817956323,0.4738223124794878,0.5350070103081886,0.5640479923990401,0.5312383728555844,0.5862714203041511,0.8092464759068475,0.8039779250197485,0.7153740232795641,0.5422292348353026,0.9488479614497672,0.7559060029523161,0.5413603774742899,0.6319103036177648,1.5758063575453933,0.791128750140198,0.621025420351356,0.5987849920604948,0.6772185705718915,0.9523382013599709,0.7613218484965903,0.6260040352830823,0.6287809249073951,0.6113444625293158,0.6409669195282194,0.508344270674519,0.5144474889617501,0.5795557245409283,0.5233187425421659,0.4163455182953697,0.6141035475460255,0.6567952218769216,0.6825214174872063,0.4460986114998752,0.5684754911939162,0.6070611713306338,0.5495297350866059,0.519225659795997,-0.09598066440060041,0.1713471908902785,0.03622059877081679,-0.036300321355894,0.17947195196023336,-0.286949747050342,-0.017062299307469404,-0.04643493044293769,-0.1471930458303611,-0.1450767366737362
0.4853874797741529,0.5011566136802982,0.6496613284662688,0.5189294421560565,0.5437104875372297,0.5733946533093782,0.638676047152663,0.639721950298941,0.589989553070598,0.6669996649005004,0.5925671889006793,0.6089291643941959,0.5960776090036564,0.5897080158105743,0.6565697010131029,0.6632636067841233,0.6338761306020487,0.8453809912092726,0.5936832059787183,0.8419722607430137,0.7738523712304991,0.6151405756815042,0.567475185521707,0.5126950391532404,0.681606369661906,0.791128750140198,2.743799395351382,1.2874913022703556,0.9272773912142307,1.0315832897455213,1.0531606080929363,0.9684189588459747,0.9088190465531139,0.9048849512044175,1.1375712388186574,1.0620692531079137,0.8914839198368097,0.8330486242584629,1.1447615329868053,1.1167698598558609,0.7618373265702476,0.9198158233310354,1.1377561682122677,0.9663201947536109,0.9174758513267129,0.9432621376595194,1.3582545808963395,0.9419845687097325,0.8537029459830039,-0.13855669428453898,-0.3030626603501027,-0.04142561266784943,-0.31952910218569214,0.08472380482231603,-0.38384207156039934,0.16836029561702237,0.05993654645253498,-0.26128092543559506,-0.3153016765899709
0.451594211719342,0.5546211709831842,0.6273198573661247,0.4778541614115141,0.5698632262898079,0.6250994147857479,0.6222531693349481,0.6371205026885837,0.625877911182328,0.6602707595571231,0.6955858698579972,0.6173242916892936,0.6986393969868624,0.5918980421786929,0.7317466450685266,0.6273304589800189,0.6754114477975135,0.8681084411531305,0.5746866211957298,0.7590688627290063,0.7673940389454997,0.8124440243255179,0.6623996286712063,0.7128055408938077,0.7273915005727217,0.621025420351356,1.2874913022703556,2.8077980872913058,1.0522968950130918,0.8511161861109519,0.9549320934370874,1.158499040993234,0.8724024358263345,0.9050464597545635,1.1678721567657537,0.8672911570970896,0.8806153969692537,0.7350381151678568,1.016498088363989,0.8139187466442109,0.615067434326572,0.8462120617975832,0.6161717319180595,0.7587608108209584,0.736666483292568,0.8862626436152627,0.9446055311025264,0.796841860126943,1.025267870609203,-0.10558711023354413,-0.1706844795970629,0.036784443038739144,-0.26065599527489924,0.04337574387172634,-0.16844151442821295,0.0031436901076742243,0.0011035128410607515,-0.1940013052731667,-0.13998466033695267
0.3755731049738015,0.5263401878813633,0.5340544147774485,0.5352283512852446,0.5272733150282123,0.5509548849986098,0.5546177504957345,0.5634712149973767,0.6010285458744029,0.5689757978535026,0.6343408088644227,0.5709623853427622,0.6773247916668343,0.5747567803119004,0.6400407992959087,0.6148040103842425,0.6797732754294933,0.7143346859477909,0.6751437607224064,0.7162969996709778,0.6731519177788441,0.7122455525934294,0.5869826991605575,0.9373862625090733,0.6930642868063471,0.5987849920604948,0.9272773912142307,1.0522968950130918,1.6439641711947302,0.8773180478857326,0.8743225207879904,0.8847358844905878,0.9059647095205732,0.8152045504959083,1.2244316217475328,0.8656118815896442,0.668809125945143,0.8349094041526575,0.6467164051293801,0.7846863932674144,0.40164737863278055,0.8950076988865082,0.9242108965523588,0.8150108982150199,0.697946221251982,0.7620280074639126,0.8081455667996023,0.7190772687090919,0.8148357511227421,-0.0624021047971138,0.1179515660547187,0.21258071568376366,-0.12080981307775596,-0.12665823810459034,-0.19829752556974148,0.0765612621530752,-0.10617828560219719,-0.18600025070804377,-0.14431696719743356
0.4181613170476215,0.41449412400398006,0.5379772922638146,0.4973243316164496,0.4940652477783351,0.5127573948023613,0.5371813863568012,0.5597083746097398,0.5574933043580999,0.5612762615714332,0.6081610071165362,0.5813132733690252,0.663619408916933,0.5605773249867834,0.6026491246274035,0.6142002926131364,0.6429633792524941,0.7632615726000426,0.6817136460035187,0.7170140378287283,0.6628163462874809,0.7483838753683992,0.5881211485034045,0.6249386796999161,0.6644507042888556,0.6772185705718915,1.0315832897455213,0.8511161861109519,0.8773180478857326,1.7189505466408541,1.0583634288443131,0.9968966619324919,0.8480807597473944,0.8341645519995867,0.9197295520150245,0.8346647345452285,0.6690029319955141,0.7699609471091047,0.6501366936350536,0.7838312897562857,0.5042075759696596,0.6828339660747798,0.9727463227674521,0.8063840988468927,0.6608617557178206,0.7154332249384341,0.9661608833585658,0.7352457860491668,0.6369078006932904,0.05179529345692422,-0.03170847111527385,0.13759578812646364,-0.12448382298717926,0.0403024981928412,-0.21265386098598468,-0.061751051085895826,0.006042281049092079,0.02702510364588322,-0.2643755753758169
0.4062136781380566,0.5865191250876397,0.4843656242460131,0.5782760587006353,0.5239761007072165,0.5538783918291154,0.4948365567923295,0.5726013521082155,0.6017970663667964,0.6107726061134722,0.7305206604749269,0.635408330141813,0.7263702055891998,0.6345114062012637,0.6725129703011105,0.7111432598367996,0.6876506275428195,0.9396534090487288,0.9481411845767856,0.8700262470312441,0.6504194486952964,0.8907351758221851,0.7314637906771245,0.6162472339321443,0.7718045743744191,0.9523382013599709,1.0531606080929363,0.9549320934370874,0.8743225207879904,1.0583634288443131,3.7158065551738595,1.1128657507127722,0.974099295827443,0.8196934248866976,0.8298361663958504,1.1376956051969938,0.8088424122034047,0.6378052503136501,0.8081640761848571,1.2511289522471427,0.44749247812420884,0.9411045562747914,1.3265112603772307,0.9796126331172793,1.1314498795780563,1.27538866992229,1.3682680236468279,0.8354787051941829,0.7276742625813754,0.2572859411369567,0.6336217984739426,0.03817631934830155,0.04027499662385968,-0.4583085880782851,0.03146222603364115,-0.39068395548225576,-0.2702372229203808,0.04814372403049163,-0.3830494094798118
0.5146921535009276,0.5976053371794118,0.6500987662359016,0.5733738518384801,0.5951881859010762,0.6388892215754264,0.6590851767876038,0.6742623382841129,0.6893786894998712,0.6963365331370746,0.7447203179717745,0.7415112579879487,0.7830460830058084,0.6759650425160371,0.7262431758135168,0.7356479797642679,0.721383302252525,0.8503879333143691,0.8296594166853978,0.810905010357257,0.7700832227753849,0.8835621369096659,0.6960700234118936,0.6170828886564568,0.7438211027836921,0.7613218484965903,0.9684189588459747,1.158499040993234,0.8847358844905878,0.9968966619324919,1.1128657507127722,3.014398687739416,0.7940367988469538,1.1689359154920465,0.8791713737696353,0.7123467090779961,0.9745444506964291,0.46331751271314586,0.7111106599678486,0.6600257001279578,0.8088303090701457,0.9610537254704972,1.2043971833494143,0.803600096944737,0.6972440370871763,1.1406769902389966,0.6284960691255768,1.0208822717348882,1.2115658788735046,-0.05751432888420731,0.04512751891485099,0.18835766309456048,-0.267464702125023,-0.09918357529694871,-0.4456521553356211,-0.05951916761212871,-0.010380001105877707,-0.08766636532053582,-0.2361257479608451
0.3936681284341498,0.48604539947277314,0.5298085454438478,0.4942822845128333,0.47570130723677395,0.5135147746944797,0.5298336786432349,0.5377860132213645,0.5426754963562954,0.5408702181592439,0.5854755334199709,0.5486152795765736,0.6204794082962006,0.5329848169409325,0.5837691327783117,0.5819573617033836,0.6010583243843334,0.6808125003328813,0.6166219621667394,0.6611572396399645,0.6189131242884999,0.6703701006543755,0.5758141335204972,0.6087524599959151,0.6073425706483292,0.6260040352830823,0.9088190465531139,0.8724024358263345,0.9059647095205732,0.8480807597473944,0.974099295827443,0.7940367988469538,1.1007685232506437,0.8988423493731104,1.0543874822994046,0.7737020737698124,0.7648458523106613,0.9871412788031128,0.6018254234604052,0.7533824836347178,0.4605636848359966,0.7652239411759644,0.9823771474923503,0.8366712392086931,0.7047140033345145,0.6532811949603292,1.1084717362787888,0.7610140859020368,0.534779842473414,-0.08114637010949942,0.07451442997243315,0.19319244111116415,0.007013432855537564,0.02822955633072509,-0.14455572500576255,-0.04612370262436681,-0.030250903701877607,-0.1375194470691882,-0.2062064211870881
0.38682129125251363,0.4750087447019405,0.5157284839989453,0.47053773669117593,0.47423806357952475,0.5081179908454342,0.5232607778513411,0.5288091851391743,0.5439163665181591,0.5382619115869115,0.58895481001093,0.5736978958558621,0.6282567837166152,0.5279778267258728,0.5799809965619394,0.5818795027586466,0.5775626266096463,0.6964600470173432,0.5747284786344089,0.6579815423033603,0.5915200427839276,0.6966751451468762,0.5607565414678074,0.5845837444619424,0.6006614764810426,0.6287809249073951,0.9048849512044175,0.9050464597545635,0.8152045504959083,0.8341645519995867,0.8196934248866976,1.1689359154920465,0.8988423493731104,1.4321411189832642,0.9203087802287617,0.7543964210921842,0.8540113253968021,0.7489836266088027,0.6396208695394202,0.6740254083913713,0.6117074050524426,0.8393288816077363,0.8740811956197192,0.8080738370682793,0.6218861607217092,0.5488687702836857,0.9449043300743276,0.894557744973908,0.8547590917377302,0.052788086255020156,0.0049819214220596765,0.11356317153421097,-0.21083496968256363,0.007334010312366281,-0.11314843595648427,0.0022406587098924855,-0.06233787263381352,-0.10741584619882755,-0.14039188908039035
0.4095022455959772,0.5099000758633869,0.5740984543975691,0.5026334336182147,0.4984399855290057,0.5368119183796833,0.5657222691442584,0.5699910174887197,0.583574857096664,0.573915963937865,0.6133603499159948,0.5496658883770253,0.6394762695971771,0.548444777152809,0.6109812440691235,0.5976570252136726,0.6558531460879458,0.6937534037009055,0.5971163946127659,0.6991806243374337,0.6993007899329398,0.6597358104698093,0.5664577413475014,0.6631835110313894,0.6479808646787099,0.6113444625293158,1.1375712388186574,1.1678721567657537,1.2244316217475328,0.9197295520150245,0.8298361663958504,0.8791713737696353,1.0543874822994046,0.9203087802287617,2.1288403578844526,0.697246197593697,0.5157648478437918,1.100641443216516,0.6170013165475853,0.7413177039930868,0.27970754585254437,0.695468855279397,1.0252039173346146,0.8618041416315482,0.6523155871254481,0.7977958312195624,1.3623856573829287,0.5845873358010342,1.0481409092915575,0.036756720665707066,0.008536125236626651,0.18877225255867516,-0.21913223410493016,0.11276710784178377,-0.3363303215500025,-0.06810120108426074,-0.057582281848276504,-0.18360152014308934,-0.189004562211698
