2.6584290579184313,-0.10576279604565608,0.1170930170919323,0.5639549535298161,0.2680610052741702,0.35745249730265083,0.34862046234571975,0.4423553058625553,0.4210495377310603,0.4125378283426427,0.2783811181821599,0.4824013464804356,0.4232825896120867,0.3542093231175803,0.5180852566963841,0.3273526500944753,0.2914351294186251,0.2161895533495564,0.28805933921750854,0.3592564260921263,0.3180611364702775,0.22512808726436362,0.3195889218044518,0.27781083571916265,0.42032666062197716,0.31939890591244136,0.24087048874886474,0.2652360996465528,0.28185011297837415,0.2730276300363724,0.2791937755835067,0.25222225346315225,0.30888571080135846,0.2748152133685816,0.2975470386513879,0.24484812006884937,0.245993176332728,0.22838535449470657,0.2622627569559113,0.18922927689150174,0.14250267594136726,0.11699969401880922,0.18396112843812049,0.27188589127550494,0.21672728684746254,0.1400110863015036,0.2200195546107302,0.16409662023621308,0.14875781064875798,-0.0683463516485079,0.2121056030303315,-0.027628084908366955,0.20324229091380472,0.12887122588763983,0.16477424710814875,-0.18768973924408094,0.15202607755585498,-0.08643045245882779,-0.38885883974557117
-0.10576279604565608,2.7868745982588132,0.538199309028906,0.2899251203149933,6.570060562922655e-6,0.14504080603813896,0.16833408551479814,0.2623470067221709,0.1610524248050838,0.22207287477977575,0.3024758411206422,0.13375693907919856,0.1985563754799221,0.15390060102011838,0.18079288703178595,0.13517784507713237,0.304909142110425,0.12142896594101525,0.15715212845802576,0.054358846530473806,0.13364321170188345,0.11549889787330789,0.13284601375481403,0.17420235200847467,0.21783979659407143,-0.022642408322931316,0.15128521286362917,0.1562948303477779,0.17154165818706524,0.23793635858398618,0.211198855538202,0.1517541559420814,0.21862968991990905,0.1433666893974656,0.25193055140235754,0.17945213742796515,0.1327014986889915,0.2810514898480498,0.2211851438948274,0.18559194177582566,0.21550733264645652,0.1034593280101721,0.27322267235564973,0.2026568080250379,0.2077306396425262,0.19090582238181397,0.2120386268408096,0.13017450700783037,0.2540826367149357,0.05447786995786075,0.060917928853148735,-0.04671554546008837,0.08432935400110787,0.04856847345000894,0.20881949034541297,-0.034323644685407335,-0.10386905714768337,0.01436256447411507,0.4528879262242808
0.1170930170919323,0.538199309028906,1.021875438512711,0.27876461126670965,0.3272603662163816,0.30664819752044986,0.31219792224098614,0.324172165440989,0.33191076291082733,0.4075185181965645,0.30516520628921734,0.28894136618152244,0.3581539010576781,0.3060197992738682,0.35606843361522067,0.2791358606849228,0.24981450408081324,0.26320632054605325,0.3231963202038566,0.29858560846265386,0.25722377033964783,0.2583808840460433,0.20852287665642943,0.22893450216427277,0.3104066549857312,0.3053511971454848,0.35138708776303973,0.2322177824931301,0.30911915970351433,0.28973717798913046,0.21717704307529517,0.2256581237553775,0.250092222999052,0.26622369581188915,0.24499092169928455,0.24161473172240558,0.19525669256087833,0.15146746807216221,0.17900443286362927,0.17612243882229742,0.12437933533569036,0.10702847009889929,0.14178586008573213,0.2699234564406355,0.13597933655245914,0.11948090609712675,0.2360028662441514,0.13570037469643034,0.11805232054098425,0.0896872102785714,0.19084872387197055,0.09806817783030045,0.13909937980243514,0.1238549664309931,0.07486284700716277,0.10154064164778068,-0.059348558034360045,0.003966362410044421,-0.0019751855526228966
0.5639549535298161,0.2899251203149933,0.27876461126670965,1.2545747317051765,0.49503176814618327,0.37924131995812915,0.5000609488410741,0.4818903484999107,0.48253319360031444,0.377377090074264,0.3956274043744908,0.41676321890218154,0.36588971206655674,0.4393110701811752,0.3804609186321889,0.3424100701669264,0.3368623599856666,0.3284271313585679,0.34616075923714135,0.37694222933015104,0.3582679519089912,0.19589632045832825,0.2687839170495411,0.33010939068106054,0.35182323487181333,0.3645345461162042,0.309946242703504,0.2520267386417932,0.34691305556274044,0.3288115950023711,0.27647891756862564,0.1631485041375201,0.2934300252091619,0.24998211603956233,0.33553296090779205,0.2456559783048717,0.2154938715072129,0.28144097421716163,0.2226630818501253,0.21839714156894205,0.2154207288143211,0.21729034905530908,0.25149316591997295,0.318296535150683,0.19547825141640723,0.21696892300074994,0.22351550785946994,0.2235903053437716,0.2452902559789688,-0.17938536214964196,0.012642609745278885,0.02672943093184529,-0.0635901075763377,0.02750516638970219,0.03105404293937922,0.07753738041130714,-0.04735521900547587,-0.20503144547427826,0.028264002661294828
0.2680610052741702,6.570060562922655e-6,0.3272603662163816,0.49503176814618327,1.4058529043201435,0.3230655025908441,0.45569688283396387,0.27593376898166955,0.354518486821911,0.3010848555735871,0.25928349379415544,0.36742733782506554,0.34878067167995863,0.3167806077748463,0.3067638804884753,0.31915519680612453,0.31042815554499037,0.34646881017755743,0.332917481922787,0.34412552932658425,0.33388902885592003,0.15617665241721848,0.3062820372149615,0.3555911516499664,0.26464953463500496,0.37594029218562264,0.20190622324081373,0.2513571210762522,0.30573036481518995,0.41627763197204465,0.26381606193830126,0.2074211709102153,0.29836984036380293,0.2654992333775393,0.3784636723941263,0.26439156062193503,0.1979611284037816,0.2703510956154017,0.22687714535978445,0.1962561724143216,0.16001561612749512,0.208693453352659,0.259700896201565,0.23480345664019095,0.19217309303829772,0.2161502036602911,0.1066180681324108,0.21644603731333578,0.19026117493307387,-0.05196314639006551,-0.009731968431312892,-0.0018030223417396156,-0.07925970278824243,-0.034282629356892275,-0.09128694910713618,-0.048638152038846104,0.049940673404898245,-0.09265122281913277,0.08816364584682229
0.35745249730265083,0.14504080603813896,0.30664819752044986,0.37924131995812915,0.3230655025908441,0.7261490290979595,0.4001834419193419,0.46094364518288905,0.4284988719955537,0.32289626537165306,0.30378705653391497,0.3417011276398095,0.3173864758647664,0.3389680400240241,0.35158569671689355,0.30405079852247924,0.29471988286434475,0.2960484551993561,0.29267880350058384,0.31548821963982254,0.2979187954948542,0.31971989962044634,0.3227835387353953,0.29785455350272905,0.2975666468134117,0.3236606004580163,0.3147404768703583,0.23218598178045333,0.2794564170531066,0.3075653114264967,0.254925691088758,0.21104628834381603,0.25841390046022555,0.23663439668316463,0.27036901005135877,0.22823024332476918,0.19315423003497578,0.21663824202664606,0.19585520671500706,0.20347443696557155,0.16032674499617627,0.19428499157541843,0.22148485841634555,0.2797859591007272,0.16589889567571245,0.18423326807341173,0.20440320583468521,0.1928374962698497,0.16488947800539525,0.03707762157369369,0.07976161093620134,0.013137022311272891,0.035221954939815704,0.0010127180428288246,0.022661947781646808,-0.006114359259305812,-0.23398991151087467,-0.053861353948524204,-0.05918691389825805
0.34862046234571975,0.16833408551479814,0.31219792224098614,0.5000609488410741,0.45569688283396387,0.4001834419193419,0.6263579789524915,0.4040111969360613,0.41148039265865516,0.33738121960406753,0.3438297717481755,0.36916577761712166,0.35718678097623247,0.358858733396129,0.35188958186327574,0.32512880200770683,0.32154556574742665,0.3216478122390082,0.31635810058400166,0.31956684401148927,0.3327292604230093,0.26146399302365336,0.29111325699165325,0.3374119855674307,0.3192136140072439,0.32689525224337784,0.27796370135564535,0.26380189132410226,0.29560211134616204,0.3237668806750713,0.27697239864981393,0.22732622438626243,0.288571147791619,0.26707668869932494,0.31593340315363133,0.2528950399652374,0.20336527774080418,0.2423895280686303,0.2193906972665074,0.2004351261039108,0.18287450104834277,0.2016074641468991,0.24501360749249937,0.28887560194242345,0.1861452792646964,0.20230209070160224,0.19076396922238342,0.20975340663164715,0.19819129256791226,-0.06170520051317288,0.08864263325153053,0.026315654488244102,-0.030822794599912964,0.010834422833834935,0.08561064771744183,-0.013590325532317496,-0.14977230178106293,-0.12329942008133687,0.039490237889633975
0.4423553058625553,0.2623470067221709,0.324172165440989,0.4818903484999107,0.27593376898166955,0.46094364518288905,0.4040111969360613,0.9918749839222221,0.4898274508269323,0.41037317231031906,0.4210145015619638,0.38948729251220887,0.3211962904134441,0.29970720763448405,0.333133875071449,0.3051565597065199,0.3315471933755856,0.26744505842187205,0.3326306624901009,0.2882000972399992,0.2877916513349695,0.3009551729323564,0.3077923245663176,0.28048524373432393,0.33545633888720583,0.2909549679855609,0.3070437200130856,0.23844457491093354,0.3090431335192839,0.2899280548796927,0.28024152553387,0.2024169156515268,0.26900377031789546,0.2480028537854862,0.2813260549869803,0.2281420035933176,0.18489269434748712,0.2073663149545724,0.19754992305261918,0.21561813859951812,0.17798293684154842,0.18176998936830555,0.21657330742590997,0.31794417196119074,0.1655856587876042,0.17960958095367538,0.257056032308695,0.18319192717699118,0.17077579631603576,-0.1019402149503866,0.06950968736795461,0.08295814776217678,0.06521727246447125,-0.02075637465589452,0.15159369331356776,0.04393931343370971,-0.42384269423751764,-0.21558580915438746,0.028126954478887325
0.4210495377310603,0.1610524248050838,0.33191076291082733,0.48253319360031444,0.354518486821911,0.4284988719955537,0.41148039265865516,0.4898274508269323,0.744689427863154,0.328336666466246,0.34398912504219253,0.35876506643030354,0.3183233626343438,0.34373739083675414,0.3672301291014096,0.32669856516197454,0.32096356645958674,0.28212749639209056,0.30952705628530974,0.32417254552302743,0.3233236298802295,0.26959335298226944,0.31387517679742966,0.29257640301755433,0.30221441906303226,0.3248537080717985,0.28976889430225994,0.24618102165778455,0.3146365310720138,0.2935295410291422,0.2801376761943674,0.19878611489640766,0.26888697388822835,0.2467846346469351,0.283738985277606,0.2307136680945131,0.19521834986546802,0.23235463493089126,0.19888850911534384,0.202919615856333,0.16092423856321264,0.1964786755896601,0.21261039840647541,0.28822809952918305,0.16868824545302874,0.18481991314604412,0.19701329175749246,0.19556050737800892,0.1772402792081964,0.19911748769849638,0.027858307203915512,-0.044185881868088146,0.015462345585213148,0.004521130874377972,-0.03933623535500044,-0.022258930237755253,-0.06940223453066148,-0.1540079977628514,-0.019252847931951256
0.4125378283426427,0.22207287477977575,0.4075185181965645,0.377377090074264,0.3010848555735871,0.32289626537165306,0.33738121960406753,0.41037317231031906,0.328336666466246,0.8250672456760271,0.39500644098198995,0.3406563218127491,0.37149912749053915,0.40419062084414337,0.36848798466658544,0.35222885550752786,0.272758082506515,0.27267810559410266,0.49183872306082477,0.3351461471835827,0.31206040469045926,0.3218626450300261,0.37084854929986943,0.2984267264180574,0.33744914907409046,0.3317655016849381,0.29234031708846686,0.22890526028988023,0.2858486692470682,0.28214856266993477,0.23657005492535133,0.22655101336031394,0.26151795775380904,0.24068047598931466,0.25751951670993445,0.24021649553920693,0.20804238732714508,0.20633569411983962,0.1959207840954032,0.20256020077790865,0.1638186125799749,0.19816178860307146,0.2102104173920786,0.28206250559127055,0.16933006996082686,0.19084324806708916,0.20727398524293478,0.2037643687839328,0.16053268599878812,-0.06109221802550505,0.15943621296732052,0.08059255463363917,0.06513064393954424,0.09816110621407297,0.009624934443496816,0.04032183141503379,-0.05076834272636363,0.0020920980704855503,-0.22264469677363777
0.2783811181821599,0.3024758411206422,0.30516520628921734,0.3956274043744908,0.25928349379415544,0.30378705653391497,0.3438297717481755,0.4210145015619638,0.34398912504219253,0.39500644098198995,0.765348354321465,0.3097629077217409,0.32250248424174177,0.33938299952574014,0.3195028516865217,0.3128690297574261,0.34631834708936865,0.28127768010646403,0.29198710221524804,0.2846570879780655,0.30622941688950667,0.19151163018312792,0.2876385742412984,0.33051717024592603,0.342190794983022,0.27982870487408423,0.23006262753471496,0.2337562916857541,0.23899308964215052,0.25307069442319463,0.24103006288027884,0.23549059551485163,0.2539516912572046,0.2562483754798282,0.24482637442041172,0.25217521529879666,0.17774421614670247,0.18538269767796828,0.19033510575557458,0.2065265945833611,0.2083866580847788,0.22181847607110403,0.2424267937517593,0.3410504422238725,0.172547106490123,0.22153282946705585,0.26045985912896047,0.22384347903638085,0.18958712546783887,0.005177667186791108,0.009699440290138446,0.10170405978884171,0.0517650009185556,-0.05752737923693594,0.21988220457893407,0.13344036663194925,-0.15220512875057807,-0.19946294631819853,-0.019462984571778655
0.4824013464804356,0.13375693907919856,0.28894136618152244,0.41676321890218154,0.36742733782506554,0.3417011276398095,0.36916577761712166,0.38948729251220887,0.35876506643030354,0.3406563218127491,0.3097629077217409,0.7558156618554238,0.36819208732307773,0.3715073669247145,0.3714563828472145,0.35072963308593125,0.2834638675448999,0.3360339433523684,0.3353068333124411,0.3488443941665289,0.3739305832978989,0.2538918235449865,0.3024253263197679,0.35098443490394676,0.36892924449496906,0.3397162820072056,0.28446421853762827,0.23906106610130637,0.25962542562460034,0.28051398596859706,0.2510624440966243,0.22911265311556853,0.2725778029247617,0.2375896243166012,0.2668566177278778,0.22637584393146926,0.21249866807134915,0.23850053948299818,0.20654294811615306,0.19024395139887332,0.18395848109271656,0.19746523894039006,0.23327089889246547,0.2736146281261444,0.177332128274651,0.19316942647964633,0.19326523378470967,0.20486855397978007,0.198294118516476,-0.015929569260436073,0.11552150537708286,0.0024968599917341468,0.04689699976849868,-0.03721285009797546,0.01965867494571002,-0.13108430911456803,0.029864138765652134,-0.13214216789668307,-0.07302024867797471
0.4232825896120867,0.1985563754799221,0.3581539010576781,0.36588971206655674,0.34878067167995863,0.3173864758647664,0.35718678097623247,0.3211962904134441,0.3183233626343438,0.37149912749053915,0.32250248424174177,0.36819208732307773,0.7025378346649354,0.37548885588630365,0.4514885740964627,0.39461306683630226,0.34235062013550444,0.3356259381376147,0.3593780664166936,0.3837670424355962,0.36885339140362683,0.2984894952281414,0.3750184402370495,0.35456402823005034,0.29081671735158077,0.3694951594870032,0.24473590478749443,0.25622696251872173,0.27864494306730925,0.3099053376361584,0.25033417389837176,0.26290770492501525,0.2764980176330014,0.2812629448720543,0.31015382345034936,0.2704544788997598,0.2124755689095195,0.2627959384354612,0.21647440382658087,0.1949876695970571,0.20010550180221817,0.2364669940466964,0.246685235432917,0.26877442714627964,0.18750393464758094,0.21443894570921762,0.13368037454907225,0.24629205003682098,0.21212825760365608,-0.03387220139757825,0.387306738069305,-0.03236955398234603,-0.01367764787844716,0.012717160851338139,0.04674617809427543,-0.013273795814203822,0.018429307669389997,-0.030932394767430416,-0.017541561005681567
0.3542093231175803,0.15390060102011838,0.3060197992738682,0.4393110701811752,0.3167806077748463,0.3389680400240241,0.358858733396129,0.29970720763448405,0.34373739083675414,0.40419062084414337,0.33938299952574014,0.3715073669247145,0.37548885588630365,0.667614833884481,0.3999024548605869,0.3951282680991567,0.35118866807250826,0.3555889845204432,0.3754300787144212,0.38638759684639096,0.3702605465157911,0.32287313691553776,0.3796929625607422,0.3591739007492476,0.341955765741627,0.39070751662695485,0.2807207392438726,0.24732065847486526,0.29092201402351714,0.3514438911304735,0.2606499372765542,0.1868817504313382,0.29626910189620176,0.2356943813778815,0.2962960011693159,0.25270135749649647,0.22680279004534465,0.26859013637143586,0.21296450027053973,0.21257733694230074,0.18180424600525807,0.24718844491768088,0.2817296040987053,0.26909686204733063,0.18646558836583152,0.24130073500788993,0.16584713010935,0.24086594381799045,0.2084392599046503,0.004346023357473219,-0.07663323991391349,0.03615085517939679,-0.11814187254786987,0.0634522049060081,-0.024437603174375256,0.02409274553724645,0.015533238690033119,-0.021528173050502822,-0.1357413398408743
0.5180852566963841,0.18079288703178595,0.35606843361522067,0.3804609186321889,0.3067638804884753,0.35158569671689355,0.35188958186327574,0.333133875071449,0.3672301291014096,0.36848798466658544,0.3195028516865217,0.3714563828472145,0.4514885740964627,0.3999024548605869,0.7782593405836795,0.37758823794474683,0.3800489612215432,0.3080486952575956,0.3551147227286653,0.46715557530766455,0.36856276617336814,0.3268375217263988,0.3457857197215302,0.3142083133602664,0.4031889296396945,0.4182118700999731,0.27867678951482894,0.2447358998858682,0.3060724930485465,0.32246778483904653,0.26712392202653873,0.20937213535242505,0.28374252234385744,0.25783965295375966,0.3392900684538585,0.25065325583909714,0.22396721432198896,0.2863592501830305,0.22133926406278065,0.21264512653515297,0.19355771252973797,0.2529563345229506,0.25811608090447274,0.27895406166858056,0.18555039669979775,0.2264476557392104,0.145192496420711,0.2604584987688152,0.219206344174726,0.04307942073710376,0.09034138942263413,-0.06443304265532933,0.051861448610847675,0.0050829365220331334,0.028647118993739687,-0.021440101903005097,0.01776910424594544,-0.017851070495648404,-0.13071630583508068
0.3273526500944753,0.13517784507713237,0.2791358606849228,0.3424100701669264,0.31915519680612453,0.30405079852247924,0.32512880200770683,0.3051565597065199,0.32669856516197454,0.35222885550752786,0.3128690297574261,0.35072963308593125,0.39461306683630226,0.3951282680991567,0.37758823794474683,0.546064465623214,0.3479828039886025,0.3798151484620436,0.391628650322559,0.3928687862894413,0.43217866602809435,0.33825378881947554,0.40143598475078734,0.37988408647418503,0.2259900446221414,0.40060772723224436,0.2442151413388836,0.26086502591178184,0.24711422518815213,0.3487362526185786,0.24918215178437741,0.22508572668070087,0.2724853636416302,0.2668630952162415,0.2854022019090508,0.24556872811068178,0.20928092675041812,0.26268547977749734,0.21989785789202612,0.20653790832524796,0.22304437349486686,0.2366230678283768,0.2583410959819173,0.24714177892309291,0.19199400641133582,0.22529660695759196,0.13487171605882878,0.22585967811628999,0.19977122408197387,-0.013953033878544907,-0.09401275458762956,-0.013195593954571132,-0.0036541936516706003,-0.015375992526851404,-0.03464787212644878,-0.10270131998998415,0.03768514252755146,-0.0860513236871092,-0.07565563726814019
0.2914351294186251,0.304909142110425,0.24981450408081324,0.3368623599856666,0.31042815554499037,0.29471988286434475,0.32154556574742665,0.3315471933755856,0.32096356645958674,0.272758082506515,0.34631834708936865,0.2834638675448999,0.34235062013550444,0.35118866807250826,0.3800489612215432,0.3479828039886025,0.7960050433285429,0.4121351670610573,0.31877312410138464,0.3499706712237354,0.35428408254609123,0.25997104727797543,0.4062879981505951,0.40235312645465743,0.2694252681496013,0.33318638504478276,0.1466101368665738,0.24281816871228537,0.2506961307678375,0.3144828415934467,0.2501988116428475,0.19710275235140368,0.28510527887014225,0.26696630124347126,0.26729205265663825,0.25425577538650707,0.17386978347555337,0.2476102127235746,0.22162795765402393,0.205104295261571,0.19037837909064725,0.30133331208671316,0.2507442128994693,0.21443810301269134,0.20004964615344842,0.23907030952861874,0.07111394873152248,0.2679551597794456,0.19170494485892858,-0.01720663028837407,-0.42358347003923563,0.032810240706339804,0.0012582488662866147,-0.03802428121967692,0.0025102804485966418,0.007402738877831742,-0.027725729878421437,-0.039043939951656406,-0.030711489363171595
0.2161895533495564,0.12142896594101525,0.26320632054605325,0.3284271313585679,0.34646881017755743,0.2960484551993561,0.3216478122390082,0.26744505842187205,0.28212749639209056,0.27267810559410266,0.28127768010646403,0.3360339433523684,0.3356259381376147,0.3555889845204432,0.3080486952575956,0.3798151484620436,0.4121351670610573,1.0459381861671593,0.35680877157071095,0.4154359797436846,0.4085427275972679,0.4272680041181842,0.40531365148016446,0.41098705682037456,0.3217463681512674,0.5181108513849119,0.27351839587825577,0.24738323981836477,0.23757354552228502,0.27869468908383516,0.22779231805861166,0.18489247666418482,0.26436873271894584,0.2843766752425695,0.2993489034378702,0.25205044740144056,0.21495263821082147,0.27214188391902394,0.17320306201058353,0.19992708536531373,0.18793103910460557,0.24325596745761363,0.2719585068421158,0.15592030417254626,0.15945060076212675,0.17794176260311795,0.05053681536993564,0.21838253169889446,0.1971100406518919,-0.020210362381736107,-0.14882375847390203,0.004798812105452412,-0.04259323951651953,-0.015027913708712362,-0.03186997758374654,0.10956388444442193,-0.02211455387898294,-0.03297427526955549,-0.11961726970113215
0.28805933921750854,0.15715212845802576,0.3231963202038566,0.34616075923714135,0.332917481922787,0.29267880350058384,0.31635810058400166,0.3326306624901009,0.30952705628530974,0.49183872306082477,0.29198710221524804,0.3353068333124411,0.3593780664166936,0.3754300787144212,0.3551147227286653,0.391628650322559,0.31877312410138464,0.35680877157071095,0.9269050268662883,0.36197008959332777,0.43354569287118233,0.42473761866268567,0.361659519963805,0.39047529222649224,0.3368883187288924,0.3841606809848892,0.24665866029265837,0.22511204960821615,0.2662023621563975,0.28053468146338284,0.24636830992744355,0.1936589341812959,0.2687836774529827,0.24120167346047633,0.2608342809239257,0.23185330352222447,0.19101690512201158,0.24438739515670416,0.2136026129803194,0.18997341408004273,0.19396235372148518,0.22647629633643315,0.21640980409066235,0.24913881518284153,0.18605107622820344,0.2030639215900025,0.12409684967915215,0.22335110737357755,0.19812604554712648,-0.05471438090349994,-0.010211640617438308,-0.035226088620891244,0.015492791699812238,0.011982949579979855,-0.022104308547732918,0.030245645623401766,-0.008501144350976672,-0.053431805966797086,-0.2562541116090118
0.3592564260921263,0.054358846530473806,0.29858560846265386,0.37694222933015104,0.34412552932658425,0.31548821963982254,0.31956684401148927,0.2882000972399992,0.32417254552302743,0.3351461471835827,0.2846570879780655,0.3488443941665289,0.3837670424355962,0.38638759684639096,0.46715557530766455,0.3928687862894413,0.3499706712237354,0.4154359797436846,0.36197008959332777,0.8645924509230595,0.44524991438587075,0.4472560608641734,0.3932021431991169,0.23987830894627268,0.3907301512249793,0.6368203447297284,0.3458150435202895,0.25279833347571995,0.30122473832379193,0.2739250226092398,0.2707825350798393,0.22529193554985652,0.27804479229456425,0.26932440275021374,0.3038822432579407,0.2535311791652009,0.23849155085760335,0.2986247113258715,0.20379517830527874,0.2474193681064852,0.1931245840246053,0.2997285648366602,0.26455233930453653,0.29145590894703344,0.17485316532246997,0.23581789261189776,0.16220480753073835,0.27494624597487916,0.20445003852249607,0.009650594688857931,-0.014533305557833697,-0.03431213158140698,-0.01961998372632201,0.024968688198897946,-0.14721375084406116,0.021741126331684662,0.007192008284313821,-0.1073168612538792,-0.24165299862854706
0.3180611364702775,0.13364321170188345,0.25722377033964783,0.3582679519089912,0.33388902885592003,0.2979187954948542,0.3327292604230093,0.2877916513349695,0.3233236298802295,0.31206040469045926,0.30622941688950667,0.3739305832978989,0.36885339140362683,0.3702605465157911,0.36856276617336814,0.43217866602809435,0.35428408254609123,0.4085427275972679,0.43354569287118233,0.44524991438587075,0.6797498270144711,0.3379869673047469,0.4230868033613785,0.514965590655498,0.2819035852091274,0.41655286246580125,0.2209053109588891,0.23332546383667674,0.2612377390433865,0.32427215426913697,0.22820467777205478,0.22106158229277423,0.26214363598925217,0.270387369918602,0.2692316338902991,0.23970750992319684,0.20379602224214174,0.2717791278707227,0.20994389615120548,0.19329055671144582,0.2149010759833395,0.2507546649488186,0.24481961630358728,0.27117121265891436,0.1861184575374556,0.2354578862446001,0.13142363436256274,0.2384693372208811,0.22155941933819137,-0.00018153270040161435,-0.059944298062468954,-0.008339395170135308,-0.009155543814878705,-0.01688994755901897,-0.04883044850817384,-0.09266583477965683,0.11303136094550843,-0.07494167900084614,-0.05243849667540565
0.22512808726436362,0.11549889787330789,0.2583808840460433,0.19589632045832825,0.15617665241721848,0.31971989962044634,0.26146399302365336,0.3009551729323564,0.26959335298226944,0.3218626450300261,0.19151163018312792,0.2538918235449865,0.2984894952281414,0.32287313691553776,0.3268375217263988,0.33825378881947554,0.25997104727797543,0.4272680041181842,0.42473761866268567,0.4472560608641734,0.3379869673047469,1.3082065504666538,0.4734292304589855,0.14660616475336818,0.381715778984764,0.42837147034401396,0.40021453707890914,0.28800861541710526,0.19569235790638537,0.4463789382488676,0.3663828198119556,0.34610747228930017,0.3197231277248971,0.37412681293086075,0.3572599690638697,0.29070584875210537,0.25490278217827533,0.26123229096689754,0.2467819842539952,0.24711482986331837,0.12682933344014904,0.22910683120754788,0.24084067086753416,0.27232702041043744,0.21761002651547653,0.19123695835036328,0.21474142094250043,0.21457647027718363,0.13824394451569613,0.010191586986316148,-0.03942818861131823,-0.017270537544005794,0.006419907318940477,0.013468421675423978,-0.05849181296522017,0.009203920769140296,-0.11851107259247583,-0.08813504451366054,-0.3065920670494735
0.3195889218044518,0.13284601375481403,0.20852287665642943,0.2687839170495411,0.3062820372149615,0.3227835387353953,0.29111325699165325,0.3077923245663176,0.31387517679742966,0.37084854929986943,0.2876385742412984,0.3024253263197679,0.3750184402370495,0.3796929625607422,0.3457857197215302,0.40143598475078734,0.4062879981505951,0.40531365148016446,0.361659519963805,0.3932021431991169,0.4230868033613785,0.4734292304589855,1.5814745502770224,0.46914810376010824,0.3150349749979611,0.41506557540172034,-0.052619179046052574,0.16452569927074348,0.16061394813819935,0.27516731385429993,0.22351823246223587,0.1962821360676435,0.28986199985403494,0.14585711423758224,0.23032825062078524,0.21009444957590198,0.1951510304710054,0.290689685307269,0.24486973059319947,0.24229902217837454,0.06869467799383684,0.2968143482868798,0.21402315878556355,0.07987070098585416,0.22014232684046886,0.2199782467450074,-0.07409520986353947,0.2473428679711477,0.14028254118802094,0.04283499846995034,0.030768054539376425,-0.11798867470106063,0.04384824562452411,-0.06731285852146451,-0.2368156551082093,-0.16165362436424183,0.04244961174841331,-0.06656998325899861,-0.22922512646856572
0.27781083571916265,0.17420235200847467,0.22893450216427277,0.33010939068106054,0.3555911516499664,0.29785455350272905,0.3374119855674307,0.28048524373432393,0.29257640301755433,0.2984267264180574,0.33051717024592603,0.35098443490394676,0.35456402823005034,0.3591739007492476,0.3142083133602664,0.37988408647418503,0.40235312645465743,0.41098705682037456,0.39047529222649224,0.23987830894627268,0.514965590655498,0.14660616475336818,0.46914810376010824,1.5328923741133633,0.27204093163106996,0.308334587828267,0.16453329598627608,0.24035418807743628,0.1950294451382493,0.2679315468446678,0.23810388584386194,0.2254946536890348,0.26910672995636487,0.304668625900109,0.24246680320463376,0.2263708692049457,0.21529622346878105,0.2733245070884039,0.14942619532877263,0.15089191651603565,0.2501491390413652,0.26736913465949935,0.2994712337070186,0.3450963356030312,0.13786561508283082,0.30092409022126554,0.07400764485154172,0.2620971573692479,0.2946461646242127,-0.045747226976674965,-0.058319436788773334,0.06894418687743897,-0.020079518429491308,-0.046964699361555284,0.03745326657523109,-0.24541258862690848,0.02399155272701789,2.7379602111027788e-5,0.02702458076641897
0.42032666062197716,0.21783979659407143,0.3104066549857312,0.35182323487181333,0.26464953463500496,0.2975666468134117,0.3192136140072439,0.33545633888720583,0.30221441906303226,0.33744914907409046,0.342190794983022,0.36892924449496906,0.29081671735158077,0.341955765741627,0.4031889296396945,0.2259900446221414,0.2694252681496013,0.3217463681512674,0.3368883187288924,0.3907301512249793,0.2819035852091274,0.381715778984764,0.3150349749979611,0.27204093163106996,1.5038682983125053,0.36966947629011,0.3934273443443362,0.22316435059994086,0.23122702151984142,0.1467547893568484,0.3184892190381494,0.18958499579476185,0.3138207561168322,0.29413293595499745,0.37639984577294316,0.23839641754199187,0.25966397123709506,0.3162711661884814,0.22567499217616357,0.29304385029121793,0.25365107546081167,0.2711215758563891,0.2936116020022031,0.49309931272388086,0.19898206003295738,0.21387127207514808,0.4679527652516654,0.3120933902746661,0.39737456710360103,-0.10452113332527907,-0.006075756854456633,0.12494024493002583,-0.032133646588925764,0.027187302851631182,0.17272570194167056,0.08420025138060558,0.010073842143823177,-0.09770494353806626,0.023167853442131632
0.31939890591244136,-0.022642408322931316,0.3053511971454848,0.3645345461162042,0.37594029218562264,0.3236606004580163,0.32689525224337784,0.2909549679855609,0.3248537080717985,0.3317655016849381,0.27982870487408423,0.3397162820072056,0.3694951594870032,0.39070751662695485,0.4182118700999731,0.40060772723224436,0.33318638504478276,0.5181108513849119,0.3841606809848892,0.6368203447297284,0.41655286246580125,0.42837147034401396,0.41506557540172034,0.308334587828267,0.36966947629011,0.9037468366452137,0.29416527602418296,0.22041329737100213,0.2780047732472364,0.22523145960132182,0.233385178473794,0.22140438888736233,0.24751626933582815,0.23393492865998045,0.28219998943488367,0.23850362562873634,0.22160120809658096,0.314032497546422,0.17249489251023262,0.23859235315164226,0.185624660823276,0.337760819194923,0.2576978266712325,0.26227134962724796,0.14426505139846232,0.24075691092978627,0.09968059065816935,0.2933150141086229,0.19914462269625996,0.001113478924933781,-0.023942144746587506,-0.040848834942946756,-0.04921050780388121,0.02542396518572562,-0.08243424910433679,0.06310547612688226,0.03131559019441051,-0.10850680039636697,-0.18633632325541466
0.24087048874886474,0.15128521286362917,0.35138708776303973,0.309946242703504,0.20190622324081373,0.3147404768703583,0.27796370135564535,0.3070437200130856,0.28976889430225994,0.29234031708846686,0.23006262753471496,0.28446421853762827,0.24473590478749443,0.2807207392438726,0.27867678951482894,0.2442151413388836,0.1466101368665738,0.27351839587825577,0.24665866029265837,0.3458150435202895,0.2209053109588891,0.40021453707890914,-0.052619179046052574,0.16453329598627608,0.3934273443443362,0.29416527602418296,1.9961458991188274,0.37535524480405985,0.4950072425389552,0.17264957274090809,0.3678006754572819,0.3043306557836677,0.2877633200048904,0.32877703980412226,0.3821234521831293,0.2703659063690496,0.41396126904598435,0.2340041210341664,0.1513272014275548,0.255045279253875,0.3076928017320491,0.19417125536987095,0.34587886971166065,0.7181718427059595,0.13236148544882365,0.2015240742233834,0.8276953913753238,0.23182550600897642,0.2714537471118252,0.04490591597365842,0.12591657113864424,0.15264168919366206,0.053084190033974764,0.10574880910436515,-0.08033063306340993,0.2367903025509159,-0.13750303428106825,0.10593592204502797,-0.0986193620404465
0.2652360996465528,0.1562948303477779,0.2322177824931301,0.2520267386417932,0.2513571210762522,0.23218598178045333,0.26380189132410226,0.23844457491093354,0.24618102165778455,0.22890526028988023,0.2337562916857541,0.23906106610130637,0.25622696251872173,0.24732065847486526,0.2447358998858682,0.26086502591178184,0.24281816871228537,0.24738323981836477,0.22511204960821615,0.25279833347571995,0.23332546383667674,0.28800861541710526,0.16452569927074348,0.24035418807743628,0.22316435059994086,0.22041329737100213,0.37535524480405985,1.0014414023809486,0.3784420369285166,0.3066481180515332,0.5051205999582651,0.533369394856539,0.4773570910611457,0.7129751993795951,0.5314443325913477,0.5451230140366236,0.4510960199815123,0.3149728840731415,0.34965810020038185,0.2623695310051616,0.2565297242895899,0.1689856173518824,0.31427830349659136,0.38564099287690434,0.2881026223836807,0.19246544164658166,0.21002703917568316,0.23804552225712783,0.22513710811424087,0.018645306387005674,0.04216435876948791,0.024294333501092284,0.058801422101653754,-0.04759288005728775,-0.036131390312492906,0.0399558530743996,0.005946922380581138,0.1540004378979088,-0.14856191108235903
0.28185011297837415,0.17154165818706524,0.30911915970351433,0.34691305556274044,0.30573036481518995,0.2794564170531066,0.29560211134616204,0.3090431335192839,0.3146365310720138,0.2858486692470682,0.23899308964215052,0.25962542562460034,0.27864494306730925,0.29092201402351714,0.3060724930485465,0.24711422518815213,0.2506961307678375,0.23757354552228502,0.2662023621563975,0.30122473832379193,0.2612377390433865,0.19569235790638537,0.16061394813819935,0.1950294451382493,0.23122702151984142,0.2780047732472364,0.4950072425389552,0.3784420369285166,1.3464941351065998,0.37807451331096137,0.5040759635156656,0.11564838465570391,0.6155184227111216,0.2990465116350456,0.43088183183899476,0.4071883448069511,0.3422406688169076,0.24399718077062957,0.25311890543788235,0.33479169817860827,0.13904024880089383,0.2316608697955701,0.2634095164103256,0.5439709661143052,0.23698353284598148,0.2641187882862187,0.4289787530378091,0.28753165550461396,0.15574313270035953,-0.007487988470228581,0.15472594371640647,0.31543081295060227,0.02606733482119248,-0.013138076794448129,-0.15414480072584674,0.2557378154556464,-0.05391187846394337,0.5381194447349436,0.14009264567750604
0.2730276300363724,0.23793635858398618,0.28973717798913046,0.3288115950023711,0.41627763197204465,0.3075653114264967,0.3237668806750713,0.2899280548796927,0.2935295410291422,0.28214856266993477,0.25307069442319463,0.28051398596859706,0.3099053376361584,0.3514438911304735,0.32246778483904653,0.3487362526185786,0.3144828415934467,0.27869468908383516,0.28053468146338284,0.2739250226092398,0.32427215426913697,0.4463789382488676,0.27516731385429993,0.2679315468446678,0.1467547893568484,0.22523145960132182,0.17264957274090809,0.3066481180515332,0.37807451331096137,1.5030098940032905,0.38107963669314127,0.4470589626243677,0.39985399140230377,0.46860882375114693,0.4198087353478699,0.4701111896380572,0.24324069944431748,0.2965627899079019,0.4165430520536791,0.2761124772244553,0.07577416033656867,0.16753646430732352,0.25067516944923723,0.26586293978651593,0.38753663522853327,0.23381380204763333,0.26463396918170035,0.15077337065155594,0.08527218838865792,0.02596370160889166,-0.09883000276349643,0.152558724372696,-0.014092337833633839,-0.05053919053182248,0.08774581837291073,-0.15097367516656784,-0.1100365112407893,-0.06300140655675901,0.034942087263247025
0.2791937755835067,0.211198855538202,0.21717704307529517,0.27647891756862564,0.26381606193830126,0.254925691088758,0.27697239864981393,0.28024152553387,0.2801376761943674,0.23657005492535133,0.24103006288027884,0.2510624440966243,0.25033417389837176,0.2606499372765542,0.26712392202653873,0.24918215178437741,0.2501988116428475,0.22779231805861166,0.24636830992744355,0.2707825350798393,0.22820467777205478,0.3663828198119556,0.22351823246223587,0.23810388584386194,0.3184892190381494,0.233385178473794,0.3678006754572819,0.5051205999582651,0.5040759635156656,0.38107963669314127,1.2405777239679292,0.5544077843832641,0.6085164730252807,0.4707975498233642,0.5775689201381868,0.4185570423263844,0.35192979866985036,0.3730642394193363,0.3427359313550527,0.31232391444354,0.256625214655305,0.2446987770415318,0.4876333046734384,0.4219413878705402,0.31025858671613066,0.3522451768715572,0.33712959965939443,0.2613959496539881,0.23408743131804932,0.30828830815512104,-0.01844762617715174,-0.14577624904824069,0.06318818607054714,-0.006352535937720943,-0.04644171032348041,0.09846696411692549,-0.04230202130092204,0.15649885725452606,-0.05628114927233876
0.25222225346315225,0.1517541559420814,0.2256581237553775,0.1631485041375201,0.2074211709102153,0.21104628834381603,0.22732622438626243,0.2024169156515268,0.19878611489640766,0.22655101336031394,0.23549059551485163,0.22911265311556853,0.26290770492501525,0.1868817504313382,0.20937213535242505,0.22508572668070087,0.19710275235140368,0.18489247666418482,0.1936589341812959,0.22529193554985652,0.22106158229277423,0.34610747228930017,0.1962821360676435,0.2254946536890348,0.18958499579476185,0.22140438888736233,0.3043306557836677,0.533369394856539,0.11564838465570391,0.4470589626243677,0.5544077843832641,2.2783892166457207,0.36463356159571486,1.0385004548988093,0.2586458475714559,0.8164910907165421,0.34080751543030097,0.12912835145513657,0.4776415006608039,0.28904677122564637,0.23351971033844637,0.13212290046260813,0.1765555973253245,0.4934581855662468,0.48491531841195773,0.12931701275303134,0.8314202165386074,0.05380821050612915,0.08665360075027519,0.24754429974990308,0.3439151572093563,0.5970669538784222,0.040258022643147186,0.006523735790457746,0.13122532647486115,-0.21707873716108278,-0.01818839438133209,0.052401243498035995,-0.0477924522716703
0.30888571080135846,0.21862968991990905,0.250092222999052,0.2934300252091619,0.29836984036380293,0.25841390046022555,0.288571147791619,0.26900377031789546,0.26888697388822835,0.26151795775380904,0.2539516912572046,0.2725778029247617,0.2764980176330014,0.29626910189620176,0.28374252234385744,0.2724853636416302,0.28510527887014225,0.26436873271894584,0.2687836774529827,0.27804479229456425,0.26214363598925217,0.3197231277248971,0.28986199985403494,0.26910672995636487,0.3138207561168322,0.24751626933582815,0.2877633200048904,0.4773570910611457,0.6155184227111216,0.39985399140230377,0.6085164730252807,0.36463356159571486,1.3599753335497569,0.48262903569694154,0.6046357609908813,0.6486378581658676,0.3847500213587429,0.4026803718010034,0.37688186703758864,0.36652786214337957,0.30588212514247076,0.26154875792300264,0.5249808738273893,0.31605060594244616,0.38961161444453823,0.40771813282302943,0.15818307256454964,0.2951068379807182,0.20625270281674266,-0.3425088268669446,-0.0403454196838802,-0.008924459287354334,-0.1407614233090597,-0.12011320046816121,-0.2048824982264949,0.07703085557303181,-0.00800723632564266,0.20127429909114522,-0.039067941417344786
0.2748152133685816,0.1433666893974656,0.26622369581188915,0.24998211603956233,0.2654992333775393,0.23663439668316463,0.26707668869932494,0.2480028537854862,0.2467846346469351,0.24068047598931466,0.2562483754798282,0.2375896243166012,0.2812629448720543,0.2356943813778815,0.25783965295375966,0.2668630952162415,0.26696630124347126,0.2843766752425695,0.24120167346047633,0.26932440275021374,0.270387369918602,0.37412681293086075,0.14585711423758224,0.304668625900109,0.29413293595499745,0.23393492865998045,0.32877703980412226,0.7129751993795951,0.2990465116350456,0.46860882375114693,0.4707975498233642,1.0385004548988093,0.48262903569694154,2.329338272557774,0.5034391090236766,0.805201436622117,0.24287823985173815,0.1460883137346591,0.39433601727973183,0.3518793478461355,0.262890400833984,0.24354472698367152,-0.1300500101544629,0.6649182581452641,0.365106603695837,-0.02197435052804145,0.5001075291108251,0.2601857409650278,0.09502298891277024,-0.14564338067029373,0.11050760324506766,0.17142543613165265,0.1516641955387363,-0.1073918028698672,-0.04063560185118028,0.03739193846203309,0.013274788450629266,0.14909276543490357,-0.12449861669268518
