0.7156227442511895,0.15786828429044286,0.08270647227741582,0.10022192370753767,0.11967261660162806,0.07738976307128881,0.07288988507669264,0.11049295971822688,0.0019612661536978276,0.11958837914746988,0.09996857794040186,0.09746224239490958,0.11202018368297655,0.06224242259307155,0.09010812154490055,0.07688627984752038,0.06429705780962952,0.11642983348119602,0.08377493761947842,0.0701280394031992,0.07165847561694887,0.09549909197828353,0.07674401412608121,0.08524691763021729,0.13542421892689566,0.04015953788618815,0.05814681027791048,0.009491666507580604,0.13954151377779292,0.10725184794437002,0.08357142026894816,0.030583809047108113,0.07333307775133242,-0.012161150864744778,0.0431585269449321,0.05776806760215423,0.07007984568761401,0.0588359140951316,0.10511015287733914,0.073930868860532,0.034376731228710655,0.05663011923800672,0.06812194354975618,0.05755858183237698,0.009669129152639153,0.04195563318030824,0.11354144139279097,-0.0016910640252311912,0.039361460012039266,0.04242164878502131,-0.01995991427698192,-0.04463053541619818,0.029479143415076,-0.003975044802841484,0.09234307243207183,-0.022897798198237364,-0.05698500557798784,-0.08313070886166153,0.07196410149926731
0.15786828429044286,2.9766580575995856,0.5126410560439096,-0.013268108009088245,0.05576857544165196,0.2127458176158948,0.2372938292324662,0.31110991278515504,0.25259132012362234,0.2691184496406183,0.24797644723679008,0.21726459513404844,0.34432432678851016,0.1927722598062564,0.5245566774268831,0.22348499198094623,0.29776756974149965,0.338096814122656,0.1048750292114905,0.341823417567661,0.3934514910481806,0.07596239109183707,-0.833699290044095,0.037992017077312375,0.12151520802773354,0.09786790515496367,0.8092714272423603,0.5423872303415049,-0.014281377982517367,0.32910551882527633,0.22704437078819675,0.3690756842114911,0.42686082991545227,0.28098886487788627,0.22899495274142082,0.28343119307080483,0.39551872592918924,0.20305310263311285,0.4904399887801681,0.3540569360455848,0.2942255685506732,0.3466809428028259,0.43648324862373516,0.22806884442685227,0.3511985083476781,-0.19919210878252522,0.25703160318401524,0.3828398534689666,0.5451488538561559,0.205112107631511,-0.1354070092195232,0.1967477411785499,-0.23197876804932183,-0.017765862183825178,-0.46049507069962703,0.037097018583367454,-0.2927129644940183,0.4437118586334477,0.1573821296321191
0.08270647227741582,0.5126410560439096,2.2303011910902013,0.06364513875469603,-0.16588976411352344,0.23890441073118576,0.049266781026240714,0.43754102756633967,0.5195113541270193,0.3471492932145484,0.21960120421345797,0.06667317522899942,0.32508708932712516,0.12494811479449996,0.2935827003042957,0.1692943266562492,0.2819161851172854,0.31126715444292397,0.03348839843643732,0.4024872751274694,0.3117387161365423,0.31006671542133957,0.292000212195064,0.2503759273229113,-0.007247736073258491,0.19577645473749705,0.41391407027830784,0.3357545184903133,0.2417194592460498,0.4574290875248033,0.13750815296335153,0.2686529262852261,0.3130274982387707,0.4943286143312875,0.3391382492136529,0.3054321328241451,0.4524428135864378,0.1382324897193476,0.45107590615667165,0.28238689504035625,0.35489046222885134,0.31447604166330406,0.4264097111924174,0.2782872033866934,0.27622884919200824,-0.001031070932799908,0.4432810548217533,0.24825437257530725,0.9200494220786922,0.032553755188810034,0.0006267985348366183,-0.014572237438580818,0.17339886138691177,-0.056569574498160184,0.04990210293172794,-0.0617804885474827,-0.09777488752847652,-0.020858712147286258,0.087872522143169
0.10022192370753767,-0.013268108009088245,0.06364513875469603,1.1207593765715393,0.44410342295024274,0.3336108028036389,0.27074458684879354,0.3272392347843322,0.039138241246999786,0.33784621612339594,0.30738042829962664,0.3448199427573684,0.2796997102847029,0.2769709460227771,0.16240628430978227,0.2986204968941795,0.26210068962790306,0.3608996071797665,0.3199582883104569,0.25646303930098663,0.20842495348545317,0.2861772384148826,0.32694689532176147,0.24933349895562923,0.2305567373623721,0.2702929405686377,0.07470639222356272,0.06818716122582923,0.35728445291413585,0.1520232288169097,0.15719115434765257,0.21824447775177722,0.0721525232975086,0.47280102528527124,-0.19073758480120723,0.24371185812747506,0.19105130966391123,0.14407318697842747,0.2679046884125759,0.21309061812305766,0.16576418247008215,0.19566192668596702,0.29250220540727423,0.26265639521838935,0.04182975430876357,-0.030823563758681033,0.30303510645500537,0.10139238166894754,0.5633356779516793,0.18632591445658114,-0.08155874981574121,-0.13907219549435618,0.028993884777239753,-0.04452085359790301,-0.09235323021099648,-0.05424158027043595,-0.25590576172222335,0.08957124358046624,0.23739672625542504
0.11967261660162806,0.05576857544165196,-0.16588976411352344,0.44410342295024274,0.896003393005631,0.3848913507707524,0.22762494034464337,0.39001882005672217,0.058494176056095526,0.33084133261716886,0.33740763428194326,0.32289805317311454,0.32967346979834417,0.26428855739348106,0.16876617073501252,0.29865159894647214,0.2593997254629311,0.29790309142903193,0.5215878269629121,0.22734754130894638,0.1954102607010377,0.33304721058443587,0.3181537773048274,0.20029291847959677,0.24986579450868962,0.2612587210528393,0.06306957767354829,0.00647008590965024,0.283738302502565,0.1376059296084056,0.19587064048328628,0.2659626359472507,0.133647443619904,0.3708496326823759,-0.12568686244286664,0.2516227947868354,0.15805699945567528,0.14631506140686226,0.2896460811691555,0.1979697588058297,0.2322351828010247,0.1826408769333755,0.2260526945043001,0.24455804771083506,-0.02402119567010169,0.07055327779504533,0.2615539223576557,0.02116911325009195,0.29916087195407637,0.24320712633785022,-0.06021380124980002,-0.39017505890881904,0.2682825733239967,-0.04418349894003623,-0.11346063482819971,-0.07657652821353876,-0.28638920414652164,0.09581925287403802,0.2681541462141975
0.07738976307128881,0.2127458176158948,0.23890441073118576,0.3336108028036389,0.3848913507707524,0.6843369272686539,0.1837342726562154,0.4635808942297726,0.15284854850610022,0.3323890972530491,0.35136842874051083,0.29678387060649114,0.33278618897505013,0.2862333298246561,0.27253835503259355,0.2850182662799437,0.3316585160015847,0.25843217260830015,0.4044561749826793,0.3897962216962486,0.24831635001257993,0.32130341277305857,0.1968122104739785,0.22209195702606618,0.19876388472590756,0.2879531700300225,0.19252260429411172,0.12192200989086176,0.282204436097383,0.27151336761887623,0.17816067585262402,0.3298328645648507,0.18329514789247411,0.40887471104671164,0.1761078342481591,0.17264583188716356,0.20231392831635286,0.21322959270764838,0.3947430738847082,0.22286511559801514,0.2652189220363768,0.2400142500402793,0.3316092156756416,0.27475113561155395,-0.049616706870593774,0.022760344798027788,0.3290778890968588,0.08629875435690015,0.5020209588248506,0.3267587864367181,-0.4974651963561279,-0.016901150790188113,-0.03474180725093662,0.015371544339131465,-0.159246368639312,-0.07976289038213606,-0.2901338811915471,0.17231140123641428,0.22003046853696723
0.07288988507669264,0.2372938292324662,0.049266781026240714,0.27074458684879354,0.22762494034464337,0.1837342726562154,0.7251414718473311,0.17440228215057293,0.28978239623328517,0.2709440809387566,0.28997462709779487,0.38525196836128067,0.2736830933943315,0.3313415947746177,0.037124167787468736,0.28792502922151697,0.28777585581625054,0.3115883897654629,0.1226738650551237,0.21101377377962832,0.21839172431080883,0.29335568883743723,0.40368880793597217,0.21250956246418432,0.15713822101331038,0.20271403505816074,0.23399014678492747,0.1535767381762426,0.1450385879118238,0.21859388290320875,0.19436131681837945,0.15413677522659863,0.22933995395352688,0.3402532227813996,0.16724037171570852,0.24367984556768568,0.22770885445518305,0.11354587815850851,0.3836318213956499,0.2014208637122117,0.13392101345400445,0.21222172138735063,0.30942221556025606,0.27273695596982234,-0.0014902802640947331,-0.019840507108673383,0.2616762453180835,0.1677972104261013,0.7175985168551486,0.11113006004684522,-0.18009438294522545,-0.08068352178613697,0.1623195462674946,-0.059350281713046536,-0.09626640326536912,0.08888906309318503,-0.1514332665153123,0.10924943874312683,-0.09375178182641249
0.11049295971822688,0.31110991278515504,0.43754102756633967,0.3272392347843322,0.39001882005672217,0.4635808942297726,0.17440228215057293,0.8738079128842071,0.05968222997675231,0.3827483711556014,0.3967593539970999,0.20307713452964393,0.3734072886917286,0.27890508389224605,0.26204583906489903,0.28683022135869446,0.33129194461758293,0.33606368725664965,0.34224493744173207,0.4237266505953326,0.23639758495628385,0.33564300774592365,0.25450132826202104,0.17346229948751934,0.1869390393905221,0.3460057131899188,0.31628602527025645,-0.00658679010427709,0.2789297045752763,0.31874336476696585,0.1668703454295517,0.2833333606932545,0.14706091090084314,0.4643567015658333,0.26533686344936774,0.130791471895558,0.25239491968332595,0.21191581672316517,0.40705998905332924,0.2708992942124419,0.3131252795247586,0.23901074220302765,0.3434115021232159,0.3198837014351092,0.009532866341005891,0.08985812408994111,0.41042623040688375,0.08607640480483464,0.5836956273346896,0.2669459276464973,-0.27966222657905765,-0.05143942829057749,0.038151936084201615,0.005410334830347927,-0.26892670638535104,-0.12849905465320416,-0.15755295979357042,0.31890168468776614,0.05460386294811248
0.0019612661536978276,0.25259132012362234,0.5195113541270193,0.039138241246999786,0.058494176056095526,0.15284854850610022,0.28978239623328517,0.05968222997675231,0.6543521448063888,0.14055033773618936,0.12123606227178026,0.1251766789949376,0.2080037840168467,0.2379141982562056,0.05405818860691049,0.19210305467520947,0.20013714716297082,0.23765292698066334,0.04102934069971758,0.17562031582405407,0.2001198105869787,0.26507932463969913,0.3516376088352266,0.2003915144863562,-0.10326940194004751,0.10992600723104154,0.1815124731994293,0.29584450259098594,0.02354022029499559,0.22404838711532216,0.10120804467940447,0.1106461514942381,0.35480019564198856,0.25830701432684805,0.1544453951042674,0.10187112535439849,0.39676656958635076,0.0845842014640992,0.3398998561371982,0.1263521132082825,0.17400649311700903,0.1909320192416265,0.26319927743802024,0.196167260493839,-0.0078369354940208,-0.04287773889290547,0.25410943223739707,0.20648222439395353,0.9448957761802942,0.06296552381763527,-0.12614683784519093,-0.07394021824891875,0.2884723291146337,-0.11306276109627134,0.01955514047704358,0.10697314551836527,-0.11673003529019157,-0.007063675502116363,-0.04409700746652038
0.11958837914746988,0.2691184496406183,0.3471492932145484,0.33784621612339594,0.33084133261716886,0.3323890972530491,0.2709440809387566,0.3827483711556014,0.14055033773618936,0.7190362992620132,0.37071631434456254,0.29371703619766376,0.34692676759151375,0.16802588412096192,0.2148221951117088,0.2533848750451332,0.2790168027701734,0.3522438015458414,0.2692671445454639,0.2682570265292506,0.20009182602448908,0.3262466525320702,0.2929700239609366,0.24654018481040343,0.17269726758553613,0.24321098355470883,0.28804376992441066,0.11924179956995397,0.2661300064878605,0.2471555385262691,0.14881302461436616,0.26381973606882625,0.10497769533991086,0.5657670218947166,0.12943461794920685,0.2481092860978962,0.22660415159118788,0.1387883806283239,0.3133364308505359,0.21195127575126846,0.28181657302102353,0.20650855664583537,0.32413508070215125,0.28858984910933233,0.06556189471971063,0.07926099513273759,0.3631992520845474,0.07545088872620222,0.4860321049780146,0.06325085990642824,-0.06981176776240251,-0.1526243493970207,0.14270821509432835,-0.006376012390189091,0.012200993933945557,0.03452093915638551,-0.17981819998960633,-0.014272314659745081,0.07011129709842764
0.09996857794040186,0.24797644723679008,0.21960120421345797,0.30738042829962664,0.33740763428194326,0.35136842874051083,0.28997462709779487,0.3967593539970999,0.12123606227178026,0.37071631434456254,0.5562076393690819,0.36382354423011654,0.3397815661417412,0.21664162369889486,0.25432749637896285,0.26230116680622345,0.3225097468806547,0.29258491022051447,0.2666416075506943,0.38338907204299255,0.24745097194661564,0.3064194166915223,0.3202053184179082,0.2327635411935147,0.15816617477073142,0.23596834931389946,0.2197264977459906,0.10814362045515241,0.25523522732965914,0.3012289466630368,0.2172595119803834,0.2575514676212842,0.21359289157021158,0.3704285168585729,0.1680188584633787,0.2633445820569686,0.2699809568005243,0.19809583292069677,0.3925010080340426,0.22490242070075475,0.24355668405573555,0.24146852429479335,0.31674654982482986,0.2604774671750589,0.04050573509163191,0.074275616614397,0.3436668921765124,0.12325513885483705,0.47976837438919856,0.1363457644782649,-0.17713998740228698,-0.1317803629518426,0.23661543669759227,-0.06473233905368209,-0.1463681695816429,-0.05241574362709048,-0.20994753888503356,0.1555740528729347,0.081449931728096
0.09746224239490958,0.21726459513404844,0.06667317522899942,0.3448199427573684,0.32289805317311454,0.29678387060649114,0.38525196836128067,0.20307713452964393,0.1251766789949376,0.29371703619766376,0.36382354423011654,0.6954894802014527,0.2922468520494187,0.2561860453758782,0.15583717978242034,0.2603377123912901,0.2718471362319995,0.317201048988094,0.25581226966192494,0.26924690738186186,0.21968893990939553,0.2473632719054837,0.27563784207556224,0.20929545407268066,0.24919749268123792,0.2509211916173568,0.1622180231189395,-0.07411299284586002,0.25921425225572453,0.1918968051051164,0.24334007332556276,0.2641041519639581,0.055887596829939955,0.3450957939778871,0.141220323558415,0.40983631697594175,0.047113704054060734,0.14220794157640537,0.2909563853134969,0.237701057985523,0.14464913478388763,0.2127946868439107,0.28876822995935664,0.2498064502541766,0.11484904720191062,0.0274923064897476,0.24918860332040654,0.09667078402261862,0.24271724166130354,0.011437588233340698,-0.028358987471618125,-0.12723845078908413,0.045310306051685255,-0.012152553094385158,-0.14571860759667793,0.011277613026804778,-0.1865309437317914,0.14433826041607525,-0.02281659193932599
0.11202018368297655,0.34432432678851016,0.32508708932712516,0.2796997102847029,0.32967346979834417,0.33278618897505013,0.2736830933943315,0.3734072886917286,0.2080037840168467,0.34692676759151375,0.3397815661417412,0.2922468520494187,0.6865725576349518,0.2424798382981469,0.15855666189850648,0.26864691312167543,0.2977596619487273,0.32433780120831385,0.23685132152442487,0.355030999693109,0.2431540518532994,0.43884321950665584,0.34101980711479096,0.26197827893342057,0.1351805403126012,0.19129703570757964,0.12429008431791487,0.09242970858884843,0.2769866519511782,0.34318359019747385,0.14795542100023049,0.24153128135149374,0.2568440391546304,0.42607869964594985,0.17593696518465085,0.1949856679805359,0.285779867851677,0.18564010308075532,0.3861094356720512,0.22937920519002247,0.2912466638251205,0.238872324320934,0.3069287948149165,0.3796291415891785,-0.08179771671527693,0.05382576841409813,0.3757656587839392,0.07427466835229608,0.6532865538434695,0.14370633768988722,-0.1502569954841998,-0.2713224965108972,0.21131933128085384,-0.015832071049277346,0.0012244301616311495,-0.1272994779674342,-0.33524479979442195,-0.07754468882056773,0.42545345828550024
0.06224242259307155,0.1927722598062564,0.12494811479449996,0.2769709460227771,0.26428855739348106,0.2862333298246561,0.3313415947746177,0.27890508389224605,0.2379141982562056,0.16802588412096192,0.21664162369889486,0.2561860453758782,0.2424798382981469,0.8598978109867057,0.23004822577218245,0.35492480746287014,0.29485920843099966,0.14532990106860114,0.19172646612462615,0.3554196201217939,0.23356967342852689,0.18038790790976345,0.3094090727052247,0.2143346715286319,0.2042289704414693,0.2071141309729206,0.13518733937274835,0.3044761223003376,0.19272745243124403,0.36465001215679244,0.18203913324766297,0.1151244482382725,0.25171752659329905,0.23908578418005563,0.2086417598462505,0.12966109576034793,0.39774614184765583,0.1844431850426784,0.32047938944480525,0.23934087014424796,0.19303440090375315,0.2296977480334478,0.39583854466280355,0.31518006282621147,0.051038373996163566,-0.21214672502778634,0.310289617278546,0.28913942223501277,0.9832301397978673,0.1225954126307883,-0.2819255784532473,-0.04038212370330212,0.10552203081538834,-0.006929774004186454,-0.20989785943564404,-0.06008369306366891,-0.39747835817783983,0.23776810488244698,0.35940904792359696
0.09010812154490055,0.5245566774268831,0.2935827003042957,0.16240628430978227,0.16876617073501252,0.27253835503259355,0.037124167787468736,0.26204583906489903,0.05405818860691049,0.2148221951117088,0.25432749637896285,0.15583717978242034,0.15855666189850648,0.23004822577218245,0.8283844949723737,0.15413922656770251,0.29023312810740687,0.10317670846640004,0.17634366502298038,0.37225161985484456,0.24109614976415228,0.025494115551251292,0.24707261684759,0.1915093707929974,0.21596406558221898,0.15116012841663673,0.24947753271621126,0.43279833132182155,0.31002201687154246,0.45483582737285677,0.15025455832388038,0.13916674310966212,0.22684489607110755,0.24072560018662378,0.1988258378307971,0.17257544766922084,0.34548918734223794,0.17946732032516735,0.2984744599900434,0.290004426836209,0.23093706515963539,0.2267573664820428,0.4206270135013931,0.19783562229834684,0.24608166581926672,-0.14529525075030414,0.3287059559889053,0.2724887359762846,0.48040804578542373,0.27771136565295124,-0.2952791551415302,0.12757077131945893,-0.14796253701461762,0.06745065401379056,-0.09205163669704794,0.00031253612752047213,-0.378817027839462,0.1393787516383992,0.27360032614071855
0.07688627984752038,0.22348499198094623,0.1692943266562492,0.2986204968941795,0.29865159894647214,0.2850182662799437,0.28792502922151697,0.28683022135869446,0.19210305467520947,0.2533848750451332,0.26230116680622345,0.2603377123912901,0.26864691312167543,0.35492480746287014,0.15413922656770251,0.6327161340719766,0.25749672806864593,0.24987670745618362,0.22703455963209182,0.2515649197197001,0.19736006864058536,0.2306900730641412,0.24700266441640018,0.2133888014243296,0.14390101629161214,0.23083206384189536,0.11906045087882103,0.16216614380582922,0.2068569309503351,0.2356024359414939,0.13474521306039178,0.1788855756578807,0.11207800509781017,0.34137074234807496,0.24288759640321136,0.16180347094247324,0.2498275519826761,0.13305088798034614,0.252036952337873,0.185076432096104,0.19515103075244672,0.20275260796713745,0.33337349907582003,0.27343178480533326,0.06574365720256832,-0.05669372413293569,0.2826506877073569,0.1347620981719896,0.5573802018030983,-0.05695860790854945,-0.1808743273942654,-0.06431636462666343,0.11871172152837335,0.009868459979190945,-0.11724271543309152,-0.044552157689385474,-0.2817672977074083,0.1368397208515668,0.20802045870681696
0.06429705780962952,0.29776756974149965,0.2819161851172854,0.26210068962790306,0.2593997254629311,0.3316585160015847,0.28777585581625054,0.33129194461758293,0.20013714716297082,0.2790168027701734,0.3225097468806547,0.2718471362319995,0.2977596619487273,0.29485920843099966,0.29023312810740687,0.25749672806864593,0.5751125354558309,0.22332551203832154,0.21164820071486243,0.3820616428168791,0.3010113310832752,0.3294601486235478,0.3068854356417826,0.2160190479300959,0.24855007718277655,0.16532395880809808,0.20891536171993005,0.34606919934073893,0.21995387528808136,0.36828747010625845,0.2337135947071032,0.20910411946720536,0.3426055951701521,0.3290997421608064,0.20191503712826886,0.2728345349314044,0.4142625445439298,0.20704618806681507,0.49623904904091953,0.2614099383696727,0.27563417789813305,0.28415365169712337,0.39316053396467765,0.2858949921077003,0.18817336334069093,-0.03131119228755953,0.37671248473178065,0.18005094111065972,0.6178534382006402,0.34918314533733136,-0.2466540101219708,-0.1666242964659988,0.07067701443456809,-0.03936861253833342,-0.16679751794492256,-0.03512571393812549,-0.27295605273623863,0.17456696767602956,0.11017659240993713
0.11642983348119602,0.338096814122656,0.31126715444292397,0.3608996071797665,0.29790309142903193,0.25843217260830015,0.3115883897654629,0.33606368725664965,0.23765292698066334,0.3522438015458414,0.29258491022051447,0.317201048988094,0.32433780120831385,0.14532990106860114,0.10317670846640004,0.24987670745618362,0.22332551203832154,1.1780512319095737,0.27747537317740073,0.15166085021188905,0.21644625260677086,0.25909680394904505,0.48312620724274896,0.3768927800451365,0.23873900548051064,0.26413857166410304,-0.4573070955704415,0.01070256395179037,0.4214087656880215,-0.016328431779941987,0.11282351015445365,0.039665351631064064,-0.025867651313915146,0.5188218727708734,-0.014589943762931613,0.06448210713058365,0.36623389561615516,0.05947613641927467,0.20937580829639485,0.1240914645040278,0.18476441373516592,0.18764707350117582,0.24025575400225688,0.14560995530618642,0.14399457206135471,0.08986351423873304,0.5128582841955963,0.003527107142123681,0.33398130504497847,0.193586939600656,0.3517503956278319,-0.3380742478698062,-0.18059270035332806,-0.11001569904802183,-0.049042391315457984,0.07364359645897023,-0.1380932228865876,0.05043049514906087,-0.04166525329380944
0.08377493761947842,0.1048750292114905,0.03348839843643732,0.3199582883104569,0.5215878269629121,0.4044561749826793,0.1226738650551237,0.34224493744173207,0.04102934069971758,0.2692671445454639,0.2666416075506943,0.25581226966192494,0.23685132152442487,0.19172646612462615,0.17634366502298038,0.22703455963209182,0.21164820071486243,0.27747537317740073,0.5909965999259162,0.1656054674088747,0.16132887249109107,0.197809936423668,0.14243868465144766,0.16887165991180603,0.4208437001464794,0.2911632446957732,0.042383227356371074,0.033250822716424135,0.37947647689277125,0.07340250936799889,0.18596921016702364,0.24488464367067228,-0.04733520224986862,0.34744836381067834,-0.06972555896392231,0.27549529570982423,0.047535402947449096,0.11298522843024403,0.11433555765449901,0.17069671984411494,0.17277892058253197,0.1413306433317322,0.22866404310054533,0.17656007218240072,0.2331384442672657,0.06256114999137123,0.1905207035594857,0.0015434189003401782,-0.060502958290172305,-0.026919714211453755,0.25193185958710973,0.09526285214005158,-0.24985536502173078,-0.03154533186544368,-0.10835794466357256,-0.058628321529690816,-0.20199648777324414,0.12838430171316179,0.1387533213326434
0.0701280394031992,0.341823417567661,0.4024872751274694,0.25646303930098663,0.22734754130894638,0.3897962216962486,0.21101377377962832,0.4237266505953326,0.17562031582405407,0.2682570265292506,0.38338907204299255,0.26924690738186186,0.355030999693109,0.3554196201217939,0.37225161985484456,0.2515649197197001,0.3820616428168791,0.15166085021188905,0.1656054674088747,1.4378951934071353,0.36164700861111193,0.23487751330799583,0.394933108979358,0.3086254377209815,0.13281671073068152,0.12262650520586785,0.17831732001383827,0.21723362757144382,0.3674710811104921,0.8769241444195267,0.41375279844378515,0.5971926620088867,0.287976402069904,0.47540541473058373,0.31733124001162244,0.4552940007789341,0.6588980865459577,0.6469971314252213,0.6019875093040085,0.3994975591336539,0.4964773524922023,0.38474045562960624,0.648425399842806,0.4997514475565821,0.27299006646720825,-0.04369076164536362,0.5511823442256283,0.37568489514775,0.924850798692704,0.20174246165002915,-0.539604693716728,-0.1896404911580484,0.4002730593410545,-0.005785849503316292,-0.06243913910625781,-0.0785913641744208,-0.3701249170083414,0.07619019411581632,0.3575480857540558
0.07165847561694887,0.3934514910481806,0.3117387161365423,0.20842495348545317,0.1954102607010377,0.24831635001257993,0.21839172431080883,0.23639758495628385,0.2001198105869787,0.20009182602448908,0.24745097194661564,0.21968893990939553,0.2431540518532994,0.23356967342852689,0.24109614976415228,0.19736006864058536,0.3010113310832752,0.21644625260677086,0.16132887249109107,0.36164700861111193,0.5709744927899858,0.2639976566131265,0.2654739746284347,0.2441880324709941,0.1399733311813703,0.09542874762912476,0.13330629934121754,0.2873553976672008,0.15368107115435475,0.5596469568369073,0.3042932468118609,0.2605357363654416,0.49520900927932693,0.21221367769988175,0.19007165470935877,0.4428916707366001,0.5150940932790387,0.23821435738965824,0.5883233180155866,0.401899847051497,0.37119562553444746,0.4702904426792207,0.519781307467396,0.309876565802294,0.44902988761127494,-0.16932892656269444,0.4169887845634543,0.35281694538788483,0.5874635195413404,0.26327492636134286,-0.1533720484147077,-0.1965737976179345,0.13221448813749717,-0.06358394891312644,-0.01843582024581036,-0.04419179258818439,-0.30405092316455234,0.04787564182505819,0.2885776364718578
0.09549909197828353,0.07596239109183707,0.31006671542133957,0.2861772384148826,0.33304721058443587,0.32130341277305857,0.29335568883743723,0.33564300774592365,0.26507932463969913,0.3262466525320702,0.3064194166915223,0.2473632719054837,0.43884321950665584,0.18038790790976345,0.025494115551251292,0.2306900730641412,0.3294601486235478,0.25909680394904505,0.197809936423668,0.23487751330799583,0.2639976566131265,1.745448361382413,0.6802115510206004,0.24911550847847638,-0.20244862871011116,0.09767399005087342,0.21383924130313658,-0.015320297717389002,0.34321619323461033,0.3289627874048491,0.16639984450463638,0.6229709575039191,0.34692843367191123,0.4716320779720839,0.10232982466269105,0.4471186513123726,0.18413113616726912,0.2144348850539858,0.5487283078814846,0.1229447385820197,0.5739568391672902,0.24166892011297164,0.17175350646758122,0.4564342951665808,-0.3927550994475345,0.3281467741622659,0.40291778836952463,-0.6534115051158115,1.1043220382420975,0.22513073796400446,-0.253275351815535,-0.6138586719382025,0.43833716045343646,-0.06950248297546366,-0.05585741534419994,-0.05416848450425351,-0.09023288660280644,-0.021869941636906205,0.042392043780231925
0.07674401412608121,-0.833699290044095,0.292000212195064,0.32694689532176147,0.3181537773048274,0.1968122104739785,0.40368880793597217,0.25450132826202104,0.3516376088352266,0.2929700239609366,0.3202053184179082,0.27563784207556224,0.34101980711479096,0.3094090727052247,0.24707261684759,0.24700266441640018,0.3068854356417826,0.48312620724274896,0.14243868465144766,0.394933108979358,0.2654739746284347,0.6802115510206004,2.8368355715797318,0.44359450844282844,0.13797048394395847,0.001171463309694975,-0.06235887685267297,0.12598757709219738,0.7866258653229882,0.7617180901077708,0.16558078164628073,-0.11680665517768019,0.3585647122596205,0.5449820464354093,0.24295072298382933,0.2651972557384544,0.6502778354495887,0.1474317250565735,0.5614186778183282,0.3088545039727974,0.2219430181105089,0.2516759906099935,0.5182263192878714,0.4935417858158619,-0.3220336911996477,0.19089105960671893,0.8005080530927643,0.06540737263190977,1.3113276460679404,0.3131249588635345,-0.2591957811272217,-0.42329082966172316,0.5911413273291405,-0.09381010961402568,0.2704037109825191,-0.055800205635702566,-0.3111192692934549,-0.28526934877903115,0.35411709838515626
0.08524691763021729,0.037992017077312375,0.2503759273229113,0.24933349895562923,0.20029291847959677,0.22209195702606618,0.21250956246418432,0.17346229948751934,0.2003915144863562,0.24654018481040343,0.2327635411935147,0.20929545407268066,0.26197827893342057,0.2143346715286319,0.1915093707929974,0.2133888014243296,0.2160190479300959,0.3768927800451365,0.16887165991180603,0.3086254377209815,0.2441880324709941,0.24911550847847638,0.44359450844282844,0.9681762200622329,0.23350869652932113,0.15235017905553064,-0.16322503946283975,0.19134328862748085,0.6000722759101487,0.4634474748793701,0.09177082109275789,0.12476353514223622,0.23144577909924222,0.3241082692350147,0.08338927156021775,0.3670259239578652,0.5471826692675499,0.15615771991087482,0.29331356806967696,0.13513920411298763,0.0842539761065177,0.2372324266876426,0.3726226761953031,0.14000055441548223,0.2141562257621838,-0.1279173340308826,0.41354533897207507,0.23736428447832397,0.8279231382726415,0.10641937398590959,-0.09930178873660472,-0.11694811305262878,0.1584735025280896,-0.11151802344934875,0.4249498742434143,0.00784930006818963,-0.2731584700209799,-0.6151541467066887,0.6498169781865039
0.13542421892689566,0.12151520802773354,-0.007247736073258491,0.2305567373623721,0.24986579450868962,0.19876388472590756,0.15713822101331038,0.1869390393905221,-0.10326940194004751,0.17269726758553613,0.15816617477073142,0.24919749268123792,0.1351805403126012,0.2042289704414693,0.21596406558221898,0.14390101629161214,0.24855007718277655,0.23873900548051064,0.4208437001464794,0.13281671073068152,0.1399733311813703,-0.20244862871011116,0.13797048394395847,0.23350869652932113,2.5298538761954834,0.43541900708326614,-0.007691355245594704,0.08199365101670016,1.2090685006973756,0.21718651167856443,0.5326303848962197,0.16625575580439014,-0.4543115013003434,0.4020203267047663,0.08708759339315475,0.6449539999680993,0.030720320371751545,0.12273675684299676,-0.11925791685316843,0.17259579059781652,0.14028942477795733,0.11664697487607315,0.3885293928400796,0.10120555185819348,1.1098939649949686,0.10427316133010134,0.25755806594601055,0.0006841458278518291,-1.1376027868327634,-0.6965133469438026,0.9043843407999628,0.12536908805895589,-0.2542888979288323,0.07116631621400198,-0.014376700541567968,-0.07295843780824057,-0.19665470321992662,0.060045425610792534,0.13140717206976724
0.04015953788618815,0.09786790515496367,0.19577645473749705,0.2702929405686377,0.2612587210528393,0.2879531700300225,0.20271403505816074,0.3460057131899188,0.10992600723104154,0.24321098355470883,0.23596834931389946,0.2509211916173568,0.19129703570757964,0.2071141309729206,0.15116012841663673,0.23083206384189536,0.16532395880809808,0.26413857166410304,0.2911632446957732,0.12262650520586785,0.09542874762912476,0.09767399005087342,0.001171463309694975,0.15235017905553064,0.43541900708326614,1.473481699042954,0.3395936662219783,0.35584611027283475,0.31926648689206694,-0.2745955131815421,0.2538746249293394,0.2542620655279088,-0.32137799708719417,0.4822237118556896,0.000250342217690291,0.18194866552663952,-0.12109718958759298,0.085327273991701,-0.5391593062140976,0.14281941338511495,0.3639463835273189,0.12185645911866583,0.19247987834842736,0.243361055449863,0.22082954322383536,-0.045566561938043114,0.08914307701133566,0.10755695876447613,0.5136534219694318,-0.35044666096800237,0.17416428489697444,0.12559606610707658,-0.23489994474846693,0.10764489847118666,-0.08369730182534135,-0.06441926959835341,-0.15342391807935993,0.19195408756731855,0.07529701538731988
0.05814681027791048,0.8092714272423603,0.41391407027830784,0.07470639222356272,0.06306957767354829,0.19252260429411172,0.23399014678492747,0.31628602527025645,0.1815124731994293,0.28804376992441066,0.2197264977459906,0.1622180231189395,0.12429008431791487,0.13518733937274835,0.24947753271621126,0.11906045087882103,0.20891536171993005,-0.4573070955704415,0.042383227356371074,0.17831732001383827,0.13330629934121754,0.21383924130313658,-0.06235887685267297,-0.16322503946283975,-0.007691355245594704,0.3395936662219783,2.41450138040448,0.6060979153330875,-0.17138455969326302,0.30941794804820044,0.2902848703367088,0.42171778899703705,0.3800467416084039,0.26987040868106255,0.22058920544711397,0.5374387747090873,0.13725835857791205,0.1363605530298298,0.32514914730302336,0.3162447297469779,0.10213285764355327,0.17925541747243035,0.43207277708697084,0.3049076062375877,-0.04790045771824328,0.06673800724844163,0.0314545325345613,0.35771911851470245,1.02136152393972,0.03844530058369471,-0.6585655668529592,0.5182033038372196,0.291768717805145,-0.009817967654746785,-0.32084450902482087,0.09649115832376157,0.27656644896671634,0.4608191728756217,-0.5463096518268646
0.009491666507580604,0.5423872303415049,0.3357545184903133,0.06818716122582923,0.00647008590965024,0.12192200989086176,0.1535767381762426,-0.00658679010427709,0.29584450259098594,0.11924179956995397,0.10814362045515241,-0.07411299284586002,0.09242970858884843,0.3044761223003376,0.43279833132182155,0.16216614380582922,0.34606919934073893,0.01070256395179037,0.033250822716424135,0.21723362757144382,0.2873553976672008,-0.015320297717389002,0.12598757709219738,0.19134328862748085,0.08199365101670016,0.35584611027283475,0.6060979153330875,2.398349131641638,-0.1746495303578667,0.2682748966635542,0.24394807046650951,0.057996541080355374,0.8452532516772413,0.07804601381830459,0.02753699151548618,0.15780095962512722,0.6659849801250387,0.15969961944675898,0.2732590990448112,0.21944017013990652,0.2422385983886249,0.24931720852537653,0.5315144446974464,0.2282400281981067,0.32822591601407153,-0.4837657730121451,0.21157106209563484,0.6386420820384126,1.187840264829405,0.13977615568912682,-0.4612598372817972,0.4501660243157201,-0.02046480420256194,-0.07919208070229866,0.2298721062405499,0.04793894222589305,-0.20172624840890704,-0.13055883242075686,0.4941681735117809
0.13954151377779292,-0.014281377982517367,0.2417194592460498,0.35728445291413585,0.283738302502565,0.282204436097383,0.1450385879118238,0.2789297045752763,0.02354022029499559,0.2661300064878605,0.25523522732965914,0.25921425225572453,0.2769866519511782,0.19272745243124403,0.31002201687154246,0.2068569309503351,0.21995387528808136,0.4214087656880215,0.37947647689277125,0.3674710811104921,0.15368107115435475,0.34321619323461033,0.7866258653229882,0.6000722759101487,1.2090685006973756,0.31926648689206694,-0.17138455969326302,-0.1746495303578667,3.829011158470395,0.7571520128441601,0.06457025236258546,0.12497104942616467,-1.042642030206471,0.6045079412826887,-0.34906893483262785,0.5338021480186154,0.43388511863185875,0.02233239279026291,-0.07885130908632997,0.2639096707571163,-0.11315255465187332,0.12011111318701095,0.35837645497767023,-0.2576572031458677,0.6985922981917166,0.28215469733323023,0.8124567747765314,-0.2902346476576495,1.0441122734071673,-0.17564293729595726,0.510434360788798,-0.006635175525307994,-0.2737291404690902,0.049317135805618015,0.08562417124014732,-0.14860713153213512,-0.3862908410239201,-0.05795136587538458,0.39477451359296334
0.10725184794437002,0.32910551882527633,0.4574290875248033,0.1520232288169097,0.1376059296084056,0.27151336761887623,0.21859388290320875,0.31874336476696585,0.22404838711532216,0.2471555385262691,0.3012289466630368,0.1918968051051164,0.34318359019747385,0.36465001215679244,0.45483582737285677,0.2356024359414939,0.36828747010625845,-0.016328431779941987,0.07340250936799889,0.8769241444195267,0.5596469568369073,0.3289627874048491,0.7617180901077708,0.4634474748793701,0.21718651167856443,-0.2745955131815421,0.30941794804820044,0.2682748966635542,0.7571520128441601,3.1349134212254715,0.20843002555037263,0.4683855583379527,0.6048850418592963,0.12634968213396852,0.7582433517923409,0.37069419118295477,1.302827704264095,0.5075469271260648,1.3412314784478636,1.056992490164125,0.8340227827684007,0.5696206722826742,1.2650441610206469,0.9226339507818722,0.9415688726892032,-0.5148811212201331,1.3504820353258034,0.6165934589280361,1.9631436293021136,0.42070727615435877,-0.47695289558099163,-0.4364600571596818,0.4193057673888955,0.07779835928310891,0.18003547229333386,-0.13949182952235917,-0.4716581110302992,-0.02918881753263714,0.5300741168564065
0.08357142026894816,0.22704437078819675,0.13750815296335153,0.15719115434765257,0.19587064048328628,0.17816067585262402,0.19436131681837945,0.1668703454295517,0.10120804467940447,0.14881302461436616,0.2172595119803834,0.24334007332556276,0.14795542100023049,0.18203913324766297,0.15025455832388038,0.13474521306039178,0.2337135947071032,0.11282351015445365,0.18596921016702364,0.41375279844378515,0.3042932468118609,0.16639984450463638,0.16558078164628073,0.09177082109275789,0.5326303848962197,0.2538746249293394,0.2902848703367088,0.24394807046650951,0.06457025236258546,0.20843002555037263,1.4885270690471155,0.4742953365339877,0.027642806991754882,0.07328559455330184,0.02909232313439795,1.2282470776284715,-0.017685001235523863,0.3271719453257118,0.2648635647094471,0.22828968922553233,0.16182001519368633,0.2722841259305633,0.2961417868879282,0.3314695841619081,0.5830770432233506,-0.04225784322386705,0.14717070501535762,0.17385622563279038,-0.577189542203374,-0.14582990893657297,0.12127628880733755,-0.11134530520718992,0.17540008079828046,-0.07777902135588845,-0.044347844420467596,0.018558021325384134,0.11308633597669594,-0.014395826086976333,-0.15113196710124072
0.030583809047108113,0.3690756842114911,0.2686529262852261,0.21824447775177722,0.2659626359472507,0.3298328645648507,0.15413677522659863,0.2833333606932545,0.1106461514942381,0.26381973606882625,0.2575514676212842,0.2641041519639581,0.24153128135149374,0.1151244482382725,0.13916674310966212,0.1788855756578807,0.20910411946720536,0.039665351631064064,0.24488464367067228,0.5971926620088867,0.2605357363654416,0.6229709575039191,-0.11680665517768019,0.12476353514223622,0.16625575580439014,0.2542620655279088,0.42171778899703705,0.057996541080355374,0.12497104942616467,0.4683855583379527,0.4742953365339877,2.862353694332148,-0.07941436516823168,0.698989710569668,0.25130837602496353,1.4757066134726737,-0.536330056129539,0.39920930185308634,0.3698537960360951,0.2147500666407907,0.9669415380847897,0.2850130803302645,0.2000657918654058,0.34837450941590214,0.25359480574141197,0.058126880879702525,0.26625329365041867,-0.17918308628374527,-0.00095695337930509,-0.10000002429731422,-0.1899588958266879,-0.07784585970799236,0.2959992828908678,0.0643644491487173,-0.21127138311420285,0.047778792804558184,0.060504232771364914,0.1296247138869342,-0.23293099683642893
0.07333307775133242,0.42686082991545227,0.3130274982387707,0.0721525232975086,0.133647443619904,0.18329514789247411,0.22933995395352688,0.14706091090084314,0.35480019564198856,0.10497769533991086,0.21359289157021158,0.055887596829939955,0.2568440391546304,0.25171752659329905,0.22684489607110755,0.11207800509781017,0.3426055951701521,-0.025867651313915146,-0.04733520224986862,0.287976402069904,0.49520900927932693,0.34692843367191123,0.3585647122596205,0.23144577909924222,-0.4543115013003434,-0.32137799708719417,0.3800467416084039,0.8452532516772413,-1.042642030206471,0.6048850418592963,0.027642806991754882,-0.07941436516823168,3.286106944836974,-0.2847002106680419,0.2671140399899404,-0.3701632245311267,0.9731754380594932,0.2748286283073821,1.0942064915857765,0.30346488081715434,0.6691762830266769,0.43457013661787713,0.48954157669855464,0.2630241672650558,-0.5409325862416241,-0.2234788517738856,0.37940133435474266,0.87201044617784,1.5036081515992645,0.9496741229425038,-1.018315710923291,-0.104066660007032,0.6225511978445906,-0.3601513623677843,0.14051092052819122,-0.09095752988004781,-0.4343780893296681,-0.08749083848247907,0.7077169511772704
-0.012161150864744778,0.28098886487788627,0.4943286143312875,0.47280102528527124,0.3708496326823759,0.40887471104671164,0.3402532227813996,0.4643567015658333,0.25830701432684805,0.5657670218947166,0.3704285168585729,0.3450957939778871,0.42607869964594985,0.23908578418005563,0.24072560018662378,0.34137074234807496,0.3290997421608064,0.5188218727708734,0.34744836381067834,0.47540541473058373,0.21221367769988175,0.4716320779720839,0.5449820464354093,0.3241082692350147,0.4020203267047663,0.4822237118556896,0.26987040868106255,0.07804601381830459,0.6045079412826887,0.12634968213396852,0.07328559455330184,0.698989710569668,-0.2847002106680419,2.4084803807167185,0.08655950673445252,0.24265578372197133,0.32500049084104926,0.22769922266332704,0.2325007267022793,0.10829225579440219,0.7117339173655278,0.24699746283419313,0.7246401177899093,0.6550059348049553,0.4990278914574472,-0.010172159170501708,0.5565993464902181,0.16713655525339272,1.1435185434448536,-0.3797134081818052,0.17303572644690302,-0.23863541646626293,0.23462186427493523,0.05539088117924522,-0.17661687968931036,0.031110303611668267,-0.49559029269641974,0.1673418343821261,0.3315539484292098
