1.3228647963084077,0.39806576452056636,0.6119381967898928,0.05679303589138784,0.3289908500362434,0.21993631555117765,0.2928471693532478,0.25297018350208716,0.13532448783376588,0.22831185503992776,0.1644558822710295,0.2225313079158888,0.12414520899117268,0.2477564697681939,0.21800445044492572,0.17877140073182646,0.09720070139343799,0.26776539561680424,0.11232221343883116,0.14085835311205894,0.14606901000041234,0.2197809724029762,0.22049784662642988,0.06611726947764733,0.25134801197429985,0.1621079880621768,0.1303071694386881,0.09556665065963282,0.22047602209205372,0.21590114505013872,0.11804105726259667,-0.012032182594843281,0.14199272085448628,-0.016832879952036837,0.14777800344501588,0.07308268817524168,0.22630594155877934,0.17366435757094928,0.20933929205172214,0.06374160259447605,0.12066017394285612,0.10932484076701339,0.13848757691833788,0.17860182571766783,0.036501883449945254,0.10128229984788865,0.21384778044226194,0.004161283923900294,0.22560276118112513,-0.02588085751535006,0.0027286594719985744
0.39806576452056636,3.780850326088208,2.449962982115279,0.2954696909150205,0.11426356604173102,0.33389425159447367,0.25480057879011925,0.41252098580662827,0.26765016905869216,0.5917046796408669,0.3118594684441465,0.39461825371090603,0.19232807785500464,0.3152014886666856,0.3907544783507425,0.22637760605301868,0.3690209044782949,0.6392028703656573,0.22564882844669712,0.545314117463137,0.3309633373532717,0.33446747156086526,0.24086449004246893,0.34936691254889746,0.4595092751330921,0.27575232490277896,0.36277754940203527,0.419698816289774,0.832303291103506,0.5734060293416073,0.345168868460103,0.06593023025790329,0.4638750663613792,0.33755502039309815,0.5549532612570706,0.39337511506616724,0.7540920902378389,0.13336448536605,0.455933326688496,0.3539463469814018,0.4140343100801502,0.29534707005579713,0.3779088760779125,0.08515100990967363,0.5061153433312938,0.4405350843740733,0.5749741810753615,-0.041522696163932796,0.1360627770959149,-0.1382330354439204,-0.07685476479811644
0.6119381967898928,2.449962982115279,5.342733430565023,0.19765789421158958,-0.09246933163793021,0.5105302714595392,0.25974188583780766,0.5129113036859443,0.3967962977060929,0.42262429658478307,0.2855040096205446,0.38434807689501166,0.17561793628850966,0.31691996780641396,0.43846649035632884,0.2117387864519495,0.38597488741700037,0.5063876614423367,0.22118123714545931,0.5339490242434967,0.37918101549655825,0.42603325639202405,0.34906026344974667,0.4452629080399776,0.5039617386050651,0.2815542929000786,0.3015606755487479,0.4571161864267403,1.0515476804888366,0.6592413347529069,0.25114673115617486,0.10246199790999412,0.37499710238090955,0.3635487517191362,0.7642048381634919,0.4923418248264971,0.5755389486342644,-0.12570340881467232,0.5164010896106045,0.4545063406003817,0.4741912715058542,0.38349890621107247,0.34083907660522983,-0.03960289675503808,0.487103657015757,0.43815366752145163,0.5565386694021336,-0.06393637786896633,0.3136984102650429,0.003196100944031628,-0.03680648445574045
0.05679303589138784,0.2954696909150205,0.19765789421158958,2.886174014394354,0.3284876784209708,0.5381912346536707,0.3891217393094413,0.5266073811329016,0.2636127067092304,0.40505714297350204,0.48876316225187677,0.6573644182395563,0.33376714475868086,0.5672108341878556,0.3724849500848713,0.5459137995946691,0.32749366565396554,0.23317915633341,0.3612084921100195,0.3384535282201819,0.31602419746842375,0.4071412471403976,0.31322458292121175,0.35341363637070766,0.37992375561756053,0.3748942981946632,0.38796824847848344,0.04201047147099887,0.14358172773966824,0.19421992339264407,0.19152475264589422,0.35069675747275164,0.3920684363854988,0.3132548791829687,-0.448633590648304,0.09790511743696399,0.25916885148396257,0.547600270305588,0.5052345157210153,-0.1713339804376167,0.1999444415944106,0.30533239924822797,0.35643415776016923,0.7963639376096767,0.02985870089537669,0.04731608138787574,0.33146474996974085,0.03125916972924822,0.28808487864180615,-0.02243980100237578,-0.0423407708861244
0.3289908500362434,0.11426356604173102,-0.09246933163793021,0.3284876784209708,1.329322441022876,0.49980129223710945,0.42773335045898137,0.47133040864133646,0.22309903673385467,0.18951456512858833,0.3436120869053839,0.4420179568870776,0.2589448396014408,0.26569565787716115,0.27706140632221843,0.33205183266835836,0.18630524020487374,0.24687615844366548,0.2368459154575536,0.24791255284663463,0.2671565824472798,0.2894623131645259,0.2181649280085027,0.2668798227180682,0.24475830457709585,0.385246171258352,0.26191257940995316,0.02073466148095306,0.22579235256419328,0.058184934491599324,0.1631225288335233,0.388395973332334,0.17420851576523436,0.36750740576539,-0.10365334294171503,0.11240842771709972,0.15493797183207433,0.3012133176964385,0.2995884989758461,0.008921477522644368,0.15250613154572665,0.2804584673305469,0.20006702742816102,0.2614680653408964,-0.05886542172008366,0.12568617723177614,0.24269624178298368,0.00973202225573725,0.3790013671609916,-0.002507238950710802,0.009511087956658056
0.21993631555117765,0.33389425159447367,0.5105302714595392,0.5381912346536707,0.49980129223710945,1.0414520758837482,0.28590634625588324,0.5124737740970113,0.29451650221560316,0.14633891752592165,0.4012229449142001,0.48412312831585513,0.24673355117717558,0.26359621518191495,0.3183213893394938,0.3037224068256281,0.27353951625964396,0.23094409455475642,0.27543629648413653,0.40006130180298416,0.2851869822600503,0.3387099772076569,0.23574345760656368,0.33247445432750733,0.3410254079953632,0.40586158069092765,0.33919962175468416,0.13013152975618633,0.4272390299970982,0.13477596107792814,0.1409195530900285,0.490341928691503,0.11430838958207905,0.42490827302953776,0.17892760015000875,0.1268984732906789,0.18773512727107156,0.3388068481644849,0.3730933513021001,0.10485435088723201,0.14612395655363747,0.2769982944597372,0.2773666998347094,0.3284964143962964,0.12314860438433763,0.1523378188636233,0.3200572901900876,0.00034237897810370443,0.3082705449051918,-0.025867067244300115,0.02100914058287247
0.2928471693532478,0.25480057879011925,0.25974188583780766,0.3891217393094413,0.42773335045898137,0.28590634625588324,0.9256091579713506,0.2466602264365535,0.3172953461300941,0.05532082079034329,0.30291498827595353,0.45288401340314527,0.2243112083239775,0.2081970010287017,0.24366015432903607,0.26492714584304344,0.21028140774237644,0.20021331367652725,0.1650299752384028,0.23881107067949103,0.2639785072238164,0.3082948679089838,0.16033741068012902,0.25782396667565555,0.2606777149240869,0.32071618259861523,0.2516688772756196,0.11686105738783188,0.2447551706416401,0.20652719993674584,0.1689305657041803,0.27094779309197564,0.1947744813460912,0.3042034084959741,0.11217536935204306,0.15529814435267217,0.16669962640861397,0.2556121283422602,0.3321842461410927,0.08405309033853661,0.19461480789548274,0.2539385536097257,0.2153342026867265,0.25219916462797043,0.03876947051575355,0.14713425879976808,0.17931822012645549,-0.0006094672254072745,0.37498640067160083,-0.008580226253422762,-0.016465406905478368
0.25297018350208716,0.41252098580662827,0.5129113036859443,0.5266073811329016,0.47133040864133646,0.5124737740970113,0.2466602264365535,0.9867607686974458,0.19766559049852095,0.40266955738131915,0.37897016937861744,0.18650299286279182,0.27375384854259516,0.3204227640716565,0.29156886528975334,0.2685069819414831,0.2820799823517454,0.30885094118802925,0.28427341919176174,0.3666954165863891,0.29724639468764336,0.2856567673325321,0.237278414504422,0.2914788064542116,0.34094862967040174,0.3396874166609898,0.29348193487636626,0.19790746617161542,0.29711343911884736,0.38301995403171324,0.26053586764919334,0.2414269936203917,0.20291687292783422,0.3762704277343968,0.28833161852135186,0.18495151497032059,0.3706488267757312,0.3241053198236203,0.5033108562502255,0.13110558123777008,0.30014676870372653,0.26521586641361794,0.36310849418825275,0.3500005312894364,0.15023715493757558,0.19163914212426664,0.4345303764464859,0.022473717989287614,0.2957036354230445,0.09159494265519053,-0.036900931523060204
0.13532448783376588,0.26765016905869216,0.3967962977060929,0.2636127067092304,0.22309903673385467,0.29451650221560316,0.3172953461300941,0.19766559049852095,0.89574724275706,0.1640815953477638,0.25403233224618166,0.28708320032149454,0.2117062019011958,0.2439564184384347,0.33702059052814926,0.2371595127298716,0.26312797930948556,0.1523549739927006,0.20932446613975836,0.2849494140144837,0.2754726768824839,0.40010819563290645,0.15618939891594727,0.2975884995149914,0.2261972383309011,0.37776251524430365,0.27287066548917277,0.2342387269786468,0.20164323380563023,0.3514687083855967,0.2722046636556265,0.23587446697957276,0.2819263649216107,0.2349524209534784,0.2108394487417798,0.1797579230044846,0.2929642630633856,0.3068303062179587,0.3238798166549317,0.08736766849568604,0.27172327233195515,0.2627515551221832,0.28265133582598084,0.25163475897638726,0.016993088927145784,0.1652262126791619,0.27123114434634293,0.007587266276143468,0.4946921346375865,0.04159967329237235,-0.021760093996685582
0.22831185503992776,0.5917046796408669,0.42262429658478307,0.40505714297350204,0.18951456512858833,0.14633891752592165,0.05532082079034329,0.40266955738131915,0.1640815953477638,1.7987354243072473,0.347175678573077,0.4451631278740018,0.26410998978205874,0.45782312317980584,0.36328221431279445,0.3623542156244148,0.41944888209117437,0.6072157741492712,0.4482991846104175,0.09368795082159126,0.17332330470603377,0.32145534765370376,0.4479807165113837,0.30266956424768576,0.39483397739595116,0.21113639535036313,0.3043184988873204,0.3272825498247922,0.29306711525615203,0.5178188432435934,0.34371964199560084,0.03263543217035456,0.3167681903660819,0.4494594575397322,0.4854283083302809,0.3351788291352743,0.5203209248958157,0.29733816500387517,0.43407788657787855,0.04863778694535558,0.3968456754762243,0.16370381360672234,0.3442655596962742,0.3977594112573821,0.09897365353240486,0.2985581398870307,0.6011524053874628,-0.013152091000565452,0.11610222616645814,-0.12272557004985757,-0.047358557830473824
0.1644558822710295,0.3118594684441465,0.2855040096205446,0.48876316225187677,0.3436120869053839,0.4012229449142001,0.30291498827595353,0.37897016937861744,0.25403233224618166,0.347175678573077,0.6594100783776582,0.4048087352603673,0.33937159517290694,0.32144813756595003,0.40234513112047254,0.332472384989362,0.36787022658640495,0.20667589497536917,0.2559874894518503,0.403788569391968,0.27211773937783856,0.2883000709957364,0.17606925355849,0.3022086696825125,0.3111138018432497,0.31765125814858125,0.3296853295810282,0.22945346675081738,0.3116252187551603,0.2572934382193672,0.2256307605926498,0.2908976382887657,0.2078079810277648,0.3805355170366318,0.2842430820402106,0.20412232439647376,0.31209675795566216,0.27222558728902063,0.41523048394019085,0.1157643621182475,0.2600544917248391,0.2769706003778262,0.2711224080301702,0.260610954267542,0.1231520512911535,0.2145384659132393,0.31558218118097076,0.002564863317237915,0.2786384390701678,-0.03892602914102596,-0.009732993635958767
0.2225313079158888,0.39461825371090603,0.38434807689501166,0.6573644182395563,0.4420179568870776,0.48412312831585513,0.45288401340314527,0.18650299286279182,0.28708320032149454,0.4451631278740018,0.4048087352603673,0.9891484720691949,0.2214795016251335,0.30034585894314475,0.2949888326958278,0.3671600054514127,0.29815749525258983,0.33724740218944177,0.28623286285169974,0.24502369875140798,0.24277516662300325,0.3324428990490197,0.2750391855613549,0.29413490154983307,0.3701211168000585,0.3931680746711818,0.36197369650689265,0.13356336537351485,0.37212997301489875,0.1154508662781875,0.1186056445564294,0.34170201215309787,0.15581445117737078,0.41669242897025494,0.24379422503866421,0.18938163507721803,0.16444341707894833,0.2695170218425513,0.3423277502230431,0.0846587906170894,0.18468473938059246,0.2432880972661357,0.22415122738403342,0.2996084871077183,0.056128447218830646,0.1801402437172927,0.2749191245059275,-0.014297284926388331,0.3167926831505232,-0.11337538745694781,0.005097021820865638
0.12414520899117268,0.19232807785500464,0.17561793628850966,0.33376714475868086,0.2589448396014408,0.24673355117717558,0.2243112083239775,0.27375384854259516,0.2117062019011958,0.26410998978205874,0.33937159517290694,0.2214795016251335,0.5925276667654479,0.31192592637998623,0.19242584392190998,0.3184392742090577,0.30142170543235747,0.14478792305173138,0.25032638713836397,0.2601067585559086,0.19548800295075963,0.31835546356320954,0.12177618283462772,0.24847951155462325,0.2449776452851505,0.21197170369291074,0.26609103236752435,0.22255005007629125,0.2516287123649657,0.2711326190082761,0.18029974952016822,0.20236759340020266,0.17482198016825085,0.2945238040270568,0.2634688124602878,0.17394183150526757,0.2597507017538248,0.20574513323288846,0.3093218452109912,0.09209398233385606,0.22892668639283487,0.20649351452572812,0.24838615973411698,0.24851524688039076,0.024965387423815655,0.1943854935925092,0.2549030926172973,-0.0034381261789748047,0.31954322374717736,0.004928757716655972,-0.004994989098273433
0.2477564697681939,0.3152014886666856,0.31691996780641396,0.5672108341878556,0.26569565787716115,0.26359621518191495,0.2081970010287017,0.3204227640716565,0.2439564184384347,0.45782312317980584,0.32144813756595003,0.30034585894314475,0.31192592637998623,0.9267196423459035,0.41591536286669306,0.4940321821349669,0.3436227408334373,0.22717842451287973,0.24191943764601442,0.35572155320572313,0.2626355440293166,0.35088893644873287,0.24735955297499918,0.3120608308396603,0.3393900191093434,0.31164097124815276,0.2607422510503977,0.2783242598412305,0.19584147818327427,0.35157411624186485,0.25084868307457436,0.17078769427269375,0.29495286121177844,0.26968496626515176,0.29384076641506546,0.24165388746874086,0.46891364978188466,0.34880542495947214,0.26021231898569236,0.05399393946637636,0.32519954613627267,0.26266103437688804,0.35196367627433217,0.32612024887290775,0.0899073096642968,0.2276622571619225,0.3628782744347811,0.00623034083034431,0.32619904737295197,0.006380839513207459,-0.024890881869376835
0.21800445044492572,0.3907544783507425,0.43846649035632884,0.3724849500848713,0.27706140632221843,0.3183213893394938,0.24366015432903607,0.29156886528975334,0.33702059052814926,0.36328221431279445,0.40234513112047254,0.2949888326958278,0.19242584392190998,0.41591536286669306,1.0863135937207318,0.3212772410871474,0.34580140073011584,0.15568765502959084,0.22519981965477007,0.4532061345805276,0.2957482251178288,0.2309772419524863,0.18728212698184532,0.3456880199416912,0.3480650819521705,0.2803460664906309,0.3142830068113531,0.26484270873813603,0.29329487367437473,0.3872321593535966,0.2505725582794121,0.2378658587916043,0.3103316396681007,0.2950963339658775,0.27688556834554723,0.22826240697411804,0.42338013725018253,0.25277577428187437,0.3445439078187786,0.05570187549156698,0.3199950584700528,0.29923328138366856,0.2619680720348168,0.22642332221398112,0.12128230642404147,0.21631865749760554,0.34382651914615847,0.017337526175367463,0.29798175400031124,-0.03807245189159085,-0.012879186781414368
0.17877140073182646,0.22637760605301868,0.2117387864519495,0.5459137995946691,0.33205183266835836,0.3037224068256281,0.26492714584304344,0.2685069819414831,0.2371595127298716,0.3623542156244148,0.332472384989362,0.3671600054514127,0.3184392742090577,0.4940321821349669,0.3212772410871474,0.7167344934405164,0.37073351520722414,0.15955569137967576,0.311607139275411,0.29898824908016647,0.25586646993829354,0.406138747919916,0.19882278134696857,0.30354919055433394,0.32551513156246364,0.3007805185983246,0.327415544829061,0.27410994275189193,0.21935765738490823,0.2863571124818302,0.19794110916112295,0.25215313569613057,0.19250497636683409,0.31802632304790124,0.3640199758351139,0.24083834602449172,0.36504800949243466,0.3099493441743912,0.2782303304683258,0.09424866901653578,0.2942503198562217,0.27886832019075014,0.2880454604120958,0.3125867452676275,0.08663633117976105,0.21745420583481143,0.2941687471726658,-0.00964790883378001,0.31847159745690845,-0.031094738581981203,0.01105720659612814
0.09720070139343799,0.3690209044782949,0.38597488741700037,0.32749366565396554,0.18630524020487374,0.27353951625964396,0.21028140774237644,0.2820799823517454,0.26312797930948556,0.41944888209117437,0.36787022658640495,0.29815749525258983,0.30142170543235747,0.3436227408334373,0.34580140073011584,0.37073351520722414,1.0314146578402412,0.09747854357637203,0.334752247501988,0.5095535046369588,0.2731347496841942,0.3512534054206637,0.1623427200071936,0.3073036272262674,0.38177728176711395,0.27859185048742025,0.36250297576291757,0.4922779009317164,0.2261502968192966,0.3276945010409707,0.24446570817540544,0.18639167704156326,0.2943624220211142,0.3500138691628805,0.46206001196424074,0.28284672803972866,0.5700200670717394,0.31037807050847016,0.366379229493031,0.12872496163328623,0.3389992921508999,0.33269137097073836,0.31349050890098173,0.2650232498948089,0.26449099993924696,0.268764649750883,0.3621305757905415,-0.007614474636458247,0.20747620949949966,-0.12605003653144622,0.013317923054875587
0.26776539561680424,0.6392028703656573,0.5063876614423367,0.23317915633341,0.24687615844366548,0.23094409455475642,0.20021331367652725,0.30885094118802925,0.1523549739927006,0.6072157741492712,0.20667589497536917,0.33724740218944177,0.14478792305173138,0.22717842451287973,0.15568765502959084,0.15955569137967576,0.09747854357637203,1.413060273501934,0.302884952507134,-0.22633169668644176,0.2972086165152338,0.27058077845080963,0.5450267456117268,0.22397034284246853,0.23980425394755164,0.32611359875133483,0.06938234547944853,0.22613052474840403,0.3386767340970586,0.20814376127492779,0.4685665650427319,0.0031615086647780273,0.3850162373100128,0.38883903902206535,0.23307726975824267,0.2596354508745272,0.4650492064731488,0.29214270113141166,0.1768498973700008,0.1731867694670624,0.2538362745843715,0.1802778848791766,0.4006276724192806,0.20990507121136773,0.250998630619441,0.3164550023756363,0.6410754132270413,-0.02807254507419697,-0.2765528930498606,0.06396697809759232,-0.05927849554830155
0.11232221343883116,0.22564882844669712,0.22118123714545931,0.3612084921100195,0.2368459154575536,0.27543629648413653,0.1650299752384028,0.28427341919176174,0.20932446613975836,0.4482991846104175,0.2559874894518503,0.28623286285169974,0.25032638713836397,0.24191943764601442,0.22519981965477007,0.311607139275411,0.334752247501988,0.302884952507134,1.2811935098076328,0.0033265597982327657,0.27658598607654106,0.401867901400873,0.020180947061803543,0.2738823065180667,0.19599285600193614,0.15224234093389505,0.20382083538948276,0.22570875022870868,0.1767084916447115,0.3074080022923901,0.29658644158713454,0.29906425056669655,0.2897629738298554,0.2549966302885392,0.2011473003472117,0.2792786908602385,0.3395039503306855,0.39174767619300493,0.31225315875138326,-0.024966098770155855,0.2981474473746962,0.24586427582999784,0.21459616385129454,0.23027021711884696,0.06406412120637905,0.22150954825770433,0.2908799609981742,-0.019437046652181763,0.12085689622982808,-0.08573171405537046,0.001760728872471617
0.14085835311205894,0.545314117463137,0.5339490242434967,0.3384535282201819,0.24791255284663463,0.40006130180298416,0.23881107067949103,0.3666954165863891,0.2849494140144837,0.09368795082159126,0.403788569391968,0.24502369875140798,0.2601067585559086,0.35572155320572313,0.4532061345805276,0.29898824908016647,0.5095535046369588,-0.22633169668644176,0.0033265597982327657,1.4580242141102275,0.21826055265084193,0.25172687889818035,0.0777378051521268,0.40130479973486355,0.4058145158282551,0.3788428470854857,0.5076098660165465,0.42647178794612756,0.35371220458053293,0.5738590723872792,0.20241834752789825,0.3340895349900353,0.31072571221358297,0.25459503997412397,0.4307182784822453,0.23238302047365983,0.6653849302362012,0.29972873231746183,0.33742173864756575,0.24346647058206705,0.4116492609624184,0.2895017526811766,0.45653994675861986,0.2318414207801123,0.37482783739635867,0.2764027197381561,0.24870806520260025,0.041792745614073194,0.5024346637519109,0.03524349130624035,-0.021979776813653852
0.14606901000041234,0.3309633373532717,0.37918101549655825,0.31602419746842375,0.2671565824472798,0.2851869822600503,0.2639785072238164,0.29724639468764336,0.2754726768824839,0.17332330470603377,0.27211773937783856,0.24277516662300325,0.19548800295075963,0.2626355440293166,0.2957482251178288,0.25586646993829354,0.2731347496841942,0.2972086165152338,0.27658598607654106,0.21826055265084193,0.647538963476662,0.28970132372997054,0.14247624833429484,0.30787242867187214,0.2351875431097187,0.36879217384877666,0.20839907188556758,0.24349684315875167,0.14462298743261093,0.3596756690079267,0.4139242305243414,0.2778799619901347,0.3441066827543047,0.32068417112683983,0.216989085176291,0.2970433017777086,0.4066860795124168,0.43489006525123136,0.29747392978183546,0.15792237170481127,0.4571612334641894,0.5009378980348019,0.38184652650098966,0.25356412259809435,0.2682751776949769,0.2678991444642081,0.4025546977359191,0.026278303221803575,0.08215948191235604,0.07854686395772319,-0.03133104063900387
0.2197809724029762,0.33446747156086526,0.42603325639202405,0.4071412471403976,0.2894623131645259,0.3387099772076569,0.3082948679089838,0.2856567673325321,0.40010819563290645,0.32145534765370376,0.2883000709957364,0.3324428990490197,0.31835546356320954,0.35088893644873287,0.2309772419524863,0.406138747919916,0.3512534054206637,0.27058077845080963,0.401867901400873,0.25172687889818035,0.28970132372997054,1.0345435180070923,0.2949451811428264,0.3586389141034965,0.34657732438740874,0.29776170184070877,0.3174091101817407,0.2724800060979754,0.30352697356217184,0.40346076560155164,0.2619030261598312,0.25388268092391186,0.3527139994612375,0.3170066217791426,0.26224048802790983,0.2884557621702024,0.38404589282325163,0.42682210607236837,0.33969117046242403,0.07910920178832893,0.3355017947689787,0.29790335403038504,0.35955620407426986,0.35609867687837826,-0.08927912858901801,0.26322230252052353,0.3576343416243899,-0.06635501597355563,0.7955374859356449,-0.03076169137032322,-0.0014001378877370883
0.22049784662642988,0.24086449004246893,0.34906026344974667,0.31322458292121175,0.2181649280085027,0.23574345760656368,0.16033741068012902,0.237278414504422,0.15618939891594727,0.4479807165113837,0.17606925355849,0.2750391855613549,0.12177618283462772,0.24735955297499918,0.18728212698184532,0.19882278134696857,0.1623427200071936,0.5450267456117268,0.020180947061803543,0.0777378051521268,0.14247624833429484,0.2949451811428264,1.6943304746585797,0.3893415085084058,0.5607008899279359,0.014135968375236663,0.09368513248436035,-0.04051573366130096,0.3899183169039938,0.3975381077428305,-0.035355766017396616,0.03724136215217935,0.26352732150154806,0.3591602423203375,0.09746834461377385,0.27526795333598575,0.2606151139696578,0.04513777086728761,0.4536322682913068,-0.09863738730343152,0.2447982312376649,0.09498075895726342,0.28034963442069194,0.5464309604774507,-0.08022215106859323,0.2239922782128049,0.47044394718473515,-0.021808871510557094,0.09994368373239178,-0.026224435776976533,-0.03229826651948719
0.06611726947764733,0.34936691254889746,0.4452629080399776,0.35341363637070766,0.2668798227180682,0.33247445432750733,0.25782396667565555,0.2914788064542116,0.2975884995149914,0.30266956424768576,0.3022086696825125,0.29413490154983307,0.24847951155462325,0.3120608308396603,0.3456880199416912,0.30354919055433394,0.3073036272262674,0.22397034284246853,0.2738823065180667,0.40130479973486355,0.30787242867187214,0.3586389141034965,0.3893415085084058,0.9990280062905286,0.4174823305929542,0.2795992103526881,0.33168272415028355,0.33171357355856596,0.4223662486406056,0.5900588049664904,0.23886137932954551,0.7706351356924029,0.5806737756357272,0.4262627325657482,0.32528505984875655,0.3637205111999657,0.4778177077758537,0.41663889694152584,0.3158079792288654,0.0033208029292233383,0.38656235521404864,0.32279279120583804,0.36265711987053284,0.2807406157980085,0.06301296553217375,0.3344103863847318,0.4657201563269381,-0.01211919806755089,0.30251956881214564,-0.02288565813462686,-0.009746576018950886
0.25134801197429985,0.4595092751330921,0.5039617386050651,0.37992375561756053,0.24475830457709585,0.3410254079953632,0.2606777149240869,0.34094862967040174,0.2261972383309011,0.39483397739595116,0.3111138018432497,0.3701211168000585,0.2449776452851505,0.3393900191093434,0.3480650819521705,0.32551513156246364,0.38177728176711395,0.23980425394755164,0.19599285600193614,0.4058145158282551,0.2351875431097187,0.34657732438740874,0.5607008899279359,0.4174823305929542,1.3245721697420116,0.10534126507444544,0.3215011166215363,0.24485077372116024,0.6939757068336974,0.6299042695424631,-0.09882099091774106,0.21601883699553293,0.24566373651318701,0.4518015011308722,0.42457772847316827,0.3082140742755974,0.6048397957135063,0.3075442535720766,0.5799729112716345,0.11280542619209903,0.3671848080409302,0.23828169826111154,0.3660940969874941,0.40997164343186354,0.25616395503680667,0.3813344708834297,0.49561273214539714,-0.018903750895753614,0.23766693402967765,-0.06082626507009607,-0.029805169282164954
0.1621079880621768,0.27575232490277896,0.2815542929000786,0.3748942981946632,0.385246171258352,0.40586158069092765,0.32071618259861523,0.3396874166609898,0.37776251524430365,0.21113639535036313,0.31765125814858125,0.3931680746711818,0.21197170369291074,0.31164097124815276,0.2803460664906309,0.3007805185983246,0.27859185048742025,0.32611359875133483,0.15224234093389505,0.3788428470854857,0.36879217384877666,0.29776170184070877,0.014135968375236663,0.2795992103526881,0.10534126507444544,1.6918532452851767,0.3267596138431689,0.27140412028578464,-0.21871474595490337,-0.14096226395354192,0.2979296572837092,0.4827816249227541,0.1913333368354693,0.35288503843139474,0.2782355818931006,0.2053073439308127,0.13819456124180948,0.516510612190058,-0.6830246071177891,0.06396013454706038,0.30735641587154694,0.3980826798198857,0.42144149491408783,0.16862006323239975,-0.053401524965998245,0.23873950248141437,0.13517390592210277,0.015784330194541882,-0.02846443513733576,0.07389498794264072,0.006742488417480036
0.1303071694386881,0.36277754940203527,0.3015606755487479,0.38796824847848344,0.26191257940995316,0.33919962175468416,0.2516688772756196,0.29348193487636626,0.27287066548917277,0.3043184988873204,0.3296853295810282,0.36197369650689265,0.26609103236752435,0.2607422510503977,0.3142830068113531,0.327415544829061,0.36250297576291757,0.06938234547944853,0.20382083538948276,0.5076098660165465,0.20839907188556758,0.3174091101817407,0.09368513248436035,0.33168272415028355,0.3215011166215363,0.3267596138431689,1.099710572174685,0.3185186786103995,0.1921885150427823,0.3652022671523756,0.17506469448480233,0.47357705893085694,0.2513728613723112,0.3443712075723211,0.3228744227276465,0.27991893859551686,0.3417623809519167,0.31767744911791596,0.2795200206965519,0.005881565073037845,0.3354803531912004,0.25453496989125296,0.45016802390800553,0.32717043854458816,0.011217365753489649,0.22279737475009048,0.26027093054637607,0.0058928138006080905,0.41305084920642215,0.0030405170738780954,0.005096641427744805
0.09556665065963282,0.419698816289774,0.4571161864267403,0.04201047147099887,0.02073466148095306,0.13013152975618633,0.11686105738783188,0.19790746617161542,0.2342387269786468,0.3272825498247922,0.22945346675081738,0.13356336537351485,0.22255005007629125,0.2783242598412305,0.26484270873813603,0.27410994275189193,0.4922779009317164,0.22613052474840403,0.22570875022870868,0.42647178794612756,0.24349684315875167,0.2724800060979754,-0.04051573366130096,0.33171357355856596,0.24485077372116024,0.27140412028578464,0.3185186786103995,1.4503365800246697,0.03814517108790641,0.47443780282367404,0.4590555903682489,0.03491648103691313,0.6183519008266517,0.20482298368037968,0.7937378325808506,0.3972290045962021,0.7720056193346811,0.37896998694956224,0.12426992321072186,0.15240107241677425,0.4585590419664464,0.222513792454012,0.36377663736862,0.2400953296327295,0.2940777415878987,0.3643441609849872,0.3481634000735095,-0.0005085067279448072,-0.04197579841866653,0.04581583223418636,-0.0069373225357702815
0.22047602209205372,0.832303291103506,1.0515476804888366,0.14358172773966824,0.22579235256419328,0.4272390299970982,0.2447551706416401,0.29711343911884736,0.20164323380563023,0.29306711525615203,0.3116252187551603,0.37212997301489875,0.2516287123649657,0.19584147818327427,0.29329487367437473,0.21935765738490823,0.2261502968192966,0.3386767340970586,0.1767084916447115,0.35371220458053293,0.14462298743261093,0.30352697356217184,0.3899183169039938,0.4223662486406056,0.6939757068336974,-0.21871474595490337,0.1921885150427823,0.03814517108790641,3.4530870804036398,0.6935890701295475,-0.136153889969947,0.34408416616680315,-0.02745428858856211,0.6120568822923186,0.4623894373793049,0.3624865557733921,-0.2760353138111766,-0.562474918449389,0.8436925533015718,0.6527253823353206,0.19380031194476813,0.10743772143067554,0.003607948131439775,-0.49905117056440385,0.4451066351594241,0.4987342339739773,0.5699942860816537,-0.14343358120907557,0.871364720116926,-0.19473607650410757,0.016539812821273682
0.21590114505013872,0.5734060293416073,0.6592413347529069,0.19421992339264407,0.058184934491599324,0.13477596107792814,0.20652719993674584,0.38301995403171324,0.3514687083855967,0.5178188432435934,0.2572934382193672,0.1154508662781875,0.2711326190082761,0.35157411624186485,0.3872321593535966,0.2863571124818302,0.3276945010409707,0.20814376127492779,0.3074080022923901,0.5738590723872792,0.3596756690079267,0.40346076560155164,0.3975381077428305,0.5900588049664904,0.6299042695424631,-0.14096226395354192,0.3652022671523756,0.47443780282367404,0.6935890701295475,2.615350197574488,0.611062730456299,-0.0012635297673898177,0.5753838742800137,0.06641619201020961,0.7100188492008915,0.5232582967397197,0.7998733183890617,0.46630212107480995,0.9697234894781789,0.2496575218902709,1.0295999954438912,0.3218701094965335,0.8103107098387291,0.5725181421918407,0.19668229862494846,0.3216331493825131,1.0992651523100463,0.09328726154539774,0.9850990416513684,0.12510700331274868,-0.09067631579048273
0.11804105726259667,0.345168868460103,0.25114673115617486,0.19152475264589422,0.1631225288335233,0.1409195530900285,0.1689305657041803,0.26053586764919334,0.2722046636556265,0.34371964199560084,0.2256307605926498,0.1186056445564294,0.18029974952016822,0.25084868307457436,0.2505725582794121,0.19794110916112295,0.24446570817540544,0.4685665650427319,0.29658644158713454,0.20241834752789825,0.4139242305243414,0.2619030261598312,-0.035355766017396616,0.23886137932954551,-0.09882099091774106,0.2979296572837092,0.17506469448480233,0.4590555903682489,-0.136153889969947,0.611062730456299,1.7791690410707717,-0.02557191084341735,0.672414719918926,0.319711064928879,0.3567362882506559,0.33003719715893154,0.7487920929630517,0.7616584573037362,0.21132836362396232,-0.050887588027297016,0.47675122317011687,0.35295396038480586,0.4641262833913617,0.4044913229894847,0.3272931096504609,0.33567482224490475,0.5500694939885677,0.029956075683820537,-0.369278391374333,0.10841535302727472,-0.05946017965413868
-0.012032182594843281,0.06593023025790329,0.10246199790999412,0.35069675747275164,0.388395973332334,0.490341928691503,0.27094779309197564,0.2414269936203917,0.23587446697957276,0.03263543217035456,0.2908976382887657,0.34170201215309787,0.20236759340020266,0.17078769427269375,0.2378658587916043,0.25215313569613057,0.18639167704156326,0.0031615086647780273,0.29906425056669655,0.3340895349900353,0.2778799619901347,0.25388268092391186,0.03724136215217935,0.7706351356924029,0.21601883699553293,0.4827816249227541,0.47357705893085694,0.03491648103691313,0.34408416616680315,-0.0012635297673898177,-0.02557191084341735,2.9349344542099924,-0.19083563890867036,0.7952751950694297,0.1893381148836127,0.3700681545900242,-0.2932255066157521,0.7403995772042682,0.07205995570475673,-0.05878313418689808,0.37275227739753075,0.3466548808567584,0.23615084603620312,0.18240373036593532,-0.204099156267202,0.3883880187520168,0.22955257149010858,-0.02778510313996886,0.044343788459534135,-0.03703267554431682,0.04593637564374373
0.14199272085448628,0.4638750663613792,0.37499710238090955,0.3920684363854988,0.17420851576523436,0.11430838958207905,0.1947744813460912,0.20291687292783422,0.2819263649216107,0.3167681903660819,0.2078079810277648,0.15581445117737078,0.17482198016825085,0.29495286121177844,0.3103316396681007,0.19250497636683409,0.2943624220211142,0.3850162373100128,0.2897629738298554,0.31072571221358297,0.3441066827543047,0.3527139994612375,0.26352732150154806,0.5806737756357272,0.24566373651318701,0.1913333368354693,0.2513728613723112,0.6183519008266517,-0.02745428858856211,0.5753838742800137,0.672414719918926,-0.19083563890867036,1.95392066430586,-0.196947399740143,-0.18936575427450783,0.07223590890363613,1.1737291520522213,0.39307078245706956,0.171390509963173,-0.13027426157997718,0.12470607899176676,0.3515640679723652,0.36887735504572927,0.27092625733563935,0.17499778845744784,0.20745673536905823,0.5099212820220815,0.041646306277617874,0.20870501056284563,0.007820154160205012,-0.06002215337271456
-0.016832879952036837,0.33755502039309815,0.3635487517191362,0.3132548791829687,0.36750740576539,0.42490827302953776,0.3042034084959741,0.3762704277343968,0.2349524209534784,0.4494594575397322,0.3805355170366318,0.41669242897025494,0.2945238040270568,0.26968496626515176,0.2950963339658775,0.31802632304790124,0.3500138691628805,0.38883903902206535,0.2549966302885392,0.25459503997412397,0.32068417112683983,0.3170066217791426,0.3591602423203375,0.4262627325657482,0.4518015011308722,0.35288503843139474,0.3443712075723211,0.20482298368037968,0.6120568822923186,0.06641619201020961,0.319711064928879,0.7952751950694297,-0.196947399740143,2.149943778355307,0.6451116716668404,0.4541090823260401,0.1761172125182194,0.4861824687125051,0.4215474697142746,0.10012472380983523,0.5006304241833182,0.3329886242578931,0.5367425306775216,0.3715366797069183,0.2611248877273406,0.46965713688865457,0.5125454951501354,-0.03343097247172188,0.1423517527418635,-0.0701194259934005,-0.010702677806826768
0.14777800344501588,0.5549532612570706,0.7642048381634919,-0.448633590648304,-0.10365334294171503,0.17892760015000875,0.11217536935204306,0.28833161852135186,0.2108394487417798,0.4854283083302809,0.2842430820402106,0.24379422503866421,0.2634688124602878,0.29384076641506546,0.27688556834554723,0.3640199758351139,0.46206001196424074,0.23307726975824267,0.2011473003472117,0.4307182784822453,0.216989085176291,0.26224048802790983,0.09746834461377385,0.32528505984875655,0.42457772847316827,0.2782355818931006,0.3228744227276465,0.7937378325808506,0.4623894373793049,0.7100188492008915,0.3567362882506559,0.1893381148836127,-0.18936575427450783,0.6451116716668404,2.3483619230179045,0.5225045155284733,0.6160322687971584,0.13351863290310298,0.2622043047200199,0.5660979052434242,0.5760523797720913,0.18997469321893945,0.33215594812421045,0.026870859920011342,0.5215184837053071,0.5416428724251859,0.4575950750820195,-0.04585082628464572,-0.08709842996806152,-0.08024531690217099,0.012986977237681156
0.07308268817524168,0.39337511506616724,0.4923418248264971,0.09790511743696399,0.11240842771709972,0.1268984732906789,0.15529814435267217,0.18495151497032059,0.1797579230044846,0.3351788291352743,0.20412232439647376,0.18938163507721803,0.17394183150526757,0.24165388746874086,0.22826240697411804,0.24083834602449172,0.28284672803972866,0.2596354508745272,0.2792786908602385,0.23238302047365983,0.2970433017777086,0.2884557621702024,0.27526795333598575,0.3637205111999657,0.3082140742755974,0.2053073439308127,0.27991893859551686,0.3972290045962021,0.3624865557733921,0.5232582967397197,0.33003719715893154,0.3700681545900242,0.07223590890363613,0.4541090823260401,0.5225045155284733,1.6712881057641227,0.2070867154947802,0.21773692837345804,0.15100700616840243,0.3073936543592912,1.1098857164644003,0.23254725528556364,0.22744144085566517,-0.08397025840213647,0.056916528520296855,0.938649398595113,0.2711594962170747,-0.26779998989856646,-0.7929738664548253,-0.024282460951509217,-0.037426101815228735
0.22630594155877934,0.7540920902378389,0.5755389486342644,0.25916885148396257,0.15493797183207433,0.18773512727107156,0.16669962640861397,0.3706488267757312,0.2929642630633856,0.5203209248958157,0.31209675795566216,0.16444341707894833,0.2597507017538248,0.46891364978188466,0.42338013725018253,0.36504800949243466,0.5700200670717394,0.4650492064731488,0.3395039503306855,0.6653849302362012,0.4066860795124168,0.38404589282325163,0.2606151139696578,0.4778177077758537,0.6048397957135063,0.13819456124180948,0.3417623809519167,0.7720056193346811,-0.2760353138111766,0.7998733183890617,0.7487920929630517,-0.2932255066157521,1.1737291520522213,0.1761172125182194,0.6160322687971584,0.2070867154947802,3.4784620560081376,0.8362885326367141,0.2976785091911878,0.08290200628711675,0.44233209142554863,0.4060673292142994,0.7157252803739128,0.39565956297996874,1.1898007444071237,0.74914496292087,0.8328686527983242,0.07537787225354994,-0.20537395923565224,0.10307004759980244,-0.07931556380867172
0.17366435757094928,0.13336448536605,-0.12570340881467232,0.547600270305588,0.3012133176964385,0.3388068481644849,0.2556121283422602,0.3241053198236203,0.3068303062179587,0.29733816500387517,0.27222558728902063,0.2695170218425513,0.20574513323288846,0.34880542495947214,0.25277577428187437,0.3099493441743912,0.31037807050847016,0.29214270113141166,0.39174767619300493,0.29972873231746183,0.43489006525123136,0.42682210607236837,0.04513777086728761,0.41663889694152584,0.3075442535720766,0.516510612190058,0.31767744911791596,0.37896998694956224,-0.562474918449389,0.46630212107480995,0.7616584573037362,0.7403995772042682,0.39307078245706956,0.4861824687125051,0.13351863290310298,0.21773692837345804,0.8362885326367141,2.5047669037934317,0.06948140814256344,-0.29910794273628527,0.4366400398901914,0.4075063604659126,0.8407062946972347,1.1478145328556617,0.041288111664469836,0.40797648818447163,0.5783353343605371,0.09189343709931175,-0.33142507405436444,0.07883025970555813,-0.056286952671504555
0.20933929205172214,0.455933326688496,0.5164010896106045,0.5052345157210153,0.2995884989758461,0.3730933513021001,0.3321842461410927,0.5033108562502255,0.3238798166549317,0.43407788657787855,0.41523048394019085,0.3423277502230431,0.3093218452109912,0.26021231898569236,0.3445439078187786,0.2782303304683258,0.366379229493031,0.1768498973700008,0.31225315875138326,0.33742173864756575,0.29747392978183546,0.33969117046242403,0.4536322682913068,0.3158079792288654,0.5799729112716345,-0.6830246071177891,0.2795200206965519,0.12426992321072186,0.8436925533015718,0.9697234894781789,0.21132836362396232,0.07205995570475673,0.171390509963173,0.4215474697142746,0.2622043047200199,0.15100700616840243,0.2976785091911878,0.06948140814256344,2.4764322700617725,0.3014922580373846,0.34429346679619605,0.2011512286248592,0.2393091572944401,0.617441130443388,0.33603015951280885,-0.02771041133621262,0.6366453887567238,0.05649342603036751,1.3381331476103255,-0.08407170206690082,-0.06480445901352683
