1.4092893346333446,-0.04943864324629371,-0.0524930905890788,-0.05279779339723093,-0.04593337718831867,-0.028115434153539457,0.0072705659939194525,0.036668960961663825,0.03224980719149021,0.0203817173401451,0.011534204438311163,0.007618736779652941,0.006974505955893839,0.007444171062366693,0.009030871216210816,0.013845633590371975,0.020288195776054205,0.026247207839188224,0.029116739057409344,0.027718277266946593,0.024661852380203568,0.021818307888143082,0.019586729339320513,0.01844281403487817,0.016486727411876234,0.01469657984376253,0.011935720911381616,0.009467061641661046,0.007246275705769127,0.005106351036876135,0.003216724059314443,0.001967239423987642,0.001385187680250116,0.0008889831765353739,-0.0002632261820270929,-0.001195864130937546,-0.0013436784311638378,-0.0006509803076448595,0.0003860706622708415,0.0013656345594619617,0.0024262085473051574,0.003152611118867416,0.001971894379367445,-0.00036363052566349167,-0.0009338065487512899,-0.000898990131772357,-0.0005220700070635853,-0.00014545030578148958,0.00024307927488807134,-0.001963900831685601,0.011784520357267268,0.004410596542240227,0.011965552132776065,-0.005871747450770613,0.0013391200293758037,-0.0037616679584106458,0.007457239374363325,0.00891617866250769,0.0029466275683481626
-0.04943864324629371,1.3968281262864657,-0.06240576896719807,-0.06577074941645492,-0.06182602938285953,-0.045124246367499066,-0.005002923671966665,0.03953700378163652,0.04079571164724996,0.02934531247745608,0.018232794685980876,0.011778678026506104,0.009230937466276522,0.008893922159885076,0.01011941903438767,0.016291556220667143,0.024544619549431455,0.03144020908490625,0.033804837548333216,0.03160218444331852,0.027704188600073842,0.0244336963642536,0.022159226032509558,0.021202200416577395,0.019267580836740086,0.017238477593447647,0.013975209308540645,0.011003144990286522,0.00832095069607879,0.005947085154175584,0.0038392941947718627,0.0024534261124468664,0.0018171686017314395,0.0012126256684464104,-5.770492675524742e-5,-0.0011095804720342621,-0.0013213157021409385,-0.0006218551254949261,0.00045247303039347924,0.0014908717029032612,0.002586878162712616,0.003272722786247777,0.0019809975705570044,0.00012001093367723185,-0.00010575592622976249,0.00011970998647181502,0.0005854556223014819,0.0009354065722206564,0.0012702504676948675,-0.0018267975559307637,0.012760009298129697,0.004009303623855359,0.011635061676273822,-0.005984290649132998,0.002485487864883688,-0.00464608658315272,0.00826065111823356,0.009846469593998703,0.004400814423338602
-0.0524930905890788,-0.06240576896719807,1.38141389578649,-0.08074577215198145,-0.08309099736638437,-0.07154319297392633,-0.029861802288498187,0.0386864714808098,0.051057073834247055,0.042041084674628554,0.028237138865626895,0.018205730254569903,0.012792600524714662,0.011236365215975395,0.011764542256666757,0.019436923095315004,0.02958790810084216,0.037112906139335294,0.03826693540776023,0.03513667677280234,0.03036426629464398,0.026744077084606934,0.02456431492577338,0.023933894796034538,0.02214721923148107,0.019896823831894422,0.01612444696798367,0.012606712454241106,0.009423845767647895,0.006871955461930603,0.0046120897274602,0.003130391333109694,0.0023862988525152045,0.001596097554675694,0.00025929354211252784,-0.0008416776437836451,-0.0011089732134355998,-0.00044061886703679733,0.0006216540298471905,0.0016731853769404407,0.00271633501921615,0.0031578199751798606,0.0014228352717795894,0.0006270784573432514,0.0010606598106378997,0.0016149389349279124,0.0022002034396447134,0.002478524065942455,0.0026939898225335464,-0.0013428658656206998,0.012667451192363323,0.003399045171057979,0.009437390094313184,-0.005228924316713489,0.004194325281659852,-0.005169317290098611,0.008777940937468165,0.009894096580373735,0.0055947631574268
-0.05279779339723093,-0.06577074941645492,-0.08074577215198145,1.3560971913941553,-0.11090449929580089,-0.11170160698545366,-0.07749225250722334,0.030413463661780923,0.06378307185202942,0.06169967595634511,0.044945937793643954,0.02904457763690843,0.018309487521567372,0.014782445013444069,0.014897116355016404,0.024278648413326488,0.03594107123243079,0.0432816088029562,0.04234065826093917,0.038444712259753676,0.03306557543854151,0.0292481656469239,0.027245739454731865,0.027021690321428236,0.025396048467726598,0.02297536904854081,0.01872544127649743,0.01463229915629544,0.010911049988657162,0.008110603436270857,0.005666683529075876,0.004047975783929093,0.0030410780375375685,0.0019489933846469725,0.0005624319295139295,-0.00050711049292342,-0.0007727087463615704,-8.37713316848532e-5,0.0010318614184326167,0.0021472320365726588,0.0031270587452387087,0.0030661811833776888,4.4558207793383976e-5,0.0010363959455424853,0.002524452745258372,0.0035708262183771883,0.004313736760810999,0.004505509868252,0.004549286255412812,-0.0005363315574412671,0.011528075524236585,0.002708714497121687,0.006184796523951672,-0.0032427437236290657,0.005686819585386511,-0.00478909106852511,0.008927957186118484,0.008612727420718823,0.007385421022673564
-0.04593337718831867,-0.06182602938285953,-0.08309099736638437,-0.11090449929580089,1.3111473352227576,-0.16815157860666902,-0.16254026687205608,0.0005871814408853917,0.07054693617961211,0.08525815247443977,0.06886200018735195,0.047171693393626125,0.030008986460337558,0.02419432112323026,0.024110442144353296,0.034238445214578146,0.04513567897719528,0.04960264946693736,0.04444156196461219,0.04008033504813822,0.03440636579208817,0.030517011359464993,0.028738963060324835,0.028956742250507494,0.027614210066394234,0.02515118251234926,0.02065360266993506,0.016112916267067467,0.011965897125915052,0.009062840853859395,0.006661800134816197,0.005079096372586365,0.0036760777762249704,0.0021316450232398893,0.0008612148297861878,7.81265722449812e-5,-6.062694986671746e-5,0.000664800987393506,0.0018061096841617671,0.0029061641987476565,0.003619941125015317,0.0025464688716849,-0.0027569890143408025,0.0012837691177831148,0.0044218127899538565,0.006185532773496753,0.007100781903628792,0.007143045094442584,0.006902343233220679,0.0007395328425462465,0.007827577178358539,0.0017418750254408566,0.002294387093428212,-0.00038002275775190586,0.006067400183189863,-0.0023657740405330775,0.00850401290497164,0.005989061828380331,0.007356696774745087
-0.028115434153539457,-0.045124246367499066,-0.07154319297392633,-0.11170160698545366,-0.16815157860666902,1.2136647091187762,-0.31044103492931485,-0.07673116295674562,0.05529321055329851,0.10878819999716019,0.10416659105068274,0.07840083241027762,0.055207065272475674,0.049076334670474786,0.051926686683737955,0.06072176599557727,0.06412660976528049,0.058468273271772994,0.044027937805808555,0.03871594537445132,0.03252972217207395,0.028068433556955808,0.026444750478242098,0.026941682596548975,0.026150779999291447,0.02411061478766671,0.01996337680947598,0.015587228579837752,0.011447856227181762,0.008838010776590086,0.007056650958198483,0.005854466662530317,0.003949137613471769,0.0017053138521969818,0.00076180385379057,0.0006551483533721796,0.000885763170554188,0.0017474963988094732,0.0028923277156573625,0.003794721626253679,0.0038067278065482585,0.001052329170359739,-0.007496360184475569,0.000883883630916294,0.006185979556086722,0.008751933560460829,0.00977407024826044,0.009593460615760318,0.00898078147798166,0.0015172358880305521,-0.0011638185861743782,0.002369131297183059,-0.0007425896383845893,0.005367558134397215,0.002011764823707722,0.003928297549874265,0.008420550961302026,0.0032473568926589514,0.0048921203932652205
0.0072705659939194525,-0.005002923671966665,-0.029861802288498187,-0.07749225250722334,-0.16254026687205608,-0.31044103492931485,0.8987404550059035,-0.25613501311749026,-0.03845816125428619,0.09560440990572851,0.13952494461106732,0.13420311659686668,0.1203265646656851,0.12022391725975487,0.1265475504873561,0.12035096678419387,0.10082367717249369,0.07067751358352166,0.04047746594024636,0.034734115125609026,0.02740784426765307,0.020791067548150056,0.01790970877938384,0.01746577198149902,0.017002243280474463,0.015904585782397153,0.013363253245191754,0.010411670482093596,0.00737443825780875,0.005754261594914862,0.005514615172577785,0.005207787818980706,0.0028987076979144267,-2.660908533231635e-5,-0.0003264269730529751,0.0006965440973182701,0.0016473069150235403,0.0028251741747524753,0.004015029004925222,0.004548862127923987,0.0034518599182758597,-0.0014568590434371315,-0.013648868915247183,0.0002833147731424476,0.007866106746820051,0.010993425809183615,0.01181629515548512,0.011355711946812687,0.01030617725661153,0.0001849981196053895,-0.02189583421645004,0.009953849898742201,-0.00010557296040651582,0.016574846969665005,-0.010387923917311102,0.015710897219765322,0.009969091675126605,-0.0003009759369712162,-0.00020603242774732008
0.036668960961663825,0.03953700378163652,0.0386864714808098,0.030413463661780923,0.0005871814408853917,-0.07673116295674562,-0.25613501311749026,1.1368957191551452,-0.24532836446275735,-0.13283212344571824,-0.00209125122459321,0.08276658904191715,0.12061579384856881,0.11657218746965664,0.10384622582257755,0.08636282651566318,0.0652755384641394,0.0442066510531084,0.020966463483437905,0.014553916383473283,0.008708851747306703,0.005722662414140344,0.007635374576873144,0.011065447344142136,0.013899506367900178,0.014171022487004258,0.011988844611544855,0.009171692897799644,0.006092233239753703,0.00487405067751405,0.0052251778382630875,0.005355555233072648,0.003036012677814192,-8.201176412964645e-5,-0.00028976312620753873,0.0007528493761991955,0.0011280947354900316,0.0010367725510460515,0.00042046238731510433,-0.0011327199492321789,-0.0038768279379895547,-0.008336044571566411,-0.014383359801266666,-0.0060924777603322145,-0.0010175832825377656,0.0015762627166286843,0.0028286518548269243,0.003114920245364899,0.003023899543812677,0.008898452296021821,-0.007433456619165148,-0.014801495012032864,0.0072468439119441255,0.004591684588698222,-0.011844195449098587,0.014581764384095574,0.00038958434675526367,-0.001552961023337637,-0.012289137246230973
0.03224980719149021,0.04079571164724996,0.051057073834247055,0.06378307185202942,0.07054693617961211,0.05529321055329851,-0.03845816125428619,-0.24532836446275735,1.122764654951238,-0.26463344246114184,-0.1179885503610098,0.02635706147271897,0.09813365566466513,0.10392658407276253,0.08571703294787887,0.05737132737078742,0.042256278677313054,0.029861179750657982,0.01674674591289535,0.013875969929976152,0.009608090356881574,0.008359359493279313,0.011656126181415169,0.01595380693702171,0.018971368612094853,0.018924127369337178,0.015916304816317516,0.012407702888703048,0.008710882724422556,0.0067981563548945995,0.006210446519527537,0.0056299396538440315,0.0035050208622965516,0.0008284293331352575,0.00021900141928074543,0.0005890468802562695,0.0006599179358168786,0.00041540542239680225,-0.00031326481640656616,-0.0020185554740151756,-0.004757003804869822,-0.008734235346401461,-0.013513368852047377,-0.007073661596127274,-0.002891582286627555,-0.0005845517645430884,0.0007371758477565706,0.001209355309840472,0.0013958720812184621,0.010962537380410899,-0.0030449363525794438,-0.014336504941606019,0.009773475421378106,0.0004672120510955736,-0.0024613423857947916,0.007251159054384894,-0.009622703450841473,-0.007815840090298634,0.000281450247898061
0.0203817173401451,0.02934531247745608,0.042041084674628554,0.06169967595634511,0.08525815247443977,0.10878819999716019,0.09560440990572851,-0.13283212344571824,-0.26463344246114184,1.1546280997155878,-0.19710161209287855,-0.05863638960871429,0.041192269462635545,0.058749503151052644,0.05167080514916636,0.03472649855854423,0.026612332229903744,0.02793939059143858,0.023086189309788906,0.022309577260862006,0.018559289177617323,0.01704302134924285,0.019495646584630627,0.02308620161993676,0.025197706737140772,0.02435304955462055,0.02040946156808503,0.016039139409922777,0.011523319520158124,0.008837192605001126,0.007770213045389864,0.006715562953402031,0.003979160515589439,0.0006813756832071476,-0.0002876450430353536,-2.6622507885730366e-5,7.746319518879767e-5,8.422340938692338e-5,-0.00025168366215315023,-0.001521641685207521,-0.0038033446192057823,-0.007516901398785752,-0.01279311689444203,-0.00685311515265949,-0.0028251543995793274,-0.0005137142481896627,0.0008442081628364802,0.0013348303090708203,0.0015348124275627226,0.008247685442921817,-0.007465793157082738,0.0013546814696173489,0.005104636901675572,0.00248769690867736,-0.0015098292173274588,0.009273878002064,-0.010455370728182999,-0.0036168697698423158,0.0005313033863733343
0.011534204438311163,0.018232794685980876,0.028237138865626895,0.044945937793643954,0.06886200018735195,0.10416659105068274,0.13952494461106732,-0.00209125122459321,-0.1179885503610098,-0.19710161209287855,1.2252873473966868,-0.1599391388779264,-0.07819230442431839,-0.01906484277671179,0.010937674209528136,0.01696091595533552,0.025851112724351748,0.03303503095104034,0.029796248871211718,0.031030927738093926,0.02692930269360275,0.02372557213083066,0.024731348899378953,0.027374786574020368,0.02872603398904652,0.027423395072486534,0.0228735539217634,0.0179774539061326,0.0129190232605833,0.009848824223753098,0.008689790814614178,0.007550734589121873,0.004204554904432465,0.00024420132073706184,-0.0007921957489714201,-0.00029639012371126064,-5.843468332032657e-5,9.941053402730153e-5,-4.455939894314874e-5,-0.001094672967454548,-0.003273349670982437,-0.007232298989584879,-0.013620877449785088,-0.007131709753640935,-0.0026417366653556356,-5.878664094014966e-5,0.0014267408802792702,0.0019262125541642024,0.0020849190579050165,0.0020951212145630216,-0.01586234943961083,0.02312603427506656,-0.00498950809376022,0.006220199919443153,-0.0021019919311857167,0.012317387972510738,-0.008511065719995227,0.002523616436663805,-0.005525027491697993
0.007618736779652941,0.011778678026506104,0.018205730254569903,0.02904457763690843,0.047171693393626125,0.07840083241027762,0.13420311659686668,0.08276658904191715,0.02635706147271897,-0.05863638960871429,-0.1599391388779264,1.2135638106181381,-0.2035301339172044,-0.10765138709256511,-0.036012998107391045,0.007809936677159684,0.030507163499448476,0.04042014401576972,0.034078990577144634,0.03282540323892198,0.02757460009213207,0.02275377261139459,0.02294645639483317,0.02529039726351041,0.026699549021859642,0.02581725631306839,0.021678318475428584,0.01727122852332987,0.012610916112357465,0.009751123777389422,0.008366609831665579,0.006752817547247558,0.0039865346431131755,0.0009916874838468972,0.00025676722926943637,0.000553755439933244,0.0006247462675850086,0.0004088512937734115,-0.0001581136507332539,-0.0016192546393397097,-0.004280034878038736,-0.008885195844839757,-0.016258190652543247,-0.007724983637193603,-0.0024598876575338225,0.0003889827458278174,0.001919813182420431,0.0024291769601752825,0.002549646104035729,-0.005664496882516401,-0.019040358832777233,0.039921353134677436,-0.010349915066571852,0.0014037478982244591,0.003042266771489435,0.004158481926261844,-0.008807603919982004,-0.00500216220157572,0.004523966871372756
0.006974505955893839,0.009230937466276522,0.012792600524714662,0.018309487521567372,0.030008986460337558,0.055207065272475674,0.1203265646656851,0.12061579384856881,0.09813365566466513,0.041192269462635545,-0.07819230442431839,-0.2035301339172044,1.2079490626316396,-0.17904555090994628,-0.08155837468643024,-0.00422886803299782,0.026423840643653468,0.029786635325116353,0.021821761709302192,0.01996695108593543,0.016592553355834358,0.013816775000659831,0.01566373720592196,0.019198303360916453,0.021379114534643154,0.021251427789009833,0.017925665671108662,0.014299684329382839,0.010459431327700996,0.007910943225587096,0.006103363494463602,0.004441414509496655,0.0028348417717030394,0.0014050390051855634,0.0008933309077950667,0.0007270909979793095,0.0005291894138725582,9.36240170847049e-5,-0.0006294594036600627,-0.0019633654298476335,-0.0041487534201153945,-0.007701843132546568,-0.013123102707627432,-0.005726688644639611,-0.0012682660195767479,0.001082251572580643,0.00230354730154726,0.0027829228127738887,0.0028952591711403175,-0.008895734174705933,-0.015013544602835481,0.033611190288045795,-0.012089664672379428,0.00329496838411834,0.004429611810386541,-0.0029957986404413346,-0.00023320602824593764,-0.015263601261205234,0.01111418639545066
0.007444171062366693,0.008893922159885076,0.011236365215975395,0.014782445013444069,0.02419432112323026,0.049076334670474786,0.12022391725975487,0.11657218746965664,0.10392658407276253,0.058749503151052644,-0.01906484277671179,-0.10765138709256511,-0.17904555090994628,1.268899734230994,-0.11619482779470308,-0.04311314872754498,-0.008431292177806225,0.002136949602030265,0.006093864570717525,0.0039807913352727245,0.0022277825715902766,0.0027726911809614835,0.00683180666343016,0.011624046105062593,0.014421768926801923,0.014835582551095816,0.012506114334844375,0.009849363119813314,0.007193181654560347,0.00533533434187365,0.003880108398896693,0.0020411315123719325,0.0011057143492018198,0.0007955111197021294,0.0006716909478147062,0.00047632081251311275,0.00027448501891438686,-0.00028931946286969544,-0.0009571385676493659,-0.0018103963121710248,-0.002827178862175217,-0.004215558993887639,-0.005961879080977041,-0.00142986681385115,0.0011288088837174018,0.002377958598560232,0.0029623340420516695,0.003272801555313875,0.0033165864557998972,-0.0031770966583443295,-0.0031640353028495375,0.0031124822664553974,-0.006930449328523439,0.004418611981115578,0.00235624489722462,-0.0030973335268455917,0.0074918099133026985,-0.019548845775386195,0.013114801374973293
0.009030871216210816,0.01011941903438767,0.011764542256666757,0.014897116355016404,0.024110442144353296,0.051926686683737955,0.1265475504873561,0.10384622582257755,0.08571703294787887,0.05167080514916636,0.010937674209528136,-0.036012998107391045,-0.08155837468643024,-0.11619482779470308,1.3213908460207486,-0.1083689051305343,-0.06965262793091966,-0.03691928851615271,-0.014334844339174466,-0.011421155884023933,-0.009223683847363495,-0.00470725852916573,0.001063216152848048,0.006257347845937982,0.009009487483470753,0.00951951197279553,0.007991104915408737,0.006119914234206865,0.00434930820630494,0.003062419208100192,0.002192020402596738,0.0009241438855348176,0.00021770465098928487,0.0002479863268922796,0.0008532299454988404,0.0014007162852025332,0.0014483796589165483,0.0009455405323073041,0.00027475488981665275,-0.0002135984952686113,-0.0006135956796583147,-0.0012618129830800316,-0.0026827729545092463,0.0007427587387859533,0.002677893493474818,0.0035697310331581477,0.003931785868654456,0.004154404606499696,0.004131520324633934,0.008584610727678915,0.009951973901471638,-0.02665984660329765,-7.285769342974074e-5,-0.007114922800471947,0.001072827085443612,0.0003324255057287445,0.004341475933901062,-0.013813799911859869,0.010815225154062632
0.013845633590371975,0.016291556220667143,0.019436923095315004,0.024278648413326488,0.034238445214578146,0.06072176599557727,0.12035096678419387,0.08636282651566318,0.05737132737078742,0.03472649855854423,0.01696091595533552,0.007809936677159684,-0.00422886803299782,-0.04311314872754498,-0.1083689051305343,1.3154194218301132,-0.11635414993335534,-0.08078446325575427,-0.047972120829777996,-0.03629397405784409,-0.0249217367269371,-0.013847664433288998,-0.005527077473661029,7.59699040156361e-6,0.002598919121230203,0.003313900049933796,0.002870821220876923,0.0021188384253076004,0.0015341204416049205,0.001033002804998563,0.0008181694664109698,-5.2735087283084124e-5,-0.0003697303721443947,0.0001941280017780532,0.001455673928714067,0.002578655715318196,0.002938787338002564,0.0026016930315518115,0.002113424257822732,0.002059918534453235,0.00220782138126835,0.001828640894624664,-0.0005635702352265979,0.0028260379174262894,0.004630282016919631,0.005351522447704664,0.0055412715021180186,0.005634046018325531,0.005478331007275056,0.009933717960681163,0.011202392665801645,-0.032250414204577756,-0.0015267768321625768,-0.01070837657677544,-0.00024816207074259024,0.0005304109098082122,-0.0012208921501330058,-0.0038904174243945405,0.006845396776878742
0.020288195776054205,0.024544619549431455,0.02958790810084216,0.03594107123243079,0.04513567897719528,0.06412660976528049,0.10082367717249369,0.0652755384641394,0.042256278677313054,0.026612332229903744,0.025851112724351748,0.030507163499448476,0.026423840643653468,-0.008431292177806225,-0.06965262793091966,-0.11635414993335534,1.3266190369929771,-0.11242833757278821,-0.08564660747296365,-0.06534678587485684,-0.04307772627966839,-0.02493075778197561,-0.013548510382684465,-0.0074484811068363495,-0.004597769517218045,-0.0032018237441276,-0.0022734402620837825,-0.0016321554705061175,-0.0010521684423152032,-0.0008073863509630435,-0.0006967014841853158,-0.0008162115036881296,-0.00031497523816949937,0.0009099677374905249,0.0025726164548129996,0.0038802153389893685,0.004361882316740113,0.00421262529330458,0.003911711084256976,0.004233909160489196,0.0045881062842557194,0.0038552071933895416,-0.0005448935286492181,0.0032910871702583697,0.005479937967135212,0.006352949402862805,0.006577021781616633,0.006558368974002547,0.006281842550880928,0.0032106369960860385,0.0002603805748802331,-0.01683929922850087,-0.013707355152196097,-0.004418582890561123,-0.00173470924199496,-0.002229184052282166,-0.0016078579200800875,0.0006671670245905609,0.003993661726853793
0.026247207839188224,0.03144020908490625,0.037112906139335294,0.0432816088029562,0.04960264946693736,0.058468273271772994,0.07067751358352166,0.0442066510531084,0.029861179750657982,0.02793939059143858,0.03303503095104034,0.04042014401576972,0.029786635325116353,0.002136949602030265,-0.03691928851615271,-0.08078446325575427,-0.11242833757278821,1.3294670861683835,-0.10980274743212684,-0.08410359394599287,-0.05580750491804055,-0.033944045501537914,-0.02054266001881059,-0.013645498435123396,-0.00995026321622984,-0.007660872523136149,-0.005624184802774405,-0.003959716546628944,-0.002658238167991196,-0.002033801420282206,-0.0022570733164977022,-0.0018156140989404395,-4.9079170407048236e-5,0.0022970551699189184,0.004085096960346683,0.004947054515817592,0.005227861639067035,0.00499769294177026,0.004636118629449646,0.004991783336378356,0.005202146799931325,0.004076766695276215,-0.0013552193951604375,0.0036628079971056785,0.006362766093255725,0.0073477757634194995,0.007515163041613203,0.007293791682626588,0.006831167320766629,-0.002744212228079896,-0.01112808780447858,-0.0016339070007804664,-0.021425733027851387,0.00037572113652680346,-0.0013029469660460248,-0.010090675959841299,0.005036215659398928,-0.004899324248440863,0.008448887381416104
0.029116739057409344,0.033804837548333216,0.03826693540776023,0.04234065826093917,0.04444156196461219,0.044027937805808555,0.04047746594024636,0.020966463483437905,0.01674674591289535,0.023086189309788906,0.029796248871211718,0.034078990577144634,0.021821761709302192,0.006093864570717525,-0.014334844339174466,-0.047972120829777996,-0.08564660747296365,-0.10980274743212684,1.342810250740616,-0.0877058374982695,-0.06088402701087779,-0.039258508624283046,-0.02413226870438718,-0.015243471291354331,-0.009707842574869533,-0.006724907800211258,-0.005064643162840037,-0.003954955218304299,-0.00336674668853146,-0.003086789148953167,-0.0039004980472497983,-0.0026707539942744892,-0.0001290670591813924,0.0026576904413208595,0.004542389030859179,0.005275097632340776,0.0055755946791409775,0.005408628428914324,0.005032986720977759,0.00536778719927352,0.005422750252289842,0.004468691169570731,0.00023610905510812165,0.00508929522461084,0.007619201638074991,0.008374357480705854,0.008324990100712004,0.0077753951857378765,0.007071367692007288,-0.003962653656577811,-0.015974262312939594,0.001253123687558287,-0.023131697989656204,0.0034406325232433977,-8.323247178503647e-5,-0.012707296518767543,0.0036934285773975828,-0.006089341366465933,0.011535299626401629
0.027718277266946593,0.03160218444331852,0.03513667677280234,0.038444712259753676,0.04008033504813822,0.03871594537445132,0.034734115125609026,0.014553916383473283,0.013875969929976152,0.022309577260862006,0.031030927738093926,0.03282540323892198,0.01996695108593543,0.0039807913352727245,-0.011421155884023933,-0.03629397405784409,-0.06534678587485684,-0.08410359394599287,-0.0877058374982695,1.3739359673116287,-0.06297587005417021,-0.04588191135235903,-0.03133281295474387,-0.02182092947242479,-0.01519967566384615,-0.011680982772115699,-0.009761654679188509,-0.008261630063961026,-0.007117444084668753,-0.005821432542373875,-0.005382439466813418,-0.004319388477779659,-0.0017238840453310548,0.0010631106450387702,0.003038151253006731,0.003904879457425277,0.004358523723318079,0.00434211665498265,0.00415450606180808,0.004878563333139843,0.005886708690241633,0.007383858216948438,0.00890321230428751,0.009321871755752472,0.00916650793618985,0.00849537890859507,0.007684623838099814,0.006702928565929027,0.005809843436821167,-0.003712014493592139,-0.009058819054312398,-0.008144075536648147,-0.018631687625325348,0.00373040412476632,0.00018996618955116731,-0.006683275586992907,-0.0026517459696250873,-0.0046776026497236545,0.009130677318334118
0.024661852380203568,0.027704188600073842,0.03036426629464398,0.03306557543854151,0.03440636579208817,0.03252972217207395,0.02740784426765307,0.008708851747306703,0.009608090356881574,0.018559289177617323,0.02692930269360275,0.02757460009213207,0.016592553355834358,0.0022277825715902766,-0.009223683847363495,-0.0249217367269371,-0.04307772627966839,-0.05580750491804055,-0.06088402701087779,-0.06297587005417021,1.3968413029035,-0.04624404811348852,-0.03496360904280789,-0.02686039101076628,-0.020437253989786453,-0.016969342032039113,-0.014771331442340071,-0.01281718253825237,-0.010969912824993329,-0.008669081144230964,-0.007223765838041093,-0.006015217866739636,-0.003252154906633491,-0.0004062427936655952,0.0015365947929481415,0.002370578483527708,0.002903992091696833,0.003041278333197924,0.0030889937209528434,0.004154575306446001,0.006015746059705755,0.009671823766291193,0.016487985949460993,0.01327157600124115,0.010714384981470707,0.008708359071536375,0.0071251350400197005,0.005716494779413787,0.004611324999739176,-0.0026508299023786167,-0.004044829869599086,-0.014470884951240421,-0.013511477596737303,0.003953920842312185,-0.0006102129012146399,-0.0013293069335680308,-0.004739794733649469,-0.005495914376555661,0.006123062623045503
0.021818307888143082,0.0244336963642536,0.026744077084606934,0.0292481656469239,0.030517011359464993,0.028068433556955808,0.020791067548150056,0.005722662414140344,0.008359359493279313,0.01704302134924285,0.02372557213083066,0.02275377261139459,0.013816775000659831,0.0027726911809614835,-0.00470725852916573,-0.013847664433288998,-0.02493075778197561,-0.033944045501537914,-0.039258508624283046,-0.04588191135235903,-0.04624404811348852,1.411227204944041,-0.03640408147185552,-0.03207230848856944,-0.027455426719222433,-0.024309973516201355,-0.021078777547583128,-0.017830527569333513,-0.014707628614229229,-0.011415548025588503,-0.00915478586961442,-0.007575698379655151,-0.0045951774835787385,-0.0017254796752733995,0.00014199878861876142,0.0009079294306109152,0.0014773884705622893,0.0017747743502223303,0.0020274869573068846,0.003250461241001148,0.005507805393319855,0.010236897994923014,0.01998125921530419,0.01517505423438758,0.011304540969613907,0.008481095778127792,0.006373153980700508,0.004691620056206304,0.003442236478506897,-0.002268418819558929,-0.001565171565258142,-0.015317864673320565,-0.00867959096628273,0.004054645825399251,-0.001965554157772229,0.0026562917512106283,-0.005763054647485672,-0.006097961272219758,0.0027209666440176404
0.019586729339320513,0.022159226032509558,0.02456431492577338,0.027245739454731865,0.028738963060324835,0.026444750478242098,0.01790970877938384,0.007635374576873144,0.011656126181415169,0.019495646584630627,0.024731348899378953,0.02294645639483317,0.01566373720592196,0.00683180666343016,0.001063216152848048,-0.005527077473661029,-0.013548510382684465,-0.02054266001881059,-0.02413226870438718,-0.03133281295474387,-0.03496360904280789,-0.03640408147185552,1.4162393189330966,-0.0386962989690087,-0.03743623909181872,-0.03501758483097937,-0.02999435489219618,-0.024636176238796628,-0.019394142936280445,-0.014742033154253676,-0.011486948740012685,-0.009159711397344754,-0.005725149400765096,-0.0025849220272957884,-0.0007325879605270634,-3.730172775796573e-5,0.000538894456247482,0.000977339243570425,0.0014108004133473278,0.0026758738268056912,0.0050476958953707875,0.010009268892234992,0.02061946288315873,0.015168096739971843,0.01057024975771131,0.007310297644775388,0.004914265472236859,0.003190391902070138,0.0019426534825062504,-0.0019714151882070587,-0.00039728611496136124,-0.012951806438254793,-0.0046180756980864985,0.0034128987092552714,-0.0023603504636696077,0.004312092708729323,-0.006752607897182926,-0.005823150127901698,-0.0020441810439652598
0.01844281403487817,0.021202200416577395,0.023933894796034538,0.027021690321428236,0.028956742250507494,0.026941682596548975,0.01746577198149902,0.011065447344142136,0.01595380693702171,0.02308620161993676,0.027374786574020368,0.02529039726351041,0.019198303360916453,0.011624046105062593,0.006257347845937982,7.59699040156361e-6,-0.0074484811068363495,-0.013645498435123396,-0.015243471291354331,-0.02182092947242479,-0.02686039101076628,-0.03207230848856944,-0.0386962989690087,1.40803056335249,-0.04756220780241238,-0.04595393536081965,-0.039247518734962565,-0.03178239090478142,-0.024418882313278396,-0.018309136331786716,-0.013926031492469659,-0.010663474490486822,-0.00663228006128138,-0.003140541971490255,-0.0011045364961110079,-0.0002595123599100631,0.00046239091729553144,0.0011565488945737604,0.0018089293452480902,0.0030820867215181334,0.00532851638287806,0.009823355396371159,0.01952435505076204,0.014460767218007086,0.009843475730575483,0.006494035330054883,0.003992552787845457,0.0022676777927147155,0.001014557486971627,-0.0016814771873256468,1.3628932540237588e-5,-0.00996652567257302,-0.0018224627812849893,0.0021451759456401396,-0.002351128147135171,0.005388518177035071,-0.007612782674738874,-0.0059652739712218955,-0.006060244684565279
0.016486727411876234,0.019267580836740086,0.02214721923148107,0.025396048467726598,0.027614210066394234,0.026150779999291447,0.017002243280474463,0.013899506367900178,0.018971368612094853,0.025197706737140772,0.02872603398904652,0.026699549021859642,0.021379114534643154,0.014421768926801923,0.009009487483470753,0.002598919121230203,-0.004597769517218045,-0.00995026321622984,-0.009707842574869533,-0.01519967566384615,-0.020437253989786453,-0.027455426719222433,-0.03743623909181872,-0.04756220780241238,1.4015222880717602,-0.0513151374943862,-0.04406719768392919,-0.03577913062854281,-0.027380739043197298,-0.020559728820312876,-0.015502397687877612,-0.011568148260563495,-0.007137415617495256,-0.00330835300100927,-0.0010627482818151505,-1.137930496770439e-6,0.0009165664940737372,0.0018338391518073155,0.002667333080995604,0.003912328854149176,0.0060376060405007365,0.010105447866064935,0.01880463313336051,0.013635653630196611,0.008946079845326247,0.0055939822510707,0.003117919087867506,0.0015162858142621102,0.0003526486048467632,-0.0013071320396060423,0.00036333879757747476,-0.007392412588327769,-0.00012216267285891866,0.0005688996548782705,-0.0014698399973654564,0.005265654046081544,-0.007290674716825288,-0.006582938018325171,-0.007671861070851331
0.01469657984376253,0.017238477593447647,0.019896823831894422,0.02297536904854081,0.02515118251234926,0.02411061478766671,0.015904585782397153,0.014171022487004258,0.018924127369337178,0.02435304955462055,0.027423395072486534,0.02581725631306839,0.021251427789009833,0.014835582551095816,0.00951951197279553,0.003313900049933796,-0.0032018237441276,-0.007660872523136149,-0.006724907800211258,-0.011680982772115699,-0.016969342032039113,-0.024309973516201355,-0.03501758483097937,-0.04595393536081965,-0.0513151374943862,1.4018938138560642,-0.04521342212793473,-0.03766961688068995,-0.029535093203524605,-0.022596890483488282,-0.01705094224965893,-0.012393055637424391,-0.007603822288815107,-0.003446031809626868,-0.0007494439871932893,0.0008379256282378135,0.002164898759579955,0.003385978141724192,0.004393901643677355,0.005572388385737313,0.007562589530115182,0.011323522489882961,0.01953962481586704,0.013704339356195883,0.008763291608471861,0.005367746759406799,0.0029075278180890774,0.0014082929656945376,0.00030679555951147947,-0.000966066890053534,0.0004326125062105023,-0.006070927369195939,0.0003145010633485801,-0.0009597620175063108,0.00027153418103511266,0.003997605010273596,-0.005535188614819561,-0.007703225234841604,-0.007082493056361294
0.011935720911381616,0.013975209308540645,0.01612444696798367,0.01872544127649743,0.02065360266993506,0.01996337680947598,0.013363253245191754,0.011988844611544855,0.015916304816317516,0.02040946156808503,0.0228735539217634,0.021678318475428584,0.017925665671108662,0.012506114334844375,0.007991104915408737,0.002870821220876923,-0.0022734402620837825,-0.005624184802774405,-0.005064643162840037,-0.009761654679188509,-0.014771331442340071,-0.021078777547583128,-0.02999435489219618,-0.039247518734962565,-0.04406719768392919,-0.04521342212793473,1.4126403296748942,-0.035596532753931,-0.029282541308509952,-0.02318808075600894,-0.01729792756049269,-0.012077934933268326,-0.007835219454067234,-0.004371231692572117,-0.0011345385258002578,0.00156113315364947,0.003597911603370163,0.005319364330849865,0.006533816248715033,0.007640764642271221,0.009408506417871677,0.012824283054762976,0.02037420121515357,0.013623315191419088,0.008662258654929778,0.005449211449196204,0.0031935336363065883,0.001844635195394668,0.0008320413894465252,-0.0005681646530092965,0.00042785817465644966,-0.005639912525010206,-0.00016765559294402586,-0.0017766864487173827,0.002043299574622772,0.0021279647975759952,-0.0023560840571015605,-0.009595730850054924,-0.0038936408238002284
0.009467061641661046,0.011003144990286522,0.012606712454241106,0.01463229915629544,0.016112916267067467,0.015587228579837752,0.010411670482093596,0.009171692897799644,0.012407702888703048,0.016039139409922777,0.0179774539061326,0.01727122852332987,0.014299684329382839,0.009849363119813314,0.006119914234206865,0.0021188384253076004,-0.0016321554705061175,-0.003959716546628944,-0.003954955218304299,-0.008261630063961026,-0.01281718253825237,-0.017830527569333513,-0.024636176238796628,-0.03178239090478142,-0.03577913062854281,-0.03766961688068995,-0.035596532753931,1.4204738964374894,-0.02919296995835712,-0.024225258345957283,-0.016971946511913753,-0.010442468874988394,-0.008309392052918144,-0.007537930819719367,-0.0034174624284832146,0.0017623474122696683,0.00516635429239105,0.007755185990558944,0.009311296528433521,0.010429507591769183,0.012068804903932681,0.015322031827833265,0.022489077041518583,0.013376235132273002,0.008025240456196833,0.005018767005444396,0.0030668727853535565,0.0020111779510949956,0.001193915902610513,-2.5740239679340977e-5,0.0002558163138030683,-0.005448816969483225,-0.0012038934157424985,-0.002114009094006507,0.00500040889666007,-0.0017389942681972235,0.002116103182160571,-0.011295504112381564,-0.0005492321026287503
0.007246275705769127,0.00832095069607879,0.009423845767647895,0.010911049988657162,0.011965897125915052,0.011447856227181762,0.00737443825780875,0.006092233239753703,0.008710882724422556,0.011523319520158124,0.0129190232605833,0.012610916112357465,0.010459431327700996,0.007193181654560347,0.00434930820630494,0.0015341204416049205,-0.0010521684423152032,-0.002658238167991196,-0.00336674668853146,-0.007117444084668753,-0.010969912824993329,-0.014707628614229229,-0.019394142936280445,-0.024418882313278396,-0.027380739043197298,-0.029535093203524605,-0.029282541308509952,-0.02919296995835712,1.4253396060916361,-0.024755027512120217,-0.015245643905004502,-0.00694068857447819,-0.009036616186001035,-0.013833355244363547,-0.008745144566195458,0.00037979276789885377,0.005905451965905735,0.010083066861785703,0.012394307590888767,0.013798649996426009,0.015215832461601362,0.017804547802926618,0.02306577433463801,0.012087213463261625,0.007120745159121612,0.004808300897756438,0.003420803407179923,0.0026784798132587625,0.002026280205798062,0.0005157141006261515,-1.2250026083776165e-5,-0.005313814370408582,-0.002316632208191133,-0.0016672687352827448,0.007318262218957372,-0.005635644543553888,0.006842281184497725,-0.012917026661488992,0.00226021301328046
0.005106351036876135,0.005947085154175584,0.006871955461930603,0.008110603436270857,0.009062840853859395,0.008838010776590086,0.005754261594914862,0.00487405067751405,0.0067981563548945995,0.008837192605001126,0.009848824223753098,0.009751123777389422,0.007910943225587096,0.00533533434187365,0.003062419208100192,0.001033002804998563,-0.0008073863509630435,-0.002033801420282206,-0.003086789148953167,-0.005821432542373875,-0.008669081144230964,-0.011415548025588503,-0.014742033154253676,-0.018309136331786716,-0.020559728820312876,-0.022596890483488282,-0.02318808075600894,-0.024225258345957283,-0.024755027512120217,1.4300001069764776,-0.016742548592943187,-0.00870269459260154,-0.008920188622170184,-0.011819572527573272,-0.007132300863910019,0.0006838321024716151,0.005897511483835124,0.010541176086830145,0.012989956961640903,0.013891094638134444,0.014519569081301533,0.016411212051809905,0.021195640097972316,0.010366592950451933,0.005995798866769211,0.004163974134004551,0.0030814239237670193,0.002535431042799432,0.0020059853560683654,0.0012147644077413855,-7.99421685630585e-5,-0.004661534245701773,-0.0034172743057453592,-0.0013953897803003306,0.007804448092769093,-0.005858638646843104,0.007272646397638017,-0.012262965626451287,0.0026861046569791654
0.003216724059314443,0.0038392941947718627,0.0046120897274602,0.005666683529075876,0.006661800134816197,0.007056650958198483,0.005514615172577785,0.0052251778382630875,0.006210446519527537,0.007770213045389864,0.008689790814614178,0.008366609831665579,0.006103363494463602,0.003880108398896693,0.002192020402596738,0.0008181694664109698,-0.0006967014841853158,-0.0022570733164977022,-0.0039004980472497983,-0.005382439466813418,-0.007223765838041093,-0.00915478586961442,-0.011486948740012685,-0.013926031492469659,-0.015502397687877612,-0.01705094224965893,-0.01729792756049269,-0.016971946511913753,-0.015245643905004502,-0.016742548592943187,1.4247478989663114,-0.028256895006949962,-0.004819098092465437,0.02128051975052235,0.022163393724803294,0.011259038352788023,0.007747537776430829,0.007859358630392149,0.007211085741565833,0.004337853747382884,0.0014228268572750394,0.0003090088692306368,0.005080342085682107,0.006028713800815486,0.005358970898620062,0.004360671214510824,0.0031972110647578563,0.002447542936794672,0.001776405971474464,0.001615353818113376,0.00011317463286325164,-0.004096796136791749,-0.004821598989521822,-0.0018488706850619259,0.005094746652803749,0.005900279396152752,-0.004903153348875674,-0.006979763684288584,-0.0021833200199919476
