3.14981484111718,0.4991113423173095,0.4222374842713193,0.3374497248541518,0.7926872959612586,0.192607013635504,0.960877135750615,0.5037086988480414,0.2986934514553816,0.4468460503137295,0.3558986448014413,0.4058170870426152,0.324185684145793,0.4855250664402356,0.3934037734921334,0.46125869367760414,0.24085515867783697,0.5775171996417238,0.38537076684880983,0.28798317298650006,0.41954758079995247,0.44504636081146565,0.46636759897449437,0.12816581338095354,0.7004878831091876,0.25596423942817065,0.23342273382428347,0.1725256384953118,0.4436558908835379,0.39817373932253136,0.3752027938425579,0.34448141710189195,0.43233327231709867,0.08028409550559629,0.2574406310713945,0.19286178616872499,0.5685469406283373,0.572958776248939,0.6109151695866853,0.02835939682685668,0.310362998479415,0.0844512835728388,0.4158492935354903,0.3567192444316315,0.27180950895999534,0.31209861167659786,0.5128032165641306,-0.012490134390293842,0.1369252842229782,0.21682999182384563,-0.21070781445022915,0.24750433839344685,0.004400077918520034,-0.16776807891335518,0.13510209686430996,0.06782174438055644,-0.2617379243635136,0.22723378593223154,-0.47370382596245764
0.4991113423173095,1.41378412807439,0.8846820332259979,0.22916461327789017,0.09627096904787327,0.3854931956878541,0.2754441632401912,0.3442833686493291,0.31977955874342584,0.34949748695494837,0.3046094756697693,0.30322638354779224,0.2525308813674985,0.3419681372760213,0.4029055259446021,0.2706984141207217,0.3569551793573864,0.4680652668288249,0.2282182550702536,0.3529871763959368,0.3208272657433168,0.28337412015846153,0.19861712244500185,0.18939691022729843,0.3100347864573086,0.30827002975399714,0.1695303085127765,0.39256783726361866,0.4435776060329689,0.017597941916324914,0.302102713673511,0.3797624107052347,0.40982309821641466,0.29097140216873485,-0.02482561205213731,0.3484776478092754,0.5309205838657345,0.3853846265275597,0.2299706914810776,-0.014424120052677543,0.31212668949169525,0.20590527809236917,0.21276168800141956,0.2386840284409897,0.14790553924850286,0.3392039641076164,0.25773260811648535,-0.018285170372030087,-0.35668603433209783,-0.014224497455410181,0.1531531486666906,0.09837812805151863,-0.03839863336143636,-0.29633294926526565,-0.49417844350777657,-0.14575238678038516,-0.5882178814210149,0.5876971450573837,0.25677757214158414
0.4222374842713193,0.8846820332259979,1.7008198457385977,0.09003942100553759,-0.20645570235031147,0.40387924387514884,0.3184228082985668,0.38067253825275454,0.4487318154457265,0.38801199204918047,0.3134466497835981,0.31568323741872567,0.23803416524456236,0.2970713373767284,0.324992307069557,0.23002182426812412,0.32861952283528056,0.4266825158242812,0.18611102475796448,0.19959687862512304,0.2941695466699181,0.3505343616365864,0.21887767714318543,0.2268699197927853,0.21979565222970637,0.2755000252052284,0.17280422337875642,0.3181734458195537,0.36075441354635407,-0.26752938708967877,0.313016683361864,0.29525630593372854,0.32193152823571336,0.2495113073688761,-0.10919088197587852,0.47860136203856973,0.35083125601303056,0.35116668560411246,0.1871774825035388,-0.20920346985430546,0.3386515373106252,0.21525063462171035,0.01230816531002428,0.19302052916541307,0.016637963047769485,0.503829066955081,0.10291295438699448,-0.07730260200360026,-0.24543684866636034,0.016253726972537758,0.09065028958998694,0.17427281832086375,-0.02890302652410306,-0.3388466636008061,-0.09911153707647312,0.01978843292779199,-0.15174277932751334,-0.03442900720445324,-0.01586900107815171
0.3374497248541518,0.22916461327789017,0.09003942100553759,1.3349852650792597,0.5918917636718508,0.3502251843617175,0.4115190205082011,0.23001664328722984,0.2056933156363073,0.15770377913314446,0.20331584022975466,0.2374488806787829,0.18641309259045097,0.289739436267462,0.18228163026728056,0.29146376207527813,0.23536799564883099,0.1711825566552314,0.33295020706771666,0.1676885447267772,0.2795022146490153,0.24388356241999806,0.14771664566677845,0.23880565398857198,0.30420285272503517,0.2904721443690501,0.15884390567789772,0.1618373745465902,0.2298689947090373,0.20680484753315032,0.2230314722560646,0.2755453762183135,0.2845401668862021,0.28788936305763024,0.13317731917656403,0.15842402772172742,0.3129830834588235,0.2704775010618498,0.23747658067588873,0.025064360785069933,0.24340207339006076,0.16519102938520475,0.28438404536277134,0.19097088064993198,0.07608368384727462,0.06969379952167724,0.1996797038781323,0.024687402127936558,0.04360083560207996,0.15275519842070975,-0.20263253806081327,0.06656780123228925,0.03732158281184439,-0.10542294340109948,-0.10814695076340598,-0.048190428999684086,-0.5264015407994521,0.4048364837070267,0.1535579015992396
0.7926872959612586,0.09627096904787327,-0.20645570235031147,0.5918917636718508,1.576393723813558,0.19997703575411413,0.39126841031966436,0.13995450689984734,0.2827938062475922,0.20697949292907306,0.15168567694975849,0.22606016997564624,0.2196946187605563,0.24961448226051858,0.22763326802984035,0.28220997934842784,0.1623957160568468,0.18701075583011734,0.5990325773185513,0.1150105809984832,0.27721608077115606,0.2849863738455542,0.17438263698617854,0.23000036001190227,0.39258430067940203,0.2747490537275594,0.18120905001979662,0.1990761880311725,0.18828234894891582,0.3732633936397134,0.2711229844668041,0.30611660021303905,0.31166033727924336,0.3303361433238678,0.2650703905673661,0.16169211901629113,0.43283965919937134,0.28240384817310105,0.32528071935721037,0.08274605337993442,0.29890088138504445,0.20726651635249413,0.28759007389332764,0.2484002540557961,0.09709404661842376,0.018870206839033437,0.29753968368871714,0.05123741108748782,0.16623023277422247,0.3187327632537567,-0.3464249909062475,0.031118775721455823,0.04496078000875897,-0.03095649976415216,-0.13979424368632834,0.04558966229966221,-0.3470500601854758,0.09025415519937671,0.21673770990758862
0.192607013635504,0.3854931956878541,0.40387924387514884,0.3502251843617175,0.19997703575411413,1.108019292979068,0.06757998121052386,0.316777896888979,0.3380067236583207,0.21913264085597522,0.346044983395563,0.37780815476610513,0.22467476074708342,0.4376861622284282,0.27464774182260876,0.3800382959705029,0.4318174449437436,0.2401513191067175,0.5030905717644184,0.318271586696737,0.37098736013089595,0.3570949258893943,0.12251385082201433,0.34679463651947195,0.42982886404318443,0.3691215374657973,0.2791212019202719,0.27555133119544933,0.3337950241413663,0.21216871667672055,0.35973380723720244,0.39111486279580426,0.35124259699869237,0.2574813369839854,0.04474178906940063,0.2915732214166006,0.44823738079669806,0.4528724738894661,0.31048791566454087,0.07122404607523883,0.33443847205622057,0.2235053268984185,0.34784966382005605,0.3220353095605595,0.16209396461846795,0.16796208021543793,0.2411702914055306,0.01609888077141527,0.06816638282593751,0.17013014962376555,-0.24453050211809405,0.03967595814645333,0.06844633668688742,-0.13584414010060195,-0.3009158029300988,0.05423238810222577,-0.23735151798219978,0.4811937744415883,-0.04099427668426664
0.960877135750615,0.2754441632401912,0.3184228082985668,0.4115190205082011,0.39126841031966436,0.06757998121052386,1.1661849512597113,0.2550879145882937,0.33224000880680715,0.2011124395712367,0.3114171387090788,0.3089471507364742,0.21317570533010033,0.21644925498574802,0.11354074410624704,0.3446856371256382,0.2208553684522713,0.3364077297249496,0.20220785895152096,0.2539205578415457,0.2808013636689446,0.3616801374031186,0.32251894068143866,0.2457506757012565,0.33019509291452487,0.2418976221513456,0.28125728848516346,0.15848921287953785,0.25924897541237707,0.1714046183535276,0.27103593126678527,0.3010716750887177,0.28937476149549146,0.27144993009544055,0.11090340106423774,0.19599324945919186,0.3346712288329814,0.3305093299310945,0.4023346327088968,-0.007826843410654883,0.2012015641051554,0.11873273559332552,0.28595544049600513,0.23221257082486782,0.139394883657193,0.17816236783691647,0.2666618702001572,0.004203613365101047,0.4646073390213516,0.03187489966524909,-0.11591785609032151,0.19825852691534512,0.09238273435017606,-0.2141002016362326,0.058639100071461905,0.1526389623806995,-0.10487384991790524,0.18192272677071672,-0.5032115867627096
0.5037086988480414,0.3442833686493291,0.38067253825275454,0.23001664328722984,0.13995450689984734,0.316777896888979,0.2550879145882937,0.8544715720059026,0.16043767768126233,0.222207790050692,0.28144130676061824,0.2111896523558466,0.24958919022722426,0.3556544639137322,0.1698056400041583,0.27182284016730157,0.28635714528365575,0.301580519565663,0.20714365412524283,0.22760109605246984,0.251757428405234,0.23611858095971697,0.17544503671009792,0.13797764881696112,0.25864658910908994,0.3234967024185905,0.16923333908856686,-0.07022541516057315,0.2019507281528009,0.0964637583339003,0.2211746550505409,0.22772100433621142,0.19538284318366234,0.15848394990967046,0.08784355378780631,0.1486466616678128,0.2724136121699853,0.3082394978126718,0.3321043313854054,0.08893674078670508,0.19741595285861846,0.0777532980665865,0.22717650528391453,0.2958791949905683,0.13109066572590947,0.15806112511428813,0.21162823100864475,0.012490076422058407,0.12102173300450035,0.07815391627602696,0.000701195397338241,0.03079170916947465,0.03995097122654614,-0.10445525443314502,-0.13257466024518866,-0.07155105114106508,-0.06702067990496978,0.3477644747494366,-0.11140126502982689
0.2986934514553816,0.31977955874342584,0.4487318154457265,0.2056933156363073,0.2827938062475922,0.3380067236583207,0.33224000880680715,0.16043767768126233,0.811325838784282,0.23909068503824502,0.20784292234015106,0.2433212776195427,0.20594655191362274,0.2638061507052451,0.21992174764228814,0.2587086101243437,0.27602182153824123,0.2979281073812785,0.300657004527663,0.18429573450215703,0.254490790753825,0.48117285397350174,0.28148749370037424,0.299671322470422,0.20185983134820307,0.24989327658605293,0.23835180799028988,0.3341198229413063,0.18493887437105425,0.11741782222992328,0.2816585085454636,0.2782966126795865,0.3952518381050812,0.2029450506419545,0.018973168625866482,0.24050551636994025,0.3623872463392613,0.34017663065921594,0.3243785676090237,-0.023578704078988256,0.24994904966257267,0.15626561754054247,0.2009593686209162,0.24867889454875997,0.02170838547646122,0.19049064692456041,0.21784407970584854,-0.010319984279359753,0.5613179581698095,0.014417555134905575,-0.1106829655114995,0.16485632744772463,0.06916583950015004,-0.20509890624284488,-0.1249890227543454,0.15522249344809547,-0.15269336575712894,0.1584040841380924,-0.19706054481816182
0.4468460503137295,0.34949748695494837,0.38801199204918047,0.15770377913314446,0.20697949292907306,0.21913264085597522,0.2011124395712367,0.222207790050692,0.23909068503824502,0.671366649240104,0.24771665296285472,0.25181101806940615,0.20710414588406376,0.24344821526438892,0.27271611196896406,0.22917520139192016,0.270976103530066,0.3340182184378768,0.20046656768193055,0.20993658173130866,0.204995310506842,0.24551972857230145,0.2596953802988313,0.24008891291540457,0.29525425380469106,0.17952482620314175,0.2246227335734097,0.27414279345974196,0.2850569156485706,0.23476191672121544,0.2779648032137715,0.268194368387475,0.22760938461426805,0.33796531026038845,0.2035396850004554,0.26860379840136295,0.39679526962732536,0.2700561319588729,0.3004470786848362,0.023799210197180818,0.32408847225613363,0.1845844072978338,0.20989675398012145,0.2106504813964498,0.09586290474524993,0.22281023269014213,0.3170436540221379,0.0032878523427305006,0.014991420668670985,0.0992420767813941,-0.059667466115044046,0.11565800771747232,0.004944269310062279,-0.1697470737972193,-0.02426367720617547,0.024810260942642208,-0.15172160597205256,0.007256128131262943,0.02323003912285821
0.3558986448014413,0.3046094756697693,0.3134466497835981,0.20331584022975466,0.15168567694975849,0.346044983395563,0.3114171387090788,0.28144130676061824,0.20784292234015106,0.24771665296285472,0.6388756981279967,0.3366968133322561,0.20051021169143618,0.27769593679604376,0.25957873204928156,0.3085749868539466,0.32611241892696796,0.2735713493800266,0.2012946644208448,0.3237900334781433,0.22976496797059848,0.2542513961928276,0.2193501298020273,0.2571470753549026,0.2637315070942253,0.2331790990318482,0.2298911711044133,0.17829455832626803,0.2520326171330336,0.14994672915557405,0.2557539057196678,0.2648492486550367,0.24993017714133023,0.22345808646699614,0.10728175469108162,0.1578534034751374,0.3471467647010272,0.2916768679784003,0.34971389496954364,0.07204740339808048,0.17056009120499308,0.1261920283434569,0.2513968788939684,0.2272380804363685,0.18116112316283703,0.1452861640470638,0.22921969733599704,0.022119972406882907,0.23723320879771934,0.054412976427897164,-0.058998940081502665,0.0679457546140062,0.11463947770997626,-0.1413607004686754,-0.12835075909430502,0.07056382980389131,-0.0965370099508168,0.2679398574722545,-0.22412877050942703
0.4058170870426152,0.30322638354779224,0.31568323741872567,0.2374488806787829,0.22606016997564624,0.37780815476610513,0.3089471507364742,0.2111896523558466,0.2433212776195427,0.25181101806940615,0.3366968133322561,0.5732213536628172,0.20246676189692125,0.2859112364626865,0.26741858127002965,0.33679953142899194,0.277340459064511,0.24219567496514888,0.28246934484440134,0.2543012877804652,0.24018089446719873,0.28149133670572946,0.15806185357654254,0.2283105839059972,0.286148988797355,0.2334888207175227,0.22989460755627475,0.05481326650775601,0.19204575917560354,0.17319009736623076,0.2768793691379942,0.29617560409896354,0.2467369131679659,0.22010486950713684,0.13073965068148002,0.23835751247451184,0.2509186956075125,0.32106246257494175,0.31844575764049105,0.06990758226446593,0.15369830704381043,0.13875357742112573,0.24114660553474668,0.25829697022156944,0.22215837772325928,0.1559342657451311,0.22756643882251057,-0.007296851299940994,0.038731342598171355,-0.12265818702718942,0.01028298474493397,0.14000959951559036,0.03693600376200722,-0.11646695711146712,-0.20404217131665559,0.09688523131269154,-0.10618491220236859,0.3082567733425466,-0.31523656963167723
0.324185684145793,0.2525308813674985,0.23803416524456236,0.18641309259045097,0.2196946187605563,0.22467476074708342,0.21317570533010033,0.24958919022722426,0.20594655191362274,0.20710414588406376,0.20051021169143618,0.20246676189692125,0.3780536432619909,0.19867134754979351,0.1611823512470313,0.22753963535118904,0.20699936790307003,0.21112734887788726,0.18589907672432343,0.18118784817393413,0.16030861976506816,0.24053560425373877,0.18986886706586278,0.20312959926182864,0.20438412302358785,0.16023787418364638,0.12705730970422005,0.11479626059334667,0.22498251063272334,0.14525743319587117,0.18829720383562049,0.19478900571374366,0.2148106952937261,0.19054153121843342,0.13637004605375308,0.1432885252762419,0.279987488089168,0.20976150617175066,0.25073301986453167,0.03410557615912399,0.17394559460015305,0.11352145364618534,0.16593478438051318,0.22370276319112614,0.06818243109313654,0.12594493379151775,0.18933577164711907,0.003090048708330789,0.11874588110228636,0.11457059008386951,-0.06675896563834308,0.019387517719194867,0.007638156011163849,-0.0645771412168253,-0.10290605346158706,0.002399504708019124,-0.1279636817677116,0.1080353514347796,0.013824415473928495
0.4855250664402356,0.3419681372760213,0.2970713373767284,0.289739436267462,0.24961448226051858,0.4376861622284282,0.21644925498574802,0.3556544639137322,0.2638061507052451,0.24344821526438892,0.27769593679604376,0.2859112364626865,0.19867134754979351,0.5683517481861899,0.40219116216547784,0.37904391882493077,0.3303816912888835,0.2998737243643019,0.28294790574566286,0.2657705760543869,0.2929632920323472,0.30508601794042794,0.2670848574336786,0.3048732288333004,0.3507057960728352,0.2686189084494372,0.1855271971150168,0.2958097886000816,0.2959230143381245,0.23686956082782457,0.29793995178914917,0.23055460257663002,0.34238393339441364,0.21024840385009338,0.10050452345838436,0.2097576333165554,0.4779008207992001,0.3608009403320192,0.2851910249192595,0.0677422763468184,0.3383405873113881,0.18131030154821712,0.31000677846299207,0.24730791559127988,0.09816775863545825,0.17460930925669305,0.28605643656007507,0.03304356898691368,0.24461754136969985,0.2008534750091523,-0.13478811557783124,0.09192985871408427,-0.010015894268217536,-0.16651028639567095,-0.20376355724874132,0.05982560344696755,-0.27094803121844363,0.40105294917392836,-0.026839904371242864
0.3934037734921334,0.4029055259446021,0.324992307069557,0.18228163026728056,0.22763326802984035,0.27464774182260876,0.11354074410624704,0.1698056400041583,0.21992174764228814,0.27271611196896406,0.25957873204928156,0.26741858127002965,0.1611823512470313,0.40219116216547784,0.8782192858175992,0.3072911367292195,0.28883689067161233,0.3842251755009582,0.21222276868774867,0.24487202890627657,0.293042893773405,0.23329926910297874,0.3972862372442943,0.39213517892296296,0.24309094792023328,0.2212508744741962,0.15227559558402648,0.5152707553474009,0.33155442559096576,0.26420068487641607,0.3083902256785928,0.19507468641184783,0.43773342569160806,0.24583994867261127,0.09126508101638449,0.22656459800686152,0.5920385495378858,0.3118261480338196,0.2256181688854304,0.01911788648131845,0.3713029326166842,0.23518567250192968,0.3164039431210912,0.1262253397598556,0.04189649942978603,0.23782143747851964,0.3435172363092665,0.051993902974956145,0.17413142165978415,0.4278329439258775,-0.21946899613094786,0.19782373110698845,-0.16587262778101125,-0.26356489001317,-0.17060196795988664,0.12960560923121286,-0.3823539683224591,0.3373877303994522,0.01375153704878177
0.46125869367760414,0.2706984141207217,0.23002182426812412,0.29146376207527813,0.28220997934842784,0.3800382959705029,0.3446856371256382,0.27182284016730157,0.2587086101243437,0.22917520139192016,0.3085749868539466,0.33679953142899194,0.22753963535118904,0.37904391882493077,0.3072911367292195,0.7406492413166179,0.324371034711861,0.2742136174825926,0.2647719957098907,0.28388013307888854,0.27130680337355334,0.451098138082577,0.2410527278561535,0.3254007729804384,0.2440955412860954,0.2507693479756354,0.2600582682176585,0.3060779204710846,0.2876951281502465,0.2549657819134477,0.2910704302038045,0.21101862496422955,0.3232746316052402,0.239695528574649,0.1796398333850376,0.1883490779974355,0.4308721343512857,0.3754974219305011,0.3317220612825204,0.10220087829944874,0.2696145122980631,0.1852667395502416,0.39074582092773524,0.2559237281176847,0.15447482459560913,0.1266473212006995,0.2824485405408247,0.009092751668740491,0.5050193480005657,0.11262210916747756,-0.19820195917559583,0.1423855531558495,0.05180449160156374,-0.13701555777355465,-0.177139680268875,0.13623940645878085,-0.24881470601933753,0.43326266467193525,-0.2206251682454037
0.24085515867783697,0.3569551793573864,0.32861952283528056,0.23536799564883099,0.1623957160568468,0.4318174449437436,0.2208553684522713,0.28635714528365575,0.27602182153824123,0.270976103530066,0.32611241892696796,0.277340459064511,0.20699936790307003,0.3303816912888835,0.28883689067161233,0.324371034711861,0.7587261192290249,0.28053471304523014,0.25740132453577463,0.3289784502668455,0.2627053992050683,0.3115170403350433,0.22925488661674656,0.27207186980740433,0.3396328122001319,0.25518732952079765,0.22877149818277773,0.41368852944625106,0.3191951175352017,0.1766238128075693,0.2850515534152372,0.19846807895789254,0.3992829512348074,0.24208533744089775,0.08078969235724348,0.16002951549321398,0.5474565746725047,0.33772675768449906,0.29927575707801823,0.07628610802541028,0.2672044455472719,0.1768788453595774,0.3526666188128933,0.252576437167511,0.191793378673258,0.15154371954307455,0.256545050187189,0.038131948098074554,0.25690318672873363,0.24911908313590567,-0.0544817249297994,-0.03654504816544927,-0.030556893008309213,-0.15462072179515318,-0.13368249629488982,0.03115165382992217,-0.19993122638825286,0.3270685433829409,0.01868264650818333
0.5775171996417238,0.4680652668288249,0.4266825158242812,0.1711825566552314,0.18701075583011734,0.2401513191067175,0.3364077297249496,0.301580519565663,0.2979281073812785,0.3340182184378768,0.2735713493800266,0.24219567496514888,0.21112734887788726,0.2998737243643019,0.3842251755009582,0.2742136174825926,0.28053471304523014,0.8080418175046102,0.17069934894702338,0.17528699108620738,0.28099831930894265,0.29163698251824055,0.6149317799300026,0.3405007573649139,0.3036536579749043,0.227993147616471,0.011680919225897705,0.2914758926405734,0.3265715270361161,0.15157558447220507,0.3380146919110973,0.1813821707096395,0.3868097158368714,0.28625707589700183,0.013972403499376283,0.21970464404370987,0.6020995901816205,0.3117137926945071,0.3281265656544514,0.04665238932294404,0.3604162269808304,0.21279982020627872,0.23829946825556217,0.17217248091746,0.03149863059622427,0.36155656791532115,0.4936964519127295,0.02115518336008609,0.21297500539814984,0.2222667657566426,0.09072652859391012,0.024035354529735174,-0.10360064654928944,-0.32908189701876495,-0.12214499390436337,0.11532228805360994,-0.09164427264694681,0.2975651427005397,-0.27487606178081536
0.38537076684880983,0.2282182550702536,0.18611102475796448,0.33295020706771666,0.5990325773185513,0.5030905717644184,0.20220785895152096,0.20714365412524283,0.300657004527663,0.20046656768193055,0.2012946644208448,0.28246934484440134,0.18589907672432343,0.28294790574566286,0.21222276868774867,0.2647719957098907,0.25740132453577463,0.17069934894702338,1.0196242755631781,0.11801834523133578,0.3213734929556958,0.2882006790431172,-0.01628707642346008,0.20363660210122472,0.41223067356216136,0.16076216014918243,0.16357228431452908,0.17468857660461157,0.05868972260027013,0.2914298595013159,0.3170821961792225,0.3501118834516808,0.3966494332620575,0.21096255226103683,0.06166103979744507,0.2251006600779513,0.32797138499307205,0.43567719959596346,0.3879697830256907,0.06954827844070116,0.3162068422388322,0.1680547174377493,0.28086336954930324,0.3231981203972719,0.2248523533983693,0.14711022642309546,0.2446812768174819,0.040096083708697015,-0.12943442318975634,0.03973409091003656,0.01502294776766215,0.3063162297390636,-0.14696307082456758,-0.15267130063545248,-0.21647497702172844,0.04668421076725935,-0.19164791462738034,0.2821650403437578,-0.05462109504990203
0.28798317298650006,0.3529871763959368,0.19959687862512304,0.1676885447267772,0.1150105809984832,0.318271586696737,0.2539205578415457,0.22760109605246984,0.18429573450215703,0.20993658173130866,0.3237900334781433,0.2543012877804652,0.18118784817393413,0.2657705760543869,0.24487202890627657,0.28388013307888854,0.3289784502668455,0.17528699108620738,0.11801834523133578,1.1070482976596172,0.10646595959251026,0.19245577641810596,0.2491959140255962,0.4570957851506823,0.33266477726468385,0.1599309825427903,0.34867977769701175,0.3391498380204595,0.45679490667792355,0.37295236486752914,0.2677573845364435,0.4202546550622597,0.23339514244828297,0.3388845793538463,0.18588678163203656,0.023513833447763793,0.6848981516133326,0.3377772669625335,0.5221121554123604,0.1332196218510397,0.060250172663117815,0.13195121043546246,0.42473627937279484,0.26892741535969,0.4239174968601686,0.046744896441828825,0.30087679172035037,0.09336909262898282,0.48968134533180946,-0.0322016098673349,-0.10336487146725748,0.16052131451547275,0.13837426326362667,-0.1307014126509398,-0.045345707398891995,0.08521184704784662,-0.07654903587669198,0.15536617809362158,-0.08171027752280181
0.41954758079995247,0.3208272657433168,0.2941695466699181,0.2795022146490153,0.27721608077115606,0.37098736013089595,0.2808013636689446,0.251757428405234,0.254490790753825,0.204995310506842,0.22976496797059848,0.24018089446719873,0.16030861976506816,0.2929632920323472,0.293042893773405,0.27130680337355334,0.2627053992050683,0.28099831930894265,0.3213734929556958,0.10646595959251026,0.7875331606185096,0.28738808319312553,0.2662050674211207,0.31954922016659665,0.29705625851408585,0.37753499586586164,0.19131136121246828,0.2847569787817487,0.20860700991773132,0.2732254909352831,0.3546754189787083,0.24102671364462863,0.41096758518602644,0.2012950393997163,0.18139410083643742,0.38105099754785376,0.34249201628562076,0.45807933505410536,0.25375615810249214,0.09380490790985897,0.5280792508963416,0.30592415628276215,0.3108761276896657,0.2450007475304434,0.12697066043767422,0.2118388361975703,0.30103957617079885,0.04942571015160768,0.042718152959155445,0.306501234103288,-0.25585302072474914,0.140034782323138,-0.028446746652994796,-0.1750838018516162,-0.18471079488842884,0.021875587919889576,-0.28761290088815583,0.3062470338943047,-0.01282659377502697
0.44504636081146565,0.28337412015846153,0.3505343616365864,0.24388356241999806,0.2849863738455542,0.3570949258893943,0.3616801374031186,0.23611858095971697,0.48117285397350174,0.24551972857230145,0.2542513961928276,0.28149133670572946,0.24053560425373877,0.30508601794042794,0.23329926910297874,0.451098138082577,0.3115170403350433,0.29163698251824055,0.2882006790431172,0.19245577641810596,0.28738808319312553,0.7341121486635596,0.32044497094872704,0.3514061648197479,0.23429461875045465,0.24585918338549287,0.27834286511870765,0.3094718641919276,0.2564486855479016,0.2226461401501076,0.3125800304855753,0.27660331227419244,0.40499994675144063,0.2268534786371831,0.0867702641603943,0.2962097371668768,0.397013870742179,0.43047840003155,0.3519562429946246,0.034981550075471976,0.3178454146639423,0.20713904738092812,0.2844845574945896,0.31898952057405017,0.033438068425190835,0.20200053026656972,0.2696108080484529,-0.05563604761165857,0.7460576713776509,0.11913417680468945,-0.19524461775126933,0.09862844728303058,0.081015286907679,-0.15572621193097386,-0.17043891061747918,0.13150501809239004,-0.1493143885204508,0.27011744584956393,-0.23119896278639754
0.46636759897449437,0.19861712244500185,0.21887767714318543,0.14771664566677845,0.17438263698617854,0.12251385082201433,0.32251894068143866,0.17544503671009792,0.28148749370037424,0.2596953802988313,0.2193501298020273,0.15806185357654254,0.18986886706586278,0.2670848574336786,0.3972862372442943,0.2410527278561535,0.22925488661674656,0.6149317799300026,-0.01628707642346008,0.2491959140255962,0.2662050674211207,0.32044497094872704,1.7771069838172369,0.9826499078112886,0.38680498285131976,-0.08145986319025902,0.27984916432292756,0.5510150916776784,0.5224271662630405,0.5085433000508204,0.2706148489102363,0.06194210531231714,0.8058089949494289,0.3941960039634635,0.029962500565188274,0.15114316143312212,0.856479498358543,0.24814570004801698,0.556046921143885,0.01623746299841468,0.391285647900917,0.24657210773793897,0.3846103250809057,0.29060536264315284,-0.218141452933322,0.23518500742838908,0.5856754530782405,0.13679279845528247,0.8126740116326447,0.39818897993679775,-0.389623693482854,0.17445450255764577,0.10631748365746287,-0.36904934124996336,0.057314807261128906,0.1741553806146904,-0.15612806052512637,-0.01358981397921748,0.12900586297223754
0.12816581338095354,0.18939691022729843,0.2268699197927853,0.23880565398857198,0.23000036001190227,0.34679463651947195,0.2457506757012565,0.13797764881696112,0.299671322470422,0.24008891291540457,0.2571470753549026,0.2283105839059972,0.20312959926182864,0.3048732288333004,0.39213517892296296,0.3254007729804384,0.27207186980740433,0.3405007573649139,0.20363660210122472,0.4570957851506823,0.31954922016659665,0.3514061648197479,0.9826499078112886,1.606678703938722,0.5231596192127427,0.11657177179569639,0.47145326622651934,0.7082403886499573,0.4643084638605436,0.6703107680699695,0.5642184634210878,0.316026777208253,0.6517473222682529,0.43836032039616046,0.23074003703817758,0.5052311711810138,0.7503491403469938,0.4497997452926951,0.4052560279554816,0.036208490176566334,0.5453587707460574,0.3834270525943021,0.3890528921709804,0.31469003550291685,-0.018055978338607958,0.19541559340505285,0.5265721062207951,0.07591172368316434,0.3928831474786071,0.313120377076732,-0.49204620872383237,0.2502070379759057,0.15912150831557537,-0.24958696375386266,-0.04168460452140012,0.17946408946341688,-0.14910925792982574,-0.08571865486936833,0.21973486266601258
0.7004878831091876,0.3100347864573086,0.21979565222970637,0.30420285272503517,0.39258430067940203,0.42982886404318443,0.33019509291452487,0.25864658910908994,0.20185983134820307,0.29525425380469106,0.2637315070942253,0.286148988797355,0.20438412302358785,0.3507057960728352,0.24309094792023328,0.2440955412860954,0.3396328122001319,0.3036536579749043,0.41223067356216136,0.33266477726468385,0.29705625851408585,0.23429461875045465,0.38680498285131976,0.5231596192127427,1.9298857865386585,0.2305644000009264,0.4147888246491912,0.3993054354815866,0.5826192135876118,0.7003636813364033,0.44929435841274284,0.42000577372323017,0.26127464624850405,0.542405069310406,0.5269961761563476,0.2760544207156268,0.4610621343063408,0.5912183994525695,0.4358001638624914,0.07722220159952466,0.29737427336104405,0.3030779927048874,0.7033074403374867,0.48889516179851106,0.492589174447377,0.20478701435065821,0.5365329396058635,-0.007767544069625546,-0.6321220414936186,0.15661570864899005,-0.2236760489715815,0.2085347725590453,0.05031812511106829,-0.17696066726684098,0.0014747451287877777,0.07242932362120773,-0.2035398507722851,0.2700264690492601,-0.12623689521728243
0.25596423942817065,0.30827002975399714,0.2755000252052284,0.2904721443690501,0.2747490537275594,0.3691215374657973,0.2418976221513456,0.3234967024185905,0.24989327658605293,0.17952482620314175,0.2331790990318482,0.2334888207175227,0.16023787418364638,0.2686189084494372,0.2212508744741962,0.2507693479756354,0.25518732952079765,0.227993147616471,0.16076216014918243,0.1599309825427903,0.37753499586586164,0.24585918338549287,-0.08145986319025902,0.11657177179569639,0.2305644000009264,1.797925625120986,0.45259539175195956,0.4726834221806962,-0.06423491862180564,-0.113552865008353,0.2553258864003274,0.4810483051554764,0.07482781218187598,0.32203645664331754,0.3643332703712567,0.29603225175413095,-0.13127765452481246,0.31607629938703496,-0.4176337541891377,0.059224184386816495,0.3496619385084638,0.2700124267576552,0.48790025094720535,0.08889483326025603,-0.04065680154706013,0.07675642843366272,0.06522663024034313,0.03476941852605095,0.1720373339245991,0.7465623153440352,-0.5941285338213047,-0.022061941950059408,-0.19638142424706218,-0.03931335910653415,-0.22725767293293472,-0.03045307635833492,-0.24146788080026377,0.44171232402577204,-0.09631652121501434
0.23342273382428347,0.1695303085127765,0.17280422337875642,0.15884390567789772,0.18120905001979662,0.2791212019202719,0.28125728848516346,0.16923333908856686,0.23835180799028988,0.2246227335734097,0.2298911711044133,0.22989460755627475,0.12705730970422005,0.1855271971150168,0.15227559558402648,0.2600582682176585,0.22877149818277773,0.011680919225897705,0.16357228431452908,0.34867977769701175,0.19131136121246828,0.27834286511870765,0.27984916432292756,0.47145326622651934,0.4147888246491912,0.45259539175195956,1.5465694497657598,0.6872405243344263,0.12302713091257783,0.6582638345729878,0.3706972290183019,0.3146121605872192,0.21250634942883137,0.3128724447878355,0.5783650284326534,0.338250267858853,0.34526995534280536,0.45335592268932895,0.1909693464557059,0.09857370676199265,0.2008316803920113,0.350622993531588,1.0954685023784323,0.5215365783704164,0.6273502120050248,-0.1190409743669397,0.35398381526693534,0.09520588839158897,0.34463262008204115,0.09308652585176837,-0.5175033616562511,0.32217520066938077,0.1525084034530781,-0.030732311298527857,0.05943210231904831,0.2040995782289965,0.04173245221016404,0.39033276944053197,-0.49537700659439593
0.1725256384953118,0.39256783726361866,0.3181734458195537,0.1618373745465902,0.1990761880311725,0.27555133119544933,0.15848921287953785,-0.07022541516057315,0.3341198229413063,0.27414279345974196,0.17829455832626803,0.05481326650775601,0.11479626059334667,0.2958097886000816,0.5152707553474009,0.3060779204710846,0.41368852944625106,0.2914758926405734,0.17468857660461157,0.3391498380204595,0.2847569787817487,0.3094718641919276,0.5510150916776784,0.7082403886499573,0.3993054354815866,0.4726834221806962,0.6872405243344263,4.694527277377385,0.5022296179641464,0.2697462941599007,0.41822055568725636,0.5121536767243907,0.8900723751651463,0.4033271996591963,0.08035238900848937,0.18276831106584854,0.7978180772182518,0.3130227478952004,0.06632749995818041,-0.04189972399021018,0.5012651960910397,0.4506554771136371,0.7420976338320855,0.1436416663637284,0.12622320563069223,-0.2266320484251025,0.32748928616756506,0.20925901811709433,0.9499192435022104,0.5405882122805457,-0.9351075329819019,0.685577986948851,-0.16688054604977903,-0.19548175114534805,0.019261173470800908,0.21163227343077753,-0.3395541781688206,0.24994127156607995,0.2303426052358741
0.4436558908835379,0.4435776060329689,0.36075441354635407,0.2298689947090373,0.18828234894891582,0.3337950241413663,0.25924897541237707,0.2019507281528009,0.18493887437105425,0.2850569156485706,0.2520326171330336,0.19204575917560354,0.22498251063272334,0.2959230143381245,0.33155442559096576,0.2876951281502465,0.3191951175352017,0.3265715270361161,0.05868972260027013,0.45679490667792355,0.20860700991773132,0.2564486855479016,0.5224271662630405,0.4643084638605436,0.5826192135876118,-0.06423491862180564,0.12302713091257783,0.5022296179641464,2.2310333904331077,0.017150473245968474,0.13865463093698557,0.4273108088676083,0.10424774484176001,0.5721965436005276,0.03469867053826293,0.44670569991929965,0.03874203734403215,-0.1428705795319242,0.44510713384835265,0.09751323059605166,0.2103017946825736,-0.0016907891375832092,0.008818793092549848,-0.1996447963106982,-0.2732196466651187,0.24127103720588006,0.21153992586832515,-0.08751525237233886,0.7878703466747674,0.8076733646495056,-0.6576394677864846,0.028333692560989592,-0.17763475372715212,-0.07301357275505518,0.018347752250197125,0.08042391292985765,-0.35509851164734646,0.10449537802491432,0.1598930126801205
0.39817373932253136,0.017597941916324914,-0.26752938708967877,0.20680484753315032,0.3732633936397134,0.21216871667672055,0.1714046183535276,0.0964637583339003,0.11741782222992328,0.23476191672121544,0.14994672915557405,0.17319009736623076,0.14525743319587117,0.23686956082782457,0.26420068487641607,0.2549657819134477,0.1766238128075693,0.15157558447220507,0.2914298595013159,0.37295236486752914,0.2732254909352831,0.2226461401501076,0.5085433000508204,0.6703107680699695,0.7003636813364033,-0.113552865008353,0.6582638345729878,0.2697462941599007,0.017150473245968474,2.773627081040743,0.5012558918624579,0.5067946616603463,0.350209773165664,0.22230201616363018,1.0235888082609412,0.2950485464794889,1.0051484426474213,0.8065499948941555,0.5965694301475477,0.11232376184455715,0.47351081829850117,0.46797425846150725,1.3625845889435242,0.893879019716792,1.1017126488290823,0.16129417590763953,1.4318134821919135,0.02892704819542855,-1.1811438763925481,0.12015620579716857,-0.34275914708853367,-0.004880890758107965,0.1638313075004689,-0.030823274574963665,0.030572414133427116,0.1319802208991059,-0.1843181445408448,0.482397739546978,-0.44567537506960897
0.3752027938425579,0.302102713673511,0.313016683361864,0.2230314722560646,0.2711229844668041,0.35973380723720244,0.27103593126678527,0.2211746550505409,0.2816585085454636,0.2779648032137715,0.2557539057196678,0.2768793691379942,0.18829720383562049,0.29793995178914917,0.3083902256785928,0.2910704302038045,0.2850515534152372,0.3380146919110973,0.3170821961792225,0.2677573845364435,0.3546754189787083,0.3125800304855753,0.2706148489102363,0.5642184634210878,0.44929435841274284,0.2553258864003274,0.3706972290183019,0.41822055568725636,0.13865463093698557,0.5012558918624579,0.808569088705538,0.33745710151890856,0.3219806107189739,0.2640490166966279,0.30475913143176286,0.6507240524353479,0.5983590111944566,0.6080262601697645,0.3409498434185773,0.07892239192567368,0.585572457923671,0.38165271468477185,0.3295755940410257,0.3676183360863324,0.24918330999961466,0.2872347890686458,0.44367226197315734,-0.0022803119528398033,-0.3752730298065679,0.23237251736928957,-0.1991285547525245,0.16939988327935165,0.022482299505948294,-0.21531648437841666,-0.14742979485551783,0.11652323612260301,-0.0859625866650527,0.163972227663252,-0.13260300874531408
0.34448141710189195,0.3797624107052347,0.29525630593372854,0.2755453762183135,0.30611660021303905,0.39111486279580426,0.3010716750887177,0.22772100433621142,0.2782966126795865,0.268194368387475,0.2648492486550367,0.29617560409896354,0.19478900571374366,0.23055460257663002,0.19507468641184783,0.21101862496422955,0.19846807895789254,0.1813821707096395,0.3501118834516808,0.4202546550622597,0.24102671364462863,0.27660331227419244,0.06194210531231714,0.316026777208253,0.42000577372323017,0.4810483051554764,0.3146121605872192,0.5121536767243907,0.4273108088676083,0.5067946616603463,0.33745710151890856,3.238733179797657,0.20304528233306526,0.6769688332536771,-0.2241934306586156,0.4146808007062702,-0.0644867763887111,0.5126551588965513,0.3901394209013393,-0.11731395385349883,0.2010683873586025,0.009678257765773135,0.16698639224575468,0.4492118729906828,0.3054507858831957,0.08479226207588211,0.39329331804926776,-0.07392709793573786,-0.5350103634468597,-0.20921702665554281,-0.004120171604863836,-0.003169414902169665,0.2172652703658363,-0.12358913711791221,-0.4809167710584763,0.04424689239465273,-0.1297290344905842,0.29637434087084086,-0.39465617900913913
0.43233327231709867,0.40982309821641466,0.32193152823571336,0.2845401668862021,0.31166033727924336,0.35124259699869237,0.28937476149549146,0.19538284318366234,0.3952518381050812,0.22760938461426805,0.24993017714133023,0.2467369131679659,0.2148106952937261,0.34238393339441364,0.43773342569160806,0.3232746316052402,0.3992829512348074,0.3868097158368714,0.3966494332620575,0.23339514244828297,0.41096758518602644,0.40499994675144063,0.8058089949494289,0.6517473222682529,0.26127464624850405,0.07482781218187598,0.21250634942883137,0.8900723751651463,0.10424774484176001,0.350209773165664,0.3219806107189739,0.20304528233306526,2.580949221556976,0.030935091049784303,-0.6874029422603845,-0.025668716741884975,1.1472813259602714,0.5969108852324837,0.23005007610607833,-0.2139821697475022,0.24087637673580448,0.1379002956551478,0.5611703020724718,0.15909895402924568,-0.2868890742830319,0.19637703047539273,0.401557663522837,0.21697739881549255,0.4953214352105507,0.6902783396971234,-0.556176824473857,0.4221987180632025,-0.06997402491599851,-0.570865329330101,-0.15208038826280693,0.01949382739699213,-0.4357576074324683,0.4013782504468943,0.2394809140463245
0.08028409550559629,0.29097140216873485,0.2495113073688761,0.28788936305763024,0.3303361433238678,0.2574813369839854,0.27144993009544055,0.15848394990967046,0.2029450506419545,0.33796531026038845,0.22345808646699614,0.22010486950713684,0.19054153121843342,0.21024840385009338,0.24583994867261127,0.239695528574649,0.24208533744089775,0.28625707589700183,0.21096255226103683,0.3388845793538463,0.2012950393997163,0.2268534786371831,0.3941960039634635,0.43836032039616046,0.542405069310406,0.32203645664331754,0.3128724447878355,0.4033271996591963,0.5721965436005276,0.22230201616363018,0.2640490166966279,0.6769688332536771,0.030935091049784303,1.6499778915624672,0.44254003522747504,0.11181248320248928,0.4478917245013432,0.30941646809186246,0.2422811089992643,-0.02987068713752916,0.20294351183979079,0.3006393231106327,0.5169884007031762,0.3884030945424629,0.20552390347777547,0.058271901319269064,0.3115659887046218,0.07899967994602337,0.28978344412242435,-0.09377933790179031,-0.06454658462265614,-0.03992064157997451,0.17524154830251923,-0.15339602090370288,-0.09964497603457038,0.11915756236371473,-0.28824447144569754,0.125130687895894,0.09494889883000936
