1.2610893473364708,0.13196831604322135,0.07012002338468969,0.09099919865891168,0.1894347249358873,0.15658969540696197,0.1779138492449454,0.18933603662758128,0.07943591447451714,0.1228904209216529,0.11904070698773848,0.1308104765686958,0.10355782958837069,0.20141302531661293,0.11862382764838005,0.11358116481980257,0.11795384119979883,0.12501941574291234,0.027767733930784973,0.12596855953142658,0.09461388240396922,0.09715797825247746,0.11076840048152571,0.03503944549584975,0.16017169628576475,0.18626620035992894,0.07431336695738505,0.08034286352371736,0.0627362030824027,0.21272124391646902,0.0843633988445948,-0.13184011103306237,0.13731424167935397,-0.3374503983940508,0.05989612273462185,0.1286446092313111,-0.004995758365461884,-0.0028887129305540785,0.09223889434194021,0.1506737218468943,0.0845551204226992,0.0655825346424971,0.08774137455219301,0.06139933301691935,0.018083536337829876,0.0014300817030988182,0.16172902523765495,0.0007285715078546003,0.04305397341827485,-0.053774499281352375,0.02890416905087221,-0.04516733910720261,-0.024019722314010537,0.028532725001957263,-0.022156728216033678,-0.08106631440858794,0.02770507319105191,0.16654501403476385,-0.10892364932423121
0.13196831604322135,1.8074849893097433,0.7314456651136485,0.11738662706069865,0.08786078230292893,0.13545943402811814,0.1913587915548895,0.14732457674055052,0.22811204598739918,0.14174873828802312,0.16429216861629564,0.22021719191749012,0.11678621784866498,0.15143404223513462,0.34143639020552347,0.1184799727730357,0.13732857770306386,0.29788974092983084,0.032893345865611344,0.32921330086107514,0.2556534399006642,0.14366574312357783,-0.0875837779770463,0.0878044669191004,0.3260786788497583,0.250843571267711,0.22955545630932178,0.21509939734548733,0.28839549624895067,0.10638865644750288,0.24789270217991233,0.11385567683490638,0.1648111406834306,0.15846627771066146,0.21314251065644263,0.23087324403604198,0.2425718292676647,0.16175880952970856,0.060598654328639326,0.08294605968123298,0.21087029907456756,0.22657788251287453,0.038256146369416204,-0.016235968748445625,-0.0016854185751608844,0.14682097251913198,0.16811775734317927,-0.005377885551891543,0.16337531586362225,-0.36737023177756484,0.36773224372185964,0.08867241621953068,0.01565191738459652,-0.062221170012787326,0.03971813595159066,-0.06400550778799699,-0.1235615213318606,0.06147092852638371,0.040621026068755284
0.07012002338468969,0.7314456651136485,2.4552267538509107,-0.02948793329745697,-0.3469510801841757,0.10224477488733774,0.12030536298012652,0.06442094097683851,0.39238506990558975,0.10116849186669988,0.08145066405258641,0.15608118096427925,0.06255942754878863,0.07620472258776655,0.21989232801607056,0.04306068304150685,0.2463466236081518,0.15728186348924136,0.11898366181015141,0.24551201259326572,0.16759804927115007,0.21123700946193755,0.09839660236759035,0.14497216228343557,0.2627649681617822,0.1539722815658991,0.12676466126604038,0.17265169838974004,0.21601504232499377,0.23442082153942037,0.14699173014180783,-0.047083599086041115,0.21398465474200384,0.024160175832607426,0.3185350165030115,0.10955148098077533,0.19829783131449405,0.13411396803096576,0.10910203433978018,0.031829118616074195,0.07592045543871168,0.15060146974663344,0.13154634438001178,-0.00844717791898016,0.05603606465930286,0.09368718884560925,0.1553249436337377,-0.004962605225320939,0.18122505705577197,-0.07259513954142621,0.1416062349997722,0.04963248204669694,0.060432460906308674,-0.14090099533679004,0.05548507463141312,-0.0860493587475436,0.1389350082761196,-0.18672692282268605,0.06376938099817835
0.09099919865891168,0.11738662706069865,-0.02948793329745697,0.6749866552575063,0.5049853060265365,0.3248246499970606,0.24791632035443367,0.20941092292194488,0.15866971271512004,0.1997458014809801,0.17617732271078362,0.20294127962615965,0.14353539197673743,0.21107069098110873,0.19298478988234724,0.18337027315243762,0.13417607232459022,0.23130986117326807,-0.028746310401737633,0.11368304824691648,0.17407569016750957,0.16778987684443414,0.26018723265647914,0.15024858262617416,0.147120458463852,0.2212227371932104,0.1294736529626869,0.11210200350849424,0.2000915040725728,-0.02109667474101895,0.12985274257728002,0.21230676064765006,0.10507344950069607,0.2752408522580307,0.028474246739560546,0.11885966781555155,0.1184214412050088,0.13999691986970003,0.10670247464753109,0.16116685692422608,0.041510011291393326,0.16405216906105657,0.06817926584254658,0.057322692251607014,-0.01790944023481449,0.11999408583007679,0.1389914124289281,0.0006643079571332241,0.21599953346829256,0.03144025788942548,-0.02519535503824711,0.08612541264119045,-0.018778523334219945,-0.0049440200597965995,0.14540558076441995,-0.05560979523026371,-0.06568544456226527,0.023544933657359886,-0.017175152770725805
0.1894347249358873,0.08786078230292893,-0.3469510801841757,0.5049853060265365,1.1194635105052697,0.37400321400927283,0.2481297444898466,0.31868346373904893,0.1279331873579324,0.21777131741015793,0.2303379145822168,0.24053127353263964,0.18624105227155272,0.2570852557935994,0.21351060844679942,0.2288504205224092,0.14454714951020614,0.2551511585869588,-0.0052615486304865905,0.10284982237939091,0.20891462341397662,0.1711096295544334,0.278103722129368,0.1636022116805325,0.1404691856446469,0.24604528758517502,0.1486426098141493,0.08502141847116187,0.19514581736875952,-0.12622523711485378,0.16642592478144444,0.33886865774403435,0.07054517757831215,0.42159600604304404,-0.0002611447108285684,0.15831817415514676,0.11971311080521368,0.20268936316277564,0.13338920655356618,0.22115206207765722,0.0603451991075572,0.19883017183619422,0.00598301473696816,0.07444472957045269,-0.030912568996414147,0.15904682699078043,0.12017826705487114,0.003062616104189474,0.23127037957482702,0.03160517369863052,0.09700240181786018,-0.04661606144519564,0.07107204544578852,0.04565227121310937,-0.012585583615434688,-0.060018040911610344,-0.016100194710066136,-0.007600910172976917,0.07583006780822978
0.15658969540696197,0.13545943402811814,0.10224477488733774,0.3248246499970606,0.37400321400927283,0.6595609236680751,0.22551472205774376,0.20900362282382265,0.21057375849496449,0.20054569691487892,0.19347051923882588,0.18693142196185067,0.15757733746457736,0.26757156166076085,0.1910525624397307,0.19316113262135973,0.15071859999603623,0.22628917790117553,0.05253622399638798,0.17451466477770727,0.23492058402985894,0.20869329596459454,0.17415794288554876,0.15757026333977264,0.1985449526981576,0.3278884767898899,0.14429499858814318,0.18980250651729433,0.3083025916140601,0.005615692137170328,0.13901982420834355,0.20695356616547927,0.08311769256787122,0.27555499809838696,0.09447970785593625,0.14894876075710106,0.1523300780919961,0.13702715988820016,0.0765977054178049,0.16163611669274386,-0.014579958060403034,0.2094962437614267,0.11015517769676518,0.08569793306685032,0.0688518936677967,0.15026316838180748,0.15920351663166313,-0.0018809204342551495,0.08675679727123305,-0.0025668675845649676,-0.2368792320370677,0.017154152829105696,-0.04713738111266203,0.06376402400777144,0.04443748395929103,-0.06510569162893964,0.04420830390872623,-0.014653101360452819,-0.007784941080079481
0.1779138492449454,0.1913587915548895,0.12030536298012652,0.24791632035443367,0.2481297444898466,0.22551472205774376,0.4038209953494984,0.10595871847452674,0.24763744338483376,0.1491367599564376,0.169208565738174,0.24334492845891276,0.1263258154688557,0.16200267688458297,0.13811271944203263,0.18472342392118213,0.17154326725594327,0.1547291085114349,0.01971772957715517,0.1487043590153531,0.16443454107648817,0.2083021087881284,0.2051931782755166,0.12427502818525199,0.1741406574820303,0.1972503855587733,0.147586426827293,0.0997109972685505,0.1808262227818068,0.004768898538153854,0.11910783150855685,0.1646283217643555,0.10390589657531249,0.19386132502043776,0.08597122177565089,0.11125914387954655,0.11115399236143642,0.11987317928094303,0.10526951913065814,0.13760400893829441,0.03585624407352753,0.15423743477780325,0.07606073464481834,0.04401334306784095,0.025838793706477195,0.16243952686365765,0.049555204739090836,0.0005990610974345261,0.25869541795350687,-0.06447176754636393,-0.029621366111062784,0.027912715797035956,0.030191587368238303,0.01071001254216676,0.20331097957431263,0.0340059887326038,-0.045928153909726245,0.024529064754901506,-0.2371208736888752
0.18933603662758128,0.14732457674055052,0.06442094097683851,0.20941092292194488,0.31868346373904893,0.20900362282382265,0.10595871847452674,0.7545624870924152,0.037126034363620955,0.14184004295954752,0.26714999481018437,0.17807857262855897,0.22930430895177759,0.25859578130746946,0.10921655850051465,0.15912900424909748,0.25378121546911636,0.19619307007677506,0.09576289051453246,0.1760016479375374,0.18836214742680985,0.10977255116664762,0.16044489056000455,0.09984494383817245,0.11247264940514945,0.2698646501874601,0.12294834426817496,-0.13492988791163568,0.18147017235084784,0.11976326220286913,0.10216787064774549,0.003937759324633558,0.10511479488551372,0.14690712717517726,0.2545514804859696,0.08660033513912949,0.1514485650039649,0.04830760661555095,0.23308086096978922,0.15888993334937787,0.016680959291823994,0.1619311137592146,0.11049572216129187,0.040129730998591615,0.04142406348547813,0.0702089035752931,0.193206235132249,0.002192348623757201,0.11357231806196595,0.10943352668503481,0.014055696549469397,-0.02154020205338179,0.07767318558086084,-0.13970097394769918,-0.11784603830330402,-0.1780256641493926,0.04190250958288279,0.11404714613429688,0.1148256585863854
0.07943591447451714,0.22811204598739918,0.39238506990558975,0.15866971271512004,0.1279331873579324,0.21057375849496449,0.24763744338483376,0.037126034363620955,0.6407795499910826,0.1472386085303942,0.13941412461180644,0.11767897732605206,0.08916328659654653,0.11623230636827356,0.05656555011486011,0.06413909574321744,0.15290178231015727,0.1883747736202873,-0.003396981918090427,0.07384362204053727,0.14759091752611334,0.31478399201520224,0.2463022044066175,0.13989135658473478,0.11086616078329027,0.21695997968735484,0.11772509350594716,0.22356355144305565,0.12167443435067982,0.04024039554547114,0.12356770191851567,0.14299896555400718,0.18012028435423147,0.13092146151399195,0.07249714037904469,0.07890038088623161,0.120512565039641,0.10518510323907711,0.10227855786952744,0.0810779641891676,0.04271861281114681,0.1298388250062698,0.08304605636297284,0.03663228195538697,-0.05247867651083147,0.06325813174205352,0.08871879206348628,-0.0010359881131662774,0.4337041706572867,-0.008669317567126139,0.0009985010516877523,0.03446518130187899,0.02744357861698139,-0.04418659265877951,0.21359843790921812,0.1445908981018277,0.01370232154324353,-0.13043970853013948,-0.19790712703771277
0.1228904209216529,0.14174873828802312,0.10116849186669988,0.1997458014809801,0.21777131741015793,0.20054569691487892,0.1491367599564376,0.14184004295954752,0.1472386085303942,0.5854647610008221,0.16322340882232603,0.15910764899025048,0.12274201187587802,0.1717799680520628,0.2196590721190017,0.14609177417735741,0.17282756862584112,0.2657939466047827,0.12450250211325509,0.12547596892517043,0.1324742393427219,0.15066911571882186,0.25304591201722826,0.1624692101022496,0.20355456047889897,0.12986209683242653,0.1421780769409474,0.159618687314316,0.21404233929357777,0.15154939177606794,0.16981237028014923,0.1607765188301799,0.162714648228023,0.243099741853106,0.14207683133577823,0.168565016473843,0.23316820552000744,0.12806711253503833,0.16903993927362843,0.2215634771142407,0.17070441043809734,0.15715040288358634,0.04091170515465969,0.06480388507124694,-0.07475186829153002,0.17271564646702578,0.2766090415963159,0.006978010005088898,0.21242035528486403,0.036202038466193555,0.049844631869381414,-0.15602545269948848,-0.04834189848326794,0.1268467738806855,0.04123423254365757,0.011904181062855089,0.09931465834145937,-0.18188887691794103,0.06654361849794779
0.11904070698773848,0.16429216861629564,0.08145066405258641,0.17617732271078362,0.2303379145822168,0.19347051923882588,0.169208565738174,0.26714999481018437,0.13941412461180644,0.16322340882232603,0.478737974108801,0.2300168719039344,0.17875537131841598,0.1644204646315061,0.20566200808349797,0.14916126508042438,0.2855797816588605,0.17668022134965675,0.03740186930426091,0.24233513728401748,0.1696231462291653,0.14150793301331388,0.21111113152759717,0.14961822128943003,0.15854853961716694,0.2351548265497489,0.1657249421425627,0.10953722771654431,0.2098806933810469,0.05494651345597897,0.12962041852287068,0.13860733179182347,0.13943143344196854,0.1876103615983926,0.17593196908756323,0.09473888707049671,0.17518857783217134,0.10449197532948912,0.1839390581716242,0.13310908768467244,0.08192536160243762,0.16548559880089858,0.0657975122789005,0.03866868776626851,0.0015189135384458656,0.1251164335389576,0.1322583302151858,0.0071304085445584794,0.215813054783858,0.058318621760588774,0.013048103989369083,-0.04584314651142494,0.0038244450465531148,0.05166553462027109,0.003942433431991536,-0.024792113842482696,0.02670144690468269,-0.03754610236471928,0.028737541253098256
0.1308104765686958,0.22021719191749012,0.15608118096427925,0.20294127962615965,0.24053127353263964,0.18693142196185067,0.24334492845891276,0.17807857262855897,0.11767897732605206,0.15910764899025048,0.2300168719039344,0.49658994928825156,0.14408773353936713,0.15807687658524278,0.2770152508841273,0.15107762288016202,0.23454185399928662,0.09328140719141682,0.05747415735054648,0.23015390997933136,0.15757360651238297,0.12474544691360422,0.15771279618691258,0.14373033255104048,0.21119006054337594,0.19687989760297286,0.2066935509864311,-0.023315051368287286,0.22641543589386517,0.04504881409878173,0.14549632886563735,0.2213913595173349,0.094439287386697,0.22304944029173135,0.17456173928170637,0.19677805215817568,0.06785938204560636,0.1231612736402276,0.15075419095122156,0.17434626422996904,0.06662315891765504,0.15962701170615326,0.034559619094129655,0.03684761125594781,-0.03041365383986531,0.14616412446551333,0.11738716831995846,-0.0014475707950027373,0.1572177301158924,-0.10096209928759443,0.0009393721732503564,0.06067185353805786,0.036432148362901984,0.030817972525445554,0.03764336716207427,0.015378540482241184,-0.047667623503558736,-0.07526591040623591,-0.007344604011191193
0.10355782958837069,0.11678621784866498,0.06255942754878863,0.14353539197673743,0.18624105227155272,0.15757733746457736,0.1263258154688557,0.22930430895177759,0.08916328659654653,0.12274201187587802,0.17875537131841598,0.14408773353936713,0.29629435285160566,0.14222290453626737,0.06475150884762416,0.15158112382518457,0.16307660232777035,0.126898363065541,0.08408717599292359,0.07918478004590859,0.12211299243607839,0.14063325242958513,0.12912276683713672,0.0983826047001105,0.09555906458975268,0.14283782215259452,0.11090217184530876,0.016222060908618646,0.1485596509826784,0.06001341999134305,0.0787679179122918,0.08399998143439324,0.07327731861169419,0.12938573971816436,0.14544010360651255,0.0728550698414333,0.09621651847902674,0.044694438401419324,0.14345624863806733,0.12496440253784663,0.04000874074430691,0.11406908042793049,0.05978867838027082,0.04583426046949662,-0.01448814787972985,0.09978688882060267,0.10894152313721864,0.002534091944494666,0.12087794788373002,0.07030524371662997,-0.0025659450679576734,-0.06284834109663351,0.018212817212485938,-0.009326688535434094,-0.003028394595534372,-0.06403470473219676,0.03434339349224588,-0.06279165658977642,0.07675774246984224
0.20141302531661293,0.15143404223513462,0.07620472258776655,0.21107069098110873,0.2570852557935994,0.26757156166076085,0.16200267688458297,0.25859578130746946,0.11623230636827356,0.1717799680520628,0.1644204646315061,0.15807687658524278,0.14222290453626737,0.42706036697369076,0.24966760006681912,0.18306445061906482,0.11040330145249551,0.2012266327094935,0.058584885433413995,0.14064460750590976,0.17898592892276796,0.1454150971766957,0.22897140211375758,0.13785314037458876,0.1672123069760862,0.2164271545406509,0.10884261748196308,0.14716792202005868,0.1993564376356763,0.13707622078159343,0.11826180249476029,0.10655280699346463,0.13824246339713112,0.16537306886434705,0.17804903953848925,0.13755731292096193,0.1721178196859497,0.07262229462339917,0.10163465278544424,0.06951501747589142,0.10883994402897698,0.16503391858094993,0.07586703726364921,0.05591497886829567,-0.07803128637943096,0.047651914554615586,0.21756033203123404,0.0038614190954644498,0.17812829278048806,-0.019817525079230926,-0.01743907320667261,-0.03170310913199673,-0.004531712828255391,0.023012592194992538,-0.15712350144131312,-0.07073109119705978,0.025557883607553025,-0.002226494619492968,0.21857083311791553
0.11862382764838005,0.34143639020552347,0.21989232801607056,0.19298478988234724,0.21351060844679942,0.1910525624397307,0.13811271944203263,0.10921655850051465,0.05656555011486011,0.2196590721190017,0.20566200808349797,0.2770152508841273,0.06475150884762416,0.24966760006681912,0.8335249476484878,0.11699059516584462,0.022922318550971033,0.3246377983860483,0.019971082548688363,0.24829841727948734,0.22623574818174397,0.06655176240656786,0.4319672818967493,0.18835082837694034,0.23273596613840164,0.18210776352527913,0.15201230238023958,0.3090251819137299,0.2532333101416704,0.20492279935660013,0.15771485698828183,0.17999581161172912,0.21776048649198881,0.24890308914077522,0.20505228717591567,0.190466382150432,0.2346903652981192,0.07847772536726474,0.1446362035849682,0.06597388801295512,0.17566375293498798,0.2136341052857764,0.07191210385332221,0.024182914544965583,-0.11354834120983028,0.14901928499152525,0.2691388102177047,0.009278801048961973,0.18012595937153145,-0.17654430291353587,0.02133999867720574,0.09302739624617105,0.029420084183583786,0.038870248788571975,0.06354107396841992,0.08829457958769983,-0.09464542802271839,-0.04853931900162937,0.021044962597614337
0.11358116481980257,0.1184799727730357,0.04306068304150685,0.18337027315243762,0.2288504205224092,0.19316113262135973,0.18472342392118213,0.15912900424909748,0.06413909574321744,0.14609177417735741,0.14916126508042438,0.15107762288016202,0.15158112382518457,0.18306445061906482,0.11699059516584462,0.6981720724760418,0.12887031109014377,0.17254624106340027,0.14637573241939855,0.05605931350948844,0.203294537318524,0.33610909551997664,0.18622795621603577,0.14550176505146917,0.08163433987288486,0.13254143641849517,0.1572574191578645,0.1227918262141847,0.14428781925444067,0.10859231811705447,0.1145561603892103,0.1828850947561034,0.06237474582670807,0.226289650975238,0.2672706377001349,0.10901168169069567,0.1404913081856071,0.09208769863212174,0.14664078181454007,0.2106100683202768,0.11321496421799654,0.20274649222802774,0.12466361807641128,0.07706472799138112,-0.01274577474537528,0.06503778646354053,0.199428940573821,0.004655501958612354,0.12444542500084722,-0.25968598302314455,-0.11110925749262422,0.07499834785306497,0.1142824814802372,0.012821175770875324,-0.10778484909778356,-0.07025924448866609,0.023408650518730718,-0.10110194863881287,0.24410978125231791
0.11795384119979883,0.13732857770306386,0.2463466236081518,0.13417607232459022,0.14454714951020614,0.15071859999603623,0.17154326725594327,0.25378121546911636,0.15290178231015727,0.17282756862584112,0.2855797816588605,0.23454185399928662,0.16307660232777035,0.11040330145249551,0.022922318550971033,0.12887031109014377,1.0289171062411806,0.0037906065151874827,0.06885889591566507,0.4258719898401343,0.08940830410378896,0.15586235012040495,0.103551243782643,0.1661066850718267,0.4812782767252419,0.1827813440706089,0.20801976433680913,0.11836935943773348,0.2932914161682873,0.015255435935499188,0.17420367309445992,0.11882552742921527,0.15973257444572944,0.1608860799469083,0.1810719704248532,0.083182961102799,0.332759333849605,0.18819533071866754,0.17746102406461972,0.074976326610523,0.09049362090710746,0.12956750174794254,0.11192934255896836,0.024052369262340327,0.1291531030706102,0.16115087860148447,0.04345778195516656,0.0027853858692267583,0.182869456516186,0.5070776116638538,0.1569419444871102,-0.22974024282887545,-0.17495762939102974,0.008352221142715334,-0.04952259379663568,-0.16674293605174262,0.09516123522221281,-0.07061507758971203,0.2461739146140478
0.12501941574291234,0.29788974092983084,0.15728186348924136,0.23130986117326807,0.2551511585869588,0.22628917790117553,0.1547291085114349,0.19619307007677506,0.1883747736202873,0.2657939466047827,0.17668022134965675,0.09328140719141682,0.126898363065541,0.2012266327094935,0.3246377983860483,0.17254624106340027,0.0037906065151874827,0.6452218857743351,0.07904577403572476,0.03249345678695826,0.2541623525393034,0.18700315762086236,0.4688882167014688,0.13901831432967185,0.21458295618701823,0.26485446149208397,0.04181010560501656,0.25417065277837353,0.2314907853047658,0.11532515675043087,0.1787289901256871,0.07337993601122901,0.20408314098946218,0.20884545879979016,0.15411413675710614,0.16106525839688587,0.22545096331771206,0.07496930287945548,0.10551559887035813,0.2120826096687325,0.16175625612560768,0.22211580677237958,0.09961269691505291,0.030896860535773087,-0.0918927014781425,0.1763972581798822,0.3553758327165169,0.00852545597616671,0.19164155900167076,0.0489272599054041,0.1703155842279022,-0.1597159793211047,-0.06982214795596806,-0.026131895201211394,0.10515899434021625,0.03612162390811579,0.013667287937598405,-0.022644960970997257,-0.09222979399868497
0.027767733930784973,0.032893345865611344,0.11898366181015141,-0.028746310401737633,-0.0052615486304865905,0.05253622399638798,0.01971772957715517,0.09576289051453246,-0.003396981918090427,0.12450250211325509,0.03740186930426091,0.05747415735054648,0.08408717599292359,0.058584885433413995,0.019971082548688363,0.14637573241939855,0.06885889591566507,0.07904577403572476,0.9689057693535291,-0.031893842763229034,0.1172792439575261,0.10097022169186799,-0.1503982827855021,0.07031070308544833,0.06531734051868225,-0.059804580707508624,0.028333525002429184,0.06171847575433005,0.08073967442874273,0.12483614844983622,0.14011355908209966,0.09760003333631491,0.09056297561483313,0.07776864878135763,0.04190327187918305,0.18651666438276626,0.1821259689179953,0.16888924689751414,0.1888216837422372,-0.02344133088330708,0.08123467132101722,0.08565870475782617,0.05364351572598744,0.01639568684910939,0.12956243767323145,0.15400443684142515,0.13105864691799496,0.00765803979872719,-0.305344777986031,0.36827214209210224,-0.03859636247611593,-0.01610263112694606,-0.14502739835134995,-0.06334717292327285,-0.06869514431488219,0.02784613900249342,0.041792010827920834,-0.0015492330240659468,0.012367688879303593
0.12596855953142658,0.32921330086107514,0.24551201259326572,0.11368304824691648,0.10284982237939091,0.17451466477770727,0.1487043590153531,0.1760016479375374,0.07384362204053727,0.12547596892517043,0.24233513728401748,0.23015390997933136,0.07918478004590859,0.14064460750590976,0.24829841727948734,0.05605931350948844,0.4258719898401343,0.03249345678695826,-0.031893842763229034,1.3736106825536794,0.1116435570805432,0.036767868648848484,0.13477033052767412,0.1871203269499508,0.5064000945277232,0.37300717807793254,0.3307726379632846,0.2990493620759724,0.3544701454179604,0.22773360980081322,0.20880957769425917,0.10798728077417459,0.2813879878858387,0.1705031969473186,0.27889864781308904,0.10789926917577426,0.5425344761677224,0.16428947641216876,0.1834743012024076,0.22957793481266686,0.23703052443687855,0.2297112640221913,0.254346769321052,0.026158452735592752,0.13591933312173715,0.19314433108346168,0.14408389110337413,0.0271785986724638,0.5091825425333563,-0.23796192364465027,0.009895313886763107,0.06911097149802656,0.08720661620666852,0.022312398671115424,0.0636653386381376,-0.014797472578615915,0.001403333693517158,-0.08855958548623133,0.0825026842791668
0.09461388240396922,0.2556534399006642,0.16759804927115007,0.17407569016750957,0.20891462341397662,0.23492058402985894,0.16443454107648817,0.18836214742680985,0.14759091752611334,0.1324742393427219,0.1696231462291653,0.15757360651238297,0.12211299243607839,0.17898592892276796,0.22623574818174397,0.203294537318524,0.08940830410378896,0.2541623525393034,0.1172792439575261,0.1116435570805432,0.8088904590195866,0.17186093832734842,0.1403651293142451,0.10801094553831053,0.21746259506741014,0.35107159116076286,0.0967623094373911,0.258087494671172,0.17902285937696955,0.14113630050263112,0.20610507559653882,0.12869171600452448,0.12143113587515898,0.30286756308298146,0.372833455683958,0.18611693132700474,0.16837877307061067,0.2540975828049351,-0.03748540197742358,0.23940857435592927,0.22247436340852952,0.5395610410311579,0.08681455449509455,0.033013259272109505,0.11560320015101681,0.16737357496671776,0.1929940599671128,-0.00048403076301315584,0.0579327539556103,-0.08175585207247506,-0.05465172033023698,-0.06258451639138768,0.09319894629185412,-0.013181207340109365,0.02814832680047135,-0.04514032990741223,0.05648953907613006,-0.054936919361977594,0.02247993560210448
0.09715797825247746,0.14366574312357783,0.21123700946193755,0.16778987684443414,0.1711096295544334,0.20869329596459454,0.2083021087881284,0.10977255116664762,0.31478399201520224,0.15066911571882186,0.14150793301331388,0.12474544691360422,0.14063325242958513,0.1454150971766957,0.06655176240656786,0.33610909551997664,0.15586235012040495,0.18700315762086236,0.10097022169186799,0.036767868648848484,0.17186093832734842,0.5585536680923073,0.2524060056705878,0.1288131029189061,0.137241872082137,0.16482841599495107,0.11992511765186839,0.1394062156375187,0.13068776079749464,0.0692978753341476,0.09850137864709846,0.1384072719874717,0.117294265662673,0.18285322441342486,0.18637901729956174,0.05235672380820715,0.13737380794829146,0.06815667535741327,0.12376495398630112,0.10652722690252904,0.05040489375841194,0.15566387636099663,0.10617941703632255,0.0535402908922315,-0.04111032238948562,0.07711839155565273,0.1391919977923189,0.004757939172549481,0.2797236228350608,-0.12112054466688575,-0.057385969853719104,-0.0019729766647266123,0.07696721068742364,-0.032512671860294266,0.0610790292716,0.01923778239983611,0.031193875660040168,-0.11414194599222838,0.014992813836325268
0.11076840048152571,-0.0875837779770463,0.09839660236759035,0.26018723265647914,0.278103722129368,0.17415794288554876,0.2051931782755166,0.16044489056000455,0.2463022044066175,0.25304591201722826,0.21111113152759717,0.15771279618691258,0.12912276683713672,0.22897140211375758,0.4319672818967493,0.18622795621603577,0.103551243782643,0.4688882167014688,-0.1503982827855021,0.13477033052767412,0.1403651293142451,0.2524060056705878,1.6152238881198862,0.29278247417549125,0.2190666926700592,-0.0018818121597914057,0.1037298887797243,0.22079811532984814,0.3602227040798347,0.2956484806518034,-0.0888574678806008,0.05903031858301909,0.3612602451036441,0.2615193897477164,0.2955642452052299,-0.07371587180879174,0.42225551160859565,-0.1313864309343778,0.3747474554261679,0.015234021587352828,0.004396427140487224,0.14723071898253648,0.14517177409246337,0.06667992078947993,-0.20441930755751994,0.15536511291518582,0.3537776328935401,0.03535081649839475,0.46624589266882005,0.12002822143609915,-0.08387300707418537,0.02050969902969839,0.12200309420557502,0.008758581498957555,0.13812857759168842,0.06949053951193823,-0.07047525632605589,-0.14098672981679583,0.04976486781852077
0.03503944549584975,0.0878044669191004,0.14497216228343557,0.15024858262617416,0.1636022116805325,0.15757026333977264,0.12427502818525199,0.09984494383817245,0.13989135658473478,0.1624692101022496,0.14961822128943003,0.14373033255104048,0.0983826047001105,0.13785314037458876,0.18835082837694034,0.14550176505146917,0.1661066850718267,0.13901831432967185,0.07031070308544833,0.1871203269499508,0.10801094553831053,0.1288131029189061,0.29278247417549125,0.5555716979381456,0.16619708865341998,0.08265160392249138,0.19942761957875796,0.2261347325060973,0.21929174682638283,0.28581682338216385,0.22966138522647533,0.4366898578866885,0.30831433047941587,0.1665006254787097,0.13250076542094807,0.27538203265604094,0.12967942519112508,0.21185314090826543,0.20536372494929997,0.05223859006248063,0.15417299722886332,0.1467741712830136,0.10343682046677458,0.09200000081399666,-0.1384414332445947,0.018563848545047203,0.22039616913319088,-0.009502405315495129,0.22347000896110653,0.0022659826663931214,-0.04443002875946804,0.05911778182881178,0.09663660035071125,-0.02454290830597637,0.05411083865530612,0.041227842679347565,0.005992009770605404,-0.3807488449818566,0.32124301174428943
0.16017169628576475,0.3260786788497583,0.2627649681617822,0.147120458463852,0.1404691856446469,0.1985449526981576,0.1741406574820303,0.11247264940514945,0.11086616078329027,0.20355456047889897,0.15854853961716694,0.21119006054337594,0.09555906458975268,0.1672123069760862,0.23273596613840164,0.08163433987288486,0.4812782767252419,0.21458295618701823,0.06531734051868225,0.5064000945277232,0.21746259506741014,0.137241872082137,0.2190666926700592,0.16619708865341998,2.8516701913820124,0.11304621902034356,0.14401837107693624,0.16330143571798017,0.6812260240915821,0.2040887333341905,0.5187537137299237,0.20496901177793217,0.12253200546966002,0.3084799272067322,0.3331805884491385,0.4673747207055343,0.016116246388970523,0.12168590983012821,0.2375003611054876,0.5749298311124559,0.17937532180175159,0.23403796999656182,0.05146021300562554,-0.06840113539674499,-0.03291375388741387,0.27214176011520097,0.15890075143279386,-0.034817328090872,0.32705671909694434,-0.5847444392781974,0.2097733185541489,0.004671074128378857,0.22636289044098454,0.03780948219361249,0.04608676357756488,-0.06790386752187388,0.011443505744696235,-0.05334237958576532,0.10939967455979115
0.18626620035992894,0.250843571267711,0.1539722815658991,0.2212227371932104,0.24604528758517502,0.3278884767898899,0.1972503855587733,0.2698646501874601,0.21695997968735484,0.12986209683242653,0.2351548265497489,0.19687989760297286,0.14283782215259452,0.2164271545406509,0.18210776352527913,0.13254143641849517,0.1827813440706089,0.26485446149208397,-0.059804580707508624,0.37300717807793254,0.35107159116076286,0.16482841599495107,-0.0018818121597914057,0.08265160392249138,0.11304621902034356,1.6461712367976888,0.1910018454806875,0.297644740438381,-0.0068198504682154045,-0.150759602788292,0.17023629746091248,0.05251721498762027,0.25467809239817557,0.11918512030555578,0.14248475438376795,0.18453959058657082,-0.1888227550219065,0.20653652160839658,-0.629570697677469,0.03556637093753523,0.2809625096524369,0.3435817320249347,0.34695491765554154,0.02470198790977157,-0.26506038762418643,0.11981447644763998,0.009095865256576116,0.008786660246498594,0.13877678580397512,0.2427720705958055,-0.1234523170116462,-0.35063215476566856,-0.171187555423615,-0.009637393725138924,0.04911553013006986,-0.08979918136177323,0.09337324449544013,-0.0933970398799632,0.05422078194861422
0.07431336695738505,0.22955545630932178,0.12676466126604038,0.1294736529626869,0.1486426098141493,0.14429499858814318,0.147586426827293,0.12294834426817496,0.11772509350594716,0.1421780769409474,0.1657249421425627,0.2066935509864311,0.11090217184530876,0.10884261748196308,0.15201230238023958,0.1572574191578645,0.20801976433680913,0.04181010560501656,0.028333525002429184,0.3307726379632846,0.0967623094373911,0.11992511765186839,0.1037298887797243,0.19942761957875796,0.14401837107693624,0.1910018454806875,0.6267901524335446,0.17044575333600062,0.12545586883944151,0.0723722854837746,0.18620084157739464,0.3755497164121365,0.17455820813048775,0.19962057737098501,0.11590802618677895,0.21240648827239078,0.1326024158602205,0.19422557173913885,0.111141497386597,0.017070503069825407,0.2005730195713852,0.14511241891499124,0.22048345049118886,0.07644338349217655,-0.07776051971311261,0.12291466708864329,0.06459296395695187,0.0036083899515176607,0.2355248329421316,-0.10617073420331291,-0.02000853509524779,0.08742740294158877,0.09401377030549844,0.018627473222010398,0.03512168610816704,0.0305964485549972,0.0009432563200904718,-0.10738985867577334,0.05776732028800159
0.08034286352371736,0.21509939734548733,0.17265169838974004,0.11210200350849424,0.08502141847116187,0.18980250651729433,0.0997109972685505,-0.13492988791163568,0.22356355144305565,0.159618687314316,0.10953722771654431,-0.023315051368287286,0.016222060908618646,0.14716792202005868,0.3090251819137299,0.1227918262141847,0.11836935943773348,0.25417065277837353,0.06171847575433005,0.2990493620759724,0.258087494671172,0.1394062156375187,0.22079811532984814,0.2261347325060973,0.16330143571798017,0.297644740438381,0.17044575333600062,3.1727824419361887,-0.34809716852577777,0.0038019933538852037,0.2727039646434633,0.1848032079465036,0.6486186777883711,-0.03170613480615925,-0.206515746821485,0.09844281956208169,0.5274574059810135,0.24575699518512056,-0.11647239987884343,-0.3899174406956854,0.5816980449045749,0.26562421021716354,0.21463412444143165,0.04559788091300042,-0.2294717033004614,-0.19745629741135715,0.09718138993395786,0.03536669190824574,0.3918533089238046,-0.1326427494946998,-0.05070973574569759,0.2682810102910013,-0.10002901713715295,-8.189283240768516e-5,0.014786513081198936,0.1863782969430311,-0.03946608101656747,-0.10817064352150445,0.07604363705389469
0.0627362030824027,0.28839549624895067,0.21601504232499377,0.2000915040725728,0.19514581736875952,0.3083025916140601,0.1808262227818068,0.18147017235084784,0.12167443435067982,0.21404233929357777,0.2098806933810469,0.22641543589386517,0.1485596509826784,0.1993564376356763,0.2532333101416704,0.14428781925444067,0.2932914161682873,0.2314907853047658,0.08073967442874273,0.3544701454179604,0.17902285937696955,0.13068776079749464,0.3602227040798347,0.21929174682638283,0.6812260240915821,-0.0068198504682154045,0.12545586883944151,-0.34809716852577777,2.040948989401818,0.159306061278981,0.07721794923975211,0.43121677355672816,0.08641447228856887,0.4806025561145329,0.3096760716551847,0.35842447226546975,-0.12853353470402484,-0.0014550617478688663,0.3123572501876519,0.0067993780234701946,0.0893219275838564,0.16695650395225442,-0.1777929094264863,-0.16034137062501755,-0.2916464884892905,0.4532035059739437,0.1522676123409953,-0.035403000326472846,0.36379097947905326,0.4069440856386651,-0.4225500286147891,-0.19111120986190522,-0.02091937146241791,0.11338997412997567,0.024886472961155304,-0.03640196995816009,-0.08587099103487941,-0.07024926791885541,0.17909515346779376
0.21272124391646902,0.10638865644750288,0.23442082153942037,-0.02109667474101895,-0.12622523711485378,0.005615692137170328,0.004768898538153854,0.11976326220286913,0.04024039554547114,0.15154939177606794,0.05494651345597897,0.04504881409878173,0.06001341999134305,0.13707622078159343,0.20492279935660013,0.10859231811705447,0.015255435935499188,0.11532515675043087,0.12483614844983622,0.22773360980081322,0.14113630050263112,0.0692978753341476,0.2956484806518034,0.28581682338216385,0.2040887333341905,-0.150759602788292,0.0723722854837746,0.0038019933538852037,0.159306061278981,2.4578672050695243,0.10818788598797735,-0.25579473408441455,0.3835472118834586,-0.45966410406001573,0.7300828690274804,0.3048515661735342,0.31007999779927364,0.11322281905904613,0.4709557789830019,0.3165034331072756,0.4423988173193057,0.1661383721228453,0.8359179270738769,0.2210206053709493,0.10841739435592922,-0.40651517158934064,1.1538753529277428,0.0009050776395996108,0.35285897461146487,-0.1785816820461179,-0.1145792284263931,-0.13364757388066797,0.18482850278480764,0.05830487734259969,0.18783286753389442,-0.05856663806481542,-0.0748455618104758,0.11642737862105837,-0.08048017410697988
0.0843633988445948,0.24789270217991233,0.14699173014180783,0.12985274257728002,0.16642592478144444,0.13901982420834355,0.11910783150855685,0.10216787064774549,0.12356770191851567,0.16981237028014923,0.12962041852287068,0.14549632886563735,0.0787679179122918,0.11826180249476029,0.15771485698828183,0.1145561603892103,0.17420367309445992,0.1787289901256871,0.14011355908209966,0.20880957769425917,0.20610507559653882,0.09850137864709846,-0.0888574678806008,0.22966138522647533,0.5187537137299237,0.17023629746091248,0.18620084157739464,0.2727039646434633,0.07721794923975211,0.10818788598797735,0.9804846262658761,0.35870509302748277,0.19570175797018236,0.1473023843727204,0.039736536294244264,0.7315442367041395,0.06817935195023689,0.4434459946256254,0.15955483862445924,0.24616865905109397,0.3619760769946881,0.22316741702581494,-0.05531689376350698,0.10825067820577337,-0.05432911342494363,0.20731166755917704,0.18781618490061772,-0.029509493408991765,-0.08412562961501908,-0.06741829480650352,0.12893054692986358,0.058770255605331535,0.0032918149822175444,-0.005807823221008464,0.047387432043240085,0.02952468034611031,0.06557133386306994,-0.19240262505987904,0.08817261898141414
-0.13184011103306237,0.11385567683490638,-0.047083599086041115,0.21230676064765006,0.33886865774403435,0.20695356616547927,0.1646283217643555,0.003937759324633558,0.14299896555400718,0.1607765188301799,0.13860733179182347,0.2213913595173349,0.08399998143439324,0.10655280699346463,0.17999581161172912,0.1828850947561034,0.11882552742921527,0.07337993601122901,0.09760003333631491,0.10798728077417459,0.12869171600452448,0.1384072719874717,0.05903031858301909,0.4366898578866885,0.20496901177793217,0.05251721498762027,0.3755497164121365,0.1848032079465036,0.43121677355672816,-0.25579473408441455,0.35870509302748277,2.0982124072447306,-0.17581057320205298,0.8407492594194276,-0.10971035279120675,0.47554514129305536,-0.40393179482673225,0.5884531710891049,0.27335538996141384,-0.07979180058852353,0.44703721926990736,0.17077646427616114,-0.12247031075675532,0.08279192924417164,-0.44439242159771547,0.14820556486174685,-0.08326858176381104,-0.015956950079647085,0.47220830259096735,-0.04969797597987732,0.2019279345779933,0.12949279402383135,0.187593370847855,-0.023550552872816478,-0.08644841488432219,0.23304674833423475,-0.08557045324152036,-0.348656398571301,0.26757185368139297
0.13731424167935397,0.1648111406834306,0.21398465474200384,0.10507344950069607,0.07054517757831215,0.08311769256787122,0.10390589657531249,0.10511479488551372,0.18012028435423147,0.162714648228023,0.13943143344196854,0.094439287386697,0.07327731861169419,0.13824246339713112,0.21776048649198881,0.06237474582670807,0.15973257444572944,0.20408314098946218,0.09056297561483313,0.2813879878858387,0.12143113587515898,0.117294265662673,0.3612602451036441,0.30831433047941587,0.12253200546966002,0.25467809239817557,0.17455820813048775,0.6486186777883711,0.08641447228856887,0.3835472118834586,0.19570175797018236,-0.17581057320205298,1.513566197486955,-0.1962743087047217,-0.23598450639469376,0.1368009570675779,0.5567855625700656,0.18764012210165645,0.025894882529370826,-0.07533448388672097,-0.24166372439432846,0.19281322676220003,0.3313779329445725,0.12626641041980918,-0.1688514471726054,-0.17445111604840968,0.39842640008076136,-0.027297723938449172,0.38401378489566906,0.1653200885633561,-0.23219901424116457,-0.0132633890330234,-0.03416834888231176,-0.06056249707310812,0.09467598240656412,0.06420062245938044,-0.1044276714369588,-0.13157177528223182,0.14560667252792056
