1.2583157940218057,0.1312607775371215,0.06264446567107443,0.08851129227273134,0.19030246214823457,0.1528403919609682,0.17644484380767997,0.18232540844671655,0.06687824660824693,0.12823310283486475,0.11784295004397917,0.13739393461234387,0.10527584661174196,0.1955186693805961,0.12445081874972165,0.10859085319816654,0.1171323518364816,0.1273877996978139,0.03176012386182829,0.12156581929877036,0.09516947864672469,0.08917764980961355,0.10988987508686013,0.03236679372463274,0.1634186546945933,0.17411469647743805,0.07953244130297109,0.0853046740122868,0.0695864281750725,0.21127453365232463,0.09026236839878078,-0.1134594726739246,0.13811653733285081,-0.33085095690332234,0.06359429998142839,0.14847338263416562,-0.002065741764643484,0.0008673267681295583,0.10698160202981573,0.1646526762150531,0.09335921465120511,0.06629527977221099,0.02909272714499609,0.060395720192670366,-0.006294529758811805,0.010531574275817452,0.17129051481825466,-0.00033362230678372977,0.04091373537098964,-0.030495403382982476,0.034814589239549665,-0.027333255308056706,-0.044436277080597886,0.0453592748741373,-0.04292046547274426,-0.08470268389005711,0.02855397073094749,0.15464364646980125,-0.08410431013143461
0.1312607775371215,1.8624788716094502,0.7627305485837587,0.12240144253939383,0.07764690532986583,0.12125949135951036,0.1867873345231378,0.16243000361468182,0.21781005085499067,0.12163263776446138,0.15568081516356236,0.2270928507558731,0.11592994691731771,0.1564547911877229,0.3462976766131612,0.12424152157069138,0.1557598033951943,0.28402523419217074,0.032705599769286456,0.35863129629969226,0.24915404423413842,0.1404810630367399,-0.10858577825938438,0.09191535227201754,0.32973598375696384,0.2512779617099924,0.22164093073439795,0.19688785496120964,0.28004032933828965,0.09788992768896448,0.24980412385236847,0.11558548948317522,0.179603016426829,0.16310815867072373,0.21390404733184615,0.2366032233214468,0.25028297723633147,0.14636274430212945,0.06819999596255477,0.03903011109051338,0.20218647234704204,0.22249141512007078,0.023379117215665674,-0.004950793069885038,0.011336584967176405,0.11397825398076192,0.14837251244800112,-0.0067447709160704415,0.13983399622800308,-0.3929600701136348,0.3978909320785885,0.10757634517290664,0.025685146448184634,-0.15400263758137858,-0.06223654971242186,-0.08334614584554757,-0.20245115313389528,0.07393584363405581,0.15476537405317886
0.06264446567107443,0.7627305485837587,2.4974597647700474,-0.025744167472142764,-0.35282972939215473,0.09863719546911295,0.12407076979183951,0.07658831896188532,0.4039910874094511,0.09951847596530297,0.08346934768333134,0.1555778530280278,0.0637679847819127,0.07126229509468789,0.20746063462208536,0.043084640349954954,0.2675099743777325,0.1555843987047887,0.12221595510085037,0.27920236794146114,0.15472904036034765,0.21632569901769214,0.07887455987524188,0.15315840543315787,0.2608060241805742,0.1696297091894854,0.11784495239742121,0.14825680137989872,0.22149849014232426,0.2196617926496158,0.15130074629852103,-0.05492770903510104,0.23062372805755332,0.03957562737670184,0.31745945150047994,0.11101994317260536,0.21647018554971137,0.10887071322433166,0.11001601989131227,-0.0224014579555535,0.060431149889666594,0.14295629342446584,0.13014030206030658,-0.0017747738818868263,0.08781531856871401,0.10657801714745427,0.13745026745884076,-0.005414245240865636,0.16259862566467756,-0.07979072635687245,0.16210522870370758,0.06078421495390987,-0.00036444088115449616,-0.2063671344786478,0.06515829442615649,-0.09186539975527722,0.15833143281891593,-0.2684145762829938,0.10711588343301827
0.08851129227273134,0.12240144253939383,-0.025744167472142764,0.6783261116876982,0.5001399431827903,0.3219223771902767,0.24749175019562142,0.21255377487588462,0.1583362134007616,0.19778450894678815,0.17521204412895108,0.2036136920907233,0.14454252761473052,0.2067031505529598,0.20071774478280657,0.1774948011711744,0.12933593953955516,0.24753557680952426,-0.027964116017366338,0.11365573961714177,0.17540378755800357,0.166392547626565,0.2598294854517017,0.14810108835050834,0.14908209662740127,0.2363747486844587,0.12993603810232382,0.11546859805192235,0.2043655665636009,-0.02135585884649605,0.13067371849498277,0.20591097521158608,0.12018616482879582,0.27494671077650573,0.023088220975446397,0.12433211000717206,0.11957022152192422,0.12599137875481808,0.10203222694343793,0.13588377400629553,0.040307541508996986,0.16475371900144364,0.08204098054328825,0.06052668713416031,-0.04055097416047152,0.10899898582483326,0.15087354600494374,-0.0002613367438941078,0.19535953438811196,0.02572872362886553,-0.025311380805601056,0.061673448856781526,-0.019731622837719336,-0.023127560080617355,0.13792879235311714,-0.04335852674798786,-0.1196439126318884,0.05598524084712828,-0.006668380099753462
0.19030246214823457,0.07764690532986583,-0.35282972939215473,0.5001399431827903,1.1136080043130365,0.3744499778805014,0.24331771978158362,0.323604297289506,0.12832696976809868,0.21731915456319545,0.23000301188763506,0.23796791323559074,0.18720829409163556,0.2569784517866046,0.21856659008959994,0.22145330923124076,0.14231712097222793,0.2686146861886328,0.0006967192139283029,0.09170159579267174,0.21444885558387633,0.17046313785536385,0.27868427786058564,0.16764086384277607,0.1322984359305577,0.27235848078255165,0.14846856622660834,0.09917761744159599,0.18972423221725934,-0.13183297103339559,0.16759043705245513,0.3313036178448588,0.08748520962305056,0.404041817322146,-0.0070518069338863145,0.164416306977623,0.12986676227183072,0.19353025500153412,0.11950892226726179,0.18839874130069484,0.05695961094691374,0.2025367594989556,0.03219459299470803,0.07713352894238737,-0.04555561136348908,0.14622206156074624,0.12518585711238855,0.001953738367933598,0.20590914453321954,0.05620550766205156,0.08161591439543965,-0.046192706558165444,0.028181290417677182,0.044795449726540953,-0.0356331729261017,-0.05638654851909322,0.014168414500536918,-0.05116695721245496,0.10613174835868275
0.1528403919609682,0.12125949135951036,0.09863719546911295,0.3219223771902767,0.3744499778805014,0.6563633019510987,0.2292658582533028,0.20436430603493116,0.208630902575929,0.20195439678432284,0.19130099503868186,0.1914051394747142,0.1588465342312995,0.25818355630294143,0.19680007162016394,0.18582580627174977,0.1421876796127356,0.23679110912449947,0.05751268402323892,0.16013259325030282,0.23799600318235486,0.2046709521127199,0.1822151701444513,0.16212945946217283,0.20236798454926885,0.3290309008510111,0.15079889776283684,0.20784560030901744,0.3089208713504154,0.004473008755251205,0.14304133704267188,0.21634005589175598,0.08221159986371263,0.2760713501382619,0.09426383455635944,0.1594928842195675,0.14161616828571857,0.14961346630955935,0.07758459950628697,0.16444034546888295,-0.009964625831304325,0.21079876568560624,0.10282694218196524,0.07796918072174869,0.04521432431985368,0.14631980002541303,0.16847266552833584,-0.0029075596826974286,0.08545619141400385,0.016759845243692374,-0.24295987060543647,0.051199382031897625,-0.06381294534697085,0.07358803896151671,0.03667479899512435,-0.04844120170545756,0.05703276625145926,-0.03918418790447131,-0.0015701680786475109
0.17644484380767997,0.1867873345231378,0.12407076979183951,0.24749175019562142,0.24331771978158362,0.2292658582533028,0.4084194090330756,0.11011359736786555,0.23814992026328755,0.1487269362401896,0.15604299230814137,0.23969700150230222,0.12572526358229213,0.15450354454179882,0.14460448528729872,0.17914569608054876,0.1527885322723733,0.18839938604040898,0.02306269190009005,0.1360815353866518,0.17109017613328042,0.2047794314859904,0.2138684650438376,0.12380112674291072,0.17931218400178883,0.2146735568895632,0.1450472318384282,0.10720649080040329,0.19151549144954788,0.007379628287911608,0.1231714282934601,0.1582774289048096,0.11395107483396522,0.1916709357942327,0.08650134620706858,0.1205826311463968,0.10237137519181634,0.10594377791746662,0.10113847757320651,0.13673501377090078,0.04067216087557954,0.15739199074844037,0.06515427388539237,0.04436860673166539,-0.013003345178696184,0.15173747545825955,0.07670211819208246,0.000486104570178453,0.2477895234633501,-0.06918593741605776,-0.026724454343003277,0.0461072026076911,-0.014513336179864379,0.014561737432563133,0.1842881439767378,0.0390447079431401,-0.042526610791706825,0.006782334047385519,-0.19456405513314737
0.18232540844671655,0.16243000361468182,0.07658831896188532,0.21255377487588462,0.323604297289506,0.20436430603493116,0.11011359736786555,0.7507662229743879,0.04076575500987518,0.1447138158696792,0.2739035055481277,0.1752935870791668,0.22808084602122283,0.24442342659634467,0.11168777708120568,0.15634792199956588,0.2533767220270182,0.21699242014664888,0.09987824908133229,0.19551592503724588,0.1853563416232312,0.11005692172941611,0.16157923529055018,0.1064101402684646,0.1202543448006446,0.26646871653701026,0.13137664078475392,-0.13476969322452217,0.18275746177651253,0.12174148069901117,0.11733403642951164,0.017109608286609755,0.11737435225210856,0.15732912088678738,0.2426907329999746,0.10593672503703258,0.16502762583604166,0.04513215898975047,0.25336365538711997,0.14932329340628586,0.029484794154131758,0.16197390660328798,0.11857112352521396,0.04896820533601778,0.06333138721714644,0.08313398492051967,0.20696498837408342,0.0015812633105532676,0.09445515144734111,0.12539901207759635,0.042769321231871577,-0.052703809057320285,0.07130685230975267,-0.13564183111615502,-0.1157954784836124,-0.15993273096114044,0.06961946434930155,0.09719404829308542,0.08855523804539824
0.06687824660824693,0.21781005085499067,0.4039910874094511,0.1583362134007616,0.12832696976809868,0.208630902575929,0.23814992026328755,0.04076575500987518,0.6374645368374986,0.14855035223298124,0.1372993154910925,0.11348003735478636,0.09022424368037026,0.11412778247373245,0.06258454595876538,0.07008344922871056,0.14290180338530184,0.21734895895531767,-0.0004108917778692206,0.07297086973120788,0.14826148201979225,0.3166253592892605,0.2603914724929887,0.14282710067195145,0.11973660784981045,0.2264764196788936,0.11397023571237683,0.2241970344985625,0.14535563146112213,0.031745943715041094,0.12713525608643358,0.1447847994693148,0.1885514744868463,0.14585778718554573,0.07858096607877532,0.08554168728619861,0.11131721504684884,0.079604371236962,0.10119951110863196,0.09052214977017681,0.04730236348135952,0.13009108765428173,0.04173439506682522,0.032650001386646026,-0.09249183940184462,0.060592159716674476,0.10147908117887776,-0.00013446136671227106,0.4527705503622047,-0.0007065087693574564,0.01099366518530549,0.01959967424434623,0.02118441235517022,-0.04125503356299602,0.23105379365704973,0.16254902612234645,-0.00044082484431616866,-0.16636328359533495,-0.14379558332815007
0.12823310283486475,0.12163263776446138,0.09951847596530297,0.19778450894678815,0.21731915456319545,0.20195439678432284,0.1487269362401896,0.1447138158696792,0.14855035223298124,0.5944374726687757,0.1696282931425601,0.16738992250669277,0.11946529430315522,0.1712684904263539,0.2104328572282703,0.14762500853620864,0.1817330406101182,0.2501289859953262,0.12805005470368847,0.11575824314125735,0.1337369058294254,0.15146788236695521,0.24933556052790296,0.16590600521904655,0.20255668617537959,0.13585563927597819,0.150647233279586,0.16846909638754035,0.20293223460994048,0.13280770035166334,0.16764859381275093,0.16299901972103353,0.15578431199390005,0.23315787336744653,0.13861284711913702,0.1652248898293499,0.22365238907548007,0.14124523609938888,0.16311281228381222,0.22097907239390815,0.1588739342433431,0.1575072363183995,0.037335622766397146,0.05891111813350923,-0.07582209709903454,0.1734431834198111,0.25437670756868636,0.006500433474850334,0.2261183847797977,0.010615207478501658,0.022907692390543497,-0.09256142757274596,-0.044143124033316036,0.1136128041400649,0.05385380601192895,-0.0027037022087921594,0.11030116111898013,-0.1893316325190452,0.056147361100537384
0.11784295004397917,0.15568081516356236,0.08346934768333134,0.17521204412895108,0.23000301188763506,0.19130099503868186,0.15604299230814137,0.2739035055481277,0.1372993154910925,0.1696282931425601,0.48975715228366373,0.2342933284523569,0.1793385485503959,0.17164128435638176,0.20247493366714336,0.14860622000912257,0.29985654862033295,0.17148572541182433,0.0473278646346346,0.24268566480174403,0.1684452475837228,0.14015560131859636,0.2060432325293899,0.1536236916300725,0.154027029343194,0.2433085448622679,0.16657439312723496,0.10978179063661457,0.20746361254110765,0.04342253198697479,0.1298770434712453,0.13997704236643413,0.1459508396869275,0.1842209895652759,0.1743818303195317,0.09779662153015393,0.18383277533993392,0.1075822655511626,0.18188985049811077,0.10921586343471348,0.07252628711962229,0.16525797265008915,0.0711771998520578,0.03535194380906736,0.0070007273101581734,0.12899347470990866,0.12245522292113131,0.005913827977994587,0.2057485183321119,0.10244976038520075,-0.0009960243892433176,-0.05639752969028724,0.02688246882850327,0.018925424389227934,-0.007037202908643268,-0.03793072177746985,0.0350655219903158,-0.03524130683554056,0.02867804944240522
0.13739393461234387,0.2270928507558731,0.1555778530280278,0.2036136920907233,0.23796791323559074,0.1914051394747142,0.23969700150230222,0.1752935870791668,0.11348003735478636,0.16738992250669277,0.2342933284523569,0.5085940292600346,0.13774565246151568,0.1675522627433592,0.28640442828235263,0.1548323791051904,0.23925553239957065,0.09080019729674405,0.05524185952608514,0.23727915295166851,0.15814614594231852,0.12265221768331983,0.1482801131363244,0.14481177085447997,0.21911991501574235,0.20487981682911682,0.21125382029917883,-0.014724627075853987,0.21269977519386093,0.04161109615563159,0.1484171266188281,0.21646186821033508,0.09416649839277844,0.21271657092021864,0.17401154256297954,0.1945155580767601,0.05557913938055261,0.12733364087516907,0.14245861713055727,0.15884299524174714,0.06171689096953178,0.1598384882950198,0.047510324991591454,0.04081312928033437,-0.03236058075776559,0.14262152539257358,0.11738837253817189,-0.0007535865835637502,0.15560700707383582,-0.2073681803814766,0.024706007830798665,0.1535884738670413,-0.012622176882411285,0.02703584487625593,0.02775428029339735,0.0008591606444888489,-0.026786529952618585,-0.07340373867094413,-0.028867849077519183
0.10527584661174196,0.11592994691731771,0.0637679847819127,0.14454252761473052,0.18720829409163556,0.1588465342312995,0.12572526358229213,0.22808084602122283,0.09022424368037026,0.11946529430315522,0.1793385485503959,0.13774565246151568,0.2982834783332263,0.14778913885472253,0.0615922659730174,0.15208214816789578,0.16330939761985797,0.12392807672290833,0.08510124797467455,0.079532886240422,0.12072465109292399,0.14114179911278776,0.124939792578877,0.10002214765090471,0.0938376280770279,0.14511710853993248,0.11004961188859086,0.019443071207409422,0.14540749818275636,0.05878125567020911,0.07869726813936673,0.08138599827026834,0.07663302830294777,0.12636665465576752,0.14096818462170194,0.07620891019489415,0.10039118512652372,0.045381066816962815,0.14258168252767597,0.1045543031672664,0.036150292904606404,0.11281421949299139,0.06418184131965352,0.04753048669644745,-0.006226576437426545,0.10470129575809177,0.10432679700302197,0.0016845688569859616,0.10821950560478008,0.07215277513981508,-0.009893054719844235,-0.07484929327734463,0.03200400808468538,-0.018231774287830526,-0.01036483769415523,-0.07125427620546966,0.045794195224380545,-0.056009637463333144,0.06529173347851588
0.1955186693805961,0.1564547911877229,0.07126229509468789,0.2067031505529598,0.2569784517866046,0.25818355630294143,0.15450354454179882,0.24442342659634467,0.11412778247373245,0.1712684904263539,0.17164128435638176,0.1675522627433592,0.14778913885472253,0.4202312420350787,0.26151352138352046,0.17468797640294156,0.10935201428959294,0.19062188502233185,0.057213658142071994,0.13906394127154462,0.17387376450241038,0.13879699501289766,0.22913620165448642,0.14352181675127043,0.16235492967689566,0.20806099610782272,0.11477411776831999,0.15671864906962277,0.19117697770648456,0.12859478852878364,0.11914308841435403,0.11845374060423178,0.1364881191765141,0.16369899879003835,0.17235145175102823,0.14338745308359097,0.16676313212559007,0.07873238721843138,0.10451439890681903,0.06785998601718649,0.10975525553306453,0.16119128954268525,0.06506745721731341,0.0519924316843436,-0.08306108280951614,0.04223227487582453,0.21340454846748808,0.0031735030134819255,0.17964157459622868,-0.005013499803280565,-0.008645783434695534,0.006385476617326005,-0.012563705057222145,0.024048470838890217,-0.1622338600520381,-0.05450081159795954,0.026777110662978287,-0.024023395845939703,0.22001084689761483
0.12445081874972165,0.3462976766131612,0.20746063462208536,0.20071774478280657,0.21856659008959994,0.19680007162016394,0.14460448528729872,0.11168777708120568,0.06258454595876538,0.2104328572282703,0.20247493366714336,0.28640442828235263,0.0615922659730174,0.26151352138352046,0.8459079523578011,0.1317682224397952,0.028350479632461997,0.3067683567935329,0.00797018364148497,0.25397028390177695,0.22622153150716104,0.07201392793746036,0.4362736619907632,0.1922259354985698,0.23663490626091951,0.17623712532003336,0.15651955578708807,0.3146184531530782,0.2426938643783896,0.1874345865680111,0.15094861472501553,0.17877382878274303,0.20942296244412176,0.2519534066878886,0.20927296229659903,0.17619848246973446,0.22114594596487583,0.07925558596969534,0.1313870325659844,0.05548808134794396,0.15688486227701667,0.21253534811900957,0.07412079567810337,0.020758871456585896,-0.10692127985104125,0.13093949653948353,0.2429924179377008,0.009515894125362636,0.19497383475520652,-0.24269445200553239,0.03102836124597081,0.1899276751740938,0.029806064525646134,0.021285872946596486,0.07648201101490729,0.08626707595372772,-0.12067567301629481,-0.05563889110122803,0.03183187687536389
0.10859085319816654,0.12424152157069138,0.043084640349954954,0.1774948011711744,0.22145330923124076,0.18582580627174977,0.17914569608054876,0.15634792199956588,0.07008344922871056,0.14762500853620864,0.14860622000912257,0.1548323791051904,0.15208214816789578,0.17468797640294156,0.1317682224397952,0.6815761515968161,0.12815898544201287,0.17338822683942515,0.15305851636019227,0.05132674194587835,0.19830239495237828,0.3304733172901201,0.18994142799734764,0.1481000243348264,0.06565766330050449,0.1335678480838066,0.1589943135880535,0.1313620338086741,0.13626599343309115,0.11365874623333744,0.11170287739025282,0.18158905746662662,0.0707380949365795,0.2233053702291154,0.2606488362654755,0.1041040473241316,0.14540129063019192,0.10172883472599002,0.1437823240554289,0.19542395645760438,0.11042261208228538,0.19856158500887006,0.154049889938237,0.07294389871603794,-0.0038043219874658754,0.05877063567462891,0.20558765334687834,0.00416126002238283,0.11949638701275724,-0.1873850046683907,-0.10083453910349616,0.10052653739862917,0.07073964653253124,0.0025346503783120317,-0.10480187091156155,-0.03802568046428524,0.03066113244321352,-0.09812866722729154,0.19983861220239146
0.1171323518364816,0.1557598033951943,0.2675099743777325,0.12933593953955516,0.14231712097222793,0.1421876796127356,0.1527885322723733,0.2533767220270182,0.14290180338530184,0.1817330406101182,0.29985654862033295,0.23925553239957065,0.16330939761985797,0.10935201428959294,0.028350479632461997,0.12815898544201287,1.0415195097056063,-0.01268230730415977,0.07256198263118896,0.4433712945831159,0.08769442177427578,0.1508710257697314,0.08995324106235401,0.17291448929857864,0.4906726917309064,0.1873062228969318,0.20784969055186164,0.11662026313352464,0.2901826923798963,0.01597731597349207,0.17748336196310724,0.1250426056027897,0.16644809515977538,0.15704086623499355,0.1845497015277297,0.0978926513826753,0.3497727602875667,0.18607570263602152,0.1767286473085219,0.0413168949664295,0.09218584430610616,0.1325105885708418,0.1394487867926292,0.027776317688078492,0.13347135855122155,0.1567230701517326,0.041318464610177325,0.0017384686845466784,0.152231792311051,0.44220408129777106,0.14120364511830477,-0.25349654985595166,-0.15167263475899542,-0.008574576597231627,-0.09695263088373691,-0.18595147830759032,0.08646036131106097,-0.11874688287370809,0.3231597422201182
0.1273877996978139,0.28402523419217074,0.1555843987047887,0.24753557680952426,0.2686146861886328,0.23679110912449947,0.18839938604040898,0.21699242014664888,0.21734895895531767,0.2501289859953262,0.17148572541182433,0.09080019729674405,0.12392807672290833,0.19062188502233185,0.3067683567935329,0.17338822683942515,-0.01268230730415977,0.6656489064880746,0.07440482028964578,0.03076943003985656,0.2558364309891193,0.201679321434292,0.47938852282122274,0.12974629326679707,0.21975805812029217,0.26250421058891327,0.04984160535174206,0.24707116619858574,0.23057637955921395,0.09673022836137382,0.1799013396884191,0.07564349026871788,0.19689183643051542,0.22459999982791826,0.13612151618990215,0.1460689262815948,0.2128544179034374,0.0683697649988039,0.11347371187083331,0.22187841558590327,0.14711777378314822,0.2194737869401976,0.12118350466607729,0.025694606544184033,-0.06008586395366325,0.184604917575165,0.35036401399697664,0.007741336217236816,0.21093896832630096,0.04243486440914465,0.17339185908257138,-0.1313382938161908,-0.04086216453246086,-0.0718622314292218,0.1779492867481018,0.07495067216800613,-0.004318091890254231,0.10665398965363973,-0.27057748293225653
0.03176012386182829,0.032705599769286456,0.12221595510085037,-0.027964116017366338,0.0006967192139283029,0.05751268402323892,0.02306269190009005,0.09987824908133229,-0.0004108917778692206,0.12805005470368847,0.0473278646346346,0.05524185952608514,0.08510124797467455,0.057213658142071994,0.00797018364148497,0.15305851636019227,0.07256198263118896,0.07440482028964578,0.9658990568281116,-0.023427984674382184,0.11818111692646631,0.10816969585647865,-0.15820074457063651,0.06489802587479174,0.0717105972091027,-0.06793199972926071,0.03014826382990032,0.04520156287333082,0.08019792541710624,0.13481069219856612,0.1396315834114289,0.09533472804635192,0.07689130997132608,0.0786759320890672,0.042734059973475236,0.18034372065203913,0.1901916253388412,0.17042588776754306,0.19070842875843327,-0.015441280226944196,0.08848855969402084,0.08685177618003559,0.08108376259317121,0.02042312757635977,0.17099568973959633,0.1687323034918369,0.13230650511281447,0.008707112396162871,-0.31200842970427917,0.33718094631398016,-0.04283760969618711,-0.10622308196591913,-0.10183374759286001,-0.050167410534840015,-0.06177159862466663,0.011955435293778884,0.06382726484767152,0.02152179394373655,-0.024303238810484004
0.12156581929877036,0.35863129629969226,0.27920236794146114,0.11365573961714177,0.09170159579267174,0.16013259325030282,0.1360815353866518,0.19551592503724588,0.07297086973120788,0.11575824314125735,0.24268566480174403,0.23727915295166851,0.079532886240422,0.13906394127154462,0.25397028390177695,0.05132674194587835,0.4433712945831159,0.03076943003985656,-0.023427984674382184,1.3829783258141068,0.1068825754551723,0.03520693296818523,0.13257147465171995,0.19424731290046657,0.49884571077115364,0.38094088711900626,0.3270363757286283,0.28740333384893696,0.34065611535182827,0.2227564552066275,0.20742223105399352,0.10730403493079695,0.29766143513536086,0.16769307992090743,0.2788945751018039,0.09960150232551578,0.5435650724842126,0.16851220072877826,0.18121864834673368,0.19584522513300795,0.222468493299817,0.22733574277758822,0.313306761268281,0.02249905986054338,0.14879789689522208,0.16358858922371042,0.1409838376192794,0.026450437796961945,0.5013709125919217,-0.18503495943192852,0.038250117333658414,0.15477043875239999,0.03191845417930215,-0.06191332650377463,0.032746054751688486,-0.034996687023691186,-0.01407998785157774,-0.13958126022786563,0.16655024516785136
0.09516947864672469,0.24915404423413842,0.15472904036034765,0.17540378755800357,0.21444885558387633,0.23799600318235486,0.17109017613328042,0.1853563416232312,0.14826148201979225,0.1337369058294254,0.1684452475837228,0.15814614594231852,0.12072465109292399,0.17387376450241038,0.22622153150716104,0.19830239495237828,0.08769442177427578,0.2558364309891193,0.11818111692646631,0.1068825754551723,0.810788717725388,0.16982935998504853,0.1468385472982484,0.11154588450973563,0.214133955141848,0.3415950652528486,0.09826815919886224,0.26476446341556314,0.18152664306758381,0.13622802533602224,0.21055922254193168,0.13214647083373643,0.11692479886245143,0.30425140069636936,0.3692400004998795,0.20183753160927226,0.1743784512610788,0.2622605739551078,-0.03224008928845208,0.24879929700552486,0.22858153104292095,0.5405477387353766,0.04261961064480247,0.034022505907107946,0.11935884481803664,0.16704527013453602,0.19418259293746234,-0.0010213302720486221,0.05263925860377803,-0.04275405448568585,-0.05141394277198803,-0.027955752926691023,0.04070320187673552,0.019733795887049706,0.017414155294215014,-0.03699072680286557,0.04006228747152816,-0.04553688773073993,0.022324536977437245
0.08917764980961355,0.1404810630367399,0.21632569901769214,0.166392547626565,0.17046313785536385,0.2046709521127199,0.2047794314859904,0.11005692172941611,0.3166253592892605,0.15146788236695521,0.14015560131859636,0.12265221768331983,0.14114179911278776,0.13879699501289766,0.07201392793746036,0.3304733172901201,0.1508710257697314,0.201679321434292,0.10816969585647865,0.03520693296818523,0.16982935998504853,0.5568049231297753,0.26009865497050577,0.13183872800023894,0.1343648035498586,0.1668978295282946,0.11921795164892778,0.14277983793685228,0.1383013561099297,0.0679291619235526,0.10095084313660864,0.13946716097811618,0.12244965842911122,0.19055061667423415,0.183273076508143,0.054956063647153,0.13486179170990087,0.06699664977347007,0.12486981887121901,0.10766164142662134,0.05352906707045774,0.15363649445812813,0.09879330807277967,0.049163442296631825,-0.046498506380570494,0.07583512643177515,0.14832956066899186,0.005003966730255971,0.284681460722748,-0.07013624345314931,-0.04233657765642168,0.0013525405890455538,0.049593258995203476,-0.03300353529405749,0.07459128317366054,0.04371645509782086,0.03167215108182048,-0.12269155350581365,0.006879113030077998
0.10988987508686013,-0.10858577825938438,0.07887455987524188,0.2598294854517017,0.27868427786058564,0.1822151701444513,0.2138684650438376,0.16157923529055018,0.2603914724929887,0.24933556052790296,0.2060432325293899,0.1482801131363244,0.124939792578877,0.22913620165448642,0.4362736619907632,0.18994142799734764,0.08995324106235401,0.47938852282122274,-0.15820074457063651,0.13257147465171995,0.1468385472982484,0.26009865497050577,1.6386741867430592,0.3032164587918373,0.22318715938784442,0.01120216524932086,0.1020696534591955,0.23517706727455673,0.37009081024626883,0.2693055906649746,-0.09241350200341271,0.052603725940778896,0.3660283304195031,0.2690098516125619,0.2971170625910653,-0.06846664982778095,0.4170138968652868,-0.15861577035282695,0.3572400429472236,0.002877292896607169,-0.011727029866938809,0.15018098432203078,0.09015542496942863,0.056568028996960645,-0.24085271712960318,0.16238465351110043,0.34468093849685044,0.03543640536509717,0.4921995369024014,0.08175165306576758,-0.09626186099650386,0.057512280567033836,0.12533614318443315,0.028903010841800136,0.16981112914104496,0.1055380764821474,-0.05084784652139353,-0.17283648193697362,0.020093450278274565
0.03236679372463274,0.09191535227201754,0.15315840543315787,0.14810108835050834,0.16764086384277607,0.16212945946217283,0.12380112674291072,0.1064101402684646,0.14282710067195145,0.16590600521904655,0.1536236916300725,0.14481177085447997,0.10002214765090471,0.14352181675127043,0.1922259354985698,0.1481000243348264,0.17291448929857864,0.12974629326679707,0.06489802587479174,0.19424731290046657,0.11154588450973563,0.13183872800023894,0.3032164587918373,0.5641614479784242,0.1635647100536488,0.10232268946979507,0.1949409008429628,0.21680509990514826,0.22893735911312432,0.27566484925493245,0.21681680926456173,0.429985623151089,0.31925380999984815,0.18846964194789534,0.16498415601315417,0.26373908416293973,0.138187027210037,0.19535398607157908,0.18194991582329584,-0.00533347785359802,0.130131140655796,0.15022152339269637,0.096085333215464,0.0827594601989462,-0.13928978143133258,0.022243276835303576,0.2089039798746346,-0.008978852777277753,0.21698329365532446,0.013880195397577764,-0.05475694574386737,0.059786053904288,0.09206063168047775,-0.01846232653279098,0.013855351129928067,0.02401195755263004,0.060105707054275474,-0.45082791301901043,0.35454083801385994
0.1634186546945933,0.32973598375696384,0.2608060241805742,0.14908209662740127,0.1322984359305577,0.20236798454926885,0.17931218400178883,0.1202543448006446,0.11973660784981045,0.20255668617537959,0.154027029343194,0.21911991501574235,0.0938376280770279,0.16235492967689566,0.23663490626091951,0.06565766330050449,0.4906726917309064,0.21975805812029217,0.0717105972091027,0.49884571077115364,0.214133955141848,0.1343648035498586,0.22318715938784442,0.1635647100536488,2.8358043714515433,0.14622504325119887,0.13965016701540742,0.16987266437494147,0.6781289734112633,0.20008694323756673,0.506559423343016,0.19017329105326597,0.14187197636818313,0.2978195492112708,0.32376668056145513,0.4455692976018071,0.017149473514452153,0.1322172356895426,0.2120348925007847,0.5271422020764618,0.16057080415711264,0.23166864805431278,0.12613242916024014,-0.07209650199082918,-0.019579631078154334,0.2412768823652261,0.15834144668974465,-0.03478341741488531,0.30845962997645227,-0.495135523873832,0.21186339325567818,0.04850474443710471,0.13329550007197616,0.02484821146287903,0.050536839962015884,-0.05292230116510603,-0.02441368857594025,-0.022434970375088625,0.08110019156855273
0.17411469647743805,0.2512779617099924,0.1696297091894854,0.2363747486844587,0.27235848078255165,0.3290309008510111,0.2146735568895632,0.26646871653701026,0.2264764196788936,0.13585563927597819,0.2433085448622679,0.20487981682911682,0.14511710853993248,0.20806099610782272,0.17623712532003336,0.1335678480838066,0.1873062228969318,0.26250421058891327,-0.06793199972926071,0.38094088711900626,0.3415950652528486,0.1668978295282946,0.01120216524932086,0.10232268946979507,0.14622504325119887,1.6471334316131565,0.2109508412651778,0.30800949908280206,0.025159586532652652,-0.17334349868559878,0.17965299347716465,0.08961669866339614,0.26346667981237876,0.15932619166844217,0.13671932252140195,0.21120701727466012,-0.2203058986756472,0.2201617739744733,-0.6209198941848363,0.013215106681644238,0.2732340211892148,0.3354231579005945,0.36200086436873563,0.008641295926811211,-0.33768523284158836,0.132458691917083,-0.0051074056223395035,0.006695734187505209,0.17427624590476812,0.2599709228704272,-0.11398280432308971,-0.3000669214259288,-0.17654011624998195,-0.014235615129040733,0.027908491330269063,-0.062066994207361885,0.08049850470568164,-0.16477299639705933,0.11765618742487034
0.07953244130297109,0.22164093073439795,0.11784495239742121,0.12993603810232382,0.14846856622660834,0.15079889776283684,0.1450472318384282,0.13137664078475392,0.11397023571237683,0.150647233279586,0.16657439312723496,0.21125382029917883,0.11004961188859086,0.11477411776831999,0.15651955578708807,0.1589943135880535,0.20784969055186164,0.04984160535174206,0.03014826382990032,0.3270363757286283,0.09826815919886224,0.11921795164892778,0.1020696534591955,0.1949409008429628,0.13965016701540742,0.2109508412651778,0.628104230127457,0.16757348083349544,0.12429177716098652,0.07283699069623471,0.18166632330445687,0.3632948551103508,0.18269932379623494,0.18869384741517,0.10772651251802881,0.20513132861249628,0.12972577509548006,0.19480561538523106,0.09695462648779113,0.0017609290596278322,0.18808722838699626,0.14640210135282417,0.2861813230229191,0.07922350075511322,-0.08537571723750328,0.13395649979617238,0.07078945673651559,0.003582892215770588,0.22395733651755614,-0.11376803770765513,-0.024589199414849595,0.10831133483716215,0.0569542300396569,0.02259948672999695,0.037415815387731456,0.023366193481391278,0.016376119559983877,-0.08669729100165285,0.024262029212376836
0.0853046740122868,0.19688785496120964,0.14825680137989872,0.11546859805192235,0.09917761744159599,0.20784560030901744,0.10720649080040329,-0.13476969322452217,0.2241970344985625,0.16846909638754035,0.10978179063661457,-0.014724627075853987,0.019443071207409422,0.15671864906962277,0.3146184531530782,0.1313620338086741,0.11662026313352464,0.24707116619858574,0.04520156287333082,0.28740333384893696,0.26476446341556314,0.14277983793685228,0.23517706727455673,0.21680509990514826,0.16987266437494147,0.30800949908280206,0.16757348083349544,3.169365071086463,-0.3081804034624236,-0.0212989872135925,0.25992117277703974,0.178002115162499,0.6327345921646245,-0.010139212729925165,-0.1909376023156323,0.10154330295203583,0.5367353906712838,0.22432193497317446,-0.14168475459882993,-0.36784504551358915,0.5739809071970419,0.27121282061339835,0.11170377271346789,0.03380347247402814,-0.26993177650695666,-0.15136656378184926,0.08665534010620132,0.035696497206513966,0.41724309778755936,-0.101968068932445,-0.10389490741988669,0.2175782806052019,-0.09596654832034104,0.0668726889089943,0.031361679202079426,0.17863348225591338,-0.054618873534034613,-0.10120910469695053,0.09476238526430127
0.0695864281750725,0.28004032933828965,0.22149849014232426,0.2043655665636009,0.18972423221725934,0.3089208713504154,0.19151549144954788,0.18275746177651253,0.14535563146112213,0.20293223460994048,0.20746361254110765,0.21269977519386093,0.14540749818275636,0.19117697770648456,0.2426938643783896,0.13626599343309115,0.2901826923798963,0.23057637955921395,0.08019792541710624,0.34065611535182827,0.18152664306758381,0.1383013561099297,0.37009081024626883,0.22893735911312432,0.6781289734112633,0.025159586532652652,0.12429177716098652,-0.3081804034624236,2.0009684771320186,0.14513850294303557,0.07307136126943534,0.41883146751584027,0.08087108671935861,0.4469470765682644,0.2783785183948175,0.33843421607555557,-0.15099918342743537,0.031083597449717656,0.2840939389935495,-0.018154646178391312,0.08023301489996859,0.1681835803747865,-0.055901806786290933,-0.16932313731062265,-0.24472211118059334,0.39288153028728995,0.13498842229655678,-0.03606761660302843,0.3657583148248761,0.3882808263434225,-0.4346515500777353,-0.06927164243946712,-0.06605651929478211,0.06526886598805987,0.04464719243962147,0.0077915493390107535,-0.0804763986017837,-0.07379585682734996,0.12557594310028605
0.21127453365232463,0.09788992768896448,0.2196617926496158,-0.02135585884649605,-0.13183297103339559,0.004473008755251205,0.007379628287911608,0.12174148069901117,0.031745943715041094,0.13280770035166334,0.04342253198697479,0.04161109615563159,0.05878125567020911,0.12859478852878364,0.1874345865680111,0.11365874623333744,0.01597731597349207,0.09673022836137382,0.13481069219856612,0.2227564552066275,0.13622802533602224,0.0679291619235526,0.2693055906649746,0.27566484925493245,0.20008694323756673,-0.17334349868559878,0.07283699069623471,-0.0212989872135925,0.14513850294303557,2.450579757065679,0.10900299689830567,-0.2531780067954225,0.378873826539701,-0.47081410035155685,0.7031942641618284,0.32874624827726306,0.28507891706020094,0.13564043521811864,0.4870079160701612,0.34360877934031914,0.4152783013054132,0.16047067085331282,0.8513537202846484,0.23128428836620243,0.084024260481171,-0.3508848125444664,1.1387986237338665,-0.0011469780882342243,0.36579932754556105,-0.240760744570502,-0.11102400314868721,-0.08612117464839227,0.21083194673552433,0.03409428917169782,0.14728201634434449,-0.07581421565187048,-0.06290488991434139,0.09183625945717105,-0.07440978391144495
0.09026236839878078,0.24980412385236847,0.15130074629852103,0.13067371849498277,0.16759043705245513,0.14304133704267188,0.1231714282934601,0.11733403642951164,0.12713525608643358,0.16764859381275093,0.1298770434712453,0.1484171266188281,0.07869726813936673,0.11914308841435403,0.15094861472501553,0.11170287739025282,0.17748336196310724,0.1799013396884191,0.1396315834114289,0.20742223105399352,0.21055922254193168,0.10095084313660864,-0.09241350200341271,0.21681680926456173,0.506559423343016,0.17965299347716465,0.18166632330445687,0.25992117277703974,0.07307136126943534,0.10900299689830567,0.9753463856146941,0.3571994635648892,0.1969598371303272,0.14544438941386018,0.0441465080782849,0.7173371833556496,0.08436439318809129,0.4428295115879334,0.1567571025211885,0.24089183373019518,0.3590040314468629,0.2272305063919855,-0.055999554820625935,0.11114295329925318,-0.005835216526264826,0.19505761650425707,0.188901607443254,-0.02915793523879922,-0.09182092395773989,-0.018839422782650536,0.11762706733678265,0.051363360602865296,-0.01797414485889475,-0.021322750621635703,0.03932484686050012,0.01007119058104759,0.06256142557798454,-0.14400776902587709,0.05324802020087714
-0.1134594726739246,0.11558548948317522,-0.05492770903510104,0.20591097521158608,0.3313036178448588,0.21634005589175598,0.1582774289048096,0.017109608286609755,0.1447847994693148,0.16299901972103353,0.13997704236643413,0.21646186821033508,0.08138599827026834,0.11845374060423178,0.17877382878274303,0.18158905746662662,0.1250426056027897,0.07564349026871788,0.09533472804635192,0.10730403493079695,0.13214647083373643,0.13946716097811618,0.052603725940778896,0.429985623151089,0.19017329105326597,0.08961669866339614,0.3632948551103508,0.178002115162499,0.41883146751584027,-0.2531780067954225,0.3571994635648892,2.0735884259613107,-0.1702308186487862,0.784090345934163,-0.13330973741798427,0.47076113199250813,-0.386781138233429,0.5902650087871778,0.2514651221522493,-0.0905660290661997,0.4441118048106561,0.17340742437633258,-0.06864179318629833,0.09624531395211552,-0.3991471071102877,0.13710833184997703,-0.0817201528379143,-0.014647055967558295,0.4562103333803812,-0.011096788668432566,0.19052452388893826,0.1384336542331811,0.1013668494922499,-0.0009142499783077721,-0.09109328996968422,0.19645718010424706,-0.04254650972342457,-0.34336261216948827,0.25714529248539914
0.13811653733285081,0.179603016426829,0.23062372805755332,0.12018616482879582,0.08748520962305056,0.08221159986371263,0.11395107483396522,0.11737435225210856,0.1885514744868463,0.15578431199390005,0.1459508396869275,0.09416649839277844,0.07663302830294777,0.1364881191765141,0.20942296244412176,0.0707380949365795,0.16644809515977538,0.19689183643051542,0.07689130997132608,0.29766143513536086,0.11692479886245143,0.12244965842911122,0.3660283304195031,0.31925380999984815,0.14187197636818313,0.26346667981237876,0.18269932379623494,0.6327345921646245,0.08087108671935861,0.378873826539701,0.1969598371303272,-0.1702308186487862,1.5066703186856498,-0.197269602932254,-0.2570369555208761,0.1295197381833169,0.5157253918943913,0.21522015986465748,0.024147227312889524,-0.06963657107435826,-0.2484083490023643,0.19069042185687643,0.4518871667570667,0.11907513241782498,-0.16268182132537423,-0.18180067961451502,0.38622674303815513,-0.02657369111592411,0.41612682095587794,0.16276116468677207,-0.20108638034013626,-0.005526649312957865,0.024647839039189826,-0.092740605179643,0.08587920348537918,0.05813981920942074,-0.10915356721227604,-0.16148922063773746,0.16977314491530526
