1.9776675450121015,0.2836375272089088,0.6519635610545886,0.13714955067780935,0.2859548712293249,0.33490389367565876,0.2945475057914938,0.06189069168806647,0.1199956258703604,0.27145290417041895,0.163379001435119,0.19317048115700464,0.07605142732397321,0.1515842857219817,0.21375483881282767,0.1368844889111994,0.17694755595372694,0.20679182107448849,0.12885384297087324,0.14326376034448157,0.21578524440945243,0.16743648967960953,0.06662361022456453,0.1189047952675966,0.22438253305496805,0.14976269810812975,0.17124519216564263,0.040662109511023684,0.1826404859130485,0.269461102520128,0.23560821813555857,0.16099346514590412,0.17384546795731143,-0.23822115033672484,0.1731572870727115,0.2102594052766432,0.1514875253157468,0.225011879923238,0.17033537946844965,0.15500588531949985,0.2583961580471753,0.16619329095284455,0.06232151577970796,0.05340511200669252,0.19766636523268302,0.36598792064356467,0.04221494303701158,-0.02320026123037588,-0.059128963462406293,0.11685093643827762,-0.08368866882216756,-0.16044871930815446,0.027110494156224723,0.09131823726214777,-0.08069221050853329,-0.08393204953077461,0.2434642766280074,0.1558615815803656,-0.3090538207954712,0.05579070538974684
0.2836375272089088,3.1709227168185317,0.2046146801362331,0.08569380921516492,0.3553529594633741,0.1980913052913633,0.30954518534317077,0.1297707064139341,0.41100791842703843,0.14898595107357238,0.24580129132307582,0.2651270342154179,0.11144241355362458,0.19830277466299995,0.7162287085649092,0.2842510534687878,0.2973937402345203,0.2638265280964728,-0.17399589165161247,0.2473195116255232,0.3385866322374541,0.06299903307678267,-0.24928800188455122,0.009479458129444894,0.243855747469767,0.392377432735067,0.5435798571630679,0.5240493235344454,0.4349329097722772,-0.08239523625155794,0.3749021518491105,0.27567491233656904,-0.18943239637667564,0.3151371346372021,0.2294679830862,0.33837511613145443,0.2902912338627427,0.21446746375802894,0.013225790234763302,0.04178445213905142,0.03393453689635623,0.20188000360333933,0.14720600222615546,0.013513739571344843,0.42773273758028674,0.2622061181849376,0.1675046238078234,-0.3014153413419657,0.19361828479341145,-0.4795389338049333,0.4407678650243315,0.1721374554763062,-0.10014013633588477,-0.04305247591106113,-0.2698388011407628,0.032132955558203675,0.06502143957125135,0.26171237436401446,-0.16145994491155138,0.19727784208234164
0.6519635610545886,0.2046146801362331,2.4143319610507357,0.17327659674239496,-0.31260133560018294,0.5632146463905857,0.33558094739767114,0.21084451603095886,0.27959823942710865,0.6769875697892656,0.3579731254156705,0.4004911888798206,0.17547877784738242,0.280385432466748,0.3556741904233027,0.2729216030610597,0.421491587496119,0.40156628049534165,0.33251784038323484,0.6644224879242302,0.3920777240498133,0.5186592547552691,0.45503453740684563,0.44488485136217754,0.4775565930856059,0.30380746047546076,0.2635854404555611,-0.04649619235455914,0.6139047302764397,0.5976876424576195,0.3653982586270354,0.32917424895224073,0.41612485616387823,0.39904089944204607,0.6012652107158075,0.48228630082676355,0.5235558415982445,0.6437075133702039,0.40928423141131437,0.4642238210204257,0.34860041459396035,0.5352949669021404,0.48465754236535064,0.07114623097643466,0.17089587645352589,0.7284966788467395,0.4061694463490698,1.0730302413197128,0.3235924004794795,0.11485456405222981,-0.18125397350548594,-0.05539959329034687,-0.10027872600371643,0.14991404003993253,0.2513954574808907,-0.07973977448373329,-0.28873719330425746,-0.387450615757347,0.38566860177408474,0.23781437547811293
0.13714955067780935,0.08569380921516492,0.17327659674239496,0.8835182351742632,0.43322406772995126,0.32226702961960213,0.20055172993213943,0.07977583085517587,0.1025671289036615,0.08152319259721233,0.14884941867561224,0.18487097067740849,0.10409726962263814,0.15722219804931103,0.16352716370150228,0.16839706515848946,0.1566800511477612,0.16859105711472996,-0.05887176148299248,0.17557074547195226,0.14316782837412906,0.17680454225546724,0.18656896032287582,0.14330224178586304,0.15023886124964744,0.17383150703980543,0.04741119194069706,-0.0057494848689422385,0.16302794528816236,0.05649489330135426,0.12957843223134707,0.13787023875939036,0.10004372583262355,0.2151007643345041,0.06652989538697143,0.18187099064107978,0.1490548894549052,0.1745386735092558,0.08584398582703537,0.08716117285403348,0.08239739298203229,0.16582682230777737,0.15805969419441673,0.06660611585342496,0.03390844913906165,0.1548744261179424,0.0592994163272455,0.20089865728936535,0.05951944303155605,-0.026656058925921527,-0.017278866156580846,0.11117440702945791,-0.008712353213562377,-0.10902688505361752,0.25150659598931,-0.10945063888144535,-0.3475157700366905,-0.19895533832060397,0.3663685324874063,-0.06289519326531862
0.2859548712293249,0.3553529594633741,-0.31260133560018294,0.43322406772995126,1.1940460835790088,0.35779195449133633,0.23014865263925177,0.08000223469217037,0.16897143878791682,-0.034604183137845995,0.14003779071797448,0.1765981243750161,0.10303191343543731,0.19385736112887797,0.23878770603202032,0.19880367434082288,0.13438948440770657,0.1220821938943703,-0.10072368617389842,0.10808133941956893,0.11081093860232523,0.10469383849666743,0.07364049054912859,0.07341779091822687,0.11361694687171932,0.2299416524727255,0.02719467205599636,0.04466076443089059,0.1019487633822033,-0.18636603489634343,0.14269605567180735,0.1666087052956738,-0.024440003206493907,0.22242023986810897,-0.04763027862178093,0.18013051453374515,0.13233907546992565,0.04337511986596128,-0.021206863102184868,0.006613769227902334,0.00708525398256039,0.11430225307379593,0.025093441798105326,0.02037365079690969,0.078325770349332,0.06114624727374911,-0.019818091537730086,0.1727237991543168,0.11541897758127163,-0.13934757642881368,0.11747993661003608,0.05389747779745141,0.07200910362932834,-0.11177279593896884,-0.08254247454422314,-0.17173301215357803,-0.15829548571320817,0.07170202348034453,0.26634522936736926,-0.10730734187991334
0.33490389367565876,0.1980913052913633,0.5632146463905857,0.32226702961960213,0.35779195449133633,1.1067672169724405,0.26552847448715766,0.19004316915489505,0.22256806507613963,0.18694960174514438,0.307623346275358,0.2586509672988034,0.14536937722925453,0.33253846111517055,0.36646599484167575,0.3346271869476002,0.38973821508898304,0.2049202683152209,0.05947819235895992,0.4751058625106109,0.3358222510610782,0.4194714454642063,0.14278550686983968,0.2758595116800982,0.305069294993788,0.3850402093735812,0.2608192506522976,0.16141321369913475,0.3925565215506683,0.11313377171399278,0.30479786053692853,0.39921675429695297,0.16423714646099938,0.364225141641227,0.09666829851925676,0.40731987296803174,0.361920161304015,0.3877380659080065,0.1337749065960099,0.21509826450088806,0.1452640350134354,0.36221137373764,0.29822299641926275,0.043515691485850834,0.21650813395314267,0.4320193265403756,0.31416067677993254,0.5447304683904609,0.3932775158508567,0.057944718801810166,-0.22660450796956946,-0.13741311871631076,0.013232245561532614,0.20452096334850525,-0.34935583067049486,-0.028353938841991114,0.11072754058410521,0.35286125663348233,-0.16595903463040843,0.36036263176556943
0.2945475057914938,0.30954518534317077,0.33558094739767114,0.20055172993213943,0.23014865263925177,0.26552847448715766,0.6341055985417903,0.09214954140383208,0.22846951410634836,0.16217045139225877,0.2010855241611947,0.29769329589996535,0.11364882854491322,0.17803508860275838,0.14133788360607713,0.2200917843290768,0.2618943693068376,0.2689925527021871,-0.007939888170825643,0.30392916437918854,0.17869337277788794,0.3161740175138779,0.26985035571300864,0.19582754660182838,0.2523357873477237,0.287547759377455,0.25560759485632195,0.028661668103298423,0.2983284901780064,0.08380041147658018,0.21401875884745813,0.25416225509834994,0.14137664460484625,0.29302971058689176,0.10590262625966994,0.3309290262572194,0.20498583558122907,0.22734231729561336,0.1353530187887246,0.18142963719826977,0.04736212926881791,0.26236171553576154,0.20616985004761992,0.04402258605994911,0.09668216267835784,0.3429138214083783,0.19136067252135555,0.5592618829805179,0.4958137758816551,-0.08578689829688929,0.044451295843081176,-0.12025470424550767,-0.0640514813402747,0.08780699790523824,-0.0689811095012874,0.009189327723851897,0.12147935102388675,0.11038924421109594,-0.2588906553782652,0.18376518631585342
0.06189069168806647,0.1297707064139341,0.21084451603095886,0.07977583085517587,0.08000223469217037,0.19004316915489505,0.09214954140383208,1.1159763598989014,0.007993198664326996,0.03139451032732022,0.22581125350103354,0.08667845456375815,0.11169716528698351,0.21698250939712888,0.15098150920131587,0.19876054280317165,0.24794511685261006,0.20783150274772633,0.11242758911872905,0.25993538125276694,0.06692145658850192,0.20126264444969325,0.14024871669398326,0.12738740762708956,0.21619358909444927,0.22741043165351155,0.20985244694828228,0.04798937559951613,0.22976367355070035,0.14369807999300915,0.16932064065802516,0.20964679572005165,0.05515349568717116,0.21968280443949462,0.11451124678908634,0.22437210692503887,0.1671113470850251,0.12936553794113034,0.3662610728163409,0.1227391082717343,0.050008714592153995,0.17546106214774934,0.22545008618055584,0.014172347989304961,0.07805673963808217,0.18790220406887348,0.11540492303734268,0.2779763728852134,0.20958064544312974,0.11763737790829994,-0.07103306436245647,0.0876917498584414,0.012122707907215145,-0.11213643459585579,-0.603400948657974,0.09328583792783443,0.16808200276629445,0.6437729287453777,-0.3240903101067827,0.0943516808862214
0.1199956258703604,0.41100791842703843,0.27959823942710865,0.1025671289036615,0.16897143878791682,0.22256806507613963,0.22846951410634836,0.007993198664326996,0.6742329123354133,0.19842490789838144,0.14975621122263166,0.20240305518841384,0.09513867470605446,0.14194835771919087,0.17387039346098357,0.17238936368644564,0.17947628519526754,0.263331414570315,-0.17665667583041905,0.30865447948148306,0.1579393738765349,0.15122459641940747,0.25414309236363103,0.17414340256724925,0.13193464532437035,0.3231474879014132,0.27011509946749446,0.016103540682873202,0.22731391615905383,0.09345295858301036,0.21580961744916555,0.22391294265138448,0.12158819153944239,0.2564677811448957,0.14696344006630166,0.31009790535273823,0.19665324276152213,0.2106501424934248,0.09898422176656024,0.15149938032082358,0.0323062509722246,0.24268554268372203,0.1916390820169021,0.037894387536197734,0.11109203399467457,0.28150307893842696,0.21654721600516916,0.38036103198842747,0.6883401726832646,-0.16569195236009507,0.12715353698154377,-0.07088246004182551,0.030207832218205253,0.10103660538955181,-0.11935296473553143,0.025162626229242906,0.16679102437689322,0.12570156492090923,-0.23429162730929234,0.2614296765833551
0.27145290417041895,0.14898595107357238,0.6769875697892656,0.08152319259721233,-0.034604183137845995,0.18694960174514438,0.16217045139225877,0.03139451032732022,0.19842490789838144,0.915263578446717,0.0977765439069913,0.20642480170771083,0.09057805730430217,0.14793459572105278,0.1668635948789408,0.16159918833589623,0.1938652800056045,0.2998915001190716,-0.08331527382659872,0.3823191857468321,0.16718683327510012,0.17302962593998172,0.25662825901932396,0.18328016348216955,0.24166947087444146,0.23748886915319295,0.3281780627700042,0.007847318785183592,0.35921631196571,0.22365423536317477,0.22154736505000244,0.2242041478453444,0.08468178859035973,0.34261025869985046,0.34679928640296775,0.26449849705330175,0.3119698867964743,0.2349700712999172,0.08898527253717978,0.2644858735178394,0.17625190211096986,0.30947935288901357,0.20159779284770005,0.045346322316376655,0.08524110711341985,0.41247712961662275,0.4526810419770586,0.571880580746393,0.5021604978866145,-0.02749164862792645,0.032075891094731614,-0.1771435292217513,-0.11876708070138745,0.25626468807652064,0.1017045376380402,0.036303636629059555,0.18066351181955903,-0.1622789590094997,-0.16303527591624578,0.20014825922201815
0.163379001435119,0.24580129132307582,0.3579731254156705,0.14884941867561224,0.14003779071797448,0.307623346275358,0.2010855241611947,0.22581125350103354,0.14975621122263166,0.0977765439069913,0.39745621606603526,0.2375215951053731,0.12753049456382337,0.20037687667484907,0.2816041714498362,0.22792585815853747,0.26362988146518146,0.22045988732977914,0.008971445276345497,0.28504887482070174,0.1782876954646736,0.2128381349139668,0.21769037581537218,0.1834715305544932,0.21372967315270736,0.26387715387597876,0.2366831287850676,0.030793905259546655,0.2883184667595545,0.1298332513292722,0.20748424161089424,0.23402815355482998,0.1267619610118203,0.23723051873188378,0.18623607346780072,0.3068995490741582,0.16713902256011398,0.2342186634423827,0.1721582361528963,0.17544861814213641,0.08032995253886643,0.24936243605711475,0.2198294555147,0.019369135401046646,0.09743952391751647,0.33106794842327775,0.12808493150139164,0.45888876385723226,0.17493996593358574,-0.012100908898515476,-0.01088454835439282,-0.02270253879954913,-0.0035129894101595073,0.05648631268680455,-0.18848416684991512,0.035323807335288566,0.02008495546693114,0.19452163743476403,-0.142468966868977,0.15459157892496012
0.19317048115700464,0.2651270342154179,0.4004911888798206,0.18487097067740849,0.1765981243750161,0.2586509672988034,0.29769329589996535,0.08667845456375815,0.20240305518841384,0.20642480170771083,0.2375215951053731,0.5953730281501398,0.09103818702559177,0.2414035250315586,0.25066898079144445,0.29572851492202684,0.24560275715109914,0.31243586444580473,0.016866963463840378,0.3041537105371497,0.1402136442977142,0.1820415906484637,0.286590272328912,0.21045565935295962,0.3105750405774916,0.27008593599545255,0.2230254163848892,0.024452964365545806,0.3114735977262835,0.08636739474250182,0.24793142360738774,0.2927796444056725,0.15642402277173914,0.30747315647938905,0.13588988552409575,0.3817549442520095,0.13869226893572106,0.30311972285514355,0.14690941061754365,0.1793225719788092,0.061117064064136244,0.26509680961503584,0.21769161461587883,0.02100678018429111,0.07800235940666343,0.39569817604969904,0.21731047813694504,0.5823325559153518,0.41372070296548275,-0.20300317483673763,0.08352032546513095,0.11219710104896231,-0.07998027372234429,0.023472169793543222,0.020404244046215547,0.003525647905182016,0.03680952515421859,0.019530436054982264,-0.24299921543630726,0.1366182989211551
0.07605142732397321,0.11144241355362458,0.17547877784738242,0.10409726962263814,0.10303191343543731,0.14536937722925453,0.11364882854491322,0.11169716528698351,0.09513867470605446,0.09057805730430217,0.12753049456382337,0.09103818702559177,0.20452790436263726,0.1102693443798437,0.04633077701625091,0.10692174023831268,0.11662655013218404,0.11356830054003746,-0.007226475379647792,0.125890760826918,0.0998300359051209,0.20429672909293242,0.13159325002569078,0.09897848292171497,0.09674762790093129,0.10747471878918133,0.09002087768816834,-0.013116764003369502,0.16182727518429824,0.09384370752422516,0.08702666088365746,0.12256610156712854,0.04649333936552787,0.13826233234409716,0.12102934625460443,0.13917094346594733,0.07827998078307029,0.0738761664718331,0.10847587391996147,0.08150985622546282,0.04372095817721947,0.11877609761418412,0.10209100752660724,0.024613932874097355,-0.005679959467598119,0.14211497308138468,0.06842582407332214,0.19537033997637446,0.18399042374213576,-0.016351921217213062,-0.007063782293186786,-0.006193274314453823,0.028352867036896438,-0.01105214613186246,-0.00047929225993749067,-0.0193926913455983,-0.05380253783599967,-0.007974476258452583,0.058604178782684244,0.050312951674827036
0.1515842857219817,0.19830277466299995,0.280385432466748,0.15722219804931103,0.19385736112887797,0.33253846111517055,0.17803508860275838,0.21698250939712888,0.14194835771919087,0.14793459572105278,0.20037687667484907,0.2414035250315586,0.1102693443798437,0.47268782374229207,0.2950740456852558,0.3448098867253657,0.20965260280908243,0.22245342784040598,0.046674190060045535,0.26292525975028125,0.17208196751258584,0.22943163845937323,0.22346580733969662,0.21256874432045772,0.24485594061472157,0.23573642298519823,0.13034757659736346,-0.015615077600377272,0.3143033510564841,0.16640178866447122,0.22544295966679478,0.39640902569446634,0.05413129433741912,0.2882374991831366,0.16065498810953127,0.30128774207718256,0.23491283053121187,0.1972351034640943,0.13516115637307874,0.15824386027578502,0.1673088350299039,0.25636062668696596,0.18336817221576504,0.024430908047841406,0.0619804354057913,0.28027402269912904,0.1800213222043791,0.4481364454754378,0.5133647219685958,-0.03472827751320304,0.001457644683285776,-0.1216783794976382,0.08345190104063299,0.010714735341419125,-0.25316600782707305,0.0005061516444006886,0.06767199705634241,0.22823671471386506,-0.11579140767004974,0.020248813837661972
0.21375483881282767,0.7162287085649092,0.3556741904233027,0.16352716370150228,0.23878770603202032,0.36646599484167575,0.14133788360607713,0.15098150920131587,0.17387039346098357,0.1668635948789408,0.2816041714498362,0.25066898079144445,0.04633077701625091,0.2950740456852558,0.9551737096268818,0.3140273884563538,0.2864292417088855,0.3071849804062306,0.04376973323958618,0.3253794821531782,0.24957069918988423,0.029217370555484512,0.34156920167703597,0.25626824977177715,0.3367044689787082,0.26846993175468703,0.31838098336538645,-0.003885359868886602,0.4020550746250174,0.28336859890145494,0.2839308465577078,0.28556389585570774,0.24526456080505643,0.3003498940479494,0.20038155289577886,0.3968802185759558,0.40323815557098447,0.3319399466454538,0.16209340681400344,0.19161118412450767,0.22386703704478958,0.3412673011119468,0.3238228279062609,0.02322816061919588,0.13707086471717148,0.4686835567361369,0.1457617384135017,0.5153486460966457,0.14874273382441203,0.09411983688763573,-0.07036670438829506,0.16416333949702003,-0.14961303753301475,-0.04610893060623721,-0.26568661410686356,0.10943505825168609,-0.03272954783658785,0.27340792952732335,-0.13434074744984975,0.09879695017682129
0.1368844889111994,0.2842510534687878,0.2729216030610597,0.16839706515848946,0.19880367434082288,0.3346271869476002,0.2200917843290768,0.19876054280317165,0.17238936368644564,0.16159918833589623,0.22792585815853747,0.29572851492202684,0.10692174023831268,0.3448098867253657,0.3140273884563538,0.5744909512128266,0.29154004112030274,0.26087841230734493,0.014479813615039508,0.32711754527889786,0.1889181680455372,0.23533225780196348,0.2377757977387074,0.21808015338170939,0.28392835983694403,0.26430893367211744,0.20536036078391398,0.03536451826552476,0.36083798570310416,0.15842085672432654,0.25077895230144065,0.3489455430166368,0.09334281046025542,0.33966923000120297,0.2042731176974925,0.34901211036475427,0.24884405553400005,0.2892243974077958,0.1467084967343374,0.19502857431462187,0.1333815854257947,0.3130285338264424,0.2803718380722626,0.02348394822152282,0.12079699087126411,0.34464846517194114,0.22213093359264097,0.5159469722766734,0.43136472350957816,-0.122674909609691,0.019325285554970203,-0.051983600360677354,0.0352645854457918,0.054014483945111935,-0.26972244139763635,0.05378762956869769,0.022249161757046866,0.2896026446809401,-0.18007551534482077,0.13996208084599618
0.17694755595372694,0.2973937402345203,0.421491587496119,0.1566800511477612,0.13438948440770657,0.38973821508898304,0.2618943693068376,0.24794511685261006,0.17947628519526754,0.1938652800056045,0.26362988146518146,0.24560275715109914,0.11662655013218404,0.20965260280908243,0.2864292417088855,0.29154004112030274,0.6101792444920976,0.20146709489533654,0.043232840717819264,0.3657119823008639,0.2018911430083043,0.48068854930527966,0.17802585959678444,0.2157323109450282,0.3114052676968002,0.3512939996558273,0.3636550165729713,0.24204681354446844,0.31922417635939665,0.10550004033545439,0.26868008984509045,0.28510067847838844,0.1346696182748102,0.31831019544149874,0.1987658727388535,0.4392823063919825,0.2789680870689784,0.31914492262007726,0.1330062395322199,0.21074117633412573,0.09389891603183187,0.34876178810369923,0.3031037356669465,0.04621470040301072,0.21030845686948876,0.3894481321815135,0.19813263276809903,0.5830062084115755,0.31561029095493937,0.05856305998130948,0.03640582493838905,-0.08087185334638429,-0.15683529922887943,0.09044664945989196,-0.3212001730119952,-0.008531098839195396,0.04282296665536306,0.32685246566749043,-0.15822002420686485,0.2345363787802016
0.20679182107448849,0.2638265280964728,0.40156628049534165,0.16859105711472996,0.1220821938943703,0.2049202683152209,0.2689925527021871,0.20783150274772633,0.263331414570315,0.2998915001190716,0.22045988732977914,0.31243586444580473,0.11356830054003746,0.22245342784040598,0.3071849804062306,0.26087841230734493,0.20146709489533654,1.0329361189911201,-0.06482190213751118,0.22358214830578343,0.22401558910279615,0.19850945342238824,0.7538059330402369,0.22761125712682448,0.3284782377879971,0.23923461556168446,0.1311033943839526,-0.26652573689573156,0.40406268844015214,0.2647449659495708,0.41022880581927834,0.26756817974090596,0.2365750784716934,0.35256626695920945,0.14687500760329744,0.5542822772539561,0.4194744613573673,0.30356469380806295,0.23367813881313249,0.2759002356077339,0.18751172259577797,0.36904735747920914,0.3864236997676973,0.047967544890163,0.15990947058390553,0.5809116380852158,0.22985728784199977,0.7595268740351657,0.3562077479984763,0.2148178583428606,0.3451471202840457,-0.2981043018796555,-0.3167718979651554,-0.024890010231457236,-0.18273644052102073,0.0577412802465369,0.12585633165825336,0.2538076569067461,-0.34308042316412984,0.14981271962587434
0.12885384297087324,-0.17399589165161247,0.33251784038323484,-0.05887176148299248,-0.10072368617389842,0.05947819235895992,-0.007939888170825643,0.11242758911872905,-0.17665667583041905,-0.08331527382659872,0.008971445276345497,0.016866963463840378,-0.007226475379647792,0.046674190060045535,0.04376973323958618,0.014479813615039508,0.043232840717819264,-0.06482190213751118,1.45367359946913,-0.04365762831474457,0.09422708495693762,0.10151385837885595,-0.09711027867776618,0.12093813970520077,0.15237210622343927,-0.22893019302816484,-0.08102765247966183,0.03043091459521793,-0.11345366197484072,0.1439492529488511,0.08213087895552817,-0.04895225931115307,0.42302545866895136,-0.14773659202049633,-0.05592545263632037,0.02270407135539783,0.37495842313789424,0.18365920104583958,0.23614218333819564,0.10192373710908872,0.1406597842475267,0.05210407718027808,0.12512841977431882,-0.03257507864754355,0.07584658607873525,0.2245891862808912,-0.09253259923537605,1.1360015772935343,-0.851369061524061,0.3900995533514357,-0.24384546202794527,0.034049231904586155,-0.07153343144982527,-0.14668776619423327,-0.03779912439493009,-0.009088203557789103,-0.17090036533587855,0.00956214294437699,0.1548861898182173,-0.12407955620143278
0.14326376034448157,0.2473195116255232,0.6644224879242302,0.17557074547195226,0.10808133941956893,0.4751058625106109,0.30392916437918854,0.25993538125276694,0.30865447948148306,0.3823191857468321,0.28504887482070174,0.3041537105371497,0.125890760826918,0.26292525975028125,0.3253794821531782,0.32711754527889786,0.3657119823008639,0.22358214830578343,-0.04365762831474457,2.124554204729854,0.13845662167763012,-0.19695440860856697,0.23376309186081842,0.44614422041123747,0.3951402510533742,0.44147638729431493,0.6019270995737195,-0.002277368011765088,0.41417677032803135,0.35906913108394023,0.4352805640342899,0.29069640838338484,0.5579695990786687,0.5825062982569175,0.31872450884142556,0.5278924866097682,1.2695819434320978,0.36435842172511934,0.16813235108214894,0.5676283844810437,0.3930229026606918,0.7791958141014125,0.5189966640095394,-0.12441937852078339,0.28539892784092113,0.7975064443460733,0.6242920910375008,2.770144275287402,1.3678832167890602,-0.30109411223657884,-0.17452935994503344,-0.06403017797882196,0.21485798387158261,0.19361326203740833,0.03609818492697984,-0.014672846639126397,0.17118282068361068,-0.031426545054046795,-0.11468162851468557,0.19324148075821762
0.21578524440945243,0.3385866322374541,0.3920777240498133,0.14316782837412906,0.11081093860232523,0.3358222510610782,0.17869337277788794,0.06692145658850192,0.1579393738765349,0.16718683327510012,0.1782876954646736,0.1402136442977142,0.0998300359051209,0.17208196751258584,0.24957069918988423,0.1889181680455372,0.2018911430083043,0.22401558910279615,0.09422708495693762,0.13845662167763012,0.8052228331862924,0.14693643771506623,0.13807501870798425,0.11359230204468862,0.13842940182008548,0.2671600855281934,0.15813331686205628,0.10473771545470506,0.2859578744168601,0.2675325855879421,0.22443655901798829,0.22130605684477142,-0.07747997885507735,0.22555483438873608,0.3576674270563154,0.2559464334417549,0.22313952918544916,0.3875369177392915,0.16369250151595954,0.26501491595216503,0.23303896382320347,0.30939923995315355,0.2903843350365663,0.09299291301415587,0.4436407060669831,0.2859610012132808,0.17729421287165528,0.08772117046551184,-0.007383458573778377,0.12675123825923032,-0.0515808180786964,-0.08753574167944593,-0.07238466447802505,0.1250823941559407,-0.16729219608518897,-0.017131953106323837,-0.06282952535350014,0.188492919378762,-0.016466196244708083,0.19507033620472372
0.16743648967960953,0.06299903307678267,0.5186592547552691,0.17680454225546724,0.10469383849666743,0.4194714454642063,0.3161740175138779,0.20126264444969325,0.15122459641940747,0.17302962593998172,0.2128381349139668,0.1820415906484637,0.20429672909293242,0.22943163845937323,0.029217370555484512,0.23533225780196348,0.48068854930527966,0.19850945342238824,0.10151385837885595,-0.19695440860856697,0.14693643771506623,2.4871791475321414,0.3575180304284282,0.10492884780965214,0.22108765561645274,0.2627269751723396,0.24423099446361834,0.028337981452505167,0.09077556058855847,-0.023810837461799447,0.047390982537356956,0.3581358968519154,-0.16427875673297304,0.31106015539179704,0.2123724700048677,0.2545953170732296,0.028811812843227445,-0.0750708170705633,0.11728447126429377,0.11459062786762284,-0.16332126914798256,0.1679902326750257,0.23467310714957826,0.10491490783319608,0.05864484781431696,-0.02581969412346132,0.1426572437542142,0.39575011368148194,0.995860416489118,-0.17132597786763337,0.18054803284844623,-0.43165108208667735,-0.060653022500262596,0.09498573101850255,-0.27971681580919644,0.018587456000726907,-0.17479271354223433,0.27994867184464484,-0.07714050178861796,0.28405859209340295
0.06662361022456453,-0.24928800188455122,0.45503453740684563,0.18656896032287582,0.07364049054912859,0.14278550686983968,0.26985035571300864,0.14024871669398326,0.25414309236363103,0.25662825901932396,0.21769037581537218,0.286590272328912,0.13159325002569078,0.22346580733969662,0.34156920167703597,0.2377757977387074,0.17802585959678444,0.7538059330402369,-0.09711027867776618,0.23376309186081842,0.13807501870798425,0.3575180304284282,1.6540799725076614,0.5572349662093031,0.46439888529511913,0.14746447572287635,0.27403646554530436,-0.9824194464458581,0.5680484261838714,0.6691765918558131,0.1132813752405343,0.23996875897026468,0.7522584729493368,0.4069339071968924,0.20724736364097482,0.6481165667550508,0.3802122673989692,0.2834064271504903,0.37040222839121,0.42842802848200573,0.17744449274364876,0.5053709197514941,0.4753658755203722,0.08418453108543354,-0.31503766726894095,0.7827267952466843,0.19438182402237134,1.692899197979078,0.7266305021798131,0.14526381626737117,-0.00857977876581602,-0.0659362528461958,-0.06025598410816478,-0.023105862047655395,0.0008939322406097567,0.06570463410319222,-0.07212500125862678,-0.0013191529314790433,-0.0601442119075162,0.13915085454815143
0.1189047952675966,0.009479458129444894,0.44488485136217754,0.14330224178586304,0.07341779091822687,0.2758595116800982,0.19582754660182838,0.12738740762708956,0.17414340256724925,0.18328016348216955,0.1834715305544932,0.21045565935295962,0.09897848292171497,0.21256874432045772,0.25626824977177715,0.21808015338170939,0.2157323109450282,0.22761125712682448,0.12093813970520077,0.44614422041123747,0.11359230204468862,0.10492884780965214,0.5572349662093031,0.6434046062992166,0.3256064147144473,0.1905897657858787,0.32011572868238697,-0.1800949905506645,0.2778400887697935,0.6098501759874241,0.2754113461153913,0.26094788449718287,0.8942784952820382,0.1609647808754463,0.14699529084814575,0.4931278332251704,0.39609193207131316,0.4685714190465459,0.23287735633991935,0.2590342520717473,0.23679115795734354,0.420076710382251,0.3007304820682319,0.04920623978503139,-0.16374200131768624,0.6504514712312044,0.22271020281850085,0.7755082490458434,0.4124201935256987,0.046974989521139945,-0.1983979896147025,0.136066374413882,0.04298695688097708,0.014132362930773485,0.027197669610364263,-0.03897600435830933,0.08257736972164892,-0.08595887184168126,0.0062133835315702265,0.21992831318676545
0.22438253305496805,0.243855747469767,0.4775565930856059,0.15023886124964744,0.11361694687171932,0.305069294993788,0.2523357873477237,0.21619358909444927,0.13193464532437035,0.24166947087444146,0.21372967315270736,0.3105750405774916,0.09674762790093129,0.24485594061472157,0.3367044689787082,0.28392835983694403,0.3114052676968002,0.3284782377879971,0.15237210622343927,0.3951402510533742,0.13842940182008548,0.22108765561645274,0.46439888529511913,0.3256064147144473,1.502327119838098,0.208575550238009,0.3979331293615665,-0.18018586873580208,0.5722652619586193,0.3670082941090874,0.28797488254063874,0.27978782642771954,0.22972017311812148,0.5029610539204864,0.35990708313128145,0.36609808197857446,0.19434583196730565,0.3430362438887815,0.24483370475135355,0.24416831348487564,0.12583456481735164,0.35645888512821866,0.33232353925119906,0.004134031261758348,-0.06746484004488539,0.6592241108107242,0.28879286492854717,0.5244221880449618,0.2041996917620983,-0.560432345146774,-0.0580815333496324,0.25098286565704475,0.15288858807912242,0.03720526974615049,-0.14236733763086457,0.015212512664014237,0.07824320957862148,0.15906822313384403,-0.19859697866969986,0.17544770097157097
0.14976269810812975,0.392377432735067,0.30380746047546076,0.17383150703980543,0.2299416524727255,0.3850402093735812,0.287547759377455,0.22741043165351155,0.3231474879014132,0.23748886915319295,0.26387715387597876,0.27008593599545255,0.10747471878918133,0.23573642298519823,0.26846993175468703,0.26430893367211744,0.3512939996558273,0.23923461556168446,-0.22893019302816484,0.44147638729431493,0.2671600855281934,0.2627269751723396,0.14746447572287635,0.1905897657858787,0.208575550238009,1.1613567413375512,0.5405817375514353,0.2931710234820811,0.26030312111805376,-0.07646586818985594,0.2826637861640085,0.3629218822626415,-0.020021183371491724,0.37631856407589825,0.36036630649081725,0.521029315457853,0.10279894228283534,0.22387395127688917,-0.41915468895893676,0.2762640135837463,-0.03272787048008704,0.43886834100591515,0.38445290338727006,0.002794186145678532,0.31362049749343573,0.35916653025489875,0.1731267304520651,0.9727884057222422,0.44028101060512337,-0.12753975808365944,0.1251276626900399,-0.1956914081898643,-0.2065445308351525,0.3245661424019709,-0.29718206466826674,-0.020346953142000416,0.11200007542214135,0.37673937315828493,-0.2598369380229517,0.2981833520711665
0.17124519216564263,0.5435798571630679,0.2635854404555611,0.04741119194069706,0.02719467205599636,0.2608192506522976,0.25560759485632195,0.20985244694828228,0.27011509946749446,0.3281780627700042,0.2366831287850676,0.2230254163848892,0.09002087768816834,0.13034757659736346,0.31838098336538645,0.20536036078391398,0.3636550165729713,0.1311033943839526,-0.08102765247966183,0.6019270995737195,0.15813331686205628,0.24423099446361834,0.27403646554530436,0.32011572868238697,0.3979331293615665,0.5405817375514353,1.769110801053783,0.33119210398719,0.41305235806076207,0.24399478708121716,0.3382187673802285,0.28431010359040004,0.37168908624474223,0.3329385547074893,0.5254301172996331,0.6920696973461324,0.23749120235969284,0.4221856271330219,-0.018689836196482686,0.4238051356287759,0.030396116159776613,0.5003192706790514,0.5273410674847736,0.050257622651557324,0.09694058809321843,0.8287460703680163,0.263808717123037,1.2028117444999034,0.2795438821963923,-0.3189354321766432,-0.1334806956763149,0.17845548928988889,-0.02077988786474589,0.3650520819688423,-0.1707379472193012,0.13106508174522927,0.42163012503855923,0.26881196601298524,-0.5929274696309524,0.40162454364783257
0.040662109511023684,0.5240493235344454,-0.04649619235455914,-0.0057494848689422385,0.04466076443089059,0.16141321369913475,0.028661668103298423,0.04798937559951613,0.016103540682873202,0.007847318785183592,0.030793905259546655,0.024452964365545806,-0.013116764003369502,-0.015615077600377272,-0.003885359868886602,0.03536451826552476,0.24204681354446844,-0.26652573689573156,0.03043091459521793,-0.002277368011765088,0.10473771545470506,0.028337981452505167,-0.9824194464458581,-0.1800949905506645,-0.18018586873580208,0.2931710234820811,0.33119210398719,2.753437660883867,-0.36318998962424104,-0.17539320815073062,0.3513062750526339,0.14978478354398597,-0.5623107997699638,0.022640246258576417,-0.10982179559330131,1.0851498143363811,-0.34102631197835387,0.45502990431971635,-0.22492261594990126,0.07721528415797164,-0.1955650451636014,-0.1209634546222031,0.46326505918374644,0.3350120467065309,0.6779952875188932,-0.17876060704641747,-0.3480287611171003,-0.5253877308124791,-0.45810672606048425,-0.5504972653840616,0.40044874887809145,0.37976734358440517,-0.4703789618894158,0.20428081092111391,-0.2048862373075767,-0.0847458020765401,0.2624114938959773,0.2546225600255933,-0.08222051796166256,0.266154230825067
0.1826404859130485,0.4349329097722772,0.6139047302764397,0.16302794528816236,0.1019487633822033,0.3925565215506683,0.2983284901780064,0.22976367355070035,0.22731391615905383,0.35921631196571,0.2883184667595545,0.3114735977262835,0.16182727518429824,0.3143033510564841,0.4020550746250174,0.36083798570310416,0.31922417635939665,0.40406268844015214,-0.11345366197484072,0.41417677032803135,0.2859578744168601,0.09077556058855847,0.5680484261838714,0.2778400887697935,0.5722652619586193,0.26030312111805376,0.41305235806076207,-0.36318998962424104,2.257522983927634,0.17828118484755032,0.13857699982707022,0.39276060918242717,0.06267457715208469,0.6957512837095625,0.1370223344440265,0.4045523518955372,-0.1489086678904535,0.10604966456777584,0.2546775122707299,0.2563248031230527,0.029141702641691792,0.29767813399927107,0.22956080019519323,-0.14868318348202067,-0.322303024193653,0.6026907842374495,0.5201044076573829,0.41469265541240197,0.9482826238917625,0.22372599821996547,-0.3299894014329603,0.1617556301223492,-0.31948254485839633,0.18952106671113367,-0.3213506950810313,0.09255370312943643,0.03653763224840268,0.3380755005811756,-0.20786380186439327,0.21850770668354555
0.269461102520128,-0.08239523625155794,0.5976876424576195,0.05649489330135426,-0.18636603489634343,0.11313377171399278,0.08380041147658018,0.14369807999300915,0.09345295858301036,0.22365423536317477,0.1298332513292722,0.08636739474250182,0.09384370752422516,0.16640178866447122,0.28336859890145494,0.15842085672432654,0.10550004033545439,0.2647449659495708,0.1439492529488511,0.35906913108394023,0.2675325855879421,-0.023810837461799447,0.6691765918558131,0.6098501759874241,0.3670082941090874,-0.07646586818985594,0.24399478708121716,-0.17539320815073062,0.17828118484755032,2.68316618199382,0.22811650224696442,0.14992657669125228,0.4674007824837903,-0.12439010197132568,0.8467855414570735,0.5360114551146536,0.5426135427483777,0.5395932059245272,0.8373517273524356,0.5457569912540791,0.8058097540386965,0.5060919617586176,0.8096987732750276,0.20081006832477713,0.13225113832061597,0.6742828039059091,0.15959100481444718,-0.04720292819364085,0.189590867401562,0.20954148316860272,-0.4609374443157233,0.09413612849862185,0.10875779447146026,0.03966905731629545,0.18971173707097927,-0.019751662220481307,-0.06554605895366189,-0.1235905494253293,0.12925006200091446,0.07729522853220366
0.23560821813555857,0.3749021518491105,0.3653982586270354,0.12957843223134707,0.14269605567180735,0.30479786053692853,0.21401875884745813,0.16932064065802516,0.21580961744916555,0.22154736505000244,0.20748424161089424,0.24793142360738774,0.08702666088365746,0.22544295966679478,0.2839308465577078,0.25077895230144065,0.26868008984509045,0.41022880581927834,0.08213087895552817,0.4352805640342899,0.22443655901798829,0.047390982537356956,0.1132813752405343,0.2754113461153913,0.28797488254063874,0.2826637861640085,0.3382187673802285,0.3513062750526339,0.13857699982707022,0.22811650224696442,0.8494732752683692,0.30394598908610343,0.39915840093991983,0.20791612203897006,0.1333383472419839,0.7475856813539838,0.4009644519784545,0.5855613883060758,0.15122241768795708,0.23657261451458347,0.24805466714582303,0.3756880714300614,0.3192514108676355,0.04492058804028871,0.2608311392514529,0.6602012622024196,0.14541490958990758,0.5060170778702803,-0.0673971833918649,0.030212115727660235,0.09151397782076975,0.002810132564128158,-0.12531672775241823,0.02701858353423131,-0.20143155784284847,-0.008650651040438368,0.25648161528010754,0.19024277413630208,-0.30253942405683665,0.24963658520081602
0.16099346514590412,0.27567491233656904,0.32917424895224073,0.13787023875939036,0.1666087052956738,0.39921675429695297,0.25416225509834994,0.20964679572005165,0.22391294265138448,0.2242041478453444,0.23402815355482998,0.2927796444056725,0.12256610156712854,0.39640902569446634,0.28556389585570774,0.3489455430166368,0.28510067847838844,0.26756817974090596,-0.04895225931115307,0.29069640838338484,0.22130605684477142,0.3581358968519154,0.23996875897026468,0.26094788449718287,0.27978782642771954,0.3629218822626415,0.28431010359040004,0.14978478354398597,0.39276060918242717,0.14992657669125228,0.30394598908610343,0.602793233060099,-0.014343543305687037,0.3934327773100199,0.1951115331799639,0.4366921012889681,0.15626795856597325,0.29287539661851075,0.11229697961404424,0.18593318939827982,0.07607606739321543,0.30061771240633955,0.23810804639056837,0.03913280178738024,0.1547946458920165,0.39028804774994846,0.362026329266993,0.39545117725664325,0.7148013921948905,-0.06355926220704969,0.07055253954627845,0.012387621864784783,-0.2128257623904475,0.20735706775659246,-0.35131266098040653,0.008990279646679046,0.3880979750495857,0.31078262709815996,-0.4486285559388548,0.41483334292331914
0.17384546795731143,-0.18943239637667564,0.41612485616387823,0.10004372583262355,-0.024440003206493907,0.16423714646099938,0.14137664460484625,0.05515349568717116,0.12158819153944239,0.08468178859035973,0.1267619610118203,0.15642402277173914,0.04649333936552787,0.05413129433741912,0.24526456080505643,0.09334281046025542,0.1346696182748102,0.2365750784716934,0.42302545866895136,0.5579695990786687,-0.07747997885507735,-0.16427875673297304,0.7522584729493368,0.8942784952820382,0.22972017311812148,-0.020021183371491724,0.37168908624474223,-0.5623107997699638,0.06267457715208469,0.4674007824837903,0.39915840093991983,-0.014343543305687037,2.7511026331083155,-0.3901529188014791,-0.6890963382534764,0.41518161749427657,0.6581851800622923,0.913419564390452,0.2105226587720621,0.15979644987274697,0.3717394968217965,0.47174464812036276,0.1262609582493961,0.03234709707815969,-0.8115893428132964,1.075525892584732,0.04639405195701908,1.0272070528679802,0.23714721318638832,0.4470021412906219,-0.4457764592240801,0.34416575491281715,0.1623851511541086,-0.32061681506397505,0.33313043792492436,0.17155970841775822,-0.06477425523625448,-0.37513842134559294,0.019224302389670836,0.12089609183805441
