1.9612922337509275,0.3196333307547558,1.622734530188794,0.18292368304717718,0.0485671239693894,0.16426232417131195,0.11511219499881548,0.16608471130034433,0.2539168438463,0.26280494436182505,0.13203565023161806,0.17541236853172834,0.10560596891766609,0.2376844717388484,0.1970548803224667,0.11973480639630803,0.11040073249415588,0.32498936915086146,0.14822333386329112,0.12623910272463984,0.20946962248879653,0.20274954196526054,0.12329604876074575,0.09068739219925309,0.2766327782411448,0.182043457451424,0.15883786629956204,0.11661975235037088,0.14759363388710925,0.3737401538496562,0.20513875215529537,0.23848721281703406,0.11808301278968433,-0.011194317000970674,0.047950738156236294,0.0921328965339933,0.1478883880332602,0.23237075103081095,0.194051407401664,0.019006310211597502,0.2206719164325194,0.15575943717088386,0.41642383969978536,0.14509753461114305,0.42518879747663824,0.24371735475627743,0.3950757465950489,0.09917071827104854,0.4434844831528928,-0.1277796396357582,0.13200803694830898,-0.06156719450488787,0.04719688944159716,-0.07427552869493793,0.0562957685600034,-0.06445931268008612,0.5890750351982745,1.0495709527263157,-1.500726579449031
0.3196333307547558,6.552839947621723,0.5235902490744457,0.47756714983484705,0.6669747600935715,0.37381469637260173,0.9673506483365805,0.7144449651762033,0.7169221145767285,0.7185416376002419,0.7306854002428735,0.7880057926877668,0.7582965722555575,0.7568371545435307,1.0908601545984649,0.5048623580754847,0.5895823527411281,0.8667004560213559,0.5727592988778317,0.47819138775223274,0.8880433625117744,0.6235208464232076,-0.20268018531711396,0.35959367077120447,0.4851704832894618,0.9945525409116858,0.5714332272691927,0.5971422515431516,0.48246959349526847,0.7268784357691059,0.575590056610821,0.6719281140038426,0.5892250354005464,0.5173778263097689,0.7100681404534901,0.5009059970400321,0.7485830932987024,0.6336417987446868,0.45799579109117855,0.58384088997538,0.5450332960863463,0.6806960605140332,0.7021359958416882,0.47169448340311454,0.7985434540657029,0.09356377310921038,0.7308225308297019,0.3488041043072136,1.2368662180493772,-0.6966003915112295,0.6840054230522901,-0.4381069409802973,0.41042398238109207,0.003978132280720857,0.10593375598733104,0.196073691101127,0.07083420034527098,0.26238457964233847,-0.6897328725432276
1.622734530188794,0.5235902490744457,3.8262400400384693,0.36491598003647713,0.008908045952841519,0.5181990981634567,0.3166943594232637,0.765018651663385,0.7911703615354058,0.6447868187813635,0.45679195671938383,0.41359290116152697,0.5026633443722176,0.5025600664158993,0.32188932653750973,0.35741290388184044,0.4322926642449267,0.5696507662536527,0.3566823728498078,0.46066432110483213,0.4575112205583227,0.5958565697575008,0.4177112519394404,0.42893390380088775,0.4845246391901069,0.49619445895816516,0.4152605715786299,0.5088968091835514,0.5354875391189721,0.715106161233607,0.42386718891557246,0.4874152034838923,0.437940323258249,0.3706071694938892,0.4393545445660406,0.6247975996532155,0.3385507740654583,0.2874210887996163,0.6489770417648741,0.5260697125954437,0.45120474645554787,0.43229751392451155,0.47273054057878466,0.4237655611735863,0.30634434607308325,0.14263721352201184,0.7448997322429182,0.23436450999968475,1.1266788012718119,0.039334298289178324,0.34030043872353927,-0.22355329155625148,-0.10309398765194411,-0.1494057584223102,-0.0857303826670705,-0.10458410395440479,0.34754818258668446,0.15786815492901504,-0.3341592068403687
0.18292368304717718,0.47756714983484705,0.36491598003647713,1.2660325321018195,0.6693280219005769,0.512828123318154,0.4341586798244614,0.4955647630902885,0.2202237812384653,0.42983308337269005,0.4609836133203165,0.46983949635689504,0.4476472245434825,0.39361561251205196,0.39505878762617175,0.4464914950999464,0.41564710107314295,0.46039638191843835,0.4550217221764125,0.35967007665813416,0.3879407058790703,0.3666089938058862,0.3584188281778239,0.3014909216112904,0.4086309938754319,0.3543344392802682,0.3519841677645677,0.3377954826281302,0.3999743291601862,0.40679806727856105,0.3735201338844851,0.3752795471822165,0.3318562455649256,0.4397613493146872,0.2936323760312017,0.4595634974147787,0.4634823811970825,0.4324002285542126,0.5028325550258239,0.5704838412378723,0.2950323818429357,0.36927455595182634,0.42632268689621833,0.5249337463968808,0.2995138831209517,0.1312861623701478,0.4983283506490896,0.23759051331061024,0.44249114960274166,0.25212484675474095,-0.12895120482021652,-0.11912235021210947,-0.08950590276558343,-0.042118613616398355,0.055784753651383155,-0.08544078665570441,-0.040598780832156796,0.09083739993050362,-0.06500518664355276
0.0485671239693894,0.6669747600935715,0.008908045952841519,0.6693280219005769,1.435809152430682,0.5774771894207593,0.41838086327942664,0.5844630254082134,0.2701027188295165,0.4523639316349478,0.519123359866689,0.5131508968150412,0.5386699089111421,0.45788930000185735,0.49054057679984764,0.5562234046198146,0.4657326011773778,0.5149237074928005,0.7371377256598105,0.3881082269919687,0.44522646795381726,0.4569000578067518,0.4228568668758904,0.3604951311565485,0.3562126264283783,0.4392460639373353,0.39282142487642646,0.27997041544460044,0.43050947486311897,0.2869845635673901,0.4383876266339638,0.4339389703872812,0.40839515148405936,0.5213035315990387,0.2232943840087891,0.5738319396287288,0.6418115079143214,0.4982813417918136,0.49812059095460226,0.6165030014502669,0.25985122373424985,0.45548803239366703,0.36594777932043865,0.5316856882385828,0.27243397559720667,0.1406098795017497,0.4818996064022917,0.30190486492288976,0.654697849356556,0.44567247829793805,-0.09076740668872503,-0.36707842899983445,-0.005666906007799361,-0.037658240964391146,0.0022787199487276366,-0.1719470901734865,-0.05550651585761648,-0.04046330470523446,0.2051432628337549
0.16426232417131195,0.37381469637260173,0.5181990981634567,0.512828123318154,0.5774771894207593,0.9526776452918903,0.43236539767831583,0.6090326709372147,0.45947731197150105,0.5204069167731091,0.530880245057995,0.4916120181539587,0.5222704728059253,0.4952971793046097,0.3848335611231931,0.49445451900930104,0.511487701903791,0.48981291456042725,0.5911512339351656,0.5028287422445556,0.44602692851738646,0.5195658188187103,0.3569018473674211,0.3873177012490506,0.4997385614664408,0.49930897199988783,0.4252387390675573,0.45655124608683617,0.5406240577706601,0.4335958532874415,0.44476159098415063,0.5048879577939219,0.34707348953479766,0.5399060420929676,0.38299087284496136,0.5002298053132345,0.5505638976441506,0.5439237616324158,0.5783250605348302,0.8099615777321637,0.25005905510808185,0.4456572518877525,0.5087977260719551,0.5970483304396249,0.4239860908145767,0.1065001166890924,0.5970999549191565,0.23897126897812643,0.7700809043273313,0.3586120860793389,-0.24954811806366334,-0.09380590228515812,-0.2175041509947124,0.048447664272271256,-0.010656435608081681,-0.07002894988537973,0.10031441297759036,-0.03172657453424299,-0.0013111063704207451
0.11511219499881548,0.9673506483365805,0.3166943594232637,0.4341586798244614,0.41838086327942664,0.43236539767831583,0.9197956849938878,0.5052028229920956,0.4770636195503788,0.46445397368947994,0.5102679509613811,0.5265590503506101,0.4989529951639411,0.47966769314382407,0.31365695351751743,0.49983257938163894,0.4902544088825408,0.4641012243020281,0.33698211928279326,0.33062579808357473,0.4504845931974657,0.5194827446448108,0.37192216395725136,0.32486640313832377,0.4737784922479865,0.52305436596444,0.3897734661410335,0.365370536864862,0.4116791112645336,0.433435028013195,0.3958830334266685,0.47010963669453887,0.34481523141752823,0.4504639514970243,0.35566268122654515,0.4583006269153809,0.3518483769790423,0.4200659336098758,0.5332132636012855,0.5910129399325403,0.3139032304029094,0.42498007739019106,0.4403720395576758,0.5198214847893381,0.3505146200403342,0.12911609886410041,0.4293687428409821,0.18483128944253416,0.7361887495608311,0.05644375137970737,0.014975919544236261,-0.2227298970522814,0.0011341952940399978,0.005141584207147784,0.06330842819989589,0.1044381106875696,0.051417036791157174,0.07907883343846293,-0.3669390104721492
0.16608471130034433,0.7144449651762033,0.765018651663385,0.4955647630902885,0.5844630254082134,0.6090326709372147,0.5052028229920956,1.154559480696497,0.34363657297757255,0.5768083431064409,0.5960974891410126,0.46808197376317856,0.576203832088985,0.4938325449792311,0.3576529515506944,0.5004160703594055,0.5134018025694717,0.6177444782957406,0.5300690566020938,0.4876759930385903,0.4383996642844208,0.48105679501875315,0.3859549663507598,0.3308406809317051,0.4429243908710629,0.5814407728447297,0.4382087399389638,0.4167024509002091,0.4650023025331207,0.5522319414315222,0.4201136778364674,0.4572475132096894,0.39129385606579375,0.4963561432094462,0.40984338939930165,0.46663548135743615,0.4228585247793794,0.5141895093029171,0.6471233352832729,0.7665934377869774,0.36087040140669746,0.45471632663449546,0.6185713399912429,0.5386429979034408,0.3965516564423074,0.07571402249342836,0.6964069900696137,0.32083867902068824,0.9236283844786641,0.21031339434462287,0.1064102769706739,-0.24337330652992115,0.0006151597361258617,0.0030851085696836917,-0.07088692985839484,-0.07298448282296323,0.07006707883855404,0.45473153641745434,-0.4004829175382347
0.2539168438463,0.7169221145767285,0.7911703615354058,0.2202237812384653,0.2701027188295165,0.45947731197150105,0.4770636195503788,0.34363657297757255,0.9250057342443839,0.3655908349645874,0.36499394330717366,0.34503517349451135,0.45473349708809946,0.41272938776118995,0.13927966224626978,0.3507211418368307,0.37926545882997986,0.3217684340042329,0.28804888567544196,0.33861562600388995,0.39106477711603627,0.6002096026981717,0.2874110941029338,0.34740653084702355,0.36442354006418604,0.5198242920766593,0.32072941465663873,0.3763445366805973,0.36333417758641223,0.381590742932082,0.3629423386464472,0.4269828103378125,0.32609481129997087,0.3681643677755249,0.35845322352677733,0.3967915172240249,0.37930390754397897,0.3833139909581639,0.44204185919948963,0.41806656098470946,0.2943345138329341,0.36824255748472695,0.3245029420113192,0.46405929635178084,0.22847784633765986,0.09145013065176143,0.38324455071782104,0.09480972034346165,0.867960505809736,0.11593414713361311,0.048710870182590044,-0.23192402830922124,-0.10214792949737829,-0.03628439180305262,0.04354212882904549,0.06228559064129336,0.0933464673524955,-0.3226535761257522,0.12107582775294229
0.26280494436182505,0.7185416376002419,0.6447868187813635,0.42983308337269005,0.4523639316349478,0.5204069167731091,0.46445397368947994,0.5768083431064409,0.3655908349645874,1.029627854841936,0.5401337837079523,0.523466943784645,0.49842166784792136,0.47078191071719244,0.45003307727083547,0.45813448553702335,0.4887668195754346,0.5099928908430023,0.40815894000089054,0.49532241856865633,0.438598010550972,0.43900126599764944,0.3989819886152088,0.44183358985574644,0.49757914515230783,0.43828615679364974,0.42612014185010144,0.4981306892146998,0.4805300835007455,0.7343477792778874,0.5007687770228559,0.47250223063289176,0.46396441766774266,0.5655201808460086,0.585085271371798,0.5649949755009128,0.5109489178690773,0.5479800532159785,0.6418040018972812,1.0081810879687467,0.4466680871884981,0.451257578574591,0.4570577166398214,0.6540507187015299,0.3132341681883664,0.03479677509965887,0.7258547163915725,0.3644209823389037,0.8739403605317625,-0.0007874327828113648,0.11125727062897289,-0.3523146244009109,0.08561449259097341,0.15528674961790656,0.10531672791524761,-0.04589375744223432,0.2290449493169963,-0.32122555485971427,0.05690167258692582
0.13203565023161806,0.7306854002428735,0.45679195671938383,0.4609836133203165,0.519123359866689,0.530880245057995,0.5102679509613811,0.5960974891410126,0.36499394330717366,0.5401337837079523,0.7544097173651337,0.572335308982077,0.5523415030709451,0.4704589725561161,0.4323538078858942,0.47990870150676357,0.5219307766852477,0.4683801098149993,0.42746962248261866,0.47167797466076544,0.45302764886783753,0.4567006604106044,0.3744503118738329,0.3775255683656383,0.45616598089203164,0.4805719885784139,0.42718022400108757,0.42243176585210906,0.4490045918945619,0.5463661452624331,0.4490978535775672,0.45616337833618054,0.3866408958370427,0.4793502981902508,0.49335446633267066,0.5100986459222844,0.4119529470830457,0.48223431224410906,0.5956258254813896,0.7039560995070245,0.3529417358604473,0.44599668430264994,0.4515386644046569,0.5186190108106461,0.26485703875897015,0.11076717657955422,0.5743258274835716,0.27850785464965483,0.7234849810322886,0.09199988164587747,0.04151410528215869,-0.24286529010813668,0.0546771555937546,0.021570714784792416,0.013796031106317913,-0.016497902008535466,0.05696215551705376,-0.00033208309003850746,-0.11458987243333069
0.17541236853172834,0.7880057926877668,0.41359290116152697,0.46983949635689504,0.5131508968150412,0.4916120181539587,0.5265590503506101,0.46808197376317856,0.34503517349451135,0.523466943784645,0.572335308982077,0.754821152246403,0.4913185545215133,0.4811817503659063,0.4369628092923857,0.5005939448521199,0.5005390084627894,0.38997177656828763,0.42860780092743156,0.4103114943709102,0.4282973400675399,0.45655210229892934,0.33291533981390536,0.3472195908402927,0.4458630193681719,0.4196415413711944,0.43760815151241,0.38996566345302935,0.38355399859716743,0.49280382497069064,0.41683666113203255,0.47465543040924163,0.3721133956473861,0.4649658854321597,0.3703599059141253,0.5110671684202657,0.3304654582769623,0.4558052442689192,0.5629192250750304,0.7110215255704504,0.33125501639865873,0.426937214911098,0.420207019843955,0.5157572995323,0.2631115194187948,0.1036775615462618,0.515374018359497,0.2612600512415339,0.709413605157708,-0.04220369931906919,0.06266840736177542,-0.16841431763601572,0.03481098170287253,-0.002251347703818526,-0.005610254682808371,0.041575791664613365,0.06113824872547533,0.07714209961796878,-0.2680864335569933
0.10560596891766609,0.7582965722555575,0.5026633443722176,0.4476472245434825,0.5386699089111421,0.5222704728059253,0.4989529951639411,0.576203832088985,0.45473349708809946,0.49842166784792136,0.5523415030709451,0.4913185545215133,0.7841421543470631,0.4342791351676216,0.3054549083927306,0.5172240821556683,0.5095303859731358,0.4554577639619161,0.41776630131747494,0.45977648805780647,0.45418467638094057,0.5312053669638914,0.37361685296820457,0.4150858616125597,0.45819100713402744,0.4530437768549473,0.4407956735830029,0.47129558617262923,0.5150005095403458,0.5706331895681404,0.43127906646138475,0.4426470997304163,0.41374248002208963,0.5030010959136485,0.5487834590341022,0.5406364676893894,0.4616458841948424,0.4481449907886396,0.5918664206542997,0.6627914813211007,0.3735401996727224,0.44414416028736736,0.39726009048148875,0.5694378005114574,0.15643613094633538,0.09876400787445608,0.5591195041440382,0.23839850306743746,0.7588573664475583,0.21244214425913444,0.07419604567660851,-0.33871033962091834,-0.03571895058715918,0.020562377775588413,0.10725045894408496,-0.07494174700032978,-0.029847004836877352,-0.37380374326511956,0.34068344514089516
0.2376844717388484,0.7568371545435307,0.5025600664158993,0.39361561251205196,0.45788930000185735,0.4952971793046097,0.47966769314382407,0.4938325449792311,0.41272938776118995,0.47078191071719244,0.4704589725561161,0.4811817503659063,0.4342791351676216,0.7345755137558838,0.46993405945607303,0.48111168764837475,0.4675819435234549,0.4380072042303555,0.4226601015898064,0.4517694258085264,0.45771725554560466,0.4837096301658737,0.32489179923989225,0.3677089994312498,0.49045005728531016,0.4846490155253514,0.4226256718063699,0.36273113967209974,0.3905155408766892,0.5261593257050651,0.4371302487739746,0.599003970350707,0.35406611543651734,0.4611754910025642,0.36983191684731487,0.5006895086239148,0.40309855997427924,0.4833708827316662,0.4727139481617142,0.5597558779286084,0.3675843948133897,0.4489342606584145,0.45913195058618483,0.47540836603978043,0.31276569435175056,0.06869150102410215,0.5595747112352875,0.28151760249837277,0.9821392294434311,-0.02786126904925258,0.1098761540846039,-0.20504357503638965,0.13606349443150945,0.003077113047927887,-0.0994646752824406,0.001642335556181515,0.19386063679811802,0.10420118230909697,-0.20320618569514962
0.1970548803224667,1.0908601545984649,0.32188932653750973,0.39505878762617175,0.49054057679984764,0.3848335611231931,0.31365695351751743,0.3576529515506944,0.13927966224626978,0.45003307727083547,0.4323538078858942,0.4369628092923857,0.3054549083927306,0.46993405945607303,1.0496679946267053,0.30208719723641375,0.39775166029443204,0.48839232330375515,0.4395165578713019,0.31544319557145717,0.37446440216565413,0.24090687777464848,0.33643094999407674,0.2838163748758374,0.4601795853789494,0.35857637898938227,0.32685689990545014,0.2839568204220391,0.37088363984252204,0.4321721207854441,0.371059934820807,0.37784404100078534,0.3409815459424214,0.3834745349932659,0.27995347188684716,0.4582043864076926,0.38885181239353267,0.27923388769663177,0.3354599572546119,0.48080942265594884,0.26477140887785916,0.34518304761165586,0.3513390324580307,0.29236652424593745,0.2095131823770081,0.059843690350120465,0.5010486888153123,0.2899467631116892,0.5849893470609316,-0.18557257060083637,0.052642754369864604,0.0219109663113085,0.172407322535818,-0.007490247884889738,0.03649277452572982,0.08892032029426954,0.06798167766465457,0.0637411739640163,-0.2271591613286618
0.11973480639630803,0.5048623580754847,0.35741290388184044,0.4464914950999464,0.5562234046198146,0.49445451900930104,0.49983257938163894,0.5004160703594055,0.3507211418368307,0.45813448553702335,0.47990870150676357,0.5005939448521199,0.5172240821556683,0.48111168764837475,0.30208719723641375,0.9227935817780476,0.4909834921169261,0.43948984996089124,0.4795271959570661,0.30302500046655756,0.4053827761868458,0.6444491862210818,0.38350741915329234,0.3793256590264937,0.4235249486004643,0.3559814898742816,0.45148686089879947,0.40193612292353437,0.4306857873819645,0.4752464638694473,0.3856467093159283,0.4959358387384507,0.3332296412743804,0.516120220779493,0.4029636845515388,0.4855190305074505,0.3493853328374033,0.41073773767302785,0.5322168276632699,0.6543166817287095,0.3129132062229417,0.46214084314487536,0.3766021362169606,0.571630614340165,0.19832334024722165,0.053937480690398686,0.5222976571474784,0.10560728153304884,0.7527972685898976,-0.06745437508374126,0.05260140683777239,-0.17553687596610282,-0.006881902971037194,0.012861108156132946,-0.03707201843626941,-0.0538374097945669,0.009301422020892902,-0.005583935559359949,0.06385673702715787
0.11040073249415588,0.5895823527411281,0.4322926642449267,0.41564710107314295,0.4657326011773778,0.511487701903791,0.4902544088825408,0.5134018025694717,0.37926545882997986,0.4887668195754346,0.5219307766852477,0.5005390084627894,0.5095303859731358,0.4675819435234549,0.39775166029443204,0.4909834921169261,0.771972618758604,0.4555619825813025,0.43918188308461126,0.37440242763235676,0.45255157638063226,0.5027949342434506,0.35281305564035415,0.35961031604474963,0.4875429675544951,0.4493914276546409,0.4028736184974906,0.5615055108135616,0.4355310543902104,0.494824821525719,0.42398876326193746,0.45284024073464174,0.4124269506053342,0.45924214318922374,0.4914293798825739,0.5157157667168344,0.4108843803340972,0.4828179132626181,0.5394124414089576,0.6835381356153161,0.3510558738048136,0.4428384207911444,0.39619486573140245,0.5332603998262554,0.2619813564692476,0.04286730338180548,0.55587520433233,0.224447002387077,0.7145626228154566,0.18908716346589158,0.050720511492209706,-0.11701975335931253,-0.10257986135056193,0.039001300830543435,-0.08088264369928636,-0.0365500436188133,0.024818382297918235,-0.02635475233379594,0.027946568264336388
0.32498936915086146,0.8667004560213559,0.5696507662536527,0.46039638191843835,0.5149237074928005,0.48981291456042725,0.4641012243020281,0.6177444782957406,0.3217684340042329,0.5099928908430023,0.4683801098149993,0.38997177656828763,0.4554577639619161,0.4380072042303555,0.48839232330375515,0.43948984996089124,0.4555619825813025,1.129956643681378,0.49414912320283216,0.1925441166150665,0.46038612683203045,0.3943883428897295,0.4711331522126813,0.27120678747722127,0.48467265221177613,0.5471570854310003,0.3629884644812167,0.3542698917990104,0.4197897430156371,0.3831786218754246,0.45468738022704613,0.4063384377338872,0.40908842032268106,0.38384437303340385,0.27639062675815623,0.512439190461267,0.3867109782474537,0.38482797463662055,0.3776360766894531,0.48230964040743135,0.26472823872871576,0.37905706327469896,0.5992262108294872,0.3790249909547458,0.5022734529129275,0.11457302755369037,0.7509649964104098,0.23571811075236226,0.5608696289665281,0.08566330187720084,0.2325150485122397,-0.16953352998775933,0.006451661136288553,0.006559053014082276,0.072337652443612,0.007876394859007572,0.19513601342933948,0.5204655552306484,-0.77132050619152
0.14822333386329112,0.5727592988778317,0.3566823728498078,0.4550217221764125,0.7371377256598105,0.5911512339351656,0.33698211928279326,0.5300690566020938,0.28804888567544196,0.40815894000089054,0.42746962248261866,0.42860780092743156,0.41776630131747494,0.4226601015898064,0.4395165578713019,0.4795271959570661,0.43918188308461126,0.49414912320283216,0.9192261894502268,0.3010450776149993,0.4164240208539231,0.43769989466319253,0.29951870450183116,0.32013417345550443,0.3699928240156541,0.3564986686978748,0.36152775775699364,0.43070353014319557,0.35725474316938555,0.2952335994844443,0.40289043948409525,0.43329490717763297,0.37481180663496355,0.4432684179654703,0.23283946181452111,0.49067222942918787,0.3568564359913735,0.49865282949383594,0.41618136175596204,0.5558305330742406,0.2285271232287633,0.39076217780425515,0.37477369948539824,0.4382487427144844,0.31803300807661095,0.08231423324525877,0.4301850354683412,0.2325740475693234,0.4772074397906275,0.1303729363400861,0.34334728058850805,0.05637523421168804,-0.31400880605745785,-0.09771849152778257,0.00809656812058769,-0.07617679899326517,0.061610644528714356,0.02220998144571353,-0.014174005750780885
0.12623910272463984,0.47819138775223274,0.46066432110483213,0.35967007665813416,0.3881082269919687,0.5028287422445556,0.33062579808357473,0.4876759930385903,0.33861562600388995,0.49532241856865633,0.47167797466076544,0.4103114943709102,0.45977648805780647,0.4517694258085264,0.31544319557145717,0.30302500046655756,0.37440242763235676,0.1925441166150665,0.3010450776149993,1.4957888875571215,0.4105792446424844,0.2865552837610775,0.07386697059810407,0.3730788007149889,0.5045500993190816,0.3610605780100732,0.46773889754641146,0.49414443408278197,0.4981841298966182,0.8698623742932333,0.5486120754447361,0.3877509200500702,0.3992893948691981,0.5644268500943613,0.7063161456722237,0.3928655489346425,0.9919742240786841,0.787033931351987,0.638524779321599,0.7817422221908157,0.5365109626306895,0.5429129536463211,0.7863612323282818,0.45211895830507187,0.7648139522333722,0.3526639569001756,0.517310978009303,0.5107628429192773,0.8031225524596184,-0.004377905702849178,-0.08088991683818612,-0.3133372678760329,0.20121052352092283,-0.009335854454694913,0.22486783941770075,-0.1037640411917663,0.03347928313992329,-0.24485654360419812,0.17809485309354037
0.20946962248879653,0.8880433625117744,0.4575112205583227,0.3879407058790703,0.44522646795381726,0.44602692851738646,0.4504845931974657,0.4383996642844208,0.39106477711603627,0.438598010550972,0.45302764886783753,0.4282973400675399,0.45418467638094057,0.45771725554560466,0.37446440216565413,0.4053827761868458,0.45255157638063226,0.46038612683203045,0.4164240208539231,0.4105792446424844,0.8659260326400543,0.4135372560386216,0.2869959883916769,0.2997007400985029,0.4577405645646635,0.42266797539683115,0.3633803099684325,0.4467219362959241,0.38972558323654855,0.5995994068836112,0.4310867856396582,0.4602499274167452,0.3472026277439646,0.41727340054074674,0.4952773624400846,0.4118922872116784,0.4429502776468712,0.5073804848991913,0.5391197006770208,0.5727692211975366,0.48032742177635174,0.5098427831594121,0.4814962518141938,0.5619098301886069,0.6386349737968137,0.05243046273065083,0.5744664405055475,0.266956560694325,0.606581683677497,0.1274995282133752,0.1610094007341558,-0.24023647212742458,-0.06357115501252247,0.005870843148215531,0.08757959309606202,-0.04394224305774847,0.09009357796290716,-0.011257790266827855,-0.09933160640821827
0.20274954196526054,0.6235208464232076,0.5958565697575008,0.3666089938058862,0.4569000578067518,0.5195658188187103,0.5194827446448108,0.48105679501875315,0.6002096026981717,0.43900126599764944,0.4567006604106044,0.45655210229892934,0.5312053669638914,0.4837096301658737,0.24090687777464848,0.6444491862210818,0.5027949342434506,0.3943883428897295,0.43769989466319253,0.2865552837610775,0.4135372560386216,1.0599064999246608,0.35432683610206095,0.3851133487033463,0.4220584878084069,0.4525802602521224,0.41214371931705795,0.41942865308076865,0.43940179516495015,0.4274630813064421,0.388895254833906,0.5272452558792271,0.3613135052998344,0.5002214281303803,0.3812124086711118,0.4635694742736303,0.3606355211852057,0.4703319658851358,0.5174003486655274,0.5026531688708781,0.33150908922577627,0.4359500284378522,0.31381336414106736,0.5956857430186226,0.143338260178242,0.16485758418714566,0.4794206317104553,-0.17575483160651498,0.8828558353434528,0.009992260481000775,0.06839340133247919,-0.2108530703686312,-0.11288684444268442,-0.05790612064311575,-0.05446213059439776,-0.0015198358514217033,0.058871388812666764,-0.1170035765131001,0.07585458664773193
0.12329604876074575,-0.20268018531711396,0.4177112519394404,0.3584188281778239,0.4228568668758904,0.3569018473674211,0.37192216395725136,0.3859549663507598,0.2874110941029338,0.3989819886152088,0.3744503118738329,0.33291533981390536,0.37361685296820457,0.32489179923989225,0.33643094999407674,0.38350741915329234,0.35281305564035415,0.4711331522126813,0.29951870450183116,0.07386697059810407,0.2869959883916769,0.35432683610206095,1.516384111426258,0.3804392216893416,0.5774323231041766,0.22115288453442714,0.22955306705393452,0.07021593218225955,0.5876506993130346,0.41378980128191095,0.21834650465431793,0.2695183646324057,0.3339716808275616,0.4456775092876609,0.076374925602285,0.6746696939883196,0.1381536292161086,0.06064399805988871,0.4898404337366935,0.5583188533944516,0.2296640187991908,0.24212818879617576,0.1886583760120549,0.5443868307885124,-0.2537482339650363,0.083082060852905,0.5121802956195374,0.28176319724117405,0.6554609741858201,0.208883206245754,0.023790949106864002,-0.25621705438067904,0.09247841881809025,-0.0008866112279732503,0.0069194852053970305,0.009471050333666416,-0.03241357603368712,-0.21235818959073724,0.1816993029419727
0.09068739219925309,0.35959367077120447,0.42893390380088775,0.3014909216112904,0.3604951311565485,0.3873177012490506,0.32486640313832377,0.3308406809317051,0.34740653084702355,0.44183358985574644,0.3775255683656383,0.3472195908402927,0.4150858616125597,0.3677089994312498,0.2838163748758374,0.3793256590264937,0.35961031604474963,0.27120678747722127,0.32013417345550443,0.3730788007149889,0.2997007400985029,0.3851133487033463,0.3804392216893416,0.736237817570203,0.3429867715697559,0.1710783528682405,0.3231825958147467,0.43943698157090877,0.36141988390223334,0.5592906641910481,0.4359029783042148,0.40182002366548386,0.4900639237617705,0.4466908044697115,0.4556634995709056,0.5633188436157043,0.4121750700759254,0.3662184799296124,0.5177520902320274,0.6375698297381002,0.27628620553756644,0.3316874826318968,0.1488346813071796,0.48328710788237633,-0.043643079504378915,-0.0010265557577059127,0.46948320529642695,0.2646360212992435,0.6846241517716586,0.05960347472293117,0.0932998658432317,-0.22659581724000294,0.025910246412476995,0.008352848792310167,0.2000214814939289,-0.06768613616061106,0.11373383915065431,-1.0814607746875984,0.8610151904381644
0.2766327782411448,0.4851704832894618,0.4845246391901069,0.4086309938754319,0.3562126264283783,0.4997385614664408,0.4737784922479865,0.4429243908710629,0.36442354006418604,0.49757914515230783,0.45616598089203164,0.4458630193681719,0.45819100713402744,0.49045005728531016,0.4601795853789494,0.4235249486004643,0.4875429675544951,0.48467265221177613,0.3699928240156541,0.5045500993190816,0.4577405645646635,0.4220584878084069,0.5774323231041766,0.3429867715697559,1.8336182012290716,0.37869339584294015,0.40833183328886336,0.5419234476308259,0.9231120707871666,0.8711141248685229,0.499168458776702,0.47282987934263854,0.39880209629679114,0.6130780502429445,0.5749661219611206,0.6813516959319669,0.5897684038977656,0.6456992998000628,0.6300309091202162,0.4956153281088736,0.543329188090495,0.42839464214047934,0.6094400621541249,0.6263909081058332,0.35504577650176744,0.3712751081095307,0.7093866798087938,0.2076707849139631,0.1208576261129798,0.06530659319606635,0.04362672826032704,-0.13463921577665497,-0.14330746747222745,-0.026341761330852444,0.1579266278347392,0.06973165292262341,0.1857349905837808,-0.11409897734924623,-0.22907645502374624
0.182043457451424,0.9945525409116858,0.49619445895816516,0.3543344392802682,0.4392460639373353,0.49930897199988783,0.52305436596444,0.5814407728447297,0.5198242920766593,0.43828615679364974,0.4805719885784139,0.4196415413711944,0.4530437768549473,0.4846490155253514,0.35857637898938227,0.3559814898742816,0.4493914276546409,0.5471570854310003,0.3564986686978748,0.3610605780100732,0.42266797539683115,0.4525802602521224,0.22115288453442714,0.1710783528682405,0.37869339584294015,1.5210137964863932,0.33916733107451325,0.26473284106469447,0.3398702832662646,0.05948324834729839,0.26962934629784036,0.4655410094378191,0.3315480328320799,0.34154881058413006,0.2294233875746122,0.36499209694395673,0.17077133694746285,0.4374617289135144,-0.10412877501024254,0.4828455104795835,0.19866928155970676,0.5056461767343716,0.6280670132609874,0.2878238961929209,0.5702436015335312,0.03019404226268504,0.33092960589557907,0.2529685171877296,1.099156370951854,-0.049955889833128944,-0.045586447797141605,-0.09931742776090302,0.07257137510908189,0.12351032507974871,-0.07671721475604114,0.06405715772061901,0.06974792420562313,0.571870269448981,-0.6211740906135843
0.15883786629956204,0.5714332272691927,0.4152605715786299,0.3519841677645677,0.39282142487642646,0.4252387390675573,0.3897734661410335,0.4382087399389638,0.32072941465663873,0.42612014185010144,0.42718022400108757,0.43760815151241,0.4407956735830029,0.4226256718063699,0.32685689990545014,0.45148686089879947,0.4028736184974906,0.3629884644812167,0.36152775775699364,0.46773889754641146,0.3633803099684325,0.41214371931705795,0.22955306705393452,0.3231825958147467,0.40833183328886336,0.33916733107451325,0.690925372703272,0.4066538976410715,0.3511327978119797,0.47635474620345375,0.4376164816750627,0.4607935611358847,0.3841904313382456,0.43622480930127044,0.372268009243632,0.5208196301761538,0.41835490090972305,0.4830680400627873,0.4681752972076329,0.6569595818231468,0.3394762301722041,0.39738618081266686,0.47999699888349023,0.41784417855648925,0.2440129723903388,0.14963071191842225,0.4572662813533906,0.29269139029118063,0.7169607636144999,0.05782452867615337,0.03419328242776343,-0.10175478169876027,-0.023922319791746877,-0.006085187039408064,0.042428603203056664,-0.03223868613459264,0.10778520875034657,-0.05203062308301284,-0.042106193548960044
0.11661975235037088,0.5971422515431516,0.5088968091835514,0.3377954826281302,0.27997041544460044,0.45655124608683617,0.365370536864862,0.4167024509002091,0.3763445366805973,0.4981306892146998,0.42243176585210906,0.38996566345302935,0.47129558617262923,0.36273113967209974,0.2839568204220391,0.40193612292353437,0.5615055108135616,0.3542698917990104,0.43070353014319557,0.49414443408278197,0.4467219362959241,0.41942865308076865,0.07021593218225955,0.43943698157090877,0.5419234476308259,0.26473284106469447,0.4066538976410715,1.872923077082636,0.355167918602155,0.9243285069329497,0.6003602013701778,0.4543005902423456,0.7806763410758174,0.36230543474577354,1.200106370897245,0.5320493662437007,0.5453826681166313,0.6800801324768114,0.6568510993405291,0.7027844036285779,0.6623425405225181,0.4213701812120779,0.3691682803305237,0.6992376973860537,0.046021827341171447,-0.045731555333337795,0.6341061356791651,0.33374626968570853,0.5107566936329131,0.3341429825860807,0.033440849889632446,0.513737876801122,-0.9344616384843276,0.051652972838812684,0.3581267529566688,-0.07856140521192821,0.11622132360791038,-0.8352694146417956,0.6381365858571861
0.14759363388710925,0.48246959349526847,0.5354875391189721,0.3999743291601862,0.43050947486311897,0.5406240577706601,0.4116791112645336,0.4650023025331207,0.36333417758641223,0.4805300835007455,0.4490045918945619,0.38355399859716743,0.5150005095403458,0.3905155408766892,0.37088363984252204,0.4306857873819645,0.4355310543902104,0.4197897430156371,0.35725474316938555,0.4981841298966182,0.38972558323654855,0.43940179516495015,0.5876506993130346,0.36141988390223334,0.9231120707871666,0.3398702832662646,0.3511327978119797,0.355167918602155,2.078412947884546,0.5136045676324598,0.17383778072567788,0.4214320821411397,0.2291829500728571,0.833505072403741,0.27540156784442205,0.8182514182993916,0.4632343474227528,0.18841032862687304,0.5544291609128682,0.5023908340357061,0.3669679394319513,0.354796216373544,0.37007661029789773,0.15848205142217506,0.056991147806302635,0.407611770473314,0.5054224959278748,0.10746561257813637,0.8328976560188511,0.5958025449039852,-0.3395113737180936,-0.03723784444376909,-0.4076999670628504,0.04461235279893198,0.06153092865639221,-0.030291198037975493,-0.09946027586334623,-0.24611133902679966,0.3336149570195144
0.3737401538496562,0.7268784357691059,0.715106161233607,0.40679806727856105,0.2869845635673901,0.4335958532874415,0.433435028013195,0.5522319414315222,0.381590742932082,0.7343477792778874,0.5463661452624331,0.49280382497069064,0.5706331895681404,0.5261593257050651,0.4321721207854441,0.4752464638694473,0.494824821525719,0.3831786218754246,0.2952335994844443,0.8698623742932333,0.5995994068836112,0.4274630813064421,0.41378980128191095,0.5592906641910481,0.8711141248685229,0.05948324834729839,0.47635474620345375,0.9243285069329497,0.5136045676324598,3.3331597686937284,0.698463544810829,0.4435668291710295,0.561430308585352,0.20302236680793137,1.6810727068924094,0.6807782301338506,0.7673883091766073,0.9671499353788829,1.4102180150885226,0.9818816691498554,1.418157262858121,0.5361450852989603,1.2305208706693178,1.1316911901476543,0.24866656720491778,-0.010290692236347786,1.7833460171637983,0.6283114533310388,0.83657516993876,-0.42806854962489255,0.41338134044320146,-0.9011846630074773,0.547980139009905,0.07179055867131635,0.5475351493105484,-0.20299978236722602,0.08199694030781497,-0.2972568334505203,0.09041976307829279
0.20513875215529537,0.575590056610821,0.42386718891557246,0.3735201338844851,0.4383876266339638,0.44476159098415063,0.3958830334266685,0.4201136778364674,0.3629423386464472,0.5007687770228559,0.4490978535775672,0.41683666113203255,0.43127906646138475,0.4371302487739746,0.371059934820807,0.3856467093159283,0.42398876326193746,0.45468738022704613,0.40289043948409525,0.5486120754447361,0.4310867856396582,0.388895254833906,0.21834650465431793,0.4359029783042148,0.499168458776702,0.26962934629784036,0.4376164816750627,0.6003602013701778,0.17383778072567788,0.698463544810829,1.1704495917023112,0.47817538327169073,0.5265745218867088,0.3730325787559762,0.5670043126322825,0.7890158058715823,0.6121501059747624,0.70724544693467,0.6362173402824988,0.6218306657662449,0.491648433288586,0.4271622147563434,0.3930808390876387,0.673511703313837,0.39888492000028886,0.12809919735708947,0.6283093048688408,0.3793852996735655,0.32759744826772813,0.10186773184921873,0.17313349154063293,-0.22577625949285135,-0.037932653026944464,-0.043174759353194286,0.24891077555504776,-0.002894246312816162,0.31026779779273944,-0.516656416952311,0.039325629012459874
0.23848721281703406,0.6719281140038426,0.4874152034838923,0.3752795471822165,0.4339389703872812,0.5048879577939219,0.47010963669453887,0.4572475132096894,0.4269828103378125,0.47250223063289176,0.45616337833618054,0.47465543040924163,0.4426470997304163,0.599003970350707,0.37784404100078534,0.4959358387384507,0.45284024073464174,0.4063384377338872,0.43329490717763297,0.3877509200500702,0.4602499274167452,0.5272452558792271,0.2695183646324057,0.40182002366548386,0.47282987934263854,0.4655410094378191,0.4607935611358847,0.4543005902423456,0.4214320821411397,0.4435668291710295,0.47817538327169073,0.8993985992930522,0.29411534026449265,0.48783140930047064,0.3057404820514566,0.542758380887278,0.3118720987853417,0.5149065834768067,0.4648065924981133,0.5081667880980226,0.40470937001175783,0.4538940028243647,0.3823672323019781,0.48123606230645727,0.3087978498875017,0.10925959818455522,0.4984272086235948,0.221791938230309,0.906731980777658,0.14185710312766586,0.0859512719997175,-0.0029959427361281655,-0.26224855679198733,0.02059060006004925,-0.056167604278020845,0.007893915790984246,0.41983874182600306,-0.16216443944699144,-0.20080587986870432
0.11808301278968433,0.5892250354005464,0.437940323258249,0.3318562455649256,0.40839515148405936,0.34707348953479766,0.34481523141752823,0.39129385606579375,0.32609481129997087,0.46396441766774266,0.3866408958370427,0.3721133956473861,0.41374248002208963,0.35406611543651734,0.3409815459424214,0.3332296412743804,0.4124269506053342,0.40908842032268106,0.37481180663496355,0.3992893948691981,0.3472026277439646,0.3613135052998344,0.3339716808275616,0.4900639237617705,0.39880209629679114,0.3315480328320799,0.3841904313382456,0.7806763410758174,0.2291829500728571,0.561430308585352,0.5265745218867088,0.29411534026449265,1.6526943733898671,0.20649633237045403,0.1191436157054231,0.6857883029685063,0.6092028658543169,0.6135297789996529,0.38856501455232884,0.7782005899529092,0.1305799092426353,0.47551774239209,0.2889166974642577,0.5482080086600298,-0.12404034542279163,-0.15331481258776122,0.5950290899219949,0.5480649694400216,0.7289837357361029,0.09785318824013593,0.2253950492586746,-0.26004621117702553,0.040410597956912715,-0.03200868953240789,0.3122498753277908,-0.0746602594470325,-0.06211951458427619,-0.6949376533695584,0.6154104813804175
-0.011194317000970674,0.5173778263097689,0.3706071694938892,0.4397613493146872,0.5213035315990387,0.5399060420929676,0.4504639514970243,0.4963561432094462,0.3681643677755249,0.5655201808460086,0.4793502981902508,0.4649658854321597,0.5030010959136485,0.4611754910025642,0.3834745349932659,0.516120220779493,0.45924214318922374,0.38384437303340385,0.4432684179654703,0.5644268500943613,0.41727340054074674,0.5002214281303803,0.4456775092876609,0.4466908044697115,0.6130780502429445,0.34154881058413006,0.43622480930127044,0.36230543474577354,0.833505072403741,0.20302236680793137,0.3730325787559762,0.48783140930047064,0.20649633237045403,2.0141269241291306,0.6223181211266255,0.42828115887096907,0.6862504792438803,0.47626873510776596,0.5751028749237528,0.6417223512900999,0.18591009001004322,0.44166811477806356,0.5344800178027103,0.613544884533378,0.35287377227406613,0.08763833695508907,0.36333010957513606,0.23551683857442393,0.9594059847010681,-0.19968026722330917,0.001759033194093573,-0.046697429883458125,0.04595035333012689,0.016688519108216116,-0.06178565103809555,-0.001864121699746369,-0.08873378652120677,-0.38041230057933584,0.5254422798430773
