0.7556262194695949,0.17983202091995967,0.20191302390950006,0.05428543440286111,0.029903613062030904,0.08040760616876323,0.08060311987676903,0.061956117835135896,0.10195188843675002,0.0810957828038669,0.06810588505788079,0.07740721786258487,0.0323679952872661,0.07919039065526594,0.10599878149085543,0.06580687672989542,0.040020644478780495,0.10602591524190363,0.07528513064276184,0.06690275004337146,0.07436549671031342,0.08402170265998964,0.09015021230047127,0.04144251187320007,0.09327777192938344,0.06301334722339044,0.10223208716498089,0.014518475037644182,0.15441029401171674,0.004623500284194761,0.06451585130481052,0.07462260692314165,0.023411625582468367,0.10376797025922392,0.08184371079631404,0.07304928615096964,0.03069308711187994,0.038704357309132145,0.0584321993266418,0.02557074941434151,0.08285988036542193,0.06613040583065169,0.10528591472251331,0.019326696350928638,0.10931675317170679,0.11108722804432884,0.0571587423632068,-0.02019261005772158,0.0339907258102043,-0.05134571341697453,0.00576373167361089,0.005836246070065414,0.04170302363918308,-0.00833856251196394,0.0750570590132879,-0.012562581457376515,0.09639802814373266,0.11730099378104855,-0.28183393140645346,-0.02465013180478593
0.17983202091995967,2.5891952858702023,0.9624027667671163,0.3271625992300995,0.19744132128419037,0.11240287387778361,0.6552979290654608,0.29734462883838503,0.46178222882278464,0.5356195728726637,0.38580860765614455,0.3776419011174405,0.24339588128900405,0.2661246083921332,0.6132150805490427,0.28850651507086683,0.42067197505474163,0.608342209274912,0.3556065967633915,0.4312787206589893,0.4536993253095712,0.3442373006436378,0.13680552728564077,0.27363332672970103,0.2823184976307003,0.5935737710646676,0.6986720004426492,0.5843569981529121,0.5531517803263115,0.036113989778085054,0.3553004400403511,0.2650289423592025,0.4556389627279362,0.3392083935764559,0.25516953239125545,0.42777662826696117,0.5876309235738457,0.2536280999983907,0.06671352781933418,0.1056786670223416,0.5349197516099278,0.42136241869837787,0.46441044322231956,0.14491050380636253,0.3229986023567844,0.4579907073670554,0.2557779958290537,-0.05671789654304084,-0.018129294476782024,-0.320701580628978,-0.06132776286888578,0.09707272037440365,0.28666372619838715,0.04511633735385538,-0.42349602587626173,-0.03768909372583749,-0.44946238359414215,0.4879267402232202,0.3729717558279437,0.21814771215871115
0.20191302390950006,0.9624027667671163,2.2992855079690346,0.11299880109116137,-0.364387831408107,0.5620812875754162,0.29659807516829545,0.4729252291009152,0.7451113894441938,0.528511091834295,0.42333048736758344,0.3683604374181721,0.27176910272702137,0.2945411569942264,0.43268805291583284,0.28475918015630863,0.47826238811853883,0.44632193425665023,0.5289738109146376,0.36408191058297423,0.3826758781927871,0.49490738042027776,0.3208876659338861,0.30991163161479734,0.3295495510092763,0.5723493037784018,0.7453064362448647,0.546797677692694,0.5383547696404887,-0.32670894855387683,0.34333094680136267,0.33517814143281294,0.36131775573705205,0.4784683607346066,0.4704561373817302,0.3932219640850279,0.2769459092860543,0.21304680643790255,0.14302339304318284,-0.11388736944564094,0.4369967992163614,0.3613343078287704,0.6070197295142773,0.21655469077626074,0.5302072221450885,0.5292996363923056,0.06618802446833741,-0.07765841318539844,-0.2367593526173411,-0.18990036416887082,-0.0399490932896321,-0.05559010954137758,0.3189235385547142,0.013039107709876133,0.057284436559375526,0.14817414233138723,-0.04828018070199444,-0.2775165831365006,0.026760954260376585,0.2509702393604539
0.05428543440286111,0.3271625992300995,0.11299880109116137,1.1793460739743804,0.6396940635491193,0.34694784186221883,0.31964603523377855,0.3257068774125386,0.1657376600126237,0.23360310255882472,0.2671335810130228,0.34503312665395175,0.18810140648863335,0.24333416515353226,0.32844072415432024,0.3008463316961608,0.3146878164205707,0.34358586895959925,0.1486052404647689,0.29499766801419863,0.22097134320278272,0.22548954130002236,0.33227603421317076,0.22920687647361743,0.25558522682842016,0.3231522728726199,0.12826641674515557,0.37192545360551255,0.4116768777223113,0.12166975142773814,0.18411219739526524,0.19259563466801088,0.2570428717875582,0.27839220051878044,-0.08300383501565774,0.31200041771080567,0.33792201085577794,0.17684006890345333,0.18956314392944415,0.04715236311333431,0.2138148624205372,0.21521554527356251,0.07761573629577352,0.06810539549543793,-0.027117286093661597,0.23360620236023566,0.2356092979142986,-0.03545263108140966,0.05530096051695868,0.08328596214076833,-0.15717059783195114,0.1632079949267732,0.0177506341703155,-0.09828388928457069,-0.11381925308585102,-0.04679522861791971,-0.5194270814259869,0.5673810468981535,0.029731966370913257,-0.05134229644219181
0.029903613062030904,0.19744132128419037,-0.364387831408107,0.6396940635491193,1.6018375352866283,0.22696881881308248,0.44916552834141504,0.3375265806752866,0.10685998935329916,0.32661337342457314,0.28105736936213804,0.3634200644884637,0.21936741389228193,0.35680050321734724,0.3828113678057948,0.3823756182959003,0.305958837334177,0.3821717720485473,0.12120196971768787,0.34984584172874295,0.2376907817558347,0.2190355542330418,0.4424626624650696,0.2662286390062944,0.3064026907347833,0.3027693104249372,0.022477604123791604,0.3596031769417598,0.4544748570559162,0.10528679087942103,0.1887070730951931,0.33523786494892716,0.19550363080338953,0.3345460395884177,-0.07337458323892537,0.23641197991838014,0.27914262625773356,0.20626666899055335,0.21733745267945184,0.22356377467851418,0.2572610604806855,0.23688929440760018,0.021011165639762304,0.05382193431775611,-0.14063025803332552,0.25155483524037026,0.23025615771251728,-0.02682680827129247,0.5807950314415541,-0.009540218372891335,-0.11874757601991227,0.17883133523405095,-0.044195363419584036,0.0018692906350178656,-0.1673200095256291,-0.11165208467472774,0.05252714462614029,0.24660717637978696,0.007534184100770569,-0.0843677534810142
0.08040760616876323,0.11240287387778361,0.5620812875754162,0.34694784186221883,0.22696881881308248,1.2956952319513646,-0.14439522277877603,0.6448094159133266,0.5006344316914151,0.08690885001138784,0.4107990453109593,0.3353056416989628,0.24046428076282628,0.34188084853054207,0.41717933635024484,0.29689607677851754,0.4317147608071014,0.29159809222637123,0.28467670314609383,0.498234028712926,0.3190383281302204,0.3737059013575503,0.21647534334658305,0.2580002381826067,0.36296471505759564,0.4834207487626265,0.35926229716480984,0.5563477095993168,0.5131282449129608,0.010458296018461552,0.24290534782176673,0.3695850487565385,0.029765034629718263,0.4568848226322595,0.3541992918153794,0.19808016496337552,0.2017258501531992,0.2752576649958712,0.31801856349601887,0.1841429269801657,0.1818438729321796,0.29901526020286967,0.37067322256249424,0.18788916067974668,0.2813626203502743,0.27166767696679023,0.18693546851479245,-0.022456226448795948,0.5418176273875569,-0.03434053510519003,-0.13339536495591314,0.08947232773706967,0.0683720592225144,-0.010013821499885112,-0.03735260714919547,0.010613553533862083,0.16099088788964472,0.19280999061055654,-0.305089808510376,0.0772623808335435
0.08060311987676903,0.6552979290654608,0.29659807516829545,0.31964603523377855,0.44916552834141504,-0.14439522277877603,1.2286196583074287,0.0953325805673799,0.36583436023766935,0.4849944627031344,0.340762011000183,0.46298949809306567,0.2134898376464268,0.33237296378306397,0.22932304622680483,0.3599051245183021,0.3433678411857391,0.4266159051646411,0.2724192073829296,0.36027506123838016,0.3181244263795215,0.38091544018154616,0.5715165947246104,0.3591983111218434,0.34459310447223135,0.42040674071509393,0.3884952644456723,0.33795820991986775,0.45861307097769294,0.058637098522392926,0.27221890877262295,0.34206214325374285,0.45625878381054935,0.3450067680713399,0.19202867234379406,0.2798913628211482,0.34899254201627095,0.20450786310076285,0.1509176306188137,0.12584443093729852,0.3821047769938453,0.3126647552937027,0.3729920798510137,0.08227387680534101,0.1257772878243916,0.36911459981105016,0.19171584257310445,-0.028525451615283824,0.46762914054336563,-0.10178903814875641,-0.12499991898812043,0.07057158492315371,0.15050329565360243,0.005268871282508621,-0.19205320835493045,0.10733124310215673,-0.07354739962314641,0.23520383506353917,-0.13907072513476698,0.10782703420451364
0.061956117835135896,0.29734462883838503,0.4729252291009152,0.3257068774125386,0.3375265806752866,0.6448094159133266,0.0953325805673799,0.9901950424353355,0.26719096989710805,0.3124322462587349,0.3682260092537207,0.23865899838405233,0.22810669219633922,0.2857900802957969,0.37308783213074903,0.2848191663418209,0.44937935181849736,0.3789973604729066,0.26431330043211065,0.42799507062371517,0.29014889676928546,0.2788601379304111,0.3120238279271432,0.2628741057758803,0.36844792662149733,0.4269744146734727,0.3788968684198962,0.5457284326958681,0.39510414775432884,0.11148861960726889,0.24981883376317635,0.2994085767342718,0.18242681111426617,0.36568265313873694,0.36535227388470004,0.19473243042415248,0.3028096912387021,0.2376306956787276,0.3979135118524224,0.2319189271115783,0.2751393651813777,0.2852860315671361,0.35453098459718807,0.17452428195805217,0.26903281249438077,0.3046706310972997,0.23831239547936092,-0.013570473271904776,0.6048183152599474,-0.03299495850878734,-0.11810131833249002,0.1156641990690256,0.12767249324728297,-0.03116027502543749,-0.10890252093634405,-0.08347540407863668,0.15701052540781643,0.33257331471975476,-0.25821946106953064,0.0970484136736896
0.10195188843675002,0.46178222882278464,0.7451113894441938,0.1657376600126237,0.10685998935329916,0.5006344316914151,0.36583436023766935,0.26719096989710805,1.0087246196356272,0.23109435084504715,0.32173819571290063,0.3033389950419792,0.24398370497426441,0.39063836311614913,0.19099897618613482,0.3089151895827125,0.4111029258042755,0.37448033914505346,0.4339535772336867,0.39626958848154425,0.34962600942659877,0.5811253795604008,0.4646240108304022,0.34831935214017545,0.2856528230939776,0.5731701894209812,0.533170993057087,0.47263514277895224,0.438189258398088,-0.07935058084650559,0.2855865466771247,0.3880306981252096,0.3902386122627265,0.4297411306630944,0.2886615552619291,0.29487480434839386,0.21056443117842222,0.22224087233089984,0.14682926952555242,0.08622819113886618,0.3227506661017342,0.331526547201906,0.5463742718728994,0.1127225662779011,0.32401941160078235,0.38594578278775804,0.160336808468844,-0.029606455125936938,0.19235316564155694,-0.19330206454324328,-0.017819876983294253,-0.07318849037150355,0.3894454945463302,-0.0624259432227687,-0.047964660124385945,0.1796550828602853,0.06809886777539548,0.045092328573148314,-0.2689146319245274,0.17539745074579444
0.0810957828038669,0.5356195728726637,0.528511091834295,0.23360310255882472,0.32661337342457314,0.08690885001138784,0.4849944627031344,0.3124322462587349,0.23109435084504715,1.1109462203471188,0.208659446243691,0.3039089513450579,0.1671240127251427,0.26313474898190453,0.42963038684932053,0.3149267270597509,0.443359868478087,0.44810664460864047,0.27260644456839084,0.2608340656610172,0.2378932217895204,0.28063284122364446,0.47887268394330684,0.2776850949568906,0.34222127310948913,0.3338463018472845,0.4465856814396143,0.4317227102666453,0.41200397231799535,0.11604540009512312,0.2567001237070279,0.2659542458740187,0.24555095453153372,0.3523687635475122,0.277104749601091,0.31572705862313505,0.2338886027245095,0.14742149915021227,0.1667218237299264,0.11544339141960316,0.4320709796814497,0.2533073439613803,0.3293538689990835,0.1260379611153044,0.16737786283578585,0.3642869868314664,0.22574894933230663,-0.0605834301703178,0.34998063636427545,-0.22286417119342994,-0.09167846916901636,-0.2417086085232969,0.455859517515209,0.16790484105398298,-0.1327213091205688,0.020157898458095402,0.074041463854973,0.06260697061295303,-0.035544459120357225,0.1894321962878261
0.06810588505788079,0.38580860765614455,0.42333048736758344,0.2671335810130228,0.28105736936213804,0.4107990453109593,0.340762011000183,0.3682260092537207,0.32173819571290063,0.208659446243691,0.6531501767836915,0.39247196108699356,0.2180940817116871,0.275405606354935,0.3509982233681287,0.28637929088571945,0.39680453886039946,0.330051557289336,0.2387250906483836,0.4631788550629784,0.31685838070775435,0.2896181239949462,0.32088762675795285,0.26752341390970147,0.2955858887479716,0.4256568447364944,0.3543237264167858,0.4263465253018789,0.4108698550544059,0.019630006161040173,0.25934210556876897,0.28854634852696553,0.2277240090355516,0.3632668739394083,0.36663685203128565,0.21953220570507928,0.2524102781541371,0.24512442448327032,0.25577080266237284,0.179320796048978,0.2827907472618312,0.30730518827186604,0.35968534993697926,0.1256501358075865,0.2975120257041636,0.3136903629962542,0.17994783668943046,-0.016917927768949927,0.29530535253511325,-0.19685937448102125,-0.05892860429274685,0.025460261788258266,0.2756483725485661,-0.0012895559530766256,-0.0944335866174148,0.03131949625354801,-0.002243447170001881,0.17556660680893676,-0.15406329374504013,0.11867386143435346
0.07740721786258487,0.3776419011174405,0.3683604374181721,0.34503312665395175,0.3634200644884637,0.3353056416989628,0.46298949809306567,0.23865899838405233,0.3033389950419792,0.3039089513450579,0.39247196108699356,0.676463552933774,0.21014246793173388,0.33213094336762367,0.32373717783336425,0.33346158902511003,0.36816572239721523,0.2810184363759102,0.2560949324002843,0.38408332725116817,0.2684912101103476,0.2964262472283721,0.3298198067827465,0.273078621247682,0.3416796720257125,0.389130579281625,0.32013732846516274,0.32411130778907715,0.43921493950683005,0.011071268497167785,0.23980068568323887,0.32949757780857997,0.25520339796065933,0.3767499388634395,0.3012839575168095,0.23469456434357497,0.21294540575932938,0.21459585625494737,0.22130892796928583,0.12221085856741346,0.26780690265166524,0.2696097140211103,0.2860726746738885,0.10196838468664497,0.18252288359598742,0.30946408421029376,0.11727161873713914,-0.017806482158511876,0.5395983222673327,-0.12642663146851804,-0.061451843795107694,0.008896715102493931,0.1937990054021558,-0.04030544386968278,-0.12260799889490648,0.11045812668701215,-0.08075051599133636,0.22584255948108065,-0.2740093445257987,0.05038680872870896
0.0323679952872661,0.24339588128900405,0.27176910272702137,0.18810140648863335,0.21936741389228193,0.24046428076282628,0.2134898376464268,0.22810669219633922,0.24398370497426441,0.1671240127251427,0.2180940817116871,0.21014246793173388,0.39047949688977707,0.25639093001609475,0.10313714780891318,0.24387244923122678,0.24173589474492255,0.18967771142107695,0.2356374014976985,0.2029649767415468,0.19158449917836975,0.26936712949853225,0.21482895565346347,0.2314107405336796,0.18151075680486267,0.23262951171280136,0.21427571754963437,0.2526053490402201,0.3042077454893714,0.05432294979582601,0.1598788376813523,0.24079715866912607,0.22994100241253312,0.25177278177718615,0.21548357071865326,0.15352644406361882,0.19568318271342555,0.1183284841048858,0.1860544404370106,0.08530552845231253,0.20137433361985027,0.1921915075466931,0.23446177445449246,0.09849550860839529,0.11019793069883593,0.21856365540886608,0.12163076652479728,-0.009277386351364724,0.29027082966530315,0.10291039434049488,-0.03272010139524911,-0.13094911613967522,0.10470939385700902,-0.03643152169226158,0.0011360323662729507,-0.021512595737210708,-0.016702501448229438,-0.08817364114411194,0.10976353923003748,0.05253725802906045
0.07919039065526594,0.2661246083921332,0.2945411569942264,0.24333416515353226,0.35680050321734724,0.34188084853054207,0.33237296378306397,0.2857900802957969,0.39063836311614913,0.26313474898190453,0.275405606354935,0.33213094336762367,0.25639093001609475,0.8420813869996239,0.24652177100355452,0.46593725296844535,0.3457353211788251,0.2550306201679997,0.2632447532887834,0.4322941520033341,0.3281963813340456,0.39562182885040537,0.3697565099506672,0.3728170505476708,0.316815430233914,0.48640405618774263,0.2904864232155212,0.2893908114865227,0.5361088217336568,0.08705419861962464,0.21925372718392447,0.5926061351858136,0.21908064641668842,0.5411667502262906,0.3215168297063429,0.23557628877507883,0.1296718000241766,0.25489016045460516,0.1002567835445546,0.1848476429804974,0.42195010860189136,0.32831096666388154,0.444829708648931,0.09617143864402052,0.18549261950802956,0.33947862886285657,0.12411032625880979,-0.021543332581387103,0.6971383391658644,-0.18623043088500113,-0.05697299728615719,-0.41509889320488613,0.7204603517424518,-0.06549490429591055,-0.09604093644129615,-0.009085238486484966,0.18000076881944863,0.07849446020278592,-0.16770291393006675,-0.08986888965771493
0.10599878149085543,0.6132150805490427,0.43268805291583284,0.32844072415432024,0.3828113678057948,0.41717933635024484,0.22932304622680483,0.37308783213074903,0.19099897618613482,0.42963038684932053,0.3509982233681287,0.32373717783336425,0.10313714780891318,0.24652177100355452,1.0748765479174256,0.23596366310767353,0.3928162903052653,0.45713505998766407,0.19930888061640284,0.4618345681005286,0.31917007640304884,0.16549015149938096,0.4925798661641562,0.31529436895951846,0.4259991412561247,0.34696072159096625,0.32668493740351495,0.5506718084453129,0.4840405237549649,0.29587030260061514,0.2754635506305531,0.22431042088770284,0.23533962767732092,0.40521387704480305,0.2411375740999336,0.3416099728381622,0.3741856124250136,0.24295589080348384,0.24411979517400906,0.15307572451505738,0.4029157078994837,0.31147030585731444,0.26620027512150995,0.1142846448127632,0.12638502761791104,0.3771238153306067,0.34011903743089367,-0.05905576298784214,0.42168804525049547,-0.27407873448431036,-0.1784765109466428,0.1972326614254331,0.31370609803536664,0.006115114789986887,-0.10459531764811074,0.002448189559887239,-0.05673783005915493,0.28755540698249954,-0.07451048917757842,0.046243537248524404
0.06580687672989542,0.28850651507086683,0.28475918015630863,0.3008463316961608,0.3823756182959003,0.29689607677851754,0.3599051245183021,0.2848191663418209,0.3089151895827125,0.3149267270597509,0.28637929088571945,0.33346158902511003,0.24387244923122678,0.46593725296844535,0.23596366310767353,0.6928721517685547,0.3789177349833669,0.29948009091197486,0.3521203561756225,0.32873829667798943,0.3008621796135247,0.42769699008175494,0.3752387979724868,0.3015850811460435,0.3293873092647696,0.33613081690714575,0.2819126425188412,0.4084399555408947,0.4833506998591667,0.08719747255399234,0.21311617813172545,0.3978850234398538,0.23701412516240147,0.41454027658120707,0.3815321902930369,0.1931994577147963,0.21983843293939984,0.19379725118128893,0.20263695234642776,0.1792033774044324,0.36680389725720114,0.3076670218159177,0.37897349873855446,0.12801953852085585,0.19063142851114565,0.293204565547037,0.1689521708417798,-0.011181044872464173,0.520246197875878,-0.14223158130188018,-0.08250686636289156,-0.0900362460230722,0.2754945696234227,-0.026457378544729876,-0.08085379917359087,0.010484095966524835,0.006609968184593565,0.13565806933524563,-0.10178458405241,0.0045980033622880475
0.040020644478780495,0.42067197505474163,0.47826238811853883,0.3146878164205707,0.305958837334177,0.4317147608071014,0.3433678411857391,0.44937935181849736,0.4111029258042755,0.443359868478087,0.39680453886039946,0.36816572239721523,0.24173589474492255,0.3457353211788251,0.3928162903052653,0.3789177349833669,1.0212798967468455,0.37579830234942146,0.31357465447399596,0.6380362183870721,0.34689083697814155,0.4019092293244445,0.4026546008339714,0.3264197764047317,0.45959200874779604,0.45212523394306436,0.3780607511308606,1.1505698709838812,0.50166457919681,0.03674576267427536,0.30185851628443056,0.29855731701234006,0.49917766455347173,0.31813258069157935,0.32113671958702567,0.1463955244120003,0.5875790961509856,0.3446475550406355,0.2730450580899689,0.1649261488293373,0.4076424403923122,0.37089359648841086,0.42145105462479365,0.12411348587723313,0.2635765263580845,0.3657471838929042,0.21199105148271286,0.01172638110251876,0.6773071889187214,0.06369922536904267,-0.2424519403561021,-0.05316212532021084,0.39565219988415495,-0.041634866002849505,-0.12603484500013493,0.02712630364073568,-0.057401740503758826,0.2214021536862783,-0.06804348576014739,0.10313772077838235
0.10602591524190363,0.608342209274912,0.44632193425665023,0.34358586895959925,0.3821717720485473,0.29159809222637123,0.4266159051646411,0.3789973604729066,0.37448033914505346,0.44810664460864047,0.330051557289336,0.2810184363759102,0.18967771142107695,0.2550306201679997,0.45713505998766407,0.29948009091197486,0.37579830234942146,0.9506206493963066,0.2956981072933725,0.2356304018115201,0.360584731011217,0.35590315484147744,0.6280698798370293,0.2779564526819135,0.35976635632807463,0.5022202785443318,0.22893114458705338,0.5407750933383358,0.4916174076891542,0.0653309784660244,0.3415229562452371,0.24522407209103506,0.27695645217231174,0.44486839106034476,0.25438416172158984,0.3226375672792565,0.4037503426596029,0.15431937580516691,0.1585525338591709,0.1749576751553845,0.4981879388633334,0.33067432773053634,0.43951491155521066,0.061610983363406625,0.26864673513097814,0.3919536631365235,0.4661357559398998,-0.04601405543397982,0.08057865787684372,-0.12134025426988242,-0.04216459841564734,0.10487233753206451,0.19393297898712417,-0.02469947911613057,-0.14521572293532944,0.005801752919251073,-0.06101211284815034,0.3187898373060108,-0.10983467675155777,0.07057846208952326
0.07528513064276184,0.3556065967633915,0.5289738109146376,0.1486052404647689,0.12120196971768787,0.28467670314609383,0.2724192073829296,0.26431330043211065,0.4339535772336867,0.27260644456839084,0.2387250906483836,0.2560949324002843,0.2356374014976985,0.2632447532887834,0.19930888061640284,0.3521203561756225,0.31357465447399596,0.2956981072933725,1.5115319160149614,0.307417708551035,0.310087022360303,0.44094112539457575,0.22522023747570005,0.31970146988413656,0.27327758308320116,0.21895818472149484,0.20524292363108362,0.39175860814617625,0.39013787072175254,0.4877023610339317,0.3272374489256417,0.2649458564216269,0.3763051906067449,0.2874701512473623,0.1934686852860215,0.4483418047794705,0.4287492968584321,0.20467184485993573,0.3142687101273478,0.050273373820885446,0.44422576821007864,0.2794983843689157,0.22009114749382852,0.08909389617992591,0.15966980258721017,0.4348267164717607,0.4054983911569299,-0.07655188621386165,0.290838864746883,0.7176542406934229,-0.08339676815754125,-0.2811188894686066,-0.23999794067080557,-0.1045824003274074,0.005559394689831732,0.02611795566019647,0.004297480152268053,0.01100007717162089,-0.0988261366642667,0.1030630428431733
0.06690275004337146,0.4312787206589893,0.36408191058297423,0.29499766801419863,0.34984584172874295,0.498234028712926,0.36027506123838016,0.42799507062371517,0.39626958848154425,0.2608340656610172,0.4631788550629784,0.38408332725116817,0.2029649767415468,0.4322941520033341,0.4618345681005286,0.32873829667798943,0.6380362183870721,0.2356304018115201,0.307417708551035,1.3604335398324103,0.3620674862851461,0.3648189716524072,0.513447053929907,0.4327643527309331,0.4699978618072449,0.4840232559191617,0.4134101730308326,0.9435234201472681,0.6323134661404116,0.27232481331300956,0.2606139136544611,0.40423225419785436,0.40391704095178405,0.3621094511510385,0.3871298737616161,0.04598059607620975,0.6162656906661484,0.6399293088042559,0.27863874805362704,0.3153817825625263,0.3341358755727825,0.4046833487974844,0.7514959292725463,0.1607598978355896,0.42382368924904645,0.4142796128163357,0.20723521030050102,0.005637253282772252,1.1091630442334885,-0.2848478656365887,-0.2136464760597362,0.09133619907723495,0.42822736798142913,-0.037534113745641404,-0.11314479774580155,-0.022531222108483275,0.1030365413844844,0.22745544934037304,-0.09830689957684022,0.11655005154603043
0.07436549671031342,0.4536993253095712,0.3826758781927871,0.22097134320278272,0.2376907817558347,0.3190383281302204,0.3181244263795215,0.29014889676928546,0.34962600942659877,0.2378932217895204,0.31685838070775435,0.2684912101103476,0.19158449917836975,0.3281963813340456,0.31917007640304884,0.3008621796135247,0.34689083697814155,0.360584731011217,0.310087022360303,0.3620674862851461,0.625569045303102,0.32226236081364246,0.35208507580275455,0.29795771787957065,0.3027310393037588,0.4338690100344051,0.3401517332981074,0.35050601286550004,0.39338841556168275,0.15480629507167115,0.29027973616894537,0.31256814733939153,0.28066733413564654,0.4573579102551963,0.49001074832334346,0.23745901829912017,0.42585409772227395,0.23053295894807624,0.1616112272338535,0.21877577790367075,0.45873647312520777,0.5064220726714457,0.4276278547344391,0.11126970446141285,0.35150056234730565,0.3436255719950699,0.2694906938922024,2.625966912856273e-5,0.40824788265185663,-0.05530908886820372,-0.08487554378477286,-0.08791405353151195,0.24606224692199097,-0.007052641204502034,-0.07010884404784581,-0.01931651712465471,-0.0010188970011268275,0.09180345590653549,0.01605934379696307,0.08479554112902839
0.08402170265998964,0.3442373006436378,0.49490738042027776,0.22548954130002236,0.2190355542330418,0.3737059013575503,0.38091544018154616,0.2788601379304111,0.5811253795604008,0.28063284122364446,0.2896181239949462,0.2964262472283721,0.26936712949853225,0.39562182885040537,0.16549015149938096,0.42769699008175494,0.4019092293244445,0.35590315484147744,0.44094112539457575,0.3648189716524072,0.32226236081364246,0.8903301944426679,0.5099014700859961,0.324940893246337,0.32416202428749746,0.40829413427942524,0.38240032374508093,0.35292190699388476,0.49950444025502183,-0.021102760553943726,0.2208689815927759,0.38572869468531346,0.32014861541266354,0.4293834604320042,0.3795184436492018,0.15233696646894418,0.24185023970259284,0.20690189287105548,0.17500965760963924,0.14266390598491946,0.32429142842300046,0.3174108073296793,0.5928026487386172,0.12304914349358491,0.2763002709174776,0.3323729368954862,0.16238028621513198,-0.0030781297013700686,0.41686968870982105,-0.09918726862357713,-0.03818606470194047,-0.1515404895605174,0.2752628931763359,-0.05377945372403292,-0.07990117432587795,0.08665495810954725,-0.006245120676264123,0.09105685356508177,-0.13421943056433647,0.10967959258576929
0.09015021230047127,0.13680552728564077,0.3208876659338861,0.33227603421317076,0.4424626624650696,0.21647534334658305,0.5715165947246104,0.3120238279271432,0.4646240108304022,0.47887268394330684,0.32088762675795285,0.3298198067827465,0.21482895565346347,0.3697565099506672,0.4925798661641562,0.3752387979724868,0.4026546008339714,0.6280698798370293,0.22522023747570005,0.513447053929907,0.35208507580275455,0.5099014700859961,1.9626823156083573,0.6763691810333463,0.6236354881684141,0.25896112204969207,0.36023615957303,0.45266705585450434,0.8119683612689552,0.34768361361209177,0.20192829977913737,0.30650949110974623,0.624457928673887,0.6039189805213525,0.3248824987510782,0.3223999756942463,0.4344091486406863,0.2436153611419103,0.386293784096901,0.2322732184226148,0.4384681556052438,0.36509294290987854,0.5579207206426746,0.15886868613556013,0.07683347602608354,0.547854830565549,0.4581685382608219,-0.04380947387483139,0.707045817237333,-0.15731536846856714,-0.13988536453856532,-0.1926578005405163,0.7647132186156794,-0.1209502837364432,-0.0572264981849309,-0.005629235826178248,-0.012155638915889368,0.1711667840318367,-0.0474793326697873,0.07554293425081804
0.04144251187320007,0.27363332672970103,0.30991163161479734,0.22920687647361743,0.2662286390062944,0.2580002381826067,0.3591983111218434,0.2628741057758803,0.34831935214017545,0.2776850949568906,0.26752341390970147,0.273078621247682,0.2314107405336796,0.3728170505476708,0.31529436895951846,0.3015850811460435,0.3264197764047317,0.2779564526819135,0.31970146988413656,0.4327643527309331,0.29795771787957065,0.324940893246337,0.6763691810333463,1.0123234944148949,0.3620458681762813,0.22761948901315454,0.3835953490048506,0.394759836117135,0.5559398699474414,0.6517653917951951,0.3605967188361345,0.35053443732462514,0.8028991140277565,0.43435018235974854,0.21794166379629032,0.5320897718986181,0.5325386006677966,0.2613882247006449,0.3943305454950685,0.1158844785933355,0.3409082720600525,0.32595527028830423,0.29102348446067544,0.14178127585047948,0.10498563332848442,0.44740447530975813,0.46619072239794856,-0.058591272517096074,0.6561213733492319,0.11072874515682363,-0.18504453285748923,-0.14846248329605036,0.3954198632331276,-0.16035237390229995,-0.01311844188982185,-0.10185404172425105,0.0740376541449536,-0.01601118848055054,0.07148072467541779,0.03674642660660778
0.09327777192938344,0.2823184976307003,0.3295495510092763,0.25558522682842016,0.3064026907347833,0.36296471505759564,0.34459310447223135,0.36844792662149733,0.2856528230939776,0.34222127310948913,0.2955858887479716,0.3416796720257125,0.18151075680486267,0.316815430233914,0.4259991412561247,0.3293873092647696,0.45959200874779604,0.35976635632807463,0.27327758308320116,0.4699978618072449,0.3027310393037588,0.32416202428749746,0.6236354881684141,0.3620458681762813,0.9932899640053836,0.23730193539503547,0.262126346592036,0.5377222854384137,0.6267178629085792,0.2554845031842641,0.22789012315110874,0.2925178318324184,0.31630084248246165,0.4910857469290049,0.3733546555988851,0.19392660970395653,0.3945598747147659,0.2563156584037738,0.37060977139879403,0.19568338101896318,0.34089241814921056,0.30668530308742925,0.36918291050638274,0.12678471606784253,0.23772135675487838,0.405217456661098,0.2795320404878492,-0.02734368858706253,0.7403167079282883,-0.33108811181249326,-0.06788817141872405,0.08803272644824978,0.36565744695191604,-0.05366662382322549,-0.043931700594948976,0.07257883311391393,0.07324936888539858,0.1263297806308181,-0.21548242028001482,0.05998547202853473
0.06301334722339044,0.5935737710646676,0.5723493037784018,0.3231522728726199,0.3027693104249372,0.4834207487626265,0.42040674071509393,0.4269744146734727,0.5731701894209812,0.3338463018472845,0.4256568447364944,0.389130579281625,0.23262951171280136,0.48640405618774263,0.34696072159096625,0.33613081690714575,0.45212523394306436,0.5022202785443318,0.21895818472149484,0.4840232559191617,0.4338690100344051,0.40829413427942524,0.25896112204969207,0.22761948901315454,0.23730193539503547,1.7719576106956942,0.5760859268994598,0.4322826846155002,0.011827886589586683,-0.14963134187116384,0.2610861966202087,0.48682183018359454,0.20131696736633167,0.36128354247643174,0.40616474545157333,0.2133085479156563,0.05558975972277422,0.2545779059098213,-0.6338834810900779,0.05519083392707011,0.5479250465694527,0.43358274828440435,0.764712500146504,0.039226531955087636,0.19534011247358316,0.36236198658063556,0.05738898159760497,-0.027141740749925453,0.11845928157285131,-0.4089532636823014,-0.1959832495597829,0.00740951840915561,0.4628115581835536,0.11135062488954879,-0.2396283043194918,0.0789360806143415,-0.08151181142030471,0.3730605954920822,-0.14758433124984,0.2334134896712543
0.10223208716498089,0.6986720004426492,0.7453064362448647,0.12826641674515557,0.022477604123791604,0.35926229716480984,0.3884952644456723,0.3788968684198962,0.533170993057087,0.4465856814396143,0.3543237264167858,0.32013732846516274,0.21427571754963437,0.2904864232155212,0.32668493740351495,0.2819126425188412,0.3780607511308606,0.22893114458705338,0.20524292363108362,0.4134101730308326,0.3401517332981074,0.38240032374508093,0.36023615957303,0.3835953490048506,0.262126346592036,0.5760859268994598,2.4586821248281545,0.08758842018846032,0.2262396548555497,-0.1887886426168912,0.3317994303715398,0.33732439132471026,0.6317904400119163,0.21674012126900236,0.5357244629848046,0.532028750475411,0.1416670295710444,0.16782837440474552,0.028121271925671466,0.10380888106858706,0.32722894624145465,0.3825683957033114,1.1936581555109573,0.3346360215179921,0.5330171047345597,0.41694006221131286,-0.06473052837854126,-0.03662819472088218,-0.05016458672117576,-0.3801908321890944,-0.13137766524459837,-0.10717958875333729,0.5805673161444921,0.06705229653575284,-0.11649787855633274,0.1285551184471754,0.16614792243741464,0.1635396296265536,-0.2116406666666955,0.2807712395478784
0.014518475037644182,0.5843569981529121,0.546797677692694,0.37192545360551255,0.3596031769417598,0.5563477095993168,0.33795820991986775,0.5457284326958681,0.47263514277895224,0.4317227102666453,0.4263465253018789,0.32411130778907715,0.2526053490402201,0.2893908114865227,0.5506718084453129,0.4084399555408947,1.1505698709838812,0.5407750933383358,0.39175860814617625,0.9435234201472681,0.35050601286550004,0.35292190699388476,0.45266705585450434,0.394759836117135,0.5377222854384137,0.4322826846155002,0.08758842018846032,5.632162272176225,-0.049355243448474195,0.15044226857783496,0.4315356788594081,0.2714108357758254,1.0797199756289093,-0.14111149657460792,-0.051614933443830786,-0.1888447900406539,1.4401109356007138,0.49831820241911234,0.3065277855445204,0.033161805550280005,0.7426227517664901,0.378955668412155,0.17562881737701228,0.10214023327825776,-0.3869196876654349,0.21861228220778017,0.31632154279838864,0.1352877432542628,1.6378616587599726,-0.27050947172115747,-0.7297649562637227,1.0752265876819727,0.15253513790642673,-0.10565192157564302,0.2923120507658284,0.0025405430020182724,0.09286670298196328,-0.08656695166204406,0.48119849723125174,0.15632732597435275
0.15441029401171674,0.5531517803263115,0.5383547696404887,0.4116768777223113,0.4544748570559162,0.5131282449129608,0.45861307097769294,0.39510414775432884,0.438189258398088,0.41200397231799535,0.4108698550544059,0.43921493950683005,0.3042077454893714,0.5361088217336568,0.4840405237549649,0.4833506998591667,0.50166457919681,0.4916174076891542,0.39013787072175254,0.6323134661404116,0.39338841556168275,0.49950444025502183,0.8119683612689552,0.5559398699474414,0.6267178629085792,0.011827886589586683,0.2262396548555497,-0.049355243448474195,3.272162531033518,-0.17180890585609151,0.24049379038078836,0.5233211594565079,0.2789889412895248,1.016530508309995,0.334212893847512,0.6738651960097704,-0.11224281468728967,0.29232913118466464,0.6063612542113682,0.323554564000348,0.5424560488676325,0.3681753334234249,0.2154318264703096,0.03763605886884907,0.316993444747979,0.7167470935624798,0.12272006830690121,-0.1993579706064247,0.8016986565575712,0.41872985045057565,-0.11087829807084296,-0.21788237067682936,-0.01935840659817777,-0.05955572570632041,-0.21385927292539766,0.04700846592040495,-0.12616167739412731,0.34166877478133195,-0.2275147573574625,-0.11476155133158877
0.004623500284194761,0.036113989778085054,-0.32670894855387683,0.12166975142773814,0.10528679087942103,0.010458296018461552,0.058637098522392926,0.11148861960726889,-0.07935058084650559,0.11604540009512312,0.019630006161040173,0.011071268497167785,0.05432294979582601,0.08705419861962464,0.29587030260061514,0.08719747255399234,0.03674576267427536,0.0653309784660244,0.4877023610339317,0.27232481331300956,0.15480629507167115,-0.021102760553943726,0.34768361361209177,0.6517653917951951,0.2554845031842641,-0.14963134187116384,-0.1887886426168912,0.15044226857783496,-0.17180890585609151,3.527916750389035,0.3969386168049686,-0.04667919429800937,0.4170320600308108,-0.1515193749624725,-0.02641104293372142,1.2041180472947808,0.8481143479516892,0.2229028413550274,0.8058098536469125,0.08418593320344822,0.6423083585149115,0.18359659542301654,-0.23572657943902672,0.18443778794601137,-0.10439995086217159,0.4067589667606371,1.5998814036477862,-0.2613696066794252,0.6526502922329632,0.39577891354897565,-0.3409706054692368,-0.6739271490477355,0.6398502928305854,-0.03329548489283563,0.09654225337214518,-0.35594404810087216,-0.14664377789847277,0.4118890936004334,-0.023807141287354897,0.03824129203953187
0.06451585130481052,0.3553004400403511,0.34333094680136267,0.18411219739526524,0.1887070730951931,0.24290534782176673,0.27221890877262295,0.24981883376317635,0.2855865466771247,0.2567001237070279,0.25934210556876897,0.23980068568323887,0.1598788376813523,0.21925372718392447,0.2754635506305531,0.21311617813172545,0.30185851628443056,0.3415229562452371,0.3272374489256417,0.2606139136544611,0.29027973616894537,0.2208689815927759,0.20192829977913737,0.3605967188361345,0.22789012315110874,0.2610861966202087,0.3317994303715398,0.4315356788594081,0.24049379038078836,0.3969386168049686,0.8684872479094315,0.22426972117353652,0.40027171530800604,0.382013873141638,0.14156465429249257,0.692887738646177,0.5118819763337275,0.22386684652460634,0.3343081153201229,0.06602224895428375,0.46108703802442197,0.2949606637788481,0.11477625482169933,0.12064710927617861,0.14591855061495454,0.4085337819913074,0.38307199550267207,-0.09060828224864029,0.2363844508302906,0.10775034201750738,-0.14679750021023286,0.09549039338517266,0.03514098355927592,-0.047505303498247844,0.0021895956177965807,0.06076867882503465,0.04069419686991516,0.04898538743090075,-0.12645795769565785,0.06637969215385099
0.07462260692314165,0.2650289423592025,0.33517814143281294,0.19259563466801088,0.33523786494892716,0.3695850487565385,0.34206214325374285,0.2994085767342718,0.3880306981252096,0.2659542458740187,0.28854634852696553,0.32949757780857997,0.24079715866912607,0.5926061351858136,0.22431042088770284,0.3978850234398538,0.29855731701234006,0.24522407209103506,0.2649458564216269,0.40423225419785436,0.31256814733939153,0.38572869468531346,0.30650949110974623,0.35053443732462514,0.2925178318324184,0.48682183018359454,0.33732439132471026,0.2714108357758254,0.5233211594565079,-0.04667919429800937,0.22426972117353652,0.7583970378208714,0.1368457959867071,0.5208571788898756,0.3293427443691843,0.16751590277366943,0.03897538099168645,0.24684333751561127,0.08252353148463165,0.20159750732204418,0.35556229275689455,0.30514563866399647,0.444617505259108,0.10276541901020636,0.21143698160109273,0.32196188653893126,0.055298318393430544,-0.027654024767118313,0.7566225168357948,-0.18629269101369506,-0.01016811244232867,0.22832383078008459,-0.12523581290032595,0.07478435488467954,-0.11551758112125024,0.005352463048244932,0.38714996255208917,-0.10419882011011182,-0.14742423879072664,0.1065115355180829
0.023411625582468367,0.4556389627279362,0.36131775573705205,0.2570428717875582,0.19550363080338953,0.029765034629718263,0.45625878381054935,0.18242681111426617,0.3902386122627265,0.24555095453153372,0.2277240090355516,0.25520339796065933,0.22994100241253312,0.21908064641668842,0.23533962767732092,0.23701412516240147,0.49917766455347173,0.27695645217231174,0.3763051906067449,0.40391704095178405,0.28066733413564654,0.32014861541266354,0.624457928673887,0.8028991140277565,0.31630084248246165,0.20131696736633167,0.6317904400119163,1.0797199756289093,0.2789889412895248,0.4170320600308108,0.40027171530800604,0.1368457959867071,2.2084607671755747,-0.25550682869950725,-0.23140229001266963,0.28816818329421595,1.0747694345469028,0.2502810777568803,0.27070363946091963,-0.09160506761653328,0.008702089539641937,0.3257821765856273,0.2360112771575791,0.059056564499819074,-0.1472587202991338,0.3957778817378647,0.430275479683641,0.04954757747919007,0.76629905579438,0.5567130824865368,-0.41627063367859,-0.018634597969772113,0.31042265442642486,-0.40829741907522626,0.06501902527142284,-0.0007492161667369258,-0.2445642401493091,0.07822709882861408,0.219788133192337,-0.03227060091104883
