1.7788344086823198,0.8290274331568994,1.2515590816536553,-0.12759032216557073,0.38181200219851574,0.20386083428204826,0.4724494147755191,0.23225436643046884,0.30704699883874637,0.2692224719932564,0.2944378990268274,0.4269042042667438,0.12989088562149662,0.28691241231003095,0.3484244488228232,0.16132012463991846,0.16276244546004084,0.4669034551039124,0.19131259354405025,0.05399703577519226,0.26476241063147304,0.3922637218989979,0.24805509201435608,0.01467058488262983,0.34479742258347124,0.2718136137318315,0.22753137683389713,0.031194043875043497,0.5605033703617838,0.5114603289262641,0.2751282094795532,0.13415573631057476,0.06308996775660332,-0.3039185806626326,0.544312907686641,0.23756728657438064,0.28378295989412394,0.0362671701233889,0.33045314384074437,0.1965252089995841,0.42946548484693187,0.23541815167526398,0.041857257325364494,-0.006184930112472123,0.1997873586060002,0.40043717970482967,0.44772520163857493,0.0014809564065686675,0.36307864220480746,0.15408715312585236,-0.1261037304933657,-0.2748247576798845,0.018702958050506358,0.058186531607297004,-0.02784497905831679,0.06836375594630388,-0.19251752855197182,0.6316340221870814,-0.8081230395793454
0.8290274331568994,4.313827894084054,0.4630763739525694,-0.16817319346298104,0.32240333918801684,-0.1369953860413072,0.5106055485144235,0.11249397462374548,0.3064699326093468,0.31888395541136455,0.2960929786917033,0.25759227912030763,0.11865420142500191,0.061232526998006256,0.5725581064764853,0.020150116919864024,0.003307661803468188,0.7670365265127057,0.18991116547413886,0.09707816015082862,0.6927526545093807,0.0893786716943567,-0.12788084250817522,0.013958835831441157,0.12361628116896559,0.358209530345195,0.7520250674336351,1.1151292014727088,0.6750414595335541,0.2158658504625927,0.3973533666639279,0.25875956067825967,0.2176339572876481,0.04876899109283869,0.20994197884392918,0.4759840932347564,0.5657235784344996,0.07696266606775393,0.08493397104391712,0.12841864079745216,0.6086995482402177,0.5535950955934618,-0.40405969462918284,-0.10100532104158107,0.025974595549077505,0.5389694623141253,0.3947500935482319,-0.026826926763257312,0.04884089511381458,0.2086751913196733,0.08149810631424463,0.20584034929307915,-0.3823394621281338,0.03180441969154442,-0.659556732471473,0.02916753882246422,-0.043174560708588446,0.43308808160478324,0.1379768798488581
1.2515590816536553,0.4630763739525694,2.9147360377109512,0.08728159923316893,-0.0008170025258273459,0.49241831525451796,0.29927528594597197,0.37877309070306603,0.4716229041442788,0.45733782522866545,0.36645896204569967,0.5127181857522627,0.163766597174213,0.40807899731409836,0.4398951277577722,0.10187332249239017,0.3595137098916027,0.5602839487265787,0.19848623272980045,0.3954071611650431,0.3548135862976837,0.5567856286127553,0.4488174794439517,0.2652924818642614,0.42289368651454784,0.32386500645744426,0.16580544905604624,0.25114580231298383,0.8376262139712072,0.7087033425268988,0.3469841057883338,0.14635114179720773,0.2035116211598221,0.05337256057377223,0.8222672366462321,0.3045767605125823,0.5689894885501317,0.21426147698325246,0.5254583963785179,0.3183802057139405,0.49735571127086176,0.34716205752382234,0.31542766621752344,0.035624436944850395,0.1932741937078074,0.5011292189084144,0.6863701906557772,0.015994314655159617,0.732970811882273,0.2990359443201837,-0.2324501464189448,-0.2097839830933608,0.012582771399514055,-0.02900616682197696,0.08813886845017826,0.07586796094727878,-0.36120884383744506,0.3871891296063255,-0.48345576188365424
-0.12759032216557073,-0.16817319346298104,0.08728159923316893,1.9646670413203962,0.2716918181214624,0.3148693671838428,0.04814906345811972,0.22250769826819752,0.007200720823136361,0.023569851143090053,0.24615832956694036,0.3534503951365075,0.11561593218890029,0.4106021407989754,0.19443257065023364,0.318868626749019,0.21743853421733705,0.03503701370362679,0.19646982105979227,0.35220256411550727,0.18997311791264135,0.12539767099946883,-0.006482500466477834,0.1645998505329968,0.1540137004857135,0.2328199990174776,0.03010206987858304,0.07497695815542468,0.13393231509853812,-0.09984529958238068,0.16164042259085357,0.19500638406946857,0.2660704777387483,0.2588215353248484,-0.3754505413303731,0.22900791278841545,0.25706699344683165,0.21441919759954556,0.08260671964687913,-0.03269848182704549,0.20184933882819173,0.18801505589884002,-0.1015441741520723,0.2888033868880768,-0.17415021480499115,0.23007839414774298,0.054566091640021734,6.374246190599695e-5,-0.020623271898345497,-0.0048559602169438295,-0.10273155105681964,-0.12412947853239271,0.007710507031991132,0.040564810607746686,-0.18418316088900513,0.04400182713311659,-0.278722832052095,0.24321174602099147,0.11463942166186362
0.38181200219851574,0.32240333918801684,-0.0008170025258273459,0.2716918181214624,1.0979317799996162,-0.11165161527267643,0.2744085483896095,0.16992270656496522,-0.06511922723413961,0.11831598877509686,0.19541608674066366,0.2720537902388817,0.10163478171240481,0.16317930645847542,0.18359852008633928,0.2788865356466466,0.09274921700522587,0.16043301377995522,0.3068711949754764,0.012673822855082116,0.15591932078601625,0.2052526962256524,0.09923489337454718,0.10515819133520685,0.14642534597568374,0.13805469622153185,0.11835535569864562,0.009023110313365036,0.17434947515366936,0.0647969625156275,0.14509185376845746,0.15350606611159426,0.21655029792060415,0.06837833386099063,-0.10483628044900663,0.19491698194287377,0.22482861544262792,0.03596311807718391,0.1291121396556815,-0.021085797056755423,0.1906616758224651,0.146691857235038,-0.16653447675668198,0.04711382049754168,-0.13918100903543423,0.22763920814017577,0.11237764216697207,-0.0034850045877267,0.14565306026773395,0.1473215322298279,-0.1546329469888916,-0.18707160402064776,0.023369261662001387,0.0329840866815864,-0.08427051781669911,0.027325040532895545,-0.11949050412165123,0.1922043029648916,-0.08903021136671362
0.20386083428204826,-0.1369953860413072,0.49241831525451796,0.3148693671838428,-0.11165161527267643,0.9538793269679972,-0.03263455874753294,0.2394628151659538,0.2690395965117908,0.013399055565401106,0.17211228967915765,0.27089017816632566,0.11679745851482393,0.3223196529483665,0.1974792970611152,0.17614839349222072,0.2526161839819387,0.056630953981664456,0.3025983000822951,0.37020377762307366,0.1311938334973094,0.14510110795966397,-0.007366554050383683,0.13746055534234425,0.1859307446282681,0.23893084028423192,0.08354200004017255,-0.0541000375080179,0.25090455785808174,0.1269569605122173,0.14931696853946488,0.11052912301151474,0.08352114142821747,0.21537834839076422,0.25388953875419257,0.02766139114073607,0.32265542012719783,0.1952252066014964,0.22911452788364572,0.11033211619099385,0.1571524062057267,0.13471416683070567,0.28203053279745977,0.07602090154637862,0.08869763839551204,0.16004085679743352,0.15372265519200204,0.03558148244985849,0.6328366965650978,0.10146464006362826,-0.22022992865904076,-0.06989022164329083,0.04714070229253648,0.03422055442877614,-0.0702516768648466,0.03187483492075571,-0.3068064216725858,0.3518326723774455,-0.13059514777815737
0.4724494147755191,0.5106055485144235,0.29927528594597197,0.04814906345811972,0.2744085483896095,-0.03263455874753294,0.7218905500987907,-0.030339883649848683,0.15833295024612276,0.14050913162399412,0.24360997229871603,0.36897808784376857,0.09510215805143087,0.0701579824605118,0.163849016018667,0.1993481955819644,0.12268703611736431,0.32123205342117644,0.05520751724729279,-0.0864385743185699,0.21195164372913308,0.2780711511290364,0.3234880902235202,0.10982286768523654,0.20847089458138968,0.2103600147684171,0.17552628719633498,0.15157671711914156,0.27895376105698544,0.09329822850573613,0.14778194605816664,0.20211376363391242,0.11354922917942449,0.0933645239339739,0.20515412478711206,0.20077729577702888,0.12146715676103585,-0.005034190891932678,0.16472978203546623,0.03155413971387872,0.1928839306093134,0.1937099850979779,-0.19123395560457757,0.021127142434738157,-0.11420689883068826,0.25722815261881093,0.1728174235482587,-0.007783623124920409,0.17851871121719942,0.10509567368596237,-0.12423079739720223,-0.037538700324024614,-0.021483117912729232,0.01737524922702526,-0.09121250759543684,0.07764608552189127,-0.08109079713717056,0.1435760354840182,-0.2172152117423238
0.23225436643046884,0.11249397462374548,0.37877309070306603,0.22250769826819752,0.16992270656496522,0.2394628151659538,-0.030339883649848683,0.6219631998851383,0.08920954742932136,0.22875221570823537,0.19320211008669308,0.10356524229001857,0.14404092410122057,0.2694843417484162,0.17869652816051224,0.1548489750113628,0.2439134416177731,0.18856902107912646,0.18130405673614988,0.23830943030484492,0.08812828173326212,0.14151462999204983,0.09850872054954325,0.12145492276210024,0.1590179991968006,0.17858617006842306,0.08892950117429352,-0.021376204146148593,0.2178199219160684,0.21593953977742536,0.14097550937390682,0.05086660020373659,0.04352126945815991,0.17053224486885038,0.295271274072803,0.07280955743049862,0.3175572763540611,0.12375501392504103,0.30045445459473574,0.12821826590727461,0.13709295354007087,0.09913097910061128,0.25870342665141427,0.05403796962598592,0.10204251124080214,0.14123519462948306,0.277079441305206,0.01221252431993386,0.3564619597645194,0.2087230030091943,-0.0772306191004,0.07040772518109165,-0.07414366155051608,-0.07695255011076856,-0.10458350498947348,-0.06271415516623657,-0.14955789293989533,0.3498072401004912,-0.0909137714991781
0.30704699883874637,0.3064699326093468,0.4716229041442788,0.007200720823136361,-0.06511922723413961,0.2690395965117908,0.15833295024612276,0.08920954742932136,0.8526533623270118,0.09306087718879859,0.044021214526444384,0.14155229285910406,0.06706816291862051,0.15507199551893874,0.16558604097105276,0.0755731648078981,0.11382360909344445,0.21192256495269654,0.05349221440740846,0.1250429817432948,0.15013767759380392,0.12118574094123355,0.20948698214750633,0.10128711756925704,0.13764322669786105,0.27778974469028017,0.14393845566926988,0.24268963703202617,0.1908109764291343,0.11654312703577085,0.14231122284999356,0.1080548411984675,0.08035246315559483,0.1397975538700927,0.24574533317553027,0.14092487929203545,0.18344369959751705,0.08508884758177697,0.17992177061991763,0.0660584878135241,0.16293923974747368,0.14602211081435781,0.03345599003448247,0.019635536497177662,-0.007841394609247633,0.21297304717115015,0.17802736112869916,0.004456039166905902,0.14570469929381002,0.04230225866418146,-0.1022074739344446,0.04124125294444549,0.06544836727255941,-0.051452245335336454,-0.11449858900540137,0.09712228815430744,-0.15374924175632726,0.23078481095752731,-0.215546048888483
0.2692224719932564,0.31888395541136455,0.45733782522866545,0.023569851143090053,0.11831598877509686,0.013399055565401106,0.14050913162399412,0.22875221570823537,0.09306087718879859,0.802408099794397,0.11424004483678753,0.05831297815644457,0.09046200285824871,0.11843686119463147,0.13836376171543507,0.13537478451978907,0.20666597512329613,0.3670497216303663,0.04246840290947448,0.1658888996352879,0.17257910644139812,0.24209321509469015,0.28521073752054765,0.20078238979328658,0.18213962659565208,0.10155903648694552,0.243331393691662,0.25318638027817236,0.2506963108206097,0.48476323676195254,0.2581484240106526,0.09471651828697887,0.20262283135682216,0.11693841404130371,0.27322413160077114,0.2872732944013266,0.4693030042135058,0.10500170370535404,0.2686106897621513,0.20410068222595235,0.4708311594368356,0.17913595204433197,0.1250862239892555,0.07597866502432779,-0.10361605450698283,0.39311954184408004,0.49707125632520993,0.0028182402276976464,0.3125615749543763,0.23070152882220038,-0.06670620709131779,-0.1621907647323959,-0.04053995773089019,0.011964413296944663,0.027524488287568483,0.0072620971340949456,0.000406484550636619,-0.0681610473799445,0.07584041129441813
0.2944378990268274,0.2960929786917033,0.36645896204569967,0.24615832956694036,0.19541608674066366,0.17211228967915765,0.24360997229871603,0.19320211008669308,0.044021214526444384,0.11424004483678753,0.6454301553374737,0.33441529377167645,0.13711396760472178,0.16021344657037648,0.26214787578465126,0.15155432740326497,0.22107741090844443,0.19241214590808026,0.08394547321979941,0.2531099265944012,0.26664881091074205,0.16586952869202018,0.154115289851577,0.16314991084297478,0.2266980979870552,0.2833267596036279,0.19791888063002844,0.18325276568259463,0.24042218048688196,0.07877792033679784,0.1784090566661861,0.18134153946403495,0.12475633510212311,0.1734210727953316,0.19148865243494426,0.19450590956403188,0.24538684003102013,0.1390587354081457,0.19585026846166592,0.09344221290960344,0.1844711124219795,0.25399027346020425,0.07207815316256208,-0.0014519405408165704,0.057374369732554754,0.28243502506801615,0.19393581405411164,0.002973187976126715,0.043992658169652823,0.0457623708384193,-0.1364473257773868,-0.08529299080283413,0.14991638519952522,-0.03992103377050391,-0.0803316656225303,0.018779305843050993,-0.13672662313743345,0.19039787006786962,-0.11266763797737069
0.4269042042667438,0.25759227912030763,0.5127181857522627,0.3534503951365075,0.2720537902388817,0.27089017816632566,0.36897808784376857,0.10356524229001857,0.14155229285910406,0.05831297815644457,0.33441529377167645,0.7596707263305744,0.08636793461224591,0.2255412791329414,0.1937754352595085,0.22791605320978606,0.20162181662080975,0.2526048329475032,0.143939667461344,0.14750230597329594,0.20901119494030015,0.1856982438564442,0.19259713483790414,0.1303923559342855,0.2840717939601146,0.30553635282879055,0.15688101246515365,-0.13944110574829047,0.3269651537573492,0.08353070511646557,0.19465766135600593,0.24215494732673673,0.11160632774917781,0.1717464003247131,0.3222879386703277,0.1591472783860588,0.2073747610348112,0.1042124639790481,0.22009668051974038,0.08145931967512354,0.20967687789070033,0.2047774433122697,-0.019767776031166393,0.053100374256090814,-0.02724668005701255,0.2974471356270109,0.19992258559858386,0.010654101474197543,0.5441145113279914,0.05471893571176124,-0.16425454421492186,-0.24591462587763485,0.15580882377584931,0.01452751928301195,-0.10100756738262757,0.07304509548486683,-0.20856958694861494,0.3282824645495422,-0.3723170328918848
0.12989088562149662,0.11865420142500191,0.163766597174213,0.11561593218890029,0.10163478171240481,0.11679745851482393,0.09510215805143087,0.14404092410122057,0.06706816291862051,0.09046200285824871,0.13711396760472178,0.08636793461224591,0.2342686875645488,0.11711754001387878,0.05953760144842155,0.07999374110167233,0.11988195404583585,0.09312738808934573,0.0842307198458162,0.0917870769746376,0.0849401178795876,0.18226507892028895,0.08687175768137721,0.09566252969243355,0.09014927320486141,0.08860764176986684,0.06980272045164487,0.056426303382796764,0.14426267258683742,0.09991710539589962,0.07917549273853905,0.08712982961971484,0.07424568456793744,0.07685719041689888,0.09972309351564297,0.0819169977503318,0.14115923193512023,0.052308778873100883,0.12369192737378072,0.053914444287385,0.10010899254241626,0.08541928743760681,0.07515757917030798,0.03785878748179916,-0.018181348789462357,0.12295149413011085,0.11742277172933627,0.002645780756103935,0.13569089221177885,0.07575575563014669,-0.05207052238546676,-0.029461385539505877,0.002057217791024236,-0.02170823430796786,0.006552237381025739,-0.00929250330984265,-0.08121682586605587,0.0022258933834074118,0.07279486068080607
0.28691241231003095,0.061232526998006256,0.40807899731409836,0.4106021407989754,0.16317930645847542,0.3223196529483665,0.0701579824605118,0.2694843417484162,0.15507199551893874,0.11843686119463147,0.16021344657037648,0.2255412791329414,0.11711754001387878,0.5773372242023195,0.24036845143406896,0.18850692654842183,0.20792114599970332,0.08531954472932687,0.16524979978121845,0.3287577560666623,0.16253295275086452,0.09312483937997781,0.019919556486510597,0.12931710750757147,0.1656353341121054,0.1999088070168009,0.045103121640091504,0.060951228974458774,0.2596062744899768,0.22183343886395793,0.17102492436702946,0.07066452604906857,0.14763661096307823,0.12680112436134452,0.14740900429878898,0.11996186688556554,0.35397240843973565,0.16875963776671524,0.17660963869988494,0.10208954809190356,0.23384777150442618,0.15969693069209362,0.15986213728659332,0.08956824308887514,0.03700189675054763,0.19377406815663192,0.1954887929278523,0.01577522636019401,0.5145410772388328,0.10887253195101539,-0.13109716624723045,-0.11827350285977092,-0.015863461745691167,0.04247631851601781,-0.10994780881654594,0.019514239310951285,-0.30969696144060394,0.37287851541873857,-0.058885200117022175
0.3484244488228232,0.5725581064764853,0.4398951277577722,0.19443257065023364,0.18359852008633928,0.1974792970611152,0.163849016018667,0.17869652816051224,0.16558604097105276,0.13836376171543507,0.26214787578465126,0.1937754352595085,0.05953760144842155,0.24036845143406896,0.7915543330795894,0.013388507308908072,0.23920427978049807,0.15178298276027305,0.13915755817581457,0.30898418320719717,0.2409879147018743,-0.03006290270228245,0.13454656389147315,0.17770974703834738,0.21411582009676333,0.17364382573739204,0.21111747986570506,0.3551402917277603,0.2907529635107415,0.24130387428697378,0.1925031445190374,0.04440409391811259,0.27407140348133524,0.1259540095330024,0.09950150855896922,0.18388153746150757,0.4573851563504153,0.1663170751736488,0.19495451769989555,0.0888819138402561,0.2622404991180103,0.22208940152846757,0.08624838214514062,0.012740924529121086,0.029999423497080648,0.2589723774919697,0.2259467876869242,0.007915990010198808,0.3018323413733396,0.35072525822400563,-0.19824165194754623,0.08683133395414716,-0.12401693938526011,0.012721404049030258,-0.14524106222971703,0.042091053201575426,-0.277470998704397,0.3084101115958454,0.03354587890854248
0.16132012463991846,0.020150116919864024,0.10187332249239017,0.318868626749019,0.2788865356466466,0.17614839349222072,0.1993481955819644,0.1548489750113628,0.0755731648078981,0.13537478451978907,0.15155432740326497,0.22791605320978606,0.07999374110167233,0.18850692654842183,0.013388507308908072,0.7933130095103688,0.13729685056566113,0.17159215207529052,0.1271484539411566,-0.0074125563401788155,0.11745687266507912,0.17936678010008428,0.18826988063777828,0.14176162625286182,0.13377961041292802,0.13429665997090692,0.05859173761392785,0.0685965629644623,0.27207524372232156,0.19752001982123424,0.08455618798493872,0.19956560809573487,-0.04696388517071343,0.16004338300273,0.39279289032732706,0.1176542586706886,0.0618598265519577,0.030950704937138623,0.17517568734607164,0.10654616312658587,0.13212004421282494,0.1431605931355924,0.16906779379416154,0.09166381474335264,-0.008739102942430946,0.12411969944660485,0.22191648314272594,0.004239273824681189,0.20103095790039377,-0.2690363174274309,-0.1325995750765079,-0.10183810801152554,0.19873773284750668,-0.0003795078873612796,-0.0902545154050632,-0.0038336095073382486,-0.17009407059808115,0.1930527630251434,-0.06858563142269732
0.16276244546004084,0.003307661803468188,0.3595137098916027,0.21743853421733705,0.09274921700522587,0.2526161839819387,0.12268703611736431,0.2439134416177731,0.11382360909344445,0.20666597512329613,0.22107741090844443,0.20162181662080975,0.11988195404583585,0.20792114599970332,0.23920427978049807,0.13729685056566113,0.7269563323534912,0.10348241660886333,0.15095840443372946,0.28328123393892196,0.25248673079549805,0.3517270771019954,0.19107669881212025,0.2033177633006366,0.23225923853864672,0.15854198251317983,0.16945681547802158,0.26290735509376134,0.1978839202044974,0.19781917018444728,0.17557507779386902,0.11733819162666423,0.245190974025507,0.16695557954721074,0.1399403572989557,0.13164090962831912,0.4546810213317132,0.15932378893121377,0.2748692739936351,0.13475287074298908,0.2363206120117607,0.23266024948882488,0.20007205992805777,0.0559798364506969,0.06482898784116077,0.2561863413336409,0.27996774694711446,0.01519053776544549,0.36019750510511495,0.4590576708332181,-0.07282856499028668,-0.03584257097486309,-0.1505312578296223,-0.06132472933064593,-0.0059249086651018724,0.0050132329053577,-0.1772281369778596,0.14523766970855362,0.03502565239702586
0.4669034551039124,0.7670365265127057,0.5602839487265787,0.03503701370362679,0.16043301377995522,0.056630953981664456,0.32123205342117644,0.18856902107912646,0.21192256495269654,0.3670497216303663,0.19241214590808026,0.2526048329475032,0.09312738808934573,0.08531954472932687,0.15178298276027305,0.17159215207529052,0.10348241660886333,1.031668570930933,0.08581323943978053,-0.15510889644811213,0.24839855702527192,0.271393993095696,0.6817707218869314,0.1949826046361854,0.26553142469712276,0.2540563586888896,-0.08556317927891095,0.23308887497807496,0.34079830613396467,0.3172101948322219,0.2860037578081214,0.13536806207452626,0.1467686387875464,0.050724078873016866,0.27365088955469,0.2726054186490699,0.4765420136975467,-0.02854514291645529,0.25073178244712313,0.15858160533379662,0.38427832062782363,0.2324891503128154,0.1600713625926868,0.028918051074017865,0.015332937268274272,0.36019095394405315,0.6174727439393783,0.0004494386009288217,0.07076055044278057,0.5043738644020102,0.13551596227255538,-0.042411722346111895,-0.3691171526527739,-0.14352500564519446,-0.08782994958925419,0.04273593849247522,-0.05198118888546834,0.21721168018880058,-0.2518932137977089
0.19131259354405025,0.18991116547413886,0.19848623272980045,0.19646982105979227,0.3068711949754764,0.3025983000822951,0.05520751724729279,0.18130405673614988,0.05349221440740846,0.04246840290947448,0.08394547321979941,0.143939667461344,0.0842307198458162,0.16524979978121845,0.13915755817581457,0.1271484539411566,0.15095840443372946,0.08581323943978053,0.7882142579350859,0.05775510241444751,0.11946052905136446,0.1553180011845721,-0.11232548535763964,0.06394828547136382,0.06650913893401197,-0.009392020475063313,-0.01890446589959106,-0.011549732628761156,0.01797691655038988,0.027305879145610574,0.11947984686421172,0.059936222341139316,0.11258470440884483,0.04452269250293384,-0.024202490600404827,0.06903249583933942,0.27970961882767387,0.05501239201117429,0.22405928917999993,0.0188332649757962,0.10353596962434711,0.0911599306784578,-0.008077229753673006,0.036574143068237024,0.1323815815278517,0.10047451048359345,0.022184273108369186,0.02651458862633845,0.09951194364914015,0.17193585607655965,0.16012253746743946,0.3207728551279175,-0.34222480590201726,-0.05906596318237898,-0.11604699746467438,0.014053066674579878,-0.12768311370718852,0.22761815656742063,-0.08089054322475028
0.05399703577519226,0.09707816015082862,0.3954071611650431,0.35220256411550727,0.012673822855082116,0.37020377762307366,-0.0864385743185699,0.23830943030484492,0.1250429817432948,0.1658888996352879,0.2531099265944012,0.14750230597329594,0.0917870769746376,0.3287577560666623,0.30898418320719717,-0.0074125563401788155,0.28328123393892196,-0.15510889644811213,0.05775510241444751,2.0064260422126114,0.4086439678089034,-0.39428118550302194,-0.5416278457346786,0.29699762682026226,0.14452739388423239,0.3637186387253237,0.43951828503914103,0.5611026339632946,0.1642998048773893,0.6822964512750233,0.49277084860567083,0.04442308209915042,0.6241087651502755,0.30504589414303374,-0.02909584204914407,0.2450051666241676,1.229691391170222,0.884749652102638,0.22795555226551534,0.44697602421307403,0.6534406688474826,0.44862486766157755,0.9562004432227734,0.09092248878618675,0.40099076634588127,0.6147438261552532,0.2169890026582985,0.07650028977968458,1.4268436351713607,-0.18887218023096827,-0.3388120859956246,-0.25075255255334494,0.4360108833653191,0.0452540599714881,0.1060708510746069,-0.004384683993646956,-0.22308493000245366,0.14472213763585343,0.20457113306299096
0.26476241063147304,0.6927526545093807,0.3548135862976837,0.18997311791264135,0.15591932078601625,0.1311938334973094,0.21195164372913308,0.08812828173326212,0.15013767759380392,0.17257910644139812,0.26664881091074205,0.20901119494030015,0.0849401178795876,0.16253295275086452,0.2409879147018743,0.11745687266507912,0.25248673079549805,0.24839855702527192,0.11946052905136446,0.4086439678089034,0.8303996771047016,0.17639482384322172,0.07578448371763293,0.19337020147462444,0.17338162895606699,0.36861016613081465,0.25720736403716915,0.6196858393904571,0.1427501306951441,0.2517380391389253,0.26318672029937756,0.25246648351043804,0.29362550951307126,0.15282885333880092,0.09207101505112406,0.2463063917748059,0.3992225338627522,0.20947793073226068,0.11626869111008292,0.21404801137801852,0.4537523394390422,0.6866180454951608,0.05471128334159849,0.02469838045696002,0.08635531078802444,0.3733618494258003,0.31061313740512475,0.017354443398835188,0.38270264637619117,0.07726371901780159,-0.08552236679639576,-0.061977302044264014,0.013208448447319521,-0.01587897545610643,-0.10269085069818205,0.028255069114316765,-0.10325303789141169,0.14743145054270554,0.009416984057037005
0.3922637218989979,0.0893786716943567,0.5567856286127553,0.12539767099946883,0.2052526962256524,0.14510110795966397,0.2780711511290364,0.14151462999204983,0.12118574094123355,0.24209321509469015,0.16586952869202018,0.1856982438564442,0.18226507892028895,0.09312483937997781,-0.03006290270228245,0.17936678010008428,0.3517270771019954,0.271393993095696,0.1553180011845721,-0.39428118550302194,0.17639482384322172,2.26566844614006,0.6267191860772899,0.18649220487677257,0.2187722898290198,0.1505767038121295,0.11880231769847988,0.0034931794476244296,-0.07774309713670338,0.10953041178205153,0.04218025336223773,0.3672075622272146,0.11481136635251035,-0.013587840589101502,0.10751965864563025,0.13766965592113203,0.07975821212891923,-0.15938859295316302,0.12498727584821372,0.010796164582172679,0.22376756833519446,0.15781686396351222,-0.046001468541189,0.11864563416402966,-0.2650111760389283,0.2472150574371367,0.28406918966367234,0.005154629517727845,-0.07406843425753075,-0.20053251461456742,-0.002922465906592714,-0.455658431722903,0.14175027622003702,-0.048302480064426,-0.002851784810849434,0.04920922425199505,-0.09963342972558807,-0.01635775475636526,-0.11976540406957416
0.24805509201435608,-0.12788084250817522,0.4488174794439517,-0.006482500466477834,0.09923489337454718,-0.007366554050383683,0.3234880902235202,0.09850872054954325,0.20948698214750633,0.28521073752054765,0.154115289851577,0.19259713483790414,0.08687175768137721,0.019919556486510597,0.13454656389147315,0.18826988063777828,0.19107669881212025,0.6817707218869314,-0.11232548535763964,-0.5416278457346786,0.07578448371763293,0.6267191860772899,2.1817604284142678,0.45432672418248815,0.5582580515816244,-0.16713021432130462,0.07911485165505841,0.06370807129415618,0.4056285708466847,0.46808672414852687,-0.050828362129356125,0.03582747588830258,0.4901130539851338,0.05572324402012597,0.2853154404148795,0.12470167261535961,0.4115965009044869,-0.20022534516352788,0.4742782228091602,0.11119880858231466,0.10642946858401603,0.0861903412837753,0.058275599974240595,0.05117075564081432,-0.36502700930716914,0.30070600648625345,0.6710223374113129,0.023570558950059575,0.07421582180888792,0.563464356050281,-0.2622619848204701,0.030692281401573953,-0.013844329146254402,-0.09630249004776989,0.1589029192668838,0.018636861057029896,-0.13894882685976753,-0.13516130080633457,0.09046102833604322
0.01467058488262983,0.013958835831441157,0.2652924818642614,0.1645998505329968,0.10515819133520685,0.13746055534234425,0.10982286768523654,0.12145492276210024,0.10128711756925704,0.20078238979328658,0.16314991084297478,0.1303923559342855,0.09566252969243355,0.12931710750757147,0.17770974703834738,0.14176162625286182,0.2033177633006366,0.1949826046361854,0.06394828547136382,0.29699762682026226,0.19337020147462444,0.18649220487677257,0.45432672418248815,0.6388523037297763,0.25459566136246614,0.17128157748745135,0.21077499384386128,0.3455111549971735,0.1295037765070286,0.5703614407168143,0.2525877217536259,0.14329457391154254,0.5810773554886541,0.011632787729931279,0.0990073049665451,0.34975162026625795,0.5937215747886314,0.1754467916384681,0.14607837932614295,0.15702640623852784,0.4879760359003329,0.21312373678527602,0.2312042909203148,0.06539277516794766,-0.2221900576946914,0.4538001313877807,0.3729385641982548,0.002899997524130409,0.4868002566923669,0.17558362945837908,-0.25310307829286055,-0.035210502993150476,0.0814271699593952,-0.03564849905802261,0.13228015859894499,-0.04388504595297419,-0.10187731735189552,-0.22706593129413252,0.36566862338037426
0.34479742258347124,0.12361628116896559,0.42289368651454784,0.1540137004857135,0.14642534597568374,0.1859307446282681,0.20847089458138968,0.1590179991968006,0.13764322669786105,0.18213962659565208,0.2266980979870552,0.2840717939601146,0.09014927320486141,0.1656353341121054,0.21411582009676333,0.13377961041292802,0.23225923853864672,0.26553142469712276,0.06650913893401197,0.14452739388423239,0.17338162895606699,0.2187722898290198,0.5582580515816244,0.25459566136246614,1.2103603878795617,0.21917992026378857,0.20649907948040455,0.07585906494087498,0.383548721454376,0.3084777065134718,0.07578432393188281,0.1079167400560555,0.23374211065317468,0.2150172299539189,0.3053520578982383,0.12434901573468118,0.29128971263193293,0.10084228646876302,0.16024792967722093,0.12364144846022174,0.1295267472256149,0.18272768287140653,0.23316026960538164,0.07217167497365079,-0.06398766268638527,0.407899856282581,0.33712327802481634,0.0018257971390669128,0.2534000309140908,-0.049252970440235286,-0.16724000532910377,-0.15983519072862934,0.14525252506129008,0.02589444845084045,0.02805840419152467,0.09197060875449876,-0.13033822829189526,0.12470277027335358,-0.17845052150376484
0.2718136137318315,0.358209530345195,0.32386500645744426,0.2328199990174776,0.13805469622153185,0.23893084028423192,0.2103600147684171,0.17858617006842306,0.27778974469028017,0.10155903648694552,0.2833267596036279,0.30553635282879055,0.08860764176986684,0.1999088070168009,0.17364382573739204,0.13429665997090692,0.15854198251317983,0.2540563586888896,-0.009392020475063313,0.3637186387253237,0.36861016613081465,0.1505767038121295,-0.16713021432130462,0.17128157748745135,0.21917992026378857,1.5562543271071947,0.3509067742185799,0.5725294441559825,-0.06644977514758241,-0.049767095173385734,0.2921024234553771,0.3362612296186678,0.17115702520625795,0.19331517143425608,0.20564668784231246,0.3470385871183268,0.1677548277615413,0.20289546674275608,-0.593926422999946,0.1590230111803814,0.5906802416544186,0.3721521361665268,0.2369161600271556,0.025229950418168938,-0.3067353270252192,0.5282892336152437,0.09643457345837785,0.02423183718583938,0.5173161973473268,0.0290392791418965,-0.24984182395345084,-0.2955009805010931,-0.02710794328879365,0.05247839572219015,-0.051782157460142475,0.018274190905139962,-0.16418685090299695,0.24659090991940993,-0.09952073182803106
0.22753137683389713,0.7520250674336351,0.16580544905604624,0.03010206987858304,0.11835535569864562,0.08354200004017255,0.17552628719633498,0.08892950117429352,0.14393845566926988,0.243331393691662,0.19791888063002844,0.15688101246515365,0.06980272045164487,0.045103121640091504,0.21111747986570506,0.05859173761392785,0.16945681547802158,-0.08556317927891095,-0.01890446589959106,0.43951828503914103,0.25720736403716915,0.11880231769847988,0.07911485165505841,0.21077499384386128,0.20649907948040455,0.3509067742185799,1.268895796804217,0.5256105054594027,0.12840668141650208,0.40529306880422394,0.2467882951388586,0.15931165636337466,0.3022664264170897,0.14980237426406529,0.35891347420594305,0.29216001277493003,0.5093663776328208,0.24027529982210355,0.04693021940647578,0.2964732066903702,0.44449101569928534,0.2730545865994149,0.46540127872001213,0.03637585226007174,0.024081729945067253,0.5844612480547647,0.18905368222366564,0.026111928642214906,0.6254958967981412,-0.1491893587153009,-0.3677691251739569,-0.15905318132995497,0.27864080948826886,0.2102933396260746,-0.011802141640043135,0.06225686882814689,-0.008753042397829132,0.0810103932100351,-0.01906341505946885
0.031194043875043497,1.1151292014727088,0.25114580231298383,0.07497695815542468,0.009023110313365036,-0.0541000375080179,0.15157671711914156,-0.021376204146148593,0.24268963703202617,0.25318638027817236,0.18325276568259463,-0.13944110574829047,0.056426303382796764,0.060951228974458774,0.3551402917277603,0.0685965629644623,0.26290735509376134,0.23308887497807496,-0.011549732628761156,0.5611026339632946,0.6196858393904571,0.0034931794476244296,0.06370807129415618,0.3455111549971735,0.07585906494087498,0.5725294441559825,0.5256105054594027,4.449485137204989,-0.3005778326247026,0.3896141293187879,0.4064160955358305,0.21577248698541351,0.6534813961402078,0.0954766007740621,-0.1657722526205687,0.47904573446171456,0.9217060299052402,0.29226956489979616,-0.13288984915540342,0.1813706455505604,0.8320327362483547,0.5925630764504728,0.42788887076716825,0.002979984408852565,-0.06226464170795934,0.5176987568140264,0.31364566383902287,0.03167116881992359,0.23115996610787218,0.07630853447255702,-0.3039236984996395,0.6413383034183603,-0.3399430879741694,-0.06960419701824995,-0.08791089534664251,0.04527372813593532,-0.04011013269975077,-0.13536191331153985,0.5221370301506713
0.5605033703617838,0.6750414595335541,0.8376262139712072,0.13393231509853812,0.17434947515366936,0.25090455785808174,0.27895376105698544,0.2178199219160684,0.1908109764291343,0.2506963108206097,0.24042218048688196,0.3269651537573492,0.14426267258683742,0.2596062744899768,0.2907529635107415,0.27207524372232156,0.1978839202044974,0.34079830613396467,0.01797691655038988,0.1642998048773893,0.1427501306951441,-0.07774309713670338,0.4056285708466847,0.1295037765070286,0.383548721454376,-0.06644977514758241,0.12840668141650208,-0.3005778326247026,3.339398991384294,0.4790644676443303,-0.018357001136289602,0.2278133550376527,0.11479533219642712,0.22963973179377511,0.33384512662926474,0.2805432084017898,-0.5900103092957711,0.054419942436645836,0.49533309333417996,0.15824244106819668,-0.20663487572679345,0.11747728460141223,-0.1397494933804629,-0.13304636052666238,-0.3025291989353887,0.2538621264118509,0.5900427964979904,-0.06444020101188738,0.9265705908661038,0.6508013102776937,-0.524448294768005,-0.0997404081872609,-0.21726154996961644,0.054797173694504396,-0.06369569818152356,0.06298264210362174,-0.23999616414501318,0.44729409663060293,-0.26592590910017855
0.5114603289262641,0.2158658504625927,0.7087033425268988,-0.09984529958238068,0.0647969625156275,0.1269569605122173,0.09329822850573613,0.21593953977742536,0.11654312703577085,0.48476323676195254,0.07877792033679784,0.08353070511646557,0.09991710539589962,0.22183343886395793,0.24130387428697378,0.19752001982123424,0.19781917018444728,0.3172101948322219,0.027305879145610574,0.6822964512750233,0.2517380391389253,0.10953041178205153,0.46808672414852687,0.5703614407168143,0.3084777065134718,-0.049767095173385734,0.40529306880422394,0.3896141293187879,0.4790644676443303,3.266084908293863,0.6086230241795842,-0.07479503587663036,0.34933754212104795,-0.18230273411036574,1.06168331985481,0.7423592731478705,1.3196735216284512,0.32926495531367544,0.8078695795088361,0.7750894545004994,1.23094452866443,0.31417853706106125,1.5376072260833529,0.2154977383343579,0.2749427968094823,0.6787308717788438,1.4143567435761237,-0.016812669375336643,1.5576277634901865,0.1231408037628588,-0.4103608864272359,-0.39772163367737284,0.2949221803670537,0.0395323811061536,0.393711951476296,-0.11481031189610379,-0.23932135380833372,0.17576944772874026,0.12128082310832773
0.2751282094795532,0.3973533666639279,0.3469841057883338,0.16164042259085357,0.14509185376845746,0.14931696853946488,0.14778194605816664,0.14097550937390682,0.14231122284999356,0.2581484240106526,0.1784090566661861,0.19465766135600593,0.07917549273853905,0.17102492436702946,0.1925031445190374,0.08455618798493872,0.17557507779386902,0.2860037578081214,0.11947984686421172,0.49277084860567083,0.26318672029937756,0.04218025336223773,-0.050828362129356125,0.2525877217536259,0.07578432393188281,0.2921024234553771,0.2467882951388586,0.4064160955358305,-0.018357001136289602,0.6086230241795842,1.022944086236222,0.15214993151706777,0.4042985171166401,0.047831452130497165,0.15187085279201776,0.7836287524994495,0.9772469304194096,0.3215606396005592,0.2095396472228064,0.13454303955695535,0.9756034486362689,0.27790259123576105,0.09167074723237717,0.10768142575912895,-0.036921144901562,0.7778965193892887,0.3995941578988662,-0.021300434631680108,0.3054636216850942,0.25998045754948634,-0.13955741789742898,-0.12875689689214168,-0.06481948871216293,-0.0038551878543430463,0.006641821792466514,0.04920168284164992,-0.07380086607859905,0.05886804974179249,-0.06641956326838412
0.13415573631057476,0.25875956067825967,0.14635114179720773,0.19500638406946857,0.15350606611159426,0.11052912301151474,0.20211376363391242,0.05086660020373659,0.1080548411984675,0.09471651828697887,0.18134153946403495,0.24215494732673673,0.08712982961971484,0.07066452604906857,0.04440409391811259,0.19956560809573487,0.11733819162666423,0.13536806207452626,0.059936222341139316,0.04442308209915042,0.25246648351043804,0.3672075622272146,0.03582747588830258,0.14329457391154254,0.1079167400560555,0.3362612296186678,0.15931165636337466,0.21577248698541351,0.2278133550376527,-0.07479503587663036,0.15214993151706777,0.8746075600062034,-0.071875387654397,0.13865708220397127,-0.025897840413510193,0.30843601230547435,-0.22955450644269293,0.06522204527685671,0.00472881084191636,-0.0180257408523813,0.3232911690635686,0.2371022522000004,-0.2741748973002856,0.032771314174456764,-0.25302615793974514,0.35626563880495565,0.09776475017489619,-0.015459455731242466,0.20733372042223097,-0.06323951993768023,-0.009700703244299565,-0.12616703106874375,0.11301776522887856,-0.018787439512771394,-0.2079243526511322,0.034339388126983436,0.23537129833462084,-0.05752002349139916,-0.21640841998280808
0.06308996775660332,0.2176339572876481,0.2035116211598221,0.2660704777387483,0.21655029792060415,0.08352114142821747,0.11354922917942449,0.04352126945815991,0.08035246315559483,0.20262283135682216,0.12475633510212311,0.11160632774917781,0.07424568456793744,0.14763661096307823,0.27407140348133524,-0.04696388517071343,0.245190974025507,0.1467686387875464,0.11258470440884483,0.6241087651502755,0.29362550951307126,0.11481136635251035,0.4901130539851338,0.5810773554886541,0.23374211065317468,0.17115702520625795,0.3022664264170897,0.6534813961402078,0.11479533219642712,0.34933754212104795,0.4042985171166401,-0.071875387654397,2.5288282121997447,-0.15606849588135438,-0.9399958425280521,0.3568472872839096,1.2835451442099628,0.39746418056941185,-0.13903413437507353,-0.08293017526905304,0.6242839400712852,0.3210923230813649,-0.24826600293666107,0.03375086446278582,-1.04474817330635,0.9588038792665946,0.3025209687310806,0.030721416764340245,1.1396284757828399,0.6254572870553756,-0.6340386848194144,0.055395427840028766,-0.1188860077801925,-0.03512189508995609,0.17586959842339214,0.13382233713592223,-0.26608023507906575,-0.16845956374224846,0.3435465276499843
-0.3039185806626326,0.04876899109283869,0.05337256057377223,0.2588215353248484,0.06837833386099063,0.21537834839076422,0.0933645239339739,0.17053224486885038,0.1397975538700927,0.11693841404130371,0.1734210727953316,0.1717464003247131,0.07685719041689888,0.12680112436134452,0.1259540095330024,0.16004338300273,0.16695557954721074,0.050724078873016866,0.04452269250293384,0.30504589414303374,0.15282885333880092,-0.013587840589101502,0.05572324402012597,0.011632787729931279,0.2150172299539189,0.19331517143425608,0.14980237426406529,0.0954766007740621,0.22963973179377511,-0.18230273411036574,0.047831452130497165,0.13865708220397127,-0.15606849588135438,1.1652428436308686,0.3276726067361455,0.012896947140436842,0.20906151851315027,0.21392591008528872,0.17241226450390512,0.0052910124770894846,-0.07678088102743263,0.1641712639056541,0.14120084311048417,0.14713240899679414,-0.17924501838845533,0.12247709542291664,0.08275597587025067,0.025979544493082426,0.45962547088350014,-0.09706121246083854,-0.15444667879481339,0.04267192341213985,0.1348803772075519,-0.02512946020053518,-0.15711312310817543,0.05621849806498256,-0.13315129982404084,0.08424558560858739,0.13300404507619082
