1.0301623383092793,0.3001761253745683,0.4829328611241304,0.043752994679623076,0.2674981435133714,0.17747604322322896,0.24486628330542878,0.19614268309357585,0.1188172391778628,0.16355026567108,0.12798617011515326,0.17848609138628402,0.08639203995414751,0.19104298867433148,0.16244999370531368,0.13889228801444528,0.07024064141643775,0.2121592621977713,0.07556198329788473,0.11566270922260767,0.12676277431944227,0.17773534239085176,0.17300390610223806,0.04327418909931853,0.200404410885337,0.13858562179618844,0.10326811210173836,0.03584011585192744,0.15793196322860323,0.20676924341243516,0.08904323925546857,-0.011249778922586348,0.10182101843831821,-0.027352037400769576,0.10963521968775491,0.043967653700220294,0.12370489474255217,0.15883430083406092,0.161418780527116,0.037447132124954444,0.09663656323619117,0.09888141898402326,0.18202351889527285,0.13200895442560243,0.08435162356901629,0.09323717953027705,0.1958547268744554,0.007366100288421103,0.21262423612027825,-0.1480956005245901,0.0009060828199322611,-0.022701089320938755,0.1115974935040763,0.02119646766093871,0.13648092901495681,0.00041901818084119435,-0.036554305672727425,0.138708780557333,-0.2607322500368297
0.3001761253745683,3.0495056127154183,1.97054365900076,0.229635454956602,0.12055910565669221,0.31236870661053756,0.20495627912008046,0.3314739501020177,0.1724831510642172,0.3738979886334039,0.23288803920011003,0.2886177633983684,0.1707386601536928,0.2050854811832526,0.26727575099572265,0.1855587303546323,0.3254819657568038,0.43074380421072755,0.1429735945617129,0.4611814022697727,0.2557060291734953,0.2456345574562814,0.2345568525786105,0.3136283392510093,0.31726443269110177,0.2129014690553939,0.2737021808752014,0.28566027603763405,0.7785658881874491,0.49621872432490577,0.0761550806311253,0.01733178600409624,0.322697238361531,0.2909329129415285,0.4069744378573711,0.2557414292416542,0.5816134592602511,0.03581493154813437,0.311171571687191,0.23163747028963938,0.2926709799129171,0.22480682084791895,0.1850819584786522,0.06448975172175024,0.24900915108046956,0.22495898136311981,0.3995555996859041,-0.010079361919548103,0.17704594728243578,-0.2947166921865855,0.07964535279065739,0.17754202159347957,0.08390409971521402,-0.04926498539363185,-0.701418774857835,-0.2290879144384269,-0.17508457440560654,0.3389507846897238,0.4427595478293816
0.4829328611241304,1.97054365900076,4.228641367122512,0.1849310426085406,-0.07811992324201084,0.4319994292455054,0.23693814895898743,0.3743999986181629,0.3392799416128877,0.34750258726111677,0.22577501923892584,0.3158174880688835,0.14492988756117012,0.2297948305281135,0.3572738746210132,0.17288954337577248,0.32222643170981363,0.3998519959621479,0.17000505169468372,0.42079146174196114,0.30392848480335377,0.3464221224655452,0.30311280300020865,0.37948791506413315,0.39367022584730926,0.2185288155282049,0.2487609584651242,0.353909489673239,0.8595276833521245,0.5437202458282897,0.18349769934756435,0.11175941813595978,0.3188271881683466,0.28230971327934445,0.5753725347435595,0.36912706491491776,0.41586831319819234,-0.10248363347084194,0.4061859506761584,0.32817482662136077,0.3471535300165947,0.3115761783921676,0.27304374047158797,-0.06485607289990404,0.3966782798863917,0.3822164293119332,0.46707727474332167,-0.04594435725351705,0.3292259026397018,-0.16891910544279712,0.006689005626892447,0.22211159735883707,0.029178366969424045,-0.07671088445122519,0.044983303285370695,-0.06978347872253521,0.04303420894179995,0.09167924198584015,-0.1583068688729716
0.043752994679623076,0.229635454956602,0.1849310426085406,2.3171925917166485,0.2339210822576571,0.4479962444611786,0.37492630355530304,0.4024223662701867,0.26404992116706283,0.26476597539088054,0.3896074467161564,0.5505831442051017,0.28019171142603727,0.44839506735825746,0.3104119678533394,0.4566287718939887,0.28698116680942337,0.18039428393875057,0.3147384730945341,0.2741188221605385,0.277378426192183,0.3856102926595176,0.27324157902389,0.3214845075566345,0.31723729255809757,0.3334118825362187,0.31859090351410185,0.0325725968230417,0.1842520345165144,0.1793021102947355,0.13248791535762494,0.2851798627102861,0.3603961994151185,0.25609238613317387,-0.4040192558919584,0.05843079402934634,0.1960389502122458,0.41551231902295743,0.37556776132476266,-0.26542541748333914,0.13405150418366274,0.25678053947126145,0.31626743058037715,0.6493029318188304,-0.03970359500952223,0.11141803688589148,0.27930170772759305,0.02694236312452685,0.31296264923812556,-0.04830423272603126,-0.007305396422287741,-0.11665293302762715,-0.0578195128551747,-0.18077515742598618,-0.08218631072747282,0.012507074237139471,-0.15147001856512873,0.25589140191164167,-0.2813425017295315
0.2674981435133714,0.12055910565669221,-0.07811992324201084,0.2339210822576571,1.0583505884845306,0.3840723847740279,0.34502613306607216,0.36967043899346613,0.16070187148336462,0.14794717132853752,0.2743103129351045,0.3487758602468354,0.1867422455924103,0.21932856474789678,0.20521114319021827,0.2593428887523583,0.15166981856781012,0.17237806972884678,0.1611660351340906,0.2086224798654545,0.2084054503554142,0.22070417186037083,0.1866522837895886,0.21038496644154409,0.19728288365965155,0.28878578624909673,0.19650356412893993,-0.03732631385019241,0.2107917231208062,0.08582469717463877,0.06955336375448626,0.27798179799042183,0.10629322219870194,0.28694431557353994,-0.07046687349661446,0.07917238971934078,0.04379924141114756,0.22855364413556184,0.22792789281138795,-0.011842396937163461,0.12373043456888458,0.21567854444527118,0.15092043976013383,0.20254410556827207,-0.05674535091183907,0.06841629463549236,0.19829505100805725,0.008851795860765283,0.32661953480005596,-0.2132406791586849,0.06166248234526096,-0.11024693503012904,0.14906407217356274,0.08105680666249655,0.028153698338752576,-0.053045235285207125,-0.09701176063207713,0.06114494768276711,-0.013686371323826906
0.17747604322322896,0.31236870661053756,0.4319994292455054,0.4479962444611786,0.3840723847740279,0.8353006999091548,0.23389715593411167,0.4351527259546766,0.23175757001140215,0.11061576038749879,0.31622433500327085,0.3644120840303849,0.19333155078354913,0.22890488801825742,0.26365349361100243,0.24105271686915078,0.22074961441690372,0.18863551585729335,0.22313537096795322,0.34263499051976426,0.248363876580416,0.2855254182410069,0.2076912254631349,0.2938541039933018,0.2843467402882961,0.32618994545654917,0.2609212316019249,0.1629966217038748,0.42284208822452174,0.21827350555987549,0.10994676550792705,0.32697775033137355,0.1611528748093882,0.3132847050322111,0.12955699039769547,0.07821401082278383,0.19202228607417812,0.2511703723977896,0.3060905511132106,0.0492297605325968,0.10703101223302787,0.23619333764387268,0.31206242649943283,0.2850218263060289,0.08446325641372955,0.14522959663791773,0.30299354733252715,0.004674239939673957,0.300480169733553,0.048853637678872776,-0.16112045853047777,0.020188808103538586,-0.1537997739043168,0.012660848606459404,0.05199180504282417,-0.07258698075532319,-0.06059447129792401,0.18126718502153277,-0.09124968266852
0.24486628330542878,0.20495627912008046,0.23693814895898743,0.37492630355530304,0.34502613306607216,0.23389715593411167,0.7428223814164076,0.22077362574174345,0.26734633415134657,0.010087392561776709,0.24310290317561564,0.3741349031373369,0.16501820609285411,0.18167710090079303,0.19534899545557904,0.22451482775282175,0.16266384151044347,0.1574861224035708,0.13721026106713355,0.1966277441847447,0.2259681558250995,0.27735426401172275,0.14174463217798028,0.21466559898291535,0.22629360168520457,0.27042922320175383,0.20871206895678354,0.04010967964977653,0.19653943637236726,0.17779273708613166,0.11841975468724739,0.20748429745307262,0.18287748039697663,0.24605448485305134,0.05413262035575314,0.10500269191841856,0.13062695405261443,0.20928433700022664,0.2429957846458283,-0.00946861972450816,0.14187751483655228,0.21138212316408964,0.23044411541342716,0.2134185122538973,-0.006310767578068345,0.15146712418638855,0.1639387420000679,0.0031594338619243554,0.344468510519985,-0.14959263892923155,-0.03394735708907038,-0.1311009083796626,0.15230334804419549,-0.10036775982268306,0.06542436705975696,0.027066366859586317,-0.12960838197324417,0.13424264359056756,-0.1786522202230215
0.19614268309357585,0.3314739501020177,0.3743999986181629,0.4024223662701867,0.36967043899346613,0.4351527259546766,0.22077362574174345,0.8236080129223338,0.12681671894253455,0.25503910761501575,0.2884004624712817,0.1039681982246082,0.22864630355459165,0.24062935625174633,0.24621111279794694,0.2139648649928385,0.23418997289529878,0.2320387528082382,0.24843134204815437,0.30439375176237193,0.2447720025886168,0.24335548824669404,0.20832003970962557,0.2868326125264747,0.2642741349026698,0.23920592366872298,0.2221121878357484,0.19796123099063,0.354726259720799,0.36596261945962477,0.18320352506683882,0.15790279280327196,0.24439732228900166,0.27789769613392323,0.2246026246663281,0.12692416687075886,0.3531708683499476,0.2176274495510867,0.42040256655894465,0.10734631359506931,0.2028563706770287,0.2197713555472921,0.2728267363643702,0.2367696519864685,0.10058899565349837,0.2086081985968552,0.3826003645856306,0.01827610013933817,0.2986247936214223,0.134660886123937,-0.08229291658347233,0.05325151975754978,-0.10383856977839945,-0.11301149515312577,0.10710639526923212,-0.17166405016989017,0.07714920973759494,0.0065208450607562125,0.09674212033879076
0.1188172391778628,0.1724831510642172,0.3392799416128877,0.26404992116706283,0.16070187148336462,0.23175757001140215,0.26734633415134657,0.12681671894253455,0.7335733167187101,0.15028362655967248,0.20748854056990967,0.276219297727744,0.16482654924279558,0.2001632513059038,0.2929549511050493,0.1990900678185549,0.21517425370615603,0.1387545540903454,0.1680454980685545,0.20059994209312748,0.21483793429306688,0.34120169804219486,0.12024402735492433,0.22002799082972122,0.20145164597071533,0.3107463171072781,0.23624113149200293,0.15248498101585528,0.10575945137085631,0.20049656085168074,0.250343763551172,0.2507658054823565,0.2109585955114843,0.1972480584311976,0.1374315630585026,0.1443230303230804,0.16909191147044805,0.2545820569066006,0.2317685186112905,-0.008976343936822,0.19074583612560905,0.20247959659586243,0.23652225564003193,0.174120959100182,0.028667009117226687,0.19242732041293958,0.21808380355324916,-0.0026722344179784417,0.4230113797080184,-0.14934431051241384,-0.009418028561372043,0.09426002413246583,0.04624000659379856,-0.09362460469901063,0.14945071157533776,0.1499238016136999,-0.04908913538008345,0.03382346929108973,-0.40275999574136445
0.16355026567108,0.3738979886334039,0.34750258726111677,0.26476597539088054,0.14794717132853752,0.11061576038749879,0.010087392561776709,0.25503910761501575,0.15028362655967248,1.3720134206497445,0.24261455436345825,0.3618234163964518,0.21547165006764393,0.29672996719923433,0.2841082042695077,0.2705900975045669,0.333017996492342,0.4212251328172141,0.2962448849796989,0.03466596900194711,0.09776935144606586,0.2362039938108185,0.30735943714193126,0.1923368652565744,0.2725193061076934,0.15232458099149368,0.23516799390003754,0.20087887163676563,0.15868705731326604,0.22797194639776228,0.27132304274982133,0.1356470409384074,0.10702024178401662,0.3461830914163547,0.3821267674340871,0.2659252500395392,0.27423901189176136,0.18596894381355647,0.2871495964702322,0.019380854492580736,0.26641510976830374,0.09536308007912606,0.013674846155025868,0.27296766320195925,0.06027599069626109,0.22344549263224744,0.38502349062748537,-0.024736147330269853,0.10432657983829745,-0.16147550790742884,0.014622713611740158,0.11842897012559261,0.054087619250712,0.06615209065000448,-0.15983341543743557,0.07685217516655465,0.19324934352426154,-0.4278280206187597,0.016560612512138195
0.12798617011515326,0.23288803920011003,0.22577501923892584,0.3896074467161564,0.2743103129351045,0.31622433500327085,0.24310290317561564,0.2884004624712817,0.20748854056990967,0.24261455436345825,0.5111947678835408,0.3283756085472124,0.27235157404701604,0.2516036077276185,0.3151516535418548,0.2660036174276196,0.29963926234029864,0.15401952061290286,0.18945464932748476,0.31827700599365333,0.22067001332178904,0.2367813583739713,0.13882892495431148,0.2396493857736016,0.24063033418191157,0.2553916970322763,0.2645894420561874,0.15229488583233527,0.26196718000246083,0.19485524971521848,0.16537872359906255,0.25123173178690666,0.1519294282726936,0.2937648254968622,0.2072516935625459,0.15388000547766306,0.2013070030145264,0.21451070581071488,0.3186018332301238,0.05524580438603764,0.19184313943720918,0.22053115401971365,0.19614632316134806,0.18841250886262573,0.11097779326500697,0.1942392348365411,0.2532236078399423,0.0006278737699322108,0.2537221259475044,-0.0674430552720629,-0.04245463482984441,0.05762625233187117,0.035331943418795315,-0.011946421388378859,0.015368957189162442,-0.01211618291610772,-0.03051825800924342,0.007387157848620739,-0.1254793924930211
0.17848609138628402,0.2886177633983684,0.3158174880688835,0.5505831442051017,0.3487758602468354,0.3644120840303849,0.3741349031373369,0.1039681982246082,0.276219297727744,0.3618234163964518,0.3283756085472124,0.8271446515147088,0.16765684355113128,0.24824562299726424,0.22680178719791108,0.30003141017223295,0.24846161139075182,0.2635205618485125,0.20067335438384187,0.18829797745403404,0.20252115972692536,0.2855923307844529,0.22027576900487328,0.20620164704834856,0.3052384610835737,0.3395738791179851,0.29527515151103484,0.02078937393648358,0.24288818785050348,0.07174332314812287,0.08685626830840612,0.3052350328871492,0.07159294286709993,0.3396693573950177,0.16304663946558812,0.14778688592500236,0.034696218369254676,0.24230570630788084,0.24126456812278746,-0.02251721755916409,0.15050726235448486,0.1941057926197586,0.19381498303183803,0.2631936953646264,0.055649434381860985,0.15995271591688762,0.21740831300013289,-0.011749368284118562,0.2816291685477189,-0.29818523868325486,-0.00225157649857664,-0.057771439535074104,0.1900583933854383,0.015328541561248016,-0.06817875295166491,0.10074852869244111,-0.1388067439995622,0.11764200827773741,-0.34233105264034797
0.08639203995414751,0.1707386601536928,0.14492988756117012,0.28019171142603727,0.1867422455924103,0.19333155078354913,0.16501820609285411,0.22864630355459165,0.16482654924279558,0.21547165006764393,0.27235157404701604,0.16765684355113128,0.47324664739632033,0.24632132315449626,0.14540035895774409,0.25230329981505006,0.24981498276352607,0.12488665258704634,0.2140745487938319,0.20710605485555147,0.16429151432269093,0.2655053404577514,0.11055145778982972,0.2210512139578208,0.19032216713449443,0.16219916282283947,0.20895020971281636,0.19194104161261305,0.24709580441769233,0.24341670659313655,0.14973278082475094,0.150557966448474,0.17858305962177215,0.22627469502669104,0.19891000253402083,0.1395405396655725,0.23045667265693207,0.15469097655123065,0.26847162463556756,0.06433078291584306,0.17585139528542298,0.16832777199718488,0.18410513130779713,0.2004291204761781,0.023273163711597013,0.20295846923047164,0.2285063257217789,-0.003282950252086712,0.27070547971032627,0.10280358522275121,-0.019883633414753854,-0.030864176119715814,-0.06293345498068936,-0.054948190742277477,0.003436876191231819,-0.07163078713981813,0.053279377219208404,-0.025050988094366566,0.005941272728886837
0.19104298867433148,0.2050854811832526,0.2297948305281135,0.44839506735825746,0.21932856474789678,0.22890488801825742,0.18167710090079303,0.24062935625174633,0.2001632513059038,0.29672996719923433,0.2516036077276185,0.24824562299726424,0.24632132315449626,0.7021965449168358,0.300992945311785,0.39120384721111456,0.2699135705811376,0.15787040894425539,0.18927472516050978,0.2739336309629882,0.21086364281702077,0.2875857662445844,0.176357439253026,0.23904091865205804,0.25647156927467196,0.27181525863273187,0.20979863882554325,0.20110773819339323,0.17187975201279693,0.26175413845966783,0.17114450720147442,0.1754535723465616,0.21413206907527,0.2013668496131917,0.20535468015719086,0.15942154852521656,0.29306982447515606,0.2667146500778449,0.1870464967527426,-0.008353043435841786,0.2204401650081987,0.20867274831656962,0.3008802071690751,0.233511764289678,0.06497963659106966,0.175678434346107,0.2746400949769634,0.006454845260615738,0.3323913609810367,-0.04569598043753222,-0.02157388147186471,0.03953883323226641,-0.0074031186595281415,-0.013879435170461777,0.028425663384418126,0.01802683761680034,-0.07168565436558538,0.18133229665231979,-0.23639571994609782
0.16244999370531368,0.26727575099572265,0.3572738746210132,0.3104119678533394,0.20521114319021827,0.26365349361100243,0.19534899545557904,0.24621111279794694,0.2929549511050493,0.2841082042695077,0.3151516535418548,0.22680178719791108,0.14540035895774409,0.300992945311785,0.8800090603948334,0.25848111172528276,0.2710375870962221,0.12188110530039208,0.17909157715686053,0.3492577863267871,0.24294541826906263,0.18819893125610568,0.1336188124030961,0.27857596029261494,0.2658689583617338,0.24100297101615492,0.2647840069889049,0.245350892642573,0.2259215263431794,0.26743454235191616,0.23274551103497146,0.23679088739162876,0.26164284410210825,0.23127654877341364,0.19738353462207217,0.17108897699756817,0.3586691172698663,0.19684332208387278,0.2626191097163193,0.011672365750085826,0.23314928320914025,0.24121822322971587,0.21466626206154243,0.1388380000948191,0.08231614275585872,0.19822426154441036,0.2654816235222382,0.013435717922138489,0.2674756858059531,0.14063948702879392,-0.15836115723917102,0.24587936964965007,-0.13287638440834193,-0.07093276658128785,0.07333491587502722,0.05688101282331929,-0.03500238696913679,-0.02524275209885938,-0.09021959168786962
0.13889228801444528,0.1855587303546323,0.17288954337577248,0.4566287718939887,0.2593428887523583,0.24105271686915078,0.22451482775282175,0.2139648649928385,0.1990900678185549,0.2705900975045669,0.2660036174276196,0.30003141017223295,0.25230329981505006,0.39120384721111456,0.25848111172528276,0.5706765777214744,0.295686128900138,0.12954689668033118,0.24467145768790052,0.24723342115345173,0.22045697333411482,0.3382125309713902,0.1629721055315134,0.2427887166854155,0.27243911478700694,0.25486926346578886,0.2637034785672467,0.18497721027844996,0.19073278807593985,0.2554052850218144,0.15171910732522567,0.2038366680487725,0.16993662197244133,0.2598869577041322,0.26942363943738706,0.18239223061256174,0.2649796789932978,0.25587049926864747,0.23280222763372546,0.026018074868512032,0.23039103595057825,0.23000899386337542,0.26974064484139404,0.26769411880341215,0.062494991555950556,0.1965490882502645,0.25176825727934554,-0.005814988086840654,0.29005418258546156,-0.13687276629308742,-0.04126369830824319,-0.036038305439861314,0.07977525397683835,-0.01902330280320389,0.02830095200741206,0.008985254054576279,-0.08932075364731841,0.08301536006960347,-0.14272889320651616
0.07024064141643775,0.3254819657568038,0.32222643170981363,0.28698116680942337,0.15166981856781012,0.22074961441690372,0.16266384151044347,0.23418997289529878,0.21517425370615603,0.333017996492342,0.29963926234029864,0.24846161139075182,0.24981498276352607,0.2699135705811376,0.2710375870962221,0.295686128900138,0.855814761286347,0.10162834709781021,0.2584592725242116,0.4108125472319014,0.24193968911313316,0.2845750991951895,0.14632117769938616,0.2400080329344242,0.2911658185926924,0.24947963402973172,0.2923992496890837,0.34180081615338237,0.232435999230221,0.2776617071882294,0.1795602270234421,0.19615190960517045,0.21527090353439413,0.286633104879135,0.32640207512465713,0.24031833583044526,0.41224843414026424,0.28865907244153594,0.3029550571484291,0.037688626616234754,0.28366966683787426,0.26891589770643926,0.23514599014399576,0.19860614485320127,0.2984770856434256,0.26760081239037553,0.3172041022417466,-0.006489961727016181,0.14959045448772543,0.07074046594382936,-0.07849211511311369,0.1950628632506526,-0.04856629311919351,-0.016592423936585454,-0.28725450501458527,-0.000901564176778147,-0.1462956144638992,0.24663973204696968,-0.30462844257853744
0.2121592621977713,0.43074380421072755,0.3998519959621479,0.18039428393875057,0.17237806972884678,0.18863551585729335,0.1574861224035708,0.2320387528082382,0.1387545540903454,0.4212251328172141,0.15401952061290286,0.2635205618485125,0.12488665258704634,0.15787040894425539,0.12188110530039208,0.12954689668033118,0.10162834709781021,1.1152312361839047,0.24651895313145816,-0.19509324778977483,0.23827441017904316,0.2311541079163146,0.4061105982996083,0.17850604521235275,0.16762686133671986,0.26559693928714,0.06774137953029129,0.20181630659704647,0.26916403839137415,0.14297455680034535,0.39321535072909247,0.07271798523220703,0.31020447620425506,0.2549505284608678,0.15242784648530283,0.1847856644485777,0.2646026034115312,0.23602602609091444,0.13374245214035077,0.10266515647321685,0.16331555073468415,0.15650295214875115,0.355353380298792,0.05383101276502643,0.3191950335370512,0.3530614711566072,0.5413485906981195,-0.022592505226990692,-0.10762460347785929,-0.009897541888542053,0.054508157303722445,0.3121318594409168,-0.13152666589014722,-0.1386630538197686,0.330425596853367,-0.011559805844257247,0.07704821913663432,0.15070116631986266,-0.5767824448501707
0.07556198329788473,0.1429735945617129,0.17000505169468372,0.3147384730945341,0.1611660351340906,0.22313537096795322,0.13721026106713355,0.24843134204815437,0.1680454980685545,0.2962448849796989,0.18945464932748476,0.20067335438384187,0.2140745487938319,0.18927472516050978,0.17909157715686053,0.24467145768790052,0.2584592725242116,0.24651895313145816,1.0223535648593323,0.006188631538160017,0.244000897586976,0.3352377850186537,0.011620148509620652,0.22951221057597337,0.13874163144929227,0.14786036994996382,0.15605035317348345,0.19045607682959348,0.15241162904797606,0.28183690702568165,0.26660722436568257,0.22503576767844855,0.27719291377196487,0.17271190681509713,0.12354190620082872,0.21374731841030406,0.3449563627432535,0.3229715286084766,0.23595647760955613,-0.03880531332069825,0.2367842176601388,0.2157929814552328,0.23823965022597293,0.1974045120626502,0.0699353456689693,0.2425501422441556,0.2577417601663234,-0.008932271948051674,0.09810855159599392,0.3995700914447842,-0.08697574458137415,-0.2146070583333137,-0.0808979942387899,-0.09420163892989877,-0.051343387190974046,-0.013471188619992462,0.008663353467386668,0.14869925727850325,-0.15198232496835337
0.11566270922260767,0.4611814022697727,0.42079146174196114,0.2741188221605385,0.2086224798654545,0.34263499051976426,0.1966277441847447,0.30439375176237193,0.20059994209312748,0.03466596900194711,0.31827700599365333,0.18829797745403404,0.20710605485555147,0.2739336309629882,0.3492577863267871,0.24723342115345173,0.4108125472319014,-0.19509324778977483,0.006188631538160017,1.1496275659730262,0.17987142940264506,0.20576788490811626,0.0716328971853005,0.33915216573960294,0.3175379513779736,0.3065812126413324,0.3987276480125371,0.317927850338004,0.36996979648143635,0.5033559228662297,0.09373732487970357,0.2341843833160767,0.27350423991215866,0.20148050819416743,0.3297394302148343,0.14227317985074575,0.5082434318146365,0.2071779376013339,0.26869805951498604,0.14849306880921076,0.2834167339992085,0.2337867387983842,0.3868648390697687,0.1744438852361571,0.2515560443227645,0.19811677165235533,0.21047381942878116,0.038923696442314776,0.4732595972892204,-0.11128973713501841,-0.10511088758365145,0.07953197551617835,0.04714500961629281,-0.025661542666364476,-0.062240920135737246,-0.09351136083897812,-0.11150860664820673,0.2400804201875144,-0.014808935954254972
0.12676277431944227,0.2557060291734953,0.30392848480335377,0.277378426192183,0.2084054503554142,0.248363876580416,0.2259681558250995,0.2447720025886168,0.21483793429306688,0.09776935144606586,0.22067001332178904,0.20252115972692536,0.16429151432269093,0.21086364281702077,0.24294541826906263,0.22045697333411482,0.24193968911313316,0.23827441017904316,0.244000897586976,0.17987142940264506,0.523403273162336,0.2565892672127151,0.11433922985131391,0.260992398216286,0.18895867662774135,0.3178518348463958,0.18137228306930028,0.18530213434449416,0.1954827127164644,0.3239134446754327,0.300034651600657,0.2254499082992618,0.31161953253979957,0.23229776257249615,0.15276349000112943,0.21012594159234438,0.2846376036841223,0.34583639523489756,0.23581179895452634,0.06417970770496295,0.32888104849474986,0.41064638493660627,0.3937923516235122,0.1554082552157459,0.2597629478582273,0.27256736368080997,0.36013713523784385,0.020194038413374433,0.12913323311358507,0.08052398316722063,-0.07275463080896581,0.02024558329941773,-0.013779550292992654,-0.09392143264220372,0.19892516911131408,-0.042943030650613494,-0.11671538041833053,0.2746499249170751,-0.3569189255655544
0.17773534239085176,0.2456345574562814,0.3464221224655452,0.3856102926595176,0.22070417186037083,0.2855254182410069,0.27735426401172275,0.24335548824669404,0.34120169804219486,0.2362039938108185,0.2367813583739713,0.2855923307844529,0.2655053404577514,0.2875857662445844,0.18819893125610568,0.3382125309713902,0.2845750991951895,0.2311541079163146,0.3352377850186537,0.20576788490811626,0.2565892672127151,0.8486249115185089,0.2368726737459371,0.29999172106516786,0.2931241676288612,0.2710255686317977,0.26420919002791965,0.18162368212387578,0.26984916415435006,0.3668522696698927,0.22858495189617165,0.20829535933837537,0.3258260587386705,0.24833972244089564,0.1752301344854876,0.21227727404078547,0.2730190889609376,0.35212538494473233,0.28810966498869617,-0.02075684455522901,0.24798812121748343,0.2554575007161541,0.3703219652356294,0.3094359303295559,-0.059419210621866954,0.30290730390151244,0.3369170350477985,-0.04914312400522555,0.7072454526971463,-0.07033345672675191,-0.03939704017352177,-0.18004256500653323,0.07914892078937852,-0.09476479110826236,0.1359519291314207,0.005795138900693834,-0.05580494966732486,0.16892532019116213,-0.3957435970179343
0.17300390610223806,0.2345568525786105,0.30311280300020865,0.27324157902389,0.1866522837895886,0.2076912254631349,0.14174463217798028,0.20832003970962557,0.12024402735492433,0.30735943714193126,0.13882892495431148,0.22027576900487328,0.11055145778982972,0.176357439253026,0.1336188124030961,0.1629721055315134,0.14632117769938616,0.4061105982996083,0.011620148509620652,0.0716328971853005,0.11433922985131391,0.2368726737459371,1.3173319349567512,0.3268052287862826,0.4264929633967179,0.014279914411229215,0.07621473832049945,-0.06361513387639427,0.3803082129054428,0.31899228944866403,-0.08624481995707542,0.046106841000678696,0.20826716520025987,0.2930351771198017,0.04619780016689556,0.19176593849871626,0.15836112945908953,0.010402893583058806,0.3656263934159906,-0.12727224930667042,0.16605380074818094,0.07061962602537682,0.1520376911359626,0.41307427958486015,-0.12017241562400753,0.17438495018816774,0.3620331205465076,-0.011300797772274733,0.14939453724047674,-0.20466095618924598,0.060041913357871186,0.08488239522544705,0.047462190672576496,-0.07998678796345315,-0.1796357871472755,-0.0810170321922773,-0.07131252201732621,0.09803288462142885,0.03654253128314865
0.04327418909931853,0.3136283392510093,0.37948791506413315,0.3214845075566345,0.21038496644154409,0.2938541039933018,0.21466559898291535,0.2868326125264747,0.22002799082972122,0.1923368652565744,0.2396493857736016,0.20620164704834856,0.2210512139578208,0.23904091865205804,0.27857596029261494,0.2427887166854155,0.2400080329344242,0.17850604521235275,0.22951221057597337,0.33915216573960294,0.260992398216286,0.29999172106516786,0.3268052287862826,0.8588684830095518,0.32272775220750294,0.22042190837446085,0.2669460168734147,0.2926923196858286,0.45709617628372684,0.5315548176219952,0.195168307552129,0.5974039552937989,0.55602464958109,0.3193977600801113,0.21421733338729113,0.2565235224646144,0.42907244384258036,0.2841931504207621,0.28586347736392387,-0.015465160287182677,0.26752620211544254,0.2674548513458985,0.26647789810724554,0.2067442080293183,-0.024166944622294823,0.3126354755556005,0.4053587480251172,-0.003390396403668177,0.3488725441232523,0.13563855683971351,-0.1385972930360868,0.0711660838619224,-0.055310368218901014,-0.11730893414226835,-0.0007606836335330928,-0.14917903620341702,0.08475282878056144,-0.034974158164855565,0.14423657734625467
0.200404410885337,0.31726443269110177,0.39367022584730926,0.31723729255809757,0.19728288365965155,0.2843467402882961,0.22629360168520457,0.2642741349026698,0.20145164597071533,0.2725193061076934,0.24063033418191157,0.3052384610835737,0.19032216713449443,0.25647156927467196,0.2658689583617338,0.27243911478700694,0.2911658185926924,0.16762686133671986,0.13874163144929227,0.3175379513779736,0.18895867662774135,0.2931241676288612,0.4264929633967179,0.32272775220750294,1.032310467130446,0.11089185328354242,0.26341779114818686,0.146573199928091,0.5211664597813719,0.47890240758662783,-0.09300370557843954,0.18399326159925966,0.18101620464604648,0.3611730977207461,0.3170298312231795,0.20681413985454436,0.4173270081498999,0.22112918867079445,0.430030556135469,0.025401750373572205,0.25221865819442185,0.19081113822678789,0.2862052444084632,0.33677105254066747,0.13073303429724728,0.294622690937527,0.3752813958179902,-0.00973633686716182,0.27699488623587654,-0.359102255172878,-0.03553741263247391,0.021142487601021904,0.16685392793224496,-0.051063725353523416,-0.05855480770200085,0.023368201283376206,-0.024355030272106132,0.07806559315521411,-0.1319904575501557
0.13858562179618844,0.2129014690553939,0.2185288155282049,0.3334118825362187,0.28878578624909673,0.32618994545654917,0.27042922320175383,0.23920592366872298,0.3107463171072781,0.15232458099149368,0.2553916970322763,0.3395738791179851,0.16219916282283947,0.27181525863273187,0.24100297101615492,0.25486926346578886,0.24947963402973172,0.26559693928714,0.14786036994996382,0.3065812126413324,0.3178518348463958,0.2710255686317977,0.014279914411229215,0.22042190837446085,0.11089185328354242,1.3490270121795294,0.2664814294322622,0.19199969876567838,-0.12853474025954348,-0.04074126576031277,0.22720749130241424,0.39027347819378566,0.18697785433537475,0.2635075961680455,0.19112176248213678,0.1379927624564122,0.04693327449874673,0.4355966539892243,-0.5353932628290397,-0.05034307705873603,0.22591790620645016,0.33250778633425904,0.5018832245655475,0.13944693646871795,0.013606209638238092,0.2324841195496979,0.1624080679909737,0.012882730041658106,0.06538943244345018,0.01516701267469694,-0.09707580303078922,-0.11754259606029469,0.034805650993611964,-0.009026944452403596,0.15885769431381264,0.06946302587466134,-0.21964939628195929,0.4952948201410331,-0.6205490419789699
0.10326811210173836,0.2737021808752014,0.2487609584651242,0.31859090351410185,0.19650356412893993,0.2609212316019249,0.20871206895678354,0.2221121878357484,0.23624113149200293,0.23516799390003754,0.2645894420561874,0.29527515151103484,0.20895020971281636,0.20979863882554325,0.2647840069889049,0.2637034785672467,0.2923992496890837,0.06774137953029129,0.15605035317348345,0.3987276480125371,0.18137228306930028,0.26420919002791965,0.07621473832049945,0.2669460168734147,0.26341779114818686,0.2664814294322622,0.8659323673083572,0.2367968187144057,0.15946534819069888,0.28764031644191806,0.15516350838216372,0.39185981569277945,0.21715974528330495,0.27488327634405973,0.2444717991778275,0.21611843665768085,0.23511085127344414,0.26432626471511345,0.22345609632959085,-0.03848103686458892,0.2565162493387656,0.2119021497818483,0.40461018988828,0.22932695769517242,0.03398823217877501,0.22570978068916567,0.23087637257422733,0.003204378885144232,0.36848243698171407,-0.062013191227521275,-0.06225725245398174,0.08711145273321766,0.040996084163584,-0.03868404845911986,0.21796047840702043,0.025741827794820597,-0.08190438941579097,0.022844989631449916,-0.22644087465594545
0.03584011585192744,0.28566027603763405,0.353909489673239,0.0325725968230417,-0.03732631385019241,0.1629966217038748,0.04010967964977653,0.19796123099063,0.15248498101585528,0.20087887163676563,0.15229488583233527,0.02078937393648358,0.19194104161261305,0.20110773819339323,0.245350892642573,0.18497721027844996,0.34180081615338237,0.20181630659704647,0.19045607682959348,0.317927850338004,0.18530213434449416,0.18162368212387578,-0.06361513387639427,0.2926923196858286,0.146573199928091,0.19199969876567838,0.2367968187144057,1.4949948414435108,0.08702204355641784,0.3301435661824345,0.445658474489257,0.0496746263490449,0.603620826472924,0.12205903039046831,0.5752062484489686,0.2592237044287945,0.7367313615756625,0.18295578706956817,0.08682117198188256,0.16876324705433432,0.290294111408952,0.1781255255440326,0.31432985890386844,0.11447599117120445,0.104683328696722,0.27338319678394135,0.23642881871805765,0.005953079459500006,0.03619964232129004,0.6035409271952101,-0.12074053745050632,0.7462144634640674,-1.100566925196477,-0.07830519498618123,0.260482669854028,-0.050870716939704005,0.2129151909977004,-0.20506673206873674,0.3494763635364679
0.15793196322860323,0.7785658881874491,0.8595276833521245,0.1842520345165144,0.2107917231208062,0.42284208822452174,0.19653943637236726,0.354726259720799,0.10575945137085631,0.15868705731326604,0.26196718000246083,0.24288818785050348,0.24709580441769233,0.17187975201279693,0.2259215263431794,0.19073278807593985,0.232435999230221,0.26916403839137415,0.15241162904797606,0.36996979648143635,0.1954827127164644,0.26984916415435006,0.3803082129054428,0.45709617628372684,0.5211664597813719,-0.12853474025954348,0.15946534819069888,0.08702204355641784,2.9268614778721807,0.8000042888577954,-0.17728751592072534,0.17945607780051462,0.12425081117943379,0.43935159289255254,0.3003310563605138,0.2270408749882586,-0.0978232145063942,-0.43413343578039226,0.727288256086243,0.4612464092827237,0.15193799902088087,0.15309023485146553,0.1720469589347005,-0.3361269782130642,0.353988841229088,0.46054981827775815,0.5677552107824242,-0.08130381091720786,0.821394425221514,0.37783847134816506,-0.3528856191021763,0.07706981067020229,-0.1973511872239347,-0.033814977365298204,-0.14722405570394567,-0.37077362438332,-0.19260419313548827,0.435735266975809,0.04273056538191864
0.20676924341243516,0.49621872432490577,0.5437202458282897,0.1793021102947355,0.08582469717463877,0.21827350555987549,0.17779273708613166,0.36596261945962477,0.20049656085168074,0.22797194639776228,0.19485524971521848,0.07174332314812287,0.24341670659313655,0.26175413845966783,0.26743454235191616,0.2554052850218144,0.2776617071882294,0.14297455680034535,0.28183690702568165,0.5033559228662297,0.3239134446754327,0.3668522696698927,0.31899228944866403,0.5315548176219952,0.47890240758662783,-0.04074126576031277,0.28764031644191806,0.3301435661824345,0.8000042888577954,2.3239433217662446,0.3229038658044468,-0.12784836534325672,0.5498342383828744,-0.06399842933227626,0.517449439006646,0.26443410749120116,0.5145996251870872,0.32492764810136293,0.7707715699975295,0.10988364555912929,0.6932256847682676,0.3071589253828675,0.9511384385492242,0.4039813122281244,0.25881617355745157,0.3068394149727584,1.003682833181361,0.1010243847070692,1.0862837526570557,-0.14149279355653652,-0.12411944343586861,-0.19366535045441247,0.14672361240282647,-0.09530258440371671,0.20258716053189924,-0.3432216829662395,-0.148265013985961,1.2200749693791992,-0.9001235516718936
0.08904323925546857,0.0761550806311253,0.18349769934756435,0.13248791535762494,0.06955336375448626,0.10994676550792705,0.11841975468724739,0.18320352506683882,0.250343763551172,0.27132304274982133,0.16537872359906255,0.08685626830840612,0.14973278082475094,0.17114450720147442,0.23274551103497146,0.15171910732522567,0.1795602270234421,0.39321535072909247,0.26660722436568257,0.09373732487970357,0.300034651600657,0.22858495189617165,-0.08624481995707542,0.195168307552129,-0.09300370557843954,0.22720749130241424,0.15516350838216372,0.445658474489257,-0.17728751592072534,0.3229038658044468,1.5623048459322288,0.09787237796038405,0.5555500783375952,0.17806839904016175,0.28194399970430656,0.27635977469527556,0.5880444201872285,0.5693268064008531,0.16452140201877327,0.00013190551387929267,0.29924564516312285,0.27108517830925105,0.2555660656112629,0.1781183981399267,0.37675891189174165,0.4519367236169168,0.44869929319571256,-0.0034821628711870587,-0.21058230320127103,0.39916986385508574,-0.20550381464786804,0.3352588505714574,-0.2451027392404195,-0.16576405352560647,0.5603455143761447,0.09874301538803464,0.5246787441282375,-0.5018826028770161,-0.4489645067101972
-0.011249778922586348,0.01733178600409624,0.11175941813595978,0.2851798627102861,0.27798179799042183,0.32697775033137355,0.20748429745307262,0.15790279280327196,0.2507658054823565,0.1356470409384074,0.25123173178690666,0.3052350328871492,0.150557966448474,0.1754535723465616,0.23679088739162876,0.2038366680487725,0.19615190960517045,0.07271798523220703,0.22503576767844855,0.2341843833160767,0.2254499082992618,0.20829535933837537,0.046106841000678696,0.5974039552937989,0.18399326159925966,0.39027347819378566,0.39185981569277945,0.0496746263490449,0.17945607780051462,-0.12784836534325672,0.09787237796038405,2.344332326846112,-0.1905289621096372,0.6326703887580091,0.15508918211953832,0.37874143351265505,-0.28120484753745323,0.6312405808116363,0.049902483951053914,-0.09525190705920521,0.33515158563663994,0.2623936932533539,0.1471926410181445,0.053099661382889324,-0.04407444195580026,0.43489100090592797,0.19780668590552647,-0.045325177219564534,0.000583870108829063,0.22955290580292625,0.03781032781853606,0.2475354684933198,-0.12121217333959149,-0.016844560683421637,0.31129054984257054,0.2037091389224722,-0.05549417299255973,-0.2610338804285717,-0.4372568494019808
0.10182101843831821,0.322697238361531,0.3188271881683466,0.3603961994151185,0.10629322219870194,0.1611528748093882,0.18287748039697663,0.24439732228900166,0.2109585955114843,0.10702024178401662,0.1519294282726936,0.07159294286709993,0.17858305962177215,0.21413206907527,0.26164284410210825,0.16993662197244133,0.21527090353439413,0.31020447620425506,0.27719291377196487,0.27350423991215866,0.31161953253979957,0.3258260587386705,0.20826716520025987,0.55602464958109,0.18101620464604648,0.18697785433537475,0.21715974528330495,0.603620826472924,0.12425081117943379,0.5498342383828744,0.5555500783375952,-0.1905289621096372,1.6886667479858033,-0.2007005700144477,-0.17637255675007923,0.0001937525713640936,1.0746006748787402,0.25876856357078265,0.14999885651585354,-0.12536527084339852,0.0325547239499682,0.3192615411257262,0.43400649978924055,0.1445734445312403,0.08947407592884495,0.2893344960729444,0.47076490405707655,0.04662584548684611,0.36651953790093256,0.3984660480144194,-0.31349604394109865,0.15803620389757753,-0.2185057139553536,-0.28258575551351944,0.3310328153076674,-0.17869902336855875,0.07300054712261499,0.19097162561740988,-0.11047347516980446
-0.027352037400769576,0.2909329129415285,0.28230971327934445,0.25609238613317387,0.28694431557353994,0.3132847050322111,0.24605448485305134,0.27789769613392323,0.1972480584311976,0.3461830914163547,0.2937648254968622,0.3396693573950177,0.22627469502669104,0.2013668496131917,0.23127654877341364,0.2598869577041322,0.286633104879135,0.2549505284608678,0.17271190681509713,0.20148050819416743,0.23229776257249615,0.24833972244089564,0.2930351771198017,0.3193977600801113,0.3611730977207461,0.2635075961680455,0.27488327634405973,0.12205903039046831,0.43935159289255254,-0.06399842933227626,0.17806839904016175,0.6326703887580091,-0.2007005700144477,1.7494099548460686,0.5100850032814443,0.37408097262450124,0.20005490596228456,0.33905768566105404,0.2844402029005561,0.023439368265572108,0.3903935429105574,0.23004146482506196,0.24328254476345154,0.34200047886054635,-0.011263698740037308,0.2784006537985817,0.2959574407709872,-0.030413338903574803,0.06774918360091917,-0.2583684239790027,0.0008659806831522788,-0.00038830601896522744,0.16108716558529895,-0.02933615537459588,-0.43796220738905267,0.056795837868392644,-0.16590406882421788,-0.32151519622716845,0.6503307410410164
