2.904287988938536,1.5381071076196233,0.33288971583818405,-0.024616391888966038,0.6962551047593759,0.39130238783802795,0.8144811509981841,0.40005657039562,0.580486059977033,0.48109882595410547,0.6643817513709277,0.5863630536910858,0.1458369195771564,0.3428246979816518,0.4279386915963148,0.326722660496961,0.2938275902784461,0.4993458058358597,0.38747661214227463,0.21712878167101032,0.4241616716615375,0.3955766987281508,-0.1889249498021429,-0.28788662687064615,0.06493241498232884,0.4167952791954771,0.39624857439957906,0.09087069688455227,0.2006383736345623,-0.03268680839623042,0.42622760855097225,0.1287218717760386,0.05847322947539726,-0.604801362521562,0.27511837862149413,0.2867387212720223,0.30010057063429396,0.5304715159140105,0.37264755084565165,0.282746774026637,0.5058997919133491,0.2298516465345279,0.09883439593129827,-0.024734861211392796,0.698409002633003,0.18356591513247178,0.12597009409638701,-0.11203092730832132,0.17173233124527795,-0.4791873477721874,-0.009044875411750593,0.041306996483750816,0.42930455850514265,0.19612941140742554,0.30221258244550003,0.22326954986789352,-0.0915824077691956,-0.29098889912187864,-0.23450308657468186
1.5381071076196233,5.917258941790169,0.4230461403412463,0.08217130273304096,0.5411220766677626,0.16290438834005333,0.7385754982985518,0.3350693658406827,0.7424465686322137,0.48952633878997953,0.3597999757619826,0.6924263776656202,0.16554057226879423,0.21795558044963664,0.601347222307476,0.3322435982527884,0.38917660426303896,0.3899114012960424,0.30574419336346925,0.35388824961499116,0.5591544841650588,0.4547981648337439,-0.7747521866469395,-0.2660832903632517,0.296980011253092,0.6016693117088149,0.4095965159534833,0.04726082762532678,0.7384407404795418,0.05463108616525521,0.6438774872111522,0.06317859659958157,-0.07910025599371376,0.11008160996754086,0.3988890758841245,0.37435766915618374,0.6504772266983785,0.574355398084741,0.2683524865971018,0.32487299740851644,0.2600210919162075,0.34813776347839576,0.537133117765459,0.07828679373730714,0.9328249462463232,0.21355085615144279,0.1595733792002227,-0.07179843019620002,0.2847793309024642,-0.9486104466099339,0.318664962683184,-0.062391589007715825,0.5780549330647728,0.06626253233754137,-0.8158141747467107,0.473628345909612,-0.27446883386170273,0.7015705123828379,-0.5939604899584081
0.33288971583818405,0.4230461403412463,4.0182564027758385,0.11703156808922646,-0.26468592511935024,0.5980575090429898,0.3153062039620804,0.25393154592112016,0.7548368852937425,0.19261151664951262,0.5183975183169212,0.3064811605089552,0.10006847585761981,0.23655256109534276,0.468702502408254,0.19164796812747537,0.44953046333458846,0.3249717981573973,0.3720458740466688,0.6823012481752565,0.4256301803997105,0.4906226555950476,0.5166941132363615,0.5117159360969776,0.25431422916775037,0.19949838326094632,0.1279402457673163,0.42204766981196873,0.6990710875699643,0.7186459647570217,0.2635580127327182,0.2603370202936555,0.33108786229649106,0.4977936399840552,0.5527882992651648,0.2579305935545296,0.7185164233060467,0.6553701966595155,0.46261779252860363,0.2879739533460119,0.27060066039355796,0.39816098521732723,0.660905019869522,0.08445266239246815,0.49571270749829827,0.36666518094989003,0.5231420507780167,-0.04767657030759401,0.434796601217228,0.2609408577359926,-0.1363390817452193,0.005286220407205435,0.08221919824150749,-0.2803119531141844,0.0877622147352589,-0.3476959827557434,-0.33215265064318666,-0.020860758715093783,0.5012616474495439
-0.024616391888966038,0.08217130273304096,0.11703156808922646,1.6022107588273398,0.3400198673224385,0.2803490325787837,0.357721380582511,0.3146463129410812,0.16275823001530113,0.387711679570061,0.3889811634087893,0.3844840638816181,0.12063212469052129,0.39109265925224135,0.35445492311250176,0.3074388851352667,0.3322924475561771,0.41795002092335193,0.0671021368541041,0.35328132176299226,0.2425651819262726,0.21038655356820518,0.6147164307583388,0.3920296847686498,0.27460963561919666,0.16929835638809604,0.2752524533683739,0.22426456801326575,0.30266029414626133,0.16384509162188643,0.17901462863102427,0.40774014636263933,0.42111727809577865,0.4034249290417721,-0.09779930788980727,0.27503641025882836,0.48250224267174263,0.372347480468501,0.147824257368455,0.026647893438607757,0.20512906827170935,0.2671283215150071,0.418861476348843,0.09229924453967277,-0.007139179235995047,0.3910069837901048,0.3078572127931498,-0.03833793267625288,0.25911248409489956,0.45012126854204965,-0.10692572401075727,0.7067340286198661,-0.2728200087439342,-0.3858410472239253,-0.3548061851860609,-0.016442805200550744,-0.18375834082566533,0.41489642710211005,-0.10805462921949487
0.6962551047593759,0.5411220766677626,-0.26468592511935024,0.3400198673224385,1.0401481340245646,0.370140230119017,0.43226497459213276,0.33314595689529347,0.2475073619201328,0.3788261534165223,0.42087794227118946,0.4101690812890998,0.12569375182013864,0.2734835386045728,0.3422152036202183,0.29091152444677065,0.18696952388251356,0.31350262700692355,0.1599280513544814,0.2598917884120611,0.2144567565661563,0.22857882699164694,0.2898010911383824,0.1071276301794836,0.046624945505418895,0.27113626643163113,0.09845728966018019,-0.03699596315693613,0.24232030763448625,-0.06400184822528052,0.11825232042349593,0.24678830332707313,0.04448251105405449,0.1470169298924471,0.004801981964202281,0.13931124738457726,0.17216257608629085,0.24572338009209246,0.16783793753541246,0.1237631030883716,0.1833145636984224,0.18915121258488393,0.0973396912953629,0.021633520539453832,0.1853887588551795,0.06324121807034006,0.133151843644687,-0.0398983347722263,0.27369857152232463,-0.3451775215128349,0.03245464403489437,0.0860122847442706,0.29167757492188223,0.18284167335317336,-0.15989780289691494,0.009511992606303695,-0.2238585355310854,0.1361145731625873,0.08109340937999751
0.39130238783802795,0.16290438834005333,0.5980575090429898,0.2803490325787837,0.370140230119017,0.7558743814078028,0.2604343903654859,0.2889948308394804,0.3652460093146796,0.26012918731876794,0.4187486961672125,0.3101284005358056,0.11368106682254651,0.2747953962968106,0.37088940568687356,0.2620630008267064,0.2637747551979598,0.2429763616675338,0.2649934026198535,0.4046068269570166,0.28252352597611474,0.3172757279273455,0.291517034251966,0.27766818021260037,0.14732766317958154,0.2646985601034992,0.1759520863096143,0.1995098388565002,0.38386326903275736,0.20510420813510397,0.1815740674533107,0.2989687330555599,0.2049605317977708,0.28430760507731023,0.07006076907828722,0.17199048928621993,0.4231176837125345,0.3994172132706553,0.23929357849808927,0.10675194927480017,0.21925089894245586,0.26385463375999785,0.3516666849896155,0.03733310419669053,0.23487283373743376,0.16744035833063356,0.28418432756602474,-0.03702254550464071,0.44119607988765275,0.21323694186015618,-0.2754162428362484,0.09637291510271534,-0.22917617919079028,-0.011807350015850634,-0.045092724173679044,-0.08224676432771472,-0.20942849627468593,0.10939560222837087,0.19481967046248524
0.8144811509981841,0.7385754982985518,0.3153062039620804,0.357721380582511,0.43226497459213276,0.2604343903654859,0.799822471351788,0.16589684709187777,0.42902490837737833,0.37836107782359285,0.4896347617126189,0.48403452688674714,0.10223221277910909,0.21735210192468468,0.2261764893686196,0.24590555970560088,0.29218311105722816,0.271284535779332,0.18701949048783148,0.2493060728791292,0.2926518033446394,0.29605670735240686,0.1714018392691956,0.13837988652849428,0.21461175967989976,0.19952470119351345,0.24416796777770144,0.09345201070096629,0.31091398013653715,0.027978277600067727,0.24537719462325747,0.2205408559206868,0.23192695994763682,0.13383581836989283,0.028525007617765486,0.3014923046524785,0.26907765762275715,0.3546744571262959,0.12788900508377998,0.06563339984899288,0.1822807971948754,0.2388453703190031,0.25729839159563545,0.028524315159205487,0.2306485969315556,0.2602189962086157,0.09685111239924979,-0.051373425573823864,0.12063461272645257,-0.15878315888765002,-0.009746510748305431,0.26462148274950603,0.15399582934513958,-0.14152569887498576,-0.048536067100013916,0.21082910391798104,-0.17579944816230073,0.051724800761281886,-0.24002094455839657
0.40005657039562,0.3350693658406827,0.25393154592112016,0.3146463129410812,0.33314595689529347,0.2889948308394804,0.16589684709187777,0.8536025849403249,0.20950656393641645,0.3535746793591693,0.4406986983566415,0.2556387189808469,0.149692065577111,0.2744553443344166,0.31351232683893177,0.2508948893666037,0.2974359173938008,0.3433114571746392,0.31738081617647534,0.36984684281253316,0.22462366245111126,0.240066599484954,0.34109922176561275,0.21925726474888255,0.1800772257964097,0.28104197402818365,0.3780656345120106,0.20973463941651438,0.2964341282481523,0.330939008909491,0.2013118725702784,0.22589994942857403,0.15339005474817355,0.284539116985385,0.31712597048437563,0.15914228905882463,0.4284716012291151,0.3126959663125731,0.36376374619316765,0.2531052246395862,0.2684682411191125,0.25421696436818414,0.3627489816395151,0.04014312201428663,0.19906742340182587,0.21235346575045255,0.3824118899436934,-0.017462374127558418,0.5013939246346948,0.1148619426204448,-0.12947536702203374,0.2429646682297893,0.07249422350039753,-0.11865023445145292,-0.1249097017228326,-0.09585408716778823,-0.13559831073252762,0.17186135646502543,0.1253070045530143
0.580486059977033,0.7424465686322137,0.7548368852937425,0.16275823001530113,0.2475073619201328,0.3652460093146796,0.42902490837737833,0.20950656393641645,1.010844779100405,0.22542687775386175,0.2449565128843647,0.3317541556063007,0.09228661510628362,0.23124203537275165,0.2761303407695243,0.205418711592311,0.2824806834645623,0.275998572485679,0.3589829093121533,0.24516304935800867,0.3201625394850654,0.5431944816229607,0.1488545089707524,0.17728252298764685,0.1521211405218155,0.24985135300445688,0.3003047450915199,0.18475109861744432,0.3760767665521924,0.15054546745382485,0.311110830647579,0.23557899618521094,0.22851938485072493,0.2551192393492682,0.15868486996331857,0.2625429518198098,0.3351049023338619,0.41975095079180336,0.1575764176026127,0.09431890084450328,0.1896743501515706,0.27651081971473435,0.4082507092535405,0.04998131175946362,0.2972653890123361,0.23799850090057886,0.19996217881031475,-0.04067095541371109,0.14026820469009746,-0.051893549957350266,-0.00852861191297054,0.027918053718316266,0.0779564786418355,-0.13159075993649338,0.017477998336485563,0.15594408657156195,-0.21715039989627968,-0.013181653804817199,0.025412183704235057
0.48109882595410547,0.48952633878997953,0.19261151664951262,0.387711679570061,0.3788261534165223,0.26012918731876794,0.37836107782359285,0.3535746793591693,0.22542687775386175,0.8218004110189184,0.4286592766881744,0.27365378891454784,0.13203580008144977,0.22601184015653183,0.26905819081831683,0.22176481271145043,0.2497161893182954,0.31631930445235795,0.34779467090727284,0.1846315672357841,0.17679473391990827,0.22944563638899063,0.3100853886689351,0.1851578527955791,0.21555027827808812,0.19650591888042868,0.2310948433284913,0.14268034199131008,0.28581151723237574,0.1770598633938878,0.17632011852919077,0.1947607446264044,0.20190799991920128,0.20315938174100112,0.15415402025230174,0.17337538471750094,0.32603438562661935,0.23624290576089552,0.20720662913707166,0.11927864605204158,0.25796745224449835,0.2132606991874089,0.21228324123879602,0.04522450255452288,0.10256704768273282,0.22569955115714904,0.24683849493821905,-0.043294695388785144,0.264114502731614,0.11507860130355549,-0.024154477290937743,-0.034094054034200585,0.1496167609611545,-0.06445822206812007,-0.00965878787016076,0.02897649646170158,-0.08792028685179072,0.024164246351602667,-0.011729394175778299
0.6643817513709277,0.3597999757619826,0.5183975183169212,0.3889811634087893,0.42087794227118946,0.4187486961672125,0.4896347617126189,0.4406986983566415,0.2449565128843647,0.4286592766881744,1.1896621540864067,0.42270422529528484,0.11693907381256685,0.3122037882665787,0.4000114489563046,0.2707133189266222,0.33021766718626866,0.32467971255450057,0.20782718337931785,0.5815892765421342,0.3337764728897302,0.2286284241658703,0.36668993469239725,0.25679681262152965,0.11941353964890511,0.21428490016812912,0.21797376940572333,0.15003432095118935,0.40003813171212105,0.23384280680541925,0.2276917993066792,0.2830876096581745,0.18229436655573036,0.2653130088757324,0.2078615877991082,0.2446955218697759,0.4330713394485994,0.4084827658864435,0.34454171277707346,0.22630931864309667,0.209918849043743,0.2989697317826457,0.3054531737171076,0.00818961565255694,0.3718493162238671,0.2628298600589028,0.28229967968696534,-0.036192286870068195,0.10725203248544694,-0.007295563630693712,-0.05784314108938055,0.2014751738558828,0.1915100220943305,-0.10743270115090507,-0.08643453342231949,-0.11035605877990906,-0.2418786946033096,0.14167426948810924,0.07817813501478113
0.5863630536910858,0.6924263776656202,0.3064811605089552,0.3844840638816181,0.4101690812890998,0.3101284005358056,0.48403452688674714,0.2556387189808469,0.3317541556063007,0.27365378891454784,0.42270422529528484,0.7448153354088805,0.1097292785167402,0.24622512766547233,0.34732787990616015,0.3155227494756995,0.3287298907530309,0.20387064106257613,0.2173344899666734,0.32596018051730974,0.25987350997317255,0.29004719559424097,0.15718263747092115,0.1478667098811563,0.19768715701864623,0.27550192747653496,0.2771740039300842,0.07648992731512134,0.3346041836790996,0.10469064907796692,0.19319852776330984,0.23598583181669672,0.13061637108625207,0.20851074590338597,0.1212205291022153,0.31696517308403044,0.24746770173439037,0.3668416652012285,0.15428272416154604,0.13685973184531602,0.19464486536896894,0.24291496043860844,0.24968993104160592,0.02769775594066697,0.21842070626714682,0.20653627305591366,0.1571138843665937,-0.054987327659328504,0.3886577978620077,-0.19714487572176878,-0.03050832063549185,0.06769683799667907,0.16037445338804082,-0.05411452051870047,-0.25534167193777196,0.16543739509584046,-0.21775430685953745,0.24038921788945095,-0.25959398149300605
0.1458369195771564,0.16554057226879423,0.10006847585761981,0.12063212469052129,0.12569375182013864,0.11368106682254651,0.10223221277910909,0.149692065577111,0.09228661510628362,0.13203580008144977,0.11693907381256685,0.1097292785167402,0.20741442328198198,0.09425054029113858,0.07306003384746886,0.11504257483337589,0.12364613077564485,0.09220266543653632,0.13369518794231938,0.11505888174588531,0.08615885865740792,0.1118543281886719,0.11513279088515474,0.08616112990026455,0.07935166103834594,0.10147092265457004,0.08822575220175569,0.07886929486196595,0.1504789667668719,0.10986148191276793,0.05794784869410865,0.0858288424225512,0.06236481229633803,0.08827872024272475,0.09810250291063673,0.0757448155671851,0.12335596391656053,0.10203638974061238,0.13344571065045427,0.07791290545000051,0.09529059422338512,0.09004210241382907,0.09004780377102987,0.022817024391239105,0.05354881571307232,0.08339610873853406,0.10668469248262977,-0.015099926399820645,0.1840139579808019,0.06525289811470254,-0.04576111421857527,0.02768273042244491,0.0025630760099704416,-0.03370521574450655,-0.05206529288332659,-0.0262191285246887,-0.036313648586041775,0.05879619787446311,-0.0059603750405117905
0.3428246979816518,0.21795558044963664,0.23655256109534276,0.39109265925224135,0.2734835386045728,0.2747953962968106,0.21735210192468468,0.2744553443344166,0.23124203537275165,0.22601184015653183,0.3122037882665787,0.24622512766547233,0.09425054029113858,0.5971966962777222,0.3512998245680915,0.3206614444655074,0.2193048613168111,0.22020351302783928,0.20893081662443372,0.34800555081834206,0.19329915006859288,0.25526877308755097,0.3442050742006951,0.2944242348045715,0.1642862505455858,0.21623389953871117,0.25523190801599727,0.20338838395455577,0.31227685845367165,0.3070146063473178,0.1616961895386333,0.47345830763033425,0.2692091717904712,0.1718775752155496,0.12835648129735744,0.1854111260264338,0.2914214508016067,0.37975373328344436,0.12527507596974727,0.09958950351305407,0.31327194096544403,0.24785027093030004,0.2789877204788567,0.039036137003707214,0.016255919911067,0.24434098375152213,0.2790958955842823,-0.06509938863566912,0.5305688601750408,0.13354504650278645,-0.12347524602462667,0.21564873880902632,-0.007439049375134803,-0.066621017899099,-0.14735503106099543,-0.055322804544235264,-0.17908842254718102,0.20356674003991562,0.13709973710599493
0.4279386915963148,0.601347222307476,0.468702502408254,0.35445492311250176,0.3422152036202183,0.37088940568687356,0.2261764893686196,0.31351232683893177,0.2761303407695243,0.26905819081831683,0.4000114489563046,0.34732787990616015,0.07306003384746886,0.3512998245680915,0.9896010373197233,0.2976396901771554,0.330289234221152,0.458193554576257,0.13875287849244552,0.49497490186863075,0.3151263239346522,0.27244445703282844,0.4711465259121686,0.27555956379951324,0.1947980264816924,0.261611275021913,0.30800416168765543,0.3051893031877686,0.44656017784618646,0.27971668171927794,0.26823502595572063,0.3057785965376167,0.24586470612389238,0.2946215561272056,0.2933560463111888,0.1695683988443434,0.5561276360448979,0.41831782132522194,0.2789416752680524,0.21422527538698186,0.28048090706979406,0.3093948896506412,0.46133333102111873,0.03646427678131388,0.3198673079035241,0.22432823951731012,0.3646192782621182,-0.041939479626378506,0.508306590330328,0.2390104357937803,-0.13883498734890268,0.11986121307682891,-0.0700965369334595,-0.011115594334004136,-0.13104134273446658,0.04034135649940467,-0.335097356225482,0.21542556622453743,0.07029608320900173
0.326722660496961,0.3322435982527884,0.19164796812747537,0.3074388851352667,0.29091152444677065,0.2620630008267064,0.24590555970560088,0.2508948893666037,0.205418711592311,0.22176481271145043,0.2707133189266222,0.3155227494756995,0.11504257483337589,0.3206614444655074,0.2976396901771554,0.5390512350187783,0.3156947840648739,0.20881559716491885,0.2233691007170781,0.2992669688696329,0.20960014384937295,0.34371861039291446,0.22797336601453347,0.20312541343276377,0.1209753480874278,0.22879155784676913,0.24105844430225112,0.20379446986431074,0.3408696507128586,0.2081053931742505,0.1866388652531238,0.26598988539021917,0.15710329776171972,0.19907654485876325,0.25409597976308984,0.19242001457963986,0.2843950222520618,0.34350308958276754,0.17800382025741535,0.15856571058626387,0.2502450760238105,0.27237899531056625,0.2805852279121484,0.041992156767714665,0.15555598160729084,0.17920387557080697,0.2325589989630852,-0.050011473509816363,0.42956836337349147,-0.027215128998824906,-0.11371783364817377,0.030031025959829524,0.03942136759207655,-0.014088088150492005,-0.1671929135719056,-0.013055492111400606,-0.18346876976255402,0.19545751470718975,0.04404915016341466
0.2938275902784461,0.38917660426303896,0.44953046333458846,0.3322924475561771,0.18696952388251356,0.2637747551979598,0.29218311105722816,0.2974359173938008,0.2824806834645623,0.2497161893182954,0.33021766718626866,0.3287298907530309,0.12364613077564485,0.2193048613168111,0.330289234221152,0.3156947840648739,0.9392616742978447,0.2614255189751149,0.2980738295955822,0.49991793722808764,0.32906325831532207,0.29038110855464744,0.2661113185233428,0.32848044896019357,0.3103919638917364,0.12970811047007952,0.39966935520418717,0.4681269277432837,0.37370736831495516,0.29503541325339816,0.3241146763822879,0.2288838493037659,0.4502818238600098,0.26354926975748305,0.3576765670114729,0.2628991223331212,0.705698586771327,0.5258408670369101,0.19270210277503644,0.19388638559217247,0.3013846209824265,0.43139692785156736,0.5397588922882085,0.061976778452366044,0.35766759080413746,0.37273297452129545,0.3370529135768255,-0.03286290144024572,0.37639344362025307,0.4409543704916633,-0.14662017283857007,0.4064654833775368,-0.13980998745759973,-0.2512508096121564,-0.4043815139785007,0.010512525383933683,-0.24763978966221342,0.43357265112633914,-0.24447714149548158
0.4993458058358597,0.3899114012960424,0.3249717981573973,0.41795002092335193,0.31350262700692355,0.2429763616675338,0.271284535779332,0.3433114571746392,0.275998572485679,0.31631930445235795,0.32467971255450057,0.20387064106257613,0.09220266543653632,0.22020351302783928,0.458193554576257,0.20881559716491885,0.2614255189751149,1.109186871170241,0.17276904090331882,0.18174621575257782,0.3310935869211609,0.28106867482320824,0.6557507381079414,0.11840514743705244,0.1975371465788586,0.2657706088558646,0.3719399815049931,0.33640585346925117,0.3205733644646234,-0.1038159953261064,0.4737327569866487,0.15605122440926428,0.31377888442771995,0.21599514527424765,0.28266235647576277,0.08105942699815995,0.5920501308161421,0.3279388817320361,0.26307617730243055,0.18537960728697872,0.21134490472177955,0.21679168027384038,0.5214458620922278,0.04084794402360262,0.4192880765019745,0.2478731392969504,0.4221258546624539,-0.04045140721616026,0.1598502410971613,0.25488942858267943,-0.032923784618654084,0.269287684275943,-0.030838879807246523,-0.04277644254830861,0.08826504521482527,0.08753375307787281,-0.10986523728450014,0.015092015139453366,-0.09104296650770453
0.38747661214227463,0.30574419336346925,0.3720458740466688,0.0671021368541041,0.1599280513544814,0.2649934026198535,0.18701949048783148,0.31738081617647534,0.3589829093121533,0.34779467090727284,0.20782718337931785,0.2173344899666734,0.13369518794231938,0.20893081662443372,0.13875287849244552,0.2233691007170781,0.2980738295955822,0.17276904090331882,1.5044025739840843,0.08591325404148319,0.27192225333812625,0.35878410049118253,-0.15228093777572108,0.15707160112308846,0.27346928406156984,-0.025605293303272453,0.3277179467232408,0.2298370720053557,0.30682941508604145,0.3665311340963451,0.3523136146470447,0.1905584100705197,0.3360259315255775,0.07979986007495077,0.10831885093262869,0.3105802819584912,0.4047035105244688,0.37482101748338653,0.12628119456472758,-0.010567166602167782,0.3517220667504352,0.2756102294720132,0.3515567655892239,0.08366022685965213,0.14997098346253362,0.3469566080628935,0.1902229694349645,-0.06954612734716918,0.08717956769561103,0.5775263305754664,-0.14030294004310573,-0.1286544681914139,-0.05460297235380703,-0.22686763321904044,0.06259348771872093,0.04739695858113497,-0.05245274620328794,-0.018340863048134995,-0.005504496486813838
0.21712878167101032,0.35388824961499116,0.6823012481752565,0.35328132176299226,0.2598917884120611,0.4046068269570166,0.2493060728791292,0.36984684281253316,0.24516304935800867,0.1846315672357841,0.5815892765421342,0.32596018051730974,0.11505888174588531,0.34800555081834206,0.49497490186863075,0.2992669688696329,0.49991793722808764,0.18174621575257782,0.08591325404148319,1.1754515457093113,0.23905528992169145,0.21470157340058996,0.5759337008903624,0.450637780342825,0.21900699218764627,0.34326939707757287,0.29780439227557953,0.3315349242326888,0.6125191430081838,0.6695339679641971,0.1528879434235319,0.3792037649422292,0.23466632561574755,0.453648790488541,0.3734519911317533,0.26121443006063044,0.6769737270946093,0.6036054235104741,0.5147570522039051,0.3852987522055265,0.2543118152109775,0.3997126853555671,0.5188710062914375,-0.003999364189350069,0.470485996815278,0.2698559566511244,0.43387151815977193,-0.04655198530579666,0.7896443420804528,0.09973712379786985,-0.19398613108640883,0.2661336911841491,-0.007895502736071239,-0.11736900268252977,-0.2621154217456299,-0.19616352418789681,-0.3027736094621529,0.3488032889462152,0.17275926340560444
0.4241616716615375,0.5591544841650588,0.4256301803997105,0.2425651819262726,0.2144567565661563,0.28252352597611474,0.2926518033446394,0.22462366245111126,0.3201625394850654,0.17679473391990827,0.3337764728897302,0.25987350997317255,0.08615885865740792,0.19329915006859288,0.3151263239346522,0.20960014384937295,0.32906325831532207,0.3310935869211609,0.27192225333812625,0.23905528992169145,0.6141808198059793,0.2506765317706874,0.26649051576306315,0.22845893014956375,0.19709559138546365,0.06411303814190283,0.2611819355432449,0.25338115341464895,0.2579141467743621,0.22290064646594623,0.3036638998279279,0.16768932294583963,0.33571705002377167,0.10460826662262011,0.17490265638193184,0.2162874614535671,0.564709486917171,0.4845292357168516,0.21541902223842807,0.13396637889097202,0.31008408638211526,0.3027671339229958,0.5282389054955745,0.07644431253105462,0.5118663325313899,0.24764449495647242,0.27347206216338826,-0.007678699083503651,0.2523253258191161,0.15759537685027736,-0.1291116139145879,0.22543633765208324,0.010952082648422682,-0.12491491474928974,-0.09821491443732656,-0.0059993859563284655,-0.21559461961899926,0.20252481003433734,-0.02961938691287764
0.3955766987281508,0.4547981648337439,0.4906226555950476,0.21038655356820518,0.22857882699164694,0.3172757279273455,0.29605670735240686,0.240066599484954,0.5431944816229607,0.22944563638899063,0.2286284241658703,0.29004719559424097,0.1118543281886719,0.25526877308755097,0.27244445703282844,0.34371861039291446,0.29038110855464744,0.28106867482320824,0.35878410049118253,0.21470157340058996,0.2506765317706874,0.8287393947508221,0.15295218517816667,0.14381126314350756,0.04360228031044812,0.27740178706766433,0.32327413691616685,0.1851515053817711,0.38448500414013964,0.055657066163339,0.2917182344064262,0.2540271637140221,0.13320346406277853,0.26153867844201,0.21237906080705027,0.2302931178282587,0.26380772065084185,0.4243797163348687,0.2598543472051906,0.13760351186933437,0.18593552812829936,0.2652693548428389,0.32419812727819397,0.05922850349711684,0.26190415323076993,0.18537474338504517,0.1868636901219878,-0.043753582775322895,0.2347354155388978,-0.012137914371389242,-0.0703391246475418,-0.10108790262730587,0.00035028509076781783,-0.07526560449368719,-0.05327826577849086,0.0545444537700516,-0.17502303195473384,0.05826505149228821,0.04799536162110611
-0.1889249498021429,-0.7747521866469395,0.5166941132363615,0.6147164307583388,0.2898010911383824,0.291517034251966,0.1714018392691956,0.34109922176561275,0.1488545089707524,0.3100853886689351,0.36668993469239725,0.15718263747092115,0.11513279088515474,0.3442050742006951,0.4711465259121686,0.22797336601453347,0.2661113185233428,0.6557507381079414,-0.15228093777572108,0.5759337008903624,0.26649051576306315,0.15295218517816667,2.241344219591109,0.8236470107714523,0.4170278142638823,0.11217750453470328,0.22412011673195747,0.3603748276018314,0.42346401691266905,0.6411880199448408,-0.3368297459610059,0.4118470727254714,0.6007209521284657,0.3750375211086451,0.11454382658949724,0.0799819414343261,0.6816254295580941,0.35357741784052554,0.4445946088334303,0.27607673734884913,0.47153768332015117,0.26241331825090547,0.40997004550747895,0.011360499436619462,-0.07588562737672545,0.32046132738594063,0.6211205743442246,-0.04295581370827975,1.0367872024523628,0.4818498024549928,-0.2551286021886075,0.4569482064174382,-0.037277502122744034,-0.09387180610003314,-0.06788541167700188,-0.3619903067476771,-0.3303339844743006,0.23456516328315516,0.4421064283733872
-0.28788662687064615,-0.2660832903632517,0.5117159360969776,0.3920296847686498,0.1071276301794836,0.27766818021260037,0.13837988652849428,0.21925726474888255,0.17728252298764685,0.1851578527955791,0.25679681262152965,0.1478667098811563,0.08616112990026455,0.2944242348045715,0.27555956379951324,0.20312541343276377,0.32848044896019357,0.11840514743705244,0.15707160112308846,0.450637780342825,0.22845893014956375,0.14381126314350756,0.8236470107714523,0.9485524611313134,0.4227782295823306,-0.05639250462216585,0.37122105840440556,0.49396239365221306,0.22460108510359117,0.8181417808940284,0.11999551570590007,0.40685014179489126,0.7643920136382106,0.20257095793257135,0.21757090989524336,0.15350417460096913,0.656140855674405,0.46365809573987404,0.21661413459530574,0.15506554232725092,0.4366573841400817,0.349109761066694,0.487071122901795,0.0684534215049928,-0.12516838663222024,0.41576010365243676,0.4727427577262754,-0.03363306810374148,0.8839940887632743,0.5345367161553962,-0.2072617144523272,0.27470489194833797,-0.13980337797771572,-0.3032314369220965,-0.07970718385380708,-0.26342830113322235,-0.12319103072607324,0.23496644614240272,0.22854003990911317
0.06493241498232884,0.296980011253092,0.25431422916775037,0.27460963561919666,0.046624945505418895,0.14732766317958154,0.21461175967989976,0.1800772257964097,0.1521211405218155,0.21555027827808812,0.11941353964890511,0.19768715701864623,0.07935166103834594,0.1642862505455858,0.1947980264816924,0.1209753480874278,0.3103919638917364,0.1975371465788586,0.27346928406156984,0.21900699218764627,0.19709559138546365,0.04360228031044812,0.4170278142638823,0.4227782295823306,2.182679875964848,-0.2412782215840329,0.8488416498343107,0.29727646183968587,0.9062082789308468,0.6983794405713252,0.01750656264763613,0.23260987752109075,0.47594733605713707,0.5102014060356094,0.14157232144016463,0.521996897463324,0.7739642716277081,0.5308411957536757,0.454464993954497,0.01661936537811058,0.2992074990287594,0.30043081995708787,0.5413057563204864,0.14845819189905918,0.30383611101949626,0.7260685487430169,0.44232874180967535,-0.22136847055080436,-0.050475886310076254,0.07357987114203751,-0.15273208940008676,0.2260422574095333,0.026429873278845356,-0.2583578472397516,0.0620939588442525,0.2714235762372848,0.0916671711564904,-0.065497891324557,-0.32625764648065536
0.4167952791954771,0.6016693117088149,0.19949838326094632,0.16929835638809604,0.27113626643163113,0.2646985601034992,0.19952470119351345,0.28104197402818365,0.24985135300445688,0.19650591888042868,0.21428490016812912,0.27550192747653496,0.10147092265457004,0.21623389953871117,0.261611275021913,0.22879155784676913,0.12970811047007952,0.2657706088558646,-0.025605293303272453,0.34326939707757287,0.06411303814190283,0.27740178706766433,0.11217750453470328,-0.05639250462216585,-0.2412782215840329,2.9923537326061562,-0.6686140933415811,0.15823359944842444,-0.34702058505922273,-0.2911458547280903,0.1259464775313892,0.2691042516704519,-0.3264880380994749,0.3576053511759644,0.4093499206009583,0.0837866554035422,-0.528294697156123,0.028967562998078067,0.25460083512081644,0.323011626694043,0.12136193627738272,0.2277581526947313,-0.14614580069951133,-0.023991585711442526,-0.09726084019335632,-0.18936712526881783,0.007775068369644945,0.034950422021146926,1.0543453955539472,0.36853807922311593,-0.3426861502493269,-0.16474340659450948,-0.3014352209164859,0.14411099794992105,-0.05734576326119021,0.06524655085091814,0.07244266541380634,-0.0030394817109997115,-0.06912126742260319
0.39624857439957906,0.4095965159534833,0.1279402457673163,0.2752524533683739,0.09845728966018019,0.1759520863096143,0.24416796777770144,0.3780656345120106,0.3003047450915199,0.2310948433284913,0.21797376940572333,0.2771740039300842,0.08822575220175569,0.25523190801599727,0.30800416168765543,0.24105844430225112,0.39966935520418717,0.3719399815049931,0.3277179467232408,0.29780439227557953,0.2611819355432449,0.32327413691616685,0.22412011673195747,0.37122105840440556,0.8488416498343107,-0.6686140933415811,2.860341198356667,0.6202823343873658,0.29091766798048285,0.42118782476636774,0.5239033996286917,0.22904912112000886,0.7663648744478797,0.2619980377910115,0.46464185326426144,0.6596488832059728,1.2002293363463685,0.9833423945267527,0.2576548207445365,0.261590803148534,0.5837760593588559,0.443237189830389,0.8978619612834505,-0.06615518846642046,0.5105985538456825,0.6088669246599663,0.42007739124795057,-0.09550262161626916,0.7720716072396182,0.023364994717707636,-0.26164950075945237,0.466332074476308,0.13408199141766203,-0.32344685669990514,0.16234260332558398,0.0723554284328571,-0.021219132740069757,-0.031278074964346494,0.027274554836313282
0.09087069688455227,0.04726082762532678,0.42204766981196873,0.22426456801326575,-0.03699596315693613,0.1995098388565002,0.09345201070096629,0.20973463941651438,0.18475109861744432,0.14268034199131008,0.15003432095118935,0.07648992731512134,0.07886929486196595,0.20338838395455577,0.3051893031877686,0.20379446986431074,0.4681269277432837,0.33640585346925117,0.2298370720053557,0.3315349242326888,0.25338115341464895,0.1851515053817711,0.3603748276018314,0.49396239365221306,0.29727646183968587,0.15823359944842444,0.6202823343873658,1.2819400759812298,0.09593207765240862,0.4233479032101443,0.45969584068951264,0.23841458482838498,0.8953651129287546,0.1046923002140429,0.862129575961205,-0.06520759372158048,0.7920797336419884,0.3527514456410038,0.19435894469838846,0.24637853410409866,0.34488073838082756,0.4083396150215262,0.5957541043935899,0.0755501192077099,-0.0027317519369507107,0.37234942496949053,0.42160238606749434,0.06182319523307686,0.7646762330030186,1.0885760728306046,-0.17970813823476586,0.664037489766441,-0.9487453538783222,-0.3776822566768668,0.314212306314831,-0.09264345082188413,-0.029707375405519505,-0.1543879761386025,0.31488480016185866
0.2006383736345623,0.7384407404795418,0.6990710875699643,0.30266029414626133,0.24232030763448625,0.38386326903275736,0.31091398013653715,0.2964341282481523,0.3760767665521924,0.28581151723237574,0.40003813171212105,0.3346041836790996,0.1504789667668719,0.31227685845367165,0.44656017784618646,0.3408696507128586,0.37370736831495516,0.3205733644646234,0.30682941508604145,0.6125191430081838,0.2579141467743621,0.38448500414013964,0.42346401691266905,0.22460108510359117,0.9062082789308468,-0.34702058505922273,0.29091766798048285,0.09593207765240862,2.9314750307152018,0.5726862020815974,0.08349695926455611,0.33420705524904726,0.06410757969359457,0.6986069230204606,0.24371083268066995,0.6106056554723602,-0.13681230260799757,-0.05435514537791276,0.19311492829712876,0.11018256987269855,-0.043445791319584454,0.21592485762114813,0.3851673881932009,-0.013966322054470742,-0.12126992922883033,0.5214878323134683,0.4399162046897233,-0.3147619345778224,0.552493035592183,-0.07509016014333306,-0.32747498491482935,0.012012923348517082,0.059514034598180436,0.077207931170964,-0.22902980772065065,0.19298179178867808,-0.35946982372666836,0.18419711794304167,0.04784247927076436
-0.03268680839623042,0.05463108616525521,0.7186459647570217,0.16384509162188643,-0.06400184822528052,0.20510420813510397,0.027978277600067727,0.330939008909491,0.15054546745382485,0.1770598633938878,0.23384280680541925,0.10469064907796692,0.10986148191276793,0.3070146063473178,0.27971668171927794,0.2081053931742505,0.29503541325339816,-0.1038159953261064,0.3665311340963451,0.6695339679641971,0.22290064646594623,0.055657066163339,0.6411880199448408,0.8181417808940284,0.6983794405713252,-0.2911458547280903,0.42118782476636774,0.4233479032101443,0.5726862020815974,3.2905943340351507,-0.07992157347992905,0.25845943969391705,0.44192692526180116,0.21804097531317956,0.6566354633298547,0.32370993257279546,0.917142398443859,0.5530573140494172,0.6182405132402162,0.5109795878349725,0.7196197743742896,0.45988657844721614,1.1529809932861939,0.1538709372610828,0.18423329762839788,0.5389038938352867,1.2849783387357672,-0.1514948229083709,1.3719395161636452,0.31002339461625356,-0.17519097553628032,-0.6776780509724396,0.41795263461020854,-0.2976995014315821,-0.06688257187932886,-0.5401667032898047,-0.20305190285395158,0.545299528423643,0.3269279574840645
0.42622760855097225,0.6438774872111522,0.2635580127327182,0.17901462863102427,0.11825232042349593,0.1815740674533107,0.24537719462325747,0.2013118725702784,0.311110830647579,0.17632011852919077,0.2276917993066792,0.19319852776330984,0.05794784869410865,0.1616961895386333,0.26823502595572063,0.1866388652531238,0.3241146763822879,0.4737327569866487,0.3523136146470447,0.1528879434235319,0.3036638998279279,0.2917182344064262,-0.3368297459610059,0.11999551570590007,0.01750656264763613,0.1259464775313892,0.5239033996286917,0.45969584068951264,0.08349695926455611,-0.07992157347992905,1.2040934145862376,0.12865206933655363,0.41613610371555415,0.06337136367841235,0.4228106440916062,0.15439186980772887,0.4576559116851761,0.47240836536966263,-0.024449652812113146,0.07709592237994153,0.13077049101784258,0.33023462091945205,0.6487571970615135,0.09646820413586826,0.4091580261764723,0.3249292488738319,0.17828773535160325,-0.013925037850645429,-0.11237340435652828,0.41487151672798145,0.018245927451775595,0.07829993405670843,-0.14095025619737334,-0.2689596096166526,0.1591960486818686,0.2527933354936642,0.10409329547899515,-0.061905464171078985,-0.33072223819672075
0.1287218717760386,0.06317859659958157,0.2603370202936555,0.40774014636263933,0.24678830332707313,0.2989687330555599,0.2205408559206868,0.22589994942857403,0.23557899618521094,0.1947607446264044,0.2830876096581745,0.23598583181669672,0.0858288424225512,0.47345830763033425,0.3057785965376167,0.26598988539021917,0.2288838493037659,0.15605122440926428,0.1905584100705197,0.3792037649422292,0.16768932294583963,0.2540271637140221,0.4118470727254714,0.40685014179489126,0.23260987752109075,0.2691042516704519,0.22904912112000886,0.23841458482838498,0.33420705524904726,0.25845943969391705,0.12865206933655363,0.8379152337105652,0.30069700462625987,0.2531228006391725,-0.050771685234836696,0.26366692513257006,0.10628518463837627,0.3984401874848878,0.037364060684375595,0.0012950552535301793,0.2519793143477025,0.24516356813726453,0.1994418170279995,0.03644444952922305,-0.08934833322854954,0.31266018261470574,0.20747285485751285,-0.09548365945042298,0.40027668070671946,0.3170605456464976,-0.055841319007356754,0.5993811403265652,-0.5055513579790599,-0.10142603086698053,-0.15668417333598197,-0.0017104260313602607,-0.1405325470341981,0.185627996149382,0.036747548836676185
0.05847322947539726,-0.07910025599371376,0.33108786229649106,0.42111727809577865,0.04448251105405449,0.2049605317977708,0.23192695994763682,0.15339005474817355,0.22851938485072493,0.20190799991920128,0.18229436655573036,0.13061637108625207,0.06236481229633803,0.2692091717904712,0.24586470612389238,0.15710329776171972,0.4502818238600098,0.31377888442771995,0.3360259315255775,0.23466632561574755,0.33571705002377167,0.13320346406277853,0.6007209521284657,0.7643920136382106,0.47594733605713707,-0.3264880380994749,0.7663648744478797,0.8953651129287546,0.06410757969359457,0.44192692526180116,0.41613610371555415,0.30069700462625987,2.065099971094776,-0.11782920755806318,-0.186631585789921,0.08898407999619487,1.071215203157123,0.567299623717252,-0.14477207776446835,-0.19289307564873054,0.37848462995606724,0.46847613254407383,0.6750865699298318,0.060675394361750776,-0.49549879377078176,0.6742362136926149,0.4071205886647973,0.02243419240151951,0.8792856965733107,1.0529830360185723,-0.2989439372473942,0.47736801502507,-0.20378199373686956,-0.7047040345126407,0.16172705552690758,-0.020850877986546137,-0.05646712385030837,0.03400445242526927,0.07604334765504978
-0.604801362521562,0.11008160996754086,0.4977936399840552,0.4034249290417721,0.1470169298924471,0.28430760507731023,0.13383581836989283,0.284539116985385,0.2551192393492682,0.20315938174100112,0.2653130088757324,0.20851074590338597,0.08827872024272475,0.1718775752155496,0.2946215561272056,0.19907654485876325,0.26354926975748305,0.21599514527424765,0.07979986007495077,0.453648790488541,0.10460826662262011,0.26153867844201,0.3750375211086451,0.20257095793257135,0.5102014060356094,0.3576053511759644,0.2619980377910115,0.1046923002140429,0.6986069230204606,0.21804097531317956,0.06337136367841235,0.2531228006391725,-0.11782920755806318,1.3624170466892849,0.28839448865070055,0.2601049949050624,0.33101010528494496,0.16774624624822787,0.15913008916958657,0.03803169649210025,-0.07930143751725206,0.28521170965782877,0.5879577249901907,0.13475576805027797,0.07938621461609867,0.2109897710938385,0.32544810702914795,-0.01012858285016017,0.1406793775101648,-0.038581606961700515,-0.08413486975885587,0.0665623984830912,-0.017007375207431837,-0.18348393818691858,-0.24437911659395298,0.04400727961448331,-0.29704066926064826,0.23576926320427063,0.1861044799778041
