1.8105287841749444,0.15790142389484532,-0.06716910200910708,0.21462470316795357,0.1874344978942733,0.18795230851809638,0.1943518495103924,0.2602642173626967,0.20030784424552622,0.22237084719007452,0.3167891944778055,0.21797921480830765,0.21006349691478932,0.2339844240793944,0.23199062924711017,0.22750587246629073,0.2517549583153743,0.20404162577230192,0.2580452128292619,0.1816780133414875,0.14748099644959647,0.2451687412146108,0.1784860285547774,0.2680237163215314,0.2069147912679373,0.19408626822690792,0.2570535515528981,0.18817204684160468,0.2043630516904469,0.2553506820838046,0.36664737839794237,0.19931551256566657,0.23870660375489336,0.18136976261374047,0.20445143707591004,0.15730290782231646,0.20453638106210353,0.17791424392799407,0.16435904309426133,0.14849531088187476,0.1574460293388897,0.16562848597330668,0.33745952536808477,0.29699482893748436,0.11454624738198418,0.12819073132370437,0.19656533353332137,0.04339429793521885,0.17391604312897965,0.05935836236286382,0.10112733444047825,0.08865879126038723,-0.3737753906836007,0.3739426649690349,-0.15003189091208133,0.12416457207764375,0.37287189180438346,-0.06765435060385848,0.058698630810093466
0.15790142389484532,0.9253606530995655,0.3402131856673698,0.2631612578733112,0.33909263155487895,0.35802699698965973,0.2249821102404485,0.2737761324405608,0.2734435217550064,0.2663400985960892,0.23458038158703645,0.2514437445161429,0.24650104772584389,0.2923183055537899,0.24427536705489108,0.2342645373033542,0.24603819656064874,0.2253950513817785,0.18469567536064813,0.25150708328172655,0.18013139521426016,0.2244999618041204,0.19065686792721528,0.2391669354813379,0.2328412722971422,0.18235377336596226,0.18250003939717263,0.17603073359568863,0.2015921783931158,0.20375738319031395,0.13419458684310556,0.1714839378055715,0.10625912523686128,0.0939938490403169,0.16507526718743937,0.12763307331319745,0.16700161239837125,0.13801898207340577,0.14793422357951347,0.09459713496908162,0.09471417557341998,0.1278931585293747,0.24183289170129058,0.09032090182044535,0.10634986032459728,0.12436745638768348,0.24610730912710177,0.023838739104440135,0.07340720408002173,-0.002154427161769009,0.2567857327452367,-0.04913370616456968,-0.041329909791637,0.16103948071024266,0.08677406894719604,0.03012821793465652,-0.2730410882378255,0.2800502033568608,0.053471957457364265
-0.06716910200910708,0.3402131856673698,2.2421623194020155,0.5878740726921716,0.45901858214201663,0.47764564720410024,0.36388309194791646,0.21050576121465392,0.062406496749502424,0.37607250058987995,0.17450688346820817,0.2282353829246764,0.20721592470683217,0.20729705437136378,0.16486145763447754,0.2185914594250815,0.14738030043761902,0.19276443438720198,0.09198010592905591,0.20152013385312684,0.12783863427666928,0.17225562165133812,0.15679018640776704,0.18749726682814044,0.15706543782719926,0.22569020446966184,0.21428201481938935,0.18941086050187708,0.24411197863979828,0.28348489291155254,0.13638902244692314,0.26332129601387744,0.1816163908018403,0.11135583377072611,0.1762628730181661,0.08209567019739906,0.1588734523812786,0.13336782126521224,0.15542159585725127,0.06009549713443683,0.11361408251988377,0.12713711878684114,0.24438212653820324,0.09848038064734696,0.10687511291960376,-0.004113657980579986,0.10047212816587621,0.0278459057368586,0.0584744014756443,0.004950999977240989,0.04983556288367543,-0.09639880852299287,0.008516617273913164,0.008608492199140843,0.02109348120219906,0.22608512738612846,0.05879464343144433,0.24132386933871502,-0.11247021192256608
0.21462470316795357,0.2631612578733112,0.5878740726921716,1.1133347877765964,0.479847300045097,0.3473869529041564,0.30193312958032464,0.17080401235208673,0.22709484354150386,0.2809659124782269,0.23291105815375476,0.22795675514751312,0.30441705899351845,0.24528508207511132,0.2253472150380352,0.2346759884771085,0.2112143329486626,0.21886363446061147,0.21139482194125944,0.21197084189188423,0.22520014296529392,0.21495413838045985,0.20532136062861508,0.20295173285980478,0.19795288687527005,0.20651052223822325,0.19304496220114703,0.2050413742229912,0.21525814751169284,0.21709525743788652,0.15121421960933654,0.2163173610957911,0.13396344528800572,0.10877199154940143,0.18166256755727056,0.11448014952571331,0.17328425533378142,0.13976204579628762,0.16281382945599268,0.0764478664234388,0.10852516891623441,0.13745595314015024,0.23033744471625786,0.10687974458482453,0.10946347345109815,0.07828059419996199,0.18743779082688822,0.02574773745353681,0.06283453125781795,0.008668047075928656,0.06853459008329901,-0.013104467966613917,-0.05942108889531513,-0.010979311785867833,-0.025202397846836314,0.11766123263080057,-0.14170762677414725,0.14059475813926312,0.2282670688000157
0.1874344978942733,0.33909263155487895,0.45901858214201663,0.479847300045097,1.352567181750943,0.3436118882267466,0.31797976279486195,0.2906291278633758,0.2932091122204631,0.25823005586758513,0.24651598446245554,0.38686966697285313,0.33208998863758127,0.2628453008959301,0.264092630875983,0.21440056401050137,0.24072501851265746,0.19763556896797965,0.1654141672846516,0.25115340154175525,0.23240330361257147,0.2254516777604386,0.20896956280495443,0.17347719636412426,0.22870404386435397,0.23242530995843472,0.18509763640743218,0.16540787285340475,0.20271666305561978,0.25328822390236366,0.15125838999179653,0.21544296938912771,0.13930736462061577,0.07419664939161184,0.1936015266834255,0.11930406491984365,0.18137037932055117,0.14016704976718894,0.15484342150267763,0.06492393348570674,0.09473799261845524,0.1346391107222089,0.23386281321037075,0.09916795835079881,0.12053254759483263,0.09376466873774497,0.22513264582040465,0.012281304053030708,0.06267123480731081,0.028216916940679907,0.1805394120662015,-0.0641760108855473,0.03924309782091444,-0.013709594351327917,-0.3294530038535063,-0.02615949376394076,-0.1909249867554607,0.18789452545542537,-0.05600077083098459
0.18795230851809638,0.35802699698965973,0.47764564720410024,0.3473869529041564,0.3436118882267466,0.7100441320900516,0.222564852123499,0.2433386083432351,0.22306296577012075,0.2538623637672287,0.18420152668391748,0.2362026750127289,0.24677069024304574,0.26961744873387866,0.24393922542713473,0.3021556897361362,0.29994181554583155,0.23738763289297532,0.19811396881294976,0.22826944562891988,0.19903859303741137,0.20877460175521487,0.20925467798606176,0.23286394081140313,0.19824724947344424,0.20971462048271797,0.23280944233342957,0.2076627099633362,0.2193637521847767,0.25772379820653296,0.17122511862631154,0.17763462289802012,0.16204444592423803,0.11595372095715688,0.1774627343836596,0.13502510805757964,0.18332415697729446,0.15012178896682304,0.14883208552685032,0.07466739536372824,0.11831060463154441,0.14267116163277302,0.2580794041385052,0.10215993381005047,0.10217667302434989,0.10818759740060192,0.24197422429481436,0.03087003955622845,0.04524505023057313,-0.006153129180075003,0.1461120260505379,-0.013316300426665095,-0.05529375951732699,-0.01119537707250543,0.35965679724792715,0.23638499438910857,-0.304399575333581,0.11768838452884889,0.045302941200399884
0.1943518495103924,0.2249821102404485,0.36388309194791646,0.30193312958032464,0.31797976279486195,0.222564852123499,0.6649353885729931,0.2258133721360359,0.22170044884819912,0.2023743772492345,0.2817266585088638,0.2887898313574586,0.2511808294266253,0.22011960561313007,0.21147352258834554,0.21189738096867244,0.13620444100588155,0.22683650932965357,0.16713215662301742,0.2224613524770534,0.1721380984252894,0.22451738967090362,0.18157645566298328,0.22509416389174078,0.20828233964291465,0.1909713041067765,0.20890422210148035,0.18862626425105466,0.2840272241206548,0.1698047816157046,0.1827269242554519,0.3258197937794631,0.14916768169506556,0.09460156820238771,0.2873596258646274,0.1489104747545316,0.20743224606999683,0.19885421345398582,0.19953968407696362,0.09858286618363275,0.11728503650672648,0.16594735587518977,0.24844142012647097,0.11812636344434957,0.13740184954446116,0.09308754851462836,0.23448301214554426,0.03873728341661646,0.10704682134794148,0.004206517811668824,0.010770974184950467,0.019577382033800186,0.22313015673018263,-0.026461192349196194,-0.22173958964591603,0.04107114641902772,0.04571884918596036,0.3086245165395049,-0.08457935590565431
0.2602642173626967,0.2737761324405608,0.21050576121465392,0.17080401235208673,0.2906291278633758,0.2433386083432351,0.2258133721360359,0.8866557155564985,0.2330884430327396,0.2207875061836024,0.24815763742150418,0.3094059775393926,0.2588518264329287,0.2510420090427408,0.2802357807839035,0.257113363164937,0.26276666568029206,0.26912856568881605,0.21014774889187662,0.2639694197112055,0.15994026055570887,0.2256936747999352,0.2131988016442059,0.2662176246947958,0.2387332557539809,0.18124376428282357,0.1927712118917771,0.19049896295856145,0.16456105073152222,0.17461010178990483,0.17015276394613718,0.16467096952207452,0.1499842426887787,0.10318108257673729,0.17499980779483112,0.14577943913331226,0.18703334881607642,0.14833666783803368,0.15674096203435536,0.08754468474038175,0.10593768531035459,0.14289638071412772,0.25485072856984015,0.10700798837240127,0.11515864008735525,0.1253480028258837,0.2487717094842029,0.026505532221380003,0.0964712615384063,-0.0851155768867159,0.23148686285773484,0.11981861806656192,-0.006147100762603364,0.004506974073688465,-0.14199472149475503,-0.13964517632169432,-0.47635947441793314,-0.2182232622807989,0.033331283861235406
0.20030784424552622,0.2734435217550064,0.062406496749502424,0.22709484354150386,0.2932091122204631,0.22306296577012075,0.22170044884819912,0.2330884430327396,0.6966813521790196,0.3049619515648984,0.2900082272949712,0.3048346648234429,0.2933483456635428,0.2810108335740355,0.2887263448130402,0.24569560196629925,0.2892879397965469,0.217719776228708,0.20383428802913758,0.2550651364497612,0.23884705542995804,0.2563582374557391,0.20610949227598846,0.22310976285489192,0.24196558967361073,0.1588154315271284,0.17769387667483458,0.1924926568437711,0.22782601779533973,0.18723812016308417,0.13559249349363145,0.17118532318345187,0.09287037957301343,0.08574068239870257,0.1833903313757886,0.1448294647123663,0.17071667304338667,0.1613758046898684,0.1618101229053477,0.09416287703522061,0.07425437595104949,0.14511501332427565,0.2340417720191936,0.1246369221231185,0.09072608058365975,0.12665624733895015,0.2750425216651474,0.02102929986108396,0.10561781580247305,-0.06834567563980416,0.16677734797684585,-0.04127640315222329,0.07470104450290944,-0.16819394022976408,-0.044745241734068054,0.06877583363095514,0.002357880618295655,0.15935564314396758,0.0010699607520149423
0.22237084719007452,0.2663400985960892,0.37607250058987995,0.2809659124782269,0.25823005586758513,0.2538623637672287,0.2023743772492345,0.2207875061836024,0.3049619515648984,0.6503852362858772,0.2542630095266999,0.30444332476064384,0.28864557814898706,0.2889970929021517,0.2519108665602017,0.23475338753362754,0.30181613628028664,0.22311396115732027,0.19270058308647006,0.28262776297392644,0.15427904797652917,0.23176516501477448,0.18862258123238837,0.24199015511043154,0.26374934886576573,0.18484438921457227,0.16967916843729303,0.2005506609461511,0.23363841234768176,0.33089797914730795,0.1518094404371718,0.22398742199908153,0.17913906538111868,0.1503093793083745,0.14808436732677518,0.11144493540602193,0.18346365456404953,0.1481858934079634,0.15998358353058512,0.08697725215889711,0.13187683934750563,0.14433713870470594,0.28747251551691866,0.15996269633752289,0.14077693625418303,0.12438592947512105,0.2514974577789893,0.022079574846825746,0.09946386667691134,-0.08686820293084103,0.12809387477726605,-0.016115590380434506,-0.2770397269929071,-0.0072705099670595475,-0.10431874072051618,0.18175520039822235,-0.008474997523092194,0.15487314568943916,-0.07144074757869698
0.3167891944778055,0.23458038158703645,0.17450688346820817,0.23291105815375476,0.24651598446245554,0.18420152668391748,0.2817266585088638,0.24815763742150418,0.2900082272949712,0.2542630095266999,0.4819538185261044,0.27586529748496574,0.25367022268815426,0.27106644583040373,0.23643614331774515,0.26723809243118457,0.23350996735600113,0.2459893949308956,0.1865094032135463,0.2214886133267848,0.2938310675303142,0.3094317689904265,0.1843191203195557,0.2562270492170564,0.2377403349737728,0.18769120379752632,0.22962008301323006,0.2065016922474943,0.25048097003241865,0.21179062847579364,0.1677680928713934,0.20573736379684193,0.1192360501079094,0.08813053729780818,0.20224738626299116,0.13510218954327022,0.1858021604432015,0.15159303614163733,0.17148641697420283,0.09286222754029864,0.1041318002980983,0.1511841476468649,0.26392273096385155,0.1214263087424312,0.10534779486127992,0.11130982779671318,0.24483669083251328,0.023989239360016405,0.12041118959450287,-0.002364933072411433,0.11473249591462498,0.030993436354984052,0.0440565136817387,-0.0062909444052789395,-0.15826596809943363,0.038412745705561,0.00195930535868219,0.09908493226200396,-0.08123139794452498
0.21797921480830765,0.2514437445161429,0.2282353829246764,0.22795675514751312,0.38686966697285313,0.2362026750127289,0.2887898313574586,0.3094059775393926,0.3048346648234429,0.30444332476064384,0.27586529748496574,0.5998145773321483,0.3203443553085918,0.22892309848500322,0.26258392684572307,0.21817043955384988,0.24274477933316735,0.22713185135691555,0.14775751271375484,0.26365308436597884,0.24221318237209571,0.2520583671292399,0.21088237653495545,0.2515638974057546,0.24728429169229996,0.19386355017619433,0.191826637730766,0.19671662642106566,0.2005715087630628,0.19901557204486175,0.14962957987524478,0.2072704224650571,0.1288182092060779,0.10124442763108839,0.17763693361606486,0.13551121787250775,0.178004662064117,0.150948351212946,0.17480307576898263,0.10259480895153797,0.1061012436160156,0.1451064204059638,0.2380948933488881,0.11775522557825029,0.11616297722233877,0.11771934325587453,0.23899883063878039,0.020179292818863253,0.10039006039581479,-0.06284322762923604,0.16840195626099144,-0.03362583524922048,0.03760852811884973,-0.015344485542994585,-0.046562066310821736,0.04945153793149921,-0.15594916167022738,0.009756326308439076,-0.09080138815755975
0.21006349691478932,0.24650104772584389,0.20721592470683217,0.30441705899351845,0.33208998863758127,0.24677069024304574,0.2511808294266253,0.2588518264329287,0.2933483456635428,0.28864557814898706,0.25367022268815426,0.3203443553085918,0.6448516240907162,0.32494159732818356,0.32539036190161835,0.2548407315642153,0.3019106406498756,0.24122057780699646,0.21406991107211165,0.2598267746508819,0.2567982223582137,0.22945720318565702,0.24632020746279468,0.26075115673117477,0.24722816233037448,0.25625781066016656,0.18948089379487754,0.23734286447982414,0.22022621066566572,0.21527955898822226,0.14634112879081035,0.19809289693341434,0.1331180289360148,0.11978782625180066,0.16016186497801563,0.15576216119179068,0.2007190448146152,0.16231312641214926,0.20640549411119116,0.09767262092420739,0.13208690224893188,0.15446046124924168,0.23871911702061063,0.12180027663213486,0.13747588801808083,0.1332278621353385,0.24228238000416735,0.023157459875460463,0.044909882384716264,-0.014812450824209018,0.12538130872351835,-0.08281216585939234,0.006349745434507318,0.00216550008013501,-0.03054955249315836,-0.004485009814771337,-0.06695468705097529,0.0008737403943085703,0.03336375838202903
0.2339844240793944,0.2923183055537899,0.20729705437136378,0.24528508207511132,0.2628453008959301,0.26961744873387866,0.22011960561313007,0.2510420090427408,0.2810108335740355,0.2889970929021517,0.27106644583040373,0.22892309848500322,0.32494159732818356,0.5969961824990815,0.34960338888752174,0.3150765787931786,0.32710817844348755,0.2737568183564267,0.2259933626377699,0.2977846966458106,0.2699432288306997,0.2586571860727327,0.2671346355252957,0.2837787206058961,0.2685527416180794,0.21090948230426015,0.20681491876704153,0.2122014286795273,0.21030803136649961,0.18483462402846892,0.15506798008287534,0.17061759749340744,0.10702622790516077,0.11308867742547657,0.1721242409763917,0.13036671791419902,0.17814682840545334,0.13733701636255463,0.16087918788914596,0.08050179849083004,0.11017002760183219,0.13631989974292094,0.2326809668253686,0.11469147120014565,0.09336066277895544,0.1086963231197674,0.2151766086925697,0.024308915034236246,0.06815774737524888,0.013891304285030139,0.11224892235096602,-0.0564790173546561,-0.19104384775217587,0.11776873079875143,-0.04647391633710271,0.030565009723910616,-0.08586778843332454,0.037767424664435806,0.003074696852831454
0.23199062924711017,0.24427536705489108,0.16486145763447754,0.2253472150380352,0.264092630875983,0.24393922542713473,0.21147352258834554,0.2802357807839035,0.2887263448130402,0.2519108665602017,0.23643614331774515,0.26258392684572307,0.32539036190161835,0.34960338888752174,0.5002554034893409,0.3212038120955359,0.31636240585488784,0.2488924804339004,0.253058595271505,0.2753350653285498,0.23731434604297758,0.232282451247697,0.24695214118548617,0.2708992967596104,0.25911481987849055,0.2187564151782031,0.20282503780436698,0.23576113907742433,0.18302459434629326,0.2574517413249775,0.15660607204830365,0.17873729704824054,0.13708962937202163,0.1313452949465121,0.1559306092295368,0.1370444229903685,0.18980620745601848,0.13960318831731355,0.17428359502697202,0.09130513660036614,0.1368219937813854,0.15096266918437137,0.24837483360423135,0.1225872259348742,0.12714856934850055,0.12963766163523893,0.24449477200356093,0.027086954049205983,0.08098123116313176,-0.031208229196120353,0.10266099961296933,-0.03033494556923882,-0.13277756053437126,-0.0017324404711876057,-0.03311239237410745,-0.012999859679873315,-0.0689846990037041,-0.0057392647502557004,0.02754984278922015
0.22750587246629073,0.2342645373033542,0.2185914594250815,0.2346759884771085,0.21440056401050137,0.3021556897361362,0.21189738096867244,0.257113363164937,0.24569560196629925,0.23475338753362754,0.26723809243118457,0.21817043955384988,0.2548407315642153,0.3150765787931786,0.3212038120955359,0.6347838501354777,0.3280684879261297,0.35358521992951886,0.3116471827520033,0.25856332344330824,0.37549201600295595,0.24497895555482738,0.3039680274875892,0.3274967285308582,0.2494962216903548,0.26071372632510526,0.23164427759965417,0.2551618119077214,0.20647567846189863,0.1785088902421313,0.16037950465315765,0.17070387668136805,0.13517829419219773,0.1270778814990672,0.1533591411376324,0.14920257919829225,0.18530201020831719,0.15735967389472905,0.18851252232108393,0.09834976870342522,0.14328882282030786,0.14923200051585725,0.1880752210194955,0.12340696197363857,0.08781999778988211,0.12504685868796064,0.24404251804410187,0.023346016643198266,0.08203945659378052,-0.032745974188488895,0.0625191577974144,0.010712674401399436,0.0011583645165739896,-0.15128145457236336,-0.07355239615199954,0.020310020595855835,-0.05275785713244979,0.00234288931279235,0.09388522309865008
0.2517549583153743,0.24603819656064874,0.14738030043761902,0.2112143329486626,0.24072501851265746,0.29994181554583155,0.13620444100588155,0.26276666568029206,0.2892879397965469,0.30181613628028664,0.23350996735600113,0.24274477933316735,0.3019106406498756,0.32710817844348755,0.31636240585488784,0.3280684879261297,0.8464652866203676,0.342788317280617,0.2517783754398418,0.25838781095396574,0.25422134251609124,0.24451836386865408,0.2628773593728041,0.2920127847009797,0.20488706054654188,0.2289603178970706,0.20473533752699472,0.2558928175327229,0.19165177647607914,0.13261657132214122,0.15219911137150313,0.1366923549146747,0.10763206249074078,0.13835554194717048,0.15173023203724695,0.13205716738294962,0.17329393895865522,0.13375666589994065,0.1639967266444876,0.08494562946526844,0.11233509483391142,0.1429646401670555,0.24694241212001689,0.13351296740850715,0.08488700699615918,0.12702716790940713,0.24318930176633186,0.034984595618139096,0.03557102659017667,0.02131675600779706,0.041393094884609245,0.03284471192214181,-0.2370022315803977,-0.016876779456474533,0.11434672204870874,0.01016179648335721,-0.09728072971037255,-0.12881908944397288,0.12926353278838412
0.20404162577230192,0.2253950513817785,0.19276443438720198,0.21886363446061147,0.19763556896797965,0.23738763289297532,0.22683650932965357,0.26912856568881605,0.217719776228708,0.22311396115732027,0.2459893949308956,0.22713185135691555,0.24122057780699646,0.2737568183564267,0.2488924804339004,0.35358521992951886,0.342788317280617,0.6839529466091784,0.30607005529925535,0.2310384500431493,0.2453189382724862,0.23544135053640922,0.32725674083093764,0.3220817668129686,0.2069832490429443,0.2853891996280136,0.2342191222547072,0.17598334386595765,0.1995412332309304,0.22562540711389714,0.14336332280301456,0.1897502497624105,0.1332534560072573,0.14525849739032357,0.16213719204726798,0.14283052565368712,0.18666883941718124,0.1544196288740412,0.1729936079713155,0.09651140247382556,0.12017557170609695,0.15705239729378231,0.24042019852360838,0.11927371040765597,0.12742185698397251,0.11069861645466697,0.24363270837223616,0.023386412069677086,0.09367346757677061,0.3080692295482744,-0.03780133401781423,0.03351576116794849,0.009571746369526738,-0.07064891751697167,-0.06855394829463833,-0.005882186397037233,-0.044987368958478956,-0.08246473880172688,0.1966719175122082
0.2580452128292619,0.18469567536064813,0.09198010592905591,0.21139482194125944,0.1654141672846516,0.19811396881294976,0.16713215662301742,0.21014774889187662,0.20383428802913758,0.19270058308647006,0.1865094032135463,0.14775751271375484,0.21406991107211165,0.2259933626377699,0.253058595271505,0.3116471827520033,0.2517783754398418,0.30607005529925535,0.7482156790925518,0.24987077095050808,0.16462544874842658,0.18415752550490533,0.30617759802894734,0.2580934556438101,0.25103371788996465,0.20874275913635354,0.16305774220303346,0.16694859611140098,0.18720938460491646,0.31605045023142647,0.1894783791335045,0.2085404535311085,0.23194694738887764,0.18537566388342272,0.12698756347274998,0.150091850238682,0.20842845266620028,0.1575207191478361,0.12095294510619362,0.09223272121071215,0.16601416582379291,0.14549274932775616,0.314498018414022,0.14938359362941195,0.17807137802690293,0.12936782000342903,0.2523118391334481,0.029459158625830633,0.10787631315438084,0.09606487578049527,0.053676787926160985,-0.130188796848618,-0.04311271190262513,-0.18601729885545795,-0.19774081300268495,0.015140057129451625,-0.048879613812231555,-0.10116354396519697,0.1143592301740159
0.1816780133414875,0.25150708328172655,0.20152013385312684,0.21197084189188423,0.25115340154175525,0.22826944562891988,0.2224613524770534,0.2639694197112055,0.2550651364497612,0.28262776297392644,0.2214886133267848,0.26365308436597884,0.2598267746508819,0.2977846966458106,0.2753350653285498,0.25856332344330824,0.25838781095396574,0.2310384500431493,0.24987077095050808,0.802834548097852,0.24465569992942832,0.418956270683314,0.2457849128530677,0.3569012484690202,0.6856121181508226,0.17231374634829183,0.21306045625831302,0.18100922616705623,0.3097261025587929,0.26255095787909266,0.0924673440133043,0.23275042807138754,0.09058443747895686,0.1860154175919874,0.10476312749992943,0.14187280279377742,0.18906913491947888,0.2009588868317337,0.23606877075593366,0.12050879284531343,0.14321666239856806,0.16457126009442877,0.23100417185028113,0.1349304393243642,0.16184963569705751,0.11346932662888479,0.23565500516523832,0.01831621526044558,0.11350740850385396,-0.1220144626965894,0.08340391210846519,-0.17347980150185982,0.057131749115883285,-0.11561651369484544,0.003878743355837981,0.0436009196634751,-0.10333961685018188,-0.054281309756801795,-0.0332293315322254
0.14748099644959647,0.18013139521426016,0.12783863427666928,0.22520014296529392,0.23240330361257147,0.19903859303741137,0.1721380984252894,0.15994026055570887,0.23884705542995804,0.15427904797652917,0.2938310675303142,0.24221318237209571,0.2567982223582137,0.2699432288306997,0.23731434604297758,0.37549201600295595,0.25422134251609124,0.2453189382724862,0.16462544874842658,0.24465569992942832,1.0061306469536975,0.3744461434927044,0.3491805387530488,0.10505636446020658,0.2620336733340919,0.2860138274953085,0.23558612344829885,0.266375188731392,0.18837155355350424,0.03607129440917373,0.15081740008877736,0.17726648808686046,0.07720515267200781,0.08497485263932161,0.15294918841925173,0.14843283452132092,0.19356661679393258,0.16183734194593993,0.20635693861180343,0.11924478968130754,0.09986483749949428,0.13323781401066098,0.14363164047435167,0.10385378098649302,0.026511969533704785,0.13713827909461615,0.16928519673783074,0.02291768062721382,0.10612951985863735,-0.12331379685557814,0.08483258285513288,0.09925222194166082,0.28739158146860755,-0.0403678910947529,-0.00582068653798131,-0.06019664409857084,0.017442793006306755,-0.10025578598116706,-0.038515327981096276
0.2451687412146108,0.2244999618041204,0.17225562165133812,0.21495413838045985,0.2254516777604386,0.20877460175521487,0.22451738967090362,0.2256936747999352,0.2563582374557391,0.23176516501477448,0.3094317689904265,0.2520583671292399,0.22945720318565702,0.2586571860727327,0.232282451247697,0.24497895555482738,0.24451836386865408,0.23544135053640922,0.18415752550490533,0.418956270683314,0.3744461434927044,0.736338710634245,0.19125878812865063,0.3867782985870745,0.3866629528827431,0.16857333849062037,0.41003630446373807,0.1778773726984264,0.35231079422770223,0.2347755262574393,0.12726198476399736,0.19869988959982238,0.08857531894889584,0.14601126695784716,0.16259180461591816,0.14033742411419844,0.17901598889368112,0.19207877325195563,0.18317667718505595,0.10881883284869606,0.10952996651881958,0.19387099523415036,0.26198846923223634,0.13780630487186196,0.10168014900984673,0.12278537948631489,0.272518519924409,0.020051983567930524,0.12110162548304963,-0.05868069519930208,0.1117280048621448,-0.05566125921969501,0.09424945775503413,-0.012613505373253633,-0.07556497142513013,0.04272461029535889,0.0020618353899673645,-0.09358921918970725,-0.03228810009055005
0.1784860285547774,0.19065686792721528,0.15679018640776704,0.20532136062861508,0.20896956280495443,0.20925467798606176,0.18157645566298328,0.2131988016442059,0.20610949227598846,0.18862258123238837,0.1843191203195557,0.21088237653495545,0.24632020746279468,0.2671346355252957,0.24695214118548617,0.3039680274875892,0.2628773593728041,0.32725674083093764,0.30617759802894734,0.2457849128530677,0.3491805387530488,0.19125878812865063,0.7903596677085093,0.30075826050330656,0.23629545477489972,0.3534347762257532,0.17020050039905632,0.20629134256057435,0.12074131565946476,0.2594649727131471,0.1715229679494189,0.18582854288600828,0.18514784735214476,0.16209962833608677,0.14606921318025143,0.1663852946347338,0.21387803977375694,0.15552198422608263,0.2263309330481087,0.10447374676567338,0.17499668518177386,0.1417673163234461,0.26046607678213174,0.1401982791118395,0.11971669310747073,0.1707408062299609,0.24832496385307243,0.02195411736765358,0.12465963584054549,0.05541969691218409,0.056914846971960954,0.019344073994980487,0.014928219539106898,-0.11722158038300082,-0.06954393167654677,-0.004425110761570138,-0.08158446173995305,-0.0939742292865651,0.0486668726059254
0.2680237163215314,0.2391669354813379,0.18749726682814044,0.20295173285980478,0.17347719636412426,0.23286394081140313,0.22509416389174078,0.2662176246947958,0.22310976285489192,0.24199015511043154,0.2562270492170564,0.2515638974057546,0.26075115673117477,0.2837787206058961,0.2708992967596104,0.3274967285308582,0.2920127847009797,0.3220817668129686,0.2580934556438101,0.3569012484690202,0.10505636446020658,0.3867782985870745,0.30075826050330656,0.9697760236514402,0.339431816094091,0.20900403291316608,0.3454811986342729,0.15815706514264918,0.31184051425021264,0.25891386115708465,0.107275775686011,0.19580408652934733,0.10893581725013604,0.1845142180491372,0.12170994585277212,0.1319950403668298,0.16541191031709265,0.2021699497273294,0.18970961454919383,0.10642842483883855,0.15873644056746,0.1919662939236185,0.26093201740066,0.17980857869910433,0.1426726673240746,0.11660184324828009,0.3508469370068032,0.01774600842192795,0.11655794976228288,0.040831130721942624,0.09577125499288514,0.04811970028438186,0.14879499432764753,-0.05640582990541722,-0.11117943107056759,0.010063435907277207,-0.05240299125784197,-0.06599162561102546,0.03423709851395288
0.2069147912679373,0.2328412722971422,0.15706543782719926,0.19795288687527005,0.22870404386435397,0.19824724947344424,0.20828233964291465,0.2387332557539809,0.24196558967361073,0.26374934886576573,0.2377403349737728,0.24728429169229996,0.24722816233037448,0.2685527416180794,0.25911481987849055,0.2494962216903548,0.20488706054654188,0.2069832490429443,0.25103371788996465,0.6856121181508226,0.2620336733340919,0.3866629528827431,0.23629545477489972,0.339431816094091,1.1057384173193363,0.1943669206871423,0.19214241959941394,0.2074940390428773,0.3621871671816451,0.3217935511272619,0.10964054799294437,0.24912574984791186,0.0878656071012131,0.21957447112543735,0.09309962003474459,0.14747965297809523,0.20808332674294341,0.21003292255198017,0.2607193694088625,0.1392602889596505,0.16406018325602045,0.16417954111904712,0.22917398460648197,0.14292294272282582,0.17462059692952456,0.10591185859065723,0.22162111403644358,0.015551776386932037,0.13472589604963595,-0.10923170060289623,0.04834110262211922,-0.21445723951972018,0.0005331936012738525,-0.1125492106544292,-0.03268001113030175,0.01278211325929893,-0.07279974517297559,-0.058780255533089056,-0.03855395723761754
0.19408626822690792,0.18235377336596226,0.22569020446966184,0.20651052223822325,0.23242530995843472,0.20971462048271797,0.1909713041067765,0.18124376428282357,0.1588154315271284,0.18484438921457227,0.18769120379752632,0.19386355017619433,0.25625781066016656,0.21090948230426015,0.2187564151782031,0.26071372632510526,0.2289603178970706,0.2853891996280136,0.20874275913635354,0.17231374634829183,0.2860138274953085,0.16857333849062037,0.3534347762257532,0.20900403291316608,0.1943669206871423,1.1195181907562437,0.2726439180331868,0.24750871750190703,0.21220679421264108,0.42390398415408836,0.24195628294245833,0.24529575900261752,0.18010091699430708,0.1559310153922066,0.15792379113160435,0.21013081787761426,0.2820034182615397,0.15452716886249768,0.3286219001525602,0.14149133286287613,0.21009818942558622,0.18195486999160054,0.25865465595575515,0.1793865428814311,0.1302352233547276,0.20364830546009396,0.28254398784355034,0.033283121970724944,0.14410436606181887,0.05771349433106351,0.020111751856720355,0.08238877705939171,-0.02661158708267507,-0.054826878429779694,-0.09906808580915154,-0.04117685604029045,0.0474522755476836,-0.009299589997665924,0.019295362713460586
0.2570535515528981,0.18250003939717263,0.21428201481938935,0.19304496220114703,0.18509763640743218,0.23280944233342957,0.20890422210148035,0.1927712118917771,0.17769387667483458,0.16967916843729303,0.22962008301323006,0.191826637730766,0.18948089379487754,0.20681491876704153,0.20282503780436698,0.23164427759965417,0.20473533752699472,0.2342191222547072,0.16305774220303346,0.21306045625831302,0.23558612344829885,0.41003630446373807,0.17020050039905632,0.3454811986342729,0.19214241959941394,0.2726439180331868,1.054880749102699,0.15236188997984995,0.4330684184260667,0.2687655532172418,0.21377815806688313,0.19418382528011943,0.08395710500620254,0.15542265875283512,0.2893364759935305,0.21548084018640215,0.2239203109524463,0.23510469145655358,0.22450971892800464,0.15878065285914336,0.12361963796517939,0.32870738618729267,0.2566302628685767,0.14849708067408016,-0.0069056976317519204,0.18719679085140023,0.33382812708737125,0.04757143679945144,0.15123220734684809,0.01988042011209363,0.08514085702128889,0.039220002677766,0.12206908468823127,-0.019330435532176372,-0.11888214477246827,0.10469389638197432,0.16837262192403055,-0.10673672605084779,0.0906087715046162
0.18817204684160468,0.17603073359568863,0.18941086050187708,0.2050413742229912,0.16540787285340475,0.2076627099633362,0.18862626425105466,0.19049896295856145,0.1924926568437711,0.2005506609461511,0.2065016922474943,0.19671662642106566,0.23734286447982414,0.2122014286795273,0.23576113907742433,0.2551618119077214,0.2558928175327229,0.17598334386595765,0.16694859611140098,0.18100922616705623,0.266375188731392,0.1778773726984264,0.20629134256057435,0.15815706514264918,0.2074940390428773,0.24750871750190703,0.15236188997984995,0.9108203153546387,0.21789933887449517,0.08371708380099509,0.19026459664266998,0.21837985681379948,0.24865040442797737,0.161653030853495,0.1575225835847966,0.1370637072730426,0.20799133877872963,0.08790296725205987,0.25572679978613827,0.1719537121659645,0.1923666005972634,0.16722207004883705,0.26479475448787076,0.1498340318518326,0.15639244848427858,0.16383783718161135,0.30836174856315623,0.04725589225802817,0.059727853616638425,-0.04788597036509542,0.06036656849350185,0.0045118006262595605,-0.09947779663245203,-0.06487445153279921,-0.0579307730351757,0.06816674930436421,-0.04969681394770932,-0.14341177452859497,0.020276251037280334
0.2043630516904469,0.2015921783931158,0.24411197863979828,0.21525814751169284,0.20271666305561978,0.2193637521847767,0.2840272241206548,0.16456105073152222,0.22782601779533973,0.23363841234768176,0.25048097003241865,0.2005715087630628,0.22022621066566572,0.21030803136649961,0.18302459434629326,0.20647567846189863,0.19165177647607914,0.1995412332309304,0.18720938460491646,0.3097261025587929,0.18837155355350424,0.35231079422770223,0.12074131565946476,0.31184051425021264,0.3621871671816451,0.21220679421264108,0.4330684184260667,0.21789933887449517,2.9109223661597907,0.23949560242657494,0.16570203705908693,0.2409088272612993,0.20311970201117005,0.023582137233867817,0.22705972101983035,0.28775615593247256,0.2606381915179648,0.41430893530196927,0.4627553639694005,-0.016822638725520922,0.18081094224972946,0.2238092677998447,0.1436859339959973,0.07623122620192248,0.22407383033326095,0.26268106705566907,0.3532862672685201,0.07196974263274386,0.16479533357638426,-0.01681648788062084,0.049455233161414376,-0.22390127082660663,-0.05322516644178209,-0.05976631039995219,-0.07701448749627945,0.027130326436179693,0.04757892483807429,0.11700198250011822,-0.09736029135190097
0.2553506820838046,0.20375738319031395,0.28348489291155254,0.21709525743788652,0.25328822390236366,0.25772379820653296,0.1698047816157046,0.17461010178990483,0.18723812016308417,0.33089797914730795,0.21179062847579364,0.19901557204486175,0.21527955898822226,0.18483462402846892,0.2574517413249775,0.1785088902421313,0.13261657132214122,0.22562540711389714,0.31605045023142647,0.26255095787909266,0.03607129440917373,0.2347755262574393,0.2594649727131471,0.25891386115708465,0.3217935511272619,0.42390398415408836,0.2687655532172418,0.08371708380099509,0.23949560242657494,2.1376751817824204,0.21767807791774693,0.3856725482946287,0.43665790230978696,0.30466292358676184,0.1934162643355431,0.10970306090069938,0.41951496720933956,0.11581005092038023,0.1696918561903172,0.06069028672213789,0.2879189372450935,0.2559064907095028,0.6605855340358088,0.2880976982710949,0.3667598310844302,0.14588051271492342,0.5137427791168441,0.004692902843545959,0.24076469552698387,0.05864605503957366,-0.036953886028114356,0.08644543233144905,-0.2990918838204694,-0.104407590884904,-0.12105973991875447,0.09237100613840954,0.033611710698399376,0.32505945251912943,-0.03562972604501379
0.36664737839794237,0.13419458684310556,0.13638902244692314,0.15121421960933654,0.15125838999179653,0.17122511862631154,0.1827269242554519,0.17015276394613718,0.13559249349363145,0.1518094404371718,0.1677680928713934,0.14962957987524478,0.14634112879081035,0.15506798008287534,0.15660607204830365,0.16037950465315765,0.15219911137150313,0.14336332280301456,0.1894783791335045,0.0924673440133043,0.15081740008877736,0.12726198476399736,0.1715229679494189,0.107275775686011,0.10964054799294437,0.24195628294245833,0.21377815806688313,0.19026459664266998,0.16570203705908693,0.21767807791774693,0.9092538820568058,0.18134494453715785,0.34517572075648056,0.057232573702506374,0.40609691995250324,0.24979707536985252,0.28063581843043617,0.19749328814262873,0.16406137381125788,0.13097533150993554,0.16050138781434856,0.16705113226529913,0.2973740213631593,0.18945237638926446,0.08936936098524642,0.10751188332903815,0.17794404723545357,0.011299490731996539,0.16298016977035604,0.020337916808243553,0.15093302824431257,-0.03626238935963976,-0.022231566102567574,0.0557561498601001,-0.07123061999086441,0.102166198373443,0.013293515232745844,-0.08555796514734837,0.04067215461524357
0.19931551256566657,0.1714839378055715,0.26332129601387744,0.2163173610957911,0.21544296938912771,0.17763462289802012,0.3258197937794631,0.16467096952207452,0.17118532318345187,0.22398742199908153,0.20573736379684193,0.2072704224650571,0.19809289693341434,0.17061759749340744,0.17873729704824054,0.17070387668136805,0.1366923549146747,0.1897502497624105,0.2085404535311085,0.23275042807138754,0.17726648808686046,0.19869988959982238,0.18582854288600828,0.19580408652934733,0.24912574984791186,0.24529575900261752,0.19418382528011943,0.21837985681379948,0.2409088272612993,0.3856725482946287,0.18134494453715785,1.2041294143691796,0.19349018843260649,0.25288159100142055,0.1481530987248056,-0.051234064217879675,0.24976903028197317,0.2773551099722694,0.3095439526439847,0.1704653395280043,0.18456890315714097,0.15676087361216365,0.279713518929195,0.18715775647405256,0.14218831662442208,0.00921080268926394,0.2221141747727566,0.018386650140381745,0.14701656592028844,-0.0015372832237837892,-0.10377734104183989,0.17695156030092227,0.19023990337332217,-0.06755720651200318,-0.15473116849842602,0.05374102253750653,0.040091872052664,0.031508236988944345,-0.03872468603920351
0.23870660375489336,0.10625912523686128,0.1816163908018403,0.13396344528800572,0.13930736462061577,0.16204444592423803,0.14916768169506556,0.1499842426887787,0.09287037957301343,0.17913906538111868,0.1192360501079094,0.1288182092060779,0.1331180289360148,0.10702622790516077,0.13708962937202163,0.13517829419219773,0.10763206249074078,0.1332534560072573,0.23194694738887764,0.09058443747895686,0.07720515267200781,0.08857531894889584,0.18514784735214476,0.10893581725013604,0.0878656071012131,0.18010091699430708,0.08395710500620254,0.24865040442797737,0.20311970201117005,0.43665790230978696,0.34517572075648056,0.19349018843260649,1.3117381704865307,0.28938676994304097,0.07108899704806497,0.09844878961203284,0.19249600542184414,0.24516502815750543,-0.15239300845208312,0.040349326538084276,0.2717675126648637,0.08213153421563521,0.38801832088053817,0.3859288368132157,0.28546153957590625,0.1394376157368942,0.13482643644927547,0.04818175483443968,0.18609052730097136,0.10747948042657118,0.19965626551343654,0.29155179948748744,-0.13757732717507704,-0.05200787262223895,-0.09002679730571914,-0.02924196451196572,-0.09806106322565111,0.07205625301208234,-0.11472831191359771
0.18136976261374047,0.0939938490403169,0.11135583377072611,0.10877199154940143,0.07419664939161184,0.11595372095715688,0.09460156820238771,0.10318108257673729,0.08574068239870257,0.1503093793083745,0.08813053729780818,0.10124442763108839,0.11978782625180066,0.11308867742547657,0.1313452949465121,0.1270778814990672,0.13835554194717048,0.14525849739032357,0.18537566388342272,0.1860154175919874,0.08497485263932161,0.14601126695784716,0.16209962833608677,0.1845142180491372,0.21957447112543735,0.1559310153922066,0.15542265875283512,0.161653030853495,0.023582137233867817,0.30466292358676184,0.057232573702506374,0.25288159100142055,0.28938676994304097,1.3672981274129852,-0.16064962321637602,-0.11616311499881117,0.14611607809739094,0.443176099460852,0.0016119126876294194,0.06710476219053611,0.2626068533287794,0.3330783989655802,0.38901236089544244,0.33629576051996474,0.37481768953113376,0.21091820642202705,0.2538038602789163,0.018093720380761038,0.10291349413369665,-0.06933644167781959,-0.3018465691521769,-0.0740321526625602,-0.24983215588098662,0.06521749612703875,-0.06615866656168297,0.08705136252694816,0.06429654197357548,-0.05533909337434768,0.02477219168749501
