5.313432677699728,0.6355098618329522,0.6898482513134484,0.8271295965182904,1.467078299624768,-0.045814021554077974,1.024107285786709,0.8070138268027903,0.17524490441451926,0.7017294236153789,0.49194852766608693,0.5391500278052509,0.6628484539829039,0.5020768725704527,0.5254428309055512,0.5611669648696146,0.40733843399852165,0.6121048540074009,0.4811554640796793,0.27874968558966806,0.4735502113650875,0.38920905655838883,0.43336573208926443,0.42270320906257114,0.4335418046719904,0.48002107233348384,0.43972620475307755,0.23791628002304277,0.33182678531165094,0.28851604822739324,0.5215004637530486,0.4529522933356798,0.7531909632096351,-0.4314984947951805,-0.2047072863787993,0.49162118645758746,0.7434523682200002,0.7044194828313437,0.44187523362891595,0.3535249639980896,0.5377675791340192,0.28501159248604685,-0.036797161375243546,0.46696577071930934,0.27410142829498607,0.841145066288136,0.3071017846297798,0.15940106727332196,0.020608159000319065,0.8743225942205687,-0.11522917354090331,-0.8295504973883749,0.00036754800462528424,0.05338892383842839,0.35727870137950263,-0.22611989839105104,0.3710924157053969,-0.3587984656162716,-0.2030441935949405
0.6355098618329522,1.3343172810136645,0.9018181056452417,0.35705582963154076,0.2961962478456204,0.28287822129481766,0.3747435775057352,0.46633491612542266,0.3304247984231819,0.40492045601145443,0.3354233963184953,0.3107471477333464,0.37580399982702123,0.33507107292001076,0.34197255450744457,0.3275401668208765,0.34691968290324454,0.4804110129355499,0.2577489695692927,0.464872113401697,0.34504062519744794,0.34788527129938235,0.30321291555980895,0.22818230580943633,0.340130805909387,0.40696380616036576,0.32478516409987074,0.2774090130584607,0.419970868682285,0.1907690330703223,0.36513496375353993,0.33513388748499445,0.2815928358470442,0.38400814462816996,0.21273489973869386,0.48628106076457905,0.46947474857096655,0.4134144159580392,0.31250643058409766,0.14876671362687138,0.3812226683462678,0.27370453080437734,0.35880975544673044,0.3280943397280442,0.2010006292198615,0.6683461934022812,0.33468273382327574,0.06943577049140896,-0.09942127335978629,0.09008199363656033,-0.057218367412530495,-0.02892868202230608,0.008575694191180337,-0.03877357425419017,0.05858254000254464,-0.07568898600340568,0.09979600527731668,-0.046601919735500305,-0.11580066289852525
0.6898482513134484,0.9018181056452417,1.5439036277619191,0.38582381698785334,0.17223476868808016,0.3055709991271074,0.3705871575069406,0.4435529523764783,0.4771499230187807,0.5606829116256083,0.33856513900138585,0.3524795453254642,0.412157127483764,0.2958124535513981,0.3503501660461188,0.32833049423918603,0.37068864445273425,0.3856205996236749,0.2893685599029131,0.25737764626326554,0.34308035313525703,0.41518205413138953,0.28678344283465457,0.27972370248155154,0.3618426983259329,0.39869535975906834,0.3056059683440468,0.2681767338603123,0.33573446193132384,0.01920631517583163,0.37671796117219475,0.29791186689773175,0.3568457627823309,0.39376020832477177,0.13551882097987294,0.49967152256739145,0.46772169942175124,0.35026091851049795,0.31700887047705023,-0.06169489821874854,0.3417434654261561,0.40116615712418374,0.30037478014547536,0.3633369704616192,0.14822154759313402,0.7591539080652976,0.24379117022249128,0.046207387010035274,-0.2863917123709295,-0.11364552220245347,-0.0274234857545219,0.2038712672557913,0.04877327352257757,-0.09820709061126572,0.1248910641581196,-0.019576214369439644,0.21417782299923915,-0.23367881788793995,-0.1326290996897644
0.8271295965182904,0.35705582963154076,0.38582381698785334,1.23781336476302,0.6116264914294028,0.2673680522429057,0.5227452845671318,0.45938800056066925,0.21106050431910636,0.3609483563162976,0.3475677553916786,0.4020940964207034,0.40461728685907367,0.37986206069710915,0.36544673255124627,0.39506399895797145,0.31487195405709045,0.3888408606539636,0.3017516579296284,0.3003305448270806,0.3211034004325625,0.3241739446370401,0.33379117916518136,0.30442634105308214,0.3578969263098346,0.3057782255508017,0.3153945815102558,0.20525449321698824,0.2859589029499795,0.2210277596248069,0.32599847104080854,0.3714178791507071,0.3523792689523473,0.35751512962862647,-0.025255730027562352,0.33135834367212813,0.4093613209410887,0.34177373732948835,0.38966887794022426,0.11369845788488911,0.31257828094679263,0.3075723834559514,0.3426904798371014,0.42418061992528244,-0.022898139373292974,0.4968512697126465,0.2912719603466768,0.08048884787425326,0.09314573486871305,0.4697354905549394,-0.27089544809273286,-0.06868271561307465,-0.13541875260382324,-0.022492011412346257,0.10556151952134224,-0.003171039384622506,-0.02365425389256289,-0.06064025466895375,-0.04159039666944414
1.467078299624768,0.2961962478456204,0.17223476868808016,0.6116264914294028,1.5710223476079181,-0.008116330935798645,0.7262147323212881,0.7502853077171648,0.2747093399449525,0.3447949785886412,0.4418044736074643,0.4444228244914078,0.5449038839467851,0.49044001822228345,0.4576057131514152,0.5120952432828669,0.3415630118772812,0.42861015459070945,0.4379721777424069,0.3554033029056659,0.38326228657419587,0.4146097058665737,0.3542083789244333,0.309328275428433,0.43061291948587505,0.4057721086493792,0.38361239184217827,0.16862916796249064,0.3620326323929869,0.31562088181045084,0.39293543725830254,0.43481290591332333,0.4248963180612267,0.41997050090176086,0.02359583951608012,0.38515167516655985,0.6068887744097617,0.3996937904741024,0.5203123834218883,0.17029936644692437,0.3933208086859582,0.4120524599061022,0.37839433821045226,0.39922444462861034,-0.06123362715456662,0.5905793200257179,0.32227918913623355,0.11238478508659086,0.35163270922210266,0.9449232002077805,-0.3229915590708316,-0.8276069356067449,0.012395233283269034,-0.023348716500748688,0.15731443180168037,-0.0960420902997021,-0.06490166859452243,-0.1103860016192341,0.11177766830723673
-0.045814021554077974,0.28287822129481766,0.3055709991271074,0.2673680522429057,-0.008116330935798645,1.152524280579438,-0.009496903186879235,0.15609067211330344,0.280810157120829,0.22471354143236938,0.20350981000575455,0.20785232351652166,0.2775255541554486,0.36679293413208774,0.2351753628946765,0.28963619451215433,0.24225104907252654,0.23144093969259985,0.4146735077918469,0.31407255418370267,0.26999420846472466,0.3147438141334907,0.20467514434000894,0.2691765946155721,0.22365993535929818,0.17917407688609935,0.2361765983895774,0.2396663891327915,0.28477508434332577,0.23721274497950776,0.2564124406471693,0.3653252753285436,0.20984110450923402,0.2555787881203715,0.12267446837441554,0.28284503267073957,0.35590450093789255,0.3314898575988418,0.2720898087145892,0.14458614925502597,0.3546162620176442,0.16719646133452734,0.31197342596439925,0.3262272629745564,-0.01687373891169986,0.37086049909148106,0.38544139990065485,0.04995464062339088,0.24119822242142494,0.4287276696072746,-0.32838427099094114,-0.10950246269975258,-0.1814634552019894,0.06719717639241116,-0.11616806594819234,-0.060388736954387984,0.07978041037778476,0.1268262034004839,-0.009260264039702691
1.024107285786709,0.3747435775057352,0.3705871575069406,0.5227452845671318,0.7262147323212881,-0.009496903186879235,1.2197399391147525,0.6257202511735344,0.3967283819228495,0.4137673998741601,0.4583596722755958,0.465874211100179,0.4583615538497607,0.46157510823397846,0.3600798164169921,0.4627603196224661,0.43653178245292784,0.4153685291400278,0.2804280272071573,0.3745570253055425,0.3905455267216674,0.45186624610484094,0.3779837836359939,0.3263082968013592,0.43785386942352816,0.48208966079465904,0.37687200687504807,0.15408062649742665,0.42654371469767144,0.23828931141526902,0.38187011064779186,0.4311039609953314,0.25436357477072247,0.5024375321584804,0.2441427038893861,0.45653894195485606,0.3242493193807141,0.40517371635993177,0.46538965418750544,0.22366760811652453,0.3411176244143595,0.378798154186823,0.4325066500423518,0.32508601738422715,0.13898474128465416,0.6361583462949043,0.16580763198524937,0.08720796684554974,0.2751527878301382,-0.07857019310292682,-0.17398691210310888,-0.02054051296243489,0.24838702511475402,-0.03941380357969439,0.22497887280046247,0.05353251739693696,-0.12270568092619513,-0.058155118821183495,-0.350797117352046
0.8070138268027903,0.46633491612542266,0.4435529523764783,0.45938800056066925,0.7502853077171648,0.15609067211330344,0.6257202511735344,1.2817641666017334,0.21625167692992434,0.2620532901653699,0.4987332751471577,0.3151487554876168,0.5291001628330849,0.5166820794497461,0.3368670582909809,0.47280612744158435,0.41631667729898797,0.4687970340143126,0.338265869079125,0.47537844214610253,0.3843989968499295,0.37811187522557893,0.28735114071432966,0.2211653371117358,0.47139492865407007,0.5498869065007614,0.3997386390335776,0.23354472866896414,0.5035825360694465,0.3214376298755933,0.35543704128877496,0.4472763376655722,0.22381174409941326,0.5405428929152827,0.4052800493833873,0.42616650800586553,0.460693838638823,0.40682260716036833,0.5315437789841144,0.20350820362543862,0.35503785501016905,0.3232943325384755,0.4792390754903198,0.3573052816542874,0.11841604755680414,0.5734763722067766,0.4196179088514737,0.08142759956870449,0.21749400446293063,0.24230698349175417,-0.2256317246407858,-0.0759302489442531,0.13844496901356523,-0.12110126951787933,-0.08407024553013571,-0.08585612531156993,-0.08980635626796482,0.17796168187362757,-0.1003545311309031
0.17524490441451926,0.3304247984231819,0.4771499230187807,0.21106050431910636,0.2747093399449525,0.280810157120829,0.3967283819228495,0.21625167692992434,0.6829042960273355,0.2694722890625235,0.24858341974354944,0.257608425621378,0.2841980674645229,0.30435056245649333,0.2562866427541133,0.2687288776796338,0.2494988008960411,0.25659288130309793,0.2115983351631201,0.20725635295622893,0.28148129707093944,0.4637893444956668,0.23642697820603584,0.2731240677357028,0.2757152014398587,0.3401177925706891,0.2269405095165545,0.18654345144402204,0.30195317973054353,0.16987783740253004,0.304107753579892,0.29952992628546155,0.25919064314017226,0.28728436528331586,0.11858814404419737,0.3643580756423913,0.3204442817399819,0.29571586937247746,0.2962881778863253,0.091118425187725,0.24304345707464708,0.28536204621458144,0.3542580677204973,0.2686042152255728,0.041037068148170916,0.4606899067923711,0.21688277644297185,0.0016859455905323857,0.029897452354495837,0.0015181068542742947,-0.13352624982684666,-0.01753282714902716,0.08656013409270176,-0.05678426443579638,0.17321328289928128,0.10869071288232314,0.0055253179612071435,-0.2058572470880668,-0.08709288665950282
0.7017294236153789,0.40492045601145443,0.5606829116256083,0.3609483563162976,0.3447949785886412,0.22471354143236938,0.4137673998741601,0.2620532901653699,0.2694722890625235,0.7660575553444742,0.25950548434992177,0.320519011297304,0.326722186398224,0.2621939251405746,0.3492701612648594,0.3066389190794257,0.2916343047176387,0.336755891630936,0.2555965489727644,0.1603751317090463,0.2229725156807891,0.3071053733998717,0.3895509164104459,0.3049377203250467,0.34602397568521975,0.2549618196991229,0.23943311479014875,0.1732696014221096,0.2578473452641622,0.18043051796261547,0.30220150703553705,0.2503536680954215,0.1705065771054747,0.395761032072242,0.1683459359228916,0.36823766807866054,0.3132773275813117,0.25948679179136064,0.28232479597323107,0.09933124805209045,0.3076301335793072,0.2954612892395961,0.24512094981592783,0.39399245619533896,-0.00152301724872747,0.5282385226847987,0.25001468987303327,0.06472056273738684,-0.01980456353605251,-0.029032614603901802,-0.0689417429857208,-0.0318078603295511,0.04253641908866172,0.04568957524775887,0.14167836504143488,0.05484394578710189,0.13773435754046653,-0.2879686891089577,-0.06193573592725652
0.49194852766608693,0.3354233963184953,0.33856513900138585,0.3475677553916786,0.4418044736074643,0.20350981000575455,0.4583596722755958,0.4987332751471577,0.24858341974354944,0.25950548434992177,0.5786062887238669,0.3819653543750839,0.4310656603822937,0.35631599506791806,0.360578627380044,0.3599454335255746,0.3274315264913284,0.3185099600739564,0.2166814675493804,0.40316286236579585,0.31035103764861083,0.31770851875944717,0.2477820432577093,0.2554075977821086,0.35168866315511743,0.3773385547123159,0.3393945110311127,0.21736438412100675,0.3917897904090933,0.2510249237084221,0.32107346888751676,0.33847587488853836,0.17376462549012042,0.3902319006676487,0.32201257075986267,0.3784609274199507,0.3319229300904192,0.3197637332419549,0.4000511812873019,0.19871760625521948,0.3122941264808848,0.27787333692418037,0.3423738604513028,0.26565155507912896,0.06354970474742284,0.4994082037226186,0.2822557606009424,0.06715033212675141,0.14276009322338695,0.15582870361284754,-0.22577665819882228,-0.08719463064951692,0.06263213124882083,-0.009166079300479635,0.02413764965352947,-0.023695880538073127,-0.021546575930009196,-0.018139233639362387,-0.054459874581002245
0.5391500278052509,0.3107471477333464,0.3524795453254642,0.4020940964207034,0.4444228244914078,0.20785232351652166,0.465874211100179,0.3151487554876168,0.257608425621378,0.320519011297304,0.3819653543750839,0.7489672693909525,0.36106596747589204,0.3526973495209904,0.3514442798628338,0.36578254544764827,0.24041691022121814,0.203208667501047,0.2265866972566309,0.32639193909855974,0.23094223788391174,0.3145302971682269,0.23827372061491686,0.2567886900790769,0.37051829401485986,0.34375617502800343,0.36490066584791775,0.1254187500400852,0.3708110559216782,0.1825964570659626,0.2540523016225489,0.351272761149489,0.11906267467553394,0.39029933995571414,0.2739499545700019,0.2656436648127013,0.2006611361502245,0.2583670208452177,0.340418684219002,0.1384792424989482,0.18687145597427618,0.2582065895349042,0.30607978451347073,0.25518297937292267,-0.03430753648607953,0.3991444799789473,0.1707795870810027,0.06016581744700723,0.34556527524192815,0.04105313011379229,-0.30089947285744695,-0.045862926647476966,0.08285187498693103,0.0329245036776688,0.06480742310315615,-0.008125317941964154,0.011765861316975334,-0.0886594483800518,0.005189110676286055
0.6628484539829039,0.37580399982702123,0.412157127483764,0.40461728685907367,0.5449038839467851,0.2775255541554486,0.4583615538497607,0.5291001628330849,0.2841980674645229,0.326722186398224,0.4310656603822937,0.36106596747589204,0.8804315005172842,0.37370905504244023,0.24482585889331196,0.4134838887366233,0.3238830347613005,0.366712352433968,0.35561823226125794,0.2843515180203438,0.37338346138710266,0.3716698155367601,0.27914057438056056,0.2601865821435932,0.3384631684055157,0.37560224844559026,0.3928898799906623,0.26590021250831614,0.36253545261654324,0.2763776028757944,0.33056551296449915,0.3535789079675112,0.3451160126279128,0.36052387047049456,0.22929102493701561,0.4148987498181236,0.40182028980680035,0.3180139174571418,0.42814431185370255,0.19733108994584786,0.36698529603485636,0.3075534883395908,0.3344460899664302,0.3828405865924103,-0.00649827581541314,0.5844636464290849,0.32563818471697153,0.09007399155230265,0.20516460142091217,0.19705962410057173,-0.09061398248474355,-0.09150764990536103,0.018712997477007394,-0.08531268073104452,0.1181692762665374,-0.1437050523070971,0.05246765644930568,-0.07805314968164222,0.03203095750999183
0.5020768725704527,0.33507107292001076,0.2958124535513981,0.37986206069710915,0.49044001822228345,0.36679293413208774,0.46157510823397846,0.5166820794497461,0.30435056245649333,0.2621939251405746,0.35631599506791806,0.3526973495209904,0.37370905504244023,0.6782110021978772,0.42307756428445437,0.45891559089896167,0.33449907014547914,0.3261496559802249,0.30367687864747234,0.42744435129860114,0.316104272572246,0.3964745779859812,0.26519948252236014,0.27705294189864454,0.3840943963160465,0.39421449459323193,0.36612076261607707,0.25113290825173695,0.43837011116619023,0.35473290934902946,0.3240693678298528,0.584409541288053,0.23299204512985197,0.4246890514392619,0.30008383413586404,0.3586560007577581,0.4211234721530736,0.40805624966687254,0.3510865657943247,0.20132011829016583,0.375354539285178,0.28715097294482916,0.46555197660521463,0.3618057370382143,0.005159582743391614,0.5275195549929138,0.361471934742142,0.07273713526166038,0.27267357347069154,0.18573731270539137,-0.3244383500541772,-0.07292789166224695,0.04011373118769812,0.05524869994822658,-0.08422116447412857,-0.04481333081599063,-0.048760823998731675,0.12127490324605494,0.0135303385210301
0.5254428309055512,0.34197255450744457,0.3503501660461188,0.36544673255124627,0.4576057131514152,0.2351753628946765,0.3600798164169921,0.3368670582909809,0.2562866427541133,0.3492701612648594,0.360578627380044,0.3514442798628338,0.24482585889331196,0.42307756428445437,0.853579133476849,0.3376680678692938,0.33775871062589824,0.3821550129406941,0.20658330754452595,0.404027879761643,0.30889199058340133,0.3103097458378361,0.28503730353606854,0.29502192696882923,0.42519251287049586,0.29642011527274914,0.312244637877117,0.2688309976210945,0.40996530209839394,0.30767212050872567,0.36031057274323725,0.3861858452296229,0.21365996324038244,0.3789188245639441,0.2285491393446514,0.39536271076280455,0.4983671821022997,0.32294268498683354,0.36360835571397654,0.18935781448706718,0.3992489720843604,0.28629157624209634,0.3581597141171033,0.313548176141274,0.09249262590631087,0.5790346175446449,0.3367649726945776,0.07900909507706134,0.05710632626146882,0.6140603285574865,-0.166698882862125,-0.44429164293492757,-0.1650351711567196,0.08196421995552865,0.08062035930490306,0.08518195517327337,-0.06229800905681575,-0.08976331790437794,-0.08319926153473428
0.5611669648696146,0.3275401668208765,0.32833049423918603,0.39506399895797145,0.5120952432828669,0.28963619451215433,0.4627603196224661,0.47280612744158435,0.2687288776796338,0.3066389190794257,0.3599454335255746,0.36578254544764827,0.4134838887366233,0.45891559089896167,0.3376680678692938,0.6469046145275805,0.36282580202157044,0.32110171389596215,0.3040791826111177,0.3368064362822868,0.31220954475219115,0.4572276045130644,0.28391422457517035,0.2836507056824016,0.3909347572182757,0.3259930660744732,0.37329662251720186,0.2758394674029683,0.41041135594634476,0.33823193918636996,0.3253755654337123,0.424224355528941,0.22785798940416915,0.43952596666772215,0.35077964946179674,0.36421484714755803,0.3925875251228979,0.34364198132778767,0.40682075920076854,0.19668786365159405,0.35208087385437054,0.32729153452654464,0.4345223318312685,0.4096223062141046,-0.015439398966495927,0.5240473763430693,0.34454069906183576,0.06019157013168098,0.2726760918968558,0.11159012215988817,-0.23883777280449411,-0.06898981296759105,0.03077952051723116,0.006889156787580191,0.016924916365586715,-0.06568156757129982,-0.011477607723728482,-0.01065179292171356,0.04497327992057345
0.40733843399852165,0.34691968290324454,0.37068864445273425,0.31487195405709045,0.3415630118772812,0.24225104907252654,0.43653178245292784,0.41631667729898797,0.2494988008960411,0.2916343047176387,0.3274315264913284,0.24041691022121814,0.3238830347613005,0.33449907014547914,0.33775871062589824,0.36282580202157044,0.792038192913605,0.3300807325946799,0.28561257668640005,0.409704752909285,0.35953478246243536,0.3349282186366893,0.23046429231681723,0.23206228690570557,0.326120063791419,0.2813601299892052,0.30131601556758775,0.41667194558416165,0.26192596266288676,0.2962504861192154,0.3541454535375658,0.3302220576357291,0.3641219253891522,0.3830204214267224,0.30275846500408876,0.3728107874511282,0.4686167307333879,0.36531988298625717,0.44545518141156076,0.1258505771862716,0.42626686621772064,0.5671656948414178,0.3927852519394497,0.3249012735537465,0.23781800914402945,0.5202448974710688,0.3571737446089897,0.12434776344017469,0.0141601717047009,0.16120318930886518,-0.16456192007426093,0.2989510780661415,-0.10257592488862921,-0.059966915122804776,-0.19202814888090244,0.005357538969679433,-0.07081293882697004,0.20926618458595095,-0.26682284934817335
0.6121048540074009,0.4804110129355499,0.3856205996236749,0.3888408606539636,0.42861015459070945,0.23144093969259985,0.4153685291400278,0.4687970340143126,0.25659288130309793,0.336755891630936,0.3185099600739564,0.203208667501047,0.366712352433968,0.3261496559802249,0.3821550129406941,0.32110171389596215,0.3300807325946799,0.9109703222031528,0.26353358070637206,0.1960244020446921,0.39765246011430677,0.32416044363739055,0.43605703134324275,0.16442103635524455,0.35589148263519593,0.36932057537232804,0.25444640470399404,0.30211344494346193,0.34905900253101924,0.24926192177681247,0.3872661693901161,0.27396659197340834,0.3415358039914876,0.3208180943682339,0.16746526800115535,0.5296658893147579,0.4466083801473718,0.36403209488051025,0.3069535759481382,0.2635734798641726,0.3932628685534992,0.18516015617894943,0.3604048525844939,0.41142402879681744,0.197581376250675,0.5985518476501405,0.5364414523341765,0.05860613594516342,-0.283101445026803,0.3100252951492005,0.13476200237257074,-0.307447633847166,-0.03653707037034947,-0.05503236240808316,0.1386026729756703,-0.04235067383485861,0.04422193952294735,-0.04134824857743506,-0.21354898454561635
0.4811554640796793,0.2577489695692927,0.2893685599029131,0.3017516579296284,0.4379721777424069,0.4146735077918469,0.2804280272071573,0.338265869079125,0.2115983351631201,0.2555965489727644,0.2166814675493804,0.2265866972566309,0.35561823226125794,0.30367687864747234,0.20658330754452595,0.3040791826111177,0.28561257668640005,0.26353358070637206,0.6597151415377973,0.22433000681191417,0.27692842444482313,0.28261342475126877,0.10935317712477624,0.1806598631664761,0.21430325277076898,0.21927019429980893,0.2363729208132628,0.26322901090259865,0.21448158218806085,0.1992892622642428,0.2561031102198016,0.3314802335738266,0.3032344907286238,0.24442813841163524,0.05945133265294433,0.2443659862842387,0.3497650678429238,0.2993571870419034,0.2536076508918924,0.09350535905432904,0.3086972563941755,0.27104426613806226,0.29564904238054085,0.2660495067656377,0.06670907205482515,0.40702956017926645,0.21172355527459716,0.07759793972633583,0.1469735762796502,-0.1496781119861145,0.10198824499933669,0.5476592681476983,-0.1579154619327003,-0.08708831082983017,0.005116029896201801,-0.05314336506067093,0.024710697334407592,0.07654058541974791,-0.054988818793687236
0.27874968558966806,0.464872113401697,0.25737764626326554,0.3003305448270806,0.3554033029056659,0.31407255418370267,0.3745570253055425,0.47537844214610253,0.20725635295622893,0.1603751317090463,0.40316286236579585,0.32639193909855974,0.2843515180203438,0.42744435129860114,0.404027879761643,0.3368064362822868,0.409704752909285,0.1960244020446921,0.22433000681191417,1.0799576301086302,0.14696504951046138,0.28280901225813554,0.3201687139557198,0.30527378349952367,0.3468897970662925,0.42234804744317817,0.4181283392537785,0.2622978618154984,0.6347728818290251,0.3791561892177336,0.328352518042584,0.47417129795359747,-0.0023409335790872446,0.5347970439128743,0.41273896054159764,0.4411511866679459,0.4028502416320292,0.5030221025416813,0.31138073869287547,0.3505072851868421,0.3712644520552411,0.20041382258909848,0.4989611037229372,0.16230817534588543,0.2061173127488255,0.5563202747205135,0.2585347387330141,0.08197639679574124,0.30125887692759834,0.10631066791444292,-0.3188268730190811,0.05835300021082808,-0.054512742259518805,0.07507304001897117,-0.10074316261148525,0.016869035086074027,-0.11697087063420919,0.13836272184785534,-0.08725337571877977
0.4735502113650875,0.34504062519744794,0.34308035313525703,0.3211034004325625,0.38326228657419587,0.26999420846472466,0.3905455267216674,0.3843989968499295,0.28148129707093944,0.2229725156807891,0.31035103764861083,0.23094223788391174,0.37338346138710266,0.316104272572246,0.30889199058340133,0.31220954475219115,0.35953478246243536,0.39765246011430677,0.27692842444482313,0.14696504951046138,0.6688780871342223,0.32059908061761305,0.26933356424899774,0.21572662153207378,0.30571626014142633,0.2692860838172814,0.22265011743591898,0.27174015170797744,0.22192414896329443,0.29378968393504507,0.35807156834190695,0.26712664383441337,0.469582867268086,0.2336059528182499,0.10545057956511032,0.39925990976145226,0.500441238640743,0.3517527883448171,0.4400869242310751,0.21792594227546805,0.5211146621833199,0.39545860236280456,0.35510239312979514,0.42136875749932223,0.21344316408918793,0.5477824056306907,0.36031608293748124,0.13064507933208502,0.012544697222451459,0.26596067033418247,0.040408880190812985,-0.24533784272798503,0.03549241428566575,-0.06132687109869443,0.06373272816623339,-0.056452208774747985,-0.0788983561050802,0.04770878280400722,-0.04946195151734246
0.38920905655838883,0.34788527129938235,0.41518205413138953,0.3241739446370401,0.4146097058665737,0.3147438141334907,0.45186624610484094,0.37811187522557893,0.4637893444956668,0.3071053733998717,0.31770851875944717,0.3145302971682269,0.3716698155367601,0.3964745779859812,0.3103097458378361,0.4572276045130644,0.3349282186366893,0.32416044363739055,0.28261342475126877,0.28280901225813554,0.32059908061761305,0.6585315758058986,0.2972655364588131,0.29055488774274457,0.3481560250613637,0.3345273381944827,0.31112195845303037,0.2494906064663853,0.42223818340333125,0.30013203967266566,0.3445914824873509,0.3891330144629147,0.2728321971431111,0.4241886397564905,0.24147921379621395,0.4167794280068008,0.3800304156367892,0.3687006937813752,0.3988048908841693,0.14663406964741052,0.3209990491927051,0.3471074802952998,0.470315774957171,0.39690406158054525,-0.01834923678931287,0.5499858791619945,0.31847100679176277,-0.006642467155539913,0.23156779177720202,0.09710213290577926,-0.18721439612124346,-0.08379204171230284,0.05489441047776976,-0.043475114452521224,0.11412172220070425,0.004876327412177778,-0.007193022653918995,-0.10265074776190443,-0.02467634111146236
0.43336573208926443,0.30321291555980895,0.28678344283465457,0.33379117916518136,0.3542083789244333,0.20467514434000894,0.3779837836359939,0.28735114071432966,0.23642697820603584,0.3895509164104459,0.2477820432577093,0.23827372061491686,0.27914057438056056,0.26519948252236014,0.28503730353606854,0.28391422457517035,0.23046429231681723,0.43605703134324275,0.10935317712477624,0.3201687139557198,0.26933356424899774,0.2972655364588131,1.2957165793577041,0.4907481818368717,0.4845447130455801,0.17361019982542233,0.17915299326224104,0.051856341249354634,0.48629042566114816,0.33884478848055427,0.25210006315086814,0.21930740422845246,0.09217395529286862,0.505489489308888,0.01212680327000714,0.6368825382459061,0.2102692402701548,0.23624710565980983,0.3663708918252584,0.38908046135157004,0.4161450679081564,0.24344195350821343,0.28515590590388057,0.6733990099026039,-0.06758776828786471,0.6627984094207149,0.35288248054690047,0.06127713654322633,-0.2183687463180714,0.659982142546745,0.22082171690262645,-0.8352059586826676,-0.1518112640563621,0.063720196943288,0.15898749445107074,0.02058408957383815,-0.017314199763324534,-0.269212466136474,0.09305611454949352
0.42270320906257114,0.22818230580943633,0.27972370248155154,0.30442634105308214,0.309328275428433,0.2691765946155721,0.3263082968013592,0.2211653371117358,0.2731240677357028,0.3049377203250467,0.2554075977821086,0.2567886900790769,0.2601865821435932,0.27705294189864454,0.29502192696882923,0.2836507056824016,0.23206228690570557,0.16442103635524455,0.1806598631664761,0.30527378349952367,0.21572662153207378,0.29055488774274457,0.4907481818368717,1.1772865077664192,0.38924135765239065,0.002119979328111823,0.20734430488051256,0.1921982677478942,0.22986892719789537,0.2700005616832033,0.4254464433220877,0.24946925242418194,0.19337199322956827,0.39057985820398067,0.16164270977729442,0.4075673817103319,0.34062951204225916,0.2664782425167787,0.4223656865148053,0.16833784793911044,0.3872033224681198,0.2948886306356425,0.2758982074442847,0.3665756325468411,-0.18697206876658953,0.46070081193231605,0.19281790039440805,0.06666442412202189,0.18099426664737397,0.37904800632278457,-0.17779311896728234,-0.23734257592997657,-0.05299176404554661,-0.0315421512290515,0.22514319830447402,0.15104059711797885,-0.0931866348804931,-0.45535941914842465,0.3129359451942225
0.4335418046719904,0.340130805909387,0.3618426983259329,0.3578969263098346,0.43061291948587505,0.22365993535929818,0.43785386942352816,0.47139492865407007,0.2757152014398587,0.34602397568521975,0.35168866315511743,0.37051829401485986,0.3384631684055157,0.3840943963160465,0.42519251287049586,0.3909347572182757,0.326120063791419,0.35589148263519593,0.21430325277076898,0.3468897970662925,0.30571626014142633,0.3481560250613637,0.4845447130455801,0.38924135765239065,1.0582838622560802,0.2781728285237913,0.3120943999218987,0.23056483811775924,0.6590398794568237,0.4771393426470261,0.33483197412302257,0.35522781866862746,0.1713873724813117,0.5894978487265805,0.3828466556606912,0.42476580299050687,0.5249229280960453,0.3748729161941331,0.4838119305845198,0.22587131393663687,0.3764486786802404,0.3262230348832462,0.4469463947003721,0.5381847570359901,0.06206275478631189,0.7439425725883185,0.42645956176708666,0.09447764043434966,-0.028643291160851896,0.1823626769578362,-0.06989502398288028,-0.3672571766051447,0.05446293922830764,0.04177440649419852,0.11490421706617994,0.05573182744601151,0.01703255477987402,-0.15431400011716556,-0.05726184604940427
0.48002107233348384,0.40696380616036576,0.39869535975906834,0.3057782255508017,0.4057721086493792,0.17917407688609935,0.48208966079465904,0.5498869065007614,0.3401177925706891,0.2549618196991229,0.3773385547123159,0.34375617502800343,0.37560224844559026,0.39421449459323193,0.29642011527274914,0.3259930660744732,0.2813601299892052,0.36932057537232804,0.21927019429980893,0.42234804744317817,0.2692860838172814,0.3345273381944827,0.17361019982542233,0.002119979328111823,0.2781728285237913,1.4986639963402018,0.2827325141917968,0.16051690528221027,0.5296449591588543,0.15048568691449254,0.1820332581956597,0.3883263826732983,0.022617299274079662,0.31312975068317944,0.41540487084768146,0.30929412772314874,0.15011818198449717,0.5033944087555853,-0.3755019812852337,0.1650027198058025,0.0665622041662141,0.28640066656422913,0.6165177156376044,0.17179945875019215,0.34879208810024054,0.30987163744638674,0.23209290084375375,0.078571161621975,0.11669244866686042,-0.6273182670016783,-0.3018686122850777,0.41101633496305406,0.31018912922576924,0.01868414110183946,0.07005779791492481,-0.032220430352847135,-0.027655893668399996,0.174117750637731,-0.2562930367128902
0.43972620475307755,0.32478516409987074,0.3056059683440468,0.3153945815102558,0.38361239184217827,0.2361765983895774,0.37687200687504807,0.3997386390335776,0.2269405095165545,0.23943311479014875,0.3393945110311127,0.36490066584791775,0.3928898799906623,0.36612076261607707,0.312244637877117,0.37329662251720186,0.30131601556758775,0.25444640470399404,0.2363729208132628,0.4181283392537785,0.22265011743591898,0.31112195845303037,0.17915299326224104,0.20734430488051256,0.3120943999218987,0.2827325141917968,0.6460374303408144,0.26197339757753263,0.3239264663324714,0.24897623277950434,0.2995813977657559,0.44761307009326445,0.18071277065760388,0.3566648430671887,0.3052027675301147,0.3322501571119742,0.34897550562697577,0.3241394575346125,0.33564198999794165,0.19208656032746055,0.29898286300353105,0.22723474831574797,0.3451358674018516,0.20602075566101782,0.025194824905520843,0.498486541995549,0.24773160968218522,0.06623582638721512,0.26336534484640667,0.13531029007346593,-0.28628606131260326,0.08531676313375086,-0.0802180574657906,0.04240790322138971,0.04532582574552281,-0.060356659818975686,0.025589872172944866,-0.01389624625877611,-0.027758040048731662
0.23791628002304277,0.2774090130584607,0.2681767338603123,0.20525449321698824,0.16862916796249064,0.2396663891327915,0.15408062649742665,0.23354472866896414,0.18654345144402204,0.1732696014221096,0.21736438412100675,0.1254187500400852,0.26590021250831614,0.25113290825173695,0.2688309976210945,0.2758394674029683,0.41667194558416165,0.30211344494346193,0.26322901090259865,0.2622978618154984,0.27174015170797744,0.2494906064663853,0.051856341249354634,0.1921982677478942,0.23056483811775924,0.16051690528221027,0.26197339757753263,1.2039575452183864,-0.06835427835490146,0.40794871917872766,0.35478602694364697,0.30887511159980297,0.7305041590406152,0.1858001378650712,0.49927123780039256,0.3083624183952195,0.5625229362165025,0.39000454236483595,0.3851409088624522,0.21748145998026305,0.3771192791024079,0.13461112924408844,0.4499821839010994,0.730696291753567,-0.15632016129899237,0.5429116077894341,0.35835806344412285,0.1846403959542811,0.07963985062035779,0.4535612314438928,-0.1837040114611333,0.6515097317561147,-0.8063355811333308,-0.04850543446047265,0.2917935289958795,-0.1330169423304303,0.1378627923299089,-0.16665143771724575,0.1589190475255819
0.33182678531165094,0.419970868682285,0.33573446193132384,0.2859589029499795,0.3620326323929869,0.28477508434332577,0.42654371469767144,0.5035825360694465,0.30195317973054353,0.2578473452641622,0.3917897904090933,0.3708110559216782,0.36253545261654324,0.43837011116619023,0.40996530209839394,0.41041135594634476,0.26192596266288676,0.34905900253101924,0.21448158218806085,0.6347728818290251,0.22192414896329443,0.42223818340333125,0.48629042566114816,0.22986892719789537,0.6590398794568237,0.5296449591588543,0.3239264663324714,-0.06835427835490146,3.3694529058742297,0.4762649857419824,0.1085934051407637,0.4708321394742231,-0.6243583531353213,0.588247638636438,0.5239021588485542,0.7293885906358076,0.18388205506062733,0.06604601872714194,0.1803044828296131,0.28051933274351143,0.18283851835046988,0.13517731813187153,0.07234590922709996,-0.321997903843995,0.5359265573697862,0.6710108740721471,0.4451998085172793,-0.1370464416533249,0.5194892892329719,0.014151920962310237,-0.07489707798934125,-0.15073676096401062,-0.05847367226911469,0.11331521857822159,-0.10706529723962202,-0.048937611146472236,-0.11963946971194551,-0.09467581139363579,0.0949561203153986
0.28851604822739324,0.1907690330703223,0.01920631517583163,0.2210277596248069,0.31562088181045084,0.23721274497950776,0.23828931141526902,0.3214376298755933,0.16987783740253004,0.18043051796261547,0.2510249237084221,0.1825964570659626,0.2763776028757944,0.35473290934902946,0.30767212050872567,0.33823193918636996,0.2962504861192154,0.24926192177681247,0.1992892622642428,0.3791561892177336,0.29378968393504507,0.30013203967266566,0.33884478848055427,0.2700005616832033,0.4771393426470261,0.15048568691449254,0.24897623277950434,0.40794871917872766,0.4762649857419824,2.1646272391200174,0.37516307585106745,0.3445607791236319,0.4308972075300968,0.20892178051132676,0.5193330032819375,0.5928214532203412,0.7375437360787587,0.4823519175850035,0.5968317919851474,0.19271324077156493,0.5981368585649963,0.47937204349663776,0.7792895403461949,0.8244486053015059,0.23198521396932592,0.7499179540223911,1.0702814828466893,0.11412423364884039,-0.2551776341678989,0.15957284311166703,-0.33197125527731697,-0.044038984645750345,0.1289974505239912,0.010083448442684233,0.23168305767512617,-0.2429786472251497,0.15936542901901063,0.3486152088606046,-0.30085615972832536
0.5215004637530486,0.36513496375353993,0.37671796117219475,0.32599847104080854,0.39293543725830254,0.2564124406471693,0.38187011064779186,0.35543704128877496,0.304107753579892,0.30220150703553705,0.32107346888751676,0.2540523016225489,0.33056551296449915,0.3240693678298528,0.36031057274323725,0.3253755654337123,0.3541454535375658,0.3872661693901161,0.2561031102198016,0.328352518042584,0.35807156834190695,0.3445914824873509,0.25210006315086814,0.4254464433220877,0.33483197412302257,0.1820332581956597,0.2995813977657559,0.35478602694364697,0.1085934051407637,0.37516307585106745,0.917707667076648,0.29181963271533323,0.3819387243330524,0.28336783326932574,0.23511926150412132,0.6732750344540367,0.5814522046329204,0.4844599817741205,0.4751681634786979,0.23676301381817136,0.5549538541653894,0.33305754913864893,0.348639700259416,0.3969538409953902,0.09705046524544664,0.7310501201611592,0.3877274609773084,0.08409661647909199,-0.2291041596484368,0.37175491012041356,-0.08533772492096582,-0.25098079350522573,-0.015227877006352036,-0.04308242276070568,0.22524261520012817,0.04479504401132292,0.17337860654087014,-0.2635341257857038,-0.1554080894290845
0.4529522933356798,0.33513388748499445,0.29791186689773175,0.3714178791507071,0.43481290591332333,0.3653252753285436,0.4311039609953314,0.4472763376655722,0.29952992628546155,0.2503536680954215,0.33847587488853836,0.351272761149489,0.3535789079675112,0.584409541288053,0.3861858452296229,0.424224355528941,0.3302220576357291,0.27396659197340834,0.3314802335738266,0.47417129795359747,0.26712664383441337,0.3891330144629147,0.21930740422845246,0.24946925242418194,0.35522781866862746,0.3883263826732983,0.44761307009326445,0.30887511159980297,0.4708321394742231,0.3445607791236319,0.29181963271533323,1.0876956231828283,0.2345377744979264,0.41179044187389724,0.20437321380521734,0.33175453881349626,0.3369186874732236,0.44124350871399404,0.29519787854107904,0.18756020458234834,0.3259799293099782,0.2605890173925174,0.4380977667140367,0.28883235699660714,-0.02949996453974724,0.5870825602668349,0.2913427397043091,0.06100290133667725,0.2581337469323609,0.19159769388993605,-0.3212336806061285,0.3534043429122197,-0.3848595877645674,0.08601158622384067,-0.05012533004550596,-0.04083703112994048,-0.012108129914975245,0.1062345565728897,-0.04680959616683228
0.7531909632096351,0.2815928358470442,0.3568457627823309,0.3523792689523473,0.4248963180612267,0.20984110450923402,0.25436357477072247,0.22381174409941326,0.25919064314017226,0.1705065771054747,0.17376462549012042,0.11906267467553394,0.3451160126279128,0.23299204512985197,0.21365996324038244,0.22785798940416915,0.3641219253891522,0.3415358039914876,0.3032344907286238,-0.0023409335790872446,0.469582867268086,0.2728321971431111,0.09217395529286862,0.19337199322956827,0.1713873724813117,0.022617299274079662,0.18071277065760388,0.7305041590406152,-0.6243583531353213,0.4308972075300968,0.3819387243330524,0.2345377744979264,2.8497151559548834,-0.29391386244192014,-0.8482050152384433,0.04542304712981679,1.3573984150185867,0.32872270085186145,0.48328622063157506,-0.19654430224833777,0.4588346410735652,0.5112397774433837,0.3919247553951387,0.8332564929747571,-0.5616671048791656,0.874496955350023,0.5068640778375767,0.43288763227474486,0.19128764053391534,0.37219987562470197,-0.18224977136586318,0.020212337896346057,0.15241477684115504,-0.30503350786594635,0.6033368727914928,-0.31203394237976345,0.250576111521025,-0.2802991208653617,0.14594862959235735
-0.4314984947951805,0.38400814462816996,0.39376020832477177,0.35751512962862647,0.41997050090176086,0.2555787881203715,0.5024375321584804,0.5405428929152827,0.28728436528331586,0.395761032072242,0.3902319006676487,0.39029933995571414,0.36052387047049456,0.4246890514392619,0.3789188245639441,0.43952596666772215,0.3830204214267224,0.3208180943682339,0.24442813841163524,0.5347970439128743,0.2336059528182499,0.4241886397564905,0.505489489308888,0.39057985820398067,0.5894978487265805,0.31312975068317944,0.3566648430671887,0.1858001378650712,0.588247638636438,0.20892178051132676,0.28336783326932574,0.41179044187389724,-0.29391386244192014,2.2819183944109604,0.8269869438937903,0.43036940724004036,0.2144591796525453,0.08018275353933016,0.5484269242532949,-0.1279049709250166,0.21580695344487336,0.38762659492866985,0.9502285815698887,0.5187370272004421,-0.5766472352130666,0.5395494640594829,0.3182948078378688,0.06478940120749616,0.6891281506425895,-0.30855138525848147,-0.4657988349834174,0.4085769763923812,0.19407836513100804,-0.08301784521524085,-0.1880826733523252,0.12696599869873165,-0.46876961677497897,0.022165193814077118,0.4025956636581003
