1.4146214143969331,0.277110404170083,0.08118584362862817,0.19838898161748922,0.2607629006446099,0.1000463143589861,0.1559516402907529,0.12625673773724824,0.054540891053482345,0.1634812656824295,0.11511742922309481,0.14424174383492222,0.06121345142808988,0.0979784927982284,0.21897118191006978,0.14369176730472258,0.031853672090468424,0.21308130558920177,-0.011701876757050178,0.14984795881632237,0.11259330450187242,0.12549910497741668,0.2329902146562036,0.06096623691652866,0.17545094441638812,0.08437661883854633,0.10768485304341494,0.05331469359764303,0.11607616218935059,0.16479544400870377,0.058587679799221755,0.09897277385522359,0.13543194977611575,-0.003594130927364503,-0.008081558666326804,0.032112364140969955,0.22656802095113468,0.07607974296472181,0.16302856560202997,0.14559062519382404,0.13631377921960555,0.11584587658133656,0.2162690358668182,0.09009833210585715,0.06541997018227806,0.1299353862178259,0.1914807403188496,-0.058739146035041,0.32691101403039
0.277110404170083,2.326349662287292,1.046777856467861,0.0562812507635148,0.012915038304542336,0.10713146796922876,0.4327363060321062,0.07894242842015169,0.47471757689601335,0.319868018468115,0.2607957224604486,0.3718208416644992,0.12621406475560865,0.11246256626072186,0.5003497645926553,0.1264480043347224,0.13067187599676067,0.3451513979337046,0.5267951373335354,0.4695175448062534,0.3594573662721565,0.2174149424190533,-0.24034523238978953,0.048898664852305734,0.20172196231984907,0.21672209096176523,0.35294821470619386,0.38782574798010844,0.38981647115628304,0.2765152758086153,0.38516689188148573,0.13666599562460405,0.36988894362576097,0.1162701143145275,0.33301185573390896,0.35424194685583543,0.7481357077627464,0.2451098526249305,0.30340062391060424,0.2275155744984186,0.4849213910916068,0.3206612792871046,0.4149460918388825,0.030061270816219208,0.3387067877126771,0.47948261336802533,0.36099579321488273,-0.2530593494758497,0.28232005037692137
0.08118584362862817,1.046777856467861,2.684060732508584,-0.170545538321939,-0.4973539764150843,0.37186574687692653,0.4302553665050104,0.18249131718773787,0.5593034088229664,0.29796706014510854,0.253930537815107,0.3935355623667464,0.1377850001685951,0.23304546940762627,0.39570988181631234,0.11645959798001483,0.3091560190028212,0.236217365572759,0.4686692546495845,0.285461513918309,0.35234627774274674,0.3249505453466289,0.1254501121542675,0.19672475262064507,0.2769615642947565,0.2098086936191477,0.30702291931225045,0.35210795434525344,0.46633193461988076,0.43035198281947973,0.1422975228802265,0.22890148739110114,0.27450181812627217,0.26388490182254365,0.41237581952104924,0.38506818561952016,0.4173550279533717,0.19558911756512012,0.44722490461282904,0.29601106098819113,0.3392001826976859,0.32534899263182915,0.5226399550503126,0.03015050447731,0.2730762140588323,0.4172453411451838,0.3841230450982183,-0.2458616892375293,0.6042624904125563
0.19838898161748922,0.0562812507635148,-0.170545538321939,0.9834858996423507,0.6684809550006249,0.3190256572777636,0.18446753112064018,0.2819465721104478,0.0951164124194927,0.15447886229892402,0.17929138203851883,0.19783554152390032,0.10277920520175948,0.18943691097102844,0.1594002989350756,0.17025228174701448,0.16530794044276814,0.18592359728972332,-0.03730900263335992,0.13504072768533268,0.10876330491799764,0.10306708104731824,0.17600132903657528,0.13409815690023835,0.1766529323608038,0.17571318348186307,0.11097137149400545,-0.01190072463780085,0.21093204633802226,-0.06948280774226041,0.14632870468732825,0.192456334167067,0.008723963827156705,0.24912950302715967,-0.01739259586401238,0.08372098854690255,0.12273873318269996,0.09244078412413599,0.13008903277361902,0.04988119004036587,0.11619201488286288,0.10326338741556232,-0.04291960007959608,0.3202459703853848,0.005766456582900999,-0.00903314949895168,0.04894930242808796,0.11474631636284154,-0.014649264941228785
0.2607629006446099,0.012915038304542336,-0.4973539764150843,0.6684809550006249,1.4258041572085811,0.3382857788298517,0.2314490324277338,0.3186839762342937,0.11490794658872941,0.17286137518045888,0.19534674231307625,0.2229913219273035,0.12172369937381147,0.213543309445716,0.1814563645461615,0.2023149414158628,0.1507047593210789,0.22443379623337106,-0.008863940305271179,0.1347773332673084,0.10108469175125905,0.11621540850773988,0.20111214819651466,0.16262531357795712,0.18725895701319303,0.18599802512602465,0.0855338020326162,-0.05347054431707913,0.20351806863796995,-0.23660538349739454,0.23035813935626615,0.22341474991679947,-0.024510158519888383,0.27035752240937067,-0.07379064096653042,0.0635664164743341,0.16606125168171346,0.07816902321780385,0.11448687695379128,0.022979887492843666,0.0998135217845056,0.11189272879628612,-0.12916371314507658,0.2881222235326432,-0.05592887090103938,-0.02928381335288485,-0.00029546880679798585,0.20886938233092023,-0.06368856465185388
0.1000463143589861,0.10713146796922876,0.37186574687692653,0.3190256572777636,0.3382857788298517,0.8612225420765124,0.2582517599257163,0.4827054631744992,0.30017602545019495,0.11083983915491566,0.2765861087547753,0.2908485337005652,0.1399439255237458,0.2935479525075506,0.19712602489688633,0.16081609255301885,0.30601573512257374,0.1780026590376035,0.1836062493969433,0.2194456738809368,0.1823826829502369,0.20661117290362693,0.09276976994504299,0.16400617782797827,0.2559751258305927,0.2941870633403652,0.18151676413858886,0.013386843622558669,0.34603599353843445,0.007004559867693034,0.1873799361498406,0.29219337423666003,-0.03367459524613372,0.2676352787310902,0.08493995135717504,0.1868397222465058,0.05082725427164623,0.14456489814029067,0.2544858105690566,0.12074725896743639,0.06042915969852448,0.16114651673829467,0.12241775937601207,0.27140385042358667,0.14383734544808843,0.0247653509794899,0.10568330117861367,0.17745023583610398,0.174321541489222
0.1559516402907529,0.4327363060321062,0.4302553665050104,0.18446753112064018,0.2314490324277338,0.2582517599257163,0.5935205057797669,0.19695224434668782,0.3860938302655496,0.07176788612950698,0.20021502718046666,0.33816068444674596,0.1094448636388213,0.20837021287796564,0.1606481061108179,0.15919127494092783,0.2039502855148474,0.15322549409367367,0.20030775851726956,0.22799881046667536,0.19031089344582675,0.2384312305025782,0.16789045931829366,0.1511172510782245,0.20257350606299934,0.19985113260464754,0.1988772813474764,0.07281246416799401,0.2716694850108701,0.0999825316234308,0.11667737260566687,0.2151724675832653,0.13263421846156423,0.19621040359415562,0.039180148178638866,0.17939597758788672,0.21271549624987435,0.12934506980717006,0.2675687440997799,0.14420714800819576,0.15062478275873314,0.17290515506584397,0.12512685086891542,0.17598655010581785,0.09614159523863375,0.10916113628860775,0.14068021291354096,0.062036813177196164,0.28730632730405753
0.12625673773724824,0.07894242842015169,0.18249131718773787,0.2819465721104478,0.3186839762342937,0.4827054631744992,0.19695224434668782,0.8867732367224352,0.04623464268970883,0.22838399666713713,0.2622696924458022,0.12867336501567392,0.15732439199909526,0.3353971022222381,0.09282582673786362,0.21195740362501286,0.37198883880302575,0.19939915864524724,0.19549518463146218,0.2145665361589296,0.1859383343423447,0.1672860163969853,0.11940464023759169,0.15591105977919853,0.28599313630129636,0.22176266059903368,0.18494164106787556,-0.0036768144920162568,0.2948346089686621,0.18433398028884232,0.18114287107255791,0.31812353766338153,0.05242529225418416,0.23103250731814035,0.011867925591007005,0.1894207339635645,0.1623798693990022,0.1217631723762365,0.3710975183598374,0.11814872654066536,0.15850956584879425,0.15657224760712282,0.12379169330304339,0.21464878710671828,0.10034815324380199,0.11944729008084963,0.2041966153821645,0.010038412982974155,0.4414866704661327
0.054540891053482345,0.47471757689601335,0.5593034088229664,0.0951164124194927,0.11490794658872941,0.30017602545019495,0.3860938302655496,0.04623464268970883,0.976346552569073,0.01112040644549407,0.14849893294330296,0.2381174324121404,0.08415649453455419,0.2402416128172843,0.1554407852439414,0.03654825967776548,0.1973968932235723,0.15603276500850358,0.24393140923832796,0.23582467830544276,0.23404666595217619,0.3766995769651668,0.1885552941308709,0.2053042207005875,0.14518119363327003,0.2883691570060919,0.18664716332759096,0.15998144274552836,0.22024721455612817,0.17151947535635903,0.1640960738347376,0.24665775866978898,0.20093956969240234,0.1718167060625947,0.08529014346983763,0.23283218751786486,0.2527551865320954,0.14293659166279776,0.2599096568498703,0.17029484908105463,0.1814108072476555,0.2260986505300018,0.18050536927799773,0.11641705846399375,0.1695955537066167,0.21962341945220387,0.1880854938410793,0.012539915107020702,0.21761344092648535
0.1634812656824295,0.319868018468115,0.29796706014510854,0.15447886229892402,0.17286137518045888,0.11083983915491566,0.07176788612950698,0.22838399666713713,0.01112040644549407,0.9150670129658983,0.16603202329428943,0.23184014719435334,0.12630877925496337,0.27660928955090114,0.27057419806878424,0.2919866878910492,0.21862708158377744,0.3139438703689791,0.41080865079686724,0.06503678218390699,0.19726541589775365,0.17930975150577855,0.24782801264386914,0.21477765863399928,0.2778587519078659,0.005487600510826709,0.20838474964764583,0.20340973580854965,0.2766497999077717,0.35882992740718395,0.22982408812774324,0.26841793591843754,0.21379899858304363,0.373905929617522,0.17500963502282885,0.2686861393509445,0.4584338612430191,0.06445795915842736,0.3660310982407661,0.11944557436469525,0.36277209472229704,0.17969490863878648,0.1554364449478645,0.11469168686845331,-0.037925253062424544,0.3246048114610293,0.3694236773504275,-0.12827310911651715,0.6381826541449127
0.11511742922309481,0.2607957224604486,0.253930537815107,0.17929138203851883,0.19534674231307625,0.2765861087547753,0.20021502718046666,0.2622696924458022,0.14849893294330296,0.16603202329428943,0.4102577707134242,0.2528529872005068,0.1444126300490335,0.14002396780994708,0.2317220500623712,0.15291890335585862,0.24949751241743973,0.1858219935308708,0.18040496825089183,0.24120982484462344,0.19131838639989915,0.1468099634718875,0.11101350646984148,0.16445930047073198,0.18934578794039084,0.19015482894127914,0.18937004877787975,0.12419453056722128,0.2191825036439322,0.08031383615899236,0.2076603025374522,0.14531194671748485,0.0981849722953511,0.13404683610490578,0.15374728899742515,0.1595544145571381,0.19608496288195432,0.1283692451531021,0.26453199390702054,0.17046908882792727,0.17058316925598,0.18684773956243353,0.17625181385157146,0.14109191042093988,0.1442437237471196,0.13212242116870304,0.14797911239984052,0.05627040802979505,0.20921429202411035
0.14424174383492222,0.3718208416644992,0.3935355623667464,0.19783554152390032,0.2229913219273035,0.2908485337005652,0.33816068444674596,0.12867336501567392,0.2381174324121404,0.23184014719435334,0.2528529872005068,0.6487581329593012,0.11729104325933264,0.2160922713516584,0.28461070105155156,0.2258367788152378,0.24560140768090086,0.12446602476502668,0.27340787078081474,0.23047005858740935,0.18502775107874486,0.20039452989862355,0.13463103112005353,0.14320771244980918,0.2616146990896938,0.20305923341251172,0.2648261382242795,0.050284191233994864,0.2992034644634961,0.11929126702043384,0.10842798329151938,0.22720457890024504,0.12751429253312183,0.19540027214152803,0.024916415644449047,0.2285279608770685,0.16015377167735087,0.13457500249668325,0.2961641182521641,0.1419438697040714,0.14628111260547977,0.16749960330414415,0.17166068000686763,0.15449778376586307,0.06704482271423676,0.15809858260613305,0.1497143224540515,0.029632151794189675,0.4052625949299738
0.06121345142808988,0.12621406475560865,0.1377850001685951,0.10277920520175948,0.12172369937381147,0.1399439255237458,0.1094448636388213,0.15732439199909526,0.08415649453455419,0.12630877925496337,0.1444126300490335,0.11729104325933264,0.20246738765685324,0.12795978862056845,0.06091627834585132,0.12328862106718111,0.14826063591363314,0.10043698126932743,0.12350403197241842,0.09338443276377688,0.10778727354292261,0.12114240260087834,0.09248301043019318,0.10178536063477281,0.11632322167615015,0.07268328233792894,0.11602875764106167,0.06947020081418186,0.1419975882740772,0.07632164984894939,0.09367973023740254,0.1260505953567778,0.06314640871742298,0.10231098952314328,0.08245025400959505,0.11342371721756365,0.12568062750262926,0.05175471412710522,0.17138015286878996,0.08769799850017738,0.11530728013850575,0.1008118776889199,0.11477862008979946,0.08991459792689954,0.022012362328719712,0.10541764685217996,0.09693528417289181,-0.024147278325360982,0.19269357929001923
0.0979784927982284,0.11246256626072186,0.23304546940762627,0.18943691097102844,0.213543309445716,0.2935479525075506,0.20837021287796564,0.3353971022222381,0.2402416128172843,0.27660928955090114,0.14002396780994708,0.2160922713516584,0.12795978862056845,0.7085484866364734,0.15540203624805904,0.3973952340137878,0.312946697075392,0.18232707765326697,0.2100636705716323,0.12783500898195072,0.22606492179320073,0.2996804020041087,0.27722819183289243,0.2580226903947348,0.3020313037676188,0.142392176426953,0.20498281489340459,0.10811884802466123,0.36463624525394883,0.3348724683125937,0.1570555915117171,0.6609863519706617,0.18587194976530927,0.23530895788466613,0.012368082205563919,0.3696521860096671,0.25824527432968225,0.10375820423439477,0.3481631562416808,0.14200239545622326,0.24179564239149962,0.20521112481245063,0.24946054463995912,0.03897047949893684,9.348857460170099e-5,0.3869049008803982,0.285523320433638,-0.2804186129263102,0.6762425014075975
0.21897118191006978,0.5003497645926553,0.39570988181631234,0.1594002989350756,0.1814563645461615,0.19712602489688633,0.1606481061108179,0.09282582673786362,0.1554407852439414,0.27057419806878424,0.2317220500623712,0.28461070105155156,0.06091627834585132,0.15540203624805904,0.7276402704479041,0.21779145564125615,0.14857925540032976,0.3281216284189187,0.17464547054027307,0.23044539067044298,0.24257973421583537,0.13800839658264624,0.2997273744475257,0.24316037249576047,0.2743915937940263,0.13740718469898416,0.2006973141169598,0.23719674753508577,0.24883518268079124,0.3348750462326197,0.2301829505108282,0.16348190117475703,0.22106507937737846,0.18463292542034207,0.18888556139140714,0.2261651469051292,0.41275481778315287,0.13398418267132858,0.3003914792001516,0.2275406998515532,0.3029302657221589,0.24377672651630736,0.24401934840131168,0.10036490703545081,0.12026175230733196,0.31494052345580825,0.342073713056556,-0.11503635235977577,0.49799968535368233
0.14369176730472258,0.1264480043347224,0.11645959798001483,0.17025228174701448,0.2023149414158628,0.16081609255301885,0.15919127494092783,0.21195740362501286,0.03654825967776548,0.2919866878910492,0.15291890335585862,0.2258367788152378,0.12328862106718111,0.3973952340137878,0.21779145564125615,0.859321121914061,0.3104178213309637,0.23303269814573987,0.24290429711689615,0.14427201986409913,0.1933663914474977,0.36819425373677916,0.25637065496890304,0.2326227564126239,0.3007295478837373,0.03920828912819767,0.23554605650264085,0.15418610530439913,0.3082241185790933,0.16878068434030263,0.1541712994669874,0.38205102724272194,0.15650016185533885,0.2162898992832081,0.1245410593711434,0.22299210016681117,0.34519594196726794,0.10170348116367083,0.32516262619030156,0.17329307874812178,0.26374392773925215,0.17178423460249181,0.3395237423322939,0.146471595314458,-0.00489916465734332,0.2603385276166071,0.22515573205946213,-0.18431116870743294,0.5052709149573799
0.031853672090468424,0.13067187599676067,0.3091560190028212,0.16530794044276814,0.1507047593210789,0.30601573512257374,0.2039502855148474,0.37198883880302575,0.1973968932235723,0.21862708158377744,0.24949751241743973,0.24560140768090086,0.14826063591363314,0.312946697075392,0.14857925540032976,0.3104178213309637,1.0756360105907747,0.06950123255596398,0.15981201213339705,0.45182971048537757,0.25915197176185967,0.2978131762084157,0.20119826203106053,0.22209438902033848,0.3463214725884769,0.14954678157551113,0.31210387526824757,0.17827167410199757,0.42298704677230003,0.06973123562909504,0.10796570943779213,0.306629022022911,0.20242888621554095,0.22102270882312294,0.1314300373036325,0.17813357692899717,0.40450263043289514,0.2359412500447509,0.4317438913352592,0.2729887572648008,0.2302400068907222,0.2334776823542287,0.39444128194389916,0.21868166136783285,0.1416265305556535,0.18653909054269394,0.1654639086997517,-0.024627346996868398,0.4834482946210929
0.21308130558920177,0.3451513979337046,0.236217365572759,0.18592359728972332,0.22443379623337106,0.1780026590376035,0.15322549409367367,0.19939915864524724,0.15603276500850358,0.3139438703689791,0.1858219935308708,0.12446602476502668,0.10043698126932743,0.18232707765326697,0.3281216284189187,0.23303269814573987,0.06950123255596398,0.6141482521571803,0.12203386023018803,0.04414338711281332,0.22178386609050058,0.17856457064573542,0.4154199139958106,0.25898459658914463,0.24502660007177038,0.1175936809892655,0.09773058466285728,0.20503002741508214,0.24832349715066254,0.24368973027791443,0.3164414753599241,0.17881824931739077,0.16120649027716152,0.23644267465129892,0.1871222210560892,0.17906464892538598,0.4164876347141834,0.05739581729453758,0.25639695758382447,0.17726754244043025,0.3215727164280033,0.21271411317599348,0.20808574318781803,0.04947749096317649,0.10066472961619433,0.31633033724667536,0.39414991176839875,-0.153898800654617,0.3916440786070818
-0.011701876757050178,0.5267951373335354,0.4686692546495845,-0.03730900263335992,-0.008863940305271179,0.1836062493969433,0.20030775851726956,0.19549518463146218,0.24393140923832796,0.41080865079686724,0.18040496825089183,0.27340787078081474,0.12350403197241842,0.2100636705716323,0.17464547054027307,0.24290429711689615,0.15981201213339705,0.12203386023018803,2.329042337699097,0.13803309788779497,0.4167561181153755,0.3094755740273094,-0.33795895281617444,0.22254920085252375,0.26508632056277326,-0.314444436423939,0.16340993601877232,0.4329152004534924,0.24885846664146402,0.21100918249174103,0.517942392249718,0.1830016094619388,0.36480838326799264,0.1956279901373132,0.438522269581238,0.4641656324466457,0.6149231066133349,0.10854741140373009,0.6873596328789092,0.13021383143722412,0.337172551472497,0.3699892765587903,0.20700443946616431,0.031027415699917772,0.28630351946521126,0.25962724807119447,0.2516156396776262,0.41821857608448243,0.4035262841323185
0.14984795881632237,0.4695175448062534,0.285461513918309,0.13504072768533268,0.1347773332673084,0.2194456738809368,0.22799881046667536,0.2145665361589296,0.23582467830544276,0.06503678218390699,0.24120982484462344,0.23047005858740935,0.09338443276377688,0.12783500898195072,0.23044539067044298,0.14427201986409913,0.45182971048537757,0.04414338711281332,0.13803309788779497,1.4260350317051733,0.14067383122411906,0.14893356064029342,0.03423272687955013,0.16989654226062004,0.19706710931150373,0.22323214880557482,0.3704494363440482,0.21444497992541975,0.20119174042187002,0.26623151742589807,0.10223803073567765,0.1339985250053874,0.4238900991213672,0.17024008554081307,-0.045696412671449936,-0.19887108451229463,0.8905144052555314,0.6154444423088504,0.2828302661352615,0.49211259919876615,0.25578501460191544,0.09008111062891552,0.7814309469072674,0.42417893425083086,0.2913861423610902,-0.03079525962716199,0.29647941038078723,0.4601193343043431,0.8985663955555907
0.11259330450187242,0.3594573662721565,0.35234627774274674,0.10876330491799764,0.10108469175125905,0.1823826829502369,0.19031089344582675,0.1859383343423447,0.23404666595217619,0.19726541589775365,0.19131838639989915,0.18502775107874486,0.10778727354292261,0.22606492179320073,0.24257973421583537,0.1933663914474977,0.25915197176185967,0.22178386609050058,0.4167561181153755,0.14067383122411906,0.5734306349888805,0.2193424940465917,0.18215536029767887,0.26770217029705257,0.2300063306429162,0.06588443159146158,0.1920910912555548,0.32361192205609884,0.34537063917237676,0.25761995222205825,0.3597471049293794,0.2362333522811953,0.3195553084590058,0.10583539059464347,0.3018651088535546,0.47355935107001895,0.2796797125454621,0.14075123516048316,0.4492214792830159,0.2711183850062271,0.38333541483008765,0.554277818008285,0.30645304821475555,0.046564204451255684,0.3829211051787514,0.409028572660214,0.28747900367930945,-0.231088916896214,0.29333162003684327
0.12549910497741668,0.2174149424190533,0.3249505453466289,0.10306708104731824,0.11621540850773988,0.20661117290362693,0.2384312305025782,0.1672860163969853,0.3766995769651668,0.17930975150577855,0.1468099634718875,0.20039452989862355,0.12114240260087834,0.2996804020041087,0.13800839658264624,0.36819425373677916,0.2978131762084157,0.17856457064573542,0.3094755740273094,0.14893356064029342,0.2193424940465917,0.8699587745861328,0.25863086520467626,0.2234509958272133,0.2265523036664264,0.09620854987180426,0.20068274057941426,0.13801785802259905,0.2696493530398518,0.17532713026407978,0.11829549501406662,0.29783870075224955,0.16269357932508932,0.17793685302184947,0.09906971544201967,0.14749548603113852,0.28599479776038195,0.09314036737829556,0.33109676387865106,0.17605685486696507,0.19961415062927113,0.22108104155294206,0.3586848221820027,0.10195750020360791,0.06467942753511617,0.1961381472269125,0.21287248601272626,-0.05222635572048703,0.46979348796386183
0.2329902146562036,-0.24034523238978953,0.1254501121542675,0.17600132903657528,0.20111214819651466,0.09276976994504299,0.16789045931829366,0.11940464023759169,0.1885552941308709,0.24782801264386914,0.11101350646984148,0.13463103112005353,0.09248301043019318,0.27722819183289243,0.2997273744475257,0.25637065496890304,0.20119826203106053,0.4154199139958106,-0.33795895281617444,0.03423272687955013,0.18215536029767887,0.25863086520467626,1.6295418646547872,0.5350446419276906,0.41611463321460573,-0.06664990394118976,0.15172296216253667,0.09844154772621876,0.41870210125504376,0.5712007870638071,-0.31382566579335114,0.2676177013042605,0.2983886706978757,0.456335700292506,-0.09343858147476135,0.01574201993925399,0.47094464440087624,0.003201871691363508,0.5360976475094728,0.4154148609256723,0.1727971083775527,0.21266111906666563,0.25988682945889213,0.22896659866891297,-0.24765362206393077,0.13666952282122674,0.485692626291102,0.12085074629542264,1.268279231967706
0.06096623691652866,0.048898664852305734,0.19672475262064507,0.13409815690023835,0.16262531357795712,0.16400617782797827,0.1511172510782245,0.15591105977919853,0.2053042207005875,0.21477765863399928,0.16445930047073198,0.14320771244980918,0.10178536063477281,0.2580226903947348,0.24316037249576047,0.2326227564126239,0.22209438902033848,0.25898459658914463,0.22254920085252375,0.16989654226062004,0.26770217029705257,0.2234509958272133,0.5350446419276906,1.0716273135104915,0.2535261697123462,-0.030550551020953068,0.16769931833731458,0.19477888346456418,0.2553569977202545,0.3879135594478877,0.5479849241963577,0.25730304010446303,0.12884112381105406,0.252467409133703,0.1663748998054347,0.20855896967980997,0.31038973400891773,0.12780985538859038,0.40699160497260656,0.22021862281085794,0.4266355296398634,0.28560110015395257,0.08038520841736889,0.22141032470667155,0.10111691333789766,0.28257125109941617,0.33558068342414016,-0.10464266403998367,0.572665737266777
0.17545094441638812,0.20172196231984907,0.2769615642947565,0.1766529323608038,0.18725895701319303,0.2559751258305927,0.20257350606299934,0.28599313630129636,0.14518119363327003,0.2778587519078659,0.18934578794039084,0.2616146990896938,0.11632322167615015,0.3020313037676188,0.2743915937940263,0.3007295478837373,0.3463214725884769,0.24502660007177038,0.26508632056277326,0.19706710931150373,0.2300063306429162,0.2265523036664264,0.41611463321460573,0.2535261697123462,0.9445080870385838,0.025168112969777633,0.20667339042002467,0.14166986795459693,0.4985302150230716,0.3689468916716324,0.07739326412464272,0.2967638590673343,0.17749157558747158,0.3516149320312854,0.1507745426207957,0.30038506352673966,0.3862859262879065,0.1196503804024333,0.4728275354033831,0.21638770541732352,0.23776183788638167,0.21299207310088483,0.251048148462359,0.11949056590019924,0.014737229129454636,0.3707436809696967,0.34246128353826405,-0.2612493284836803,0.6594730069721583
0.08437661883854633,0.21672209096176523,0.2098086936191477,0.17571318348186307,0.18599802512602465,0.2941870633403652,0.19985113260464754,0.22176266059903368,0.2883691570060919,0.005487600510826709,0.19015482894127914,0.20305923341251172,0.07268328233792894,0.142392176426953,0.13740718469898416,0.03920828912819767,0.14954678157551113,0.1175936809892655,-0.314444436423939,0.22323214880557482,0.06588443159146158,0.09620854987180426,-0.06664990394118976,-0.030550551020953068,0.025168112969777633,1.5248719944230642,0.22003754414908075,0.13497421461704492,-0.2267227706818787,-0.026399135449672623,0.07661262535078167,0.1407650213968615,0.18138302913153248,0.05794141404153211,0.08089600240079929,0.17339059766493087,-0.4107734953694987,0.1666661495004651,-0.8471057306085311,0.0768102415509776,0.04148006760896606,0.10138213771062439,0.29370732533379484,0.06799144209839178,0.2587652211712654,0.004952876715625358,-0.08806052661927663,0.28169245543766475,-0.45500889402459904
0.10768485304341494,0.35294821470619386,0.30702291931225045,0.11097137149400545,0.0855338020326162,0.18151676413858886,0.1988772813474764,0.18494164106787556,0.18664716332759096,0.20838474964764583,0.18937004877787975,0.2648261382242795,0.11602875764106167,0.20498281489340459,0.2006973141169598,0.23554605650264085,0.31210387526824757,0.09773058466285728,0.16340993601877232,0.3704494363440482,0.1920910912555548,0.20068274057941426,0.15172296216253667,0.16769931833731458,0.20667339042002467,0.22003754414908075,0.7236123714618227,0.24085301691356453,0.1825875524838679,0.15095670204237502,0.09960960240809574,0.22851624273663879,0.3148167144048329,0.13864273935788884,0.13657894101433393,0.27382830319773166,0.33008843740011345,0.18170807750996504,0.19498553822180592,0.23552773278521816,0.25198478181841744,0.19205608774358704,0.47223379005603655,0.20209988578906568,0.08795528930123715,0.22878098257410542,0.14579703049657336,-0.03896412620995991,0.3540589236796145
0.05331469359764303,0.38782574798010844,0.35210795434525344,-0.01190072463780085,-0.05347054431707913,0.013386843622558669,0.07281246416799401,-0.0036768144920162568,0.15998144274552836,0.20340973580854965,0.12419453056722128,0.050284191233994864,0.06947020081418186,0.10811884802466123,0.23719674753508577,0.15418610530439913,0.17827167410199757,0.20503002741508214,0.4329152004534924,0.21444497992541975,0.32361192205609884,0.13801785802259905,0.09844154772621876,0.19477888346456418,0.14166986795459693,0.13497421461704492,0.24085301691356453,1.6831716768878668,-0.13274615905019985,0.24585606165955787,0.2702988960040805,0.09288255321800287,0.7448508539961864,0.04258252409237854,1.4850697236556383,0.3526420903978415,0.6579781471464233,0.14275468127805696,0.12953389417416641,0.566302670332461,0.48186108730159793,0.4123633180324416,0.5735721874945343,0.03984715096315281,0.32348392556226274,0.28764663940883445,0.24771367990839419,0.1632433649264009,0.38253787491431546
0.11607616218935059,0.38981647115628304,0.46633193461988076,0.21093204633802226,0.20351806863796995,0.34603599353843445,0.2716694850108701,0.2948346089686621,0.22024721455612817,0.2766497999077717,0.2191825036439322,0.2992034644634961,0.1419975882740772,0.36463624525394883,0.24883518268079124,0.3082241185790933,0.42298704677230003,0.24832349715066254,0.24885846664146402,0.20119174042187002,0.34537063917237676,0.2696493530398518,0.41870210125504376,0.2553569977202545,0.4985302150230716,-0.2267227706818787,0.1825875524838679,-0.13274615905019985,2.5989509836904388,-0.2645548504692722,-0.06708460219421539,0.4029751611680727,-0.11556785907491939,0.7274647745704399,-0.002959713508679644,0.60232063665233,-0.3387713006004843,0.08736281364904222,0.577873936176715,0.06476985576614375,0.16910498358814777,0.3114517378308587,-0.08549750921661767,-0.08661977704195098,0.20640549510918585,0.26222006106631335,-0.029565684811714222,-0.07783115090343048,-0.038276040689712604
0.16479544400870377,0.2765152758086153,0.43035198281947973,-0.06948280774226041,-0.23660538349739454,0.007004559867693034,0.0999825316234308,0.18433398028884232,0.17151947535635903,0.35882992740718395,0.08031383615899236,0.11929126702043384,0.07632164984894939,0.3348724683125937,0.3348750462326197,0.16878068434030263,0.06973123562909504,0.24368973027791443,0.21100918249174103,0.26623151742589807,0.25761995222205825,0.17532713026407978,0.5712007870638071,0.3879135594478877,0.3689468916716324,-0.026399135449672623,0.15095670204237502,0.24585606165955787,-0.2645548504692722,3.560042232890695,0.025482958210208927,0.39203140077689913,0.674370333399403,-0.15355183721633897,-0.010165033340533963,0.4627842979034025,0.8878484608064897,0.1835391596923188,1.0409906540119798,0.48944952860840013,0.7681145781055698,0.20776718937625085,0.687611944660864,0.014264338885089217,0.1425814233538012,1.0360260257469438,1.7405159780683244,-1.1317977721896584,3.531441424822438
0.058587679799221755,0.38516689188148573,0.1422975228802265,0.14632870468732825,0.23035813935626615,0.1873799361498406,0.11667737260566687,0.18114287107255791,0.1640960738347376,0.22982408812774324,0.2076603025374522,0.10842798329151938,0.09367973023740254,0.1570555915117171,0.2301829505108282,0.1541712994669874,0.10796570943779213,0.3164414753599241,0.517942392249718,0.10223803073567765,0.3597471049293794,0.11829549501406662,-0.31382566579335114,0.5479849241963577,0.07739326412464272,0.07661262535078167,0.09960960240809574,0.2702988960040805,-0.06708460219421539,0.025482958210208927,1.7132853183067425,0.17011338455640132,-0.0072175967238785246,0.055056099572078805,0.3832912792563144,0.4539525719863658,0.21112347185388622,0.18267954863676328,0.201075476293669,0.03397669926667647,0.5676959726939727,0.3657261856072913,-0.058000111221954254,0.13795400309148864,0.4342115327992755,0.44189230099259164,0.16602807723936913,-0.2630983802976987,-0.30529469671908827
0.09897277385522359,0.13666599562460405,0.22890148739110114,0.192456334167067,0.22341474991679947,0.29219337423666003,0.2151724675832653,0.31812353766338153,0.24665775866978898,0.26841793591843754,0.14531194671748485,0.22720457890024504,0.1260505953567778,0.6609863519706617,0.16348190117475703,0.38205102724272194,0.306629022022911,0.17881824931739077,0.1830016094619388,0.1339985250053874,0.2362333522811953,0.29783870075224955,0.2676177013042605,0.25730304010446303,0.2967638590673343,0.1407650213968615,0.22851624273663879,0.09288255321800287,0.4029751611680727,0.39203140077689913,0.17011338455640132,0.8619382794729565,0.2063442985057068,0.2475556030417542,-0.04498566773830536,0.4482413040163884,0.22638231984842658,0.10900314297613785,0.3689043388741939,0.12460027136416904,0.2400171175557047,0.21215578131081533,0.2280222885412867,-0.014338205855885779,-0.015821457084392584,0.46782236529104154,0.31166554290324977,-0.36837063196692094,0.7540717874675748
0.13543194977611575,0.36988894362576097,0.27450181812627217,0.008723963827156705,-0.024510158519888383,-0.03367459524613372,0.13263421846156423,0.05242529225418416,0.20093956969240234,0.21379899858304363,0.0981849722953511,0.12751429253312183,0.06314640871742298,0.18587194976530927,0.22106507937737846,0.15650016185533885,0.20242888621554095,0.16120649027716152,0.36480838326799264,0.4238900991213672,0.3195553084590058,0.16269357932508932,0.2983886706978757,0.12884112381105406,0.17749157558747158,0.18138302913153248,0.3148167144048329,0.7448508539961864,-0.11556785907491939,0.674370333399403,-0.0072175967238785246,0.2063442985057068,1.9286557372351223,-0.11346122991278051,-0.3216088899835542,0.2736792456917155,0.7367470268640596,0.2603284329944221,0.1559976850989911,0.219019184408792,0.35862388897757436,0.3383828692458921,0.3375686007352585,0.3542486649867062,-0.012041206922850798,0.4967418079289152,0.548734988142513,-0.15078760923114637,1.299853845205419
-0.003594130927364503,0.1162701143145275,0.26388490182254365,0.24912950302715967,0.27035752240937067,0.2676352787310902,0.19621040359415562,0.23103250731814035,0.1718167060625947,0.373905929617522,0.13404683610490578,0.19540027214152803,0.10231098952314328,0.23530895788466613,0.18463292542034207,0.2162898992832081,0.22102270882312294,0.23644267465129892,0.1956279901373132,0.17024008554081307,0.10583539059464347,0.17793685302184947,0.456335700292506,0.252467409133703,0.3516149320312854,0.05794141404153211,0.13864273935788884,0.04258252409237854,0.7274647745704399,-0.15355183721633897,0.055056099572078805,0.2475556030417542,-0.11346122991278051,1.8598412126437989,0.19134307896493935,0.271978433993832,0.5196820027154017,0.08688540563637488,0.1748868485883121,-0.11417527254258512,0.14214527595454943,0.029386015501988143,0.016756714236512822,0.2648663497655306,-0.4611784137767549,-0.12883042643228407,0.10367253020585457,0.469602645630745,0.30434054281553397
-0.008081558666326804,0.33301185573390896,0.41237581952104924,-0.01739259586401238,-0.07379064096653042,0.08493995135717504,0.039180148178638866,0.011867925591007005,0.08529014346983763,0.17500963502282885,0.15374728899742515,0.024916415644449047,0.08245025400959505,0.012368082205563919,0.18888556139140714,0.1245410593711434,0.1314300373036325,0.1871222210560892,0.438522269581238,-0.045696412671449936,0.3018651088535546,0.09906971544201967,-0.09343858147476135,0.1663748998054347,0.1507745426207957,0.08089600240079929,0.13657894101433393,1.4850697236556383,-0.002959713508679644,-0.010165033340533963,0.3832912792563144,-0.04498566773830536,-0.3216088899835542,0.19134307896493935,3.6875618001506543,0.5353798401923769,0.36333962533393827,0.016589791161903563,0.15652097401126058,1.0204890770191113,0.23259212077530592,0.45819100260003404,0.7383087560899931,-0.25256664348120356,0.8131223971982178,0.04641381426782462,-0.02094929340758571,0.5773697300290538,-0.5360529207789323
0.032112364140969955,0.35424194685583543,0.38506818561952016,0.08372098854690255,0.0635664164743341,0.1868397222465058,0.17939597758788672,0.1894207339635645,0.23283218751786486,0.2686861393509445,0.1595544145571381,0.2285279608770685,0.11342371721756365,0.3696521860096671,0.2261651469051292,0.22299210016681117,0.17813357692899717,0.17906464892538598,0.4641656324466457,-0.19887108451229463,0.47355935107001895,0.14749548603113852,0.01574201993925399,0.20855896967980997,0.30038506352673966,0.17339059766493087,0.27382830319773166,0.3526420903978415,0.60232063665233,0.4627842979034025,0.4539525719863658,0.4482413040163884,0.2736792456917155,0.271978433993832,0.5353798401923769,4.489915462723544,-0.18118250029813474,-0.07364843014228004,0.2792690399946643,0.21409005206367016,0.044741933173733366,0.30627723627733944,-0.5131326795716216,-0.9883061486513134,-0.18220856009480754,2.220937604443703,-0.10564342601806856,-1.5421076841699208,-1.978250937325198
0.22656802095113468,0.7481357077627464,0.4173550279533717,0.12273873318269996,0.16606125168171346,0.05082725427164623,0.21271549624987435,0.1623798693990022,0.2527551865320954,0.4584338612430191,0.19608496288195432,0.16015377167735087,0.12568062750262926,0.25824527432968225,0.41275481778315287,0.34519594196726794,0.40450263043289514,0.4164876347141834,0.6149231066133349,0.8905144052555314,0.2796797125454621,0.28599479776038195,0.47094464440087624,0.31038973400891773,0.3862859262879065,-0.4107734953694987,0.33008843740011345,0.6579781471464233,-0.3387713006004843,0.8878484608064897,0.21112347185388622,0.22638231984842658,0.7367470268640596,0.5196820027154017,0.36333962533393827,-0.18118250029813474,3.5316950274771846,0.32538760936733657,0.8134569327522375,0.5178671371676128,1.0072553888588747,0.18351653734793053,0.9657316286755104,0.3221503242847868,-0.2879429959316411,0.6340968205212366,1.0046098416548053,-0.3144261239141595,1.7813334363631066
0.07607974296472181,0.2451098526249305,0.19558911756512012,0.09244078412413599,0.07816902321780385,0.14456489814029067,0.12934506980717006,0.1217631723762365,0.14293659166279776,0.06445795915842736,0.1283692451531021,0.13457500249668325,0.05175471412710522,0.10375820423439477,0.13398418267132858,0.10170348116367083,0.2359412500447509,0.05739581729453758,0.10854741140373009,0.6154444423088504,0.14075123516048316,0.09314036737829556,0.003201871691363508,0.12780985538859038,0.1196503804024333,0.1666661495004651,0.18170807750996504,0.14275468127805696,0.08736281364904222,0.1835391596923188,0.18267954863676328,0.10900314297613785,0.2603284329944221,0.08688540563637488,0.016589791161903563,-0.07364843014228004,0.32538760936733657,0.9836085844569779,0.1294497533195911,0.24875517453458115,0.27583030173017714,0.10614039603513882,0.31638395709427425,0.6670753989108531,0.336557285863099,0.11450221228230227,0.21812904066499864,0.11576973046888607,0.2796485324870101
0.16302856560202997,0.30340062391060424,0.44722490461282904,0.13008903277361902,0.11448687695379128,0.2544858105690566,0.2675687440997799,0.3710975183598374,0.2599096568498703,0.3660310982407661,0.26453199390702054,0.2961641182521641,0.17138015286878996,0.3481631562416808,0.3003914792001516,0.32516262619030156,0.4317438913352592,0.25639695758382447,0.6873596328789092,0.2828302661352615,0.4492214792830159,0.33109676387865106,0.5360976475094728,0.40699160497260656,0.4728275354033831,-0.8471057306085311,0.19498553822180592,0.12953389417416641,0.577873936176715,1.0409906540119798,0.201075476293669,0.3689043388741939,0.1559976850989911,0.1748868485883121,0.15652097401126058,0.2792690399946643,0.8134569327522375,0.1294497533195911,2.163626255683108,0.425523655715881,0.5180289570295467,0.3788603803968173,0.20057620776330806,0.2775426409039808,0.1574766821308576,0.5625912352543635,0.847747193555649,-0.7204878178108773,2.1849991961243878
0.14559062519382404,0.2275155744984186,0.29601106098819113,0.04988119004036587,0.022979887492843666,0.12074725896743639,0.14420714800819576,0.11814872654066536,0.17029484908105463,0.11944557436469525,0.17046908882792727,0.1419438697040714,0.08769799850017738,0.14200239545622326,0.2275406998515532,0.17329307874812178,0.2729887572648008,0.17726754244043025,0.13021383143722412,0.49211259919876615,0.2711183850062271,0.17605685486696507,0.4154148609256723,0.22021862281085794,0.21638770541732352,0.0768102415509776,0.23552773278521816,0.566302670332461,0.06476985576614375,0.48944952860840013,0.03397669926667647,0.12460027136416904,0.219019184408792,-0.11417527254258512,1.0204890770191113,0.21409005206367016,0.5178671371676128,0.24875517453458115,0.425523655715881,1.2407497385825157,0.09482824858796095,0.19119369678059747,0.8815523616707646,-0.04643171631572967,0.352648295138113,0.13261356091700113,0.3417136064073649,0.2980042600528607,1.0314237675460878
0.13631377921960555,0.4849213910916068,0.3392001826976859,0.11619201488286288,0.0998135217845056,0.06042915969852448,0.15062478275873314,0.15850956584879425,0.1814108072476555,0.36277209472229704,0.17058316925598,0.14628111260547977,0.11530728013850575,0.24179564239149962,0.3029302657221589,0.26374392773925215,0.2302400068907222,0.3215727164280033,0.337172551472497,0.25578501460191544,0.38333541483008765,0.19961415062927113,0.1727971083775527,0.4266355296398634,0.23776183788638167,0.04148006760896606,0.25198478181841744,0.48186108730159793,0.16910498358814777,0.7681145781055698,0.5676959726939727,0.2400171175557047,0.35862388897757436,0.14214527595454943,0.23259212077530592,0.044741933173733366,1.0072553888588747,0.27583030173017714,0.5180289570295467,0.09482824858796095,2.7463382308479516,0.4171820362897202,0.14070086448456487,0.9642436581342193,-0.20499645847478357,0.9460432650795033,0.8309589443480282,-1.409795323539973,1.2198799275389645
