0.9969412725427725,0.1765865654621881,0.354171589454124,0.13260660990600237,0.2113332593898941,0.1988115151131138,0.16033398147304437,0.18852592098076193,0.09793957859122716,0.14728782017384304,0.14316529777038559,0.15532066733095237,0.10972882364825273,0.15669300928948057,0.20255779545863714,0.15027169838346574,0.110660658627938,0.19355720581912758,0.13734053727359943,0.08269599796877743,0.12727708130170987,0.14027516314342017,0.1540407370245322,0.0402672070892049,0.23488705770203108,0.09268701329794896,0.10316445967297282,-0.0026820901772130964,0.251247128321633,0.06998033406926744,0.08533394231038585,0.12171870146865257,0.06917337149783644,0.06175834099955925,0.1224559809752174,0.15202897312306413,0.15053089518555926,0.0763472157334071,0.1768589226200151,0.0748595799252723,0.0684244688298606,-0.08077142959397465,0.09726176342576597,0.09035391412021353,0.04418621388674613,0.24003593076099217,0.12890514435525918,0.005316205314312156,0.07997711085743678,0.03297530153474546,-0.13981516887356651,0.10505810433356343,0.04723060946557064,-0.031089543407071953,0.20901721818863492,-0.021245484085904643,0.017434074070410994,-0.15153908763484855,-0.00850741281470676
0.1765865654621881,2.369427794507531,0.34121908170908993,-0.46403469364851396,-0.020528344718616972,0.2375466172481898,0.2546106200834254,0.12088282865626346,0.26999240922893963,0.07136802279270113,0.11064927766996588,0.1477614402440306,0.09492919519479195,0.07222992862444545,0.3071262656462362,0.0320230398890756,0.09959747180911512,0.15503264816716786,0.03385250126252307,0.032732476397075244,0.1761563796132397,0.13166212984694886,-0.015482093888135639,0.020917998748736462,0.07108533557437423,0.23899539357477703,0.07919302869541127,0.17941650993146635,0.21792668548205213,-0.005691285956798378,0.07948622516550023,0.13501164441314104,0.05623609961800027,0.13702330512019334,-0.0730625285119437,0.16220895574552197,0.05017267548539745,0.0399004845832505,-0.03139389027904489,0.010542522947265591,0.06586302206241455,0.13876765984754066,0.06601199771032537,0.006979427372047645,0.017707228357816816,0.12442215654179847,0.07517379454156613,0.00931007373920742,0.18235802936988166,-0.2787816165606507,0.47392417784903734,-0.05581894662139973,-0.025579533197629945,-0.14963069949448715,-0.30287295836422523,0.042394009498193726,0.056853062738920455,0.3260903035552744,-0.1793451206360534
0.354171589454124,0.34121908170908993,2.43421358463196,-0.06404224077101242,-0.045093108681283266,0.430682508307519,0.04654824926290138,0.2941994076998998,0.33385504612499467,0.22392626535160673,0.10738696964577382,0.28298246021958384,0.17666034060168334,0.21997809383298914,0.306301813427282,0.21154485655752492,0.3351038976077085,0.2694518484623255,0.20167293094948952,0.23334946209121205,0.25473862458310037,0.27894625819937285,0.11819692088315811,0.15001247222290628,0.2114246432334271,0.3197684730988638,0.2076686673072876,0.2597946948654244,0.4051005793248205,-0.1405731918269229,0.20072597560506222,0.2874455808573844,0.11182358340922102,0.3059659750096197,-0.10440276825099833,0.5207269010148089,0.1465862843441553,0.14197410272755429,0.14474673797337922,-0.17019241550553146,0.22112012953523122,0.6112839649902723,0.19201954262747306,0.014964619801613744,0.5145824953781235,0.5620144803329183,0.1531801530529226,0.030254231634195914,-0.49274813764023406,0.035344758804551936,0.06606773057759661,0.008815559950498115,0.03515403406462321,-0.2133069019617493,0.25634196609457893,-0.01430009861455581,0.18388024828896402,0.06627207707744225,-0.44243116235247404
0.13260660990600237,-0.46403469364851396,-0.06404224077101242,2.080945997010433,0.49378136252029725,0.4663129691741863,-0.15493329534049577,0.46208866525315384,0.0018071853516825175,0.4321117549034433,0.37259736482154626,0.2928535574058936,0.21011930804011156,0.37550997782606044,0.25738820841535265,0.3761672543152002,0.30292166209359306,0.20968918097864936,0.24729561427685073,0.34137382863914245,0.24875793482048905,0.18260796655147002,0.18048799391893341,0.24694302649253497,0.2987770166609081,0.36449741736215724,0.2503303146194452,0.11808682589919285,0.32500893262986014,0.17916037402172696,0.18806052617605648,0.3232737489168579,0.10629203572056103,0.31275546843876456,0.2626894258749016,0.24607447932614432,0.2422957800503203,0.20023534825499348,0.4183115883892358,0.22364112522310822,0.21697658067302392,-0.0004718473273105606,0.22537071309442627,0.26713638381591026,0.1130275645709263,0.23396804932407608,0.24659795655789052,0.035350985108175796,0.20537290421099783,0.22925013845900002,-0.35565955189964915,0.10316455543039699,0.00025568283151417644,-0.05338253113428476,-0.13537517231498808,-0.12213381413150988,0.06170614465531585,0.08925025375445725,-0.04389778164099174
0.2113332593898941,-0.020528344718616972,-0.045093108681283266,0.49378136252029725,1.1558821819681633,0.40388951783403165,0.208077782157595,0.2769989107876616,0.027128026226105186,0.27372664853316836,0.2890130088499218,0.3089860784740782,0.2171002679556933,0.3405990177978097,0.29302403808368394,0.3934233543712429,0.23978823362046206,0.14589545228921116,0.48862599677276775,0.14012746688453884,0.22803056592667564,0.23369993712512913,0.1268666430400048,0.21050749125098292,0.257012316907793,0.3615451468337452,0.21295267236104204,0.17317151159820154,0.2688628050076081,0.12241315040418076,0.16451007122314085,0.24618745428292166,0.18074785390446552,0.16012227982768665,0.22104689583855672,0.27025873322978294,0.19953874046320996,0.0941379654544966,0.3230608638693283,0.1547890853725074,0.20714347729470403,0.15515175285845498,0.0907675606464067,0.16508272609402858,-0.08240996779086528,0.22765012229977682,0.15035983542663106,0.04388409956889094,0.1774924369960287,0.22593023830399067,-0.19062660432566542,-0.17436035502708366,-0.0032828264590509465,0.14909972138388597,-0.09736695577217384,-0.0763674848218977,-0.21022100014676542,-0.08192544134533271,0.2996956096417136
0.1988115151131138,0.2375466172481898,0.430682508307519,0.4663129691741863,0.40388951783403165,1.0271724769039083,-0.028417632602221132,0.48651426107865364,0.3362811343436524,0.3182089236088437,0.3825531721950731,0.3904007052976599,0.2471954085346346,0.44779218978164315,0.37733238833830474,0.4314156849892577,0.42711660054592,0.17205793492595184,0.44944171498856667,0.3191353092608603,0.33148828707534633,0.36884845865531257,0.11282046544107383,0.2577977150054713,0.34588240495175576,0.6002465480536103,0.3134836117837376,0.2674585578144214,0.5438526265331397,0.07580012650742625,0.2047067173908914,0.4559265919180871,0.07451266725609001,0.3215391775285865,0.24220301103317518,0.381562998896117,0.19212538433784143,0.19576636074857592,0.447178453077463,0.19255293507007862,0.17700289821534004,0.07367615994098675,0.2316867544620627,0.19669606378533233,0.10180249963115424,0.32998180893162404,0.20125363243520844,0.03208639689852407,0.42658956883841614,0.4071126856543946,-0.6027288494145291,0.15464570526492646,-0.11083153019568115,0.050806690378711064,-0.04888065542993998,-0.05987473516546504,0.18976251814528486,0.05998905277701495,-0.1670660485033878
0.16033398147304437,0.2546106200834254,0.04654824926290138,-0.15493329534049577,0.208077782157595,-0.028417632602221132,1.2267249244682827,0.07381561901325873,0.25825372918488804,0.10937335699446418,0.27476439615369475,0.2707446091904822,0.20130262841712052,0.30197130336813993,0.07833503972228097,0.3178786848141844,0.2612250527868031,0.2972313830456752,0.10550830854343987,0.021911677004316427,0.15640808293913397,0.2965302740840521,0.3611423381787873,0.18099539965010403,0.2152381513676246,-0.05042964480162388,0.1439837148286193,-0.026849208827856005,0.2076992969015922,0.2167760674082024,0.08949395925787153,0.14094637398018905,0.20178521268889285,0.31011278480964427,0.1723800890517522,0.2059088765341021,0.27863693098936115,0.03341779546917256,0.19150139932570961,0.08582758954441486,0.08887057233052406,0.0028766548950694007,0.1304614608610026,0.25670224673006065,-0.30560125917901554,0.25809987091742226,0.23598330427828895,0.022572704046906176,0.47602720462246245,-0.08796356363611726,0.0758440626906645,0.005536858265651177,0.08905194703682047,-0.0797299928756931,-0.08061420112936041,-0.01817525609079026,-0.20416048288079233,-0.05737294020435947,0.19219524942065142
0.18852592098076193,0.12088282865626346,0.2941994076998998,0.46208866525315384,0.2769989107876616,0.48651426107865364,0.07381561901325873,0.8761222971263224,0.12748699769949906,0.3952923372023282,0.43896712828410994,0.2697204473664294,0.2704255601819204,0.43974181469354234,0.27390402838081446,0.372533698492238,0.43686469496161223,0.2933193966431502,0.2797812858464652,0.3272931568699657,0.24019926729934718,0.26483139826062974,0.22459133822892124,0.24317608021101159,0.3367623042354602,0.3601361338888588,0.2639275757444929,0.03267781778683736,0.4294359182823233,0.18753098677396457,0.2002358261716639,0.3421342275099604,0.13640274169116964,0.3341066502879883,0.16469876326170105,0.28814631276607805,0.29485474381660376,0.19652632622946536,0.39514917803733657,0.1884040658692649,0.18250379612688797,0.0372615437391229,0.2624769351883734,0.15132623241434676,0.07008785143492552,0.316649381835124,0.28925646883083955,0.03345887421233373,0.4486601252313127,0.2518274496723891,-0.14370083010061468,0.002492059907619383,0.043725201283012695,-0.16911961986118426,0.036132501168741185,-0.113105807134056,0.15277878857391372,0.15318257156938025,-0.1220341956314563
0.09793957859122716,0.26999240922893963,0.33385504612499467,0.0018071853516825175,0.027128026226105186,0.3362811343436524,0.25825372918488804,0.12748699769949906,0.9453549613319057,0.0967099919515682,0.15731008952468148,0.25567310551465056,0.16156888116623866,0.31593414585783614,0.08843838153841035,0.19029305939483523,0.2597438304185508,0.2088521020588895,0.11491482177179953,0.17012750085050735,0.19926023219507183,0.4527333661016296,0.1641926560980609,0.19948820445661106,0.10015702683279913,0.2945134692618115,0.18611072346304344,0.11797492988785956,0.21563003258162947,0.09553868960603706,0.24212415933852283,0.32671242472504053,0.1474991842921692,0.30905483871259115,0.06998808909723463,0.22601493979471116,0.18442971049250895,0.13370873228227725,0.20376476475776725,0.0642883761626463,0.12588748558772303,0.03385846291062536,0.18005361174035375,0.14500939163224189,-0.005705257980020243,0.20778855058645612,0.21210382578168444,0.0027761089243393323,0.7142688299524523,0.04373540625933474,-0.0694701709693129,0.05008941697665021,-0.06366812883210704,-0.05472143161570165,0.025225483465751142,0.08612803505602078,0.3187483420553007,0.08952253464961045,-0.4637252104874213
0.14728782017384304,0.07136802279270113,0.22392626535160673,0.4321117549034433,0.27372664853316836,0.3182089236088437,0.10937335699446418,0.3952923372023282,0.0967099919515682,0.7551875135685988,0.3323857843530529,0.24284677832159077,0.23841788548412307,0.29751760975755703,0.20844732077452624,0.24365747720769262,0.32254046490077537,0.24687135288534892,0.22319937071514595,0.39267635586336297,0.25130932739118483,0.18656628921511703,0.14171626564646378,0.23755147753169634,0.2627754350440662,0.31217138779704706,0.23786435178856033,0.10422529139210412,0.34760238268776555,0.20445384669039945,0.2589024742798026,0.28434835463146807,0.14556532009560055,0.33036771545489263,0.26040559115004563,0.2907508336564316,0.34609802785099025,0.21031634321304962,0.3959221661412735,0.2113473784635279,0.27692970488462737,0.060703688438581004,0.19611758674808594,0.10413368080775567,0.09205536876432317,0.32809254829216744,0.3186103309063654,0.04151417325675461,0.31269242398288694,0.12019341361944329,-0.18648961982323262,0.0736991937867106,0.055250945180483194,-0.09063303427400955,0.18610052316327175,-0.03640096181778737,0.13114213608140862,-0.2986182874799383,0.10891985395086555
0.14316529777038559,0.11064927766996588,0.10738696964577382,0.37259736482154626,0.2890130088499218,0.3825531721950731,0.27476439615369475,0.43896712828410994,0.15731008952468148,0.3323857843530529,0.8327592780920242,0.3659931801963946,0.2379470753229971,0.2973583872877852,0.24298647117714584,0.3603647302745118,0.4055697628903662,0.2697641504315435,0.22036004570857667,0.28760479255523314,0.24721446295969463,0.25528032182303634,0.23253734530258788,0.25326117591867686,0.29859107382003525,0.29327236333529405,0.2793846302794617,0.08415723827341082,0.39850312098535506,0.1905754767731864,0.205921710042606,0.30685250288236715,0.170219754847353,0.24841482015035266,0.2096816338752342,0.3331680130843443,0.2172281636413346,0.17237968091392494,0.347348026154787,0.21039270124026688,0.1644926167365204,0.032033075215414035,0.21758417611403041,0.11431399640744268,0.0230524411916816,0.3495357524091478,0.2469817994831601,0.031608241835952046,0.2048745797772586,0.11323422900662511,-0.17687716561936506,0.026543223842140938,0.10676621958808745,-0.08194564224562503,-0.05014531019465829,-0.04669493379388967,0.012959820064799057,0.12084636255999234,-0.12857684631349078
0.15532066733095237,0.1477614402440306,0.28298246021958384,0.2928535574058936,0.3089860784740782,0.3904007052976599,0.2707446091904822,0.2697204473664294,0.25567310551465056,0.24284677832159077,0.3659931801963946,0.6360804731514712,0.19304442516572679,0.38351603177931193,0.264171356591567,0.37455618278483344,0.3540905493162382,0.20990511620908053,0.25310796204065866,0.16577239515289338,0.22006614786154338,0.30859431073479243,0.23609344026604806,0.23344879531871202,0.3097407874437839,0.1995572689309511,0.2885520622978683,0.06854863627470936,0.34636090706851724,0.15224795888484935,0.135712741762347,0.3596907905126601,0.12509596958034636,0.23757792907444378,0.17677852794703322,0.36502925718640533,0.12508418767604632,0.11875327406518607,0.304413298389289,0.18240091748644746,0.16354163785666792,0.06988282942643437,0.14336328085289157,0.11830387003243431,0.0125755286347108,0.32832291379808787,0.22526961564284595,0.027609534154070626,0.41780947120950634,0.052490711617736455,-0.030028152226473308,-0.06265682474454301,-0.03876966521975558,0.048880660342688564,-0.05927077615160414,0.06035354429982295,0.17886461008674553,0.043132961366677026,-0.3865864077861739
0.10972882364825273,0.09492919519479195,0.17666034060168334,0.21011930804011156,0.2171002679556933,0.2471954085346346,0.20130262841712052,0.2704255601819204,0.16156888116623866,0.23841788548412307,0.2379470753229971,0.19304442516572679,0.3898684394504007,0.20213830583776257,0.07461835989303127,0.235973636433157,0.23770897535873003,0.19555005418985427,0.16000824173863837,0.183011325204102,0.1459911161566171,0.21910442235083216,0.1897473370838675,0.17840942535336432,0.19293689036454825,0.12828626977623464,0.20190274472072653,0.037424948810633386,0.30422961404827253,0.14053521074677924,0.11416639835251809,0.22046030750609286,0.11548727215949176,0.2312234575488678,0.19130621769393433,0.23107447172651155,0.22085260585215905,0.10615406612980172,0.2491826944506768,0.1286468036612362,0.12819995455000574,0.03188782723222172,0.12032526963132527,0.14274513897344399,-0.0457242373875978,0.23826252252803076,0.18461950783433648,0.023272505038070403,0.2638054144551248,0.17018537460412228,-0.06095782477641843,-0.08267327464418146,-0.009364908443785439,-0.027455538917949725,-0.03179322397951205,-0.0393177357899545,0.002801745880642133,-0.15757639531897236,0.16850192912404824
0.15669300928948057,0.07222992862444545,0.21997809383298914,0.37550997782606044,0.3405990177978097,0.44779218978164315,0.30197130336813993,0.43974181469354234,0.31593414585783614,0.29751760975755703,0.2973583872877852,0.38351603177931193,0.20213830583776257,1.0346833917760097,0.25472627468447684,0.5041605511000913,0.4677687192148135,0.2012082347694967,0.26027315628158526,0.21328848285731727,0.27045621711118806,0.41172100934553285,0.2500588113643198,0.2903350383235011,0.3027271708889695,0.3882742098886453,0.25629449121080117,0.16074418823005376,0.4039427349509212,0.20470661686013047,0.2140228842943182,0.41159455207053747,0.13578626608967004,0.2494480581178998,0.2720259894958597,0.3334798109012936,0.201660537709361,0.1549898233731135,0.34159793466571087,0.20368356122328682,0.22833939266495612,0.01724081746006195,0.16513522194505145,0.1925510429625932,-0.0745480410749215,0.24160661497049216,0.25336194635166603,0.023727849515923778,0.9056527201774406,0.14519062951288503,-0.2041441159262684,-0.010416946504610539,-0.03671587237110325,0.1276699291722489,-0.06029603671150314,-0.013125512997174732,0.22065684865360266,0.02013202969429655,-0.10971736931899563
0.20255779545863714,0.3071262656462362,0.306301813427282,0.25738820841535265,0.29302403808368394,0.37733238833830474,0.07833503972228097,0.27390402838081446,0.08843838153841035,0.20844732077452624,0.24298647117714584,0.264171356591567,0.07461835989303127,0.25472627468447684,0.9229157948776535,0.12189727810735426,0.2858814946404518,0.15094391480001768,0.20704273993020209,0.14885494309505926,0.21214182111289845,0.1346034751216642,0.17059077145187063,0.2152887875684728,0.2684263629579063,0.39158507286770294,0.16668831200958348,0.23681651700050071,0.29119062718125277,0.17220417494473855,0.15143596599712664,0.22420281328068511,0.1445620456344216,0.1677177893261939,0.10776732362264348,0.261530429546237,0.1520945672230758,0.1111055979904717,0.18504322023317613,0.07689862170322964,0.21231863502341725,0.1433007931613364,0.1760379415943112,0.09423420630197059,0.07793196653373628,0.2526891186030573,0.16721404325268827,0.03203852725389221,0.08247891278759187,0.06645366711039653,-0.22639595835158696,0.12471528783535599,-0.01852569798459703,0.02759091443104627,0.03321757867485097,0.028659126856295562,0.11300913958945376,-0.025674931985973384,0.00023828544529972448
0.15027169838346574,0.0320230398890756,0.21154485655752492,0.3761672543152002,0.3934233543712429,0.4314156849892577,0.3178786848141844,0.372533698492238,0.19029305939483523,0.24365747720769262,0.3603647302745118,0.37455618278483344,0.235973636433157,0.5041605511000913,0.12189727810735426,1.0361532902226838,0.36852277945496487,0.21403296751273584,0.29636028560231875,0.26382658620186217,0.257954497734781,0.5303256671170992,0.19741919901124305,0.2871853643738444,0.28145188897366546,0.21205788676532947,0.3704388586938178,0.21040504412850516,0.48694856728678126,0.26080158765680356,0.19203874597008053,0.4335282786137562,0.13622814849394518,0.3109857000064419,0.30920386227437296,0.38836171397634905,0.23774318035810643,0.18398379585762534,0.4028997705371465,0.21597529652296377,0.2576201490933752,0.07731249140359053,0.2258974703700743,0.1727556557736312,-0.04620851047490772,0.2764412431032845,0.2609330695095145,0.005625493292814157,0.691989662262081,0.13769523586934035,-0.2007453745285387,-0.003474217489280277,-0.04435680667935892,0.013536804680355112,-0.020019984537825084,-0.042374740390809566,-0.028702208572767906,0.022723140734134877,0.014014459348957514
0.110660658627938,0.09959747180911512,0.3351038976077085,0.30292166209359306,0.23978823362046206,0.42711660054592,0.2612250527868031,0.43686469496161223,0.2597438304185508,0.32254046490077537,0.4055697628903662,0.3540905493162382,0.23770897535873003,0.4677687192148135,0.2858814946404518,0.36852277945496487,0.849542371617669,0.2861660808429986,0.2375878773794795,0.1999634688235415,0.293549020648414,0.3702755349035505,0.30895449681443515,0.2537297640289243,0.34183761093515824,0.26518632429017786,0.26551160677375235,0.14558739649116123,0.4481802617095261,0.194159117886407,0.185133570246269,0.3325687145951754,0.1913127880314752,0.29616378805719856,0.19555572236571403,0.3774878079430719,0.31174832180068507,0.14417285328410526,0.33611961525249084,0.1787987778285624,0.2005548929514844,-0.004298942600248837,0.22330052103485817,0.1577894834853318,0.015452792032445983,0.33341158552926725,0.28697559379110893,0.019494023601134933,0.5208743594707549,0.22203721918233044,-0.21854427499058784,0.03804649650300748,0.013506044133565799,-0.030015048985785168,-0.029658912977176422,-0.05749530830463354,0.061528109358806995,0.07014938479069116,-0.016302282271820318
0.19355720581912758,0.15503264816716786,0.2694518484623255,0.20968918097864936,0.14589545228921116,0.17205793492595184,0.2972313830456752,0.2933193966431502,0.2088521020588895,0.24687135288534892,0.2697641504315435,0.20990511620908053,0.19555005418985427,0.2012082347694967,0.15094391480001768,0.21403296751273584,0.2861660808429986,0.9060457359350954,0.1269894005876771,0.04915993813446681,0.17114311554753345,0.24933261819112354,0.4162956160168092,0.10653876544885178,0.21235149182836063,0.0869304927503719,0.15177218265719772,-0.03845410899316262,0.26764677966498895,0.009648797152364705,0.33919716917535936,0.1974213831601008,0.10571910473444578,0.3038971709025453,0.07228334210068606,0.21951683511969694,0.27616046959783996,0.062436147274862505,0.21562677395874827,0.12032279882462145,0.09637289737372794,0.039290398508184804,0.22669406033888104,0.11890866605604636,0.06611388605814379,0.29496697330992067,0.3839931555809796,0.021956087296085808,0.35093482511965884,-0.039630409840142794,0.15156332612915221,0.055500369318535074,-0.013121501694544223,-0.17312252372256481,-0.013922702401146674,-0.015712715727955243,0.10127751284444379,0.2974004636960402,-0.37451493543043546
0.13734053727359943,0.03385250126252307,0.20167293094948952,0.24729561427685073,0.48862599677276775,0.44944171498856667,0.10550830854343987,0.2797812858464652,0.11491482177179953,0.22319937071514595,0.22036004570857667,0.25310796204065866,0.16000824173863837,0.26027315628158526,0.20704273993020209,0.29636028560231875,0.2375878773794795,0.1269894005876771,0.8562670728606114,0.12297871589775371,0.2207899947463191,0.219602124660332,-0.027277711987915423,0.16750988676950457,0.2440669049802925,0.2273910470649592,0.1774987894932689,0.2863782816031672,0.2178062166733257,0.08725576480269356,0.18883344538308455,0.25481737407334354,0.15961664276863582,0.13761244508922787,0.06968725967965726,0.23478107018190664,0.14528245394956898,0.09823758075591828,0.355209108656365,0.11302409642677644,0.17618713081938076,0.1591306959393395,0.06210808117470285,0.09007082584028672,0.10854740993885857,0.19052310404593373,0.1320627478241967,0.043131969714180284,0.1002104755065253,0.09331926966329683,0.0818865229757528,0.03855792671051834,-0.18134925089532003,-0.024616846080492593,0.004603254721213888,-0.04562004288792959,0.0557658984824643,-0.07970302954994823,0.023027002126877225
0.08269599796877743,0.032732476397075244,0.23334946209121205,0.34137382863914245,0.14012746688453884,0.3191353092608603,0.021911677004316427,0.3272931568699657,0.17012750085050735,0.39267635586336297,0.28760479255523314,0.16577239515289338,0.183011325204102,0.21328848285731727,0.14885494309505926,0.26382658620186217,0.1999634688235415,0.04915993813446681,0.12297871589775371,1.672108807439109,0.36122755789174715,0.040810703991360935,-0.31824047708877934,0.2966129706691832,0.11972607090724222,0.6707405256124749,0.42459815925395744,0.4236930956589949,0.34886172807406285,0.32970577101673126,0.615489550873098,0.4249901609277542,0.2679155876202085,0.33582667258430443,0.21951408769313338,0.3058469415945603,0.5864881836915374,0.7728539199393599,0.7959268008605712,0.42402442733493223,0.5637148082752682,0.37621480142062746,0.39622214273021006,0.026900362627005715,0.39003566579130416,0.5090485691299507,0.3625980336706305,0.1143692237880511,0.240550827776948,0.12031094261587212,-0.37726209506421443,0.13833689328480012,0.14486255442079973,-0.12922598013994605,0.10354489891150948,-0.044607201237671416,0.36990958058688445,-0.09045130872344247,-0.20969217079836913
0.12727708130170987,0.1761563796132397,0.25473862458310037,0.24875793482048905,0.22803056592667564,0.33148828707534633,0.15640808293913397,0.24019926729934718,0.19926023219507183,0.25130932739118483,0.24721446295969463,0.22006614786154338,0.1459911161566171,0.27045621711118806,0.21214182111289845,0.257954497734781,0.293549020648414,0.17114311554753345,0.2207899947463191,0.36122755789174715,0.7427042875317256,0.23464120327993943,0.028212450001228143,0.23579262985057975,0.12601366395998312,0.571228404394959,0.22216443134148836,0.3147334753250188,0.33215142977813716,0.13225559674004025,0.3451224132382371,0.359973254355479,0.23702597513537405,0.13955201415508411,0.13693046786671806,0.4188480421919195,0.03835185595130971,0.21299449631293835,0.3473676562271358,0.22157456824366933,0.34896259987942596,0.2126686249241454,0.09225564580901531,0.016280284809949523,0.06175463701610914,0.2830468171114431,0.17872909184439803,0.028054673687931544,0.21295691674066858,0.21269417364329551,-0.1963683023090979,0.03042684184788581,-0.05141643676807209,-0.020039162628305688,0.047498401380590784,-0.021479800608408043,-0.004954549771963835,-0.12121119670657834,0.1295714286398331
0.14027516314342017,0.13166212984694886,0.27894625819937285,0.18260796655147002,0.23369993712512913,0.36884845865531257,0.2965302740840521,0.26483139826062974,0.4527333661016296,0.18656628921511703,0.25528032182303634,0.30859431073479243,0.21910442235083216,0.41172100934553285,0.1346034751216642,0.5303256671170992,0.3702755349035505,0.24933261819112354,0.219602124660332,0.040810703991360935,0.23464120327993943,0.9480045673720482,0.25258185885560946,0.2650383812050751,0.13366122882174727,0.22963666666797888,0.2617545817167171,0.10359398560791595,0.35967401733392357,0.14874870253901842,0.2403563385791794,0.4690553978609657,0.151712544098035,0.3167440305031299,0.1201893496734777,0.3554696829080752,0.10309122284360966,0.10707839932979545,0.3447538827909848,0.11937362068977288,0.167903579536792,0.0731609682157171,0.12297907025065785,0.17785285238850487,-0.10679463773044728,0.19321372278620905,0.23914609811256277,-0.04847305975648983,1.0903437131691749,0.15432346227264288,-0.07857470828455049,-0.1421138960989729,-0.04911729208784755,0.007376368707184803,-0.015302148186429313,0.020423528494557402,0.21335616002026375,-0.02043354279319989,-0.17664702144554348
0.1540407370245322,-0.015482093888135639,0.11819692088315811,0.18048799391893341,0.1268666430400048,0.11282046544107383,0.3611423381787873,0.22459133822892124,0.1641926560980609,0.14171626564646378,0.23253734530258788,0.23609344026604806,0.1897473370838675,0.2500588113643198,0.17059077145187063,0.19741919901124305,0.30895449681443515,0.4162956160168092,-0.027277711987915423,-0.31824047708877934,0.028212450001228143,0.25258185885560946,1.406484936596815,0.33900134652678104,0.4650508378630835,-0.30754308405144715,0.0514750777836983,-0.5773155731478465,0.49846798986807533,0.34800991771237894,-0.3887377785334702,0.026101532678692925,0.15750360521773224,0.3274417443090516,0.21721923329102458,0.21522699195845685,0.5050188550062971,-0.1222023071047702,0.39299679673607635,0.20084765890327225,-0.015087443274111238,-0.21355685287996545,0.2008007845873852,0.3802358379308098,-0.15058546674023493,0.2954338603805349,0.342362592075103,0.028743253442565196,0.45043012854711084,0.3032476545547813,-0.1476412261646689,-0.09074495095849928,-0.003762815483488947,-0.07407445241193755,-0.11310350083597373,0.020375411409369867,-0.18804526634836807,-0.20347642506162078,0.3451582008061028
0.0402672070892049,0.020917998748736462,0.15001247222290628,0.24694302649253497,0.21050749125098292,0.2577977150054713,0.18099539965010403,0.24317608021101159,0.19948820445661106,0.23755147753169634,0.25326117591867686,0.23344879531871202,0.17840942535336432,0.2903350383235011,0.2152887875684728,0.2871853643738444,0.2537297640289243,0.10653876544885178,0.16750988676950457,0.2966129706691832,0.23579262985057975,0.2650383812050751,0.33900134652678104,0.6934652386929958,0.2555643199586767,0.18038732960884896,0.23008233093775463,0.11271181968709888,0.23918985579982738,0.38125360403808956,0.2771561994539821,0.3688203206799922,0.3303908278516281,0.21562835666617003,0.17176706281137216,0.3942960000175891,0.24895859233014134,0.19373040372891356,0.28430432600331595,0.15351718972767858,0.26279569266068986,0.07198399151698798,0.05697851419461187,0.1374595792883195,-0.03972179265951415,0.3014974541115892,0.25709542461181195,0.040919701310168366,0.40158581012775924,0.08928349716570931,-0.13128295408859222,-0.02818263937541128,0.03945598908685788,-0.004868980277879958,0.029965455596498065,-0.023327231817259868,0.306220699961731,-0.5957568728210739,0.29727152519155986
0.23488705770203108,0.07108533557437423,0.2114246432334271,0.2987770166609081,0.257012316907793,0.34588240495175576,0.2152381513676246,0.3367623042354602,0.10015702683279913,0.2627754350440662,0.29859107382003525,0.3097407874437839,0.19293689036454825,0.3027271708889695,0.2684263629579063,0.28145188897366546,0.34183761093515824,0.21235149182836063,0.2440669049802925,0.11972607090724222,0.12601366395998312,0.13366122882174727,0.4650508378630835,0.2555643199586767,1.1845396424075976,0.08552152733516423,0.19670157571771874,-0.021141127848198733,0.566672376834643,0.31557695819986803,-0.06506877919064247,0.23710590555528863,0.08235512653280948,0.3752088900743427,0.3193930561828338,0.31259871983680904,0.3387998837215045,0.11755450926074407,0.33841326206299355,0.18178852059407732,0.1626221705834867,-0.05968117854372198,0.22947668082986195,0.18210542972413662,0.041296518996132306,0.37720663270972854,0.28548096789163024,0.026570697470888922,0.23142328775274257,-0.11132927154645905,-0.25368647693884055,0.21595105504311563,0.07108220699613253,-0.025773003428586086,0.024236397540359826,-0.022802668261858464,0.12900660053029228,-0.17250528543412097,0.028352052766159833
0.09268701329794896,0.23899539357477703,0.3197684730988638,0.36449741736215724,0.3615451468337452,0.6002465480536103,-0.05042964480162388,0.3601361338888588,0.2945134692618115,0.31217138779704706,0.29327236333529405,0.1995572689309511,0.12828626977623464,0.3882742098886453,0.39158507286770294,0.21205788676532947,0.26518632429017786,0.0869304927503719,0.2273910470649592,0.6707405256124749,0.571228404394959,0.22963666666797888,-0.30754308405144715,0.18038732960884896,0.08552152733516423,3.168539003450075,0.3149285973110582,0.7035346384687541,0.32587231685340173,-0.7144425132115093,0.3362599904861392,0.8430626331711217,0.08469639501458136,0.10668348855408254,0.09560975779518552,0.5503141446713888,-0.9856595990234256,0.33846502074471324,0.5266170448308678,0.28577434540719726,0.378513341710492,0.4088823469415817,-0.030754931780496098,-0.08943497270173803,-0.1577676370981549,0.07590795026702347,-0.24523648594992478,0.03181010126027795,0.3209447135882845,0.3847717478468515,-0.8089237839114939,0.21073788416459463,0.07741333077739512,0.049677256067237614,0.046047409911919496,-0.026357020127130194,0.43939387983739403,-0.024884919286123366,-0.2153437852276598
0.10316445967297282,0.07919302869541127,0.2076686673072876,0.2503303146194452,0.21295267236104204,0.3134836117837376,0.1439837148286193,0.2639275757444929,0.18611072346304344,0.23786435178856033,0.2793846302794617,0.2885520622978683,0.20190274472072653,0.25629449121080117,0.16668831200958348,0.3704388586938178,0.26551160677375235,0.15177218265719772,0.1774987894932689,0.42459815925395744,0.22216443134148836,0.2617545817167171,0.0514750777836983,0.23008233093775463,0.19670157571771874,0.3149285973110582,0.48981112188280873,0.22060407296149714,0.3021406562861684,0.15994225901555734,0.26247323687828045,0.39133530810722733,0.1539425408402726,0.23038973856898126,0.19378960900209313,0.39677409453809026,0.17058336283142497,0.23544214273248434,0.31814500647519844,0.20131214629791835,0.2363804120060276,0.11041216936790153,0.2052297658180919,0.06983984638838503,0.04986293294380999,0.3270628711965077,0.19237379166981985,0.03618798116251684,0.3304367940185419,0.08196457169398282,-0.15219642723130344,0.0017453349748412959,0.013230677611598287,0.01687212494095767,0.0015985052268198718,-0.02382726370864549,0.2687308235356909,-0.04497790162763986,-0.19550502530480288
-0.0026820901772130964,0.17941650993146635,0.2597946948654244,0.11808682589919285,0.17317151159820154,0.2674585578144214,-0.026849208827856005,0.03267781778683736,0.11797492988785956,0.10422529139210412,0.08415723827341082,0.06854863627470936,0.037424948810633386,0.16074418823005376,0.23681651700050071,0.21040504412850516,0.14558739649116123,-0.03845410899316262,0.2863782816031672,0.4236930956589949,0.3147334753250188,0.10359398560791595,-0.5773155731478465,0.11271181968709888,-0.021141127848198733,0.7035346384687541,0.22060407296149714,2.255547905151275,-0.1694975231193319,0.0005118667143853435,0.5317656697509087,0.3696561323672352,0.28182832410382613,-0.07297291194659594,-0.026753915456789863,0.49710958159627666,-0.24624795778062292,0.26742067437228223,0.08139124128900566,-0.028382422018515503,0.45314156654844834,0.4345308446022053,0.01621184658509519,0.14099720805744076,0.3802080382676234,0.013045408011076952,-0.08694380925075201,0.044775599745535875,-0.24769461077177266,-0.3185821060016683,-0.10315225218586291,0.43589735968888255,-0.1625644822508789,0.09328486939054634,-0.014113041128287549,-0.016035807149649958,0.3625593940184681,-0.08678988606691079,-0.14572675252826425
0.251247128321633,0.21792668548205213,0.4051005793248205,0.32500893262986014,0.2688628050076081,0.5438526265331397,0.2076992969015922,0.4294359182823233,0.21563003258162947,0.34760238268776555,0.39850312098535506,0.34636090706851724,0.30422961404827253,0.4039427349509212,0.29119062718125277,0.48694856728678126,0.4481802617095261,0.26764677966498895,0.2178062166733257,0.34886172807406285,0.33215142977813716,0.35967401733392357,0.49846798986807533,0.23918985579982738,0.566672376834643,0.32587231685340173,0.3021406562861684,-0.1694975231193319,2.055820808971558,0.23286525472126535,-0.18357641021737073,0.3359875419653703,0.02692490516466778,0.37946602817612324,0.3032725938128245,0.63553889920793,0.34934404101654964,0.1103034199396242,0.456583315144218,0.35561872773658065,0.09092305389762335,-0.23306306524872283,0.3199060015437941,-0.12915403347038715,0.11190540453820462,0.6852817936720893,0.3177303258318473,0.005416105601314508,0.5009289362741312,0.6960661561981245,-0.7026576599536322,0.148621511027007,-0.23005759502833392,-0.02846118124338903,0.02142950156613077,-0.0034403484130245206,-0.10152421477499704,-0.06585206075262631,0.1511441798725864
0.06998033406926744,-0.005691285956798378,-0.1405731918269229,0.17916037402172696,0.12241315040418076,0.07580012650742625,0.2167760674082024,0.18753098677396457,0.09553868960603706,0.20445384669039945,0.1905754767731864,0.15224795888484935,0.14053521074677924,0.20470661686013047,0.17220417494473855,0.26080158765680356,0.194159117886407,0.009648797152364705,0.08725576480269356,0.32970577101673126,0.13225559674004025,0.14874870253901842,0.34800991771237894,0.38125360403808956,0.31557695819986803,-0.7144425132115093,0.15994225901555734,0.0005118667143853435,0.23286525472126535,2.568677297853503,0.09049950023419248,0.0015428260807379371,0.3341072947272349,0.062414686096984626,0.5754288578629653,0.20514399832493668,0.9246861043221609,0.2871915969396717,0.24932894165721242,0.10092566502342279,0.6821029965238747,0.4061645834936542,0.6272162427394129,0.3380568235347019,0.48911803977095986,0.45998446834591633,0.9218537850984457,0.049580937289725555,0.39043758387983357,-0.13021678468239245,-0.009221189132972946,-0.14731534771796373,0.13969041777500635,0.017526809670835686,0.12310134925670763,-0.011662238754415919,-0.12648286580306944,0.27482973327096905,-0.2510139260541472
0.08533394231038585,0.07948622516550023,0.20072597560506222,0.18806052617605648,0.16451007122314085,0.2047067173908914,0.08949395925787153,0.2002358261716639,0.24212415933852283,0.2589024742798026,0.205921710042606,0.135712741762347,0.11416639835251809,0.2140228842943182,0.15143596599712664,0.19203874597008053,0.185133570246269,0.33919716917535936,0.18883344538308455,0.615489550873098,0.3451224132382371,0.2403563385791794,-0.3887377785334702,0.2771561994539821,-0.06506877919064247,0.3362599904861392,0.26247323687828045,0.5317656697509087,-0.18357641021737073,0.09049950023419248,1.4772637903463115,0.458764051210506,0.2631179203069984,0.0931072469069377,0.038910109565621936,0.41097170814911854,0.008824876570590886,0.3669518483565104,0.1469188196835383,0.1046342253124338,0.34356441435095997,0.30228150373895774,0.07001393523808926,-0.045174965381022475,0.27311251181737073,0.3024435468181888,0.24837543995363784,0.0495134979213111,0.2112986595853631,-0.12372926740815464,0.1051595759287623,0.13847538567453432,-0.049468652170117415,-0.07133124230079073,0.1874959345089639,-0.03258663512887427,0.7040427234167401,-0.05777164836554864,-0.5860627977066779
0.12171870146865257,0.13501164441314104,0.2874455808573844,0.3232737489168579,0.24618745428292166,0.4559265919180871,0.14094637398018905,0.3421342275099604,0.32671242472504053,0.28434835463146807,0.30685250288236715,0.3596907905126601,0.22046030750609286,0.41159455207053747,0.22420281328068511,0.4335282786137562,0.3325687145951754,0.1974213831601008,0.25481737407334354,0.4249901609277542,0.359973254355479,0.4690553978609657,0.026101532678692925,0.3688203206799922,0.23710590555528863,0.8430626331711217,0.39133530810722733,0.3696561323672352,0.3359875419653703,0.0015428260807379371,0.458764051210506,1.0401909053131015,0.0915291167604558,0.21526039643445982,0.041948544801536494,0.6471172868979574,-0.27799100816698674,0.2679576558296509,0.4377185384223438,0.2546479911023407,0.25677651827917525,0.1238318703451128,-0.08320095671731112,0.02561894071966076,0.04549065283050825,0.38424503485467315,0.16852333078806994,0.020985026088626523,0.7892826794242109,0.11769480864023679,-0.12022046635983392,-0.026447487145949525,-0.001108489949153487,0.0009580655491559059,-0.03686966046971301,-0.07934553176268787,1.2722592178235117,-0.33484426043938503,-0.7009318010315099
0.06917337149783644,0.05623609961800027,0.11182358340922102,0.10629203572056103,0.18074785390446552,0.07451266725609001,0.20178521268889285,0.13640274169116964,0.1474991842921692,0.14556532009560055,0.170219754847353,0.12509596958034636,0.11548727215949176,0.13578626608967004,0.1445620456344216,0.13622814849394518,0.1913127880314752,0.10571910473444578,0.15961664276863582,0.2679155876202085,0.23702597513537405,0.151712544098035,0.15750360521773224,0.3303908278516281,0.08235512653280948,0.08469639501458136,0.1539425408402726,0.28182832410382613,0.02692490516466778,0.3341072947272349,0.2631179203069984,0.0915291167604558,1.1010123119122714,0.0015710456321169591,-0.21654881076334856,0.21887084748482138,0.4219550885266894,0.18724720712519471,0.043377678794505256,-0.05837442567679282,0.18559856600462477,0.09513234080902691,0.18348898662060795,0.06486656633923735,-0.16865044161734877,0.237239301513774,0.24191368672728084,0.05784626779255663,0.20872261965307742,-0.014737568136006459,-0.038691939931151095,0.005671470148009053,0.07807092660679944,-0.05250555144572918,0.0414843291387726,-0.04503661406241455,-0.18011580391282755,-0.08967471983866714,0.25037891356905034
0.06175834099955925,0.13702330512019334,0.3059659750096197,0.31275546843876456,0.16012227982768665,0.3215391775285865,0.31011278480964427,0.3341066502879883,0.30905483871259115,0.33036771545489263,0.24841482015035266,0.23757792907444378,0.2312234575488678,0.2494480581178998,0.1677177893261939,0.3109857000064419,0.29616378805719856,0.3038971709025453,0.13761244508922787,0.33582667258430443,0.13955201415508411,0.3167440305031299,0.3274417443090516,0.21562835666617003,0.3752088900743427,0.10668348855408254,0.23038973856898126,-0.07297291194659594,0.37946602817612324,0.062414686096984626,0.0931072469069377,0.21526039643445982,0.0015710456321169591,1.4245182122607019,0.3615278181148986,0.10961684162101984,0.6800450568067473,0.17514154993964856,0.24814643368740227,0.02661131118649241,0.19840450952663505,-0.058238953029721506,0.4519046996362395,0.32763865265363085,-0.19320785822570538,0.11125742970393902,0.4049983038708963,0.05518535230712344,0.8835088423371303,-0.14332701692756747,-0.10767775386831585,0.051639219268775724,0.19082830514956492,-0.16522924692960683,-0.06267677969424086,-0.003898298473154222,-0.1205844324725272,-0.11369319175515477,0.3117610509386746
