0.8958145982680937,0.49154407921401394,0.4579216798969815,0.2150748148998492,0.08703508975368458,0.02814824000686932,0.20502241397796725,0.04034322556609436,0.0962984038496656,0.1306370748509605,0.11987914816691976,0.16141517709853362,0.07639702069323036,0.062191756133059196,0.15006485361783478,0.0958958263645297,0.0919239970640868,0.15625965586940715,0.15067088920248684,0.17017609768832628,0.08178220080181492,0.10164918065485434,0.019773721753705665,-0.19588011649478004,0.13103378850146818,0.16899144203389205,0.0930457733829484,0.06291191561782813,0.06416505348493115,0.209408227733854,-0.022910400829948264,0.052844962224872484,0.1786813291446394,-0.24366045467576214,0.019229488818496343,0.14305434578600018,0.07854255133257909,0.09703454553802561,0.08663551206982777,0.1031344367308098,0.11062619897374368,0.0018692243430116803,0.020198192161360096,0.00022438263260701792,0.3085615657612045,0.21559945382901402,0.10547400071558137,0.012603787392233534,0.009001224390383374,0.12211872184215054,0.11434250377203256,-0.06351722483414694,-0.07870781338528736,0.011088932613623405,-0.10455486475717447,-0.004764511159348825,0.13302542606223433,0.2734718207205227,-0.45211825801082756
0.49154407921401394,5.4723809279203985,0.570708461486152,-0.3247524082031592,0.09587414521869465,-0.15740008775672437,0.8268008090832483,0.08293350236301666,0.40922587579034325,0.1834659493596443,0.34535244691748107,0.3246548958281682,0.2103658012194806,0.15998754568204673,0.5674687529469954,0.22728251786614645,0.11490964003446838,0.7659679708904829,0.49826728682722193,-0.08501104736692341,0.36546718260992955,0.30546718305884357,-0.5858191107283092,-0.10192410037938106,0.009335808375938,-0.19169531574747187,0.25671454796971743,0.22709952169195227,0.11049898850659386,0.3232250314502347,0.6226982199252091,0.18822577297050577,0.23997643586654124,0.13001001234193982,0.40529243274328647,0.23972879445638792,-0.3362976091369817,-0.016738656762321693,0.34979551818014076,0.27386208027584524,0.15808164810720293,0.21664427496576108,0.36356679475579007,0.061937006172480394,0.5228261903460238,0.33936493503451,0.31929406663543525,-0.020132287231066116,0.10610630641316565,-0.14560414692721282,0.582954289444885,-0.2797169498500471,-0.21763495999063256,-0.0019706987589898613,-0.9250066639649172,0.30960015379105554,-0.3228161100451754,0.6624411239867634,0.3640104246057239
0.4579216798969815,0.570708461486152,2.941695923698478,0.3504613696145887,0.20820159412189632,0.6534847353870371,0.520000375810207,0.4912522517166407,0.9058320091812113,0.5275035969356716,0.5624125572973394,0.6652767482914461,0.3359842101282779,0.4248947790015599,0.5780660101350383,0.4410061083699184,0.7204035151501721,0.43999736446583176,0.9114100033309405,0.8253802229385184,0.5542719563248912,0.6767646844265647,0.6877804749220529,0.789849075839288,0.5245674213331913,0.4336523288020861,0.44545417610417515,0.8308334407404591,0.7149202513773553,0.656038329595825,0.3990763850190389,0.3058224155687025,0.5895104716231953,0.39955765739078797,0.7983814561624193,0.4122144739999664,0.482890807581577,0.3829482441177066,0.690273141134861,0.5291283147324559,0.5934391761790514,0.4366485239230422,0.6217970690760021,0.005461993388548095,0.7324413872608776,0.753337358252108,0.9557884015970075,0.10550194161581754,0.8743236325649664,-0.06038373962223446,-0.1116625139656839,-0.1704158686026336,0.5769964593141398,-0.18209983285776918,0.13787496165920318,0.04720658486850043,-0.5877767545357309,-0.23138512606792017,0.5693521688317188
0.2150748148998492,-0.3247524082031592,0.3504613696145887,3.2551979292814526,-0.38506509704617187,0.06766736406897073,-0.01672247318931927,0.12004686181775052,-0.02602017873482082,0.29392309448869797,0.06380432241538447,0.25872397741502345,0.02675084139794798,0.1482986742768655,0.01664410081403322,0.18674828771516316,0.19725872528771898,-0.05334527615973329,0.2075894164318448,0.12375196675900586,-0.011387525732102504,0.07748437327794074,0.013854458240447393,-0.24095527700703556,0.06521142987032526,0.12127731659045977,0.12939150354037643,0.23276755121068882,0.08566902122804607,0.1864392245109096,-0.33354496338091394,0.20979618347213527,0.10329312546185358,-0.06268100017159077,-0.8636344116932546,0.27801709092129423,0.1631957812581039,0.07226183131130674,-0.047061163907187585,-0.18996235116327215,0.16981304521203278,-0.07644024285776574,-0.06514800888146652,0.06712184180075623,-0.06183065567756163,0.026578350385636548,-0.08638993076942328,-0.024542298016694466,0.08827309437313467,0.37051168075806884,-0.2666264729881918,0.07371643460246086,-0.37787284456173426,0.06839947072154033,-0.43436647784328936,-0.06377498085466064,-0.013582718287409352,0.461181958700211,-0.12627780138575
0.08703508975368458,0.09587414521869465,0.20820159412189632,-0.38506509704617187,1.3447544627842731,0.6088148955422127,0.047079529407122345,0.30720697162932376,0.30183888486498595,0.10405318209316243,0.2795166152414634,0.36074174218000354,0.19329270129539397,0.35019295995876637,0.32318566849303987,0.3113557961812561,0.17749161757276352,0.21849941555079325,0.0837611251543571,0.23927104562684023,0.22420087543603243,0.3004057784333927,0.3851137610268008,0.3836509098299728,0.27140837538736196,0.2869153166058474,0.21010952385506018,0.0861713013570297,0.42411656591715297,-0.3412713614063713,0.2283565975294727,0.3413108334529896,0.01974494460748632,0.6039392501367505,0.002316240811108809,0.21242284244314782,0.13224609719699237,0.13702363655793423,0.09891470189027197,0.06853179416360763,0.1961559269232694,0.3197428119648351,0.14779272405752597,-0.00154549095882896,0.018500453844778456,0.37874657364548164,0.33502613805707493,0.004733737797525863,0.011700416549398598,-0.2187747855410518,0.18657563047742423,-0.07758226962005083,0.3288265490073876,0.053281511780642436,0.009370028539428065,-0.12239656112047971,-0.1382625076211099,0.019061848099852025,0.20745634684937914
0.02814824000686932,-0.15740008775672437,0.6534847353870371,0.06766736406897073,0.6088148955422127,0.9150822475941836,-0.08913164573234023,0.4589771203270429,0.44846492309585795,0.24538296557201827,0.31830813757648135,0.41244961223738197,0.2073894906596799,0.4351132743488346,0.35410413589909545,0.36468456176725744,0.42270782911690524,0.21658494000133044,0.3323154439009917,0.49319292928114605,0.3246949655076865,0.4064609507252525,0.43291737686077153,0.563070462479919,0.3083332413835449,0.4187012902530891,0.29451883709570725,0.48501537604262623,0.4544450807522998,0.0037463920966389177,0.2885023631368133,0.3962534362089281,0.174765757068844,0.45041172895392945,0.29548222312778005,0.2069921828800494,0.200934751821107,0.2663903904218381,0.40982430417808785,0.22706117358156647,0.21090553755542227,0.27502056027598104,0.3236863460672707,0.0033322735921305696,0.2149335625507678,0.37254125121534065,0.4972049369703731,0.04048368876504965,0.5222155472517815,0.15030445780796037,-0.442424480844793,0.14761080888741224,0.05487955970753057,0.007996677322659542,-0.027945412352228798,-0.07981439239738063,-0.26446712745707546,0.06407623924914652,0.24904666159891245
0.20502241397796725,0.8268008090832483,0.520000375810207,-0.01672247318931927,0.047079529407122345,-0.08913164573234023,1.0559764974405856,0.13353317103914447,0.3090235016270214,0.14226273260248498,0.3092535137507804,0.3423399055133862,0.19043841988369967,0.15609324521809423,0.24121223918538337,0.2309525206314811,0.31093242412951294,0.2841658258667964,0.3259285148760778,0.24987532880635835,0.2932907582536261,0.2783044321571871,0.3325263089755317,0.4209785686721153,0.2470869994667402,0.026552189685080798,0.23039409016550597,0.24660039904982242,0.1966931603300273,0.30119006492481565,0.2557101570086071,0.15513500400354827,0.26777240466471486,0.25074774423881774,0.31446547751418497,0.18005126896145898,0.08369936063601537,0.10113642109257405,0.314790106178868,0.2525410233723316,0.36061016739739526,0.22729388985892204,0.3114413459649305,0.019138447446754137,0.4743656760450786,0.3335701449498617,0.4983625307280371,0.05752051733611422,0.338448991057076,-0.04302294927690984,0.0336858586151458,-0.34149566149925853,0.2361823965666144,0.06737028138882117,-0.18780099557099514,0.22209284784181096,-0.2627596560324412,0.16613441645146793,-0.03598469590649722
0.04034322556609436,0.08293350236301666,0.4912522517166407,0.12004686181775052,0.30720697162932376,0.4589771203270429,0.13353317103914447,0.6498799320919157,0.2491712583439511,0.22852485694160676,0.23078434524141592,0.15503514258374337,0.22041276218084416,0.2817671619153069,0.14881964406339482,0.23669588262710778,0.3237158595514302,0.23590173269339554,0.27507159781978524,0.3665699312385365,0.22092544453201263,0.2494770351943477,0.27996885152431894,0.39684005038195613,0.22978714898748434,0.2350219728639627,0.2043565056302897,0.357440240583293,0.30046161043543673,0.1888769481834704,0.23212449200780008,0.20358899057573224,0.16056808011842638,0.3337711776958199,0.33624947055863924,0.12452213488948212,0.20631997610750114,0.19569706157873293,0.33828489166897263,0.20417490811336556,0.19035308106503823,0.12095143655847235,0.28118195965326,0.009350327605679085,0.23210134654266434,0.22005200428446225,0.39073593705587406,0.042805730022799186,0.4431216172956937,0.003886453117704503,-0.23898516312129003,-0.0075955414826656105,0.2786436657887959,-0.1076767876329418,-0.12768395887020575,-0.02380660082966894,-0.16033040173428376,0.18573979922588846,0.04812046875210929
0.0962984038496656,0.40922587579034325,0.9058320091812113,-0.02602017873482082,0.30183888486498595,0.44846492309585795,0.3090235016270214,0.2491712583439511,0.9000276229274463,0.2954008390843001,0.346373433420868,0.39038558958534686,0.21353405308850448,0.3773554393878717,0.3912376529425384,0.31258197821553013,0.43491123548621974,0.3352750001697854,0.5364000373857941,0.4244396559222897,0.3733549105040155,0.587925196541225,0.4899854911923961,0.6325301209213555,0.27919451670496576,0.3247666298708678,0.2883452455776742,0.5532183339479044,0.32684825427566644,0.23476016070342579,0.38192347969996826,0.3315285674818364,0.39321500665898185,0.2771114500948538,0.42121855913803025,0.18742265291812651,0.09864265713919204,0.20738671888066387,0.36454971076007886,0.31264689569855114,0.3114040233062661,0.3385554162665997,0.424839036331352,0.0058481122278904295,0.30619643536864016,0.5247636391401064,0.6422072253902538,0.02698132746604007,0.6907353580666694,-0.2119823562180943,0.019613032000151236,-0.07641543677035809,0.27668988510705605,-0.03606765842194207,0.016525743099377054,0.1805966327014909,-0.41727912828027636,-0.041420201744571505,0.2654176473156629
0.1306370748509605,0.1834659493596443,0.5275035969356716,0.29392309448869797,0.10405318209316243,0.24538296557201827,0.14226273260248498,0.22852485694160676,0.2954008390843001,0.5731086493649421,0.22798743844013528,0.2725519446689537,0.17715224339506,0.24897202335635027,0.25432185631351945,0.226248603787083,0.29947353960687956,0.2150975025924361,0.3056259898214343,0.39734154744812433,0.20610851145296716,0.2526187445539591,0.19645820350292834,0.20275836668694217,0.21094700797068042,0.22533046570140614,0.23486230067981204,0.30018476065832156,0.3249454687731087,0.20864226958171947,0.16667895911000577,0.22787126179290948,0.14454756490008125,0.32758914493673424,0.31872693469584606,0.1827332023457167,0.2410556295098402,0.19580938379140156,0.31770843722485875,0.22655351407727653,0.3529134887663958,0.10941700656238518,0.27454247967093726,0.012676855941521792,0.4138153406688552,0.32312915609752846,0.4656180847613559,0.03767703999813014,0.2826535581460099,0.06781307320288536,-0.052356528502117736,-0.0390934800795987,0.039286864388847875,-0.004191489996823186,-0.008246835962352527,0.09508113983328252,-0.1617695266996999,-0.004782400411075667,0.010964080737825222
0.11987914816691976,0.34535244691748107,0.5624125572973394,0.06380432241538447,0.2795166152414634,0.31830813757648135,0.3092535137507804,0.23078434524141592,0.346373433420868,0.22798743844013528,0.4965446597287179,0.38188911899657235,0.19371770116409842,0.269305218346759,0.3799218431373663,0.29274624699464613,0.3745767840537311,0.2502191699280337,0.2587574173417879,0.3451583628359297,0.2825122235803377,0.31438584147889137,0.37684285278692875,0.4382729609708012,0.2616645183543031,0.18806111082985344,0.25589635570768665,0.35276748941055025,0.35515376539059634,0.23374485810432735,0.260835053007207,0.2391075438317089,0.21976304265682892,0.32162578172863354,0.4256689329092921,0.16715387821582398,0.15993775747868993,0.16461563983047772,0.2955541624510525,0.27181276535558657,0.3250392037584004,0.28147981161627084,0.29548892116162045,0.008379392261329655,0.30711907926341875,0.39908772752479815,0.5269976918933477,0.06957641311749727,0.4196496147250251,-0.12520640728451013,-0.008177530524659197,-0.11213410009101102,0.23845881400152513,0.02325539096130382,-0.09919491021616163,0.040969476494765046,-0.2422490429899572,0.09838388693703722,0.12884753394082582
0.16141517709853362,0.3246548958281682,0.6652767482914461,0.25872397741502345,0.36074174218000354,0.41244961223738197,0.3423399055133862,0.15503514258374337,0.39038558958534686,0.2725519446689537,0.38188911899657235,0.6662550980972177,0.16031764176469496,0.33422446585537785,0.395458243939439,0.36775754652341514,0.38945935823608546,0.1590732912598632,0.336348833097746,0.39431713443100247,0.3061770372487997,0.37473806889030997,0.3751252557155886,0.410670845961446,0.31840523292471884,0.22397445844298833,0.3283032736680517,0.3165694283103479,0.43488954500137506,0.23900492607343024,0.16518123774612606,0.3330551474533812,0.19787359053970346,0.3705986194900741,0.33795544361586727,0.30462021677505957,0.15176957034184893,0.1916267281427629,0.30458417456487885,0.26164066976892986,0.37925346486334705,0.31175491407351935,0.30951306435818465,0.012891836746270825,0.3450071411692483,0.4645742548979084,0.5170722075519494,0.053509002376569796,0.3656610185525703,-0.006361946589821651,-0.12628641503207952,-0.1283298206839709,0.16205421460708616,0.11320931704007171,-0.11670721905907053,0.049846964687977155,-0.3048907056633338,0.09394487946046697,0.16769344295789435
0.07639702069323036,0.2103658012194806,0.3359842101282779,0.02675084139794798,0.19329270129539397,0.2073894906596799,0.19043841988369967,0.22041276218084416,0.21353405308850448,0.17715224339506,0.19371770116409842,0.16031764176469496,0.31384274582257365,0.18168682070388423,0.12304067395069279,0.2020903160874007,0.19959343154267695,0.18069330041314044,0.22024112341822974,0.2265504298939048,0.14926624176320924,0.21226714269014185,0.24535170814221197,0.25635453613076786,0.17174027186924926,0.15044804682774535,0.1766243585213456,0.23155903955521878,0.23756474537225644,0.15337045341469033,0.13562258764813573,0.14290933397289518,0.1557671893149404,0.2264111319118377,0.2609238940828233,0.09775097763291772,0.169007951509135,0.11611047188142805,0.22228927227975753,0.15878311884853652,0.20024857101839333,0.10160408610710552,0.18763829683409342,0.008895360747374457,0.13260270699725463,0.20576050467773732,0.3085916407247067,0.03138692701865837,0.3485194462280333,-0.02403145344725651,-0.055164019186162205,-0.038650682784107104,0.18426975276530005,-0.07416230235254415,-0.04844110843574115,-0.015223786521903688,-0.05878441652366862,0.05471851050144696,0.0475846138000916
0.062191756133059196,0.15998754568204673,0.4248947790015599,0.1482986742768655,0.35019295995876637,0.4351132743488346,0.15609324521809423,0.2817671619153069,0.3773554393878717,0.24897202335635027,0.269305218346759,0.33422446585537785,0.18168682070388423,0.5940036593196851,0.4329496728122146,0.4245794038998721,0.3816767306498166,0.21285348085696582,0.3307966280866682,0.3857273922613983,0.3249603842718315,0.39877304008241765,0.4428823021477937,0.438098638282018,0.2920813748522169,0.3427066015466163,0.30093129446501166,0.35132596283185696,0.3952027515928273,0.2935510767436932,0.1871343412646612,0.4874383758481561,0.23276748176690937,0.40729037630822135,0.3537571351390155,0.2828478503805527,0.12057002959720825,0.20003811908299451,0.34876932953516987,0.2580036167346647,0.39919835044763413,0.27861028659882237,0.3324470732653014,0.014827653928097892,0.34821121571972463,0.4648246014144478,0.5556894331011638,0.05397811496711279,0.5175144990967897,0.05827475906571285,-0.19217507782058726,-0.18307664273263588,0.17758466269770926,0.09205530899943119,-0.16602234461725832,0.01032717533696988,-0.3192231155703495,0.19004632236541882,0.15024604189196375
0.15006485361783478,0.5674687529469954,0.5780660101350383,0.01664410081403322,0.32318566849303987,0.35410413589909545,0.24121223918538337,0.14881964406339482,0.3912376529425384,0.25432185631351945,0.3799218431373663,0.395458243939439,0.12304067395069279,0.4329496728122146,0.9222599323092951,0.3572079931029208,0.4289842061591992,0.37896888269070256,0.40819581896786566,0.37886587849630005,0.3920472347733068,0.3670578431649005,0.49506296084865264,0.46063827099539617,0.3589677848574027,0.35038905811945437,0.2848210676050783,0.40121042423902,0.44995861247569013,0.3316033857910021,0.2707741952459766,0.38902065484656745,0.27655455719140193,0.39803912624317944,0.42140283438896564,0.2768242222873337,0.17173995190870217,0.16490430649997342,0.44550489740994514,0.31825959817226296,0.4795657287592947,0.3789989602860234,0.37480165989221786,0.011204174531997669,0.5225506689560397,0.5487860385860845,0.6663003998459779,0.09572854513480523,0.4955098684538078,0.27831266498537277,-0.047635761746191864,-0.09854456254640313,-0.13189461573543523,0.08959067427297239,-0.17659451109873117,0.13194960937339328,-0.417620254537791,0.16093841575923937,0.17252550940714242
0.0958958263645297,0.22728251786614645,0.4410061083699184,0.18674828771516316,0.3113557961812561,0.36468456176725744,0.2309525206314811,0.23669588262710778,0.31258197821553013,0.226248603787083,0.29274624699464613,0.36775754652341514,0.2020903160874007,0.4245794038998721,0.3572079931029208,0.5675203912195315,0.39751392995750146,0.1648204104311418,0.28601381020637223,0.40656004117759154,0.2928570184625255,0.43032195343356494,0.3103006941006893,0.3791886704032058,0.29502658283078914,0.3010375918088331,0.3134060590157512,0.3503832931428622,0.36873253672677997,0.2823048519019843,0.17988476677796808,0.3545013539636075,0.20571549350869994,0.3712356343877782,0.4505204222237569,0.23227884630355025,0.1788593490637445,0.20103479772811894,0.30877844450084463,0.265735628120753,0.3794981829818372,0.296531404492585,0.35457239958732883,0.019514709663828247,0.3416062356591188,0.4277741217036446,0.5196300570422105,0.03674436927944756,0.4677983316147292,-0.029470425518306656,-0.1790032487355055,-0.16539015062495996,0.25020804920024164,0.07769847072227819,-0.13790490351707252,-0.00014464431412224924,-0.3072108056722677,0.16480015414168506,0.17303155228846553
0.0919239970640868,0.11490964003446838,0.7204035151501721,0.19725872528771898,0.17749161757276352,0.42270782911690524,0.31093242412951294,0.3237158595514302,0.43491123548621974,0.29947353960687956,0.3745767840537311,0.38945935823608546,0.19959343154267695,0.3816767306498166,0.4289842061591992,0.39751392995750146,1.152580149521841,0.20420778879283605,0.4137594574882499,0.5492593418252438,0.43103227966463287,0.4144946270385055,0.4873684417467768,0.5527030888666592,0.4080898051351024,0.26845361873561724,0.3289375449509325,1.0197777640290555,0.34186308757434486,0.2742480050512484,0.2974572469462068,0.34615902456679426,0.5253692395385341,0.36420663107888773,0.4679053302250264,0.190209080170038,0.5455928315940342,0.26210500388122254,0.47371328614822583,0.2848059893285467,0.5647659902876445,0.5754387568223788,0.3736852554478113,0.01519558741217252,0.6631604205064082,0.5498861140982473,0.8705780184777683,0.1502702517209686,0.4553195329962043,0.24562842705613538,-0.32861798220499255,-0.2338559427901535,-0.03422493238476111,0.07060476388021522,-0.17977266982194126,0.043423310589667315,-0.39260889857942133,0.1911217199024572,0.08571754137557165
0.15625965586940715,0.7659679708904829,0.43999736446583176,-0.05334527615973329,0.21849941555079325,0.21658494000133044,0.2841658258667964,0.23590173269339554,0.3352750001697854,0.2150975025924361,0.2502191699280337,0.1590732912598632,0.18069330041314044,0.21285348085696582,0.37896888269070256,0.1648204104311418,0.20420778879283605,0.7637142076186905,0.28469405848228735,0.11783496850165226,0.3075344705754774,0.2509647629692251,0.3844040217056483,0.31702849996547877,0.18461369750371634,0.2929389713539205,0.1378552051559209,0.26421059105912015,0.18071369397538165,0.011990518268596026,0.44000199192337036,0.19685633663769614,0.23376576653619932,0.25319583045166166,0.28153792893803126,0.1575608527701292,-0.04437947979324478,0.0542736534205117,0.4284147616692632,0.2656495049892493,0.20840767243971325,0.06983118854745439,0.29891514714401285,0.017272536958166978,0.6258978386565635,0.3045456374487777,0.4266472517781906,0.01400763994192467,0.2205296622354589,0.0840789894483078,0.30793700254071565,-0.02617079226241443,-0.31486608204253663,-0.05482188734352292,-0.1646575155258182,0.13656600366789168,-0.1580344026911133,0.18807166316724444,-0.08273079927285121
0.15067088920248684,0.49826728682722193,0.9114100033309405,0.2075894164318448,0.0837611251543571,0.3323154439009917,0.3259285148760778,0.27507159781978524,0.5364000373857941,0.3056259898214343,0.2587574173417879,0.336348833097746,0.22024112341822974,0.3307966280866682,0.40819581896786566,0.28601381020637223,0.4137594574882499,0.28469405848228735,1.6585289290651097,0.5676214084509982,0.43674737556954224,0.43978039516814926,0.2660520143391065,0.36793459668199124,0.2430623199967266,0.42168392734536486,0.28012686882808374,0.5635760614562286,0.4283547046972081,0.3193770596151811,0.31914216939413625,0.3135698150385305,0.39344578630873767,0.2999868236490403,0.3428973392364924,0.4237123918485695,0.1581991510654184,0.27055291078591437,0.5917899778502855,0.3202519524466465,0.5170764109181005,0.2749988247548634,0.41920617874365723,0.011200660933639962,0.7509987353219099,0.5697863870528324,0.6101923942692667,0.06704356723352736,0.43446563802443855,0.5496467532261117,-0.27808275847574754,-0.1875885329272257,-0.3129261673930589,0.020199922655482528,-0.0829632584534829,0.1442141493851812,-0.32952532084391584,0.06265075781131543,0.12509830399539906
0.17017609768832628,-0.08501104736692341,0.8253802229385184,0.12375196675900586,0.23927104562684023,0.49319292928114605,0.24987532880635835,0.3665699312385365,0.4244396559222897,0.39734154744812433,0.3451583628359297,0.39431713443100247,0.2265504298939048,0.3857273922613983,0.37886587849630005,0.40656004117759154,0.5492593418252438,0.11783496850165226,0.5676214084509982,1.7882475818448653,0.31389527198222017,0.4031085749153104,0.6125729928281763,0.5712408882453822,0.4776176091317251,0.5569050513203413,0.5055648803241776,0.9286217650563521,0.32221716967423925,0.3190869920486291,0.16198272868953864,0.35834417499136245,0.33693524107005124,0.4542887250343015,0.6245416918517377,0.13228823336532006,0.9777030864094803,0.8184955994761614,0.48382486269047154,0.5227825392267401,0.61457491543118,-0.09601791012448493,0.6636536304646226,-0.05273231299031001,0.9840133700940727,0.5050333435959454,0.7921691932474574,0.12034177294832019,0.6451523284160936,0.2708827093294115,-0.5583864409111239,0.32425742437189686,0.07661229950993731,-0.028084123974805593,0.07923606206785846,0.034353529041290486,-0.24893136423950027,0.06491146463827524,0.0011173549277590188
0.08178220080181492,0.36546718260992955,0.5542719563248912,-0.011387525732102504,0.22420087543603243,0.3246949655076865,0.2932907582536261,0.22092544453201263,0.3733549105040155,0.20610851145296716,0.2825122235803377,0.3061770372487997,0.14926624176320924,0.3249603842718315,0.3920472347733068,0.2928570184625255,0.43103227966463287,0.3075344705754774,0.43674737556954224,0.31389527198222017,0.6881463122958045,0.3384036745858145,0.31958088453402145,0.46745312623427887,0.302323639470833,0.4395854589707451,0.2405920264268502,0.25523839377593605,0.4407428413430578,0.26428077843863235,0.47983206977253606,0.2816144112417837,0.4467935912517321,0.33695398904764623,0.5263324978670308,0.29775125557448223,0.14407878704889646,0.15075363593576468,0.8030135082559696,0.44204877692749844,0.5441909250029686,0.500116879622623,0.40213721801121943,0.033687605360928206,1.1890539977500485,0.5888456379078594,0.8638281914140044,0.1568895720053142,0.4593249656353095,0.34704169102400556,-0.03700857336885788,-0.291787809628342,-0.02412781080112816,0.05576423051712462,-0.14402886522702038,0.06313260453861086,-0.35537882932791715,0.1231581017067641,0.1428670821520783
0.10164918065485434,0.30546718305884357,0.6767646844265647,0.07748437327794074,0.3004057784333927,0.4064609507252525,0.2783044321571871,0.2494770351943477,0.587925196541225,0.2526187445539591,0.31438584147889137,0.37473806889030997,0.21226714269014185,0.39877304008241765,0.3670578431649005,0.43032195343356494,0.4144946270385055,0.2509647629692251,0.43978039516814926,0.4031085749153104,0.3384036745858145,0.6113011879636246,0.4258429408767828,0.5066930938032864,0.3036658188895643,0.3351015060796475,0.2988592618847792,0.4297699740636983,0.37924802627130394,0.27298903826560755,0.2595207125417265,0.33824385012699165,0.3148089648531963,0.3200077711713112,0.43909725617739787,0.21063803979238416,0.13827328920444432,0.19765049791377343,0.35025826501057983,0.2889717328882381,0.34639442314698854,0.3461860811757363,0.4043523732030146,0.016052262535335062,0.2962902444142976,0.4934512562016382,0.5949950389617839,0.004323298884711495,0.6410066143874041,-0.0824393902523951,-0.10163968276759854,-0.15811924386394294,0.2761050623438351,0.020252969599547848,-0.05552010905653353,0.08179704738317405,-0.3579634436048114,0.06506019774979535,0.2215261817963516
0.019773721753705665,-0.5858191107283092,0.6877804749220529,0.013854458240447393,0.3851137610268008,0.43291737686077153,0.3325263089755317,0.27996885152431894,0.4899854911923961,0.19645820350292834,0.37684285278692875,0.3751252557155886,0.24535170814221197,0.4428823021477937,0.49506296084865264,0.3103006941006893,0.4873684417467768,0.3844040217056483,0.2660520143391065,0.6125729928281763,0.31958088453402145,0.4258429408767828,2.2089503104415873,1.0986109658786987,0.6111174010173336,0.3088519532486369,0.32673813588316725,0.7149299756456852,0.5670428679258042,0.41370422789214883,-0.19293469344390093,0.3666069440731145,0.4745502567780066,0.4113755927254606,0.29893553062712097,0.1807882844799781,0.5539012574010286,0.20629637883060406,0.3060384940121695,0.3993174427381199,0.6573487312740905,0.1557962196080104,0.3951625027199437,-0.04654586985018584,0.047346023463791964,0.5460213068056864,0.8636059482452852,0.14275360724419872,1.1156307294456194,0.07147546095286592,-0.28947871896658905,0.022971369619379078,0.3279145888250332,0.01756896011985461,0.061285431679262294,-0.0015673344142403754,-0.498469560369339,-0.005546016347479516,0.3752879286174294
-0.19588011649478004,-0.10192410037938106,0.789849075839288,-0.24095527700703556,0.3836509098299728,0.563070462479919,0.4209785686721153,0.39684005038195613,0.6325301209213555,0.20275836668694217,0.4382729609708012,0.410670845961446,0.25635453613076786,0.438098638282018,0.46063827099539617,0.3791886704032058,0.5527030888666592,0.31702849996547877,0.36793459668199124,0.5712408882453822,0.46745312623427887,0.5066930938032864,1.0986109658786987,2.107587969368747,0.46678208590811776,-0.03803947183088298,0.3554893851029564,0.9275244079434559,0.10498777127073639,0.3337692713367725,0.8668499473016158,0.3041329747843744,0.5170280224428454,0.16651897812005356,0.9239684119808949,-0.057794550092946075,-0.035548102335403044,0.2600771287152237,0.4733352592623142,0.5551575175712742,0.2919663997450188,0.4187575106312793,0.5107745332246771,0.0028365541327859483,-0.01790273779911049,0.5532075532592571,0.9423010183503131,0.1677807930106443,1.3409556631609492,-0.37619484505482065,-0.38056122457197955,-0.11123233228897327,0.7683007601539212,-0.011830100946546318,0.11891926746777128,0.1190258378108974,-0.43033526812550577,-0.09337885389946131,0.44710365520452
0.13103378850146818,0.009335808375938,0.5245674213331913,0.06521142987032526,0.27140837538736196,0.3083332413835449,0.2470869994667402,0.22978714898748434,0.27919451670496576,0.21094700797068042,0.2616645183543031,0.31840523292471884,0.17174027186924926,0.2920813748522169,0.3589677848574027,0.29502658283078914,0.4080898051351024,0.18461369750371634,0.2430623199967266,0.4776176091317251,0.302323639470833,0.3036658188895643,0.6111174010173336,0.46678208590811776,1.2260192406688513,0.38212045469598993,0.2654147127215786,0.27442465819502787,0.7641548829171928,0.2964192654764656,0.022447267185009823,0.24810774165157337,0.23126452653293147,0.4206804091141635,0.3704952274612039,0.42460413678855463,0.5712568773507353,0.23787260638470764,0.22269503432064597,0.2434110705382788,0.5797492574556549,0.2605754508902288,0.32876297950432876,0.014707972365563857,0.6535393836103222,0.6990716076453876,0.5583855210087758,0.05894248967570377,-0.15858646586592104,-0.16718017875635144,0.20963702279851604,-0.05541985235131724,0.25071559301844043,0.010671571480539953,-0.05750271107271485,0.0306993009721348,-0.21179363134152598,0.06368964517358242,-0.021709739514089797
0.16899144203389205,-0.19169531574747187,0.4336523288020861,0.12127731659045977,0.2869153166058474,0.4187012902530891,0.026552189685080798,0.2350219728639627,0.3247666298708678,0.22533046570140614,0.18806111082985344,0.22397445844298833,0.15044804682774535,0.3427066015466163,0.35038905811945437,0.3010375918088331,0.26845361873561724,0.2929389713539205,0.42168392734536486,0.5569050513203413,0.4395854589707451,0.3351015060796475,0.3088519532486369,-0.03803947183088298,0.38212045469598993,2.620682162165284,0.2213133781466885,0.36249916811541005,0.36389112707355253,-0.15072351927937147,0.035521668232878445,0.411417132239581,0.3502932349316774,0.4871140409074044,0.28808326367380005,0.3055923276671867,0.23929763622213776,0.23686835015436156,0.6403711859038972,0.4271309361354668,0.5823978264650307,0.13966620355315407,0.179975050022178,-0.08828839273764956,0.9702726842110664,0.2580310711545941,0.37185815478401824,0.11447880136327879,1.1362452515035304,0.6349649621630561,-0.02280320203888148,0.1564833377744003,-0.6944353351803523,-0.0078053950011522,0.05229748343947405,-0.053184370747736257,-0.02937701721259134,-0.05760194850624416,-0.015188716935792225
0.0930457733829484,0.25671454796971743,0.44545417610417515,0.12939150354037643,0.21010952385506018,0.29451883709570725,0.23039409016550597,0.2043565056302897,0.2883452455776742,0.23486230067981204,0.25589635570768665,0.3283032736680517,0.1766243585213456,0.30093129446501166,0.2848210676050783,0.3134060590157512,0.3289375449509325,0.1378552051559209,0.28012686882808374,0.5055648803241776,0.2405920264268502,0.2988592618847792,0.32673813588316725,0.3554893851029564,0.2654147127215786,0.2213133781466885,0.48980703274679016,0.3734303281398248,0.25885837254003347,0.21719877454763364,0.15894663331493658,0.33254038678203407,0.20245964095628377,0.32912882860468473,0.3633609517460886,0.22128930517676348,0.2674816840282678,0.25617722418171096,0.2803134543475563,0.27596446276171976,0.39980914600842044,0.16359181194971792,0.3325007317207716,-0.007279479075140495,0.3787902480208902,0.3819066143078126,0.4675946587140864,0.06993214529181196,0.43420826865569423,0.025800678748681794,-0.17926787652577603,0.006751393122072404,0.08102338888394198,0.054329144033283636,-0.08705994262495709,0.027073435913232052,-0.20530137745831722,0.11369987930321342,0.0853191287031098
0.06291191561782813,0.22709952169195227,0.8308334407404591,0.23276755121068882,0.0861713013570297,0.48501537604262623,0.24660039904982242,0.357440240583293,0.5532183339479044,0.30018476065832156,0.35276748941055025,0.3165694283103479,0.23155903955521878,0.35132596283185696,0.40121042423902,0.3503832931428622,1.0197777640290555,0.26421059105912015,0.5635760614562286,0.9286217650563521,0.25523839377593605,0.4297699740636983,0.7149299756456852,0.9275244079434559,0.27442465819502787,0.36249916811541005,0.3734303281398248,4.66448412780151,-0.5194379614353323,-0.07271681387383559,0.4554704150644985,0.38302587997521975,1.2587786451505956,0.008958882260523464,0.14576463065638073,-0.37954268700398014,1.1804569557753994,0.36985391897707154,0.2223365320911456,0.12251452292328192,0.6945557017413603,0.7014287406666732,0.5082164231249946,-0.01885313963495347,-0.5360458943625802,0.20401161796120187,0.7971629992127469,0.3665952957033377,1.5207929339390278,-0.02091576630396492,-0.9787364927496436,0.9618760016784231,-0.27589359432841726,-0.08797160622192335,0.4346415703160226,0.01532419709450205,-0.3070266890676706,-0.31866918665361893,1.06642075099119
0.06416505348493115,0.11049898850659386,0.7149202513773553,0.08566902122804607,0.42411656591715297,0.4544450807522998,0.1966931603300273,0.30046161043543673,0.32684825427566644,0.3249454687731087,0.35515376539059634,0.43488954500137506,0.23756474537225644,0.3952027515928273,0.44995861247569013,0.36873253672677997,0.34186308757434486,0.18071369397538165,0.4283547046972081,0.32221716967423925,0.4407428413430578,0.37924802627130394,0.5670428679258042,0.10498777127073639,0.7641548829171928,0.36389112707355253,0.25885837254003347,-0.5194379614353323,3.300612897070452,0.7439921702405722,-0.31286590238311346,0.351494216268634,-0.05987234464047839,1.0824190875797637,0.6016715678836435,0.8159688914333785,0.8772588674153422,0.10274702312607475,0.552468746544748,0.39554485639725884,1.3814520859885135,0.15859471126247418,0.2600891916860076,-0.015932975903280095,0.6546604949327441,0.7901065285736065,0.8075064792150182,0.03872268979618614,0.6050059406928766,0.22940790688608398,0.1025173515635529,-0.33216598152788385,0.23832735215880613,0.06248513163850828,-0.12653201169843362,-0.14690463804946227,-0.3363130571454679,-0.0012385663605332595,0.2065860947796008
0.209408227733854,0.3232250314502347,0.656038329595825,0.1864392245109096,-0.3412713614063713,0.0037463920966389177,0.30119006492481565,0.1888769481834704,0.23476016070342579,0.20864226958171947,0.23374485810432735,0.23900492607343024,0.15337045341469033,0.2935510767436932,0.3316033857910021,0.2823048519019843,0.2742480050512484,0.011990518268596026,0.3193770596151811,0.3190869920486291,0.26428077843863235,0.27298903826560755,0.41370422789214883,0.3337692713367725,0.2964192654764656,-0.15072351927937147,0.21719877454763364,-0.07271681387383559,0.7439921702405722,3.943749763353537,-0.4324861106711792,0.12426214511152035,0.2762668765171074,-0.032993888479202704,1.0900335299569117,0.47155523546524675,0.423717598174488,0.12858390893236704,0.7945714885440167,0.7520486571989196,0.46329129474489295,0.47725667165504854,0.8674508849761308,0.05527252654153467,0.9399696027909147,0.2925096033261179,0.7712770375731631,0.2568545226494511,1.9774991626415903,-0.3501059119588216,-0.0005809738203894889,-1.662352903596386,1.653950097436301,-0.003416937371448954,-0.11303612147827032,-0.19428809429937383,-0.3530021489754048,0.3749155229721579,0.3847540378202499
-0.022910400829948264,0.6226982199252091,0.3990763850190389,-0.33354496338091394,0.2283565975294727,0.2885023631368133,0.2557101570086071,0.23212449200780008,0.38192347969996826,0.16667895911000577,0.260835053007207,0.16518123774612606,0.13562258764813573,0.1871343412646612,0.2707741952459766,0.17988476677796808,0.2974572469462068,0.44000199192337036,0.31914216939413625,0.16198272868953864,0.47983206977253606,0.2595207125417265,-0.19293469344390093,0.8668499473016158,0.022447267185009823,0.035521668232878445,0.15894663331493658,0.4554704150644985,-0.31286590238311346,-0.4324861106711792,1.8677387351331534,0.10181106779288172,0.29955718232256745,0.06775854637568134,0.8128453104634109,-0.0572324446123213,-0.6959512693393293,0.1374053907634072,0.6041651325461105,0.3861242121099616,-0.13431595227468401,0.45378758285363596,0.34302939782939285,0.07357861779516683,0.700847685566298,0.4266550030214949,0.6205197598247736,0.04564127688812371,-0.079986917607979,-0.33363779498384116,0.1850348194792857,-0.24877081767226028,0.20195631044841317,-0.028080506228973484,0.07548838136567376,0.24064164226345794,-0.002809760339936157,-0.051870927325897445,-0.13446700940336673
0.052844962224872484,0.18822577297050577,0.3058224155687025,0.20979618347213527,0.3413108334529896,0.3962534362089281,0.15513500400354827,0.20358899057573224,0.3315285674818364,0.22787126179290948,0.2391075438317089,0.3330551474533812,0.14290933397289518,0.4874383758481561,0.38902065484656745,0.3545013539636075,0.34615902456679426,0.19685633663769614,0.3135698150385305,0.35834417499136245,0.2816144112417837,0.33824385012699165,0.3666069440731145,0.3041329747843744,0.24810774165157337,0.411417132239581,0.33254038678203407,0.38302587997521975,0.351494216268634,0.12426214511152035,0.10181106779288172,0.8745015397192918,0.22299331395132607,0.4579240366649502,0.10104420953864121,0.3221325750667473,0.009780060496376381,0.22937702781374938,0.23527249195174224,0.17087093468961778,0.42020514797176794,0.1803584689784384,0.21433465762132733,0.00798003285477245,0.347533510409162,0.46437772961162854,0.49464038402111193,0.035781063021929765,0.3276265826416907,0.07045309965558731,-0.009161407325656791,0.20707334552440812,-0.5301579317099231,0.15452607443566319,-0.21195830848162286,0.03914219000900882,-0.2822038621887982,0.19727518312710118,0.06495581269486757
0.1786813291446394,0.23997643586654124,0.5895104716231953,0.10329312546185358,0.01974494460748632,0.174765757068844,0.26777240466471486,0.16056808011842638,0.39321500665898185,0.14454756490008125,0.21976304265682892,0.19787359053970346,0.1557671893149404,0.23276748176690937,0.27655455719140193,0.20571549350869994,0.5253692395385341,0.23376576653619932,0.39344578630873767,0.33693524107005124,0.4467935912517321,0.3148089648531963,0.4745502567780066,0.5170280224428454,0.23126452653293147,0.3502932349316774,0.20245964095628377,1.2587786451505956,-0.05987234464047839,0.2762668765171074,0.29955718232256745,0.22299331395132607,2.082566417904411,-0.2081453892072978,0.20148006071786004,-0.511509847683613,1.1183557139422717,0.15470530891361603,0.3200648176751775,0.14013151909313923,-0.014193835782031098,0.6905176689119733,0.3964588957458486,0.021374967444263492,0.08944546597509367,0.5849315509541033,1.1398884450117526,0.39282542675142795,1.0888455340349708,0.3698536402640405,-0.31698058842264654,-0.32222602937692946,0.2514463827763326,-0.11352521963163442,0.2820698064587145,-0.04898411635461947,-0.16611476773522807,-0.15517832393113684,0.39889271508130103
-0.24366045467576214,0.13001001234193982,0.39955765739078797,-0.06268100017159077,0.6039392501367505,0.45041172895392945,0.25074774423881774,0.3337711776958199,0.2771114500948538,0.32758914493673424,0.32162578172863354,0.3705986194900741,0.2264111319118377,0.40729037630822135,0.39803912624317944,0.3712356343877782,0.36420663107888773,0.25319583045166166,0.2999868236490403,0.4542887250343015,0.33695398904764623,0.3200077711713112,0.4113755927254606,0.16651897812005356,0.4206804091141635,0.4871140409074044,0.32912882860468473,0.008958882260523464,1.0824190875797637,-0.032993888479202704,0.06775854637568134,0.4579240366649502,-0.2081453892072978,1.7144437904872023,0.4114599703623845,0.44916091274323244,0.6025485233702126,0.19705213579085049,0.5311843317240991,0.19122535299680815,0.8046374956413026,0.25811145090388615,0.46537198261618967,0.04515599796474029,0.7231302356688414,0.35642306706632926,0.6593331174982461,0.019282085919670143,0.038687562828639534,-0.061223465023108305,0.07401370607624287,-0.20505895849857061,0.2043415437523801,0.023868313873192184,-0.12349760450641871,-0.0035065240347150403,-0.3625650752651718,-0.0013530649451271855,0.27233130458406024
