1.0965914322013393,0.4308938899324204,0.7019789942658835,0.059462440677148426,0.03615689730755663,0.22245860687798705,0.2596227093927291,0.09302552542594943,0.1301119205690351,0.09225415200809088,0.1478548623401629,0.1826201716671037,0.0945039919994697,0.1680255940682385,0.16247824639181088,0.13875335710863554,0.11829471602958312,0.15133830824928712,0.08744686816401334,0.1404547739163324,0.12262653130006107,0.1264099918710829,0.1379596660260616,0.0386947786348736,0.1483042513489404,0.1971302238240625,0.1768304575672577,0.05014286527988396,0.07884691041491651,-0.008744663332849711,0.16916754260984188,0.15338707814156996,0.08918530928858143,-0.0016904607603226835,0.07923072034590768,0.28691064165010655,0.05607748586068874,0.10513570075725504,0.04260415439316088,0.005202009559265293,0.09009038771059552,0.11222418738712746,0.012224268845127314,0.013951066023163091,0.07973274157106046,0.177632831262173,0.03923848911500611,-0.034798503964458265,-0.3176018950253141
0.4308938899324204,2.168108007915539,1.374069195008933,0.09444722645424829,0.0030859050972406417,0.4049161582531444,0.28715183896858776,0.23298803377794447,0.15711577198089496,0.2985679455210977,0.2560585526583759,0.28552371533958626,0.14831989669379683,0.19888041534080067,0.22721883895526998,0.19437118867141243,0.26421086579977604,0.38821676856008913,0.13575267961080598,0.49705973690449673,0.21103478866348743,0.1567683828866225,0.01355569706288515,0.127679729560355,0.22476861940998358,0.3162211404747643,0.5626953271844811,0.3201416137352298,0.2902970490994649,-0.05807533442283147,0.3331065221351036,0.22544718021743168,0.0396653641914108,0.34368186517357,0.16304159794531037,0.5102906583099595,0.1768324903827823,0.2733422903866264,0.08329706463416192,0.0023628924753157617,0.08171240563033545,0.21778698057191528,0.15851856975575335,0.020098879437598003,0.28201342334330926,0.29626631907486456,0.15569125013060903,-0.035417170516570874,-0.606603962472365
0.7019789942658835,1.374069195008933,3.1555061132383493,0.2017041974252687,-0.21573465161403288,0.6167090088026341,0.43429595791925185,0.34044701521859627,0.2812476797291555,0.3611367802555871,0.31652974285054025,0.3554141634583608,0.20967271317602948,0.28619559017299195,0.28792678149531115,0.247417342381122,0.3184626745870107,0.3552529781005301,0.15359305491166905,0.25294458704700673,0.20810563103017335,0.24137320782956145,0.08900767138553034,0.17777972200516695,0.31522926758293757,0.49597425089099273,0.48542135140156856,0.3911194058225367,0.2062382079751728,-0.5502192868642594,0.36395452601927575,0.3113295844179365,0.011806318920775723,0.4557558271987061,0.07415664580203181,0.7681160338431718,-0.021016555012935347,0.1942384093041674,-0.09342726941678617,-0.24967451767410523,-0.07619432453975472,0.19089326892982442,-0.054834693176434066,0.038059076664243324,0.19072711385344487,0.560814329239542,-0.09265043409736096,-0.15200332203864655,-1.396075033642448
0.059462440677148426,0.09444722645424829,0.2017041974252687,1.3106090783409678,0.46517003361128734,0.4476098357322109,0.40690243855738445,0.28730410562581027,0.1655008758733683,0.27692081213914616,0.2915047622050788,0.39132137832093744,0.20689491081035893,0.33520514363200277,0.21783400271322106,0.350945993673194,0.3236212714859962,0.17934374446677287,0.3303935257592801,0.20720673401303016,0.15983333675622374,0.2501754507688715,0.061201135201032514,0.2214436802973151,0.2360665555821452,0.2825118863637915,0.2033599719028395,0.13128515234799304,0.2706356377801541,-0.09146474434492813,0.17210242535709772,0.30643465875305514,0.03689862234228419,0.3041454294029408,-0.16306475648276442,0.33620024720965286,-0.028764164079224278,0.12638532123677043,0.16486313024087668,0.06295995038130817,0.10482823613896781,0.14920879653455268,0.0833715353825343,-0.00948422356359568,-0.055790524818618965,0.13795366883391863,0.08912772098036324,-0.032858578550063244,0.13865429127299728
0.03615689730755663,0.0030859050972406417,-0.21573465161403288,0.46517003361128734,1.278054040142189,0.2793657877677772,0.2838558241108773,0.30315949814083976,0.15848982115593155,0.3357439259270103,0.26592541092695926,0.32616980452754774,0.22463709401654158,0.25643194882093284,0.2466327786462351,0.32130328412772036,0.27402975028229126,0.1819808266192879,0.5388208406453459,0.1850450836660505,0.14432210026998904,0.2358718710164479,0.053344426367283676,0.23205446892264545,0.20662570679371225,0.20917640674786286,0.19028066394524748,0.09987234907923039,0.2546967877130578,0.059819629210108326,0.15977025554617585,0.24594893209109006,0.05683763010176669,0.23279238508713843,-0.13216564953506693,0.26507030332743764,0.06790783415871159,0.10699358408960415,0.2289906337329558,0.11128151234806186,0.15602412281078154,0.13774689538591126,0.13341786945564657,-0.005932398849209524,-0.05136366012877651,0.11231948847137235,0.161312332585716,-0.017588748648811773,0.28386055828317025
0.22245860687798705,0.4049161582531444,0.6167090088026341,0.4476098357322109,0.2793657877677772,1.1014144390093517,0.3316029367299259,0.2995279180956886,0.13941890705088708,0.24365799078239983,0.3311655607057121,0.43017238718463635,0.22602059951521428,0.36403725897853645,0.22102271710659083,0.3579913729771171,0.41147929679653145,0.23744960107653615,0.4968595132160203,0.3389429043563271,0.19287066140801876,0.24501079260677916,0.10018367006732476,0.2316642364715347,0.26494638907869655,0.34093715803777574,0.25504087013984933,0.15441716575973513,0.35272365764872227,-0.05849386121701015,0.2519457729824586,0.3365040051490493,-0.03930063812571546,0.3837952892511779,0.1187560883611923,0.42080817974314694,0.0028524538770313052,0.1966336383392714,0.1555434880682011,0.07240400464617029,0.06128430816393259,0.1966472815228386,0.10413511441436396,0.010618359060213009,0.11127827773133304,0.24317862746683108,0.07316791745330786,-0.05341296495593847,-0.25504169628853357
0.2596227093927291,0.28715183896858776,0.43429595791925185,0.40690243855738445,0.2838558241108773,0.3316029367299259,0.7532279051106963,0.1568394081849479,0.24500437410163045,0.1512605139480943,0.2800470264514011,0.3913805446409623,0.18324162249812515,0.16888433193993385,0.23291777951537254,0.2145495629180109,0.2968280099385178,0.1802718955147832,0.23594894602839148,0.22005042569460828,0.14971633554128222,0.21420883397149276,0.06837304991332345,0.17380595889598088,0.21228884223381092,0.27143362010628963,0.2464450566011199,0.12907188229886254,0.23424618889650717,-0.0541986729843792,0.18504538173224275,0.2115698058052435,0.043982658908914826,0.27879512968355336,0.04606224390145152,0.3206818210827166,0.0479156950994147,0.1307500269709443,0.17575571783536204,0.06426111302012671,0.058167889933934666,0.14750334498041234,0.09578450924130466,0.008796956052263511,0.046676163922858935,0.16109681165425271,0.0920019764897082,-0.029249914579370432,-0.028242517330955084
0.09302552542594943,0.23298803377794447,0.34044701521859627,0.28730410562581027,0.30315949814083976,0.2995279180956886,0.1568394081849479,0.7916861321746311,0.21436874632179534,0.4376275801132997,0.28423691199159634,0.20718621895044276,0.2417119696526162,0.29233785601898354,0.1765200424607827,0.2341385060886315,0.2372312648465654,0.2786019582221949,0.23797539153582872,0.18128965164967922,0.1822294859186666,0.2247277690541342,0.08363475460067832,0.22231274785598407,0.2700913380046984,0.347404414382675,0.2509455330059209,0.05718599705048425,0.3001693706805691,0.06129845317148196,0.17290596456561533,0.2539126825684923,-0.0006030607363662164,0.33963733725755507,0.2713061787769625,0.24796882103475817,0.19139105287356695,0.10276183359757224,0.26396600579995516,0.11231742968713575,0.1023623845550137,0.18148715507951982,0.14654146078393032,0.01772442311041486,0.09654439211917473,0.18651256140646497,0.21774034541884676,-0.02942831919574969,0.0804871347795313
0.1301119205690351,0.15711577198089496,0.2812476797291555,0.1655008758733683,0.15848982115593155,0.13941890705088708,0.24500437410163045,0.21436874632179534,0.7176238561535527,0.09006469789624465,0.16410589148912896,0.13600243035645423,0.1373328494850203,0.16586563068677698,0.26760277953535966,0.10877733496910784,0.13659363129543656,0.17933992867471643,0.12404798070601755,0.08865888049076455,0.18794063424238158,0.3646071152572782,0.06114212564321738,0.20508717366747567,0.15536321747747206,0.3335952801553985,0.1699885617305153,0.15305196754154254,0.23119237600708858,0.02915429159529207,0.15813154250616565,0.20335282089918247,0.10971572545796168,0.2502474932214653,0.12424522232805224,0.2655696203429634,0.16654881327253981,0.08255093430877058,0.164944112233644,0.07196150265240166,0.10814009831561928,0.17312126845361533,0.14337195039299996,0.03785408322480496,0.010130836976853857,0.17988156344172676,0.12164672431318427,-0.05416928895006394,0.260135147833583
0.09225415200809088,0.2985679455210977,0.3611367802555871,0.27692081213914616,0.3357439259270103,0.24365799078239983,0.1512605139480943,0.4376275801132997,0.09006469789624465,1.1885960353281082,0.3191046962378246,0.36762136371420673,0.21736466623443196,0.29154119714081267,0.2564577161683941,0.30515048655519056,0.3616632345460386,0.35504559228162547,0.2602415348759222,0.18651458360046452,0.16844992099689335,0.2044011576543497,0.1485054390559528,0.25115732700288945,0.335040836899166,0.25977705539224893,0.4432647902649666,0.12044046916936926,0.33026724660987944,0.15993826397903005,0.22247960131659605,0.25037977362850194,-0.016876797139456327,0.3840356950315588,0.26638849319763724,0.4079523609694851,0.23248170574600063,0.10406397612485646,0.3019575653681331,0.1351305076998359,0.16464348385886104,0.184003660138418,0.21385088212476733,0.03045382360642676,0.09739575611327975,0.24124094909941474,0.34316793291905445,-0.029508361882971967,-0.06980083956416963
0.1478548623401629,0.2560585526583759,0.31652974285054025,0.2915047622050788,0.26592541092695926,0.3311655607057121,0.2800470264514011,0.28423691199159634,0.16410589148912896,0.3191046962378246,0.5267978388480858,0.4236223544391503,0.24522612902083646,0.25401598501962874,0.3426780640310138,0.2732766729976536,0.33003666392011827,0.24201843596865535,0.23254922862355035,0.3046951693545592,0.1868705045290542,0.20883835917798715,0.07509978694491251,0.23234739455726658,0.27964551463646203,0.3086289555519968,0.29795194976695044,0.17547324227576944,0.3235714709905165,0.11415112699184005,0.2459258986451611,0.2588175870836523,0.017309348723873588,0.31491694667473086,0.24873734410132847,0.3617935127355478,0.16395137193187728,0.1641718955703449,0.2752466680460236,0.13274725450696392,0.11745393881632414,0.1982157607033767,0.17452206713477722,0.03216663513138637,0.13091844834413058,0.20109124769883482,0.20762710949457083,-0.014206046056673624,-0.02056764805175054
0.1826201716671037,0.28552371533958626,0.3554141634583608,0.39132137832093744,0.32616980452754774,0.43017238718463635,0.3913805446409623,0.20718621895044276,0.13600243035645423,0.36762136371420673,0.4236223544391503,0.7505910886785745,0.2097720852441669,0.29501668950921933,0.32587733740643926,0.35436494058085866,0.4389918554896242,0.20058294830967674,0.301618711672553,0.35444500284407787,0.18050944835026042,0.23223121263814248,0.1499571916568926,0.22412815868116254,0.33173088926619565,0.3305256376764325,0.37384354032571043,0.11691452550853362,0.35656458952923165,0.0704740898491344,0.2627657200671047,0.31433373898273065,0.03376103393423111,0.3494492610605568,0.22873821069417968,0.45504678430030837,0.07893492491095165,0.19366010347040982,0.27893758271221847,0.14499936840578065,0.09003961930206496,0.20155110304462562,0.1596405315022087,0.011270575360485157,0.10321513935692798,0.21335000592299622,0.1841871385281956,-0.0196466048297008,-0.08057080227219249
0.0945039919994697,0.14831989669379683,0.20967271317602948,0.20689491081035893,0.22463709401654158,0.22602059951521428,0.18324162249812515,0.2417119696526162,0.1373328494850203,0.21736466623443196,0.24522612902083646,0.2097720852441669,0.37510765912826505,0.17873582368713017,0.13771448209770887,0.2085474372556255,0.196519986410896,0.16339146763031354,0.2049529832466804,0.12915500380555212,0.14444009483447134,0.1801481415300107,0.017193101798093337,0.17082642318612368,0.16974723555440624,0.2303261400467911,0.19726154863305118,0.14446116130129777,0.20636805656268417,0.07432255576482864,0.13434251615038018,0.19845006124149212,0.06306473682837087,0.19370256551977424,0.15135276525365896,0.23588089243354568,0.12568460035064188,0.08149474900378412,0.15336127254445908,0.08023803359859531,0.09562800365300249,0.14444767228679511,0.11686225277004594,0.018450267717838656,0.044990778588821,0.14629048475727643,0.1345971700606482,-0.01670445924255386,0.0428861985342056
0.1680255940682385,0.19888041534080067,0.28619559017299195,0.33520514363200277,0.25643194882093284,0.36403725897853645,0.16888433193993385,0.29233785601898354,0.16586563068677698,0.29154119714081267,0.25401598501962874,0.29501668950921933,0.17873582368713017,0.6269471110509777,0.23477297965030602,0.4376496848450943,0.2885321302832618,0.20747491785191113,0.24265122256119825,0.2511622446334569,0.2061654842908525,0.2938405384636025,0.10149479149620769,0.24932671259095332,0.257723290652184,0.31685598435619855,0.12617609000759225,0.16768955888434606,0.291839885881725,0.1020456130704066,0.21316069848497135,0.4331143107660263,0.08265828119103515,0.2541295888422398,0.20578993539116608,0.4001371555276387,0.09328632608471404,0.16472988226088678,0.13988145617665762,0.1014196692552526,0.15163338245493205,0.21658443161484628,0.09745609383248884,0.022409572144694676,0.01613172416175541,0.20144037205655219,0.17092048503081267,-0.03295083877516853,0.06455296595548582
0.16247824639181088,0.22721883895526998,0.28792678149531115,0.21783400271322106,0.2466327786462351,0.22102271710659083,0.23291777951537254,0.1765200424607827,0.26760277953535966,0.2564577161683941,0.3426780640310138,0.32587733740643926,0.13771448209770887,0.23477297965030602,0.8025182870932541,0.24019337836388652,0.28670434814239254,0.3050578728123966,0.20687507833944982,0.30437321449955534,0.21746720738583908,0.21273862118276415,0.07598407707292829,0.26108220194714477,0.29182873247927793,0.24911951971401297,0.2040536346825011,0.2512707714515407,0.332775429647936,0.203827481746745,0.24501710820365152,0.23510974212706343,0.030431919679168043,0.30974686880834984,0.2179699379430199,0.39827214011617296,0.23480788866746438,0.16692607952922317,0.26494670871947984,0.13055405430914305,0.1832183942748814,0.2231021173460218,0.22333149292475657,0.05374269363745271,0.16325520662977336,0.2474899990993811,0.2540780876976108,-0.014915950809563558,-0.05215559194928362
0.13875335710863554,0.19437118867141243,0.247417342381122,0.350945993673194,0.32130328412772036,0.3579913729771171,0.2145495629180109,0.2341385060886315,0.10877733496910784,0.30515048655519056,0.2732766729976536,0.35436494058085866,0.2085474372556255,0.4376496848450943,0.24019337836388652,0.7246090614834059,0.43657077959414065,0.18497662644256213,0.2725711460490093,0.22703198747780753,0.20114785269794055,0.3840091963138117,0.038289187081638976,0.23811714115599222,0.26481099881871056,0.2586137716275821,0.21677748828647936,0.22888063775761602,0.32749794063028936,0.1925936043454277,0.21056042191197394,0.37776724405594786,0.1001027887724248,0.2773527740530374,0.2943880716184047,0.39532742760476847,0.1815891343328609,0.15579746102191155,0.24423258007263735,0.14870626435579,0.146138347466028,0.2327191842735675,0.16889951536835263,0.02994649598559097,0.06054999153278658,0.2094737366871754,0.21346156101635505,-0.05165168686039515,0.15625082804576257
0.11829471602958312,0.26421086579977604,0.3184626745870107,0.3236212714859962,0.27402975028229126,0.41147929679653145,0.2968280099385178,0.2372312648465654,0.13659363129543656,0.3616632345460386,0.33003666392011827,0.4389918554896242,0.196519986410896,0.2885321302832618,0.28670434814239254,0.43657077959414065,1.1001968554074426,0.11172946726492809,0.28941502923109913,0.4909526065655271,0.18128091515492084,0.2764531479905964,0.19293018183282132,0.25476031138750077,0.38097023323186135,0.1290790372143086,0.44560737131740635,0.16990746542832533,0.3451704571444433,0.1572822290262847,0.30918727617360386,0.27972147142708326,0.15217041012258584,0.39524651075915734,0.2244206537451158,0.512365268625104,0.22131446631468815,0.26358725810755645,0.49913284560080134,0.182908934796015,0.08301064172562087,0.21036282728342892,0.22794815505410432,0.046782694000391985,0.1428258274608483,0.2054086453831285,0.2496105059901658,0.002197943287822018,0.06900816494301307
0.15133830824928712,0.38821676856008913,0.3552529781005301,0.17934374446677287,0.1819808266192879,0.23744960107653615,0.1802718955147832,0.2786019582221949,0.17933992867471643,0.35504559228162547,0.24201843596865535,0.20058294830967674,0.16339146763031354,0.20747491785191113,0.3050578728123966,0.18497662644256213,0.11172946726492809,0.6723752427610912,0.16070575340331858,0.09242445499850398,0.2142912134874242,0.17507940117252305,0.2909811009016467,0.3093144651515641,0.275752987687264,0.293489870895842,0.08734704329833855,0.03348323618117026,0.31703266736042734,0.08053784741149955,0.16492688373375064,0.1988246193459642,-0.03807155777948673,0.27804643770042275,0.18113885059705195,0.36820265063602864,0.15712219593237245,0.07493193755438804,0.10971706620125402,0.11211581735515241,0.13909658284493256,0.19413469326012678,0.14408101250385894,0.04413356435716259,0.11863738911853917,0.24124753973617058,0.29845780582366915,-0.037607710194855225,-0.24615584551525657
0.08744686816401334,0.13575267961080598,0.15359305491166905,0.3303935257592801,0.5388208406453459,0.4968595132160203,0.23594894602839148,0.23797539153582872,0.12404798070601755,0.2602415348759222,0.23254922862355035,0.301618711672553,0.2049529832466804,0.24265122256119825,0.20687507833944982,0.2725711460490093,0.28941502923109913,0.16070575340331858,0.8468455198178891,0.25757950171471117,0.15291449359342899,0.20416006414037577,0.020893277317766305,0.18668283216627168,0.1690591455497851,0.17582196133163897,0.1697445919851837,0.1576408419490467,0.24911368805121778,0.09041096034036064,0.1781051203278428,0.2280798744563205,0.032331178921399216,0.24237638104626094,0.03565935004771676,0.30081336426222954,0.058032612013238206,0.1428583057179209,0.19680026816152738,0.07957451353319138,0.13812113125581219,0.1483897056136185,0.12662722463886472,0.011639719023620126,0.030631467693745074,0.1826293637928833,0.1286245739500779,-0.03202337222251328,-0.028736399440618114
0.1404547739163324,0.49705973690449673,0.25294458704700673,0.20720673401303016,0.1850450836660505,0.3389429043563271,0.22005042569460828,0.18128965164967922,0.08865888049076455,0.18651458360046452,0.3046951693545592,0.35444500284407787,0.12915500380555212,0.2511622446334569,0.30437321449955534,0.22703198747780753,0.4909526065655271,0.09242445499850398,0.25757950171471117,1.6331309686772033,0.17396239943124203,0.12456094944348813,0.3262457713287459,0.16486193232881605,0.12845941997050728,0.30632352990505207,0.4835564330023657,0.03467083783723086,0.7743186434821548,0.5117895370693245,0.43876201785470303,0.25716593099305846,-0.13838670966029035,0.5340898208389494,0.25547255014528547,0.41750939845819346,0.3761972245848943,0.7607196586326858,0.2808603590089916,0.2819800144697338,0.39791625929203406,0.3003437445928775,0.4488313639829385,0.05797543199728908,0.5459987393080262,0.18457355409449747,0.45861707155962506,0.079257098069963,0.10537983454410207
0.12262653130006107,0.21103478866348743,0.20810563103017335,0.15983333675622374,0.14432210026998904,0.19287066140801876,0.14971633554128222,0.1822294859186666,0.18794063424238158,0.16844992099689335,0.1868705045290542,0.18050944835026042,0.14444009483447134,0.2061654842908525,0.21746720738583908,0.20114785269794055,0.18128091515492084,0.2142912134874242,0.15291449359342899,0.17396239943124203,0.5988596051102372,0.20324772447440367,0.0716085432317167,0.14895572544198524,0.205293715619134,0.09569577269803901,0.11765560719597351,0.2235122410182427,0.0979885541736616,0.3121975911876093,0.31935135050468,0.21680888632629372,0.3324757610746017,0.15466600818702422,0.2200177345661959,0.4369023786962577,0.5072134242845054,0.1533574887820618,0.4138491625817012,0.2285211914973304,0.29374464051023663,0.44012403552000495,0.2494331268328001,0.0031713629247173275,0.35848187622931305,0.2356460928047263,0.29209885394528823,0.05523371633276622,-0.013425112353199854
0.1264099918710829,0.1567683828866225,0.24137320782956145,0.2501754507688715,0.2358718710164479,0.24501079260677916,0.21420883397149276,0.2247277690541342,0.3646071152572782,0.2044011576543497,0.20883835917798715,0.23223121263814248,0.1801481415300107,0.2938405384636025,0.21273862118276415,0.3840091963138117,0.2764531479905964,0.17507940117252305,0.20416006414037577,0.12456094944348813,0.20324772447440367,0.5558082457774267,0.12788317840948582,0.21441110237288655,0.195597260560375,0.23749082241752353,0.1830412846966593,0.13428756273338482,0.3056346722858527,0.13798180016099576,0.18572263941844455,0.2999780805600456,0.13031215556255735,0.2825326623629248,0.19393003186032465,0.3473365731104553,0.1810540594645418,0.11906198580354395,0.2560996675957199,0.11882996346713513,0.13733463311011151,0.20400650802504863,0.16034873065836291,0.048241226717139374,-0.0319447865974544,0.22045375781753346,0.17825939567824223,-0.10278994279251186,0.3715137939713349
0.1379596660260616,0.01355569706288515,0.08900767138553034,0.061201135201032514,0.053344426367283676,0.10018367006732476,0.06837304991332345,0.08363475460067832,0.06114212564321738,0.1485054390559528,0.07509978694491251,0.1499571916568926,0.017193101798093337,0.10149479149620769,0.07598407707292829,0.038289187081638976,0.19293018183282132,0.2909811009016467,0.020893277317766305,0.3262457713287459,0.0716085432317167,0.12788317840948582,2.6928199100903942,0.1437604401873466,0.39934537983671736,-0.032691381049234365,0.37685447676109646,-1.3565294509768653,0.6788245678877647,0.22627743628622904,0.25547010084983224,0.06292534983256451,-0.42844755170388205,0.4409773557641449,-0.031056142328655046,1.2446553422792028,-0.546686809219734,0.1321337961825387,0.20753063377647044,0.22473018523574467,0.0541402683950154,0.0762585331827695,0.08792678450903077,0.2478031750011347,-0.18079855858893146,0.3825231671219947,0.2138853808438605,-0.06421326467436206,-0.838039536868069
0.0386947786348736,0.127679729560355,0.17777972200516695,0.2214436802973151,0.23205446892264545,0.2316642364715347,0.17380595889598088,0.22231274785598407,0.20508717366747567,0.25115732700288945,0.23234739455726658,0.22412815868116254,0.17082642318612368,0.24932671259095332,0.26108220194714477,0.23811714115599222,0.25476031138750077,0.3093144651515641,0.18668283216627168,0.16486193232881605,0.14895572544198524,0.21441110237288655,0.1437604401873466,0.8856675385747348,0.2628294164682431,0.12720161788491674,0.13919651634050922,0.1297699712321547,0.3949190866197416,0.2554234291469269,0.06398098742775286,0.21956802346964202,0.1317892125351767,0.10882917540769918,0.2181655847082291,0.379046718398844,0.21738930987888838,0.10628300056492106,0.26959624884853944,0.0914791181386855,0.06965211001082953,0.15573090247344631,0.09834349223378354,0.03854605168229242,0.09894220744109802,0.18731077839278543,0.2254375826858947,-0.020327445751049576,-0.03644002452740679
0.1483042513489404,0.22476861940998358,0.31522926758293757,0.2360665555821452,0.20662570679371225,0.26494638907869655,0.21228884223381092,0.2700913380046984,0.15536321747747206,0.335040836899166,0.27964551463646203,0.33173088926619565,0.16974723555440624,0.257723290652184,0.29182873247927793,0.26481099881871056,0.38097023323186135,0.275752987687264,0.1690591455497851,0.12845941997050728,0.205293715619134,0.195597260560375,0.39934537983671736,0.2628294164682431,1.807221497325822,0.14520893801146034,0.20946647602343801,-0.12957009398562677,0.776226771113101,0.12462363864349348,0.4594927167309409,0.2538954010116384,-0.04231172088798807,0.6225328370418005,0.2642876399756774,0.5212094212439107,0.14585607627167083,0.12116041135873169,0.38425621774636076,0.14620007340157862,0.018860572733551854,0.1913801957593625,0.1574987325641769,0.006126884572546902,0.08911268832115586,0.3710064931627455,0.30435024416546513,-0.03388698814700032,-0.14503460990537104
0.1971302238240625,0.3162211404747643,0.49597425089099273,0.2825118863637915,0.20917640674786286,0.34093715803777574,0.27143362010628963,0.347404414382675,0.3335952801553985,0.25977705539224893,0.3086289555519968,0.3305256376764325,0.2303261400467911,0.31685598435619855,0.24911951971401297,0.2586137716275821,0.1290790372143086,0.293489870895842,0.17582196133163897,0.30632352990505207,0.09569577269803901,0.23749082241752353,-0.032691381049234365,0.12720161788491674,0.14520893801146034,1.5384500133028727,0.42145973350996846,0.3017712905379773,0.35957119385291897,-0.2917735670152707,0.2324042096082591,0.39664367266466893,-0.18849909667924816,0.33701465387687823,0.2416582263896476,0.3434352659716418,-0.22342460353904167,0.19659839930099454,-0.9159585641942835,-0.06358250895374741,0.27195562083445585,0.21668784077288714,0.23858778137554973,-0.008044012689541217,0.03686013823748959,0.24526538114565713,0.03935980606032328,-0.0845608322817941,-0.5504998181834498
0.1768304575672577,0.5626953271844811,0.48542135140156856,0.2033599719028395,0.19028066394524748,0.25504087013984933,0.2464450566011199,0.2509455330059209,0.1699885617305153,0.4432647902649666,0.29795194976695044,0.37384354032571043,0.19726154863305118,0.12617609000759225,0.2040536346825011,0.21677748828647936,0.44560737131740635,0.08734704329833855,0.1697445919851837,0.4835564330023657,0.11765560719597351,0.1830412846966593,0.37685447676109646,0.13919651634050922,0.20946647602343801,0.42145973350996846,1.8276341431811616,0.2528394891055843,0.2274420040107173,0.24438501905878873,0.38677737534205653,0.18593992413584218,0.0875994335329764,0.3291016683449433,0.2309761286237529,0.8021741517910439,0.19830066148342973,0.2585679676743062,0.14294937652528514,0.13220278761441323,0.12476773910206598,0.21209678169284804,0.6497331987208672,0.06525995616624086,0.3548426342354677,0.2114114576877674,0.17815971941529268,0.02571699400822179,-0.4083758134084393
0.05014286527988396,0.3201416137352298,0.3911194058225367,0.13128515234799304,0.09987234907923039,0.15441716575973513,0.12907188229886254,0.05718599705048425,0.15305196754154254,0.12044046916936926,0.17547324227576944,0.11691452550853362,0.14446116130129777,0.16768955888434606,0.2512707714515407,0.22888063775761602,0.16990746542832533,0.03348323618117026,0.1576408419490467,0.03467083783723086,0.2235122410182427,0.13428756273338482,-1.3565294509768653,0.1297699712321547,-0.12957009398562677,0.3017712905379773,0.2528394891055843,2.442079345820784,-0.5809159003932933,0.016970501636838456,0.4122284626042316,0.2327656377646056,0.45580719908555956,-0.11449120363272221,0.1462132681158257,0.8652973286189737,0.20425172303816536,0.05468675977649048,0.004773901333954873,-0.022450366915150767,0.13265357455627366,0.2579239298712041,0.31446045089895425,0.2303328405383609,0.2600098064675372,0.10093439686393053,-0.18360777220430796,0.06965494034625261,-0.66855200448058
0.07884691041491651,0.2902970490994649,0.2062382079751728,0.2706356377801541,0.2546967877130578,0.35272365764872227,0.23424618889650717,0.3001693706805691,0.23119237600708858,0.33026724660987944,0.3235714709905165,0.35656458952923165,0.20636805656268417,0.291839885881725,0.332775429647936,0.32749794063028936,0.3451704571444433,0.31703266736042734,0.24911368805121778,0.7743186434821548,0.0979885541736616,0.3056346722858527,0.6788245678877647,0.3949190866197416,0.776226771113101,0.35957119385291897,0.2274420040107173,-0.5809159003932933,3.6995499068436235,0.8336797048504078,-0.20023806500639799,0.306255003275566,-0.6536714719688979,0.9514336375455178,0.4027345102149904,0.42386559602157625,0.17515765237915887,0.2703210905095512,0.2074115798777694,0.15428578515918626,0.0785754158862923,0.12909857565320365,-0.12287336868144152,-0.11092653443131675,0.45135849664554367,0.4757875427055204,0.8116287344778477,-0.11466643055434739,0.4264916244985413
-0.008744663332849711,-0.05807533442283147,-0.5502192868642594,-0.09146474434492813,0.059819629210108326,-0.05849386121701015,-0.0541986729843792,0.06129845317148196,0.02915429159529207,0.15993826397903005,0.11415112699184005,0.0704740898491344,0.07432255576482864,0.1020456130704066,0.203827481746745,0.1925936043454277,0.1572822290262847,0.08053784741149955,0.09041096034036064,0.5117895370693245,0.3121975911876093,0.13798180016099576,0.22627743628622904,0.2554234291469269,0.12462363864349348,-0.2917735670152707,0.24438501905878873,0.016970501636838456,0.8336797048504078,2.9888271468332563,0.02150110784414983,0.03992565047819364,0.1738855808865851,-0.16638706852434615,1.2093304927120612,-0.19620369633428544,1.7742450469596522,0.29372413855198304,1.128891050834881,0.3980107228350241,1.1111075123858358,0.43326029327584964,1.3927293163698022,0.39693694888264286,1.0648225300523724,0.2347910569569899,1.263317487509426,0.12071307139003336,1.0685621890313248
0.16916754260984188,0.3331065221351036,0.36395452601927575,0.17210242535709772,0.15977025554617585,0.2519457729824586,0.18504538173224275,0.17290596456561533,0.15813154250616565,0.22247960131659605,0.2459258986451611,0.2627657200671047,0.13434251615038018,0.21316069848497135,0.24501710820365152,0.21056042191197394,0.30918727617360386,0.16492688373375064,0.1781051203278428,0.43876201785470303,0.31935135050468,0.18572263941844455,0.25547010084983224,0.06398098742775286,0.4594927167309409,0.2324042096082591,0.38677737534205653,0.4122284626042316,-0.20023806500639799,0.02150110784414983,1.888383814218737,0.2142852298479955,0.00038364301554921613,0.27499776309582924,0.21898436670236232,1.0768244442827406,0.061409506586224946,0.3153223012183377,0.23700485891315856,0.25402410567976047,0.24382511813659996,0.3288066474481486,0.3233900356753359,0.019484269467280584,0.33911850594984966,0.361390174144723,0.09867077276528625,-0.03318254043750422,-1.0072916930890798
0.15338707814156996,0.22544718021743168,0.3113295844179365,0.30643465875305514,0.24594893209109006,0.3365040051490493,0.2115698058052435,0.2539126825684923,0.20335282089918247,0.25037977362850194,0.2588175870836523,0.31433373898273065,0.19845006124149212,0.4331143107660263,0.23510974212706343,0.37776724405594786,0.27972147142708326,0.1988246193459642,0.2280798744563205,0.25716593099305846,0.21680888632629372,0.2999780805600456,0.06292534983256451,0.21956802346964202,0.2538954010116384,0.39664367266466893,0.18593992413584218,0.2327656377646056,0.306255003275566,0.03992565047819364,0.2142852298479955,0.7012616709218434,0.18827270762017762,0.2647423430082403,0.15139009590148175,0.47001198886165324,0.007173507316969604,0.1763297126181888,0.044014662252951905,0.06822552534600583,0.11553647890762649,0.22796559852938897,0.06960724289304668,0.01114966035077569,-0.06465687211484027,0.21088660402713882,0.14464682380553537,-0.024315475817927732,-0.0021934869229247324
0.08918530928858143,0.0396653641914108,0.011806318920775723,0.03689862234228419,0.05683763010176669,-0.03930063812571546,0.043982658908914826,-0.0006030607363662164,0.10971572545796168,-0.016876797139456327,0.017309348723873588,0.03376103393423111,0.06306473682837087,0.08265828119103515,0.030431919679168043,0.1001027887724248,0.15217041012258584,-0.03807155777948673,0.032331178921399216,-0.13838670966029035,0.3324757610746017,0.13031215556255735,-0.42844755170388205,0.1317892125351767,-0.04231172088798807,-0.18849909667924816,0.0875994335329764,0.45580719908555956,-0.6536714719688979,0.1738855808865851,0.00038364301554921613,0.18827270762017762,3.3711353643952986,-0.5475930095449535,0.0020287530321094474,-0.05763024512567365,1.0825558896655438,0.08100271878787534,0.3157770419503297,-0.053416842106292994,-0.12433382120480843,0.3064831590325837,0.21310066877966038,0.015494939560142217,-0.6259833697580524,0.09945474988015099,0.1400032470486141,0.4456436057082764,0.996717279909416
-0.0016904607603226835,0.34368186517357,0.4557558271987061,0.3041454294029408,0.23279238508713843,0.3837952892511779,0.27879512968355336,0.33963733725755507,0.2502474932214653,0.3840356950315588,0.31491694667473086,0.3494492610605568,0.19370256551977424,0.2541295888422398,0.30974686880834984,0.2773527740530374,0.39524651075915734,0.27804643770042275,0.24237638104626094,0.5340898208389494,0.15466600818702422,0.2825326623629248,0.4409773557641449,0.10882917540769918,0.6225328370418005,0.33701465387687823,0.3291016683449433,-0.11449120363272221,0.9514336375455178,-0.16638706852434615,0.27499776309582924,0.2647423430082403,-0.5475930095449535,2.0672109514117962,0.3620186573228803,0.2971142551927098,0.1139436032829023,0.21484917072882265,0.19082787306013335,0.09539479073552767,-0.0064922612671049085,0.24483146861897576,0.5794376724942516,0.15796260000456658,-0.005563018211808321,0.3535991907355482,0.4392932549644163,-0.017023380073581878,0.498066861328835
0.07923072034590768,0.16304159794531037,0.07415664580203181,-0.16306475648276442,-0.13216564953506693,0.1187560883611923,0.04606224390145152,0.2713061787769625,0.12424522232805224,0.26638849319763724,0.24873734410132847,0.22873821069417968,0.15135276525365896,0.20578993539116608,0.2179699379430199,0.2943880716184047,0.2244206537451158,0.18113885059705195,0.03565935004771676,0.25547255014528547,0.2200177345661959,0.19393003186032465,-0.031056142328655046,0.2181655847082291,0.2642876399756774,0.2416582263896476,0.2309761286237529,0.1462132681158257,0.4027345102149904,1.2093304927120612,0.21898436670236232,0.15139009590148175,0.0020287530321094474,0.3620186573228803,2.7793161897139256,0.026867094050563627,1.063736300954474,0.11787190895787612,0.5070746605882381,0.4576426517088439,-0.05340496044617021,0.3754271932751626,0.5323246356808676,0.18545586146182766,0.840126377222037,0.32197918122474545,0.6435430130280739,0.022409350069349437,-0.27201999355077294
0.28691064165010655,0.5102906583099595,0.7681160338431718,0.33620024720965286,0.26507030332743764,0.42080817974314694,0.3206818210827166,0.24796882103475817,0.2655696203429634,0.4079523609694851,0.3617935127355478,0.45504678430030837,0.23588089243354568,0.4001371555276387,0.39827214011617296,0.39532742760476847,0.512365268625104,0.36820265063602864,0.30081336426222954,0.41750939845819346,0.4369023786962577,0.3473365731104553,1.2446553422792028,0.379046718398844,0.5212094212439107,0.3434352659716418,0.8021741517910439,0.8652973286189737,0.42386559602157625,-0.19620369633428544,1.0768244442827406,0.47001198886165324,-0.05763024512567365,0.2971142551927098,0.026867094050563627,4.134528108021465,-1.047190583336391,0.23408440296786975,0.20060454701264352,0.4636539817937629,0.30786149800789364,0.4849106339847098,-0.21508378481078166,-0.32728473961120724,-0.14154607122569954,0.9427472565826984,-0.38653405117887674,-0.07465824851864497,-2.641754492382309
0.05607748586068874,0.1768324903827823,-0.021016555012935347,-0.028764164079224278,0.06790783415871159,0.0028524538770313052,0.0479156950994147,0.19139105287356695,0.16654881327253981,0.23248170574600063,0.16395137193187728,0.07893492491095165,0.12568460035064188,0.09328632608471404,0.23480788866746438,0.1815891343328609,0.22131446631468815,0.15712219593237245,0.058032612013238206,0.3761972245848943,0.5072134242845054,0.1810540594645418,-0.546686809219734,0.21738930987888838,0.14585607627167083,-0.22342460353904167,0.19830066148342973,0.20425172303816536,0.17515765237915887,1.7742450469596522,0.061409506586224946,0.007173507316969604,1.0825558896655438,0.1139436032829023,1.063736300954474,-1.047190583336391,5.4935072566016885,0.3300490449941361,1.140062152824657,0.3166628557499849,0.7155455615673382,0.6106262252991098,1.5377450132515151,0.15632674731102764,2.3582548746014975,0.7511655251490521,1.4532294043258571,0.1982729170186305,1.080908042736164
0.10513570075725504,0.2733422903866264,0.1942384093041674,0.12638532123677043,0.10699358408960415,0.1966336383392714,0.1307500269709443,0.10276183359757224,0.08255093430877058,0.10406397612485646,0.1641718955703449,0.19366010347040982,0.08149474900378412,0.16472988226088678,0.16692607952922317,0.15579746102191155,0.26358725810755645,0.07493193755438804,0.1428583057179209,0.7607196586326858,0.1533574887820618,0.11906198580354395,0.1321337961825387,0.10628300056492106,0.12116041135873169,0.19659839930099454,0.2585679676743062,0.05468675977649048,0.2703210905095512,0.29372413855198304,0.3153223012183377,0.1763297126181888,0.08100271878787534,0.21484917072882265,0.11787190895787612,0.23408440296786975,0.3300490449941361,0.9722246347245657,0.12575870519976548,0.14776026623317673,0.30555566501877834,0.21414999170171442,0.21013739979268714,0.03424898824342435,0.4412159998169753,0.02809325576472288,0.3161644163004277,0.09999466105461156,0.037355500016894916
0.04260415439316088,0.08329706463416192,-0.09342726941678617,0.16486313024087668,0.2289906337329558,0.1555434880682011,0.17575571783536204,0.26396600579995516,0.164944112233644,0.3019575653681331,0.2752466680460236,0.27893758271221847,0.15336127254445908,0.13988145617665762,0.26494670871947984,0.24423258007263735,0.49913284560080134,0.10971706620125402,0.19680026816152738,0.2808603590089916,0.4138491625817012,0.2560996675957199,0.20753063377647044,0.26959624884853944,0.38425621774636076,-0.9159585641942835,0.14294937652528514,0.004773901333954873,0.2074115798777694,1.128891050834881,0.23700485891315856,0.044014662252951905,0.3157770419503297,0.19082787306013335,0.5070746605882381,0.20060454701264352,1.140062152824657,0.12575870519976548,2.3427413283149634,0.536063358002759,0.22437462248309387,0.2906690118751153,0.46401651128292837,0.190079142272288,0.5963294259637915,0.10651294044243576,0.6228426566094647,0.09324144197585747,1.1926122073918937
0.005202009559265293,0.0023628924753157617,-0.24967451767410523,0.06295995038130817,0.11128151234806186,0.07240400464617029,0.06426111302012671,0.11231742968713575,0.07196150265240166,0.1351305076998359,0.13274725450696392,0.14499936840578065,0.08023803359859531,0.1014196692552526,0.13055405430914305,0.14870626435579,0.182908934796015,0.11211581735515241,0.07957451353319138,0.2819800144697338,0.2285211914973304,0.11882996346713513,0.22473018523574467,0.0914791181386855,0.14620007340157862,-0.06358250895374741,0.13220278761441323,-0.022450366915150767,0.15428578515918626,0.3980107228350241,0.25402410567976047,0.06822552534600583,-0.053416842106292994,0.09539479073552767,0.4576426517088439,0.4636539817937629,0.3166628557499849,0.14776026623317673,0.536063358002759,1.3054957240550606,0.04085392672903542,0.2501520327598406,0.4346702811165229,-0.17171608946267636,0.6937654468566294,0.2864280516732186,0.264021858627143,0.06696923235398895,0.040762612244413625
0.09009038771059552,0.08171240563033545,-0.07619432453975472,0.10482823613896781,0.15602412281078154,0.06128430816393259,0.058167889933934666,0.1023623845550137,0.10814009831561928,0.16464348385886104,0.11745393881632414,0.09003961930206496,0.09562800365300249,0.15163338245493205,0.1832183942748814,0.146138347466028,0.08301064172562087,0.13909658284493256,0.13812113125581219,0.39791625929203406,0.29374464051023663,0.13733463311011151,0.0541402683950154,0.06965211001082953,0.018860572733551854,0.27195562083445585,0.12476773910206598,0.13265357455627366,0.0785754158862923,1.1111075123858358,0.24382511813659996,0.11553647890762649,-0.12433382120480843,-0.0064922612671049085,-0.05340496044617021,0.30786149800789364,0.7155455615673382,0.30555566501877834,0.22437462248309387,0.04085392672903542,3.3619858748690787,0.32009759243984925,-0.1748421678808371,-0.0732964627578752,-0.4753872165331894,0.5896313359871598,0.6720091969866485,0.02171067381717859,1.833164460742808
