1.0434171831497567,-0.0008680085103858576,-0.001004381999207124,-0.0005814481465357419,0.0006461137941794726,0.00278700912779904,0.00508452863323324,0.0031305497078891868,0.0007781237129790839,-0.0008890469080323255,-0.0018395408195061868,-0.0022132949213695833,-0.002214658850771838,-0.0020630968689082365,-0.001689720801155177,-0.0011076274686390726,-0.00033317226959967826,0.0005483277887836384,0.001198085362513185,0.0012470959593880468,0.0011183258691581386,0.000923488719507973,0.0007510385420971857,0.0006200729166510021,0.0005088570836901849,0.0004175667178605983,0.00033288423863959683,0.0002617436793821239,0.00020480290523933891,0.00015013223401086896,8.673300130682406e-5,1.0273859031835845e-5,-2.170550195349402e-5,-2.832976572341974e-5,-5.32949806922586e-5,-8.57645526170082e-5,-0.00012105370194664291,-0.00016608304526624765,-0.00022096032760721593,-0.00028603603230540015,-0.0003663460191157518,-0.00046959374755983785,-0.0006015589688528414,-0.0005021783644376913,-0.00041609054648456624,-0.00034446831001496775,-0.00028379876880775014,-0.00023163885376443704,-0.00018865433964020017,-3.090201932098749e-5,0.000167974718213316,0.00016580243325293662,0.0001571023834613706,7.912305310196458e-5,-0.0002125597117355427,-0.0002360744235956426,-7.86373773163136e-5,-0.00014461826475536596,-0.00011275928958412785
-0.0008680085103858576,1.0426565179201293,-0.0015877038574559068,-0.0011396563437921965,0.0006222345895747474,0.003703375073261489,0.007402479058290212,0.004941209431996611,0.0017224155619539859,-0.0007314454781468558,-0.002277906002897149,-0.003098625002007881,-0.0033908130742651647,-0.003355910478521829,-0.0030065360867280555,-0.002172403522725186,-0.0008035353370891671,0.0008592187009077322,0.002194435446395224,0.0022692055992295746,0.002051603297645311,0.0017121316768487615,0.0014054962432235854,0.0011728156515245591,0.0009694027824545415,0.0008037263600095013,0.0006458178741223428,0.0005114153682959476,0.00040304944128890163,0.0002995918452004265,0.00018476696370403045,2.805299052596494e-5,-4.027583472988517e-5,-5.8117669939105784e-5,-0.00010558522813455057,-0.00016536487657422996,-0.0002317617327277476,-0.0003183927312462507,-0.0004251681054422723,-0.0005525241380511996,-0.0007090673344555145,-0.00090718644613571,-0.0011534709301510657,-0.000959761110244669,-0.0007917588815914526,-0.0006537703031989476,-0.0005374666281228492,-0.00043917957836286307,-0.00035819363155375187,-7.168431658119428e-5,0.0003161171512848863,0.0003829713666121722,0.0002924424024594768,0.000173141830603634,0.00014129458911919132,4.2160406537261086e-5,0.0006136362190105244,0.0006003837551384277,0.0006097509988977703
-0.001004381999207124,-0.0015877038574559068,1.0418995960669508,-0.0019813997629138883,-0.0005518098089976688,0.0025204874662569836,0.0073091589807338245,0.006859294607624848,0.004325417635039831,0.0015379112342699425,-0.000817784412983192,-0.0027932305242063726,-0.004008461348894116,-0.004640023890550174,-0.004820570350139933,-0.004062677601555732,-0.0019156803406294703,0.0008880989546966613,0.0032195117871740004,0.0035932063031223135,0.003365467526779997,0.0028619096820156403,0.00238245845199959,0.002011021161410292,0.0016763466546253823,0.0014023655549440048,0.0011342615473335625,0.000902646543628179,0.000714771757372716,0.0005294590533987764,0.00032063308889402497,5.2719591754763607e-5,-6.153272092246796e-5,-8.683944796820046e-5,-0.00016789391924261452,-0.00027207872063498667,-0.00038804635434752253,-0.0005411814757534084,-0.0007312422598178295,-0.000959552125822616,-0.0012407500364355131,-0.0015950216120618017,-0.002032019043816881,-0.0016798425200342988,-0.0013803206708069833,-0.0011378482444507905,-0.0009346986085799563,-0.000764632724542599,-0.0006246181907466455,-0.00018950050148698914,0.0005090618084244019,0.0007464716181775611,0.0004947681982569958,0.0003357291823798043,-0.00011850967972497864,-5.394659918467602e-6,0.00038201160109582234,0.00034666718407528376,0.00027865645822510175
-0.0005814481465357419,-0.0011396563437921965,-0.0019813997629138883,1.0405495865233356,-0.004957375594342058,-0.004119433185743372,-0.0004803366695071333,0.006593713626965926,0.009939486095434939,0.009415675953135076,0.006492791844736208,0.001705631995341632,-0.0022822730405962846,-0.004911807126637826,-0.006941638585548452,-0.0072330548935980845,-0.004417929813539951,-0.0001245628557944902,0.0037635416877840402,0.004714867941452241,0.004647846724050394,0.004069200162381963,0.0034589175199497366,0.002971430204669036,0.0025050505358512843,0.0021195240414283853,0.0017282880598869638,0.001384475523561462,0.0011046944366958928,0.0008227342361996814,0.0005080869196847336,9.727530621532247e-5,-7.925668829455864e-5,-0.00011990953642156481,-0.00024224284079568776,-0.0003992065077172046,-0.0005752012673897422,-0.0008097195493245676,-0.0011022050073849004,-0.0014547314274368415,-0.001887290191197334,-0.0024264402763854347,-0.0030769537739385308,-0.002535398225595332,-0.002077434479993,-0.0017110568852839365,-0.0014047585316553568,-0.0011500672744499695,-0.0009402067653832886,0.0019521920091311396,0.003401866205150289,0.001261296609912038,0.0032479708577402102,0.0005299214205362226,0.0002636858119672019,0.0006068423059451537,0.0010135127549968773,0.0011068168822090832,0.000885128715294989
0.0006461137941794726,0.0006222345895747474,-0.0005518098089976688,-0.004957375594342058,1.030578396095481,-0.02142487163673249,-0.025075155328354064,-0.00034104632140441725,0.01935021757792813,0.02763035746793901,0.025552596908908147,0.015160339963407916,0.004611887068432072,-0.002816265576548789,-0.008857857139021732,-0.011895454243328168,-0.009061897176500841,-0.00328680213859024,0.002484581139009513,0.004666795036162912,0.005161898337522096,0.004768647987313035,0.004210921108704044,0.0037301019723466134,0.0032045715243984576,0.0027570717839435857,0.0022723398044429467,0.0018342310628858907,0.0014761805043751854,0.0010978306925677308,0.0006792892570218399,0.0001572870768821048,-6.512202646424357e-5,-0.00010805453161168221,-0.0002562987734478943,-0.00044964141587105344,-0.000669769759349369,-0.0009707512764596742,-0.0013524579203241882,-0.0018158503331276719,-0.0023832215816249236,-0.003079758795730687,-0.003888640185743086,-0.0031824263036454095,-0.002592890226919149,-0.0021327097347327273,-0.0017490650834417769,-0.0014305635580284203,-0.0011684240206138764,0.004158725314890216,0.006456642152387574,0.0018883832278615252,0.00617972013585659,0.0008134459622469952,0.0002450071418006742,0.0010431741604054647,0.0008595646561959053,0.0010314574195819384,0.000612426527440193
0.00278700912779904,0.003703375073261489,0.0025204874662569836,-0.004119433185743372,-0.02142487163673249,0.9934027672534699,-0.07453783971595335,-0.024334453633614177,0.02690158455211129,0.05643537778859097,0.05868425694629241,0.03992183998703032,0.017442607758228187,0.0010877448712787155,-0.009909825644636517,-0.016188223678620113,-0.014224368364710714,-0.007554700954209291,6.561288311723223e-6,0.003487690196164656,0.0046122768842254205,0.004557251438183796,0.00426755253786639,0.004000490276559925,0.003561433568037638,0.0031610778327122555,0.002657713466174959,0.0021701182351592844,0.0017692855294881862,0.0013167493021805324,0.0008470409187163283,0.00030187931487086686,5.717970820071545e-5,1.402449535445051e-5,-0.00011491388664639743,-0.00027945983310013155,-0.00047880326680286965,-0.0007745277318240438,-0.0011672276987223307,-0.001643749279860778,-0.002213146442835082,-0.002862223793503086,-0.003483964092779026,-0.002749176654752661,-0.0021650478237717403,-0.0017570847570275718,-0.0014235833280163267,-0.0011480330537666488,-0.0009245753290602226,-0.002456509767037665,-0.0006546371388411554,0.0025715502505803344,-0.00040604797293163666,0.0014494533302963353,0.0007734549850487528,0.002091606173542632,0.0008582192999253463,0.0011751276763778292,0.0005874009194371477
0.00508452863323324,0.007402479058290212,0.0073091589807338245,-0.0004803366695071333,-0.025075155328354064,-0.07453783971595335,0.9017473915765071,-0.0830606997229113,0.013853756112123744,0.08746830586742067,0.09704370779256453,0.07041868842408627,0.03381183881738735,0.004095570447050845,-0.0082449392532021,-0.013557736502005991,-0.013304519048700818,-0.00775934540290743,-0.0003964708807944685,0.002426147947501799,0.002950830066132165,0.0028109497136493944,0.002903783174925702,0.0031376908240650127,0.003027594814947556,0.0028525090257246494,0.0024599916509762763,0.0020256385640443674,0.0016657006048612555,0.0012255131462376384,0.0008632437686252497,0.000616051873638201,0.00047719023242803765,0.0004644977416156437,0.0004641593620610162,0.00046649192130763275,0.0004336325698559497,0.0003338770479021581,0.0001530781223029339,-5.4288321207975094e-5,-0.0002633644022793539,-0.0003521511908411558,-1.819952149592382e-5,0.00042860315725557266,0.0006797965975281655,0.0006800722281008182,0.0006498270937846073,0.0006259326091409346,0.0005867940569850011,-0.001934737705069573,-0.0007325831581473453,0.0019213206348019241,-0.0006035281449499575,0.00237073215725683,0.0015854481253914686,0.0037186120651580396,-0.00020332033293177533,0.00014252814594515088,-0.0006802023663819177
0.0031305497078891868,0.004941209431996611,0.006859294607624848,0.006593713626965926,-0.00034104632140441725,-0.024334453633614177,-0.0830606997229113,0.9469065506460129,-0.04958450698280137,0.01814758853773221,0.03196858434375592,0.03690418315384503,0.035728369151644186,0.019309618961972138,0.013232710635714212,0.010742355247666186,0.00539358401711445,0.0015718958609312924,2.9638883847718026e-5,-0.0017479904382201317,-0.003037966976974856,-0.0031907580655389576,-0.002429013243948871,-0.0014220673089040947,-0.0007331599209666261,-0.0002284297031028966,3.916906206773166e-5,0.0001446410738484307,0.00021300963791957467,0.0001896391826243674,0.0003480374043955793,0.0007813946414761949,0.0008482872684183506,0.0007958109131315709,0.0009600721010783751,0.0012270217666535501,0.0015102639289152615,0.0018729675521267255,0.0023052830794944015,0.0028882974866991317,0.0037407465750367947,0.00509476447103925,0.007427349397386053,0.0067326909689813365,0.0059661638726545875,0.005067722981471231,0.004274268928513421,0.0036009496130822477,0.0030227462680944275,0.0004264236086251833,-0.0010017029594362953,-0.0011573915262748254,-0.0010431090685650505,0.0016821046241910572,0.002310658397069356,0.003676979502209488,-0.0009172880226744582,-0.0007615565002544589,-0.0015676090877791613
0.0007781237129790839,0.0017224155619539859,0.004325417635039831,0.009939486095434939,0.01935021757792813,0.02690158455211129,0.013853756112123744,-0.04958450698280137,0.9349669227278892,-0.11338180199268114,-0.045800774611365475,0.02192601083420701,0.04882674258310557,0.045751471175001376,0.0343855595029854,0.023520469036540263,0.011525386098569318,0.002479847188861634,-0.0034606124666474196,-0.0064264209958001745,-0.0076344238921979895,-0.007013655140048223,-0.005497120268001686,-0.003931164140121865,-0.002733591436564109,-0.001887393672663185,-0.0012937410988546276,-0.0009235702746248663,-0.0006590467459228459,-0.0004609125947865314,-3.528889109780639e-5,0.0007355911817365842,0.0009415561643504449,0.0009077436055004848,0.0011714464440974613,0.0015737433010612034,0.002017708684851651,0.0026167762731349126,0.003360813480633901,0.004339138453474949,0.0056973783173868585,0.007692172389829619,0.010801320026572766,0.009432605816320433,0.00812739536410546,0.006819748529583344,0.005691390725462519,0.004741433631329448,0.003938423389120066,0.0005383712138850038,-0.0022918065235768242,-0.0024816734339490635,-0.0024729983019894527,-0.00015633870548819185,0.0003516989215861292,0.0006026469634837296,-0.003196051660484983,-0.0035891247749006974,-0.0025616918569349757
-0.0008890469080323255,-0.0007314454781468558,0.0015379112342699425,0.009415675953135076,0.02763035746793901,0.05643537778859097,0.08746830586742067,0.01814758853773221,-0.11338180199268114,0.840678699589453,-0.10789266355401717,0.005982684675775105,0.062248833497200555,0.07263667824832637,0.04912111301466424,0.022259523126034363,0.004409904886729042,-0.0055869412569318,-0.010763050568294253,-0.01208625430121455,-0.011685844351634243,-0.009749758403705676,-0.0074674137153151335,-0.005490552775825155,-0.003920068187328476,-0.002828312069642685,-0.001991429518369464,-0.001434486727534731,-0.0010251967367803727,-0.0006911642105111309,-0.0001899598019942315,0.0005481346472074954,0.0007165538828097387,0.0006199545861887904,0.0008021444645536464,0.0011249243520509633,0.0015138613924896396,0.0020909892618120834,0.0028662474633001614,0.003918466455227786,0.0054136975482717755,0.007583221632961684,0.01085170269251432,0.009175021002474203,0.007683112059757822,0.006328083410715724,0.005191389793309712,0.004241484796211022,0.0034593423318230233,0.00023570835249784575,-0.002906338169002082,-0.0029619898994687577,-0.002583002384536609,-0.0016594051100277639,-0.0014423765830813497,-0.0017884377545816725,-0.0037318131824198185,-0.004468451134042164,-0.0017795906002628355
-0.0018395408195061868,-0.002277906002897149,-0.000817784412983192,0.006492791844736208,0.025552596908908147,0.05868425694629241,0.09704370779256453,0.03196858434375592,-0.045800774611365475,-0.10789266355401717,0.8970074537303199,-0.08368851552525433,0.02746301063617072,0.08069601971928211,0.06173544619446922,0.02641237416960854,0.0020494099475792315,-0.008513968365159467,-0.012739691488443509,-0.013298205214827387,-0.012185376848812551,-0.009840318885251963,-0.007464585287074885,-0.00551856959708667,-0.00390690598785169,-0.0028009127684794142,-0.001955655486823987,-0.0014119363785301204,-0.001034200900324383,-0.000697169905267341,-0.00023931252873458987,0.0002059364188921151,0.0002447562053933793,8.531838695396191e-5,0.00016281872901582642,0.00035357279385980734,0.0006063805572813924,0.001010225636138201,0.001604897260692951,0.0024454586815385575,0.0036866191517697707,0.0055017602896627014,0.00820248398879344,0.006644020294558627,0.0053652130064754805,0.004317769279980327,0.0034650413484041184,0.0027553730365875826,0.0021868732265702155,0.0006394276337300037,-0.001941977655725148,-0.001978160422613134,-0.002122269548076444,-0.001849201518310254,0.000577267312272713,-5.602873074543107e-5,-0.0009876867376522416,-0.00070058195193579,-0.0010639765219888533
-0.0022132949213695833,-0.003098625002007881,-0.0027932305242063726,0.001705631995341632,0.015160339963407916,0.03992183998703032,0.07041868842408627,0.03690418315384503,0.02192601083420701,0.005982684675775105,-0.08368851552525433,0.9109709336748429,-0.07562104993723594,0.024061548179178008,0.064051411479847,0.03845063818029016,0.01372471782318014,-0.001457596345489844,-0.009672107137159965,-0.009663452312273623,-0.008287972008077555,-0.006548764683043879,-0.004903084970819062,-0.0035254651992307944,-0.0022475842406793458,-0.0013226962030552236,-0.0006823700687116053,-0.00033061813747987283,-0.00012285788069219355,5.109557047719564e-5,0.00023467863273067682,0.0002871440690789955,0.00016085203098639152,-6.914218616565616e-5,-0.00019059428492721294,-0.0002496097961562197,-0.000258116077530587,-0.0001755014811765173,5.479415242282787e-5,0.00046494312691643634,0.0011827984826588,0.002314104757056566,0.004061332902969163,0.0031276362364496793,0.0023695435126040503,0.0018158927878916924,0.001375948988836654,0.001003974043860074,0.0007210951867809849,-0.0005489886987431757,-0.002355876176120204,-0.0020011357076312724,-0.0015333199737685077,-0.0013247433841658838,0.0013411063166078503,0.0013347346712367341,0.0015962124462506376,0.0018904054384559492,0.0006094743219199955
-0.002214658850771838,-0.0033908130742651647,-0.004008461348894116,-0.0022822730405962846,0.004611887068432072,0.017442607758228187,0.03381183881738735,0.035728369151644186,0.04882674258310557,0.062248833497200555,0.02746301063617072,-0.07562104993723594,0.896011317312909,-0.0965239140026243,-0.005321909370454909,0.03728739037894028,0.04246451122788578,0.024867769217377086,0.0032238861405918975,-5.297733061495603e-5,-0.0004977515049675741,-0.0005116485832550562,-0.0002576739152186265,0.00017225467630337156,0.0007829512312970802,0.0012402351970994898,0.0013839077801638333,0.0013072845198439469,0.0011330173876494974,0.0009852150655805406,0.0008254350757314651,0.0005211213238457981,0.00033271098838156236,0.00019113051842510164,5.409983958155851e-5,-8.29299418780726e-5,-0.00019738658893501146,-0.000329496313414025,-0.00040744597769456044,-0.00043523860817722544,-0.0003417859114451202,-9.379864497489946e-5,0.00038118038298272367,-8.963621422705735e-6,-0.00025601037006991057,-0.00034489747641163826,-0.0003938948483889047,-0.00043420077623145914,-0.00044601088656234377,-0.00032943442971534635,-0.0016662049417701245,7.151099572183909e-5,-0.0017344201618372612,-0.0003858848597211213,-0.0007529194552436679,-0.001982666730475639,0.0002825113852419748,5.072176833610477e-5,0.0007779969412045749
-0.0020630968689082365,-0.003355910478521829,-0.004640023890550174,-0.004911807126637826,-0.002816265576548789,0.0010877448712787155,0.004095570447050845,0.019309618961972138,0.045751471175001376,0.07263667824832637,0.08069601971928211,0.024061548179178008,-0.0965239140026243,0.8651475806475631,-0.11621484904421424,0.0020117983273804196,0.059203153890174845,0.04880168977737724,0.019662188617295916,0.011581023736162436,0.007999340026071356,0.005530333426033594,0.00415453754451367,0.00373940646942438,0.003859206167780852,0.0039755549165112645,0.0036764402042333156,0.0031662701594335403,0.0026064602692711923,0.0021020624768945924,0.0015617359232092444,0.0010134994176360945,0.0007599290650436106,0.0006454329154510554,0.0004365587307896918,0.00018904680462121867,-5.567423919973676e-5,-0.00038953168540444363,-0.0007519811714813033,-0.0011649552671083746,-0.0016071693813596152,-0.0020863487328775807,-0.002604748084932599,-0.002295004830295189,-0.0020224788193247247,-0.0017447906079696375,-0.0015030018285580903,-0.001303554526704786,-0.0011248524141813975,-0.00016460378630591462,-0.0011939021788300375,0.0015108254774210998,-0.0012620107224999386,0.0011005911697565811,-0.000948203095940676,-0.0015490327975050862,0.0012801407356864767,0.00022994589981811678,0.0013905516006180731
-0.001689720801155177,-0.0030065360867280555,-0.004820570350139933,-0.006941638585548452,-0.008857857139021732,-0.009909825644636517,-0.0082449392532021,0.013232710635714212,0.0343855595029854,0.04912111301466424,0.06173544619446922,0.064051411479847,-0.005321909370454909,-0.11621484904421424,0.9173188592727312,-0.03923310822345559,0.02209291435740386,0.03189405199810816,0.022303380167479642,0.016785989713746705,0.012439027834862407,0.00865623108852063,0.006500529181195642,0.006120479740912893,0.006454619381291752,0.006605030548569692,0.005994032910042593,0.004994219764014952,0.003945621043995958,0.0030182758627304075,0.0020649069052115034,0.0009497577761392391,0.00048113207945663816,0.0003577102517793834,6.701878802209621e-5,-0.0003023030230090619,-0.0006950352185081401,-0.0012785762267470994,-0.001995787696462393,-0.0028860149924396657,-0.003991997567217703,-0.005369153554847092,-0.0070924753820326225,-0.005774077534694976,-0.004684258619497774,-0.0038122786998409236,-0.003097983002851552,-0.0025117497449481064,-0.0020341809710790835,0.0004546696392937521,0.0018025605037049993,0.0037070664975764685,0.0012630535587680638,0.0010487638648130021,-0.0005112939088324453,-0.0009677381617227303,0.001508745622247326,0.0010453572831359912,0.0014822264026795944
-0.0011076274686390726,-0.002172403522725186,-0.004062677601555732,-0.0072330548935980845,-0.011895454243328168,-0.016188223678620113,-0.013557736502005991,0.010742355247666186,0.023520469036540263,0.022259523126034363,0.02641237416960854,0.03845063818029016,0.03728739037894028,0.0020117983273804196,-0.03923310822345559,0.994688370512052,-0.03418252826410454,-0.008107385060938289,0.01286280918385651,0.013270762932912853,0.010562815963153022,0.00720884561391429,0.005522808087255089,0.0059243926998282246,0.006949513182104996,0.007491931670627608,0.006932224422801811,0.005767445582706272,0.00451886882983043,0.0033896942125711516,0.0022309659288694186,0.0007833040984585594,0.00013050639905873434,-8.213436948333009e-5,-0.0004928693484884049,-0.0009861181551799737,-0.0015126941512363273,-0.0022441633235273733,-0.0031425152571416823,-0.004225384601684311,-0.00555261020160318,-0.007184094993668156,-0.009153495581833102,-0.007181924972740786,-0.005628926157435059,-0.0044618095980382836,-0.0035338501530978073,-0.002772078360841387,-0.0021713866734883623,-7.855222371388107e-5,0.003545266817562308,0.003353316378383402,0.003750690465726695,0.0008795700545364004,0.00030773535081664435,0.001562504230735499,0.0023772105310591023,0.002840406479412673,0.0018545839241324838
-0.00033317226959967826,-0.0008035353370891671,-0.0019156803406294703,-0.004417929813539951,-0.009061897176500841,-0.014224368364710714,-0.013304519048700818,0.00539358401711445,0.011525386098569318,0.004409904886729042,0.0020494099475792315,0.01372471782318014,0.04246451122788578,0.059203153890174845,0.02209291435740386,-0.03418252826410454,0.9896276035880098,-0.030151922453525326,-0.0002627039029296829,0.003681889066625641,0.0037812538793055924,0.002823350520944472,0.002762692985564281,0.003952219629258275,0.0051819978177670084,0.005753657590124526,0.00534001465968432,0.00441614862710819,0.0034201736483358016,0.0025093027734342703,0.0016189042231237862,0.0005319159033349818,2.0682104170456023e-5,-0.00015136587036327953,-0.00045342152931610404,-0.0008081831315273046,-0.0011962833077097555,-0.001723016276471838,-0.002375881795449985,-0.003127483925025046,-0.004020241553635659,-0.005078421783069723,-0.0062504783388858814,-0.004761957134207278,-0.003605763676004032,-0.002763242967850248,-0.002110875426640439,-0.0015522571375431657,-0.0011308252589850168,-0.00018120239512538824,0.0034008600735525845,0.0018943852437537918,0.0034059502737292637,0.00045270235775614483,-8.097069230803143e-6,0.0006152288622501447,0.0006662413362877316,0.001915778954429594,0.000671032760604373
0.0005483277887836384,0.0008592187009077322,0.0008880989546966613,-0.0001245628557944902,-0.00328680213859024,-0.007554700954209291,-0.00775934540290743,0.0015718958609312924,0.002479847188861634,-0.0055869412569318,-0.008513968365159467,-0.001457596345489844,0.024867769217377086,0.04880168977737724,0.03189405199810816,-0.008107385060938289,-0.030151922453525326,1.0161755313021914,-0.015584162827850339,-0.009520731759722,-0.005111502810508189,-0.0019020940649479032,0.00037489482902008844,0.001729279508807391,0.002061767280751244,0.0018716839956004119,0.0014857095796670886,0.001142769560230044,0.0008852627547011943,0.0006268145680016087,0.0004464078663661402,0.0003577816058781992,0.0002564928585336918,0.00018213934169555897,0.00010288745409852913,2.7161931804005953e-5,-6.616350541968855e-5,-0.00014517006595149282,-0.00023046272311896842,-0.00022514476163337191,-0.00010455353691413349,0.0001979867300906564,0.0009132519235541977,0.0009178479678285831,0.0008829141460357699,0.0008200715644333045,0.0007452645564105963,0.0007518001731838015,0.0007275620359665247,-0.00061140112954262,0.0005577492203275337,-0.0007743096718911107,0.00069385423130529,-0.0005733548718128391,-0.00033202987732575226,-0.00010174578525496592,-4.273860457072267e-5,0.0001841228401911963,-0.00021793362450941327
0.001198085362513185,0.002194435446395224,0.0032195117871740004,0.0037635416877840402,0.002484581139009513,6.561288311723223e-6,-0.0003964708807944685,2.9638883847718026e-5,-0.0034606124666474196,-0.010763050568294253,-0.012739691488443509,-0.009672107137159965,0.0032238861405918975,0.019662188617295916,0.022303380167479642,0.01286280918385651,-0.0002627039029296829,-0.015584162827850339,1.0191443765146289,-0.019467720240614602,-0.012278625732209171,-0.005748030439775345,-0.0016786036369599272,-0.0005027111433840839,-0.0011978205416397528,-0.0021818449809038495,-0.002543214962964182,-0.002298218590867477,-0.0018135172240604529,-0.0013818937351069063,-0.0008185159996227234,0.00011575680849539473,0.0004553255010088154,0.0005155935729450718,0.0006858273081892371,0.0009119597097617297,0.0011570935114927484,0.0015681179409971126,0.0020843333824767576,0.002840252320075655,0.0038997748509915285,0.005390845249029691,0.007619725130876609,0.006071909990994263,0.004845174978948737,0.003914202243294622,0.00316277989762791,0.0026571730252270527,0.0022304400759877658,-0.0006556639880384168,-0.002420580396178639,-0.0030203248608679603,-0.0024520154916586397,-0.0015831316552913795,-0.0012809402358171706,-0.0024831541581448,-0.002169252904737241,-0.0025611382800381347,-0.0018127128885797933
0.0012470959593880468,0.0022692055992295746,0.0035932063031223135,0.004714867941452241,0.004666795036162912,0.003487690196164656,0.002426147947501799,-0.0017479904382201317,-0.0064264209958001745,-0.01208625430121455,-0.013298205214827387,-0.009663452312273623,-5.297733061495603e-5,0.011581023736162436,0.016785989713746705,0.013270762932912853,0.003681889066625641,-0.009520731759722,-0.019467720240614602,1.0250683804376948,-0.016213361687747976,-0.012798470758264482,-0.00912347742498038,-0.00573559171453667,-0.0030119362412994962,-0.0012960986181937517,-0.0004154798259708103,-5.759056129522384e-5,6.36548321816624e-5,0.00015189203303808333,0.0004102994105749093,0.000888424297207836,0.0008840041654292627,0.0006760797625472118,0.0006902366880665769,0.0008421458518884199,0.0011189375658134527,0.0016134547127193818,0.002310883704551072,0.003293817758838052,0.004687143715438575,0.006640163736277058,0.009502681108970129,0.00762052937859186,0.006114146714285528,0.004938692135684456,0.003987572947756086,0.00328479468772775,0.002705911344445256,-0.00036977156970693405,-0.003121453389539399,-0.003565618672217859,-0.0032114475457908787,-0.001556167165804415,-0.0007494265082986554,-0.0014533273495360335,-0.001411399182665945,-0.001671455607806915,-0.0009972000094596208
0.0011183258691581386,0.002051603297645311,0.003365467526779997,0.004647846724050394,0.005161898337522096,0.0046122768842254205,0.002950830066132165,-0.003037966976974856,-0.0076344238921979895,-0.011685844351634243,-0.012185376848812551,-0.008287972008077555,-0.0004977515049675741,0.007999340026071356,0.012439027834862407,0.010562815963153022,0.0037812538793055924,-0.005111502810508189,-0.012278625732209171,-0.016213361687747976,1.0236135436379779,-0.023044095127749496,-0.020570378692317846,-0.013211050740232903,-0.004196032578581352,0.002431401310694501,0.005316209613265255,0.005508484058342328,0.004592496799932005,0.0036994259487029783,0.003030707620560429,0.0023630366255950924,0.001647427334132283,0.0010047486768477345,0.0007254413558035246,0.0007008630761339821,0.0009560472203674214,0.0014470332920215104,0.002234120404803041,0.003290880024151272,0.004793186515599206,0.00685289648252067,0.009789633668306543,0.007895134468438782,0.006383983590538745,0.005170355271870374,0.004189733658899142,0.003407276061180444,0.0027738754583754247,-0.00015588202726038021,-0.0029962936059738307,-0.0034034541407709914,-0.0031365776012824867,-0.0012072723534309827,-0.00019387667964673402,-0.00028360352035643286,-0.0009381111149501215,-0.0010793577896237461,-0.0004991340338537056
0.000923488719507973,0.0017121316768487615,0.0028619096820156403,0.004069200162381963,0.004768647987313035,0.004557251438183796,0.0028109497136493944,-0.0031907580655389576,-0.007013655140048223,-0.009749758403705676,-0.009840318885251963,-0.006548764683043879,-0.0005116485832550562,0.005530333426033594,0.00865623108852063,0.00720884561391429,0.002823350520944472,-0.0019020940649479032,-0.005748030439775345,-0.012798470758264482,-0.023044095127749496,1.0126924331245233,-0.03024728638916116,-0.019548167193559094,-0.005003976482894035,0.005964839257182555,0.010604089557840457,0.01061559879563873,0.008755143559214877,0.006961970869117236,0.005410579197765167,0.0036708276456018677,0.002325435066675854,0.0013253899066446668,0.0007856536919778407,0.000594311047176937,0.0008169613918578384,0.0012811119082244183,0.002113714859674432,0.0031694793049532616,0.004642463418364027,0.006564661731160412,0.009154793273764826,0.007349719893712537,0.0059424315271767725,0.00480420979221694,0.0038949650382968264,0.003124035255645382,0.0025118992916922035,-3.789621837379497e-5,-0.002450706471557135,-0.0028917918660075286,-0.0026481604710577853,-0.0007642812173650216,0.00032355561781646775,0.0008570397600231427,-0.00043845907856381456,-0.0005299858994574691,-0.00010276631739522329
0.0007510385420971857,0.0014054962432235854,0.00238245845199959,0.0034589175199497366,0.004210921108704044,0.00426755253786639,0.002903783174925702,-0.002429013243948871,-0.005497120268001686,-0.0074674137153151335,-0.007464585287074885,-0.004903084970819062,-0.0002576739152186265,0.00415453754451367,0.006500529181195642,0.005522808087255089,0.002762692985564281,0.00037489482902008844,-0.0016786036369599272,-0.00912347742498038,-0.020570378692317846,-0.03024728638916116,1.0137388839241541,-0.020225966332273287,-0.005847498917862897,0.005191406324445572,0.009995253796683793,0.010200588785526895,0.00852799631357794,0.006893923260451411,0.005364152661125234,0.003545424450765631,0.0022105839236953874,0.001231939497221163,0.0006734337678057856,0.00045011310864174803,0.0006648343022922919,0.0011385014475850097,0.001991660276338102,0.0030070971973299963,0.0043347333003907395,0.005925701889356617,0.007847637867075185,0.006116978070899764,0.00483647590875236,0.0038473780286912116,0.003082603944716222,0.0024200004664687216,0.0019082056882173389,-6.146152779996003e-5,-0.0019293985740229066,-0.0023860444558226226,-0.0021425484093716154,-0.0005894180636258949,0.0005774391969980688,0.001278274527278597,-0.00010079536842636107,-0.00016337480733909386,0.00014177892934631479
0.0006200729166510021,0.0011728156515245591,0.002011021161410292,0.002971430204669036,0.0037301019723466134,0.004000490276559925,0.0031376908240650127,-0.0014220673089040947,-0.003931164140121865,-0.005490552775825155,-0.00551856959708667,-0.0035254651992307944,0.00017225467630337156,0.00373940646942438,0.006120479740912893,0.0059243926998282246,0.003952219629258275,0.001729279508807391,-0.0005027111433840839,-0.00573559171453667,-0.013211050740232903,-0.019548167193559094,-0.020225966332273287,1.0290951933947063,-0.006758407834074621,-0.0002525315470590607,0.0029807706420858825,0.0037240578330835763,0.0034295102881429784,0.003084343299498455,0.0025905646600811673,0.00182392073302431,0.0012095364733352672,0.0006618724644918532,0.0003683713647325799,0.00029145576910155944,0.0005444568161225897,0.0010776712305346175,0.001950046833774475,0.0029335317621174127,0.004095882389962699,0.005334973363925156,0.006571558554525841,0.00478124300377292,0.0035469531006194926,0.0026870870788331435,0.0020640275991567385,0.0015499882448191103,0.0011712204087072338,-8.06369804580572e-5,-0.0015057757407568966,-0.00199048550739027,-0.0017454795611063327,-0.000517707958061278,0.0005716328869645054,0.0010469709266331642,0.00015214269066017545,0.00011321560936428929,0.00030350394854743883
0.0005088570836901849,0.0009694027824545415,0.0016763466546253823,0.0025050505358512843,0.0032045715243984576,0.003561433568037638,0.003027594814947556,-0.0007331599209666261,-0.002733591436564109,-0.003920068187328476,-0.00390690598785169,-0.0022475842406793458,0.0007829512312970802,0.003859206167780852,0.006454619381291752,0.006949513182104996,0.0051819978177670084,0.002061767280751244,-0.0011978205416397528,-0.0030119362412994962,-0.004196032578581352,-0.005003976482894035,-0.005847498917862897,-0.006758407834074621,1.0368507506372344,-0.007118408030665361,-0.006340258248530653,-0.005112854124596726,-0.003733685235141491,-0.002466456497788097,-0.0015639547408985946,-0.0007784315581518775,-0.00031560061275280734,-0.00019199890418892016,3.0318551338437504e-5,0.00030571431968020636,0.0006717450098280928,0.0012811471863147198,0.0021321693556969213,0.0030494313037736096,0.004024898128058973,0.004938140104347771,0.005633893399521068,0.003699432299897738,0.0024487266882162097,0.0016765446386388919,0.0011624930339165212,0.0007940453623144102,0.0005417172243142546,-0.0001497541645406053,-0.0012310159216968968,-0.0017215610470917803,-0.0014746940715687083,-0.0005920943673694593,0.0005003863994799333,0.0006474898074057811,0.0003814414057331469,0.0003470199647310479,0.0004705021594108781
0.0004175667178605983,0.0008037263600095013,0.0014023655549440048,0.0021195240414283853,0.0027570717839435857,0.0031610778327122555,0.0028525090257246494,-0.0002284297031028966,-0.001887393672663185,-0.002828312069642685,-0.0028009127684794142,-0.0013226962030552236,0.0012402351970994898,0.0039755549165112645,0.006605030548569692,0.007491931670627608,0.005753657590124526,0.0018716839956004119,-0.0021818449809038495,-0.0012960986181937517,0.002431401310694501,0.005964839257182555,0.005191406324445572,-0.0002525315470590607,-0.007118408030665361,1.0319953761016916,-0.013328043523078396,-0.012020715645761232,-0.009634850642152018,-0.0073151010617668695,-0.00534355563736823,-0.0031856490485346178,-0.0017466997421661846,-0.0009741615398604129,-0.00012882333841872883,0.0006455982160065008,0.0011978618984894696,0.0018510055136039493,0.00262278224460338,0.0034221351678649335,0.004212913000993698,0.004860742809163124,0.0051786569271304265,0.0031243555412440436,0.0018442174305875459,0.0011142382552501557,0.0006599838695683871,0.0003874277804989332,0.00021549895540204874,-0.0001402412830810277,-0.0009907090905059064,-0.0014896888590455585,-0.001247563244136049,-0.0005922966507373393,0.00041734127509671787,0.0003651982046946961,0.0005365598871412755,0.0004903171422801812,0.0005710996421590216
0.00033288423863959683,0.0006458178741223428,0.0011342615473335625,0.0017282880598869638,0.0022723398044429467,0.002657713466174959,0.0024599916509762763,3.916906206773166e-5,-0.0012937410988546276,-0.001991429518369464,-0.001955655486823987,-0.0006823700687116053,0.0013839077801638333,0.0036764402042333156,0.005994032910042593,0.006932224422801811,0.00534001465968432,0.0014857095796670886,-0.002543214962964182,-0.0004154798259708103,0.005316209613265255,0.010604089557840457,0.009995253796683793,0.0029807706420858825,-0.006340258248530653,-0.013328043523078396,1.028195143422476,-0.015038021685694939,-0.012838722290454418,-0.01048960063609102,-0.007972858807427083,-0.004756554461565902,-0.002787488041882704,-0.001753842425319574,-0.0002241039905458728,0.0012872970986541504,0.002163911282126074,0.0028248224073949392,0.003407808712536117,0.003962087551605076,0.004490267867702792,0.004859817530818141,0.004914091652963989,0.0029476391276621995,0.0017240292621946236,0.001035810702179032,0.0006094222724878926,0.0003732008588003816,0.0002247109820973692,-0.00013173327252483476,-0.000781013936806637,-0.001265434717011827,-0.0010385767640301788,-0.0005647747061030377,0.00040646355207694983,0.00041406710719898645,0.000647179524937484,0.0005594797372721938,0.000648904357505777
0.0002617436793821239,0.0005114153682959476,0.000902646543628179,0.001384475523561462,0.0018342310628858907,0.0021701182351592844,0.0020256385640443674,0.0001446410738484307,-0.0009235702746248663,-0.001434486727534731,-0.0014119363785301204,-0.00033061813747987283,0.0013072845198439469,0.0031662701594335403,0.004994219764014952,0.005767445582706272,0.00441614862710819,0.001142769560230044,-0.002298218590867477,-5.759056129522384e-5,0.005508484058342328,0.01061559879563873,0.010200588785526895,0.0037240578330835763,-0.005112854124596726,-0.012020715645761232,-0.015038021685694939,1.0287706058873605,-0.014370825562322569,-0.012849963490402207,-0.009209570047492158,-0.003765055277219593,-0.002422075407309848,-0.0030663052832376296,-0.000993116410258877,0.0018688662873230033,0.003387744539794923,0.004068428005629927,0.004301904030267599,0.0044053619356286865,0.004486086798522415,0.004447072087362224,0.004178458963591924,0.0027559481928415065,0.0018179692557601268,0.0012559269732703726,0.0008774739342048588,0.0006487053769687738,0.0004874928184587549,-1.5078460483491684e-5,-0.0005068069729990604,-0.0009479571047432121,-0.0007557834544435118,-0.0003432815598499194,0.0002901735053026532,0.0004974141546565817,0.000660757167669715,0.00038798101612142394,0.0006325526255067075
0.00020480290523933891,0.00040304944128890163,0.000714771757372716,0.0011046944366958928,0.0014761805043751854,0.0017692855294881862,0.0016657006048612555,0.00021300963791957467,-0.0006590467459228459,-0.0010251967367803727,-0.001034200900324383,-0.00012285788069219355,0.0011330173876494974,0.0026064602692711923,0.003945621043995958,0.00451886882983043,0.0034201736483358016,0.0008852627547011943,-0.0018135172240604529,6.36548321816624e-5,0.004592496799932005,0.008755143559214877,0.00852799631357794,0.0034295102881429784,-0.003733685235141491,-0.009634850642152018,-0.012838722290454418,-0.014370825562322569,1.0283104364107558,-0.01560358997885894,-0.00890205860280412,0.001869768219132334,0.0008200378533397831,-0.005209056614037174,-0.003120925583056697,0.0018536195491198806,0.004372456648875145,0.005287618400077159,0.005123381108036913,0.004582243396587496,0.003945256933513905,0.003227662405324667,0.0023595372589776424,0.0020291263979602373,0.001689044155923655,0.0014182889638354667,0.0011713139790917536,0.0009777249062516513,0.0008110446753733758,0.00010283820897421233,-0.0002545763297810832,-0.0006303103393521099,-0.0004922708358763359,-0.0001153706621086379,1.3071730109387215e-5,0.00046214859959553306,0.0006065044422984456,-0.00012681469685170643,0.0005566203545978632
0.00015013223401086896,0.0002995918452004265,0.0005294590533987764,0.0008227342361996814,0.0010978306925677308,0.0013167493021805324,0.0012255131462376384,0.0001896391826243674,-0.0004609125947865314,-0.0006911642105111309,-0.000697169905267341,5.109557047719564e-5,0.0009852150655805406,0.0021020624768945924,0.0030182758627304075,0.0033896942125711516,0.0025093027734342703,0.0006268145680016087,-0.0013818937351069063,0.00015189203303808333,0.0036994259487029783,0.006961970869117236,0.006893923260451411,0.003084343299498455,-0.002466456497788097,-0.0073151010617668695,-0.01048960063609102,-0.012849963490402207,-0.01560358997885894,1.027029794480975,-0.010997778254283696,0.0005125786324392371,0.0005764401585147563,-0.004591790026616264,-0.0022258999332024827,0.002392818676590684,0.004629790863001632,0.005794746498619609,0.005632996106486156,0.004865118449385832,0.003981324941309654,0.0030870410096050373,0.002199684389438485,0.0022070289213580114,0.002030003836713281,0.0018095638722611643,0.001561128939938072,0.001329793640084856,0.00112022436159034,0.00020694196541634708,-2.2816611821661974e-5,-0.0003115713249793446,-0.00020674918635670486,0.0001506493925869116,-1.6188866355292368e-5,0.0005631366727646232,0.0005070571564126146,-0.0003083412726884189,0.0004318402410004618
8.673300130682406e-5,0.00018476696370403045,0.00032063308889402497,0.0005080869196847336,0.0006792892570218399,0.0008470409187163283,0.0008632437686252497,0.0003480374043955793,-3.528889109780639e-5,-0.0001899598019942315,-0.00023931252873458987,0.00023467863273067682,0.0008254350757314651,0.0015617359232092444,0.0020649069052115034,0.0022309659288694186,0.0016189042231237862,0.0004464078663661402,-0.0008185159996227234,0.0004102994105749093,0.003030707620560429,0.005410579197765167,0.005364152661125234,0.0025905646600811673,-0.0015639547408985946,-0.00534355563736823,-0.007972858807427083,-0.009209570047492158,-0.00890205860280412,-0.010997778254283696,1.019858261311923,-0.03748404786771187,-0.021358696615170085,0.004882529659577415,0.010889213560468661,0.006877839962447586,0.004920911257882635,0.005374185923310191,0.006020735486893747,0.006589573904017677,0.007608401600504046,0.008894019446978901,0.010667498221225665,0.007162368993300814,0.004901234600430365,0.003484463857333239,0.002540186250871082,0.0019037313566765317,0.0014611094470150122,0.0002320368784047552,0.00011747575168837684,-6.534134615281103e-5,4.9211320314827085e-5,0.0003777512530400909,0.0012496668750342573,0.0016910724843473698,0.00028201888079034114,0.0015216118204745797,0.00020663501932422515
