0.9056079373752348,0.2780720523751108,0.3563079611346992,0.09332316547573975,0.1414985384743978,0.11869174877045874,0.1762582135361335,0.1644990723460101,0.06894389509211042,0.0984148082389158,0.11599235234293104,0.1319360471543097,0.13766471532325378,0.1295521326174612,0.11326819093871653,0.09574554780808399,0.0897112515253429,0.13460159446699596,0.0732233318269712,0.12759636507386882,0.10585366876287691,0.19163156573092907,0.10416930545897728,-0.01487911616382914,0.18196670343998295,0.1220577197402339,0.11003729073473188,0.09190663783588725,0.10937995961536717,0.10445349986578485,0.03920476882769393,0.07457865352857777,0.14951336642917604,-0.12347255701708608,0.11682024334459447,0.059358663168131064,0.09532492399161879,0.07061917283210514,0.1246702577663266,0.0921575103153023,0.11515106966189208,0.09931599306688298,0.14393962055888124,0.011070359408414082,0.102311907067068,0.18112479767397277,0.13132634825835685,0.028456329501694553,0.12199449360621817,0.01921602481185411,-0.0314832626984373,-0.05840128260708781,0.057753002591897334,-0.010625270295836925,0.12792805844161098,-0.019674130838091396,-0.01632932937852047,0.125669814737476,-0.2372937849191718,-0.047742934353027545
0.2780720523751108,2.843695763037394,0.4509713134725067,-0.15567263186759162,-0.1274885820658859,0.13123564211718294,0.023567780345787413,0.0551176955278658,0.0657387676249173,0.0769230367711862,0.031248399080644817,0.048073525227995656,0.027731838211600638,0.06710177823908693,-0.03259429858419033,-0.08006648533560805,-0.027463652283980667,0.061106725910871594,-0.06056636624700492,0.12283742891107567,0.13325999434192395,0.015875802982817898,-0.05873645355823052,-0.023548460298605658,-0.012096359296091541,0.10951154216094909,0.07747209014004357,0.04070193374355673,-0.04905941068647304,0.04029966066020282,-0.027545851687356702,0.14160551907880764,-0.02280673350861043,-0.02461273194436579,0.04093089474584834,0.03140760715751206,-0.1730979114311709,0.0703833146466124,-0.022176367936919194,0.18629735089332708,0.08342040160200816,0.08551682434198744,0.17859458623457425,0.029206724909516556,0.07506644311871222,0.0769605740112253,0.0795803272785758,0.004758403683051375,0.31685336287143306,-0.17452255310017714,0.21717334157211857,-0.1675743729089037,0.012899935283956738,0.10678406078071447,-0.5470105500021698,0.03390122697554465,0.12488408583985063,-0.10283267006709752,0.5047505224851493,0.16621074731900082
0.3563079611346992,0.4509713134725067,4.06423525018203,-0.10787814355866247,-0.44578976673720927,0.23036349603349954,0.13142638522952937,0.17568300044096902,0.3584140858732397,0.024211448860403405,0.12294740192215003,0.08004201979249663,0.10602233946297784,-0.047494280126643675,0.09028052663126332,-0.1182274470851407,0.08533202424471152,0.15885379766979144,-0.03628297994832396,0.1294523661794503,0.14453288353562974,0.1442702461305483,0.17192333703334775,0.1301224147405962,0.08156254615629621,0.17526101311379677,0.06977891947559953,0.1347660020824064,0.17875179133141164,0.1510660280635845,0.008594896285042302,-0.06016034950249041,0.15131876887818052,0.12193114889543313,0.19977732372074208,0.09764367928995299,0.2614727053534509,0.0037327957280992386,0.1481982165286466,0.07930369445727198,0.07708991652244586,0.12409134032263208,0.1944295182744914,-0.03397879522790795,0.18232806160894802,0.1665832636172786,0.1506405067758935,0.012725766744761419,-0.04191306423406929,-0.11848091910462367,0.12035889994736675,0.1312079843034663,0.09401513794407498,-0.1107460533323252,0.34274008857573607,-0.10840545081384298,0.04383409071706311,0.005694991768120826,-0.29251839115158934,-0.019931337823036323
0.09332316547573975,-0.15567263186759162,-0.10787814355866247,0.6668800257691548,0.4686927652512655,0.21841173896226015,0.18981722237536103,0.25364183662641937,-0.02809883919379079,0.1758727081436276,0.1752743134509561,0.2300488365124123,0.21841678287553823,0.20080766168576186,0.16261592963520216,0.24442538032768316,0.19683006116230892,0.16127620120198163,0.23130410831896303,0.1290565737234438,0.12930484815502946,0.16149523543922764,0.15441000480979564,0.1298625025893223,0.09778967206214419,0.11962259727491462,0.1322888230155395,0.07225051508136678,0.21701950292165037,0.10652938583740805,0.024312767793102288,0.14286081977971155,0.19580232156371866,0.1841238238030918,-0.014085943291573052,0.11238660975946804,0.2669410679428362,0.0854047451839021,0.1985976265476545,0.03208733866770773,0.12808149992740717,0.13906734142753066,0.0675884242768784,0.027552844657493542,-0.032066017710790054,0.2026271786787468,0.19961166555069057,0.01320698918902592,0.12230273632567633,0.24920975296380624,-0.1934571209292358,0.06778845932577889,-0.04696927220760341,-0.1177498926013179,0.008691733814285842,-0.13199889542080742,-0.46624459625877085,0.22019088139585313,0.27681115609937945,-0.13348569286368628
0.1414985384743978,-0.1274885820658859,-0.44578976673720927,0.4686927652512655,1.0444899943067012,0.24293557010120712,0.1351288052715086,0.27483846020334635,-0.13127982622116668,0.23298627480465697,0.20313524665999405,0.25737510912928424,0.2737107141457113,0.17946262506498334,0.1937085675584913,0.30602048245557584,0.1892599552975313,0.1883755514680073,0.41410700636685976,0.08998848168905954,0.12032613056306662,0.20220111616431793,0.1759811385063299,0.14395399768260567,0.07059738110782202,0.06727332634432807,0.1052256648842071,-0.006703076557769145,0.21458754198912153,-0.08494009941459371,0.07959709127596541,0.09452302364789938,0.18924598480628588,0.13891799424121554,-0.0915006923631788,0.16289251195183008,0.23641618887191326,0.0880794452627791,0.20967645679618124,0.05369285430636845,0.17147386354391148,0.13747319125531524,-0.013293430686466708,0.026994545991786766,-0.11261717304486339,0.2516583796489252,0.17969141526218438,0.0041606906863944325,0.2134176511783159,0.30963023670988704,-0.11667580700728404,-0.10915608478974784,0.041215753734836234,-0.14579529364833918,-0.11655725474373484,-0.13047948456216935,-0.06802319693806824,0.050993187619265024,0.14181273058936406,-0.2024578960103469
0.11869174877045874,0.13123564211718294,0.23036349603349954,0.21841173896226015,0.24293557010120712,0.6222615906845439,0.08851043733260407,0.2993871294111398,0.06591964929901989,0.19716151064635912,0.26273719773161724,0.21598800625963743,0.22967796837038254,0.10255543019161899,0.15011665407871536,0.15052533736476065,0.25145673985035966,0.1978883214607114,0.27401894179325853,0.22981953733634186,0.18674806158803056,0.28604647665778377,0.19836081596408572,0.1875184330152832,0.11883471584206137,0.1653534012853728,0.1602399196709545,0.19501678944143755,0.23160745360329438,-0.08528501325703743,0.1260060887597153,0.20801036346752327,0.12021778903395915,0.26996731328336665,0.1434735962499393,-0.04650466599164602,0.2628552253762973,0.13578301692461278,0.20953406767912564,0.06229369330992151,0.14452322718166752,0.17680003872474173,0.20905913825684702,0.038806860060083645,-0.011073973029711331,0.20303775974442898,0.34382357586186896,0.15712716768673593,0.2775291835124763,0.2024415503681222,-0.3481051534325853,-0.03958522138433084,-0.07181069196504614,0.07515645853111295,-0.04058716673230997,-0.0653110148844748,0.05086229970596376,-0.03182234067502951,0.03763234192069736,0.23877029417339252
0.1762582135361335,0.023567780345787413,0.13142638522952937,0.18981722237536103,0.1351288052715086,0.08851043733260407,0.5715158857401627,0.12063334078638732,0.15441980940470254,0.12387751231786298,0.16735880287443183,0.24020537650558868,0.1792691278970851,0.12652299771912878,0.12043797726632485,0.14934969165926756,0.16347581158938715,0.12489159387772657,0.061850652394649416,0.10267545867254942,0.12665323638337125,0.16805293048086423,0.06538379589685857,0.15277702419004976,0.11946633815926805,0.14750549181040273,0.12799793817546126,0.0776262964534944,0.08064862355493432,0.16162362870475733,0.1372577425501458,0.12217733235613591,0.12286489055196909,0.11204950086145095,0.05149729793191483,0.24754636965798707,0.10794189292477543,0.05432783381502169,0.15697548008350115,0.036212897747123704,0.06675207334304296,0.12487474953728579,0.08732741066919977,0.019749127424783616,0.04111880696959163,0.029870069491435447,-0.01121459105512888,-0.1473333610924491,0.13308331590785152,0.0768035718014754,-0.1157470602250878,0.03268232603432699,0.02305895792371152,-0.028168798214963674,0.010841599615688194,0.053987828154463145,-0.049107182199137,0.06405271082094723,-0.16253788558794496,0.005459429411250286
0.1644990723460101,0.0551176955278658,0.17568300044096902,0.25364183662641937,0.27483846020334635,0.2993871294111398,0.12063334078638732,0.7643226440491528,0.02182564803348915,0.29723447285232396,0.2679620858013358,0.08285014681164467,0.26114510402946767,0.08679212390244395,0.09824823353088408,0.17063669531659664,0.2509266269102644,0.26329894408286264,0.22299205960900503,0.1839118946767928,0.15416871118057535,0.2887659759930185,0.2500870314151808,0.14889438641326566,0.11435474639265698,0.2286533560058392,0.17246625987338182,0.1834896277146136,0.2527687811057962,0.017181088393284475,0.07345677261798679,0.1171520836272476,0.0982389625158852,0.26671495416109325,0.2535015782185433,-0.07089351222628056,0.27025360212900756,0.10605188517112364,0.2655073607249094,0.1397488259320897,0.11433166354272835,0.15291304096305283,0.16749379975607498,0.02222728949125726,0.028486216718778545,0.3162203587548397,0.441598228213347,0.16512617452325298,0.2588371509033307,0.1462054239795153,-0.13717487004430756,0.037576834964335774,-0.040077798168944856,-0.05665933882707063,-0.05555600243386754,-0.0781548479227935,-0.070827311363547,0.07523203948920698,0.08278539890709082,0.05900213872846031
0.06894389509211042,0.0657387676249173,0.3584140858732397,-0.02809883919379079,-0.13127982622116668,0.06591964929901989,0.15441980940470254,0.02182564803348915,0.7095869698476849,0.051039838957754075,0.08338873601335585,0.061265794924006724,0.030080862516530856,0.08059417914005708,0.09723064786697465,-0.021026198729002264,0.05595360378500081,0.030929619401400807,-0.09566589986719957,0.09369563893075866,0.09764555083683045,0.028086575738660982,0.04886833325398742,0.15212054699696337,0.053630553317880435,0.2501542953025397,0.06845817747821957,0.0768915178364288,0.003125942701774955,0.06426564812291802,0.12496338267282274,0.14732316301330103,0.054620840003434055,0.1480182011017503,0.07561880823473625,0.045320573210415355,0.03267556583930656,0.0462866917240281,0.054043571350033105,0.013428470338432488,-0.04975977331054005,0.08656296661710919,0.08242366589477386,-0.009350734318550743,0.09417545800002154,0.08908640078153829,0.11454221652190363,-0.06294713665852401,-0.0204259043213721,-0.13729292213941624,-0.01115911252590987,0.016898925557603604,0.08983607066919957,0.03566979442874648,0.06301356140246307,0.18108520355184465,0.0047006350980886135,-0.16905410388768646,-0.05712451663381478,0.19271625355371783
0.0984148082389158,0.0769230367711862,0.024211448860403405,0.1758727081436276,0.23298627480465697,0.19716151064635912,0.12387751231786298,0.29723447285232396,0.051039838957754075,0.7714113492089533,0.2603558059755136,0.24070843670130251,0.2426560236562642,0.11156109333253797,0.2167099933144118,0.20854928263931283,0.22112253369555251,0.1990759757105328,0.17634081640707935,0.069416160373324,0.11155210380215894,0.20262173085374816,0.25560160511320057,0.23288630478989805,0.11677591562757123,0.10630128768229058,0.1504372887144235,0.1506038028734977,0.22735801237730568,0.013676760133739481,0.11294733826177894,0.1377507776781357,-0.0047851356799998475,0.23577840940716976,0.2846965221258829,0.10141096733928745,0.10099521494282888,0.054436576238010924,0.21525300116244608,0.1093971603003839,0.1282187210318345,0.11638118799548394,0.028439344675981276,0.010112158339212205,-0.06150660524560972,0.40520619994686835,0.368340118172535,0.020984450884285147,0.2221516523213557,0.0019120198431573816,-0.001268177860998013,-0.10693886369700312,0.039534498802775576,0.04310691161067967,-0.033444486803407204,0.11807565786049541,-0.010157633084014765,-0.4507632387734078,0.31384084880650315,0.09402684999429778
0.11599235234293104,0.031248399080644817,0.12294740192215003,0.1752743134509561,0.20313524665999405,0.26273719773161724,0.16735880287443183,0.2679620858013358,0.08338873601335585,0.2603558059755136,0.415813294805317,0.24190642963900205,0.27813505496433094,0.12674493902290568,0.20909737839687004,0.18233219881046409,0.2707501387764138,0.19065297049990773,0.16645876524793074,0.20366988285265505,0.1687105369528374,0.20655589107485506,0.14902943012755224,0.18791803591495568,0.13640239370484877,0.18461482206210728,0.17725110181000298,0.21145641708126595,0.19423663238879488,0.041556903735430896,0.163808483784854,0.1623775325941397,0.1142456835200268,0.21108552390808868,0.2637100253483327,0.08160820742815399,0.20123789561790328,0.11429771259143286,0.20765362381316121,0.12025783792162274,0.14549690848978786,0.1712090821755137,0.1260982976037797,0.017508673927629514,0.02682605583734726,0.30492283164769557,0.3037939711273439,0.054170739782942054,0.1932003966571772,0.07469737987882058,-0.10551620927476775,-0.048704268198375214,0.0006385868628844935,0.041031775781403684,-0.036322401861301395,0.007596527702317131,-0.0034975136561004754,-0.04211349870981318,-0.003935797822338692,0.10383218435389081
0.1319360471543097,0.048073525227995656,0.08004201979249663,0.2300488365124123,0.25737510912928424,0.21598800625963743,0.24020537650558868,0.08285014681164467,0.061265794924006724,0.24070843670130251,0.24190642963900205,0.5372700795737301,0.19054820914421275,0.21703012515706865,0.24203712248513107,0.21535435674041997,0.23085133424314824,0.1087887814680288,0.16235220480838258,0.15640626744581737,0.13902363720552188,0.1215124956033576,0.08551793147197818,0.14178552325399368,0.12983837929079167,0.14126489598271894,0.20290578668786768,0.10860205380824864,0.08716137573170153,0.06753857652631454,0.0972644820159435,0.20756157967218083,0.11183412176657406,0.15417471526656237,0.15517707015412885,0.14695205522114058,0.1244322682004514,0.09321929744419462,0.18555198199730938,0.07422046840782981,0.112025014578068,0.14885670262500791,0.0816020158369372,0.022191108631389008,0.03173588452912726,0.20072608534655728,0.18852777877030333,-0.019117383956618276,0.23392358411234776,0.08202384813754056,-0.12146746542155154,-0.041845112726271824,0.04005146122375359,0.013790083918526808,-0.07152110515690359,0.049523558976650804,-0.12923128901598824,0.021857256895779012,-0.025732125053891296,0.007913161462143036
0.13766471532325378,0.027731838211600638,0.10602233946297784,0.21841678287553823,0.2737107141457113,0.22967796837038254,0.1792691278970851,0.26114510402946767,0.030080862516530856,0.2426560236562642,0.27813505496433094,0.19054820914421275,0.6083817883576761,0.2085756463145577,0.039037307900410004,0.24036990697959787,0.19193837674091302,0.16494130548836106,0.2101402646051439,0.12645705613250594,0.1575307620089431,0.349774719613794,0.17631003783646718,0.17144244633786312,0.18431963068766938,0.17324636159784723,0.22196953022779192,0.1663405436432916,0.34484896443876684,0.07264098622931514,0.07025773344630742,0.20020156543138343,0.15918408121651423,0.21783414529326087,0.23363678086365697,0.10589411670274718,0.21735480186262815,0.08488591944902138,0.21743554126429146,0.12029623686760264,0.1512009883086043,0.16154009656886667,0.12894898915577138,0.017836288431385672,-0.06977961719548978,0.3622425743403671,0.30201809163087984,0.027034980157909345,0.2074325324583091,0.07581985803662292,-0.06738032435543247,0.012689587113403466,0.0491236090098991,-0.06168602436203563,-0.015530341098589409,-0.13199862526198747,0.04318908919205479,-0.05420340325518775,0.0910827433077751,0.05127603606134121
0.1295521326174612,0.06710177823908693,-0.047494280126643675,0.20080766168576186,0.17946262506498334,0.10255543019161899,0.12652299771912878,0.08679212390244395,0.08059417914005708,0.11156109333253797,0.12674493902290568,0.21703012515706865,0.2085756463145577,0.6682856705549074,0.14554536108222652,0.26631586762608456,0.10890202568005629,-0.0013677985386781083,0.08505888783401475,0.19364297592803373,0.1274947547807846,0.09716097534967857,0.03502432364478599,0.11284949014212213,0.18430423291814307,0.17539875498020724,0.23163887889535795,0.07301623978469131,0.1335397654290452,0.20254300223475807,0.007168441438616982,0.5407100322026122,0.023160886417946606,0.19096684008049147,0.21644190091771517,0.1153056241498933,-0.024445368433976582,0.1227632741513368,0.1380293231019461,0.16787675134956362,0.16964133595709147,0.15374809936729902,0.21273434175345438,0.02987103555805585,0.032465186226115286,0.3067701716413923,0.310378405888998,0.012564327620611286,0.2871816867879798,-0.05316806480428685,-0.03602644670286802,-0.11590449578685164,0.07293978237853585,0.10415857943972447,-0.11151893560001165,0.011711190408224484,-0.2829480322423907,0.2053218408110004,0.16348562020762747,-0.07318280624667862
0.11326819093871653,-0.03259429858419033,0.09028052663126332,0.16261592963520216,0.1937085675584913,0.15011665407871536,0.12043797726632485,0.09824823353088408,0.09723064786697465,0.2167099933144118,0.20909737839687004,0.24203712248513107,0.039037307900410004,0.14554536108222652,0.8799385395446507,0.12301404845704864,0.22100611933589231,0.2297144089609818,0.1145631997924548,0.1800478396599258,0.1257845315139439,-0.11910648309568764,-0.0690415817401084,0.17441593486748075,0.10251336461663033,0.14846014127253987,0.11240750382663053,0.19000582095697124,0.05679251300765265,0.14458680408279084,0.25324021888454096,0.13591520178135783,0.08689119241552683,0.12957311502041002,0.1536418080759901,0.16054816428457933,0.13018294196417698,0.08174580041292193,0.15607048210932428,0.041640199931650995,0.10161108501644207,0.13168183150945983,0.042060014857298746,0.005248843878217305,0.09717822793657327,0.15637799614852488,0.16530363603132142,-0.05757256949734455,0.18204724209059417,0.29407697443196473,-0.08798158287097926,-0.05834019236585833,-0.15412350621418866,-0.011152541597178711,0.01020370939182199,0.2121478433177865,-0.22797459380106766,0.04743720018419097,-0.08195035653619868,-0.030455206981248407
0.09574554780808399,-0.08006648533560805,-0.1182274470851407,0.24442538032768316,0.30602048245557584,0.15052533736476065,0.14934969165926756,0.17063669531659664,-0.021026198729002264,0.20854928263931283,0.18233219881046409,0.21535435674041997,0.24036990697959787,0.26631586762608456,0.12301404845704864,0.6824783588811315,0.20002741425193774,0.1489031942171744,0.22214333405878725,0.05605891074871127,0.12962210152212253,0.19463942290188904,0.1446998639658829,0.13126590958699055,0.16045180386351224,0.05824026969843517,0.23263328317110174,0.1723469444485819,0.3010765443803111,-0.0035812653109577393,0.013014963918180052,0.24281245602770382,0.03471703331223259,0.19952597268731362,0.32866393673656696,0.0953154389618096,0.14167542357991092,0.0414882850649995,0.2014936278290034,0.12347360107978553,0.15997758097265144,0.1623122986807947,0.10530497917084154,0.05627163846667539,-0.011367381809953203,0.2599161504592668,0.25977277490938305,0.03639050029948417,0.16046090901294305,-0.005110198359840334,-0.038152966607524166,0.04709794077349931,0.028895340526137226,-0.0036874421787951362,-0.03252944453921944,-0.053383580167599004,-0.14197427384930192,-0.008068020213682059,0.16779803710551994,0.0063675678730045334
0.0897112515253429,-0.027463652283980667,0.08533202424471152,0.19683006116230892,0.1892599552975313,0.25145673985035966,0.16347581158938715,0.2509266269102644,0.05595360378500081,0.22112253369555251,0.2707501387764138,0.23085133424314824,0.19193837674091302,0.10890202568005629,0.22100611933589231,0.20002741425193774,0.6579754397143928,0.24861537001976228,0.16849787682653017,0.26469989495087815,0.2171745809890297,0.23682365235454828,0.17957110353232233,0.1564578447007531,0.1780135381198778,0.11801588642996254,0.17788802103563703,0.44621130025015443,0.15572553551293883,-0.055271269307453984,0.16235081781935112,0.129141829239654,0.3752525066901925,0.15256828333459635,0.325072296969947,0.0766159468587783,0.3793205047589719,0.1511546155900591,0.2437876471874471,0.13628824059946779,0.22991735143729086,0.2450715605850052,0.17603800014648824,0.014270933888141884,0.08255637811097927,0.4476192247913018,0.40911907354120397,0.10559365837570257,0.22396836070760848,0.2646639134374295,-0.06696731159333477,-0.19345052548113637,-0.1471790804557709,-0.02796732682592281,-0.08806026247892455,-0.04546954580050866,-0.10687780794970958,-0.0665892766101321,0.12361322124814016,0.04953469798476031
0.13460159446699596,0.061106725910871594,0.15885379766979144,0.16127620120198163,0.1883755514680073,0.1978883214607114,0.12489159387772657,0.26329894408286264,0.030929619401400807,0.1990759757105328,0.19065297049990773,0.1087887814680288,0.16494130548836106,-0.0013677985386781083,0.2297144089609818,0.1489031942171744,0.24861537001976228,0.7761563730197738,0.16959958586692683,-0.011586082833827806,0.17690738688375196,0.19155410826134786,0.25702878235082627,0.15956246530219434,0.10011243145360985,0.18769432619159812,0.08704389388161107,0.2793494389537833,0.15330994809429366,-0.06273066893530851,0.30934695770857307,0.012332490797802584,0.2196926263427464,0.13232366072767324,0.16630155885861114,0.11138089960027032,0.21974517444905722,0.023076227101823138,0.1729367634052695,0.0933023055790797,0.06824753118232049,0.13766776420538832,0.2027427171094978,-0.014510772103175876,0.11358763315950744,0.32772701414049776,0.26347561828962923,-0.008332241137104148,0.03788335584205701,0.2421486723953661,0.16845064052322503,-0.31611903503307753,-0.216951705847644,-0.11060650686056951,0.03866943926242545,0.008469038058255366,-0.031296499131765305,-0.06267292118098577,0.013023920667100035,0.019965728736519035
0.0732233318269712,-0.06056636624700492,-0.03628297994832396,0.23130410831896303,0.41410700636685976,0.27401894179325853,0.061850652394649416,0.22299205960900503,-0.09566589986719957,0.17634081640707935,0.16645876524793074,0.16235220480838258,0.2101402646051439,0.08505888783401475,0.1145631997924548,0.22214333405878725,0.16849787682653017,0.16959958586692683,0.603667206855423,0.03912784020817157,0.12923184732421944,0.22665004013597823,0.07990093922243735,0.10855986969594214,0.09263283336929024,0.011676035334546055,0.10618851060426975,0.10573539831351227,0.1730715252794174,0.06477027774788863,0.09891618829451528,0.10722617704226899,0.1351677709522613,0.12063157643610131,0.008355660248221836,0.16986955681009636,0.22444210191413982,0.06393500695534816,0.17587576136587676,0.043107848835796415,0.17065008045323402,0.11932688603227908,0.03637357052742091,0.01384611801872327,-0.01981512931642748,0.15259301147669468,0.10467007476340903,0.005514741815742368,0.16013353154283874,0.08397573589018806,0.12627867150592695,0.18953292865812263,-0.1215331979005156,-0.08814138333722271,-0.03482447609164009,-0.09800567911080674,-0.005892701163282634,0.030981202201238504,0.059183995253284855,0.01374822424964895
0.12759636507386882,0.12283742891107567,0.1294523661794503,0.1290565737234438,0.08998848168905954,0.22981953733634186,0.10267545867254942,0.1839118946767928,0.09369563893075866,0.069416160373324,0.20366988285265505,0.15640626744581737,0.12645705613250594,0.19364297592803373,0.1800478396599258,0.05605891074871127,0.26469989495087815,-0.011586082833827806,0.03912784020817157,0.8957889475924585,0.12228652365694492,0.15034340018294173,0.0363015266928369,0.14939781276433897,0.21016743137975916,0.21768953239637848,0.23501066363574802,0.269622750987616,0.1054562084152236,0.4330846513322351,0.1263337584483423,0.199423675997107,0.25747134621963114,0.11720596739620037,0.2222015704179116,0.08569292785860115,0.41529892030357957,0.38350356740972896,0.16896018172318342,0.21901808533556122,0.29938196187403465,0.18701187205794192,0.4484965017158304,0.039132814958756874,0.2546885498059519,0.15444408689044614,0.24542287172864194,0.14752219846931458,0.44162897715825783,0.11293050807528933,-0.3194457848369411,0.07286667542622798,0.025068942566112952,0.0598212961796313,-0.01972338069173552,-0.060385633487969104,-0.07665530253109258,0.12500095353050852,0.02655101595244844,0.03961494237640689
0.10585366876287691,0.13325999434192395,0.14453288353562974,0.12930484815502946,0.12032613056306662,0.18674806158803056,0.12665323638337125,0.15416871118057535,0.09764555083683045,0.11155210380215894,0.1687105369528374,0.13902363720552188,0.1575307620089431,0.1274947547807846,0.1257845315139439,0.12962210152212253,0.2171745809890297,0.17690738688375196,0.12923184732421944,0.12228652365694492,0.4033465980825422,0.1337993063208054,0.14988222887106867,0.11349796688824419,0.12368501388510876,0.14697004405611547,0.12185175553066933,0.21881990729607423,0.11418349706374453,0.09384689109699201,0.17526659637379788,0.1669467379539777,0.25843806268437336,0.13357955605855115,0.17721680394184963,0.18138922355191237,0.26573655908883476,0.10203274903759743,0.19021074358785872,0.13782162875063594,0.29714452570531125,0.30754242574743335,0.2449803545659107,0.014600718901353636,0.13273236135891453,0.32410188198781714,0.3041588646856018,0.027156166329915795,0.24761066884035732,0.013244784055906367,0.016953560093308215,-0.1135318550263314,0.014773657007847916,0.013975323820183903,0.002187607410603084,-0.0414593855683459,-0.055964119677538,-0.023877567238561985,0.12161102623837593,0.12125586952044132
0.19163156573092907,0.015875802982817898,0.1442702461305483,0.16149523543922764,0.20220111616431793,0.28604647665778377,0.16805293048086423,0.2887659759930185,0.028086575738660982,0.20262173085374816,0.20655589107485506,0.1215124956033576,0.349774719613794,0.09716097534967857,-0.11910648309568764,0.19463942290188904,0.23682365235454828,0.19155410826134786,0.22665004013597823,0.15034340018294173,0.1337993063208054,1.7049303987131577,0.38614885543810545,0.1564947076627523,0.1510308491559544,0.09184497909720511,0.1626108082366008,0.1419678991063065,0.27353235268134984,-0.1448336763216679,-0.011046182642537443,0.07869137892007379,0.15600853888900235,0.11297421582570638,0.23003599802613786,-0.0922051031892116,0.24918167593793056,0.07113428296759092,0.16825519637691813,0.10243999724295837,0.13598776411560742,0.1520723908440785,0.3600132757198857,0.022663217347162347,-0.08126669208730282,0.2598045259942292,0.29192471647636964,0.20362720868503376,0.11667142900713741,0.1226151640472447,-0.1148561905801851,-0.14033494350017775,0.09146573861272544,0.0048160614996540195,-0.005730589339853862,-0.13694082191148355,0.08379392988236942,-0.1976716133964531,0.13352116357711882,0.0937053228389195
0.10416930545897728,-0.05873645355823052,0.17192333703334775,0.15441000480979564,0.1759811385063299,0.19836081596408572,0.06538379589685857,0.2500870314151808,0.04886833325398742,0.25560160511320057,0.14902943012755224,0.08551793147197818,0.17631003783646718,0.03502432364478599,-0.0690415817401084,0.1446998639658829,0.17957110353232233,0.25702878235082627,0.07990093922243735,0.0363015266928369,0.14988222887106867,0.38614885543810545,1.605737283619463,0.34274013226093747,0.25555142695455413,-0.0022410275656696258,0.0588773738457362,0.15672806438682357,0.4926173082853991,0.1374437288048309,-0.22277224522435796,-0.02969485923819114,0.27806483187995745,0.2155030595433253,0.18139583428585207,-0.0570520588405628,0.3859173689101412,-0.034905771184102145,0.3418856203225489,0.21326585864767295,0.14322308141444806,0.13420223131269957,0.13880109644579125,-0.030617103198868036,-0.2053889637155146,0.6049270343741739,0.5817077240079105,0.24186488199972914,0.39423819995289056,0.027164221305829697,-0.14489535298148667,-0.09734896907467046,0.18382197622794796,-0.05075656077165955,0.07328352887514535,-0.11838363070430188,-0.014237314178540836,-0.19093792143267557,0.23393380489732477,0.0461031265999896
-0.01487911616382914,-0.023548460298605658,0.1301224147405962,0.1298625025893223,0.14395399768260567,0.1875184330152832,0.15277702419004976,0.14889438641326566,0.15212054699696337,0.23288630478989805,0.18791803591495568,0.14178552325399368,0.17144244633786312,0.11284949014212213,0.17441593486748075,0.13126590958699055,0.1564578447007531,0.15956246530219434,0.10855986969594214,0.14939781276433897,0.11349796688824419,0.1564947076627523,0.34274013226093747,0.8309966719215135,0.1277679229183544,0.026100704895973062,0.07578409270108188,0.1818635440634853,0.20330900703538027,0.24163744689204242,0.3363736505779738,0.0970563601852551,0.22215883260023556,0.011916871458310769,0.16224159505196906,0.2977682346995607,0.055165760126500964,0.08519108106370576,0.23903809054877564,0.09696083541731042,0.0815871925656711,0.11671887377185171,0.0952653150434432,-0.004884344978643178,-0.03587173734688302,0.303950925460021,0.2169064936687057,-0.18338905618454895,0.37046881450287567,0.010439948907107775,-0.1816380921995384,0.08153286861719765,0.053639799490000056,-0.009358760053979313,0.0260687116413719,0.11300699761006182,0.027335277350591186,-0.4092617640230586,0.27158227589907014,0.05796861438752424
0.18196670343998295,-0.012096359296091541,0.08156254615629621,0.09778967206214419,0.07059738110782202,0.11883471584206137,0.11946633815926805,0.11435474639265698,0.053630553317880435,0.11677591562757123,0.13640239370484877,0.12983837929079167,0.18431963068766938,0.18430423291814307,0.10251336461663033,0.16045180386351224,0.1780135381198778,0.10011243145360985,0.09263283336929024,0.21016743137975916,0.12368501388510876,0.1510308491559544,0.25555142695455413,0.1277679229183544,1.56900502635491,0.10792987921135201,0.16870212529492337,0.14285809600931418,0.9252754795794372,0.2975122196361366,0.0025887585695209795,0.1527017114895615,0.08410109790666619,0.3466380825650915,0.2252100475572092,0.24779721956925888,0.5230053429948109,0.1571414638999577,0.19664674367629387,0.09730937114702265,0.19919715797441387,0.14220783085666838,0.11982500989513675,0.02726280312248175,0.13810118924011103,0.3892909807246916,0.34479111188483486,-0.14471313238507424,0.04406342502369688,-0.10726622851188626,0.06028792508835321,0.09791676808293694,0.11100567625654127,0.01069892339382176,0.05381856326751513,0.0332434861429509,-0.0483148507814155,0.03942281817260917,-0.10629323533260161,0.045909946710506744
0.1220577197402339,0.10951154216094909,0.17526101311379677,0.11962259727491462,0.06727332634432807,0.1653534012853728,0.14750549181040273,0.2286533560058392,0.2501542953025397,0.10630128768229058,0.18461482206210728,0.14126489598271894,0.17324636159784723,0.17539875498020724,0.14846014127253987,0.05824026969843517,0.11801588642996254,0.18769432619159812,0.011676035334546055,0.21768953239637848,0.14697004405611547,0.09184497909720511,-0.0022410275656696258,0.026100704895973062,0.10792987921135201,1.3659228395854626,0.09132477358975186,0.1242496257063733,-0.05773581727555072,0.0563821278511233,0.15728859639911752,0.20842687353449393,0.03126715106744328,0.2715110568585901,0.17414845909268248,-0.24139121166020935,0.17011208561299487,0.11912416679954974,-0.2357342546838447,0.09311480104495008,-0.23681943279601686,0.17677018136952005,0.2528100546276635,-0.015172151634747711,0.34072726672827747,0.06802115571644811,0.2719927460388639,0.16793102409026836,-0.14349981971802167,0.0558675649725,0.02246320803092936,-0.22783650406388037,-0.04932563378012247,-0.02322295000271825,0.014911075484545936,0.02700974070493132,-0.07291243671587823,0.22899043594316795,-0.17791095695082548,0.0990632724414876
0.11003729073473188,0.07747209014004357,0.06977891947559953,0.1322888230155395,0.1052256648842071,0.1602399196709545,0.12799793817546126,0.17246625987338182,0.06845817747821957,0.1504372887144235,0.17725110181000298,0.20290578668786768,0.22196953022779192,0.23163887889535795,0.11240750382663053,0.23263328317110174,0.17788802103563703,0.08704389388161107,0.10618851060426975,0.23501066363574802,0.12185175553066933,0.1626108082366008,0.0588773738457362,0.07578409270108188,0.16870212529492337,0.09132477358975186,1.009999377558566,0.22629447385753632,0.14710005250548405,0.10370652221776779,0.035218141052000836,0.3302465608075714,0.144703972123239,0.20230353186547595,0.276988292888242,0.17557177755989542,0.16268807052731485,0.11844194427833789,0.19440763803418118,0.1311978092705297,0.14502384405132956,0.14855853239925906,0.20929021278817245,0.032605657521319165,-0.010749978113997055,0.34967256093589705,0.24131260819661687,-0.03773076282252003,0.24147422478930983,-0.0030770646083835094,-0.1324271294953931,0.1267513625222653,0.025102286648425325,0.05101065226069527,-0.03189967181058214,-0.06250032091592975,-0.018000881958518424,-0.022114525437186172,0.1318618572495409,0.12831577796673763
0.09190663783588725,0.04070193374355673,0.1347660020824064,0.07225051508136678,-0.006703076557769145,0.19501678944143755,0.0776262964534944,0.1834896277146136,0.0768915178364288,0.1506038028734977,0.21145641708126595,0.10860205380824864,0.1663405436432916,0.07301623978469131,0.19000582095697124,0.1723469444485819,0.44621130025015443,0.2793494389537833,0.10573539831351227,0.269622750987616,0.21881990729607423,0.1419678991063065,0.15672806438682357,0.1818635440634853,0.14285809600931418,0.1242496257063733,0.22629447385753632,1.3226726041278036,-0.004735912239219672,0.10437233817060543,0.31134849309971796,0.14921446955413784,0.8891246808545695,-0.043981470308667864,0.8332559168015468,-0.06477817501837663,0.4761570168361855,0.15567218772305583,0.2416491466783334,0.2461746409777985,0.23339462186131613,0.23115867995789188,0.13167468253567313,0.009653860568827687,-0.06250213172933682,0.4519640883450341,0.4312488514389574,0.2237995727257305,0.5287685177142586,0.387557337073715,-0.22886181605730704,0.19228618799909442,-0.4779024732839507,0.029034475451681824,0.21862799436812372,-0.05282757604480691,-0.013173661974953892,-0.08238011656986763,0.12466164940722745,0.14478988006935029
0.10937995961536717,-0.04905941068647304,0.17875179133141164,0.21701950292165037,0.21458754198912153,0.23160745360329438,0.08064862355493432,0.2527687811057962,0.003125942701774955,0.22735801237730568,0.19423663238879488,0.08716137573170153,0.34484896443876684,0.1335397654290452,0.05679251300765265,0.3010765443803111,0.15572553551293883,0.15330994809429366,0.1730715252794174,0.1054562084152236,0.11418349706374453,0.27353235268134984,0.4926173082853991,0.20330900703538027,0.9252754795794372,-0.05773581727555072,0.14710005250548405,-0.004735912239219672,3.2181014534382517,-0.10385967906700802,-0.5150172425201704,0.13029116633186297,-0.23997808696471634,0.6107096490145368,0.1420374534724803,0.23069074811612011,0.5419228632197214,0.031061479526465305,0.28057525995304233,0.13862942318314775,0.18646371770344014,0.10297236905643296,-0.1822500016946269,-0.05469351262752196,-0.008555843122892658,0.6720098430805467,0.605025243721383,-0.1579328051309232,0.020953107557460913,0.11526815450927046,-0.002405866731293971,0.1278002479113369,0.01703222512443917,-0.011453774094318673,0.020381395768824667,-0.1662438926769753,-0.11304729332632306,-0.03003770926276748,0.15067343876092357,0.03500237733074591
0.10445349986578485,0.04029966066020282,0.1510660280635845,0.10652938583740805,-0.08494009941459371,-0.08528501325703743,0.16162362870475733,0.017181088393284475,0.06426564812291802,0.013676760133739481,0.041556903735430896,0.06753857652631454,0.07264098622931514,0.20254300223475807,0.14458680408279084,-0.0035812653109577393,-0.055271269307453984,-0.06273066893530851,0.06477027774788863,0.4330846513322351,0.09384689109699201,-0.1448336763216679,0.1374437288048309,0.24163744689204242,0.2975122196361366,0.0563821278511233,0.10370652221776779,0.10437233817060543,-0.10385967906700802,3.926847511804804,0.22631022941729556,0.23753855048180622,0.27854749503820525,-0.044273399793425004,-0.039050821428894274,0.716768958238773,0.39327779701693855,0.22203188206747237,0.4232330264423737,0.3433299213464326,0.2292611592662609,0.09338428571920776,0.3719348271778464,0.03252263668482087,0.4044563275806182,0.25846788364756684,0.37091840800861514,-0.43932127428574586,1.0206075992304884,-0.026209172516399103,-0.25463352222917784,0.6646350316214763,-0.16520733116395825,0.017910336688176494,0.21825526045769278,-0.28632016594325316,-0.22523310239996172,0.7611574086565571,-0.20254059245753675,-0.11632992114093182
0.03920476882769393,-0.027545851687356702,0.008594896285042302,0.024312767793102288,0.07959709127596541,0.1260060887597153,0.1372577425501458,0.07345677261798679,0.12496338267282274,0.11294733826177894,0.163808483784854,0.0972644820159435,0.07025773344630742,0.007168441438616982,0.25324021888454096,0.013014963918180052,0.16235081781935112,0.30934695770857307,0.09891618829451528,0.1263337584483423,0.17526659637379788,-0.011046182642537443,-0.22277224522435796,0.3363736505779738,0.0025887585695209795,0.15728859639911752,0.035218141052000836,0.31134849309971796,-0.5150172425201704,0.22631022941729556,1.814652667105536,0.026635281960491346,0.3800189357563208,0.0037428459753938593,0.09001223955670222,0.5396065377366771,0.129232296675949,0.1727562511140902,0.16255902084486762,-0.019785754834543097,0.16158307831816945,0.15005755931508621,0.09993589007561325,0.004825012694033879,0.11341170720169799,0.2248294638843408,0.1048618590126846,-0.34554194155641305,0.19063153454246046,0.2248292410736655,-0.18987320287298093,0.17318188428295356,-0.24300581325655024,-0.034621127562279676,0.11501766552847101,0.2947528399579216,0.1422378586233362,-0.18922349339445818,-0.2493665848727664,-0.004985553114195389
0.07457865352857777,0.14160551907880764,-0.06016034950249041,0.14286081977971155,0.09452302364789938,0.20801036346752327,0.12217733235613591,0.1171520836272476,0.14732316301330103,0.1377507776781357,0.1623775325941397,0.20756157967218083,0.20020156543138343,0.5407100322026122,0.13591520178135783,0.24281245602770382,0.129141829239654,0.012332490797802584,0.10722617704226899,0.199423675997107,0.1669467379539777,0.07869137892007379,-0.02969485923819114,0.0970563601852551,0.1527017114895615,0.20842687353449393,0.3302465608075714,0.14921446955413784,0.13029116633186297,0.23753855048180622,0.026635281960491346,1.0230167419621492,-0.07340407233326557,0.40232585438819135,0.2112326133237534,0.13486437767847395,-0.16846203389495396,0.1524352348303429,0.17222557357562382,0.13634608993962252,0.12464196546576047,0.18103051618499838,0.19779808042982466,0.029862962582298716,0.006039873315317288,0.3050467144408336,0.37641555768980756,-0.04512410896302262,0.27508050834664644,-0.11336935677494077,0.05286407100107808,-0.05711776257834278,-0.10261412654791341,0.24060516171776045,-0.13428569929694678,0.02633856257477604,-0.09489683850732056,0.06996932443592642,0.1478979554326375,0.37921063774625496
0.14951336642917604,-0.02280673350861043,0.15131876887818052,0.19580232156371866,0.18924598480628588,0.12021778903395915,0.12286489055196909,0.0982389625158852,0.054620840003434055,-0.0047851356799998475,0.1142456835200268,0.11183412176657406,0.15918408121651423,0.023160886417946606,0.08689119241552683,0.03471703331223259,0.3752525066901925,0.2196926263427464,0.1351677709522613,0.25747134621963114,0.25843806268437336,0.15600853888900235,0.27806483187995745,0.22215883260023556,0.08410109790666619,0.03126715106744328,0.144703972123239,0.8891246808545695,-0.23997808696471634,0.27854749503820525,0.3800189357563208,-0.07340407233326557,2.591684414623108,-0.5343388477905798,-0.305176428566559,0.10773355981008416,0.8842560342258996,0.1892866895214187,0.08070737986302245,-0.042649588815219505,0.1990023942865777,0.3101621377105847,0.08296832039325151,-0.06052371735281747,-0.4385477354424705,0.5721706032023304,0.32676365596276225,-0.016746330105079758,0.8564734331572293,0.16016386823766202,-0.3429657336571127,0.09629080531511511,0.08550872390024601,-0.36003383813046785,0.22740113655819114,-0.24171504427685928,-0.10402417801332937,-0.014082561554099749,0.26224860973852704,-0.18738290125924448
