1.668133268150479,0.4211044498059202,0.4403330821959797,0.17096450526434542,0.4375255600623815,-0.07037040805224105,0.5440143343894958,0.17391499984071335,0.14246488984704758,0.31283221130531097,0.18964548334935868,0.26010917003052675,0.14055412376642729,0.20360068661527977,0.26317253591328127,0.2412464271466858,0.15915811457515314,0.3069000093883168,0.16091609559780062,0.12913425675257695,0.23212416586946724,0.2073878925820603,0.24060575177485397,0.011259239473933582,0.3162017518090584,0.27553685691408464,0.24521427113489602,0.20235534628035526,0.10251742427289023,0.005100720922521543,0.24735200017674222,0.17088144159784668,0.2121929162543464,-0.102347295452049,0.1317873033476027,0.3060497122528628,0.2160777703578977,0.25523485017577624,0.09606964642885399,0.17767862672856571,0.23553584366855104,0.20918272106965854,-0.03133237041010877,0.17248912457782747,0.1454114365864544,0.2105867550766545,0.35815158308013456,-0.020570877874983934,-0.14183859376197736,0.043378035707269745,0.031310923558763484,0.006978514167782416,-0.11021828822052168,-0.01040181769446786,0.2042256373192059,0.10188693109644859,0.024898921467020337,-0.001759782460264072,-0.3411179096138784
0.4211044498059202,3.5184151216058033,0.3548133408428433,-0.060341328551887535,-0.030750399756333847,0.3229430111237873,0.1020094836316652,0.2516139257930961,0.038840443752068854,0.16653274452093714,0.08112231809705482,0.1371468644561164,0.07612337953877336,0.09127242866338177,0.13287786815655964,0.03190614812628011,-0.026469117366594394,0.43042188222792066,0.21348592997293983,0.17334029120913025,0.3797312584830519,0.026715611104767067,-0.16790257998547883,0.07726764522490237,0.3556846951257399,0.22733276106956374,0.7819667464205604,0.29320498991806493,0.463387169932635,0.030768418187592572,0.25876577756103203,0.13049196270290975,0.24388394452778217,0.1289944073062025,0.14323542037957326,0.44000213986003484,0.5786821545026721,0.27660527919836037,-0.053453570362521706,0.18615403680788234,0.1745350877422184,0.36909104691604433,0.01199274921624817,-0.1347385968679116,0.40369057512976625,0.2806757278322989,0.15758108186758465,-0.024625816413577785,-0.32793191069469546,-0.04635581242867877,0.5112943327552608,-0.024694921692264626,-0.3422207407039887,-0.12942761975359676,-0.7707844124807095,-0.10043664802229609,-0.020586386219006242,0.7138919582823865,0.118941200604862
0.4403330821959797,0.3548133408428433,2.628738760410516,0.3604141801506896,0.48332799018915334,0.29002114817593605,0.09998485464157614,0.5340906116990999,0.44248065994366537,0.6161405145368981,0.348547712450765,0.37460504330465844,0.23604916808164522,0.36544417030233717,0.30865515951428335,0.29114621138594826,0.44152976077349515,0.4266055759244442,0.3707122117713357,0.19091158814211653,0.36904652651162106,0.38208493202239835,0.25957464175988937,0.2882639987898865,0.3222433828699054,0.40544748391084695,0.3307938755001881,0.33076902312663564,0.2859053346368847,-0.346825883005818,0.41209443931799383,0.3378401490272858,0.4387606723965672,0.522947478663578,0.20277423722559906,0.6617872570991201,0.5586077627542745,0.43414416463777283,0.21857060130668035,-0.2646614011709672,0.2376356787929772,0.3679831104667527,-0.268413229580859,0.3281877696936964,-0.008935100900755694,0.6256994121197921,0.4542335902070851,-0.0666339561673877,-0.4084913486934291,0.3993880745355325,-0.12026415135825758,0.08638790754818952,-0.03254175277469956,-0.23774995944370952,0.023495390784644354,0.0761438631426444,-0.1736018549464807,0.07866857116611688,-0.19316524004589647
0.17096450526434542,-0.060341328551887535,0.3604141801506896,1.016366552208753,0.3894016400092164,0.21050544133304183,0.31284078889302797,0.2632554687404189,0.15023317721253915,0.22583753724736846,0.24365604495978677,0.26075987122075417,0.1714581410124948,0.27506396362831825,0.1887559589001523,0.2836068571661433,0.24984534454191665,0.2699979398068967,0.23205042521642194,0.17021679925485297,0.21835148358682052,0.22910637716534638,0.14109697131289034,0.2633089919776591,0.23412667420040542,0.21968281515309537,-0.03105586530073376,0.08939134939789689,0.17446685730548145,0.24901758418735498,0.2264748496375217,0.2191116518732483,0.27077286970718384,0.35376001342958335,-0.04604422307938529,0.29358262750837205,0.2985084602796889,0.2922991094464315,0.2831937753042737,-0.006467860872053702,0.2138104946329649,0.18428676090365342,0.15174780424640522,0.6986975834356874,-0.16938605988629887,0.26507843028051514,0.2826333439679845,-0.022750848564799104,0.18372622986193501,0.20791012788168328,-0.05024595927894127,-0.09502162694495235,0.07154015138090856,-0.1957646152026804,-0.11037416215366128,-0.03782808977493658,-0.20092575275841087,0.22923402945307722,0.018755494454825775
0.4375255600623815,-0.030750399756333847,0.48332799018915334,0.3894016400092164,1.5082388965743478,-0.049145201934151846,0.2811769165270228,0.31044732317394824,0.3342548464602118,0.17747454661208042,0.1847902105742511,0.18925099153126168,0.1941964562003398,0.1793002667449299,0.28278674132353393,0.2844293644153083,0.15385593631720446,0.2512592465540629,0.5427396402194421,0.13722597061208955,0.1676378681768331,0.2928572957864236,0.25782380664896676,0.22568043463201046,0.03664275900640362,0.17128280922868455,-0.12409058331257927,0.07792214833617724,0.14945019181889127,-0.11921242130639581,0.20221071208343974,0.16264003081354259,0.4260147168161079,0.28918166523743777,-0.1584861828944617,0.15240049815168344,0.4541829444058524,0.2823570784542383,0.29183731985940087,-0.0856287612554732,0.10163720828489409,0.14494882708456613,-0.02163078560700313,0.23232346750891597,-0.109112139269432,0.16096326672383665,0.45896288680021124,0.011783298989699426,0.12729701430173024,0.4392351012734053,-0.26472143886350114,-0.15519557669646547,0.14912061261073045,-0.2288563566675903,-0.07749324250577347,-0.1282646559274705,-0.20231290074376196,0.21344717672246694,0.04898694703151327
-0.07037040805224105,0.3229430111237873,0.29002114817593605,0.21050544133304183,-0.049145201934151846,1.0987220586443167,-0.2556093142498794,0.32147518550535165,0.11919581840083546,0.16536851517620046,0.24212154024211513,0.2712917671411139,0.13766023540571573,0.3471523704659886,0.15037481929263494,0.15452402020953582,0.31106892720358476,0.22249965482623846,0.4213814211444519,0.36285919226434327,0.30977559311849623,0.15914211267436343,0.09469003067117657,0.34637245981644554,0.3140725037318189,0.23078192860594976,0.0884286383343129,0.13378701287409542,0.2956182030038859,0.15194093070162762,0.23727535822169182,0.24877001890864606,0.40581570674891226,0.22084412173127752,-0.05927368425154215,0.31593133009681923,0.5084882045166701,0.353623577699848,0.19665452230143715,0.055772362274930244,0.20501396091400084,0.27526546529180845,0.10346785552536344,0.15630092741679452,0.11418848254478291,0.25256790341723817,0.15749522582656275,-0.019292581618011253,0.043619208074491385,0.28395228492938057,-0.27681580712916387,-0.0689624481398819,0.1245116641826582,-0.05044281401548204,-0.19542006518795285,-0.10249898304311296,-0.22457085077216485,0.26703737437287717,0.17256004081338627
0.5440143343894958,0.1020094836316652,0.09998485464157614,0.31284078889302797,0.2811769165270228,-0.2556093142498794,0.9545398091789398,0.09183622859168782,0.22130512100376074,0.148408402353036,0.1739479550315852,0.2262499607157008,0.1692552693709858,0.08011499893408715,0.15094099279382053,0.24330833572974175,0.14666585040538932,0.18278414412722424,0.03862883011204339,0.13458921240774283,0.1773537528719226,0.2470086324470036,0.11521629485770221,0.11313018562607909,0.20371310330130996,0.17732210191250283,0.20926650505194835,0.16621276621468226,0.1353410998846301,0.1385028820071167,0.19632811413614584,0.14294453887172845,0.13917681845863025,0.23412400887340776,0.08524381299537169,0.22078291432607142,0.1759519270220964,0.15595561667068486,0.2166762649672065,0.09447544211798786,0.1293716900908559,0.1543101566032981,0.08836312797514048,0.32693057224325334,-0.0491633849840339,0.15600808434681468,0.31731380381106156,-0.016075643921866417,0.22839002495897995,0.07385983242719665,0.09373370679893099,0.008714464425074654,-0.21610292295052738,-0.17072132740035817,0.013400428373322025,0.14182165769488037,-0.01276637579641263,0.07861156468919003,-0.25500256574959873
0.17391499984071335,0.2516139257930961,0.5340906116990999,0.2632554687404189,0.31044732317394824,0.32147518550535165,0.09183622859168782,0.7617674062526453,0.07345567926102488,0.19449860069184427,0.26224025916314103,0.08992779064605137,0.1765582971136887,0.2841827392296574,0.06821882409079759,0.16892717756347733,0.2792270769360653,0.24780211997434717,0.2297325375875845,0.2492113388466882,0.17864468487558194,0.1494115485828512,0.1444514824575763,0.23495320197594446,0.22259779043228406,0.2247024481134686,0.20228085037325963,0.023596754608358302,0.2630447406294978,0.18988259619042885,0.19290639474833318,0.1919774895060136,0.21914284082051008,0.2934005273615823,0.059023447867899266,0.27471814974049397,0.3402265371407518,0.2583583903574934,0.32000407666289865,0.01683345108897409,0.1999814924437553,0.18084087720184353,0.09133795986355223,0.23977372582160625,-0.005297166836088674,0.2932149643710074,0.2748620853753008,-0.02049471584245088,0.1892912185396833,0.21366464788790057,-0.07962581411337806,-0.3218985179440913,0.4064063229236996,-0.11728053216263636,-0.1700082828857053,-0.18462339232669206,-0.006775002237690274,0.32757554884486084,-0.014727749156058156
0.14246488984704758,0.038840443752068854,0.44248065994366537,0.15023317721253915,0.3342548464602118,0.11919581840083546,0.22130512100376074,0.07345567926102488,0.7202000630593568,0.12771286341103133,0.13825030121116327,0.14792674912677806,0.16517447832583404,0.14313342421920844,0.15609594541559393,0.09673453653303454,0.1765777656823129,0.12647040288260733,0.1871885162972465,0.07426365037726002,0.21052525123122623,0.3674299972780357,0.12311555507354807,0.20871406601891515,0.05092661586160847,0.21964793226052576,0.1865256636701994,0.18014593927169123,0.03544420308449361,-0.00483547621423989,0.19751030353739696,0.15603708603370223,0.34786276908547564,0.16303905238266833,0.05952678672425869,0.26138345127813767,0.2230525556068653,0.1718630089607386,0.18199179637132043,-0.004665427950140301,0.15069293672822023,0.18151263066928008,-0.13830855101871758,0.16212008200863756,-0.10555662478957761,0.19726323773367194,0.133122271033106,-0.01642828298954148,0.43087235740345786,0.1485830651936413,-0.04792963810505324,-0.10140605701090849,0.08205437267327928,-0.14179853110806945,-0.013818693901151057,0.11407190134015754,-0.09402086066943176,0.06631044883001343,-0.2061501228090833
0.31283221130531097,0.16653274452093714,0.6161405145368981,0.22583753724736846,0.17747454661208042,0.16536851517620046,0.148408402353036,0.19449860069184427,0.12771286341103133,0.7434847319868434,0.21013005794252368,0.30224808591913205,0.13620690367913946,0.21312062610022692,0.2240814346508983,0.22656971613110777,0.22853808309109885,0.24020093219567715,0.13547747288326922,0.06321178359718599,0.19496799108145862,0.20153686780891794,0.2028934885879632,0.1475541295188857,0.21177359063498755,0.193685901040818,0.32390265309311284,0.17911718118804026,0.2373365281407787,0.007306261444445315,0.21839356519964764,0.19617231569440788,0.1507467357550922,0.35493825009283864,0.21387584040059235,0.2968214067997608,0.26296548521126767,0.22265045165723982,0.14159629179306976,-0.0021442937112456837,0.15742478050222905,0.20388842235695817,0.004863786006899594,0.2153916007755342,-0.03903376299520765,0.2007932748281899,0.43554601540427595,-0.02695332643223218,-0.0907580516670898,-0.014975059080683632,-0.1829371857276039,0.12148736648953003,0.017543879288232072,0.030313938541107307,0.06358235158837683,0.08767218537792014,-0.11646780333714317,-0.0180243776479561,-0.0356523941629282
0.18964548334935868,0.08112231809705482,0.348547712450765,0.24365604495978677,0.1847902105742511,0.24212154024211513,0.1739479550315852,0.26224025916314103,0.13825030121116327,0.21013005794252368,0.4132032681015997,0.24498185535463243,0.18983064327917806,0.22378928956986244,0.21976143146525243,0.20617029842413218,0.3191707155698241,0.2059977194688698,0.15679787654838312,0.23315008806728396,0.21054059121724691,0.18140234462023774,0.14840560629691324,0.2046769579492366,0.1806830348185988,0.22816083506513865,0.1583213162549939,0.15060313008070134,0.2179163593764371,0.07041600764052504,0.19197774484484953,0.17471202822974666,0.2578356332345576,0.2226843917553843,0.14602784857885467,0.2276501917973328,0.3303329304915368,0.20221442730091768,0.224557114876025,0.049816790777060575,0.15589047255738606,0.2042642117804673,-0.011549928568007576,0.08077395391759513,0.026558099155181817,0.1870229156032452,0.31280481089127604,-0.01370737022830268,0.11057551539991789,0.1413159278812577,-0.175064694985568,-0.06769813471662893,0.19473317901060896,-0.07818808393931578,-0.07451418359724821,0.005226172884404584,-0.15713109359054844,0.1628114364629689,-0.038799319606988104
0.26010917003052675,0.1371468644561164,0.37460504330465844,0.26075987122075417,0.18925099153126168,0.2712917671411139,0.2262499607157008,0.08992779064605137,0.14792674912677806,0.30224808591913205,0.24498185535463243,0.7255722867115628,0.15190905526857534,0.24411282776857696,0.22517836121237844,0.2635196847444009,0.2499032565630768,0.15184251084903683,0.21902015848646042,0.18131606071128398,0.21657020139453484,0.19699090733114938,0.08574358043866043,0.12154979683037896,0.2210491049520612,0.28022053508747824,0.28202790035672776,0.14477310001234775,0.12503501467306574,-0.08913305031393079,0.25412150640655184,0.25634534883003207,0.13880436428283396,0.250007646847258,0.06053850306388251,0.33103609634019837,0.18879731678334355,0.2521181886978649,0.10383489872209933,0.06621143177451731,0.1009433693973533,0.19639242646526126,0.012517277063685942,0.15875810044212066,0.04960253691763773,0.15864275159358546,0.25022458438528394,-0.009192782620625803,-0.08007902630599432,-0.03126177190215134,-0.0470353510693129,0.17890631051376843,-0.20031859809350738,-0.06851950141806923,-0.026977081560083008,0.1994147846316362,-0.13988454206339432,0.09485694185434866,-0.23242048094943293
0.14055412376642729,0.07612337953877336,0.23604916808164522,0.1714581410124948,0.1941964562003398,0.13766023540571573,0.1692552693709858,0.1765582971136887,0.16517447832583404,0.13620690367913946,0.18983064327917806,0.15190905526857534,0.3176284282883091,0.14345032782858638,0.10061468345942909,0.19328346345215697,0.18264219116060038,0.13540192175004503,0.1321108590527849,0.12851765886724717,0.14905738473360158,0.1949722320919449,0.08256496840130101,0.16909343057009987,0.1287995021897125,0.15480284476132242,0.09310152237526303,0.13619987534780972,0.20268159730550558,0.11046331367238392,0.12016979571871439,0.1449769240468532,0.15158590381352346,0.18681853131502202,0.1331048810590987,0.15865928276380703,0.18911783702005186,0.13201738678195163,0.18397049930419465,0.03410162268218266,0.13117376773752995,0.1409278367069094,0.004535334755140126,0.15929168815205436,-0.01469573075199942,0.12197115304807347,0.20479062353175248,-0.012057979854048136,0.1293696296478774,0.14582568662813022,-0.05956291778036281,-0.09535288767762379,0.0020662642835771357,-0.04652192290735785,-0.02118964259946176,-0.007245664206226223,-0.16244143013223628,0.031761732179826786,0.08080557519422148
0.20360068661527977,0.09127242866338177,0.36544417030233717,0.27506396362831825,0.1793002667449299,0.3471523704659886,0.08011499893408715,0.2841827392296574,0.14313342421920844,0.21312062610022692,0.22378928956986244,0.24411282776857696,0.14345032782858638,0.5198864892431669,0.1915238752979136,0.25363911634940195,0.25815238754322356,0.20449932079054806,0.21830091339823457,0.19094020842349227,0.23746816311092125,0.19900275254072664,0.09524048954826882,0.2604490448670666,0.22317570583694213,0.3083333378571428,0.12803162364350298,0.16231730195028865,0.1268941550715501,0.11337127299531562,0.21757123476907633,0.3148385440663763,0.2926434752585527,0.1996461350262603,0.13937620478888496,0.3356630438985076,0.2820604254947297,0.2659831474698385,0.13985114679920493,0.04207109637010732,0.2512043267010682,0.23065086511939772,-0.037005226807509235,0.24110911213657152,-0.06488561024377786,0.23716061676638342,0.19943426212485216,-0.023184470382594573,0.19908015922452205,0.06358490967330335,-0.1094531006750709,-0.06510725239799071,0.21456349773568253,-0.04960291197403942,-0.13108619969507232,0.028545700800151192,-0.1631482924625006,0.22741065915005954,-0.06578732129877678
0.26317253591328127,0.13287786815655964,0.30865515951428335,0.1887559589001523,0.28278674132353393,0.15037481929263494,0.15094099279382053,0.06821882409079759,0.15609594541559393,0.2240814346508983,0.21976143146525243,0.22517836121237844,0.10061468345942909,0.1915238752979136,0.7520122752765426,0.16816478087054587,0.26094230814847974,0.24086415193661131,0.22112991845857943,0.21603155551945144,0.22244173695223682,0.1216019842064371,0.03448412764138216,0.20853677749651606,0.1801558353530997,0.2549049086469985,0.10120878830423267,0.3211738360721339,0.16829711689665872,0.06651557685187456,0.18314891884797255,0.14984517808715805,0.323823459336025,0.1832636482580475,0.20717801521462795,0.17054355929400744,0.3873639145943497,0.15687292389371255,0.08667617454074912,-0.0038748530296091855,0.13848491823027462,0.21695007230354563,0.044226490203237497,0.03661497758783623,0.0178661541469117,0.124760784420172,0.29594414554719206,-0.008162768811211746,0.07467085935820601,0.08927721235615046,-0.3356266867546068,0.43150463355914953,-0.17077636336908714,-0.05864134109371457,-0.05968509715160318,0.1476388975196323,-0.2622017716384487,0.14297024694817234,-0.04905445222664183
0.2412464271466858,0.03190614812628011,0.29114621138594826,0.2836068571661433,0.2844293644153083,0.15452402020953582,0.24330833572974175,0.16892717756347733,0.09673453653303454,0.22656971613110777,0.20617029842413218,0.2635196847444009,0.19328346345215697,0.25363911634940195,0.16816478087054587,0.7714779407330083,0.24398087914410507,0.2218268195061604,0.2297216713686064,0.04731106836233188,0.2071321341018171,0.3849140237262281,0.1412607592660239,0.18182566964834984,0.1725094220914373,0.17070755337148913,0.013768454993375102,0.24356800617400218,0.23119482864782015,0.14967124876530677,0.16844108549617037,0.25926568211737844,0.12136649115229756,0.27055116850383004,0.29003305549135827,0.29045071546805995,0.15389327819942236,0.10891193670440558,0.23374464405855672,0.07515953674346343,0.18739259154747778,0.19687102585615907,-0.038153016760326064,0.3596842462447589,-0.07089689084859734,0.15833351235874887,0.2852422963593247,-0.01718664051501131,-0.033071315459668724,0.044973057622786285,0.031221842272629183,-0.022518166751626604,-0.16833614759334495,-0.09128322525329205,0.0030653090151976955,0.06750103333685759,-0.2663503135505543,0.09076552749358877,0.02863099447898011
0.15915811457515314,-0.026469117366594394,0.44152976077349515,0.24984534454191665,0.15385593631720446,0.31106892720358476,0.14666585040538932,0.2792270769360653,0.1765777656823129,0.22853808309109885,0.3191707155698241,0.2499032565630768,0.18264219116060038,0.25815238754322356,0.26094230814847974,0.24398087914410507,0.8619174200841503,0.2215831490578328,0.17944025127798913,0.3734151824630686,0.3005497333326981,0.23490560147555323,0.18278042777580808,0.195187234791036,0.3910011899224564,0.23797584306426306,0.118051082750489,0.26795785402327776,0.2990081788096649,0.09147360448767654,0.30478307795775605,0.18516236803021072,0.29693834180049805,0.30863941148467505,0.2907056044023656,0.28149109129174343,0.5804695467022213,0.29461350019520466,0.3155467690992843,0.0809459096515796,0.23855724362738193,0.29885889936274496,0.007376146778967078,0.11540763568106312,0.148218085344471,0.2656013337512102,0.5984813459665418,-0.02339804582913806,-0.13640823887070638,0.390611598673775,-0.2292105204863554,-0.010120076676771386,0.14586817229431737,-0.13376200336167965,-0.015317416280636542,0.02347713302942577,-0.21040644327634778,0.1238847692740911,-0.03766372542770576
0.3069000093883168,0.43042188222792066,0.4266055759244442,0.2699979398068967,0.2512592465540629,0.22249965482623846,0.18278414412722424,0.24780211997434717,0.12647040288260733,0.24020093219567715,0.2059977194688698,0.15184251084903683,0.13540192175004503,0.20449932079054806,0.24086415193661131,0.2218268195061604,0.2215831490578328,0.8787079912528375,0.25130973968148806,0.08013013561378238,0.2752948685838822,0.17188179474019527,0.2096846373944281,0.3108630031845199,0.26779328323321244,0.41553029559518034,-0.2725529665950543,0.26866039540190156,0.20022968734634014,0.13977761453146528,0.19111941321573614,0.18941845969246415,0.3851415957314886,0.1752820830634022,0.09720516111976564,0.2895199562955206,0.40042794770745455,0.23458083937921803,0.07183756623302748,0.06741111533067112,0.248386885550827,0.2609203033121758,0.16964381474204585,0.27460983572920744,0.031553659616614084,0.2650435654754992,0.3333689130281767,-0.016228703483335154,-0.0704828853945958,0.19429041400887015,0.08724387228516978,0.031291525839498194,-0.07198853977533934,-0.13615876087309917,-0.17473321024259142,0.0026683237809936545,-0.13298087008758885,0.3123781338328335,-0.08311265664683892
0.16091609559780062,0.21348592997293983,0.3707122117713357,0.23205042521642194,0.5427396402194421,0.4213814211444519,0.03862883011204339,0.2297325375875845,0.1871885162972465,0.13547747288326922,0.15679787654838312,0.21902015848646042,0.1321108590527849,0.21830091339823457,0.22112991845857943,0.2297216713686064,0.17944025127798913,0.25130973968148806,0.7381427445167776,0.2563723302369442,0.230505821429313,0.20116672771952177,0.006340971776087415,0.23588953729507656,0.2127138697587939,0.18170737265705483,-0.07308705249799675,0.190538912127921,0.14244802025373954,0.08231118995723262,0.24008069765536572,0.2169424920021386,0.2888533987906219,0.21300543051706292,-0.09119595044875184,0.32302662432768586,0.28788790475002185,0.3501765775045412,0.15889481793819932,0.046387651306584655,0.197780849142894,0.19490382387432253,0.2026810255578535,0.2965954965696695,0.08394936634431006,0.22819524523745613,0.20327903211036497,0.01686252008535861,-0.1773068628260151,0.19429390469396357,0.2054500339186342,0.1851348459861359,-0.3414627521844114,-0.22158517829911012,-0.15569504590826969,-0.05459545449887041,-0.1500498642045192,0.2389414359178336,0.01750686011830938
0.12913425675257695,0.17334029120913025,0.19091158814211653,0.17021679925485297,0.13722597061208955,0.36285919226434327,0.13458921240774283,0.2492113388466882,0.07426365037726002,0.06321178359718599,0.23315008806728396,0.18131606071128398,0.12851765886724717,0.19094020842349227,0.21603155551945144,0.04731106836233188,0.3734151824630686,0.08013013561378238,0.2563723302369442,1.3475866042972149,0.12399408924320383,0.0013817507250877081,0.043921371111281936,0.1968721205917496,0.2470672331829755,0.26805596167579654,0.21365208103389524,0.18074842055315066,0.5068675583925156,0.1457172884992862,0.17976426827450154,0.16166247865057523,0.1586924565637697,0.3329653345240567,0.1130904078474524,-0.13282594519073979,0.7372729063894651,0.3966498439012362,0.3434374358271061,0.2489416648373219,0.09527563055463607,0.1842952444742692,0.4943726817989574,-0.17371719912840153,0.44985172861612266,0.16251890552443535,0.5282481200604953,0.04764450466687242,0.4269788860742737,0.29835708760850976,-0.15716838511396408,0.16165148636835233,-0.1536889647725261,-0.22044692314146372,-0.14040529009844008,-0.06791267086631199,-0.08240804262211875,0.22496993103935575,-0.033041749447114625
0.23212416586946724,0.3797312584830519,0.36904652651162106,0.21835148358682052,0.1676378681768331,0.30977559311849623,0.1773537528719226,0.17864468487558194,0.21052525123122623,0.19496799108145862,0.21054059121724691,0.21657020139453484,0.14905738473360158,0.23746816311092125,0.22244173695223682,0.2071321341018171,0.3005497333326981,0.2752948685838822,0.230505821429313,0.12399408924320383,0.544942757778307,0.20991806220680956,0.16760552696128725,0.23058888424834495,0.31049113986477617,0.21217003327270278,0.1349153245974228,0.36469024999474736,0.1660950532132312,0.14499933424896091,0.37583513736358143,0.20707590130140485,0.42583262485477485,0.2074119027781975,0.28547947539409163,0.6649736883339507,0.44228551788660525,0.28573418854510163,0.19792598551984195,0.15871568216647933,0.2900947981114403,0.4685889096566526,-0.21400498348307903,0.24542249371426364,0.10427824028856339,0.3177840591552343,0.35756321907677496,-0.03873149729790653,-0.31388367995292427,0.2083576606765576,-0.05851794658135429,-0.01791345181654994,-0.023811557605023126,-0.09686165309841104,-0.11031123550916144,0.03516003316610014,-0.21151393249710568,0.18292820407146304,0.003651762089290257
0.2073878925820603,0.026715611104767067,0.38208493202239835,0.22910637716534638,0.2928572957864236,0.15914211267436343,0.2470086324470036,0.1494115485828512,0.3674299972780357,0.20153686780891794,0.18140234462023774,0.19699090733114938,0.1949722320919449,0.19900275254072664,0.1216019842064371,0.3849140237262281,0.23490560147555323,0.17188179474019527,0.20116672771952177,0.0013817507250877081,0.20991806220680956,0.5912924513085811,0.2050456118208478,0.18882161881369372,0.10634453528549807,0.1690666056436311,0.13327912541799733,0.19596599528910957,0.13843678856516792,0.06680615920720621,0.20004227358527765,0.219357092506699,0.24114345001872547,0.2446176328485649,0.14966462097416988,0.2819948684296544,0.19417425639255334,0.16037649317123734,0.2382766170893708,0.01941973576727337,0.17908744876441696,0.18690354918719565,-0.09354291755223856,0.29430811388306727,-0.10833549153057222,0.1864166864492349,0.25444543166277306,-0.01679037539469634,0.17150421251151865,0.12758128089399132,-0.010097852977034711,-0.11361460771203803,-0.034380604633180066,-0.12285235426360845,0.0020096314594213577,0.07156969172021109,-0.17594569253693043,0.06561905090227949,-0.0757020397571753
0.24060575177485397,-0.16790257998547883,0.25957464175988937,0.14109697131289034,0.25782380664896676,0.09469003067117657,0.11521629485770221,0.1444514824575763,0.12311555507354807,0.2028934885879632,0.14840560629691324,0.08574358043866043,0.08256496840130101,0.09524048954826882,0.03448412764138216,0.1412607592660239,0.18278042777580808,0.2096846373944281,0.006340971776087415,0.043921371111281936,0.16760552696128725,0.2050456118208478,1.7360306714447704,0.237902972309355,0.38908264301507883,-0.15722471793120124,0.2934905954403028,0.20468688026716922,0.24992629995959625,-0.014940714870625427,0.25051080695434536,0.007527498606900621,0.6365524308258226,0.25165347343858335,-0.005650834496283479,0.2329511490110026,0.6370146291020634,-0.07144721739676933,0.4619987645948286,0.15261936509753293,0.14077730896469345,0.2067443510292439,-0.34644710122073946,-0.05839057596047978,-0.11908572100318902,0.24815034828868804,0.7481027343156741,0.031023817618796953,-0.013190138013471502,0.5826276501979867,-0.3849548101989126,-0.29147652467311214,0.36725282943421517,-0.17290874045293608,0.14425678703008674,-0.0385255890833822,-0.10148480526886496,-0.1138056034724622,0.15621249569380893
0.011259239473933582,0.07726764522490237,0.2882639987898865,0.2633089919776591,0.22568043463201046,0.34637245981644554,0.11313018562607909,0.23495320197594446,0.20871406601891515,0.1475541295188857,0.2046769579492366,0.12154979683037896,0.16909343057009987,0.2604490448670666,0.20853677749651606,0.18182566964834984,0.195187234791036,0.3108630031845199,0.23588953729507656,0.1968721205917496,0.23058888424834495,0.18882161881369372,0.237902972309355,0.8513249168345968,0.27949601174176514,0.09538307182616297,0.04624471709968698,0.3447505788671499,0.15108845876628557,0.5265304427994084,0.18436665982494346,0.24091633123948084,0.81992094398138,0.15734106962171837,0.015349668031165244,0.3200417975348637,0.531145290939156,0.2719085920305115,0.24668373817404735,-0.04404259541096505,0.25385272793717917,0.2438445624708672,0.1045633053628371,0.3287951124920712,-0.16671664237484848,0.32066567864298023,0.21008976332685395,-0.04182922874596271,0.5690710870860647,0.20772988261531466,-0.22246377695658393,-0.06516513276170899,0.24442070457103007,-0.1632538414390843,-0.15474531791463286,-0.1274831069083655,-0.14806377153292238,0.18527240045051457,0.12844693048514505
0.3162017518090584,0.3556846951257399,0.3222433828699054,0.23412667420040542,0.03664275900640362,0.3140725037318189,0.20371310330130996,0.22259779043228406,0.05092661586160847,0.21177359063498755,0.1806830348185988,0.2210491049520612,0.1287995021897125,0.22317570583694213,0.1801558353530997,0.1725094220914373,0.3910011899224564,0.26779328323321244,0.2127138697587939,0.2470672331829755,0.31049113986477617,0.10634453528549807,0.38908264301507883,0.27949601174176514,2.0004160243824867,0.06355519187906668,0.27803366104881566,0.2661945011186382,0.6229685552307611,0.5587394281270398,0.45798300156932326,0.2204422554878391,0.19428095165500325,0.4311553327000088,0.23763276717009582,0.6092759033559775,0.3471442113151482,0.4953587268332426,0.3979573476611612,0.16628451307484546,0.16768339861827725,0.32811714587657853,0.4826067353326632,0.6120033584922226,0.2833804698727849,0.5125016063577913,0.5484271097269716,-0.08426454000456884,-0.7860651153384852,0.07596297007084475,0.20491140277093556,-0.056559738501048035,-0.17275701136295807,-0.16835087166794993,-0.08640838910506882,0.005444742974381765,0.0027427185312943005,0.15580046512661738,-0.14324847400424034
0.27553685691408464,0.22733276106956374,0.40544748391084695,0.21968281515309537,0.17128280922868455,0.23078192860594976,0.17732210191250283,0.2247024481134686,0.21964793226052576,0.193685901040818,0.22816083506513865,0.28022053508747824,0.15480284476132242,0.3083333378571428,0.2549049086469985,0.17070755337148913,0.23797584306426306,0.41553029559518034,0.18170737265705483,0.26805596167579654,0.21217003327270278,0.1690666056436311,-0.15722471793120124,0.09538307182616297,0.06355519187906668,1.3599954171908666,0.19520983368893385,0.2975219228920325,-0.13468925760519765,-0.39358824700508044,0.12926973091531613,0.34350255914614153,0.117598123308383,0.14243609992499082,0.2229258195133083,-0.003174878640149357,0.04067234376801299,0.32570249626761194,-0.3440020448339627,0.08822534688302172,0.17448366321938502,0.20088454934881164,0.16470825505465625,-0.0007596787983749988,-0.054016926370505695,0.042299844618241864,0.060040499889946135,0.010599755111018492,0.4153270028152242,0.11364098069379533,-0.26244142240593515,0.5163302661617387,-0.4362980914998507,0.0320364197062552,-0.14425896618026196,0.09724986070076433,-0.14707941237699274,0.2624127900582158,-0.200186703939061
0.24521427113489602,0.7819667464205604,0.3307938755001881,-0.03105586530073376,-0.12409058331257927,0.0884286383343129,0.20926650505194835,0.20228085037325963,0.1865256636701994,0.32390265309311284,0.1583213162549939,0.28202790035672776,0.09310152237526303,0.12803162364350298,0.10120878830423267,0.013768454993375102,0.118051082750489,-0.2725529665950543,-0.07308705249799675,0.21365208103389524,0.1349153245974228,0.13327912541799733,0.2934905954403028,0.04624471709968698,0.27803366104881566,0.19520983368893385,2.5880960942597344,0.3683938112021717,0.20108393235952138,-0.45718810177876634,0.3256447297032509,0.20674176738809086,0.2522016064300566,0.27967558758739497,0.3802314196726032,0.21663334906217455,0.3638209396421849,0.1556041394775012,0.05416546418584526,0.13962346523845467,-0.10850246420211987,0.21121453417458505,-0.2996895514548302,-0.7597478351832234,0.15637753042227892,0.20080118586613657,0.27320568349503616,-0.024029233956761983,0.6360934940353622,0.07848544324973991,-0.44811161255624393,0.4035373087727542,-0.16832667706119797,-0.0041151287139561945,-0.06929300361925549,0.17455074104981894,0.3259293769043883,0.14742079924774526,-0.5466882385058872
0.20235534628035526,0.29320498991806493,0.33076902312663564,0.08939134939789689,0.07792214833617724,0.13378701287409542,0.16621276621468226,0.023596754608358302,0.18014593927169123,0.17911718118804026,0.15060313008070134,0.14477310001234775,0.13619987534780972,0.16231730195028865,0.3211738360721339,0.24356800617400218,0.26795785402327776,0.26866039540190156,0.190538912127921,0.18074842055315066,0.36469024999474736,0.19596599528910957,0.20468688026716922,0.3447505788671499,0.2661945011186382,0.2975219228920325,0.3683938112021717,1.5205177492227324,-0.028973169141938954,-0.09217776413661904,0.2709182941491588,0.21818781698964232,0.9921446418527112,0.0706498587151639,1.2002540376328312,0.11412664769880099,0.8041056550843553,0.12285948620790003,0.03978671720095471,0.14278181247651398,0.10200856107125357,0.47804219367994094,-0.3553250661137692,-0.18347153449384707,0.22697641658475606,0.1845925548800065,0.4880682984684123,-0.0121215424989477,-0.14233170473353415,0.5846944605825969,-0.4811030744774162,1.0706042764579655,-1.1281187438553908,-0.11839910951497959,-0.040391912747043415,0.15262993704991082,-0.14151925121731615,0.06546272027085097,-0.03345426051877189
0.10251742427289023,0.463387169932635,0.2859053346368847,0.17446685730548145,0.14945019181889127,0.2956182030038859,0.1353410998846301,0.2630447406294978,0.03544420308449361,0.2373365281407787,0.2179163593764371,0.12503501467306574,0.20268159730550558,0.1268941550715501,0.16829711689665872,0.23119482864782015,0.2990081788096649,0.20022968734634014,0.14244802025373954,0.5068675583925156,0.1660950532132312,0.13843678856516792,0.24992629995959625,0.15108845876628557,0.6229685552307611,-0.13468925760519765,0.20108393235952138,-0.028973169141938954,2.1529009405741117,0.28839350480969256,0.06253059910252028,0.14439888972804832,-0.31270941914878714,0.6239210587965045,0.15623708709008025,0.23750891061157267,0.03896321501533,-0.02700206097507312,0.5482383453986515,0.05096163629181651,-0.17663027730001943,0.10695719211241231,0.24018024829731302,-0.2524631560855746,0.22232750693460737,0.1975250409535738,0.7384331969592925,-0.06765668597490834,0.0930017720529597,0.4720502345232543,-0.39257375679153944,-0.027363479810765888,-0.20389956940466952,-0.02741017642221109,-0.2297009053306495,-0.11409232045632839,-0.1421075092368853,0.31946883098320195,0.0033933077273321627
0.005100720922521543,0.030768418187592572,-0.346825883005818,0.24901758418735498,-0.11921242130639581,0.15194093070162762,0.1385028820071167,0.18988259619042885,-0.00483547621423989,0.007306261444445315,0.07041600764052504,-0.08913305031393079,0.11046331367238392,0.11337127299531562,0.06651557685187456,0.14967124876530677,0.09147360448767654,0.13977761453146528,0.08231118995723262,0.1457172884992862,0.14499933424896091,0.06680615920720621,-0.014940714870625427,0.5265304427994084,0.5587394281270398,-0.39358824700508044,-0.45718810177876634,-0.09217776413661904,0.28839350480969256,3.7160649669929926,0.3801768411966832,0.012900223578458068,-0.1376168947085332,0.14805060049509047,0.2075145768783374,0.7715016762618736,0.03304859168387369,0.6993461448390623,0.8757381452455854,0.06333292810512778,1.0449121074222238,0.17633888738896067,2.1242770976727803,2.0076664122137977,0.16776869500456942,0.5335705442920394,0.04272726726274495,-0.05632857100427668,0.6500339317718072,-0.3923258583204522,0.5563945565869716,-0.6336564924647514,0.5243004554897979,-0.044997914023254995,-0.19118090029912785,-0.3748991594232288,-0.07706377814795146,0.31023388863520907,0.0933266281764931
0.24735200017674222,0.25876577756103203,0.41209443931799383,0.2264748496375217,0.20221071208343974,0.23727535822169182,0.19632811413614584,0.19290639474833318,0.19751030353739696,0.21839356519964764,0.19197774484484953,0.25412150640655184,0.12016979571871439,0.21757123476907633,0.18314891884797255,0.16844108549617037,0.30478307795775605,0.19111941321573614,0.24008069765536572,0.17976426827450154,0.37583513736358143,0.20004227358527765,0.25051080695434536,0.18436665982494346,0.45798300156932326,0.12926973091531613,0.3256447297032509,0.2709182941491588,0.06253059910252028,0.3801768411966832,1.1571311206752657,0.18265870242413393,0.35845067662800956,0.29190977483577385,0.13571448093097938,1.13206175715299,0.48048183503911795,0.5410212093829995,0.3286912400652978,0.10889310566732349,0.3903028772745834,0.42208198321353574,-0.011261359519742609,0.5083193926696096,0.170047121568731,0.46768723190958733,0.4629144943404744,-0.035281108414901945,-0.7186648374993213,0.19626389610311307,0.006225584740347309,0.05622985304967759,-0.06867961616539171,-0.15974484824079194,-0.08420474833558117,0.06125250788446056,-0.03335616215681664,0.1347946363349514,-0.17310916679579774
0.17088144159784668,0.13049196270290975,0.3378401490272858,0.2191116518732483,0.16264003081354259,0.24877001890864606,0.14294453887172845,0.1919774895060136,0.15603708603370223,0.19617231569440788,0.17471202822974666,0.25634534883003207,0.1449769240468532,0.3148385440663763,0.14984517808715805,0.25926568211737844,0.18516236803021072,0.18941845969246415,0.2169424920021386,0.16166247865057523,0.20707590130140485,0.219357092506699,0.007527498606900621,0.24091633123948084,0.2204422554878391,0.34350255914614153,0.20674176738809086,0.21818781698964232,0.14439888972804832,0.012900223578458068,0.18265870242413393,0.555342965360451,0.10595120179482247,0.23621220684123712,0.15759975751986244,0.33511255091895326,0.0628651955331449,0.29280908172935344,0.0504589923496508,0.05826148389751007,0.17563445116350412,0.19129341827466512,0.05558796889946872,0.20091902702396894,-0.01634107277182503,0.20496641101806548,0.2214967117414459,-0.02161380275986078,0.0667398238395678,0.08276406848660889,0.027767016329035683,0.21770026208607443,-0.3135237111514509,-0.026012141982361542,-0.1387476952800598,0.05208186656449217,0.05495845209579429,0.1587989114073341,-0.24609258804380896
0.2121929162543464,0.24388394452778217,0.4387606723965672,0.27077286970718384,0.4260147168161079,0.40581570674891226,0.13917681845863025,0.21914284082051008,0.34786276908547564,0.1507467357550922,0.2578356332345576,0.13880436428283396,0.15158590381352346,0.2926434752585527,0.323823459336025,0.12136649115229756,0.29693834180049805,0.3851415957314886,0.2888533987906219,0.1586924565637697,0.42583262485477485,0.24114345001872547,0.6365524308258226,0.81992094398138,0.19428095165500325,0.117598123308383,0.2522016064300566,0.9921446418527112,-0.31270941914878714,-0.1376168947085332,0.35845067662800956,0.10595120179482247,2.5828461026463043,-0.15596480488547704,-0.22067430033770113,0.15200153333421995,1.5451726648185973,0.25841285760425636,0.14592681173577976,-0.11003023463441956,0.1480419222144554,0.4615762836870786,-0.6878672240779092,-0.05784029533416559,-0.36666014401798314,0.4213535041891886,0.45319807996876066,-0.08072346116039165,0.8054321728890576,0.6527438134064499,-0.8525257121801029,-0.005418732477804926,0.5787121687583696,-0.3559874879366383,-0.10237287096722308,-0.05563148589377362,-0.3297204705048394,0.18008506748160105,0.2908974369238616
-0.102347295452049,0.1289944073062025,0.522947478663578,0.35376001342958335,0.28918166523743777,0.22084412173127752,0.23412400887340776,0.2934005273615823,0.16303905238266833,0.35493825009283864,0.2226843917553843,0.250007646847258,0.18681853131502202,0.1996461350262603,0.1832636482580475,0.27055116850383004,0.30863941148467505,0.1752820830634022,0.21300543051706292,0.3329653345240567,0.2074119027781975,0.2446176328485649,0.25165347343858335,0.15734106962171837,0.4311553327000088,0.14243609992499082,0.27967558758739497,0.0706498587151639,0.6239210587965045,0.14805060049509047,0.29190977483577385,0.23621220684123712,-0.15596480488547704,1.3736977100920833,0.31364060034677016,0.2628318636206777,0.44848906783239434,0.2153838148474335,0.4775748720682094,-0.10609949421067087,0.08101290776703761,0.25755310902972195,0.285825555249987,0.48773695333455225,-0.1389489803018595,0.3398127458682251,0.6978808011008916,-0.013415048903146728,0.12116848082692824,0.09758607946656815,-0.09566561852585229,0.011089069654632067,0.02851454948402948,-0.17758646861338864,-0.15233201906139296,0.004400624144931961,-0.22305780517767,0.21244240524109,0.07176417413235048
