1.6175767484316945,0.4134887166694033,0.41600180008420995,0.1890215295752197,0.454200058075884,-0.05567595117709925,0.5844217501783945,0.17272029899979033,0.1765888097276887,0.3142932607829596,0.20717505888694862,0.25309022632743583,0.16063361445852498,0.21738644597456694,0.2561072993856374,0.23254931744748594,0.17841326862258036,0.29935324976916283,0.13591122761702146,0.13266692972622152,0.2395343255668085,0.2201167335691511,0.29670457141455847,0.06328753671606449,0.30650974394820085,0.2558584621637862,0.18582517800348736,0.15370033238890804,0.10786498958620987,0.05502939928065202,0.2512954014551334,0.15400798617410283,0.2955676202134387,-0.06887430447090864,0.12752371076489075,0.3251799643851612,0.27407886350678023,0.22709633100647034,0.12967024913328035,0.15202634984337204,0.2545947225419995,0.22286577267911556,-0.11628330961743641,0.1946832065999398,0.0742273350886682,0.22558135512474528,0.34784093189333004,-0.027333961194182528,-0.08190278621576505,0.04112328732585078,-0.03725878291044996,-0.22366346282899396,0.23052904711152705,-0.014655185481525624,0.12609803477896242,0.0918313348550354,-0.05833234353651049,0.009560769620873278,-0.23677800586511175
0.4134887166694033,3.425623283783401,0.2838481100443014,-0.0925632102185429,-0.07293686007431491,0.26137804755666266,0.09614251904071434,0.22567555941587938,0.02155941926397214,0.13443356534673176,0.05720575286702922,0.0990218042259689,0.06150396110622874,0.05638285467090546,0.09989640042236866,-0.007249007817758567,-0.06165341911364702,0.4027289319467437,0.2066867995303309,0.10652783139743258,0.34664938617535485,-0.0005924431672802308,-0.22063937004694475,0.053816663541579164,0.30358386476945953,0.2145700966738206,0.7373988118956513,0.29416725108063707,0.3983515323605406,0.034505561601030056,0.20095616584426246,0.12116487647805818,0.1631526686395808,0.07980989481445244,0.10565564958260276,0.41164650757448146,0.4314423583465375,0.24280437871408386,-0.10811931737122256,0.178140829071539,0.15064673721699634,0.3208124699688099,-0.01865755590071318,-0.11751128679090073,0.3754816130531864,0.22564397819855242,0.07079795097505037,-0.02110697855973636,-0.3536284769069278,-0.2416453797939301,0.5838471861515462,0.2284461226238139,-0.4877120676833275,-0.028292255418165723,-0.7998004560999761,-0.11565509668170347,-0.011573580520706365,0.7514139838583486,0.09959875969761398
0.41600180008420995,0.2838481100443014,2.6440181973708246,0.29354523324472903,0.4524455864074086,0.35937931672085976,-0.07898699078957407,0.5981634470133839,0.3957468531057835,0.6380974183201814,0.3442754751171718,0.3663429417126358,0.21698693288586363,0.4115513269912228,0.3068963649258302,0.2862744022885372,0.41500468910681504,0.40449602876834084,0.29532221039086826,0.1311893674551061,0.3284485099677131,0.35666826173075766,0.24823974935239415,0.2812990482914268,0.2810454949638581,0.42815930372719324,0.2962156509568955,0.18969629151921016,0.2615583795264074,-0.3065198134884123,0.3869634312949006,0.3050721256077536,0.40514824972847013,0.4922619039233422,0.3553315384616183,0.6441342352845009,0.5527557044842233,0.41178500394395956,0.17642573391556218,-0.2998401442447288,0.23150444233858733,0.3575911002888393,-0.3050806185992982,0.26209751502394585,0.0039877739477872315,0.584774326562137,0.38134054568293235,-0.08452488111685066,-0.4432714756639325,0.1124966553699111,-0.4402773676437109,-0.1362116874919234,0.6183350908819332,-0.08909371412890976,0.02099109100254603,0.07886238079443475,-0.2483370595757925,0.06489367073467661,-0.15744268253532356
0.1890215295752197,-0.0925632102185429,0.29354523324472903,0.9638276937628837,0.34875860159387984,0.19183768361316908,0.3391900748691866,0.2394631351381231,0.13513560085798978,0.21017064158608825,0.23082460503068253,0.2530016501959475,0.16020013029261104,0.2600827901342097,0.1746529699231547,0.25757586362504475,0.2473615073509864,0.25220251121686504,0.20083250094946314,0.14910759973658483,0.2112772360018632,0.20870441226619396,0.13622226830834205,0.2424677749547269,0.21257401514916496,0.21643190693219228,-0.010473182788707921,0.08655821532908818,0.1532370463046545,0.21466093788403445,0.2122876821639621,0.20952504747592982,0.256773981928713,0.32371835630100254,-0.01769737791249512,0.27219838865924284,0.2826315521041575,0.26658320207991304,0.24250394831941915,0.011306140167327212,0.1948463116331046,0.17845836377069274,0.1047037244467882,0.6402439079670085,-0.21625031637027856,0.25646914513488783,0.2616536115655294,-0.023222602784989936,0.1970551733884192,0.18696871210798272,-0.08891525646341734,-0.06108392835007432,0.11340796222068755,-0.14967641381001,-0.05755411598531182,-0.02223697596348158,-0.16869947166452554,0.12333092632377876,0.0854162956217266
0.454200058075884,-0.07293686007431491,0.4524455864074086,0.34875860159387984,1.4475068209265611,-0.02389167563715305,0.2682630642225507,0.31028843569015657,0.32054110019575477,0.1825864524336348,0.18047499831674255,0.20407383424717634,0.18217414010172642,0.19413104915712093,0.2691324295975554,0.26822282748356013,0.16379261439068926,0.2524011906460769,0.4852897973400558,0.10700523512915679,0.17026855844459624,0.27849710452721554,0.2633762918590973,0.21022196466482485,0.013793872544794555,0.19204008091072416,-0.10379231154133615,0.043150862916214165,0.1327523080200641,-0.13380767519457637,0.1917796331606217,0.14936603363619444,0.4305843701808081,0.2608685175058614,-0.08696466209977402,0.1264936150355634,0.4809936162430149,0.2600831887265533,0.25034842372667987,-0.07575818559997116,0.10790855230347493,0.15910495574682032,-0.0926733434390657,0.1824061808430503,-0.14303527074176706,0.15927190681798414,0.4370110706326397,0.0052305810906477165,0.13553585415676284,0.4551127026180321,-0.3798757258614907,-0.30852253316145395,0.3923494274025152,-0.16156232806289542,-0.054592018060225865,-0.10807571370038964,-0.21580151871081968,0.1416018220553356,0.12638352344498793
-0.05567595117709925,0.26137804755666266,0.35937931672085976,0.19183768361316908,-0.02389167563715305,1.1345147575731456,-0.3446868610853573,0.37031274857744034,0.09005354370972596,0.19749694534571682,0.255246878663639,0.29921997476512,0.12959378715677666,0.39740147149038707,0.16618951138547655,0.17545554815690984,0.31438432762196866,0.24553120400643533,0.3602698051863755,0.3360902055577496,0.3103294081215857,0.15448852851159212,0.11406050404575549,0.3370778425065341,0.2864034599278358,0.2541589171325352,0.08722203828181341,0.022399603041091967,0.29699456419350073,0.14991397308288867,0.2267705460453077,0.2177522780075867,0.44087380522007996,0.20741245462369992,0.031622812709268346,0.3013695881491699,0.5559078142872707,0.3187386934067941,0.20045658779787837,0.03068325980965743,0.2154735774917836,0.29252430794637335,-0.0025034000521437505,0.1102224546304029,0.08786096116921344,0.26697199127653803,0.13790226601484834,-0.027551292495873955,0.07137315804507977,0.2934139641101827,-0.43347216871638455,-0.5309182138840413,0.7148026799909577,-0.049729320105606684,-0.16432982569825186,-0.1056135434726674,-0.30474773656966486,0.20384308930333436,0.2626306372889995
0.5844217501783945,0.09614251904071434,-0.07898699078957407,0.3391900748691866,0.2682630642225507,-0.3446868610853573,1.17461940481568,0.013130836632243733,0.27154536668242746,0.11461697378079856,0.17604930575404137,0.19229219922427299,0.18185877864761482,0.031841054941579426,0.13534437806428598,0.1906004534556779,0.17769119388134813,0.14719614223484734,0.02823573045368456,0.15237395018734573,0.18899733613420996,0.24466752328187263,0.15730781970948915,0.13896004450210192,0.2021623580826952,0.12363861102452103,0.14670370883814537,0.17951226799838407,0.10228533925882598,0.23774593438390612,0.21184766623976894,0.13081658119046116,0.14392393573435336,0.2505107830212313,0.024552633076145924,0.26024505618661403,0.17865108418531178,0.1698373141498407,0.24913550183017108,0.14102791038568516,0.16495305020088138,0.15936974665738182,0.1403670030051888,0.4254236170748757,-0.11776337205823181,0.1845027879820939,0.33609619215313935,-0.00791761885677912,0.25260024252062013,0.06698935597482544,0.21246520464158133,0.12237037022732264,-0.2933914159265677,-0.17618727597712655,-0.008641332878805823,0.11062544707337493,-0.005703684039750275,0.07189302835009602,-0.18554752879662026
0.17272029899979033,0.22567555941587938,0.5981634470133839,0.2394631351381231,0.31028843569015657,0.37031274857744034,0.013130836632243733,0.7346622911897629,0.0778617128967184,0.2487238646512326,0.2709414163290566,0.14747429979495383,0.17379189412670723,0.31367600314459887,0.09934736903638312,0.18028814370086052,0.2787701726242673,0.2401051130099054,0.19175129484616701,0.2260796388385791,0.18892875983752122,0.15358720535110518,0.1494268630284632,0.2312678378079429,0.20354846964242876,0.2594113448392968,0.20620002414904973,-0.029336679517912072,0.26801612555496107,0.1508303922878807,0.18964061547047353,0.17768236090394135,0.239102417599467,0.29660165974422154,0.1526758863890411,0.24957410368902763,0.3649960620921192,0.2537142648079161,0.26185191097400023,-0.01915463064978624,0.17926878743263944,0.19990180269862576,0.03752361230407887,0.17174503607158886,-0.015017872764994989,0.27673098148503855,0.2729202608230035,-0.026355085789598283,0.15509671855844484,0.15183066340066784,-0.27008117493872236,-0.478880498207811,0.7417171524994847,-0.09995398849749228,-0.18065985088827682,-0.1625652628822606,-0.09539033546498633,0.26375780565718154,0.056207026389508814
0.1765888097276887,0.02155941926397214,0.3957468531057835,0.13513560085798978,0.32054110019575477,0.09005354370972596,0.27154536668242746,0.0778617128967184,0.6978148511429553,0.12705640098657,0.1318305259749596,0.12978049556578414,0.153795798569745,0.14176655999926707,0.17222894031988195,0.09415249342579025,0.17545583761860226,0.1142625584091599,0.16360293423689526,0.06686064373374705,0.20431003180357993,0.3566650905167837,0.13046095273259445,0.2031181949078767,0.046091692884146974,0.22864724709748857,0.16337236730888058,0.18959260190892338,0.01628807374438274,0.03161886702869157,0.20336261323055452,0.15258125210297277,0.3315400598113788,0.16244094125502592,0.11441760113223257,0.26094376772693617,0.24734933926914282,0.17305978245908835,0.16718114974765066,-0.004836400086897506,0.156956166146746,0.18492032831012986,-0.1208528651929579,0.16053624635807817,-0.1272316947054089,0.19283277963837014,0.1315891330402866,-0.018442370685569306,0.38972460699908024,0.11755574364475124,-0.1420030062526219,-0.0005132598701353957,0.11718310318799133,-0.1243941212148701,-0.026725296227962318,0.10853339383675338,-0.1256452871517807,0.07115904230808866,-0.15633531608520726
0.3142932607829596,0.13443356534673176,0.6380974183201814,0.21017064158608825,0.1825864524336348,0.19749694534571682,0.11461697378079856,0.2487238646512326,0.12705640098657,0.7381499731750221,0.2162003115608823,0.28771579797980334,0.13488023171324684,0.25192549093178784,0.2109488617759173,0.23187455359770767,0.23049673236842416,0.25208727929091324,0.08496638986929149,0.05333551652079466,0.18974828778194602,0.20315557942302753,0.23296326941870396,0.16229760424527673,0.21036825515078003,0.2019089426805424,0.2747616426875004,0.06378865513904268,0.22681771146470542,0.06185201828462766,0.22622539445246911,0.17814080651701994,0.16206963951123624,0.35123091666339784,0.2874299079094812,0.3356629222578247,0.2781857046373622,0.20136141965153154,0.14969509717112695,-0.0075934993065102,0.18955903560292875,0.21739288382368893,-0.03917981264370319,0.22385320772463763,-0.02862495376795796,0.21515500645950375,0.3998695112749542,-0.04056490505502858,-0.10371387295322991,-0.08257701244850091,-0.27529748540438925,-0.2678623671149543,0.5409633067321076,0.06252280253962726,0.04816397825781822,0.09621931778434162,-0.13966721584529937,0.002851673925049474,-0.05728436110854511
0.20717505888694862,0.05720575286702922,0.3442754751171718,0.23082460503068253,0.18047499831674255,0.255246878663639,0.17604930575404137,0.2709414163290566,0.1318305259749596,0.2162003115608823,0.40835164698832704,0.24865943260014575,0.18533282231115414,0.2395616609332159,0.2286638491055487,0.2098136855281047,0.3204175141278724,0.21226909067624702,0.12655162540944861,0.22296783565811434,0.21190998532506733,0.17950638141137365,0.16498160136942308,0.20328632931250004,0.17704322961767188,0.24202008141832826,0.1316029463206067,0.1090850939010009,0.20962408492499737,0.09010793626112164,0.19501235072471115,0.1613131950847038,0.2556517690014297,0.22007094395382465,0.20743790262848977,0.22251421576583377,0.3547887516992887,0.19433837587240926,0.20945018858239764,0.049720986363823695,0.17056221676225913,0.2148912346347811,-0.02255471455931994,0.0815665335832038,0.021709921136145623,0.1822488745615417,0.30306626000949827,-0.01857712689047324,0.0932905363268059,0.1276272832819094,-0.26322552279514533,-0.20707837988232997,0.4182526730866924,-0.058041614209546406,-0.0598383879380919,0.016065398103861376,-0.1987506005288053,0.12090694702242605,0.01921806151976096
0.25309022632743583,0.0990218042259689,0.3663429417126358,0.2530016501959475,0.20407383424717634,0.29921997476512,0.19229219922427299,0.14747429979495383,0.12978049556578414,0.28771579797980334,0.24865943260014575,0.6732384940776787,0.1586270997942857,0.26461509851819326,0.2151930818830913,0.2517705995337575,0.2639997367143056,0.15813621053980884,0.1927876406186716,0.17062932968587377,0.21165915514342332,0.18639046773788098,0.12546138924047037,0.14663751040026254,0.20348428855962708,0.2639239472593259,0.21030530013651655,0.08498194234848881,0.1173857549735114,-0.03016999033043054,0.24877333101128873,0.2318086964913455,0.17370440439773696,0.2401565182929708,0.07866669433878266,0.3457547182367394,0.24993800680529624,0.21872931892623373,0.14664143663728793,0.060642588911751075,0.14349851475688566,0.20450111997075032,-0.055411572129160515,0.1816870059293161,0.005100514310795743,0.18674578716713502,0.22276217484231478,-0.014024331521120662,-0.07236762291384082,0.06370617447216667,-0.09019431108156406,-0.12261959102210107,0.12012713839020507,-0.05578818334031968,-0.009575725220973297,0.16047191708292996,-0.2115874908023433,0.05076317702530086,-0.0902903575759875
0.16063361445852498,0.06150396110622874,0.21698693288586363,0.16020013029261104,0.18217414010172642,0.12959378715677666,0.18185877864761482,0.17379189412670723,0.153795798569745,0.13488023171324684,0.18533282231115414,0.1586270997942857,0.30432610893902784,0.1420740617191932,0.11789818020890816,0.18904861474836115,0.180367070990067,0.1377487315735803,0.12371243751695216,0.12616781591988227,0.14353749846492916,0.18545059381061588,0.07700074668513288,0.1588603667978823,0.12780711431424258,0.16334050996723146,0.09031803626726165,0.14625044190631845,0.1972261959883191,0.11820845880862749,0.12283127958564091,0.1449363477992255,0.1280157486887378,0.17977208925262295,0.15954696307781693,0.16737049918319963,0.1862282929340774,0.12399566540924786,0.17265169000686897,0.04105351339293403,0.13394252700761455,0.1406854146163787,-0.006852344665315525,0.15101912131256556,-0.006363556815420038,0.12460196416222945,0.19643093708966772,-0.012889992035969711,0.11461300216616281,0.14534930968324133,-0.07595658772693964,-0.06585231193462689,-0.02475742547003344,-0.025244098022742505,-0.007382981313336589,0.010658241993790663,-0.15422573791651908,0.024285427167331904,0.05559815568151881
0.21738644597456694,0.05638285467090546,0.4115513269912228,0.2600827901342097,0.19413104915712093,0.39740147149038707,0.031841054941579426,0.31367600314459887,0.14176655999926707,0.25192549093178784,0.2395616609332159,0.26461509851819326,0.1420740617191932,0.5606116178424893,0.20077474002110512,0.27570216750486465,0.2627849219515315,0.2178421441202428,0.15868934305108048,0.17467979712284468,0.2459908714223392,0.20979475582767523,0.13954191247639022,0.268764771579421,0.22103000998527952,0.32685709347149533,0.10948741142851542,0.05702570379365345,0.13065007153049435,0.13321885084736163,0.22240430655880022,0.29072586515281873,0.33914363625479166,0.21041701737100416,0.2477699907222779,0.33901923878710094,0.3386803280795436,0.2418701046664112,0.12863153422470655,0.021258676456566906,0.25990884801326036,0.25707035532729083,-0.10622277618607041,0.21376162309448518,-0.09249021389459265,0.23947531944418873,0.18682076413089907,-0.036886853956148415,0.19154876069449775,-0.026998256939140052,-0.3067164287149616,-0.4568692891428113,0.8082646267085678,-0.02904392698494961,-0.1084049228133826,0.03271516679946556,-0.24361896109465409,0.17330415840122448,0.03667043187816083
0.2561072993856374,0.09989640042236866,0.3068963649258302,0.1746529699231547,0.2691324295975554,0.16618951138547655,0.13534437806428598,0.09934736903638312,0.17222894031988195,0.2109488617759173,0.2286638491055487,0.2151930818830913,0.11789818020890816,0.20077474002110512,0.6598919918621939,0.1592684106639411,0.27401386104181336,0.24181693265186432,0.19108582020492426,0.18599761114563837,0.21727517049003167,0.13220709862284852,0.07948416558601483,0.1980309177310419,0.15972667147838635,0.2463084592409845,0.0613771302599762,0.26756720877410617,0.1600788271780297,0.08216687227390428,0.1812197516573282,0.1417160455886791,0.30135074155088243,0.16698268054202733,0.22649670543040973,0.2101507130067421,0.39168769983298063,0.1225645724229878,0.128216181975472,0.011769705875743596,0.17973720807479082,0.2195670647567544,-0.09412417995255509,0.06058824795148543,0.01928013473164247,0.13365118693753844,0.267982850145909,-0.017070687012768756,0.053768197877623485,0.20559959990420432,-0.29634838130963975,0.15350263511980122,-0.014322659884376495,0.004262886858232054,-0.062161311160610154,0.13095394643037475,-0.28761851699656943,0.11710360741951184,-0.009505886242850058
0.23254931744748594,-0.007249007817758567,0.2862744022885372,0.25757586362504475,0.26822282748356013,0.17545554815690984,0.1906004534556779,0.18028814370086052,0.09415249342579025,0.23187455359770767,0.2098136855281047,0.2517705995337575,0.18904861474836115,0.27570216750486465,0.1592684106639411,0.7532448901723299,0.23704829240814496,0.2209782184980471,0.19369586352543847,0.03088444979080219,0.19806542976944058,0.3750641996461959,0.13489914366463718,0.18879334895222474,0.1540228050555893,0.18433711661978217,-0.009438492074641423,0.19485127559015317,0.21810164466122406,0.18721256255166685,0.16331591867048667,0.25050958150185276,0.11188323745424812,0.261061138425566,0.3520883067949221,0.3105579039157919,0.13805964850472552,0.10156535129665974,0.19593210059339072,0.06571788722789058,0.1916189831094668,0.20047113747298317,-0.045659994775095185,0.3351773485915805,-0.08546252229397035,0.15949549716395078,0.24270788433115845,-0.020432682164580548,-0.036183309739339,-0.128946256435487,-0.0912328835207614,-0.09538555502693882,0.12206365006135446,-0.021046813776360224,0.015944863245530662,0.05270208005973247,-0.2949143227456954,0.0423999648964988,0.09271427793871764
0.17841326862258036,-0.06165341911364702,0.41500468910681504,0.2473615073509864,0.16379261439068926,0.31438432762196866,0.17769119388134813,0.2787701726242673,0.17545583761860226,0.23049673236842416,0.3204175141278724,0.2639997367143056,0.180367070990067,0.2627849219515315,0.27401386104181336,0.23704829240814496,0.859900111344211,0.23417744244383662,0.14985561319735433,0.36225224960946595,0.2974623983040397,0.23049259790926535,0.22984664197458185,0.20924964369014645,0.37584540189916066,0.2267284381162562,0.08239612160564727,0.19979288730872194,0.2877219886232182,0.10984559436794072,0.30087459830567537,0.1552916305028504,0.3262266193958732,0.30027486971496814,0.30240683178779415,0.25361310578272334,0.632682942541157,0.2772744123178073,0.3506324843724997,0.0845632125444731,0.2585283706903643,0.29986206208723865,-0.038967092437836894,0.1347932809000062,0.1138314712897646,0.26468308343808095,0.5977595530003534,-0.027958629122480667,-0.09567862899236697,0.45702427943545376,-0.2943795674357296,-0.21994097259638107,0.4107369280063098,-0.13532852858273633,0.004679217049810592,0.02101146418449042,-0.25717379886957026,0.06719346141784573,0.05655627750546209
0.29935324976916283,0.4027289319467437,0.40449602876834084,0.25220251121686504,0.2524011906460769,0.24553120400643533,0.14719614223484734,0.2401051130099054,0.1142625584091599,0.25208727929091324,0.21226909067624702,0.15813621053980884,0.1377487315735803,0.2178421441202428,0.24181693265186432,0.2209782184980471,0.23417744244383662,0.856020434504688,0.21537958117091524,0.05204614280600996,0.28216259815888756,0.16505716333399376,0.22882601448496956,0.3072423142652866,0.23549224738804142,0.39348468883933396,-0.2938294658100345,0.18701729775788364,0.19726274045404646,0.14519789286964546,0.17567228441378774,0.15822431794303646,0.4018150543701556,0.17118619635281268,0.14815861315859494,0.30278828681884185,0.4066414066981112,0.20229811734486142,0.07280168279392087,0.06352226263666678,0.25542305205051524,0.2707910728605349,0.029630270003431075,0.2547997595735257,-0.02437842026397674,0.24378101867906454,0.30680924997791365,-0.023536404566094606,-0.06795339814926173,0.07639132347426157,-0.020420755826245703,-0.1649252182019901,0.31215998176935733,-0.05785255255441098,-0.1646401320793898,-0.025966396717654383,-0.23218910849426586,0.2346265532222992,0.10094003306475914
0.13591122761702146,0.2066867995303309,0.29532221039086826,0.20083250094946314,0.4852897973400558,0.3602698051863755,0.02823573045368456,0.19175129484616701,0.16360293423689526,0.08496638986929149,0.12655162540944861,0.1927876406186716,0.12371243751695216,0.15868934305108048,0.19108582020492426,0.19369586352543847,0.14985561319735433,0.21537958117091524,0.7600853777688777,0.2138292601301356,0.1954904570715584,0.1736093235504684,-0.06599818157608472,0.19504446820186933,0.15976131566637553,0.16622441859517434,-0.05010658888984497,0.29987856664487395,0.10483285591463794,0.011936149964626625,0.1957640682965512,0.22102175378203756,0.22081321308245525,0.1653499636901373,-0.15722044581470757,0.28899316419880755,0.20210703384121584,0.3229409906152204,0.14460061811271238,0.05811486838385971,0.1558667717691482,0.14907550508199843,0.14654454404496609,0.26572907788566086,0.046068036929998925,0.20086901054454398,0.14453937004751966,0.028220984697933858,-0.16699460669011248,0.19099674973759573,0.34671864012992826,0.6597925039877186,-0.9119125554411793,-0.18844449710887973,-0.15303505607769338,-0.04096278558308052,-0.11786334165041248,0.18391072089584204,0.03608139965559094
0.13266692972622152,0.10652783139743258,0.1311893674551061,0.14910759973658483,0.10700523512915679,0.3360902055577496,0.15237395018734573,0.2260796388385791,0.06686064373374705,0.05333551652079466,0.22296783565811434,0.17062932968587377,0.12616781591988227,0.17467979712284468,0.18599761114563837,0.03088444979080219,0.36225224960946595,0.05204614280600996,0.2138292601301356,1.2695572513438786,0.10879193034414024,-0.007201631772514665,0.037731609138020344,0.180999994949437,0.20734892301073116,0.2449086775503782,0.21296376387840882,0.15337832914301727,0.48213206548448057,0.12758503693652232,0.1505175558591452,0.13372677655736157,0.1332640209593454,0.29805655671627507,0.11200355901455862,-0.15182910734982413,0.6960118161332823,0.3599520606250003,0.32694013163690544,0.24889685883238674,0.08043417092722992,0.1676233242603377,0.43784317992791244,-0.18115968364443447,0.378106000793157,0.14416407725291935,0.48888976735465633,0.046665902933965435,0.44576121433973515,0.2577450178547206,-0.19779411282925313,0.09182815103345462,-0.0513560765063422,-0.1484334145218478,-0.07732966095500697,-0.06909828126291827,-0.09245773754661181,0.12800643706778475,0.06078047128563412
0.2395343255668085,0.34664938617535485,0.3284485099677131,0.2112772360018632,0.17026855844459624,0.3103294081215857,0.18899733613420996,0.18892875983752122,0.20431003180357993,0.18974828778194602,0.21190998532506733,0.21165915514342332,0.14353749846492916,0.2459908714223392,0.21727517049003167,0.19806542976944058,0.2974623983040397,0.28216259815888756,0.1954904570715584,0.10879193034414024,0.5252959720623476,0.20356334942998466,0.19017416914611285,0.2438614625856383,0.291296913968877,0.20393196533143748,0.08893402364289403,0.27586212085815875,0.15086574448635767,0.19943842885688412,0.35660409169273727,0.17986762183971108,0.42951398833617327,0.19794269193266306,0.28643421304268396,0.6238272245368366,0.4488609474968107,0.2693352492086889,0.20820499050385974,0.154923932502393,0.313866868577382,0.4538097134758442,-0.20912651048767758,0.27871570861781103,0.07679094061106395,0.31092849714184034,0.3298180710740379,-0.0383955775266206,-0.2476502797835315,0.15553731669002446,-0.10343128107266542,-0.219759389565859,0.2889190986093818,-0.0775182764987091,-0.1425472511387788,0.013388061703286477,-0.2534338718770013,0.19888658947078225,0.0670175969816916
0.2201167335691511,-0.0005924431672802308,0.35666826173075766,0.20870441226619396,0.27849710452721554,0.15448852851159212,0.24466752328187263,0.15358720535110518,0.3566650905167837,0.20315557942302753,0.17950638141137365,0.18639046773788098,0.18545059381061588,0.20979475582767523,0.13220709862284852,0.3750641996461959,0.23049259790926535,0.16505716333399376,0.1736093235504684,-0.007201631772514665,0.20356334942998466,0.5748971799685648,0.2080487863563127,0.19308266337455168,0.09914646573157225,0.18002806354152165,0.11184752096307742,0.1837751849596973,0.12011984817022997,0.10341229019805763,0.20314625560975363,0.21480602580253252,0.23854870155514285,0.23840970299275224,0.20480930685756837,0.2949846520098527,0.2044971140181672,0.15450470188337473,0.2105972145558014,0.014706285047514782,0.18297877542338126,0.19190181655574332,-0.09583219508628317,0.2787954293789796,-0.13598937506171418,0.19391073804498532,0.23071995276073543,-0.019331020927724672,0.15419573331499006,0.036315000635062676,-0.11204395033592916,-0.09667446797882295,0.11827148360016274,-0.09189166092625774,0.005848554965622629,0.06733791714168916,-0.20029779879362403,0.041947522862345606,-0.023519309486941448
0.29670457141455847,-0.22063937004694475,0.24823974935239415,0.13622226830834205,0.2633762918590973,0.11406050404575549,0.15730781970948915,0.1494268630284632,0.13046095273259445,0.23296326941870396,0.16498160136942308,0.12546138924047037,0.07700074668513288,0.13954191247639022,0.07948416558601483,0.13489914366463718,0.22984664197458185,0.22882601448496956,-0.06599818157608472,0.037731609138020344,0.19017416914611285,0.2080487863563127,1.8162489617204445,0.2610969498140521,0.4006938810424275,-0.14182173972905787,0.24876814793207752,0.11371156402105106,0.22900471479981607,0.042411402378728404,0.2906821647779601,-0.005656302423060939,0.7118981759200153,0.2489784244232359,0.09714946330385071,0.27691544736753765,0.7620733743819972,-0.0856139187294517,0.4878105720759671,0.15155507530277038,0.18297004632183264,0.25156328010384543,-0.4738675023552472,-0.05242759353107626,-0.15356096043254544,0.2776010835801248,0.7799225748003099,0.006175290652381522,-0.05087623062128881,0.7272100341302167,-0.5790857659268072,-0.7009787396720325,0.9218713368447873,-0.14498868268548265,0.20656453966708818,-0.02115345221846173,-0.13431010479803207,-0.17741226384361303,0.20460222471935227
0.06328753671606449,0.053816663541579164,0.2812990482914268,0.2424677749547269,0.21022196466482485,0.3370778425065341,0.13896004450210192,0.2312678378079429,0.2031181949078767,0.16229760424527673,0.20328632931250004,0.14663751040026254,0.1588603667978823,0.268764771579421,0.1980309177310419,0.18879334895222474,0.20924964369014645,0.3072423142652866,0.19504446820186933,0.180999994949437,0.2438614625856383,0.19308266337455168,0.2610969498140521,0.7868517434765291,0.29117877205851556,0.10802879497344871,0.05199707370473669,0.296452618665847,0.13450034074943434,0.5281891858071995,0.22244930016387116,0.22571545230938414,0.7520578365527659,0.16590030578832413,0.13631610583934514,0.42244172857093704,0.5468823812432946,0.27494936213662446,0.2511361507059385,0.0016384487875876928,0.27100878369166037,0.2790673904575923,0.04792883452417387,0.3340989976848525,-0.16369871735007352,0.3507719404810123,0.20323675511287437,-0.04788626529426721,0.4249314488687474,0.2005021320870303,-0.24960922515310363,-0.25766572752241457,0.4709847997960113,-0.16115398722617919,-0.0789316618489479,-0.10690877536367176,-0.15230344120897701,0.09273367487078667,0.19411890145060295
0.30650974394820085,0.30358386476945953,0.2810454949638581,0.21257401514916496,0.013793872544794555,0.2864034599278358,0.2021623580826952,0.20354846964242876,0.046091692884146974,0.21036825515078003,0.17704322961767188,0.20348428855962708,0.12780711431424258,0.22103000998527952,0.15972667147838635,0.1540228050555893,0.37584540189916066,0.23549224738804142,0.15976131566637553,0.20734892301073116,0.291296913968877,0.09914646573157225,0.4006938810424275,0.29117877205851556,1.9259552678888776,0.040842197513050696,0.22178460947184156,0.20156497706318552,0.5821952833048277,0.5910283770626195,0.4444856645023719,0.1954770212946141,0.1889023885459683,0.4064117702464145,0.25367861800754454,0.6653949331007429,0.3028072060002669,0.4495638415560456,0.3819235423811875,0.1643346129574329,0.16354199170360326,0.31932428033784316,0.39829556706900826,0.6178604710709025,0.1934878068758202,0.5210984129289116,0.478280476308709,-0.08835929190134592,-0.7745304321681934,-0.062302967321315766,0.18047322139881816,-0.20692066114413962,0.11960395692093266,-0.11783818796718278,-0.04486455690146224,-0.005416181600764144,-0.030721949446594905,0.08752360318365322,-0.04552853581897494
0.2558584621637862,0.2145700966738206,0.42815930372719324,0.21643190693219228,0.19204008091072416,0.2541589171325352,0.12363861102452103,0.2594113448392968,0.22864724709748857,0.2019089426805424,0.24202008141832826,0.2639239472593259,0.16334050996723146,0.32685709347149533,0.2463084592409845,0.18433711661978217,0.2267284381162562,0.39348468883933396,0.16622441859517434,0.2449086775503782,0.20393196533143748,0.18002806354152165,-0.14182173972905787,0.10802879497344871,0.040842197513050696,1.3286386954811367,0.15824568337838874,0.26740174341988626,-0.11830908324012342,-0.35375821324065276,0.11391816819815363,0.3252834622390413,0.15009575712434525,0.15653823800450392,0.26900675256394563,0.005126391613359516,0.07258765172668565,0.29713968435153104,-0.31847699786557543,0.04342815031119488,0.16046755135387702,0.19859352982621922,0.08364466457031373,-0.01908885178362083,-0.09208476400626708,0.02288315707764524,0.037503806086605015,-0.00019655169348915713,0.42814274617544607,-0.05697763857799034,-0.45092065953628224,0.5023666138406242,-0.18871878523611552,0.08492558401146438,-0.14743768226391385,0.07091542375014034,-0.23079931077101073,0.23739219045667392,-0.07310641499829863
0.18582517800348736,0.7373988118956513,0.2962156509568955,-0.010473182788707921,-0.10379231154133615,0.08722203828181341,0.14670370883814537,0.20620002414904973,0.16337236730888058,0.2747616426875004,0.1316029463206067,0.21030530013651655,0.09031803626726165,0.10948741142851542,0.0613771302599762,-0.009438492074641423,0.08239612160564727,-0.2938294658100345,-0.05010658888984497,0.21296376387840882,0.08893402364289403,0.11184752096307742,0.24876814793207752,0.05199707370473669,0.22178460947184156,0.15824568337838874,2.235317227332901,0.27700426248382654,0.12352773786645842,-0.1849990654514045,0.3070012969858033,0.16960274457547117,0.15643277817449783,0.2650122984733855,0.2710364386626771,0.13186218120607118,0.4058092010560268,0.28371684907313277,0.11420942226409372,0.12460125619450807,0.00031682548018190576,0.17327085280218962,0.21452061785952722,-0.4548276160921933,0.30082162538102336,0.14421230266394816,0.2716230346512511,0.00038435187902789036,0.5360402629435534,0.08026663081512558,-0.4136114173130613,0.4274999208261117,-0.19909511609224465,-0.0253766014267821,-0.10720052205365015,0.0741599724617379,0.20114471542083653,0.12402330753660934,-0.3333346401987431
0.15370033238890804,0.29416725108063707,0.18969629151921016,0.08655821532908818,0.043150862916214165,0.022399603041091967,0.17951226799838407,-0.029336679517912072,0.18959260190892338,0.06378865513904268,0.1090850939010009,0.08498194234848881,0.14625044190631845,0.05702570379365345,0.26756720877410617,0.19485127559015317,0.19979288730872194,0.18701729775788364,0.29987856664487395,0.15337832914301727,0.27586212085815875,0.1837751849596973,0.11371156402105106,0.296452618665847,0.20156497706318552,0.26740174341988626,0.27700426248382654,1.7584233772024467,-0.05818004644171159,-0.04970249540787525,0.2310031609301874,0.2654236911405555,0.8500452979961581,0.017144966217685326,0.9842075155566118,0.07163654143694474,0.7583922149258291,0.14866118022463076,0.12027244738626305,0.12456835439341114,0.08095048174251866,0.3672814151654631,-0.3223849342186274,-0.10873252240414154,0.29714732001214983,0.09293959508213721,0.4538596794856413,0.00267480178013041,-0.19824756183633122,0.7267140241227573,-0.3361521463119452,2.169374801275803,-2.5957676719424247,-0.01589128142725501,-0.07091799826647673,0.13329041038068876,-0.08919703244386107,0.05713503228094275,-0.061672559958731346
0.10786498958620987,0.3983515323605406,0.2615583795264074,0.1532370463046545,0.1327523080200641,0.29699456419350073,0.10228533925882598,0.26801612555496107,0.01628807374438274,0.22681771146470542,0.20962408492499737,0.1173857549735114,0.1972261959883191,0.13065007153049435,0.1600788271780297,0.21810164466122406,0.2877219886232182,0.19726274045404646,0.10483285591463794,0.48213206548448057,0.15086574448635767,0.12011984817022997,0.22900471479981607,0.13450034074943434,0.5821952833048277,-0.11830908324012342,0.12352773786645842,-0.05818004644171159,2.1187074755042743,0.3772256042874647,0.04574495030701281,0.1263165438317578,-0.3816958196027326,0.5940529405424657,0.1986829405281503,0.22652941958072312,0.04518967423239904,-0.01927749871053944,0.5383420101874337,0.042239455569296654,-0.15069179080011408,0.10226329056168426,0.3000354474004615,-0.20480161979802192,0.2825973111535686,0.15830995173109227,0.7099031309692171,-0.06557351989484743,0.042511290217667176,0.49851860623055855,-0.5016860611599183,-0.11165449973885316,-0.13779791010036901,0.07645096918298332,-0.18021504402349722,-0.1599258344003458,-0.18057391276863216,0.25494468348094024,0.11539405656641934
0.05502939928065202,0.034505561601030056,-0.3065198134884123,0.21466093788403445,-0.13380767519457637,0.14991397308288867,0.23774593438390612,0.1508303922878807,0.03161886702869157,0.06185201828462766,0.09010793626112164,-0.03016999033043054,0.11820845880862749,0.13321885084736163,0.08216687227390428,0.18721256255166685,0.10984559436794072,0.14519789286964546,0.011936149964626625,0.12758503693652232,0.19943842885688412,0.10341229019805763,0.042411402378728404,0.5281891858071995,0.5910283770626195,-0.35375821324065276,-0.1849990654514045,-0.04970249540787525,0.3772256042874647,3.319034352018102,0.3650303849399665,0.019290973467164123,0.022096226734660475,0.1718427199104913,0.3180078830648959,0.8554875141086643,-0.03805907590996587,0.5036112952141579,0.7280529057340368,0.06064812992458161,0.8702337554630577,0.22106940130462407,1.471212161194693,1.6575946723642827,-0.1413695304065164,0.5928894307833962,-0.011789140734000194,-0.07508724159580364,0.7963446640338336,-0.47631185156482364,0.4870684570916783,-0.9553868414246586,0.8928004690805827,-0.06867949388497605,-0.10210732366792537,-0.28541923015702175,-0.05795739448661979,0.20006682407779688,0.13917990805397207
0.2512954014551334,0.20095616584426246,0.3869634312949006,0.2122876821639621,0.1917796331606217,0.2267705460453077,0.21184766623976894,0.18964061547047353,0.20336261323055452,0.22622539445246911,0.19501235072471115,0.24877333101128873,0.12283127958564091,0.22240430655880022,0.1812197516573282,0.16331591867048667,0.30087459830567537,0.17567228441378774,0.1957640682965512,0.1505175558591452,0.35660409169273727,0.20314625560975363,0.2906821647779601,0.22244930016387116,0.4444856645023719,0.11391816819815363,0.3070012969858033,0.2310031609301874,0.04574495030701281,0.3650303849399665,1.1342146162973004,0.15998762234079392,0.38760371148781636,0.291812212807738,0.18544806950399606,1.153692608357432,0.48387764281108164,0.4802279002313817,0.33588103890686916,0.10243682159906924,0.3810167991530015,0.4145922312865155,-0.17686297007880286,0.46928398100313123,0.07300079061501928,0.4780703644770087,0.4055721190845466,-0.04589178520602451,-0.7001960064574605,0.09573891678838208,-0.07179673806954699,-0.07768209138123451,0.22925173785288333,-0.13766533579446155,-0.042548556698851284,0.07930768089616308,-0.07579355108463248,0.06407458920942906,-0.09668307533278207
0.15400798617410283,0.12116487647805818,0.3050721256077536,0.20952504747592982,0.14936603363619444,0.2177522780075867,0.13081658119046116,0.17768236090394135,0.15258125210297277,0.17814080651701994,0.1613131950847038,0.2318086964913455,0.1449363477992255,0.29072586515281873,0.1417160455886791,0.25050958150185276,0.1552916305028504,0.15822431794303646,0.22102175378203756,0.13372677655736157,0.17986762183971108,0.21480602580253252,-0.005656302423060939,0.22571545230938414,0.1954770212946141,0.3252834622390413,0.16960274457547117,0.2654236911405555,0.1263165438317578,0.019290973467164123,0.15998762234079392,0.5462237598518164,0.10642142102869055,0.22454143490813597,0.1383318381335897,0.3190779173245171,0.04697290404309858,0.25589243981243587,0.05795230528562061,0.036720833220027754,0.15282464551918343,0.1631288312034536,0.0038703321101697277,0.20809595670281977,-0.05074357262264311,0.17736085834226373,0.1758509372309772,-0.021844182564817294,0.0541723601095127,0.03402932612920603,0.021587405006525066,0.411817529457325,-0.5085770854186877,-0.002482375635247908,-0.12898355037096365,0.06363899234625142,0.024945389039329056,0.13066299643173576,-0.1904414042455457
0.2955676202134387,0.1631526686395808,0.40514824972847013,0.256773981928713,0.4305843701808081,0.44087380522007996,0.14392393573435336,0.239102417599467,0.3315400598113788,0.16206963951123624,0.2556517690014297,0.17370440439773696,0.1280157486887378,0.33914363625479166,0.30135074155088243,0.11188323745424812,0.3262266193958732,0.4018150543701556,0.22081321308245525,0.1332640209593454,0.42951398833617327,0.23854870155514285,0.7118981759200153,0.7520578365527659,0.1889023885459683,0.15009575712434525,0.15643277817449783,0.8500452979961581,-0.3816958196027326,0.022096226734660475,0.38760371148781636,0.10642142102869055,2.6149707775662794,-0.17758803645426363,-0.13555519159747276,0.11513455823989782,1.6754515356085107,0.30605654577421176,0.17397075782446914,-0.08533643910356228,0.22652462184701186,0.4912606408961046,-0.5421609128376558,0.08162587175878588,-0.3579377419043887,0.44948502925278533,0.48028214066660907,-0.09465120637437151,0.7043226185241979,0.8427418251039482,-0.9852350794147134,-0.5171380414406077,1.1436017728068748,-0.3614437674473437,0.02659844747175971,-0.0924970216137988,-0.33720926840400245,0.036306512155290495,0.45703254203402277
-0.06887430447090864,0.07980989481445244,0.4922619039233422,0.32371835630100254,0.2608685175058614,0.20741245462369992,0.2505107830212313,0.29660165974422154,0.16244094125502592,0.35123091666339784,0.22007094395382465,0.2401565182929708,0.17977208925262295,0.21041701737100416,0.16698268054202733,0.261061138425566,0.30027486971496814,0.17118619635281268,0.1653499636901373,0.29805655671627507,0.19794269193266306,0.23840970299275224,0.2489784244232359,0.16590030578832413,0.4064117702464145,0.15653823800450392,0.2650122984733855,0.017144966217685326,0.5940529405424657,0.1718427199104913,0.291812212807738,0.22454143490813597,-0.17758803645426363,1.3291926745715228,0.39894110687494194,0.30310425706663424,0.4149934753604986,0.20054865815700304,0.4316422118925567,-0.0995814188801989,0.07924672265600673,0.2575406489091119,0.2280930004839387,0.4571414807032883,-0.169338241089656,0.34657890224373067,0.6449014894061018,-0.019192631484991073,0.07990936837971284,-0.022590226531767194,-0.19641163617965443,-0.032746045414087946,0.2744034301715388,-0.12235371041046288,-0.13109975302652943,0.0040757733264254765,-0.2338526764241035,0.16429900104655484,0.10052882664281855
