1.2449755050973415,0.5705204630225881,0.2944072153833759,0.03442208580792123,0.2997919375473256,0.2307646029267873,0.33586472507330184,0.3007069264068984,0.18831515293517492,0.2006063255079739,0.1846746738759698,0.18956773656912232,0.14202113920448559,0.3097792044526282,0.1800378491730756,0.21764965321703283,0.16406060497503314,0.21638363226951796,-0.005661351123495267,0.17049405948870808,0.19536597788954574,0.19796068942366432,0.14272807020050843,0.09400805499554422,0.19167850057265973,0.2378505692382893,0.15825140212299518,0.13241381675454414,0.20078558994953413,0.05177162299051198,0.16824214864054068,0.06582473255832806,0.14718043181042503,-0.006583109659806265,0.1260022062733643,0.07810822544279132,0.22755013504933969,0.28501571328487946,0.1371754360448944,0.15590313952995621,0.20615660613555986,0.17939022828732062,0.25193463145716655,0.006078132282760104,0.22560943290025195,0.10718402022468523,0.2899397545325827,0.022474036779114137,0.23599957652313555
0.5705204630225881,6.226178705889356,0.5623285814523118,0.13716015344392007,0.1428294205367539,0.18146150194068802,0.3139568645930697,0.3941958742785985,0.1341325950887153,0.3417642143372159,0.135527885897039,0.16525149739199269,0.12449533030878104,-0.016313486613185938,0.23283749290896374,0.14478171309497812,0.0034125073861052684,0.5387978513833339,0.14834588305885113,0.14215676913622283,0.48686523767692624,0.15221966851879468,0.04740097461810563,0.01091332306870162,0.3683567177747634,0.24450265489580908,0.32355919889415613,0.2226858314431529,0.8494843400319362,0.15013089773463575,0.3522085922267407,-0.058141375564279604,0.2816039423939932,0.05575750480173169,0.23356466095225298,0.21511666260817447,0.9298625063595455,0.2390985639289669,0.10753874557816447,0.16447493882715258,0.5219312151330184,0.3676615113873429,0.14527219438917785,-0.07492809138599466,0.4716043164877722,0.5318952426220687,0.47760971408771796,0.052595814392554126,-0.05093925813268217
0.2944072153833759,0.5623285814523118,1.6667528949208257,0.1594294734205302,-0.2723847624520201,0.2541044548222375,0.09247593146405098,0.36771877745614956,0.2382879264859967,0.3211104283270917,0.17587440219751016,0.09825773207471022,0.14958788285615926,0.17533635118747615,0.1785770339069199,0.15237868653904113,0.27726031456523126,0.25996902742904765,0.09613214822831698,0.23100068277415864,0.21909445553157086,0.21361491888637604,0.19342702435849238,0.1759587206894327,0.26568647592561073,0.15428541572555643,0.17441623192535438,0.2536363394774717,0.3630836654529882,0.0016912584802368648,0.21090897452826532,0.0995827739883157,0.1394407489300557,0.25534955818317384,0.34592118693167173,0.2427063831043766,0.4086319578182061,0.3543562038181374,0.16978300748869504,0.11735151684360691,0.3505107475852408,0.23057371140699806,0.22510237837743938,0.09689844683521748,0.3102866224483819,0.560814913687135,0.4372285968531165,0.04153546799956858,-0.23442996244783498
0.03442208580792123,0.13716015344392007,0.1594294734205302,1.7413779054309513,0.5084550007097899,0.37565776149192887,0.4243566053652871,0.4787873317216928,0.20098665695052223,0.3785210639788417,0.2424413791722117,0.3768608446707992,0.21651546920155565,0.5254247909561961,0.25358647737799006,0.3857675578726351,0.23392997791949002,0.3325371335374119,-0.051567530435456796,0.29094565670631495,0.23587527227487196,0.2899166912779344,0.35671445126256107,0.2994484334366478,0.33173113398787746,0.3311358828188216,0.2343498580765886,0.15768290592306086,0.315796990647774,0.09355208179774162,0.23379261456433925,0.2793934035441774,0.2157301721012558,0.3433804755597053,0.060741049808255884,0.16777596864822536,0.3044189722625516,0.31167981785798127,0.21782574001585914,0.18030823859602363,0.2512310281167465,0.24153778337292608,0.3018515899529062,-0.001568013166778494,0.19567192667544822,0.1322025121567162,0.5298150354698301,0.02296239100877715,0.2225378669110677
0.2997919375473256,0.1428294205367539,-0.2723847624520201,0.5084550007097899,1.0898954721255953,0.4867706430476373,0.34795929999546465,0.3607850778942497,0.21115797065685118,0.2767574968890925,0.27858500721488194,0.3804174959293437,0.2002166911950902,0.2434123643050665,0.32190578328542546,0.26418435008492613,0.14375739607618127,0.2926754773320827,-0.060993782295317794,0.23158264324242706,0.18940117350023145,0.22635379773550424,0.29024458380251933,0.1872835574719637,0.27885255654252905,0.33324183969283316,0.20115725810016477,0.07632734596483504,0.2810773795098442,-0.11978853710562477,0.16750077331568192,0.33560618205058457,0.10812133034565945,0.3230910360179352,0.023610508273294768,0.022472100886010326,0.10495292260763435,0.1927417662301977,0.20260308596482893,0.15975516028725398,0.13882662643206364,0.18615236937194468,0.1727321832448682,-0.017940170761644454,-0.03385243764370259,-0.01508749753741088,0.4017194599995404,0.02512362640432282,0.4747165599508934
0.2307646029267873,0.18146150194068802,0.2541044548222375,0.37565776149192887,0.4867706430476373,0.7487026884331756,0.19119645893340173,0.4326781502819923,0.21692682409083724,0.26563410362703715,0.2822317631553968,0.30069630569669853,0.1736490502047835,0.22902884054778277,0.26314722389524703,0.2358978883677216,0.2275390703797964,0.2807380310964055,0.02445477020957264,0.31469963764525233,0.21781095718233015,0.23762205551694773,0.26656540679875146,0.1948601706900716,0.3061258649616061,0.3106903904261039,0.22831563975660651,0.14059069667250804,0.3862270661993037,-0.16620861674194073,0.1756849133882814,0.3398129527311906,0.06462644275211758,0.38009957795094423,0.17598357408032916,-0.009073432159261681,0.18439258150923513,0.3185183235691131,0.24487160794726293,0.19429955099878504,0.2061060684090479,0.21742663159103756,0.29101519018067645,0.026670505445648213,0.10904233930600621,0.11293925088564531,0.5148783178054016,0.04466357035745119,0.4074154104985087
0.33586472507330184,0.3139568645930697,0.09247593146405098,0.4243566053652871,0.34795929999546465,0.19119645893340173,0.6111004935420278,0.26745219273897863,0.2210657805996945,0.1932347783324005,0.2032840659505812,0.30654548079442184,0.15073130435057702,0.11027121232737569,0.13085633312607187,0.17610058820799576,0.14902453342787597,0.21758788998772055,-0.05195450838286307,0.12353709937244699,0.152483401510741,0.19674179212808496,0.1850471516148077,0.15672873134781584,0.19515851652182079,0.2425020658034186,0.16976552482298432,0.09560907070789477,0.14350711672545663,0.11004383179432164,0.15499100339230865,0.12355863885672852,0.1472066862195708,0.12186708414278198,0.027985819267499858,0.14863017583868152,0.11548219446358128,0.145922664907534,0.14732095267642106,0.10027933588135106,0.09674701857331718,0.14190898796285417,0.12818481288758565,0.003930463539668821,0.10571301595723527,0.01463203792184458,0.15120451201681692,0.0024223381784893912,0.24024733577787116
0.3007069264068984,0.3941958742785985,0.36771877745614956,0.4787873317216928,0.3607850778942497,0.4326781502819923,0.26745219273897863,1.15581027552557,-0.010516363514945155,0.3322112923529229,0.2334726903744161,0.07620337449877222,0.1825625024343939,0.2845056069833562,0.10908072111493901,0.21668992379019966,0.3225334713244836,0.2891394427424301,0.1692678933559945,0.3433054914099652,0.1917936422309289,0.14142393629520847,0.20550254175280103,0.1666848205681066,0.2816274733283071,0.22712587518924762,0.20724251376238392,0.23345263142004702,0.311376417602157,-0.021455055248890385,0.19435183726869631,0.1475928795346137,0.15900298034980878,0.28318611936686267,0.2452171619573678,0.010447355084797938,0.4111014498764867,0.31115250267296807,0.3677890225623168,0.20879409622322637,0.2850014253939092,0.2011538967239003,0.2672480110569544,0.03718959956151934,0.32702094001827575,0.07603933881688651,0.5698795275140655,0.06313676191187637,0.34048979933289386
0.18831515293517492,0.1341325950887153,0.2382879264859967,0.20098665695052223,0.21115797065685118,0.21692682409083724,0.2210657805996945,-0.010516363514945155,0.7476748800395627,0.02491430284451949,0.12875591365520742,0.2064847151867756,0.13824542982523655,0.13550621011872874,0.21252169593313958,0.13262607036124324,0.12184113431663687,0.23827057840084295,-0.2620113728171228,0.164271356285172,0.17168127078858975,0.3584257603884174,0.2950789930009316,0.1844621186302245,0.2125645020489823,0.34853756171232053,0.16340079361732238,0.08527889242122084,0.14301952209904503,0.1095726457192167,0.14937544816667842,0.18199738767866638,0.1537267596968287,0.2233944317381731,0.041140359730568385,0.10123351961466451,0.1294932902974663,0.2298292242442108,0.07085315953886766,0.1113845939513386,0.10304569502540788,0.16790730339088042,0.25754008148569346,0.01826862701407741,0.08846249115665959,0.18177800721647167,0.2864406629022873,-0.015267440603021582,0.08527422106661017
0.2006063255079739,0.3417642143372159,0.3211104283270917,0.3785210639788417,0.2767574968890925,0.26563410362703715,0.1932347783324005,0.3322112923529229,0.02491430284451949,0.7876201324611529,0.23213963883769412,0.26767598753969635,0.20796886139027937,0.2133758438197863,0.22073635428312646,0.22539355132881936,0.204999700736794,0.3247430797883409,0.057750499674921844,0.14353304733780295,0.16716976965462182,0.15225341398685785,0.2928132877154671,0.1888358289203316,0.24364500254732221,0.17240498138356578,0.19597010567760562,0.20472191742665719,0.2795502803741065,0.15156198250544872,0.1836246399828536,0.1301563852779995,0.18865944496004441,0.23319660879444407,0.19400173780253804,0.1341975434216233,0.2896227257573429,0.18008115363969876,0.19543160991986616,0.1427202204682823,0.25796647973666437,0.17163712142355625,0.15024837771482435,0.020429821941599795,0.06414195176380744,0.2191692365769997,0.49149367384786974,0.04366131803490374,0.25248575068435
0.1846746738759698,0.135527885897039,0.17587440219751016,0.2424413791722117,0.27858500721488194,0.2822317631553968,0.2032840659505812,0.2334726903744161,0.12875591365520742,0.23213963883769412,0.5425318034841483,0.36078664550262407,0.23551167561103709,0.15495235435214041,0.2922663318499107,0.2203862222359106,0.2753678250558201,0.25512616751400385,-0.013069949629358483,0.24694871412175268,0.2166141923118362,0.17836775484842,0.2416967957014999,0.18676507201811074,0.2835050811923956,0.2516755534898149,0.2418948550359369,0.19940912465283603,0.28420791342213225,0.061331203518801454,0.18942789460561058,0.18655203834583836,0.13098459574341118,0.2558368098359333,0.23580936692821697,0.1393180835102996,0.19953582566321096,0.20780988370647124,0.22705097143186062,0.18605656679536536,0.22673012474818982,0.21925263994358465,0.20586630295848285,0.022158662354011212,0.16827435830575085,0.13565202823263073,0.39811571094489134,0.033960859701492346,0.17555080537568205
0.18956773656912232,0.16525149739199269,0.09825773207471022,0.3768608446707992,0.3804174959293437,0.30069630569669853,0.30654548079442184,0.07620337449877222,0.2064847151867756,0.26767598753969635,0.36078664550262407,0.961803995784854,0.16139198785465397,0.14378401512886396,0.2623046948627908,0.2679033865122039,0.16989521296022922,0.19827007965049195,-0.0432448838662653,0.15926473477633704,0.15483437404809455,0.2308268003065975,0.2119314155056538,0.17835050460632543,0.332336044431026,0.3100238752480397,0.2888976351168817,0.11248586548584265,0.2838500962108584,0.06614466844066108,0.15727992720382178,0.18148838447289453,0.11126374190055718,0.23188589452813768,0.14277095678931934,0.07383001787216467,-0.02878062938153266,0.1444771454481142,0.16956435424248248,0.14572219361926125,0.08297084763629821,0.1538042888444678,0.18591789721531396,0.0010616617082906867,-0.09988664482892068,0.0357828604863256,0.27459207025558036,0.020511003274986013,0.6159784696287156
0.14202113920448559,0.12449533030878104,0.14958788285615926,0.21651546920155565,0.2002166911950902,0.1736490502047835,0.15073130435057702,0.1825625024343939,0.13824542982523655,0.20796886139027937,0.23551167561103709,0.16139198785465397,0.41373924088116876,0.14790916300553766,0.10536827850988732,0.18733916782954094,0.19320933204179092,0.17668474817110294,0.010072161266285561,0.15372551930109715,0.15672597319588105,0.1799058936394459,0.1691157255677887,0.13991476972238032,0.18084746871182691,0.17436670739597224,0.1768445280394549,0.15196040083511417,0.2091231352588,0.06571979501583339,0.132927290745028,0.12542322274031695,0.09476101125559454,0.1786864547011713,0.19424377817878247,0.10464032802317756,0.16435188798424377,0.16870835078416785,0.17521632905073706,0.13962444245740208,0.19526361529483294,0.15978127186166177,0.17530793064515288,0.02396863624843305,0.13720076171242046,0.10576385505976368,0.29914580517211387,0.017778687976289908,0.1654234102900682
0.3097792044526282,-0.016313486613185938,0.17533635118747615,0.5254247909561961,0.2434123643050665,0.22902884054778277,0.11027121232737569,0.2845056069833562,0.13550621011872874,0.2133758438197863,0.15495235435214041,0.14378401512886396,0.14790916300553766,0.808663490515808,0.21479249237856674,0.40875640939694574,0.22133719754421666,0.18696140228301744,9.998577613739917e-5,0.25862912962368867,0.22807956569677745,0.26328374162796503,0.23154698717586897,0.1911813035492471,0.22540438937488205,0.24156794408377533,0.14236613805208856,0.17948379489273722,0.27901920499215344,0.054020368375853854,0.17425680608792624,0.17437009748129406,0.1436640018196386,0.23722129312927875,0.2267347953623133,0.06625785145095027,0.3271355087848865,0.34455577315813624,0.13193613008489077,0.20419414246990297,0.34104872777021705,0.23654934347776851,0.38667866753554564,0.0031096402969617814,0.18404523994354322,0.1706071123304758,0.5359950245845143,0.04138801498959672,0.33344807703514323
0.1800378491730756,0.23283749290896374,0.1785770339069199,0.25358647737799006,0.32190578328542546,0.26314722389524703,0.13085633312607187,0.10908072111493901,0.21252169593313958,0.22073635428312646,0.2922663318499107,0.2623046948627908,0.10536827850988732,0.21479249237856674,0.9968295518400001,0.2072947569813218,0.20830520086896817,0.3621249116144792,-0.028621141144192862,0.26675249258965844,0.2552662080253926,0.19313896921924864,0.3540475717639025,0.22148445051089108,0.3481974349022661,0.26641780792294256,0.23841628837314915,0.2074385299246337,0.3667684368299415,0.2430775278380622,0.2229673736410878,0.15971759144549824,0.21991769767630776,0.31307386743218746,0.1952879437116997,0.19089047241890875,0.2607128327664762,0.14955145601433428,0.18940766624274694,0.17999688060469066,0.2763628361272424,0.24725413139924082,0.21921697189150388,0.022884723814855595,0.048026618067430284,0.28409381212457313,0.4392912740562303,0.055679391758403696,0.2869541002599928
0.21764965321703283,0.14478171309497812,0.15237868653904113,0.3857675578726351,0.26418435008492613,0.2358978883677216,0.17610058820799576,0.21668992379019966,0.13262607036124324,0.22539355132881936,0.2203862222359106,0.2679033865122039,0.18733916782954094,0.40875640939694574,0.2072947569813218,0.7255604189660285,0.2803607654261289,0.2344088092755021,0.03998216669621856,0.19460096087716872,0.2482917405253237,0.393369453028534,0.22360722320978998,0.1954944005885373,0.28047561100596663,0.20003835267956707,0.2328081624316115,0.2352312150283463,0.31764458518308836,0.06803584202667275,0.2043725506111105,0.19156151574177785,0.09895810155222731,0.26824941703186855,0.37709307105383266,0.12820180826705577,0.2828463633889302,0.31472306182486787,0.20142665811942564,0.2384849864907819,0.34667356435399305,0.26753077307270107,0.3944212993604831,0.036878758403644324,0.1776080417007174,0.16969593460395668,0.4877544917123362,0.01569719180182311,0.35605723088483143
0.16406060497503314,0.0034125073861052684,0.27726031456523126,0.23392997791949002,0.14375739607618127,0.2275390703797964,0.14902453342787597,0.3225334713244836,0.12184113431663687,0.204999700736794,0.2753678250558201,0.16989521296022922,0.19320933204179092,0.22133719754421666,0.20830520086896817,0.2803607654261289,0.9504832053381563,0.08557422603384701,0.09506806698659016,0.29501529290029527,0.3080578812446055,0.2090181859467585,0.19841424258378482,0.21974714257452344,0.27857874727392273,0.16127181491698364,0.2700266187769667,0.44379324394964587,0.21163072551471251,0.011187004009293584,0.18925758369513027,0.19535184033883427,0.20925293554809352,0.2689895010260341,0.4410891458738002,0.13131813337106424,0.5177616942752246,0.40120114905776516,0.22074919442998114,0.25809816840008015,0.4551362546176585,0.3478273232300661,0.3139554079668209,0.03387947116688177,0.36248144600208804,0.21194847289597663,0.6707405224730895,0.0637897509571459,0.10004280246853571
0.21638363226951796,0.5387978513833339,0.25996902742904765,0.3325371335374119,0.2926754773320827,0.2807380310964055,0.21758788998772055,0.2891394427424301,0.23827057840084295,0.3247430797883409,0.25512616751400385,0.19827007965049195,0.17668474817110294,0.18696140228301744,0.3621249116144792,0.2344088092755021,0.08557422603384701,1.0300903832021895,-0.13460751545631647,0.08124506923561979,0.2676359214496563,0.2605290704005974,0.7800650965818442,0.2337966239026693,0.4188851599098073,0.33045275203355634,0.16131024954448356,0.2004290829067289,0.4121628407520353,0.14925580799193117,0.32077451050894396,0.10563131203723748,0.29095946119006366,0.3283036778481044,0.15604316459602258,0.19590171219976618,0.41511732869849893,0.20955059893498906,0.20795237796014882,0.22063624814690502,0.28005515397151703,0.23221316270646264,0.3440147136043284,-0.018897016804535594,0.19875139046228635,0.32585857108501554,0.5870315816314895,0.0449023471177294,0.11378276227399978
-0.005661351123495267,0.14834588305885113,0.09613214822831698,-0.051567530435456796,-0.060993782295317794,0.02445477020957264,-0.05195450838286307,0.1692678933559945,-0.2620113728171228,0.057750499674921844,-0.013069949629358483,-0.0432448838662653,0.010072161266285561,9.998577613739917e-5,-0.028621141144192862,0.03998216669621856,0.09506806698659016,-0.13460751545631647,1.3281376787740684,-0.07632357095720281,0.08944916718737181,-0.039745504095311066,-0.46511918340255837,-0.007000321681972818,-0.03518530555221722,-0.2546756813984228,0.014011446176346594,0.13315050123678057,0.024554861909263342,0.07452906620381625,0.1933461250453207,0.019208974790453054,0.09853006484340278,-0.11310730290802767,0.09798691527400352,0.31973416006952715,0.1254124260376433,0.10084908094766301,0.18483351152381738,-0.03645326227011512,0.1682459072649976,0.05031294463479739,-0.16049481756562178,0.10486872151807423,0.1201712713570705,0.08355164275279978,-0.20619809499476335,0.05710720026187607,-0.039682149779408385
0.17049405948870808,0.14215676913622283,0.23100068277415864,0.29094565670631495,0.23158264324242706,0.31469963764525233,0.12353709937244699,0.3433054914099652,0.164271356285172,0.14353304733780295,0.24694871412175268,0.15926473477633704,0.15372551930109715,0.25862912962368867,0.26675249258965844,0.19460096087716872,0.29501529290029527,0.08124506923561979,-0.07632357095720281,1.2315796044128025,0.12555517026317123,0.1166732944926809,0.06997185412066734,0.20183988574939246,0.2341227450068878,0.2810593073383627,0.3341816603379055,0.22529409942298956,0.22088907509123665,0.1736152648391685,0.17493314468102666,0.23289335660860364,0.16292219775329894,0.35331723086634464,0.16578220167364494,0.005105315171237468,0.7387688406660853,0.4660701138756503,0.38837066458446967,0.2961076556895597,0.329763674005279,0.21017201823993162,0.43312007389233037,-0.020257430943677053,0.7260878825809214,-0.0023600588852882866,0.35589632834166124,0.11782404664617488,0.5545114231943029
0.19536597788954574,0.48686523767692624,0.21909445553157086,0.23587527227487196,0.18940117350023145,0.21781095718233015,0.152483401510741,0.1917936422309289,0.17168127078858975,0.16716976965462182,0.2166141923118362,0.15483437404809455,0.15672597319588105,0.22807956569677745,0.2552662080253926,0.2482917405253237,0.3080578812446055,0.2676359214496563,0.08944916718737181,0.12555517026317123,0.5774863363867605,0.2194485464077699,0.18509147454286715,0.15723498757587273,0.2679626012251323,0.2560936510257527,0.19083941241174857,0.24568299173815156,0.2691060836514533,0.057908593675606024,0.27939154187678544,0.19631137773233423,0.16224203443892848,0.24521472622688373,0.33016472247128803,0.25025618509144193,0.32642253452516545,0.38597124875396766,0.1501215354221628,0.25017199374404686,0.5126539922592127,0.462812380062121,0.3160870411502664,0.024398356847627225,0.34515721945232686,0.2227693059900462,0.5625611144807338,0.05406214810184283,0.08955520921830588
0.19796068942366432,0.15221966851879468,0.21361491888637604,0.2899166912779344,0.22635379773550424,0.23762205551694773,0.19674179212808496,0.14142393629520847,0.3584257603884174,0.15225341398685785,0.17836775484842,0.2308268003065975,0.1799058936394459,0.26328374162796503,0.19313896921924864,0.393369453028534,0.2090181859467585,0.2605290704005974,-0.039745504095311066,0.1166732944926809,0.2194485464077699,0.674398376399403,0.3033996987395098,0.20157050300666382,0.27324542165479127,0.2448748553313839,0.20513457229041632,0.1594300546843641,0.28930446028008894,0.11711594944068124,0.1810560384902131,0.23496419373920932,0.15544613687303152,0.2736927743579872,0.20719624320980545,0.1292489473048722,0.17433010547063427,0.31337045884363124,0.1664302195676672,0.17471153837497422,0.2416887252626658,0.22580920830049261,0.3849059312292043,0.06876509167362092,0.0327111286467853,0.23304221062931796,0.4338524784978076,-0.038466345441269305,0.3777173917452723
0.14272807020050843,0.04740097461810563,0.19342702435849238,0.35671445126256107,0.29024458380251933,0.26656540679875146,0.1850471516148077,0.20550254175280103,0.2950789930009316,0.2928132877154671,0.2416967957014999,0.2119314155056538,0.1691157255677887,0.23154698717586897,0.3540475717639025,0.22360722320978998,0.19841424258378482,0.7800650965818442,-0.46511918340255837,0.06997185412066734,0.18509147454286715,0.3033996987395098,1.9250133202221935,0.4800426262583661,0.5113246142349784,0.14311121741174787,0.14133695017037076,0.26903720089414296,0.4841481895310306,0.31531789713580005,-0.18675819380113665,0.20702425338770358,0.4524024926472666,0.5431775514727032,0.11956173800438831,0.009269083889869672,0.5641545701562862,0.11276930206570306,0.41514036952417016,0.3389077279933245,0.23378547298948313,0.2226497571382857,0.33898740930221155,-0.002282117603849788,0.10449558833421364,0.3078792039575799,0.9228907171520148,0.09623185401034891,0.46792095994830124
0.09400805499554422,0.01091332306870162,0.1759587206894327,0.2994484334366478,0.1872835574719637,0.1948601706900716,0.15672873134781584,0.1666848205681066,0.1844621186302245,0.1888358289203316,0.18676507201811074,0.17835050460632543,0.13991476972238032,0.1911813035492471,0.22148445051089108,0.1954944005885373,0.21974714257452344,0.2337966239026693,-0.007000321681972818,0.20183988574939246,0.15723498757587273,0.20157050300666382,0.4800426262583661,0.6782703337258503,0.3106752093721926,0.10448393161675273,0.19565541734217895,0.2708588215424046,0.23078486122368674,0.42729195480304094,0.23697081045166765,0.46996636816349274,0.38652001297539096,0.25393743813177166,0.15576447810254646,0.3282954729855425,0.2704904119925654,0.22727336065159723,0.22527733967794603,0.15170394683813282,0.23889001465909981,0.18397765699720686,0.14283820804161115,0.04718600980468603,0.06508534698242967,0.1796824108083262,0.46096436741966956,0.0392991910274341,0.2848720827931534
0.19167850057265973,0.3683567177747634,0.26568647592561073,0.33173113398787746,0.27885255654252905,0.3061258649616061,0.19515851652182079,0.2816274733283071,0.2125645020489823,0.24364500254732221,0.2835050811923956,0.332336044431026,0.18084746871182691,0.22540438937488205,0.3481974349022661,0.28047561100596663,0.27857874727392273,0.4188851599098073,-0.03518530555221722,0.2341227450068878,0.2679626012251323,0.27324542165479127,0.5113246142349784,0.3106752093721926,1.577762713495859,0.26649103959270454,0.27448338878012973,0.22054497758097458,0.6081097469595638,0.11298739823341414,0.32144801045007604,0.30086539013970287,0.14481933749561604,0.5086444636902036,0.3556621445972704,0.3347387702444585,0.2143305994440394,0.2870116088148844,0.28175186701785926,0.2335334751992268,0.33081522880453273,0.26839347024616056,0.28906911939804575,0.05825220428156842,0.1347094379023947,0.3111084784953324,0.5797068604298087,0.0008220465199990801,0.07749842603115352
0.2378505692382893,0.24450265489580908,0.15428541572555643,0.3311358828188216,0.33324183969283316,0.3106903904261039,0.2425020658034186,0.22712587518924762,0.34853756171232053,0.17240498138356578,0.2516755534898149,0.3100238752480397,0.17436670739597224,0.24156794408377533,0.26641780792294256,0.20003835267956707,0.16127181491698364,0.33045275203355634,-0.2546756813984228,0.2810593073383627,0.2560936510257527,0.2448748553313839,0.14311121741174787,0.10448393161675273,0.26649103959270454,1.5741794994933804,0.24865565988793562,0.04172056442513629,-0.13438692602173083,-0.18537472393901894,0.26108652013484207,0.2334809804888125,0.07223868156952412,0.31329025467498917,0.06039220686052841,-0.004672561932421072,-0.26012832196385727,0.2716426913659527,-0.28579426969881566,0.16299749943869996,0.02958182932300238,0.2297967593864224,0.444189865215161,-0.13422502457164762,-0.14688919898268513,0.013487644505513291,0.24678433639770095,0.03534138509072104,0.3906171230525478
0.15825140212299518,0.32355919889415613,0.17441623192535438,0.2343498580765886,0.20115725810016477,0.22831563975660651,0.16976552482298432,0.20724251376238392,0.16340079361732238,0.19597010567760562,0.2418948550359369,0.2888976351168817,0.1768445280394549,0.14236613805208856,0.23841628837314915,0.2328081624316115,0.2700266187769667,0.16131024954448356,0.014011446176346594,0.3341816603379055,0.19083941241174857,0.20513457229041632,0.14133695017037076,0.19565541734217895,0.27448338878012973,0.24865565988793562,0.7902883485916177,0.21702347971734456,0.20251700534235892,0.07135155501015805,0.2026541092820791,0.44629471079476923,0.16711482873522265,0.2493643512582957,0.22823635744838194,0.22905521273159068,0.22967562155985913,0.3450834123661099,0.19937025595936178,0.20094171601060132,0.2827589885510099,0.21728617857399277,0.3561780826536301,-0.010680487849519948,0.3040064474252502,0.00957031853827188,0.34233841641359725,0.036253123552578176,0.3231355429970859
0.13241381675454414,0.2226858314431529,0.2536363394774717,0.15768290592306086,0.07632734596483504,0.14059069667250804,0.09560907070789477,0.23345263142004702,0.08527889242122084,0.20472191742665719,0.19940912465283603,0.11248586548584265,0.15196040083511417,0.17948379489273722,0.2074385299246337,0.2352312150283463,0.44379324394964587,0.2004290829067289,0.13315050123678057,0.22529409942298956,0.24568299173815156,0.1594300546843641,0.26903720089414296,0.2708588215424046,0.22054497758097458,0.04172056442513629,0.21702347971734456,1.3916183990387037,0.14723969366407227,0.15482709171971942,0.21681948009150998,0.07910733091271598,0.6168814249075276,0.15152341935102842,0.855672424312893,0.1439857195918006,0.6282842089508505,0.21571828843473578,0.2179030850080818,0.2957977755431028,0.4780866422558565,0.28274983998841613,0.20826764586887364,0.1022190755380298,0.1926310136471695,0.26257728011479226,0.5284080755020896,0.1288818996655154,0.28792398573779
0.20078558994953413,0.8494843400319362,0.3630836654529882,0.315796990647774,0.2810773795098442,0.3862270661993037,0.14350711672545663,0.311376417602157,0.14301952209904503,0.2795502803741065,0.28420791342213225,0.2838500962108584,0.2091231352588,0.27901920499215344,0.3667684368299415,0.31764458518308836,0.21163072551471251,0.4121628407520353,0.024554861909263342,0.22088907509123665,0.2691060836514533,0.28930446028008894,0.4841481895310306,0.23078486122368674,0.6081097469595638,-0.13438692602173083,0.20251700534235892,0.14723969366407227,2.627124024225415,-0.16573418510455631,0.09919844335767647,0.29644355911518827,-0.09266963042405599,0.5644784827777378,0.5687008370583647,0.2371030887980438,-0.3643065076431032,-0.502637519121924,0.4325339603520399,0.294211388365055,0.5067878919073845,0.233583333868637,0.009177610226133625,-0.05475454280467491,-0.5610533715750037,0.7054224008310145,0.75686001938778,-0.052140078307556376,0.6254643176417735
0.05177162299051198,0.15013089773463575,0.0016912584802368648,0.09355208179774162,-0.11978853710562477,-0.16620861674194073,0.11004383179432164,-0.021455055248890385,0.1095726457192167,0.15156198250544872,0.061331203518801454,0.06614466844066108,0.06571979501583339,0.054020368375853854,0.2430775278380622,0.06803584202667275,0.011187004009293584,0.14925580799193117,0.07452906620381625,0.1736152648391685,0.057908593675606024,0.11711594944068124,0.31531789713580005,0.42729195480304094,0.11298739823341414,-0.18537472393901894,0.07135155501015805,0.15482709171971942,-0.16573418510455631,2.7725543289264754,0.22968782700550272,0.0708479820297149,0.5740059973897608,-0.18930145940003848,-0.09981913367642484,0.5417006665626141,0.643137037209043,0.32886896156848716,0.3741307355578425,0.07517851644389498,0.17975613267861987,0.0605270803540278,0.366450249937177,0.17052654857532776,0.5366018391816515,0.1488966270693851,0.32195326295963056,0.040780223489138255,0.6863247383788537
0.16824214864054068,0.3522085922267407,0.21090897452826532,0.23379261456433925,0.16750077331568192,0.1756849133882814,0.15499100339230865,0.19435183726869631,0.14937544816667842,0.1836246399828536,0.18942789460561058,0.15727992720382178,0.132927290745028,0.17425680608792624,0.2229673736410878,0.2043725506111105,0.18925758369513027,0.32077451050894396,0.1933461250453207,0.17493314468102666,0.27939154187678544,0.1810560384902131,-0.18675819380113665,0.23697081045166765,0.32144801045007604,0.26108652013484207,0.2026541092820791,0.21681948009150998,0.09919844335767647,0.22968782700550272,1.2246846927051243,0.18462582368423958,0.25067340220818873,0.09097817071822384,0.18348406562478928,0.6304217288450146,0.15307647581461833,0.3967236372395485,0.09183972208810738,0.10148207111888065,0.39251135814814647,0.24112736233359566,0.07759462504049887,0.03508277441450832,0.1968579869460221,0.20107193946296506,0.30562957826558756,0.010736267777748892,-0.17023145340832044
0.06582473255832806,-0.058141375564279604,0.0995827739883157,0.2793934035441774,0.33560618205058457,0.3398129527311906,0.12355863885672852,0.1475928795346137,0.18199738767866638,0.1301563852779995,0.18655203834583836,0.18148838447289453,0.12542322274031695,0.17437009748129406,0.15971759144549824,0.19156151574177785,0.19535184033883427,0.10563131203723748,0.019208974790453054,0.23289335660860364,0.19631137773233423,0.23496419373920932,0.20702425338770358,0.46996636816349274,0.30086539013970287,0.2334809804888125,0.44629471079476923,0.07910733091271598,0.29644355911518827,0.0708479820297149,0.18462582368423958,2.612803450224434,-0.06706597418833592,0.6816340590777467,0.22331451030839175,0.5452077262042928,-0.19954375677115643,0.5831027575801655,0.23675774152906306,0.14895990843410056,0.42990675384827054,0.23702124377075753,0.1480415636817395,0.054210092340730605,-0.048060075177937873,0.0698382677997309,0.6817446134681324,-0.0030606124974432267,0.13815378338084996
0.14718043181042503,0.2816039423939932,0.1394407489300557,0.2157301721012558,0.10812133034565945,0.06462644275211758,0.1472066862195708,0.15900298034980878,0.1537267596968287,0.18865944496004441,0.13098459574341118,0.11126374190055718,0.09476101125559454,0.1436640018196386,0.21991769767630776,0.09895810155222731,0.20925293554809352,0.29095946119006366,0.09853006484340278,0.16292219775329894,0.16224203443892848,0.15544613687303152,0.4524024926472666,0.38652001297539096,0.14481933749561604,0.07223868156952412,0.16711482873522265,0.6168814249075276,-0.09266963042405599,0.5740059973897608,0.25067340220818873,-0.06706597418833592,1.5144774061592314,-0.2132448411916886,-0.30398798993030657,0.043207010013974166,0.7484190924948412,0.11777586505423565,0.12161248631807171,0.036591338339329586,0.08347210811984468,0.17747961147053748,0.14981292726613835,0.08133336935254618,0.08906452607442954,0.07113917159517806,0.47307788076782104,0.0960911437726547,0.46749588971077966
-0.006583109659806265,0.05575750480173169,0.25534955818317384,0.3433804755597053,0.3230910360179352,0.38009957795094423,0.12186708414278198,0.28318611936686267,0.2233944317381731,0.23319660879444407,0.2558368098359333,0.23188589452813768,0.1786864547011713,0.23722129312927875,0.31307386743218746,0.26824941703186855,0.2689895010260341,0.3283036778481044,-0.11310730290802767,0.35331723086634464,0.24521472622688373,0.2736927743579872,0.5431775514727032,0.25393743813177166,0.5086444636902036,0.31329025467498917,0.2493643512582957,0.15152341935102842,0.5644784827777378,-0.18930145940003848,0.09097817071822384,0.6816340590777467,-0.2132448411916886,2.093096827069792,0.6123641413853506,-0.05985065092599397,0.563062309125154,0.2163168382244056,0.21421836757208215,0.07962992027547285,0.5518635528813174,0.2842151345278689,0.2204884977725982,0.18847835602423835,-0.3887080582846312,0.47326338694116465,0.8915310373008757,0.11194200511778818,0.544917412647601
0.1260022062733643,0.23356466095225298,0.34592118693167173,0.060741049808255884,0.023610508273294768,0.17598357408032916,0.027985819267499858,0.2452171619573678,0.041140359730568385,0.19400173780253804,0.23580936692821697,0.14277095678931934,0.19424377817878247,0.2267347953623133,0.1952879437116997,0.37709307105383266,0.4410891458738002,0.15604316459602258,0.09798691527400352,0.16578220167364494,0.33016472247128803,0.20719624320980545,0.11956173800438831,0.15576447810254646,0.3556621445972704,0.06039220686052841,0.22823635744838194,0.855672424312893,0.5687008370583647,-0.09981913367642484,0.18348406562478928,0.22331451030839175,-0.30398798993030657,0.6123641413853506,2.508553186587959,0.079723421087228,0.2635046937175362,0.07678748643188599,0.26036671330166083,0.6096910098835862,0.7485070774297268,0.40081995951359495,0.37764374251655913,0.22594923111189916,0.026293406961809734,0.6058540536804179,0.6485119110456549,0.14397145106207646,0.2220588025638438
0.07810822544279132,0.21511666260817447,0.2427063831043766,0.16777596864822536,0.022472100886010326,-0.009073432159261681,0.14863017583868152,0.010447355084797938,0.10123351961466451,0.1341975434216233,0.1393180835102996,0.07383001787216467,0.10464032802317756,0.06625785145095027,0.19089047241890875,0.12820180826705577,0.13131813337106424,0.19590171219976618,0.31973416006952715,0.005105315171237468,0.25025618509144193,0.1292489473048722,0.009269083889869672,0.3282954729855425,0.3347387702444585,-0.004672561932421072,0.22905521273159068,0.1439857195918006,0.2371030887980438,0.5417006665626141,0.6304217288450146,0.5452077262042928,0.043207010013974166,-0.05985065092599397,0.079723421087228,2.861511203740714,-0.22669845886197876,0.2635394413964499,0.2108423902878936,0.11870680513243154,0.44265192084762645,0.23428765884641953,-0.4972164138911954,-0.027309493886886332,0.2772097563491285,0.5701036908602705,-0.5161692730460761,-0.13212078521891088,-1.5595013150358725
0.22755013504933969,0.9298625063595455,0.4086319578182061,0.3044189722625516,0.10495292260763435,0.18439258150923513,0.11548219446358128,0.4111014498764867,0.1294932902974663,0.2896227257573429,0.19953582566321096,-0.02878062938153266,0.16435188798424377,0.3271355087848865,0.2607128327664762,0.2828463633889302,0.5177616942752246,0.41511732869849893,0.1254124260376433,0.7387688406660853,0.32642253452516545,0.17433010547063427,0.5641545701562862,0.2704904119925654,0.2143305994440394,-0.26012832196385727,0.22967562155985913,0.6282842089508505,-0.3643065076431032,0.643137037209043,0.15307647581461833,-0.19954375677115643,0.7484190924948412,0.563062309125154,0.2635046937175362,-0.22669845886197876,3.4865999573330453,1.1210471264149173,0.346577740292728,0.21640722439087298,0.8451681771098339,0.438360483615484,0.49932764605718727,0.06328638924528662,1.7302224668245256,0.6665509895883539,1.060827514827446,0.28201563588527157,-0.2639993976163618
0.28501571328487946,0.2390985639289669,0.3543562038181374,0.31167981785798127,0.1927417662301977,0.3185183235691131,0.145922664907534,0.31115250267296807,0.2298292242442108,0.18008115363969876,0.20780988370647124,0.1444771454481142,0.16870835078416785,0.34455577315813624,0.14955145601433428,0.31472306182486787,0.40120114905776516,0.20955059893498906,0.10084908094766301,0.4660701138756503,0.38597124875396766,0.31337045884363124,0.11276930206570306,0.22727336065159723,0.2870116088148844,0.2716426913659527,0.3450834123661099,0.21571828843473578,-0.502637519121924,0.32886896156848716,0.3967236372395485,0.5831027575801655,0.11777586505423565,0.2163168382244056,0.07678748643188599,0.2635394413964499,1.1210471264149173,3.0068033064165705,0.23153537911924563,0.3948765430736809,0.5177071564091439,0.41567940739308123,1.084803330651133,-0.07173008920605944,1.7167717803597429,0.04892799736551664,0.9603365031693485,0.09925115336583153,-0.08881660045764718
0.1371754360448944,0.10753874557816447,0.16978300748869504,0.21782574001585914,0.20260308596482893,0.24487160794726293,0.14732095267642106,0.3677890225623168,0.07085315953886766,0.19543160991986616,0.22705097143186062,0.16956435424248248,0.17521632905073706,0.13193613008489077,0.18940766624274694,0.20142665811942564,0.22074919442998114,0.20795237796014882,0.18483351152381738,0.38837066458446967,0.1501215354221628,0.1664302195676672,0.41514036952417016,0.22527733967794603,0.28175186701785926,-0.28579426969881566,0.19937025595936178,0.2179030850080818,0.4325339603520399,0.3741307355578425,0.09183972208810738,0.23675774152906306,0.12161248631807171,0.21421836757208215,0.26036671330166083,0.2108423902878936,0.346577740292728,0.23153537911924563,1.7070293414652566,0.3653828511881126,0.1669267908683496,0.1472303280853264,0.0090338802571111,0.2758625449942352,0.9564346332316691,-0.4140319862390908,0.40154623025760505,0.019177114927913182,0.9491362534538135
0.15590313952995621,0.16447493882715258,0.11735151684360691,0.18030823859602363,0.15975516028725398,0.19429955099878504,0.10027933588135106,0.20879409622322637,0.1113845939513386,0.1427202204682823,0.18605656679536536,0.14572219361926125,0.13962444245740208,0.20419414246990297,0.17999688060469066,0.2384849864907819,0.25809816840008015,0.22063624814690502,-0.03645326227011512,0.2961076556895597,0.25017199374404686,0.17471153837497422,0.3389077279933245,0.15170394683813282,0.2335334751992268,0.16299749943869996,0.20094171601060132,0.2957977755431028,0.294211388365055,0.07517851644389498,0.10148207111888065,0.14895990843410056,0.036591338339329586,0.07962992027547285,0.6096910098835862,0.11870680513243154,0.21640722439087298,0.3948765430736809,0.3653828511881126,0.8446813336256719,0.2725636364539245,0.2603056331919971,0.5330159390703123,-0.16175662571624885,0.6262519178806157,0.10114329195525085,0.49321811309573105,0.08702384625093729,0.448230229775869
0.20615660613555986,0.5219312151330184,0.3505107475852408,0.2512310281167465,0.13882662643206364,0.2061060684090479,0.09674701857331718,0.2850014253939092,0.10304569502540788,0.25796647973666437,0.22673012474818982,0.08297084763629821,0.19526361529483294,0.34104872777021705,0.2763628361272424,0.34667356435399305,0.4551362546176585,0.28005515397151703,0.1682459072649976,0.329763674005279,0.5126539922592127,0.2416887252626658,0.23378547298948313,0.23889001465909981,0.33081522880453273,0.02958182932300238,0.2827589885510099,0.4780866422558565,0.5067878919073845,0.17975613267861987,0.39251135814814647,0.42990675384827054,0.08347210811984468,0.5518635528813174,0.7485070774297268,0.44265192084762645,0.8451681771098339,0.5177071564091439,0.1669267908683496,0.2725636364539245,2.284511501517018,0.5123540200795581,0.06501185136472673,0.18083284288009346,0.1432726591964478,0.7283042349056559,0.9685031444291894,0.14185795424321526,0.6287551361975166
