0.7485970326811086,0.19839145129924135,0.29577267487871284,0.021225064194038946,0.030752864833488793,0.04103296974471729,0.17908880768063848,0.009351841294709645,0.10146410206220882,0.09041026318909164,0.042856843267975654,0.08832222760574773,0.04609315976925608,0.08587603417395794,0.05674087613955939,0.06904687534990592,0.07001626954119892,0.07356785063203852,0.044643328479309685,0.026821630872553032,0.07223189557569022,0.07985692099620079,0.026084650273388146,0.07210241622158266,0.10479465757709064,0.02548682830851086,0.05987453356779516,0.03614530613925617,0.0803143493908192,0.05637451802016325,0.1138853672477102,0.054704180182396846,0.12206032012063406,-0.019563697036946662,-0.02994391237896576,0.12266030565350369,0.09962366836425489,0.12522586085559437,-0.0012897943946565175,-0.0782087896484883,0.028009758018433993,0.060990018333491325,0.014407934766904829,0.016581044297014593,0.11247855103993619,0.17609194088757,0.08283963751294779,-0.13514202394657385,0.04830104773938746,-0.04818532377676082,0.003830514993451832,-0.04531588633719536,0.09278410758700315,-0.04776052714074474,0.1887568568571051,-0.01626462505820768,0.03633513476859877,0.24684664316353197,-0.42856744536581143
0.19839145129924135,2.634328363967639,1.0878867657706361,0.04722070515023511,-0.08278723691906593,0.08427051888803949,0.07996467002931647,0.39000328327054107,0.10991544853510299,0.39848495646770915,0.20671506872388828,0.19550943486426386,0.16031114075042352,0.1744221185730662,0.24906746114121292,0.1860423960617726,0.2686270792705659,0.4872481836342372,0.1522678615214704,0.4589578128768546,0.23358229695753768,0.15557941305162917,0.241193999959801,0.28966579675038473,0.4736090963107864,0.13490981161123466,0.26313138078833703,0.08756171011748853,0.4333585458644769,-0.09616968101680479,0.26251133280248473,0.36066980604984883,0.12803699789637255,0.4664255349711566,0.31448878934735086,0.574346243251715,0.6383493320092298,0.17098295086792956,0.3495706812340808,-0.2858896376444435,0.21362867603584174,0.2438828832403609,-0.3285005881882019,0.025630296682594925,0.07266249116995042,0.505367698554547,0.16780573757661527,-0.30695793569550345,-0.2384553801631992,0.21439942526634856,-0.053192906321585874,0.08886873355444679,-0.08874889200040689,-0.19984507461302767,-0.7977317140757078,-0.18626518968469014,0.07774140056916504,-0.2956078466851955,0.8715000455835092
0.29577267487871284,1.0878867657706361,2.0819123025746245,0.04526603801092371,-0.28283718509100914,0.09669792909856498,0.11581416770613075,0.5910802636686306,0.2754827072523705,0.3949820748136847,0.18386800312047935,0.22864592606340123,0.18671500743452576,0.16864286052173935,0.26281496313348407,0.19565783722869948,0.30197830367561945,0.384389958360663,0.17040045939096454,0.2498966378781482,0.22735426260188638,0.25915129926716424,0.30404870785828203,0.21991091761995332,0.48353700691043916,0.29006948613178457,0.19492371505665113,-0.009531287903925583,0.48137214047764537,-0.3421913445717846,0.22758868195269658,0.24537265305444475,0.24332760314949975,0.41781212491084485,0.1460592788356718,0.5734610028952501,0.7068760321982749,0.2866415411387434,0.23710168287259986,-0.7151673459240756,0.26267980288523174,0.2031064751856455,-0.3244146361643997,0.02934000188768014,0.1783469007623645,0.7240186689773898,0.27456832351035004,-0.3977039782106287,-0.41942376660598407,0.21963232485420303,-0.09685441612194372,0.22089426428769418,-0.018911220425344745,-0.3617930103162624,-0.24926192220619586,-0.043104970992677745,0.018038005899286683,-0.3733801287709133,0.430912927543771
0.021225064194038946,0.04722070515023511,0.04526603801092371,1.1142953401962965,0.38561094774753857,0.32865125670851825,0.2956344916781182,0.09361018857430688,0.17802197582900742,0.1413174569112277,0.2126259308036547,0.2298605153140435,0.13943824874523578,0.24102816072037841,0.144559552127561,0.1989452921889846,0.16888073914055662,0.08646218461553458,0.05725905200943972,0.1525362025987466,0.1302703677913147,0.1586420580570756,0.06285429595487703,0.10857083015526045,0.13165017195254683,0.19558397455562376,0.15184718360659652,0.1045374992284193,0.16989461670550685,0.026532556602716213,0.13486085721740607,0.17320384794898608,0.07140793221649505,0.21027120972642013,0.1408525310743181,0.1439101145318869,0.16098506366985718,0.13677230700901316,0.08193264151460501,0.15344016421539464,0.03397759238212976,0.1467313073902314,0.0462353725671079,0.09516231908859811,0.11530993580299262,0.09686115462166776,0.14533490973314822,-0.10771624691229394,0.0855329199219542,-0.12494077213383652,0.008144423075010636,-0.009297657431384984,0.045915345062892333,0.06441729263362894,-0.033570410424098904,0.051575237942232094,-0.11398717114439821,0.11931233594528176,-0.05285790363115809
0.030752864833488793,-0.08278723691906593,-0.28283718509100914,0.38561094774753857,1.163074191322196,0.5243413936497774,0.15671154014801839,0.016485103950841296,0.2532424388052694,0.16186031388857888,0.22150671390819673,0.21241227107695387,0.15215920971100597,0.1978105555118065,0.1810838571371147,0.19859728513911087,0.15144457017677676,0.07360694705863696,0.06820356314309273,0.1788517238608162,0.13919464858834635,0.16714827263566434,0.08175625988040787,0.15528852443350522,0.15542798668979949,0.21819590474145212,0.16388191279047093,0.05273276582576036,0.19944986554798927,0.10689265666306653,0.1537305818097265,0.24104167147029698,0.06828149620538358,0.28917492546284984,0.16772860316562843,0.14479941242832567,0.24881782776300732,0.15706414711228553,0.060036815665183436,0.33346263946868865,0.008679604506578946,0.17506013231261983,0.09089519767295079,0.06576644852944401,0.17606248543451258,0.0818458746746663,0.24644700327088132,-0.07172804801233838,0.23252611418715513,-0.3331643990979325,0.2699179879732025,-0.08090139532828185,0.26976000619358986,0.041530736668179094,-0.04148945529038893,0.028441445471902724,-0.0712706163804895,-0.03806813645653652,0.08815401195113971
0.04103296974471729,0.08427051888803949,0.09669792909856498,0.32865125670851825,0.5243413936497774,0.8467502012124947,0.1158451834805309,0.12112262175714157,0.2464879494822615,0.18479894614504289,0.26873338143891884,0.20974385641338303,0.14914103155780786,0.2161695188223165,0.16886551082697324,0.1974932010198387,0.22190621257302645,0.13162510337569241,0.10971922782531074,0.22208201560774601,0.14488522870476386,0.186306444561225,0.056424205404628024,0.09012878923985057,0.15002641407229278,0.30683402754027383,0.1656859683850759,0.12235651888430812,0.27174545985299625,-0.08729150246736879,0.1556166850239781,0.22337234583896926,-0.009773408278053891,0.29092706141610597,0.21251490326895867,0.09166633303895012,0.22561636141942007,0.15140182127166718,0.1676465966526421,0.1655640689018177,0.019748121871186238,0.16271222564631085,0.11260914260721659,0.04905131021003068,0.13527637606465898,0.06447013444242713,0.2763709308215497,-0.05970831829530724,0.22886353406418136,0.138539248558969,-0.2532651841959866,0.21954478868190586,-0.26657626066258167,0.07533254697058636,-0.0501130414962391,0.03771735549161181,-0.09741372898808526,0.0022684260359346863,0.06137693126665496
0.17908880768063848,0.07996467002931647,0.11581416770613075,0.2956344916781182,0.15671154014801839,0.1158451834805309,0.6611145387134518,0.051957216230252894,0.2492629900064182,0.15706622728563305,0.171689253135996,0.272590284272957,0.13943022783911047,0.18197698916992222,0.09901034650108233,0.19186299855774833,0.17986514387714592,0.10536775102296704,0.014000788254695716,0.08800876231908451,0.11934651638751796,0.18865485228377826,0.07791768375366753,0.09422927811941632,0.13725405803978258,0.17762331192052827,0.1463253184411079,0.0775007448708728,0.13586938032500115,0.05902229225699423,0.13451016739221971,0.12434209856029248,0.13782270631735266,0.13748975131517532,0.07356307676614667,0.2106732876916914,0.09767171348716588,0.11045597343991628,0.06296878893559725,0.07537607662238144,0.013735723387859215,0.13114242419675623,-0.0012975508641569957,0.04804091669183891,0.06874449529451979,0.15859398909768133,0.01568301237958106,-0.17242392753288907,0.21968271532362804,-0.17770845844619573,-0.011119194227678361,-0.030797036050154204,0.1083608366772482,-0.02271171126605562,0.07802830683777935,0.12771358210645992,-0.10075802983923796,0.2464982384827035,-0.46160533677608734
0.009351841294709645,0.39000328327054107,0.5910802636686306,0.09361018857430688,0.016485103950841296,0.12112262175714157,0.051957216230252894,1.0221000123559594,0.00011681381855654762,0.2753145082470723,0.30513481441775153,0.2642532307023667,0.2373543042729465,0.23218772594316914,0.24286180260553944,0.23931939742303293,0.2751614026253484,0.3318882496471292,0.196267012956372,0.2883223325932962,0.22377337399605682,0.14370740377169164,0.2747953279191837,0.13533236884208683,0.2669293272499061,0.29087663847704914,0.1822348906107636,-0.16550358392681067,0.43569615628462177,-0.06374591229517099,0.10922042000571201,0.05058319768497009,0.17836613771599547,0.33148821011865026,0.1892338447620378,0.20204812578619136,0.42685271780061457,0.157678018810022,0.37086212191050144,-0.06854458038782843,0.1848740311893982,0.19499114577405097,-0.002425161619244996,0.012883326699589302,0.05743903141058035,0.3306417634294177,0.46717438314913756,-0.09435804678158949,0.27627552810758466,0.2239754745030688,-0.10590804895236416,0.2238686375519027,-0.1220459543977172,-0.16957919742985533,-0.09504920444622528,-0.07661071361650616,-0.18090819250251763,0.557399404868164,-0.24085588619181458
0.10146410206220882,0.10991544853510299,0.2754827072523705,0.17802197582900742,0.2532424388052694,0.2464879494822615,0.2492629900064182,0.00011681381855654762,0.7265652430338654,0.08157674632707682,0.10722234305246477,0.1221775246776543,0.09605493546949978,0.17537338266873742,0.11889463973103598,0.1012395262627881,0.14971799360025637,0.10788148814454537,0.008634785016708304,0.09876837442840697,0.13269917052701355,0.28259789519658024,0.07631876148322261,0.1350779761557954,0.11558596310730149,0.3280035850134044,0.11434884708088504,0.11364744488370908,0.13577897764353072,-0.031043703277049868,0.2092981391098568,0.22506732126105566,0.1725645983965554,0.133252887394996,0.08601996697624903,0.20901458524137362,0.24390420124340356,0.1431993501653761,-0.012874429373719848,0.026244280167863614,-0.027290252447680647,0.14801484341231275,-0.019324048504108644,0.05076931403124003,0.15859861226697172,0.1719547428165203,0.09554426622477707,-0.1785908919832333,0.11514142566982223,-0.13917266476766751,0.05080669253516049,-0.02237150494515462,0.06268964153965116,-0.03548334636994904,-0.01162922847936866,0.09681977549074526,-0.010538146922488847,-0.1991698721384978,0.04412536420734566
0.09041026318909164,0.39848495646770915,0.3949820748136847,0.1413174569112277,0.16186031388857888,0.18479894614504289,0.15706622728563305,0.2753145082470723,0.08157674632707682,0.7396588606885828,0.24716064237600574,0.24986393925297223,0.15724808471096882,0.13517466268551215,0.2654761697129897,0.20154592797016588,0.2642484056479064,0.32062546087110505,0.10579662852561683,0.15060084548260436,0.14159813940696653,0.17796465862359925,0.28435641104479453,0.1534339760453365,0.3555390980008272,0.2252745615421533,0.16886466572209413,-0.021454830594053457,0.4327315521906366,-0.022210262484071347,0.14860270258275315,0.17282481761930243,0.05661751170312075,0.4329599449026281,0.32314938773904667,0.35480698501378694,0.3372755442838944,0.025324232343337253,0.25006978208554126,0.011730089706436589,0.177728052442832,0.16993191084672493,-0.17090965907917463,0.05376768416499202,-0.02524437064238232,0.3045468605218604,0.336617417595105,-0.226627563668703,0.0822784670179558,0.1294557260474222,0.007591901187018017,-0.06492878107131564,-0.07937442349557272,0.0070460783164069465,-0.19248389116208056,0.016009228825148672,0.10871876213460867,-0.4107278670086059,0.38803715253665394
0.042856843267975654,0.20671506872388828,0.18386800312047935,0.2126259308036547,0.22150671390819673,0.26873338143891884,0.171689253135996,0.30513481441775153,0.10722234305246477,0.24716064237600574,0.4620006638023583,0.2689573922228263,0.21317356829280604,0.1782000845712784,0.23499536005635646,0.21062741524022444,0.26218482557562967,0.201470260716878,0.10318890835132245,0.25429758024586907,0.18147545081286326,0.16419083336460313,0.1662223414879128,0.15703872480912331,0.256107768909569,0.20491742973779387,0.18622894091826256,-0.01882466800672381,0.3468599959450132,0.032520626482308336,0.1306048659383319,0.1642430247904632,0.129235662885539,0.3060425101362027,0.19854574163631247,0.23033136559436462,0.27370371429083024,0.1465564364487368,0.2355252922887404,0.12364882971410864,0.09672901025968714,0.19211663748208635,0.013608391780329564,0.03851979795932444,0.06374983417973344,0.23687107850562913,0.2950391479933781,-0.16745311716214328,0.15488798242435572,0.059932988653795274,-0.10547850406384407,-0.06339690020219974,0.07383260586319637,0.019913016042729346,-0.08009983829010797,-0.004606846214355086,-0.0631072293781703,0.11367861610872458,-0.017177092992010107
0.08832222760574773,0.19550943486426386,0.22864592606340123,0.2298605153140435,0.21241227107695387,0.20974385641338303,0.272590284272957,0.2642532307023667,0.1221775246776543,0.24986393925297223,0.2689573922228263,0.5480715416054749,0.19358454277836964,0.20072087389606072,0.19963334588195297,0.24215615735263285,0.22413039097044749,0.14459339588973597,0.06611224369335507,0.18029064908952436,0.15445363782316784,0.16192118962884594,0.14724895228120452,0.14113772946108016,0.2235461877977863,0.20576875197701247,0.22484302799831984,0.008618456615065285,0.23672124152919274,-0.008766832240114823,0.10281175764170787,0.17902900845352146,0.16088931373028248,0.2525825718431103,0.11301338144476718,0.24718920240659079,0.21214310372951234,0.15635264854307568,0.12801026952437924,0.10470993107495057,0.07264441123869386,0.1725773954733924,-0.022365595519945367,0.03656677048682794,0.02954129237846783,0.22679119033215323,0.2660478399720743,-0.18172591558730566,0.2969329355875747,-0.22971472904077533,-0.029422831912949192,0.02980017987536644,0.12444975910452802,-0.009289310779310106,-0.06113914846385085,0.04281731821539238,-0.09275754784397994,0.177834855565443,-0.18503744212311155
0.04609315976925608,0.16031114075042352,0.18671500743452576,0.13943824874523578,0.15215920971100597,0.14914103155780786,0.13943022783911047,0.2373543042729465,0.09605493546949978,0.15724808471096882,0.21317356829280604,0.19358454277836964,0.3457298191998056,0.1428554874589281,0.1258524730554278,0.16352946288260106,0.15666968661112188,0.1589036520313037,0.0875494127231876,0.16549705114308005,0.13566365048941567,0.15495508674565206,0.14934990588231253,0.151604537739659,0.2400349245310002,0.22008243885710055,0.1584846997914586,-0.02836194678941787,0.3230505886798267,0.041189713924364324,0.08814883784525147,0.13449264125111493,0.1369697639175382,0.24236922179333775,0.18590619025929053,0.1985797905303215,0.2442788967508527,0.0833896115904125,0.18426765832488026,0.05010016636261971,0.08456575899225997,0.14900881799918084,0.002192451139672723,0.03755706129746683,0.001306681107982362,0.21859078147425998,0.22844039514469555,-0.14271256988261638,0.22892234155804253,0.05795996953605385,-0.07179422804865385,-0.017319547466916965,0.06334704668553898,-0.05162451025826324,-0.035653530327094916,-0.011109937073518065,-0.020528998889742904,-0.030425103361714705,0.052055946903982915
0.08587603417395794,0.1744221185730662,0.16864286052173935,0.24102816072037841,0.1978105555118065,0.2161695188223165,0.18197698916992222,0.23218772594316914,0.17537338266873742,0.13517466268551215,0.1782000845712784,0.20072087389606072,0.1428554874589281,0.507121067221832,0.20980097429416764,0.24036168489721618,0.17520935366546506,0.1313148911864454,0.07511228065905333,0.22532716140551978,0.17418754713276507,0.16051491547656596,0.08666639008412648,0.15350728310743564,0.13442260519930752,0.25275774793901007,0.17020950562421888,0.10758597501212601,0.24270374536791145,0.05623854814798673,0.17216721370307994,0.18850923414084064,0.11753712576890049,0.20869653395759064,0.1591452821358995,0.18624147967395296,0.3015875612247374,0.14775193696224445,0.09252579752362705,0.07751886489416696,0.13279813078511127,0.1860380718004669,0.08774292963414342,0.05106805061674188,0.11307826673490971,0.12989124030021643,0.27890460279259144,-0.07912857666893552,0.39009751179286206,0.043169623784488693,-0.027751003494738666,0.0641416105590564,-0.09757417951058976,-0.00041674880980632366,-0.10429588868785568,-0.0032930554526744834,-0.16470419560066824,0.3058109871501775,-0.025367559565714605
0.05674087613955939,0.24906746114121292,0.26281496313348407,0.144559552127561,0.1810838571371147,0.16886551082697324,0.09901034650108233,0.24286180260553944,0.11889463973103598,0.2654761697129897,0.23499536005635646,0.19963334588195297,0.1258524730554278,0.20980097429416764,0.5957026161747311,0.14899579427409826,0.17380895304876845,0.2390603118944143,0.12170739859995751,0.25384263244889876,0.19783486343404702,0.11290644887697321,0.21164120375504034,0.19660135655635957,0.28038964065976035,0.176789312994222,0.1616945515385149,0.06076170699662283,0.30347843877156505,0.1433349871816929,0.14872560855330108,0.19784299201829006,0.15841094278430534,0.2855134736086344,0.15345599842354443,0.32116026171979883,0.3701978347716696,0.16044775978354556,0.2362527070767061,0.020004369903827743,0.20502766890416702,0.19828396230270265,0.089383901410957,0.05123917520443372,0.08902217851722896,0.2772173018178466,0.25568940584040745,-0.1361123412853472,0.1491531690238003,0.11532848706638868,-0.10256652709127058,0.15533695957065188,-0.07876321414300921,-0.10327384440059649,-0.09441627239876915,0.013706669214854781,-0.09568767950600564,0.01755369566063301,0.11767984047707247
0.06904687534990592,0.1860423960617726,0.19565783722869948,0.1989452921889846,0.19859728513911087,0.1974932010198387,0.19186299855774833,0.23931939742303293,0.1012395262627881,0.20154592797016588,0.21062741524022444,0.24215615735263285,0.16352946288260106,0.24036168489721618,0.14899579427409826,0.5335125734272392,0.2299054732550186,0.17021033702833271,0.149586676407219,0.1658145624173715,0.1794657856835155,0.27101112993541643,0.1268191780808223,0.1369346632711268,0.18187139302929878,0.24844322508822098,0.2052452995927998,0.05249625890369103,0.31331820780489517,0.05285172664325855,0.14923877910333636,0.15124586372897453,0.11427797023351756,0.2570062401768986,0.21643933442931068,0.21619432514798553,0.2764605865165965,0.1600964914270646,0.1848855463820583,0.1542603978109949,0.10685694824529224,0.20778102847284682,0.11229841020869065,0.04950762542924379,0.14061759436033944,0.17510411421951302,0.2888250252017035,-0.12486556367745781,0.2264582949195191,-0.09013873436778168,-0.040820805372359534,0.009187647526320652,0.0591887600659735,-0.006444198696456442,-0.036863313567868254,0.01622134747687274,-0.10063790539133095,0.07219185896927607,0.03772047732615198
0.07001626954119892,0.2686270792705659,0.30197830367561945,0.16888073914055662,0.15144457017677676,0.22190621257302645,0.17986514387714592,0.2751614026253484,0.14971799360025637,0.2642484056479064,0.26218482557562967,0.22413039097044749,0.15666968661112188,0.17520935366546506,0.17380895304876845,0.2299054732550186,0.5055458246885226,0.17102484328424233,0.17844058547115,0.2571808880558882,0.19716054536298067,0.23623083055414315,0.15379677464179653,0.20173880558373736,0.2654126995878124,0.10274686967260001,0.18488599869207095,0.04260844268200866,0.2733036632069884,0.06974985905180763,0.18662200226488967,0.1906613271918372,0.2328541666955685,0.2557611523404303,0.12643126963600912,0.25875753833570014,0.3895300962835065,0.24566606262828886,0.19867581049490046,0.07568114976365156,0.1495823007499802,0.20286459755612676,0.05871978711612331,0.05541291594916313,0.13384326126212,0.2815590109634561,0.3206881267397998,-0.16979058507692904,0.11184889560168955,0.14659221851912707,-0.04313057578162847,-0.04111957728948294,-0.02292251488833976,-0.03894326894183883,-0.07588950668512717,-0.020991529881309652,-0.022327509617386686,0.05014667422645972,0.020362675441306752
0.07356785063203852,0.4872481836342372,0.384389958360663,0.08646218461553458,0.07360694705863696,0.13162510337569241,0.10536775102296704,0.3318882496471292,0.10788148814454537,0.32062546087110505,0.201470260716878,0.14459339588973597,0.1589036520313037,0.1313148911864454,0.2390603118944143,0.17021033702833271,0.17102484328424233,0.6558183214609101,0.12754041169527522,0.1724147191221549,0.23527285288336391,0.17276594148750188,0.39892007757618364,0.17590763386646893,0.3586282076435047,0.3530877627697164,0.11312449132653425,-0.01878331236571836,0.4103987061572896,0.03295876821305995,0.2383809882463279,0.10323914668930269,0.17662610298659917,0.3252342350245495,0.2193124705600277,0.33485912147538366,0.41585566637793425,0.1374635187616893,0.28769146171485466,0.053460099866304386,0.1172726216537079,0.22496769298815755,0.1667980062539505,0.0652515420226124,0.23539999109527082,0.3028231749318685,0.3265912379035785,-0.1515537887016697,0.1628922022141746,0.3118035737441745,0.08943462322137112,0.1365994164522246,-0.4265862148583364,-0.13549102266364424,-0.09282165745792748,-0.046758231149798206,0.02195197242061585,0.18511803350165734,-0.13092007821397414
0.044643328479309685,0.1522678615214704,0.17040045939096454,0.05725905200943972,0.06820356314309273,0.10971922782531074,0.014000788254695716,0.196267012956372,0.008634785016708304,0.10579662852561683,0.10318890835132245,0.06611224369335507,0.0875494127231876,0.07511228065905333,0.12170739859995751,0.149586676407219,0.17844058547115,0.12754041169527522,1.1117535032501842,0.09257833607001122,0.23549260572592765,0.1803556005597629,-0.16030467110897842,0.18674617533163013,0.03654865662793272,-0.029455684699251306,0.07408436441852559,0.3062964845612199,-0.07932985650510764,0.3370406237407593,0.23093648668259373,0.07433481869597314,0.39727869325144066,-0.08592753224825374,-0.0879775842460639,0.2184685332887337,0.3501406474641478,0.41254398141398213,0.4155540779674686,0.03813276781310773,0.31452966002122906,0.1768103646710759,0.30236410718311507,0.04508131726606107,0.30089954737614555,0.2288544938781729,-0.0033597089932387164,0.09774064454578052,-0.2553254290650407,0.40017505209052556,-0.0903361089945688,0.11361500015646155,-0.16065884821447685,-0.17145649223357443,-0.09325654913189856,-0.03785071433220406,0.005212989896742356,0.24780182178236923,-0.1275641248550443
0.026821630872553032,0.4589578128768546,0.2498966378781482,0.1525362025987466,0.1788517238608162,0.22208201560774601,0.08800876231908451,0.2883223325932962,0.09876837442840697,0.15060084548260436,0.25429758024586907,0.18029064908952436,0.16549705114308005,0.22532716140551978,0.25384263244889876,0.1658145624173715,0.2571808880558882,0.1724147191221549,0.09257833607001122,0.8964792852434554,0.18194960299459856,0.0823755405426729,0.17967439009929245,0.27906958099537627,0.42845604451062186,0.20299256583252276,0.29045016951821434,0.010184937030602626,0.44946175062639954,0.20122552936208338,0.13681962468581405,0.35042873950361986,0.05295079646285748,0.47952624411020545,0.25201777190570807,0.3337273823603122,0.5814427450346648,0.318969520737615,0.5547826716616496,0.11046735792195791,0.11713774838038582,0.2536422169170021,0.11577466808624418,0.040041886679680075,0.2609006026003027,0.2903082102108122,0.2892042423708446,-0.08377588974842154,0.4006296294642988,0.10481511663947095,-0.2274555215879523,0.08387535796341901,0.15294117541390775,-0.1110187423730233,-0.18646404922982443,-0.04861950902960335,-0.04992719221959329,0.13135800863392183,0.07991315696560043
0.07223189557569022,0.23358229695753768,0.22735426260188638,0.1302703677913147,0.13919464858834635,0.14488522870476386,0.11934651638751796,0.22377337399605682,0.13269917052701355,0.14159813940696653,0.18147545081286326,0.15445363782316784,0.13566365048941567,0.17418754713276507,0.19783486343404702,0.1794657856835155,0.19716054536298067,0.23527285288336391,0.23549260572592765,0.18194960299459856,0.4496294100324741,0.1695249946538107,0.19287118427234895,0.2266789988486812,0.2244710005223972,0.13155355511221473,0.1278493378658415,0.09402747328480776,0.2150727634654676,0.23381200318595383,0.22561383250748393,0.12101721948911302,0.3809889334193022,0.12954799444956022,0.0397625910388895,0.35374274033754627,0.43882571258076614,0.41935715864981415,0.1917381997948008,0.1774814692632161,0.19911916076365604,0.3494693913713823,0.34655863815752425,0.0707305088946627,0.43639294720812516,0.3007014374320984,0.2827629451791167,-0.18497166876831772,0.013872586110690604,0.10101170008579266,-0.019997236393963846,0.04836180202787667,-0.012947678340983154,-0.0876486913802256,-0.05491392072057683,-0.03847643431418548,-0.08361558023906143,0.20899256005463934,-0.08179776430130882
0.07985692099620079,0.15557941305162917,0.25915129926716424,0.1586420580570756,0.16714827263566434,0.186306444561225,0.18865485228377826,0.14370740377169164,0.28259789519658024,0.17796465862359925,0.16419083336460313,0.16192118962884594,0.15495508674565206,0.16051491547656596,0.11290644887697321,0.27101112993541643,0.23623083055414315,0.17276594148750188,0.1803556005597629,0.0823755405426729,0.1695249946538107,0.6777877020685869,0.144944950361368,0.15441226987602485,0.1578661543806082,0.24018822981624813,0.15818412369841084,0.028580115489233827,0.19257934093008738,-0.015723685688004654,0.20528580161832585,0.27769981004703287,0.14082101151076326,0.23939617057810955,0.09435833734409345,0.21240136860117861,0.17382685511762686,0.22591543925110028,0.2375054578432615,0.09799919551165441,0.09490068823200166,0.17259214881622018,0.03878415400541963,0.07412720397381992,0.08222437730084585,0.211821398999641,0.21769925540196788,-0.14096017370456917,0.06522442637963462,0.0034123360322904223,-0.03884632734261176,-0.11652108907804752,0.08582437294341765,-0.04476575292023085,-0.01015836252186655,0.051665694577691434,-0.027301046395835717,-0.05655919596349484,0.008322219719729691
0.026084650273388146,0.241193999959801,0.30404870785828203,0.06285429595487703,0.08175625988040787,0.056424205404628024,0.07791768375366753,0.2747953279191837,0.07631876148322261,0.28435641104479453,0.1662223414879128,0.14724895228120452,0.14934990588231253,0.08666639008412648,0.21164120375504034,0.1268191780808223,0.15379677464179653,0.39892007757618364,-0.16030467110897842,0.17967439009929245,0.19287118427234895,0.144944950361368,1.1880858857065775,0.3172805141196387,0.718815662997722,0.03823338118891671,0.08526157308649751,-0.7053704501084322,0.6613900355774882,0.32271239459645285,-0.15271051422809798,-0.020710507153942456,0.3492270379524431,0.4549472955345454,0.15893561872648646,0.6094936932976505,0.4254281129317324,0.095756497175928,0.4955515845903698,-0.04975678681797225,0.37642085594745633,0.17467830214022176,-0.013232686846043515,0.1265089627592864,-0.3144370103293608,0.5125395853324957,0.3689851475484494,-0.26717160933749495,0.23702710469985805,0.1638325991178208,-0.17055896800865528,-0.07276214756944849,0.2408737959675984,-0.1613465731294974,-0.11879664503400178,-0.07915798986341663,0.0018907534035686945,-0.3414224094676046,0.43104743432296044
0.07210241622158266,0.28966579675038473,0.21991091761995332,0.10857083015526045,0.15528852443350522,0.09012878923985057,0.09422927811941632,0.13533236884208683,0.1350779761557954,0.1534339760453365,0.15703872480912331,0.14113772946108016,0.151604537739659,0.15350728310743564,0.19660135655635957,0.1369346632711268,0.20173880558373736,0.17590763386646893,0.18674617533163013,0.27906958099537627,0.2266789988486812,0.15441226987602485,0.3172805141196387,0.9036958144157432,0.3860032844966949,-0.21774745601703574,0.23109043976676236,-0.006633457849794541,0.062007827046046196,0.5866221754163552,0.2896859147074228,0.7213587531995959,0.7516011701911793,0.16017175415429025,-0.048553127300749364,0.5235704276861199,0.5916669410872437,0.4300013733533335,-0.041271556655605314,-0.04105291818867667,0.29805204732432505,0.26453066344576087,0.04008631073403041,0.09858052357613258,-0.06489458719257712,0.5408770556850581,0.323271630657189,-0.37684542154722034,0.30588024075638925,-0.04934860649794115,-0.08172972001259497,-0.08317405829994623,0.4131417585735736,-0.13972129991887433,-0.2254787835986098,-0.1923504962916832,0.16549385619874604,0.002491455905308673,0.06905592616398812
0.10479465757709064,0.4736090963107864,0.48353700691043916,0.13165017195254683,0.15542798668979949,0.15002641407229278,0.13725405803978258,0.2669293272499061,0.11558596310730149,0.3555390980008272,0.256107768909569,0.2235461877977863,0.2400349245310002,0.13442260519930752,0.28038964065976035,0.18187139302929878,0.2654126995878124,0.3586282076435047,0.03654865662793272,0.42845604451062186,0.2244710005223972,0.1578661543806082,0.718815662997722,0.3860032844966949,2.527455788445595,0.31614405120621925,0.2638607915664018,-0.2782840919306545,1.2797865171333869,0.5947272127921919,-0.2431550358018698,0.26700532167267993,0.13057983683385663,0.9255938534976412,0.372162276594528,0.8962715435018923,0.6476736789171669,0.5150111249255875,0.5911126553243837,0.026651102879485276,0.41668846913339075,0.3066014528608431,0.2491012949518548,0.09737528739386389,0.12643299175514255,0.8941260949563017,0.4781684517859663,-0.7867499979638832,-0.3333476056377302,-0.13825908099904466,-0.23475847978324138,-0.18686866622981435,0.6139827969702985,-0.1484595531551548,-0.21550104799630818,0.08173797434592556,0.013368430519358963,-0.36636928063253066,0.32559871351721686
0.02548682830851086,0.13490981161123466,0.29006948613178457,0.19558397455562376,0.21819590474145212,0.30683402754027383,0.17762331192052827,0.29087663847704914,0.3280035850134044,0.2252745615421533,0.20491742973779387,0.20576875197701247,0.22008243885710055,0.25275774793901007,0.176789312994222,0.24844322508822098,0.10274686967260001,0.3530877627697164,-0.029455684699251306,0.20299256583252276,0.13155355511221473,0.24018822981624813,0.03823338118891671,-0.21774745601703574,0.31614405120621925,1.8305545860357353,0.1571286757361378,0.2596395078801488,0.8247595970839036,-0.6264649893332361,0.14556062781392115,0.008842807187882074,-0.25334521153723377,0.5239797189653886,0.48001718660720555,0.12274185056362247,0.2516227188175321,-0.18344561300411508,0.13748816564746175,0.2733765256632126,-0.371746525451584,0.23138050262322427,-0.02675778659168409,-0.0013980186738193597,0.48243151731025335,-0.06428582189936226,0.2625679010509569,-0.09808321031756163,0.7121689062041018,0.1736523434080417,0.12847050046657285,0.17766660885853028,-0.6961997983019087,0.03608825330993747,0.03045405802415165,0.11938170961260854,-0.0839352302024059,-0.03753902363847491,-0.001269362555031124
0.05987453356779516,0.26313138078833703,0.19492371505665113,0.15184718360659652,0.16388191279047093,0.1656859683850759,0.1463253184411079,0.1822348906107636,0.11434884708088504,0.16886466572209413,0.18622894091826256,0.22484302799831984,0.1584846997914586,0.17020950562421888,0.1616945515385149,0.2052452995927998,0.18488599869207095,0.11312449132653425,0.07408436441852559,0.29045016951821434,0.1278493378658415,0.15818412369841084,0.08526157308649751,0.23109043976676236,0.2638607915664018,0.1571286757361378,0.4321575232756668,0.08943678534346843,0.20833416740182703,0.07670230141667735,0.16927731927528492,0.49151932077225596,0.0629915957022051,0.2700063692025434,0.12126230102554277,0.26901922777579557,0.29020953133399613,0.19286948267276127,0.14459148903721394,0.09436006018491062,0.13928610192530816,0.17563779638031715,0.037281082519966556,0.04237798826025307,0.08088204168433127,0.24804772586675977,0.2568613187688142,-0.14789776526624882,0.3105199166813043,-0.05544318117835626,-0.08508449142975352,0.05211313649734547,0.1311705936865882,-0.03736108449426602,-0.10328187839554909,0.036938764977197565,-0.026222585818241974,0.1708426681008297,-0.15073796977062512
0.03614530613925617,0.08756171011748853,-0.009531287903925583,0.1045374992284193,0.05273276582576036,0.12235651888430812,0.0775007448708728,-0.16550358392681067,0.11364744488370908,-0.021454830594053457,-0.01882466800672381,0.008618456615065285,-0.02836194678941787,0.10758597501212601,0.06076170699662283,0.05249625890369103,0.04260844268200866,-0.01878331236571836,0.3062964845612199,0.010184937030602626,0.09402747328480776,0.028580115489233827,-0.7053704501084322,-0.006633457849794541,-0.2782840919306545,0.2596395078801488,0.08943678534346843,1.9352169899364358,-0.41235706805399747,0.06508310797476013,0.34478529030240834,0.276444509661143,-0.08461469708744625,-0.17879733936318937,-0.2016575673273246,0.48834199959831787,0.06753429896766269,0.32744928507341997,-0.2859493580326413,0.22113865648625394,-0.12571740604627352,0.13729142769796174,0.4936681105977268,0.2448310163264097,0.8312772789007351,-0.292239202706556,-0.29746284842010373,-0.0398934738592317,-0.15353460783752912,-0.22699546091512973,0.3128520239211318,0.660071894565439,-0.9453286554419085,0.12073497313246452,-0.1299816205249329,0.0897274832057112,0.02011244116057019,0.05035336347251772,-0.10069884124912797
0.0803143493908192,0.4333585458644769,0.48137214047764537,0.16989461670550685,0.19944986554798927,0.27174545985299625,0.13586938032500115,0.43569615628462177,0.13577897764353072,0.4327315521906366,0.3468599959450132,0.23672124152919274,0.3230505886798267,0.24270374536791145,0.30347843877156505,0.31331820780489517,0.2733036632069884,0.4103987061572896,-0.07932985650510764,0.44946175062639954,0.2150727634654676,0.19257934093008738,0.6613900355774882,0.062007827046046196,1.2797865171333869,0.8247595970839036,0.20833416740182703,-0.41235706805399747,2.7474436932285577,0.08318052461491297,-0.3788171360860629,-0.06168783708432266,-0.15344507522727313,1.0725399248415548,0.525089348381345,0.5923445415430754,0.6978181721630317,-0.27561919391837664,0.46768291663894157,-0.020375324986255966,0.05087973374701075,0.26501902419343043,-0.08780003373886855,-0.08451171077218282,0.10885448345068287,0.5349737544536013,0.7767610706634149,-0.5419163015749571,0.9544344638636743,0.10497340243849877,-0.11026492599468397,-0.01988537352284399,-0.02883619809024321,-0.03107733745148304,-0.008082049195605503,0.018200963656178723,-0.16844442311393976,-0.20795115715313706,0.43931917674044774
0.05637451802016325,-0.09616968101680479,-0.3421913445717846,0.026532556602716213,0.10689265666306653,-0.08729150246736879,0.05902229225699423,-0.06374591229517099,-0.031043703277049868,-0.022210262484071347,0.032520626482308336,-0.008766832240114823,0.041189713924364324,0.05623854814798673,0.1433349871816929,0.05285172664325855,0.06974985905180763,0.03295876821305995,0.3370406237407593,0.20122552936208338,0.23381200318595383,-0.015723685688004654,0.32271239459645285,0.5866221754163552,0.5947272127921919,-0.6264649893332361,0.07670230141667735,0.06508310797476013,0.08318052461491297,2.8417622626395764,-0.09725863302038774,-0.011051827273114255,0.5333409179845834,-0.4011251584978421,0.1738928608793535,0.7445022391976718,0.8035761010012104,0.9024835547279649,0.14485232330753495,-0.4072324808822881,0.9073365001797015,0.20743478269961155,1.6539279754000094,0.1755676589528776,0.8054116647011167,0.5551741560208768,0.20216088028932833,-0.29664844187942974,-0.1060752650743458,-0.14306203672864104,-0.24181162884915106,-0.4425750729496809,0.8937290836264827,-0.14495680979120582,0.02878492121962199,-0.141287571251778,0.06686791517194442,0.4551167308882957,-0.4471291162417382
0.1138853672477102,0.26251133280248473,0.22758868195269658,0.13486085721740607,0.1537305818097265,0.1556166850239781,0.13451016739221971,0.10922042000571201,0.2092981391098568,0.14860270258275315,0.1306048659383319,0.10281175764170787,0.08814883784525147,0.17216721370307994,0.14872560855330108,0.14923877910333636,0.18662200226488967,0.2383809882463279,0.23093648668259373,0.13681962468581405,0.22561383250748393,0.20528580161832585,-0.15271051422809798,0.2896859147074228,-0.2431550358018698,0.14556062781392115,0.16927731927528492,0.34478529030240834,-0.3788171360860629,-0.09725863302038774,1.4994832481395564,0.5684864756754031,0.2885992333444625,-0.001282116221374559,0.3608066826774267,0.1453982894973512,0.35969368141935115,0.06269807532689597,-0.1330772269770688,0.10255608549774063,-0.2501082305248667,0.24232597573797096,-0.2831407757265771,0.07113506266820467,0.3746320454571216,0.15452447023650062,0.24705130864751748,-0.11975645122504264,-0.13282391850314662,0.05502341685691409,0.22400958041815247,0.055138606675590104,-0.2580199444754034,-0.048706661561423094,-0.016971792533332634,0.030253113998900044,0.13222233905538755,0.39056223720826166,-0.5524429674270428
0.054704180182396846,0.36066980604984883,0.24537265305444475,0.17320384794898608,0.24104167147029698,0.22337234583896926,0.12434209856029248,0.05058319768497009,0.22506732126105566,0.17282481761930243,0.1642430247904632,0.17902900845352146,0.13449264125111493,0.18850923414084064,0.19784299201829006,0.15124586372897453,0.1906613271918372,0.10323914668930269,0.07433481869597314,0.35042873950361986,0.12101721948911302,0.27769981004703287,-0.020710507153942456,0.7213587531995959,0.26700532167267993,0.008842807187882074,0.49151932077225596,0.276444509661143,-0.06168783708432266,-0.011051827273114255,0.5684864756754031,2.278378027847374,-0.11487325366172693,0.4216656215391234,-0.1270974291621313,0.441021931176064,0.27183930906472037,0.14152872155575935,-0.13644972206745712,0.0008691110305384772,0.3684725622514599,0.2177154327956829,-0.36002395953287775,0.054574569998119646,-0.18757683810678027,0.3359588763262554,0.3748378023625941,-0.1562308734673055,0.4176231567756163,-0.09905200547568051,-0.006055220493850978,0.09098645837538898,0.2317000521710636,-0.05872958335880713,-0.46989533715832166,0.14080042079802635,0.10267924373662404,0.048879269248347096,-0.14187589600680423
0.12206032012063406,0.12803699789637255,0.24332760314949975,0.07140793221649505,0.06828149620538358,-0.009773408278053891,0.13782270631735266,0.17836613771599547,0.1725645983965554,0.05661751170312075,0.129235662885539,0.16088931373028248,0.1369697639175382,0.11753712576890049,0.15841094278430534,0.11427797023351756,0.2328541666955685,0.17662610298659917,0.39727869325144066,0.05295079646285748,0.3809889334193022,0.14082101151076326,0.3492270379524431,0.7516011701911793,0.13057983683385663,-0.25334521153723377,0.0629915957022051,-0.08461469708744625,-0.15344507522727313,0.5333409179845834,0.2885992333444625,-0.11487325366172693,2.345517211003666,-0.46086624445332075,-0.7240765585349886,0.33315262968981746,0.8533780038822286,0.842422689526651,-0.42270250199789383,0.13840579791393648,-0.13985764044271082,0.35517924636601744,0.2647036844079417,0.11312935122380359,-0.04582904497521035,0.7167205194540606,0.247775263402288,-0.6312342519014039,0.20896766821015664,0.03169929995768212,-0.019581540162587403,-0.06512597878273316,0.28114613390872156,-0.23333239464365368,0.02810568368319778,-0.16467793560813043,0.09451404783833037,0.27334145305375335,-0.31496821516816825
-0.019563697036946662,0.4664255349711566,0.41781212491084485,0.21027120972642013,0.28917492546284984,0.29092706141610597,0.13748975131517532,0.33148821011865026,0.133252887394996,0.4329599449026281,0.3060425101362027,0.2525825718431103,0.24236922179333775,0.20869653395759064,0.2855134736086344,0.2570062401768986,0.2557611523404303,0.3252342350245495,-0.08592753224825374,0.47952624411020545,0.12954799444956022,0.23939617057810955,0.4549472955345454,0.16017175415429025,0.9255938534976412,0.5239797189653886,0.2700063692025434,-0.17879733936318937,1.0725399248415548,-0.4011251584978421,-0.001282116221374559,0.4216656215391234,-0.46086624445332075,2.009972510582302,0.7472271388418289,0.4598236712451702,0.5065790568684764,-0.23111796597690856,0.5566768357185456,0.07507826288285462,0.05163214551979731,0.28209372290299545,-0.4143871043627914,0.07641584069718362,-0.17044812056003136,0.24329103915816577,0.624795766313844,-0.23740584994352984,0.5055902510767191,-0.09284543791459408,-0.09332779488388412,-0.1223901504097574,0.2012294718571999,-0.009794473303996395,-0.24078525279093357,0.08792904006079852,-0.15663733421545808,-0.5247232646142069,0.7584062873070055
