0.8700718271773412,0.28673545182700805,0.26657451518217645,0.03327485016345921,0.09075207638484872,0.09178684627882534,0.1799828099715763,0.14978368692373603,0.11246298129537687,0.10065568182005288,0.10207679007903063,0.09057313454037423,0.06073608914149656,0.14627923629515596,0.12430426465993277,0.09593069342829566,0.025295032164374856,0.13936986056948986,0.05877479238154092,0.07930737478178622,0.09448640788037949,0.09006649877823332,0.0994180936241152,0.05097860369077642,0.11520271823765771,0.015778112558035233,0.06995353427843787,-0.012605176626372729,0.22381415149904982,0.09601342232934218,0.08426744453194902,0.06835689187355824,0.0724194937792243,0.08770295203082407,0.11592851147389675,0.05206671412588935,0.08772083243218154,0.06904527210375355,0.17279851202457444,0.07588179768425442,0.047518113989796315,0.03686387600220715,0.0805518773779872,0.08321472398946217,0.05090838374821203,0.06712532327525364,0.11536930194986934,-0.02985223690429162,0.17014073190279239
0.28673545182700805,5.119804594280095,0.1636329263303034,-0.22002586738059893,-0.008109249163113208,0.23984023177101105,0.00807790018192924,0.11265984626394429,0.08508364146613098,0.132220938578546,0.11617144332049305,0.12174272567987975,0.07314270478610378,0.051010249316256584,0.19081724696676222,0.08633593156682795,0.1662449365947654,0.4968856563821936,-0.14582389860362613,0.48643014875341156,0.16838264767464084,0.02271972194728716,-0.16907112946550007,-0.1720962390641646,-0.011440982619026655,-0.20858669386789103,0.31924690793899047,0.3044789862496886,0.22060097945754834,0.09342737430097357,0.25644617583503154,0.0893336074823698,0.22755660310622303,0.05031398506790465,0.07732255713064207,0.1415255889454805,0.17630816533066396,0.23761761232594522,0.2454055102510407,0.12497195141985502,-0.017236292809154747,0.03120457535218041,0.3000184428001698,0.0391797723704763,0.30671679938775037,0.15904775566947216,0.27323714055967624,-0.1620713050675998,0.0735301962223043
0.26657451518217645,0.1636329263303034,2.272956277042446,-0.02445561427998165,-0.42697968110960405,0.40282160625037877,-0.11058930747789533,0.45549324448364664,0.5308180698360165,0.45945784315607774,0.27788543262011806,0.15264664959809193,0.12053992609969125,0.23654311492619218,0.34411442364589484,0.13300370263764363,0.2430095106511807,0.16993194161409914,0.2905877481745896,0.41815119343939905,0.13730742657014808,0.33677373751046336,0.14736365853960662,0.3120509731501252,0.26968852120320896,0.11935224344100584,0.1965905459584152,0.17998950890981666,0.6332629767670829,0.5679971415180163,0.28423159426518657,0.1382367449329173,0.25177440058651546,0.20251349797476745,0.566726714158641,0.24893865019245306,0.45233210310251515,0.25600893114538337,0.5520064983967375,0.30791429967373884,0.2118596428768451,0.2726628150005645,0.3199843613152486,0.22526059094268433,0.38616627608354953,0.25532072363038294,0.37784439783182727,-0.09052966725295794,0.5287275561124973
0.03327485016345921,-0.22002586738059893,-0.02445561427998165,1.2586972981330153,0.5734826894410171,0.2693753109267599,0.3125459248027205,0.27156927501665035,0.08427052541436042,0.16507409878110652,0.1662090104394159,0.22255181135716218,0.13963276113956963,0.2847389818959839,0.19055338922354056,0.2423351821042925,0.1350607728025283,0.25170311549499325,-0.022803661192376975,0.1321898029681479,0.11865744754480725,0.07621788556978748,0.2122458703874316,0.15547525751455749,0.1452161089863661,0.15009350170438723,0.11322778150170253,0.030664461439883536,0.10067296471370724,0.010203789132179807,0.1645681556254237,0.1388901250248497,0.011877118491710581,0.18955526659872315,0.17058495610409274,0.12306952768830975,0.12211363072195278,0.09863375337560631,0.22543241199295505,0.0947618572105322,0.11555121683744012,0.12345253211631953,0.12782197267761994,0.2140010422508905,0.0663955810960757,0.08442289077814162,0.1291827639938718,-0.03520843573962979,0.10623097153418078
0.09075207638484872,-0.008109249163113208,-0.42697968110960405,0.5734826894410171,1.1772645307696652,0.26030693094474805,0.26954117713050085,0.2618421235453285,0.03752804462645454,0.08124778112333185,0.15906865918674742,0.20197273278580505,0.13978526613528347,0.2147981904971489,0.17163808347115345,0.21654819115660343,0.09235365913314186,0.23997065350052632,-0.04831108825108873,0.06099390233960538,0.1480920007593892,0.009625892543724509,0.16175695493647216,0.049468091072254444,0.08336392099643539,0.19619139373166472,0.08364446327434893,-0.0189946525318007,0.04047393911693094,-0.15263027343316138,0.12260586327436718,0.14574087610208278,-0.043468962962218353,0.19077691309374128,0.05653004218344673,0.08662842189260633,0.06676637624200668,0.04809068938132935,0.1338069675453706,0.04812879012166636,0.08083780456040222,0.10785672696751493,0.01852023252102498,0.12420548955942252,-0.033847299354138424,0.04591094085297136,0.042740506789063826,-0.011828495063624152,0.08708810851219256
0.09178684627882534,0.23984023177101105,0.40282160625037877,0.2693753109267599,0.26030693094474805,0.8156403169136464,-0.13624022936335448,0.3892919734053442,0.2716710840720735,0.15098718356568594,0.1746113889545466,0.2025540698343831,0.11347892127092571,0.2993621367973773,0.17686573458564245,0.2166774445470893,0.17922856209569962,0.17429375089310783,0.03418943034626821,0.1929233381316733,0.10487810104560884,0.11751771055787488,0.13026454397678047,0.13430618789468227,0.20337497414143949,0.18136783969597878,0.14935041898901516,0.060360081535710895,0.35391403817760264,0.06903521750406552,0.14516479337412033,0.15382863804446054,-0.006449115789639234,0.22830667149226633,0.23900733910731772,0.10091246202057429,0.09805071994242473,0.12057928304326425,0.29130497402889555,0.14432361301770094,-0.00966878018649622,0.10926505588643817,0.1633559692462234,0.16286620858715378,0.12592034952833772,0.08348296462546216,0.13525913287929442,-0.05974441008634791,0.27393718516097937
0.1799828099715763,0.00807790018192924,-0.11058930747789533,0.3125459248027205,0.26954117713050085,-0.13624022936335448,0.8957054566125721,0.0798237625204224,0.132941853236987,0.11347559304971819,0.17622107280334134,0.19038866441701102,0.12739938625348476,0.01279195586630245,0.13858402178460685,0.13455512078428356,0.08925643095589496,0.23002200793988148,0.06442794517217096,0.10557897101580142,0.1306507981656282,0.13571396133778996,0.1344008505586893,0.06918204266385124,0.06269590918058449,0.12718499008581335,0.10478597054154316,0.017760284794972034,-0.03354360192651701,0.11574442567783025,0.11946998173088641,0.11750187819038083,0.11767435266965642,0.044643912597746645,0.0741515229461115,0.0836925252778603,0.12042987085333957,0.08289485715351073,0.1940101816153448,0.08492461181096841,0.11769119406961083,0.07709067546416014,0.12262957937940185,0.1275831674555464,0.0692108691655317,0.06809255833819962,0.15846897644674718,-0.00558417301572155,0.18454907813518684
0.14978368692373603,0.11265984626394429,0.45549324448364664,0.27156927501665035,0.2618421235453285,0.3892919734053442,0.0798237625204224,0.7725494245313951,0.14983063137781163,0.2245761296527821,0.2001704660612503,0.05442953154504097,0.12495103959502843,0.27770680117474916,0.1542586297817355,0.17123892805765967,0.1520669749131353,0.21985385359144338,0.051208625731458214,0.20493091322721413,0.17307433656301904,0.16423670793816628,0.1763184544265281,0.09436224382854075,0.06228167613325014,0.2090130845005798,0.13109105982840352,0.004905736036927668,0.21586668978771564,0.25082881376839233,0.14268177117265082,0.1251751644502142,0.08315891689159194,0.11761261056733674,0.2347973108414672,0.10723779342249824,0.1734253622895998,0.12254137991714613,0.40358882647037125,0.19682953633937997,0.07630111666872591,0.11754105224867503,0.18696266362621267,0.158478213021458,0.19417251047111703,0.10244186610433499,0.2369843630450739,-0.0479995118987872,0.4441502926850503
0.11246298129537687,0.08508364146613098,0.5308180698360165,0.08427052541436042,0.03752804462645454,0.2716710840720735,0.132941853236987,0.14983063137781163,0.6753182619314563,0.06989626175677471,0.15568717886086558,0.1441645601432912,0.08816822808571786,0.17208173131913881,0.2193426925655218,0.15586494989622615,0.1410853565172946,0.13831089530660784,0.08386595857168702,0.24024725279541373,0.10071673069617279,0.0876678268033133,0.06875597028029529,0.1250074200444719,0.07484241877135256,0.19687615513981083,0.1254432476236341,0.11359778441600568,0.14147850439570997,0.2580580976529023,0.17733174938730914,0.11913122759095943,0.1328418810922215,0.11255999444469446,0.22226030479336434,0.11728190284082521,0.23029078555047375,0.15962482623511787,0.26542180645900115,0.143053373355194,0.08069813139102412,0.12638729957079475,0.19303617609232562,0.12932331432173888,0.203006592536243,0.13339973561638735,0.1960447762334374,-0.047154464149906615,0.28607805935780123
0.10065568182005288,0.132220938578546,0.45945784315607774,0.16507409878110652,0.08124778112333185,0.15098718356568594,0.11347559304971819,0.2245761296527821,0.06989626175677471,0.6048011325639122,0.10898411890458591,0.11606322203569704,0.11381003723524644,0.16139577633599783,0.16511908729305363,0.15175897839460173,0.1419596147001395,0.22104939707649207,0.10176772388736677,0.10206222386263333,-0.018680701290015075,0.16119429109788652,0.1764604802420061,0.1471462903958095,0.12921541415119675,0.03466278355992185,0.12113286591190339,0.05867084550973343,0.23641400223438597,0.2315730708273659,0.16349124391294118,0.07788219626517552,0.12095304530563337,0.11500230454822986,0.22451296135323665,0.15478166666083235,0.20224987285994955,0.08747290377776305,0.28953918026364656,0.11319540548062924,0.16771497293355342,0.11017492689448563,0.1296072374112761,0.1802590037486803,0.0574071689854075,0.1355229196226119,0.22666859433190173,-0.05465030257749448,0.26217365327918735
0.10207679007903063,0.11617144332049305,0.27788543262011806,0.1662090104394159,0.15906865918674742,0.1746113889545466,0.17622107280334134,0.2001704660612503,0.15568717886086558,0.10898411890458591,0.4483997188146417,0.2147235877420026,0.1472102960202768,0.15387587942928435,0.29521630644787705,0.16974344966424806,0.2011012103722107,0.13114098190452902,0.0035123998111735097,0.3037369470532539,0.18826334104272155,0.08311939276328496,0.07156080843063355,0.1498049381172163,0.10213107194358455,0.13724098729026168,0.16267117230478037,0.12033287900443768,0.14558784097806698,0.12437077751409428,0.20291050764522137,0.13633283045038064,0.06991386481194067,0.13808580844108015,0.2619172770755993,0.1462787689647139,0.1771554654160418,0.16666418857421653,0.2635903709253141,0.1705344354046372,0.12623814216017812,0.17191423744905995,0.17149750234346742,0.12476682865255803,0.2004466964189179,0.120337724890919,0.13235211844779304,-0.04239230747432574,0.21665375763056643
0.09057313454037423,0.12174272567987975,0.15264664959809193,0.22255181135716218,0.20197273278580505,0.2025540698343831,0.19038866441701102,0.05442953154504097,0.1441645601432912,0.11606322203569704,0.2147235877420026,0.6333811239615308,0.1095846617838704,0.14596708838478642,0.15293604908314642,0.2379435088852182,0.13718498377229513,0.20780635263370575,0.060667686526185115,0.12746314987191934,0.0601365365697834,0.07512473855779368,0.142971271702257,0.14010644914971243,0.1987778619131822,0.15019703072011004,0.1843638962448851,-0.038366500485904655,0.20773817454346277,-0.041656371895450205,0.11790078783802897,0.19725507914153873,0.10702748339214771,0.13689400142562091,0.0944774074603519,0.07023785972427034,-0.004780685133645841,0.09685142373993619,0.1649410422261947,0.09263482186760519,0.016031013907453928,0.06614231897208825,0.14180231217429534,0.07569887387952735,-0.008965403556487549,0.07365847022395541,0.08205230071279482,-0.008001188038569668,0.328234179080348
0.06073608914149656,0.07314270478610378,0.12053992609969125,0.13963276113956963,0.13978526613528347,0.11347892127092571,0.12739938625348476,0.12495103959502843,0.08816822808571786,0.11381003723524644,0.1472102960202768,0.1095846617838704,0.3236801973897408,0.10631409779312673,0.04215531019236373,0.1335405865043648,0.15481166214483807,0.10001697345728447,0.08089550577286705,0.12687656678419487,0.08078321128117394,0.1977337432036096,0.07944814672227694,0.10859255452178036,0.09371809973240486,0.030495024260182253,0.12240521905447911,0.083854249254025,0.15602754304459526,0.061697792914697534,0.11631442300013257,0.11869744043865467,0.04755909862477187,0.10662054939911629,0.184668275936215,0.08732907892681269,0.10715589175235578,0.07693768835824084,0.22152746383449182,0.0902667099822971,0.10028532530552382,0.09406973033176091,0.11040054113730452,0.15583936351881747,0.05022814577364971,0.06130549512259743,0.08191505001258625,-0.015546769878248509,0.17355455322165694
0.14627923629515596,0.051010249316256584,0.23654311492619218,0.2847389818959839,0.2147981904971489,0.2993621367973773,0.01279195586630245,0.27770680117474916,0.17208173131913881,0.16139577633599783,0.15387587942928435,0.14596708838478642,0.10631409779312673,0.6237409046484633,0.25297651018637846,0.3171888243139678,0.14862046160784437,0.050173375510489095,0.03758891136525561,0.21675510987675947,0.0562609453377847,-0.02424067394577787,0.053462315380256746,0.15428111824219612,0.12557919825792502,0.10245893271312197,0.1353304939425738,0.1153960035115032,0.25595070172048173,0.14111370115123043,0.16372976268917344,0.1073096722667729,0.0626248387256636,0.1487712744288618,0.26127890308325225,0.10676562933650814,0.15167725233485077,0.13893728275110626,0.20445933105436379,0.12563929203437096,0.1545286564077447,0.12894526797413827,0.16211838264278594,0.1332141294638328,0.05051185931969375,0.08758707876660288,0.10209109183979521,-0.014161885172906103,0.42992768873483617
0.12430426465993277,0.19081724696676222,0.34411442364589484,0.19055338922354056,0.17163808347115345,0.17686573458564245,0.13858402178460685,0.1542586297817355,0.2193426925655218,0.16511908729305363,0.29521630644787705,0.15293604908314642,0.04215531019236373,0.25297651018637846,0.8610755193648412,0.1963600633807965,0.2482018413972099,0.0658845043415969,0.0649209135058008,0.4055304304998962,0.2354687687496316,-0.06797160202360931,0.007125811863587316,0.209175527434578,0.08571720023548186,0.10236226063307885,0.17563215322742462,0.26541862349980616,0.18425456339572654,0.3592821323294556,0.2667923122859034,0.10637051509636176,0.1341977865410836,0.1568137842499186,0.3011125419933665,0.22968757565785428,0.3525243701935308,0.23522995538790625,0.2805324565076338,0.19264470272583337,0.255228833352291,0.26175956180866733,0.21224513805154246,0.13879669051622057,0.2766465431510459,0.20516183385888562,0.21806867709975358,-0.0685682033519185,0.35394143496789465
0.09593069342829566,0.08633593156682795,0.13300370263764363,0.2423351821042925,0.21654819115660343,0.2166774445470893,0.13455512078428356,0.17123892805765967,0.15586494989622615,0.15175897839460173,0.16974344966424806,0.2379435088852182,0.1335405865043648,0.3171888243139678,0.1963600633807965,0.6413979618650113,0.22330262768045342,0.0347175711569776,0.035621373568332365,0.2315201670917468,0.09189094222102151,0.08294116637726441,0.0817072915001105,0.18819318309558325,0.08758649845771348,0.03531232591603852,0.2025943449412223,0.11161334846253808,0.3100857617407431,0.05446248460605231,0.16587083150686346,0.18018339031323283,0.067058941765581,0.1633397325310861,0.25008774033089826,0.11643341014568052,0.15197884341730658,0.15205244601939885,0.23909082943436416,0.13824257638942689,0.14963226101692784,0.14394986004342836,0.1927531875449668,0.14789571443581848,0.07937661021141874,0.07062701324528271,0.05398458389955576,-0.006381067865364471,0.3917549223314245
0.025295032164374856,0.1662449365947654,0.2430095106511807,0.1350607728025283,0.09235365913314186,0.17922856209569962,0.08925643095589496,0.1520669749131353,0.1410853565172946,0.1419596147001395,0.2011012103722107,0.13718498377229513,0.15481166214483807,0.14862046160784437,0.2482018413972099,0.22330262768045342,0.8978073897101498,-0.015005750215580439,0.06519853334700366,0.4274252926404995,0.14176770026256946,0.3674439092259831,-0.0694284793475104,0.18925736027454493,0.38146094908407674,0.20799747530128565,0.2483769174532523,0.4177889973809245,0.22846692986089517,-0.03708454381512782,0.23215743137697695,0.1735392738574365,0.08426946238345707,0.24092840306323574,0.22188780859754012,0.21022970040679093,0.33379582273649205,0.2639504591164939,0.06749054644924617,0.06782395007016666,0.29254581024679943,0.3246275793941898,0.30305045912315387,0.19753037893674238,0.23710307305614858,0.12103436111201185,-0.018829243580041857,-0.003991218497362635,0.04234975563633978
0.13936986056948986,0.4968856563821936,0.16993194161409914,0.25170311549499325,0.23997065350052632,0.17429375089310783,0.23002200793988148,0.21985385359144338,0.13831089530660784,0.22104939707649207,0.13114098190452902,0.20780635263370575,0.10001697345728447,0.050173375510489095,0.0658845043415969,0.0347175711569776,-0.015005750215580439,1.1489904214328295,-0.02097512141119053,-0.16055640314614586,0.04119805728016837,0.11475426557027855,0.5076273541405694,0.054749384402219055,0.03190911136902694,0.04283591988775064,-0.008693758203287954,-0.0950239883047285,-0.006130181039512967,0.037774228105284614,0.2761860750562319,0.030478074444742192,0.06726747006552881,0.07218036287188928,0.13170647626466125,0.23967264023145762,0.03952687507091848,0.0009045216418914957,0.3728605314372527,0.11303956160031868,0.09893251459091223,-0.0007716328118363102,0.22119177176225138,0.24912369260945663,0.1508354891532269,0.27450716918468177,0.5356500983096718,-0.19055908067592717,-0.18999416840985683
0.05877479238154092,-0.14582389860362613,0.2905877481745896,-0.022803661192376975,-0.04831108825108873,0.03418943034626821,0.06442794517217096,0.051208625731458214,0.08386595857168702,0.10176772388736677,0.0035123998111735097,0.060667686526185115,0.08089550577286705,0.03758891136525561,0.0649209135058008,0.035621373568332365,0.06519853334700366,-0.02097512141119053,0.856235157263119,-0.09915331296635856,0.19554621331985889,0.1526005975293342,-0.1370900162484166,0.10264120813166011,0.26506854080345843,0.0033100387653169595,0.02944659347407849,0.17911174781394737,0.16381669790903874,0.1588840562317691,0.05881216819337293,0.08227280968114015,0.11609178035520401,0.08374227685421429,0.10053007958737822,0.018222845228520593,0.2690876006223557,0.00933701605519388,0.16519331939238777,0.005535860619971115,0.11066106258282965,0.08025812443462832,-0.0333001186773361,0.09477905134295656,0.09845907800604858,0.0018012866426408215,0.07635596862895541,0.1193056098514309,-0.01722875088683046
0.07930737478178622,0.48643014875341156,0.41815119343939905,0.1321898029681479,0.06099390233960538,0.1929233381316733,0.10557897101580142,0.20493091322721413,0.24024725279541373,0.10206222386263333,0.3037369470532539,0.12746314987191934,0.12687656678419487,0.21675510987675947,0.4055304304998962,0.2315201670917468,0.4274252926404995,-0.16055640314614586,-0.09915331296635856,1.7535717259954866,-0.087526780467446,-0.03491093179052513,-0.28481468304132646,0.3137275117375984,0.16143068597373636,-0.017936093716164555,0.4621562230635932,0.44579710841089154,0.09685768582394173,0.6791582525845846,0.43964599008118005,0.1104989423695431,0.6280822963862884,0.10218297727941386,0.18411695804120962,-0.025882012520021796,1.1766697413290985,0.7802154347944705,0.6303962495713706,0.32595417305422886,0.13548236815754894,0.2982404066093792,0.8679879549671157,0.22046048784920155,0.9593587861135442,0.19065868247835774,0.3134647795618884,0.16530897513040102,1.003206681020449
0.09448640788037949,0.16838264767464084,0.13730742657014808,0.11865744754480725,0.1480920007593892,0.10487810104560884,0.1306507981656282,0.17307433656301904,0.10071673069617279,-0.018680701290015075,0.18826334104272155,0.0601365365697834,0.08078321128117394,0.0562609453377847,0.2354687687496316,0.09189094222102151,0.14176770026256946,0.04119805728016837,0.19554621331985889,-0.087526780467446,1.2892626789033481,0.19893938220852483,0.03772616563535249,0.06577675886704869,0.15044549807458216,0.2840091531589836,0.05408275926223306,0.13059811612170766,0.18024612701652995,-0.10378064953868892,0.05011475609756781,0.29194228395208893,-0.18254250622353177,0.2799451951757088,0.19379870733114468,0.18876470108352694,-0.18732691466308835,0.04891959615176098,-0.15763639037793373,0.16142927167608476,0.22958279358432798,0.26301491293562723,-0.00014465941915858398,-0.009763340188167378,0.1795931436313969,0.032836642444935484,-0.04200866701336743,-0.02756792571144156,-0.10040144245552377
0.09006649877823332,0.02271972194728716,0.33677373751046336,0.07621788556978748,0.009625892543724509,0.11751771055787488,0.13571396133778996,0.16423670793816628,0.0876678268033133,0.16119429109788652,0.08311939276328496,0.07512473855779368,0.1977337432036096,-0.02424067394577787,-0.06797160202360931,0.08294116637726441,0.3674439092259831,0.11475426557027855,0.1526005975293342,-0.03491093179052513,0.19893938220852483,2.3707574188103067,0.32264610521360004,0.25275373653647387,0.15236033066503682,0.17927002546767767,0.20848268290227118,0.010207067126590615,0.20048251326164496,-0.1822346378510028,0.016780476596271857,0.4488282989226976,0.04579429306419895,0.09044109836246328,-0.08727997265282363,0.09128274870735888,0.049217407791131436,0.026663662962851966,0.07011047367948313,-0.04494847028937289,0.1212373402274313,0.2087300362448213,0.2586036322266125,0.2736831373636182,-0.006148464024765879,-0.01131757597584606,-0.04126936590926993,0.06433323021444429,-0.13045827040265817
0.0994180936241152,-0.16907112946550007,0.14736365853960662,0.2122458703874316,0.16175695493647216,0.13026454397678047,0.1344008505586893,0.1763184544265281,0.06875597028029529,0.1764604802420061,0.07156080843063355,0.142971271702257,0.07944814672227694,0.053462315380256746,0.007125811863587316,0.0817072915001105,-0.0694284793475104,0.5076273541405694,-0.1370900162484166,-0.28481468304132646,0.03772616563535249,0.32264610521360004,1.3762362995581572,0.4832038605435896,0.35090608873451407,-0.2954915896685771,-0.01193297580654057,-0.6067631017520035,0.38196585087012197,0.14519052740802432,0.012122645930472607,-0.00331370746664204,0.027748240807905597,0.3272924645268352,0.08426326739117229,0.27954464832265935,0.10855542422365583,-0.06022928727384547,0.623563937717075,0.09222860530033185,0.07299628446476594,0.050110354780242485,0.06248681645715685,0.6126554782991946,-0.12794898580880976,0.14121509935319113,0.3029996512774926,-0.08742138302206127,0.1379560245384014
0.05097860369077642,-0.1720962390641646,0.3120509731501252,0.15547525751455749,0.049468091072254444,0.13430618789468227,0.06918204266385124,0.09436224382854075,0.1250074200444719,0.1471462903958095,0.1498049381172163,0.14010644914971243,0.10859255452178036,0.15428111824219612,0.209175527434578,0.18819318309558325,0.18925736027454493,0.054749384402219055,0.10264120813166011,0.3137275117375984,0.06577675886704869,0.25275373653647387,0.4832038605435896,1.2367804808807454,0.5701878033408537,-0.1712021877670463,0.1597756428880243,0.03799290436882547,0.06482024937335189,0.33417273319204366,0.3841917756085515,0.11015574245300178,0.11105999450647407,0.06770461545087829,0.12502562363699352,0.3770457431817639,0.10686580220038322,0.20081050099894768,0.43437501609397033,0.1775936578825295,0.21273500966042824,0.16926264293501486,0.12584194709280358,0.2985842157426314,0.11206214850782051,0.25404830773564363,0.19304494934971314,-0.20430729599354547,0.45996038231107234
0.11520271823765771,-0.011440982619026655,0.26968852120320896,0.1452161089863661,0.08336392099643539,0.20337497414143949,0.06269590918058449,0.06228167613325014,0.07484241877135256,0.12921541415119675,0.10213107194358455,0.1987778619131822,0.09371809973240486,0.12557919825792502,0.08571720023548186,0.08758649845771348,0.38146094908407674,0.03190911136902694,0.26506854080345843,0.16143068597373636,0.15044549807458216,0.15236033066503682,0.35090608873451407,0.5701878033408537,2.1532172207200118,0.2277345658418986,0.2235248673280154,0.06426507184655164,0.8718496712297675,-0.007811210288969869,0.10602639517435947,0.14774085386311261,-0.04198490755696768,0.6217558186629055,0.3212116464325326,0.31979410474018033,0.21385319020881177,0.13492003461721633,0.012884912923620368,-0.02871530456066306,0.3500587056363328,0.2653153804547245,0.1692109855701165,0.2953788176061457,0.05354388601201114,0.2505502060162623,0.012320439947534782,-0.18992158645266788,-0.47641782575068364
0.015778112558035233,-0.20858669386789103,0.11935224344100584,0.15009350170438723,0.19619139373166472,0.18136783969597878,0.12718499008581335,0.2090130845005798,0.19687615513981083,0.03466278355992185,0.13724098729026168,0.15019703072011004,0.030495024260182253,0.10245893271312197,0.10236226063307885,0.03531232591603852,0.20799747530128565,0.04283591988775064,0.0033100387653169595,-0.017936093716164555,0.2840091531589836,0.17927002546767767,-0.2954915896685771,-0.1712021877670463,0.2277345658418986,2.019710716849358,0.08545839558659842,0.15670408563064048,-0.2558293138857956,-0.021698159024211083,-0.013980076626327467,0.4491643128234419,0.01325313307734834,0.17145859426905466,0.16304263063723246,0.07963806120212658,-0.16180227728900215,0.05968887630423561,-0.8047910438384394,0.05768900935712228,0.4775115787301546,0.24570927948957919,0.2906617115541186,-0.373329113516267,-0.16064297667738486,0.05933775693218343,-0.030313573784597297,0.197938855425892,0.4208357552606255
0.06995353427843787,0.31924690793899047,0.1965905459584152,0.11322778150170253,0.08364446327434893,0.14935041898901516,0.10478597054154316,0.13109105982840352,0.1254432476236341,0.12113286591190339,0.16267117230478037,0.1843638962448851,0.12240521905447911,0.1353304939425738,0.17563215322742462,0.2025943449412223,0.2483769174532523,-0.008693758203287954,0.02944659347407849,0.4621562230635932,0.05408275926223306,0.20848268290227118,-0.01193297580654057,0.1597756428880243,0.2235248673280154,0.08545839558659842,0.6061633540774798,0.22290439734414286,0.11818186003527144,0.1871129527370647,0.21078727552653814,0.20805535755082216,0.24987284007867067,0.09033359024219488,0.22337595511574654,0.1564060416278383,0.27363859648045197,0.2525456910241709,0.20336548107254881,0.16707399698433226,0.17858650301620466,0.20860022188687438,0.4641611651243022,0.10876784981637268,0.23777479270501362,0.09640431772460771,0.09581470806801155,0.013489853793411487,0.4937590806883147
-0.012605176626372729,0.3044789862496886,0.17998950890981666,0.030664461439883536,-0.0189946525318007,0.060360081535710895,0.017760284794972034,0.004905736036927668,0.11359778441600568,0.05867084550973343,0.12033287900443768,-0.038366500485904655,0.083854249254025,0.1153960035115032,0.26541862349980616,0.11161334846253808,0.4177889973809245,-0.0950239883047285,0.17911174781394737,0.44579710841089154,0.13059811612170766,0.010207067126590615,-0.6067631017520035,0.03799290436882547,0.06426507184655164,0.15670408563064048,0.22290439734414286,1.5450756150776104,-0.38739463674280655,0.15375704244290178,0.4049013154481577,0.10905616601294535,0.08683228705971628,0.055971850227061054,0.16303160842595485,0.5890725734488839,0.25922384281896127,0.29421934963437035,0.03069533785977213,-0.05231957017506671,0.624080131601584,0.2907912432889893,0.1546437278979212,0.45924101221982566,0.22139299503169033,0.16602698540325522,-0.015818474969228558,-0.19529648508528394,-0.2147149385423693
0.22381415149904982,0.22060097945754834,0.6332629767670829,0.10067296471370724,0.04047393911693094,0.35391403817760264,-0.03354360192651701,0.21586668978771564,0.14147850439570997,0.23641400223438597,0.14558784097806698,0.20773817454346277,0.15602754304459526,0.25595070172048173,0.18425456339572654,0.3100857617407431,0.22846692986089517,-0.006130181039512967,0.16381669790903874,0.09685768582394173,0.18024612701652995,0.20048251326164496,0.38196585087012197,0.06482024937335189,0.8718496712297675,-0.2558293138857956,0.11818186003527144,-0.38739463674280655,4.644521497171205,-0.14932393743579936,-0.03564802973927818,0.25341107962361276,0.44383855902133107,0.8700316201279827,0.09473932524180273,0.5170059897014753,0.14552482047855056,0.0018667670172379841,0.35092149458369387,0.13896519390249357,0.24939965628656555,0.11822025764217331,-0.21225927043413706,-0.3180092894666664,-0.5141614377846199,0.44285790108152717,-0.07670976343742163,-0.3437255017015666,0.9958936906232155
0.09601342232934218,0.09342737430097357,0.5679971415180163,0.010203789132179807,-0.15263027343316138,0.06903521750406552,0.11574442567783025,0.25082881376839233,0.2580580976529023,0.2315730708273659,0.12437077751409428,-0.041656371895450205,0.061697792914697534,0.14111370115123043,0.3592821323294556,0.05446248460605231,-0.03708454381512782,0.037774228105284614,0.1588840562317691,0.6791582525845846,-0.10378064953868892,-0.1822346378510028,0.14519052740802432,0.33417273319204366,-0.007811210288969869,-0.021698159024211083,0.1871129527370647,0.15375704244290178,-0.14932393743579936,3.4482006173301434,0.27894804172095494,0.027579169439814123,0.8752216520923737,-0.6610644362570454,0.5576619049835821,0.42291215973460994,0.8469797456947372,0.43117838351808613,0.918090987407746,0.601356188820049,0.14489629723906705,0.13896483396878279,0.6251175867970337,0.10845553737921144,0.8622496798160172,0.5996258470605689,1.6664091618532362,-0.4600753262965913,1.4503158059990893
0.08426744453194902,0.25644617583503154,0.28423159426518657,0.1645681556254237,0.12260586327436718,0.14516479337412033,0.11946998173088641,0.14268177117265082,0.17733174938730914,0.16349124391294118,0.20291050764522137,0.11790078783802897,0.11631442300013257,0.16372976268917344,0.2667923122859034,0.16587083150686346,0.23215743137697695,0.2761860750562319,0.05881216819337293,0.43964599008118005,0.05011475609756781,0.016780476596271857,0.012122645930472607,0.3841917756085515,0.10602639517435947,-0.013980076626327467,0.21078727552653814,0.4049013154481577,-0.03564802973927818,0.27894804172095494,1.0206285239527169,0.09183947445517249,0.17646030572148,0.008327768802513432,0.3152888279046196,0.4782594150747019,0.35495746364074204,0.32897228542867113,0.4264127446713372,0.19657000855076404,0.3376412660430834,0.2401538345242833,0.16311179229771094,0.21980527622108423,0.4195190740825413,0.36372502714273397,0.27301826824206316,-0.24973141909134813,-0.013282149522710562
0.06835689187355824,0.0893336074823698,0.1382367449329173,0.1388901250248497,0.14574087610208278,0.15382863804446054,0.11750187819038083,0.1251751644502142,0.11913122759095943,0.07788219626517552,0.13633283045038064,0.19725507914153873,0.11869744043865467,0.1073096722667729,0.10637051509636176,0.18018339031323283,0.1735392738574365,0.030478074444742192,0.08227280968114015,0.1104989423695431,0.29194228395208893,0.4488282989226976,-0.00331370746664204,0.11015574245300178,0.14774085386311261,0.4491643128234419,0.20805535755082216,0.10905616601294535,0.25341107962361276,0.027579169439814123,0.09183947445517249,0.820142270360137,0.1653844960059373,0.22245051821946374,-0.10812170423654828,0.1517713188340097,-0.12356531717022086,0.13794113887392542,-0.07130927942531376,-0.011160507056130135,0.1129549225799568,0.07617005037874562,0.05880517158207956,0.009396292562567946,-0.10552231566521769,0.07269276192314315,0.013007788162594148,-0.02193666197606241,0.21341916217951137
0.0724194937792243,0.22755660310622303,0.25177440058651546,0.011877118491710581,-0.043468962962218353,-0.006449115789639234,0.11767435266965642,0.08315891689159194,0.1328418810922215,0.12095304530563337,0.06991386481194067,0.10702748339214771,0.04755909862477187,0.0626248387256636,0.1341977865410836,0.067058941765581,0.08426946238345707,0.06726747006552881,0.11609178035520401,0.6280822963862884,-0.18254250622353177,0.04579429306419895,0.027748240807905597,0.11105999450647407,-0.04198490755696768,0.01325313307734834,0.24987284007867067,0.08683228705971628,0.44383855902133107,0.8752216520923737,0.17646030572148,0.1653844960059373,2.073957419540317,-0.48184748615562156,-0.5847555761377361,0.12582744382585023,0.48838991477710847,0.41903757666801045,0.29482923991250315,0.031412069557063556,-0.4660024176725122,-0.021514818663567803,0.3253719170936243,0.01964695360493755,0.021593294010822463,0.3737618384960045,0.5275193519819456,-0.308599514809997,1.1660293584115993
0.08770295203082407,0.05031398506790465,0.20251349797476745,0.18955526659872315,0.19077691309374128,0.22830667149226633,0.044643912597746645,0.11761261056733674,0.11255999444469446,0.11500230454822986,0.13808580844108015,0.13689400142562091,0.10662054939911629,0.1487712744288618,0.1568137842499186,0.1633397325310861,0.24092840306323574,0.07218036287188928,0.08374227685421429,0.10218297727941386,0.2799451951757088,0.09044109836246328,0.3272924645268352,0.06770461545087829,0.6217558186629055,0.17145859426905466,0.09033359024219488,0.055971850227061054,0.8700316201279827,-0.6610644362570454,0.008327768802513432,0.22245051821946374,-0.48184748615562156,2.7653636583384333,0.5481006518899898,-0.11413767642909792,0.6358939053655557,0.11885738346956326,-0.042807650578557996,-0.3609814116517294,0.4735944516505389,0.31156985795302583,0.0076180580062172884,0.728008422559627,-0.5508665925759536,-0.5600297878354381,-0.26434779835018596,0.5243097578408882,-0.45072474144519753
0.11592851147389675,0.07732255713064207,0.566726714158641,0.17058495610409274,0.05653004218344673,0.23900733910731772,0.0741515229461115,0.2347973108414672,0.22226030479336434,0.22451296135323665,0.2619172770755993,0.0944774074603519,0.184668275936215,0.26127890308325225,0.3011125419933665,0.25008774033089826,0.22188780859754012,0.13170647626466125,0.10053007958737822,0.18411695804120962,0.19379870733114468,-0.08727997265282363,0.08426326739117229,0.12502562363699352,0.3212116464325326,0.16304263063723246,0.22337595511574654,0.16303160842595485,0.09473932524180273,0.5576619049835821,0.3152888279046196,-0.10812170423654828,-0.5847555761377361,0.5481006518899898,3.648150204805363,-0.2661208569911481,0.36572590895877977,0.12194049261770966,0.34993665230450416,0.9879215808226983,0.5519539140987185,0.6803882028380809,0.6432972829022341,0.5833636911889005,0.592178438751279,-0.18435455584376223,0.3684712808275098,0.4313577716973181,0.009960616675644527
0.05206671412588935,0.1415255889454805,0.24893865019245306,0.12306952768830975,0.08662842189260633,0.10091246202057429,0.0836925252778603,0.10723779342249824,0.11728190284082521,0.15478166666083235,0.1462787689647139,0.07023785972427034,0.08732907892681269,0.10676562933650814,0.22968757565785428,0.11643341014568052,0.21022970040679093,0.23967264023145762,0.018222845228520593,-0.025882012520021796,0.18876470108352694,0.09128274870735888,0.27954464832265935,0.3770457431817639,0.31979410474018033,0.07963806120212658,0.1564060416278383,0.5890725734488839,0.5170059897014753,0.42291215973460994,0.4782594150747019,0.1517713188340097,0.12582744382585023,-0.11413767642909792,-0.2661208569911481,2.04275391661233,-0.23079046571492853,0.11493532799377942,0.33063251855804227,0.16167962377854303,0.6376985067627096,0.2512903747323322,-0.6609665853119503,-0.292253720904162,-0.06627847648908355,1.0472955610566452,0.25366068012423576,-1.1277454885997,-0.47944183099874627
0.08772083243218154,0.17630816533066396,0.45233210310251515,0.12211363072195278,0.06676637624200668,0.09805071994242473,0.12042987085333957,0.1734253622895998,0.23029078555047375,0.20224987285994955,0.1771554654160418,-0.004780685133645841,0.10715589175235578,0.15167725233485077,0.3525243701935308,0.15197884341730658,0.33379582273649205,0.03952687507091848,0.2690876006223557,1.1766697413290985,-0.18732691466308835,0.049217407791131436,0.10855542422365583,0.10686580220038322,0.21385319020881177,-0.16180227728900215,0.27363859648045197,0.25922384281896127,0.14552482047855056,0.8469797456947372,0.35495746364074204,-0.12356531717022086,0.48838991477710847,0.6358939053655557,0.36572590895877977,-0.23079046571492853,4.081164874203248,0.6980455417389521,0.5139060410692291,0.028893634264815025,0.5805594147055478,0.7149270743578627,0.9758855935705854,0.5874525725929044,1.6178502014727243,0.2932317066628079,0.4753973028440966,0.27430880089776266,-0.426743632397658
0.06904527210375355,0.23761761232594522,0.25600893114538337,0.09863375337560631,0.04809068938132935,0.12057928304326425,0.08289485715351073,0.12254137991714613,0.15962482623511787,0.08747290377776305,0.16666418857421653,0.09685142373993619,0.07693768835824084,0.13893728275110626,0.23522995538790625,0.15205244601939885,0.2639504591164939,0.0009045216418914957,0.00933701605519388,0.7802154347944705,0.04891959615176098,0.026663662962851966,-0.06022928727384547,0.20081050099894768,0.13492003461721633,0.05968887630423561,0.2525456910241709,0.29421934963437035,0.0018667670172379841,0.43117838351808613,0.32897228542867113,0.13794113887392542,0.41903757666801045,0.11885738346956326,0.12194049261770966,0.11493532799377942,0.6980455417389521,0.8142344135272874,0.3201590576890978,0.13422343302560033,0.12371345263904085,0.24319993928226544,0.45089403792811067,0.24846572271199513,0.5475790544745136,0.27755193621869784,0.24389726159097472,-0.061168212868142925,0.4657291253674457
0.17279851202457444,0.2454055102510407,0.5520064983967375,0.22543241199295505,0.1338069675453706,0.29130497402889555,0.1940101816153448,0.40358882647037125,0.26542180645900115,0.28953918026364656,0.2635903709253141,0.1649410422261947,0.22152746383449182,0.20445933105436379,0.2805324565076338,0.23909082943436416,0.06749054644924617,0.3728605314372527,0.16519331939238777,0.6303962495713706,-0.15763639037793373,0.07011047367948313,0.623563937717075,0.43437501609397033,0.012884912923620368,-0.8047910438384394,0.20336548107254881,0.03069533785977213,0.35092149458369387,0.918090987407746,0.4264127446713372,-0.07130927942531376,0.29482923991250315,-0.042807650578557996,0.34993665230450416,0.33063251855804227,0.5139060410692291,0.3201590576890978,2.166937837853854,0.4972607281547025,-0.16589027222519787,-0.022522757273653878,0.0888793437485932,0.762982426156159,0.7962861989547186,0.2830725953306558,0.6654164534936532,-0.4449675404257005,1.1232804034706314
0.07588179768425442,0.12497195141985502,0.30791429967373884,0.0947618572105322,0.04812879012166636,0.14432361301770094,0.08492461181096841,0.19682953633937997,0.143053373355194,0.11319540548062924,0.1705344354046372,0.09263482186760519,0.0902667099822971,0.12563929203437096,0.19264470272583337,0.13824257638942689,0.06782395007016666,0.11303956160031868,0.005535860619971115,0.32595417305422886,0.16142927167608476,-0.04494847028937289,0.09222860530033185,0.1775936578825295,-0.02871530456066306,0.05768900935712228,0.16707399698433226,-0.05231957017506671,0.13896519390249357,0.601356188820049,0.19657000855076404,-0.011160507056130135,0.031412069557063556,-0.3609814116517294,0.9879215808226983,0.16167962377854303,0.028893634264815025,0.13422343302560033,0.4972607281547025,1.1012579559682767,-0.01075617624296523,0.18655328951159647,0.3477536776476095,-0.16480302009788894,0.6481289696666626,0.2485255776483554,0.39944660221344314,-0.08652200114655323,0.6852208193464785
0.047518113989796315,-0.017236292809154747,0.2118596428768451,0.11555121683744012,0.08083780456040222,-0.00966878018649622,0.11769119406961083,0.07630111666872591,0.08069813139102412,0.16771497293355342,0.12623814216017812,0.016031013907453928,0.10028532530552382,0.1545286564077447,0.255228833352291,0.14963226101692784,0.29254581024679943,0.09893251459091223,0.11066106258282965,0.13548236815754894,0.22958279358432798,0.1212373402274313,0.07299628446476594,0.21273500966042824,0.3500587056363328,0.4775115787301546,0.17858650301620466,0.624080131601584,0.24939965628656555,0.14489629723906705,0.3376412660430834,0.1129549225799568,-0.4660024176725122,0.4735944516505389,0.5519539140987185,0.6376985067627096,0.5805594147055478,0.12371345263904085,-0.16589027222519787,-0.01075617624296523,2.524676998797041,0.48522101642666726,0.03967224459127298,0.43824827503055297,-0.5357166764390143,0.3022964405238606,0.19053231416327038,0.36113214601302346,0.7245778977905829
