4.1003308970783365,0.43755476354451245,0.6277080833578821,0.23529752799881704,0.6294922141759842,0.4853499608512263,0.8115003731023718,0.6162109091107402,0.5248136559659218,0.6332680086156649,0.4324169705024318,0.7279618703258098,0.4023856835485972,0.9034082815847548,0.5125411785198463,0.46750173390341504,0.4914868667191318,0.4498153607672979,0.466378010115553,0.5015228300967424,0.5139059447123001,0.468485702590447,0.30550070000864277,0.6350750250901346,0.5446265647644208,0.41601705824920954,0.5376553660150036,0.38585151790097794,0.57322923443262,0.5374316239488093,0.5953780375912212,0.7280117365504846,0.6744330957876823,0.2642648778079654,0.23961779275958792,0.6496325310943412,0.38381529293221206,0.38687106493936996,0.41790814315475916,0.16931156322371035,0.4098828987860943,0.4874960308983938,0.1992066528525548,0.4965066547785379,0.8472038898871793,0.44026865587727193,0.5330255004172035,-0.06422330878150143,1.8073737617682568,-0.04102238781252312,-0.03003011512921075,-0.24665035608669214,0.1694788411114664,0.08801832619968931,-0.18791033272453767,-0.039619048609476494,0.5157522520833311,-0.0918208286780302,-0.26829069158405616,-0.12035066603604483
0.43755476354451245,3.3888387479735322,1.3996784273669762,0.3976300624547455,0.3255122207946609,0.3688353174306401,0.3539790809770027,0.3271003585095566,0.3003348862797002,0.4294822389488105,0.30365515960599504,0.42091046289997935,0.2747758197276014,0.19481201001219728,0.3873299008936169,0.32200828926036995,0.41868350845782065,0.6262096505896132,0.3448757432951795,0.4096142688379109,0.5823723692972902,0.30044646067062813,0.3099468344802452,0.2880706590920032,0.33701511130388107,0.39988464840535404,0.3769795737487222,0.2506916588866403,0.6993706627551963,0.2415596226394757,0.32778365174603596,0.19110949576592962,0.3479197813720386,0.46721525446146794,0.22776101586670336,0.6482178445840704,0.6108370685618479,0.2665086440950166,0.28657054387674324,0.07764405735058068,0.3739634889353177,0.29359330328053973,0.41105191951059644,0.2017556986873099,1.5085031961764548,0.44451734643146124,0.4142501721594665,-0.03603591514115027,0.48021067389395233,-0.15303036118418464,0.40065687266858074,-0.33241374014294633,0.10793904177397631,-0.042210612615300194,-0.407117296800848,-0.32236740633056205,-0.7056344112669883,0.7865594886192547,0.14707901819539976,0.08165054922412075
0.6277080833578821,1.3996784273669762,2.637263374855063,0.23403967417236604,0.22669694514438665,0.4757805963777918,0.41675474267858403,0.34350862529721476,0.4552039848839889,0.5106771866495914,0.3511412473434443,0.45036130941399166,0.31390876746001156,0.29096170341466543,0.5191871899680492,0.44064919401121627,0.486254336282643,0.4616652816042787,0.4093754997534584,0.3462005168274271,0.5009263921662978,0.4193826643660948,0.375810535552089,0.4264416237939618,0.4008763524186006,0.3433438691897202,0.4313269100835711,0.34823310181309436,0.46478832024418937,0.08254220612947118,0.44441033944345276,0.3712400455905989,0.5212218773485673,0.544862464563602,0.14508484381319953,0.6014046251234121,0.5313992066063346,0.2786157995867498,0.31905156054034495,-0.26614193570771133,0.29347439755775995,0.398239027736076,0.22895558036955746,0.5685574265936784,1.32048600286352,0.6134378609683827,0.32840042527890934,-0.06479730204613465,0.3110812563466093,-0.0610135670661661,0.23102611694279507,-0.0957851120097889,0.042807021160175686,-0.0761820036203467,-0.04012276094010473,-0.0926376066741098,0.04455583215673002,-0.22291273490981645,0.1410432108397336,0.1471645143878631
0.23529752799881704,0.3976300624547455,0.23403967417236604,0.7435524934734187,0.5484670910078739,0.2992483295488609,0.2797583144355971,0.26133018638483985,0.21430423805110171,0.22051296133399378,0.2238057049944682,0.2708341069218408,0.22379789783623147,0.29621131854884847,0.30303187604522425,0.2139717245671952,0.24711220479306006,0.2448451202262566,0.303680260491666,0.28954605196653643,0.2676040496558877,0.21151583307671049,0.17723871225951332,0.26895116394817026,0.22101517172749297,0.3135988176847591,0.19487832555314033,0.15571528969174706,0.3988473212619845,0.2132444993900421,0.20318272742742638,0.20144065673034783,0.2617227546411488,0.3267227093208201,0.13241904780608849,0.2616619844347907,0.3451425587063676,0.17465058617327678,0.36579493343383873,0.029218131836248683,0.20466073914431954,0.2421084760444443,0.3352202384421961,0.23922254223122322,0.521493691868574,0.16669635359733648,0.2333849065577682,-0.0015182456491678285,0.16348152238653874,0.35857216990835,-0.2792046950384229,0.06931894738630036,-0.07331246502854773,-0.1386475465309401,0.16657757465242798,-0.16960978013635677,-0.4086261879311602,0.4280274088099352,-0.06030342751984473,-0.2134943146768873
0.6294922141759842,0.3255122207946609,0.22669694514438665,0.5484670910078739,1.0755717796492754,0.3080235108371806,0.31097136716639745,0.3295923499680038,0.21276814591435653,0.32698838275048264,0.25729089852649095,0.34259216304346707,0.26310536710611626,0.4028401914745968,0.3868692574432564,0.26497549464542436,0.2680682227952372,0.25142187945546396,0.5089871505810601,0.2820524201334489,0.24787824115777998,0.2236761043119113,0.17546170056602559,0.3523268408839249,0.270021646726104,0.2864790635944127,0.2118780427491914,0.21057144272883016,0.4056378917142378,0.19842530444565726,0.3085609394141898,0.3038435403749128,0.36657840460987934,0.3702093680007259,0.18688974643781497,0.32408407150147756,0.408660174000783,0.19534170842148094,0.38598346620486684,0.0665773630750074,0.18595168409328955,0.28327419392063363,0.13955504836476693,0.3369777206282053,0.2703377926110739,0.22345634199256179,0.23229080074718983,-0.009499460207773897,0.6289740902570016,0.4122589314757414,-0.25865957237824566,0.002477519918305139,-0.044670839705940615,-0.10907212551995056,-0.08853041856329541,-0.16621468943211826,-0.09757835915311328,0.10240974630442304,0.12096106142591548,-0.32657592024836063
0.4853499608512263,0.3688353174306401,0.4757805963777918,0.2992483295488609,0.3080235108371806,0.6975718767198429,0.2848782456008831,0.3171152189424315,0.28186583696066625,0.2746628613399667,0.28905116280927023,0.2465954119327864,0.2363074698503165,0.3161313767507594,0.3258249316824947,0.2703946269164897,0.33514272155645736,0.2559217359663773,0.3715150883677537,0.45159712059719215,0.3698217386979978,0.2957510534586291,0.24664001623139056,0.38609728612493305,0.3087397404676503,0.31517515850078814,0.2741048543673924,0.2814140638390044,0.43289600343728574,0.3132809810699273,0.3081655087538619,0.33656934478842726,0.3375824474232999,0.39858120971806743,0.18956570558057534,0.30866552444641043,0.48407248171887607,0.26960443400592,0.427282102416202,0.04040554224890547,0.1504237335031525,0.28373063407993987,0.33804406480472665,0.5290325143284375,0.6350531603275471,0.2077199151870816,0.3625708294214604,-0.02150385699818873,0.8822878903247379,0.2507405570833728,-0.3911250674789804,0.011289884859223368,0.0052612935181769824,0.06107209584946237,0.008536950568151878,-0.11255999753476054,0.13834868783072268,0.04155701955046619,-0.08405442837270974,0.10883928116230944
0.8115003731023718,0.3539790809770027,0.41675474267858403,0.2797583144355971,0.31097136716639745,0.2848782456008831,0.5543681138691726,0.24983064875496186,0.3920436021479604,0.3043489217128837,0.26434712063422666,0.43728730272035743,0.22532046109822865,0.28848045656518934,0.25774850555082146,0.2678779651138106,0.3248717024313156,0.28834192637295886,0.24218060250688037,0.2705359731056912,0.347401345439523,0.32483369232218584,0.20679550590774556,0.2959357274848823,0.27130096484590066,0.2747822139637925,0.27990827607066604,0.19499266224232661,0.3488476344466617,0.19264483255252077,0.2839467010530918,0.3083853808979654,0.30269549585962996,0.29522531424317583,0.09460335101405158,0.3765372159711222,0.24523327763526018,0.18566627611815403,0.28927112052568094,0.0762554716175857,0.21877330673116924,0.2796995801353876,0.19789113854776733,0.23080528352960492,0.6424456725688813,0.20034714983056554,0.22064929585351478,-0.02200839495484822,0.42314863306542,2.1692129851849e-5,-0.019125798321871786,-0.1139914060852331,0.033847362515760024,0.010304250665350668,0.016753319470976472,0.004622480589371399,0.03690499822992357,0.16525448719896546,-0.32723088173362386,0.0790466659149884
0.6162109091107402,0.3271003585095566,0.34350862529721476,0.26133018638483985,0.3295923499680038,0.3171152189424315,0.24983064875496186,0.9552460414751155,0.18536558510383042,0.30072378910589176,0.3551470180237467,0.296300800985759,0.2622091196984215,0.31530777738029725,0.26634093259201486,0.309695631242633,0.32920727843188,0.3259939833944975,0.3320401526442002,0.35399566170326735,0.21507073434033874,0.2575698249482709,0.2047546986035085,0.2680543765599694,0.38283894666360757,0.24649324686864094,0.29394585585725624,0.20526065583283074,0.2568697191033743,0.31772242416504703,0.27211939331205676,0.2801236660073088,0.28808443848582477,0.28016519135854734,0.17230813273333223,0.2800791794677836,0.33259522625771204,0.22867114017203122,0.3020453566138952,0.08242844013541253,0.23370707024798304,0.20704154654893842,0.3226956305072733,0.33347834284158456,0.38045192843707815,0.2549483321946536,0.3985296004849358,-0.010086071572085695,0.7254328464112504,-0.048924503985774546,0.0400198951350783,0.0840341677186251,0.0644404127194871,-0.12390767342098123,-0.09376908686133649,0.04610738853920968,0.09498374106995397,0.43106045104347535,-0.5533643175496017,0.009548968950804789
0.5248136559659218,0.3003348862797002,0.4552039848839889,0.21430423805110171,0.21276814591435653,0.28186583696066625,0.3920436021479604,0.18536558510383042,0.720050346937932,0.19225422764129133,0.23673927092779992,0.25003019852060354,0.21522394010495915,0.26082943253372104,0.24391839956360092,0.12789254660900443,0.29369599158232923,0.23637595470563194,0.20207159025224367,0.2767014148783073,0.35055192595583484,0.3827168419987773,0.16826440216071592,0.24767068178012897,0.194931289014477,0.3831212763730618,0.24140995426448797,0.1575121150067304,0.2627484412240829,0.13502222680791345,0.2624748029132647,0.27738228401192344,0.2550027471937351,0.2619006137974189,0.0713229787242339,0.3237273806569025,0.20384815759428132,0.18226311781309706,0.3165516260160624,0.08226105722315884,0.23576885264831027,0.2735142150994459,0.20693903598420116,0.19714059530018155,0.7683024672206878,0.27031382128169545,0.19174460655131392,-0.025142515510343636,-0.11296651750737662,0.062196248873547445,0.011560772900977078,-0.17580807918806282,0.07000570291544242,-0.029215527799383755,0.1336166160776154,0.037004239211004014,0.06200923783196073,0.07729879792333905,-0.332180467913453,0.14852144700444908
0.6332680086156649,0.4294822389488105,0.5106771866495914,0.22051296133399378,0.32698838275048264,0.2746628613399667,0.3043489217128837,0.30072378910589176,0.19225422764129133,0.9510995230228938,0.203632330793119,0.3180685960532425,0.22609919031093115,0.24584271614947056,0.32315083486187013,0.31098082498202273,0.2870643641619132,0.3654013517195517,0.25658070320802157,0.23609388004316578,0.2961521087425403,0.2394279610104886,0.21552729217803493,0.2914342412441261,0.2791018038911881,0.20063190265137862,0.269418066799531,0.23459211842799446,0.33504729914374376,0.25604676322737924,0.32900523977521046,0.2845243174575727,0.27047799453712246,0.43605367316357324,0.2395081376140263,0.4011681508482888,0.34307803265094416,0.1723994293722591,0.25679979210656684,0.06647311603932342,0.23589070553721705,0.24987549586580718,0.1367335152467199,0.31809637357408616,0.5980902227757887,0.2244723714483233,0.320309781357985,-0.03133255414689569,0.792552696699116,-0.07867193204890453,0.12784039465959252,-0.33570318373840097,0.12193756665978384,0.1359380089421596,-0.08289155656927129,-0.024989537825253445,0.13751061444367393,-0.11150385481635514,0.009132650666222328,0.08624282391485394
0.4324169705024318,0.30365515960599504,0.3511412473434443,0.2238057049944682,0.25729089852649095,0.28905116280927023,0.26434712063422666,0.3551470180237467,0.23673927092779992,0.203632330793119,0.452122451833839,0.28605508408051034,0.28572586981709913,0.247547962800382,0.37883773656641745,0.2474620927559147,0.313954783507947,0.23980236448627515,0.21595317418607382,0.29858592975162473,0.2717919459521092,0.2405344338397501,0.1883356219290975,0.24354540949140552,0.282954768297925,0.2609371230394309,0.2529576976670143,0.19181318895902186,0.3026330574279639,0.22226187206924852,0.23445145742926563,0.24131819361600326,0.2413778059581555,0.250579061178976,0.17005938035551174,0.30483840269530016,0.2634415277168472,0.1858032033347259,0.2731876728843433,0.07449138020368255,0.22728820057865187,0.23965912941118095,0.18587961824196023,0.28567028283515206,0.4254498408618729,0.22670783859266608,0.2543634787269162,-0.022308058470796508,0.27292750358904616,0.07777690154879,-0.09159635580235923,-0.08320743289506294,0.0534598738767775,0.020558061452718338,-0.050211309970701494,0.0172966468473806,-0.04117169078080117,0.052214448315660605,-0.08177142996189471,0.03827019985751583
0.7279618703258098,0.42091046289997935,0.45036130941399166,0.2708341069218408,0.34259216304346707,0.2465954119327864,0.43728730272035743,0.296300800985759,0.25003019852060354,0.3180685960532425,0.28605508408051034,0.8673757210874093,0.192920599622715,0.29947924764238026,0.24646263920772937,0.2350362412686443,0.318408339642517,0.3768807884650346,0.26932027824092636,0.21470390011236748,0.30273834879926087,0.2465752263326438,0.22306874429208065,0.2884421569419241,0.33551113973516355,0.18277940760475458,0.3066762678279412,0.20945867886134154,0.37782413734356796,0.20517388606334852,0.28871819534217447,0.318516765721815,0.3018052504683357,0.2911728339204184,0.14014941948130502,0.4564727951157325,0.13875306981748806,0.15693213802169498,0.187666138203967,0.10155828738767865,0.212537578447217,0.2126726505258838,0.15643511813053365,0.14428386483410716,0.6109176075424567,0.1956189178923362,0.287074928374637,-0.02033441116453811,0.9863109992626431,-0.20765388838707216,0.21186346935757902,-0.12507256656906113,0.013903271476803607,0.04215697418730962,-0.15244537789363288,0.02942162255303373,-0.025983159239423112,0.31760337312281056,-0.4094608177073999,-0.026471885894254577
0.4023856835485972,0.2747758197276014,0.31390876746001156,0.22379789783623147,0.26310536710611626,0.2363074698503165,0.22532046109822865,0.2622091196984215,0.21522394010495915,0.22609919031093115,0.28572586981709913,0.192920599622715,0.3880568148403997,0.24111726420116292,0.18351042099320508,0.23869908540336052,0.23682028373366582,0.18672651032312668,0.2215391805690951,0.2244750296590862,0.22083012274252306,0.2409924187709154,0.12295576674497308,0.2224538811415021,0.19398449235660886,0.2364793266030985,0.2197869058770402,0.16434496186455336,0.24923150206320605,0.1451424163267579,0.19972831562414883,0.22825836789972595,0.21483981201312813,0.23394109873141994,0.1507608119335754,0.26530302207697437,0.2097179788788036,0.1477376438660061,0.23634756714685978,0.06105025307661388,0.17836453473638525,0.19820415504925265,0.11940097004801482,0.20091415458599443,0.31642609774488967,0.18664164291851557,0.18513582316424415,-0.014952761432312249,0.2558990441827656,0.07239727466613297,-0.04830791866057055,-0.05587794117714838,0.03845660089539124,-0.027943122422811193,-0.01244833023481575,-0.032037088985575966,-0.06523431172940801,-0.1778626250604598,0.22100295845823853,0.003468510309918959
0.9034082815847548,0.19481201001219728,0.29096170341466543,0.29621131854884847,0.4028401914745968,0.3161313767507594,0.28848045656518934,0.31530777738029725,0.26082943253372104,0.24584271614947056,0.247547962800382,0.29947924764238026,0.24111726420116292,0.6742006087745667,0.41740818411598657,0.251088356286474,0.25328615518972336,0.20396368545593113,0.27474489683555686,0.38690045013531627,0.2542069764258103,0.2323500955622588,0.19175328683990228,0.40520531383342145,0.3042384961292262,0.3658135053530047,0.3027957070142014,0.23970095494643665,0.3540822667291665,0.35135249350184417,0.32529490428023417,0.45611325845350037,0.3693706203682817,0.27741991287502554,0.22023833239863377,0.3333072912250134,0.30087576513491787,0.259482346713625,0.35399614093248555,0.08887526618937792,0.28732501813085687,0.3005746686324964,0.20596009001985346,0.3670740657740072,0.489908974459308,0.2398850855243426,0.3296052261870136,-0.027342650816483894,1.0731717424725298,0.24404014455669265,-0.18345267124779882,-0.0540028190212156,-0.009557347548026817,-0.03127224418211794,-0.06169304472810925,-0.09570122245909218,0.16084274198308635,-0.049972801966905955,0.06739146850496086,-0.27432573668355437
0.5125411785198463,0.3873299008936169,0.5191871899680492,0.30303187604522425,0.3868692574432564,0.3258249316824947,0.25774850555082146,0.26634093259201486,0.24391839956360092,0.32315083486187013,0.37883773656641745,0.24646263920772937,0.18351042099320508,0.41740818411598657,1.2086283901315416,0.3034076989495185,0.32304833562368174,0.2555486975328431,0.275243290623299,0.3829938061271089,0.32932131498320716,0.20078760004551224,0.3426454780333152,0.36578261765706055,0.45176433164585295,0.2948729061259598,0.3082765356551683,0.27322590565308147,0.4166774118679065,0.47783680956122976,0.3412327735606419,0.30614799877934246,0.3745111646130127,0.37415839533619,0.24018619862099952,0.3760970268094795,0.4962917649654581,0.2535241225358233,0.47321373443708814,-0.0028104552407173596,0.37878095461252004,0.34935303844254606,0.28682795902726094,0.5715533294329859,0.4166672681057792,0.41641599298287696,0.3906114098544241,-0.03753050393276609,0.6235806056506891,0.43048190514878454,-0.369743892839309,0.12081935583827469,-0.0827546979738285,-0.12415322951932382,0.0022956349018826818,0.05578445397716948,-0.07360622923274725,0.029830694652472765,-0.014188302997295187,-0.18213454527892178
0.46750173390341504,0.32200828926036995,0.44064919401121627,0.2139717245671952,0.26497549464542436,0.2703946269164897,0.2678779651138106,0.309695631242633,0.12789254660900443,0.31098082498202273,0.2474620927559147,0.2350362412686443,0.23869908540336052,0.251088356286474,0.3034076989495185,1.3772790969522215,0.3507374919615421,0.3222298739943994,0.281019381750841,0.1397473892970459,0.21736209570210596,0.6121597477890728,0.5088509104705959,0.35036773309557634,0.5066380354387248,0.10346413251190303,0.35423508422657596,0.23900033001525847,0.3006006358075652,0.35210783661543016,0.23883956317925484,0.3532478252904661,0.3030589051528585,0.43589252010011165,0.2501513495931961,0.2820982092952085,0.2413872522414373,0.15798330472017513,0.3066429490539019,0.006375093653286099,0.2948901310102282,0.3911667882110715,0.30942989974837687,0.7339654619895579,0.03408236661163638,0.17757388343418368,0.3451523743602282,-0.01760286484045866,0.6136411154251484,-0.5615316237171912,0.19349700853277443,-0.20048990425056407,0.19537306224705517,0.062038015750882726,-0.15212431792356304,0.00018267904477616904,-0.0744360160759456,0.0287067141152681,0.15577515361649896,0.14545023051696632
0.4914868667191318,0.41868350845782065,0.486254336282643,0.24711220479306006,0.2680682227952372,0.33514272155645736,0.3248717024313156,0.32920727843188,0.29369599158232923,0.2870643641619132,0.313954783507947,0.318408339642517,0.23682028373366582,0.25328615518972336,0.32304833562368174,0.3507374919615421,0.6230383110075085,0.26368993221410264,0.2748456414857994,0.3594945132188917,0.3557521723087812,0.3436317852462594,0.213278136306713,0.3090258236666365,0.2919285102597932,0.2387441425560635,0.2754281618988343,0.3048400061618873,0.34350748731030384,0.2736436496130081,0.302208037889039,0.27454123291552374,0.3253115269060575,0.3241647562218594,0.2690063635702226,0.3796166454951078,0.4138500185951908,0.23060701867482913,0.32410877894499845,0.10633082889638669,0.2529482105217138,0.32910651033299276,0.24705380018497014,0.3957477233020955,0.6796805954354969,0.24973037686993835,0.30265386918368037,-0.024494943903913494,0.5023884509217338,0.099890425035112,0.025309128719009262,-0.10631844161061799,0.008743913425410659,0.010148547455923003,-0.16970379558180068,-0.05841410653330121,-0.04919141621168586,0.16452776191128599,-0.11947054934973532,0.07153655948363058
0.4498153607672979,0.6262096505896132,0.4616652816042787,0.2448451202262566,0.25142187945546396,0.2559217359663773,0.28834192637295886,0.3259939833944975,0.23637595470563194,0.3654013517195517,0.23980236448627515,0.3768807884650346,0.18672651032312668,0.20396368545593113,0.2555486975328431,0.3222298739943994,0.26368993221410264,1.111805329044967,0.24691526063145802,0.012766256325428318,0.3864126968342371,0.2777486084094674,0.4926572179276712,0.1716595172043548,0.3071447617456005,0.4868862090560785,0.16577618352346646,0.12921878872387557,0.3944342548812651,0.07299839436536189,0.40628412120964874,0.24609661576352612,0.21292024290692307,0.3587169044057062,0.03819534653732447,0.5844795693680155,0.06393742761995781,0.07251962383646363,0.42117012323510555,0.22060576107707552,0.4283701366147121,0.16347573358010842,0.3554816007187357,0.1760088028001684,1.2428184438053287,0.2850910295207164,0.5480244616534626,-0.027090821539941246,0.4055780564310494,0.06625992850964632,0.5572695911242707,-0.4863995117859557,-0.1040927245615318,-0.012772563885799995,-0.009359528034109553,0.04874563352460145,-0.13773621188410728,0.42991522932451837,-0.4770708683080434,0.03692818784472815
0.466378010115553,0.3448757432951795,0.4093754997534584,0.303680260491666,0.5089871505810601,0.3715150883677537,0.24218060250688037,0.3320401526442002,0.20207159025224367,0.25658070320802157,0.21595317418607382,0.26932027824092636,0.2215391805690951,0.27474489683555686,0.275243290623299,0.281019381750841,0.2748456414857994,0.24691526063145802,0.7532010594443553,0.18186949243247683,0.2561807890999423,0.2504539263762367,0.09409738390870329,0.30731346322780645,0.22456927136747434,0.15898132177917945,0.1981700312921101,0.30450691646309275,0.22890342237494918,0.19426732870766428,0.3198034562127739,0.29352422469976913,0.33771337201139406,0.3021202265571264,0.18104067070910182,0.25345844947394247,0.1938131085708789,0.15172905816507587,0.2451248564645789,0.04218614304280494,0.1296923835219449,0.24731880309715412,0.12995961356885188,0.28082528477835844,0.33108426232168847,0.22801876608641444,0.22700048975655565,0.004624349044441425,0.5418473035106792,-0.1432460691413065,0.3558313725466092,0.2212547465601863,-0.1569612152926299,-0.11259154000601292,-0.015162067672741322,-0.07688520454386305,0.09011947791777616,-0.025369015622301497,0.016417767583054493,-0.044077039031431585
0.5015228300967424,0.4096142688379109,0.3462005168274271,0.28954605196653643,0.2820524201334489,0.45159712059719215,0.2705359731056912,0.35399566170326735,0.2767014148783073,0.23609388004316578,0.29858592975162473,0.21470390011236748,0.2244750296590862,0.38690045013531627,0.3829938061271089,0.1397473892970459,0.3594945132188917,0.012766256325428318,0.18186949243247683,1.3544651239380165,0.26595580463341495,0.19877963135770677,0.06731725353124322,0.39116375282429916,0.3229425227437566,0.4267251747881554,0.407531738099664,0.317336986785617,0.41089937997341247,0.5356166307298533,0.2935382978722136,0.3076276061314849,0.3254978737435555,0.3516367777284575,0.444492564394384,0.27417463387874097,0.9200895340563111,0.6294344992275167,0.4389450074041703,0.23219370246472373,0.1604859993778582,0.42523962532814186,0.6311767690585125,0.35148728271304114,1.0941434472783131,0.2037581598767515,0.26495279627119916,-0.0006232424649186633,1.0737696059284443,0.1632532558069864,-0.5739326884396769,0.04867048184597821,0.16684423003706228,-0.0014628148366647542,0.05536527188899334,-0.13608649010693127,0.04825790409808986,0.1452099544741172,-0.10741888246886395,-0.06876398312223322
0.5139059447123001,0.5823723692972902,0.5009263921662978,0.2676040496558877,0.24787824115777998,0.3698217386979978,0.347401345439523,0.21507073434033874,0.35055192595583484,0.2961521087425403,0.2717919459521092,0.30273834879926087,0.22083012274252306,0.2542069764258103,0.32932131498320716,0.21736209570210596,0.3557521723087812,0.3864126968342371,0.2561807890999423,0.26595580463341495,0.7412198913117466,0.27499205784022746,0.24218699859357656,0.2569837068937973,0.24726225777060196,0.37194070172072563,0.23385848098501533,0.2746872586701785,0.4452238126074363,0.2819013982167617,0.3662289827893016,0.2934204856124449,0.23517303239151793,0.34651486530314274,0.3006010884098356,0.5045053739392589,0.2385428340765837,0.1933173975524355,0.5380248710404782,0.2422242100952868,0.46288309228773167,0.3007225649221301,0.28114403257119985,0.31806162086467954,1.3481118488320558,0.2769465325931171,0.36366838140606844,-0.03650730240450303,0.5047983201962716,0.15334575820506227,-0.017433392475605793,-0.22664782955952242,0.046476734069478935,0.0599489436329035,-0.03682495619268705,-0.05437393478286502,-0.12394413399729043,0.1616828389682668,-0.08445686827025078,0.21033462497968844
0.468485702590447,0.30044646067062813,0.4193826643660948,0.21151583307671049,0.2236761043119113,0.2957510534586291,0.32483369232218584,0.2575698249482709,0.3827168419987773,0.2394279610104886,0.2405344338397501,0.2465752263326438,0.2409924187709154,0.2323500955622588,0.20078760004551224,0.6121597477890728,0.3436317852462594,0.2777486084094674,0.2504539263762367,0.19877963135770677,0.27499205784022746,0.7185016473469178,0.337166683717063,0.26445739572019583,0.3178830063262492,0.233671047061626,0.2670511173080483,0.18301694862603843,0.29813734641094286,0.1926775099829851,0.22177315527409694,0.3043608150562685,0.23300265088299463,0.3516264911632909,0.16190363137363623,0.2964208375349497,0.18658829085591,0.1600740955662387,0.3035298237280406,0.05245023206743617,0.23573069254454784,0.3024970721409698,0.27162054549019177,0.41877489365860865,0.37363996258757676,0.19403964866916096,0.2437424328354406,-0.012485849002858575,0.22992410281960748,-0.24922013155959574,0.12775151076060948,-0.1998127331265967,0.10171566067214387,0.011786507533637053,-0.03585380526153401,0.019340098089588077,-0.05083331982762874,0.09243314358036844,-0.10476512236915213,0.15811693661607157
0.30550070000864277,0.3099468344802452,0.375810535552089,0.17723871225951332,0.17546170056602559,0.24664001623139056,0.20679550590774556,0.2047546986035085,0.16826440216071592,0.21552729217803493,0.1883356219290975,0.22306874429208065,0.12295576674497308,0.19175328683990228,0.3426454780333152,0.5088509104705959,0.213278136306713,0.4926572179276712,0.09409738390870329,0.06731725353124322,0.24218699859357656,0.337166683717063,1.4273286581714715,0.3840792120793187,0.5517828510885109,0.00569956017385424,0.16423604454955437,-0.051614126588579924,0.499562133961356,0.5193557970547613,0.13566940643084538,0.1912080717537323,0.2865867862692013,0.5108384805494154,-0.11660924519213142,0.6883900756415593,0.33229074662111474,0.09399325112516163,0.5531731319041203,-0.045794330070702806,0.4600747119554404,0.12342125503336947,0.34875767394401824,1.1527952796769365,0.05913901714152419,0.30760146112081116,0.4778449604122866,-0.008657421909495717,0.6269899031685402,0.022414547446875755,-0.13041445741183255,-0.20313922327205577,0.2172076659424573,-0.027578404043113985,-0.32393940098338164,-0.039288678713438996,-0.06996718941462793,0.22964536940128083,-0.052594161742887044,0.03838807950270544
0.6350750250901346,0.2880706590920032,0.4264416237939618,0.26895116394817026,0.3523268408839249,0.38609728612493305,0.2959357274848823,0.2680543765599694,0.24767068178012897,0.2914342412441261,0.24354540949140552,0.2884421569419241,0.2224538811415021,0.40520531383342145,0.36578261765706055,0.35036773309557634,0.3090258236666365,0.1716595172043548,0.30731346322780645,0.39116375282429916,0.2569837068937973,0.26445739572019583,0.3840792120793187,0.9829978202879449,0.3557138438650373,0.03213756703311062,0.3042167041186232,0.5289528209633712,0.37065618558875757,0.7991413137200725,0.37765519243974255,0.4202110062473881,0.9153656177502234,0.4602439968103722,0.3301156771418113,0.451745777901085,0.6804186327393993,0.28411528227311256,0.24513555294575762,-0.12962466510794918,0.1191926297003222,0.3419343055735859,0.22383479045170004,0.9320696230937766,0.01957598036033666,0.3139061251797216,0.5157413268666127,-0.053354646652733775,1.503937323530237,-0.12116889774494559,-0.19196932931057603,-0.009753495543815409,0.19229138830372353,0.025843783019560307,-0.13285443835919944,-0.2576921212826654,0.35009865113348404,-0.2650173181971293,0.2902664055602513,-0.025819232994312373
0.5446265647644208,0.33701511130388107,0.4008763524186006,0.22101517172749297,0.270021646726104,0.3087397404676503,0.27130096484590066,0.38283894666360757,0.194931289014477,0.2791018038911881,0.282954768297925,0.33551113973516355,0.19398449235660886,0.3042384961292262,0.45176433164585295,0.5066380354387248,0.2919285102597932,0.3071447617456005,0.22456927136747434,0.3229425227437566,0.24726225777060196,0.3178830063262492,0.5517828510885109,0.3557138438650373,1.177228616792115,0.09829288438746323,0.28097794397276216,0.18722877008498182,0.5180238775664318,0.49140618139072884,0.25069446259462796,0.2806625071442986,0.32184848108458547,0.44904291211266173,0.2526887410504258,0.40072242332176555,0.4075340806709901,0.22759471306322585,0.33150192046223187,0.012020091941373153,0.29665618274419303,0.2572206565327476,0.3563646560546721,0.6366273238876128,0.1583396575814951,0.3458055369218291,0.41122079674026385,-0.04182912533368251,0.8349702294969226,-0.4693989300516175,-0.3180540846106331,0.16189555926279153,0.2939607638416379,0.006355419735322634,-0.09672233417538957,0.04549963230130172,0.043666901882293774,0.11141835837711245,-0.17041650676877126,0.016938313716824343
0.41601705824920954,0.39988464840535404,0.3433438691897202,0.3135988176847591,0.2864790635944127,0.31517515850078814,0.2747822139637925,0.24649324686864094,0.3831212763730618,0.20063190265137862,0.2609371230394309,0.18277940760475458,0.2364793266030985,0.3658135053530047,0.2948729061259598,0.10346413251190303,0.2387441425560635,0.4868862090560785,0.15898132177917945,0.4267251747881554,0.37194070172072563,0.233671047061626,0.00569956017385424,0.03213756703311062,0.09829288438746323,2.26702818032716,0.3096591497736919,0.0379299309991797,0.05268443182631882,-0.4877185633292242,0.23504386944935496,0.3882152690882658,-0.0039339980176824555,0.11414751648161214,0.016684455134317648,0.19336159152567858,-0.5554928571337264,0.17829728279547394,0.568989414383545,0.3405468510718547,0.673779636993094,0.46693509500446684,0.3998881516293422,-0.1880615165516123,2.0337054805480994,0.08225878888895012,0.021114030276138573,-0.005178214400733445,-0.34203492463057966,0.6119447049863015,-0.09928958742304365,-0.3966263354643651,-0.23953611812252032,-0.0008121684196303984,0.18575464742269032,0.0016252725669969996,-0.35031298649582976,0.5417231878085282,-0.32540366357617945,-0.057000944444764244
0.5376553660150036,0.3769795737487222,0.4313269100835711,0.19487832555314033,0.2118780427491914,0.2741048543673924,0.27990827607066604,0.29394585585725624,0.24140995426448797,0.269418066799531,0.2529576976670143,0.3066762678279412,0.2197869058770402,0.3027957070142014,0.3082765356551683,0.35423508422657596,0.2754281618988343,0.16577618352346646,0.1981700312921101,0.407531738099664,0.23385848098501533,0.2670511173080483,0.16423604454955437,0.3042167041186232,0.28097794397276216,0.3096591497736919,0.9020620621264774,0.22498357758029597,0.24009144320792591,0.2060517340800189,0.2639644235236968,0.3340640263086205,0.324110692979995,0.25320963428382137,0.17157048000684186,0.3830750019322964,0.2963700294813887,0.2461916243738034,0.19427592480975076,0.058784860178331476,0.2846154442018969,0.30645952759136486,0.20022794384845957,0.1911408257643327,0.5635670172481602,0.223218787445913,0.1939158363369206,-0.020002783259681526,0.5025078010114978,-0.09682036249847492,-0.0918846738538074,0.002486345319435739,0.07790919591859258,0.023316106650893897,0.04400760895409379,-0.0338512059693587,0.1494387132806949,-0.0024013920472817137,-0.10759517525083118,0.03751660906191501
0.38585151790097794,0.2506916588866403,0.34823310181309436,0.15571528969174706,0.21057144272883016,0.2814140638390044,0.19499266224232661,0.20526065583283074,0.1575121150067304,0.23459211842799446,0.19181318895902186,0.20945867886134154,0.16434496186455336,0.23970095494643665,0.27322590565308147,0.23900033001525847,0.3048400061618873,0.12921878872387557,0.30450691646309275,0.317336986785617,0.2746872586701785,0.18301694862603843,-0.051614126588579924,0.5289528209633712,0.18722877008498182,0.0379299309991797,0.22498357758029597,1.194015688647106,-0.02260345204276304,0.5504143246189191,0.48226325703612766,0.2926298811711724,0.8290972526252361,0.21328576979888145,1.0072000816094586,0.31018479631412216,0.6543535263492748,0.23422725762182522,0.1643517492851151,0.028457073017086148,0.1473918380649854,0.2501782996168786,0.15711810146042057,1.0218755659664396,0.11383250115139829,0.16787050900535674,0.328753758383712,-0.03958349872517333,1.392921315690801,-0.0407807417533848,-0.029034458753960376,0.3830416228685648,-0.3985873371843137,0.08798159692930184,0.044731850420421305,-0.11213664374027882,0.32543605321966235,-0.47687847262920374,0.33162824472516195,0.03506283679805091
0.57322923443262,0.6993706627551963,0.46478832024418937,0.3988473212619845,0.4056378917142378,0.43289600343728574,0.3488476344466617,0.2568697191033743,0.2627484412240829,0.33504729914374376,0.3026330574279639,0.37782413734356796,0.24923150206320605,0.3540822667291665,0.4166774118679065,0.3006006358075652,0.34350748731030384,0.3944342548812651,0.22890342237494918,0.41089937997341247,0.4452238126074363,0.29813734641094286,0.499562133961356,0.37065618558875757,0.5180238775664318,0.05268443182631882,0.24009144320792591,-0.02260345204276304,2.6826252126236327,0.31585802826157644,0.17988003337389852,0.2981116116943006,0.04478043461069937,0.848529517024623,0.035053785657056837,0.9631183738397311,0.2877324022765971,0.13404658553956844,0.5837689275703113,0.236335332963079,0.6552939903908687,0.10851194540187668,0.3836091846139965,-0.30383840651362787,0.6590166557447735,0.4261581414961642,0.3198885281610064,-0.08557572091355597,0.4939835186186095,0.6274877513193229,-0.905319108296818,0.17317849258088736,-0.1255226458812047,0.012341405866382726,-0.058985024802736194,-0.1998847772979527,-0.3364753516779526,0.615904442061281,-0.31827992429614493,-0.21851346098233415
0.5374316239488093,0.2415596226394757,0.08254220612947118,0.2132444993900421,0.19842530444565726,0.3132809810699273,0.19264483255252077,0.31772242416504703,0.13502222680791345,0.25604676322737924,0.22226187206924852,0.20517388606334852,0.1451424163267579,0.35135249350184417,0.47783680956122976,0.35210783661543016,0.2736436496130081,0.07299839436536189,0.19426732870766428,0.5356166307298533,0.2819013982167617,0.1926775099829851,0.5193557970547613,0.7991413137200725,0.49140618139072884,-0.4877185633292242,0.2060517340800189,0.5504143246189191,0.31585802826157644,2.8910290744048304,0.29239598922347676,0.23090075782812708,0.5103507564125127,0.2167335175710262,0.8941008031583921,0.38290119312030313,1.0797203168000071,0.423981156849933,0.5502315475239989,-0.11499340204705952,0.8054421063455239,0.3317668456039112,0.9722090763321408,1.380322081234675,0.31999294601819644,0.491206041609788,1.4300596331621458,-0.061600473774662115,2.413306394434083,-0.20813748149144173,-0.23570345459826036,-0.22872097255617738,0.44880820939546234,0.06548857712635882,0.023548898946950288,-0.3074251583902366,0.11609423852907405,0.31823463412603054,-0.008247651374435358,-0.01943430132331452
0.5953780375912212,0.32778365174603596,0.44441033944345276,0.20318272742742638,0.3085609394141898,0.3081655087538619,0.2839467010530918,0.27211939331205676,0.2624748029132647,0.32900523977521046,0.23445145742926563,0.28871819534217447,0.19972831562414883,0.32529490428023417,0.3412327735606419,0.23883956317925484,0.302208037889039,0.40628412120964874,0.3198034562127739,0.2935382978722136,0.3662289827893016,0.22177315527409694,0.13566940643084538,0.37765519243974255,0.25069446259462796,0.23504386944935496,0.2639644235236968,0.48226325703612766,0.17988003337389852,0.29239598922347676,1.106731170771546,0.3856387168985547,0.5348716852832003,0.40405518719031586,0.40469299386727836,0.6118970170959561,0.34470212089136903,0.2980587394973897,0.40336301876378555,0.1407403330911349,0.14164663880595638,0.3151185539127648,0.06643984765940414,0.3890775597104576,0.8154487570137209,0.3058994180096902,0.37601174886701005,-0.03593493263879671,1.0953499502103492,0.027565930942009178,0.2001688696026194,-0.13095981457538639,-0.043208834065305485,0.015567467360828008,0.12135467458469243,-0.006052061140998932,0.3817874056913649,-0.4397636628682534,0.03125847656288875,0.041939686917207
0.7280117365504846,0.19110949576592962,0.3712400455905989,0.20144065673034783,0.3038435403749128,0.33656934478842726,0.3083853808979654,0.2801236660073088,0.27738228401192344,0.2845243174575727,0.24131819361600326,0.318516765721815,0.22825836789972595,0.45611325845350037,0.30614799877934246,0.3532478252904661,0.27454123291552374,0.24609661576352612,0.29352422469976913,0.3076276061314849,0.2934204856124449,0.3043608150562685,0.1912080717537323,0.4202110062473881,0.2806625071442986,0.3882152690882658,0.3340640263086205,0.2926298811711724,0.2981116116943006,0.23090075782812708,0.3856387168985547,0.6468141149422545,0.28347486428839136,0.3550013533141928,0.20069334547371653,0.398006347675544,0.13668360984878045,0.23859021744699713,0.30642476538350744,0.10933111680590768,0.2945272630971622,0.32001544051120195,0.08730938845958425,0.2979632188376649,0.5444343791924908,0.21446837772714214,0.27289400862109625,-0.029291537853435617,0.9491955488597986,0.00031696744387495787,0.04087205631657103,-0.015742726964355455,-0.10408471791231297,0.09295325079700437,0.011985204579781458,-0.10522556875886149,0.5847261484462439,-0.4672678481244946,0.06071154100253202,0.10615857791151857
0.6744330957876823,0.3479197813720386,0.5212218773485673,0.2617227546411488,0.36657840460987934,0.3375824474232999,0.30269549585962996,0.28808443848582477,0.2550027471937351,0.27047799453712246,0.2413778059581555,0.3018052504683357,0.21483981201312813,0.3693706203682817,0.3745111646130127,0.3030589051528585,0.3253115269060575,0.21292024290692307,0.33771337201139406,0.3254978737435555,0.23517303239151793,0.23300265088299463,0.2865867862692013,0.9153656177502234,0.32184848108458547,-0.0039339980176824555,0.324110692979995,0.8290972526252361,0.04478043461069937,0.5103507564125127,0.5348716852832003,0.28347486428839136,2.016083345145445,0.11942454933768017,-0.04432747873225411,0.30122350255304386,0.8695030711259121,0.2691420100974309,0.027070051690416833,-0.3489315402069668,-0.4088968657306498,0.42753426360699437,0.06772815694068117,1.3181383617329843,-0.4308592840934167,0.3681403041400909,0.4423042966234243,-0.08253005713192772,1.7030457617622932,-0.16635246313450597,-0.10618206729846133,0.006755121670798718,0.22034148264702622,-0.11116627530637159,-0.15418117929540276,-0.10751440209246506,0.14316342684516442,-0.14781278540449946,0.2857524546878216,-0.17125963335561495
