1.013266609543565,-0.002959356441534723,-0.0032452621455084014,-0.003358290262217505,-0.0032988466944340465,-0.003559583483586135,-0.0037738052190792056,-0.0019377444626925925,0.00010721028296395734,0.0023208196095531055,0.004120281744562372,0.0054520073799659745,0.0060076079247407795,0.0057786168045331114,0.0042470696927553245,0.002751589771167473,0.0015426307656906094,0.001125302943774149,0.001097040783392306,0.0011119791640794646,0.00099726858008384,0.0006750119426317141,0.00031888482876565004,-7.177629421882165e-5,-0.0003768126220066925,-0.0005875872216883111,-0.0007220539970318682,-0.0008637452705734311,-0.001002210786848887,-0.0010690349814968928,-0.0010469971251623254,-0.0008590519968354078,-0.0005517664706195801,-0.00022330158619988458,0.00012645135261194268,0.0004110421292016326,0.0005957521131915722,0.0006700979722162803,0.0006676024561966961,0.0006037430542555445,0.0005225362742994885,0.00046012263168979936,0.0004538086662368111,0.0003068786551104391,0.00020611803492335117,0.00012762477402783562,7.859013388106885e-5,4.104792008148459e-5,1.9926008071296133e-5,0.00012166648895567888,-0.00024150236732235091,-0.00033992488694272653,-0.00033756360248592127,-2.069794682157561e-5,-4.362864062497232e-5,-0.00016717511365476394,-0.00035931970581872837,-0.0001667655177717287,-7.188775103286612e-5
-0.002959356441534723,1.012601162506583,-0.003796065272000717,-0.0040385552279713745,-0.0041477441350815224,-0.004554718087416148,-0.004920161319442446,-0.002990942339094167,-0.0005962372882514232,0.0023770125548863265,0.005038105528938334,0.006703362592688966,0.007006587762702065,0.006411068771287998,0.0045026190804844,0.002696711687186145,0.0014544499288920672,0.001316658592229845,0.0017444532523265685,0.002081959205195944,0.0018939009339624467,0.0012625381972752158,0.0005527198671632062,-4.1398714573562653e-5,-0.00042103051654150117,-0.0006328250450668413,-0.0007436665542901588,-0.0008855928155424953,-0.0010309565476093968,-0.00110220655345036,-0.0010836256587257165,-0.0008949705906180976,-0.0005817930801226789,-0.00024605367799459226,0.00011690589801326221,0.0004117159644458761,0.0006049823367294621,0.0006897369574337878,0.000695212853208238,0.0006363391770834052,0.0005599274358168432,0.0005037420452053348,0.0005097714190665157,0.0003391244708029736,0.000223077707604553,0.0001352664684547217,8.137725396303637e-5,4.1444391710040806e-5,1.9311566893341384e-5,9.554108641892877e-5,-0.0002906857787136228,-0.0003924482402863053,-0.00040332856824331693,-7.08329895515255e-5,-2.0741069573927637e-5,-0.0001629351676861673,-0.0004064934746201931,-0.0002152680356399151,-9.488762370743653e-5
-0.0032452621455084014,-0.003796065272000717,1.0114540515455592,-0.004974273308816784,-0.00542847662188985,-0.006096708898951979,-0.006738138128291077,-0.004584626480973059,-0.0016456886382225512,0.002463255476326316,0.0065232842977861055,0.00861430269807091,0.008288013841155533,0.007017775381332534,0.004635036930048656,0.0024781413084862245,0.0012906372751653196,0.001604869398808298,0.002734451554058925,0.003566457491383885,0.0032623760020177206,0.0021598543042109122,0.000905829581716785,9.08941405130272e-6,-0.0004790317123169287,-0.0006870125155107446,-0.0007586822291475783,-0.000897777297370926,-0.0010471621147389084,-0.0011214471406864209,-0.0011091780938968909,-0.0009238819048609387,-0.0006111227263948142,-0.00027766131944785197,9.244672965100639e-5,0.0003927595617069074,0.0005931993228725528,0.000694891427019166,0.0007146544932352922,0.0006671780909544914,0.0006027241537003666,0.0005599311687494793,0.0005875364057448974,0.0003822811693421575,0.00024483680904870787,0.00014466114909868853,8.453119662542682e-5,4.1747794433740945e-5,1.8477616229771427e-5,7.124590921826489e-5,-0.000336900432205568,-0.00044034758135181836,-0.00045494693484185813,-0.00010361621977183627,1.2718501430134318e-5,-0.00014444230860382964,-0.0004591986412893292,-0.00027689203375920365,-0.00012432027307597522
-0.003358290262217505,-0.0040385552279713745,-0.004974273308816784,1.0099895315105716,-0.0071815212996702085,-0.008534047283676247,-0.010045073624014519,-0.006310812214452722,-0.002239403293309802,0.0030587249566830462,0.008581271368465633,0.010859936333330817,0.009437115271698217,0.0072924507240657846,0.0044250682788777185,0.0018674805371097288,0.0008882205023161026,0.0019210124719445062,0.0040939538954409965,0.0056356066950231185,0.005194742057444346,0.003442964300682397,0.0014301731958749437,0.00013680829271162337,-0.0004983858340030444,-0.0006941119910606705,-0.0007216566645559833,-0.0008570240894906935,-0.0009905658544302979,-0.0010604410109993103,-0.001048826492611215,-0.0008761316440504713,-0.0005976619324047921,-0.00032051327836009905,1.1396862093320815e-6,0.00025541423448172535,0.0004317789756574928,0.0005631920330709946,0.0006215197211345698,0.0006248506536800135,0.0006213729765411221,0.0006458073494123315,0.0007632125628440757,0.00048125076417332847,0.00029902239598710386,0.00017362088641899613,9.934116516645616e-5,4.959770190075707e-5,2.251291763346723e-5,0.00015613677762647265,-0.0003100262107806172,-0.0004357759845117203,-0.000437333711940713,-4.873300538242152e-5,2.5132973560165044e-5,-0.00015333291532785556,-0.0005149219000574062,-0.0003533228069293805,-0.00015261631462580423
-0.0032988466944340465,-0.0041477441350815224,-0.00542847662188985,-0.0071815212996702085,1.0062888670637526,-0.012131650119305254,-0.01518036605029813,-0.009075913125072645,-0.003181530619290527,0.003716466120175997,0.011691447308292677,0.014043805772574013,0.010628620436847149,0.007115529791133269,0.0037788204181257038,0.0008388213980448177,0.00030885353801417736,0.002415660964194642,0.006068713153113889,0.008655605391177849,0.008029947469227965,0.00536390757717362,0.0022582510482440357,0.0004071028443799142,-0.00043931501723089723,-0.0006256972359809954,-0.0006023875177474249,-0.0007419253398083514,-0.0008466074295574961,-0.000904563568609599,-0.0008939001763158601,-0.0007382535796521968,-0.0005213152623922997,-0.0003569829297605506,-0.0001345540882130566,2.3998241593172483e-5,0.00014599096916836793,0.0003246587911495078,0.0004424871082487904,0.0005261812487549599,0.0006174989833137461,0.0007437504622010625,0.0009971994750771034,0.0006061341859924753,0.0003641627610438722,0.00020726830739864577,0.00011566561985445826,5.801906196699433e-5,2.665879287017788e-5,0.00027073649811953606,-0.00024912891279065696,-0.0004079228159161202,-0.0003640159203599901,6.649915738071549e-5,3.318009570216571e-5,-0.0001890709965263537,-0.0006069381253222839,-0.0004724697147256211,-0.00020145569974272783
-0.003559583483586135,-0.004554718087416148,-0.006096708898951979,-0.008534047283676247,-0.012131650119305254,0.9998278261745078,-0.02150100361985998,-0.012935097765370395,-0.004952342213672426,0.004362618740836211,0.015403100586079604,0.01794453656400926,0.012439359004875482,0.00808288054827968,0.004170019859023229,0.0005452326119238455,2.169726323776368e-5,0.0029901724727265833,0.0077718108608502865,0.01120163887908512,0.010476427745803573,0.0071343788872190094,0.0032314429521666434,0.000936689046645709,-0.00010978400662158154,-0.00032800101333850724,-0.0003339685985239139,-0.0005108601044466338,-0.0006155808577958346,-0.000672437055725613,-0.0006381881342981424,-0.0005322165952852113,-0.000406870611813816,-0.00040214739024168597,-0.00030245961695826224,-0.00027442107110900774,-0.00022793538467770095,-1.0929825562119978e-5,0.00016286930405242113,0.0003444963249503875,0.0005554175076073609,0.0008382689273355963,0.0013126160948125731,0.0007860284106367529,0.00046541522965451936,0.00026336868237984305,0.00014610587443435367,7.452148052917177e-5,3.539124190840325e-5,0.0003909151867053162,-0.00022387122247009925,-0.0004334263373141256,-0.0003601832044474844,0.00017111917890908022,7.201408596856624e-5,-0.0001855192458222117,-0.0006565879915427965,-0.0005348175330913637,-0.00023377413668748472
-0.0037738052190792056,-0.004920161319442446,-0.006738138128291077,-0.010045073624014519,-0.01518036605029813,-0.02150100361985998,0.9848283642096641,-0.02018587475658211,-0.009559404473698775,0.005407043720067133,0.021163262684935617,0.023733596781210852,0.014759500654431192,0.009672921290628736,0.0049149317477977525,0.00033566608102680845,-0.00038189772709498916,0.003837949564726714,0.010033828510316083,0.014675843815474135,0.0138613000688956,0.0096710068097935,0.004754118838801206,0.0018921443712820616,0.0005769295300874862,0.0002953237487676868,0.0002078893814404626,-3.721360327609233e-5,-0.00013829506174969336,-0.00018730911563595137,-0.00010867280912997451,-8.307852315119435e-5,-0.00012872233076537866,-0.00042298310085929215,-0.0005579624367906215,-0.0007835786894790853,-0.0008884172583748914,-0.0006229620521321484,-0.0003681167127913238,-2.8505894628754628e-5,0.0003762750389533053,0.0009151835094803905,0.0017515112514147246,0.0010320249140134935,0.0006015937202123846,0.0003382809709613249,0.0001861688242499202,9.623588608761159e-5,4.676686961132929e-5,0.0005248531601550842,-0.00020410744441195955,-0.00047076000103170746,-0.00036871492320722694,0.0003948873796773224,5.432336829309347e-5,-0.0003491301157778789,-0.0008247170441145707,-0.0006949228345663923,-0.00029534945598983214
-0.0019377444626925925,-0.002990942339094167,-0.004584626480973059,-0.006310812214452722,-0.009075913125072645,-0.012935097765370395,-0.02018587475658211,0.9741631551278417,-0.03728083020062664,0.00580569097432981,0.023346403645451066,0.02654310982028293,0.021331877869789014,0.014431969817776131,0.0067760964754868345,-0.00035698849330679535,-0.0025921380508740046,0.0004702016656531849,0.005929172241088807,0.010260970971596568,0.010266572836728998,0.007476490827744254,0.004064646104035158,0.001969636935322838,0.0010125719794933298,0.0007800878692806554,0.0006845528943796757,0.0004629739009079353,0.00021890003635664855,0.00010099279717276077,0.00011257209865695404,-7.801719854465298e-6,-7.377970457061896e-5,-0.0001769950915614991,-0.00013043100291778255,-0.00018218968433235985,-0.00019321260400661827,-0.0001311139315351188,-9.505027824306835e-5,-2.4416111178125867e-5,6.951208089187506e-5,0.00029179400968320476,0.0007310093849675194,0.0004194921674831442,0.00022431035575873364,0.00010558500438984035,4.3696892640596344e-5,1.0088024450179871e-5,-5.008398212782047e-6,-0.0003841280152040333,-0.0005172785333445154,-0.0005542500105170903,-0.0006702074228602114,-8.427673859818864e-5,1.981112159586218e-6,-0.0005477511818543707,-0.0007073720929086817,-0.0005021253708754267,-0.00016932688253605967
0.00010721028296395734,-0.0005962372882514232,-0.0016456886382225512,-0.002239403293309802,-0.003181530619290527,-0.004952342213672426,-0.009559404473698775,-0.03728083020062664,0.9690224333432742,-0.014960007778409421,0.00402601515586757,0.02183544888026811,0.026640455123393393,0.022267794142209574,0.00985638071927572,0.00012891088046125274,-0.004257344115805591,-0.0016250921499675062,0.003632757646697157,0.007769295250774834,0.008071445461898205,0.005945792857809015,0.0033343155597243446,0.0016764993151390573,0.0009495524791599292,0.0007893717390972106,0.0007295567939708908,0.0005771869615421894,0.0003026586347832858,0.00016739341267082975,0.00015237042005033838,-2.433047402551361e-5,-7.696696066626408e-5,-4.4252470879440714e-5,0.00010400102121329608,0.00016430572595560304,0.00020936993229827137,0.00015245358136801882,6.879680235063143e-5,-9.741832125549098e-6,-8.484340705670604e-5,-4.148915585753597e-5,0.00016025750637961561,8.308579099958683e-5,2.5305763947044214e-5,-1.0707858268820508e-5,-2.2918044194836304e-5,-2.751714431414465e-5,-2.574688274727652e-5,-0.0006363073394939268,-0.00031032741390602447,-1.0028563192025887e-5,-0.00041746640017278024,-9.130378435140139e-5,-0.00011413607551425761,-0.0005022535070964052,-0.0004294670224879879,-0.00021134357167571213,-0.00010911485279959529
0.0023208196095531055,0.0023770125548863265,0.002463255476326316,0.0030587249566830462,0.003716466120175997,0.004362618740836211,0.005407043720067133,0.00580569097432981,-0.014960007778409421,0.9487846328757118,-0.048633747214652495,-0.00569171962157784,0.026382921860795702,0.026831468282734545,0.012468403564458703,0.0005461763773202253,-0.004006617670458938,-0.0015743112033297423,0.0036328018348406217,0.007326570053023998,0.0073302004524899355,0.00523094675351486,0.0028134769926010557,0.0013127226426375763,0.0006868995786009004,0.0005713976602090967,0.000557909089427696,0.000460060717540686,0.0002226564196559842,0.00010645867358221891,8.932188652184276e-5,-3.439811214889406e-5,-4.056824306794977e-5,5.035822640734741e-5,0.00022675474174587232,0.0003198027653066009,0.0003773000592388555,0.00028989817352475687,0.00016400362407640115,2.411648118258555e-5,-0.00012107365410406995,-0.00017805000478155134,-0.00013198656563711,-8.785553096305472e-5,-7.266701242650888e-5,-6.4121979829826e-5,-5.0914215857243423e-5,-4.1184333064922936e-5,-3.176026144811882e-5,-0.0005026428046809928,0.00017453086075430946,0.0007396142998523068,0.00020082457356550043,-5.496778453304644e-5,-0.00012299819182042682,0.0004520235943639454,0.00023212506893817618,0.00024279450051433886,-0.00013526714840531853
0.004120281744562372,0.005038105528938334,0.0065232842977861055,0.008581271368465633,0.011691447308292677,0.015403100586079604,0.021163262684935617,0.023346403645451066,0.00402601515586757,-0.048633747214652495,0.9319531737868301,-0.05639012168862094,0.00421797273328926,0.02155464709917735,0.00916845244627539,0.0016822777998934829,-0.0015519121700241576,0.0014980784690452479,0.0061079786831671114,0.008523223300911516,0.0075711006720375965,0.005016153158174982,0.0024206485664381347,0.000911301817363037,0.00033228958928841585,0.00028051629731786366,0.0003402986232638338,0.0003089204252028875,0.0001274470926823737,3.4597994597491966e-5,6.08689776309257e-6,-8.86106890767074e-5,-5.3009245871060416e-5,9.950428136792806e-5,0.00027176399510713835,0.00039115980177776595,0.00044725872761125935,0.0003443995743864982,0.000213976606274929,5.2083703216407444e-5,-0.00011233171756227858,-0.00021299189153297976,-0.00023491747159643008,-0.00015903682808023254,-0.00011386171643952703,-8.444017037281697e-5,-5.969931321555903e-5,-4.366129902699414e-5,-3.128235589468913e-5,-0.00027690638052736385,0.0006424193907851497,0.0012757281280062127,0.0008590001211944847,-2.6320343090098726e-5,-0.00011089232667670436,0.00017129509932090758,0.00010296719178373353,0.00019297002387562732,-0.00017399131589053527
0.0054520073799659745,0.006703362592688966,0.00861430269807091,0.010859936333330817,0.014043805772574013,0.01794453656400926,0.023733596781210852,0.02654310982028293,0.02183544888026811,-0.00569171962157784,-0.05639012168862094,0.9361424046660524,-0.047656698564611716,-0.01683979614802702,-0.002116143954696246,0.0005403103301671496,0.0029740516048145558,0.0062945723779068,0.010139971405022156,0.011497930381158932,0.00929414430378064,0.005724082092900555,0.0023394834572018114,0.0004966345477774146,-0.00011238493671118593,-6.865500942723388e-5,0.00013152761552689501,0.00022096687832249577,0.0001585171756917806,0.00012452322104052174,0.0001174343664536883,9.12044717575297e-5,0.0001238107603365529,0.00020401261477196413,0.00029962005682094943,0.00034672765519509145,0.00035650216353146546,0.00026167209656506764,0.00013434365786985311,-1.9000578858227086e-5,-0.00018122802099594461,-0.00031694671090330185,-0.0004320540694794109,-0.0002805131130908445,-0.00018701524674483234,-0.00012462802367245657,-8.151744766595125e-5,-5.3722377756384995e-5,-3.528570961030723e-5,-3.176763602804209e-5,0.0010263592968425838,0.0014106612290995073,0.001398516360216853,0.00022547652177364958,-7.2301838870864706e-6,9.99283169595267e-7,-5.505913731771101e-5,8.325046759014894e-5,-0.0002677957539328737
0.0060076079247407795,0.007006587762702065,0.008288013841155533,0.009437115271698217,0.010628620436847149,0.012439359004875482,0.014759500654431192,0.021331877869789014,0.026640455123393393,0.026382921860795702,0.00421797273328926,-0.047656698564611716,0.9257818493077863,-0.06675694648527182,-0.02725981160329318,-0.0056832328943946684,0.00610675681209301,0.011765545995943373,0.014952579899827873,0.014988918296697655,0.011448733709057612,0.006729133960409651,0.0023977609726153607,0.00011846596899386803,-0.0005652101718438223,-0.00042372508414285925,-7.68871727435326e-5,0.00013698249122158919,0.00018707041334957176,0.00020487547569319258,0.00019627178811199277,0.00019340453080491607,0.00022504405564991963,0.00027784409758815996,0.0002950565182119975,0.00029743622138198354,0.0002624261505854481,0.00016442071867364672,4.9152311698894824e-5,-9.175678886901093e-5,-0.00023752059664670222,-0.0003785832891236971,-0.0005144878953774477,-0.0003503014487816325,-0.00023244078822512503,-0.00014880954102139337,-9.372350130446136e-5,-5.811942266677831e-5,-3.593382416373331e-5,0.00030452873036744207,0.0013240490231719443,0.0012192350681072717,0.0017746382126923963,0.0008629082807603467,5.5329246898752614e-5,9.835271888918867e-5,-0.00010413816166303773,-2.8733419958679327e-5,-0.00035716574783880374
0.0057786168045331114,0.006411068771287998,0.007017775381332534,0.0072924507240657846,0.007115529791133269,0.00808288054827968,0.009672921290628736,0.014431969817776131,0.022267794142209574,0.026831468282734545,0.02155464709917735,-0.01683979614802702,-0.06675694648527182,0.9354850938207756,-0.05057176482832457,-0.018329605279479935,0.0036102637373584497,0.013325491898716813,0.018111213331331984,0.018668873170742405,0.014504520945967337,0.008408486645695568,0.0025590337865578575,-0.0004918098222099172,-0.0013182142694429097,-0.0010072173761851082,-0.00040629388976103417,8.984345195895425e-6,0.00021889535581841923,0.0003103132083862089,0.00033183960561215277,0.00037558639085643914,0.00038035085355879217,0.00034737501581280503,0.0002810949793323885,0.00020781980030666608,0.00013054971800368668,3.950101475696113e-5,-6.560919002184414e-5,-0.0001834344989231358,-0.0003109233899916959,-0.0004624856303678575,-0.0006619393551058979,-0.0004371663593308526,-0.0002826547506123308,-0.00017451484676507566,-0.0001063813195806495,-6.244019562566055e-5,-3.627277656689151e-5,0.00037932266911271594,0.0012417124763449818,0.0008462895375411748,0.001686436768592163,0.0010690237493867728,8.460118846395774e-5,5.3458878357715746e-5,-0.00016615892060536483,-0.0002422623522504378,-0.0004626111458691187
0.0042470696927553245,0.0045026190804844,0.004635036930048656,0.0044250682788777185,0.0037788204181257038,0.004170019859023229,0.0049149317477977525,0.0067760964754868345,0.00985638071927572,0.012468403564458703,0.00916845244627539,-0.002116143954696246,-0.02725981160329318,-0.05057176482832457,0.9708784857340429,-0.0233054524004316,-0.004161939805982328,0.00846393396381044,0.017067846392950333,0.020192484231352007,0.01670690627390695,0.009733984416144013,0.002494119976732961,-0.0013268437584672472,-0.0022715842252774934,-0.0017543648974503601,-0.0008571617712101944,-0.0002038547028015634,0.00018782761022597801,0.0003630354228002271,0.00040862792942797507,0.0004889490413578676,0.00047782607503688566,0.00039563809466986767,0.00024564511900062544,0.00012275377420681207,5.670816802822189e-6,-8.079082377627685e-5,-0.00016788925981542143,-0.00025784170731458627,-0.00035841067812000127,-0.0005053795530693214,-0.0007387367316391253,-0.0004907025420258805,-0.00031306984943764514,-0.00018743830312430626,-0.00011046508304067947,-6.11427705185799e-5,-3.288875025404306e-5,5.386689563407302e-5,0.0006076049986232505,0.00038265977469689906,0.0008785841068917452,0.00042127674613101466,6.276925031005154e-5,-8.741331918946541e-5,-0.0002690059979951598,-0.0004775984784530503,-0.0005554139463936741
0.002751589771167473,0.002696711687186145,0.0024781413084862245,0.0018674805371097288,0.0008388213980448177,0.0005452326119238455,0.00033566608102680845,-0.00035698849330679535,0.00012891088046125274,0.0005461763773202253,0.0016822777998934829,0.0005403103301671496,-0.0056832328943946684,-0.018329605279479935,-0.0233054524004316,0.9956951170365815,-0.010498189655566743,0.0010929406085781561,0.012825514668798981,0.01891532921891205,0.016698734931894138,0.009786511762241943,0.0021377864909530703,-0.0018930568598707373,-0.002805062545327669,-0.002136719866882397,-0.0010637449025055652,-0.0002617380982839546,0.00025668332200424673,0.0004913718928597796,0.0005570075305940361,0.0006409411800063991,0.0005857107430684341,0.0004299103114990369,0.00019609113035609795,4.497912252641546e-6,-0.00015074420739966373,-0.00023884658670286917,-0.0003076961386042391,-0.00036536363502491314,-0.0004309366768903019,-0.0005631501360798406,-0.0008178214759316022,-0.0005350850223182493,-0.0003361393942716829,-0.00019634351978766734,-0.00011275322088302445,-5.90845879634028e-5,-2.9285648044653765e-5,-0.0003149172847981024,-2.9210093812041943e-5,3.8813804984221583e-5,5.300646314100458e-5,-0.0003200884639169519,5.173951071757204e-5,-0.00011642951029050112,-0.00027198257401115364,-0.0005356868084591236,-0.0005430284984429764
0.0015426307656906094,0.0014544499288920672,0.0012906372751653196,0.0008882205023161026,0.00030885353801417736,2.169726323776368e-5,-0.00038189772709498916,-0.0025921380508740046,-0.004257344115805591,-0.004006617670458938,-0.0015519121700241576,0.0029740516048145558,0.00610675681209301,0.0036102637373584497,-0.004161939805982328,-0.010498189655566743,1.004896776499275,-0.005180569885186716,0.0029427877549946134,0.00838485033723523,0.008009948187446724,0.004531856334883599,0.0004303710604532069,-0.0016689040961812632,-0.0019667058502528915,-0.00140583951774623,-0.0006374499344028397,-7.048477844993971e-6,0.0004414094224356859,0.0006492082444353243,0.000704899733034561,0.000752324148475869,0.0006409338586369689,0.00043553184845059745,0.00013872646208800527,-9.623668293216545e-5,-0.00027906751916496235,-0.00037257927397650413,-0.00042928593553773437,-0.0004558073166053353,-0.0004901608498037622,-0.0005942176216239541,-0.0008487744849605757,-0.000545881300651616,-0.0003368371126457116,-0.0001920901347083145,-0.000107304981272935,-5.301131378503063e-5,-2.3720347435168116e-5,-0.0005057204815551888,-0.00040780907615002343,-0.00022243264410050064,-0.0004447845382236356,-0.0007358404327977076,1.5366811390495856e-5,-5.241864304319765e-5,-3.7347620848234605e-5,-0.0002693618275198169,-0.00027606037136095453
0.001125302943774149,0.001316658592229845,0.001604869398808298,0.0019210124719445062,0.002415660964194642,0.0029901724727265833,0.003837949564726714,0.0004702016656531849,-0.0016250921499675062,-0.0015743112033297423,0.0014980784690452479,0.0062945723779068,0.011765545995943373,0.013325491898716813,0.00846393396381044,0.0010929406085781561,-0.005180569885186716,1.0062311907592536,-0.01281881498291444,-0.013631617984198117,-0.011228435933937393,-0.006972579342174096,-0.0028001663561708595,-0.00034327475706173505,0.0006696000535805028,0.0008016275766746132,0.000681283634365539,0.0007255760237729622,0.0008712602395065377,0.0009478262798306921,0.0009290614053814347,0.0008818531052448703,0.0006824241092560289,0.0004053318146474291,4.0178478020842975e-5,-0.00025183573597522944,-0.00045758261592809677,-0.0005502229815777094,-0.0005749811495961994,-0.0005560818153870553,-0.0005378365742633573,-0.0005972120961208481,-0.0008184983516946181,-0.0005227804807769724,-0.0003220988756076277,-0.0001824990343825486,-0.00010169088844081585,-4.8313138471271656e-5,-2.0002921284095767e-5,-0.0004837953936489784,-0.0004578016623570657,-0.0003101423258594678,-0.0005255595005326719,-0.0007606815210396235,-3.33448522313354e-5,0.00016439119862965632,0.000563014974133362,0.0003952302883185783,0.00032305209674577914
0.001097040783392306,0.0017444532523265685,0.002734451554058925,0.0040939538954409965,0.006068713153113889,0.0077718108608502865,0.010033828510316083,0.005929172241088807,0.003632757646697157,0.0036328018348406217,0.0061079786831671114,0.010139971405022156,0.014952579899827873,0.018111213331331984,0.017067846392950333,0.012825514668798981,0.0029427877549946134,-0.01281881498291444,0.9852916703740738,-0.04012473534703096,-0.034705106255476854,-0.021052549829961617,-0.006683217655131185,0.0013782072111837534,0.003997170249823496,0.003587178986556197,0.0023530301131489445,0.0016687085197454527,0.001428835767641999,0.001336069027858899,0.001225640857474151,0.0010650978747402174,0.0007424254750625533,0.00036578007845520805,-8.673780789533393e-5,-0.00044166259779687456,-0.0006777191827751013,-0.0007669161991113437,-0.0007627095819807885,-0.0006877362223768776,-0.0006129666496482763,-0.0006129312169905764,-0.0007955103004115437,-0.0004975409557237738,-0.0003039928022899159,-0.00017020301930658973,-9.396641025755079e-5,-4.208927539851918e-5,-1.5144855379649677e-5,-0.00036665016033403614,-0.00033990841549068443,-0.00026183878476984044,-0.00038958104763503563,-0.0005889151984028028,-8.987698650700264e-5,0.00039489524985534066,0.0013105665848126202,0.001201885138007566,0.0010342683019435733
0.0011119791640794646,0.002081959205195944,0.003566457491383885,0.0056356066950231185,0.008655605391177849,0.01120163887908512,0.014675843815474135,0.010260970971596568,0.007769295250774834,0.007326570053023998,0.008523223300911516,0.011497930381158932,0.014988918296697655,0.018668873170742405,0.020192484231352007,0.01891532921891205,0.00838485033723523,-0.013631617984198117,-0.04012473534703096,0.9605533333112091,-0.04843267281174968,-0.029344046793337134,-0.008998979234218666,0.002361866904227772,0.005940036819913892,0.005240321594309672,0.003381825970409873,0.002295162989055035,0.0018354210144606484,0.0016477391513200416,0.0014772063795520543,0.0011599030975757115,0.0007094381796955526,0.0002633688358117223,-0.0002457474170563428,-0.0006297237367080299,-0.0008721023469582891,-0.0009749579405270647,-0.0009433183208894404,-0.0008195230882823178,-0.0006785658847902758,-0.0006007409519191274,-0.0006841514424742235,-0.0004238138270266249,-0.0002594413893700688,-0.00014443860958651653,-7.963123234900799e-5,-3.2637225395972705e-5,-8.765475261326042e-6,-0.00021579343277344822,-0.0001862694309065751,-0.0001574722675534255,-0.00020441984815147379,-0.00036639884032994597,-9.010387739756888e-5,0.0005829250572680471,0.0018051286854006952,0.0016940955294767234,0.0014544964407083249
0.00099726858008384,0.0018939009339624467,0.0032623760020177206,0.005194742057444346,0.008029947469227965,0.010476427745803573,0.0138613000688956,0.010266572836728998,0.008071445461898205,0.0073302004524899355,0.0075711006720375965,0.00929414430378064,0.011448733709057612,0.014504520945967337,0.01670690627390695,0.016698734931894138,0.008009948187446724,-0.011228435933937393,-0.034705106255476854,-0.04843267281174968,0.9732587193809668,-0.026209936029607462,-0.008463533979653685,0.0015719462917668447,0.0048930988058221315,0.004493117468677022,0.0030554045596181485,0.0022895900835647747,0.0020347396288853395,0.0019403636657852913,0.0017999224187887058,0.0013556579280104525,0.000750894308900665,0.00018234971612375613,-0.0004363040244991128,-0.0008854175165046281,-0.0011575953274159019,-0.0012715102186580467,-0.001206890016396399,-0.0010136112410867532,-0.0007960409134555137,-0.0006352338292664591,-0.0006411682666104241,-0.00039008845270950966,-0.00023734592227337665,-0.00012974164138818213,-7.025829949439795e-5,-2.4783584119404965e-5,-2.35701168191077e-6,-0.000119105648600316,-0.00010183417992080879,-9.400787705398873e-5,-0.00011270669491088701,-0.00023466249259270408,-1.0734672394648454e-6,0.0006246514594619413,0.0017282542280002726,0.0014958551317839019,0.0012776632073171707
0.0006750119426317141,0.0012625381972752158,0.0021598543042109122,0.003442964300682397,0.00536390757717362,0.0071343788872190094,0.0096710068097935,0.007476490827744254,0.005945792857809015,0.00523094675351486,0.005016153158174982,0.005724082092900555,0.006729133960409651,0.008408486645695568,0.009733984416144013,0.009786511762241943,0.004531856334883599,-0.006972579342174096,-0.021052549829961617,-0.029344046793337134,-0.026209936029607462,0.9992614295744441,-0.006196991333693837,-5.659730981430227e-5,0.0022670322333533752,0.0024216380632099996,0.0019226543974889387,0.0018112692341204191,0.0019201847926743115,0.0019849324770207805,0.001908239295229751,0.0013806151581275943,0.0006796728062270304,6.303384997385718e-5,-0.0005804154735812754,-0.0010239301787454721,-0.0012755401692806027,-0.0013994134151078357,-0.001318659794038148,-0.001090962163243165,-0.00083739102460344,-0.0006318208894676866,-0.0005938593288726015,-0.0003455507824182835,-0.00020541260388735457,-0.00010899231987953935,-5.701269857994357e-5,-1.5571961661109184e-5,4.179289617902332e-6,-4.722864493785327e-5,-6.896288749258258e-5,-7.009876679150185e-5,-8.521967656076058e-5,-0.00014795340077436835,0.00011215675533159313,0.0005458459144832179,0.0012928506492372793,0.0009168940119355234,0.0007799636712318116
0.00031888482876565004,0.0005527198671632062,0.000905829581716785,0.0014301731958749437,0.0022582510482440357,0.0032314429521666434,0.004754118838801206,0.004064646104035158,0.0033343155597243446,0.0028134769926010557,0.0024206485664381347,0.0023394834572018114,0.0023977609726153607,0.0025590337865578575,0.002494119976732961,0.0021377864909530703,0.0004303710604532069,-0.0028001663561708595,-0.006683217655131185,-0.008998979234218666,-0.008463533979653685,-0.006196991333693837,1.0125114043324865,-0.0015098579924768697,-0.00037082812494999384,0.00022547881961725608,0.000597986038111242,0.001057434387870284,0.0014854195849424397,0.0016900695994781561,0.0016838893195792435,0.001231324729189186,0.0005929539313082902,1.8597267887045817e-5,-0.0005770250947569241,-0.0009748065674158126,-0.001197021639553171,-0.0012899948193558209,-0.0011967460197465265,-0.0009706133150931118,-0.0007262792644586612,-0.0005385900603856999,-0.0005122644798404238,-0.0002951317535196597,-0.00017306415340723107,-8.939932174151157e-5,-4.529350990857068e-5,-9.795776350066936e-6,6.6968247846523315e-6,-7.905829837975101e-6,-6.294904961164657e-5,-6.54288529737045e-5,-8.312147207476852e-5,-0.00010639303914110184,0.0001810121160585355,0.00038491058433854063,0.000714753502853354,0.00027532761963744456,0.00023547911895396782
-7.177629421882165e-5,-4.1398714573562653e-5,9.08941405130272e-6,0.00013680829271162337,0.0004071028443799142,0.000936689046645709,0.0018921443712820616,0.001969636935322838,0.0016764993151390573,0.0013127226426375763,0.000911301817363037,0.0004966345477774146,0.00011846596899386803,-0.0004918098222099172,-0.0013268437584672472,-0.0018930568598707373,-0.0016689040961812632,-0.00034327475706173505,0.0013782072111837534,0.002361866904227772,0.0015719462917668447,-5.659730981430227e-5,-0.0015098579924768697,1.0139249723337675,-0.0017305817662451645,-0.0010876991040602061,-0.00040095261662215855,0.00021889422625677427,0.0006711437408569745,0.0008832912963929626,0.0009161058205820259,0.0006529415858580938,0.00027722395473649136,-2.7486661149142955e-5,-0.0003486818458895823,-0.0005305579809253417,-0.0006236411894741218,-0.0006899250100526561,-0.0006477206221588459,-0.0005360270638519034,-0.0004208870503539025,-0.0003533132443223703,-0.0004151937183106335,-0.00022560502988453078,-0.0001227005643524383,-5.843820289250133e-5,-2.5395131613261522e-5,-2.046774159741017e-6,8.335281670129492e-6,1.973825111214733e-5,-5.815162540137687e-5,-6.305972537410943e-5,-8.176118837518403e-5,-7.221849377563952e-5,0.00014135024033650376,0.00018305840922620527,0.00023865160859173432,-9.218840301831424e-5,-8.076279141423224e-5
-0.0003768126220066925,-0.00042103051654150117,-0.0004790317123169287,-0.0004983858340030444,-0.00043931501723089723,-0.00010978400662158154,0.0005769295300874862,0.0010125719794933298,0.0009495524791599292,0.0006868995786009004,0.00033228958928841585,-0.00011238493671118593,-0.0005652101718438223,-0.0013182142694429097,-0.0022715842252774934,-0.002805062545327669,-0.0019667058502528915,0.0006696000535805028,0.003997170249823496,0.005940036819913892,0.0048930988058221315,0.0022670322333533752,-0.00037082812494999384,-0.0017305817662451645,1.0140266105948288,-0.0015277344215757238,-0.0009758776837339646,-0.0005265573786665901,-0.00024964534304214086,-0.00012068984597699395,-7.720492004228537e-5,-8.242953979388908e-5,-0.00010324607730169011,-5.595184345081986e-5,-2.6140636751483694e-5,5.986292097607383e-5,0.00012063104111710537,0.00010350795829001418,8.638452840336774e-5,5.217619213550777e-5,9.570779612128074e-7,-9.191974482183156e-5,-0.00027250260954472436,-0.00013345318465806608,-5.974952400145964e-5,-2.1430119103616204e-5,-2.7992572524499494e-6,5.010607532014417e-6,7.86925873540942e-6,3.9550087285951056e-5,-4.813154127650611e-5,-5.604547493924743e-5,-7.114155455735397e-5,-3.966153517152637e-5,4.574805737374115e-5,-4.902143859509995e-6,-9.680859241482581e-5,-0.00021261121327162925,-0.00018564885037810955
-0.0005875872216883111,-0.0006328250450668413,-0.0006870125155107446,-0.0006941119910606705,-0.0006256972359809954,-0.00032800101333850724,0.0002953237487676868,0.0007800878692806554,0.0007893717390972106,0.0005713976602090967,0.00028051629731786366,-6.865500942723388e-5,-0.00042372508414285925,-0.0010072173761851082,-0.0017543648974503601,-0.002136719866882397,-0.00140583951774623,0.0008016275766746132,0.003587178986556197,0.005240321594309672,0.004493117468677022,0.0024216380632099996,0.00022547881961725608,-0.0010876991040602061,-0.0015277344215757238,1.0144549669804648,-0.0012834366151275884,-0.0011475093465989751,-0.0011097732301610021,-0.0010876899463368248,-0.0010328882797750027,-0.0007509235056235334,-0.00041546941772828075,-2.5213183894665992e-5,0.0003290572051694885,0.0006461946454810756,0.0008287500867023497,0.0008654495303583831,0.0007926582214569671,0.0006173870427953576,0.00040775925766179646,0.00015675367418354282,-0.00014159406758032565,-5.7840669435345247e-5,-1.0027624161180757e-5,6.978296184291944e-6,1.4077431781003268e-5,8.56048485407909e-6,5.146165426021366e-6,4.402106890976617e-5,-3.893822428816509e-5,-4.7474234451425735e-5,-5.924138436178249e-5,-2.4345878711226234e-5,-7.026586456737591e-5,-0.00017145077791537604,-0.0003310791248713812,-0.00020877552356193902,-0.00018510720073823374
-0.0007220539970318682,-0.0007436665542901588,-0.0007586822291475783,-0.0007216566645559833,-0.0006023875177474249,-0.0003339685985239139,0.0002078893814404626,0.0006845528943796757,0.0007295567939708908,0.000557909089427696,0.0003402986232638338,0.00013152761552689501,-7.68871727435326e-5,-0.00040629388976103417,-0.0008571617712101944,-0.0010637449025055652,-0.0006374499344028397,0.000681283634365539,0.0023530301131489445,0.003381825970409873,0.0030554045596181485,0.0019226543974889387,0.000597986038111242,-0.00040095261662215855,-0.0009758776837339646,-0.0012834366151275884,1.0145188512949175,-0.0016020515130225582,-0.0017865312524163702,-0.0018602854933897563,-0.0017670107061980786,-0.001249364271856031,-0.0006594581783546723,1.5045009369526137e-5,0.0006316426171023336,0.00112009021174062,0.0013871517436349085,0.0014687464132224716,0.001346811085639959,0.0010584853401990949,0.0007219111285948108,0.00035103843983510873,-3.295049509819451e-5,6.310455603003327e-6,3.398857618678234e-5,3.3506698361453336e-5,3.0719374313124436e-5,1.3150127802779574e-5,3.8916364865761244e-6,4.91984338239564e-5,-2.6749465652985054e-5,-3.645981823864145e-5,-4.3316828997401836e-5,-4.938071741969099e-6,-0.00017405567082235505,-0.0002984742515656418,-0.00048542988869909804,-0.00015098432484765808,-0.0001405512044432751
-0.0008637452705734311,-0.0008855928155424953,-0.000897777297370926,-0.0008570240894906935,-0.0007419253398083514,-0.0005108601044466338,-3.721360327609233e-5,0.0004629739009079353,0.0005771869615421894,0.000460060717540686,0.0003089204252028875,0.00022096687832249577,0.00013698249122158919,8.984345195895425e-6,-0.0002038547028015634,-0.0002617380982839546,-7.048477844993971e-6,0.0007255760237729622,0.0016687085197454527,0.002295162989055035,0.0022895900835647747,0.0018112692341204191,0.001057434387870284,0.00021889422625677427,-0.0005265573786665901,-0.0011475093465989751,-0.0016020515130225582,1.0138855168469278,-0.002471170198028674,-0.0026389629338907103,-0.0024856081592495643,-0.0017546410050449743,-0.0009811952893001897,4.790847263977631e-5,0.000955298287533435,0.001620664355112004,0.001977861767753113,0.002078716545374324,0.0018995504587270078,0.0014912064830866453,0.0010311146704521151,0.0005475281194721731,7.900711704754732e-5,7.43750178986622e-5,7.70467334051467e-5,5.6695369735940817e-5,4.3157370421432846e-5,1.4884216084226636e-5,7.47964253857579e-7,4.8097451217268705e-5,-2.0752759937588003e-5,-3.1881338256447465e-5,-3.578362951859377e-5,2.5197432169227834e-6,-0.00026701720866365524,-0.00042472005836963764,-0.0006570838602311996,-0.0001370701156134394,-0.00012840092927590848
-0.001002210786848887,-0.0010309565476093968,-0.0010471621147389084,-0.0009905658544302979,-0.0008466074295574961,-0.0006155808577958346,-0.00013829506174969336,0.00021890003635664855,0.0003026586347832858,0.0002226564196559842,0.0001274470926823737,0.0001585171756917806,0.00018707041334957176,0.00021889535581841923,0.00018782761022597801,0.00025668332200424673,0.0004414094224356859,0.0008712602395065377,0.001428835767641999,0.0018354210144606484,0.0020347396288853395,0.0019201847926743115,0.0014854195849424397,0.0006711437408569745,-0.00024964534304214086,-0.0011097732301610021,-0.0017865312524163702,-0.002471170198028674,1.0128476142946854,-0.003385119065956784,-0.0032305874232813558,-0.002376171244852673,-0.0014017724656886796,3.900126541916353e-5,0.0012719001159542513,0.002179287480311849,0.0026889373366053904,0.0027346577108413013,0.0024530904439560774,0.0018922085071756533,0.001280582629722016,0.000689621102903845,0.00013305372922332205,0.00013365722670682822,0.00012204008612416637,8.255540971580742e-5,5.802049053290195e-5,1.8580158746239554e-5,-6.898658955336957e-7,4.589828773564491e-5,-1.626269334487156e-5,-2.8653443753013784e-5,-3.093207678036011e-5,7.042624468560781e-6,-0.0003363527462771299,-0.0005170627772697025,-0.0008007147272616523,-0.00012089443844773996,-0.00011520803480878556
-0.0010690349814968928,-0.00110220655345036,-0.0011214471406864209,-0.0010604410109993103,-0.000904563568609599,-0.000672437055725613,-0.00018730911563595137,0.00010099279717276077,0.00016739341267082975,0.00010645867358221891,3.4597994597491966e-5,0.00012452322104052174,0.00020487547569319258,0.0003103132083862089,0.0003630354228002271,0.0004913718928597796,0.0006492082444353243,0.0009478262798306921,0.001336069027858899,0.0016477391513200416,0.0019403636657852913,0.0019849324770207805,0.0016900695994781561,0.0008832912963929626,-0.00012068984597699395,-0.0010876899463368248,-0.0018602854933897563,-0.0026389629338907103,-0.003385119065956784,1.012141613272916,-0.004067992482262392,-0.002947376880571554,-0.0011404119214376166,0.00023804237942017458,0.001366498181434305,0.002388389246838472,0.0030178329495953284,0.0030489619213213788,0.002724333815318189,0.002098763530672093,0.0014279077804057122,0.0008087353341493784,0.00022506673254236724,0.00019966880277845397,0.00016290474553535135,0.00010390705273255226,6.906772056122791e-5,2.1775868407082376e-5,-9.7754583532277e-7,4.387890217671877e-5,-1.6202495759870464e-5,-2.9003932909121885e-5,-3.542030496102432e-5,-3.643110495488916e-6,-0.0003604204213918717,-0.0005269171031284219,-0.0008647941017401174,-0.00010802062639310445,-0.0001038282967159643
