0.9092729492072256,0.19538687877422203,0.2788170423055866,-0.001779499831482941,0.08230412856454482,0.05186193447652918,0.24425261907862253,0.05018424440926478,0.09520172687631437,0.09277395131278454,0.06955566529602263,0.11411591213487329,0.055224237453737494,0.12530892660217566,0.06640361470837658,0.09617130298851828,0.03723138944132193,0.1317689226318985,0.07322993981236589,0.051570838319083566,0.06352072526953702,0.10012861853583177,0.11388518509189278,0.023848073418301943,0.13833035704317126,0.05164843613908635,0.05338578096609235,-0.021159112990412357,0.10079402646705636,-0.02128220319314865,0.06547129435270081,-0.021419645584002108,0.08449275388363506,-0.03256478157548673,0.09180369112722807,0.014993483024061583,0.09605016850477545,0.03704409662190111,0.03400235501964333,-0.018268183460678482,0.07699156942080874,0.05293082981177683,0.0949821204022148,0.06136592671406978,0.04594704105252897,0.08424763115118901,0.06538612284010113,-0.01241494461933027,0.006263503353261464,-0.015063318372690768,0.03365743030874679,-0.020948104055770595,0.03982078201526066,0.013986704683174058,0.1431128341920794,0.0007539915048949935,0.051294107405490764,0.12894622379186527,-0.30911104044147797
0.19538687877422203,3.1303670527783534,0.24691698105997462,-0.03476447490636119,0.09084253669375118,0.09881865736827082,0.22928395916846409,-0.005350737122657306,0.2965589341812257,0.1009299777512144,0.11940857246705847,0.11386617954510493,0.07337355465171976,0.0065195553156554105,0.22897081599999877,0.0694777653166468,0.14166745188214197,0.12392385782616568,0.08078556671747365,-0.014136355673360012,0.08648732648719336,0.13263525698871714,-0.2957787886604592,-0.01612172856566529,0.1394417076549881,0.053278091723439204,0.3035355936395154,0.21539927217573868,0.23246011866980054,-0.07134860516503666,0.12475835058973947,0.04939391280572042,-0.03544806770020933,0.10055117571145485,0.11103370367972817,0.1563790253711582,0.21080376753356458,0.013272289336655849,0.07985100814956828,0.0529185352524323,0.021738349009455125,0.07050765216886969,0.13437379509907998,0.06184164629466509,0.21176359950819648,0.13091154568360008,0.0027480224534093957,-0.012217499298216156,0.017152759783306028,-0.14333135619058227,0.41825581269964646,0.17758336743272715,-0.11380135115251587,-0.03305022596200171,-0.27700558085895427,0.07653544105663322,-0.0184167102848876,0.04403630178310798,0.1520943294265267
0.2788170423055866,0.24691698105997462,2.01086362420819,0.14232454480809795,0.009280281257259756,0.3153996264569431,0.12705080975991365,0.23921701607599885,0.39423751574301213,0.2299341803739333,0.18413445849582957,0.2532409980779964,0.10101760201845122,0.18839290781985668,0.2236674111720909,0.1733034089026678,0.22885145015468414,0.2568921980021799,0.23786373885362755,0.33584005644418846,0.22712216997546386,0.31158670985118847,0.25014332660057914,0.14660280129111097,0.2021424611015675,0.22708457714543134,0.1558842738918045,0.19463214971237908,0.3373850754243765,-0.3275154957367512,0.16350418618395723,0.1619972585658263,0.15676810860604184,0.24965782174537834,0.10654087619513627,0.3981638310782246,0.2700183054073771,0.1720536139577022,0.07758628104237955,-0.2539506343931065,0.28075971621461193,0.22362973257244906,0.10828719730988061,0.2644713508734496,0.008945909925777977,0.45204185254467694,0.023621204325026506,-0.045533972237020215,-0.1750047201920439,0.041339556833179435,0.05428844914774173,0.12375973567395444,0.10130346957173869,-0.1535187729334192,-0.0011349707508826086,0.121525022049784,-0.24072768592031285,-0.36607371300095826,0.4219281230127096
-0.001779499831482941,-0.03476447490636119,0.14232454480809795,1.030729262825636,0.35362804153009747,0.2772031356055082,0.24542166839018922,0.17062142347078357,0.17115454262746496,0.22287345359047384,0.18235525300397898,0.2399058784778212,0.13903180369475054,0.2228623235428194,0.17080008081221326,0.20799779705335616,0.1792887317883044,0.1852618187299144,0.22455692346042097,0.16852744213298607,0.14812056805767415,0.18708099850328913,0.16935582653617776,0.13359418879620355,0.1435481693603348,0.19251979149572782,0.07335939219940525,0.1285233285363258,0.1709303962459032,0.102302553098233,0.12435418021048007,0.15327079536947025,0.10452095943679354,0.25958495406954807,0.12958819438114705,0.10165348160582642,0.19112545859212496,0.08943673258416468,0.18634430300887617,-0.01295105028714507,0.14339974835479977,0.15275677990931383,0.15639308261916762,0.2814943023233205,-0.07642731686068653,0.15412004620788472,0.16862435363030664,0.010647622222446425,0.03677964213722777,0.09167431864418552,-0.13166299708198095,0.1854799003236716,-0.05644642612489234,-0.12009418541049598,0.012747461493170782,-0.038296462762361,-0.13635131345433685,0.05860423251262492,0.09198953362099622
0.08230412856454482,0.09084253669375118,0.009280281257259756,0.35362804153009747,1.12514721113948,0.3844973492147428,0.12658608265203936,0.1679840237864035,0.28249980225285004,0.13883788733284905,0.18701922801243936,0.2362205123228041,0.16428700634536897,0.1697811635985897,0.3038037310431781,0.23472674103708846,0.1546365488166805,0.1505430602982369,0.6016831517647968,0.27120726913298154,0.13548694882899595,0.20672030226726332,0.1985188604344558,0.1546852480439162,0.02696640121419754,0.1913356253761491,0.029805361071567914,0.07885753470584726,0.1403214546636595,-0.05306193748186082,0.10760099220025021,0.22709728850269437,0.1531894462930875,0.1865632729968754,-0.012249202874522403,0.1007122893838036,0.16355430826154443,0.14282932939422568,0.14666501172543175,0.056112753523221155,0.13710619127157062,0.14909440592352027,0.08441129370125927,0.04726528224606572,-0.04048856222638974,0.13897371261210137,0.09208024477602372,0.006930968872122794,0.17744000102147053,0.19153602916733473,-0.05082517279238035,0.017667850792799193,0.11707119810533062,-0.12780538315405213,-0.04204888908025377,-0.06275343340563777,-0.1640483430353534,-0.0033742904868243944,0.25202606283666906
0.05186193447652918,0.09881865736827082,0.3153996264569431,0.2772031356055082,0.3844973492147428,0.9228907266684183,0.012257166222491024,0.28375627630040445,0.40029721169471294,0.21451207184115556,0.2523739053092491,0.26045727715518924,0.157175342546458,0.24240611876413862,0.3078329258220317,0.19761064297751701,0.22809023738544115,0.1981678439261459,0.5179985354668277,0.2913876392567977,0.16205263008360588,0.24810616481179792,0.17887736927245945,0.15837958141481168,0.08822836917682297,0.3340246826990692,0.13110597570987156,0.177056991975383,0.23584514263968342,-0.038755304660898354,0.11376502961793043,0.2342796771884628,0.12328433154300886,0.20995219000582527,0.05848590548957866,0.12173447007835685,0.26202563256254785,0.1536176196234976,0.12911641736973603,0.005280831010315358,0.20525064836627466,0.18137099178395844,0.17128294859998452,0.08606233769807649,0.006912161741669066,0.1405523839445325,0.09273706634597122,-0.009069633802902705,0.20749221193945366,0.05045921061641105,-0.3296161932929985,0.02065550072151118,0.03483575685277384,-0.05754505963355838,-0.040554537283468035,0.008990944250862245,-0.11863848415791776,0.061774504029092334,0.07301917154366706
0.24425261907862253,0.22928395916846409,0.12705080975991365,0.24542166839018922,0.12658608265203936,0.012257166222491024,0.6976757315268615,-0.08426013342573906,0.22394213657021964,0.11025862922336187,0.10396455696977319,0.22268782867401868,0.06180570736218768,0.007337489006817341,0.09460254636141781,0.12300330748608607,0.14937464972319323,0.14667264803816651,0.06018298951719585,0.04796190908149112,0.10051953316849709,0.16600302000846548,0.14969677997204936,0.06389004225132391,0.10007359522070113,0.09439418040916606,0.12058578617974977,0.12433883960476061,0.11538101395261394,0.013569263725870752,0.0783176286042341,0.05498235130975221,0.06643596193704096,0.15787040068382707,0.09145112568943929,0.10050729375446996,0.14426305325285785,0.022583948170794295,0.1074467715903766,-0.008162035045215512,0.06063324631685795,0.09118480682219195,0.1307588634638149,0.09276817836777045,0.00854740913533409,0.08701475074093627,0.07712792201794093,-0.006455544159608258,0.09319681640506289,-0.06869522618134871,-0.03915184372575901,0.13084425101873742,-0.04020967284457924,-0.06338009712835746,0.16235282190819803,0.07199995033678304,-0.07406294076288554,0.050152371971570936,-0.21536872915999908
0.05018424440926478,-0.005350737122657306,0.23921701607599885,0.17062142347078357,0.1679840237864035,0.28375627630040445,-0.08426013342573906,0.7724699449450056,-0.02880978355096702,0.21810318587955893,0.24579265501784406,0.20168006051227136,0.18121684722486542,0.28662791512089814,0.14504398693301723,0.20878764547676942,0.16236625941630808,0.16271667179563026,0.22276410243146974,0.24015394572291937,0.10020211114027366,0.11504974432109538,0.11534828059075351,0.07186222649218746,0.1410554495545018,0.30313451879534153,0.1719825112651118,0.015214728925611227,0.14307328196849758,0.1593593648756959,0.06706257926953821,0.04926228324230521,0.05408130062946341,0.1296678652902549,0.134171733780552,0.13360780353998675,0.1617659283658258,0.12250162991804783,0.11894064155369337,0.025494332741266033,0.149664006385309,0.13908112350845578,0.1566640335899658,0.07194684744445877,0.04834234253653343,0.12152909463509662,0.1739744417029677,0.0038666899408995397,0.07993536781175009,0.0487161401715625,-0.11897534640551057,0.09212508614142303,-0.01970727853663281,-0.050731163453811116,-0.07783081005180974,-0.04704111849032515,0.007747121132393837,0.15277348463078885,-0.05063202587922706
0.09520172687631437,0.2965589341812257,0.39423751574301213,0.17115454262746496,0.28249980225285004,0.40029721169471294,0.22394213657021964,-0.02880978355096702,0.9075424450973922,0.0812472850818241,0.133346854561621,0.2498162393500407,0.04781526176689357,0.11311511810761136,0.29134182919256707,0.12944894061223036,0.2102660524732925,0.14925193224393135,0.3234649756808612,0.1959089916092927,0.18160579647413033,0.3800418423818536,0.1919319022602243,0.1776584799885824,0.025315675936950267,0.2556187189631577,0.17132420095561182,0.23436870894593145,0.07105392988460477,0.03462770876967713,0.1532048555678621,0.1900928823183829,0.17041626392457176,0.17207681822247045,0.06821150519294955,0.18880352951055196,0.19091412785455028,0.10501753066475403,0.16117217786544075,-0.014322318355438433,0.10070379042756264,0.1611915528955736,0.19090414049013735,0.10186314164575055,0.04748863107510234,0.23540878600194148,0.0968087789258322,-0.046210872688336055,0.2629781437169539,-0.003103905816663954,-0.030957056788215937,0.08901107080157243,0.1806565962080701,-0.1543066296751091,0.042917088672216754,0.12689418451066717,-0.2009744725035845,-0.0776435963433314,0.10221287243140192
0.09277395131278454,0.1009299777512144,0.2299341803739333,0.22287345359047384,0.13883788733284905,0.21451207184115556,0.11025862922336187,0.21810318587955893,0.0812472850818241,0.5448421333815692,0.1538609408954365,0.15169917231181979,0.16182633622507492,0.14973812114957902,0.10972705700641791,0.14717817640321917,0.14560070721333834,0.19220043554888097,0.13418719359989095,0.1477165475435323,0.1102061536215083,0.13815873672495252,0.12123154796929766,0.09626074917256253,0.09278201503659185,0.15488831976574727,0.13589762515912396,0.1138792625213399,0.17266991362958442,0.011028932495466336,0.09925079527038044,0.1100699038085302,0.037488633406712234,0.21135074461472603,0.12325086449970887,0.1174821285279594,0.1577486218360253,0.06933244604075811,0.09873385993707304,0.026274517807267698,0.1209358325229075,0.12157330452713337,0.10215370690288204,0.11553913827570342,-0.017392904271919925,0.08887393784547636,0.15833232853891369,-0.005206636851545823,0.025598840497381824,-0.06563974426280177,-0.037317481859477857,-0.0944597276155641,0.03281611109653637,0.004650808566441393,0.06225152282367073,0.03099238669337213,-0.03169008654090897,-0.05769506256862346,0.014074575606084076
0.06955566529602263,0.11940857246705847,0.18413445849582957,0.18235525300397898,0.18701922801243936,0.2523739053092491,0.10396455696977319,0.24579265501784406,0.133346854561621,0.1538609408954365,0.3940295567646995,0.21768327535276236,0.20541804809405542,0.15093988020324325,0.23213472595868784,0.16371376165323798,0.215111969455071,0.14085633590606628,0.18773534190204075,0.20636049040990775,0.10213317190536113,0.1532428738111201,0.14596817573811469,0.09355701429104836,0.0872958922859573,0.212749374191045,0.1652037005253945,0.18205227960786197,0.17266086014421717,-0.00028288011827536276,0.06515748714019508,0.12255366356058835,0.052198256574763804,0.12369136488861135,0.09210997593476816,0.12070920136007346,0.11467920376900947,0.10027303109956542,0.0924573087950526,0.04384375983415713,0.11676574152150684,0.12253467336746884,0.08333617778559022,0.023264608896163008,0.038555743059199434,0.08206980685178433,0.10140245963244283,-0.008081030509881616,0.0679060087312495,-0.01666673466117231,-0.06588658628368274,-0.04121816829886036,0.06689892853977916,-0.0070332389527981995,-0.046113988325167374,0.028467592745527015,-0.050266591808990894,0.06482879891681836,-0.03006452625124402
0.11411591213487329,0.11386617954510493,0.2532409980779964,0.2399058784778212,0.2362205123228041,0.26045727715518924,0.22268782867401868,0.20168006051227136,0.2498162393500407,0.15169917231181979,0.21768327535276236,0.5857735661733972,0.08204125695270055,0.1661037235622728,0.22206501994848205,0.18650986061499109,0.1953285242944257,0.20152440636671878,0.23529885435333928,0.20835760819550478,0.13601314387830038,0.1919208927754436,0.19412175732078335,0.08573826717875435,0.12017596871505025,0.2505083840931268,0.16468304293050604,0.01593518904860786,0.21203709738301657,-0.033432183084663,0.06359343242830817,0.11983997912379839,0.06948702973055558,0.17990096409312392,0.11541505382996031,0.17381584924681137,0.1318040337649562,0.09728855193149498,0.13879916808525303,0.027710992843416937,0.11119251832922795,0.1519100148958413,0.09083258475604207,0.030459015932082306,0.05427825300876921,0.1119689486770776,0.11835753069362696,-0.0007687496940663188,0.0949551947370056,-0.061596631639099696,-0.08076123164419355,0.10324649090125756,-0.016757870339460485,-0.059372516728618666,0.05177587772583496,0.07153803664886196,-0.20333813906850395,0.028508236073062132,-0.04715101714645498
0.055224237453737494,0.07337355465171976,0.10101760201845122,0.13903180369475054,0.16428700634536897,0.157175342546458,0.06180570736218768,0.18121684722486542,0.04781526176689357,0.16182633622507492,0.20541804809405542,0.08204125695270055,0.3716467023929298,0.13790749119623577,0.09654712432233284,0.15851832896348247,0.1085303357797271,0.10496435337846394,0.12132316318407506,0.09969737019430108,0.08230924734306197,0.13883997163759274,0.10353020733922741,0.0681331667225764,0.08719304211204244,0.15141435142979967,0.09715943713260629,0.09105178261588379,0.15900939606262465,0.07394927896184146,0.03734523132898241,0.08357872366759823,0.0539262574744248,0.09703379611786424,0.09521255967457322,0.0859149673350674,0.08514639244417112,0.0465449446031916,0.06540784317508272,0.007348580340406048,0.10810178057656826,0.09674883274299788,0.05483925881235449,0.0810941925085496,-0.06388201474697495,0.07470800357409639,0.09922913486904274,-0.01834710136680575,0.036896996328093956,0.022690395404901673,-0.05093320420480292,-0.10630178234447192,0.032485842122256636,-0.018992269724432825,-0.011421484598196835,-0.029621907660201854,-0.09515022688927714,0.06750768972451672,0.0648605659326388
0.12530892660217566,0.0065195553156554105,0.18839290781985668,0.2228623235428194,0.1697811635985897,0.24240611876413862,0.007337489006817341,0.28662791512089814,0.11311511810761136,0.14973812114957902,0.15093988020324325,0.1661037235622728,0.13790749119623577,0.5255561361711008,0.1369425507617137,0.2298245381199803,0.10933207210612746,0.09024454026366281,0.1935724602551471,0.1747158714834435,0.08723759181187189,0.1454959910785674,0.10355342878856656,0.09095334880478005,0.1817254365433435,0.21358085560104678,0.007983881454791302,0.0636124149104323,0.11821926665395983,0.1414029152881984,0.06425440989360477,0.07479783527197387,0.11290385097040205,0.0665508963443451,0.13261181797456625,0.035425050553841805,0.14119865583500188,0.10164772654965411,0.06885538858180706,-0.007913379285239932,0.1692807184513193,0.12186259360072338,0.08751633703813856,0.17802559311332422,-0.029830795216532938,0.11460152744441102,0.14932050701262706,-0.007671662635002478,0.11169483378030734,0.01819420296246585,-0.031830226409573247,-0.01448842035245129,0.004594786722125649,0.000905506402137658,-0.11226346039983132,-0.016493468903450516,-0.06760088041973071,0.060328099124347,0.13265953704664926
0.06640361470837658,0.22897081599999877,0.2236674111720909,0.17080008081221326,0.3038037310431781,0.3078329258220317,0.09460254636141781,0.14504398693301723,0.29134182919256707,0.10972705700641791,0.23213472595868784,0.22206501994848205,0.09654712432233284,0.1369425507617137,0.6490239789872804,0.11329713479488039,0.2049500529919188,0.09239274304925776,0.31477255081090644,0.2001306705230854,0.10930596741583713,0.1391559259563364,0.15242640639536523,0.10594713329216257,0.10913141933691281,0.19301127137069796,0.18508894231590653,0.23543349698541746,0.19562391933742615,0.08773585806410296,0.03938048075124777,0.11126247950656253,0.10429787582437229,0.15007478509716263,0.06889922193485687,0.13330787150351642,0.1576671691798064,0.11758204510000968,0.11586092963430919,0.00565583623482504,0.16719991948685556,0.11938644021537496,0.14003541958336152,0.033777472981449105,0.03256310545739044,0.10572833712864851,0.11965769245037915,0.005606262890570979,0.15422031680562923,0.08040644631935558,-0.20476012432092996,0.2952777651661124,-0.11641702840721238,-0.07529142992936075,-0.057372030770672496,0.06782598557466267,-0.1456558703900903,0.028979711884936595,0.09076100808351546
0.09617130298851828,0.0694777653166468,0.1733034089026678,0.20799779705335616,0.23472674103708846,0.19761064297751701,0.12300330748608607,0.20878764547676942,0.12944894061223036,0.14717817640321917,0.16371376165323798,0.18650986061499109,0.15851832896348247,0.2298245381199803,0.11329713479488039,0.5992237358773456,0.18175605850865342,0.16127294911620815,0.25351461180314044,0.14738910387345144,0.13110262372960754,0.3062054597439945,0.13252758701401554,0.1259472709491053,0.17205910586790402,0.15616365851194694,0.09265256704194987,0.1650326011501455,0.19143392159675385,0.1284325659801612,0.12445087065707404,0.17373212819604314,0.09411339150937871,0.16967177858025945,0.16962162249593682,0.10607649189312776,0.11992276525271192,0.09775343526075639,0.1535971572394289,0.02482529071187284,0.14729709498968235,0.15008507604651777,0.13395566233639175,0.22619255225723603,-0.007697047056132135,0.1722762099114984,0.17065573275324036,-0.054681313904453986,0.13021979401027076,-0.014261337628168433,-0.06025846613484364,0.12908867668344903,0.04974402841305629,-0.05567134953481114,-0.04198117670689308,0.016805295306874475,-0.13646853950375726,0.0680753434621073,0.08337068642546311
0.03723138944132193,0.14166745188214197,0.22885145015468414,0.1792887317883044,0.1546365488166805,0.22809023738544115,0.14937464972319323,0.16236625941630808,0.2102660524732925,0.14560070721333834,0.215111969455071,0.1953285242944257,0.1085303357797271,0.10933207210612746,0.2049500529919188,0.18175605850865342,0.6636870593216592,0.10061381845476434,0.2167401618973024,0.29080527394634775,0.17420895971286576,0.22545187875350486,0.12553540002216385,0.14789329072582222,0.17407791075568216,0.1504586645076151,0.21652415258985483,0.6370087115302406,0.19922158533434806,0.08155953397218917,0.14697967902211181,0.18045648863671274,0.13567493358493946,0.19802212995188642,0.136728613216357,0.1892051550125525,0.2954080727764101,0.16261517308488815,0.21513054279714441,0.03659476873730697,0.20425263190059476,0.20490213471523203,0.12640442594740015,0.07917302479776335,0.1368036437360567,0.16229553710595387,0.15397677643528532,-0.007025143621554438,0.07082678406082203,-0.0026392127131756207,-0.04435541293822997,0.034208266653406,-0.0867133356718486,-0.09378182426589458,-0.07337888974441104,-0.041381149831712254,-0.11638733663806128,0.0460274149218997,0.1226257260332196
0.1317689226318985,0.12392385782616568,0.2568921980021799,0.1852618187299144,0.1505430602982369,0.1981678439261459,0.14667264803816651,0.16271667179563026,0.14925193224393135,0.19220043554888097,0.14085633590606628,0.20152440636671878,0.10496435337846394,0.09024454026366281,0.09239274304925776,0.16127294911620815,0.10061381845476434,0.9277979516263744,0.2498579525709592,0.05171248115812473,0.1936121193964403,0.16103069870959058,0.44661056625157436,0.11498545065399808,0.1141649584864804,0.30640031722940014,0.04737983355364724,0.1339299919113531,0.16429479900423774,-0.07368428425979809,0.35563366028113313,0.10468428297015284,0.17231005348480632,0.1923660903372524,0.14758300241794067,0.06942705683100059,0.2722458202987577,0.03630479782076753,0.043387299966806604,0.007827037071558024,0.08218853776850213,0.14929998042746812,0.1349083933089443,0.05371149786401718,0.0654585346616318,0.16474662121320238,0.38064664948383814,-0.02966070127142353,-0.11171654787358894,-0.10925131871980878,0.26968582627080956,-0.17994495984431882,-0.28130743384713414,-0.06699872435289778,0.09095008162755798,0.05684796313363182,-0.03422074657940343,0.103569572588773,-0.20424180043553603
0.07322993981236589,0.08078556671747365,0.23786373885362755,0.22455692346042097,0.6016831517647968,0.5179985354668277,0.06018298951719585,0.22276410243146974,0.3234649756808612,0.13418719359989095,0.18773534190204075,0.23529885435333928,0.12132316318407506,0.1935724602551471,0.31477255081090644,0.25351461180314044,0.2167401618973024,0.2498579525709592,1.235172475760971,0.445087404695028,0.1632862625783064,0.23416301491043892,0.12674783481754962,0.13340048694794954,0.09663933405356322,0.24156691004000636,0.06686259507875196,0.16009063213062505,0.13492756041083265,-0.030695840605736487,0.21151855782409454,0.16765290443300238,0.1729203448526481,0.19307363817030262,0.016968603449313804,0.12887605753960488,0.16002867730936457,0.24348141422860883,0.10751221352998389,0.05059872477238252,0.14857944420269678,0.17304850821680112,0.14564594332968944,0.07519753786234701,0.09457892642345307,0.22810198663449224,0.1344802868905704,-0.003977474862669423,0.09275247618461696,0.11139332477177599,0.32507269244261844,0.4770294907199934,-0.4519632298498065,-0.19660626233847714,-0.08700475161662699,-0.0053836242160039596,-0.10389086521837694,0.0758825870953522,0.08781400691573175
0.051570838319083566,-0.014136355673360012,0.33584005644418846,0.16852744213298607,0.27120726913298154,0.2913876392567977,0.04796190908149112,0.24015394572291937,0.1959089916092927,0.1477165475435323,0.20636049040990775,0.20835760819550478,0.09969737019430108,0.1747158714834435,0.2001306705230854,0.14738910387345144,0.29080527394634775,0.05171248115812473,0.445087404695028,1.5825898621902825,0.1625572716924261,0.17672422488359088,0.21791856231941667,0.17886879496826918,0.1746005857238984,0.31030646682428953,0.20579142279567167,0.17420134242970742,0.3670705770828535,0.026605134151774935,-0.009132624027479172,0.284914107878127,-0.03604973631434887,0.31292162352266717,0.048888025034662934,0.17948372862788858,0.3422080622722917,0.7450617121458529,0.1405463712096842,0.27154280896999156,0.05610855558642171,0.24770145600656718,0.2906302360396775,-0.2566996730489955,0.5611878529713243,0.23482671178501474,0.16854525404061116,0.01851351539752719,0.216568560546996,-0.010245028810440019,0.048667011238488045,0.16803735951960252,0.12101099359385296,-0.12480908362957964,-0.08278981210056861,-0.029418370354376777,-0.15182092172083675,0.036870875287442255,0.1548944661204027
0.06352072526953702,0.08648732648719336,0.22712216997546386,0.14812056805767415,0.13548694882899595,0.16205263008360588,0.10051953316849709,0.10020211114027366,0.18160579647413033,0.1102061536215083,0.10213317190536113,0.13601314387830038,0.08230924734306197,0.08723759181187189,0.10930596741583713,0.13110262372960754,0.17420895971286576,0.1936121193964403,0.1632862625783064,0.1625572716924261,0.4796803032345977,0.1917958615397792,0.11938741210206727,0.23780221937863485,0.0939689458801894,0.0911542430346428,0.09108891037935801,0.11475214600126306,0.16425933726746564,0.15387284732588932,0.36121645522341167,0.281051105861352,0.26639477934297795,0.1427186722786594,0.18529861792266503,0.19228460141960865,0.261647697195916,0.09301526597572174,0.26634568072822173,0.04711504268009457,0.0568081543121637,0.3066738513422441,0.10906134175598235,0.1409115641258703,0.17703503489952405,0.19768865392115229,0.23608718554691965,0.01710992071674445,-0.02513180291432472,0.043991207441614534,-0.052281507668177365,0.06933348064976198,0.02465565863247045,-0.11151636173710852,0.08391856332972328,0.01915923026400659,-0.1777599648464236,-0.08674247679789789,0.16849994319534028
0.10012861853583177,0.13263525698871714,0.31158670985118847,0.18708099850328913,0.20672030226726332,0.24810616481179792,0.16600302000846548,0.11504974432109538,0.3800418423818536,0.13815873672495252,0.1532428738111201,0.1919208927754436,0.13883997163759274,0.1454959910785674,0.1391559259563364,0.3062054597439945,0.22545187875350486,0.16103069870959058,0.23416301491043892,0.17672422488359088,0.1917958615397792,0.8118498765314431,0.23454428993291365,0.1805994156480896,0.12856436032499163,0.1651513705831174,0.16431988681093992,0.17471037329157724,0.21730608052742906,0.12116028545453353,0.11835784190754244,0.18822408581501487,0.21555513762572473,0.17903904529217388,0.10225836918856206,0.27114864471012073,0.12920214742318015,0.10919641036939232,0.19381046001709937,0.009930322261680192,0.17875674318377524,0.19161099763587905,0.15748366294428387,0.23906854090581567,-0.10629982224598193,0.3349130882002244,0.14314834591636585,-0.18538287208922347,0.40422448970538766,0.026770945694058614,-0.054513991697064335,0.059998449777401416,0.12940939994556275,-0.13030875715354445,-0.0143426538798498,0.05191519812552439,-0.14426147287962468,-0.03617496554633847,0.12024291169083869
0.11388518509189278,-0.2957787886604592,0.25014332660057914,0.16935582653617776,0.1985188604344558,0.17887736927245945,0.14969677997204936,0.11534828059075351,0.1919319022602243,0.12123154796929766,0.14596817573811469,0.19412175732078335,0.10353020733922741,0.10355342878856656,0.15242640639536523,0.13252758701401554,0.12553540002216385,0.44661056625157436,0.12674783481754962,0.21791856231941667,0.11938741210206727,0.23454428993291365,1.6285135947739835,0.1972200175343197,0.13508914820768328,0.12514425810442625,0.09488865102776213,0.05961877316005535,0.3871866808473647,0.06262700760450479,-0.22120444878364395,0.013688839532843446,0.34606815664305207,0.24179352610018995,-0.03552421000934149,0.21461851097089768,0.28525513446559486,0.08999664285761433,0.07118577880424623,-0.08418250880201689,0.3951007539744877,0.13040407914921295,0.06925512573364319,-0.09602984876373563,-0.33150549212055136,0.16915970757152538,0.3083755287539772,0.00525579684124419,0.32313655123098234,-0.0002179124818875653,-0.24796196305481708,-0.10321238538666305,0.20721117517630655,-0.12839665597505198,0.10626804700156649,0.013055884854711887,-0.2478843253253622,-0.04355814864528065,0.1452878225797453
0.023848073418301943,-0.01612172856566529,0.14660280129111097,0.13359418879620355,0.1546852480439162,0.15837958141481168,0.06389004225132391,0.07186222649218746,0.1776584799885824,0.09626074917256253,0.09355701429104836,0.08573826717875435,0.0681331667225764,0.09095334880478005,0.10594713329216257,0.1259472709491053,0.14789329072582222,0.11498545065399808,0.13340048694794954,0.17886879496826918,0.23780221937863485,0.1805994156480896,0.1972200175343197,0.6874362970367779,0.029199915041425224,0.00849687271073092,0.06774174493646043,0.16260785347528864,-0.03649007828064927,0.38575861301145514,0.39543271882447184,0.6769393022599015,0.39597396895543857,0.13629833237836397,0.015219999859603716,0.0748470952165747,0.3197483787318804,0.09597006743609822,0.13930436294463705,-0.02733877944031836,0.01247248689485143,0.19115539381624772,0.10632384716388621,0.08557289635354295,0.04691961412020543,0.24550100165886798,0.30565732547348384,0.01829534581421139,0.08711218837004868,0.02631973611201277,-0.0851853411506184,0.09115493160922022,0.13868106615349637,-0.1256958626304843,0.0037569527342171407,0.004591473985488773,-0.05711652196922265,-0.26874565503748055,0.303007261683607
0.13833035704317126,0.1394417076549881,0.2021424611015675,0.1435481693603348,0.02696640121419754,0.08822836917682297,0.10007359522070113,0.1410554495545018,0.025315675936950267,0.09278201503659185,0.0872958922859573,0.12017596871505025,0.08719304211204244,0.1817254365433435,0.10913141933691281,0.17205910586790402,0.17407791075568216,0.1141649584864804,0.09663933405356322,0.1746005857238984,0.0939689458801894,0.12856436032499163,0.13508914820768328,0.029199915041425224,1.8135515441489423,0.0589851349076376,0.13615827487519275,-0.006062828502238504,0.7823034936853007,0.3321927234484919,-0.03308832257265592,-0.041102153312425685,-0.003069471574024573,0.3514659794837409,0.45059824055088693,0.09676468174736821,0.20404167550329652,0.10905782436938945,0.23389377459890245,-0.021421519626272284,0.1537853998761262,0.14153926360206104,0.24701630835685462,0.3515824463743063,-0.011004099773074597,0.33789900467553974,0.2638054159271276,-0.029962444357362165,-0.19095393873930072,0.09314625448186802,-0.037084996097112834,0.30771873247837117,-0.0382639614517504,-0.08831744192011463,0.0068267295562352785,-0.04105697281933523,0.0424582006588041,0.03164950169499214,-0.053277149162484
0.05164843613908635,0.053278091723439204,0.22708457714543134,0.19251979149572782,0.1913356253761491,0.3340246826990692,0.09439418040916606,0.30313451879534153,0.2556187189631577,0.15488831976574727,0.212749374191045,0.2505083840931268,0.15141435142979967,0.21358085560104678,0.19301127137069796,0.15616365851194694,0.1504586645076151,0.30640031722940014,0.24156691004000636,0.31030646682428953,0.0911542430346428,0.1651513705831174,0.12514425810442625,0.00849687271073092,0.0589851349076376,1.6700186794244984,0.11403953424953593,0.19717283174701616,-0.07836987986353218,-0.03555781027573507,0.07452930623061971,0.14155292184263946,-0.01951378420903263,0.20106130036101288,0.11022079796050999,0.09693990281680379,-0.036658365302341386,0.15283573167879505,-0.48022121040967247,0.003143984814870695,0.06400808836350762,0.17145819643074495,0.1827023226642311,-0.16102434152790424,0.05904432886466937,0.10111583147203389,0.09355505984298587,-0.05802924999507928,0.003945373196421571,-0.08813342965563363,-0.16848441809635,-0.09472615641177613,-0.29504950373919175,0.0031532710478456784,-0.051043979273060064,0.023727580688791335,-0.057633039503185636,0.10711891457671839,-0.03424601616576523
0.05338578096609235,0.3035355936395154,0.1558842738918045,0.07335939219940525,0.029805361071567914,0.13110597570987156,0.12058578617974977,0.1719825112651118,0.17132420095561182,0.13589762515912396,0.1652037005253945,0.16468304293050604,0.09715943713260629,0.007983881454791302,0.18508894231590653,0.09265256704194987,0.21652415258985483,0.04737983355364724,0.06686259507875196,0.20579142279567167,0.09108891037935801,0.16431988681093992,0.09488865102776213,0.06774174493646043,0.13615827487519275,0.11403953424953593,1.211135322493959,0.33156143552626305,0.2187364080994852,-0.06926221909052538,0.042706918318028204,0.16443395917082684,-0.03240901642261484,0.17142351670077138,0.06575008727866719,0.5075927649341246,0.16007309471561518,0.1297629033051476,0.0899517385601155,0.1614439864423129,0.1629018055939456,0.12155517424464084,0.3718132310124654,-0.3036555187429331,0.20420140958509908,0.0634474013748356,0.0005781908871751111,-0.006918296462822569,0.17445086532374607,0.03525523968467024,-0.25058129202406176,0.21692792751229525,0.0936863669138915,-0.0657473196988998,0.041879807568392866,0.037607130654413706,0.011443841483892766,0.19556865119774675,-0.23801017452486622
-0.021159112990412357,0.21539927217573868,0.19463214971237908,0.1285233285363258,0.07885753470584726,0.177056991975383,0.12433883960476061,0.015214728925611227,0.23436870894593145,0.1138792625213399,0.18205227960786197,0.01593518904860786,0.09105178261588379,0.0636124149104323,0.23543349698541746,0.1650326011501455,0.6370087115302406,0.1339299919113531,0.16009063213062505,0.17420134242970742,0.11475214600126306,0.17471037329157724,0.05961877316005535,0.16260785347528864,-0.006062828502238504,0.19717283174701616,0.33156143552626305,2.897100571457645,-0.1259257155006554,-0.07829180176411715,0.2222651243985773,0.2731537113636399,0.1209784049408567,0.2061465264981267,0.06200804425025159,0.06805931084575437,0.3237108515707243,0.1147466712185513,0.11632132476474312,0.02704067462884268,0.22157056348158932,-0.011966571405321121,0.19181858530235835,0.12319449187617447,-0.028564417815263893,0.05362449978203318,0.07907289532649028,0.010020329782916768,0.2141862898639545,-0.07225098989216756,0.008222946124707775,0.07382234714619999,-0.17177022114443888,-0.04936943019795084,0.14233942614862077,0.010762196246403831,-0.0010117708050529544,-0.11657436556968907,0.3126816360085273
0.10079402646705636,0.23246011866980054,0.3373850754243765,0.1709303962459032,0.1403214546636595,0.23584514263968342,0.11538101395261394,0.14307328196849758,0.07105392988460477,0.17266991362958442,0.17266086014421717,0.21203709738301657,0.15900939606262465,0.11821926665395983,0.19562391933742615,0.19143392159675385,0.19922158533434806,0.16429479900423774,0.13492756041083265,0.3670705770828535,0.16425933726746564,0.21730608052742906,0.3871866808473647,-0.03649007828064927,0.7823034936853007,-0.07836987986353218,0.2187364080994852,-0.1259257155006554,2.769539239379583,-0.18116570276114896,-0.5673496335869738,0.1550951356023911,-0.3137224080481163,0.7059880661591655,0.24167415167775347,0.5110871103687804,-0.20206363873579017,0.14834768373298235,0.32548637468395336,0.09845246739644056,0.4955062725907904,0.1792533847792675,0.09830655475905696,-0.07891409134294056,-0.4700150844310198,0.23691134235311168,0.16456631426657384,-0.08694313325521613,0.41247641264845664,0.1746767168208725,-0.5345828718993927,0.3365393051548723,-0.2118108890420196,-0.008023893586486003,-0.048281565049816726,0.005756393483084405,-0.3061101402752609,0.13099244824942893,0.1480708925058055
-0.02128220319314865,-0.07134860516503666,-0.3275154957367512,0.102302553098233,-0.05306193748186082,-0.038755304660898354,0.013569263725870752,0.1593593648756959,0.03462770876967713,0.011028932495466336,-0.00028288011827536276,-0.033432183084663,0.07394927896184146,0.1414029152881984,0.08773585806410296,0.1284325659801612,0.08155953397218917,-0.07368428425979809,-0.030695840605736487,0.026605134151774935,0.15387284732588932,0.12116028545453353,0.06262700760450479,0.38575861301145514,0.3321927234484919,-0.03555781027573507,-0.06926221909052538,-0.07829180176411715,-0.18116570276114896,2.5092512409183736,0.20814199108939072,0.21222100377018008,0.11619818103181787,0.03202267678437617,0.5579009145748727,0.13637127739203575,0.30681420654757385,0.02949296898913176,0.4556409423454421,-0.1121225023886683,0.08165482480742356,0.12817849436025458,0.3552778536750251,0.5335987307540584,0.21531527204276793,0.45407693791710996,0.9511982838345107,-0.034666817816679664,-0.15529532060077994,0.07859531224265003,-0.1290988355321445,0.24191355645315565,0.021481846276274134,-0.13012536970962846,-0.013026515669100285,-0.19800180838023262,-0.07837919032857604,0.09012548079992255,0.08622033461202676
0.06547129435270081,0.12475835058973947,0.16350418618395723,0.12435418021048007,0.10760099220025021,0.11376502961793043,0.0783176286042341,0.06706257926953821,0.1532048555678621,0.09925079527038044,0.06515748714019508,0.06359343242830817,0.03734523132898241,0.06425440989360477,0.03938048075124777,0.12445087065707404,0.14697967902211181,0.35563366028113313,0.21151855782409454,-0.009132624027479172,0.36121645522341167,0.11835784190754244,-0.22120444878364395,0.39543271882447184,-0.03308832257265592,0.07452930623061971,0.042706918318028204,0.2222651243985773,-0.5673496335869738,0.20814199108939072,1.8114005925340295,0.47919922373907164,0.19517118635558406,0.09819235379367519,0.48007500429957056,-0.03722211092055146,0.3259142819833105,0.026945862318835553,0.19673420443167403,0.042490992584144155,-0.3552658710385437,0.2300570629438922,0.16195285739773352,0.4385272628628906,0.4548116767552703,0.26662004150913693,0.34112636242335587,-0.007959228104611043,-0.5754417865090835,-0.05590766048296671,0.3576946678041546,0.08568969667944872,-0.181134625339531,-0.10509865295923261,0.07778158974815223,0.03621787289550335,0.27161466465034406,-0.22464782405400838,-0.10361271054626292
-0.021419645584002108,0.04939391280572042,0.1619972585658263,0.15327079536947025,0.22709728850269437,0.2342796771884628,0.05498235130975221,0.04926228324230521,0.1900928823183829,0.1100699038085302,0.12255366356058835,0.11983997912379839,0.08357872366759823,0.07479783527197387,0.11126247950656253,0.17373212819604314,0.18045648863671274,0.10468428297015284,0.16765290443300238,0.284914107878127,0.281051105861352,0.18822408581501487,0.013688839532843446,0.6769393022599015,-0.041102153312425685,0.14155292184263946,0.16443395917082684,0.2731537113636399,0.1550951356023911,0.21222100377018008,0.47919922373907164,1.8954873672112496,-0.1635052919497975,0.43240911561168893,-0.26608103313110476,0.20365816056571903,0.021838381107905206,0.14349650626899682,0.15158050896284966,0.0855701870212354,-0.1791376283362254,0.20740895143858604,0.06152009461419848,-0.05127754003237421,0.17380907457400177,0.31332840949417334,0.2981400069388384,-0.06850081841233349,-0.02354411636026031,-0.044531304763222916,-0.01749947553656469,0.15547817631993818,0.07562485409029202,-0.10839527099810613,-0.10157897489472989,0.0844492107700877,-0.023975735065558047,-0.3167858979061814,0.3189719423780008
0.08449275388363506,-0.03544806770020933,0.15676810860604184,0.10452095943679354,0.1531894462930875,0.12328433154300886,0.06643596193704096,0.05408130062946341,0.17041626392457176,0.037488633406712234,0.052198256574763804,0.06948702973055558,0.0539262574744248,0.11290385097040205,0.10429787582437229,0.09411339150937871,0.13567493358493946,0.17231005348480632,0.1729203448526481,-0.03604973631434887,0.26639477934297795,0.21555513762572473,0.34606815664305207,0.39597396895543857,-0.003069471574024573,-0.01951378420903263,-0.03240901642261484,0.1209784049408567,-0.3137224080481163,0.11619818103181787,0.19517118635558406,-0.1635052919497975,1.7276570376951719,-0.32814828910420824,-0.05028717159813708,-0.22822738153132155,0.8103479204094448,0.006384531237847457,-0.1297059837487483,-0.2116495110388373,0.02910373115581952,0.24567674547620869,0.14762871413473713,0.011828463013567898,-0.17562841114516842,0.14049985581888624,0.21620695485558566,0.1553365057723477,0.2506141567298777,0.12092773862721308,-0.2328498038063315,0.0478097020110594,0.11398792434307804,-0.1795127851917182,0.17243426955607877,-0.05600286393581778,-0.19439886782189933,-0.13852572647617215,0.26774731552457876
