0.5533507612298137,0.18199814202578177,0.3228038111225409,0.08347914641532234,0.11240717926857301,0.094078909284815,0.17773082824228748,0.10493214013870876,0.12633547595860195,0.12750120605880885,0.09553317530551163,0.11275893006328858,0.06850189102513192,0.12516853885640114,0.09139103267039522,0.10340077689064746,0.0815138292246542,0.11051331619182651,0.10665310921777141,0.0975003032402005,0.10591537954949284,0.10490161591106936,0.06515889415981185,0.08023791193476608,0.10400945964328505,0.08585147574944108,0.0955353273035788,0.04734321805613691,0.10392674894295091,0.10167943075980837,0.12044334438028689,0.10786732598608602,0.11157435584340941,-0.05684915921319798,0.06631495445314528,0.1740873021535337,0.0328945874258301,0.08044978338302386,0.13173251226012897,0.10926845229169141,0.11112614855677075,0.09931955884671428,0.07228974044914548,0.017538183048873696,0.04033887126062749,0.17175590720050352,0.10335743122867894,-0.002934437654844709,0.17756382979523966,-0.04758559795029518,0.04589602719974576,-0.061191343252520375,0.09675941977281222,-0.04411635943986855,-0.02351930584871698,0.010040707841820805,0.05277356805680924,0.0731891839775657,-0.11649179073652191
0.18199814202578177,1.93265000571683,0.8554683114274151,0.1598582556962056,0.06625597815974595,0.2595240613285598,0.17956310314293852,0.3634834278700016,0.2385902962462158,0.2779491769948339,0.25567356480579656,0.22776656486410807,0.16039007955293808,0.19126777271515555,0.3162439222396344,0.21402855160022513,0.28354352264403965,0.37904401082585704,0.19514334794940155,0.3458598777455621,0.25885314832788797,0.20697279649703054,0.09216542174803531,0.10101013598885547,0.32142430122466736,0.2429979924462299,0.25828378267292357,0.13773683934248848,0.5141718339083847,0.269998054423088,0.2073530981913452,0.14998973644197844,0.19625575742806262,0.27135180179647006,0.03915367858855913,0.2913163132382081,0.38646686959839444,0.21637064297425784,0.22979441294196537,0.1844108266259067,0.21005011377909527,0.24661572454666394,0.18905766909516863,0.017891246386847318,0.18120194388149383,0.4314422445604877,0.32226189141537837,0.03318713652855229,0.17294865594854691,-0.2162820554208719,0.2942101261026496,-0.08162959222432167,0.0590804119484859,-0.09471442607908293,-0.10693835121350308,-0.21730891507607228,-0.3510028582772988,0.11490691853291313,0.3808008557506042
0.3228038111225409,0.8554683114274151,2.2219485030189574,0.14965493711768285,-0.2505343002893516,0.3129365325970246,0.1733619754050194,0.4342743816484824,0.4840557447591438,0.4268176953979182,0.29687398986403124,0.2518976811578166,0.16967538464749743,0.20604765903490177,0.2605155883572672,0.19281797938960532,0.25882785988917373,0.2799612074734229,0.18648682416044812,0.32280788978297353,0.27731525856192446,0.2971474947850949,0.13497386872504236,0.2587649278248159,0.26787351541005033,0.2968985029166439,0.24071475339815096,0.18800585984246124,0.3798192814418843,0.27146099056833983,0.28940496548667255,0.18799806956545578,0.24648996443298585,0.1442571960258908,0.3524176315226534,0.34546519438567164,0.15720770793843963,0.24160573064228513,0.31794989509978155,0.26897997454996,0.18108269477478334,0.26211986407943216,0.19022802262711247,0.04603864036614172,0.16591519457944842,0.28257088458466517,0.2788418971439971,0.02032753026947618,0.2877903999744222,-0.2521675742826937,0.11546750702086264,0.21212235810321992,0.0802396057308749,-0.20662809726479048,0.14715372243712596,-0.10606674271267054,-0.21644540668800574,-0.24179067118262793,0.3725344582713551
0.08347914641532234,0.1598582556962056,0.14965493711768285,0.8596194221336649,0.46598760918068044,0.33069492604497813,0.3184091813383695,0.3121233304633446,0.18638481478313,0.24894005362798172,0.2156618349964448,0.26677372537945626,0.14049256762291776,0.2688850138648206,0.21341451399359077,0.24386705691224253,0.1974289197606946,0.25125603029534166,0.2695921738462015,0.2618363772462727,0.22314141659037032,0.23151572327658673,0.2716017080304403,0.19012161651171433,0.2474676237102961,0.3213775717570104,0.16637783951341426,0.021992390094112416,0.2597852831756884,0.1971069840247535,0.15937295892211156,0.21047314290343677,0.16486989022373283,0.4170205435532076,-0.06222580960066249,0.30066709752587983,0.3276240165342826,0.19990157489561963,0.1790921899610212,0.07387961166384605,0.1905066712050038,0.21956989895445028,0.1871743133566985,0.1058641145756098,-0.02531769652952461,0.1894037327485802,0.22819268350333743,0.026342542536834004,0.25194606372207823,0.15443556996461918,-0.14911349581291375,-0.1355111477655277,0.20120087063848133,-0.14351476320382323,-0.004507920926342274,-0.11371905070285152,-0.18144624308450483,0.07341276660957641,0.11553045983007472
0.11240717926857301,0.06625597815974595,-0.2505343002893516,0.46598760918068044,1.1218112028509568,0.4552182752789742,0.16193525708797515,0.2960207898743646,0.20340591754054305,0.16527546777300742,0.20218404420428623,0.26487255571465945,0.15434359445631965,0.29232878978766424,0.23673513157858375,0.2593107953452456,0.16537561259299485,0.2671226935236823,0.5275745164008094,0.21525620468237686,0.21219600215078377,0.26402516144147015,0.28246142473589747,0.16989862551156662,0.2253946236123829,0.3219876164414587,0.14371676490029842,-0.04410468218056241,0.1819039822081115,0.21104008239795083,0.15195036655409913,0.22459982084823504,0.17425231861802962,0.49105353108118127,-0.1748669425020465,0.35741872089733606,0.4095163401626247,0.19402651641852248,0.1552226581657804,0.016772158134079285,0.23094829255228583,0.21079251393789003,0.17803498432478557,0.07948477979825222,-0.0883356202077757,0.3313523743615206,0.24888336881328388,0.017407800210755397,0.3234774585824256,0.29824464037983084,-0.12557345073465256,-0.4668145615261963,0.4173661215998855,-0.16272238610510598,-0.1708671957106422,-0.008977494032577655,-0.12403625270177408,0.18759881331662337,-0.00426240911227186
0.094078909284815,0.2595240613285598,0.3129365325970246,0.33069492604497813,0.4552182752789742,0.8181104286316572,0.027436641094871685,0.48370675350156034,0.3420138120911138,0.26013713834478236,0.3134153367976901,0.3045681596322926,0.1854469013694763,0.34498964437965457,0.2879916477000518,0.2983417244360479,0.2489999808951073,0.31664292282732326,0.4503409557164488,0.33667267299528225,0.3021212969804479,0.33730492117146943,0.27273031699291733,0.2480982530726714,0.2942578147632314,0.4370788778777601,0.22245399976668384,0.08421835376632564,0.399659577454588,0.29314115655047934,0.19556893119220256,0.2965290114007227,0.21218073796077644,0.3940827250391287,-0.1898895281290936,0.42993481697445635,0.45804875932531897,0.23411368382278402,0.2623421292105791,0.06492708659370906,0.2994837833975708,0.2876537719949491,0.256805792031892,0.07573256315126052,-0.0695685977109113,0.47545847886078574,0.3197301262150516,0.019275492559395868,0.5426946232951612,0.23309336708838255,-0.36405278367072397,-0.2172057431928692,0.11214713328738266,0.04299981080137954,-0.15040129461258686,-0.02978013072002928,-0.15607558937359067,0.15894866050062637,0.07810856186294413
0.17773082824228748,0.17956310314293852,0.1733619754050194,0.3184091813383695,0.16193525708797515,0.027436641094871685,0.7430960401597049,0.13457785265566855,0.2556222082483669,0.19387320406045377,0.14653504703502132,0.2507658554936616,0.1079351349142045,0.10458831143520934,0.10653317947864406,0.15277013599418535,0.1660981971908715,0.21834435610134312,0.11248845913738015,0.20133742710018712,0.17822485729822227,0.21087995058038522,0.2371391146272764,0.14340038888622578,0.17734756910820426,0.2183573182812177,0.16954316012775664,0.06954291642676562,0.14289365895198142,0.006152995519559772,0.18333000355788462,0.1502643962656009,0.08971014218777754,0.2904319208877833,-0.08770510810084962,0.2572258521022269,0.2131669950363353,0.1303870637971978,0.18547414365803286,0.12338787765067774,0.1089925429063415,0.171892759271971,0.16527704843014634,0.08016913930860632,0.05241338318795616,0.1187824353118753,0.10477360327293812,0.017434490105655544,0.2520886771408924,-0.04645656780500418,0.0424703303984042,0.028610938528609863,0.03871781831760835,-0.10093893934767854,0.1205509257048906,0.1068157232335728,-0.03870906397709592,-0.06129144176438766,-0.17646853637639162
0.10493214013870876,0.3634834278700016,0.4342743816484824,0.3121233304633446,0.2960207898743646,0.48370675350156034,0.13457785265566855,1.0028185154179612,0.1066772200535497,0.27792187029488563,0.2895179994942329,0.21716204169367412,0.15468852447228842,0.2950494562170139,0.28157309343979964,0.25137944680761537,0.22667763308425556,0.35069745131769803,0.26515592900568413,0.36632345857991566,0.2691481748423514,0.20601392442500274,0.2783123209893007,0.14157497731563237,0.33242634744093674,0.4611784533817646,0.2137858153031103,-0.08871694393866177,0.39176585304000955,0.43099606892799797,0.13714817392677767,0.2316323911814651,0.16880201176776194,0.42017449364470444,-0.03407230328955835,0.3447638544951157,0.38371065580286157,0.22949600800183567,0.27716666758180664,0.1366169024066958,0.22602802256599347,0.2665525651012638,0.23679231831728112,0.06773812667090656,0.02755580092556066,0.39934088724092504,0.39461776816184235,0.028174999214695618,0.5419805436529018,0.15114227587413243,-0.17013840194689284,-0.32549323704567573,0.27294322638512386,-0.02985619755158794,-0.28038765559556234,-0.1271390840686123,-0.15891151662896172,0.3847201570109404,-0.020117493888021334
0.12633547595860195,0.2385902962462158,0.4840557447591438,0.18638481478313,0.20340591754054305,0.3420138120911138,0.2556222082483669,0.1066772200535497,0.8808692721786461,0.21641300234629093,0.19354180512419927,0.22076896717258987,0.15423497435871325,0.230399583024141,0.08621312408271456,0.1927908394019463,0.19252620771378764,0.29883731023524795,0.31652744989203585,0.16546991471262965,0.2706560853437333,0.44709439436047205,0.25844366091794896,0.27718059803647693,0.13495837542727274,0.37299843845515424,0.20397593331176306,0.2553735865590976,0.1464946765848884,0.02675612298317238,0.2938307917739597,0.25451634500135906,0.2087583173267683,0.13634899860951144,0.007514033244659986,0.43069896030811944,0.16638652783577573,0.15070534219640552,0.24192803147121067,0.21131982114213876,0.18585352049693596,0.2441421829716588,0.22207151244469456,0.05544909535460532,0.05336158678962269,0.39281440573162196,0.17292579810089082,0.02105365564424137,0.393810230848652,-0.03648161402057347,0.044404107218053095,0.08722396957371989,-0.14974650585505558,0.03715249531823097,0.26144519957365947,0.1829338952088152,-0.07224213024731554,-0.31016690929189156,0.06207011181917252
0.12750120605880885,0.2779491769948339,0.4268176953979182,0.24894005362798172,0.16527546777300742,0.26013713834478236,0.19387320406045377,0.27792187029488563,0.21641300234629093,0.7356887125190376,0.2703418537938461,0.31793913768465326,0.1517853139272018,0.21271332491095996,0.2832038820138027,0.218363847652518,0.1986848147225628,0.2897489955824166,0.18164139179471822,0.32445748971365596,0.21863431682695725,0.21297856977515206,0.250054429204793,0.18449883053990832,0.27700926691093175,0.2696840734916702,0.24854848934773355,0.10562140919940588,0.40588369001128705,0.1363665514101489,0.1873739904817116,0.22691684140598833,0.08877296341372296,0.38791195062077355,0.10643532166752234,0.3547192845317519,0.3054174774735267,0.1799492439786316,0.23023781770585397,0.17124812343632625,0.19779318158133907,0.23047187694192212,0.23138141099263207,0.07773571907367302,0.0618666605183955,0.4376012486304726,0.2256474700538205,0.03461164353086096,0.28319215298633554,-0.06971175425447934,-0.008380912442853435,-0.13244718879393005,0.04852554164793595,0.09380469745002923,0.16138845931080295,0.0017429940478557986,-0.04453952127553771,-0.16831040852005694,0.0639896512804362
0.09553317530551163,0.25567356480579656,0.29687398986403124,0.2156618349964448,0.20218404420428623,0.3134153367976901,0.14653504703502132,0.2895179994942329,0.19354180512419927,0.2703418537938461,0.4457581245757679,0.2749029603909166,0.22628483172631278,0.22596670409482672,0.24896080013329713,0.2419692375053619,0.3203236511506987,0.22661455536265007,0.2299768831563081,0.295100311966949,0.21283496595925278,0.21782324856656118,0.21137866255316834,0.19174307909856148,0.2567865370129426,0.27315242605516193,0.23497589929865317,0.186371673818903,0.34965912204106775,0.0492162725320494,0.19121897379297303,0.23060730573334368,0.11177123636955336,0.2730480942266071,0.06686355135730071,0.3589719467953948,0.23836959800749188,0.1781442744666365,0.22454747726675608,0.13033268945098336,0.18844510380759302,0.22285957430095402,0.20915998281915824,0.057742721766285,0.07833539451377662,0.4022858351536165,0.14991968060858218,0.026403969260818082,0.2165209132094717,0.029418620471417977,-0.031047569474923604,-0.03033807250585993,-0.026879832059196047,0.0512100012432035,-0.1096425328815081,-0.024964443751454905,-0.06778550343420342,0.11389445310329128,-0.030422659057766345
0.11275893006328858,0.22776656486410807,0.2518976811578166,0.26677372537945626,0.26487255571465945,0.3045681596322926,0.2507658554936616,0.21716204169367412,0.22076896717258987,0.31793913768465326,0.2749029603909166,0.6527521895520069,0.16172995349546035,0.2575046075168461,0.29682483056119024,0.31319720989152544,0.292878008652386,0.184916772568628,0.25420718704361306,0.27362002864277896,0.2124319936165094,0.22205349859090365,0.2284464669763252,0.15991691252800125,0.28642624473407885,0.3118492884913029,0.28323077316756856,0.09958886133469974,0.19371779049467477,-0.02748419202899827,0.17566386318706326,0.2652771420563951,0.10810152261109288,0.34941720047873714,-0.11491289692272179,0.3723063455303968,0.23022984701513807,0.17286533634855936,0.20973797528494553,0.06891770265349449,0.14081959944555278,0.21582656305366266,0.18759852883594266,0.054252613541879435,0.01878767002306254,0.42352037855548375,0.09529381780847763,0.0260069279571547,0.3388284248937357,-0.17229316211023032,-0.041667332992681945,-0.006814472385132123,0.08987446819134887,0.014839978110649448,-0.05881050451814948,0.0815132219348247,-0.14855752859982366,0.04137764254172652,-0.12049858112589447
0.06850189102513192,0.16039007955293808,0.16967538464749743,0.14049256762291776,0.15434359445631965,0.1854469013694763,0.1079351349142045,0.15468852447228842,0.15423497435871325,0.1517853139272018,0.22628483172631278,0.16172995349546035,0.42953632747563336,0.13726408474006044,0.09367304060866069,0.1713782115107402,0.183703298605637,0.14515158593081015,0.17137061788331606,0.15927419575497753,0.14225352517754894,0.21423147254918076,0.1581766419613397,0.1558174519841325,0.17450386869179146,0.15080191098881815,0.18941268173988857,0.131630045087219,0.35085608720832223,0.04175679232585698,0.10235215815930296,0.1851658902171842,0.08835815114434367,0.15915541121647533,0.23115711776677697,0.24326825852309525,0.11337426166420479,0.10394270526847024,0.18128041490734878,0.12422352913900779,0.12042083733915587,0.1510493162547228,0.18708924022435125,0.06299940412994524,0.05096602691817455,0.28164760638704783,0.09944086907164883,0.013953824635379794,0.18637869072641025,0.060378198832437134,-0.03806778201321279,0.011868015217877694,-0.0643523005874303,0.02415467906456966,-0.024944607693096903,-0.007252201707436855,-0.01828380401956233,0.018472131153928508,-0.021677714580132693
0.12516853885640114,0.19126777271515555,0.20604765903490177,0.2688850138648206,0.29232878978766424,0.34498964437965457,0.10458831143520934,0.2950494562170139,0.230399583024141,0.21271332491095996,0.22596670409482672,0.2575046075168461,0.13726408474006044,0.5128075220884292,0.26112554916715935,0.3472435846778455,0.20922908254739137,0.19897877306378006,0.24478013552399852,0.2741995582522,0.22841153044645482,0.25944178224708286,0.25157897164226983,0.20144785331736076,0.27214950714110386,0.3068634481322649,0.18528031743052986,0.08039743673054683,0.2652505620795224,0.2394350575557406,0.13066487793136802,0.30429687695600216,0.16255604117613887,0.28621711056334737,-0.0033975823937134274,0.3726424558329907,0.25676295241228936,0.18631988054450047,0.20185526107519025,0.12081394830072796,0.24346720360596616,0.232590322447075,0.22159056745266392,0.07125493644375383,-0.01993416230115214,0.43203925064049176,0.22878548725735404,0.009954514036533033,0.5428066645505667,-0.04523619826920683,-0.050417130100832284,-0.2714924765093397,0.24856495786541594,0.012735060769680366,-0.1991529633680682,-0.04067981449871561,-0.10351245029884806,0.20041263533550513,0.07810700029475244
0.09139103267039522,0.3162439222396344,0.2605155883572672,0.21341451399359077,0.23673513157858375,0.2879916477000518,0.10653317947864406,0.28157309343979964,0.08621312408271456,0.2832038820138027,0.24896080013329713,0.29682483056119024,0.09367304060866069,0.26112554916715935,0.9146953660696376,0.2524249218443488,0.2053944844194319,0.3379767697409585,0.21869460492762102,0.29383767572533637,0.19888450252737505,0.1116938097734875,0.3731557499911869,0.20538339126263175,0.3729600968738186,0.27887609885419806,0.20429115039483592,0.12291932108327605,0.31943897810477184,0.23089166300935338,0.20026600241680823,0.1920303852343684,0.10385716125514,0.35124298784567537,-0.10375217551670338,0.414186863307763,0.2683253463243864,0.15873450312187928,0.12581360940593533,0.11622212889533119,0.18149261501081718,0.2120086169277768,0.21041465846993945,0.05838806740504401,0.021160375839367463,0.4817342094534482,0.28527043197872304,0.023141643946068543,0.2972067199302449,-0.11703159653095442,0.016117572907949154,-0.05665426622190828,0.037538381519190596,0.05809675452051824,-0.0655885407049377,0.07264500685812621,-0.1777157323074717,0.07878041888071857,0.07235585432067983
0.10340077689064746,0.21402855160022513,0.19281797938960532,0.24386705691224253,0.2593107953452456,0.2983417244360479,0.15277013599418535,0.25137944680761537,0.1927908394019463,0.218363847652518,0.2419692375053619,0.31319720989152544,0.1713782115107402,0.3472435846778455,0.2524249218443488,0.47742290202304805,0.286545970764687,0.17844496907888224,0.24326719908319025,0.26469374902624887,0.21661943450075877,0.28013443619758077,0.21208708244723795,0.19484817489040587,0.2805450592031591,0.24746658632524374,0.23273396107255512,0.17277782157867788,0.3087055102737292,0.08581123614195917,0.16316357530840403,0.27045016457549304,0.11980979649369182,0.2961375153262706,0.0810027201682697,0.34250213538828067,0.2474223497625126,0.1742585380356789,0.2260311109592146,0.11893695766989366,0.21129443626285382,0.23121311091643718,0.25008033822783804,0.08468096483222554,0.03482086521896598,0.36072372154923704,0.14626204316678196,0.015771558866824104,0.3832476103578895,-0.12342166125525462,-0.07429745722052944,-0.05867491252075252,0.10233495961016535,0.017567109752676398,-0.12720426424256756,-0.005454228783727096,-0.13838858745773924,0.1339554973896325,0.04801395712879953
0.0815138292246542,0.28354352264403965,0.25882785988917373,0.1974289197606946,0.16537561259299485,0.2489999808951073,0.1660981971908715,0.22667763308425556,0.19252620771378764,0.1986848147225628,0.3203236511506987,0.292878008652386,0.183703298605637,0.20922908254739137,0.2053944844194319,0.286545970764687,0.833866097684891,0.10452528645504425,0.22835379175688006,0.41177502008042555,0.2639130234197309,0.19365210955013212,0.04232510050414418,0.18583866252516518,0.2803915090899748,0.1837213797146968,0.2950934138466001,0.5844109212472122,0.2923508228447274,-0.054848801171267426,0.27686288250387625,0.2282373016533481,0.2171688160932251,0.25678339877219536,0.14484928690081872,0.404168874415706,0.4820895825583762,0.25171989948145734,0.34979999230074704,0.12479098229021482,0.3021000800016782,0.30327890506905525,0.2577192381490724,0.07209799068238988,0.23435034946488079,0.403086497065142,0.050810895312911726,0.037922068483854994,0.2268199014817004,0.29678684864171295,0.025497279279293676,0.06515028066467568,-0.31749645002059723,0.03326233651020281,-0.2810416652418876,-0.0705687810403675,-0.05961298334155837,0.2397853764138118,-0.08024598926064062
0.11051331619182651,0.37904401082585704,0.2799612074734229,0.25125603029534166,0.2671226935236823,0.31664292282732326,0.21834435610134312,0.35069745131769803,0.29883731023524795,0.2897489955824166,0.22661455536265007,0.184916772568628,0.14515158593081015,0.19897877306378006,0.3379767697409585,0.17844496907888224,0.10452528645504425,0.8979123474579037,0.3025650879932506,0.13947058484601949,0.26603356988841403,0.25944778961059084,0.5836242004593061,0.22339512929512156,0.3322387093809204,0.4723313492146398,0.11938499033882179,0.010895231433517399,0.38666616377947277,0.03569510094899383,0.34429412225202083,0.22329895221244292,0.05113675607950603,0.29872101212899976,-0.22351245339132242,0.4720019271523781,0.17050194670462124,0.12258275349092979,0.035683296827099927,0.2569707011231857,0.18843103899514071,0.24651532313511554,0.20162937436487877,0.05404235665164184,0.09565621030406038,0.5548148417796471,0.46080026717747746,0.03491514838794905,0.184250738292549,0.22389132894631378,0.3667208188093306,-0.27295328082299186,-0.353801629003909,0.08198604582068796,0.013946991385098344,0.1375067732628355,-0.0480930808670621,0.05602671313920794,-0.12451886693820607
0.10665310921777141,0.19514334794940155,0.18648682416044812,0.2695921738462015,0.5275745164008094,0.4503409557164488,0.11248845913738015,0.26515592900568413,0.31652744989203585,0.18164139179471822,0.2299768831563081,0.25420718704361306,0.17137061788331606,0.24478013552399852,0.21869460492762102,0.24326719908319025,0.22835379175688006,0.3025650879932506,0.8416100851520684,0.1697062869481852,0.18901894324957014,0.32238726478254326,0.19665846683182656,0.21439057819677787,0.2418348399896961,0.25905074947702306,0.15685107222080244,0.2467106117416282,0.17066579467361878,-0.05310560948472453,0.302803751306642,0.2728410615818882,0.0940100455112474,0.2786629864718869,-0.19546391251998,0.3533122394492,0.11196569222812233,0.17599627789810335,0.10673444722314998,0.08088917069906466,0.1794185083509751,0.1651667669699228,0.15581173569265958,0.035034961785046434,0.047411055567452266,0.29470491619706424,0.13601533641988792,0.014592527612427417,0.08421633626155853,-0.026566479901359893,0.20739649209430283,0.4674155461959661,-0.46458107851986175,-0.09585584548142377,-0.09280210308274356,0.05983577088323582,-0.03994636160194603,0.10026099410955859,-0.07368340724676609
0.0975003032402005,0.3458598777455621,0.32280788978297353,0.2618363772462727,0.21525620468237686,0.33667267299528225,0.20133742710018712,0.36632345857991566,0.16546991471262965,0.32445748971365596,0.295100311966949,0.27362002864277896,0.15927419575497753,0.2741995582522,0.29383767572533637,0.26469374902624887,0.41177502008042555,0.13947058484601949,0.1697062869481852,1.2311252808859976,0.32608976456502325,0.1057075344476072,0.2185896373538536,0.1981116983689954,0.29030831887367164,0.39676285899350916,0.3782339043979012,0.2188309714583792,0.5268970879977208,0.6712640186585884,0.19978673700772193,0.2608941733379539,0.2278478335874932,0.5306106102068273,0.12254494122964922,0.41869305974968685,0.7747138627128547,0.5430555990978454,0.41849461484239847,0.3882888314248389,0.4523578923398638,0.3794940032456603,0.49393482743170836,0.13081040900763433,0.20676850585467368,0.6954670679992149,0.4267863053889707,0.03711124522096538,0.9966248882001439,-0.0733996420503044,-0.17000570481540045,-0.2699642050405338,0.34347165313590816,-0.000758846919120726,-0.06598290140539444,-0.08493658375150091,-0.07883954246949387,0.10019721314850448,0.06309416260986442
0.10591537954949284,0.25885314832788797,0.27731525856192446,0.22314141659037032,0.21219600215078377,0.3021212969804479,0.17822485729822227,0.2691481748423514,0.2706560853437333,0.21863431682695725,0.21283496595925278,0.2124319936165094,0.14225352517754894,0.22841153044645482,0.19888450252737505,0.21661943450075877,0.2639130234197309,0.26603356988841403,0.18901894324957014,0.32608976456502325,0.5796523798027823,0.2123879077065401,0.2124023118499515,0.1984091639079597,0.21790335027025973,0.29591806792707137,0.2101515537387811,0.11960176763419285,0.20581020158644656,0.2993068759590449,0.2546635333196914,0.19938660470609412,0.4205702928273825,0.17659727005943288,0.2618103980362421,0.47883501499806214,0.44012039039699397,0.24682722111897126,0.4209836144535184,0.3145914360059381,0.397332648725135,0.4997719865831606,0.3576696341731827,0.056294261037165644,0.1655012690320652,0.5747967637093198,0.30605138286800454,0.06614469466645213,0.684490434981756,0.1222371522528224,-0.05958022531834817,-0.3071819923887283,0.16738096104725145,0.016992708557165764,0.03729946191043762,-0.005471284262598726,-0.22125164328138056,-0.007712505523860959,0.2431738747027628
0.10490161591106936,0.20697279649703054,0.2971474947850949,0.23151572327658673,0.26402516144147015,0.33730492117146943,0.21087995058038522,0.20601392442500274,0.44709439436047205,0.21297856977515206,0.21782324856656118,0.22205349859090365,0.21423147254918076,0.25944178224708286,0.1116938097734875,0.28013443619758077,0.19365210955013212,0.25944778961059084,0.32238726478254326,0.1057075344476072,0.2123879077065401,0.8698320325788211,0.29725942549328405,0.17998678832983483,0.17617810956571783,0.2515970107646586,0.1970008705713551,0.13791703292690266,0.30231651289605516,-0.0465417083967068,0.18124330784678858,0.3043084266216542,0.13596897319799356,0.30834387878276914,-0.0030257328437299897,0.2919399863253313,0.18302328304113427,0.13219323148604367,0.273321091987078,0.09684933683230058,0.13873504862171684,0.20164034748590773,0.2967737980807178,0.09690979695351687,-0.002147555536076114,0.29513256873032917,0.11726881181981708,0.017283249798648707,0.3512421296511113,-0.12608920989592065,-0.02634842151455519,0.040706178643681964,-0.09951016270379556,-0.007095865302794293,0.01856134524107013,0.07263901840514182,-0.09533778288148555,-0.006667178317444206,-0.006340297737117097
0.06515889415981185,0.09216542174803531,0.13497386872504236,0.2716017080304403,0.28246142473589747,0.27273031699291733,0.2371391146272764,0.2783123209893007,0.25844366091794896,0.250054429204793,0.21137866255316834,0.2284464669763252,0.1581766419613397,0.25157897164226983,0.3731557499911869,0.21208708244723795,0.04232510050414418,0.5836242004593061,0.19665846683182656,0.2185896373538536,0.2124023118499515,0.29725942549328405,1.8072993682632268,0.2966645118234502,0.3847631487973072,0.15222780443169212,0.16110766036301696,-0.4437940331012751,0.5481793537723283,0.34478081916499687,-0.23398698434753074,0.19060040154351618,0.10796273404007022,0.44991007665477545,-0.42664090518517295,0.8257974644948946,0.33842175099361815,0.09335095857843378,0.23588146132519044,0.2510765812050002,0.2809223006311115,0.22752099300235737,0.20165847331159595,0.1835392759571986,-0.27196890937757373,0.8822311298401261,0.4601361235396044,-0.006501178101947943,0.30967170748554745,0.06603118257329955,0.10596085633285594,-0.34270125544233315,0.14777990253884438,0.16037392918350982,0.0072647432335149415,0.07151031317640226,-0.11610589085041476,-0.06476668123977436,0.03571811636066868
0.08023791193476608,0.10101013598885547,0.2587649278248159,0.19012161651171433,0.16989862551156662,0.2480982530726714,0.14340038888622578,0.14157497731563237,0.27718059803647693,0.18449883053990832,0.19174307909856148,0.15991691252800125,0.1558174519841325,0.20144785331736076,0.20538339126263175,0.19484817489040587,0.18583866252516518,0.22339512929512156,0.21439057819677787,0.1981116983689954,0.1984091639079597,0.17998678832983483,0.2966645118234502,0.966819233884735,0.23459802406062225,0.10885700444886708,0.1566784706124754,0.27590130268701135,0.17044377262138438,0.11305987822343827,0.6485269379577971,0.16223594881523193,0.15321939934348042,-0.02609645909761486,0.05148305137310127,0.3898385452538179,-0.011647508824438229,0.14983018133276474,0.11009122091616919,0.2108478126233156,0.23776980899592862,0.18804427661119244,0.06393294871559284,0.08636067476308437,-0.029884669169096795,0.1458434152472822,0.1567753850898645,0.010451882187556678,0.13075850708279635,-0.11054485881652715,-0.022719353075045627,0.14666792968858017,0.008663138169091119,-0.000543804206602446,0.3349774181181856,0.0406898995265766,-0.12210137074496431,-0.511801443546014,0.4307090010107798
0.10400945964328505,0.32142430122466736,0.26787351541005033,0.2474676237102961,0.2253946236123829,0.2942578147632314,0.17734756910820426,0.33242634744093674,0.13495837542727274,0.27700926691093175,0.2567865370129426,0.28642624473407885,0.17450386869179146,0.27214950714110386,0.3729600968738186,0.2805450592031591,0.2803915090899748,0.3322387093809204,0.2418348399896961,0.29030831887367164,0.21790335027025973,0.17617810956571783,0.3847631487973072,0.23459802406062225,1.1112926927592446,0.23485353356791863,0.23175034080832907,0.06726660935375499,0.6165807552793686,0.015172192498107815,0.49458225369993736,0.25432760929348003,-0.03206251405597874,0.45155779519133493,-0.1396895516271022,0.4539354919216603,0.1479699412842227,0.1974900725080146,0.19244129736833998,0.10513126651418638,0.16163013677472626,0.22521702128887203,0.19876950920423128,0.10019939495441195,0.09995672265376426,0.4039594343637729,0.17876482580047257,-0.006433678487414554,-0.05306634247438298,-0.26236203914941153,0.06288957028326367,0.017050222725297732,0.03135716943562871,0.0502731703995398,-0.13137117341451274,-0.019613666379721156,-0.0836704984283284,0.14417497076583682,-0.043549792768034674
0.08585147574944108,0.2429979924462299,0.2968985029166439,0.3213775717570104,0.3219876164414587,0.4370788778777601,0.2183573182812177,0.4611784533817646,0.37299843845515424,0.2696840734916702,0.27315242605516193,0.3118492884913029,0.15080191098881815,0.3068634481322649,0.27887609885419806,0.24746658632524374,0.1837213797146968,0.4723313492146398,0.25905074947702306,0.39676285899350916,0.29591806792707137,0.2515970107646586,0.15222780443169212,0.10885700444886708,0.23485353356791863,2.1258843787450434,0.2365475603344796,0.13504494859738767,-0.06380878177086062,-0.14287612385526532,0.43014647373605064,0.4560213938884467,-0.04637970195586639,0.4912017908818466,-0.11421800295438599,0.42869566967818423,-0.41123889397033375,0.30638214659597507,-0.7704998985397397,0.18130109312001041,-0.09982358849169302,0.3068880317681663,0.27430867886875826,0.02049491122422215,0.036238247974954306,0.23944207960665878,0.14207777668166308,0.03235235013086061,0.4677485201739907,0.5122762252381167,-0.11850915933327281,-0.2340546191930441,-0.38328547100236265,-0.05128338629024707,-0.08190881675445368,0.032398364656700575,-0.2725310336565549,0.15690657667205146,0.1291404901136887
0.0955353273035788,0.25828378267292357,0.24071475339815096,0.16637783951341426,0.14371676490029842,0.22245399976668384,0.16954316012775664,0.2137858153031103,0.20397593331176306,0.24854848934773355,0.23497589929865317,0.28323077316756856,0.18941268173988857,0.18528031743052986,0.20429115039483592,0.23273396107255512,0.2950934138466001,0.11938499033882179,0.15685107222080244,0.3782339043979012,0.2101515537387811,0.1970008705713551,0.16110766036301696,0.1566784706124754,0.23175034080832907,0.2365475603344796,0.7231360581674937,0.2736860389744523,0.2045236941417298,0.0781326183842931,0.18888162123632962,0.24600218596229373,0.22206358093979273,0.25045841305119615,0.1846683932006166,0.4675444078611887,0.33532178300886756,0.2256212659684632,0.26604511681600923,0.1857152472412378,0.2109511641212926,0.23323679114956528,0.3968213035808143,0.05213801310352018,0.10334459860703119,0.549257725250977,0.11660924342575135,0.02651814220064316,0.4835667752973255,-0.0875580975668232,-0.10348931255365647,0.04788324593989607,0.06197225566221494,0.032884971228258834,-0.04138456773678305,0.04186016665395478,0.010722992938092289,0.09393008123213518,-0.13406032442509638
0.04734321805613691,0.13773683934248848,0.18800585984246124,0.021992390094112416,-0.04410468218056241,0.08421835376632564,0.06954291642676562,-0.08871694393866177,0.2553735865590976,0.10562140919940588,0.186371673818903,0.09958886133469974,0.131630045087219,0.08039743673054683,0.12291932108327605,0.17277782157867788,0.5844109212472122,0.010895231433517399,0.2467106117416282,0.2188309714583792,0.11960176763419285,0.13791703292690266,-0.4437940331012751,0.27590130268701135,0.06726660935375499,0.13504494859738767,0.2736860389744523,2.2728701781835277,-0.103051296096563,-0.4546570497408313,0.5430800729420553,0.23451135059328101,0.2769852313937626,-0.050707693503684224,0.23142853589318169,0.5618149353098262,0.14622023429043152,0.16552565230411403,0.09567080541197512,0.13525803570689096,0.1504355318557835,0.11155179280710682,0.318255133980976,0.18023228839976982,0.24122004145076337,-0.3423877870397077,-0.20120490056993806,0.04636831597599761,-0.2341652776890881,-0.11176525756018602,-0.022787928958013785,1.3234446216537314,-1.2302353037949016,0.042657907291738385,0.4584689418417603,0.12162356951008614,0.10297409731984969,-0.3877502084404823,0.25396773797356
0.10392674894295091,0.5141718339083847,0.3798192814418843,0.2597852831756884,0.1819039822081115,0.399659577454588,0.14289365895198142,0.39176585304000955,0.1464946765848884,0.40588369001128705,0.34965912204106775,0.19371779049467477,0.35085608720832223,0.2652505620795224,0.31943897810477184,0.3087055102737292,0.2923508228447274,0.38666616377947277,0.17066579467361878,0.5268970879977208,0.20581020158644656,0.30231651289605516,0.5481793537723283,0.17044377262138438,0.6165807552793686,-0.06380878177086062,0.2045236941417298,-0.103051296096563,2.521390942136066,0.26253331938095664,-0.1690278207289583,0.2591667791520341,-0.3130822246609669,0.4975212623744321,-0.3686186894537089,0.2314267851626539,0.2736764838625757,0.12972328710570058,0.45552361800371466,0.10075552148469785,0.3457619331653676,0.22606264625093045,0.3172597537655869,0.10328667836970515,0.0836384745132527,0.46770932670260756,0.32795245244903554,-0.10376851635723217,0.751172507721373,0.3845074292566822,-0.4206019569298449,-0.13739062608037617,-0.22117481454814422,0.2761676535242865,-0.18142661384905734,-0.17079198464477463,-0.10269659394156315,0.2502594866426945,0.005356611220894417
0.10167943075980837,0.269998054423088,0.27146099056833983,0.1971069840247535,0.21104008239795083,0.29314115655047934,0.006152995519559772,0.43099606892799797,0.02675612298317238,0.1363665514101489,0.0492162725320494,-0.02748419202899827,0.04175679232585698,0.2394350575557406,0.23089166300935338,0.08581123614195917,-0.054848801171267426,0.03569510094899383,-0.05310560948472453,0.6712640186585884,0.2993068759590449,-0.0465417083967068,0.34478081916499687,0.11305987822343827,0.015172192498107815,-0.14287612385526532,0.0781326183842931,-0.4546570497408313,0.26253331938095664,5.171282179646596,-0.5873425830623101,-0.06662720105413057,1.0371615321357501,0.05770383777990017,0.47364658379979857,0.6637740839257945,1.4607207600184111,0.4103093959713023,1.2908495502653745,0.774933242961005,0.6728525100876923,0.3071359008057714,0.5798313429491266,0.2012665782982457,0.2596932081486555,0.7221156788528936,2.578415825718965,0.038844165165577406,2.338600362055401,0.1890704868208026,-0.47456404960821175,-2.039877927878768,1.996209529642765,-0.15685668916131854,-0.005012996846504161,-0.3557854605103051,-0.31226962731896307,0.009861800325189246,0.595191506918289
0.12044334438028689,0.2073530981913452,0.28940496548667255,0.15937295892211156,0.15195036655409913,0.19556893119220256,0.18333000355788462,0.13714817392677767,0.2938307917739597,0.1873739904817116,0.19121897379297303,0.17566386318706326,0.10235215815930296,0.13066487793136802,0.20026600241680823,0.16316357530840403,0.27686288250387625,0.34429412225202083,0.302803751306642,0.19978673700772193,0.2546635333196914,0.18124330784678858,-0.23398698434753074,0.6485269379577971,0.49458225369993736,0.43014647373605064,0.18888162123632962,0.5430800729420553,-0.1690278207289583,-0.5873425830623101,2.4736544778679663,0.2314388097962844,-0.10685541084121691,-0.05558194602039965,0.007545368744812215,0.32649635527092385,-0.6304531751684314,0.2706348845281604,-0.3082551667668304,0.21273075338115754,-0.02888226255729903,0.2129791658621883,-0.003542249062039274,0.0775336839943436,0.3617963587232488,-0.22010163255546777,-0.14764526439296272,0.04323914517843981,-0.8441094479386976,-0.28642081095526345,0.3779635222128584,0.4719089054105078,-0.44759363437467103,-0.0725902478656247,0.2581681477642618,0.1425297697074142,0.004566156936073093,-0.3053898407676462,0.045011643196778445
0.10786732598608602,0.14998973644197844,0.18799806956545578,0.21047314290343677,0.22459982084823504,0.2965290114007227,0.1502643962656009,0.2316323911814651,0.25451634500135906,0.22691684140598833,0.23060730573334368,0.2652771420563951,0.1851658902171842,0.30429687695600216,0.1920303852343684,0.27045016457549304,0.2282373016533481,0.22329895221244292,0.2728410615818882,0.2608941733379539,0.19938660470609412,0.3043084266216542,0.19060040154351618,0.16223594881523193,0.25432760929348003,0.4560213938884467,0.24600218596229373,0.23451135059328101,0.2591667791520341,-0.06662720105413057,0.2314388097962844,0.6300431427251766,0.05339870091329953,0.2988699563850661,-0.10242261570198706,0.43706511241694346,0.02208711172645799,0.1925889954949473,0.08061030528088893,0.09105347775119393,0.1329227802621731,0.19930940120057367,0.16935819113648182,0.04380841131155475,0.03173405716364393,0.37632244397609455,0.08512971080959027,-0.0038006887927943375,0.34780808140757563,0.028067078295743175,0.008081250092796657,0.1705233879686647,-0.32510730966421775,0.08258112902244621,-0.162499988111568,-0.010287893175026241,0.26026408835320675,0.15808631921075636,-0.31164495664958347
0.11157435584340941,0.19625575742806262,0.24648996443298585,0.16486989022373283,0.17425231861802962,0.21218073796077644,0.08971014218777754,0.16880201176776194,0.2087583173267683,0.08877296341372296,0.11177123636955336,0.10810152261109288,0.08835815114434367,0.16255604117613887,0.10385716125514,0.11980979649369182,0.2171688160932251,0.05113675607950603,0.0940100455112474,0.2278478335874932,0.4205702928273825,0.13596897319799356,0.10796273404007022,0.15321939934348042,-0.03206251405597874,-0.04637970195586639,0.22206358093979273,0.2769852313937626,-0.3130822246609669,1.0371615321357501,-0.10685541084121691,0.05339870091329953,1.896341544124302,-0.1766887013945591,0.6306895551438381,0.47922548814508475,1.2393657109260614,0.32664452371189356,0.7027843621627569,0.23359776050226508,0.5021652205070251,0.4198715750235938,0.5132927895843071,0.04662370144155878,-0.06792970149817511,0.6340837343700123,0.575607611169615,0.008163696338960549,1.0761981628321977,0.39647426677805897,-0.4356421201540595,-0.4121052543588325,0.5435502400825541,-0.20658609923427257,0.2324852109231924,-0.12732730045547244,-0.21953698340594752,-0.2100311332798006,0.5220283152554057
-0.05684915921319798,0.27135180179647006,0.1442571960258908,0.4170205435532076,0.49105353108118127,0.3940827250391287,0.2904319208877833,0.42017449364470444,0.13634899860951144,0.38791195062077355,0.2730480942266071,0.34941720047873714,0.15915541121647533,0.28621711056334737,0.35124298784567537,0.2961375153262706,0.25678339877219536,0.29872101212899976,0.2786629864718869,0.5306106102068273,0.17659727005943288,0.30834387878276914,0.44991007665477545,-0.02609645909761486,0.45155779519133493,0.4912017908818466,0.25045841305119615,-0.050707693503684224,0.4975212623744321,0.05770383777990017,-0.05558194602039965,0.2988699563850661,-0.1766887013945591,2.1478110093250775,-0.268661669192541,0.2196704961840408,1.1873592849264065,0.2606843922179884,0.13141699763736536,-0.2151693324405201,0.11764522050067053,0.23918311360564232,0.3910790702753641,0.22505208899252993,-0.1944498632169959,0.12913046603155237,0.214039425934048,0.06710490627685446,0.45084305094740434,0.03374488129797826,-0.2927179366714752,-0.2289038034916242,0.28391762896238953,-0.11727259679024493,-0.2476488287597915,-0.03677987102020303,-0.15676004798427998,0.2685698422596183,-0.06351031450833237
