1.528595840743607,0.6045917687226355,0.7837992772340794,0.06296403874679402,0.14906943831742908,0.08588832378034425,0.37822100493428096,0.013620390217926277,0.3212296673267864,0.19869475053575805,0.13876798500366375,0.24034122927764778,0.12000079064382056,0.3460806627043012,0.15479831899716648,0.21405150784822183,0.18855954899682054,0.20160239357761492,0.24511080229355448,0.10192937652354218,0.24789744279517711,0.27295207596954274,0.13678450950942703,0.17323773016934318,0.2093759079540919,0.1149076971310856,0.15091708775439353,0.16631498533353115,0.23571149689509555,0.06251285765333844,0.2120202861179739,0.17553175525744624,0.18522830831881595,0.07918056449733958,0.20267919947902438,0.2865971656507832,0.27827201385943595,0.2750336181210304,0.19478061494885085,0.048618630555626687,0.28198826215714684,0.20440486186871734,0.11024251596909194,0.18811110396806097,0.11031254036448997,0.32185187273664867,0.22098058725287822,0.05930534101490433,0.1336208302834854
0.6045917687226355,3.010502364221179,1.1716497118387463,0.09759937155032106,0.022154015621069226,0.22496409112619106,0.26939405316007453,0.28317040611626476,0.4402824989743617,0.28800454866135267,0.23063417576803366,0.2614109208210164,0.19864763796985266,0.18095457626441255,0.32880947774995245,0.1509929944833454,0.27160133229823663,0.4296402502444331,0.295861817854099,0.4934703008404081,0.38031534628988545,0.2900239431791633,-0.007879900096944196,0.2241514539343061,0.2347333431508639,0.4452993515321468,0.27308474257516724,0.3221665861283484,0.47641413153867945,0.07451779771310707,0.344204663628351,0.26873023657534173,0.19272605746540192,0.2299863433946646,0.3211268332856632,0.38945389780572565,0.5871265263464936,0.3655436688598837,0.12789285293092492,0.07575371883202,0.4867236477097328,0.34853344242423345,0.1781770492959964,0.11757371089900293,0.2062919759696211,0.5429689342120451,0.35684162389610224,0.130862812869751,0.17362645457250447
0.7837992772340794,1.1716497118387463,2.3439989954317313,0.017707503015891513,-0.3140408117254255,0.39119629526275546,0.2203804171759486,0.48392576072435994,0.5797264794379391,0.38028667124933196,0.21409711195631725,0.24454786688140223,0.22827137149589988,0.20018310573093093,0.2974902680751476,0.1954094758805051,0.3234985460799237,0.372013318210869,0.5199597851454928,0.3499356132381507,0.34981274315940825,0.42257217034718925,0.19520992189846792,0.289945521392512,0.2965241543013597,0.37895136396084883,0.2512780804331308,0.27573170733263896,0.4789216016563634,-0.005016365024841627,0.3150174616639463,0.28303766216902015,0.21310467961528418,0.23238410347460645,0.4167647145727715,0.49584859379336166,0.42596472052990897,0.4866413749347844,0.18580293716431232,-0.008091686597780322,0.426128840762506,0.34841894391346756,0.21927221457943957,0.23203727809050803,0.2904292220771447,0.8965289052227461,0.3653129316053557,0.10711829068665571,-0.05359930033057339
0.06296403874679402,0.09759937155032106,0.017707503015891513,1.0211167012551707,0.788652402025449,0.18992482159317634,0.3587924467530782,0.25645961179931603,0.12931772665896898,0.20138820180037265,0.19500935888771148,0.2169080198906819,0.1426995710207505,0.22375053543631637,0.11989872964055885,0.20335858154170205,0.19389158557512204,0.24048505762161618,0.059536548019572436,0.16177974142059393,0.20283821984020575,0.17102998301449357,0.21483397534149176,0.19656413861028948,0.2021169313899212,0.1842539834597361,0.14532733194997077,0.13055331051220073,0.1660152304993002,0.10067177094585597,0.18706756423026474,0.1928704312177448,0.1317722088224254,0.25093706347215544,0.12470117430231298,0.22519440257214246,0.24188970672430032,0.1873215028815117,0.24617451382189748,0.10366841103526549,0.21830219853139704,0.17824720490570287,0.11700131583195582,0.28563329832457385,0.00543315219336217,0.01753613361541254,0.24094540601690967,0.05304067424886293,0.030315342414258973
0.14906943831742908,0.022154015621069226,-0.3140408117254255,0.788652402025449,2.056633300015578,-0.020704060544259086,0.35970785356566115,0.3025045607677962,0.14586399585447424,0.1597496391304147,0.22733028953969775,0.18248048966799624,0.16831852084358007,0.1578517157467037,0.16136134080341363,0.17379410303651854,0.1343550882407515,0.2336332353558467,-0.038647963950008586,0.1254275592616165,0.19953763190403007,0.14473984329997044,0.220706317388331,0.13422276524690693,0.17980678484012966,0.192798892556577,0.10132807709874503,0.052529825235890296,0.1488351873689226,-0.006100230610203259,0.14645242131126082,0.18618912810009028,0.05897434473659755,0.30665440611298656,0.09899377794317075,0.21720193643501615,0.16880110128387368,0.05450295183017369,0.2482671738702356,0.1197097775649838,0.18539296988849835,0.16272426613173305,0.00681812448156527,0.2121957575806287,-0.11003490555434714,-0.08807990772701445,0.18585422917964053,0.0305654159516774,0.1521964902510654
0.08588832378034425,0.22496409112619106,0.39119629526275546,0.18992482159317634,-0.020704060544259086,1.0853084022064146,0.0693629943496794,0.3802654258050438,0.26542868542207027,0.23923713593747323,0.24207980720070113,0.2557286122809536,0.1654694404092224,0.1239880914191393,0.20938276672851866,0.19374160230303245,0.31309163438586035,0.2852572139368507,0.34884318841617334,0.3719259079959981,0.2634190116882088,0.25674765289347534,0.15780642871810008,0.2050336370153587,0.2571670144576754,0.35709158808937214,0.24198558364918837,0.21128410171274234,0.3502769552726998,0.07141234999483094,0.2657202213047582,0.2791576824439856,0.08149773102974589,0.29652209657436923,0.08657889455084535,0.2102021305644991,0.2378381039349803,0.3515126840423225,0.18703749536839,0.11273468111751354,0.19587979995797167,0.2227130632403218,0.2907504907449589,0.278501106230233,0.1649113977933687,0.21026203167032181,0.2925305413264718,0.06642037973955199,0.10431048635186173
0.37822100493428096,0.26939405316007453,0.2203804171759486,0.3587924467530782,0.35970785356566115,0.0693629943496794,0.6169012058282674,0.11785854099622549,0.24666221481462436,0.13939182073825757,0.19637639703435797,0.23526807760593477,0.1261170718195469,0.12505600935611966,0.04360340447658192,0.17225383831637245,0.21420013192028195,0.1659725537958307,0.08837411408988471,0.11627289177761076,0.20918261054726578,0.21232925720778542,0.14091360645371212,0.16475857619557832,0.16223112377535465,0.1788772581160021,0.13512326241504855,0.15666654190255064,0.14260757122937906,0.05064163893254947,0.1682826102139171,0.1770642349844385,0.12690913673378731,0.16772105558056338,0.11351068012303743,0.25790005765660556,0.1975483634983155,0.16527982141387748,0.22990044071595728,0.08271855094383611,0.21382249095093092,0.1712794283638559,0.04567568606188148,0.20900182816327878,0.0019579200718636935,0.07702431839469129,0.11515232851415125,0.03746218576715023,0.14682501408669127
0.013620390217926277,0.28317040611626476,0.48392576072435994,0.25645961179931603,0.3025045607677962,0.3802654258050438,0.11785854099622549,1.1970430081426073,-0.0949616797471165,0.2813381429881607,0.24836131299785194,-0.019567883513097205,0.2182687709799662,0.05322815246384324,0.12297592751916128,0.13889381021281158,0.1441831572708821,0.3671559357913386,0.2088064652018138,0.34215475621104996,0.15848725289108762,0.07473663991217072,0.18275559871762417,0.13125547220988515,0.2548388508436244,0.3664071947158302,0.17570856596860263,-0.018442967473265296,0.27642283769699627,0.08500343272043374,0.18412495839858514,0.15689512753594748,0.06346323128340678,0.25772823036380227,0.1504613854804053,0.1188705715267219,0.23061494475495442,0.21734321362573067,0.20017356961921626,0.10827271656972744,0.1678910783687783,0.15208148519421766,0.20640743440138581,0.13289499546628167,0.09325859804195313,0.3460992059385669,0.3202539085931257,0.08793844696852432,-0.1404750358147461
0.3212296673267864,0.4402824989743617,0.5797264794379391,0.12931772665896898,0.14586399585447424,0.26542868542207027,0.24666221481462436,-0.0949616797471165,1.040651545571959,0.09639562827635101,0.10358363889841761,0.24113084417108838,0.16179559000332502,0.13472611541688706,0.11742626300743508,0.1098999801585102,0.2572273840806193,0.14595162040151746,0.2536773298100019,0.1351769430868413,0.2578889960459718,0.5206131605868987,0.15321476959738198,0.22301513476561624,0.09321956263916667,0.34871638263742144,0.17564532282639905,0.25276094273970223,0.13621194091952035,0.10518152596557528,0.21413777727979177,0.2685048524579206,0.2211914242092502,0.10867930286789586,0.11921306481596974,0.2977973673462172,0.14590295854300545,0.32243400735678096,0.18005936539938136,0.058602511628860564,0.1909936370684178,0.20424432587146754,0.20347822471396412,0.25329944277821853,0.12178845247817026,0.2615702139306994,0.18832231233685878,0.002894229308154538,0.5517467675603988
0.19869475053575805,0.28800454866135267,0.38028667124933196,0.20138820180037265,0.1597496391304147,0.23923713593747323,0.13939182073825757,0.2813381429881607,0.09639562827635101,0.5576448266524151,0.1787235543635492,0.15993483182978394,0.15381231839475706,0.15867184676924015,0.19196081411576776,0.17435498277642075,0.18156717233194042,0.2640378923737429,0.21420209447229602,0.16223767899715885,0.12492984204407381,0.16021457849849172,0.21208160238442153,0.1878047237547057,0.2166120104415233,0.12346500735485706,0.15436687396741128,0.1075346739995412,0.23142432434568821,0.17725498451651564,0.17646317576651255,0.15120046973628762,0.15005424578031912,0.21543205999527354,0.16473430836095954,0.22461080509055026,0.2543079919880602,0.21403363355938074,0.2391144590561485,0.09326862326737025,0.22663890161932432,0.14944090989787512,0.15011863678735196,0.22265303300635103,0.05414112537836309,0.2209150618621292,0.33485573186539586,0.06258384742298248,-0.05928522595329596
0.13876798500366375,0.23063417576803366,0.21409711195631725,0.19500935888771148,0.22733028953969775,0.24207980720070113,0.19637639703435797,0.24836131299785194,0.10358363889841761,0.1787235543635492,0.6666455784677061,0.24908502489683626,0.149792944937016,0.08040522623012007,0.2396221996736778,0.14730460617112937,0.21923551915171988,0.2267579843804815,0.13125513730059407,0.30460717037680846,0.22293548902489527,0.12871377194367786,0.10375316542903655,0.15362331729463338,0.20306603495934425,0.23542972182415384,0.2058732921591226,0.16862417100913696,0.25485916308256795,0.060286493494573996,0.2355630438749808,0.1875729926106259,0.09179213832088497,0.20119771673202902,0.2044756684410963,0.2711024753478154,0.215037805479793,0.17267035607957368,0.2407403556004876,0.1318350904259946,0.2524759404585555,0.20115160591766154,0.07523523083609962,0.1318745808645653,0.04354339307623922,0.19765176898805822,0.207789874413574,0.05603445338168715,-0.1402051733698127
0.24034122927764778,0.2614109208210164,0.24454786688140223,0.2169080198906819,0.18248048966799624,0.2557286122809536,0.23526807760593477,-0.019567883513097205,0.24113084417108838,0.15993483182978394,0.24908502489683626,0.5934993762682825,0.12713672182964336,0.17933999209363974,0.23125027414791338,0.2289075370000486,0.29230713314008894,0.18680906390411403,0.23360409842138244,0.19150913062344158,0.24782170721426958,0.23005714791289616,0.1445340369336333,0.19261094375177215,0.22628608079039741,0.18178427943787856,0.23717238212387606,0.1884633122028636,0.23141656887577902,0.09546602870693663,0.22276476597197936,0.25606114169722066,0.14615754759853272,0.2093948983556943,0.14115313389778342,0.2881635714843399,0.22286998004598957,0.22876135603101305,0.2486465764391486,0.11698148371480913,0.24888820722785843,0.21151105173711857,0.12337878608529806,0.19794867494624022,0.060934282603480584,0.14012918095939594,0.23759428538643015,0.059741762942676226,0.1691800156254
0.12000079064382056,0.19864763796985266,0.22827137149589988,0.1426995710207505,0.16831852084358007,0.1654694404092224,0.1261170718195469,0.2182687709799662,0.16179559000332502,0.15381231839475706,0.149792944937016,0.12713672182964336,0.2792754368769585,0.09404476634196882,0.09254256824270117,0.14790376006695616,0.1447519157144239,0.1725183852987909,0.14853163101008315,0.14172922733974128,0.11699955394127338,0.16947747060626794,0.11793558313085634,0.13140338455648873,0.14222097208228926,0.1546699223049266,0.13603304601677318,0.10507448620620134,0.1696230608660251,0.08231209853016888,0.13658017806921763,0.15872321152268604,0.08754892253397471,0.150780834051553,0.14010791253362304,0.1653857373788673,0.14846715803706023,0.15827353640303868,0.13357145402753953,0.062384761828501674,0.1508946459975606,0.12081179246142183,0.12746356130009856,0.1547638804909975,0.030351338684502505,0.16751494374857612,0.17586945229442313,0.03140926093565153,0.05785037375615544
0.3460806627043012,0.18095457626441255,0.20018310573093093,0.22375053543631637,0.1578517157467037,0.1239880914191393,0.12505600935611966,0.05322815246384324,0.13472611541688706,0.15867184676924015,0.08040522623012007,0.17933999209363974,0.09404476634196882,0.5901871232819756,0.11825472098023262,0.27350768071739695,0.146498324821187,0.15955147230344185,0.21047139735548426,0.11451729670499582,0.1713135809630999,0.20193293761483078,0.14832866691455737,0.16548829610176682,0.15628902044164653,0.09826226873379934,0.13690951145846644,0.13197207795034596,0.1397638891334213,0.1500043992737276,0.16194383814416483,0.16095659662782782,0.14624501889312563,0.123652292691336,0.1488784038680685,0.17975619125238254,0.2448976463809029,0.22979995170580567,0.1272097381740523,0.06928827139394168,0.20722897022502024,0.15691665485001893,0.2181393629232562,0.18928796564566433,0.10512667739478015,0.11982300151769344,0.27349676352380387,0.06416099239987873,0.24238907777923477
0.15479831899716648,0.32880947774995245,0.2974902680751476,0.11989872964055885,0.16136134080341363,0.20938276672851866,0.04360340447658192,0.12297592751916128,0.11742626300743508,0.19196081411576776,0.2396221996736778,0.23125027414791338,0.09254256824270117,0.11825472098023262,0.8689321597937721,0.1141366357842131,0.1983994054082389,0.22223946043634107,0.200706508781311,0.284187681428454,0.22431461179724713,0.09727660354448142,0.2263242662948501,0.18266816481030962,0.26502148280663856,0.09983478441557522,0.19469179416089386,0.1423365436619713,0.2951894268489543,0.22060693382038038,0.18007260047600795,0.14965181870036573,0.1309820670297446,0.20768030317129482,0.17937405711311402,0.3029051813633263,0.2271103672550912,0.20167069713972852,0.1888369354634219,0.10734623441378797,0.28937247328853355,0.21443292338147862,0.12423866695408191,0.16068415606595796,0.051184972990144,0.2739678098632751,0.26605919678369777,0.08639268952104977,-0.21809564401349274
0.21405150784822183,0.1509929944833454,0.1954094758805051,0.20335858154170205,0.17379410303651854,0.19374160230303245,0.17225383831637245,0.13889381021281158,0.1098999801585102,0.17435498277642075,0.14730460617112937,0.2289075370000486,0.14790376006695616,0.27350768071739695,0.1141366357842131,0.5717106802757418,0.23140375809614117,0.19718757256227867,0.3284351307331627,0.11801005799394955,0.19866180306501866,0.32130393197008594,0.18910228916165997,0.20245176238177376,0.19141077317695984,0.08747611169535885,0.20568310669153222,0.19665006889531944,0.191246267049649,0.15886826955877,0.19599217332043667,0.25269609049005487,0.13576977493233267,0.19676802776525712,0.18784318867057087,0.2688141159496035,0.24913739292994067,0.28377837730520744,0.2025411331947343,0.1060326500016198,0.26009628598265516,0.1923228741653098,0.24792769222475283,0.2668725422435157,0.09706310394916493,0.13104750448134628,0.2808202626112357,0.01742274325020595,0.14850388095169764
0.18855954899682054,0.27160133229823663,0.3234985460799237,0.19389158557512204,0.1343550882407515,0.31309163438586035,0.21420013192028195,0.1441831572708821,0.2572273840806193,0.18156717233194042,0.21923551915171988,0.29230713314008894,0.1447519157144239,0.146498324821187,0.1983994054082389,0.23140375809614117,0.5829266516121926,0.25066290151578796,0.2626063500737293,0.24187952690409192,0.28707890200832314,0.2782748304985541,0.10319174432840969,0.18827593609582605,0.24906947466708393,0.17795961133759675,0.22969781804191286,0.3834007718998214,0.2297997900208789,0.06936785734893934,0.2812052167414901,0.20618825480137132,0.1532769155022818,0.1925604555839765,0.19528781069054396,0.3806132687983473,0.3480148634346617,0.29264732206790484,0.2762541256601551,0.12723392622074065,0.36694336365951263,0.2809058531172635,0.15944356901186862,0.282444824991457,0.1263226045595197,0.13668243057500026,0.28914429968796723,0.057393118870525534,0.03840333240732205
0.20160239357761492,0.4296402502444331,0.372013318210869,0.24048505762161618,0.2336332353558467,0.2852572139368507,0.1659725537958307,0.3671559357913386,0.14595162040151746,0.2640378923737429,0.2267579843804815,0.18680906390411403,0.1725183852987909,0.15955147230344185,0.22223946043634107,0.19718757256227867,0.25066290151578796,1.1496764400981538,0.21267131241443063,0.1386950286936178,0.3497120252908462,0.21210622466416737,0.3999880047725851,0.14840679512198365,0.3091993218712516,0.2917180453776995,0.2204158129407872,0.13014094945205384,0.39352950558097166,-0.04184101793771667,0.4011239742021159,0.195174288762666,0.13654269536520958,0.3194060880827818,0.22293076102549894,0.43275433694165816,0.40928542722200273,0.30196656879162304,0.11910967079667395,0.11759497927483552,0.3849336155679684,0.3157119963591053,0.2077027012610272,0.2355114018103138,0.040606943563868785,0.2657919576641268,0.5385115017304583,0.07021673312308362,-0.24005279006575653
0.24511080229355448,0.295861817854099,0.5199597851454928,0.059536548019572436,-0.038647963950008586,0.34884318841617334,0.08837411408988471,0.2088064652018138,0.2536773298100019,0.21420209447229602,0.13125513730059407,0.23360409842138244,0.14853163101008315,0.21047139735548426,0.200706508781311,0.3284351307331627,0.2626063500737293,0.21267131241443063,1.931412090890292,0.24761475868273672,0.2929323154782489,0.34414917403088874,-0.08527609421774672,0.18576365152974228,0.19490799951130305,0.14734296529656118,0.22418194990721743,0.3678824247887261,0.2535410751729034,0.24577610865628813,0.23705907604040813,0.2575448944196339,0.1794633907853105,0.16683298243149633,0.0973834163532348,0.3752263028657812,0.1492528547970896,0.3681343537774033,0.10622877065538007,0.06956586990617597,0.32694801838641196,0.22527128240602787,0.21384971416633228,0.08606817522602705,0.10101169156103443,0.4447546839660816,0.19039339376164965,-0.0056198951228435675,-0.28171357924311424
0.10192937652354218,0.4934703008404081,0.3499356132381507,0.16177974142059393,0.1254275592616165,0.3719259079959981,0.11627289177761076,0.34215475621104996,0.1351769430868413,0.16223767899715885,0.30460717037680846,0.19150913062344158,0.14172922733974128,0.11451729670499582,0.284187681428454,0.11801005799394955,0.24187952690409192,0.1386950286936178,0.24761475868273672,1.287618881179722,0.026057890499808903,0.09608332845170821,0.14548064417121784,0.20762496276044173,0.17603946091088435,0.3252862730854788,0.31372279427395966,0.11005663193822461,0.43873722754242966,0.24277066119395485,0.2748626935367083,0.21482667836824385,0.062452288897286344,0.30658978630551714,0.09819556690796871,0.2520531452153795,0.4134279353445075,0.30815392503514066,0.16383078982016727,0.20366058570827125,0.39582583985763603,0.1614796305814867,0.27740616824291087,0.057766463157951725,0.09350558755338695,0.4334207590364535,0.21036020922524254,0.1400566484336502,0.16235629273465416
0.24789744279517711,0.38031534628988545,0.34981274315940825,0.20283821984020575,0.19953763190403007,0.2634190116882088,0.20918261054726578,0.15848725289108762,0.2578889960459718,0.12492984204407381,0.22293548902489527,0.24782170721426958,0.11699955394127338,0.1713135809630999,0.22431461179724713,0.19866180306501866,0.28707890200832314,0.3497120252908462,0.2929323154782489,0.026057890499808903,0.9090520704140208,0.24379234795241,0.10251864049348701,0.1852155035548019,0.23298088541005374,0.2638871930905347,0.17102303412076192,0.3691164192692718,0.22197218546613534,0.05706356761644992,0.3241387999435122,0.2575077870426584,0.1087847988753615,0.23759206355775037,0.435822017156345,0.5027564043805698,0.36374546874998454,0.3226871236873898,0.22073216403801021,0.19633347349745145,0.6922447682278353,0.573771985958657,0.002180315414867046,0.26266281992796797,0.03760521853565864,0.19756794624775018,0.3898032510252503,0.12540939836343248,-0.14559113170334287
0.27295207596954274,0.2900239431791633,0.42257217034718925,0.17102998301449357,0.14473984329997044,0.25674765289347534,0.21232925720778542,0.07473663991217072,0.5206131605868987,0.16021457849849172,0.12871377194367786,0.23005714791289616,0.16947747060626794,0.20193293761483078,0.09727660354448142,0.32130393197008594,0.2782748304985541,0.21210622466416737,0.34414917403088874,0.09608332845170821,0.24379234795241,0.6495732314905142,0.21263057891282708,0.23349980883353746,0.14785388849030323,0.22455361075571167,0.21308240338341916,0.2375791630692502,0.17572242512638334,0.1373799326806572,0.22079790644694267,0.2992113723299664,0.21718252648975916,0.16285354320966886,0.1449087136615193,0.314109581323379,0.19079619929590372,0.3769399410474824,0.19487243723884753,0.08434846694230114,0.23446819737688304,0.2170681202043173,0.3154789462649786,0.3051934868946264,0.13347631226285342,0.25319001531674135,0.2743320327509174,-0.04174877005380727,0.5889230220897553
0.13678450950942703,-0.007879900096944196,0.19520992189846792,0.21483397534149176,0.220706317388331,0.15780642871810008,0.14091360645371212,0.18275559871762417,0.15321476959738198,0.21208160238442153,0.10375316542903655,0.1445340369336333,0.11793558313085634,0.14832866691455737,0.2263242662948501,0.18910228916165997,0.10319174432840969,0.3999880047725851,-0.08527609421774672,0.14548064417121784,0.10251864049348701,0.21263057891282708,1.3942212908479523,0.3216093843055033,0.3632795822050382,-0.10069956224725188,0.044741413799000304,-0.41379976185762773,0.4408666276177355,0.24612350811905953,0.022502075325628076,0.08622377375723361,0.11489633667270621,0.37517438195522623,0.16131330609841518,0.48020559950424124,0.2518994559716742,0.22378205726040143,0.35042205674026194,0.13904658464394085,0.24954016843584956,0.16537960501793642,0.16173835140473602,0.5733410908147083,-0.11419298131880375,0.2167697352071502,0.4191911280376449,0.05570097731636127,-0.2546696123166617
0.17323773016934318,0.2241514539343061,0.289945521392512,0.19656413861028948,0.13422276524690693,0.2050336370153587,0.16475857619557832,0.13125547220988515,0.22301513476561624,0.1878047237547057,0.15362331729463338,0.19261094375177215,0.13140338455648873,0.16548829610176682,0.18266816481030962,0.20245176238177376,0.18827593609582605,0.14840679512198365,0.18576365152974228,0.20762496276044173,0.1852155035548019,0.23349980883353746,0.3216093843055033,0.7248653186028333,0.28781252053791084,0.09025425681985833,0.17810151704294833,0.209460535413602,0.12563908107334829,0.5774278646536698,0.24986770318269752,0.27311461469228054,0.5274267516982166,0.2055794436723808,0.2796343951541289,0.31616974563150324,0.47574332565323957,0.4382464865636318,0.3533934930303463,0.11676121272751866,0.23434409210998533,0.22263796469140296,0.35272044319171725,0.3872065009390967,0.2218293784197408,0.19029702757551692,0.4210276601163668,0.14117297283824262,-0.0885108314130987
0.2093759079540919,0.2347333431508639,0.2965241543013597,0.2021169313899212,0.17980678484012966,0.2571670144576754,0.16223112377535465,0.2548388508436244,0.09321956263916667,0.2166120104415233,0.20306603495934425,0.22628608079039741,0.14222097208228926,0.15628902044164653,0.26502148280663856,0.19141077317695984,0.24906947466708393,0.3091993218712516,0.19490799951130305,0.17603946091088435,0.23298088541005374,0.14785388849030323,0.3632795822050382,0.28781252053791084,1.2022017583574196,0.060679082223074034,0.21706106510547854,0.07713263181610439,0.47676596469787436,0.31185000862143253,0.22588311882770135,0.18382735392171376,0.19008576767816815,0.3848725631263749,0.30766338687794015,0.30280884657289686,0.46968641748787276,0.3147922273433193,0.36644336380023257,0.11883771836826053,0.30955782162281525,0.2514674255727276,0.25426439248084143,0.32719044848371187,0.15525030482813929,0.23313365159505078,0.4048768271523656,0.06459730256863076,-0.5006927611554541
0.1149076971310856,0.4452993515321468,0.37895136396084883,0.1842539834597361,0.192798892556577,0.35709158808937214,0.1788772581160021,0.3664071947158302,0.34871638263742144,0.12346500735485706,0.23542972182415384,0.18178427943787856,0.1546699223049266,0.09826226873379934,0.09983478441557522,0.08747611169535885,0.17795961133759675,0.2917180453776995,0.14734296529656118,0.3252862730854788,0.2638871930905347,0.22455361075571167,-0.10069956224725188,0.09025425681985833,0.060679082223074034,1.7934591682154581,0.19756544314260113,0.167937035197015,-0.041639786342569665,-0.06495736852115191,0.2943317802400894,0.435436088291823,0.04441036508966982,0.2018072803858794,0.024234201335556343,0.16031255102755668,-0.30848923536070727,0.35138551271798385,-0.8966407839798237,0.03173249996543992,-0.0723959854608934,0.1991946497587856,0.5772521581411161,-0.22769977968012023,0.1725114701185033,0.38476587459880124,0.17039238739812934,0.0696118949805269,0.3942023015973028
0.15091708775439353,0.27308474257516724,0.2512780804331308,0.14532733194997077,0.10132807709874503,0.24198558364918837,0.13512326241504855,0.17570856596860263,0.17564532282639905,0.15436687396741128,0.2058732921591226,0.23717238212387606,0.13603304601677318,0.13690951145846644,0.19469179416089386,0.20568310669153222,0.22969781804191286,0.2204158129407872,0.22418194990721743,0.31372279427395966,0.17102303412076192,0.21308240338341916,0.044741413799000304,0.17810151704294833,0.21706106510547854,0.19756544314260113,0.8604783724408109,0.2854087783359181,0.1508965212197765,0.14325321474223746,0.31455679185179025,0.23846887850201468,0.25316320980105367,0.14756094745174114,0.18817152069239254,0.32764194358004495,0.27867272741613863,0.32500970145626773,0.1358322583724212,0.13787228452171163,0.28572991200602804,0.21353721907752485,0.4187716222847938,0.132965479751524,0.1335359594897275,0.2990934041376559,0.23070807811203775,0.10618202124592686,0.04469974649101549
0.16631498533353115,0.3221665861283484,0.27573170733263896,0.13055331051220073,0.052529825235890296,0.21128410171274234,0.15666654190255064,-0.018442967473265296,0.25276094273970223,0.1075346739995412,0.16862417100913696,0.1884633122028636,0.10507448620620134,0.13197207795034596,0.1423365436619713,0.19665006889531944,0.3834007718998214,0.13014094945205384,0.3678824247887261,0.11005663193822461,0.3691164192692718,0.2375791630692502,-0.41379976185762773,0.209460535413602,0.07713263181610439,0.167937035197015,0.2854087783359181,1.8825485976747687,-0.1302760061355006,0.07508333210766505,0.49517780679650214,0.26489512925544884,0.4173937235427334,0.021806645671153528,0.05285989671048237,0.9002782607457103,0.32828379997311025,0.3775377017360052,0.16564259291731742,-0.035653030228322655,0.6747508574601814,0.30827124530736594,-0.03000335222407594,0.7530711403553335,-0.003792617311586302,-0.568527004179654,0.06845239367354282,0.0816723204205827,-0.3462646531447357
0.23571149689509555,0.47641413153867945,0.4789216016563634,0.1660152304993002,0.1488351873689226,0.3502769552726998,0.14260757122937906,0.27642283769699627,0.13621194091952035,0.23142432434568821,0.25485916308256795,0.23141656887577902,0.1696230608660251,0.1397638891334213,0.2951894268489543,0.191246267049649,0.2297997900208789,0.39352950558097166,0.2535410751729034,0.43873722754242966,0.22197218546613534,0.17572242512638334,0.4408666276177355,0.12563908107334829,0.47676596469787436,-0.041639786342569665,0.1508965212197765,-0.1302760061355006,2.1734520240656154,-0.17481983987776992,-0.027031884675338885,0.19935767565186543,-0.4214592867349395,0.7188276500897212,0.2763587722853055,0.690521505212726,0.2212553151104359,-0.22213303921625005,0.30689547777516074,0.11598492978087352,0.5475255080847579,0.23028401985043884,-0.37479396684564215,-0.08551142111405269,-0.320667408785851,0.24465597696028848,0.2720931609568919,-0.10042144131829632,0.3142626993374422
0.06251285765333844,0.07451779771310707,-0.005016365024841627,0.10067177094585597,-0.006100230610203259,0.07141234999483094,0.05064163893254947,0.08500343272043374,0.10518152596557528,0.17725498451651564,0.060286493494573996,0.09546602870693663,0.08231209853016888,0.1500043992737276,0.22060693382038038,0.15886826955877,0.06936785734893934,-0.04184101793771667,0.24577610865628813,0.24277066119395485,0.05706356761644992,0.1373799326806572,0.24612350811905953,0.5774278646536698,0.31185000862143253,-0.06495736852115191,0.14325321474223746,0.07508333210766505,-0.17481983987776992,2.938305813132242,0.2592750239188428,0.15802082734535627,0.7073383222736135,-0.04958328340606369,0.12509554455443742,-0.33558659588968787,0.5502187402368789,0.8076836082524483,0.7167257740781587,0.21710605357256796,0.06942382132831271,0.06117087794403536,1.1977949395376928,0.5045337552373521,0.880235097828203,0.6101800360111518,1.0827085604013345,0.20489899699227015,-0.667176245448936
0.2120202861179739,0.344204663628351,0.3150174616639463,0.18706756423026474,0.14645242131126082,0.2657202213047582,0.1682826102139171,0.18412495839858514,0.21413777727979177,0.17646317576651255,0.2355630438749808,0.22276476597197936,0.13658017806921763,0.16194383814416483,0.18007260047600795,0.19599217332043667,0.2812052167414901,0.4011239742021159,0.23705907604040813,0.2748626935367083,0.3241387999435122,0.22079790644694267,0.022502075325628076,0.24986770318269752,0.22588311882770135,0.2943317802400894,0.31455679185179025,0.49517780679650214,-0.027031884675338885,0.2592750239188428,1.2163189361147726,0.28492526850443606,0.3934397632695181,0.13900236728827264,0.23182281529775803,0.5338134556148736,0.48437513316571873,0.5674125894089319,0.2424394107187323,0.147236280229793,0.45036319341410425,0.3422947767403658,0.34407532196626434,0.3707152663530744,0.32085650269723626,0.12490060047365303,0.45092231934054183,0.13001909810221393,-0.493721872964409
0.17553175525744624,0.26873023657534173,0.28303766216902015,0.1928704312177448,0.18618912810009028,0.2791576824439856,0.1770642349844385,0.15689512753594748,0.2685048524579206,0.15120046973628762,0.1875729926106259,0.25606114169722066,0.15872321152268604,0.16095659662782782,0.14965181870036573,0.25269609049005487,0.20618825480137132,0.195174288762666,0.2575448944196339,0.21482667836824385,0.2575077870426584,0.2992113723299664,0.08622377375723361,0.27311461469228054,0.18382735392171376,0.435436088291823,0.23846887850201468,0.26489512925544884,0.19935767565186543,0.15802082734535627,0.28492526850443606,0.696964777683122,0.10545828523708474,0.3111269289004378,0.07837995884357313,0.38575606248960487,0.043565286551647736,0.2732891732918972,0.027292614974602128,0.029628343825852957,0.20011186168384443,0.18505382468839932,0.1249474246097293,0.1519814832722532,0.011092153390022825,0.10248094609959559,0.2709435412353006,-0.002440423505598211,0.17854161460577783
0.18522830831881595,0.19272605746540192,0.21310467961528418,0.1317722088224254,0.05897434473659755,0.08149773102974589,0.12690913673378731,0.06346323128340678,0.2211914242092502,0.15005424578031912,0.09179213832088497,0.14615754759853272,0.08754892253397471,0.14624501889312563,0.1309820670297446,0.13576977493233267,0.1532769155022818,0.13654269536520958,0.1794633907853105,0.062452288897286344,0.1087847988753615,0.21718252648975916,0.11489633667270621,0.5274267516982166,0.19008576767816815,0.04441036508966982,0.25316320980105367,0.4173937235427334,-0.4214592867349395,0.7073383222736135,0.3934397632695181,0.10545828523708474,1.7330449902033458,-0.3288603211029523,-0.09318631765539329,-0.09566951350282188,0.7064770993037146,0.7556132073670098,0.38781482683500823,0.059392221627676225,0.045676636685148674,0.15140837660153703,0.8563197086598158,0.6000366230147451,0.3944293159385625,0.013313038402148017,0.5077271140231681,0.26280642533903703,-0.5757723850929232
0.07918056449733958,0.2299863433946646,0.23238410347460645,0.25093706347215544,0.30665440611298656,0.29652209657436923,0.16772105558056338,0.25772823036380227,0.10867930286789586,0.21543205999527354,0.20119771673202902,0.2093948983556943,0.150780834051553,0.123652292691336,0.20768030317129482,0.19676802776525712,0.1925604555839765,0.3194060880827818,0.16683298243149633,0.30658978630551714,0.23759206355775037,0.16285354320966886,0.37517438195522623,0.2055794436723808,0.3848725631263749,0.2018072803858794,0.14756094745174114,0.021806645671153528,0.7188276500897212,-0.04958328340606369,0.13900236728827264,0.3111269289004378,-0.3288603211029523,1.5358620688179232,0.2200855701672097,0.31524747168836503,0.43746922567953384,0.1341459823120599,0.15176452768642013,-0.06328023910208226,0.23744392214114998,0.2586020634225254,0.09025482626610638,0.3071651438753257,-0.24997121240665807,-0.19403764994912165,0.27634162268056006,-0.004349516728698915,0.17417432317089782
0.20267919947902438,0.3211268332856632,0.4167647145727715,0.12470117430231298,0.09899377794317075,0.08657889455084535,0.11351068012303743,0.1504613854804053,0.11921306481596974,0.16473430836095954,0.2044756684410963,0.14115313389778342,0.14010791253362304,0.1488784038680685,0.17937405711311402,0.18784318867057087,0.19528781069054396,0.22293076102549894,0.0973834163532348,0.09819556690796871,0.435822017156345,0.1449087136615193,0.16131330609841518,0.2796343951541289,0.30766338687794015,0.024234201335556343,0.18817152069239254,0.05285989671048237,0.2763587722853055,0.12509554455443742,0.23182281529775803,0.07837995884357313,-0.09318631765539329,0.2200855701672097,2.8694222840615007,0.20868857517689238,0.4751435869408978,0.013985746782665589,0.33819547911408687,0.40230181063258225,0.4994904260439625,0.5295843779110133,-0.05442865317217645,0.1752276496488199,0.430289742052151,0.8215116810446345,0.3763385707305647,0.23688016137845205,0.12514671306249092
0.2865971656507832,0.38945389780572565,0.49584859379336166,0.22519440257214246,0.21720193643501615,0.2102021305644991,0.25790005765660556,0.1188705715267219,0.2977973673462172,0.22461080509055026,0.2711024753478154,0.2881635714843399,0.1653857373788673,0.17975619125238254,0.3029051813633263,0.2688141159496035,0.3806132687983473,0.43275433694165816,0.3752263028657812,0.2520531452153795,0.5027564043805698,0.314109581323379,0.48020559950424124,0.31616974563150324,0.30280884657289686,0.16031255102755668,0.32764194358004495,0.9002782607457103,0.690521505212726,-0.33558659588968787,0.5338134556148736,0.38575606248960487,-0.09566951350282188,0.31524747168836503,0.20868857517689238,2.895275256306011,-0.015068871531167488,0.07016208379261611,0.1359404989502574,0.25366375680946884,1.0055069320354997,0.5884324407554484,-0.9864051077788587,0.0020751835794515982,-0.6127187540261942,0.08542401549661291,-0.024910704008064877,-0.09709631287399313,-1.0683151122487797
0.27827201385943595,0.5871265263464936,0.42596472052990897,0.24188970672430032,0.16880110128387368,0.2378381039349803,0.1975483634983155,0.23061494475495442,0.14590295854300545,0.2543079919880602,0.215037805479793,0.22286998004598957,0.14846715803706023,0.2448976463809029,0.2271103672550912,0.24913739292994067,0.3480148634346617,0.40928542722200273,0.1492528547970896,0.4134279353445075,0.36374546874998454,0.19079619929590372,0.2518994559716742,0.47574332565323957,0.46968641748787276,-0.30848923536070727,0.27867272741613863,0.32828379997311025,0.2212553151104359,0.5502187402368789,0.48437513316571873,0.043565286551647736,0.7064770993037146,0.43746922567953384,0.4751435869408978,-0.015068871531167488,3.120985905106301,0.6395775196608071,0.839335836539256,-0.02198054570739188,0.7763893015876923,0.5057068749949045,0.3862900304440686,0.8147393889871182,0.8226658841231499,0.025368716894572065,0.7282810692293255,0.4262653763239473,0.2529327947682268
0.2750336181210304,0.3655436688598837,0.4866413749347844,0.1873215028815117,0.05450295183017369,0.3515126840423225,0.16527982141387748,0.21734321362573067,0.32243400735678096,0.21403363355938074,0.17267035607957368,0.22876135603101305,0.15827353640303868,0.22979995170580567,0.20167069713972852,0.28377837730520744,0.29264732206790484,0.30196656879162304,0.3681343537774033,0.30815392503514066,0.3226871236873898,0.3769399410474824,0.22378205726040143,0.4382464865636318,0.3147922273433193,0.35138551271798385,0.32500970145626773,0.3775377017360052,-0.22213303921625005,0.8076836082524483,0.5674125894089319,0.2732891732918972,0.7556132073670098,0.1341459823120599,0.013985746782665589,0.07016208379261611,0.6395775196608071,1.9989478259867361,0.1067005340913586,0.19955773018033318,0.4284338107159303,0.3969013258181911,1.451212758697837,0.6983814802151836,0.6704048463166,0.8891541976463648,0.7629521713041421,0.3297657502179664,-1.1957178827907544
0.19478061494885085,0.12789285293092492,0.18580293716431232,0.24617451382189748,0.2482671738702356,0.18703749536839,0.22990044071595728,0.20017356961921626,0.18005936539938136,0.2391144590561485,0.2407403556004876,0.2486465764391486,0.13357145402753953,0.1272097381740523,0.1888369354634219,0.2025411331947343,0.2762541256601551,0.11910967079667395,0.10622877065538007,0.16383078982016727,0.22073216403801021,0.19487243723884753,0.35042205674026194,0.3533934930303463,0.36644336380023257,-0.8966407839798237,0.1358322583724212,0.16564259291731742,0.30689547777516074,0.7167257740781587,0.2424394107187323,0.027292614974602128,0.38781482683500823,0.15176452768642013,0.33819547911408687,0.1359404989502574,0.839335836539256,0.1067005340913586,2.450558443070074,0.41584245394634645,0.4491564709782289,0.1398085556595145,-0.3661883621849557,0.8064122014668577,0.23944470501301676,-0.07872853704334563,0.43302755325592757,0.11114428082288298,0.07030159239948619
0.048618630555626687,0.07575371883202,-0.008091686597780322,0.10366841103526549,0.1197097775649838,0.11273468111751354,0.08271855094383611,0.10827271656972744,0.058602511628860564,0.09326862326737025,0.1318350904259946,0.11698148371480913,0.062384761828501674,0.06928827139394168,0.10734623441378797,0.1060326500016198,0.12723392622074065,0.11759497927483552,0.06956586990617597,0.20366058570827125,0.19633347349745145,0.08434846694230114,0.13904658464394085,0.11676121272751866,0.11883771836826053,0.03173249996543992,0.13787228452171163,-0.035653030228322655,0.11598492978087352,0.21710605357256796,0.147236280229793,0.029628343825852957,0.059392221627676225,-0.06328023910208226,0.40230181063258225,0.25366375680946884,-0.02198054570739188,0.19955773018033318,0.41584245394634645,1.2899062146913223,0.2512239235302267,0.24901839870689224,0.21975922056948377,-0.15889500600261847,0.2470785652515348,0.7094720904908164,0.2376874830492784,0.1702013140969433,-0.13895740722623406
0.28198826215714684,0.4867236477097328,0.426128840762506,0.21830219853139704,0.18539296988849835,0.19587979995797167,0.21382249095093092,0.1678910783687783,0.1909936370684178,0.22663890161932432,0.2524759404585555,0.24888820722785843,0.1508946459975606,0.20722897022502024,0.28937247328853355,0.26009628598265516,0.36694336365951263,0.3849336155679684,0.32694801838641196,0.39582583985763603,0.6922447682278353,0.23446819737688304,0.24954016843584956,0.23434409210998533,0.30955782162281525,-0.0723959854608934,0.28572991200602804,0.6747508574601814,0.5475255080847579,0.06942382132831271,0.45036319341410425,0.20011186168384443,0.045676636685148674,0.23744392214114998,0.4994904260439625,1.0055069320354997,0.7763893015876923,0.4284338107159303,0.4491564709782289,0.2512239235302267,2.6411728895839848,0.6487733252924236,-0.5001555738286163,0.6721797660610618,-1.0492469215176272,0.4013026192038147,0.4124069786977293,0.2352653311280503,-0.4068633785159254
