4.0052526069517524,1.2725399854301305,1.148288608299542,0.7507384834687423,1.0594526159107829,0.6030848211690983,0.702544739386602,0.6417604018660551,0.4369063451608207,0.6434882556443824,0.5279871515641028,0.6483845568669779,0.6350997844073205,0.5156168742000283,0.6415069058211339,0.5381904433817856,0.2947654084587455,0.6730621286909033,0.3191726786854742,0.4591469131015342,0.4809969098535866,0.510379699617603,0.46825390774807624,0.2960632855569477,1.056242571017001,0.26397560863092406,0.47289875781430246,0.19252659081424764,0.6603113228517652,0.48408359322022015,0.5079954500376123,0.39389472674587994,0.20371906613833637,0.18179586570543568,0.36758595882150463,0.5773067049883768,0.47297677104124236,0.30140353425749555,0.5926637794193961,0.11625077620749483,0.41255588058882847,0.24732533297465026,0.30461165993631567,0.2554354834817642,0.1575736128446619,0.5162267625456667,0.5446373781574981,-0.10982318389356188,0.20429731773739285,-0.19683608731495025,-0.019165842269370254,0.5373858995437413,0.16211372834447474,-0.0692064804057962,0.35784518870382653,0.02396632024578791,-0.3365423098070394,-0.26314816488569065,0.1853572302260929
1.2725399854301305,3.2908120244320815,0.8839347591677491,0.3494699174817708,0.5373621821977391,0.4726573510482898,0.5414632934370086,0.39795357871919007,0.48825386256271586,0.45783634188493644,0.3982346820668137,0.5263281344137747,0.41083590029040296,0.4100113768078897,0.7405636631506527,0.43923637598180654,0.26842553158887295,0.29708091387617636,0.03825543216952428,0.3813874567325766,0.4517629159143461,0.374221378030902,-0.13856873991443813,0.2672336408694689,0.5242607202104038,0.4022584323761177,0.36277054372311757,0.38900201793994543,0.4320577164698443,0.4618139963668659,0.45368351758766795,0.2879058428539606,0.2964877039482801,0.21382524145015033,0.4147391567150429,0.3516643721090972,0.7318317303153945,0.38544658022867884,0.3875449106376201,0.2492339837057335,0.36869537827896937,0.3388690805464074,0.33944208995444636,0.19199891105546119,0.4805085403609746,0.33205779700581034,0.4126298791052894,-0.03050732424375652,0.41349002858607076,-0.08752822284561304,0.14598192051653924,0.4759520444558421,-0.011941563605619676,-0.13276182133660394,-0.35383863804706683,0.12220585113424234,-0.34550394278789304,0.32415966593366957,-0.002515544097960618
1.148288608299542,0.8839347591677491,4.198229738411023,0.6010981086002369,0.15005807000996654,1.1739591939024232,0.6822271606011122,0.9143179171949574,0.9531239141481088,0.8866763733846816,0.9077052586107707,0.8179433311233768,0.9190495584676647,0.6650104363459332,0.5896330612357743,0.6953455955854719,0.8208900637286809,0.7701159605973957,1.3674302868640302,0.8729683627342212,0.6520047032717836,0.8222309396181782,0.6378680292592478,0.665998881767953,0.6632368988506148,0.4949223714809909,0.6876077074243283,0.4956533806753464,0.9257518796876583,1.0200569569652322,0.6362982788229544,0.5740058098561884,0.6157659041594098,0.5572800842342301,0.572608095490457,0.949832725687722,0.7952304378798342,0.6943034399169291,0.7093550916395135,0.2636823887666587,0.6186927141889244,0.586841305819042,0.6606638369991088,0.5170920522619903,0.18298325608117638,0.77854729071443,0.8572463101387487,-0.13495620351619023,0.5364459540230252,0.328047937899298,-0.09756094273493221,0.1771444208534142,0.10259835616146118,-0.41613767102483223,-0.1763858438798858,-0.08594670619447024,-0.5404801531407162,0.24998194573769478,0.24515647398772367
0.7507384834687423,0.3494699174817708,0.6010981086002369,1.3762011220480628,0.650915036044227,0.5435808638563195,0.3873854641008024,0.4768504972315373,0.36692505757016974,0.4173469951769224,0.38651010305315586,0.3987142702888892,0.44851113361153766,0.3527202388965498,0.3205568721939117,0.3759178733123584,0.3432062552994341,0.48718489347121163,0.04268835850897679,0.3506531865120706,0.310989928695597,0.35074669720603135,0.39045142559120855,0.2914446970128462,0.4049240006976121,0.2969467709603519,0.31381811962271106,0.22305079499616817,0.3919160926867668,0.31621641417295027,0.3257371825609337,0.27482696510586163,0.2389233113810896,0.36024362710965674,0.25390258845353214,0.40641315163310965,0.39785550152696175,0.3444736442147627,0.37481503105608827,0.09687425657725961,0.25275945762965424,0.22210835692222242,0.3355230929045216,0.3051210819323264,0.07147675110245152,0.3093779046359763,0.4035789065664785,-0.024910275511037888,0.35493156750306326,0.24675433612258824,-0.08057498616787985,0.48177557606010174,-0.12444289059363282,-0.24239590527817276,-0.12296118959912546,-0.059456712482880966,-0.33467991951152526,0.2123198753227045,0.1337978233381948
1.0594526159107829,0.5373621821977391,0.15005807000996654,0.650915036044227,1.4954319975653896,0.34811374113160215,0.44704772996828435,0.44223409472953057,0.27349634514137927,0.3010218105307511,0.32171594789863717,0.40462004097246995,0.45916726004870156,0.35710122124403254,0.2968338113195407,0.36213809019413173,0.19042635837315766,0.34319436908209977,0.03510707634904578,0.24524853206120104,0.2732608498227598,0.2930357575042873,0.3066822881481359,0.2600939812950039,0.4287621375136794,0.29591215420246847,0.27588938612743186,0.1488479754347272,0.3277407877394608,0.10142085087486155,0.2745198775697011,0.2886108498674077,0.21443367528219986,0.3744169894967691,0.1828469261388599,0.3586755134834861,0.3088880764982317,0.22955121499802328,0.20166304284299727,0.06559352264424345,0.14930309896685554,0.2180524363487825,0.17702351801236296,0.18247768801107225,0.010019621362182799,0.23942592759942477,0.28460744214926187,-0.050540738457034565,0.26329592852724,-0.07342049705842064,-0.12126207667373455,0.4757514134682233,0.004996540296026095,-0.0024940591851602004,-0.058566850443031705,-0.08864814833731068,-0.2450563427435517,0.02013345905649859,0.2509753099529182
0.6030848211690983,0.4726573510482898,1.1739591939024232,0.5435808638563195,0.34811374113160215,1.360954138806485,0.4604707977549848,0.6808776860251433,0.5579314137848038,0.39074387187092674,0.588265358121806,0.589615347405735,0.5824070952521115,0.5265277285217236,0.3917283745330368,0.556122402301228,0.6130693652669222,0.4405243923413841,0.5393068190686069,0.6209750691806074,0.4767217219732308,0.5701254050720708,0.2933310814539389,0.3974303779654142,0.5429684987429686,0.5857982223633725,0.4713582085608782,0.28757457127311126,0.6721262470502843,0.39631887136210375,0.43119099765471697,0.4923757973260719,0.2048356638668573,0.4447340315525994,0.34229067452941603,0.5434790528302366,0.334525058667678,0.4747247161309516,0.44048797961196695,0.2573883730893037,0.2186499372444856,0.5018203883329558,0.456629847504808,0.26034826950403434,0.2706290189773869,0.41553415023199486,0.4297720239695249,-0.09636087576726711,0.24450330475821927,0.1369445850627552,-0.20731820184726613,0.23033734289128088,-0.06661186714146543,-0.12239429481654225,-0.275374098988878,-0.04868093236075004,-0.2840533873860119,0.4487777478815123,-0.08568576033814188
0.702544739386602,0.5414632934370086,0.6822271606011122,0.3873854641008024,0.44704772996828435,0.4604707977549848,0.8662434262516366,0.3450466071083096,0.5300340584816421,0.37231999299178115,0.39587108492638856,0.5562311411677044,0.4265830424169104,0.4660914537339512,0.20710926134522475,0.47017853656763037,0.3733892181046231,0.3496387689303356,0.3658697682599802,0.3541703089493978,0.3550455950375789,0.48185769073096213,0.3776770856863968,0.35148156054020546,0.3137473816170301,0.3060209379601933,0.34148312124336216,0.22114442931317171,0.3815935823482021,0.4058997151763254,0.29425476059549893,0.3676155483163173,0.3432857320882141,0.30305367282614004,0.2063199106722007,0.434301436109039,0.39963593607034265,0.3191340834030449,0.38301281532628967,0.09617055656059383,0.27854441985788286,0.30877064790390507,0.33137753601154285,0.28904824310090776,0.08697592663155389,0.33713069464552026,0.4164630950169288,-0.06648924458228787,0.5821481711709973,-0.07331608090993778,-0.11276685882238313,0.17557911973863158,0.029433591238278184,-0.11483855677038393,-0.08054013430070178,0.10066799934302216,-0.15665306818658792,0.21742641420682973,-0.3049893845953618
0.6417604018660551,0.39795357871919007,0.9143179171949574,0.4768504972315373,0.44223409472953057,0.6808776860251433,0.3450466071083096,1.0758040733336132,0.43161321287363574,0.4290995530208978,0.5139048948451019,0.3536043499517938,0.5771860235439358,0.47352069295753646,0.2549474525021622,0.4362122537339277,0.48225550336295436,0.48769623376497756,0.4416566779115204,0.5061178876916017,0.34354148725171807,0.42730459531454223,0.3899090988012153,0.3629482439435429,0.429530167586523,0.37961064647995574,0.39948995822339445,0.1999387299064272,0.5470176948201297,0.5111966760866549,0.3596313954436295,0.35065340683777424,0.24851927918299083,0.3896506773167436,0.33971781814187313,0.4996260189520249,0.4150307585044781,0.3536717603459425,0.3617062366595584,0.18358611276457307,0.3339749552881529,0.35058998567438265,0.3932738588802126,0.28085167141068307,0.04331809034157805,0.4087091497808987,0.488210638322659,-0.07560129014764964,0.44121957846873794,0.08320684350941299,-0.07776553228164655,0.14629691410482512,0.08531369251645331,-0.20198325545051568,-0.17761313646306062,-0.11546779723420764,-0.2537019933771592,0.28396721040040335,0.16470382414831047
0.4369063451608207,0.48825386256271586,0.9531239141481088,0.36692505757016974,0.27349634514137927,0.5579314137848038,0.5300340584816421,0.43161321287363574,1.1844628674035378,0.357555482256559,0.3794199054492553,0.3811672069328906,0.44471532260227076,0.41537145080474647,0.09427293499786388,0.3672374671468529,0.38885083219252636,0.4224665376915316,0.4470578552133082,0.35403404716739656,0.3541686050195312,0.7095578308276004,0.4294938417809474,0.38488194974575524,0.051218282308338116,0.29156979179924025,0.32695953877459094,0.3086300744452942,0.3231981387382747,0.5841327306557051,0.3465233325518806,0.3396965019922201,0.4393843653818492,0.250725391931033,0.30310398658208415,0.3615973218722448,0.54482656240308,0.3995419903208896,0.5258916436570076,0.09396737074795182,0.35829533560374477,0.2642439449460029,0.39907759349872146,0.4500412205891281,0.043863866383894556,0.29222407005140905,0.49279851849500683,-0.03196766874107531,1.0410355624564798,0.0015796320669297082,-0.0931615270102592,0.1186892511651475,0.006532376289975021,-0.18428979527260061,-0.08442285531626886,0.18414294429656677,-0.20306105484744566,0.0931287285856236,-0.14037747489846467
0.6434882556443824,0.45783634188493644,0.8866763733846816,0.4173469951769224,0.3010218105307511,0.39074387187092674,0.37231999299178115,0.4290995530208978,0.357555482256559,0.7327580373602878,0.3550088618470131,0.35044465088977306,0.40954041480846104,0.3225223133340547,0.2665509700506641,0.3238561599482706,0.33688928906602417,0.3489436936858637,0.3092093092306928,0.364916285738154,0.24567675026700184,0.3500342076831477,0.3136902847637075,0.2744473546565377,0.2768461836494964,0.1831012893208482,0.301020862846472,0.19081830041695588,0.409778714372741,0.5463025997828381,0.26209762248917884,0.24512710054582088,0.15323181243261774,0.3632663626249219,0.429143081717436,0.37769495572946177,0.44759455513779933,0.25230205120648586,0.32278683662439467,0.1431776831608105,0.36394625685286325,0.22884380087176184,0.3209517252096084,0.27681463624836017,0.040282569531832756,0.3311414761555728,0.4770375461585734,-0.06051401615250452,0.41214320686345923,-0.01773165599265175,-0.014203140424033164,-0.0605348224556697,0.17518773095654794,-0.13845987411988836,-0.017662439345427397,0.0306840764294679,-0.19089619216695697,0.02153079477571362,0.08652491401436517
0.5279871515641028,0.3982346820668137,0.9077052586107707,0.38651010305315586,0.32171594789863717,0.588265358121806,0.39587108492638856,0.5139048948451019,0.3794199054492553,0.3550088618470131,0.6512777115506091,0.4020588516780468,0.5433221233627472,0.39858872704197507,0.2940972616086673,0.4170074045054802,0.447168584573843,0.3846246321679518,0.38296642671888137,0.47264453404275153,0.3346275071740499,0.3924988691215097,0.35097258423583005,0.3556417111852812,0.3446411308603501,0.2893214184614307,0.36335741761578666,0.2306197889187877,0.5096253210196323,0.49115657436913857,0.310418474632493,0.3363404160037621,0.2724100221658843,0.3528679890414209,0.3319589327191441,0.4893731123165592,0.38487950874774635,0.3310804676415395,0.29060066367383586,0.15844997256632665,0.2996902162019167,0.3354503909262249,0.3386917957515139,0.24987977394167019,0.0586469776295315,0.38283718029265,0.4373350378862281,-0.08687775303857474,0.3913971832846541,0.01098165464817557,-0.08467715830365223,0.09987773539443381,0.11207353936475214,-0.11653324331515606,-0.1602093671537356,-0.05230196826703274,-0.2190752799355381,0.24097717902588392,0.029433245979341768
0.6483845568669779,0.5263281344137747,0.8179433311233768,0.3987142702888892,0.40462004097246995,0.589615347405735,0.5562311411677044,0.3536043499517938,0.3811672069328906,0.35044465088977306,0.4020588516780468,0.8504834511988574,0.38862282140494925,0.4082312690885531,0.3561340561052277,0.4822142224719833,0.3784481725383941,0.2846679171394236,0.32372502203427167,0.38815011575993164,0.33318276823026477,0.3996347459703137,0.28906827717069616,0.3141708595588729,0.330689194137655,0.32573024472544587,0.3976214449318725,0.1190586380130234,0.35542109989800813,0.33001783122518896,0.27716879239839914,0.3957279268352583,0.2594458566258462,0.28055563732289,0.15733791662238533,0.4368398210069057,0.27558283949578266,0.3122337475249669,0.3152942541184895,0.12976435904733677,0.23193644344099376,0.34444068173231407,0.28919048077906184,0.18933454339044364,0.12721930280941435,0.3326953288272578,0.36870005010705253,-0.06650519093906304,0.345758850663671,-0.06609840244303304,-0.10319729058362773,0.14012541055783564,0.19931280831602305,-0.0809492837163542,-0.173622127602843,0.09999180493553367,-0.16902512019029356,0.2520262513034918,-0.27214771232604346
0.6350997844073205,0.41083590029040296,0.9190495584676647,0.44851113361153766,0.45916726004870156,0.5824070952521115,0.4265830424169104,0.5771860235439358,0.44471532260227076,0.40954041480846104,0.5433221233627472,0.38862282140494925,0.9622810371668246,0.4511873274241761,0.12835703585551742,0.44587638933298246,0.34587606453735475,0.4295753035750174,0.4941331104782308,0.41882807703722175,0.31681251290810347,0.4562486725159312,0.48054352384009985,0.4332068575490844,0.4531575117647896,0.28238899500481845,0.43170602306738837,0.22787819443602422,0.6296061561174795,0.5287071742005918,0.30507050137023056,0.42263911033993484,0.30455128247088015,0.43742268571905957,0.3778729047603991,0.6041576557845878,0.30826525353073236,0.2989711598634572,0.2584020118281229,0.12482628547871047,0.29928473281682566,0.3309773588234927,0.3255399865489178,0.31620431564955165,-0.12770294400847346,0.4487125018802314,0.4475280892709965,-0.10483153216292762,0.4404043568697594,0.007110841572550864,-0.11840893222664874,0.2002198483466244,0.1457188091320597,-0.13596648825828292,-0.15337817208438798,-0.14159866073809124,-0.23160612872875003,0.18883113859582948,0.14795310198454256
0.5156168742000283,0.4100113768078897,0.6650104363459332,0.3527202388965498,0.35710122124403254,0.5265277285217236,0.4660914537339512,0.47352069295753646,0.41537145080474647,0.3225223133340547,0.39858872704197507,0.4082312690885531,0.4511873274241761,0.7550455884733254,0.28898743175661395,0.5454916236714834,0.3710330456726956,0.3085858561086805,0.39826293856490613,0.3464792571379018,0.3513865954347277,0.4391777310792084,0.3420115940682107,0.36049040598887777,0.36116926265433325,0.33378318098375936,0.3217693692783054,0.28126812982395666,0.4422579339229096,0.5529536009731635,0.27596962835692807,0.33187964508740375,0.25968676317846956,0.31900200375619747,0.3709538149921735,0.3844883712893526,0.41909038699018597,0.3667133805451222,0.3292535960249476,0.16657350927178066,0.36475166769674766,0.3300026021690391,0.3879937197926341,0.3413955789901852,0.06630693771185221,0.2944796559032647,0.46586709001883925,-0.07323681444004125,0.6506657048539344,0.027427598355429943,-0.1193699722202223,0.09971650588076317,-0.008143646274806925,-0.05350073711735348,-0.24694748446540202,-0.017833119323573846,-0.27822321757839724,0.3475335237227185,0.08195410169368368
0.6415069058211339,0.7405636631506527,0.5896330612357743,0.3205568721939117,0.2968338113195407,0.3917283745330368,0.20710926134522475,0.2549474525021622,0.09427293499786388,0.2665509700506641,0.2940972616086673,0.3561340561052277,0.12835703585551742,0.28898743175661395,1.023991756656272,0.3418292189417861,0.34299736203331,0.3293892240767861,0.12672429137589403,0.35841145165361527,0.30612419052597234,0.1884826667422826,0.23431109028825273,0.2437723800528465,0.27068888295342064,0.24566305870019153,0.22404354576044042,0.2671359330112858,0.28722581614788734,0.4743296549639958,0.27283513619874256,0.14817448939487585,0.2444741872229617,0.23789399335677008,0.32497062693805234,0.29314900518046216,0.5488662877273932,0.3306234444762611,0.2574815054612125,0.11929627131765125,0.3496282440618681,0.2615912799467672,0.33747177432045977,0.2577255308321379,0.22505244477848615,0.29523481998288686,0.3901045141382551,-0.05940041351777279,0.17913179999128484,-0.004350313234971512,-0.008505016705400293,-0.12435923924793026,0.08086227979780271,-0.10804389536151761,-0.13343352079764484,0.07013246185326766,-0.34809045995963545,0.2282611289669603,0.07830200157281161
0.5381904433817856,0.43923637598180654,0.6953455955854719,0.3759178733123584,0.36213809019413173,0.556122402301228,0.47017853656763037,0.4362122537339277,0.3672374671468529,0.3238561599482706,0.4170074045054802,0.4822142224719833,0.44587638933298246,0.5454916236714834,0.3418292189417861,0.7296550965192394,0.43917589921011735,0.3388036861230844,0.37155940765938855,0.41149999026049694,0.33829204842307514,0.5023057673185733,0.3010447849644114,0.34997774318196123,0.3243645241470953,0.33726903090738736,0.37692496648944945,0.2703857953729281,0.4570833904738386,0.5178636566258212,0.300151270993842,0.36687747546822963,0.24891568229020206,0.35252534504512456,0.3757874557782213,0.4246859628971378,0.41374306033758207,0.3596045159877208,0.3197466203117732,0.18687329066206168,0.3352835970772636,0.3983792188511008,0.3973667782059262,0.27181420256816624,0.11956908125077353,0.32588197082001824,0.4675349180870744,-0.08024151551981358,0.49420308491998305,-0.0005825716235261519,-0.12382230756387085,0.08335261337001944,0.03823880264578615,-0.0713933767545198,-0.2269584794432962,0.02807149772092654,-0.30211205848669404,0.35355526867685205,-0.01824227468969948
0.2947654084587455,0.26842553158887295,0.8208900637286809,0.3432062552994341,0.19042635837315766,0.6130693652669222,0.3733892181046231,0.48225550336295436,0.38885083219252636,0.33688928906602417,0.447168584573843,0.3784481725383941,0.34587606453735475,0.3710330456726956,0.34299736203331,0.43917589921011735,1.0305220474466341,0.467283896275267,0.4344544796311573,0.5495418678045129,0.37993421552929296,0.42527558984218794,0.3470959798461246,0.37559644114542,0.39914680775694983,0.22025026448698554,0.33958896390397214,0.33982770107780097,0.517104660004639,0.6197346997489964,0.37956298622832785,0.2786094211438757,0.41543265677637076,0.3514253219081654,0.34250312996025023,0.4715132643496933,0.718617049888844,0.39009118440274115,0.4152956081650608,0.16154756202192144,0.3873878868720677,0.3532489498021076,0.4088238941164883,0.35069772805734334,0.18917221700243594,0.4453143796760915,0.6019309822958188,-0.11169027147681083,0.39992578851284555,0.04324979731426242,-0.0031148866478970796,-0.3784731098720916,0.0639521338782113,-0.16358604162685714,-0.15394980358673815,-0.03290102947970474,-0.26196695887743116,0.2506366821518277,0.08341172657130201
0.6730621286909033,0.29708091387617636,0.7701159605973957,0.48718489347121163,0.34319436908209977,0.4405243923413841,0.3496387689303356,0.48769623376497756,0.4224665376915316,0.3489436936858637,0.3846246321679518,0.2846679171394236,0.4295753035750174,0.3085858561086805,0.3293892240767861,0.3388036861230844,0.467283896275267,1.079932688092387,0.41188561790511563,0.3477637116994934,0.3353082204810158,0.3901177971555638,0.6003580936207197,0.2680413306566741,0.4017598001569213,0.29266644812698195,0.29295419500956693,0.2657800856678775,0.47487291213321875,0.31699533138828073,0.5027771784607117,0.28477611381875517,0.24639791033477668,0.38281692468529716,0.26734577136267246,0.5321967510004594,0.5489283666609349,0.261064907199211,0.3458288789759224,0.06583103028355472,0.35267993170411593,0.21892274014599963,0.332040539358654,0.3480724784903062,0.057492349925170494,0.490425599989858,0.5581628327643768,-0.09859204352740977,0.19105954204000833,0.018194407442057046,0.24462461240498462,-0.17793159739949432,-0.19602129770523352,-0.265164239947976,-0.07096801563133634,-0.030050107285964595,-0.2003145484085815,0.15770971250683288,-0.004644087041850928
0.3191726786854742,0.03825543216952428,1.3674302868640302,0.04268835850897679,0.03510707634904578,0.5393068190686069,0.3658697682599802,0.4416566779115204,0.4470578552133082,0.3092093092306928,0.38296642671888137,0.32372502203427167,0.4941331104782308,0.39826293856490613,0.12672429137589403,0.37155940765938855,0.4344544796311573,0.41188561790511563,2.313665026815738,0.38201982262224027,0.3430466100258172,0.4851904238851086,0.24605581086239922,0.34328511905722786,0.4606675676267138,0.31112223143536577,0.3470733747864174,0.36734068641352957,0.5238035828444929,0.3824241730465805,0.37401117630853026,0.33956954360624175,0.4233629899515756,0.23940371019697448,0.08351420731918772,0.6086297076975845,0.24194327800944906,0.39183654376006655,0.22752664662145383,0.09659704090662964,0.29271912022377994,0.32051773104594283,0.31242968663227444,0.17122134045229537,0.07333772801313276,0.5150634687306425,0.3782566209241344,-0.11728794384024224,-0.2794869359168545,0.7076692601984477,-0.05519249085717008,0.15383365015714845,-0.42037632741974856,-0.29911581711284885,-0.15405965973952965,-0.02281522858067913,-0.18085201798393338,0.2490969128669513,-0.0348348877319515
0.4591469131015342,0.3813874567325766,0.8729683627342212,0.3506531865120706,0.24524853206120104,0.6209750691806074,0.3541703089493978,0.5061178876916017,0.35403404716739656,0.364916285738154,0.47264453404275153,0.38815011575993164,0.41882807703722175,0.3464792571379018,0.35841145165361527,0.41149999026049694,0.5495418678045129,0.3477637116994934,0.38201982262224027,1.6016570728497417,0.2650900960607316,0.31130965998092464,0.37832016894729,0.4410535149285037,0.15781419927849333,0.4891039673933511,0.4407376687179664,0.306606392441942,0.6574154029240917,0.8677100299118287,0.36864333396503807,0.35108986285763494,0.21412183721168812,0.5572461469740746,0.6783021164647883,0.5118223339094143,0.7981601468968569,0.5778972296180145,0.45370918386941317,0.3883249557368249,0.6001307354530203,0.6745247283201089,0.5205397259125786,0.21568384850623587,0.30985476027371645,0.5369583910586319,0.6743235947821319,-0.13149317934312935,0.8014651869647723,-0.07344378265992797,-0.12412168869375942,0.03192950955062298,0.24954217043700824,-0.14873123924280288,-0.14509558000837738,-0.07651515836151473,-0.18877749843272568,0.27976607954004784,-0.014373515094872651
0.4809969098535866,0.4517629159143461,0.6520047032717836,0.310989928695597,0.2732608498227598,0.4767217219732308,0.3550455950375789,0.34354148725171807,0.3541686050195312,0.24567675026700184,0.3346275071740499,0.33318276823026477,0.31681251290810347,0.3513865954347277,0.30612419052597234,0.33829204842307514,0.37993421552929296,0.3353082204810158,0.3430466100258172,0.2650900960607316,0.702277074009043,0.3321380037986299,0.3042540859542805,0.37977409724411737,0.31416076363365164,0.2941085921618766,0.2633156734658416,0.3472586796162575,0.3205523808870964,0.5339260141564254,0.3599601475317884,0.31182076007860426,0.42921777662041405,0.18644114696218173,0.27333188769621863,0.46212791175117657,0.4558827158267056,0.42275303344094983,0.5526864863161384,0.14934166668955903,0.39511700250285636,0.3443216027987562,0.32804400424909,0.4003561792470484,0.291056897055295,0.3303022380369994,0.4733986950531953,-0.05936145828576105,0.32877893793821916,0.09137838485749096,-0.10867213591534802,0.07262757942901418,-0.03609112076039824,-0.12478035589985098,-0.13090728511909117,-0.025132526815067873,-0.2268421487884917,0.1818662824469798,0.027551676801722075
0.510379699617603,0.374221378030902,0.8222309396181782,0.35074669720603135,0.2930357575042873,0.5701254050720708,0.48185769073096213,0.42730459531454223,0.7095578308276004,0.3500342076831477,0.3924988691215097,0.3996347459703137,0.4562486725159312,0.4391777310792084,0.1884826667422826,0.5023057673185733,0.42527558984218794,0.3901177971555638,0.4851904238851086,0.31130965998092464,0.3321380037986299,1.080467192912394,0.3623757875364421,0.37533076333337856,0.0812322358525861,0.31402747197271225,0.34619475129027216,0.2802197847438342,0.3805221402714199,0.5598138308097005,0.32430667497274385,0.41874751972964586,0.31357106531269885,0.31135242442948086,0.36713956182379953,0.37793373873893465,0.46561725548450483,0.4400372653892023,0.5234826276283108,0.14323692427177973,0.34122055059940926,0.28423956491622654,0.4528220706180872,0.4361610668301613,0.09017779010726422,0.2925823740087445,0.49290785545065424,-0.049888132738734055,0.8003784664535408,0.0991464940036715,-0.12671964766582844,-0.12484827543297139,0.05878915833513644,-0.11783877385272759,-0.13383676174175121,0.1006855793658432,-0.23264525446916434,0.20810108425513799,-0.11310584231618927
0.46825390774807624,-0.13856873991443813,0.6378680292592478,0.39045142559120855,0.3066822881481359,0.2933310814539389,0.3776770856863968,0.3899090988012153,0.4294938417809474,0.3136902847637075,0.35097258423583005,0.28906827717069616,0.48054352384009985,0.3420115940682107,0.23431109028825273,0.3010447849644114,0.3470959798461246,0.6003580936207197,0.24605581086239922,0.37832016894729,0.3042540859542805,0.3623757875364421,1.6163587433960045,0.578326883138432,0.07415192565375828,0.06278177005118898,0.23648678377511634,0.06819339271711593,0.51260900177642,0.8530156751303097,-0.026166740886365118,0.2952428342760367,0.5037587411950283,0.4002516702069614,0.16986284719962458,0.6115629118492032,0.4975564681480196,0.33836995646832563,0.39392693863331496,-0.08280656106281173,0.51284638123665,0.1901010113566621,0.37029448243860996,0.7647750768079958,-0.3828779091981859,0.48361502868505407,0.6550885227410979,-0.13639993506513845,0.9297863681498292,-0.38047559591233715,-0.046377517262070456,-0.28347242999839645,0.2944002446991197,-0.14429511766086597,-0.1281562230835384,-0.08086745231218789,-0.14487112641205102,0.21206961371229519,-0.04101543675798443
0.2960632855569477,0.2672336408694689,0.665998881767953,0.2914446970128462,0.2600939812950039,0.3974303779654142,0.35148156054020546,0.3629482439435429,0.38488194974575524,0.2744473546565377,0.3556417111852812,0.3141708595588729,0.4332068575490844,0.36049040598887777,0.2437723800528465,0.34997774318196123,0.37559644114542,0.2680413306566741,0.34328511905722786,0.4410535149285037,0.37977409724411737,0.37533076333337856,0.578326883138432,0.7884761580088575,0.30073610604537176,0.24135029709129813,0.30913736286777516,0.380446352986127,0.4054078340458797,0.8830485153722654,0.3230217023095428,0.4063131566273762,0.7829696380494882,0.32548618202447,0.2836453884409992,0.6326112012917579,0.587388436578056,0.5426735459699105,0.3366851182092116,0.09628993455800515,0.3423762717575104,0.423774439194078,0.39722335972990563,0.4947383558642113,0.044622625791502994,0.4703608598350519,0.5650982749834885,-0.1269997622183764,0.724055865479173,-0.08892451888978906,-0.22201781952523678,-0.1102897247214363,0.24635003906318176,-0.1500569207339157,-0.21986387933331286,-0.12347518752716737,-0.04205755086282258,0.25859833047542063,-0.07624061956575567
1.056242571017001,0.5242607202104038,0.6632368988506148,0.4049240006976121,0.4287621375136794,0.5429684987429686,0.3137473816170301,0.429530167586523,0.051218282308338116,0.2768461836494964,0.3446411308603501,0.330689194137655,0.4531575117647896,0.36116926265433325,0.27068888295342064,0.3243645241470953,0.39914680775694983,0.4017598001569213,0.4606675676267138,0.15781419927849333,0.31416076363365164,0.0812322358525861,0.07415192565375828,0.30073610604537176,3.0414318898600974,0.2748309913067285,0.4016487148247697,0.218768338466908,0.7606274874503783,-0.03804531420264167,0.5463954343570651,0.30782407182126426,0.25023403076352485,0.44332341505690936,0.09570330835937531,0.7042221667904635,-0.015594141305070015,0.3279791023008946,0.05532366190443339,0.07409700772048809,-0.07024062538407758,0.1518766336861194,0.1425045876431303,-0.0476445765822078,0.10107960246433514,0.6590795996331648,0.21945954816684646,-0.18224677084292262,-0.9397927668462396,0.3093378931349063,0.045400123049217145,0.7887501134917564,-0.1474500441462687,-0.21586723980249714,-0.06781108659623078,-0.22089324716865252,-0.15060433677523163,0.09638961854297619,0.19832320871102552
0.26397560863092406,0.4022584323761177,0.4949223714809909,0.2969467709603519,0.29591215420246847,0.5857982223633725,0.3060209379601933,0.37961064647995574,0.29156979179924025,0.1831012893208482,0.2893214184614307,0.32573024472544587,0.28238899500481845,0.33378318098375936,0.24566305870019153,0.33726903090738736,0.22025026448698554,0.29266644812698195,0.31112223143536577,0.4891039673933511,0.2941085921618766,0.31402747197271225,0.06278177005118898,0.24135029709129813,0.2748309913067285,1.707663306981465,0.2740464832470566,0.25431401314560403,0.1850992796862152,-0.3763094767738109,0.3662038619774532,0.5191780184291077,0.03962459620891388,0.37433745147732983,0.25293464398785975,0.36016193254390555,-0.3362739134474704,0.16242865287133812,0.12855046573528503,0.30817176629556137,0.16367842313791453,0.6350200070459903,0.19272160488672058,-0.054458784601296835,0.1062472065581315,0.21074635304232262,0.14188720010660902,-0.0444909575185975,0.3031564819252127,0.31227913662349804,-0.21060786348068272,0.01474432975232272,-0.2990473685456463,-0.1023793530781961,-0.34827385599766675,-0.03286749906326752,-0.10557503069370724,0.5036403839679745,-0.31736291305400843
0.47289875781430246,0.36277054372311757,0.6876077074243283,0.31381811962271106,0.27588938612743186,0.4713582085608782,0.34148312124336216,0.39948995822339445,0.32695953877459094,0.301020862846472,0.36335741761578666,0.3976214449318725,0.43170602306738837,0.3217693692783054,0.22404354576044042,0.37692496648944945,0.33958896390397214,0.29295419500956693,0.3470733747864174,0.4407376687179664,0.2633156734658416,0.34619475129027216,0.23648678377511634,0.30913736286777516,0.4016487148247697,0.2740464832470566,0.8005682884853745,0.24121722585488442,0.40059805241044616,0.38761697747493823,0.32743770080274537,0.3448651235939948,0.24785005797628631,0.34000654928342566,0.3156985294291184,0.5960140106493593,0.3117429009804514,0.30959687055091123,0.15770556875395403,0.19128850396281433,0.23936102669705436,0.35359659677554134,0.3615609239022432,0.08088531083474929,0.06581811292600856,0.4173772478058997,0.3248496987665943,-0.09133376331166941,0.2883248617454843,0.11168505499326138,-0.13253291530938727,0.3036844475871268,0.06765635816465955,-0.11087229256771866,-0.09723952334393593,-0.01900304621672806,-0.09921745758992373,0.13878846788359028,-0.029173784752324294
0.19252659081424764,0.38900201793994543,0.4956533806753464,0.22305079499616817,0.1488479754347272,0.28757457127311126,0.22114442931317171,0.1999387299064272,0.3086300744452942,0.19081830041695588,0.2306197889187877,0.1190586380130234,0.22787819443602422,0.28126812982395666,0.2671359330112858,0.2703857953729281,0.33982770107780097,0.2657800856678775,0.36734068641352957,0.306606392441942,0.3472586796162575,0.2802197847438342,0.06819339271711593,0.380446352986127,0.218768338466908,0.25431401314560403,0.24121722585488442,1.3107029270726462,0.14255756356666094,0.6842192674333254,0.4024214898354562,0.15778421680610252,0.5894047886383036,0.2059809352831829,0.8041692534297271,0.39798752557102773,0.7295087798319377,0.6136938877564855,0.27496636386335055,0.19230270183209036,0.38855298935642874,0.2989288522594816,0.45322403433760644,0.5297257209359594,0.40882738005047875,0.27293107333292593,0.41887922092106256,-0.07641799946116623,0.25764181165453004,0.27270374694824634,-0.1503999810730523,0.6490839484152253,-0.8832541171631623,-0.08501049340281339,-0.15652112337079058,-0.009057620092034918,-0.21929227273754287,0.20390721933642036,0.07947570728930005
0.6603113228517652,0.4320577164698443,0.9257518796876583,0.3919160926867668,0.3277407877394608,0.6721262470502843,0.3815935823482021,0.5470176948201297,0.3231981387382747,0.409778714372741,0.5096253210196323,0.35542109989800813,0.6296061561174795,0.4422579339229096,0.28722581614788734,0.4570833904738386,0.517104660004639,0.47487291213321875,0.5238035828444929,0.6574154029240917,0.3205523808870964,0.3805221402714199,0.51260900177642,0.4054078340458797,0.7606274874503783,0.1850992796862152,0.40059805241044616,0.14255756356666094,1.8658477853641315,0.6564764867018954,0.21550783929039186,0.35552535994348744,0.12664564253730656,0.6485904054186719,0.37326607764285735,0.8038767969941742,0.06687080196142257,0.07004522990611295,0.06631709751788155,0.2647021305417676,0.29276961544601376,0.3787791920457774,0.2796865942256139,-0.10726890064020408,-0.3298365966802954,0.5934671696659929,0.5789032263982791,-0.23489462499242267,0.565257555456651,0.1554079589856409,-0.2071332125396368,-0.021515314715875852,0.006958410308887796,-0.09219834628033945,-0.17512066174418614,-0.1378164808045514,-0.2933580118149817,0.299450317362004,0.15342528486366241
0.48408359322022015,0.4618139963668659,1.0200569569652322,0.31621641417295027,0.10142085087486155,0.39631887136210375,0.4058997151763254,0.5111966760866549,0.5841327306557051,0.5463025997828381,0.49115657436913857,0.33001783122518896,0.5287071742005918,0.5529536009731635,0.4743296549639958,0.5178636566258212,0.6197346997489964,0.31699533138828073,0.3824241730465805,0.8677100299118287,0.5339260141564254,0.5598138308097005,0.8530156751303097,0.8830485153722654,-0.03804531420264167,-0.3763094767738109,0.38761697747493823,0.6842192674333254,0.6564764867018954,3.8712836706294778,0.27858642699844266,0.21097401487358497,0.49047528571997445,0.15398723634349806,1.7164853301380527,0.545099611207641,1.5560391861211034,1.1276361149495648,1.0378094523004773,0.4515865561777397,1.5636470411774557,0.627318917629665,1.380580432299614,1.41233836333306,0.5115324213142968,0.6183647970181071,1.4856048040838377,-0.1997369979499939,1.851599674138418,-0.6283140328759277,-0.25055843179941967,-0.9963328481012136,0.9307490619799795,-0.07968125899460625,-0.16056418691144733,-0.05837383942293115,-0.4113505061881803,0.6891284689783241,-0.07195617011851392
0.5079954500376123,0.45368351758766795,0.6362982788229544,0.3257371825609337,0.2745198775697011,0.43119099765471697,0.29425476059549893,0.3596313954436295,0.3465233325518806,0.26209762248917884,0.310418474632493,0.27716879239839914,0.30507050137023056,0.27596962835692807,0.27283513619874256,0.300151270993842,0.37956298622832785,0.5027771784607117,0.37401117630853026,0.36864333396503807,0.3599601475317884,0.32430667497274385,-0.026166740886365118,0.3230217023095428,0.5463954343570651,0.3662038619774532,0.32743770080274537,0.4024214898354562,0.21550783929039186,0.27858642699844266,1.0893492034820837,0.32523896564667243,0.38728821652493994,0.21306720499315518,0.31327552203098763,0.7191843564798083,0.429394337938268,0.4092197868542236,0.20885060239791767,0.13478784506784097,0.19998342640898067,0.31560810742622025,0.26497678184597045,0.15003123099130983,0.3421190099930086,0.48908354942693555,0.3637785846286504,-0.08991970726574114,-0.25025864084827304,0.213731993065917,0.05332504816840535,0.026002651196867645,-0.07518532952327797,-0.23301416339947298,-0.08279412049434007,-0.030984798490750306,-0.052211567876646346,0.06240035559720463,-0.038604026910301015
0.39389472674587994,0.2879058428539606,0.5740058098561884,0.27482696510586163,0.2886108498674077,0.4923757973260719,0.3676155483163173,0.35065340683777424,0.3396965019922201,0.24512710054582088,0.3363404160037621,0.3957279268352583,0.42263911033993484,0.33187964508740375,0.14817448939487585,0.36687747546822963,0.2786094211438757,0.28477611381875517,0.33956954360624175,0.35108986285763494,0.31182076007860426,0.41874751972964586,0.2952428342760367,0.4063131566273762,0.30782407182126426,0.5191780184291077,0.3448651235939948,0.15778421680610252,0.35552535994348744,0.21097401487358497,0.32523896564667243,0.6956098881839783,0.18066146161254198,0.29808413326607086,0.1560953203021948,0.5404937614532193,0.05129727450082957,0.24614771651421627,0.24101431582915472,0.15422256346047913,0.23696664287267724,0.38583911095238305,0.14237948145600673,0.15651485186031244,0.03206363171099681,0.38528770602298046,0.33961953870004036,-0.10295410345866547,0.41644120873676477,0.0507817322653916,-0.10207333093159958,0.1336785535567803,0.01417561179629089,-0.08732683497064525,-0.17938744367442327,-0.04813613661062361,0.3252625059574158,0.13526530363499417,-0.41689531272442704
0.20371906613833637,0.2964877039482801,0.6157659041594098,0.2389233113810896,0.21443367528219986,0.2048356638668573,0.3432857320882141,0.24851927918299083,0.4393843653818492,0.15323181243261774,0.2724100221658843,0.2594458566258462,0.30455128247088015,0.25968676317846956,0.2444741872229617,0.24891568229020206,0.41543265677637076,0.24639791033477668,0.4233629899515756,0.21412183721168812,0.42921777662041405,0.31357106531269885,0.5037587411950283,0.7829696380494882,0.25023403076352485,0.03962459620891388,0.24785005797628631,0.5894047886383036,0.12664564253730656,0.49047528571997445,0.38728821652493994,0.18066146161254198,1.9855522574264017,-0.012140838894770432,-0.5487990730324682,0.49287457450711375,0.94372175400012,0.6407936242251692,0.4533319726768898,-0.18265651552116505,-0.003996346556854465,0.3591852594187059,0.22168927811769612,0.5571330626533058,-0.0030503405314348682,0.45537487895160317,0.5022009619600265,-0.09857722878011475,0.8122721773551749,0.07380842652080497,-0.30665500764374287,-0.014930758798041609,0.08047227622736934,-0.30585494849542455,-0.2500054866816326,-0.03994421526075145,-0.19827802983967582,0.23553846185583127,-0.07196941571790953
0.18179586570543568,0.21382524145015033,0.5572800842342301,0.36024362710965674,0.3744169894967691,0.4447340315525994,0.30305367282614004,0.3896506773167436,0.250725391931033,0.3632663626249219,0.3528679890414209,0.28055563732289,0.43742268571905957,0.31900200375619747,0.23789399335677008,0.35252534504512456,0.3514253219081654,0.38281692468529716,0.23940371019697448,0.5572461469740746,0.18644114696218173,0.31135242442948086,0.4002516702069614,0.32548618202447,0.44332341505690936,0.37433745147732983,0.34000654928342566,0.2059809352831829,0.6485904054186719,0.15398723634349806,0.21306720499315518,0.29808413326607086,-0.012140838894770432,1.876228997369431,0.8038469812253947,0.4496358472232998,0.6573263959411623,0.4163705961311779,-0.3173786329891424,0.1590603238973715,0.17656126374742923,0.44333569569440473,0.5285852550782851,0.20813066347620832,-0.16138929735856228,0.39292398507318027,0.504100770568499,-0.10168747875596677,0.28085757628996727,-0.10523483367533501,-0.08934940558698948,-0.28716670731323746,0.3205871682483552,-0.1386963153718282,-0.16556461704786654,-0.02709860996240295,-0.21493204543673297,0.11154012727545946,0.21557591711391175
