0.8066331303431429,0.24378566907530194,0.11059698508762102,0.17645741793856826,0.25572212568304614,0.20395853658967097,0.2570520477187219,0.22695487571647668,0.16541771641297956,0.2047617103767211,0.20630882934043515,0.21523271444306957,0.20616269353723238,0.2195197157777308,0.1822252518200569,0.20333733974923468,0.17858800166350772,0.20396001952918666,0.13049391660900878,0.18976502700209263,0.1665647786857675,0.20843287363798235,0.18511669270339828,0.15233352132918102,0.20261877583340834,0.18709339782424636,0.19436433062936032,0.0991772670499644,0.24115759459833522,0.07560959343302169,0.15811822372316364,0.20158073897807194,0.10353342437430912,0.16615161030696504,0.12338712279201165,0.14633186093268133,0.13768152628067368,0.1344415347981665,0.18327860855767422,0.13528994951644538,0.16887053088402146,0.14873491167593914,0.20581619062609283,0.1944390481893049,0.17836002281406085,0.14059003673826903,0.14186872594099534,0.011821417746753646,0.19006313838327518
0.24378566907530194,3.2284538780332652,0.3440867319485629,0.20002504786968067,0.2971100812568806,0.3535385115961776,0.32238125513862786,0.34625828411430454,0.34367066660352946,0.4135158410250165,0.3558264934278821,0.32613602779834094,0.3878478470175887,0.23068425703342618,0.43066547760590096,0.26019586049242266,0.33752527758739514,0.4185228956556328,0.07067473747228825,0.3908563381020044,0.35068578509204223,0.25275937992142256,-0.1968594287320332,0.11459973786231295,0.2566210495305061,0.3811870780184673,0.7929187201047094,0.37274976296364626,0.604930456681892,0.15742503910064706,0.3541502324619229,0.2503604072633875,0.2100927033918448,0.32704765327237956,0.4848478250214993,0.18446965028342516,0.6098168518311724,0.2532264956709638,0.28882108234885334,0.18404560853353027,0.26579550114357986,0.3459026175608548,0.24957854992327264,0.12116599534392443,0.5619323220779063,0.3254666377500125,0.336552709189228,-0.04600453334051559,0.050017652242403815
0.11059698508762102,0.3440867319485629,2.8227405269682615,0.3021523047624574,0.3544267513445264,0.4151506972631539,0.17634468061799521,0.5073217781301587,0.7433799556866392,0.4106848666480317,0.155616837450662,0.23108945619786186,0.4027588153089044,0.32946424265653973,0.37814925538164024,0.30073680598519087,0.5206634653024671,0.4182201334061756,0.5804813579285263,0.430951074803468,0.34048666488896123,0.5281060713604143,0.27893597798182634,0.33842369585369075,0.3598056983998214,0.4202596694157893,0.3067683666286691,0.5144354560801483,0.4463824976050104,-0.6822330583046602,0.3358736775918566,0.33284103909314544,0.3168567732143017,0.5380925931984479,0.7205047138403907,0.27442089708119594,0.5045936776078294,0.3784725635091737,0.1284649970155086,-0.4224126730941847,0.34582223308099647,0.3690372631935655,0.5587329952805344,0.8821124049624104,0.3318577135496423,0.7130230616631079,-0.038442998721383105,-0.10555113411076451,-0.8358325574526103
0.17645741793856826,0.20002504786968067,0.3021523047624574,1.059402389486713,0.8896360960224867,0.5235630790921627,0.471319325975411,0.5133391498204523,0.37863459051426274,0.4508532438848211,0.4880763481498076,0.4747544353946675,0.4564721012452121,0.4374995802430607,0.34363004687290793,0.4463348874843231,0.43352902826524686,0.3849849444659473,0.3318345454561007,0.4016430300425176,0.34632027238307744,0.4254345949935517,0.330661487702176,0.35510695322924174,0.3762367227578046,0.39447445265244524,0.41524161192636033,0.26464810313740167,0.4817573438841275,0.05492140547214379,0.35122906026738426,0.4280477612459216,0.17325115943959682,0.557832881338679,0.37518275893402553,0.22864223278728674,0.3440962864157494,0.2855730870303041,0.4267774931254985,0.2591767804903464,0.3136624067680326,0.3264662036087902,0.4025161908056756,0.6102379564227618,0.3174546336595139,0.24463338329146794,0.2731508771482969,0.048595622931986396,0.2777606202294825
0.25572212568304614,0.2971100812568806,0.3544267513445264,0.8896360960224867,1.675148807677861,0.379116295982027,0.534451600887924,0.6203129249470711,0.3960853655407277,0.48774122858020225,0.487102697648432,0.4567811091565734,0.5300571151705644,0.43524804658180277,0.3559087201900251,0.4613939566838868,0.41872905782601855,0.45753950661891996,0.32047042328568015,0.36413984592022236,0.3518567810782327,0.4284196178604632,0.34535240304301973,0.35053684443386246,0.39188679894138034,0.45016487851230785,0.3957890689908424,0.2687826546022291,0.4994836432556303,-0.005901466569743383,0.3923600898387124,0.4414558199949169,0.171250058541587,0.6506248085262685,0.42109368636105743,0.25341917292015537,0.43648797563427055,0.2790251509363465,0.41947035907723,0.23788452250435452,0.30900884232581183,0.35507562418967376,0.33472166010706583,0.5960064585934969,0.26233508139459777,0.2581665961767685,0.25355196392724566,0.038202090211631165,0.2701197732815118
0.20395853658967097,0.3535385115961776,0.4151506972631539,0.5235630790921627,0.379116295982027,1.174458446430063,0.2950608636821762,0.6535236809270761,0.5146974837324976,0.5415776061972425,0.6407950065250784,0.6498712977051487,0.5488487893897837,0.5941360706353835,0.4585661171792045,0.5756680626141553,0.5949296740347076,0.3849993566455621,0.7368816704692247,0.7015614387443772,0.4719282829586935,0.5544332300490544,0.25622109359781947,0.48199453817049576,0.5038547404795963,0.47272420515187596,0.5904860078115309,0.303477723564973,0.6651230366504343,0.06498021050703444,0.45047594902174665,0.5507314474498883,0.2558894736766958,0.5720929021694955,0.33257416976358817,0.3387386470620494,0.4066360476482981,0.4335600758437468,0.5403384173726743,0.4101950748118309,0.47334636001662933,0.4154723810872313,0.6066577571136031,0.44096496843933713,0.6332409360008443,0.39503054698330514,0.4361737587222545,0.041158586405176854,0.28348300343263555
0.2570520477187219,0.32238125513862786,0.17634468061799521,0.471319325975411,0.534451600887924,0.2950608636821762,0.7185037230023449,0.3701618011494423,0.34498660593853425,0.34537997945710114,0.4160902602997266,0.43473528259138217,0.37488313321757594,0.28585321017981913,0.23973147352430257,0.3435086255917313,0.36857997125049863,0.32767003182236387,0.17654059035284866,0.2898620478778739,0.29210126614660975,0.3697277034879309,0.2933486699544708,0.2811453515628043,0.3048907474713571,0.35212957976495746,0.39697425745582804,0.18942324882856243,0.40572845162734567,0.06378046626560442,0.27905906043851075,0.31748830569017206,0.16462663942077715,0.4082176724734327,0.2510496086179678,0.22982291790200968,0.2283236415382993,0.21142304347914706,0.3529014874487556,0.2472540641054916,0.20296079224436264,0.26558614282009785,0.2846244180122147,0.40088830030888206,0.2915424251538865,0.17519405742401678,0.14754339085448945,0.0008892133578843441,0.3050924730008002
0.22695487571647668,0.34625828411430454,0.5073217781301587,0.5133391498204523,0.6203129249470711,0.6535236809270761,0.3701618011494423,0.9594564154205911,0.41852164893856686,0.5145713454520149,0.538006384822178,0.3942722918429453,0.5406762165262543,0.50455198406316,0.34793020195557,0.4694025361233909,0.5112952810229637,0.42140650742807073,0.5431063097061614,0.5233175201420057,0.3793165692828407,0.475264344085541,0.26441745821540935,0.37135885675704355,0.43894696943151185,0.47550361193009444,0.503167098022759,0.2757629834313084,0.5977547455193051,0.026478011922602677,0.38714006136144075,0.4667047938915558,0.1828035630032302,0.5518520541532856,0.4050127764678465,0.2751259750801334,0.3767216361195254,0.3401838121397393,0.49062981686295754,0.27324562041488476,0.4033931621234053,0.3495202570885389,0.49268031347908703,0.4760400849784331,0.4547954949140834,0.34655996743082973,0.36322470093115145,0.031213120190338957,0.27302957214561374
0.16541771641297956,0.34367066660352946,0.7433799556866392,0.37863459051426274,0.3960853655407277,0.5146974837324976,0.34498660593853425,0.41852164893856686,0.9309390781019926,0.3888626513578208,0.31647035674842316,0.3356085023361601,0.4627111608958811,0.39561089876484967,0.34091004089514876,0.35439938229066364,0.4478194339181399,0.41089638618701774,0.434856428341291,0.3359878193125075,0.3616122184699904,0.582287589534042,0.32426655825328515,0.35117770072774984,0.3242977139156782,0.4327880414388032,0.4247030883096565,0.33653042016919715,0.4355864108746117,0.03304671811506539,0.36377413257623925,0.3964249671537174,0.28813223388687165,0.45854038614299336,0.41237241298348243,0.2794254467325981,0.365679886672841,0.29135442578720483,0.39896311620005614,0.13214888179816175,0.3433507409680742,0.33284028864383985,0.5115231841696058,0.563882869537005,0.38376672259135075,0.3726439421392937,0.2739806691373871,-0.008315470864351316,0.38413028549296024
0.2047617103767211,0.4135158410250165,0.4106848666480317,0.4508532438848211,0.48774122858020225,0.5415776061972425,0.34537997945710114,0.5145713454520149,0.3888626513578208,0.9907592718703635,0.5577666479406885,0.5362322895447661,0.5612717822680119,0.42306788076062757,0.42644021867146564,0.46501877005125425,0.5365975704159035,0.47102522955479076,0.5717603368315824,0.38939306806371626,0.3666613230131179,0.46586226178250706,0.3032735420503621,0.3823107305922011,0.42005792196827024,0.38630540254535334,0.5927735765906162,0.3267301722236972,0.6182751420797271,0.18632669963892962,0.4206407467613548,0.43138966724398925,0.1673545579528431,0.6255791502467278,0.4954779801021487,0.31810069705361943,0.40690506130983545,0.2928638198771297,0.5151962255983172,0.26579973237844373,0.4149533121735019,0.3534810357301839,0.4118382693190566,0.5479826997028765,0.37052939250767536,0.39035892964105884,0.4022440143167668,0.008012011172580047,0.1793406896502061
0.20630882934043515,0.3558264934278821,0.155616837450662,0.4880763481498076,0.487102697648432,0.6407950065250784,0.4160902602997266,0.538006384822178,0.31647035674842316,0.5577666479406885,1.0934231087907367,0.602591742608933,0.4935499740659783,0.43611795354934213,0.4905019795646165,0.49410551328842217,0.5718959858122513,0.38382557450207677,0.46309965783474094,0.6121190116549745,0.41608324537140856,0.41271916496959626,0.21918270913704058,0.4315209971104478,0.392312399401852,0.509031123193359,0.6877620501525078,0.3191686331247498,0.6223847445352487,0.11980689760412754,0.4426150849313557,0.43849303478570795,0.1978466410219674,0.49570734509345293,0.45379949505366485,0.3479095740175904,0.32217351342972556,0.3513885378930782,0.5295300245422103,0.43503270335436023,0.35644042751158156,0.3896454718652901,0.3805512557993617,0.33990658743259483,0.5018622870283387,0.3262109209847122,0.3350438695469939,0.027641793971940203,0.28179239948381
0.21523271444306957,0.32613602779834094,0.23108945619786186,0.4747544353946675,0.4567811091565734,0.6498712977051487,0.43473528259138217,0.3942722918429453,0.3356085023361601,0.5362322895447661,0.602591742608933,0.9434966104848561,0.43882832097118823,0.4420243756206307,0.4072682754407649,0.510910696414598,0.48580094611044033,0.34144257618044094,0.5045394129983473,0.48785672141260344,0.3651274521490664,0.4118636282308292,0.2737869883972075,0.38367123084562454,0.4257836828164018,0.4042324432869693,0.5645542284705204,0.20806919501926863,0.5803245811555957,0.06462791987078616,0.3681818434658716,0.45920694889362207,0.18672296411138933,0.5120064008965746,0.27765220027116894,0.2927559078099246,0.2294180195191203,0.31040518588221505,0.48319011864625694,0.37923310868993726,0.26113916096656414,0.32612052640593814,0.37680246192932887,0.3752524896785971,0.46577763115653653,0.28113042778552355,0.281150432357749,0.010146054543680868,0.2542608941485659
0.20616269353723238,0.3878478470175887,0.4027588153089044,0.4564721012452121,0.5300571151705644,0.5488487893897837,0.37488313321757594,0.5406762165262543,0.4627111608958811,0.5612717822680119,0.4935499740659783,0.43882832097118823,1.0275066295424222,0.44301156963504584,0.3525585676555917,0.4641593464926737,0.4472666654938488,0.4156262124582618,0.4956670518353096,0.37336993753068254,0.36898757303665713,0.5235488908687309,0.29108552899140033,0.37824639836315316,0.4044626689251044,0.4061436935032189,0.5073184068472745,0.3258967097126147,0.6228249753120768,0.10651039822049349,0.36824903847883395,0.46659969802878754,0.1906591173759513,0.5616868119544958,0.5266440266420811,0.298747562350705,0.3161557115630458,0.2913795773747435,0.4628647845366202,0.2588415710927728,0.4051574059357195,0.34863842777118587,0.4382737360104867,0.5385710245153457,0.28388836616136864,0.3622845107930486,0.3264328214900816,0.002216320819311442,0.29386609952442705
0.2195197157777308,0.23068425703342618,0.32946424265653973,0.4374995802430607,0.43524804658180277,0.5941360706353835,0.28585321017981913,0.50455198406316,0.39561089876484967,0.42306788076062757,0.43611795354934213,0.4420243756206307,0.44301156963504584,0.6539547974612925,0.43005975124105783,0.5158362984751923,0.4434101703382909,0.3459877647251328,0.5040150285529851,0.4328913501216,0.3638768651846041,0.44456590052551226,0.24700853794196764,0.3483805746087731,0.3787273224687859,0.36266804084030513,0.3432485265792934,0.2693047167567929,0.5378836076816301,0.10485320358837204,0.3521876389056387,0.5435587071402839,0.1822254898066183,0.5117421353310453,0.38007229051625857,0.28544740420817855,0.3111717774458346,0.3138365655775959,0.4158622166912982,0.2712616178954733,0.42533808859460315,0.33627158548431746,0.5288862509038983,0.40214725197089907,0.42256627000985836,0.29122591159324596,0.34014038693579535,0.05599711942359388,0.41003737459394407
0.1822252518200569,0.43066547760590096,0.37814925538164024,0.34363004687290793,0.3559087201900251,0.4585661171792045,0.23973147352430257,0.34793020195557,0.34091004089514876,0.42644021867146564,0.4905019795646165,0.4072682754407649,0.3525585676555917,0.43005975124105783,0.8694917890374279,0.394747224963522,0.4326338153161516,0.3700513406276778,0.38187544836797344,0.4502158357015536,0.35643819933044957,0.32845625418193297,0.19079601182133638,0.3329610678536059,0.328613015405385,0.3793471861857195,0.42389598866500483,0.3403113828610647,0.4615576400308835,0.15916497262608412,0.37621333525400474,0.3845406602475654,0.2342403520741699,0.4349409468375722,0.43484035657962583,0.30530613337081547,0.3880896858559306,0.2995566183499038,0.34326511833587575,0.23822653736769125,0.3777846196190173,0.35327609475386956,0.4321194816787199,0.37368486863087474,0.4478167687596178,0.3459804860286518,0.3199242728125853,0.048350484357979374,0.1519952883588949
0.20333733974923468,0.26019586049242266,0.30073680598519087,0.4463348874843231,0.4613939566838868,0.5756680626141553,0.3435086255917313,0.4694025361233909,0.35439938229066364,0.46501877005125425,0.49410551328842217,0.510910696414598,0.4641593464926737,0.5158362984751923,0.394747224963522,0.8819691894537137,0.5203854574193977,0.32591198835457097,0.4959602545224046,0.41571585164648556,0.3796469094291899,0.5384238798646575,0.25607672972646206,0.402519911076561,0.3991783826207466,0.31167710462576637,0.45073058681537004,0.3007547781928222,0.5753511597643397,0.08894969599169707,0.3666198442049887,0.49439460521100836,0.13569705598848755,0.5495382453399041,0.5103454555262592,0.28436118485557615,0.32771330629060164,0.3171774282238295,0.4783776801574411,0.35752934832257977,0.40242068431398254,0.37124022692908937,0.5360932742335695,0.45285435806413316,0.4576440054530907,0.2730498441657553,0.31778199243266936,0.008189529117014866,0.33587251417147007
0.17858800166350772,0.33752527758739514,0.5206634653024671,0.43352902826524686,0.41872905782601855,0.5949296740347076,0.36857997125049863,0.5112952810229637,0.4478194339181399,0.5365975704159035,0.5718959858122513,0.48580094611044033,0.4472666654938488,0.4434101703382909,0.4326338153161516,0.5203854574193977,1.1342242309184216,0.4277555002588386,0.41983763885642345,0.6163090055245358,0.42517920906670315,0.5628973822815942,0.2543187832731397,0.3844551318088259,0.49008026006884703,0.49248382139672464,0.5567523660248558,0.41962217591286993,0.5776101905632441,-0.017754687277970374,0.4209292536978224,0.417183537593708,0.30741235521916493,0.49477283477670303,0.5261388637750547,0.26936095193765375,0.4777921220909901,0.4018936398250465,0.4724357413261212,0.3418266147610977,0.4072310263667895,0.4102039177516023,0.6212409155491055,0.5245429453291899,0.6585435166167621,0.34863592250623193,0.33981202192977855,0.014061218887282104,0.24101436853052252
0.20396001952918666,0.4185228956556328,0.4182201334061756,0.3849849444659473,0.45753950661891996,0.3849993566455621,0.32767003182236387,0.42140650742807073,0.41089638618701774,0.47102522955479076,0.38382557450207677,0.34144257618044094,0.4156262124582618,0.3459877647251328,0.3700513406276778,0.32591198835457097,0.4277555002588386,1.0840123052995536,0.26237353303160316,0.11633532326798736,0.3457497952847368,0.44956539966424003,0.48466326608024307,0.2713623422466006,0.34469480515648954,0.4561602631601177,0.058229841396517844,0.20427918793011268,0.5443249296260073,0.07310168666850038,0.34241546616370805,0.3349587732634434,0.17160435246953754,0.47880033470528177,0.2570446232329568,0.3394530300300817,0.3327294418095496,0.1919873458772784,0.28816879761985986,0.1884466435171041,0.3545952566128264,0.2955909141446261,0.5582915902784048,0.39982359180925564,0.41196105336252414,0.36659961993146317,0.5260353604005111,-0.05282537791881606,0.14558432613549085
0.13049391660900878,0.07067473747228825,0.5804813579285263,0.3318345454561007,0.32047042328568015,0.7368816704692247,0.17654059035284866,0.5431063097061614,0.434856428341291,0.5717603368315824,0.46309965783474094,0.5045394129983473,0.4956670518353096,0.5040150285529851,0.38187544836797344,0.4959602545224046,0.41983763885642345,0.26237353303160316,2.3754616074389743,0.45308396559611125,0.4658141131641628,0.5093614051425185,-0.039147776268125455,0.4218210529036289,0.5130723923102569,0.0935655804379946,0.41630573168769314,0.4511108456279948,0.5560397228273564,-0.030376617839577853,0.4656588676916796,0.4360442865201994,0.47678112715901255,0.5291458701435912,0.35991932175103086,0.4166094133527513,0.5233576989080307,0.3470250534273191,0.5591592101637989,0.2631987637164988,0.5340295945164846,0.40623045630197663,0.40734025838323046,0.4191169329547167,0.4631023265182262,0.44695379522880235,0.08212798228117964,0.08372561998848049,-0.2798983484279488
0.18976502700209263,0.3908563381020044,0.430951074803468,0.4016430300425176,0.36413984592022236,0.7015614387443772,0.2898620478778739,0.5233175201420057,0.3359878193125075,0.38939306806371626,0.6121190116549745,0.48785672141260344,0.37336993753068254,0.4328913501216,0.4502158357015536,0.41571585164648556,0.6163090055245358,0.11633532326798736,0.45308396559611125,1.6389327503971443,0.3703156044080308,0.31744069986912476,0.12139607641710107,0.3845879526662595,0.4096989619997694,0.4939688267116985,0.7786689220153582,0.42159055393175837,0.4529540386690399,0.1448591561709175,0.4748505945203248,0.3854593537552304,0.39990022403274117,0.4269774061608678,0.3949712474172178,0.15902422869134142,0.7904286878162571,0.7037640509357467,0.3960524122449871,0.3861507950515617,0.5273543548014774,0.44149386090490805,0.6698322128188765,0.46203827198805714,0.7374295993217684,0.29417323264248657,0.18292712065420783,0.2932351227757739,0.45820039721498446
0.1665647786857675,0.35068578509204223,0.34048666488896123,0.34632027238307744,0.3518567810782327,0.4719282829586935,0.29210126614660975,0.3793165692828407,0.3616122184699904,0.3666613230131179,0.41608324537140856,0.3651274521490664,0.36898757303665713,0.3638768651846041,0.35643819933044957,0.3796469094291899,0.42517920906670315,0.3457497952847368,0.4658141131641628,0.3703156044080308,0.6519362969647485,0.38084115538362373,0.2477847413636191,0.30555943922093803,0.3483577584586214,0.333662055910475,0.38808819756176444,0.43741221878824876,0.37766113005458923,0.09073761506384904,0.4159374195165773,0.3695475535569879,0.394059508595099,0.3902662939924616,0.5474665221648726,0.4442369043810931,0.3794911157972708,0.32637398758019087,0.42270357875146797,0.4320377987235303,0.5363228129315714,0.5240234390867862,0.5411523617705406,0.43422679757171745,0.7974348995763475,0.3366138844627774,0.2981232185767941,0.07201038776983841,0.013326183992730315
0.20843287363798235,0.25275937992142256,0.5281060713604143,0.4254345949935517,0.4284196178604632,0.5544332300490544,0.3697277034879309,0.475264344085541,0.582287589534042,0.46586226178250706,0.41271916496959626,0.4118636282308292,0.5235488908687309,0.44456590052551226,0.32845625418193297,0.5384238798646575,0.5628973822815942,0.44956539966424003,0.5093614051425185,0.31744069986912476,0.38084115538362373,1.1179318829459122,0.4395512059933985,0.36650449374255134,0.4314026622938557,0.39285392313144696,0.4350361479307096,0.31104543052078126,0.4975604426524783,0.14641298216021498,0.3368715253416875,0.47173304958661555,0.25587969669321636,0.5013085417422756,0.43232937590685133,0.29450984024225135,0.31540427161939255,0.31102027855469694,0.44742388649654685,0.23733901949220726,0.37654540875430864,0.35598191373417326,0.780556285372099,0.6573973437661429,0.385935427331527,0.4003616837517445,0.3622459133270975,-0.17322406751070535,0.5982654873753964
0.18511669270339828,-0.1968594287320332,0.27893597798182634,0.330661487702176,0.34535240304301973,0.25622109359781947,0.2933486699544708,0.26441745821540935,0.32426655825328515,0.3032735420503621,0.21918270913704058,0.2737869883972075,0.29108552899140033,0.24700853794196764,0.19079601182133638,0.25607672972646206,0.2543187832731397,0.48466326608024307,-0.039147776268125455,0.12139607641710107,0.2477847413636191,0.4395512059933985,1.703035920960554,0.4392919742096039,0.41533909581885337,0.18210399718462575,0.24267149263567783,-0.13502551262231127,0.4907204961797905,0.23307352277813798,0.12596336899241825,0.26715410328286493,0.07065850595573692,0.47828239053496724,-0.07695977123147184,0.40637586035477696,0.10146412941541556,0.1487004359773423,0.35907572813819716,0.15095171992551304,0.22210549435856342,0.18078765914915138,0.4295856028847724,1.0404401959346188,-0.08518665736944263,0.26376794808850357,0.3054909942184472,0.07845374278077293,0.30389255476299154
0.15233352132918102,0.11459973786231295,0.33842369585369075,0.35510695322924174,0.35053684443386246,0.48199453817049576,0.2811453515628043,0.37135885675704355,0.35117770072774984,0.3823107305922011,0.4315209971104478,0.38367123084562454,0.37824639836315316,0.3483805746087731,0.3329610678536059,0.402519911076561,0.3844551318088259,0.2713623422466006,0.4218210529036289,0.3845879526662595,0.30555943922093803,0.36650449374255134,0.4392919742096039,0.9722997377199617,0.3786842742966755,0.2804282967797047,0.520574398248607,0.23666187231307795,0.43399734587583166,0.14919346620863858,0.37249511042697947,0.34390562179362977,0.17059224757314265,0.46941521098510586,0.31966903891085835,0.33216322429393624,0.255845329040529,0.2554477598739988,0.3650870561217063,0.2096446161942843,0.2620873156172798,0.28991465691024465,0.24926443121781,0.5018172408305059,0.24190438127506755,0.30520108320078243,0.25053822519235125,-0.009557947783970998,0.07812890274309776
0.20261877583340834,0.2566210495305061,0.3598056983998214,0.3762367227578046,0.39188679894138034,0.5038547404795963,0.3048907474713571,0.43894696943151185,0.3242977139156782,0.42005792196827024,0.392312399401852,0.4257836828164018,0.4044626689251044,0.3787273224687859,0.328613015405385,0.3991783826207466,0.49008026006884703,0.34469480515648954,0.5130723923102569,0.4096989619997694,0.3483577584586214,0.4314026622938557,0.41533909581885337,0.3786842742966755,1.452873087563996,0.2479859360248607,0.38271708061714177,0.28863917315798066,0.6434827441996425,0.15698271656105264,0.3206390752631142,0.3696392174387976,0.22517899128230034,0.4987038976308489,0.4058245364899704,0.29932943969836573,0.3631461036834733,0.2792874189719392,0.4513773638046212,0.25516563123239344,0.38003580198745235,0.3264563538126103,0.45631180128024906,0.5843542617820977,0.3425212400134315,0.4147038164612395,0.2995336268036244,0.007607988327372049,0.12770822456554806
0.18709339782424636,0.3811870780184673,0.4202596694157893,0.39447445265244524,0.45016487851230785,0.47272420515187596,0.35212957976495746,0.47550361193009444,0.4327880414388032,0.38630540254535334,0.509031123193359,0.4042324432869693,0.4061436935032189,0.36266804084030513,0.3793471861857195,0.31167710462576637,0.49248382139672464,0.4561602631601177,0.0935655804379946,0.4939688267116985,0.333662055910475,0.39285392313144696,0.18210399718462575,0.2804282967797047,0.2479859360248607,1.5569160811434304,0.5155329132109601,0.3223085792459821,0.40731678705534496,-0.15980656100871235,0.2544516061328278,0.38282217152021814,0.33337463248256205,0.280074718345049,0.2793660241484157,0.45426997646303174,-0.170568571582974,0.3168606992462058,-0.4390712283120564,0.33033268482933786,0.18401801703165904,0.3714131156508971,0.6458089222910007,0.08153024970216435,0.7285119627761515,0.2621188668559636,0.17628448085346274,-0.12011372839384836,-0.12923145743855283
0.19436433062936032,0.7929187201047094,0.3067683666286691,0.41524161192636033,0.3957890689908424,0.5904860078115309,0.39697425745582804,0.503167098022759,0.4247030883096565,0.5927735765906162,0.6877620501525078,0.5645542284705204,0.5073184068472745,0.3432485265792934,0.42389598866500483,0.45073058681537004,0.5567523660248558,0.058229841396517844,0.41630573168769314,0.7786689220153582,0.38808819756176444,0.4350361479307096,0.24267149263567783,0.520574398248607,0.38271708061714177,0.5155329132109601,2.4506928844964335,0.5330389820533874,0.5553551502514293,0.2478837668896283,0.5293853151511797,0.38713627654363636,0.2580809990294387,0.4852697537590802,0.8051655028375392,0.3368785057258334,0.37426960935391024,0.4367188417603968,0.49041325813634407,0.4256853022599799,0.36919806750185113,0.43993317260571685,0.3919398724478952,0.6753084857459123,0.6467968355114315,0.39794299376247255,0.2545672917433296,0.039904918623244,-0.03981188265284832
0.0991772670499644,0.37274976296364626,0.5144354560801483,0.26464810313740167,0.2687826546022291,0.303477723564973,0.18942324882856243,0.2757629834313084,0.33653042016919715,0.3267301722236972,0.3191686331247498,0.20806919501926863,0.3258967097126147,0.2693047167567929,0.3403113828610647,0.3007547781928222,0.41962217591286993,0.20427918793011268,0.4511108456279948,0.42159055393175837,0.43741221878824876,0.31104543052078126,-0.13502551262231127,0.23666187231307795,0.28863917315798066,0.3223085792459821,0.5330389820533874,1.6104849477842909,-0.1267986323149789,0.10408184187641842,0.42115391668415886,0.26829972577440164,0.7927380196923625,0.23330000923956595,1.4380919173735056,0.44693849907258354,0.5375535412429147,0.31072052319644855,0.3174076724815708,0.24126436662058087,0.47142278049677,0.5442832463639729,0.5490412496024067,1.0607215194168123,0.6404533976205976,0.29290085555075124,0.15272525859047262,0.13782104771448497,-0.6064076711481255
0.24115759459833522,0.604930456681892,0.4463824976050104,0.4817573438841275,0.4994836432556303,0.6651230366504343,0.40572845162734567,0.5977547455193051,0.4355864108746117,0.6182751420797271,0.6223847445352487,0.5803245811555957,0.6228249753120768,0.5378836076816301,0.4615576400308835,0.5753511597643397,0.5776101905632441,0.5443249296260073,0.5560397228273564,0.4529540386690399,0.37766113005458923,0.4975604426524783,0.4907204961797905,0.43399734587583166,0.6434827441996425,0.40731678705534496,0.5553551502514293,-0.1267986323149789,2.484063071533641,0.06484774559859328,0.3129813231918549,0.5687339895946586,-0.3832449232144307,1.0593007273905917,0.29365775142820927,0.43673956754995524,-0.0449725034647834,0.20029315354602895,0.584006308131217,0.3789855822561531,0.06526728238750094,0.29147900563120677,0.2843079001043588,0.185578912021305,0.4453101247846342,0.4472508813557719,0.40527894479078697,-0.3111339102387874,0.2228462785496911
0.07560959343302169,0.15742503910064706,-0.6822330583046602,0.05492140547214379,-0.005901466569743383,0.06498021050703444,0.06378046626560442,0.026478011922602677,0.03304671811506539,0.18632669963892962,0.11980689760412754,0.06462791987078616,0.10651039822049349,0.10485320358837204,0.15916497262608412,0.08894969599169707,-0.017754687277970374,0.07310168666850038,-0.030376617839577853,0.1448591561709175,0.09073761506384904,0.14641298216021498,0.23307352277813798,0.14919346620863858,0.15698271656105264,-0.15980656100871235,0.2478837668896283,0.10408184187641842,0.06484774559859328,2.75493566169529,0.26799689443692465,0.08741322767609623,0.12978552877879002,-0.09035212602710742,-0.00852515834517674,0.31400261574169996,0.4636021410911892,0.18111696295068408,0.7734384402921534,0.06515200435761591,0.5537626829315774,0.035386540123708114,0.6408062877419967,0.3864428719023446,0.2252801633771444,0.5356116984685217,1.2362280883718835,0.16153551577991054,1.2681083328405087
0.15811822372316364,0.3541502324619229,0.3358736775918566,0.35122906026738426,0.3923600898387124,0.45047594902174665,0.27905906043851075,0.38714006136144075,0.36377413257623925,0.4206407467613548,0.4426150849313557,0.3681818434658716,0.36824903847883395,0.3521876389056387,0.37621333525400474,0.3666198442049887,0.4209292536978224,0.34241546616370805,0.4656588676916796,0.4748505945203248,0.4159374195165773,0.3368715253416875,0.12596336899241825,0.37249511042697947,0.3206390752631142,0.2544516061328278,0.5293853151511797,0.42115391668415886,0.3129813231918549,0.26799689443692465,1.0400587338110918,0.3458451639993993,0.26421808611410563,0.43592406712438736,0.5117476155905041,0.5494245445843404,0.4710040229617574,0.41501609769656883,0.506246747640834,0.3283209385014525,0.5746955585621223,0.40982347919302115,0.31750056689602263,0.3804946078915455,0.5456315457773764,0.44192513385697635,0.3404411179821712,0.024258185778334537,-0.07947286801890224
0.20158073897807194,0.2503604072633875,0.33284103909314544,0.4280477612459216,0.4414558199949169,0.5507314474498883,0.31748830569017206,0.4667047938915558,0.3964249671537174,0.43138966724398925,0.43849303478570795,0.45920694889362207,0.46659969802878754,0.5435587071402839,0.3845406602475654,0.49439460521100836,0.417183537593708,0.3349587732634434,0.4360442865201994,0.3854593537552304,0.3695475535569879,0.47173304958661555,0.26715410328286493,0.34390562179362977,0.3696392174387976,0.38282217152021814,0.38713627654363636,0.26829972577440164,0.5687339895946586,0.08741322767609623,0.3458451639993993,0.7990377980689759,0.18126396325146935,0.6154350478073086,0.3913541577903099,0.3521003375331367,0.20212766016593833,0.3143328515291068,0.4118790861774337,0.27864899653134273,0.42052896235747567,0.3419663578209246,0.47221429932786047,0.39932103762845733,0.37630539851835487,0.30399815248811823,0.31374421225635396,0.017056106159811107,0.42374207167172373
0.10353342437430912,0.2100927033918448,0.3168567732143017,0.17325115943959682,0.171250058541587,0.2558894736766958,0.16462663942077715,0.1828035630032302,0.28813223388687165,0.1673545579528431,0.1978466410219674,0.18672296411138933,0.1906591173759513,0.1822254898066183,0.2342403520741699,0.13569705598848755,0.30741235521916493,0.17160435246953754,0.47678112715901255,0.39990022403274117,0.394059508595099,0.25587969669321636,0.07065850595573692,0.17059224757314265,0.22517899128230034,0.33337463248256205,0.2580809990294387,0.7927380196923625,-0.3832449232144307,0.12978552877879002,0.26421808611410563,0.18126396325146935,2.333154367927933,-0.1473045614320407,-0.2988780502728713,0.2782030714015447,0.639433290512197,0.31752382958850073,0.00032119899044631017,0.10115679341539822,0.43008250366381906,0.38869644062617864,0.418754541449829,0.4808027064470452,0.4432685897911888,0.27083438524677456,0.1416025612115093,0.32361374639197704,0.4075758859257935
0.16615161030696504,0.32704765327237956,0.5380925931984479,0.557832881338679,0.6506248085262685,0.5720929021694955,0.4082176724734327,0.5518520541532856,0.45854038614299336,0.6255791502467278,0.49570734509345293,0.5120064008965746,0.5616868119544958,0.5117421353310453,0.4349409468375722,0.5495382453399041,0.49477283477670303,0.47880033470528177,0.5291458701435912,0.4269774061608678,0.3902662939924616,0.5013085417422756,0.47828239053496724,0.46941521098510586,0.4987038976308489,0.280074718345049,0.4852697537590802,0.23330000923956595,1.0593007273905917,-0.09035212602710742,0.43592406712438736,0.6154350478073086,-0.1473045614320407,2.383842884600492,0.7132897967773778,0.23956807405119418,0.7521192600689267,0.2655497618457037,0.6175614673344908,0.1744916556472454,0.10856248413576,0.461943867482531,0.4128557000693573,0.8312070652204769,0.260299928837711,0.10046591937061851,0.3388781542656968,-0.018579645453648624,0.17888064656682964
0.12338712279201165,0.4848478250214993,0.7205047138403907,0.37518275893402553,0.42109368636105743,0.33257416976358817,0.2510496086179678,0.4050127764678465,0.41237241298348243,0.4954779801021487,0.45379949505366485,0.27765220027116894,0.5266440266420811,0.38007229051625857,0.43484035657962583,0.5103454555262592,0.5261388637750547,0.2570446232329568,0.35991932175103086,0.3949712474172178,0.5474665221648726,0.43232937590685133,-0.07695977123147184,0.31966903891085835,0.4058245364899704,0.2793660241484157,0.8051655028375392,1.4380919173735056,0.29365775142820927,-0.00852515834517674,0.5117476155905041,0.3913541577903099,-0.2988780502728713,0.7132897967773778,4.02368042215422,0.3216651908996378,0.3751132939081416,0.26461857980511994,0.6846447524290066,0.4797910392831883,0.5082312649744013,0.784120691852796,0.6162696281001953,1.313835982018359,0.9683909041613856,0.3990035899073858,0.2036506587777474,-0.06535821879176378,-1.3327264708809667
0.14633186093268133,0.18446965028342516,0.27442089708119594,0.22864223278728674,0.25341917292015537,0.3387386470620494,0.22982291790200968,0.2751259750801334,0.2794254467325981,0.31810069705361943,0.3479095740175904,0.2927559078099246,0.298747562350705,0.28544740420817855,0.30530613337081547,0.28436118485557615,0.26936095193765375,0.3394530300300817,0.4166094133527513,0.15902422869134142,0.4442369043810931,0.29450984024225135,0.40637586035477696,0.33216322429393624,0.29932943969836573,0.45426997646303174,0.3368785057258334,0.44693849907258354,0.43673956754995524,0.31400261574169996,0.5494245445843404,0.3521003375331367,0.2782030714015447,0.23956807405119418,0.3216651908996378,2.4245679190213067,-0.1868067314811214,0.16233517044665804,0.1529854852416688,0.5956236198402508,0.36437907838307015,0.5019815713811561,-0.08824269146812326,-0.47189360795272833,0.6616285289903099,0.7164342385675917,0.2251573015261517,-0.5381605524978337,-1.2274580164053617
0.13768152628067368,0.6098168518311724,0.5045936776078294,0.3440962864157494,0.43648797563427055,0.4066360476482981,0.2283236415382993,0.3767216361195254,0.365679886672841,0.40690506130983545,0.32217351342972556,0.2294180195191203,0.3161557115630458,0.3111717774458346,0.3880896858559306,0.32771330629060164,0.4777921220909901,0.3327294418095496,0.5233576989080307,0.7904286878162571,0.3794911157972708,0.31540427161939255,0.10146412941541556,0.255845329040529,0.3631461036834733,-0.170568571582974,0.37426960935391024,0.5375535412429147,-0.0449725034647834,0.4636021410911892,0.4710040229617574,0.20212766016593833,0.639433290512197,0.7521192600689267,0.3751132939081416,-0.1868067314811214,2.6682337001572227,0.5234179573476477,0.7063290368966073,-0.1691792773273092,0.6788807289578909,0.5124472602777859,0.38761429995867197,0.8355597436887886,0.34472952188400535,0.33170157835983205,0.46908494517325666,0.4570824844615734,0.4925345493712486
0.1344415347981665,0.2532264956709638,0.3784725635091737,0.2855730870303041,0.2790251509363465,0.4335600758437468,0.21142304347914706,0.3401838121397393,0.29135442578720483,0.2928638198771297,0.3513885378930782,0.31040518588221505,0.2913795773747435,0.3138365655775959,0.2995566183499038,0.3171774282238295,0.4018936398250465,0.1919873458772784,0.3470250534273191,0.7037640509357467,0.32637398758019087,0.31102027855469694,0.1487004359773423,0.2554477598739988,0.2792874189719392,0.3168606992462058,0.4367188417603968,0.31072052319644855,0.20029315354602895,0.18111696295068408,0.41501609769656883,0.3143328515291068,0.31752382958850073,0.2655497618457037,0.26461857980511994,0.16233517044665804,0.5234179573476477,1.0278850222403522,0.27849933111798,0.3256527639937641,0.36586967033450113,0.36023414827329203,0.58310272937985,0.4369324126169689,0.4917517963993946,0.3121080847737263,0.24741470921887238,0.17235956569339125,0.23372068548161393
0.18327860855767422,0.28882108234885334,0.1284649970155086,0.4267774931254985,0.41947035907723,0.5403384173726743,0.3529014874487556,0.49062981686295754,0.39896311620005614,0.5151962255983172,0.5295300245422103,0.48319011864625694,0.4628647845366202,0.4158622166912982,0.34326511833587575,0.4783776801574411,0.4724357413261212,0.28816879761985986,0.5591592101637989,0.3960524122449871,0.42270357875146797,0.44742388649654685,0.35907572813819716,0.3650870561217063,0.4513773638046212,-0.4390712283120564,0.49041325813634407,0.3174076724815708,0.584006308131217,0.7734384402921534,0.506246747640834,0.4118790861774337,0.00032119899044631017,0.6175614673344908,0.6846447524290066,0.1529854852416688,0.7063290368966073,0.27849933111798,1.860673680342905,0.41423573394974494,0.48703237517073616,0.2883163330091673,0.28549706817095555,0.9039945306540185,0.45304752937662396,0.3535649780747591,0.645691981721488,0.18802990913614703,1.0149433388877405
0.13528994951644538,0.18404560853353027,-0.4224126730941847,0.2591767804903464,0.23788452250435452,0.4101950748118309,0.2472540641054916,0.27324562041488476,0.13214888179816175,0.26579973237844373,0.43503270335436023,0.37923310868993726,0.2588415710927728,0.2712616178954733,0.23822653736769125,0.35752934832257977,0.3418266147610977,0.1884466435171041,0.2631987637164988,0.3861507950515617,0.4320377987235303,0.23733901949220726,0.15095171992551304,0.2096446161942843,0.25516563123239344,0.33033268482933786,0.4256853022599799,0.24126436662058087,0.3789855822561531,0.06515200435761591,0.3283209385014525,0.27864899653134273,0.10115679341539822,0.1744916556472454,0.4797910392831883,0.5956236198402508,-0.1691792773273092,0.3256527639937641,0.41423573394974494,1.8838702980989022,0.09678128433518068,0.44049556066445317,-0.02082291444046982,-0.15635436340376643,1.3012148122270806,0.5289120289089179,0.28158290409356734,-0.06965009504196353,0.2704342725612753
0.16887053088402146,0.26579550114357986,0.34582223308099647,0.3136624067680326,0.30900884232581183,0.47334636001662933,0.20296079224436264,0.4033931621234053,0.3433507409680742,0.4149533121735019,0.35644042751158156,0.26113916096656414,0.4051574059357195,0.42533808859460315,0.3777846196190173,0.40242068431398254,0.4072310263667895,0.3545952566128264,0.5340295945164846,0.5273543548014774,0.5363228129315714,0.37654540875430864,0.22210549435856342,0.2620873156172798,0.38003580198745235,0.18401801703165904,0.36919806750185113,0.47142278049677,0.06526728238750094,0.5537626829315774,0.5746955585621223,0.42052896235747567,0.43008250366381906,0.10856248413576,0.5082312649744013,0.36437907838307015,0.6788807289578909,0.36586967033450113,0.48703237517073616,0.09678128433518068,3.756906161923064,0.435889338233291,1.0211756411362436,0.47468214455775626,0.32335444154212384,0.5812645040540154,0.5872252573271364,0.7626023242083683,1.091871378354046
0.14873491167593914,0.3459026175608548,0.3690372631935655,0.3264662036087902,0.35507562418967376,0.4154723810872313,0.26558614282009785,0.3495202570885389,0.33284028864383985,0.3534810357301839,0.3896454718652901,0.32612052640593814,0.34863842777118587,0.33627158548431746,0.35327609475386956,0.37124022692908937,0.4102039177516023,0.2955909141446261,0.40623045630197663,0.44149386090490805,0.5240234390867862,0.35598191373417326,0.18078765914915138,0.28991465691024465,0.3264563538126103,0.3714131156508971,0.43993317260571685,0.5442832463639729,0.29147900563120677,0.035386540123708114,0.40982347919302115,0.3419663578209246,0.38869644062617864,0.461943867482531,0.784120691852796,0.5019815713811561,0.5124472602777859,0.36023414827329203,0.2883163330091673,0.44049556066445317,0.435889338233291,0.7460301195810584,0.47745138683240096,0.4042462427505261,0.7522578524391894,0.3509505285026986,0.24047302741078114,0.05340020119594444,-0.24103119268148016
