0.6210597621139459,0.18534182268236918,0.24648382892125592,0.039910500361800015,0.22785333861923987,0.08918889346649414,0.17671188562300003,0.07391406704124444,0.11734199166015614,0.12261417802361804,0.09929763082317343,0.12422311854879171,0.11466708578449221,0.12649511976307584,0.10592245753802625,0.11390201857407622,0.07629448972014209,0.12322232230832456,0.12798132119238376,0.07100395392114958,0.12902507245507014,0.1560858115530907,0.08785311524099405,0.0989188146356682,0.12250654700390032,0.06802517846986054,0.1490836104970391,0.05175009639640365,0.1302965184603631,0.08733583596201507,0.12666360173112512,0.09517675634062718,0.11042919775908856,-0.006573106726876027,0.06320846996165382,0.15217444017767517,0.08228694750316515,0.1858408182148094,0.11403240608659178,0.0372292296975937,0.12103515625434279,0.1214383810692852,0.17888108838775302,0.0850887453008111,0.0973613312048776,0.2009084173273466,0.12867983162331154,-0.16080034930922762,0.12934020695666776,-0.0034221323578469253,0.008655687699092321,-0.14284526896462196,0.1248002421795332,0.019695288542490856,0.057268192295681246,0.013848144019397442,-0.08691453952655209,-0.04840155236027045,0.03517898114560081
0.18534182268236918,4.018061775381852,0.13376509776442425,-0.3631049994480643,0.05672763672567874,0.20801756845905164,-0.004220467604065553,0.10765283789165327,0.03709914178324648,0.1781807146617266,-0.014600305863668383,0.05427709457538951,0.08060186270371075,0.06381516566279673,0.04689240417251131,0.03060348360042897,0.03229022357335172,0.2632905399477884,0.21778826736642684,0.24266609522190663,0.3529484462813399,0.007512401435293096,-0.2443998189831081,-0.11388847704698755,0.03007166322955675,0.31527201849277847,0.3740127489348915,0.19684851236299838,0.13099113088706602,0.3671045998080279,0.2672135632422373,0.1603708267169204,0.07656793000543034,-0.04420260920148683,0.12684325666425483,0.1960219051410439,0.14095031233617308,0.5074955905618269,-0.07956910541327919,0.3544274427724296,0.44302101398912824,0.33585401631651585,0.6176080196872681,0.06201996814243345,0.40824125148589613,0.4161775084252504,0.35010934630134427,-0.5031275154812769,0.5179018424988737,-1.1542234525347563,1.604587571684264,-0.3225330179378989,-0.3511728188980299,0.26084956678736393,-0.8656276415437664,0.0356529478017231,0.03462615237263795,0.7849033000355063,0.07241983268027406
0.24648382892125592,0.13376509776442425,2.1917951627590546,0.32584446078365076,0.03847082548100902,0.23134313400979445,0.17853480929958462,0.6070910582972895,0.4710989363244163,0.30095901649307943,0.39618841289952633,0.3248728125454176,0.3372768173579441,0.2316991832555933,0.3379733259950653,0.192858182826957,0.34135197777408094,0.36397370071325036,0.25363619424700967,0.23594514043325202,0.32638205421717004,0.3065631971245736,0.19856342473801702,0.19676164035911642,0.2995502066874311,0.25243571455296,0.4409253583964685,0.3724841497491671,0.31980757961366413,-0.3066778758736214,0.3082352907990489,0.27227628674605586,0.33313519470606956,0.317031653599329,0.27561320350537366,0.5300576644876515,0.2657138430706624,0.2588378909328921,0.3625294998295577,-0.36201562098513135,0.2709427925478444,0.3325618619672937,0.32174319759351394,0.10790176779233489,0.03984924322947485,0.6041360694667447,0.13307100262640345,-0.46536124860563644,0.08613277252683257,0.0492996810843054,0.0005818769248176419,0.2464820901188419,-0.16496943021694388,-0.0742900278290134,-0.06851414932650757,-0.06910110619953169,-0.12948330276422215,0.06895992193539528,0.07921578304032482
0.039910500361800015,-0.3631049994480643,0.32584446078365076,1.7000704368858792,0.1788573402658339,0.2923758241464419,0.4366832346166808,0.4196685242427949,0.23623513715085673,0.2951676386371344,0.3766280744763785,0.3914258999734516,0.36103734848221286,0.3934717246851955,0.30165583395654744,0.350779613324581,0.36684358662240557,0.34546815349011556,0.2024366844713995,0.24480404907468392,0.3029900148127133,0.36628899627563355,0.3262307451148789,0.27227947388797585,0.35204106425115306,0.3191790652295168,0.34534042590117237,0.2084291726422994,0.27288253617185976,0.24261439913470706,0.2746942822983657,0.27247653798827287,0.20945464239679057,0.4902344807072693,0.01290243396116204,0.30255621080376066,0.36935914656572766,0.3710618573978465,0.3671498607626306,0.02208771164079725,0.4397598629655102,0.2996668844764889,0.330988316822251,0.5483631733733225,-0.11735049158099985,0.28101715462720644,0.3278287491600817,-0.1411227736144235,0.6306244641733574,0.27207231720012787,-0.28292500464709275,0.42667776587216055,-0.3031270897526933,-0.11085772230099265,-0.17495026229056715,0.047678414329079814,-0.2677888495008967,0.18351902146015966,0.15250863174275864
0.22785333861923987,0.05672763672567874,0.03847082548100902,0.1788573402658339,1.2820930696654793,0.30737905608285343,0.13219491684976353,0.2109768880717177,0.23786699041040907,0.17504922704090908,0.17286538988633343,0.1921065687115892,0.2224414812976466,0.23302494312995756,0.18347634096287616,0.29820749883802977,0.19806182222506877,0.2452838885123842,0.47566595228504954,0.23809314175749818,0.21302920483127236,0.3036518546981813,0.24401835205307812,0.20759547949406756,0.20615279284061092,0.2618068567947164,0.3115131996850326,-0.05663534204525361,0.1795402164589205,0.3162413847568137,0.23695739763833734,0.1812455425112588,0.10352706970610928,0.3598170347780796,0.06121337269828511,0.213978807238745,0.32851397889731687,0.3398527598927315,0.22890744100274388,0.07578909397505437,0.24571882554258628,0.2085897743309957,0.3439335415346635,0.2226549459194763,0.07490967632100905,0.22752000044042464,0.30831536939572074,-0.15388072645516904,0.4285908132489156,0.18692735354073223,-0.06443560162510048,-0.6596460067930423,0.5000632583374247,0.05023100160227789,-0.08654705916229148,0.10909785513218707,-0.27004955554821597,0.0854525575596724,0.10706310863249657
0.08918889346649414,0.20801756845905164,0.23134313400979445,0.2923758241464419,0.30737905608285343,0.9513990560181474,0.11289953002230622,0.2993140248729684,0.16111657202074176,0.2124393662519337,0.2546784808123605,0.2309262806132913,0.2865836614060344,0.24447089642223666,0.22011894924783393,0.28685224845408014,0.3647553820113132,0.2634434219787747,0.4631480196819164,0.37620688855201156,0.29329375251350726,0.46453449778735084,0.26554934642637834,0.23016185901564573,0.2842600579517271,0.23755956544007356,0.34775774536795256,0.12676947425429194,0.5469777752751398,0.19506288308857656,0.21882247243435834,0.2328087574799263,-0.0017408652927795804,0.4035940869424966,0.15064696875897202,0.14250420241904196,0.4158936406938647,0.35214281050932056,0.3572373510940427,0.06468896573672596,0.11473068468186673,0.28889884856618814,0.4616679176067914,0.3622003884871372,0.30940751654864607,0.1368726442349252,0.2893327785614158,0.0025584687205876017,0.3297964772555366,0.4316636740776683,-0.5136169012485791,0.17865329419607498,-0.15528861748061254,0.012447119548069294,-0.22306824203051828,0.022706690399269126,-0.2721690051617822,0.22326335467518818,0.1699559394732629
0.17671188562300003,-0.004220467604065553,0.17853480929958462,0.4366832346166808,0.13219491684976353,0.11289953002230622,0.7554767505964665,0.09658344667569473,0.32171923082185144,0.24028867473424553,0.2431543684022518,0.29123902047317074,0.2633689068335512,0.13587658597705818,0.1814664171635683,0.18798770489256378,0.22869648012797922,0.2657629253445655,0.15872874930920994,0.14947486606617275,0.23901853498110348,0.3062855483530014,0.24101014474260452,0.2467364362977978,0.2259537702974649,0.2739189922567019,0.2218881606766594,0.13019546337722943,0.1561017837548133,0.17035336532774314,0.2505549940938691,0.2156280079055988,0.1955599915602048,0.3280702991106981,-0.008773212740970458,0.2724866179296414,0.1591744487700455,0.23414028298623246,0.22474251295679754,0.06243299152143184,0.2952487191789424,0.2368021116019169,0.2343323567478644,0.21987882013790302,-0.11155625167382052,0.2975497820770845,0.2575894643846973,-0.14296600222053016,0.4292571397632889,-0.018029229282518995,-0.026509276445148226,0.23595580581869172,-0.09808259280472072,-0.09345571715518178,0.031872366627447885,0.1399834148265734,-0.1857096616560145,-0.07593816791402228,0.07583145605107804
0.07391406704124444,0.10765283789165327,0.6070910582972895,0.4196685242427949,0.2109768880717177,0.2993140248729684,0.09658344667569473,1.2884497825569368,0.06515065863626071,0.24425815035369908,0.4410821223557152,0.2902063630057074,0.4256228654657305,0.3052382813265305,0.24567334548296138,0.2821551634614582,0.4612017412275538,0.3404259120969405,0.2405039419595609,0.37222943835155486,0.28479883547587964,0.2736184486399597,0.23301117030658697,0.1282148461508003,0.3408158872817442,0.2716276015555406,0.4560900791001619,0.43990651384103696,0.3633004375539972,0.12507748802992927,0.207196369330073,0.2390477483756765,0.3218460443195287,0.4135190917811104,0.42989282133394424,0.22116442922239204,0.48704795090784486,0.16453933399492685,0.5826094440449558,-0.04098372037779086,0.31405437172004175,0.29284317824779627,0.4025292194640239,0.16072580797849537,-0.02485625266512381,0.3517748738627659,0.2989853267510957,-0.12265266798216835,0.5774101767946669,0.2941627013688887,-0.2543850545474158,0.3370646013371462,-0.15481832674272208,-0.14192020058397406,-0.270069460835995,-0.17430687313334078,-0.17122250511585604,0.3521308402513233,0.18139891098492938
0.11734199166015614,0.03709914178324648,0.4710989363244163,0.23623513715085673,0.23786699041040907,0.16111657202074176,0.32171923082185144,0.06515065863626071,0.8053303817472888,0.21216053688240186,0.19011069026788843,0.17993217060265043,0.2455086066996329,0.24863811976569167,0.21803495766769107,0.1825387851256265,0.20669665757345843,0.26903643533737603,0.14323129880741034,0.0778462205098568,0.2773680817487636,0.2576061978264261,0.22737211151954095,0.30709245448613903,0.22557481677344768,0.4187332999546481,0.3468897976284303,0.17044037831554376,0.014582842068342644,0.2346785877036928,0.32114715184182163,0.20411839046071675,0.30690402392503835,0.12710558765987268,0.07447553467298866,0.3373752607834705,0.11490646220200272,0.27710114210136266,0.1991005273943656,0.02686704485216665,0.27410395235890345,0.2739926913926751,0.33359107376186786,0.1335576515752095,-0.04225622366892526,0.4450976352782036,0.29502664503033843,-0.27757779491536577,0.6611786856214475,-0.0004938305999692768,-0.04421815661987005,-0.0011621587300766941,0.1289562194819035,-0.10417548231530466,0.04705889539570223,0.2818311909948799,-0.28166567298672723,-0.0848848715055332,0.039513451288610425
0.12261417802361804,0.1781807146617266,0.30095901649307943,0.2951676386371344,0.17504922704090908,0.2124393662519337,0.24028867473424553,0.24425815035369908,0.21216053688240186,0.5484248741805645,0.2292619116616394,0.24428259392075996,0.26019376602456673,0.17167637157256044,0.23701503792622222,0.18511327830129504,0.25487451817194706,0.26757473688481154,0.1910226292770478,0.13883583661335713,0.18409366244783704,0.2710092939257631,0.2960287697888829,0.24255508916516866,0.24528731448606414,0.2253255939894144,0.2075016746020206,0.13938283179600755,0.25782198728991584,0.19802202745676015,0.22133255886824443,0.18054551483136386,0.07970320141010263,0.4174386337265025,0.18199822416280667,0.3148482066677221,0.19147140867217102,0.1726349306374551,0.2362238261298119,0.0020256511632237846,0.3238217849549369,0.18705735938376905,0.14891178971107252,0.16889976963530653,-0.1612161934940666,0.32491499852347894,0.26600719053731575,-0.23173442429348468,0.3458561521319476,-0.013396866646761641,0.06286977563901625,-0.056657146916343604,-0.009555017884009536,-0.0005176276474794958,-0.04965138033094738,0.10324811902472177,-0.1468732989147245,-0.0283605338264682,0.08759429214580529
0.09929763082317343,-0.014600305863668383,0.39618841289952633,0.3766280744763785,0.17286538988633343,0.2546784808123605,0.2431543684022518,0.4410821223557152,0.19011069026788843,0.2292619116616394,0.5155853962330661,0.3499695623309667,0.3195305996322206,0.22214008025624019,0.31261124927190315,0.24381585534589748,0.3359072409504202,0.2609923546788861,0.17407572489342837,0.3079644784038553,0.2629463939638221,0.2254904302630218,0.2119678170026729,0.22085268414484657,0.28437342271921723,0.23196112560674467,0.345604022179476,0.2870614078900447,0.28614143898655375,0.18573851453854884,0.25651156527359686,0.20654779425669553,0.26422212334506356,0.3044658161682173,0.3030180042923867,0.2594964624811268,0.33726388740915414,0.20415226836354905,0.3992576958338003,0.0031089868639027087,0.25047359024682136,0.2649116948351811,0.3210951218463619,0.12807037970958282,0.0031039207773265044,0.33439876019509,0.2783296236121961,-0.12682026175579164,0.4770299052604247,0.1848798719113028,-0.23108698165948308,0.12344817862498181,0.03561027998964021,-0.08811184283158367,-0.09738797653726597,0.013991742848866992,-0.21351283368533747,0.1055024334278451,0.1301884024692593
0.12422311854879171,0.05427709457538951,0.3248728125454176,0.3914258999734516,0.1921065687115892,0.2309262806132913,0.29123902047317074,0.2902063630057074,0.17993217060265043,0.24428259392075996,0.3499695623309667,0.6624702080114925,0.28187539621916097,0.23361352993493895,0.2448956676610681,0.277018253774425,0.25452590753146676,0.15650992576907363,0.17446688084097012,0.23897486870405918,0.20900258040481814,0.19645663509666256,0.15447663985717758,0.19134435187108403,0.2799317851411601,0.27772711444808146,0.2854749870602474,0.12983768373592106,0.16006106868819908,0.15313977232333797,0.19126188558499044,0.25565234767820205,0.2041389686084195,0.2821676896624181,0.12677940195185503,0.23154890454682314,0.19017453803574152,0.22905816526531908,0.26279059260084175,0.007003060471707627,0.1609021572568471,0.2091627861826834,0.25959326442740394,0.17005321617100966,0.012912524443536704,0.2508373142823192,0.20242142005324895,-0.06884475840891269,0.346150518310673,0.024354111311589103,-0.17330351412581488,0.0919847436016368,0.1515810353383597,-0.07595309285241034,-0.08643954904166386,0.03549168713550125,-0.20274420093326573,0.10045271453110488,0.04518085283080878
0.11466708578449221,0.08060186270371075,0.3372768173579441,0.36103734848221286,0.2224414812976466,0.2865836614060344,0.2633689068335512,0.4256228654657305,0.2455086066996329,0.26019376602456673,0.3195305996322206,0.28187539621916097,0.5680287397223774,0.24241835910547493,0.20317987104613555,0.25739316829012676,0.3285303092501596,0.2957140679961051,0.24700156359171016,0.1930505597555263,0.2813176294109155,0.386778329172842,0.24604235753952722,0.22973887525483855,0.27028384354047874,0.2324446018163603,0.3372491715321671,0.3292874934859575,0.31402686108668243,0.19464079376739865,0.24844435718485508,0.26427252419428815,0.3010318156625408,0.3270093347504217,0.2567657212658796,0.2513849823446214,0.291707681784761,0.20851545785622663,0.4099020925398958,0.02986411636731715,0.2753453269039567,0.2823762501139392,0.36493620901535107,0.2113725122064158,-0.05653419896035097,0.36115371343503094,0.3042790526160418,-0.17191520679682745,0.5148271444251308,0.19398830437023354,-0.12827127311404837,0.19262266019812171,-0.15210870357646564,-0.0918617486267232,-0.08576078458112268,0.002459798674081111,-0.2021550400266463,0.05865824441471338,0.2058124967890397
0.12649511976307584,0.06381516566279673,0.2316991832555933,0.3934717246851955,0.23302494312995756,0.24447089642223666,0.13587658597705818,0.3052382813265305,0.24863811976569167,0.17167637157256044,0.22214008025624019,0.23361352993493895,0.24241835910547493,0.6157055010693736,0.26568154715188463,0.34041995516696766,0.2415261111866964,0.1612041071900485,0.18462244364733202,0.23627011800022796,0.23172118706967929,0.1934494698099491,0.16191805575713364,0.1941946507489217,0.241864610179193,0.2641417305153425,0.32907982633827976,0.1774607648770054,0.21118205545769814,0.286034040623584,0.1991803619626707,0.16107395765910862,0.14090243300061064,0.2020510393712972,0.21264676201975083,0.2725914008802053,0.23677535628118468,0.2521426494805995,0.21092692575534897,0.06037698877482193,0.33144483535687974,0.23006035296729838,0.32968574284246843,0.18917822793415673,0.006360273798844238,0.3058491084963435,0.25130054165189747,-0.22461208767035587,0.5793018490493999,0.03097918307571056,-0.02656742502612793,-0.02910143445244603,0.0196251264763521,-0.005670913621669257,-0.2151113161191966,0.04202653643307406,-0.32603773005077386,0.24128398728964298,0.2039757697991296
0.10592245753802625,0.04689240417251131,0.3379733259950653,0.30165583395654744,0.18347634096287616,0.22011894924783393,0.1814664171635683,0.24567334548296138,0.21803495766769107,0.23701503792622222,0.31261124927190315,0.2448956676610681,0.20317987104613555,0.26568154715188463,0.7666178257631817,0.20634275535805272,0.28913879422191147,0.2819319509854608,0.14467099498149094,0.3130440001753681,0.26886100748101327,0.08038182952109608,0.1987966640710782,0.24229391143784718,0.309369833157377,0.17864967088000983,0.3599589767287316,0.25908997386826643,0.314560212461294,0.23937188588624206,0.2831887464705724,0.09515224772501134,0.22334817144427085,0.2969589364763216,0.24889568179495983,0.3277571660601427,0.4104915333740787,0.12986138143575124,0.345117565897212,-0.028246279502354827,0.2934644576586112,0.26938843581455546,0.2667270932981079,0.062053470776167755,-0.012546052926841357,0.3360188805718757,0.2874433168517413,-0.17017922457357093,0.49674935389954084,0.3370802885022934,-0.17560295376980822,-0.028918405621432962,-0.04338708041166781,-0.05296245852876908,-0.0991303948135017,0.15574411102618416,-0.37675023653449413,0.10545326690460445,0.184162169322938
0.11390201857407622,0.03060348360042897,0.192858182826957,0.350779613324581,0.29820749883802977,0.28685224845408014,0.18798770489256378,0.2821551634614582,0.1825387851256265,0.18511327830129504,0.24381585534589748,0.277018253774425,0.25739316829012676,0.34041995516696766,0.20634275535805272,0.6728889009242137,0.3031969152677664,0.1839943545811268,0.24014042638790692,0.2187602314756312,0.23192841719938834,0.28401137814046956,0.16849954078307863,0.20063285576395873,0.27057453980457286,0.19867695307129046,0.39766860630617756,0.2418772377461711,0.27331776600181884,0.2636891140548385,0.19374283943375062,0.22043042402416468,0.19719429465500302,0.26828025073268674,0.3248534545807231,0.25411975309562324,0.29191738728462613,0.20808287987228918,0.2972779385477158,0.07982898430235706,0.281964561697525,0.22913409977893331,0.39095590351389714,0.17382864631907066,0.044805050509936994,0.26322659386876784,0.25857535916475993,-0.14488464218216626,0.4812098747798001,0.0493506893285082,-0.2242257852456611,0.08388784516164623,0.10053357449593699,-0.014045253263500326,-0.13582502794103896,0.015199850152884319,-0.29115286457988626,0.14798077035304835,0.21196806161512002
0.07629448972014209,0.03229022357335172,0.34135197777408094,0.36684358662240557,0.19806182222506877,0.3647553820113132,0.22869648012797922,0.4612017412275538,0.20669665757345843,0.25487451817194706,0.3359072409504202,0.25452590753146676,0.3285303092501596,0.2415261111866964,0.28913879422191147,0.3031969152677664,0.7942650916940752,0.3600250610249889,0.33690393376672456,0.3525945202448651,0.361090395367819,0.4230210282607742,0.20337160028701062,0.21334591262270403,0.33549990033268856,0.15555079632906546,0.5979278741796744,0.5596029296406038,0.30310573724653067,0.33641508417279115,0.357511973593652,0.24941456412424443,0.4661370271886005,0.3417020938755055,0.34507047230633464,0.3249098037348125,0.5906142657328203,0.37914733649909405,0.46878808192341037,0.03460285473599554,0.3267320184232203,0.3783048424757663,0.650666376115652,0.2456995595476228,0.1783125588145779,0.4466993310249648,0.4255531851301229,-0.18206167557428943,0.5321449343736713,0.24219240164143815,0.0907100907488372,0.2285706033495107,-0.4300862534959094,-0.14331338985526895,-0.20687200834311018,-0.0007621028074652676,-0.21860123902625592,0.18700240627931614,0.15671210253154913
0.12322232230832456,0.2632905399477884,0.36397370071325036,0.34546815349011556,0.2452838885123842,0.2634434219787747,0.2657629253445655,0.3404259120969405,0.26903643533737603,0.26757473688481154,0.2609923546788861,0.15650992576907363,0.2957140679961051,0.1612041071900485,0.2819319509854608,0.1839943545811268,0.3600250610249889,0.9760456889483526,0.3444980521073857,0.18257253699302683,0.39822618438910373,0.311792274899723,0.5315414681482328,0.19565533181714143,0.3099133756893808,0.29411000492194195,0.49933470417608483,0.37024760661880873,0.38283749064523886,0.1892924153602538,0.4663057008871573,0.21865435222317917,0.28841278333989134,0.36998594741673935,0.13420303174749615,0.5172325581063709,0.27829820898194746,0.3031401064024304,0.3079969898602684,0.21592066208024144,0.568326519490424,0.39721222177337207,0.46044794220543933,0.18224948333405813,-0.10584768883218137,0.6960097744721141,0.5661069529880566,-0.4916226665120182,0.5610091275764983,0.011904906146896045,0.7496648944036646,-0.21820183903905901,-0.5176364034781192,-0.0628476616142459,-0.11255729309139823,0.06265407377962856,-0.19986300572048007,0.07510473196019908,0.19962375030736149
0.12798132119238376,0.21778826736642684,0.25363619424700967,0.2024366844713995,0.47566595228504954,0.4631480196819164,0.15872874930920994,0.2405039419595609,0.14323129880741034,0.1910226292770478,0.17407572489342837,0.17446688084097012,0.24700156359171016,0.18462244364733202,0.14467099498149094,0.24014042638790692,0.33690393376672456,0.3444980521073857,0.9698403736830409,0.3414987479561235,0.2757667152813086,0.4239259435605962,0.05016764603936283,0.13219465808530537,0.12037746577429874,0.17707095148054722,0.4026445755848814,0.30171525310981834,0.10153025737083962,0.2882221323130278,0.3672169618926421,0.2632511706080117,0.12895653659462475,0.3061629441012015,0.0035728067484078383,0.3944300177682125,0.0735653109380743,0.47917399108534403,0.19512314760364882,0.15369021962554424,0.23405637535478782,0.2637911838655329,0.4942086730968127,0.2663598611576155,0.24489376388951406,0.3945521717903048,0.3200363134974748,-0.30004506725361607,0.14054018434675686,-0.5212675538225192,0.8252646016523496,0.5603577855306909,-0.7797351635420036,-0.016403476347986733,-0.18756185592455954,0.06354708647483603,-0.16479702390528758,0.17459479623803323,0.06272291913962252
0.07100395392114958,0.24266609522190663,0.23594514043325202,0.24480404907468392,0.23809314175749818,0.37620688855201156,0.14947486606617275,0.37222943835155486,0.0778462205098568,0.13883583661335713,0.3079644784038553,0.23897486870405918,0.1930505597555263,0.23627011800022796,0.3130440001753681,0.2187602314756312,0.3525945202448651,0.18257253699302683,0.3414987479561235,1.070582960343207,0.15878474448356303,0.0063911983645520126,0.33439779767931793,0.24808375811547795,0.27096105144745836,0.1690128747562521,0.2628143506665918,0.23101019523278277,0.6585439791272748,0.21405645549215266,0.1732879128971859,0.1254735071766946,0.056479937150676986,0.4358490033783767,0.32603103060315763,0.23876530260601087,0.46797446526984526,0.16945380544060765,0.2903899799175349,0.16942514483144866,0.3622964558904758,0.15601463734300816,0.25352047063511324,0.08673674935468904,-0.04540349299423157,0.3150300966730812,0.2562448861257069,-0.13465091623091474,0.5434671102261459,-0.051512182481921784,-0.09499628529032056,0.23042444822850733,-0.025258306463200784,-0.031364169094594926,-0.10497158998343555,0.04594594489153008,-0.2405443319546303,0.1066434675722076,0.1762321238365778
0.12902507245507014,0.3529484462813399,0.32638205421717004,0.3029900148127133,0.21302920483127236,0.29329375251350726,0.23901853498110348,0.28479883547587964,0.2773680817487636,0.18409366244783704,0.2629463939638221,0.20900258040481814,0.2813176294109155,0.23172118706967929,0.26886100748101327,0.23192841719938834,0.361090395367819,0.39822618438910373,0.2757667152813086,0.15878474448356303,0.5614085478449192,0.30770329330922824,0.18582237508702742,0.20102286284750476,0.27664276987987263,0.25450243029532654,0.5486529741017045,0.32944725266352803,0.1477207721704242,0.40426683042092415,0.3970236748999825,0.2561389083936366,0.39910592849235077,0.1348090900311737,0.1440625634822955,0.40947754546268744,0.3227056222992336,0.5037262686393311,0.3992734735539262,0.1706659982919437,0.3864151049293913,0.5505561255821169,0.7271228470504999,0.26669879208863717,0.3666061189895825,0.5258489429136528,0.47427528952867454,-0.28951702530512125,0.6109463056220177,0.031641659935490736,0.1637950244315209,0.04059157175539006,-0.16826818962141454,-0.07080537694740828,-0.19272518337452396,0.04651137443512683,-0.26754877140978134,0.17668155417455722,0.23715535153112655
0.1560858115530907,0.007512401435293096,0.3065631971245736,0.36628899627563355,0.3036518546981813,0.46453449778735084,0.3062855483530014,0.2736184486399597,0.2576061978264261,0.2710092939257631,0.2254904302630218,0.19645663509666256,0.386778329172842,0.1934494698099491,0.08038182952109608,0.28401137814046956,0.4230210282607742,0.311792274899723,0.4239259435605962,0.0063911983645520126,0.30770329330922824,1.8518642515992298,0.24790622568796475,0.21305362408306003,0.2596844775437431,0.1438358684893002,0.5406710857974988,0.3429966456657706,0.30987511615294183,0.2886141963637829,0.2921358311079071,0.4744340973471844,0.4024526944635518,0.419905141281564,0.14049903183725024,0.052462841661116186,0.40918433890007094,0.5532205495830915,0.4390921435485932,-0.08304435685554537,0.18872121722614624,0.3129135029869843,0.8460876519814496,0.4465995543688124,0.3018584815345513,0.271850828712805,0.38584617161869983,-0.17787126247698523,0.18369441580064824,0.2915981356157559,-0.22156387789533044,0.2989498796074264,-0.27673200006755655,-0.11104809671351415,-0.10233916123384429,-5.534387009062021e-5,-0.17016155346356993,0.03244910087007031,0.16920478681484233
0.08785311524099405,-0.2443998189831081,0.19856342473801702,0.3262307451148789,0.24401835205307812,0.26554934642637834,0.24101014474260452,0.23301117030658697,0.22737211151954095,0.2960287697888829,0.2119678170026729,0.15447663985717758,0.24604235753952722,0.16191805575713364,0.1987966640710782,0.16849954078307863,0.20337160028701062,0.5315414681482328,0.05016764603936283,0.33439779767931793,0.18582237508702742,0.24790622568796475,1.6152340181133142,0.5534377235248175,0.4622252504573562,0.09869703776071866,-0.20471569708349582,-0.002427011829979126,1.019528466188281,-0.15541792366488905,-0.16548503848736926,0.07813176277587736,-0.00068307871232532,0.5872905227476195,0.10275943204065377,0.2505620557122438,0.24575315865283542,-0.3547260435883485,0.32398694828603186,0.07893991570187146,0.37845055364085806,0.18954510738691502,-0.17304602290089624,0.03266064552388691,-0.6481220285380996,0.33166562437519853,0.27948575241011026,-0.12283580239708607,0.5375899199527713,0.6460049084862891,-0.6519766399483653,-0.14716647332465485,0.21718112013079802,-0.07391642451767984,0.25001740139128215,0.0910056889058476,-0.33473608279199946,-0.38718269339462513,0.4857534309571539
0.0989188146356682,-0.11388847704698755,0.19676164035911642,0.27227947388797585,0.20759547949406756,0.23016185901564573,0.2467364362977978,0.1282148461508003,0.30709245448613903,0.24255508916516866,0.22085268414484657,0.19134435187108403,0.22973887525483855,0.1941946507489217,0.24229391143784718,0.20063285576395873,0.21334591262270403,0.19565533181714143,0.13219465808530537,0.24808375811547795,0.20102286284750476,0.21305362408306003,0.5534377235248175,0.7581513496424407,0.3180929922357174,0.19576477614715448,-0.04524515623447126,0.19497164680048193,0.40432148011955366,0.2996113157536172,0.2977652635991667,0.11342447319102979,0.17747808179039015,0.379675905982938,0.2482488244669533,0.40229989546188055,0.2552269379771321,0.06805858176966764,0.2948603252701985,-0.05138164716846285,0.2300804394510691,0.19549798496049806,-0.06743850151648141,0.05172282777252733,-0.3132822655109295,0.3484111936307724,0.285704485250168,-0.12433190913776361,0.5759787477906054,0.25533639523789925,-0.44471017500994164,0.14550860230342333,0.1363766452579996,-0.09804449653970654,0.29098693979157975,0.23684735758775438,-0.37669892073643757,-0.5518356909291482,0.5380356015272741
0.12250654700390032,0.03007166322955675,0.2995502066874311,0.35204106425115306,0.20615279284061092,0.2842600579517271,0.2259537702974649,0.3408158872817442,0.22557481677344768,0.24528731448606414,0.28437342271921723,0.2799317851411601,0.27028384354047874,0.241864610179193,0.309369833157377,0.27057453980457286,0.33549990033268856,0.3099133756893808,0.12037746577429874,0.27096105144745836,0.27664276987987263,0.2596844775437431,0.4622252504573562,0.3180929922357174,0.901718654921784,0.17792278710384263,0.4521461871214726,0.24161238005673324,0.49045612114019815,0.3966248819271704,0.2023799406527906,0.18356911309257698,0.24339125768671535,0.413742957141385,0.2874251234344138,0.3864915994601617,0.5259773349008231,0.2732741684322395,0.45549653383386407,-0.027835282382557735,0.43091244232614284,0.28270305915854715,0.39547201148960276,0.23745249358092485,-0.014952265068523218,0.49767649982968215,0.38511637652217373,-0.3000539815020808,0.3600194429190525,0.43262545901799315,-0.5459237981338586,0.08877331279147285,0.14511097492417763,-0.09662005700630215,-0.042636274904234,0.10126593154525511,-0.263562163954697,0.009205031800871564,0.175775744699262
0.06802517846986054,0.31527201849277847,0.25243571455296,0.3191790652295168,0.2618068567947164,0.23755956544007356,0.2739189922567019,0.2716276015555406,0.4187332999546481,0.2253255939894144,0.23196112560674467,0.27772711444808146,0.2324446018163603,0.2641417305153425,0.17864967088000983,0.19867695307129046,0.15555079632906546,0.29411000492194195,0.17707095148054722,0.1690128747562521,0.25450243029532654,0.1438358684893002,0.09869703776071866,0.19576477614715448,0.17792278710384263,1.5979598738550218,0.2177642693518366,-0.12176467420104348,-0.4344090371539008,0.23180613643543846,0.3240872219525869,0.43148874242923857,0.0013450690095461852,0.21558951498315773,-0.1509687329941088,0.1392498058831036,-0.42015153000218625,0.4218481271910499,-0.3517895497454113,0.20569905278378275,0.6399720176409343,0.26021772559329603,0.2731648336643064,0.1835004011247466,-0.4129158667739021,0.4654542217589427,0.3032944983565839,-0.4512216332583139,1.1721479095146512,-0.2618051599872651,0.35580405144389793,-0.39410128498331215,0.03778058010754762,0.04994099578828696,-0.2837445089694686,0.19610406749634735,-0.183997639830502,0.3239579593990744,-0.12054467277736515
0.1490836104970391,0.3740127489348915,0.4409253583964685,0.34534042590117237,0.3115131996850326,0.34775774536795256,0.2218881606766594,0.4560900791001619,0.3468897976284303,0.2075016746020206,0.345604022179476,0.2854749870602474,0.3372491715321671,0.32907982633827976,0.3599589767287316,0.39766860630617756,0.5979278741796744,0.49933470417608483,0.4026445755848814,0.2628143506665918,0.5486529741017045,0.5406710857974988,-0.20471569708349582,-0.04524515623447126,0.4521461871214726,0.2177642693518366,3.3748767735545386,0.7319317288400534,-0.34633084849044043,1.3489622654665496,0.6837948122395056,0.44634814987539156,1.2319557953296005,0.09129081292687993,0.28221874906104466,1.08591881342908,0.8527627476759635,0.7852067258883199,0.6019845390281053,0.054343803498782955,0.6746446009172773,0.5856610406141385,2.141990345375396,0.22071562127262936,0.40758833466267164,1.014503731607007,0.7676347609449794,-0.903630504075568,2.0930543549541634,-0.26900755506255414,0.15531633217682758,0.1967079577457411,0.1553488966133958,-0.13680318700389937,-0.38887306584995934,-0.07046087983209726,-0.1441120951628261,0.37982018090777553,0.220413691686159
0.05175009639640365,0.19684851236299838,0.3724841497491671,0.2084291726422994,-0.05663534204525361,0.12676947425429194,0.13019546337722943,0.43990651384103696,0.17044037831554376,0.13938283179600755,0.2870614078900447,0.12983768373592106,0.3292874934859575,0.1774607648770054,0.25908997386826643,0.2418772377461711,0.5596029296406038,0.37024760661880873,0.30171525310981834,0.23101019523278277,0.32944725266352803,0.3429966456657706,-0.002427011829979126,0.19497164680048193,0.24161238005673324,-0.12176467420104348,0.7319317288400534,2.050349965927611,0.05320899356906494,0.37778496830460007,0.4857272420278434,0.15461208270247487,1.27038980804436,0.08478307202395119,1.4753617438315068,0.1758332552467079,1.1018642738875073,0.2945397437606159,0.6433157830445534,-0.15645234111848622,0.2569338519862792,0.2954031640585268,0.8170533286608622,0.06420913350941258,0.030847406835936488,0.4041804547157516,0.4410287915255346,0.0667351262075811,0.6684739917787023,0.4048572718776571,-0.05434240435510777,1.6847977213543224,-1.833097013445271,-0.14405869824671966,0.08078856254197134,-0.06361744745456058,-0.18390597798045305,-0.038054641913485426,0.4190097602949976
0.1302965184603631,0.13099113088706602,0.31980757961366413,0.27288253617185976,0.1795402164589205,0.5469777752751398,0.1561017837548133,0.3633004375539972,0.014582842068342644,0.25782198728991584,0.28614143898655375,0.16006106868819908,0.31402686108668243,0.21118205545769814,0.314560212461294,0.27331776600181884,0.30310573724653067,0.38283749064523886,0.10153025737083962,0.6585439791272748,0.1477207721704242,0.30987511615294183,1.019528466188281,0.40432148011955366,0.49045612114019815,-0.4344090371539008,-0.34633084849044043,0.05320899356906494,3.220681643305541,-0.7345790677874595,-0.2168548418514025,-0.00012514461079289634,-0.4337258804446956,0.8561162756764502,0.3576145504850139,0.6546497895584118,0.10687810703593807,-0.7645959741693426,0.5838320704864647,0.00048390292804392836,0.8167004926607565,0.13654461982344238,-0.8847665133370135,-0.3344659259825986,-1.243370725223546,0.3911092174499862,-0.04684742101104034,-0.40961801297063455,0.500063119383034,1.5121228716667936,-1.6101462421630954,0.4245933730345948,-0.28617974385589795,-0.015621627047744512,0.09311717856333411,-0.035978003519491285,-0.33905120048799287,-0.13725216160491363,0.4253824366194108
0.08733583596201507,0.3671045998080279,-0.3066778758736214,0.24261439913470706,0.3162413847568137,0.19506288308857656,0.17035336532774314,0.12507748802992927,0.2346785877036928,0.19802202745676015,0.18573851453854884,0.15313977232333797,0.19464079376739865,0.286034040623584,0.23937188588624206,0.2636891140548385,0.33641508417279115,0.1892924153602538,0.2882221323130278,0.21405645549215266,0.40426683042092415,0.2886141963637829,-0.15541792366488905,0.2996113157536172,0.3966248819271704,0.23180613643543846,1.3489622654665496,0.37778496830460007,-0.7345790677874595,4.274314994245954,0.8095239896612826,0.29501195252243245,0.6641269764578851,0.008676919144367325,0.30632093017660217,0.6095241550039603,0.7751228570127757,1.2965065331414114,0.7006540511830645,0.16162051053872814,0.8837336130820275,0.42774509718238884,1.662537919438164,0.46811708964126647,1.150813924237479,1.4613256571976012,1.855590407820747,-1.4412387988409845,2.063887792560496,-0.47378384242689375,0.27229690248814364,-0.14848157279463348,0.39983424549832,-0.07574112155388639,-0.45837470718154855,0.09739168022045626,-0.23410311642319692,0.5178449767739618,0.0985157738005899
0.12666360173112512,0.2672135632422373,0.3082352907990489,0.2746942822983657,0.23695739763833734,0.21882247243435834,0.2505549940938691,0.207196369330073,0.32114715184182163,0.22133255886824443,0.25651156527359686,0.19126188558499044,0.24844435718485508,0.1991803619626707,0.2831887464705724,0.19374283943375062,0.357511973593652,0.4663057008871573,0.3672169618926421,0.1732879128971859,0.3970236748999825,0.2921358311079071,-0.16548503848736926,0.2977652635991667,0.2023799406527906,0.3240872219525869,0.6837948122395056,0.4857272420278434,-0.2168548418514025,0.8095239896612826,1.1631235307037129,0.216099405127184,0.44761249380455415,0.25895578819660336,0.2900230719368532,0.7756883385401295,0.3689634906614982,0.7448100989171506,0.3325288123967481,0.03789449102255304,0.4538766034368846,0.3851831306240855,0.5276477265491933,0.2760387644173162,0.1836175156774444,0.7740601147448243,0.5858425992651457,-0.5322127079864967,0.4493344040551288,-0.3189956256708445,0.6400177993473988,0.07257576105505731,-0.3249127432763161,-0.08507270890306298,-0.067802880729101,0.194618876450824,-0.2025317328288403,-0.03707279178528137,0.13116614738752064
0.09517675634062718,0.1603708267169204,0.27227628674605586,0.27247653798827287,0.1812455425112588,0.2328087574799263,0.2156280079055988,0.2390477483756765,0.20411839046071675,0.18054551483136386,0.20654779425669553,0.25565234767820205,0.26427252419428815,0.16107395765910862,0.09515224772501134,0.22043042402416468,0.24941456412424443,0.21865435222317917,0.2632511706080117,0.1254735071766946,0.2561389083936366,0.4744340973471844,0.07813176277587736,0.11342447319102979,0.18356911309257698,0.43148874242923857,0.44634814987539156,0.15461208270247487,-0.00012514461079289634,0.29501195252243245,0.216099405127184,0.8024378752237327,0.346569317155793,0.19508560901758842,-0.06423268916149757,0.2528485022964801,-0.11284825626506176,0.4716905670605148,0.11452919205237241,0.04714818125466232,0.20519146361427112,0.2541406359676385,0.4699896450593521,0.2119397191109472,0.023693761012173638,0.4315096140506623,0.3171420937050711,-0.35476084135245123,0.4610859694127374,-0.24796581129503517,0.266250459323579,0.11022534325288706,-0.12162710527511456,-0.04533641752340043,-0.2049830270264297,-0.024226811051804447,0.08740150185569603,0.1462946677981128,-0.07792371738813204
0.11042919775908856,0.07656793000543034,0.33313519470606956,0.20945464239679057,0.10352706970610928,-0.0017408652927795804,0.1955599915602048,0.3218460443195287,0.30690402392503835,0.07970320141010263,0.26422212334506356,0.2041389686084195,0.3010318156625408,0.14090243300061064,0.22334817144427085,0.19719429465500302,0.4661370271886005,0.28841278333989134,0.12895653659462475,0.056479937150676986,0.39910592849235077,0.4024526944635518,-0.00068307871232532,0.17747808179039015,0.24339125768671535,0.0013450690095461852,1.2319557953296005,1.27038980804436,-0.4337258804446956,0.6641269764578851,0.44761249380455415,0.346569317155793,2.1874357821609065,-0.23935565802664704,0.26831249524041295,-0.17201932544928714,1.1169381913042935,0.44280430655681585,0.5510113653842572,-0.3629218230090506,-0.43034943284692534,0.37591495738286057,1.2903202891352081,0.08067199000867939,0.25994827363799067,0.19876160361917958,0.6217403208144653,0.23879554066393685,1.3566077257055917,0.3864359256103408,-0.3102591372382158,0.4656546982679479,-0.22107254647896843,-0.2940834151471317,0.04406839060082932,-0.07458442462149546,-0.11093941340119574,0.0025397397373255145,0.29673685299464764
-0.006573106726876027,-0.04420260920148683,0.317031653599329,0.4902344807072693,0.3598170347780796,0.4035940869424966,0.3280702991106981,0.4135190917811104,0.12710558765987268,0.4174386337265025,0.3044658161682173,0.2821676896624181,0.3270093347504217,0.2020510393712972,0.2969589364763216,0.26828025073268674,0.3417020938755055,0.36998594741673935,0.3061629441012015,0.4358490033783767,0.1348090900311737,0.419905141281564,0.5872905227476195,0.379675905982938,0.413742957141385,0.21558951498315773,0.09129081292687993,0.08478307202395119,0.8561162756764502,0.008676919144367325,0.25895578819660336,0.19508560901758842,-0.23935565802664704,2.0191520736891406,0.30353067931872485,0.4589294112327338,0.7826297587391929,-0.21978261903890553,0.406458250130189,-0.4588216772016282,0.5285039393544632,0.14338044165062286,-0.37055403800677184,0.13337383940443912,-1.0202276701092452,0.04716511888585017,0.21416845623395692,0.16146251380418217,0.1684029874895114,0.310127437633148,-0.358001170282139,0.23343775575434486,-0.12489035376876524,-0.10254520615758624,-0.08901330940640007,0.06590696888514935,-0.30986095614697134,0.0075540662047437,0.2436534499321878
