0.9553051248751356,0.21830318301428692,0.38836422142554416,-0.22917957776824124,0.20677344282952181,0.013030921126384046,0.1951704933068794,0.00554872841546378,0.04215939419564108,0.04527153101543732,0.06878487678041127,0.11750520652861474,0.04843496389721507,0.056711814876219666,0.07993413267949363,0.07727175704907295,0.053994123712342065,0.09917348149903582,0.07479775966258288,-0.01392887166381033,0.049747963206486515,0.05174783710659954,0.03045035471328268,0.04707830504630725,0.04778013872258283,0.024995649720524975,0.043217976081321594,-0.003884534142833268,0.04641501365543257,-0.03255734083695462,0.084554068527161,0.054189086955859306,0.09112390689181694,-0.04183386427068608,-0.05627472070896593,0.11044960231335998,0.12251061852635,0.0309337382192013,-0.018467121676980214,-0.0875874665321601,0.0382800937326502,0.03952656049866244,-0.047606324279949805,-0.0010317540898177613,0.03802971461418923,0.14392655946215666,0.08319888375136439,-0.005161210544164461,-0.10302973259213144,0.021543868992381525,-0.010732716937187218,-0.13934975066029334,0.11965310487494536,-0.019499558638017493,0.11236771373988051,-0.010568148939938835,-0.025967548848458488,-0.07521314567887219,-0.057628572935836016
0.21830318301428692,2.2966166406715076,0.24601808156057672,-0.6551629852297071,-0.12002247379293388,0.08415765089996897,0.041333856325416286,0.004814431029778957,0.020950692620526918,0.10454399343099433,0.07568737301270673,0.05916676294605013,0.008849187858037575,-0.05621798726838322,0.06032291531505851,0.06034646079831091,0.18002511450397335,0.42266350659608504,0.03733585680252117,-0.13536455372280257,0.05857788239783757,-0.04646838255256587,-0.19167429006339165,-0.039850454910989944,0.015604981793432154,-0.06324215592146192,0.07770865895385969,0.20418391656488274,0.13677233507914177,0.0979528365664681,-0.009955669897851464,0.04356531421847312,-0.05848428542995449,-0.10786942846108015,-0.09616017026432228,0.16836947982692982,0.3297467734281047,-0.0388799085324261,-0.12775874583911043,-0.05233662610430531,0.11077220048651434,0.029635739505617216,-0.0313285524135754,-0.0030315535259912416,0.1594654621580412,0.14233862376868658,-0.04983418121411875,-0.002025354440808335,-0.2776068272252168,-0.19464376246474763,0.25840419565914197,0.2367276400263204,-0.12040194634295849,0.021847182886877214,-0.44066206624287085,-0.04913186761610386,0.025738515022078245,0.4030400402758437,-0.013360345880667791
0.38836422142554416,0.24601808156057672,2.0407701948007957,-0.15249902823433917,0.11125256800326702,0.14650517825824474,0.17990295729780514,0.13634823650241204,0.15410331183488077,0.14200446680413142,0.10731688092792316,0.1624723672602542,0.10786381456237347,-0.006182175469822912,0.1299902669602809,0.12078117886968541,0.26314303043345344,0.18082705588958695,0.13845949759107676,0.20243845287293416,0.11457464682941876,0.10219238258218788,0.06428814718085303,0.05357762041081797,0.11376960463455453,0.24474415406187597,0.12836272259592393,0.1938079515915784,0.15671153253235154,-0.5185578443045875,0.20567427346005945,0.08251666118501233,0.31618544798419373,0.44777669253068664,-0.35863574821059857,0.44945427967551027,0.18798496245036486,0.15346210568618618,0.01677032849623933,-0.46302079722567285,0.12678479278903318,0.11642819686484669,-0.1218357245318381,0.07125460596903213,0.21384462268030846,0.5188729897277996,0.14522427726970275,-0.00365476986607913,-0.562019822429228,0.11208569016826304,0.09359562379206474,-0.015776679528604842,0.045996327590375814,-0.21394745269981308,-0.011761185661002777,0.0553482874437031,-0.04359679307432135,-0.07035779957627196,-0.10947715824731045
-0.22917957776824124,-0.6551629852297071,-0.15249902823433917,2.61436648991948,0.29485780172343784,0.37955511381948304,0.31953184616618663,0.4890925994592666,0.062434406473910874,0.09983429408577722,0.2647431513209526,0.3091058928081871,0.2174824133623317,0.5440258493073766,0.22139750001648048,0.33467583793161926,0.23032057882941254,0.07694016261546377,0.2525296705502854,0.37929914459514014,0.21835153577773417,0.2884900086219205,0.3707730431565772,0.26760295707673126,0.3595640774928463,0.33914239540163565,0.22216190902715396,0.02991378519228724,0.40514003946836624,0.28017825373036015,0.06990190453812578,0.26559967298960974,0.09777968039478889,0.4744724876010738,0.34105700311232107,0.17218276239509075,-0.023510722430963613,0.1835357349132437,0.2956193714807555,0.2555621256717652,0.27221377503418764,0.22098621316488856,0.33002513179427967,0.06701343989595258,0.264418755092834,0.302694959118239,0.43923402500203484,0.05005997048285317,0.2898766583214311,-0.018293935610195673,-0.06254905367708471,-0.22631420072173847,0.15071277263852007,0.05307956590289721,-0.11016612988895226,0.07081116956735362,-0.12000501005721538,0.10218249141897051,0.06486152722509725
0.20677344282952181,-0.12002247379293388,0.11125256800326702,0.29485780172343784,1.166013755991347,0.10622824126644707,0.19018140446680953,0.1425890301324347,-0.04511894624213341,0.047654676642482484,0.13504397525524806,0.18681212311874507,0.12398889134679775,0.13976470513046166,0.2078058685421994,0.16448265473156912,0.024222680601116833,0.08993299827622123,0.4504503276728782,0.05673235418486628,0.06064347074429727,0.11126198401095332,0.24110595826729883,0.08982756402607876,0.12122206281914856,0.13312862106720277,0.061431633994040516,-0.025341967150394006,0.22198576307127396,-0.20001931150659796,-0.0023682143329370672,0.13383148502370612,0.03444634590451351,0.3338468851168361,-0.01143649387543694,0.08770540891620797,0.0667116401245432,0.039333769337698575,0.16540473922116847,0.022184330337540883,0.058825466437377114,0.06645196151171905,-0.04482304451951662,-0.024196892671106206,-0.1047177666251139,0.01847939534558215,0.17330032215502364,-0.0016131169740039079,0.02648534452537123,0.16474726220030267,-0.17278883469018214,-0.4876098149643884,0.36884676408825484,0.02096519875258779,0.05646722106725627,-0.1332506247297823,0.0160764294755631,-0.05818790694705791,0.1313396285406871
0.013030921126384046,0.08415765089996897,0.14650517825824474,0.37955511381948304,0.10622824126644707,0.6677208420953634,0.07120155934919978,0.41578463707446695,0.0786637149502515,0.12122748975947469,0.24427080695509001,0.24503225093046632,0.17077303271166824,0.2533552336269899,0.1592637480823172,0.20515314686482328,0.2772091735475698,0.1682151035578302,0.2895743249037356,0.3413154392677552,0.16938566718557482,0.27249999013628384,0.31126552523052503,0.15586149893937817,0.26236419328037913,0.2740257738496716,0.19419519792896747,0.026700212004055597,0.42996847222439566,0.15006456410738547,0.068543910224264,0.22840711468138056,-0.019523112921679513,0.29113513966616056,0.1165549694244872,0.21969141837227726,0.11982365127767128,0.18629392963183122,0.21312297293639693,0.11357127906669384,0.15112803453290466,0.1723260255931173,0.1819616728681494,0.04507529671079598,0.11641531936809556,0.2693427990022606,0.2688479661017437,-0.0010059327487154355,0.21025675149823375,0.07181672214155302,-0.1192802776770439,-0.29134575415227804,0.2606030017555541,0.0020133171193845666,-0.056718356770928936,-0.019309527994472483,-0.04831625589934937,0.09268324571149657,0.012315370981821118
0.1951704933068794,0.041333856325416286,0.17990295729780514,0.31953184616618663,0.19018140446680953,0.07120155934919978,0.6146297469928685,0.1504384181989517,0.11542750159775031,0.03656132793969193,0.18778303933586807,0.25952398553948236,0.12546859456227924,0.12118720172193981,0.11306040112176106,0.1652276779637906,0.13530544280507098,0.15383598096898815,0.09790602675513066,0.1944573744615625,0.13299222140253808,0.19639703169718442,0.1936343076789093,0.1251393658960078,0.1807980713296784,0.16342912367533305,0.13647083648595504,-0.013397229217306338,0.19258040464784063,0.0811865428941892,0.061841623992211645,0.12040719630350191,0.14225481616120608,0.2318144576686525,0.0635068985582825,0.17033219804955876,0.08280344966342901,0.11051509538949963,0.11978935741163192,0.04828300468493188,0.14964153452199533,0.1238944587634872,0.14372412702358398,0.0198813801326234,0.12806392822634863,0.23145873947839368,0.18472843860567703,0.021016040789763768,0.14988737494554905,0.00820908977672259,0.00044422944119278156,-0.11453077076738469,0.13448540081009783,-0.044044939029757674,0.026663527676100134,0.05940050197755284,-0.14122765020134856,0.04455779788390789,-0.10013606171017629
0.00554872841546378,0.004814431029778957,0.13634823650241204,0.4890925994592666,0.1425890301324347,0.41578463707446695,0.1504384181989517,0.79185453072021,-0.0020160404444926863,0.18792047950672383,0.2641324150961508,0.12224848771422356,0.21091470084785519,0.28401184945105873,0.13552710697821382,0.22697256075160002,0.3501000431602681,0.1967733229212455,0.2366960116197162,0.3584662969169402,0.19442107476369747,0.2936632754934242,0.3071243727857874,0.169549964671781,0.31177074936164756,0.295997292175064,0.1946324650366334,-0.029680066785295615,0.4027678833365762,0.19233241951821337,0.07971597287227176,0.17438552342897196,0.10846909919578658,0.3382892377320492,0.16892421434949542,0.2143473687074728,0.16779262163593048,0.19058160145108088,0.3188717407265648,0.13582418252886563,0.18884509043044523,0.18977597026318566,0.23609591331351198,0.057795225704260954,0.1671021452561409,0.3189234400582901,0.3873837952970584,0.012418350305816244,0.24481792877018582,0.20262070298409937,-0.03948325768396495,-0.12323667719131655,0.0728758724629518,-0.10533219279177383,-0.09499280054966376,0.016886511667079867,-0.07040889525673362,0.13800864021943657,0.009981720708688848
0.04215939419564108,0.020950692620526918,0.15410331183488077,0.062434406473910874,-0.04511894624213341,0.0786637149502515,0.11542750159775031,-0.0020160404444926863,0.5373524010588587,0.15884794985802494,0.09636133803683024,0.13593971063414795,0.061150548298477624,0.11604324329654958,0.12617961204926487,0.10859572928806295,0.10455744810119268,0.1515771923054032,-0.06007786249716497,0.16228585932925563,0.12720076248269327,0.08213309446300186,0.11764001143250245,0.13771308754509826,0.11570681584241332,0.19306525395297242,0.10379859734139471,0.17552458792732586,0.05450238223669285,0.15129016160172076,0.1467324078943308,0.10023198602356753,0.2489503993499332,0.0519635567810201,0.11638235678155977,0.0683956039737921,0.1313957684219682,0.09662941873764795,0.038905923664831726,0.02530196331203789,0.15421394051717843,0.12863426120801397,0.16368438950106917,0.011409688466013255,0.1903241332742601,0.21556430612280988,0.2859015230400903,0.07044060461428112,0.17661222123871606,-0.06902953118925484,-0.07939499119640511,-0.20752902220131078,0.30001789060096,-0.0021893568633262277,0.03137598753217522,0.103060482477315,-0.10324174395879526,0.00640241285432265,-0.09101175080381986
0.04527153101543732,0.10454399343099433,0.14200446680413142,0.09983429408577722,0.047654676642482484,0.12122748975947469,0.03656132793969193,0.18792047950672383,0.15884794985802494,0.8312567939749459,0.23386441617343368,0.2273297134474986,0.17439444719750932,0.14660921137460645,0.21081997889533216,0.18745248195297368,0.2744769940485255,0.395708378909966,0.06672224798061316,0.44187144018564467,0.2543839194789055,0.21727659266529606,0.3444042333646436,0.2197006972618655,0.27461596059382143,0.28418412719626257,0.2222673854736797,0.2444800666871756,0.3579298175501279,0.2207611745712784,0.21119757820063292,0.2168676323335144,0.237038819417191,0.5469696476602529,0.3326406792197474,0.24481920437558277,0.23163591618135385,0.24318453697554687,0.38094360644802394,0.2515008738445012,0.5173358884662886,0.25541003103518806,0.22674617814024756,-0.0019425124778540681,0.3827309545543292,0.4570583765097834,0.9225156152937518,0.08311116253641845,0.17163834847541162,0.030031769335085844,-0.002051621583657556,-0.052723125516184355,0.1336449522140346,-0.027877666775288763,-0.08519998199480172,0.02306870441971386,-0.03666367510749883,0.07933874854223233,-0.06621183594608296
0.06878487678041127,0.07568737301270673,0.10731688092792316,0.2647431513209526,0.13504397525524806,0.24427080695509001,0.18778303933586807,0.2641324150961508,0.09636133803683024,0.23386441617343368,0.5167460423326211,0.3114704735058927,0.1891056103360628,0.18745138637696793,0.27120852529184625,0.2109473756693661,0.33476463276402424,0.2221047568666425,0.12985416770987776,0.2682597660892031,0.18375963184363456,0.2152363613260584,0.3229699605417284,0.20189400522977513,0.27991715244818316,0.23721461865273494,0.20092524125413389,0.14481038748050767,0.32077104187366984,0.20804423351334908,0.15560351867910893,0.20415105230578087,0.21010664748600358,0.2634176122271535,0.1891077399160538,0.21926128436880798,0.19230541117592245,0.15436280388899448,0.21816170558474163,0.11814784893643789,0.23318294195006695,0.18747488944923876,0.1932771038426872,0.020012517487817905,0.12602219272899107,0.34369148625279494,0.4704117870729791,0.04000864749701637,0.09072024502654179,0.0890205731917405,-0.0658916539457852,-0.1550050320639732,0.17917121011142395,-0.0709325401040717,-0.019753593961635854,0.046387383393950085,-0.078413881505011,0.06301198365311932,-0.06612176201898622
0.11750520652861474,0.05916676294605013,0.1624723672602542,0.3091058928081871,0.18681212311874507,0.24503225093046632,0.25952398553948236,0.12224848771422356,0.13593971063414795,0.2273297134474986,0.3114704735058927,0.5998181956776968,0.1191271932902307,0.21886738806930758,0.21944058859483204,0.23922396082571232,0.21066845663595377,0.24869180316075423,0.14075682369363973,0.27116583983811365,0.17802390335308302,0.20853082090531092,0.3548218536352177,0.19086518480579848,0.31878216026885436,0.23666427529418,0.22288297125778103,-0.0341632329656163,0.35488994603960555,0.19374592861608328,0.07559560664809974,0.22292908396328787,0.137722968192428,0.34202847285483334,0.2144444100560742,0.21954331670669394,0.10310842702990448,0.1631221928684795,0.16992733897612944,0.14421876118724616,0.2752085423009069,0.18362270519190035,0.20915175108222867,0.009601865252465716,0.251838313295871,0.3598813039381871,0.4816105520538295,0.05220356961459655,0.17666321126357687,-0.06712808271060393,-0.03895398355944408,-0.28783297021748133,0.27627497328056305,0.05252447284615854,-0.04049342567295195,0.057265148651787445,-0.1568620572011809,0.0669161321359919,-0.09331415877400784
0.04843496389721507,0.008849187858037575,0.10786381456237347,0.2174824133623317,0.12398889134679775,0.17077303271166824,0.12546859456227924,0.21091470084785519,0.061150548298477624,0.17439444719750932,0.1891056103360628,0.1191271932902307,0.33348830459528905,0.11782520094059892,0.09720362200756937,0.1309704602825565,0.15259301602447067,0.14980687890601072,0.11175461581529235,0.1951341025729892,0.14429694513906535,0.2832346265694913,0.15836644404529693,0.13857426022301014,0.14782649623937957,0.21090807564978722,0.15112621246365474,0.10112370604323691,0.2207754685904373,0.14335965544015825,0.07330157609909449,0.1601602013738078,0.11163973776290882,0.19916036464900075,0.1644353830864237,0.19035283170291797,0.06946736039662084,0.1095319769416,0.22342741327304105,0.1021280729014993,0.19037964334621962,0.1376697305774767,0.12398427643944317,0.03844877304290528,0.1195298977309574,0.2597122225615669,0.25397650184384396,-0.003902082180926583,0.21806605793820646,0.08346127747216589,-0.03748583439167217,-0.09706117209648786,0.03793727664807594,-0.027522009702432158,0.003939800712608371,-0.012050700631805654,-0.0722323883690294,0.00824107617196514,0.035997853238078595
0.056711814876219666,-0.05621798726838322,-0.006182175469822912,0.5440258493073766,0.13976470513046166,0.2533552336269899,0.12118720172193981,0.28401184945105873,0.11604324329654958,0.14660921137460645,0.18745138637696793,0.21886738806930758,0.11782520094059892,0.6518955175485196,0.21496853495971344,0.3079321466303864,0.256792764244633,0.1405808828179499,0.13999699535250454,0.1839366974998196,0.14724598864810753,0.17962868944051563,0.28674833604275496,0.19061916284639788,0.265379110304035,0.24141887664045517,0.15283173651455947,0.16565696340209307,0.26579681363469704,0.2601090050455666,0.0967472964272506,0.184253504306981,0.09554837955579291,0.21386709256926942,0.2748670485809725,0.11056701854845664,0.11327977688981661,0.10590941821852237,0.11506256885462174,0.1463972345865798,0.23885164319960758,0.16118360108175686,0.2159971512383911,0.042688772086355714,0.18534299757582998,0.27096731558317255,0.3870927532731298,0.05923656055082149,0.34463566646110905,-0.11873633960820955,-0.056614864424423726,-0.1802362175312665,0.21662493719603046,0.07749906380628911,-0.13670354526774586,0.04643793626717033,-0.10800165621504879,0.12083755586752175,0.10116463326780763
0.07993413267949363,0.06032291531505851,0.1299902669602809,0.22139750001648048,0.2078058685421994,0.1592637480823172,0.11306040112176106,0.13552710697821382,0.12617961204926487,0.21081997889533216,0.27120852529184625,0.21944058859483204,0.09720362200756937,0.21496853495971344,0.7236997586558985,0.1661801494267769,0.20094212338002,0.1931748296154183,0.13237218909383547,0.1655409342413007,0.1738819384870006,-0.019226594590294507,0.2538724712275826,0.17121122831174487,0.30376028339119876,0.2502284221725262,0.140001145355605,0.3153236315135552,0.24890436690931442,0.1903087686234038,0.10573230411713781,0.10376712579115242,0.2340352265775657,0.27221992582750687,0.2014896818579103,0.11249262738569367,0.14155167958784803,0.07267391754872912,0.22885591167416805,0.09130399977010756,0.23658663701107555,0.16646789189454367,0.22097903539979832,0.020425276379573608,0.3131611157691434,0.2568332932574228,0.37586784644130283,0.10759395837176178,0.02371499909866039,0.11885756863863645,-0.044135837476609756,-0.1092994866828888,0.0035470553626494373,0.012339657491295956,-0.020713495552737885,0.13092642334740948,-0.1897167620473467,0.06330878355857618,-0.02405476176440854
0.07727175704907295,0.06034646079831091,0.12078117886968541,0.33467583793161926,0.16448265473156912,0.20515314686482328,0.1652276779637906,0.22697256075160002,0.10859572928806295,0.18745248195297368,0.2109473756693661,0.23922396082571232,0.1309704602825565,0.3079321466303864,0.1661801494267769,0.5972634067021234,0.22672705889344483,0.20219412421590946,0.13375872264611657,0.16911988416910603,0.14238757866373894,0.17808110545645495,0.25652172034191945,0.20148272647110158,0.30181112604750576,0.18798461808074948,0.1955389526102539,0.13752337325209016,0.2722761932489845,0.23675454676676022,0.053785989631305015,0.21785672059178765,0.11248828138645714,0.28931495672636187,0.25786245910362054,0.15555024385929947,0.10978202633178669,0.09146709876358008,0.20101937759243993,0.13084477253753868,0.23894755751129843,0.16962395590987966,0.20736451752901144,0.06620650912703104,0.17147019278898082,0.28239649659508237,0.37652414108555465,0.04625499292798057,0.18437202129013489,-0.06183322664476459,-0.033869559841035485,-0.17215046652834365,0.21663033339906532,0.027940883992686676,-0.04353831752619607,0.029785729119626788,-0.11294182448400975,0.04182383429376089,0.06352660245123505
0.053994123712342065,0.18002511450397335,0.26314303043345344,0.23032057882941254,0.024222680601116833,0.2772091735475698,0.13530544280507098,0.3501000431602681,0.10455744810119268,0.2744769940485255,0.33476463276402424,0.21066845663595377,0.15259301602447067,0.256792764244633,0.20094212338002,0.22672705889344483,1.1246032710222202,0.19309446316627588,0.11887627197158909,0.22814480321755917,0.13565506284063714,0.2057005368280964,0.3213194176193318,0.2479679973369721,0.27706903656758713,0.1404551485472372,0.17927061148303836,0.339805340194112,0.3388742817423533,0.14639502326553008,0.16356697687584332,0.17874205851879305,0.43008558976990546,0.24359526210195867,0.014389786512129629,0.16208298616152622,0.39338413692833446,0.15998242039458627,-0.0016849522491183043,0.002042371481168796,0.19661169302275522,0.15867594482370811,0.2039429726465579,-0.00021999010480772306,-0.031418188525187844,0.36181772950812735,0.7233200310896756,0.04921169154729617,-0.019245467062481657,-0.009793563849883427,-0.05222881560989824,-0.10555366286985111,0.2822314425965437,-0.13984585434194988,-0.007340664244794288,0.015115463798267732,-0.03278502932004531,0.029492072282691777,0.11726975634173539
0.09917348149903582,0.42266350659608504,0.18082705588958695,0.07694016261546377,0.08993299827622123,0.1682151035578302,0.15383598096898815,0.1967733229212455,0.1515771923054032,0.395708378909966,0.2221047568666425,0.24869180316075423,0.14980687890601072,0.1405808828179499,0.1931748296154183,0.20219412421590946,0.19309446316627588,0.990664098036215,0.06280887347945921,0.05586279272965914,0.2466088254208527,0.2945789920599538,0.6179257155975648,0.2485667146608388,0.29246943004572673,0.5028274234076577,0.07296376813052141,0.2637567034187051,0.34644083776256146,0.1963213823004544,0.11608274740920779,0.16303317161882103,0.12474524779082967,0.4082030951197439,0.37502612754959536,0.2195771477100736,0.2206800068844117,0.05671976516106448,0.3011836008028265,0.180419699685299,0.3728556610812472,0.23471320822292283,0.2669800707036345,0.01095425148942023,0.365211477011372,0.43345335145004055,0.5526081964240276,0.029722765160522475,0.17389467825106422,-0.05679331594827523,0.021142373835656262,-0.27374045939125463,0.2726649309227056,0.025089036689589114,-0.14679168290763372,-0.0258473748744723,-0.2134328788343282,0.15137855931913843,0.14500062087009033
0.07479775966258288,0.03733585680252117,0.13845949759107676,0.2525296705502854,0.4504503276728782,0.2895743249037356,0.09790602675513066,0.2366960116197162,-0.06007786249716497,0.06672224798061316,0.12985416770987776,0.14075682369363973,0.11175461581529235,0.13999699535250454,0.13237218909383547,0.13375872264611657,0.11887627197158909,0.06280887347945921,0.5835797607222325,0.1932439852075275,0.07950186318551822,0.10212446916700277,0.087560074439293,0.05877450931004113,0.1050549647540922,0.12289297651701733,0.09065172377004048,0.11599193296188219,0.23780615092524326,-0.07398320139175421,0.019501946829717298,0.11343488390505174,-0.04222049521505361,0.3017642931967799,0.015668567706038472,0.1233399675443153,-0.04514992381523055,0.10648612703108098,0.20194324553715856,0.09550195177712238,0.08361264966770213,0.06169816120013684,0.061249301394335556,0.015410164143174702,0.17480053000142587,0.12946249020328576,0.10454796463493633,-0.0027722516857377577,-0.02089039822131211,0.06133123482481532,0.1895492407976025,0.5822605723776184,-0.6309124666639486,-0.059286967438602775,-0.0582914753697325,-0.057791420279842534,-0.005821483746263632,0.08242905263031364,0.015584375934611974
-0.01392887166381033,-0.13536455372280257,0.20243845287293416,0.37929914459514014,0.05673235418486628,0.3413154392677552,0.1944573744615625,0.3584662969169402,0.16228585932925563,0.44187144018564467,0.2682597660892031,0.27116583983811365,0.1951341025729892,0.1839366974998196,0.1655409342413007,0.16911988416910603,0.22814480321755917,0.05586279272965914,0.1932439852075275,2.461467501640338,0.29611665434650514,0.2207305590294917,0.11556740262186073,0.23394908232091752,0.27238093148908876,0.571369484936425,0.5128864497757233,0.09680120931047463,0.4961412179650472,0.24435977233982542,0.36585666596508665,0.31188715967074215,0.10963358158813927,0.605974809766467,0.29020793813916845,0.23379510060773442,0.7595840645887105,1.0713032106245106,0.40029711745938945,0.5100173008633495,0.7678521682555622,0.43100001586479575,0.6202704517360303,-0.18982811514677017,0.8307618798569539,0.6597369630598438,0.986350227653674,0.24073462408963353,0.89668251949657,0.09237450828017485,-0.17062244363867032,0.13691267565507814,0.17006337481761594,-0.05382982863459257,0.04915044622735194,0.0009821594949385689,-0.00696649226309213,0.10952000146584265,-0.19121302849108884
0.049747963206486515,0.05857788239783757,0.11457464682941876,0.21835153577773417,0.06064347074429727,0.16938566718557482,0.13299222140253808,0.19442107476369747,0.12720076248269327,0.2543839194789055,0.18375963184363456,0.17802390335308302,0.14429694513906535,0.14724598864810753,0.1738819384870006,0.14238757866373894,0.13565506284063714,0.2466088254208527,0.07950186318551822,0.29611665434650514,0.5260271729042658,0.25665202328057285,0.21613087079396054,0.18960693955902921,0.185611518334049,0.28501819436798276,0.16438566942432667,0.2887345755797174,0.1852093632229961,0.38821379943706696,0.3515513683074966,0.21094088385647272,0.23925222881291042,0.22599653188405844,0.3689433952783942,0.2988156331326946,0.2649124501719189,0.2116431004677647,0.3034376089763048,0.21955464685532106,0.5077659317677573,0.4027702567088809,0.2181188694960299,0.057116366867032066,0.6743936945257313,0.4565943867049453,0.63712026298165,0.0949758707377192,0.04674110292114966,0.04843072928891575,0.038360387879387156,-0.23011458163671358,0.06887550093888666,0.013713152965446618,-0.12020877145522768,0.02748876925514158,-0.18044377611613818,0.12881430201803135,0.027521346610923016
0.05174783710659954,-0.04646838255256587,0.10219238258218788,0.2884900086219205,0.11126198401095332,0.27249999013628384,0.19639703169718442,0.2936632754934242,0.08213309446300186,0.21727659266529606,0.2152363613260584,0.20853082090531092,0.2832346265694913,0.17962868944051563,-0.019226594590294507,0.17808110545645495,0.2057005368280964,0.2945789920599538,0.10212446916700277,0.2207305590294917,0.25665202328057285,1.240990148802029,0.8815930899425162,0.23556788183427974,0.30722418034398197,0.23740767842805396,0.20460352688783867,-0.012377477779762983,0.40903756940036023,0.3670420754907393,0.1640316287280058,0.3128026223647015,0.13819465453083166,0.36666192318643803,0.36111063868129584,0.440646301551686,-0.00021735226676646447,0.17179827140781911,0.33034634560295756,0.1893304041615623,0.3597668775945657,0.24738507311245078,0.1436078873619098,0.13953425358936375,-0.04991920866173549,0.616544815483808,0.5371539683298663,-0.2208280532816038,0.6862253426389829,-0.0012727183845050755,-0.05762647563864424,-0.4398660809325166,0.4037658791944362,-0.008042157362905436,-0.02121285166420526,-0.028762733366724278,-0.1280549024823714,-0.03064693045413842,0.1210055694334256
0.03045035471328268,-0.19167429006339165,0.06428814718085303,0.3707730431565772,0.24110595826729883,0.31126552523052503,0.1936343076789093,0.3071243727857874,0.11764001143250245,0.3444042333646436,0.3229699605417284,0.3548218536352177,0.15836644404529693,0.28674833604275496,0.2538724712275826,0.25652172034191945,0.3213194176193318,0.6179257155975648,0.087560074439293,0.11556740262186073,0.21613087079396054,0.8815930899425162,2.7228140201586584,0.3365178347431832,0.735712249733164,0.11041053735662547,0.21290939150424748,-0.10594850184833514,0.9302537372693332,0.3715928029341798,0.26856629144152544,0.20156838971810864,0.2584056136475144,0.9410556091303197,0.4292240888123103,0.5395681684312187,0.04539998114606303,0.05090179880592943,0.4550566089478798,0.21471739433077683,0.4096793455704135,0.23585542198534093,0.1381329799840456,0.062302047702676076,-0.47962528894557044,0.7508979526498298,1.1739209748119293,-0.13368496749738648,0.234107819890133,0.03878868966826011,-0.18183518045726088,-0.8088189596610965,0.8168686330243858,-0.026188355534941588,0.08295099794804006,0.014988265667924747,-0.20521846632990048,-0.15596368963868157,0.24402552433481184
0.04707830504630725,-0.039850454910989944,0.05357762041081797,0.26760295707673126,0.08982756402607876,0.15586149893937817,0.1251393658960078,0.169549964671781,0.13771308754509826,0.2197006972618655,0.20189400522977513,0.19086518480579848,0.13857426022301014,0.19061916284639788,0.17121122831174487,0.20148272647110158,0.2479679973369721,0.2485667146608388,0.05877450931004113,0.23394908232091752,0.18960693955902921,0.23556788183427974,0.3365178347431832,0.6920335900923624,0.31751048524866116,0.08024474904873109,0.16426560655306988,0.32409378069729783,0.2581361309238789,0.4600501406822514,0.06361655256723002,0.2509541519086046,0.471208681470086,0.26358682186993115,0.3224752115338387,0.13156911247237937,0.2911451488557267,0.13864527144228933,0.18544285951213585,0.09139823960176993,0.2933367385997604,0.20324707876921225,0.2792112947036978,0.07422471098773203,0.11420413919707838,0.44269994222708614,0.5422179688763207,0.10973043146025914,0.3437219131435436,-0.006989560111813846,-0.08774417424574063,-0.22544810906529647,0.2881252533057057,-0.04275496796922072,0.1232859073769914,-0.03689708458815348,-0.06840162098109827,-0.2707966041829311,0.3516438143107165
0.04778013872258283,0.015604981793432154,0.11376960463455453,0.3595640774928463,0.12122206281914856,0.26236419328037913,0.1807980713296784,0.31177074936164756,0.11570681584241332,0.27461596059382143,0.27991715244818316,0.31878216026885436,0.14782649623937957,0.265379110304035,0.30376028339119876,0.30181112604750576,0.27706903656758713,0.29246943004572673,0.1050549647540922,0.27238093148908876,0.185611518334049,0.30722418034398197,0.735712249733164,0.31751048524866116,1.0763154418243068,0.18194328717981256,0.21317346424616254,-0.05265696821853767,0.6641331518935774,0.4084621681720655,-0.14956414941870574,0.15727806388584595,0.24943913703593687,0.6614047063445612,0.4013030954571602,0.20381065994837347,0.18639973712017863,0.14573819356569703,0.4220712979675635,0.15438874027380067,0.27711648349140394,0.20279422458220903,0.36093530545846164,0.11033469224137986,0.1503858478732502,0.5344928358485331,0.6067435398827005,0.05748614399593448,0.22190042557967782,0.10021705156315089,-0.03485645952818064,-0.37046938045557054,0.26122273255100875,-0.024339471511767886,0.006549804375457961,0.08382619115065915,-0.17292225891914384,-0.023999039168834835,0.06796385302279011
0.024995649720524975,-0.06324215592146192,0.24474415406187597,0.33914239540163565,0.13312862106720277,0.2740257738496716,0.16342912367533305,0.295997292175064,0.19306525395297242,0.28418412719626257,0.23721461865273494,0.23666427529418,0.21090807564978722,0.24141887664045517,0.2502284221725262,0.18798461808074948,0.1404551485472372,0.5028274234076577,0.12289297651701733,0.571369484936425,0.28501819436798276,0.23740767842805396,0.11041053735662547,0.08024474904873109,0.18194328717981256,1.7438438063742483,0.23874619397316887,0.5122342712357227,0.2695308212210919,-0.24531009566847384,0.21052742755228643,0.29452607869179726,0.1643574946417196,0.44579458817658313,0.5007304232632447,0.10068312157462085,-0.28643236314540876,0.260621601396649,0.45882515281395125,0.394766773667564,0.38343429345901386,0.3121237465629965,0.5180574183742066,-0.12406814863126846,1.085561110097264,0.28588246575949094,0.37215158031226375,0.12355774489025674,0.7085298642693495,-0.017540005502149486,-0.15218215260770507,-0.17966616453349482,0.04740528561295182,0.07166757780444787,-0.07781075817925924,0.0956540789598019,-0.24781077589618458,0.23151103460926023,-0.10741641016635323
0.043217976081321594,0.07770865895385969,0.12836272259592393,0.22216190902715396,0.061431633994040516,0.19419519792896747,0.13647083648595504,0.1946324650366334,0.10379859734139471,0.2222673854736797,0.20092524125413389,0.22288297125778103,0.15112621246365474,0.15283173651455947,0.140001145355605,0.1955389526102539,0.17927061148303836,0.07296376813052141,0.09065172377004048,0.5128864497757233,0.16438566942432667,0.20460352688783867,0.21290939150424748,0.16426560655306988,0.21317346424616254,0.23874619397316887,0.4488699559485435,0.1531696335196169,0.2325195445750954,0.20037716558744104,0.16289514418925113,0.2579281569119273,0.11723766452134339,0.2776463454506096,0.19836229100001188,0.26435056140866725,0.1786793284036777,0.2572430883729998,0.21137401631757302,0.1920286261425092,0.3359259165700652,0.19031089687649008,0.2953312236159775,-0.025915935092253026,0.3574506239921049,0.3307720834042685,0.39764072352355884,0.05955071807731591,0.2643745422469599,-0.010171215079308965,-0.05400051628890827,-0.09647349420950653,0.15534161963141932,-0.0002731248578463712,-0.004396826778385801,0.015226898269644743,-0.006460110483998243,0.03476721423227858,-0.07203352185643122
-0.003884534142833268,0.20418391656488274,0.1938079515915784,0.02991378519228724,-0.025341967150394006,0.026700212004055597,-0.013397229217306338,-0.029680066785295615,0.17552458792732586,0.2444800666871756,0.14481038748050767,-0.0341632329656163,0.10112370604323691,0.16565696340209307,0.3153236315135552,0.13752337325209016,0.339805340194112,0.2637567034187051,0.11599193296188219,0.09680120931047463,0.2887345755797174,-0.012377477779762983,-0.10594850184833514,0.32409378069729783,-0.05265696821853767,0.5122342712357227,0.1531696335196169,3.6913879318419305,-0.5493841315234123,0.20463436687638104,0.47254265512922916,0.1990948938761029,0.654689706574955,0.19121874531486896,0.29709867989967587,0.03536718622744221,0.4509348935432577,0.06875665204884905,0.2926634839910557,0.07482503042053858,0.7779554677572935,0.3089552302740374,0.29299473854281477,0.056516525828086826,0.7010647233443255,0.2505220379863363,0.2944486552554858,0.24365896552226993,0.18986609856273906,-0.278943149252023,-0.08176218423381224,0.8462848608895248,-0.3380748870910628,-0.10241635302242881,-0.03900192759695144,0.04688815595462959,-0.13391884865696005,-0.02860667667464764,0.2414805490505933
0.04641501365543257,0.13677233507914177,0.15671153253235154,0.40514003946836624,0.22198576307127396,0.42996847222439566,0.19258040464784063,0.4027678833365762,0.05450238223669285,0.3579298175501279,0.32077104187366984,0.35488994603960555,0.2207754685904373,0.26579681363469704,0.24890436690931442,0.2722761932489845,0.3388742817423533,0.34644083776256146,0.23780615092524326,0.4961412179650472,0.1852093632229961,0.40903756940036023,0.9302537372693332,0.2581361309238789,0.6641331518935774,0.2695308212210919,0.2325195445750954,-0.5493841315234123,2.6101156560113736,0.3031465194147355,-0.5352000233319137,0.28152057227973315,0.010121511946372137,1.109425788148072,-0.017221885142509396,0.8274925549329146,-0.8356437331737665,0.1565915040642335,0.4127942577063107,0.24419154123015824,0.3373246913057412,0.11319730994875817,0.04122522393559767,-0.2188593760107527,-0.13019021165550482,0.6582115993117162,0.6257995023741946,-0.10064443645350345,0.48873016760056204,0.03516347575521334,-0.07281243426832325,-0.3302303869539799,0.04861203968287723,0.12375038110199256,-0.14604089015992514,-0.007939808220197315,-0.11896522988260178,0.11573288650031564,0.015478863401775535
-0.03255734083695462,0.0979528365664681,-0.5185578443045875,0.28017825373036015,-0.20001931150659796,0.15006456410738547,0.0811865428941892,0.19233241951821337,0.15129016160172076,0.2207611745712784,0.20804423351334908,0.19374592861608328,0.14335965544015825,0.2601090050455666,0.1903087686234038,0.23675454676676022,0.14639502326553008,0.1963213823004544,-0.07398320139175421,0.24435977233982542,0.38821379943706696,0.3670420754907393,0.3715928029341798,0.4600501406822514,0.4084621681720655,-0.24531009566847384,0.20037716558744104,0.20463436687638104,0.3031465194147355,2.3932427671277954,0.12208121922835306,0.29282561838426147,0.06825303650816107,-0.43084369022388985,1.0207392435651677,0.4861108224922629,0.40610201354394004,0.17839618977883015,0.060431480750145934,0.2530651430119091,0.8669638570565936,0.4148267008877583,0.7142942385982675,0.3961511173920226,0.7276084504267322,1.0722274981717848,0.5640373540940289,0.07421873390285857,0.20589536729271188,-0.3049788997973957,0.0954668268857321,-0.4452728728957364,0.25251863420571424,0.24546464656077802,-0.0314077789786594,-0.13243346750377297,-0.13430213986654366,0.11245126924240571,0.20072701990970693
0.084554068527161,-0.009955669897851464,0.20567427346005945,0.06990190453812578,-0.0023682143329370672,0.068543910224264,0.061841623992211645,0.07971597287227176,0.1467324078943308,0.21119757820063292,0.15560351867910893,0.07559560664809974,0.07330157609909449,0.0967472964272506,0.10573230411713781,0.053785989631305015,0.16356697687584332,0.11608274740920779,0.019501946829717298,0.36585666596508665,0.3515513683074966,0.1640316287280058,0.26856629144152544,0.06361655256723002,-0.14956414941870574,0.21052742755228643,0.16289514418925113,0.47254265512922916,-0.5352000233319137,0.12208121922835306,2.1531413345694426,0.392711293334859,0.254769938174425,-0.17716178693192422,0.19470382200508818,0.38162326039668093,0.949208397760123,0.2909340426000628,0.17071486437165836,0.0896846427887652,0.46073467954887265,0.37830396495746976,-0.1284960506907792,0.09683766016986024,0.25633546984291067,0.4774116747848079,0.9620577833732684,0.0672842160226574,-0.6918247567095404,0.40079947904168706,-0.13491650708514838,0.12948282404040426,-0.21999883695862393,-0.16958775626038153,0.11903505131267927,0.11544914175551872,0.32850186183806807,-0.29044844765299466,-0.20210254175955453
0.054189086955859306,0.04356531421847312,0.08251666118501233,0.26559967298960974,0.13383148502370612,0.22840711468138056,0.12040719630350191,0.17438552342897196,0.10023198602356753,0.2168676323335144,0.20415105230578087,0.22292908396328787,0.1601602013738078,0.184253504306981,0.10376712579115242,0.21785672059178765,0.17874205851879305,0.16303317161882103,0.11343488390505174,0.31188715967074215,0.21094088385647272,0.3128026223647015,0.20156838971810864,0.2509541519086046,0.15727806388584595,0.29452607869179726,0.2579281569119273,0.1990948938761029,0.28152057227973315,0.29282561838426147,0.392711293334859,0.828270517473048,-0.029550469804168034,0.1976005769697999,0.26584832253983764,0.38385843413447945,0.10774811511788189,0.19775531352521244,0.24045014476576454,0.1938979219850949,0.41014908204707995,0.23799688128092933,0.039372841005709515,0.003938542062302457,0.22703440317567739,0.4806892240840597,0.5333621971519731,-0.010361915740039331,0.1285855999538976,0.0033910374775178863,-0.035024409571166225,-0.2733733604781833,0.22628303309242845,-0.008135838272635674,-0.07081541998939125,-0.009069259332064757,0.3663606562780932,-0.16942587109727641,-0.165128887480721
0.09112390689181694,-0.05848428542995449,0.31618544798419373,0.09777968039478889,0.03444634590451351,-0.019523112921679513,0.14225481616120608,0.10846909919578658,0.2489503993499332,0.237038819417191,0.21010664748600358,0.137722968192428,0.11163973776290882,0.09554837955579291,0.2340352265775657,0.11248828138645714,0.43008558976990546,0.12474524779082967,-0.04222049521505361,0.10963358158813927,0.23925222881291042,0.13819465453083166,0.2584056136475144,0.471208681470086,0.24943913703593687,0.1643574946417196,0.11723766452134339,0.654689706574955,0.010121511946372137,0.06825303650816107,0.254769938174425,-0.029550469804168034,2.0214197986451676,0.059576382894621416,-0.26452848053622685,-0.2507708298255772,0.3939504872342467,0.11364593659162579,0.005213791618134576,-0.15855283490584599,-0.052306598357018126,0.1984191725483309,0.4386691933188555,0.08358861007504666,0.07568884730569418,0.36441382419737817,0.9298524585087147,0.32419792377979534,0.2550585032318447,0.1564297447122174,-0.17953627383735526,-0.1074064420587286,0.2575905792254459,-0.24205912553018533,0.15298871667350944,0.22668519189446595,-0.3808843838904926,-0.16819034471445568,0.3100315815089889
-0.04183386427068608,-0.10786942846108015,0.44777669253068664,0.4744724876010738,0.3338468851168361,0.29113513966616056,0.2318144576686525,0.3382892377320492,0.0519635567810201,0.5469696476602529,0.2634176122271535,0.34202847285483334,0.19916036464900075,0.21386709256926942,0.27221992582750687,0.28931495672636187,0.24359526210195867,0.4082030951197439,0.3017642931967799,0.605974809766467,0.22599653188405844,0.36666192318643803,0.9410556091303197,0.26358682186993115,0.6614047063445612,0.44579458817658313,0.2776463454506096,0.19121874531486896,1.109425788148072,-0.43084369022388985,-0.17716178693192422,0.1976005769697999,0.059576382894621416,2.802143827895865,0.3621779467365734,0.32093213375953733,-0.3558603201428126,0.22433009421345748,0.7964727837386486,0.15286303036716054,0.599408470604425,0.2211279778418874,0.5208895981841107,0.14040169467692082,0.0972203642831954,0.34049490660512644,0.8227965733471012,0.11274359509697904,0.49180833629428844,-0.2204890204549082,-0.01754157559061612,0.15355769767949332,0.3222352384922996,-0.0643955801674953,-0.09239449319129,0.07633515891887672,-0.253725717098123,0.12605503793493003,-0.018600212018000595
