1.2456411840315489,0.5679207971886788,0.29196115958111085,0.030176273852879878,0.29794519814051196,0.2288233817326073,0.33475471481258634,0.2885387341807617,0.189731288238207,0.18677116015267453,0.18156539487391912,0.18225322287790655,0.14246494316211397,0.2953686574741589,0.18419141677870793,0.21543242023686834,0.16538027789938187,0.22845015298648064,-0.013195412777398,0.1649043218438013,0.1921223763824896,0.1973137185469996,0.14820698609387967,0.09797890821797692,0.1948646539203766,0.25301382465140765,0.15981527630313572,0.13760135341518934,0.20583095608140237,0.043928599659501605,0.17376361059881226,0.05828627858622154,0.1491571620824366,-0.013010397214246355,0.1161427827695577,0.08395369043005593,0.2094468798529399,0.2702900190823086,0.1327826883235081,0.15218406103727933,0.1940811618527551,0.17707281933568034,0.24132242311983365,0.001015391437163368,0.20472418546805526,0.10573654591155883,0.2792112166739726,0.021656493785884176,0.25217675779515686
0.5679207971886788,6.102105735149951,0.4966422184492413,0.12542908229642996,0.15174908111189625,0.1599787294710038,0.3074689028729795,0.4072634904628955,0.12269459382353565,0.2780938400080267,0.12452459120509288,0.15880768325193031,0.1211049001302708,-0.03641499080318079,0.2097056559706885,0.14280926962230447,0.004093526813889128,0.5682750234880082,0.13205082115629935,0.14437753894079997,0.47597266721772846,0.15461614623201017,0.07980170246314527,0.03320005580098818,0.39696550637827255,0.2753154558559536,0.32977668263988635,0.23846049514205928,0.8525256910245788,0.15815955189055272,0.36168977367557464,-0.051585172846503415,0.29286152496638734,0.05815987768573456,0.22121300311271436,0.21317040250691213,0.8808311914772,0.19843880084882567,0.11118528814759639,0.16192080490339356,0.4926360618937354,0.352002619197142,0.11358546524161774,-0.08627566600894704,0.4263481420308344,0.4862991135339771,0.45955866776307247,0.04462062414424818,-0.011734259571090054
0.29196115958111085,0.4966422184492413,1.6581342330143891,0.14091949890424424,-0.28470625980861347,0.241274455610333,0.09509524758749774,0.37433479063170844,0.2489034822903182,0.3157640184242536,0.18226369983307641,0.1026282950799265,0.14652463462376392,0.16655251211973573,0.1562872413279893,0.1513815905679562,0.28296082409153633,0.2647070720117593,0.08587839471522705,0.23110734444698483,0.21393741849693754,0.21772903390995796,0.20273883280839394,0.18612707472545484,0.2694222865851956,0.16365700509645137,0.17623219127833167,0.2584884849210256,0.3506648480982031,0.0025139080472973215,0.21427308948121052,0.08451951999593978,0.1416692564768874,0.24523590549069751,0.3399375196395854,0.2456224243309606,0.3957414459645806,0.3514683342325225,0.17120146058461477,0.11866383355018595,0.3397579622773729,0.22610328868387577,0.22644195868709965,0.09480106866008702,0.3114242759172537,0.5520395778256205,0.4285731802433973,0.03902278317886912,-0.2371775270261209
0.030176273852879878,0.12542908229642996,0.14091949890424424,1.731067745324717,0.505100983151341,0.3657235461605021,0.4010026210628747,0.45654136947772594,0.18379682538895875,0.34634538097163076,0.23914665048273911,0.3665754102338631,0.22050561033716182,0.5140753611820336,0.2684643991796585,0.39272704757952964,0.24271411963634937,0.3486830386329166,-0.05359448259484537,0.29460557598563714,0.23760916954287628,0.2851478062383533,0.3551735048890187,0.28946610191581906,0.328683820537949,0.33780961654535463,0.2373893549314642,0.1593894594417451,0.30269568130125807,0.09322909448620102,0.2377679446865683,0.2602832237411381,0.20746508451868892,0.3255797130783156,0.06682510662676056,0.16900718417460756,0.3206907817947411,0.33515325921580597,0.22769930070497857,0.19235452165810618,0.25833785488086974,0.2500072190726518,0.3400987751123224,0.001199968413517522,0.2550587697866757,0.12132134710157967,0.5255053748657373,0.024883720502981477,0.2040666574997866
0.29794519814051196,0.15174908111189625,-0.28470625980861347,0.505100983151341,1.0828103076450564,0.47527677190724393,0.32529981281289727,0.32304033142333166,0.19609546136884712,0.24675977527816395,0.26852592977883216,0.3661041559927832,0.20499087265531582,0.23479878792569575,0.3316266281827011,0.2709696514813903,0.14327359087118652,0.304785870439574,-0.06653776161358005,0.2259394243831802,0.1901937364951017,0.2203524856534847,0.2792662432950791,0.16928599436185804,0.2645658900821622,0.34453650781398865,0.197691937356646,0.06774899674606569,0.2634889071858983,-0.11819503049532079,0.16747817705718954,0.3168059833729391,0.09612801756340215,0.3036031390097263,0.02475738502590925,0.013817169565009498,0.11522022690291199,0.2135381802896359,0.205809928126312,0.16718360596906343,0.14354136412576635,0.19291412809694103,0.21214447728103036,-0.013134425121180076,0.023000057623243326,-0.026010971814827765,0.39316108521062754,0.026766345461819233,0.4608886132828308
0.2288233817326073,0.1599787294710038,0.241274455610333,0.3657235461605021,0.47527677190724393,0.7365554039361828,0.1808328830838282,0.4046986967434081,0.21168956953284507,0.2399293701988974,0.2797366891445348,0.29339546563679636,0.17682706680771137,0.2164870457270386,0.2616902984553421,0.23996341721285205,0.22979130404130163,0.287906349589865,0.012973448963573527,0.309096402252562,0.21695551968873847,0.23388424840433167,0.2550138352474371,0.18120834242780198,0.28975976720360036,0.3207371892370565,0.22588729616412886,0.13182863093423344,0.3647699739607498,-0.1681521750219522,0.17450438419355296,0.31830450729125337,0.05418016107371836,0.35771532514715043,0.1691447957235355,-0.020319002871045946,0.1830829827346924,0.3324301059640821,0.24723070881150477,0.19916588604795166,0.20317397704986645,0.22067981975201834,0.329604674264849,0.03215500339668396,0.15804567437503866,0.09947048526957407,0.5033325926902139,0.04607338525693459,0.406155969895204
0.33475471481258634,0.3074689028729795,0.09509524758749774,0.4010026210628747,0.32529981281289727,0.1808328830838282,0.6175905841190086,0.23457927919097496,0.232292540795069,0.16323881570051832,0.19105072965263872,0.28232063882537645,0.15062041095259565,0.07336497234284553,0.12147752972394389,0.17360903200538264,0.14903494730398617,0.23922934385353636,-0.06396378652486667,0.11185121750774057,0.15149979867847177,0.19999546535131024,0.19108083046913804,0.1517220685862922,0.1885902594491188,0.27007457217554515,0.16624647105168502,0.0951182478001899,0.12662720269017466,0.12077962979624893,0.15958184864709704,0.10999549955216116,0.14638205660887968,0.10862578524338583,0.024032681789033804,0.1594649004074084,0.10903772012868539,0.1513114248087206,0.1498123824928182,0.10180913686087752,0.08684043505270106,0.14234751418578306,0.13426442145553585,0.0026603361449838757,0.12345202268703263,0.003715762304691828,0.12695683265525493,-0.0003705234179505468,0.2327060265682156
0.2885387341807617,0.4072634904628955,0.37433479063170844,0.45654136947772594,0.32304033142333166,0.4046986967434081,0.23457927919097496,1.070347176014033,0.0017826899520565218,0.2866845615265983,0.23119707280260254,0.07678818652628835,0.19138847377792828,0.2586731121747657,0.1130144673952327,0.21806414764592588,0.31318393557314933,0.30436550499931037,0.13926113703427878,0.32405223276937284,0.19237277743355172,0.14380553548290056,0.20382326285011473,0.16039985315597347,0.2734421554496623,0.25589104074394703,0.2112397052847062,0.22809594540277847,0.30538712753865954,-0.016320875478854743,0.1975391271934992,0.12097229014684313,0.15440043875367165,0.25949278367646306,0.23459638907400143,0.01221502926638205,0.38021222318314263,0.30192196126628057,0.3544750218428721,0.20681020931149033,0.2699887849006207,0.20070996785449732,0.28669098499705453,0.03590128161150535,0.33147467272277503,0.07438815161153363,0.5407242604921979,0.05994113081716219,0.34352849179082695
0.189731288238207,0.12269459382353565,0.2489034822903182,0.18379682538895875,0.19609546136884712,0.21168956953284507,0.232292540795069,0.0017826899520565218,0.7582156742909312,0.018907368158678457,0.11982030132216344,0.18839352735361195,0.12942092511466124,0.11262743057335807,0.1935745072548979,0.1311781039076365,0.12982543560259066,0.24880847467826747,-0.26255368367840526,0.1633303007604946,0.17116997468998105,0.36314588701348594,0.3000866528039872,0.1822529428487743,0.2072654702576701,0.36073416408632986,0.15756791488906938,0.08698005003535855,0.1224127962138266,0.11614456608643244,0.15127158937036406,0.1763343254541159,0.15584794642371588,0.21646791137737245,0.04046549622982399,0.10420404981942963,0.14202988377641781,0.24499849696569626,0.07873680217065258,0.11487500871455168,0.10233673141542583,0.17099952250754433,0.27547219174401744,0.02297234508945707,0.12240293262640684,0.17485167423228612,0.28416201998192814,-0.015176185987127137,0.07584268859670326
0.18677116015267453,0.2780938400080267,0.3157640184242536,0.34634538097163076,0.24675977527816395,0.2399293701988974,0.16323881570051832,0.2866845615265983,0.018907368158678457,0.8129712282279201,0.2504044029625443,0.28659515094540644,0.21037082747769015,0.22663369798443866,0.21355791605704622,0.24219249692476372,0.2130305927947168,0.32381983742054476,0.059193681359836214,0.13748260027160866,0.16574016405770522,0.15517276013780182,0.295126772822876,0.18993375176695515,0.24218472150548576,0.1810010845538328,0.2012295393925444,0.21383807353718443,0.26607535336818516,0.17301185517977186,0.18636846522406514,0.11376363931691598,0.18895951629166233,0.2243227251763978,0.21346707703374335,0.1417479836990062,0.2907514367229226,0.19051615391301344,0.19184770337140353,0.14992580910869896,0.26615314328074247,0.17618917528768374,0.1692243623365746,0.022725219716509284,0.08251781621027861,0.2207255966646382,0.4934515854653707,0.0433378236698556,0.23499865866555195
0.18156539487391912,0.12452459120509288,0.18226369983307641,0.23914665048273911,0.26852592977883216,0.2797366891445348,0.19105072965263872,0.23119707280260254,0.11982030132216344,0.2504044029625443,0.5621559999075783,0.3644260866427774,0.22985427425604527,0.17106100402683597,0.2906678006494567,0.23509314371195605,0.28871059588468523,0.2551932807129807,-0.005756656173548889,0.25331443534206577,0.21864278378901547,0.179870700072876,0.24557777808963666,0.1901066381344417,0.2850134277490748,0.25196476619551333,0.24229465838576628,0.20908505490832802,0.28021700440223196,0.06561733863889795,0.1930055776876973,0.1786641158080885,0.13095513762641037,0.2515888660116192,0.24975249308700753,0.14338124945338482,0.22038752220332694,0.22733061352238051,0.23240369863533075,0.19488740857769687,0.240064361818413,0.22726616961623586,0.22409107841428835,0.02525382764245633,0.2023821290398117,0.1435586345800799,0.41361645036243505,0.03631201745100324,0.1525313116715183
0.18225322287790655,0.15880768325193031,0.1026282950799265,0.3665754102338631,0.3661041559927832,0.29339546563679636,0.28232063882537645,0.07678818652628835,0.18839352735361195,0.28659515094540644,0.3644260866427774,0.9494681865722583,0.15933119150006061,0.1581169149030502,0.26015521552101195,0.2894458995132407,0.18961794965819145,0.20224920822944348,-0.020634452592219594,0.16803071567451738,0.16033857308441685,0.23291570649710994,0.21134994758688155,0.17304935965988522,0.33060617188666885,0.3133493426910919,0.29042906115742884,0.12526289797374054,0.2757616049267492,0.07891457845658972,0.16062854197520202,0.16989613472649956,0.11092162714801387,0.22622233461799746,0.1697924869137586,0.07626724689127079,0.007606229421505913,0.1729225526591848,0.1772663503994379,0.15967821473278157,0.10729647237971102,0.16818245816035882,0.22015419541634504,0.007502629194043646,-0.04209602451597134,0.041494657924849444,0.29459384524832066,0.02478264446870664,0.5892052312715589
0.14246494316211397,0.1211049001302708,0.14652463462376392,0.22050561033716182,0.20499087265531582,0.17682706680771137,0.15062041095259565,0.19138847377792828,0.12942092511466124,0.21037082747769015,0.22985427425604527,0.15933119150006061,0.4168558336371816,0.15339471714990724,0.10884432875768081,0.19395871844060145,0.19785979167530313,0.1747392109764368,0.01730695197159621,0.15660487398416464,0.15523514815684245,0.17910538642028956,0.16720854200686572,0.14040685403864953,0.17969680979141522,0.17386694460961752,0.17586062116993917,0.15414432469743794,0.20627541504933292,0.06363654430188612,0.13356078935384258,0.11885368678075119,0.09210613944600826,0.17435839188209498,0.19636926884907704,0.10286315143533861,0.17176506940522643,0.17791548156020934,0.17885637406030055,0.14313609164666843,0.1988496879175392,0.1622786951795561,0.1875339076570252,0.025791952357299065,0.15541537739951194,0.10368960433878129,0.301350777144115,0.019378308749593575,0.16379027457385734
0.2953686574741589,-0.03641499080318079,0.16655251211973573,0.5140753611820336,0.23479878792569575,0.2164870457270386,0.07336497234284553,0.2586731121747657,0.11262743057335807,0.22663369798443866,0.17106100402683597,0.1581169149030502,0.15339471714990724,0.8420296280214951,0.26963649334292034,0.4226193539994873,0.24011204504016473,0.17832694488278575,0.015712529446914973,0.2721082738153514,0.231852656600532,0.2592557723896499,0.2356098802382446,0.19596273028296662,0.23434914709528348,0.21081808231786534,0.14941334664782502,0.19508686357063287,0.2934736720580473,0.05464776659370514,0.1755392507615384,0.16433403433327323,0.1454247344209824,0.23394149364230898,0.2440702421107342,0.06664300209239774,0.34813043683497136,0.34891787076203457,0.1309903051870194,0.2132669104901173,0.3650337727581945,0.2481149744832113,0.4119913924801973,0.007910096441321577,0.20452077941747743,0.19430390969273295,0.5633792515135946,0.048298246892390644,0.3227956783927663
0.18419141677870793,0.2097056559706885,0.1562872413279893,0.2684643991796585,0.3316266281827011,0.2616902984553421,0.12147752972394389,0.1130144673952327,0.1935745072548979,0.21355791605704622,0.2906678006494567,0.26015521552101195,0.10884432875768081,0.26963649334292034,1.0161842398242358,0.20617562293514888,0.19867029330937705,0.3413789549274743,-0.008768653215323647,0.2867814785717508,0.25011753053162783,0.1853404306060234,0.34656844867263753,0.21713950023188797,0.34361957633216283,0.23369959569877885,0.22880679777510943,0.20464960893186782,0.36236810916652823,0.24742665227065655,0.21577673950735266,0.16053929641540501,0.21120270684961095,0.3123988815006449,0.20280858846097222,0.18131160145846997,0.29374384060810177,0.17108147956274114,0.19554771300399854,0.18597079972248454,0.29400508968574063,0.2492860399682507,0.23991919095375622,0.029036135556766107,0.09678163608690836,0.2823180070043943,0.4519960793553772,0.05930966932157715,0.2577605743048277
0.21543242023686834,0.14280926962230447,0.1513815905679562,0.39272704757952964,0.2709696514813903,0.23996341721285205,0.17360903200538264,0.21806414764592588,0.1311781039076365,0.24219249692476372,0.23509314371195605,0.2894458995132407,0.19395871844060145,0.4226193539994873,0.20617562293514888,0.7227112798762542,0.2845496768420356,0.22081553342381294,0.03852711366435514,0.20045248617160893,0.2415266529515761,0.3899755785809403,0.22179917722946885,0.19617973808603784,0.27958686946089084,0.17888788337938505,0.23437498727864015,0.23468138952703602,0.31640907389689876,0.05271076726083036,0.19974467655519237,0.18349246526630178,0.09144245561605548,0.2583172241351196,0.3737993968223218,0.11584656832766946,0.28828404057440393,0.32215262907540543,0.20253252513582734,0.2406131886821006,0.349434835068139,0.2682289568766597,0.4140908569920461,0.04215462663910404,0.20456835275323332,0.17337296389837578,0.5004737051224657,0.017883822163321596,0.3366257589472969
0.16538027789938187,0.004093526813889128,0.28296082409153633,0.24271411963634937,0.14327359087118652,0.22979130404130163,0.14903494730398617,0.31318393557314933,0.12982543560259066,0.2130305927947168,0.28871059588468523,0.18961794965819145,0.19785979167530313,0.24011204504016473,0.19867029330937705,0.2845496768420356,0.9500387057050278,0.07077069731726562,0.085602328644658,0.2971032350844061,0.30297003702907993,0.21206216152758905,0.2032234434672133,0.22622357673626012,0.2782712686633461,0.13909065340024224,0.2671236013292349,0.4404958599805417,0.2060592717084698,-0.008338892282772575,0.1827856123201059,0.18065188254233913,0.19799787858613405,0.2541279194181826,0.4296222525905952,0.11683293066108393,0.5230428910081576,0.41660538431315197,0.22212807937274603,0.2614327342948034,0.4569482799025688,0.3477093727847262,0.3391222844759751,0.038367418752237856,0.39832466670919703,0.21679427962764378,0.6809402250502574,0.06426331588375211,0.07622100213953385
0.22845015298648064,0.5682750234880082,0.2647070720117593,0.3486830386329166,0.304785870439574,0.287906349589865,0.23922934385353636,0.30436550499931037,0.24880847467826747,0.32381983742054476,0.2551932807129807,0.20224920822944348,0.1747392109764368,0.17832694488278575,0.3413789549274743,0.22081553342381294,0.07077069731726562,1.023573945728302,-0.14398373369725442,0.08055757201773477,0.2583471590811493,0.2561569667712589,0.7679514253487323,0.22709716328670593,0.4068089839675768,0.32756222159842135,0.1563362637184534,0.189822738673439,0.39160502522506585,0.1417323102486383,0.317290498135271,0.10159572937995048,0.27883383927204747,0.3152465553461352,0.1425210710611106,0.19178707554953628,0.4224309371460659,0.22615031586960246,0.21401003230106147,0.21784630578992398,0.2707663993753186,0.22410343985483805,0.34662619896227426,-0.017204783002945808,0.23352822930783962,0.31057267987426973,0.5763707150026709,0.04145292649387012,0.08425527581003885
-0.013195412777398,0.13205082115629935,0.08587839471522705,-0.05359448259484537,-0.06653776161358005,0.012973448963573527,-0.06396378652486667,0.13926113703427878,-0.26255368367840526,0.059193681359836214,-0.005756656173548889,-0.020634452592219594,0.01730695197159621,0.015712529446914973,-0.008768653215323647,0.03852711366435514,0.085602328644658,-0.14398373369725442,1.320657217903348,-0.07705221283741341,0.08482969974436488,-0.042946216112204276,-0.4594783127170808,0.0055755874806867195,-0.023555932628568244,-0.2631545293425579,0.01781600908758958,0.1364936245996267,0.041026041990136576,0.08469299233323986,0.19182362750613746,0.015719020611586386,0.10324773981961109,-0.11241714972928106,0.09378798595842237,0.3222068516819953,0.10342885893758233,0.07940032029990746,0.17761235645486181,-0.04134547402269427,0.1625211567837827,0.03858513718231152,-0.19165211872782145,0.09799096947712876,0.07852449538821722,0.087785564531689,-0.21831122526435268,0.05361728473265267,-0.04196730464213613
0.1649043218438013,0.14437753894079997,0.23110734444698483,0.29460557598563714,0.2259394243831802,0.309096402252562,0.11185121750774057,0.32405223276937284,0.1633303007604946,0.13748260027160866,0.25331443534206577,0.16803071567451738,0.15660487398416464,0.2721082738153514,0.2867814785717508,0.20045248617160893,0.2971032350844061,0.08055757201773477,-0.07705221283741341,1.2363606933336428,0.12799609573253645,0.12053038708146667,0.08203560117960883,0.21946072795046428,0.24807136823378564,0.27221462266910496,0.33782421478487956,0.23892821506212297,0.23673407266777646,0.16859980689267334,0.17893514280244208,0.2362841737982028,0.16782111741501796,0.3512523476865712,0.15832505614468928,0.014881459978133907,0.7294053305353496,0.45886043718297315,0.38673443386537065,0.2966650570464168,0.3338182564413768,0.20983476892676792,0.4314231392966079,-0.02391959598724416,0.7147163088384488,-0.0012826179903116725,0.3577432995305328,0.11485022208328555,0.5493227613238261
0.1921223763824896,0.47597266721772846,0.21393741849693754,0.23760916954287628,0.1901937364951017,0.21695551968873847,0.15149979867847177,0.19237277743355172,0.17116997468998105,0.16574016405770522,0.21864278378901547,0.16033857308441685,0.15523514815684245,0.231852656600532,0.25011753053162783,0.2415266529515761,0.30297003702907993,0.2583471590811493,0.08482969974436488,0.12799609573253645,0.5688006075368597,0.21715132186638725,0.19142510940855526,0.16644327843855838,0.2677835258566725,0.24120733614075918,0.1873411895970289,0.2424979877962391,0.2716792118495086,0.04632087660366286,0.27449088700992824,0.1949991551632735,0.16459849636780824,0.2395379887168745,0.30882660398929007,0.23475016419221384,0.31788333344977354,0.3756978134630805,0.14779697629440325,0.24440342294114437,0.5015072560115835,0.45502238814192475,0.31167061188725087,0.024714490379435437,0.33486765634910964,0.2342164916861128,0.5699215883772165,0.058906122747788066,0.1167791458010686
0.1973137185469996,0.15461614623201017,0.21772903390995796,0.2851478062383533,0.2203524856534847,0.23388424840433167,0.19999546535131024,0.14380553548290056,0.36314588701348594,0.15517276013780182,0.179870700072876,0.23291570649710994,0.17910538642028956,0.2592557723896499,0.1853404306060234,0.3899755785809403,0.21206216152758905,0.2561569667712589,-0.042946216112204276,0.12053038708146667,0.21715132186638725,0.6757534786890924,0.3057470815688078,0.200539449767164,0.2693021342689276,0.23693538242998607,0.2029375111287361,0.15708823541801453,0.2762659677248675,0.11629622508114583,0.17719307860135244,0.23033453547176305,0.1536215825278258,0.26448997178370415,0.2015357613373979,0.11828757042983613,0.1840268850117765,0.3243888021244355,0.16941238000895792,0.17717908451296233,0.24473703670412428,0.22855299522813477,0.41382722263240374,0.07676825999648358,0.07122298117928583,0.22838298466048143,0.4420788372409614,-0.0371161398478186,0.364355846572962
0.14820698609387967,0.07980170246314527,0.20273883280839394,0.3551735048890187,0.2792662432950791,0.2550138352474371,0.19108083046913804,0.20382326285011473,0.3000866528039872,0.295126772822876,0.24557777808963666,0.21134994758688155,0.16720854200686572,0.2356098802382446,0.34656844867263753,0.22179917722946885,0.2032234434672133,0.7679514253487323,-0.4594783127170808,0.08203560117960883,0.19142510940855526,0.3057470815688078,1.9242834798952428,0.47642708612928086,0.5014671029827185,0.11815307406327223,0.1363502010074732,0.2710094346139457,0.43680631366401323,0.32388415512052704,-0.19150698975037336,0.19539658772869664,0.4391465825855475,0.5246428272921283,0.12542444110445267,0.013514443385781092,0.6306669494411624,0.17547706121867088,0.430042676966467,0.3535019900419842,0.26215590185072835,0.23634036756616084,0.38820675627637447,0.007240890955625512,0.22297894573091182,0.2931288529557684,0.9404332771054016,0.0953269427170798,0.3981897959293462
0.09797890821797692,0.03320005580098818,0.18612707472545484,0.28946610191581906,0.16928599436185804,0.18120834242780198,0.1517220685862922,0.16039985315597347,0.1822529428487743,0.18993375176695515,0.1901066381344417,0.17304935965988522,0.14040685403864953,0.19596273028296662,0.21713950023188797,0.19617973808603784,0.22622357673626012,0.22709716328670593,0.0055755874806867195,0.21946072795046428,0.16644327843855838,0.200539449767164,0.47642708612928086,0.6670127083605903,0.30113825440700037,0.07764720775908439,0.19012762055493304,0.2696456852072322,0.17885420485404716,0.4391361325424601,0.23208417524051583,0.4344349329168308,0.3655870834449773,0.2211644921620768,0.17316965095570466,0.34520709824882595,0.356004489208632,0.3171248756227322,0.25386012205611747,0.17832930398071364,0.27883127573289357,0.20041779548103503,0.2013973077112663,0.05620231420206957,0.22774568723503644,0.16836649289908862,0.4630218665191381,0.03966069764018511,0.17824429060318647
0.1948646539203766,0.39696550637827255,0.2694222865851956,0.328683820537949,0.2645658900821622,0.28975976720360036,0.1885902594491188,0.2734421554496623,0.2072654702576701,0.24218472150548576,0.2850134277490748,0.33060617188666885,0.17969680979141522,0.23434914709528348,0.34361957633216283,0.27958686946089084,0.2782712686633461,0.4068089839675768,-0.023555932628568244,0.24807136823378564,0.2677835258566725,0.2693021342689276,0.5014671029827185,0.30113825440700037,1.5610176407925185,0.24212404910639299,0.26422708831167596,0.21583104768218933,0.5612626137420058,0.1300613032223925,0.31630745665991455,0.27381321967656436,0.12708812021734808,0.4803253525454259,0.3624937784297022,0.3290968395013042,0.2794425592704377,0.34519647631413614,0.2987282834150904,0.2484804660803546,0.356327446983562,0.2766105478172167,0.3435205779578839,0.07076099097577822,0.2661794710070659,0.30043662850258374,0.5891628203283266,0.0017574733300776161,0.0015044255137229728
0.25301382465140765,0.2753154558559536,0.16365700509645137,0.33780961654535463,0.34453650781398865,0.3207371892370565,0.27007457217554515,0.25589104074394703,0.36073416408632986,0.1810010845538328,0.25196476619551333,0.3133493426910919,0.17386694460961752,0.21081808231786534,0.23369959569877885,0.17888788337938505,0.13909065340024224,0.32756222159842135,-0.2631545293425579,0.27221462266910496,0.24120733614075918,0.23693538242998607,0.11815307406327223,0.07764720775908439,0.24212404910639299,1.595724451249225,0.24145791674493364,0.013727276800418593,-0.17563380421624458,-0.18727507301211507,0.25227021960708373,0.21761190553873508,0.05348898463109564,0.28616577158900536,0.04188759212491051,-0.020001272661422553,-0.2597372219267119,0.2891496029458586,-0.276733916545346,0.15957551688663096,0.007557605036192109,0.2211480355496223,0.4727982553128149,-0.12473026219398596,-0.0895495285867622,-0.014848073204760691,0.22742172692941584,0.03332472455501732,0.37951287154293484
0.15981527630313572,0.32977668263988635,0.17623219127833167,0.2373893549314642,0.197691937356646,0.22588729616412886,0.16624647105168502,0.2112397052847062,0.15756791488906938,0.2012295393925444,0.24229465838576628,0.29042906115742884,0.17586062116993917,0.14941334664782502,0.22880679777510943,0.23437498727864015,0.2671236013292349,0.1563362637184534,0.01781600908758958,0.33782421478487956,0.1873411895970289,0.2029375111287361,0.1363502010074732,0.19012762055493304,0.26422708831167596,0.24145791674493364,0.7839087303342953,0.2109155995678892,0.18545831959046172,0.07342475527239593,0.19872540442097886,0.43257627001704996,0.15956023948240472,0.23667381592983597,0.22459958446105258,0.20714068069743674,0.24425713650327915,0.36387610991299346,0.2066668305031834,0.206147034322371,0.2898175899695453,0.21908119615691934,0.39584736261734205,-0.0005972231312915749,0.36358838222592715,-0.0009537179782988367,0.3504999891619526,0.03819148194038599,0.3055743407447833
0.13760135341518934,0.23846049514205928,0.2584884849210256,0.1593894594417451,0.06774899674606569,0.13182863093423344,0.0951182478001899,0.22809594540277847,0.08698005003535855,0.21383807353718443,0.20908505490832802,0.12526289797374054,0.15414432469743794,0.19508686357063287,0.20464960893186782,0.23468138952703602,0.4404958599805417,0.189822738673439,0.1364936245996267,0.23892821506212297,0.2424979877962391,0.15708823541801453,0.2710094346139457,0.2696456852072322,0.21583104768218933,0.013727276800418593,0.2109155995678892,1.3872581965717654,0.11793882671104622,0.17330679475373073,0.21116382907180367,0.041125681470870576,0.6000730654652738,0.1147761762132442,0.8508829857550908,0.13733339403306893,0.6814690474288517,0.27644675109137085,0.24530837151569604,0.3128913305567384,0.49857113777737494,0.284143497241832,0.22843678093722233,0.10411348186643682,0.3033495590697824,0.24869136092424218,0.5347534342354002,0.1267537075586229,0.21725214898570275
0.20583095608140237,0.8525256910245788,0.3506648480982031,0.30269568130125807,0.2634889071858983,0.3647699739607498,0.12662720269017466,0.30538712753865954,0.1224127962138266,0.26607535336818516,0.28021700440223196,0.2757616049267492,0.20627541504933292,0.2934736720580473,0.36236810916652823,0.31640907389689876,0.2060592717084698,0.39160502522506585,0.041026041990136576,0.23673407266777646,0.2716792118495086,0.2762659677248675,0.43680631366401323,0.17885420485404716,0.5612626137420058,-0.17563380421624458,0.18545831959046172,0.11793882671104622,2.5568520057373587,-0.13768015506256076,0.08194878177129868,0.2613450389003892,-0.12959444950279642,0.5252837793136564,0.5921587645493898,0.19122909155985526,-0.2862520860312703,-0.4216886460300726,0.45655843868690776,0.3159375748824677,0.5423024389523896,0.24810677817495344,0.1435513079879355,-0.015611676426486774,-0.32326567944160184,0.6578775663512593,0.7642533068655888,-0.04620553635163779,0.539265696402152
0.043928599659501605,0.15815955189055272,0.0025139080472973215,0.09322909448620102,-0.11819503049532079,-0.1681521750219522,0.12077962979624893,-0.016320875478854743,0.11614456608643244,0.17301185517977186,0.06561733863889795,0.07891457845658972,0.06363654430188612,0.05464776659370514,0.24742665227065655,0.05271076726083036,-0.008338892282772575,0.1417323102486383,0.08469299233323986,0.16859980689267334,0.04632087660366286,0.11629622508114583,0.32388415512052704,0.4391361325424601,0.1300613032223925,-0.18727507301211507,0.07342475527239593,0.17330679475373073,-0.13768015506256076,2.81272540495362,0.23379982402945096,0.12112682314427096,0.5996548184189981,-0.14339657922814092,-0.08453367319935993,0.5606370162901634,0.6177065203191131,0.2843068062069521,0.3685048072103171,0.05595904925218208,0.16979349384470183,0.04266028341054015,0.2887191299905885,0.1664637454906685,0.44741499953289,0.1369432519563412,0.3100042026618927,0.0308792476637125,0.6693451332793708
0.17376361059881226,0.36168977367557464,0.21427308948121052,0.2377679446865683,0.16747817705718954,0.17450438419355296,0.15958184864709704,0.1975391271934992,0.15127158937036406,0.18636846522406514,0.1930055776876973,0.16062854197520202,0.13356078935384258,0.1755392507615384,0.21577673950735266,0.19974467655519237,0.1827856123201059,0.317290498135271,0.19182362750613746,0.17893514280244208,0.27449088700992824,0.17719307860135244,-0.19150698975037336,0.23208417524051583,0.31630745665991455,0.25227021960708373,0.19872540442097886,0.21116382907180367,0.08194878177129868,0.23379982402945096,1.222627960100312,0.16704746258423,0.2390221474260321,0.07287792253714613,0.18590826262954444,0.6342867244611072,0.1746021276002962,0.4291385786229306,0.10497525834214717,0.10958116127305947,0.40022281531105885,0.239604376323795,0.09158483145197573,0.0384970681737146,0.25997384313526706,0.19408986239264606,0.2940773290389128,0.007439434571242223,-0.2388725929797439
0.05828627858622154,-0.051585172846503415,0.08451951999593978,0.2602832237411381,0.3168059833729391,0.31830450729125337,0.10999549955216116,0.12097229014684313,0.1763343254541159,0.11376363931691598,0.1786641158080885,0.16989613472649956,0.11885368678075119,0.16433403433327323,0.16053929641540501,0.18349246526630178,0.18065188254233913,0.10159572937995048,0.015719020611586386,0.2362841737982028,0.1949991551632735,0.23033453547176305,0.19539658772869664,0.4344349329168308,0.27381321967656436,0.21761190553873508,0.43257627001704996,0.041125681470870576,0.2613450389003892,0.12112682314427096,0.16704746258423,2.6266714261241537,-0.06336778010421927,0.68775994288738,0.2271157597036018,0.46339940978640504,-0.18006618994645074,0.6121800677390945,0.2534345774022422,0.15884662365552063,0.4564739083220519,0.2434802323413263,0.25123017013330234,0.08916864920388026,0.07798641960143693,0.027795318667300627,0.6988765184270714,-0.002667386254925719,0.08568337097538262
0.1491571620824366,0.29286152496638734,0.1416692564768874,0.20746508451868892,0.09612801756340215,0.05418016107371836,0.14638205660887968,0.15440043875367165,0.15584794642371588,0.18895951629166233,0.13095513762641037,0.11092162714801387,0.09210613944600826,0.1454247344209824,0.21120270684961095,0.09144245561605548,0.19799787858613405,0.27883383927204747,0.10324773981961109,0.16782111741501796,0.16459849636780824,0.1536215825278258,0.4391465825855475,0.3655870834449773,0.12708812021734808,0.05348898463109564,0.15956023948240472,0.6000730654652738,-0.12959444950279642,0.5996548184189981,0.2390221474260321,-0.06336778010421927,1.5080011415322567,-0.21953155150659198,-0.30036229381681684,0.016720466774219983,0.7796631490504795,0.15738274617428394,0.13427607289032367,0.04483264019966341,0.10190658219411107,0.1837324353402696,0.22019525844133359,0.10350276662842647,0.19708883499142282,0.04233920265535723,0.4777059883052277,0.09434278887046382,0.40200223097546556
-0.013010397214246355,0.05815987768573456,0.24523590549069751,0.3255797130783156,0.3036031390097263,0.35771532514715043,0.10862578524338583,0.25949278367646306,0.21646791137737245,0.2243227251763978,0.2515888660116192,0.22622233461799746,0.17435839188209498,0.23394149364230898,0.3123988815006449,0.2583172241351196,0.2541279194181826,0.3152465553461352,-0.11241714972928106,0.3512523476865712,0.2395379887168745,0.26448997178370415,0.5246428272921283,0.2211644921620768,0.4803253525454259,0.28616577158900536,0.23667381592983597,0.1147761762132442,0.5252837793136564,-0.14339657922814092,0.07287792253714613,0.68775994288738,-0.21953155150659198,2.0918992932162697,0.6313138998028655,-0.1114179297580784,0.5956434130237304,0.24973257455864323,0.22325524177193434,0.08658352339626173,0.5737281040588329,0.2861021330370715,0.2810094230115431,0.21668659051176062,-0.2845845644974494,0.4698969441452206,0.9056999839226096,0.11376461880978309,0.4502766026639646
0.1161427827695577,0.22121300311271436,0.3399375196395854,0.06682510662676056,0.02475738502590925,0.1691447957235355,0.024032681789033804,0.23459638907400143,0.04046549622982399,0.21346707703374335,0.24975249308700753,0.1697924869137586,0.19636926884907704,0.2440702421107342,0.20280858846097222,0.3737993968223218,0.4296222525905952,0.1425210710611106,0.09378798595842237,0.15832505614468928,0.30882660398929007,0.2015357613373979,0.12542444110445267,0.17316965095570466,0.3624937784297022,0.04188759212491051,0.22459958446105258,0.8508829857550908,0.5921587645493898,-0.08453367319935993,0.18590826262954444,0.2271157597036018,-0.30036229381681684,0.6313138998028655,2.529187102363755,0.06904869482246662,0.23788925661761837,0.033807241470075446,0.2472156157123749,0.5969025321033962,0.7385008238750508,0.3826266267246377,0.316373683406845,0.22605419713473393,-0.04304141885912575,0.6356110276084709,0.656157401314198,0.1409345335298145,0.17584019884455415
0.08395369043005593,0.21317040250691213,0.2456224243309606,0.16900718417460756,0.013817169565009498,-0.020319002871045946,0.1594649004074084,0.01221502926638205,0.10420404981942963,0.1417479836990062,0.14338124945338482,0.07626724689127079,0.10286315143533861,0.06664300209239774,0.18131160145846997,0.11584656832766946,0.11683293066108393,0.19178707554953628,0.3222068516819953,0.014881459978133907,0.23475016419221384,0.11828757042983613,0.013514443385781092,0.34520709824882595,0.3290968395013042,-0.020001272661422553,0.20714068069743674,0.13733339403306893,0.19122909155985526,0.5606370162901634,0.6342867244611072,0.46339940978640504,0.016720466774219983,-0.1114179297580784,0.06904869482246662,2.841621684800726,-0.1932594456921115,0.3164078697067525,0.23405310083360326,0.1337248993660718,0.45633511833794893,0.22650229882537548,-0.46838459119474535,-0.015632998743251327,0.43284891467040404,0.539378489676034,-0.5483879044046333,-0.1455530172264071,-1.7655247605316366
0.2094468798529399,0.8808311914772,0.3957414459645806,0.3206907817947411,0.11522022690291199,0.1830829827346924,0.10903772012868539,0.38021222318314263,0.14202988377641781,0.2907514367229226,0.22038752220332694,0.007606229421505913,0.17176506940522643,0.34813043683497136,0.29374384060810177,0.28828404057440393,0.5230428910081576,0.4224309371460659,0.10342885893758233,0.7294053305353496,0.31788333344977354,0.1840268850117765,0.6306669494411624,0.356004489208632,0.2794425592704377,-0.2597372219267119,0.24425713650327915,0.6814690474288517,-0.2862520860312703,0.6177065203191131,0.1746021276002962,-0.18006618994645074,0.7796631490504795,0.5956434130237304,0.23788925661761837,-0.1932594456921115,3.4004358369518943,1.0298246027747542,0.31676100701516996,0.19486619799770932,0.8213520291937672,0.4180933236658515,0.3515514755336636,0.02546634260608192,1.5123566722574358,0.7074783256053346,1.060559965891774,0.2684175973958832,-0.26068689515512605
0.2702900190823086,0.19843880084882567,0.3514683342325225,0.33515325921580597,0.2135381802896359,0.3324301059640821,0.1513114248087206,0.30192196126628057,0.24499849696569626,0.19051615391301344,0.22733061352238051,0.1729225526591848,0.17791548156020934,0.34891787076203457,0.17108147956274114,0.32215262907540543,0.41660538431315197,0.22615031586960246,0.07940032029990746,0.45886043718297315,0.3756978134630805,0.3243888021244355,0.17547706121867088,0.3171248756227322,0.34519647631413614,0.2891496029458586,0.36387610991299346,0.27644675109137085,-0.4216886460300726,0.2843068062069521,0.4291385786229306,0.6121800677390945,0.15738274617428394,0.24973257455864323,0.033807241470075446,0.3164078697067525,1.0298246027747542,2.9223387197436677,0.206424565919866,0.3704144280611962,0.48311417517349,0.39855315612015246,0.9479190049254269,-0.11580398767910222,1.475350167952881,0.0801682809174177,0.9594940442554655,0.09017995038750702,-0.012854404644472699
0.1327826883235081,0.11118528814759639,0.17120146058461477,0.22769930070497857,0.205809928126312,0.24723070881150477,0.1498123824928182,0.3544750218428721,0.07873680217065258,0.19184770337140353,0.23240369863533075,0.1772663503994379,0.17885637406030055,0.1309903051870194,0.19554771300399854,0.20253252513582734,0.22212807937274603,0.21401003230106147,0.17761235645486181,0.38673443386537065,0.14779697629440325,0.16941238000895792,0.430042676966467,0.25386012205611747,0.2987282834150904,-0.276733916545346,0.2066668305031834,0.24530837151569604,0.45655843868690776,0.3685048072103171,0.10497525834214717,0.2534345774022422,0.13427607289032367,0.22325524177193434,0.2472156157123749,0.23405310083360326,0.31676100701516996,0.206424565919866,1.6986726577244322,0.35648434219617187,0.1558020060401346,0.14270537211701304,-0.033532071872566856,0.262457141954371,0.8983308001718668,-0.42368320870648235,0.39089211660130063,0.010033618719247945,0.9496336692584543
0.15218406103727933,0.16192080490339356,0.11866383355018595,0.19235452165810618,0.16718360596906343,0.19916588604795166,0.10180913686087752,0.20681020931149033,0.11487500871455168,0.14992580910869896,0.19488740857769687,0.15967821473278157,0.14313609164666843,0.2132669104901173,0.18597079972248454,0.2406131886821006,0.2614327342948034,0.21784630578992398,-0.04134547402269427,0.2966650570464168,0.24440342294114437,0.17717908451296233,0.3535019900419842,0.17832930398071364,0.2484804660803546,0.15957551688663096,0.206147034322371,0.3128913305567384,0.3159375748824677,0.05595904925218208,0.10958116127305947,0.15884662365552063,0.04483264019966341,0.08658352339626173,0.5969025321033962,0.1337248993660718,0.19486619799770932,0.3704144280611962,0.35648434219617187,0.8357363793448442,0.26155693694814164,0.2550755696372274,0.49826350495056815,-0.17061012148198038,0.5704028289100939,0.10884113748026082,0.4983517838703296,0.08527931331134414,0.47268584042924405
0.1940811618527551,0.4926360618937354,0.3397579622773729,0.25833785488086974,0.14354136412576635,0.20317397704986645,0.08684043505270106,0.2699887849006207,0.10233673141542583,0.26615314328074247,0.240064361818413,0.10729647237971102,0.1988496879175392,0.3650337727581945,0.29400508968574063,0.349434835068139,0.4569482799025688,0.2707663993753186,0.1625211567837827,0.3338182564413768,0.5015072560115835,0.24473703670412428,0.26215590185072835,0.27883127573289357,0.356327446983562,0.007557605036192109,0.2898175899695453,0.49857113777737494,0.5423024389523896,0.16979349384470183,0.40022281531105885,0.4564739083220519,0.10190658219411107,0.5737281040588329,0.7385008238750508,0.45633511833794893,0.8213520291937672,0.48311417517349,0.1558020060401346,0.26155693694814164,2.2740825957116027,0.5012646473476774,0.006259016986852209,0.16651983248299632,0.048729865002997724,0.7511412469895419,0.9858621950641705,0.14157699477982602,0.6698128505499363
