1.247422908022285,0.5685009017186375,0.2939738003621979,0.03536354107751018,0.30208522941480287,0.23180330783633432,0.33609478439493023,0.3043361497215999,0.18763673401460276,0.2039473868178995,0.18301321475053542,0.1932711481011956,0.1449070922758107,0.3122082223175855,0.17878511616076953,0.21977641621434907,0.16352682408871505,0.21502535891334437,-0.0048800047317343175,0.1689750800137915,0.1953002616965586,0.1987841204332901,0.14227122522070887,0.09522093715993789,0.19319398734916324,0.2367182422304423,0.1596939587287208,0.1323521391695523,0.20693700467550388,0.05034307980469418,0.16797936552945425,0.06879233650799672,0.14979903814260706,-0.003006782691822029,0.12612080871540443,0.07942340688656106,0.22231190852985241,0.2793634284352929,0.13588686234046302,0.15434693997474339,0.20405002345696482,0.17779616088296768,0.24545897184977675,0.004720220735778731,0.21013734259299985,0.11179680365262301,0.2895568796335122,0.022422500645585465,0.24361386649988898
0.5685009017186375,6.242458665400994,0.5681351491853611,0.14137933970825578,0.14631967212573346,0.18613239632977283,0.31029871875148257,0.3928556910857407,0.13328732411692104,0.35162776003566226,0.14448383922266436,0.17066272375038516,0.125368135803582,-0.008243613719059021,0.24361253782634879,0.14909392250853665,0.005486716453443966,0.540588863322011,0.15239314173421462,0.14392575631912335,0.48666482673686723,0.1528374177394553,0.0490715220151743,0.0166502971528886,0.3746031288334274,0.24828308344575187,0.3264642459230136,0.22620152972156538,0.862159703086836,0.1501288164199066,0.3598708865591356,-0.047299298942279834,0.2848543125209907,0.0630799145652989,0.23737685754696647,0.22474135202716194,0.9279424227114884,0.23028142613041733,0.1060919492218764,0.16195887506320428,0.5239054316363512,0.36691473522076284,0.12251893486361386,-0.07783225057021398,0.44694585646217116,0.5437458287726811,0.4832112384598121,0.05218777153100617,-0.05090101260890864
0.2939738003621979,0.5681351491853611,1.6720935520628406,0.1655462004155129,-0.26567908806851787,0.262686206516543,0.09148645252699798,0.3766173759963653,0.23331160994375066,0.3245498943715508,0.17571026839595996,0.09513888938353507,0.1523935682457953,0.17742689276735019,0.182625242461119,0.15474086835505896,0.27934652865484716,0.26236435528338814,0.10148415400216193,0.23381307622879746,0.220771894110918,0.21352197192335773,0.19391121958365654,0.1770968237751289,0.26798321923252527,0.15430300349124754,0.17587191883918357,0.2546796369924948,0.36933625856810365,-0.002858490524063169,0.21292592060313226,0.10516290730575914,0.13985954341594578,0.259347289805995,0.34827325813645144,0.241464452794028,0.4107680939693857,0.3560494008649468,0.17241143103685297,0.1186204510681117,0.3540174994180159,0.23221728027215824,0.22783807219621516,0.09742489604492778,0.3092230517849257,0.5631568050027072,0.44302755569818664,0.04269459793972233,-0.230854239340333
0.03536354107751018,0.14137933970825578,0.1655462004155129,1.7446050893102787,0.5031134132879496,0.37271764304313054,0.4307416185523646,0.477840342946249,0.20953037477967862,0.3861596784653163,0.2363887244122635,0.3831283993876106,0.21991651481222246,0.5263854534722755,0.2519190032839783,0.38524025727933275,0.23082300560297278,0.33014326280534995,-0.054997264640651584,0.28683947253680897,0.23442401180305147,0.2930555327183507,0.35927973427185605,0.3006968695913706,0.33160917674081297,0.33156711944405737,0.2344595091491396,0.1565803246252827,0.31846578930857167,0.09499071055082466,0.230265775248359,0.27740799303535235,0.21831407490521867,0.34355787015789635,0.057453344770691105,0.16711451553799656,0.2990447796311933,0.30547216206279787,0.21518296256987507,0.17833507703084134,0.24897971968107305,0.23894962108996745,0.29665899939706314,-0.0038718615960430802,0.1805906399491601,0.13580983523560436,0.5277171571752207,0.022330121115173383,0.23419197252484236
0.30208522941480287,0.14631967212573346,-0.26567908806851787,0.5031134132879496,1.081445130672729,0.48199115874042886,0.3523644833009009,0.35821034530239376,0.22093615488804194,0.28253539015414925,0.2792325720575662,0.38355701159173755,0.201180483396007,0.24518380295846817,0.32395795856858495,0.26415679896516664,0.14370097946521745,0.29012540757029026,-0.06542647398374102,0.2302884307993484,0.19001828117678687,0.229936205684181,0.29349764301987763,0.18806304334927018,0.27926623551695245,0.3340618508787212,0.20194168029948978,0.0774810113957021,0.2824241315121388,-0.11640101143900294,0.1642798075205905,0.331788482340762,0.11102848801748738,0.3221932523412727,0.023420263114761263,0.021748236739089054,0.10321261345138036,0.18999544766421458,0.1999415204464657,0.16004120689238513,0.13927781627471242,0.18614828845656636,0.1765680191145683,-0.019085378664940776,-0.03974373885636504,-0.011444055680419724,0.40198395163064926,0.024909777111232215,0.48026616985516263
0.23180330783633432,0.18613239632977283,0.262686206516543,0.37271764304313054,0.48199115874042886,0.7501604742531406,0.19303329857766366,0.4343712167869719,0.2243901906163375,0.2724315213045556,0.28051102204930695,0.30039181393601994,0.17569980293292142,0.230632414337459,0.26496899169212196,0.23663901047076333,0.22855829882378448,0.27989069351880314,0.023054383864089496,0.31393620641542186,0.22020306553811075,0.24155369318896133,0.2692688149742361,0.1949106647669661,0.30718060994434937,0.312263784494709,0.22955096834987246,0.1411814444784428,0.39004240697649445,-0.1682107214155004,0.1728782436441745,0.3382624112851537,0.06727827975197924,0.3812277333253765,0.17601883794729026,-0.01276349725820769,0.18181821708868,0.31741913612708106,0.2417593617658274,0.19534432556196282,0.2072289929046464,0.2192151140329087,0.30253858424291885,0.025804347893921043,0.10289664264673948,0.11768488258514244,0.5178544971535192,0.045184955757345116,0.4142905527224139
0.33609478439493023,0.31029871875148257,0.09148645252699798,0.4307416185523646,0.3523644833009009,0.19303329857766366,0.6065841118518527,0.2712823279570102,0.2181488542334404,0.20023874090031585,0.20814882580854027,0.3168704598602531,0.15163865237121252,0.12150844882813364,0.13166380356766122,0.17996239974065487,0.15067202686458694,0.2132924990774612,-0.04916395636608276,0.12598191747562182,0.15189484770492795,0.196791896248205,0.18490481597006292,0.1594792928198344,0.19792295566204668,0.2415312144900709,0.1715951292865535,0.09762747407093761,0.14900532040875694,0.10901937591201973,0.15514024179477184,0.12651100455565892,0.14824796613727914,0.12506597743697864,0.030574993510043613,0.15018057401830986,0.11531891789004166,0.1437668415914524,0.14803133836093482,0.10049354839071309,0.09888017454099375,0.14106631847427456,0.11863435635923948,0.0023615512139621674,0.09553891969791325,0.017792040533691506,0.1556252178427337,0.0027097001802374033,0.24755456876426285
0.3043361497215999,0.3928556910857407,0.3766173759963653,0.477840342946249,0.35821034530239376,0.4343712167869719,0.2712823279570102,1.1766241578130892,-0.013740560774969351,0.352879139947236,0.2300053403471899,0.06728464998500096,0.18235143244783772,0.29251365535850204,0.10687817028336066,0.22087656339142633,0.3295642289605925,0.2878692816638405,0.17673456424310408,0.34415652942545033,0.19279304209058049,0.14282634928637983,0.20689659063726137,0.16844595963565134,0.2822927411680405,0.22236818633783248,0.20660458073408489,0.23811109970435093,0.31557090097314305,-0.027302131690274886,0.1944336124303636,0.14990181382348403,0.16264523440413564,0.28589350636305466,0.249779465811988,0.011059905235336226,0.41650846482435655,0.3107885010937981,0.36909800107743107,0.20988909311936452,0.29219907713495846,0.2023682186539085,0.2645167584899057,0.03591486882419591,0.31888955310815803,0.08346894908544199,0.5785465042745506,0.06428352125979345,0.3414378105230464
0.18763673401460276,0.13328732411692104,0.23331160994375066,0.20953037477967862,0.22093615488804194,0.2243901906163375,0.2181488542334404,-0.013740560774969351,0.7434171476452287,0.02848596695259361,0.13462881711402844,0.21295296486174753,0.14195052821814846,0.14283046161732138,0.21723893367222727,0.13636957260366706,0.12257192754128905,0.23757271245236328,-0.2609438760587416,0.16631703194175707,0.1738151014614369,0.3582350811014902,0.29551160840982726,0.18628807725075466,0.21507527920588784,0.3507501278903649,0.1664679433642049,0.08573763225405609,0.1509915708566475,0.10866265608153886,0.14928282548751348,0.18375224553125097,0.15497549303561423,0.22647828046617596,0.04098030721123094,0.1005019907592003,0.12577051565112365,0.22699476415479217,0.0694843186880416,0.11226663316329355,0.10316011636822446,0.16870493236017445,0.25761830554310877,0.016048138644661574,0.07821122277310084,0.18386101473145117,0.289112154194447,-0.014489177621061652,0.09805951702997036
0.2039473868178995,0.35162776003566226,0.3245498943715508,0.3861596784653163,0.28253539015414925,0.2724315213045556,0.20023874090031585,0.352879139947236,0.02848596695259361,0.7807503310249266,0.2316767350522423,0.2639784192666537,0.21097129104770992,0.21182885682148306,0.22259987567843062,0.22245079815010263,0.2056791459587125,0.32478363033216984,0.05823621835153574,0.14812561091301174,0.16657651372523782,0.15275059667495625,0.2944236765608261,0.19046733960750745,0.24582149660754177,0.17313201614704055,0.19616436978470664,0.20485996831023104,0.28363537543548617,0.1448929652204392,0.1833057802918608,0.13474591152832754,0.18808071163934104,0.23752884249406608,0.19326628645699045,0.13216394906728055,0.29215126166862454,0.1801477129131337,0.2005335615836032,0.1432021255740333,0.25819845596510743,0.17085400945358617,0.14560377170155822,0.019981266380558024,0.06327552722641921,0.21794744653450285,0.4942912533108318,0.043780624316697554,0.25663145846478297
0.18301321475053542,0.14448383922266436,0.17571026839595996,0.2363887244122635,0.2792325720575662,0.28051102204930695,0.20814882580854027,0.2300053403471899,0.13462881711402844,0.2316767350522423,0.5401015796152977,0.364405572179345,0.24069238930633652,0.13966745923425644,0.2934455821858541,0.2125733858776078,0.2711524534297239,0.2552197419367462,-0.01581133596105541,0.24341831188543958,0.21439157541359793,0.1772576143396042,0.2412012603633482,0.1854738377830935,0.2826260224315185,0.2520721338065584,0.2429448304023145,0.19654991073514888,0.2835682013698159,0.0639429521630061,0.18731209434779425,0.1841135996689125,0.13184496284938907,0.2528540666359865,0.23057057262774003,0.1378598925003431,0.19235928081170367,0.2009028460925134,0.22611043856644447,0.18351700124196652,0.22071284508764097,0.21595988439691483,0.20276747154369013,0.021949441275590904,0.1613905478020088,0.1341643729198565,0.39106925683644034,0.033337263939715846,0.1800990431144912
0.1932711481011956,0.17066272375038516,0.09513888938353507,0.3831283993876106,0.38355701159173755,0.30039181393601994,0.3168704598602531,0.06728464998500096,0.21295296486174753,0.2639784192666537,0.364405572179345,0.9825131106470356,0.1606240167061971,0.14447016335860366,0.2617583591157372,0.2637381677161815,0.1631198581669011,0.19460636800141656,-0.05001763182762404,0.1563578255245018,0.15249521748701014,0.23110431745983434,0.21188888416298038,0.17860025694890416,0.3334784995343947,0.3122582935862666,0.2899047275238669,0.10799549442417465,0.28489347617879357,0.066508683160796,0.15456725302185143,0.18177297894486932,0.11129681941619134,0.22966984254458858,0.13574576670180846,0.07195778084358427,-0.039137168765674885,0.1388436633376079,0.1661876162048368,0.1432384291627951,0.07510132605943579,0.1501566884489139,0.18276859991838565,-0.0008328275784672709,-0.11171880468765753,0.03233979393535823,0.26804380907080566,0.019418574448745275,0.6296323462639581
0.1449070922758107,0.125368135803582,0.1523935682457953,0.21991651481222246,0.201180483396007,0.17569980293292142,0.15163865237121252,0.18235143244783772,0.14195052821814846,0.21097129104770992,0.24069238930633652,0.1606240167061971,0.41040924365631787,0.15426164870276204,0.10595664188405209,0.18904569937468504,0.19501064219198214,0.1791850727213166,0.006962222238602414,0.15531543249740626,0.1589765311173584,0.18179745510289885,0.17290398052297523,0.14194708104862555,0.18244593452969002,0.17660143289421887,0.17756813545183628,0.15305057790841525,0.2124185913185125,0.06537467272392244,0.13371646491225528,0.127615137920959,0.09731861950862214,0.1814092067167464,0.19440410040097594,0.10450602683229071,0.1666319104905738,0.17007823033649896,0.1744816773203157,0.14075493688306634,0.1974406515566481,0.1614460220473649,0.17822023511375423,0.023143302835385095,0.1350319638220758,0.10969103401907399,0.3051526945269925,0.01812023418627429,0.1664448403242772
0.3122082223175855,-0.008243613719059021,0.17742689276735019,0.5263854534722755,0.24518380295846817,0.230632414337459,0.12150844882813364,0.29251365535850204,0.14283046161732138,0.21182885682148306,0.13966745923425644,0.14447016335860366,0.15426164870276204,0.7959358663879685,0.20625112195818965,0.4033122001714553,0.2138663338652888,0.18753327053757227,-0.003991401721837399,0.25095900231932694,0.2255395388326068,0.2647738200457061,0.22989094309076719,0.18874022641627114,0.22344922890179805,0.24352618598081407,0.1422013538629737,0.17323128851622796,0.2813151678865475,0.049730906029844694,0.17008084391841746,0.1723778887260371,0.1447629287607264,0.2370400589765488,0.2175394632027705,0.06129355658532129,0.31315991708665125,0.33494678695256674,0.12908660153995596,0.1997774032555475,0.3306108141784972,0.23166207092801394,0.38570452764772356,0.0011083629520300432,0.1658035483280652,0.16892847266390978,0.5261245371079631,0.040311449425753126,0.34964570980378024
0.17878511616076953,0.24361253782634879,0.182625242461119,0.2519190032839783,0.32395795856858495,0.26496899169212196,0.13166380356766122,0.10687817028336066,0.21723893367222727,0.22259987567843062,0.2934455821858541,0.2617583591157372,0.10595664188405209,0.20625112195818965,1.0195440010457717,0.2095235306224093,0.20701190754315982,0.36876687701948285,-0.0361481311564004,0.266968854982136,0.2575694136797516,0.1951534708730584,0.3591827383152164,0.22254516734541466,0.351939470385878,0.27273505964899025,0.24164316496770405,0.20805809507853293,0.371844460609543,0.249688123463572,0.22457001796566586,0.15749227188901205,0.22213436488613295,0.312949632984784,0.19527149942651784,0.19166077429229092,0.2579165768908936,0.1449633379090112,0.19060116003445587,0.18131576069371197,0.27593785922974917,0.24865852494355922,0.22237465711872403,0.023124928780526487,0.044117947077190287,0.28760449028904506,0.44123251402687175,0.05561335355005972,0.2946012469175859
0.21977641621434907,0.14909392250853665,0.15474086835505896,0.38524025727933275,0.26415679896516664,0.23663901047076333,0.17996239974065487,0.22087656339142633,0.13636957260366706,0.22245079815010263,0.2125733858776078,0.2637381677161815,0.18904569937468504,0.4033122001714553,0.2095235306224093,0.7255157051101329,0.279615082876687,0.238382438727341,0.037370017312150346,0.1917651157397448,0.2501699375409774,0.3954652188161064,0.22521518221657924,0.19514482212892933,0.2811877340955009,0.20331549545347918,0.23380235410939224,0.23348616378731654,0.32299572070356775,0.0662463321054576,0.20309762778603996,0.1905758558049662,0.10242004277393849,0.2709752807095264,0.3734512837533938,0.12613506377382358,0.2771481136193234,0.3094532296397114,0.19965313297214335,0.2376037128781752,0.34352452826822844,0.26739031387467166,0.3989821548881089,0.03509242961989231,0.1661333983916071,0.1728651588429175,0.48555832115401854,0.015917005820973402,0.36821257737617574
0.16352682408871505,0.005486716453443966,0.27934652865484716,0.23082300560297278,0.14370097946521745,0.22855829882378448,0.15067202686458694,0.3295642289605925,0.12257192754128905,0.2056791459587125,0.2711524534297239,0.1631198581669011,0.19501064219198214,0.2138663338652888,0.20701190754315982,0.279615082876687,0.9547289412441142,0.08985416925202823,0.09546687432635628,0.294172468744135,0.3105038862952143,0.20963911733196067,0.19759268441131675,0.21813638617727804,0.27853735487066483,0.1661583745154116,0.2716728421075122,0.44334283152401716,0.21438532952969147,0.007891153755057055,0.18922848246951784,0.1924241926096546,0.21244060856739336,0.26597509616711146,0.43833044819588557,0.1267933181196946,0.5121169698615282,0.398587441011708,0.21981183055554623,0.2590704200514552,0.45425309054321794,0.3489921325692959,0.32490025166259145,0.03281489212031032,0.3586228330516463,0.21169456392291797,0.6702704770319241,0.06458644793106769,0.10763880767364221
0.21502535891334437,0.540588863322011,0.26236435528338814,0.33014326280534995,0.29012540757029026,0.27989069351880314,0.2132924990774612,0.2878692816638405,0.23757271245236328,0.32478363033216984,0.2552197419367462,0.19460636800141656,0.1791850727213166,0.18753327053757227,0.36876687701948285,0.238382438727341,0.08985416925202823,1.034715084419746,-0.13396755981861647,0.08258129128927538,0.2706697761251506,0.26211579721903566,0.7845119812705,0.23645929084532008,0.42109670797515614,0.33169547454704396,0.1626524237728019,0.2040862432905053,0.41858978239902295,0.15281552348681238,0.3227733243807666,0.1069130061112888,0.2950161558856733,0.3333679638445023,0.1602324383789755,0.20037807299501972,0.42003188480538206,0.2073902749366375,0.20867418783316255,0.22198074645800042,0.2849008586667762,0.23470715451637833,0.3392760442095613,-0.019645459179385875,0.19271068663942162,0.3343454045795571,0.5915414151502894,0.045847801616008224,0.11953397216707838
-0.0048800047317343175,0.15239314173421462,0.10148415400216193,-0.054997264640651584,-0.06542647398374102,0.023054383864089496,-0.04916395636608276,0.17673456424310408,-0.2609438760587416,0.05823621835153574,-0.01581133596105541,-0.05001763182762404,0.006962222238602414,-0.003991401721837399,-0.0361481311564004,0.037370017312150346,0.09546687432635628,-0.13396755981861647,1.3340938225859922,-0.07479486811611859,0.0865942599130096,-0.03918277306516979,-0.465684057581697,-0.00800267959703156,-0.037583846334952,-0.25895231576153044,0.009924867067527992,0.13380134494044227,0.014689191420651131,0.07590826504407464,0.19701520463120867,0.021841842982583917,0.09597684475042728,-0.11597829324783238,0.10015942743207316,0.32310145780574206,0.13534573787979062,0.10964550973564866,0.19126334179997842,-0.03583255637570023,0.17211942526910926,0.051242028823893705,-0.1617703739972967,0.10925339057827033,0.14141065748602774,0.07961672901384498,-0.20459637215103146,0.0566669698736143,-0.05889988413310081
0.1689750800137915,0.14392575631912335,0.23381307622879746,0.28683947253680897,0.2302884307993484,0.31393620641542186,0.12598191747562182,0.34415652942545033,0.16631703194175707,0.14812561091301174,0.24341831188543958,0.1563578255245018,0.15531543249740626,0.25095900231932694,0.266968854982136,0.1917651157397448,0.294172468744135,0.08258129128927538,-0.07479486811611859,1.2304176686031445,0.12361992329797963,0.11576985898075068,0.06876916118140895,0.203825436277927,0.23414646231069222,0.28119745557368453,0.33539862102148565,0.22602470570429148,0.2243023601680226,0.17605780105324664,0.1793286641064539,0.23723737059301914,0.16754650949953578,0.3564559746799729,0.16463973352699357,0.014754650582158203,0.7366614232483836,0.4589826540873056,0.3899858438454363,0.2926549178314989,0.327697257272649,0.20705422923495856,0.4069594949109575,-0.022713977658703935,0.7045994376325577,0.007594576627937851,0.35237723249140235,0.11785046836451074,0.5583540367490969
0.1953002616965586,0.48666482673686723,0.220771894110918,0.23442401180305147,0.19001828117678687,0.22020306553811075,0.15189484770492795,0.19279304209058049,0.1738151014614369,0.16657651372523782,0.21439157541359793,0.15249521748701014,0.1589765311173584,0.2255395388326068,0.2575694136797516,0.2501699375409774,0.3105038862952143,0.2706697761251506,0.0865942599130096,0.12361992329797963,0.5825294163865982,0.22164860670011868,0.1844219977410114,0.15459685295619574,0.26890379081508037,0.2616152886048175,0.19304189879045502,0.24331459291294513,0.27609126912224435,0.05245694265560492,0.2777661362589384,0.1924074176116762,0.16422556214525716,0.24502160598281045,0.32770701806036634,0.2423112813148767,0.31521300048681944,0.3807170386881845,0.14533122366936915,0.25102555758713174,0.5115469780392429,0.46623007826834245,0.335677995355846,0.02477339971535469,0.33992518069217487,0.22316884815822324,0.5625363086724824,0.05455549535559521,0.09725052722767583
0.1987841204332901,0.1528374177394553,0.21352197192335773,0.2930555327183507,0.229936205684181,0.24155369318896133,0.196791896248205,0.14282634928637983,0.3582350811014902,0.15275059667495625,0.1772576143396042,0.23110431745983434,0.18179745510289885,0.2647738200457061,0.1951534708730584,0.3954652188161064,0.20963911733196067,0.26211579721903566,-0.03918277306516979,0.11576985898075068,0.22164860670011868,0.6764573667756174,0.3036297054802804,0.20195477522323577,0.2747036809062722,0.24763320198680444,0.20686651432300543,0.15925370750465687,0.2964838141401061,0.11444256250018135,0.1804690761745313,0.2354808425861297,0.15782192461685832,0.27693781950082824,0.20595619338475565,0.12877593746806137,0.1694877899548025,0.3094487592105292,0.16446653539441353,0.17460248927532596,0.23995939587547432,0.22638657033372417,0.38743532946594805,0.06645952789549676,0.020692891190783984,0.2371581810446524,0.4337754771689763,-0.03808496059733406,0.3897145538010835
0.14227122522070887,0.0490715220151743,0.19391121958365654,0.35927973427185605,0.29349764301987763,0.2692688149742361,0.18490481597006292,0.20689659063726137,0.29551160840982726,0.2944236765608261,0.2412012603633482,0.21188888416298038,0.17290398052297523,0.22989094309076719,0.3591827383152164,0.22521518221657924,0.19759268441131675,0.7845119812705,-0.465684057581697,0.06876916118140895,0.1844219977410114,0.3036297054802804,1.931056819202538,0.48461843049566566,0.5142589483908551,0.14619203763931277,0.14254195819887397,0.270331402217267,0.4933885872219225,0.3154457498057039,-0.18607784800016197,0.2051988631028546,0.45509965593580787,0.5454690621786006,0.11862584790734933,0.012309767550762987,0.5613850491508404,0.1037451023137728,0.4159688110281876,0.33778628480528483,0.23272094662087922,0.2204101900294771,0.32193448112755485,-0.005584248771188182,0.08393414529626544,0.31629604545403633,0.9231104366383382,0.09669422042172483,0.480601745160142
0.09522093715993789,0.0166502971528886,0.1770968237751289,0.3006968695913706,0.18806304334927018,0.1949106647669661,0.1594792928198344,0.16844595963565134,0.18628807725075466,0.19046733960750745,0.1854738377830935,0.17860025694890416,0.14194708104862555,0.18874022641627114,0.22254516734541466,0.19514482212892933,0.21813638617727804,0.23645929084532008,-0.00800267959703156,0.203825436277927,0.15459685295619574,0.20195477522323577,0.48461843049566566,0.6802137639053584,0.31056345901775245,0.10695206198734497,0.1954988094885789,0.2728714732424874,0.22811162088597245,0.4333819446095492,0.23432196543820677,0.4657845021851073,0.3868544102577093,0.24976434340331508,0.15533509007890112,0.3264716266444197,0.2763061241064795,0.22980967777945965,0.22940848698680547,0.15380300158157215,0.23904220310077443,0.18267897725350873,0.14508943851940043,0.04681255399426182,0.0733069680477899,0.17482684884727176,0.4617711767858724,0.039556254427803285,0.2927207349295404
0.19319398734916324,0.3746031288334274,0.26798321923252527,0.33160917674081297,0.27926623551695245,0.30718060994434937,0.19792295566204668,0.2822927411680405,0.21507527920588784,0.24582149660754177,0.2826260224315185,0.3334784995343947,0.18244593452969002,0.22344922890179805,0.351939470385878,0.2811877340955009,0.27853735487066483,0.42109670797515614,-0.037583846334952,0.23414646231069222,0.26890379081508037,0.2747036809062722,0.5142589483908551,0.31056345901775245,1.5819762590006892,0.2703836168941949,0.27563723809809,0.2206151191190221,0.6098110682367663,0.11367277383793428,0.320023593057888,0.2985249013316923,0.14506931204125686,0.5076935087403591,0.35590885660364047,0.33062151325507266,0.21381426759508082,0.2864863551738596,0.2817781900562312,0.23532617859940086,0.33181012728204434,0.2693647689888973,0.29859486711872923,0.058215840680445934,0.13586914810672696,0.30977635564238265,0.5812284274270081,0.0012322769802966206,0.0873251910366919
0.2367182422304423,0.24828308344575187,0.15430300349124754,0.33156711944405737,0.3340618508787212,0.312263784494709,0.2415312144900709,0.22236818633783248,0.3507501278903649,0.17313201614704055,0.2520721338065584,0.3122582935862666,0.17660143289421887,0.24352618598081407,0.27273505964899025,0.20331549545347918,0.1661583745154116,0.33169547454704396,-0.25895231576153044,0.28119745557368453,0.2616152886048175,0.24763320198680444,0.14619203763931277,0.10695206198734497,0.2703836168941949,1.5820107197694488,0.25197012915250994,0.04497857046348953,-0.1204633113322666,-0.18594097967458179,0.26056958672653235,0.2379889743489935,0.0804287014660483,0.32182761117832004,0.059708227156717954,-0.003118616628694272,-0.2709247487443066,0.2590537864693464,-0.29515635334970314,0.16167525585645356,0.02565552515619461,0.2323348105936237,0.44450374447260477,-0.1391400221051851,-0.17459055658961992,0.022750921700673363,0.2478942877718368,0.03586963026427798,0.4101065005333318
0.1596939587287208,0.3264642459230136,0.17587191883918357,0.2344595091491396,0.20194168029948978,0.22955096834987246,0.1715951292865535,0.20660458073408489,0.1664679433642049,0.19616436978470664,0.2429448304023145,0.2899047275238669,0.17756813545183628,0.1422013538629737,0.24164316496770405,0.23380235410939224,0.2716728421075122,0.1626524237728019,0.009924867067527992,0.33539862102148565,0.19304189879045502,0.20686651432300543,0.14254195819887397,0.1954988094885789,0.27563723809809,0.25197012915250994,0.7934967444167009,0.21712777153725574,0.20446394818209102,0.06892675558934303,0.20279825753252329,0.4456766511918865,0.167882700378604,0.24971352412378936,0.2279603519280308,0.2281963219717518,0.228961522815603,0.3466347899678234,0.1985890463825339,0.2029087987765885,0.2836583456777452,0.21929171081988197,0.3645358069288309,-0.011671920532640784,0.3038605476276289,0.0112519449756939,0.34376902756420274,0.03676534551286195,0.3287031012225012
0.1323521391695523,0.22620152972156538,0.2546796369924948,0.1565803246252827,0.0774810113957021,0.1411814444784428,0.09762747407093761,0.23811109970435093,0.08573763225405609,0.20485996831023104,0.19654991073514888,0.10799549442417465,0.15305057790841525,0.17323128851622796,0.20805809507853293,0.23348616378731654,0.44334283152401716,0.2040862432905053,0.13380134494044227,0.22602470570429148,0.24331459291294513,0.15925370750465687,0.270331402217267,0.2728714732424874,0.2206151191190221,0.04497857046348953,0.21712777153725574,1.3941617775369524,0.14453207949085764,0.15567346063552834,0.22000201895613003,0.0816116239289727,0.6186350677661581,0.14819461982893195,0.85419794238387,0.14234113233567328,0.6286361581505417,0.21424884526686647,0.21957721915985304,0.29586641136183667,0.4775199402955362,0.2814844339418273,0.2122735507817152,0.10345811909146951,0.19622636252772693,0.2589321816079133,0.5286090892441766,0.12899659991446302,0.2903250521127433
0.20693700467550388,0.862159703086836,0.36933625856810365,0.31846578930857167,0.2824241315121388,0.39004240697649445,0.14900532040875694,0.31557090097314305,0.1509915708566475,0.28363537543548617,0.2835682013698159,0.28489347617879357,0.2124185913185125,0.2813151678865475,0.371844460609543,0.32299572070356775,0.21438532952969147,0.41858978239902295,0.014689191420651131,0.2243023601680226,0.27609126912224435,0.2964838141401061,0.4933885872219225,0.22811162088597245,0.6098110682367663,-0.1204633113322666,0.20446394818209102,0.14453207949085764,2.621054584159989,-0.1729326030313227,0.09326654173601659,0.28436559364273234,-0.09917832513305934,0.5561645592198353,0.5684628280356953,0.21555292936664164,-0.359301975415467,-0.4894143968597434,0.42983249878396046,0.3057468335648554,0.515453025684768,0.2437181368851163,0.07603342882507187,-0.05435275708687509,-0.5292071505206644,0.6954508250685696,0.7682035453072191,-0.050939828124675755,0.6408990714275885
0.05034307980469418,0.1501288164199066,-0.002858490524063169,0.09499071055082466,-0.11640101143900294,-0.1682107214155004,0.10901937591201973,-0.027302131690274886,0.10866265608153886,0.1448929652204392,0.0639429521630061,0.066508683160796,0.06537467272392244,0.049730906029844694,0.249688123463572,0.0662463321054576,0.007891153755057055,0.15281552348681238,0.07590826504407464,0.17605780105324664,0.05245694265560492,0.11444256250018135,0.3154457498057039,0.4333819446095492,0.11367277383793428,-0.18594097967458179,0.06892675558934303,0.15567346063552834,-0.1729326030313227,2.786822006765065,0.2403783531376883,0.07219724084139163,0.5697661949504453,-0.19205182689440792,-0.0987317065335405,0.5612288248652536,0.654227473880458,0.32970128466222287,0.3815959204091784,0.0726372285786683,0.17785896297317935,0.0561963047009869,0.3303573863772847,0.171484312581483,0.5428649608069926,0.15301680683244528,0.3173394393295198,0.038793761792428196,0.66875275239874
0.16797936552945425,0.3598708865591356,0.21292592060313226,0.230265775248359,0.1642798075205905,0.1728782436441745,0.15514024179477184,0.1944336124303636,0.14928282548751348,0.1833057802918608,0.18731209434779425,0.15456725302185143,0.13371646491225528,0.17008084391841746,0.22457001796566586,0.20309762778603996,0.18922848246951784,0.3227733243807666,0.19701520463120867,0.1793286641064539,0.2777661362589384,0.1804690761745313,-0.18607784800016197,0.23432196543820677,0.320023593057888,0.26056958672653235,0.20279825753252329,0.22000201895613003,0.09326654173601659,0.2403783531376883,1.2262884366979656,0.18579790289987141,0.25186857312044547,0.089280454557111,0.18659015987039873,0.6330052789046949,0.16455332713271184,0.4049074293793414,0.09843732848662876,0.10453744715694573,0.3969479796380798,0.24099308964485805,0.08186617152449849,0.03672163036848682,0.21692998823812654,0.1921543528535538,0.30594509798335573,0.011189626594586473,-0.16683797662882116
0.06879233650799672,-0.047299298942279834,0.10516290730575914,0.27740799303535235,0.331788482340762,0.3382624112851537,0.12651100455565892,0.14990181382348403,0.18375224553125097,0.13474591152832754,0.1841135996689125,0.18177297894486932,0.127615137920959,0.1723778887260371,0.15749227188901205,0.1905758558049662,0.1924241926096546,0.1069130061112888,0.021841842982583917,0.23723737059301914,0.1924074176116762,0.2354808425861297,0.2051988631028546,0.4657845021851073,0.2985249013316923,0.2379889743489935,0.4456766511918865,0.0816116239289727,0.28436559364273234,0.07219724084139163,0.18579790289987141,2.6083240876743905,-0.07782561921083268,0.6727211417545558,0.2254439768477586,0.5470934917036683,-0.18703879258304384,0.600895913475994,0.24312517780860554,0.15389727286952848,0.4345237544593834,0.23722345845240614,0.16418728093375962,0.05624011978080922,-0.01086983968766248,0.05615659987370358,0.6809992377992972,-0.0031221568562957718,0.13110410122616112
0.14979903814260706,0.2848543125209907,0.13985954341594578,0.21831407490521867,0.11102848801748738,0.06727827975197924,0.14824796613727914,0.16264523440413564,0.15497549303561423,0.18808071163934104,0.13184496284938907,0.11129681941619134,0.09731861950862214,0.1447629287607264,0.22213436488613295,0.10242004277393849,0.21244060856739336,0.2950161558856733,0.09597684475042728,0.16754650949953578,0.16422556214525716,0.15782192461685832,0.45509965593580787,0.3868544102577093,0.14506931204125686,0.0804287014660483,0.167882700378604,0.6186350677661581,-0.09917832513305934,0.5697661949504453,0.25186857312044547,-0.07782561921083268,1.5121169837779829,-0.22165207375184837,-0.305131425123637,0.03369292444522912,0.7536875273170274,0.12783012352344605,0.12222835972245125,0.04321555095900261,0.08770342787018022,0.18178930092829296,0.17948188287365607,0.07962908258871854,0.11042294164855107,0.06132654142471169,0.47733693605897615,0.09729511243362862,0.4757684169911815
-0.003006782691822029,0.0630799145652989,0.259347289805995,0.34355787015789635,0.3221932523412727,0.3812277333253765,0.12506597743697864,0.28589350636305466,0.22647828046617596,0.23752884249406608,0.2528540666359865,0.22966984254458858,0.1814092067167464,0.2370400589765488,0.312949632984784,0.2709752807095264,0.26597509616711146,0.3333679638445023,-0.11597829324783238,0.3564559746799729,0.24502160598281045,0.27693781950082824,0.5454690621786006,0.24976434340331508,0.5076935087403591,0.32182761117832004,0.24971352412378936,0.14819461982893195,0.5561645592198353,-0.19205182689440792,0.089280454557111,0.6727211417545558,-0.22165207375184837,2.08625155078602,0.6107454151226793,-0.07394995855260757,0.5676727697659337,0.22835309375446688,0.21606610289103426,0.0855524699877579,0.5566570979912819,0.28742708024829633,0.26187630001444373,0.19161389498217402,-0.3561756380906999,0.4577094958746701,0.8950544040171555,0.11279731802667141,0.5529891339153122
0.12612080871540443,0.23737685754696647,0.34827325813645144,0.057453344770691105,0.023420263114761263,0.17601883794729026,0.030574993510043613,0.249779465811988,0.04098030721123094,0.19326628645699045,0.23057057262774003,0.13574576670180846,0.19440410040097594,0.2175394632027705,0.19527149942651784,0.3734512837533938,0.43833044819588557,0.1602324383789755,0.10015942743207316,0.16463973352699357,0.32770701806036634,0.20595619338475565,0.11862584790734933,0.15533509007890112,0.35590885660364047,0.059708227156717954,0.2279603519280308,0.85419794238387,0.5684628280356953,-0.0987317065335405,0.18659015987039873,0.2254439768477586,-0.305131425123637,0.6107454151226793,2.5112089035897625,0.08289351262385951,0.2643245881362068,0.0752242572093256,0.26503199876968014,0.6087760620595343,0.7466280898564613,0.3985331484725328,0.3720123645331695,0.22904483740444426,0.03010379970024159,0.6056137784687021,0.6452306478219405,0.1436859513442408,0.2189904488802838
0.07942340688656106,0.22474135202716194,0.241464452794028,0.16711451553799656,0.021748236739089054,-0.01276349725820769,0.15018057401830986,0.011059905235336226,0.1005019907592003,0.13216394906728055,0.1378598925003431,0.07195778084358427,0.10450602683229071,0.06129355658532129,0.19166077429229092,0.12613506377382358,0.1267933181196946,0.20037807299501972,0.32310145780574206,0.014754650582158203,0.2423112813148767,0.12877593746806137,0.012309767550762987,0.3264716266444197,0.33062151325507266,-0.003118616628694272,0.2281963219717518,0.14234113233567328,0.21555292936664164,0.5612288248652536,0.6330052789046949,0.5470934917036683,0.03369292444522912,-0.07394995855260757,0.08289351262385951,2.858410606885954,-0.20616543678499097,0.2884612679594094,0.22375461558651796,0.1269304593674495,0.45142410605726907,0.2336351861943499,-0.4592683749100489,-0.020808755502113557,0.33974974986096845,0.539496926828882,-0.511103672695792,-0.13124476328954474,-1.5623138636518645
0.22231190852985241,0.9279424227114884,0.4107680939693857,0.2990447796311933,0.10321261345138036,0.18181821708868,0.11531891789004166,0.41650846482435655,0.12577051565112365,0.29215126166862454,0.19235928081170367,-0.039137168765674885,0.1666319104905738,0.31315991708665125,0.2579165768908936,0.2771481136193234,0.5121169698615282,0.42003188480538206,0.13534573787979062,0.7366614232483836,0.31521300048681944,0.1694877899548025,0.5613850491508404,0.2763061241064795,0.21381426759508082,-0.2709247487443066,0.228961522815603,0.6286361581505417,-0.359301975415467,0.654227473880458,0.16455332713271184,-0.18703879258304384,0.7536875273170274,0.5676727697659337,0.2643245881362068,-0.20616543678499097,3.4945823302898735,1.1122569179668411,0.35850538280349975,0.2073436172871403,0.8425540473553932,0.42609252074677334,0.43563938972041355,0.06394042335703402,1.7058876545940336,0.680636312909335,1.0552256020174802,0.2816233901053244,-0.2790217950660948
0.2793634284352929,0.23028142613041733,0.3560494008649468,0.30547216206279787,0.18999544766421458,0.31741913612708106,0.1437668415914524,0.3107885010937981,0.22699476415479217,0.1801477129131337,0.2009028460925134,0.1388436633376079,0.17007823033649896,0.33494678695256674,0.1449633379090112,0.3094532296397114,0.398587441011708,0.2073902749366375,0.10964550973564866,0.4589826540873056,0.3807170386881845,0.3094487592105292,0.1037451023137728,0.22980967777945965,0.2864863551738596,0.2590537864693464,0.3466347899678234,0.21424884526686647,-0.4894143968597434,0.32970128466222287,0.4049074293793414,0.600895913475994,0.12783012352344605,0.22835309375446688,0.0752242572093256,0.2884612679594094,1.1122569179668411,2.9932261621072627,0.23532881467893746,0.38280382340466895,0.5115515931115275,0.40531675810310436,1.011106648306093,-0.07271315687151358,1.666207016780096,0.07427291355315306,0.9510671683517796,0.09884794535901135,-0.09362167457525408
0.13588686234046302,0.1060919492218764,0.17241143103685297,0.21518296256987507,0.1999415204464657,0.2417593617658274,0.14803133836093482,0.36909800107743107,0.0694843186880416,0.2005335615836032,0.22611043856644447,0.1661876162048368,0.1744816773203157,0.12908660153995596,0.19060116003445587,0.19965313297214335,0.21981183055554623,0.20867418783316255,0.19126334179997842,0.3899858438454363,0.14533122366936915,0.16446653539441353,0.4159688110281876,0.22940848698680547,0.2817781900562312,-0.29515635334970314,0.1985890463825339,0.21957721915985304,0.42983249878396046,0.3815959204091784,0.09843732848662876,0.24312517780860554,0.12222835972245125,0.21606610289103426,0.26503199876968014,0.22375461558651796,0.35850538280349975,0.23532881467893746,1.7201072397551178,0.3644180091238851,0.17358340637540015,0.14264800821362827,-0.024426442396392856,0.2775610510897104,0.9540180912303328,-0.40751997522182365,0.40340853620956907,0.019447972719098428,0.9383079466106016
0.15434693997474339,0.16195887506320428,0.1186204510681117,0.17833507703084134,0.16004120689238513,0.19534432556196282,0.10049354839071309,0.20988909311936452,0.11226663316329355,0.1432021255740333,0.18351700124196652,0.1432384291627951,0.14075493688306634,0.1997774032555475,0.18131576069371197,0.2376037128781752,0.2590704200514552,0.22198074645800042,-0.03583255637570023,0.2926549178314989,0.25102555758713174,0.17460248927532596,0.33778628480528483,0.15380300158157215,0.23532617859940086,0.16167525585645356,0.2029087987765885,0.29586641136183667,0.3057468335648554,0.0726372285786683,0.10453744715694573,0.15389727286952848,0.04321555095900261,0.0855524699877579,0.6087760620595343,0.1269304593674495,0.2073436172871403,0.38280382340466895,0.3644180091238851,0.8421130879184564,0.2685566507625529,0.25791642306763696,0.5091156748016089,-0.16521726030686518,0.5949368997466594,0.11608925193846611,0.4905118309826955,0.08722510875790233,0.45508062740207245
0.20405002345696482,0.5239054316363512,0.3540174994180159,0.24897971968107305,0.13927781627471242,0.2072289929046464,0.09888017454099375,0.29219907713495846,0.10316011636822446,0.25819845596510743,0.22071284508764097,0.07510132605943579,0.1974406515566481,0.3306108141784972,0.27593785922974917,0.34352452826822844,0.45425309054321794,0.2849008586667762,0.17211942526910926,0.327697257272649,0.5115469780392429,0.23995939587547432,0.23272094662087922,0.23904220310077443,0.33181012728204434,0.02565552515619461,0.2836583456777452,0.4775199402955362,0.515453025684768,0.17785896297317935,0.3969479796380798,0.4345237544593834,0.08770342787018022,0.5566570979912819,0.7466280898564613,0.45142410605726907,0.8425540473553932,0.5115515931115275,0.17358340637540015,0.2685566507625529,2.2906613878147075,0.5090651542547711,0.032477692802381164,0.18274978889494523,0.12439951886558344,0.7371244625371305,0.9659932885705826,0.14208159967299894,0.6275997226404283
