0.6855690195510555,0.2291853288713083,0.42341566547033455,0.08705247755369194,0.08292501311916055,0.18843171300897732,0.21273263510265825,0.11311128785039716,0.17593727834278655,0.14796170550447904,0.15272936948645066,0.1751145871568772,0.134694854601687,0.20107765310200482,0.16346803357647072,0.07225934998009201,0.10475070764729442,0.1524089831863455,0.09595780051139166,0.15642061112263106,0.10497958829436302,0.13089478377278924,0.11759570746597131,0.12553510842575027,0.1504282057833381,0.17508049169644652,0.10184543823216084,0.10062403159293405,0.13635647111642185,0.13389740299574776,0.14782792616959198,0.09239052629047266,0.11617003930459367,-0.027739116147236426,0.11413706774507627,0.14656300043412626,0.08125026958555434,0.09286063272826771,0.15873258919384015,0.11893746613539684,0.10280422557217542,0.10627466307502703,0.1463153440062834,0.07533819609294809,0.22813452455352232,0.25547009279992167,0.17110164054792673,-0.0640671247745569,0.14855551533665293,-0.03576117352264343,-0.004756107816364348,0.09312383130198772,-0.06729906817971242,0.010116894228207973,0.044626137632795,-0.07174795021173208,0.5978314545002124,0.0420493244865634,-0.5684214938672248
0.2291853288713083,1.4877831542052822,0.9091861326871998,0.242594935532531,0.1406844472681271,0.38496225882703533,0.28375355704192773,0.30796526400545116,0.3803644991685954,0.31602612098940547,0.33230854682139227,0.3633187468430355,0.3535439150646218,0.29810161686178943,0.3460858028442942,0.15869599962842237,0.32655992346909707,0.34281174729428554,0.17430759294874265,0.4361893030901179,0.2859731154507944,0.27101438655974763,0.07979083183446915,0.30694834683486744,0.2643107928745917,0.3981791714331764,0.26316927222129444,0.2744699552067844,0.4491873635249879,0.16320997498649537,0.16312897460168482,0.32301367164637595,0.30690372550548517,0.34756032976476425,0.2946825651918966,0.15602628944833735,0.3968312310082182,0.24391096590543487,0.22981557895049382,0.16872794091675739,0.07515116850813629,0.26429888190716255,0.4053255642081677,0.09264939157273272,0.49832647787071954,0.06458783486474912,0.22271797909702543,0.18421428796876352,-0.1937455985054085,-0.2591311515034051,0.3075332806337214,0.25318308053233246,-0.27464378925176924,-0.0218173465547406,-0.26789322035026036,-0.22700186467126243,-0.49271094923580444,0.2603072257209468,0.4487381301363707
0.42341566547033455,0.9091861326871998,1.7473273514582668,0.17570578770711334,-0.1141235390563524,0.4860223623462461,0.3470897262416278,0.4444616672549258,0.5697512390170496,0.4257172046292963,0.365194159243843,0.3625631298387486,0.3521003596022694,0.33036045869072506,0.3929615251594005,0.1184725547442724,0.305353648064757,0.3442914326117048,0.32248803352742456,0.30277881035664145,0.319640207474466,0.3719408059831474,0.20295293407629444,0.3862882524787517,0.33266885078342256,0.41926497787386724,0.22092873467459934,0.2274991574058967,0.5714312993596288,0.11628121310204655,0.24219130050772733,0.30993165400879785,0.3005806670449931,0.3733533634849401,0.5045033676470279,0.3477379091340853,0.4032934281815248,0.20901633594991148,0.33952950657563397,0.08593994470441572,0.1367240936954802,0.29239898530885816,0.2949850984346243,0.19499136773162004,0.46737589023120113,0.37145657733328086,0.24034149576789487,-0.00931874235701862,-0.3416007881486775,0.029570397145641643,-0.12740139914262852,0.21078972366651894,-0.1173505391829448,-0.01779849683550517,0.03545177104583881,-0.10628120752331771,-0.14166419349011175,-0.14143552199378498,0.23418575353975454
0.08705247755369194,0.242594935532531,0.17570578770711334,0.9561465100338754,0.7013352417978401,0.5780601418470594,0.3982227094426964,0.4642423120041996,0.2643799855549668,0.2197010444227017,0.38107974071848233,0.43227775878385555,0.4215487902776777,0.39755068319161213,0.29524176190533885,0.49492354943541605,0.33359028712517935,0.3186393679363973,0.29382033197808005,0.36715202019127724,0.31679866736448814,0.39205007258402924,0.34142359010701384,0.42527618141688267,0.4062808611082899,0.32869694127148774,0.33010282064722335,0.15949932445141063,0.4301548999201719,0.39583417252146086,0.29419031093606934,0.3686460338641491,0.34957375065588703,0.49452880371718094,0.10259530057400164,0.28945044075432874,0.39815786438197165,0.22028881388810775,0.4665753169404764,0.20684576000287913,0.1574127060390687,0.31680080297319085,0.42318887044908937,0.4289206446022433,0.14686821794941315,0.22140503575285012,0.3609586957190998,0.09824608060157061,0.4341669508731889,-0.10565675636577897,-0.16206223169652223,0.2891729114740923,-0.04809574357667787,-0.1198029477234967,-0.06522429845707767,-0.16543969937819292,0.006053868984233778,0.12251657321604031,0.02049164767611798
0.08292501311916055,0.1406844472681271,-0.1141235390563524,0.7013352417978401,1.2938067107610396,0.6402641468964647,0.4160021403652877,0.4156915867086476,0.23613008304192026,0.21696308852344065,0.4205865466119565,0.45306962986155946,0.4625765937602972,0.3747870390726931,0.3320348658783382,0.6147359543713101,0.34857939276928646,0.369190093991448,0.3190521586071345,0.4315019964985847,0.33593655419387985,0.4214478849808291,0.4148892589150717,0.4497283135537527,0.4328356273249362,0.2889147543765818,0.38091481817414347,0.18793189833969307,0.42391854742214247,0.4407447875677526,0.347508537547846,0.44373031811050023,0.3025674708865866,0.593281054034028,0.026905071069744012,0.3582560315932888,0.38025492305021513,0.2641652991196324,0.5509620379940452,0.29725861983744106,0.21090139161384347,0.34830559646276305,0.38415930009068106,0.5028411595988654,0.09351363131631686,0.12427040640202247,0.4080641089312134,0.1676898393519019,0.8018643090281086,-0.2061472754031949,0.03592281715016195,0.11932228798947779,0.0013799247485137577,-0.06020212829597563,-0.11182453971876469,-0.03135262023593217,0.08116076980475663,0.13475618937526604,-0.12213109565964038
0.18843171300897732,0.38496225882703533,0.4860223623462461,0.5780601418470594,0.6402641468964647,1.027038578147402,0.3897759444534075,0.5706622233520912,0.3545353005305595,0.2302986007253013,0.4811769503881249,0.4698305605549723,0.4927760362678543,0.43730434739184243,0.3947838922695475,0.4927216425383013,0.3933552230887801,0.38440796355218276,0.4196959234570873,0.4649151226099411,0.40007669491677,0.4499647076265256,0.3097841012352414,0.48160781137356906,0.4721448352595193,0.4517752463927133,0.3957250927451124,0.2475158065724124,0.6305084379489061,0.422606587761913,0.3701481229608359,0.48207205657245183,0.3118783877041158,0.5664944732172327,0.3307538888806463,0.3509683095486983,0.49647529839204224,0.28058824044257336,0.5480826926856307,0.2376512669501245,0.15561958790473387,0.38939244314843074,0.5062669551924087,0.42207340010022676,0.3773908747161668,0.23448710048995772,0.41545139349626325,0.10356540797622406,0.4560327323211681,0.09548450293139729,-0.46172282603826226,0.2860213959481322,-0.12183485227681418,-0.012136478636190827,-0.12066571791959459,-0.06652675534346152,0.1092285396529422,0.1544058411115632,-0.15052734487915778
0.21273263510265825,0.28375355704192773,0.3470897262416278,0.3982227094426964,0.4160021403652877,0.3897759444534075,0.6110554868645309,0.25686372445520933,0.3291539806967721,0.20528722792691656,0.3207419770484669,0.409034314960849,0.3084426720987987,0.2464682397657596,0.2140900072229349,0.3645941820528937,0.2700930258585568,0.26668861513883124,0.2655088650309693,0.3004793525686521,0.27290956386568577,0.35705605355619496,0.28341541083790445,0.33645028714985314,0.32081730848007645,0.27140644105679096,0.2636506826753884,0.12590776063256165,0.30267426868672354,0.2699786790598061,0.2666177380599217,0.27756434564292476,0.2832446736148054,0.3825415284519931,0.2092602972366062,0.2691318117812824,0.32199167900765013,0.18241087547977666,0.3989016285185318,0.1967384290636423,0.11071043832318554,0.26780208748044015,0.3317174674005854,0.29638586445376386,0.24830719502970705,0.1865890750644673,0.2843975695885325,0.09796077787365885,0.3608249644359432,-0.1746365671583844,-0.1000067949570358,0.18628641931614262,0.01096296838910728,-0.06279946370118725,0.008100967382698165,0.0013970872603022142,0.07171696662863905,0.053584304988335184,-0.23932804351623532
0.11311128785039716,0.30796526400545116,0.4444616672549258,0.4642423120041996,0.4156915867086476,0.5706622233520912,0.25686372445520933,1.095340597527442,0.23233274919226624,0.29608990094588833,0.37919504186819775,0.2733097860323599,0.44223644855359373,0.42377849380586763,0.3121458227691283,0.340891771988571,0.3100135697567632,0.38992201212548216,0.34757846242624235,0.32435655217102916,0.3110931862378172,0.3339432391843099,0.29240784212688975,0.41727410006905485,0.4540102826230152,0.4912787357101949,0.3060323863221565,-0.005110387473869205,0.4349049482555113,0.3973658523890847,0.289622239183913,0.3304114255046397,0.3420890807627,0.45349395517657004,0.48134643066874655,0.21223764188807953,0.43348899338705754,0.2014882221865963,0.45882637341017546,0.1834564759140735,0.11576753565376234,0.31479107233805936,0.4994068933979765,0.22472896604467185,0.37726046745372716,0.36334388893146713,0.43085974767299307,0.036533245657682595,0.27859704896736787,0.17795201450531542,-0.34545064009560655,0.3466667411759238,-0.08613010450266953,-0.15806200585181862,-0.23138916641140092,-0.185741095283698,0.4770031404911705,0.22486317350858218,-0.389989208663912
0.17593727834278655,0.3803644991685954,0.5697512390170496,0.2643799855549668,0.23613008304192026,0.3545353005305595,0.3291539806967721,0.23233274919226624,0.8449658853464169,0.36601235953612005,0.27525233878828087,0.2683289986076147,0.3041802936540717,0.2778481895628304,0.2512597335494935,0.17706476084304057,0.2398352597433449,0.2961571605303559,0.2413689305166269,0.2292650256553844,0.2601955576778736,0.4569571394513811,0.3118541066535097,0.34206715354843964,0.26759934785895023,0.3325940196823176,0.1992340832357262,0.2188326383051094,0.2849829720272269,0.1869385057028284,0.24381204439814144,0.27208690111071954,0.27270518927445214,0.3580518408744665,0.17715953467445,0.31663262516052043,0.2582097584286708,0.1564271231178716,0.3641228314828493,0.18194185157195106,0.13931760620406222,0.24255965569298205,0.23678610541083972,0.34217489478216945,0.16807874665920247,0.15329143509985294,0.23912034932171378,0.0959245366020664,0.2157634734273878,-0.30280836742079786,0.10382701541343622,0.08420151121574478,0.07695920464410742,-0.05504412738178966,0.10304853627385585,0.09002771495691805,-0.07860223856399252,-0.11134542634610821,0.0061444382324357585
0.14796170550447904,0.31602612098940547,0.4257172046292963,0.2197010444227017,0.21696308852344065,0.2302986007253013,0.20528722792691656,0.29608990094588833,0.36601235953612005,0.8210163842342456,0.26015768502988623,0.266632901600744,0.26932846826485785,0.24249688333324512,0.2650722629252253,0.2890921561186326,0.26111870441556506,0.32939331953332934,0.28528838778420096,0.1267297847560623,0.20424337949930924,0.335984216796287,0.3493409871387842,0.3300199021698379,0.2778223190488386,0.22560992941507702,0.1942094733370821,0.15774498951229837,0.3167250244739072,0.3086391620981054,0.21886331546836585,0.2385387505767464,0.2089798884866112,0.3557590001845298,0.3040963936600476,0.28086318762758583,0.22061738410558793,0.10729662216902751,0.3957951426871712,0.2062489216368437,0.2445373554716209,0.20833296603446716,0.2039573450985806,0.3459677705580367,0.09223430215069188,0.1634671760972231,0.3296447605820727,0.06532759266764433,0.39049252659607836,-0.09504436288919334,0.13665634614218644,-0.045466872034800945,-0.029745507603437395,0.04229083859364513,-0.06222082940465485,-0.04614068929839118,0.13152300383685722,-0.04878031393748726,-0.010802391651046475
0.15272936948645066,0.33230854682139227,0.365194159243843,0.38107974071848233,0.4205865466119565,0.4811769503881249,0.3207419770484669,0.37919504186819775,0.27525233878828087,0.26015768502988623,0.5854525540510069,0.43126217434436775,0.4747477043468042,0.31961303076384845,0.3445140670628627,0.3948820970244017,0.3673696544295839,0.331534295246532,0.29204936009968024,0.4012076895257534,0.32392163241438593,0.34859642061619556,0.2693160237422396,0.3899240743643644,0.3753977116239587,0.3590408462878819,0.33856489030553205,0.2219588766953287,0.4040913152593694,0.33109163146851384,0.3250650499062392,0.3419632674541837,0.3311501412539512,0.4201557755620326,0.35724178859638556,0.32385677100182436,0.3757406892418984,0.2400798565780934,0.43094976922538186,0.2584097090088851,0.17908511088020676,0.32876068372068046,0.37256501227486566,0.3171669285692327,0.2862472838165965,0.20243625541049756,0.34332422563117426,0.11846576522455465,0.3849501204837187,-0.10286145484211016,-0.08021292766115982,0.09392398307835358,0.022654145923417374,-0.01780988449022436,-0.06656729645663181,-0.05812314350910453,0.09933361912455284,0.05054841293192275,-0.11149614578322856
0.1751145871568772,0.3633187468430355,0.3625631298387486,0.43227775878385555,0.45306962986155946,0.4698305605549723,0.409034314960849,0.2733097860323599,0.2683289986076147,0.266632901600744,0.43126217434436775,0.7276624607239918,0.3768773253265018,0.33089437134428745,0.33341947899248553,0.401701169470245,0.3398612412746408,0.268718746521104,0.29976942908565724,0.3744663557610353,0.3201395910194688,0.3381092858794806,0.3035922367999197,0.37663138770825133,0.4055655551367679,0.342802460908284,0.3602758202962425,0.10424331868614538,0.4042619183755985,0.332529504913369,0.31967389711193217,0.33178285137033064,0.35345744990891087,0.44027527406084443,0.35223878268722636,0.3140944372140013,0.37636102930463405,0.22298802924780625,0.4546443282515976,0.24670987163016242,0.12817410076530145,0.3283306158789611,0.37407646269207045,0.26102345152720835,0.2939136313843271,0.17212303450077363,0.32728416763394647,0.17161235281774262,0.4040952785392961,-0.13202470922519807,-0.13703386064113943,0.24961560368047245,-0.05699722488860347,-0.0661746630847122,-0.061799601272178394,-0.10515336182819006,0.007792232420275851,0.05649829743574466,-0.021758559907321184
0.134694854601687,0.3535439150646218,0.3521003596022694,0.4215487902776777,0.4625765937602972,0.4927760362678543,0.3084426720987987,0.44223644855359373,0.3041802936540717,0.26932846826485785,0.4747477043468042,0.3768773253265018,0.8461237240579784,0.3339440445820373,0.2823337441414331,0.5046019080686702,0.32864841865405175,0.3804182439463149,0.323989681115243,0.3579703085858031,0.32068485894972654,0.47114561065251775,0.2632753488849066,0.460959183095905,0.4016467153607308,0.4513001763192916,0.3840156158867763,0.2115572180670002,0.4482189938089087,0.3957111805529095,0.29105215753826885,0.3623156798621526,0.4152735714556496,0.43057213561715735,0.4330896038600506,0.26810969291011744,0.3886347942228937,0.22365155308134463,0.3695628325326593,0.2415724948178266,0.20090582591478198,0.3384398250405753,0.4696807316661924,0.36209152899213715,0.1879708679687126,0.24556822371614162,0.385486086504751,0.07029705880132396,0.4566484202884021,-0.07759963791761872,-0.11581408282389855,-0.01173438728189304,0.05380929948845695,-0.044789014320859806,-0.04977563644838909,-0.10134229843224414,0.07077979874661186,0.052787612857732376,-0.0694319764654504
0.20107765310200482,0.29810161686178943,0.33036045869072506,0.39755068319161213,0.3747870390726931,0.43730434739184243,0.2464682397657596,0.42377849380586763,0.2778481895628304,0.24249688333324512,0.31961303076384845,0.33089437134428745,0.3339440445820373,0.7092416424651294,0.3760408028988949,0.29315221214573184,0.34106019965829193,0.25345495744605834,0.27624048109331684,0.3547008406759378,0.290203467131309,0.2833963052164051,0.28017357299622775,0.3593120730525466,0.34766806037005116,0.3093197198207432,0.2646770933000533,0.2751045245712474,0.36888197290727803,0.35294561536379565,0.3083825044042059,0.27676246083110495,0.31176565846458604,0.3523759411244253,0.23447829437746037,0.3643491910966464,0.3990479058488535,0.20741647365672028,0.4053774350100456,0.20864606156711202,0.24541704773663295,0.29505542814081376,0.35456633693053036,0.3238259585505606,0.2108740047585949,0.24287367072591526,0.3175089579483694,0.08497834696740716,0.40974330700320816,0.05419504969739099,-0.1072337140152103,0.2733269136982038,-0.14002308158476703,-0.09887948398752355,-0.16679648220716176,-0.12159295603924838,0.260499169338424,0.13744668948182281,-0.09595056417255289
0.16346803357647072,0.3460858028442942,0.3929615251594005,0.29524176190533885,0.3320348658783382,0.3947838922695475,0.2140900072229349,0.3121458227691283,0.2512597335494935,0.2650722629252253,0.3445140670628627,0.33341947899248553,0.2823337441414331,0.3760408028988949,0.7333529165343785,0.21055593770468473,0.324257983966667,0.3587760002137033,0.3558548827962358,0.34670334150694976,0.3348753392856897,0.21404429800522684,0.330554793493858,0.36936801927577745,0.38866946694087695,0.18682535063436176,0.26136116921731867,0.3294926655903603,0.4261385407656282,0.36310153894933794,0.3465229790005347,0.28454522541550265,0.35978751047871554,0.3900917947430852,0.22926584817504114,0.4309899992473274,0.4864309149624042,0.19634565929654205,0.4687160318606639,0.20098151192778538,0.27362458198820166,0.31015721603274204,0.31004055916786655,0.34578962601782653,0.19670455054115332,0.30827536855820104,0.3516749372651199,0.06871971269606925,0.4221391051339068,0.27111795390026955,-0.1821500602608854,0.4778974995049835,-0.33556773544502694,-0.12365340057967489,-0.028454397141034617,0.008686013116636745,0.09413438969173989,0.054634515171084155,-0.13498391222987277
0.07225934998009201,0.15869599962842237,0.1184725547442724,0.49492354943541605,0.6147359543713101,0.4927216425383013,0.3645941820528937,0.340891771988571,0.17706476084304057,0.2890921561186326,0.3948820970244017,0.401701169470245,0.5046019080686702,0.29315221214573184,0.21055593770468473,1.2990469292716746,0.4137379027286904,0.3122367154929875,0.6406584071879984,0.3098360621868296,0.3922772777686122,0.6698758519132657,0.2810562655636912,0.49420975900528313,0.5108113157510262,0.22370565630469288,0.4479821831311227,0.2958351464451224,0.42404711141163287,0.6010941265648148,0.311168499819896,0.45036697005393045,0.4271473678136349,0.6015963504094423,0.6840203302978497,0.2995771771287462,0.4497130759383497,0.19167634357733027,0.5548577547128457,0.27818597207892987,0.19361044559122392,0.4480259536459053,0.5445813600960595,0.5579371441384575,0.1312436908228213,0.17645363425357072,0.45353324196871436,0.1691879931475896,0.611221014616256,-0.4308885910616155,-0.2341789144018754,0.123250727512218,0.16925186210735346,-0.053217650191539595,-0.05061255350769955,-0.08434904076414466,-0.016954168383768353,0.04724619166115445,0.05967846492215389
0.10475070764729442,0.32655992346909707,0.305353648064757,0.33359028712517935,0.34857939276928646,0.3933552230887801,0.2700930258585568,0.3100135697567632,0.2398352597433449,0.26111870441556506,0.3673696544295839,0.3398612412746408,0.32864841865405175,0.34106019965829193,0.324257983966667,0.4137379027286904,0.9895214943424787,0.23598883672757637,0.44183356336296786,0.484640889013599,0.4132715344739408,0.33043865990131516,0.27305996033903457,0.37411650249342526,0.36311087844010626,0.1948436342828936,0.3416308857636701,0.5662730518393683,0.332751789535998,0.4149207840571683,0.3968037969964945,0.2827185473466872,0.4791763419408978,0.38289713350084453,0.33089837731459565,0.46881884952935937,0.6251769227368331,0.27717921998853917,0.5679452731804581,0.3336519125939312,0.27641577636100173,0.4262278507669307,0.41053325060643364,0.5078393896543664,0.36715467573619626,0.2227994129232667,0.3615940838230969,0.1646809581645854,0.46395182581018224,0.19090008027363184,-0.02081382577392133,0.21860272318530755,-0.12931050195066351,-0.0760851900763833,-0.2794642091281493,-0.07018219950368125,-0.08674382669735511,0.23305965325587888,-0.06970711436353227
0.1524089831863455,0.34281174729428554,0.3442914326117048,0.3186393679363973,0.369190093991448,0.38440796355218276,0.26668861513883124,0.38992201212548216,0.2961571605303559,0.32939331953332934,0.331534295246532,0.268718746521104,0.3804182439463149,0.25345495744605834,0.3587760002137033,0.3122367154929875,0.23598883672757637,0.8019803259842212,0.36477039368134506,0.15094445120612085,0.295174248060589,0.346736483029522,0.30933804851261076,0.37723942000745053,0.33498725782156236,0.325401631272638,0.24925324901299714,0.2862291785354078,0.31212244664371436,0.19493347690610746,0.2559451285848159,0.28419502443184574,0.35698173936121835,0.3932686811270729,0.29434577330993444,0.21704839806090015,0.36281307982065775,0.1139468035066064,0.33931609248334815,0.24375045138532012,0.09534528481820068,0.24882520472275615,0.49610854456013226,0.2790461292801593,0.3806458527282693,0.22610425127571904,0.4217131415939766,0.07496945193043662,0.16182064295119633,-0.04259685988753868,0.29907534452229045,0.15377128298326118,-0.31756683232456273,-0.09610227721809163,0.005225927394921305,0.005621451168477945,0.2141010307581437,0.02346450411911692,-0.26887281606251595
0.09595780051139166,0.17430759294874265,0.32248803352742456,0.29382033197808005,0.3190521586071345,0.4196959234570873,0.2655088650309693,0.34757846242624235,0.2413689305166269,0.28528838778420096,0.29204936009968024,0.29976942908565724,0.323989681115243,0.27624048109331684,0.3558548827962358,0.6406584071879984,0.44183356336296786,0.36477039368134506,1.4520292125343817,0.23692687040980429,0.48521805209544816,0.4705120502744814,0.14107117619034,0.45789861118620795,0.3479212183954736,0.04414074801852213,0.3233762892692858,0.44397174507428,0.405716718136139,0.5930521651255332,0.4073370500148347,0.40122098274902557,0.5532686924543189,0.49248585591750665,0.5113955694146635,0.5079566622091385,0.6486054205587616,0.21065071316961081,0.6863311866341156,0.18701890864114723,0.2578263836390463,0.43206794649639385,0.34059308769853075,0.4144049869953393,0.2407392225951872,0.2950482407759316,0.43698520591247897,0.336396607641113,0.535285368085943,0.42095214022827815,-0.23958782834338627,0.21347605096074493,-0.20878051640242062,-0.15132963280085385,-0.049727677731400084,0.009050959876096849,0.04141527095656159,0.12632135067027994,-0.1147590524702164
0.15642061112263106,0.4361893030901179,0.30277881035664145,0.36715202019127724,0.4315019964985847,0.4649151226099411,0.3004793525686521,0.32435655217102916,0.2292650256553844,0.1267297847560623,0.4012076895257534,0.3744663557610353,0.3579703085858031,0.3547008406759378,0.34670334150694976,0.3098360621868296,0.484640889013599,0.15094445120612085,0.23692687040980429,1.0933941785881653,0.2731049923686515,0.24213066337944433,0.1568271553990984,0.40989457402054486,0.3687925221374478,0.3171298654135218,0.45961248611831623,0.4161046160458429,0.30375870190758764,0.465080535103253,0.39661968809425546,0.47588849235415887,0.44289040055132095,0.3928246031719582,0.11602148673682088,0.25754336753094004,0.6535386401435537,0.5330832688240249,0.478370511827855,0.36857633238575094,0.20114558067043475,0.3256400930451924,0.7670411392555982,0.2642331898022096,0.7639977035400928,0.05148239245288026,0.3793245817311476,0.34452481447401884,0.5190057734301421,-0.30143354692470353,-0.04994184330704142,0.4120392367580423,-0.08766109052036038,-0.05776584169619459,-0.07815638387583711,-0.059908456490988735,0.13741681970389522,0.08178928621847682,-0.14431446043657042
0.10497958829436302,0.2859731154507944,0.319640207474466,0.31679866736448814,0.33593655419387985,0.40007669491677,0.27290956386568577,0.3110931862378172,0.2601955576778736,0.20424337949930924,0.32392163241438593,0.3201395910194688,0.32068485894972654,0.290203467131309,0.3348753392856897,0.3922772777686122,0.4132715344739408,0.295174248060589,0.48521805209544816,0.2731049923686515,0.6576997002272068,0.3448553865571834,0.28440857278894516,0.34078980130833375,0.34483674433707195,0.1251114624413628,0.25984370241994614,0.30651301157312666,0.38373114580762857,0.41767398413499657,0.39599908368495135,0.2541121742138867,0.4612988020776246,0.42714063101452177,0.40476087223134655,0.43790699828341195,0.5730866610457608,0.18384219605364938,0.5529186009918108,0.3110700167544886,0.18785859670851088,0.5046904173435643,0.37371983547762,0.39507056479792513,0.44325597019002894,0.20835767742481243,0.3615912394991458,0.1724631397544792,0.31812127668788615,0.10959269983475686,-0.18312346085963574,0.22347186891200535,-0.08763253161735836,-0.0915748212918514,-0.06182838628934578,-0.020993217545894026,-0.11120620412799216,0.13170762571079195,-0.008056945203538987
0.13089478377278924,0.27101438655974763,0.3719408059831474,0.39205007258402924,0.4214478849808291,0.4499647076265256,0.35705605355619496,0.3339432391843099,0.4569571394513811,0.335984216796287,0.34859642061619556,0.3381092858794806,0.47114561065251775,0.2833963052164051,0.21404429800522684,0.6698758519132657,0.33043865990131516,0.346736483029522,0.4705120502744814,0.24213066337944433,0.3448553865571834,0.843678204233853,0.3635892783327735,0.41958717707046933,0.40795047969900605,0.2919017894150413,0.32358021323861513,0.19741174117296723,0.4131109779248783,0.407524039835513,0.2834806038652733,0.360807899926563,0.3604346963840048,0.5128594852529854,0.41101925165769543,0.2922499258677903,0.3668752422824529,0.16418020994582305,0.48514301797904635,0.2160880880680178,0.16070594175607728,0.35509074381452743,0.42020116241661293,0.4795521302585862,0.10371107328335585,0.21919761691860773,0.3797314458762472,0.12837242750058822,0.43888633721129394,-0.2877602092141305,-0.10822484612445664,0.0178620412021773,0.12272653012136105,-0.07168029678566408,0.007549270294020792,-0.017553649040939978,-0.030472782009805462,-0.013668084258552309,-0.003357242670718188
0.11759570746597131,0.07979083183446915,0.20295293407629444,0.34142359010701384,0.4148892589150717,0.3097841012352414,0.28341541083790445,0.29240784212688975,0.3118541066535097,0.3493409871387842,0.2693160237422396,0.3035922367999197,0.2632753488849066,0.28017357299622775,0.330554793493858,0.2810562655636912,0.27305996033903457,0.30933804851261076,0.14107117619034,0.1568271553990984,0.28440857278894516,0.3635892783327735,1.2174042272344061,0.38151263259365553,0.5123599306806624,0.03796166050639493,0.13391043421753085,-0.09803424769110035,0.41237409105189454,0.47678035514664213,0.3758417173624156,0.06315353075544207,0.3382566810074759,0.4518402132675502,0.1319390179510596,0.5240938642487312,0.49199913521045224,0.06800542792945181,0.7192234641604731,0.3800305028859831,0.2168276207536918,0.2649301255477132,0.28201835638636474,0.7731206380377953,-0.06189874692049415,0.3821015588040145,0.40131925574239447,0.147346663099853,0.6556926366218352,0.15214374369233363,-0.2416900354392253,0.38661897740543083,-0.11211944834208233,-0.12287717735323342,-0.07384622776938332,0.038416106882410504,0.084731695273071,0.056203146440204854,-0.18773057303176005
0.12553510842575027,0.30694834683486744,0.3862882524787517,0.42527618141688267,0.4497283135537527,0.48160781137356906,0.33645028714985314,0.41727410006905485,0.34206715354843964,0.3300199021698379,0.3899240743643644,0.37663138770825133,0.460959183095905,0.3593120730525466,0.36936801927577745,0.49420975900528313,0.37411650249342526,0.37723942000745053,0.45789861118620795,0.40989457402054486,0.34078980130833375,0.41958717707046933,0.38151263259365553,1.1496007834322524,0.48428767287583513,0.22301049066909306,0.3853105025033554,0.26190921574675935,0.4226210814453251,0.7737010080968691,0.29585990901855425,0.6576752740411703,0.7464071844174346,0.46327311439031943,0.45997851248397065,0.45022102709743966,0.6079739100464744,0.2800145791514299,0.5237054087149083,0.26888952932934423,0.27867476949806835,0.39310724484891507,0.5187451835825162,0.5378941040588403,0.1079028673157531,0.39483963362521723,0.5330737510630521,-0.0622750903444216,0.734594331726412,-0.07421986760139007,-0.20500169463916737,0.19330383211707253,0.14892877201437407,-0.14310759498296474,-0.06508495032337283,-0.057391700079149864,0.1980156253933068,0.0456058972113474,-0.15999496554799966
0.1504282057833381,0.2643107928745917,0.33266885078342256,0.4062808611082899,0.4328356273249362,0.4721448352595193,0.32081730848007645,0.4540102826230152,0.26759934785895023,0.2778223190488386,0.3753977116239587,0.4055655551367679,0.4016467153607308,0.34766806037005116,0.38866946694087695,0.5108113157510262,0.36311087844010626,0.33498725782156236,0.3479212183954736,0.3687925221374478,0.34483674433707195,0.40795047969900605,0.5123599306806624,0.48428767287583513,0.9767767147502547,0.2345114395041059,0.33648620132293333,0.15965654507726004,0.5399960915942688,0.588017206659178,0.34671229685175403,0.34066066559362185,0.41034218096289204,0.564816093172566,0.4134274345189564,0.4163358515043343,0.5290747517574701,0.22958213402009148,0.5866739378395097,0.23260219052231573,0.2217809375132184,0.3622234905933814,0.49522151595535385,0.5285077369790949,0.23226039179978783,0.38556243132686147,0.4675029127526752,-0.026326523826277565,0.4216025870324345,-0.23687379344350282,-0.3263951885586664,0.35542270495953543,0.10869866943252797,-0.1344658321617436,-0.06099687630072001,-0.0594671017930715,0.19576968516371904,0.06475045065989969,-0.1904840086707847
0.17508049169644652,0.3981791714331764,0.41926497787386724,0.32869694127148774,0.2889147543765818,0.4517752463927133,0.27140644105679096,0.4912787357101949,0.3325940196823176,0.22560992941507702,0.3590408462878819,0.342802460908284,0.4513001763192916,0.3093197198207432,0.18682535063436176,0.22370565630469288,0.1948436342828936,0.325401631272638,0.04414074801852213,0.3171298654135218,0.1251114624413628,0.2919017894150413,0.03796166050639493,0.22301049066909306,0.2345114395041059,1.941783114610643,0.260848964948452,0.28391096412180394,0.04213953685881862,0.035566048293632475,0.24389254420915374,0.22334017405245585,0.25333932037665485,0.22056281695101784,0.3833672351594985,0.07486921218093379,0.05319738598041732,0.1861541434114079,-0.43052859009462874,0.12464063789367098,0.41197741762268386,0.25245674508892657,0.6192541750579909,0.0377344807840056,0.2891406131054588,0.10510844547292367,0.1682681799705045,0.14102467521602824,0.11183680395029011,0.18513416755554055,-0.1973274604282461,-0.2243647153582149,-0.1478968472449044,0.029916417854116837,-0.03464439521269073,-0.13285189745199846,0.22165262889678392,0.06562897339396433,-0.1407797901869563
0.10184543823216084,0.26316927222129444,0.22092873467459934,0.33010282064722335,0.38091481817414347,0.3957250927451124,0.2636506826753884,0.3060323863221565,0.1992340832357262,0.1942094733370821,0.33856489030553205,0.3602758202962425,0.3840156158867763,0.2646770933000533,0.26136116921731867,0.4479821831311227,0.3416308857636701,0.24925324901299714,0.3233762892692858,0.45961248611831623,0.25984370241994614,0.32358021323861513,0.13391043421753085,0.3853105025033554,0.33648620132293333,0.260848964948452,0.7376361283310462,0.32191056684877023,0.326129710113104,0.39265928307630243,0.3243070573217075,0.5450866765828688,0.39377282502073285,0.3994624423473622,0.33749419666234626,0.362649942281053,0.3542138224837903,0.28504800832358096,0.3695715808097133,0.23261495895360623,0.2430194977159088,0.3079864885287133,0.49725195511784737,0.1933411555678578,0.3354833654069484,0.07690714540301519,0.31554219108066045,0.16308686600531783,0.5427273050858102,-0.16704613861917605,-0.10544761214933353,0.22947182714972134,-0.019138516463857842,-0.04335298002338237,-0.017348700064021772,-0.04663612306838501,0.09754298358069408,-0.004906062678833843,-0.054449026406073485
0.10062403159293405,0.2744699552067844,0.2274991574058967,0.15949932445141063,0.18793189833969307,0.2475158065724124,0.12590776063256165,-0.005110387473869205,0.2188326383051094,0.15774498951229837,0.2219588766953287,0.10424331868614538,0.2115572180670002,0.2751045245712474,0.3294926655903603,0.2958351464451224,0.5662730518393683,0.2862291785354078,0.44397174507428,0.4161046160458429,0.30651301157312666,0.19741174117296723,-0.09803424769110035,0.26190921574675935,0.15965654507726004,0.28391096412180394,0.32191056684877023,1.8728606438521902,0.0038690817495632686,0.14676386237711078,0.44690469091598517,0.34162673735238513,0.4145977148286876,0.22265208730209546,0.08518259283291488,0.7562190953667002,0.3287115774331967,0.2742285754740024,0.27843324866580593,0.23728156725174251,0.6297219452537163,0.30921845834055417,0.15738780758330842,0.8008984135718318,-0.0866766374289646,-0.05892003714203859,0.08326821573805313,0.23196231580116886,0.6705578169406556,-0.24895445126487772,0.36867059742021263,0.3359622016354357,-0.4102822709707531,0.0011444341246537532,0.20258855703949,0.11320182055803985,-0.062324205604719865,-0.158596052287529,0.2981102521187852
0.13635647111642185,0.4491873635249879,0.5714312993596288,0.4301548999201719,0.42391854742214247,0.6305084379489061,0.30267426868672354,0.4349049482555113,0.2849829720272269,0.3167250244739072,0.4040913152593694,0.4042619183755985,0.4482189938089087,0.36888197290727803,0.4261385407656282,0.42404711141163287,0.332751789535998,0.31212244664371436,0.405716718136139,0.30375870190758764,0.38373114580762857,0.4131109779248783,0.41237409105189454,0.4226210814453251,0.5399960915942688,0.04213953685881862,0.326129710113104,0.0038690817495632686,2.699477251189847,0.5512435385926664,0.13330272020232764,0.5832432381416953,-0.07343770148762363,0.6077340982373343,0.07223000946931822,0.8043134177970518,0.25422202005419564,0.14785614465283198,0.7195766846312417,0.06655024022079947,0.5835033118275954,0.29089584105619115,0.1311994198014434,-0.04366546372807567,0.33271397116523754,0.5415521883138459,0.4420912813601893,-0.5786301344683143,0.5779892429124214,0.7706160557697463,-1.0908281929726416,0.3237786328025707,-0.21180190136994975,0.05228616772931411,-0.19753125065966137,-0.11960053877205853,-0.29273586387695477,0.18304412559872654,0.20537281832276555
0.13389740299574776,0.16320997498649537,0.11628121310204655,0.39583417252146086,0.4407447875677526,0.422606587761913,0.2699786790598061,0.3973658523890847,0.1869385057028284,0.3086391620981054,0.33109163146851384,0.332529504913369,0.3957111805529095,0.35294561536379565,0.36310153894933794,0.6010941265648148,0.4149207840571683,0.19493347690610746,0.5930521651255332,0.465080535103253,0.41767398413499657,0.407524039835513,0.47678035514664213,0.7737010080968691,0.588017206659178,0.035566048293632475,0.39265928307630243,0.14676386237711078,0.5512435385926664,2.8340252276385014,0.5031816610965694,0.48857336863146106,0.8791652726915931,0.3259306101866485,0.4702730701752931,0.3648156541962427,1.0678306109774762,0.2982012228946156,0.7160764019216329,0.03629280410221202,0.8315558587205669,0.4679796460081025,0.8575289734680756,0.8170986716303579,-0.1285903146576967,0.4890159476825455,1.1691550869802343,-0.33534385821462326,1.8821877889209269,0.3280280594100414,-0.9714853438144725,0.45725869645026535,0.13946648979204204,-0.06944758524241279,-0.23176959377258063,-0.14143612085321358,0.2301674297813426,0.5093401264670732,-0.47639520749891345
0.14782792616959198,0.16312897460168482,0.24219130050772733,0.29419031093606934,0.347508537547846,0.3701481229608359,0.2666177380599217,0.289622239183913,0.24381204439814144,0.21886331546836585,0.3250650499062392,0.31967389711193217,0.29105215753826885,0.3083825044042059,0.3465229790005347,0.311168499819896,0.3968037969964945,0.2559451285848159,0.4073370500148347,0.39661968809425546,0.39599908368495135,0.2834806038652733,0.3758417173624156,0.29585990901855425,0.34671229685175403,0.24389254420915374,0.3243070573217075,0.44690469091598517,0.13330272020232764,0.5031816610965694,1.3950302929589449,0.1532131267847549,0.5773898248096471,0.4322726620833976,0.2777606187927295,0.8283582979849567,0.7237491072741349,0.31565556069848844,0.5643651985501349,0.19214383246702846,0.46452159218114164,0.39274694806252564,0.18333765881187444,0.49365994549011605,0.291226888597051,0.28857434627668976,0.34971198573472073,0.13160171929990747,0.40340627382344524,0.2778887518551273,-0.41037208442155393,0.5070928665740574,-0.1956865891477656,-0.09067927833703578,0.07000051425495864,0.04574836640146571,0.31344842972496395,-0.10871168694963021,-0.21055460964473507
0.09239052629047266,0.32301367164637595,0.30993165400879785,0.3686460338641491,0.44373031811050023,0.48207205657245183,0.27756434564292476,0.3304114255046397,0.27208690111071954,0.2385387505767464,0.3419632674541837,0.33178285137033064,0.3623156798621526,0.27676246083110495,0.28454522541550265,0.45036697005393045,0.2827185473466872,0.28419502443184574,0.40122098274902557,0.47588849235415887,0.2541121742138867,0.360807899926563,0.06315353075544207,0.6576752740411703,0.34066066559362185,0.22334017405245585,0.5450866765828688,0.34162673735238513,0.5832432381416953,0.48857336863146106,0.1532131267847549,2.0447144336671137,0.4196262838929012,0.6465447083687967,0.33554430419749437,0.3015636201005016,-0.10175584249665091,0.3816546611653203,0.43792816495066283,0.27723868746801056,0.07012613696836147,0.3147107941916303,0.39972366538314874,0.3065522393165683,0.38777175906460665,-0.039594924910377374,0.3704810655733733,0.05626807852980395,0.3012724214191587,-0.3092688213650559,0.33786846664267656,0.07849933872428864,0.012953898011942296,0.05710577482992489,-0.008421006920091064,-0.04886455055476718,0.09771088213151784,-0.013212610668767059,-0.025748931532110733
0.11617003930459367,0.30690372550548517,0.3005806670449931,0.34957375065588703,0.3025674708865866,0.3118783877041158,0.2832446736148054,0.3420890807627,0.27270518927445214,0.2089798884866112,0.3311501412539512,0.35345744990891087,0.4152735714556496,0.31176565846458604,0.35978751047871554,0.4271473678136349,0.4791763419408978,0.35698173936121835,0.5532686924543189,0.44289040055132095,0.4612988020776246,0.3604346963840048,0.3382566810074759,0.7464071844174346,0.41034218096289204,0.25333932037665485,0.39377282502073285,0.4145977148286876,-0.07343770148762363,0.8791652726915931,0.5773898248096471,0.4196262838929012,2.092727674088967,0.183469989733569,0.49637673230361756,0.24793028895870106,1.2310141790899392,0.2964121987298521,0.2562580884030866,0.23865031889095828,0.08948480502236038,0.5609234414426211,0.7387758636640093,0.8075095310147014,-0.2381460516711432,0.6236550995076837,0.6247944616661116,-0.11561899950262407,0.7497830004368854,0.1975047862427463,-0.3847068961672747,0.4466349265179988,0.031092881564137736,-0.3376473766544581,0.010248122969395373,-0.10735164069081461,0.05341083315455095,0.08734875142568503,-0.08665475816353435
-0.027739116147236426,0.34756032976476425,0.3733533634849401,0.49452880371718094,0.593281054034028,0.5664944732172327,0.3825415284519931,0.45349395517657004,0.3580518408744665,0.3557590001845298,0.4201557755620326,0.44027527406084443,0.43057213561715735,0.3523759411244253,0.3900917947430852,0.6015963504094423,0.38289713350084453,0.3932686811270729,0.49248585591750665,0.3928246031719582,0.42714063101452177,0.5128594852529854,0.4518402132675502,0.46327311439031943,0.564816093172566,0.22056281695101784,0.3994624423473622,0.22265208730209546,0.6077340982373343,0.3259306101866485,0.4322726620833976,0.6465447083687967,0.183469989733569,1.9727002779296015,0.4904939267379776,0.3754784783548745,0.6327328075762466,0.2493266836551727,0.7535293046600734,-0.004114389966964153,0.05156767889680866,0.4228717038813166,0.5905604607318173,0.7493316696696851,0.26644733293604367,0.08636802401334144,0.48144745151205126,0.31486648063278483,0.1494270483082479,-0.336242459551786,-0.09071324431629864,0.08259536913705423,0.28621823012615755,-0.15810306898093332,-0.12825681664861308,0.03610541512297457,-0.40251205597344003,0.07393130512234539,0.3645433654331597
