0.8580175537435868,0.10113070298598409,0.015270886896081472,0.024103512387614948,0.17402316404346638,0.10480643730716366,0.04051889092899406,0.11738663532539252,0.074185038102291,0.04867614854070143,0.052021958688083424,0.12394803764069183,-0.01071464447697865,0.0403044885802724,0.06527246617759873,0.041298749843262934,0.0361084117180887,0.05648134925699186,0.00939099356707748,0.12800212868399294,0.08746750459011801,0.15741279490120477,-0.015289302700243831,0.007457271577277198,0.06433003422178223,0.09324572908755054,0.06586778688521054,0.12195657891153684,-0.005430148541186918,0.05629647949687516,-0.034047165667533186,-0.07748467849020785,-0.010242832108298482,0.06640392531974189,-0.0028870067460176523,0.10775289471084994,0.10210943787756463,0.052821690246414775,0.07022833679713589,0.017773452404792046,0.02876177142352173,0.16414778025000573,0.019038199524995348,0.06545333717727296,0.08573320954255174,0.0639072418025893,0.06616305101437533,0.03153121448319814,0.0048274896785452754,-0.2910214461605886,-0.5325737969046196,-0.1332896164667279,0.16627451147949676,0.19538844852616244,0.07667349343887819,-0.09694610969226163,-0.1298996635542549,-0.09911116083572685,0.2252391169615611
0.10113070298598409,1.2823401309806883,0.16777015654963082,0.1618346781337933,0.11602117089416969,0.17867898286675343,0.11136508463536014,0.20509540762572426,0.18079926843446126,0.20020304096373023,0.17265701453486462,0.10294258563371189,0.09545476248742034,0.173280247659524,0.13034028633183037,0.19488405857222274,0.23797515219116597,0.12371297893592065,0.1701312492748803,0.18043740746825862,0.12100091659085785,0.19030298080754743,0.06132104803857567,0.1433957907759101,0.18017007523167178,0.14563105072208812,0.07870869220973817,-0.046331200568367426,0.05301402185462846,0.07854643908014844,0.1481577094483033,0.13366136340137683,0.08389631777059722,0.09857281042031435,0.07917749797068337,0.10483545802372976,0.10306063803687149,0.1041820713748308,0.10235854564087928,0.07996324941707943,0.08990188557109406,0.1374765387275154,0.09514879730767209,0.02978644954623716,0.07809620575921086,0.06999648495533298,0.07646941683877154,0.09809663104426604,0.004468923662106815,0.15860226602755909,0.07347196917522193,0.021170041832483572,-0.008072382761874866,0.032973517341460146,-0.0035697720453330504,0.07470457055479363,-0.15204129833205682,0.06515216835560178,0.03810194282849847
0.015270886896081472,0.16777015654963082,1.4834782607048087,0.17425763597607713,-0.09235224786589072,0.19034834191946015,0.1803907299679806,0.06578678512213787,0.14558318070772633,0.21033162395752997,0.14222882299444953,0.06442423816895633,0.1467235198863633,0.15620566455010299,0.14606989424962571,0.15717525956477038,0.21674479464012403,0.14474854708955495,0.15954096490335162,0.09508501848573249,0.14825087071858362,0.08573566360558744,0.13479209580319199,0.19979887139657074,0.13987662673203796,0.19106547968027837,0.1532634904116729,0.13412094271106245,0.19209957100942965,0.12073184409594014,0.16308283866866788,0.2183476231187169,0.18120308548848885,0.17214351882556825,0.1349486476379212,0.05855832808572101,0.06393442816255336,0.13860642411838817,0.154112517676728,0.11504232427152528,0.08524831860662661,0.12556835332015825,0.1061886309205333,0.02258338214663979,0.06562380242476391,0.12513040118301183,0.10707419874517615,0.10185928965266029,0.012684908258680964,-0.19787662373516376,-0.02349184905433008,0.17110391462248148,-0.0038807517067687013,-0.19777608422610546,0.026245841038693644,0.0140755958581453,-0.14652028435572706,-0.015153035755525556,-0.018959724671481833
0.024103512387614948,0.1618346781337933,0.17425763597607713,0.8921395795029892,0.22462123747592688,0.20947095742122696,0.1853194956698601,0.1543663983476528,0.25902704646089475,0.1532615913483906,0.13139646843878716,0.10927918157313136,0.21220305588415178,0.11397821572654228,0.1368251430998634,0.13151874076315032,0.17643740087089319,0.16349246223838373,0.18410487773705064,0.1043371156364682,0.13956098009890547,0.0942570700103843,0.08703791153635532,0.15709950888957475,0.13880699481834974,0.14878527860512,0.04471445285774688,0.1266854353835778,0.11484751629253596,0.1350438138641995,0.10373071041396027,0.11486671219364882,0.0937404884705039,0.135624187184043,0.08784380268816581,0.12434496503343184,0.10433808249928983,0.1091891081581835,0.12062987113821962,0.08830405575174827,0.07127787917346938,0.07688470164429753,0.04473717730688329,0.1141571935831177,0.07315745783401276,0.09654842134165677,0.1693671352032525,0.07156653043036695,0.008856758156188391,0.012855125603560388,0.24449780919211905,0.005362048925434431,-0.10711876707031263,0.006377707350469287,0.07235253345794172,-0.10607819564109668,0.014490942360369161,-0.13394711868302164,0.036342837485857024
0.17402316404346638,0.11602117089416969,-0.09235224786589072,0.22462123747592688,0.6633908755258573,0.21298371611586853,0.10104220520312213,0.1718573074483434,0.20924098002150637,0.1322819687237634,0.155503757824359,0.13564642418186712,0.1572423561905816,0.1622245933329063,0.14977278715793244,0.1326119362633951,0.13857431205548812,0.183824640658031,0.12641937609647297,0.1319199641936814,0.16838411359387925,0.1442836935122204,0.030412491684181156,0.07473191002770072,0.11117160300721428,0.14364010192605112,0.08037826946552272,0.09186889947076624,0.09137539592871433,0.1520896681530015,0.06621682291242119,0.04437094889278528,0.06460560880832211,0.08651183899268727,0.043684895119833596,0.10583941577610273,0.0897378994835453,0.10248844078944265,0.09388399662685602,0.0394037975500203,0.07463625079760848,0.09724391252513237,0.010299052777264419,0.06714560962393624,0.08145733102587037,0.08538726116994036,0.05337698854514316,0.044911207212076865,0.006290924627337107,-0.0885385058502022,0.07981314500035759,0.06315053449990099,0.008991592860561714,0.037473874818777966,0.01184713499743686,0.008208341918871593,0.0810048768499653,-0.015817944297715908,-0.027803112338876078
0.10480643730716366,0.17867898286675343,0.19034834191946015,0.20947095742122696,0.21298371611586853,0.38604866849236175,0.14803341163263983,0.17859237401974315,0.203934333207094,0.22403082694034535,0.20253310542768638,0.1864225168585308,0.20603920369424128,0.1852993398250138,0.19720191123815034,0.15406905568226878,0.1693831927951588,0.2192189785918154,0.20360549071092654,0.1569025757957445,0.1888404746064988,0.14988802591600678,0.16755969325353906,0.16789056544404438,0.13761392707344372,0.15270524783911033,0.12655411354324722,0.16894286464520988,0.16155914595152415,0.13149621726760669,0.13113782026218032,0.13958964978295427,0.1102757426138766,0.14871283344683295,0.0843625027638845,0.1192087205933339,0.10844778898718932,0.1150127496306315,0.12180673721291356,0.09195548429045025,0.09411406671141476,0.1465524722938761,0.0705280170061265,0.05344803906526896,0.08482808445765441,0.1265174006385237,0.05846547375008053,0.08604385422260875,0.011543415001491477,-0.07829218592841028,0.13569429633378408,0.05407726440164886,-0.0036232981672876864,-0.017195576012789843,-0.06738206185228984,-0.015366918727798634,0.05987215759439643,-0.0011023793886440086,-0.014483132912941407
0.04051889092899406,0.11136508463536014,0.1803907299679806,0.1853194956698601,0.10104220520312213,0.14803341163263983,0.29837376415087175,0.10892499142513126,0.1710185513069908,0.15952487747308824,0.12109386405967171,0.1015271513719155,0.14709550022933723,0.10682271999677821,0.12972795661200823,0.14247314507698716,0.15277106394639633,0.16871343710039233,0.1630284971057045,0.119862812402734,0.12483420214603298,0.11505670980165776,0.06508833383642795,0.1610206929148002,0.12944415330489634,0.16239856008475279,0.060339645107324646,0.12320870378790011,0.12502808895688566,0.07753244645173356,0.06626637667397044,0.08004451947702394,0.09459271932269732,0.11406336680129957,0.058583477800151065,0.1056154168475771,0.0858184244515638,0.09997251057177531,0.1106778854875609,0.0695174992083089,0.07334096671672943,0.14021177919571212,0.046156501688304465,0.029328680935269306,0.057494239055294216,0.11211582394222264,0.07353134725058487,0.06584144168545648,0.008105949553780651,-0.0670228443734867,0.0564160679821412,0.019259688008717628,-0.05866030808350494,0.011102779860567553,0.022744979122344886,-0.027342917913169576,0.10029990207649672,-0.10469974620198409,-0.0555774398474889
0.11738663532539252,0.20509540762572426,0.06578678512213787,0.1543663983476528,0.1718573074483434,0.17859237401974315,0.10892499142513126,0.45599609213182346,0.22907635377822388,0.1943788020910988,0.16505644294825164,0.1856171210526056,0.17322579275995728,0.17904969354975694,0.17700043517794348,0.15874228157435175,0.09939886337378265,0.1938052203103272,0.15997995515835678,0.1607673185575584,0.1699131673409218,0.18533638241746833,0.1283083754547333,0.17565529615084421,0.16298635088335045,0.18165054659575464,0.1275659376232872,0.0960013253830774,0.1568950014919501,0.12564147501897785,0.11648218562048122,0.11432841451026149,0.1362207562836452,0.11555062965102096,0.07271647949506106,0.12045921047077872,0.11149370332163466,0.13231261097131852,0.13296546429540992,0.10054499420486887,0.08266270218872056,0.11380449769101747,0.03699336712895673,0.06631728452370797,0.084437082740699,0.1019564337663061,0.03226902294719082,0.10004589247479038,0.013603827864961185,-0.18667306596510222,0.0006114903681174737,-0.0017520752187040716,-0.026334682884012434,0.007214933313469719,-0.00047888151560651583,-0.03837407267876447,0.05646087682392775,-0.030470509222707748,-0.015930758638512215
0.074185038102291,0.18079926843446126,0.14558318070772633,0.25902704646089475,0.20924098002150637,0.203934333207094,0.1710185513069908,0.22907635377822388,0.7019424062492027,0.2601083990409078,0.21418257071390787,0.2106678563706601,0.28671049484725575,0.19004355202377315,0.2104417875483746,0.16785552709702187,0.23545734254697656,0.2676404845112993,0.22765168663202728,0.16998754594438772,0.21688288550683532,0.12921876416101036,0.1502416291373481,0.17181575664640655,0.14868240807612393,0.21129184549604813,0.12357999504529915,0.1336809290086698,0.16187107201107967,0.12607564270421293,0.10817776754477029,0.07701746343516827,0.10222769593472367,0.1668407563620786,0.06137693704072748,0.12671154304335072,0.11468621026174454,0.11989151688028749,0.16315659324829565,0.06169086859614536,0.11000288610155544,0.21542046842549423,-0.1334580375641105,0.06600391872348121,-0.0036783094988383507,0.19311891210555687,0.1707388026885498,0.07972293948017727,0.005520966878896004,-0.07690202761802253,0.018533611395070204,0.03355702344053998,-0.030843334670899357,0.021964553113022606,0.1489003568954588,0.03064665711196155,0.13362047378416803,-0.08775533532661772,0.011360500356730483
0.04867614854070143,0.20020304096373023,0.21033162395752997,0.1532615913483906,0.1322819687237634,0.22403082694034535,0.15952487747308824,0.1943788020910988,0.2601083990409078,0.7019513535132349,0.2661705050116972,0.2428405388507997,0.22723946822164573,0.2974674421530174,0.30558845286192304,0.16791197547899653,0.26723749473702296,0.2990547094773454,0.3479163951703734,0.30085599205252817,0.25342603780216005,0.1639824574087985,0.18492515710413682,0.16494678867728654,0.1428550299289563,0.21229862287554774,0.13625275977927712,0.13605019568989035,0.1833994466059108,0.1264572987000448,0.21039054299613932,0.17116976283526783,0.11253919251582689,0.15459234054412682,0.08716440596614339,0.12308201135590544,0.11360517399277828,0.14149149001516373,0.14338587103563452,0.03930135881356962,0.12775229900964885,0.16887098750398916,0.06186241498248469,0.04439194557190564,0.08484547721659771,0.1393081568196629,0.07956848229649302,0.05551458522050353,0.014385043020918078,-0.05724755849010454,0.09050739584995111,0.03617143938014251,-0.02877023463448379,0.04512010760450955,-0.01670466398149332,-0.043544631327994084,0.04062274416897549,-0.031841393588005015,0.044659189358565436
0.052021958688083424,0.17265701453486462,0.14222882299444953,0.13139646843878716,0.155503757824359,0.20253310542768638,0.12109386405967171,0.16505644294825164,0.21418257071390787,0.2661705050116972,0.5611113421361227,0.2343128619567692,0.2379294467402532,0.23285919167428404,0.25793431103678705,0.1934662603160595,0.2081297774490434,0.265763563942967,0.22910277170880372,0.2326480975658979,0.2317533595275209,0.2062171586342833,0.1902895618440008,0.1781472391567853,0.18031215512608087,0.11986184660909997,0.1401903410341062,0.19568890141048406,0.16157533171611688,0.1451469301906421,0.1588497430026111,0.1709962488228523,0.11576812143864455,0.13696543061022623,0.08190880512204968,0.12339327147685357,0.13574683337810522,0.1526492933618907,0.15081739420992027,0.0984256809275917,0.11255723068734518,0.14424615231883964,0.06813648107805755,0.05795866204483243,0.09265382415774855,0.1343014918839004,0.07036409334052486,0.0908529103472364,0.007964091412004118,0.054258387767537296,0.047094803289053265,0.05324928627190689,0.12636885711155865,0.016861531436750087,0.053648369233550125,0.0067444828674063035,0.05026476117284124,0.07620671158350797,-0.051077380943224664
0.12394803764069183,0.10294258563371189,0.06442423816895633,0.10927918157313136,0.13564642418186712,0.1864225168585308,0.1015271513719155,0.1856171210526056,0.2106678563706601,0.2428405388507997,0.2343128619567692,0.4847087737753468,0.19394071602880658,0.15449231978969152,0.22524962853441774,0.15893358161085874,0.1677938414716954,0.23618435948568015,0.1863435932924269,0.22169662792360734,0.2327782755150927,0.22426533041292146,0.12657395565268667,0.13354293639537648,0.1552075716127997,0.16720309646287737,0.13559518663401876,0.16323938910341956,0.14743413875183187,0.14595975478265102,0.1185584665489164,0.11654063458989054,0.08476659454550263,0.11366769398350762,0.04700360212284406,0.13070257846314753,0.11618334952979695,0.13246646455311112,0.1288444062991255,0.07535008221325687,0.09257158407036996,0.12874310896565266,0.04911842667898057,0.07148915589168713,0.09605348780838575,0.11580892482321646,0.08080693963946153,0.06989989922384286,0.006819905571321813,-0.03679737991365839,-0.05174601315157561,0.03270073588007185,-0.013902199376892629,0.005964412784673111,0.1038786763265519,-0.03596649825802919,0.05816031356046027,-0.03595882199860738,0.0832439225909246
-0.01071464447697865,0.09545476248742034,0.1467235198863633,0.21220305588415178,0.1572423561905816,0.20603920369424128,0.14709550022933723,0.17322579275995728,0.28671049484725575,0.22723946822164573,0.2379294467402532,0.19394071602880658,0.8504350591774138,0.2971780503174494,0.2431566831660021,0.13266405678409887,0.3094998126025461,0.4432432892621453,0.2428579506511932,0.16192919986790147,0.2285088529115589,0.16963872112219194,0.21132619728925517,0.24668493179588918,0.13555440464574828,0.08033107333240225,0.14382768350996136,0.16544679428711268,0.1864291447694553,0.08772064404323858,0.12285092081045158,0.13762914366031284,0.146170543122511,0.18150907208395436,0.11486907693215614,0.12114719598460869,0.13183464916600732,0.21033703185197214,0.2118554073481387,0.13212371706733644,0.09687123438499869,0.2141831866938646,0.05123564368259975,0.03774172032309219,0.06457926228470844,0.1736522668714043,0.0994111988997544,0.12854231213212755,0.005612348749897959,0.1044645686044992,0.135244495074245,0.025370270905727233,0.04958371524455252,-0.05715212190152008,0.04065263257058969,0.07547816714040642,0.07347635798971248,0.04405520601098251,-0.08925063828412766
0.0403044885802724,0.173280247659524,0.15620566455010299,0.11397821572654228,0.1622245933329063,0.1852993398250138,0.10682271999677821,0.17904969354975694,0.19004355202377315,0.2974674421530174,0.23285919167428404,0.15449231978969152,0.2971780503174494,0.8161209573102194,0.3263116744445991,0.19827169594407373,0.21152971013262079,0.21958113341844532,0.2541960468104909,0.17770156575596874,0.1797509050001479,0.18209983731513552,0.15972881526360258,0.10437162875305399,0.1480149450454652,0.13664711151309497,0.17816633986170016,0.1337784933009178,0.09879036849173435,0.1320179245598676,0.15007492716154666,0.06219377989149603,0.09461503909500342,0.1292797283855307,0.14368841334542246,0.1184640057284772,0.12651669047450018,0.1457930596407237,0.1340644433894487,0.08016591292780523,0.10378240874962866,0.13444306401830866,0.047488957725875754,0.07753437389160646,0.11628436976878212,0.10069855008725884,0.04471364981144133,0.08148376859009014,0.012502393916293018,-0.010707690788051286,0.060250463752874066,0.01794413485098243,-0.0569409236468503,0.038199557258944965,0.01865864725791107,0.017408738451576426,-0.04357943572234142,0.11917682598118993,-0.10182616822883804
0.06527246617759873,0.13034028633183037,0.14606989424962571,0.1368251430998634,0.14977278715793244,0.19720191123815034,0.12972795661200823,0.17700043517794348,0.2104417875483746,0.30558845286192304,0.25793431103678705,0.22524962853441774,0.2431566831660021,0.3263116744445991,0.4640856999706067,0.19469743973798287,0.20553368106491787,0.2929900148464862,0.2508104268035267,0.23176990624914443,0.25078699976868546,0.2403815511342938,0.1759283500971383,0.18959128486204646,0.1654576232560857,0.19247690049308253,0.16413689212039065,0.15149791097356652,0.16685263676985337,0.15966717714759385,0.1601986266348773,0.12869907225702848,0.11396904771093175,0.13359968955230325,0.12171512099842695,0.16252884423851738,0.15205656094197367,0.16451346735040137,0.15547462285235342,0.11989764099090751,0.10883234382238755,0.1514749309048192,0.0772841344289057,0.07119608925858406,0.11054002102480237,0.12106755929987983,0.06919401183864286,0.11183487645343314,0.010545851712623455,0.013454146039610471,-0.003113263198429889,0.04060605727088112,-0.011342296119542766,0.02670184214385727,-0.030587162264652582,0.010341269405191963,0.08690405225033662,-0.09016195557476722,-0.047401915533312286
0.041298749843262934,0.19488405857222274,0.15717525956477038,0.13151874076315032,0.1326119362633951,0.15406905568226878,0.14247314507698716,0.15874228157435175,0.16785552709702187,0.16791197547899653,0.1934662603160595,0.15893358161085874,0.13266405678409887,0.19827169594407373,0.19469743973798287,0.6524942368229951,0.24040900796629672,0.24423936453771336,0.21294639950888172,0.27232725487523063,0.20866715884007106,0.31906612604517104,0.1340340495620727,0.2599266552026933,0.4659737868095638,0.22054980727663828,0.23828524587616068,0.11972961179028464,0.20070496057661977,0.148887886859502,0.18003178390682945,0.20056648276953207,0.16239524738237723,0.15691183062743386,0.12327931519337569,0.25702397288560364,0.21385655933629924,0.18789750187857163,0.18621186818240767,0.18416130387096297,0.10765451139692823,0.18297727573239345,0.12429593218368899,0.04708673836253538,0.10899379698881201,0.15676731556055376,0.0040052645644461735,0.18366129925130595,0.004459851141700805,0.013402273717261853,0.07878549572933974,0.05595415091664526,0.04964851477241112,0.04189439333147115,0.085950769611884,0.10719177345120605,0.10230608178609935,-0.14546253279633184,-0.21064204044182933
0.0361084117180887,0.23797515219116597,0.21674479464012403,0.17643740087089319,0.13857431205548812,0.1693831927951588,0.15277106394639633,0.09939886337378265,0.23545734254697656,0.26723749473702296,0.2081297774490434,0.1677938414716954,0.3094998126025461,0.21152971013262079,0.20553368106491787,0.24040900796629672,1.7020028295466363,0.2866402998118014,0.2488829382120187,0.3133745715857585,0.1899512484768151,0.1424203230581731,0.10565666383342133,0.30264819221230865,0.195552013218399,0.26119898871064634,0.0705803444671871,0.11467459553809865,0.20937396108428535,0.06855964724178548,0.15515899926995097,0.27785351334397473,0.13321241537378006,0.16196545969893117,0.23138228045628625,0.13038801099042133,0.12894427256945784,0.1997405343065955,0.19378609042507805,0.09302295957345921,0.20236111668667395,0.1603669516425751,0.1498883903464496,0.03488872161068673,0.1702053959385955,0.19134156486020995,0.1313370061692481,0.0958782101274227,-0.003435319742080779,0.14740138205225053,-0.007263427817461495,-0.07804072412233236,0.058649192604605306,0.0790883070881248,-0.015570118960683117,-0.1345323517914903,0.008815022482820657,0.0005335744942789213,0.014118891141819752
0.05648134925699186,0.12371297893592065,0.14474854708955495,0.16349246223838373,0.183824640658031,0.2192189785918154,0.16871343710039233,0.1938052203103272,0.2676404845112993,0.2990547094773454,0.265763563942967,0.23618435948568015,0.4432432892621453,0.21958113341844532,0.2929900148464862,0.24423936453771336,0.2866402998118014,1.2526782432720116,0.32823366312841445,0.22746533542178352,0.6297914740862377,0.1994462687296284,0.3732139022785108,0.2593144450730792,0.21134704127252907,0.27120111307176026,0.2706347723658503,0.19558925803762472,0.23962671197731836,0.09517379169412805,0.13344941248872833,0.14562881137790787,0.15825484918457022,0.14412849859797178,0.0863086748603742,0.13667481312393573,0.12875607722191706,0.19792377532948396,0.20019267066756008,0.10512337898294499,0.10901161859356932,0.209341564698557,0.06288425742538697,0.015451923797468247,0.08683591853166336,0.18710524465079015,0.06658054349348563,0.0900817023432039,0.0034832610139070366,0.01764619812391982,0.06471681778127196,0.26168496060471025,-0.04259773631995436,-0.08168547581110912,0.18186998584968858,0.07998714595006917,0.060940075295618706,-0.06946218256279718,0.01502269431176544
0.00939099356707748,0.1701312492748803,0.15954096490335162,0.18410487773705064,0.12641937609647297,0.20360549071092654,0.1630284971057045,0.15997995515835678,0.22765168663202728,0.3479163951703734,0.22910277170880372,0.1863435932924269,0.2428579506511932,0.2541960468104909,0.2508104268035267,0.21294639950888172,0.2488829382120187,0.32823366312841445,0.670168217867232,0.1910438569681253,0.2421465819943844,0.06243206877978891,0.24231337710289425,0.11835036031405871,0.1591769334453479,0.2147445457067859,0.1409977577726559,0.05523396465724848,0.22705399144813473,0.13755167049430309,0.1936865611035526,0.1827242271105654,0.1510312915008451,0.1394310097647318,0.10022663321809906,0.1087954488009581,0.10601371610851254,0.1410781729672886,0.14815683156248022,0.08866553910593758,0.1142292376371277,0.22343839332627063,0.0925474166224241,0.02789708649448022,0.0842673419207039,0.1346119345826337,0.07502510691341356,0.1034700854018143,0.01432035502836338,-0.05314727871985797,0.1855094585439992,0.10393000197177509,-0.025315598150633535,-0.007105467479143168,-0.055424577613793005,-0.011135619438814394,0.12682616865817897,-0.06402430352227043,-0.08486246888199137
0.12800212868399294,0.18043740746825862,0.09508501848573249,0.1043371156364682,0.1319199641936814,0.1569025757957445,0.119862812402734,0.1607673185575584,0.16998754594438772,0.30085599205252817,0.2326480975658979,0.22169662792360734,0.16192919986790147,0.17770156575596874,0.23176990624914443,0.27232725487523063,0.3133745715857585,0.22746533542178352,0.1910438569681253,0.9793670119622566,0.2024850157938231,0.3037838936550424,0.21346681146954483,0.18401806601094464,0.34327090361265333,0.2860183493075204,0.2081005678175515,0.16306130031313076,0.20649278231112658,0.12715100750380148,0.21689219722913822,0.24112602593065835,0.13065129914909354,0.18031768136845114,0.04325940205823542,0.21926619932405214,0.199190310288262,0.2027689225459976,0.1833679481354213,0.10721174619677082,0.13042341709266947,0.18747206605881706,0.11809613892255319,0.12055073583472174,0.11371375391176579,0.1721974553632264,0.0811988289882609,0.10524188439062289,0.006752785120857405,0.12754717166883364,-0.16177243361731794,0.055152834757697534,0.09140265249950166,0.11735611746174007,0.07193801557131808,-0.02270750328851677,0.03996057325195401,-0.08173463734477608,-0.016620080092301995
0.08746750459011801,0.12100091659085785,0.14825087071858362,0.13956098009890547,0.16838411359387925,0.1888404746064988,0.12483420214603298,0.1699131673409218,0.21688288550683532,0.25342603780216005,0.2317533595275209,0.2327782755150927,0.2285088529115589,0.1797509050001479,0.25078699976868546,0.20866715884007106,0.1899512484768151,0.6297914740862377,0.2421465819943844,0.2024850157938231,1.0172504707430186,0.24759773871597113,0.30523315322038824,0.16092312052397284,0.15266223883243135,0.19921130527942663,0.2539891551081783,0.3238588677621484,0.2519458628136008,0.6712772306078147,0.20306812940528288,0.04748836643955014,0.20468305552715788,0.21421060909695377,0.07942441390542246,0.296033914089448,0.29194793983326633,0.24185868684693237,0.22132806353334608,0.13182743633593025,0.12214426219771626,0.06261213884578475,0.03551583182237954,0.21027658109769412,0.20796939988919771,0.1575398554991276,-0.019027804659982574,0.12110821123374352,0.0005500899176418703,-0.10120154090618873,-0.0020817980556054098,0.3052370880047849,-0.052984536663727294,-0.0273993728771897,0.05578107474625249,-0.005924914108403549,0.13538182825472866,-0.0820472735578438,0.03443320206888895
0.15741279490120477,0.19030298080754743,0.08573566360558744,0.0942570700103843,0.1442836935122204,0.14988802591600678,0.11505670980165776,0.18533638241746833,0.12921876416101036,0.1639824574087985,0.2062171586342833,0.22426533041292146,0.16963872112219194,0.18209983731513552,0.2403815511342938,0.31906612604517104,0.1424203230581731,0.1994462687296284,0.06243206877978891,0.3037838936550424,0.24759773871597113,1.2693230952871666,0.041414254550929265,0.4474940463120254,0.2491306352231843,0.3641127096678038,0.19883445584050408,0.19657064722875794,0.023802953429867043,0.21582652160630322,0.09516750251865563,0.09598671085686811,0.05260854696154201,0.14134751050336777,0.16616803555552562,0.2961606220041456,0.22295408329714905,0.29888369127480224,0.220779444173506,0.14742001304957025,0.13827478777831406,-0.016678139554932452,0.1307384413612947,0.1199596626083439,0.17081269197561133,0.05110965688537455,-0.044566696981449216,0.10583222781753927,0.02243323869905056,-0.04025571327959467,-0.11929667368826095,0.04642420197084749,0.00038010635930670544,0.09315342710473488,0.16149128458384857,0.14509760814542957,-0.025079219897631164,-0.06762092534986482,-0.027899354462087016
-0.015289302700243831,0.06132104803857567,0.13479209580319199,0.08703791153635532,0.030412491684181156,0.16755969325353906,0.06508833383642795,0.1283083754547333,0.1502416291373481,0.18492515710413682,0.1902895618440008,0.12657395565268667,0.21132619728925517,0.15972881526360258,0.1759283500971383,0.1340340495620727,0.10565666383342133,0.3732139022785108,0.24231337710289425,0.21346681146954483,0.30523315322038824,0.041414254550929265,1.273707662953438,0.37271960223830225,0.11592490320659202,0.07673685638285617,0.3936562949257652,0.23103319702155928,0.3017498236655027,0.14794486602098608,0.30998856824671994,0.3464383126031148,0.26809279393907365,0.24846114191117027,0.16450368824352238,0.13145291838546197,0.18135779026219886,0.2947189285093257,0.22795965623137995,0.23035949129986458,0.1245394352082563,0.3022191497533758,0.20513651389910967,0.03060412014786284,0.13190303613745788,0.2092630069462277,0.08930137553747855,0.21412402355850896,0.013702851174163541,0.1168971093492154,0.16906333404013385,0.13446884810578086,-0.045770220402978616,-0.04075047634929135,-0.05334391618648533,0.022734386436201973,0.030636262896184065,-0.004315363770922793,0.027596318865232373
0.007457271577277198,0.1433957907759101,0.19979887139657074,0.15709950888957475,0.07473191002770072,0.16789056544404438,0.1610206929148002,0.17565529615084421,0.17181575664640655,0.16494678867728654,0.1781472391567853,0.13354293639537648,0.24668493179588918,0.10437162875305399,0.18959128486204646,0.2599266552026933,0.30264819221230865,0.2593144450730792,0.11835036031405871,0.18401806601094464,0.16092312052397284,0.4474940463120254,0.37271960223830225,1.9188402343523596,0.29385401583671567,0.18655189755478976,-0.0015331216060872103,0.22095666496838298,0.30963340011323576,0.11250817936160964,0.04130730185248396,0.24140778120450473,0.3231410182208451,0.20448439906588822,0.09824095666838083,0.3550124600718387,0.2502160301885881,0.32255982704239994,0.35570216817978256,0.481511007502474,0.03053875679131027,0.11514585303955313,0.05364294957158648,-0.27271520532594284,-0.06029328646390832,0.28222126070893566,-0.3958379919062936,0.3919442872433701,0.01849852763984478,0.034412959250394844,0.0029555074276493023,0.04492297616558731,-0.2588968231471558,0.03618529927449038,-0.01464083948129203,-0.05875401460909743,0.16139863126906615,-0.09235500989485196,0.06660215596294734
0.06433003422178223,0.18017007523167178,0.13987662673203796,0.13880699481834974,0.11117160300721428,0.13761392707344372,0.12944415330489634,0.16298635088335045,0.14868240807612393,0.1428550299289563,0.18031215512608087,0.1552075716127997,0.13555440464574828,0.1480149450454652,0.1654576232560857,0.4659737868095638,0.195552013218399,0.21134704127252907,0.1591769334453479,0.34327090361265333,0.15266223883243135,0.2491306352231843,0.11592490320659202,0.29385401583671567,0.8311017745876136,0.212316935157331,0.30451691274438375,0.10922911077982189,0.2631111333783038,0.09464945168246497,0.2305996129297734,0.28459700178058767,0.1589279794878883,0.17313526294954865,0.13605553190713415,0.292847688830015,0.2519677808033181,0.1948379896289178,0.1998950343932722,0.24448695246639732,0.10411929927972595,0.2225818663861852,0.17307291846039205,0.027014741833335194,0.1077611267798902,0.1786521212953433,-0.001976976348152424,0.2398699339115999,0.0017891128353372098,0.013861046164437696,0.03932784982329593,0.030231690753551758,0.07990251293558095,0.07360307948226467,0.05077684969660263,0.05571648854667229,0.08035030643403256,-0.11055461789099963,-0.11465904111174888
0.09324572908755054,0.14563105072208812,0.19106547968027837,0.14878527860512,0.14364010192605112,0.15270524783911033,0.16239856008475279,0.18165054659575464,0.21129184549604813,0.21229862287554774,0.11986184660909997,0.16720309646287737,0.08033107333240225,0.13664711151309497,0.19247690049308253,0.22054980727663828,0.26119898871064634,0.27120111307176026,0.2147445457067859,0.2860183493075204,0.19921130527942663,0.3641127096678038,0.07673685638285617,0.18655189755478976,0.212316935157331,1.6361206701682625,0.07643408950528703,-0.08619249278235261,0.21018615981252492,-0.06715421765618382,0.21379345961131296,0.3052167138672587,0.08953928310705943,0.08626759945653577,0.40536871723773277,0.15691513726672165,0.09564512690989004,0.2630384143640927,0.21602585435634974,0.1305996749017751,0.13939092808114156,0.22137667095071029,0.30368277783022724,-0.016184386629164074,0.18348816772990348,0.1598586241017212,0.04867368417859789,0.0543107390659054,0.04105414462071948,-0.21474697501381268,0.04903467594972343,-0.1563877748100661,-0.018324802602844446,-0.056865977655241484,0.12061327926374703,-0.02118616409166664,0.10710418610044962,-0.13471321226885694,-0.09127425745180129
0.06586778688521054,0.07870869220973817,0.1532634904116729,0.04471445285774688,0.08037826946552272,0.12655411354324722,0.060339645107324646,0.1275659376232872,0.12357999504529915,0.13625275977927712,0.1401903410341062,0.13559518663401876,0.14382768350996136,0.17816633986170016,0.16413689212039065,0.23828524587616068,0.0705803444671871,0.2706347723658503,0.1409977577726559,0.2081005678175515,0.2539891551081783,0.19883445584050408,0.3936562949257652,-0.0015331216060872103,0.30451691274438375,0.07643408950528703,1.394001943233505,0.26641305962787415,0.2220105042929474,0.2358652711705567,0.2957292360964732,0.22263122329282373,0.23084771882854155,0.3082949016236265,0.21677452151122095,0.2138112254184502,0.2322954399172325,0.24239012318343947,0.1294055857188834,0.18509298015764658,0.13254231756425197,0.15893167804121233,0.23346630188107895,0.21183989646646792,0.17769083330935517,0.15805690647118623,0.18134701975442385,0.23073595952019113,0.017589941879908352,0.03940297410683584,-0.04332827240510803,0.08180743020059754,-0.0029572583043868837,-0.03290636504350383,0.009401495740949178,0.1831073845591519,-0.18334196408761744,0.010461559646520265,0.09527532612582025
0.12195657891153684,-0.046331200568367426,0.13412094271106245,0.1266854353835778,0.09186889947076624,0.16894286464520988,0.12320870378790011,0.0960013253830774,0.1336809290086698,0.13605019568989035,0.19568890141048406,0.16323938910341956,0.16544679428711268,0.1337784933009178,0.15149791097356652,0.11972961179028464,0.11467459553809865,0.19558925803762472,0.05523396465724848,0.16306130031313076,0.3238588677621484,0.19657064722875794,0.23103319702155928,0.22095666496838298,0.10922911077982189,-0.08619249278235261,0.26641305962787415,1.223842159735157,0.3019307861241219,0.4442802963007876,0.1640477723664209,0.17731463884131726,0.14401134343173275,0.24069578168740893,0.09266355422795297,0.2955284401313038,0.2983350686056767,0.21465974111226138,0.18479924840578565,0.14844877536256817,0.07701961347863438,0.08805190130569614,0.16003485569822873,0.1979840220102607,0.22430745615940542,0.2537776654848413,0.04527101928368561,0.047713828620983965,0.013178243300693728,-0.0157059317186441,-0.10156765488399139,-0.10319224713171579,0.00895896029789513,0.05741657069020875,-0.04646381524305271,-0.016827304787880262,0.1210467711602268,0.023819579517944636,0.1027482524060727
-0.005430148541186918,0.05301402185462846,0.19209957100942965,0.11484751629253596,0.09137539592871433,0.16155914595152415,0.12502808895688566,0.1568950014919501,0.16187107201107967,0.1833994466059108,0.16157533171611688,0.14743413875183187,0.1864291447694553,0.09879036849173435,0.16685263676985337,0.20070496057661977,0.20937396108428535,0.23962671197731836,0.22705399144813473,0.20649278231112658,0.2519458628136008,0.023802953429867043,0.3017498236655027,0.30963340011323576,0.2631111333783038,0.21018615981252492,0.2220105042929474,0.3019307861241219,1.301637054972587,0.18835746619632546,0.38474926323607184,0.6636384225529476,0.31597300817657253,0.4061209913764589,0.320253815335621,0.2008360324923252,0.262440469296063,0.3779377819463119,0.44534558326618257,0.43337430198933,0.1289947265629673,0.49707584161488566,0.496162527206562,-0.014667882264046566,0.14746318090805063,0.3554051045098618,-0.014351992781904181,0.3801047548048174,0.039529314652325426,0.014132603580445541,0.11772092754214186,0.05307414487784504,0.025284854988812337,-0.03843256696761581,0.08880896497780733,-0.1545292206755024,0.7196428468767856,-0.21274570961798028,-0.11689238449318178
0.05629647949687516,0.07854643908014844,0.12073184409594014,0.1350438138641995,0.1520896681530015,0.13149621726760669,0.07753244645173356,0.12564147501897785,0.12607564270421293,0.1264572987000448,0.1451469301906421,0.14595975478265102,0.08772064404323858,0.1320179245598676,0.15966717714759385,0.148887886859502,0.06855964724178548,0.09517379169412805,0.13755167049430309,0.12715100750380148,0.6712772306078147,0.21582652160630322,0.14794486602098608,0.11250817936160964,0.09464945168246497,-0.06715421765618382,0.2358652711705567,0.4442802963007876,0.18835746619632546,1.8557097153419753,0.28222864200794284,-0.1676356160508867,0.23258052274147317,0.30750344276137104,0.09496625262405305,0.5563563987349622,0.5437200232494944,0.30894870725361784,0.25188976861290596,0.21587095479542612,0.15382112207046178,-0.27935420472309885,-0.03425777622706641,0.5040792056366404,0.4694046434082528,0.05801371550496295,-0.2811835753219484,0.2468954624505887,0.008555495989680294,-0.09567460086851673,0.025367156730420157,0.29495431128613325,-0.06370995044407417,0.11712758360394651,-0.05537786517439216,-0.0930257887630024,0.1282853873887485,-0.09414788061341335,-0.008781521147434211
-0.034047165667533186,0.1481577094483033,0.16308283866866788,0.10373071041396027,0.06621682291242119,0.13113782026218032,0.06626637667397044,0.11648218562048122,0.10817776754477029,0.21039054299613932,0.1588497430026111,0.1185584665489164,0.12285092081045158,0.15007492716154666,0.1601986266348773,0.18003178390682945,0.15515899926995097,0.13344941248872833,0.1936865611035526,0.21689219722913822,0.20306812940528288,0.09516750251865563,0.30998856824671994,0.04130730185248396,0.2305996129297734,0.21379345961131296,0.2957292360964732,0.1640477723664209,0.38474926323607184,0.28222864200794284,1.2549492048150417,0.6350941162155052,0.25782388631638525,0.29960607050027815,0.3118475030378089,0.15996322487121906,0.20149793915655612,0.25682162590999597,0.24717191778281017,0.3031215973533722,0.23564616076008704,0.2958780290813556,0.3640389644006173,0.14324128079596754,0.21496819800987432,0.15458659502939498,0.2321383185125084,0.26962721803574774,0.0017626245665682341,0.03769721443162896,0.1781598314392136,0.07379544288868013,0.07655171393431681,0.007947593167273148,-0.04093394887198525,0.055665025738111225,-0.029187232304735772,0.01963643636270569,-0.03494909743666042
-0.07748467849020785,0.13366136340137683,0.2183476231187169,0.11486671219364882,0.04437094889278528,0.13958964978295427,0.08004451947702394,0.11432841451026149,0.07701746343516827,0.17116976283526783,0.1709962488228523,0.11654063458989054,0.13762914366031284,0.06219377989149603,0.12869907225702848,0.20056648276953207,0.27785351334397473,0.14562881137790787,0.1827242271105654,0.24112602593065835,0.04748836643955014,0.09598671085686811,0.3464383126031148,0.24140778120450473,0.28459700178058767,0.3052167138672587,0.22263122329282373,0.17731463884131726,0.6636384225529476,-0.1676356160508867,0.6350941162155052,1.7215932449016496,0.28688521507230147,0.24956093962458584,0.4364823695404421,-0.02032318569446781,0.07694777035829724,0.36115894779097363,0.30005793867064345,0.29579330468180276,0.30308511193289517,0.4372511259307955,0.6022186282306061,-0.20120137710340613,-0.12243893717916475,0.2601084139157278,0.2074683177942794,0.25379391015110053,0.03638097472783616,0.07061171667643185,0.3204178111938656,0.25135203358100366,0.1091911002512134,-0.05028559959506763,-0.026117532418419034,0.006798790911153096,-0.0643326932362988,0.07101380928536823,0.10811692386532776
-0.010242832108298482,0.08389631777059722,0.18120308548848885,0.0937404884705039,0.06460560880832211,0.1102757426138766,0.09459271932269732,0.1362207562836452,0.10222769593472367,0.11253919251582689,0.11576812143864455,0.08476659454550263,0.146170543122511,0.09461503909500342,0.11396904771093175,0.16239524738237723,0.13321241537378006,0.15825484918457022,0.1510312915008451,0.13065129914909354,0.20468305552715788,0.05260854696154201,0.26809279393907365,0.3231410182208451,0.1589279794878883,0.08953928310705943,0.23084771882854155,0.14401134343173275,0.31597300817657253,0.23258052274147317,0.25782388631638525,0.28688521507230147,1.6232171300723954,0.448281589832257,0.1349840734912661,0.06981370234128169,0.25493980477225325,0.3333130854164888,0.3008597646248132,0.37015580920093694,0.11125089193800615,0.4350690879177845,0.10616434156416214,0.16376501966136056,0.20314342852054587,0.3322460545246265,0.09786342753008613,0.40775523740941444,0.05875357256867748,-0.08935095968192247,0.12664887763099344,-0.07350229254315067,-0.03172691301581638,-0.34463143826253634,-0.06465718300583588,-0.08692577639276722,0.11861775608121083,0.013075772937829017,-0.24014405099142772
0.06640392531974189,0.09857281042031435,0.17214351882556825,0.135624187184043,0.08651183899268727,0.14871283344683295,0.11406336680129957,0.11555062965102096,0.1668407563620786,0.15459234054412682,0.13696543061022623,0.11366769398350762,0.18150907208395436,0.1292797283855307,0.13359968955230325,0.15691183062743386,0.16196545969893117,0.14412849859797178,0.1394310097647318,0.18031768136845114,0.21421060909695377,0.14134751050336777,0.24846114191117027,0.20448439906588822,0.17313526294954865,0.08626759945653577,0.3082949016236265,0.24069578168740893,0.4061209913764589,0.30750344276137104,0.29960607050027815,0.24956093962458584,0.448281589832257,1.1025614369713446,0.29212688908826906,0.2836084454580176,0.32801257753512914,0.4083885385930917,0.5724807021511895,0.355235593128277,0.14633825618447183,0.33724484974000657,0.29481017739785437,0.34940416790112816,0.19730347325505543,0.47101759240220814,-0.06863144465697239,0.35151828276567637,0.06004256250464022,-0.1236206387019754,-0.012987975380000627,-0.11539567390028663,0.12618381916191432,-0.012060086760071094,0.002584393697111654,-0.009140212992403828,-0.03021503654790316,0.011244569330313222,0.10009470300082353
