0.8166093678686145,0.2896248900540657,0.376753062752346,0.02404592827599564,0.12982903786654273,0.1499186623865655,0.25312293755647086,0.06871060962684718,0.1586794420679743,0.16818555898292625,0.13239136367193402,0.19762978354670033,0.1201763986351604,0.15028228676637478,0.13341753819849841,0.10676184669396431,0.0899677604362755,0.16672423737045794,0.07248188186602313,0.09281111042477586,0.1660471980379418,0.1273595142071527,0.09238452190054679,0.07844527329498904,0.13520508786763583,0.12866215596578953,0.12099623314370155,0.08994226340743615,0.17459564749156106,0.12057737210229466,0.12741145783813368,0.16449521587539423,0.01878052087618651,-0.03542704265638866,0.1299271047908407,0.23721547506178098,-0.0388815067941982,0.07678162293870133,0.15127301531476242,0.0862382708460582,0.08682390508409034,0.09471317798423881,0.08304224809192694,-0.0033743395050958146,0.26031509445868767,0.15504039594054986,0.15391894715175777,-0.036514881291363745,-0.14077522546465054,-0.022062820803108275,0.015276046973245565,0.045596599108652616,-0.04121417248330135,-0.001552371038506068,0.19538666709636815,-0.0552772973897323,0.2322721012665035,-0.057670712518751666,-0.3248349354104748
0.2896248900540657,3.1054537480385163,0.3335972774005269,-0.07071174257149786,0.34754151571328185,0.36659684149326405,0.274560263694579,0.27830231420807106,0.33411804779815407,0.2311108953038023,0.31067286118698656,0.26344794712268343,0.29191730977408936,0.16805414051490644,0.4609910673274656,0.15658655502170257,0.19766376042659453,0.3365261692873115,-0.1149820912137685,0.0573724454313875,0.5505732560310552,0.20207716712942292,-0.26682094344150353,-0.05117001596922258,0.11404924850176826,0.3649151154956814,0.20720516160309668,0.2905076630294857,0.23059266198059458,-0.025603057699202333,0.21075166283701083,0.20421803365650257,-0.1279160140273234,0.3161253656179312,0.35275432786162375,0.10570541677802914,0.17194036433346999,0.034036634788829186,0.050652238100825274,0.12737826527649093,0.15526191299281153,0.10273669277918206,0.0721323598555565,0.034334808970414715,0.019669223480409437,0.10509013449587667,0.13601083909638284,0.004457280150971372,0.22905945563381072,-0.040623782111512866,0.1829732249849212,0.31727364085828746,-0.3823025019986683,-0.13846967656925313,-0.5855066629055369,0.19710693270205284,0.04077816832849585,0.4627895453275874,-0.22326701952313707
0.376753062752346,0.3335972774005269,2.421681211305157,0.3381286180132336,0.13376073417631754,0.581897334819186,0.25742519211655684,0.6192210990931195,0.45517813453910977,0.4119561771293983,0.42688073211922456,0.24902811574017644,0.4160617737090361,0.265680134041934,0.4441181997280904,0.18543154616583696,0.37353008336833343,0.38753043910654195,0.3095889997953851,0.5099883157726282,0.2537743445926299,0.3387431273045677,0.3103243976544052,0.33303801477642353,0.32540143552488404,0.6290185553994441,0.2805742845627133,0.3674809230148443,0.7728520079912079,0.03359936145226208,0.28415842160592236,0.31442728969146844,0.21867633683430085,0.6355663828419004,0.37663364107330544,0.6852900847434387,0.5927857626080619,0.3325550808407794,0.117806084328757,0.036397961345776886,0.2937343697682262,0.306618230818224,0.25864346356401174,0.018136508847442584,0.7376266376416682,0.566538453879967,0.25286569530226977,-0.09753043896228793,-0.6233565855660178,0.1987547448779349,0.026219133620690588,0.2719351438779398,-0.21738922325810972,-0.19362862795713628,0.28626549761986025,-0.2413934979000935,-0.06552792007593296,-0.4239643116184451,0.4370896764924604
0.02404592827599564,-0.07071174257149786,0.3381286180132336,2.0372572953937342,0.4807036039358902,0.521386257057951,0.4862450216270444,0.49475942356297253,0.2725808860987828,0.3493567844809356,0.44645926151681103,0.573589700033475,0.4532732135687826,0.5461161858119937,0.299216658516459,0.5358938947638077,0.45744426964476603,0.4248327587479277,0.1055055164791949,0.40677068912904074,0.2663835181656659,0.42884627932225106,0.51249073522262,0.5425354972881324,0.38267302399263,0.4303125415396015,0.3841942512168891,0.15752901856888302,0.5005906787811533,0.31562365832784306,0.3390755455683569,0.5215993470531961,0.45632854201680484,0.5530476665681542,-0.14421805667333618,0.5352485207276609,0.30407196354953586,0.26643661794389156,0.37194080031059834,0.14487494857128083,0.4036725595960262,0.3332784597676972,0.4494156172385473,0.13460848333867004,0.23173070975644697,0.4073192648332535,0.41936223924488564,-0.05397318372230468,0.35959224686912067,0.16615667202656015,-0.05532969877733892,0.0864148822523528,-0.022913138941546618,-0.23133019153762746,-0.3235137356696819,-0.16333663393904763,0.09705909541583879,0.33226909098546786,-0.26757254154921545
0.12982903786654273,0.34754151571328185,0.13376073417631754,0.4807036039358902,1.3484546366802104,0.8009893143201338,0.27937678334110494,0.6221442105969726,0.30927248725731,0.36155119579529094,0.47515354573272267,0.4382692644034604,0.4673563483796813,0.35274820419849434,0.3986990189915937,0.40129807186612454,0.35371643253740087,0.3940915317770489,0.25053863915778624,0.3972211323864358,0.1609570968240438,0.32449922373668155,0.37581058092298536,0.3458003259345901,0.3683832237376287,0.5630902361884227,0.3433137169242067,0.10768988059615857,0.5233883120391878,0.1318943937745856,0.28582385022985735,0.3839054706948629,0.20646823173750706,0.594174105291842,0.03118276488199561,0.4045964409921056,0.3743723384406608,0.22984500041951908,0.17488382830749516,0.1592507115008261,0.3207626815226959,0.3605218800528657,0.2798563673311067,0.05595056932664774,0.29361102176716475,0.32315160137712523,0.2874283062426431,-0.04865046844596783,0.28165589427327997,-0.02861629655587672,0.07609305247190229,0.029122819602163664,0.02770260091011063,-0.0655464591366515,-0.17414767387565283,-0.13547673105466443,0.02620297372257659,0.17334397521347378,0.005272019946054854
0.1499186623865655,0.36659684149326405,0.581897334819186,0.521386257057951,0.8009893143201338,1.084829785676583,0.2445826984642,0.7079193925087619,0.3747916482755518,0.3798351530645775,0.5291487833990419,0.4348912028518473,0.4986786823970881,0.37210910110125844,0.47073631454977916,0.3891248364706868,0.4371535020869491,0.38719615903772675,0.2870828942184647,0.47702987448311684,0.24550889389627298,0.36601624110027325,0.3153588611311017,0.36019958340502173,0.411136070511831,0.6169622389995467,0.38583503720912904,0.2676036040118418,0.6164160799179638,0.14944114267598146,0.32186004938565754,0.4249271380274089,0.18668030956498977,0.645833484671015,0.272891927335281,0.43736875136313164,0.41290508978346796,0.28125055505186775,0.2564172414453001,0.14797500938728067,0.27540114262629123,0.3698320092074793,0.3216411881858934,0.07187507678124724,0.3776599078541485,0.30129034102278296,0.28683446702910387,-0.05995466929728763,0.40734757318397974,0.17469480254128494,-0.29714560410856117,0.26862888579304933,-0.17459518542093955,-0.04740172988987303,-0.1544632990905499,-0.12444961871123475,0.04856905181820696,0.16791723353721813,-0.030040606731473612
0.25312293755647086,0.274560263694579,0.25742519211655684,0.4862450216270444,0.27937678334110494,0.2445826984642,0.714054337094363,0.1590793000144985,0.2681857012879996,0.19484824755196867,0.27200524114971725,0.4427221265925698,0.2638620316022837,0.21461158904855296,0.12560175972100013,0.2754302630228169,0.26696255705493166,0.26405136145141767,0.05182962613325861,0.17650748897284801,0.20984407438636898,0.276983642264608,0.2448183299463972,0.20592657052414876,0.24193795866566947,0.26609326077081724,0.23691181198821273,0.13184171160123748,0.29756034654750385,0.1288763072877815,0.18772973614637053,0.25805271998111257,0.12434409478877367,0.3021846266928455,0.12906970397814244,0.30697234289088776,0.10056321730440947,0.11831640665103228,0.23942121023252802,0.11633531525376548,0.12325660098186454,0.18200892267604526,0.20619719398072692,0.040972909516865504,0.2986920567867447,0.19654017980333344,0.21360120083553236,-0.03708215782228062,0.09930493955358277,0.0031411485209851993,-0.011084514373181831,0.061592121971093435,-0.0641016993230612,-0.0948625212260352,0.04385144458185079,-0.010657726915261921,0.0858124390035136,0.026821056809880707,-0.3124068984394009
0.06871060962684718,0.27830231420807106,0.6192210990931195,0.49475942356297253,0.6221442105969726,0.7079193925087619,0.1590793000144985,1.1267532481347995,0.2666562982191633,0.41920335528163255,0.5159667399618542,0.11005547863956021,0.532729030811741,0.3381774855394347,0.4046365823830464,0.3264236856416808,0.43094562947257326,0.37295557221631837,0.2542086468022987,0.4587497451418295,0.13586365805149267,0.3225388989406635,0.326412049178934,0.372669896105573,0.3741402975587125,0.6540944821572328,0.33451934913519965,0.25568899167822345,0.6008109363828436,0.29825110345389616,0.29664652921640183,0.3497578865020623,0.19017783843655484,0.6139803264857487,0.3583270529215021,0.5042685708175157,0.531620058454763,0.2653779755816844,0.21426480235377038,0.18273096790296495,0.42139166011413753,0.36613355892162985,0.36557704165990396,0.06892922824112967,0.41243439235878765,0.40689493048738107,0.3494790035449404,-0.05712363347242404,0.2735749068756487,0.19224690229969038,-0.04529494932343782,0.028694291821261007,0.039737857392873964,-0.10531451348949677,-0.1488764054687548,-0.21671847568900018,0.053894815576637306,0.22922802293083078,0.06505440997705124
0.1586794420679743,0.33411804779815407,0.45517813453910977,0.2725808860987828,0.30927248725731,0.3747916482755518,0.2681857012879996,0.2666562982191633,0.668897888674529,0.25506716423491843,0.32734396200556026,0.2890039556162206,0.3043925028506427,0.2577722070556247,0.20968726050911232,0.23451683992856778,0.2956381320248761,0.29702718758500163,0.1189068552507311,0.17908150296932468,0.2712369533595374,0.3649735526892429,0.254659717115046,0.22484654811644242,0.21787893598108393,0.4922299932252293,0.2285957587808673,0.21777378030723943,0.38114583730431517,0.11401710720299307,0.22634644867754844,0.2924228815616424,0.15027176977637202,0.36592914310181873,0.21098036783833,0.39852722037124183,0.21213937207724587,0.12107126899154638,0.14969370994584974,0.13503611533946155,0.24043651159743581,0.22677172259098338,0.20398253622693288,0.0404191110255161,0.20687075396524993,0.2850250047274569,0.23002140904029106,-0.04499600029245934,0.050302745614114894,0.0009361070731756648,0.07308182820255264,0.11866341469029822,-0.10095424503938925,-0.11735071035764906,0.010600071042866446,0.09206731102879076,0.0720625709144397,-0.06680520663030999,-0.12929251437664796
0.16818555898292625,0.2311108953038023,0.4119561771293983,0.3493567844809356,0.36155119579529094,0.3798351530645775,0.19484824755196867,0.41920335528163255,0.25506716423491843,1.0257277184695912,0.3472829114908494,0.39483397061554965,0.3199819574865406,0.2819210142405964,0.36872888620428473,0.2757854186611701,0.34809688984983445,0.35543663255562674,0.2714899786415692,0.4378005643499918,0.21014486409939004,0.22279746209493756,0.21158346411560391,0.2672167012994731,0.36053888625511965,0.41451235166015843,0.34624790047454274,0.2907523627135749,0.46120589862035316,0.27330547151445056,0.32682377962614306,0.3375304471408309,0.12837540869467007,0.5409210897666954,0.33782800390461076,0.4621085339446589,0.38760440750126607,0.2349955572735501,0.1952968942590108,0.18517393425203055,0.34615222119876854,0.2617089482649237,0.35806871272435264,0.03660082910358955,0.5334714745851302,0.3098021983758732,0.3849675586242603,-0.056666480349721625,0.17976868436954296,0.02298847907468033,0.009366043792737682,0.15988626034761041,-0.1501829573932533,-0.03325133205616786,0.09714133372461993,0.03449853513592478,0.32516902813123727,-0.20173934018505876,-0.2104468150984879
0.13239136367193402,0.31067286118698656,0.42688073211922456,0.44645926151681103,0.47515354573272267,0.5291487833990419,0.27200524114971725,0.5159667399618542,0.32734396200556026,0.3472829114908494,0.7027034729913256,0.369424419190615,0.4486300344002375,0.29048099555249735,0.39466814448271154,0.33633395437959596,0.4524203662502435,0.33015775860036123,0.160567725057776,0.38124671505207464,0.22366999388499884,0.31588564091296856,0.2855575132081323,0.31832376210792235,0.3293372951930847,0.5057730445640698,0.339028992707554,0.25456267296448576,0.4992991100702393,0.23005108502036345,0.29788856606151554,0.32533125798179235,0.1911491518031668,0.46729636093063454,0.3138764027836166,0.47485970505100433,0.3656471505756558,0.21845352612605465,0.25665857773986445,0.19595130743520348,0.285803416378386,0.3363985050483764,0.2761325357463911,0.05169713661395969,0.34707350173663765,0.33979782410135984,0.312260100922607,-0.05431994713972067,0.1523803569372501,0.05595628237069865,-0.017660481528881704,0.09825231467891421,0.0059922194751383375,-0.10446219041922712,-0.1004667369400389,-0.06181309055960747,0.04072923432825941,0.08978811384644805,-0.0915715696930221
0.19762978354670033,0.26344794712268343,0.24902811574017644,0.573589700033475,0.4382692644034604,0.4348912028518473,0.4427221265925698,0.11005547863956021,0.2890039556162206,0.39483397061554965,0.369424419190615,0.9009637039296566,0.30319800056720275,0.32391351868527035,0.2462790768348846,0.35662491390706,0.38107028266969034,0.35181690918438097,0.1856427468726007,0.29428660296317843,0.2955800010731691,0.30389633559395146,0.28362868886116277,0.26451183915756776,0.3418611389615202,0.30761677215589195,0.3641852267679079,0.14648208108488636,0.36489946463516876,0.14040201269245425,0.26669629384770627,0.35494498794797497,0.14598371693909484,0.4202929828228744,0.1931058843377718,0.3668523778748962,0.1362939787628128,0.17598452142910645,0.3198639872985853,0.18456040075902327,0.12175368540557172,0.24041270260194167,0.2737073046574118,0.05666250615151499,0.38364126974949647,0.21044965725487202,0.29445505138152683,-0.04319797356857133,0.12208846140371561,-0.002717933064526548,-0.0426378368078041,0.03478680726408271,-0.005121961901915038,-0.08040507460721727,-0.13452821233651524,0.05221069193825813,0.09155848025941418,0.11970774352331436,-0.41729721133524633
0.1201763986351604,0.29191730977408936,0.4160617737090361,0.4532732135687826,0.4673563483796813,0.4986786823970881,0.2638620316022837,0.532729030811741,0.3043925028506427,0.3199819574865406,0.4486300344002375,0.30319800056720275,0.729478428214823,0.32902201665283964,0.28906949761781936,0.37858057433973347,0.3883106042638463,0.30796414159875657,0.2490710032676346,0.3170188014909458,0.18920339558258756,0.4202305018010651,0.29412500755536586,0.3418339113004628,0.32722563467960347,0.5238544675659995,0.35532375699064933,0.26464142140463287,0.5703675806939602,0.25353845645259765,0.27010460916728735,0.367671764577511,0.15313522201409097,0.4976544251241808,0.3363120718416772,0.5072901028882647,0.34468230074957273,0.19790130107639967,0.20112536998432098,0.1744742038337303,0.3331326452221812,0.31520216233887494,0.28308922483442966,0.052534108778489276,0.30781093360766326,0.3448755911591584,0.3071084410743183,-0.05831278576177383,0.14138388345038805,0.09372538083630405,-0.014373078044582108,0.09484000650436347,-0.06817973697348777,-0.11511098520417866,-0.07447033428470788,-0.09367769416707149,0.03586805850435315,0.030001470264163995,0.04109119868983398
0.15028228676637478,0.16805414051490644,0.265680134041934,0.5461161858119937,0.35274820419849434,0.37210910110125844,0.21461158904855296,0.3381774855394347,0.2577722070556247,0.2819210142405964,0.29048099555249735,0.32391351868527035,0.32902201665283964,0.6307582518783397,0.26769490508074356,0.40984660101265336,0.3111157588606335,0.2623238798624195,0.15081500290509225,0.29208647426157847,0.25082699836441197,0.3338629284243362,0.33157241248148456,0.40880360485344697,0.2885518941594677,0.37563934975304875,0.28458883240354926,0.18743361770543362,0.39892145812840873,0.3305017744287805,0.2565966368386685,0.5033124783551837,0.21572175161854185,0.358675180272576,0.1923047433025654,0.4811012908180264,0.14365587655741924,0.18802744458155052,0.23008793301495467,0.19408379344175128,0.38145036540482063,0.2833411384743295,0.29808406932938264,0.07518787697702496,0.20431960010348468,0.28996127459806814,0.335109725407566,-0.05564572233840142,0.18990944640079155,0.08319862519570315,-0.03702361239592148,-0.05803705214631029,0.04955096365483869,-0.024923328226887257,-0.23629522438114706,-0.11750298922435075,0.13663230165446988,0.2552521470772024,-0.16686073686370087
0.13341753819849841,0.4609910673274656,0.4441181997280904,0.299216658516459,0.3986990189915937,0.47073631454977916,0.12560175972100013,0.4046365823830464,0.20968726050911232,0.36872888620428473,0.39466814448271154,0.2462790768348846,0.28906949761781936,0.26769490508074356,0.972058194086555,0.28880192595408255,0.2939288158062209,0.3124059149526074,0.240658802481877,0.3497986038322203,0.20386393537368727,0.16202864186109994,0.32292390767416124,0.27541339993103076,0.3469776793444713,0.4347026074728894,0.27168690976312126,0.29817419366125386,0.5187858816330446,0.21436664832005164,0.24124942373242012,0.29221395287612645,0.15352187222464095,0.45527755279979887,0.2685588103803168,0.4309467857888284,0.38652455476592174,0.1915862231533044,0.10455178819408079,0.1358791027247046,0.28446297948927446,0.283885771111317,0.23397773441461536,0.0535198673769845,0.18994488564067205,0.29546268565872214,0.28866712586948823,-0.055446144299716144,0.18533817942342173,0.1425848372500981,-0.10592162281310472,0.32624792059075153,-0.2838296687532356,-0.062419797373303616,-0.06243062315088206,0.041787555032421486,-0.007272791641042854,0.05128500495746745,0.0024924016936251616
0.10676184669396431,0.15658655502170257,0.18543154616583696,0.5358938947638077,0.40129807186612454,0.3891248364706868,0.2754302630228169,0.3264236856416808,0.23451683992856778,0.2757854186611701,0.33633395437959596,0.35662491390706,0.37858057433973347,0.40984660101265336,0.28880192595408255,0.8036535199448772,0.38502882573260677,0.332122216554707,0.1879565146729256,0.1861320928609418,0.2377245822482725,0.439481276643855,0.3477100994264541,0.34205310617791207,0.327256269091024,0.34800123427546614,0.33427901600620846,0.2894987867862176,0.5034221415724697,0.3405397342032783,0.24448924801712288,0.40920963862223936,0.09337556333299582,0.4488884179373419,0.43224338491801145,0.47004083250604534,0.23681549922185832,0.1335385659881906,0.24084207862465262,0.22633887418292556,0.2945869281196133,0.32969202782106344,0.297893583773662,0.09001172686411235,0.22856518122129793,0.2511184208506671,0.3718377063929932,-0.055374122109956625,0.17011734454467525,0.021470125950441236,-0.026795042790871276,0.04111121203845859,-0.10761478359282535,-0.06042849572198527,-0.17644460195130443,-0.024840859528206926,0.019732228080571346,0.2104008455735208,-0.11700337742130557
0.0899677604362755,0.19766376042659453,0.37353008336833343,0.45744426964476603,0.35371643253740087,0.4371535020869491,0.26696255705493166,0.43094562947257326,0.2956381320248761,0.34809688984983445,0.4524203662502435,0.38107028266969034,0.3883106042638463,0.3111157588606335,0.2939288158062209,0.38502882573260677,1.0445142689136095,0.1644144341290996,0.09339403084106226,0.44862029977262324,0.37617486163861513,0.35821106407635744,0.1394045066273923,0.36586470811853566,0.3411914505956726,0.17197835301482264,0.35491547328013046,0.4494980954510126,0.3851329263419639,0.3963483747452081,0.34921137392780033,0.31962836223273194,0.33008605526597146,0.38281603188686514,0.4029370554223703,0.4786144092387126,0.5074429083188161,0.253558874457003,0.5492421413166484,0.2329106905283917,0.23825151134691142,0.4391923838210952,0.2990530795415522,0.09029126908127245,0.38563369895358923,0.32727457548248323,0.365544993538513,-0.044896752071865643,0.289457755582047,0.5160367470114496,-0.1734996323806096,0.04914250724009948,-0.13157400471095682,-0.15325276772189111,-0.23701195437724387,-0.0995192672822178,0.05218979774052761,0.1865183859894702,-0.16637044201477974
0.16672423737045794,0.3365261692873115,0.38753043910654195,0.4248327587479277,0.3940915317770489,0.38719615903772675,0.26405136145141767,0.37295557221631837,0.29702718758500163,0.35543663255562674,0.33015775860036123,0.35181690918438097,0.30796414159875657,0.2623238798624195,0.3124059149526074,0.332122216554707,0.1644144341290996,1.1000487471937637,0.18290756957450366,0.06115692386593026,0.3258481503601409,0.4138196705366409,0.6161497814201262,0.26694934919076946,0.3236872454654559,0.6065226796212764,0.23034259419358086,0.28680082300090703,0.49477492684395524,0.11759529286390327,0.4040455748304313,0.33722073476692643,0.15432051984594017,0.47939532546087865,0.1972309634866758,0.5379170183026509,0.24757115646343625,0.09330737614135827,0.086159299239399,0.2164924550479809,0.4544985972138829,0.1264628289207466,0.46205966624870104,0.0472047400085248,0.3985549997214591,0.38231294128947435,0.5795790975362766,-0.05232632330898866,-0.22310659589534707,0.1959586090227201,0.32061516716786803,0.1409476037186241,-0.45858960934226833,-0.17549770529914147,-0.055203653147137516,-0.0011774016589774317,0.1756416378465304,0.12975660036595027,-0.3486371330898374
0.07248188186602313,-0.1149820912137685,0.3095889997953851,0.1055055164791949,0.25053863915778624,0.2870828942184647,0.05182962613325861,0.2542086468022987,0.1189068552507311,0.2714899786415692,0.160567725057776,0.1856427468726007,0.2490710032676346,0.15081500290509225,0.240658802481877,0.1879565146729256,0.09339403084106226,0.18290756957450366,1.7674599895528063,0.33973285810035164,0.06082135165847808,0.1561896330230986,0.1420573381019274,0.1549414665345047,0.21472641466400338,0.12377941130629604,0.17061247793678533,0.11494240857992584,0.27970229270761215,0.03914097403200785,0.17218756868808235,0.12580430927523703,0.1992997021956547,0.3111409336606632,0.08581246756117215,0.23685805166069948,0.3904305984092261,0.19072905695745349,0.12415444374970201,0.04776598606489117,0.18908820191417833,0.10925189204397621,0.17614198214122176,-0.0009125098136109481,0.14476878532842535,0.18938298976422224,0.13393151156832647,-0.0171325959500584,0.22839796006124857,0.29617088199981567,-0.184236838001306,0.10727927973678263,0.006306035606993303,-0.10402936561133569,0.05746195920446438,0.06633482695367364,-0.047301347985598055,-0.04590301198854813,0.043515662497473816
0.09281111042477586,0.0573724454313875,0.5099883157726282,0.40677068912904074,0.3972211323864358,0.47702987448311684,0.17650748897284801,0.4587497451418295,0.17908150296932468,0.4378005643499918,0.38124671505207464,0.29428660296317843,0.3170188014909458,0.29208647426157847,0.3497986038322203,0.1861320928609418,0.44862029977262324,0.06115692386593026,0.33973285810035164,2.063674791991257,0.1323995100720866,0.033514200941198176,0.01266862326030057,0.4477189097334803,0.23086331269452284,0.22867134042328066,0.5860774771111111,0.2670042711702847,0.47001574478195923,0.4868087505630788,0.5532236780876626,0.31089931716452174,0.5387344269527664,0.6802551281735146,0.040629221550738816,0.3935262374163656,1.0158608768566444,1.0046063693826155,0.5849446032144255,0.43511731648250573,0.4589094396743821,0.4564800474436658,1.0599800920052884,-0.02918559886164302,1.899382369685552,0.14848048366511193,0.36061793574889167,-0.02011084947935806,0.028133950288780876,-0.05506972338042936,-0.2627613504569902,0.00911542076603167,0.23509903600452964,-0.018622420474917543,0.019981448327942398,-0.1946707541967758,0.1335492544588118,-0.049802986544001,-0.02782555374277594
0.1660471980379418,0.5505732560310552,0.2537743445926299,0.2663835181656659,0.1609570968240438,0.24550889389627298,0.20984407438636898,0.13586365805149267,0.2712369533595374,0.21014486409939004,0.22366999388499884,0.2955800010731691,0.18920339558258756,0.25082699836441197,0.20386393537368727,0.2377245822482725,0.37617486163861513,0.3258481503601409,0.06082135165847808,0.1323995100720866,1.4059382728296506,0.3678292605531204,-0.05180333408987625,0.09133482311909556,0.11932172653891816,-0.06160620180666334,0.1664957395729128,0.27708884486228214,0.18582692935879738,0.26542369075940603,0.30122477382979523,0.27014934295646437,0.04511021475214844,0.20513413237648792,0.29321409704968504,0.23695943472462963,0.10568504092088633,0.10734052740544447,0.519815960467592,0.3074154744856772,0.24325140740174908,0.18958987859137266,0.14685186317201918,0.06374416580492587,0.20551164351596712,0.10246824101889404,0.35935216448458046,0.007224724387425405,0.019053386727020217,0.26686253090448453,-0.06486945726847952,0.13398315231531943,-0.2272430925689136,-0.09979551011536765,-0.17748768188675998,0.05736135788658203,-0.00014803637665442083,0.17748888568207752,-0.18418795500286275
0.1273595142071527,0.20207716712942292,0.3387431273045677,0.42884627932225106,0.32449922373668155,0.36601624110027325,0.276983642264608,0.3225388989406635,0.3649735526892429,0.22279746209493756,0.31588564091296856,0.30389633559395146,0.4202305018010651,0.3338629284243362,0.16202864186109994,0.439481276643855,0.35821106407635744,0.4138196705366409,0.1561896330230986,0.033514200941198176,0.3678292605531204,0.8751425332714949,0.4666365857922483,0.30943907208071547,0.24472735586900216,0.33694756676103055,0.2588876140067584,0.20487608461595405,0.501562216148661,0.23872614957175303,0.2362616262842983,0.3933472799822669,0.09991000394330425,0.4300910292936816,0.26107058415913237,0.47932797911681135,0.11039543707409163,0.07760859425199164,0.31563646786711974,0.186037560597395,0.25080706551839943,0.2674560650157624,0.2309293943556127,0.08466826009036041,0.1341321655692519,0.2736216307182309,0.35789803653126373,-0.05430050190956053,0.041482845728800385,0.09666027518123631,0.03593538781677849,-0.027011891617181556,-0.14395487207385577,-0.10776007571261725,-0.09528601070824577,-0.023758676650498498,0.027109433964360254,0.09143285195207593,-0.09534177119348138
0.09238452190054679,-0.26682094344150353,0.3103243976544052,0.51249073522262,0.37581058092298536,0.3153588611311017,0.2448183299463972,0.326412049178934,0.254659717115046,0.21158346411560391,0.2855575132081323,0.28362868886116277,0.29412500755536586,0.33157241248148456,0.32292390767416124,0.3477100994264541,0.1394045066273923,0.6161497814201262,0.1420573381019274,0.01266862326030057,-0.05180333408987625,0.4666365857922483,1.656627030715594,0.5479466602534576,0.458743342917121,0.394643914907875,0.2328924188491773,-0.022265357987590002,0.7970765934885189,0.39846793801952607,0.015387451525012981,0.37695430538241853,0.2024650589136518,0.44006806871874166,-0.03811745344444148,0.7954719621531319,-0.014386595462433564,0.05957310989591002,0.095027990813882,0.2482369740756168,0.36968310830582884,0.21871269082048772,0.35208767673461694,0.10612264027102661,0.13857311555367788,0.4726005929681411,0.5185248767857897,-0.11697373944343158,-0.4361494391901211,-0.1075517558946526,0.18460467734489677,0.043617499911453465,0.008145000854656234,-0.04184568319795787,0.005363613499832672,-0.18339710250550847,0.06372422347861502,0.02145401764200526,-0.02267822716190995
0.07844527329498904,-0.05117001596922258,0.33303801477642353,0.5425354972881324,0.3458003259345901,0.36019958340502173,0.20592657052414876,0.372669896105573,0.22484654811644242,0.2672167012994731,0.31832376210792235,0.26451183915756776,0.3418339113004628,0.40880360485344697,0.27541339993103076,0.34205310617791207,0.36586470811853566,0.26694934919076946,0.1549414665345047,0.4477189097334803,0.09133482311909556,0.30943907208071547,0.5479466602534576,1.0067080683525864,0.3299995444714079,0.10222843326675403,0.3226792962479972,0.3638619869226279,0.28304615855164583,0.6523580008981331,0.45771438618743465,0.4406396198643278,0.9804357236983683,0.2656057275081301,0.056716515775860114,0.7054474414760222,0.46561337318057905,0.288260159639487,0.4541204078845469,0.20366962765186267,0.5193679525432401,0.3708867548228128,0.41109634062537653,0.1184795134490989,0.04005841222761505,0.5048608282235236,0.46604123771122086,-0.0747848168990582,0.5640531060922189,0.1075259297224644,-0.20715166560597126,-0.032129248769625265,0.27785122561917314,-0.14633795457231652,-0.07603427216670385,-0.3172188296794741,0.20486224528739289,0.08828189081309903,-0.025877707869692446
0.13520508786763583,0.11404924850176826,0.32540143552488404,0.38267302399263,0.3683832237376287,0.411136070511831,0.24193795866566947,0.3741402975587125,0.21787893598108393,0.36053888625511965,0.3293372951930847,0.3418611389615202,0.32722563467960347,0.2885518941594677,0.3469776793444713,0.327256269091024,0.3411914505956726,0.3236872454654559,0.21472641466400338,0.23086331269452284,0.11932172653891816,0.24472735586900216,0.458743342917121,0.3299995444714079,1.18566130013104,0.36656384067246867,0.2843380043998425,0.24823135228759818,0.797817509485443,0.3963795568865349,0.1545271046314567,0.3245192637621879,0.14727143229940645,0.6788717847728762,0.38124404823590063,0.4530766763825472,0.5617406709730979,0.16501436292950847,0.24311811549704324,0.1740205258735805,0.2273344883749494,0.28681913586588414,0.316837157822092,0.08476603464612396,0.40228852456383657,0.3993918845554635,0.3964530105369776,-0.07947284511279636,0.46287902542122394,-0.331773597716318,0.03360815563107143,0.23132877687263076,0.0037270206500847215,-0.037059190043158816,-0.03886400569227506,-0.0013318966198978563,0.12041161320132325,0.053106825849983635,-0.17743119327638524
0.12866215596578953,0.3649151154956814,0.6290185553994441,0.4303125415396015,0.5630902361884227,0.6169622389995467,0.26609326077081724,0.6540944821572328,0.4922299932252293,0.41451235166015843,0.5057730445640698,0.30761677215589195,0.5238544675659995,0.37563934975304875,0.4347026074728894,0.34800123427546614,0.17197835301482264,0.6065226796212764,0.12377941130629604,0.22867134042328066,-0.06160620180666334,0.33694756676103055,0.394643914907875,0.10222843326675403,0.36656384067246867,2.520006669749063,0.34435987393928913,0.30226955281177004,0.9818474721962288,-0.25658831697750517,0.18106480980800035,0.4533411036598811,-0.20727663878819844,0.7662870895297412,0.44804605179044776,0.6901875700037898,0.18457211515251765,0.1403424052555051,-0.8484800795757039,0.10335769530960173,0.6900676769007033,0.3640925462999919,0.42839162980181067,-0.01769560611176853,0.45257724742187777,0.5198788184649924,0.19866001000064706,-0.10969642149862892,-0.4149150858879676,-0.04599421357065868,0.3714514519610216,0.21380041007915424,-0.5238178381821048,-0.07620140120093744,0.0060765515085497756,0.05177415593567325,-0.06165077186344234,-0.06275706281081496,0.15123238041869902
0.12099623314370155,0.20720516160309668,0.2805742845627133,0.3841942512168891,0.3433137169242067,0.38583503720912904,0.23691181198821273,0.33451934913519965,0.2285957587808673,0.34624790047454274,0.339028992707554,0.3641852267679079,0.35532375699064933,0.28458883240354926,0.27168690976312126,0.33427901600620846,0.35491547328013046,0.23034259419358086,0.17061247793678533,0.5860774771111111,0.1664957395729128,0.2588876140067584,0.2328924188491773,0.3226792962479972,0.2843380043998425,0.34435987393928913,0.7112788984340557,0.2543577508266564,0.4418530913817034,0.31582028670692947,0.30379542601039444,0.3582079370020157,0.1638280771392374,0.4281766923764679,0.2792542401335143,0.46602132111986766,0.31172802202703664,0.3155852175558885,0.25982570174154773,0.24161202904896062,0.28591603191976345,0.2988640173073701,0.48204175281667777,0.03355272426822334,0.7265775603919344,0.19569940410171185,0.3101600325417887,-0.05144229520005617,-0.0162558907410381,-0.014830882114127608,-0.0841205579336667,0.10680257546995181,-0.06311080374856189,0.007573792769772601,-0.07069601449485961,-0.05830175668816261,0.1499853339666216,0.07497369947768759,-0.198820198752399
0.08994226340743615,0.2905076630294857,0.3674809230148443,0.15752901856888302,0.10768988059615857,0.2676036040118418,0.13184171160123748,0.25568899167822345,0.21777378030723943,0.2907523627135749,0.25456267296448576,0.14648208108488636,0.26464142140463287,0.18743361770543362,0.29817419366125386,0.2894987867862176,0.4494980954510126,0.28680082300090703,0.11494240857992584,0.2670042711702847,0.27708884486228214,0.20487608461595405,-0.022265357987590002,0.3638619869226279,0.24823135228759818,0.30226955281177004,0.2543577508266564,1.3076305867745603,0.21808897068952027,0.28586611929581207,0.4642791249721552,0.26955565109378876,0.7405085413632309,0.25819753830635395,0.787951163414747,0.5629917558690184,0.5511102131548897,0.14136202657806032,0.21279705428225318,0.20031109207128484,0.34020711279053956,0.26961196237748425,0.22725180167260256,0.12958335230337514,-0.09216023224268342,0.3934910483960444,0.3006623467229686,-0.05151521575112435,0.6234215852708993,0.4693825985146859,-0.131867857093117,0.73766243344727,-0.87457249672509,-0.18610958092219101,0.0865321806813949,-0.00011360703602528247,0.0837031454511941,-0.05591924951833045,0.03261570690430504
0.17459564749156106,0.23059266198059458,0.7728520079912079,0.5005906787811533,0.5233883120391878,0.6164160799179638,0.29756034654750385,0.6008109363828436,0.38114583730431517,0.46120589862035316,0.4992991100702393,0.36489946463516876,0.5703675806939602,0.39892145812840873,0.5187858816330446,0.5034221415724697,0.3851329263419639,0.49477492684395524,0.27970229270761215,0.47001574478195923,0.18582692935879738,0.501562216148661,0.7970765934885189,0.28304615855164583,0.797817509485443,0.9818474721962288,0.4418530913817034,0.21808897068952027,2.7173169965941906,0.37757329731598166,-0.0348144129504016,0.5102143558134244,-0.463425929294848,1.0325972552271476,0.5037651424481498,1.1271131792313316,0.45303278279398235,0.19130391087574028,-0.1551311212964168,0.21623060925857923,0.15672234008052896,0.31265174957542713,0.18945915060840202,-0.06546597768228819,0.9582945753149443,0.6337334316903667,0.5394615113204891,-0.22743159808055294,-0.5744332460398557,-0.22001437860448025,0.2568837277701028,0.38584565594783216,-0.4891219229084587,0.05006845972660147,0.0433046926137018,-0.08818062826708893,-0.11561276565211259,-0.12856507651637847,0.285792821746898
0.12057737210229466,-0.025603057699202333,0.03359936145226208,0.31562365832784306,0.1318943937745856,0.14944114267598146,0.1288763072877815,0.29825110345389616,0.11401710720299307,0.27330547151445056,0.23005108502036345,0.14040201269245425,0.25353845645259765,0.3305017744287805,0.21436664832005164,0.3405397342032783,0.3963483747452081,0.11759529286390327,0.03914097403200785,0.4868087505630788,0.26542369075940603,0.23872614957175303,0.39846793801952607,0.6523580008981331,0.3963795568865349,-0.25658831697750517,0.31582028670692947,0.28586611929581207,0.37757329731598166,2.367129118608638,0.3936485797552531,0.3111927596938659,0.2958700633517642,-0.09615308840933261,0.4801237468219603,0.7754196002057059,0.5412211728432624,0.3256936166947239,0.8125326335779108,0.4267120915364811,1.0142125576388277,0.4088573850141018,0.9172295979435061,0.20401013405433027,0.4735753564649634,0.4447214117991658,1.087525171108151,-0.050497633252215096,0.29788660918517185,0.03252362754268887,-0.15683589433756537,-0.16852289222431793,0.3733008148434719,-0.06405204262599598,-0.1363049720408534,-0.29331888280535906,0.29983925802509864,0.31851118962391334,-0.3606236202473681
0.12741145783813368,0.21075166283701083,0.28415842160592236,0.3390755455683569,0.28582385022985735,0.32186004938565754,0.18772973614637053,0.29664652921640183,0.22634644867754844,0.32682377962614306,0.29788856606151554,0.26669629384770627,0.27010460916728735,0.2565966368386685,0.24124942373242012,0.24448924801712288,0.34921137392780033,0.4040455748304313,0.17218756868808235,0.5532236780876626,0.30122477382979523,0.2362616262842983,0.015387451525012981,0.45771438618743465,0.1545271046314567,0.18106480980800035,0.30379542601039444,0.4642791249721552,-0.0348144129504016,0.3936485797552531,1.1008342334743992,0.2946044951661934,0.6806785994394879,0.27228079482669354,0.20334995810352108,0.6136688217752413,0.6372928880388834,0.35490590082431867,0.43914202508489825,0.21554870508482385,0.574147652043839,0.2964999908041754,0.4385776405269767,0.06579099494095048,0.3434398732852613,0.4089258120337499,0.41581113830715405,-0.030689702076246505,0.5315431027549117,0.32937830697616155,-0.10649901097666084,0.07266246629025211,-0.07831654503136136,-0.21820846493968865,-0.020791743425487022,-0.04856073944624595,0.26849532537775816,0.05315480770072881,-0.32465363862147756
0.16449521587539423,0.20421803365650257,0.31442728969146844,0.5215993470531961,0.3839054706948629,0.4249271380274089,0.25805271998111257,0.3497578865020623,0.2924228815616424,0.3375304471408309,0.32533125798179235,0.35494498794797497,0.367671764577511,0.5033124783551837,0.29221395287612645,0.40920963862223936,0.31962836223273194,0.33722073476692643,0.12580430927523703,0.31089931716452174,0.27014934295646437,0.3933472799822669,0.37695430538241853,0.4406396198643278,0.3245192637621879,0.4533411036598811,0.3582079370020157,0.26955565109378876,0.5102143558134244,0.3111927596938659,0.2946044951661934,0.7687072462626847,0.07813244188824305,0.42731864938353525,0.22121163147727257,0.5841002887250424,-0.05133140174797318,0.19872451034340793,0.20566835597603228,0.19760682992349662,0.4086659776056763,0.274540379170696,0.30467411749997897,0.06133781701500128,0.3218509211804275,0.3145847181840073,0.3670316361202765,-0.07555075920546535,0.13233866752780502,0.047332556571231775,0.03391527263338396,0.275612687669841,-0.3477214115330737,0.012132510863867161,-0.1718277678929842,-0.10708197956569,0.3407824926768431,0.16132200902180185,-0.3533179934449093
0.01878052087618651,-0.1279160140273234,0.21867633683430085,0.45632854201680484,0.20646823173750706,0.18668030956498977,0.12434409478877367,0.19017783843655484,0.15027176977637202,0.12837540869467007,0.1911491518031668,0.14598371693909484,0.15313522201409097,0.21572175161854185,0.15352187222464095,0.09337556333299582,0.33008605526597146,0.15432051984594017,0.1992997021956547,0.5387344269527664,0.04511021475214844,0.09991000394330425,0.2024650589136518,0.9804357236983683,0.14727143229940645,-0.20727663878819844,0.1638280771392374,0.7405085413632309,-0.463425929294848,0.2958700633517642,0.6806785994394879,0.07813244188824305,3.1449703605792205,-0.10421366066517164,-0.6359109700805157,0.5263774710246316,1.1238926434013448,0.34561193362087644,0.5787098102761207,0.008592386421519894,0.4117105015906937,0.4070616098047445,0.35673573579966467,0.15109211441125373,-1.0131475821705596,0.6988674097909657,0.23492023284554728,-0.04164582567177345,1.9824030762211444,0.39833593797096956,-0.6248566647464457,-0.286530125489917,0.9023566171440776,-0.4915607839466004,0.08429282781147591,-0.18654019830358426,0.01909458763385054,-0.06774196433478483,0.12512120096732032
-0.03542704265638866,0.3161253656179312,0.6355663828419004,0.5530476665681542,0.594174105291842,0.645833484671015,0.3021846266928455,0.6139803264857487,0.36592914310181873,0.5409210897666954,0.46729636093063454,0.4202929828228744,0.4976544251241808,0.358675180272576,0.45527755279979887,0.4488884179373419,0.38281603188686514,0.47939532546087865,0.3111409336606632,0.6802551281735146,0.20513413237648792,0.4300910292936816,0.44006806871874166,0.2656057275081301,0.6788717847728762,0.7662870895297412,0.4281766923764679,0.25819753830635395,1.0325972552271476,-0.09615308840933261,0.27228079482669354,0.42731864938353525,-0.10421366066517164,2.433341708232091,0.5756026164757867,0.2581238185417763,1.0588053480984678,0.3128875614692161,-0.17410545834319177,0.09666629334776879,0.3515543698022456,0.34991959764536235,0.5739738067288737,0.08504982180868281,1.001891411113145,0.3480466567527887,0.31467308337001443,-0.04443117640188725,1.0878656106325773,-0.3682600713693869,0.19723066972304595,0.1691725686472729,-0.11442149553548794,-0.04193721383124933,-0.15304143529158884,0.08686275942325246,-0.19977386544946701,0.043762105363283135,0.24868729420807806
