0.5725726506237171,0.17027438984855547,0.3470799054061979,0.045435227140825936,0.037313716267889055,0.06985468100924248,0.04797149390600494,0.07474009321990646,0.09777207314669618,0.10432616915630796,0.04911898886546418,0.06698397273994057,0.06180572570146711,0.06258406403301611,0.09264440594410386,0.06541203638171388,0.02260079337298756,0.09610136908339553,0.059987766803632006,0.03410603851735132,0.049821066424062505,0.08642005447025834,0.05127998268741372,0.0020465595723844314,0.08578905616302654,0.06270478254682048,0.09744556491715853,0.0012601150713746683,0.03208068968247383,0.08618896435907579,0.09136221571818758,-0.032164626579265686,0.030067756184562727,-0.04518419575729053,0.063722064207433,0.03220185570614786,0.07610956014783392,0.027690033134889262,0.07522381367538089,0.05850343844048157,0.062149329500371456,0.04454048833794774,0.08649275260477589,0.03567143009336358,0.07022418948228419,0.054014478945846676,0.07295544334349338,-0.002855262589006498,0.08349117315010421,-0.016015032696738665,0.025306951047577752,0.020538809606965098,0.014593339175688372,-0.014931081699290374,0.059428049000859434,-0.05692264954671417,0.15415882337364456,0.07932808253670075,-0.1889769663245472
0.17027438984855547,1.2886769832404599,0.7513499379283263,-0.05437666626782098,-0.0395845977402332,0.24139377477402665,0.11868491842227691,0.2611097994092695,0.29059962717560034,0.2256677112739299,0.13669511345214422,0.15152239106124113,0.1974188983689781,0.1395738255671528,0.18478844172756653,0.1502828772558362,0.10300869876665275,0.3235743747154235,0.13916708801198688,0.2363264418294602,0.21265745987551068,0.2189861140339501,-0.05996569581632337,0.10604331122096668,0.12823141815567748,0.25242811161556966,0.2764233710846121,0.179527301311645,0.19818508933053533,0.2567368084844339,0.04233157209956723,0.07131468268752565,0.10805686281712282,0.0983705056481396,0.008398759159618076,0.14462543062601727,0.2824552460280248,0.13924934063021585,0.1355178136188154,0.07430738552689327,0.15878333946027304,0.19497895234527646,0.23918223263761157,-0.04383984534601318,0.21817174603941683,0.14911512004178817,0.22254364125657067,0.001126853769179105,0.18161003956756253,-0.08017974753417934,0.17555519675212333,0.11560743542592712,-0.04939171035711771,-0.1075850055103973,-0.15365081311672005,-0.08611174275943996,-0.32757148564238564,0.32428166657263585,0.07342045575663411
0.3470799054061979,0.7513499379283263,2.068102306129759,-0.030134631956717364,-0.27636265496704704,0.27416917677052555,0.0778879462855194,0.4142486655574761,0.4668572124741049,0.5118362359476885,0.1746721025089896,0.17661309115425403,0.23917035471369058,0.22072877328623283,0.24922495830192706,0.1956272489153253,0.2856256794452389,0.28967955351197866,0.12345275253679457,0.13513666435936805,0.1932609228213164,0.3195416733364546,0.15464768751856398,0.24611551968927034,0.2174185494385386,0.24266494162268643,0.36819462307229467,0.1387819531977214,0.1917135889613363,0.16462155403828743,0.1821082475232042,-0.06372026210460079,0.17380663892674578,0.09010556752637192,0.0981516938478348,0.2677128393412164,0.2030589920523406,0.06769047733763495,0.2087504710993152,0.0925474855088443,0.1628737181878054,0.2130214240255541,0.20324833524427047,0.07703414450742459,0.0791920704240698,0.24883683247221547,0.2079189529482096,-0.00924242440112786,0.19688108837805862,-0.09724702189032831,0.14826708717389647,0.25153138240333534,-0.011734027439427462,-0.15784599063971527,0.09590017423071233,0.13683808053769642,-0.048291928472737417,-0.3019296631587363,0.012627331924773305
0.045435227140825936,-0.05437666626782098,-0.030134631956717364,0.8737929843936191,0.4637957687968293,0.3100692409908408,0.23128279620681144,0.2318089392855241,0.1359759894979746,0.10671136406443159,0.21608650332772647,0.26930194075114566,0.2573010347913022,0.22557563349318674,0.13776653856347834,0.2619199351496964,0.15747754489850255,0.12598699079801332,0.28586096629915275,0.13594947158101056,0.1371278786972577,0.19647645558569293,0.05961051026419104,0.20461910699779406,0.15736406032029734,0.190334893038455,0.047983286258366196,0.12171331272630805,0.19636746136845942,0.03764724467089836,0.1237225100874591,0.22962705637554398,0.06838063342444778,0.1764536600269035,0.05236201384018042,0.08772200028972797,0.15561149166337307,0.07865394966268009,0.20943993435525124,0.025242079297566902,0.09860192537537499,0.14271771267896027,0.09912800586663051,0.20532625356514508,-0.010940242679083194,0.06127639176335091,0.10332675019708965,0.002120953655516793,0.11386710107264233,0.13287669736983812,-0.1683796442896053,0.008371956250199441,-0.01217575099667018,-0.010665314771486106,0.11615714058137862,0.06514754290540954,-0.042209048896123966,-0.0037426239275122303,-0.0717355207609615
0.037313716267889055,-0.0395845977402332,-0.27636265496704704,0.4637957687968293,1.0693162989256746,0.31157340627695757,0.2572791016638881,0.26763954635663734,0.11062134390406063,0.2950338902375401,0.28069857451040464,0.3455798034744022,0.30388331904845745,0.24148806079122387,0.22679305780869127,0.3207895376264363,0.1736584118632595,0.20512589747855897,0.5073766409412099,0.11803135740453576,0.16825523789387553,0.2162719011994774,0.060554451127874984,0.19920717422672124,0.1900629178404808,0.21056321842027037,0.01107404444308149,0.1079055838873076,0.23342046970741992,0.04127529423497529,0.16720297274799065,0.36905869007870074,0.09447932279137937,0.2528124340388088,0.07096144063048096,0.12394142774124405,0.2374716583439701,0.08150918759928284,0.28894596528755306,0.03265641460392753,0.13740558335262887,0.18045610999120718,0.02091265947452908,0.25271638055324264,-0.03936146717747489,0.05708448343399861,0.14009355471829046,0.011316956992364511,0.1200890378937643,0.19360567506054238,-0.18595126122941422,-0.1327053761697554,0.06494658717205765,0.0027299668061621534,-0.025255768858809636,-0.12737287544397194,0.13090960334672166,-0.0012117843281540203,0.08715012154048205
0.06985468100924248,0.24139377477402665,0.27416917677052555,0.3100692409908408,0.31157340627695757,0.7817209393571959,0.19092249179839035,0.5193641006032474,0.33301640230512436,0.23405763391674297,0.3563794331912111,0.36383040830702956,0.37705038260398305,0.32955071169175243,0.2295139254638612,0.3717254419836394,0.34127485975150135,0.25042214202022806,0.4427589291369422,0.28759588849754486,0.2419260977239753,0.3511747839499101,0.024391817124347542,0.27851971698004524,0.25278750991390814,0.37449182697129413,0.2214999850381341,0.26932052902821435,0.3798451040974388,0.2009802478169503,0.21904392294731528,0.3362498466927933,0.07587830490408773,0.3146149095543612,0.034293408724521364,0.18769722622440863,0.36040231997832,0.1743110081036162,0.3823465621435616,0.06958621831830293,0.12829848405329866,0.23946021068868023,0.24688945800944842,0.23855252650934589,0.14768207872978745,0.18478532139182996,0.23800918496884443,-0.010124502559649475,0.168057529663477,0.21697566165092516,-0.380413011794091,0.13062827222643367,-0.057510186746783036,-0.08855176162459201,0.022999211023730138,-0.05299061657613211,0.06578617028493547,0.04810129352954998,-0.040382084252939196
0.04797149390600494,0.11868491842227691,0.0778879462855194,0.23128279620681144,0.2572791016638881,0.19092249179839035,0.6480812446438338,0.20556586234410934,0.367342633899844,0.1531476418513368,0.25554392642392115,0.3656091134908499,0.29398324595009206,0.2734421902482063,0.08368900684981227,0.28882355220774425,0.2221852530705484,0.18758678475747498,0.21487723191773206,0.22872727109466887,0.17972466349990412,0.31230748187661406,0.10966071103135516,0.21783070146898673,0.17862257470951542,0.267709085893989,0.15611282395916992,0.07604892686153954,0.20503642109882378,0.11279214183674431,0.11782257320048731,0.18152938885916006,0.13802043776365155,0.1665724861975604,0.020903188958768058,0.16188555086993275,0.16488938106616935,0.15172229565256748,0.24553097071813215,0.08169010002684152,0.13886488201129668,0.18351603973011282,0.10943220744536102,0.1134971369823678,0.04651227282234856,0.06260003334667283,0.14780847593510882,-0.004873623152021529,0.3273173526915105,0.05607971940461328,-0.057358443125132566,0.04742804896967033,-0.025179770342033662,-0.015667419682101915,-9.016602863172788e-5,0.03994980384367515,-0.024740924595325654,-0.018602360750295074,-0.08889558823317165
0.07474009321990646,0.2611097994092695,0.4142486655574761,0.2318089392855241,0.26763954635663734,0.5193641006032474,0.20556586234410934,0.8006919491698442,0.15024398240603346,0.3287848052544752,0.31445493329496743,0.20217561712802415,0.3642272401750934,0.293233182304819,0.1789921646725221,0.34894984957156555,0.4102320402042428,0.2661811326915652,0.333505233015847,0.2611972784726633,0.19051473545062284,0.2635531737874946,0.10158425444480812,0.2287610723200916,0.27028360007311814,0.3021404304500591,0.2574580854760586,0.16919863500485685,0.32657567498937495,0.2393433800592907,0.20191718189726576,0.1401920368074282,0.08124055556981744,0.27984612105787615,0.13970048936203783,0.17847005919588999,0.4222542325667572,0.1452571429495031,0.4016511630071331,0.11351171153603364,0.17280622364348022,0.19089535108435843,0.22955186204105724,0.20762176092484969,0.14296729710801362,0.12646628244357386,0.2437004208298735,0.009614366996806465,0.20887706288732388,0.1708079626949203,-0.24387580246556112,0.06807382892264868,-0.03525357890883871,-0.09128190681426192,0.025851973463340817,-0.08797251106467543,0.1776026597977138,0.013660143263540793,-0.05076479304430426
0.09777207314669618,0.29059962717560034,0.4668572124741049,0.1359759894979746,0.11062134390406063,0.33301640230512436,0.367342633899844,0.15024398240603346,0.9947208625121451,-0.1728671997886857,0.14329655986834539,0.1713886892578481,0.3013379639638648,0.3241281563802542,0.011961718512877554,0.29456599858579435,0.23137778715063337,0.17822120342309722,0.2810603997806111,0.28010177552757426,0.2444086811783789,0.5786180708707317,0.05031949940868573,0.2404486961463908,0.09727860549243764,0.35483148253261027,0.16687237189739193,0.2234103607530538,0.15811375626841748,0.22686493448019032,0.14340197286244613,0.30130473236396754,0.26543685837917347,0.17269211279809338,-0.019725038190272454,0.16977428032900735,0.1294722522252179,0.19888782656816503,0.2804063664307631,0.06103320450668942,0.12437433830179263,0.2581471342176016,0.1919390199573944,0.1924288490266588,-0.0038844376493112794,0.2504528872790105,0.22542201117145244,-0.03690955168546793,0.5191975871922955,0.04468211959273844,0.015447149924602405,0.25814795933278856,-0.046590473421662934,-0.14339540547631724,0.0206296493914845,0.05362556469986861,-0.07449448650420445,-0.01580711836648628,-0.06949947049979321
0.10432616915630796,0.2256677112739299,0.5118362359476885,0.10671136406443159,0.2950338902375401,0.23405763391674297,0.1531476418513368,0.3287848052544752,-0.1728671997886857,1.3913114689858523,0.3500790014441172,0.49493739088579203,0.2164427553574722,0.1431485883962286,0.4741841473879512,0.14598007416955214,0.32577916952383906,0.35783975990102823,0.267262256309464,-0.01248257624037701,0.09534339799387014,0.01742506786448697,0.28180606932812985,0.2606344912686576,0.29303270348934346,0.12467801244789316,0.273643107029265,-0.05044669111929291,0.2809495615053517,0.06489573698774984,0.16547835639631817,0.0008016067551177103,0.05995978062803556,0.1906517246457948,0.18168327859967473,0.2266363602059283,0.28812581264556547,0.007308775746761101,0.2044651113997346,0.08206199314482494,0.1510896216234904,0.09151702742905811,0.04787110083849384,0.11947450181442937,0.014408829831347498,0.09448972989072081,0.18316874284774637,0.0355755009394194,-0.0919092230903414,-0.026292109308245753,-0.03543054932513324,-0.01255045470401015,0.018274098428584466,0.003762069562874774,0.024978650896868734,0.011130314712932677,0.16268884400912006,-0.3390076538125003,0.07157492497127817
0.04911898886546418,0.13669511345214422,0.1746721025089896,0.21608650332772647,0.28069857451040464,0.3563794331912111,0.25554392642392115,0.31445493329496743,0.14329655986834539,0.3500790014441172,0.7235192869816246,0.3923917111175507,0.38853659218710607,0.16940596930316817,0.18562453051910183,0.3010313184658899,0.3584326497228512,0.21243901827395598,0.2805478975184924,0.30631508369799787,0.22004627498043985,0.2264762002510595,0.07878456783124999,0.26797860920040206,0.17167821332588154,0.272352515235898,0.17014820770286546,0.11703893827701285,0.31504826295521315,0.08098309991486921,0.20507120417147576,0.17729718398536257,0.07264103281811107,0.21750816956506044,0.17968990070767696,0.1757309902023593,0.23003912670668558,0.16988508907938382,0.33039219378861157,0.1237149450440317,0.1865883494101264,0.2180722467077652,0.12601410500776447,0.1341999203039179,0.11647515102435924,0.08096269001020104,0.18752165614750518,0.022106020689244492,0.2203168739363459,0.07313883502002132,-0.12087737419720865,0.0954154119804763,0.0006836400176973884,-0.013396674538661916,0.034936852428860785,-0.006798287282961778,0.08956811069203417,-0.09876470356447274,-0.09903077208258369
0.06698397273994057,0.15152239106124113,0.17661309115425403,0.26930194075114566,0.3455798034744022,0.36383040830702956,0.3656091134908499,0.20217561712802415,0.1713886892578481,0.49493739088579203,0.3923917111175507,0.7674091423829066,0.2890245331830395,0.2934282149730755,0.2551226954798578,0.28423511997118567,0.23115071633586204,0.18648282947018116,0.3262350345834622,0.19760575971072508,0.16850003874075045,0.22536660486681168,0.060766300018448974,0.247991410407271,0.24669583564326325,0.2732318754890297,0.20170656821693755,0.1275733422236444,0.25873659218774187,0.05785855438054012,0.142466072846432,0.2512493225496667,0.09797618437613836,0.2009898947338482,-0.013425221925546606,0.22385061485762248,0.13215916096546612,0.13418192304956136,0.23289937055360319,0.06098559966276262,0.09830383932046595,0.1790981287194483,0.06664120889190644,0.08807728798237176,0.046402593071243774,0.0917816078592521,0.13288065121957554,0.005562446115732147,0.1423641941764029,0.04021220207808067,-0.10223150451690877,0.10026802476339726,0.0019296929232769187,-0.03146580591086146,-0.009527615693877979,0.04366753363668516,0.0031396976558450943,-0.10757152915221793,-0.025451267622199198
0.06180572570146711,0.1974188983689781,0.23917035471369058,0.2573010347913022,0.30388331904845745,0.37705038260398305,0.29398324595009206,0.3642272401750934,0.3013379639638648,0.2164427553574722,0.38853659218710607,0.2890245331830395,0.7413018723733606,0.2905190913791757,0.013421073617571286,0.3686916847282396,0.3841539458384345,0.2599768033336113,0.31700202142365613,0.2741784346565761,0.24930414222269226,0.34124904077775825,0.1499023367528586,0.2545256647230995,0.19461391779655457,0.2711199501844745,0.16678028154365304,0.1365594232780582,0.3200335920908481,0.19870699390047172,0.2017735930841141,0.23163029425896653,0.1519575132105648,0.26303002113130974,0.16447736272313832,0.16137306383865052,0.35525446837006713,0.14327926232203977,0.40450698880593833,0.08651466820888759,0.19036867264506796,0.23583155985423612,0.20723333595639465,0.25980268311792615,0.06060564937692639,0.18809465779953818,0.25199378311519977,0.00878227068885495,0.27587709837451296,0.23512275123694992,-0.10717595988050262,0.10492492132786212,-0.114712430719176,-0.16434280782115193,0.0730779734384167,-0.05864573590279805,0.05229935833776985,-0.023919448595919664,-0.05565186992663092
0.06258406403301611,0.1395738255671528,0.22072877328623283,0.22557563349318674,0.24148806079122387,0.32955071169175243,0.2734421902482063,0.293233182304819,0.3241281563802542,0.1431485883962286,0.16940596930316817,0.2934282149730755,0.2905190913791757,0.9589185853809706,0.21148250750644612,0.3876232147203302,0.28918733232334465,0.12936994492547954,0.24492484942618115,0.26943872419435916,0.21159151541336127,0.3431217545358421,0.08083183948750143,0.3058043736366221,0.295946232560983,0.3558602302328401,0.22682666956529007,0.14515646628329054,0.23516537484812713,0.133564000428643,0.12807259396062892,0.10128528350770835,0.1353907809191017,0.129375524412589,0.20574430073707214,0.15220685360887848,0.29462788631249975,0.16713141291553119,0.13291298300174756,0.13081800580733835,0.2650424627598628,0.23317004325196508,0.2558935592508156,0.14524083392889905,0.06928674106901,0.07312038459820437,0.17481436567774025,0.0006077479011129515,0.3463250019138255,0.052528315634325085,-0.06299830284089396,-0.03770287939274298,-0.038130319051466556,0.038997369039302995,0.08403251944607965,0.03620031240936605,0.05135959849604986,-0.12868346276684453,0.18279322317340335
0.09264440594410386,0.18478844172756653,0.24922495830192706,0.13776653856347834,0.22679305780869127,0.2295139254638612,0.08368900684981227,0.1789921646725221,0.011961718512877554,0.4741841473879512,0.18562453051910183,0.2551226954798578,0.013421073617571286,0.21148250750644612,0.9232935657421171,0.025710928756321572,0.17878848594661706,0.20796919771776093,0.19846504692981054,0.1247530773256941,0.13293790195499838,0.03558323916744533,0.15419826530677527,0.238730413421488,0.23904947256542416,0.19779504574077214,0.23059217299327722,-0.028359095942326978,0.18244606798064675,0.1076487761178905,0.1977574532454119,0.044707246209301735,0.05490930277234029,0.1260805239047726,0.06936785301492422,0.13550925242787012,0.3098107226377618,0.05925999008649703,0.11055080215564583,0.061406003400407715,0.12419728377652207,0.13155719142611452,0.17320291700963836,0.02729667451141386,0.1467472720941705,0.07073822510915631,0.13948675519558829,0.03061827598089669,-0.044444229198245436,0.04426044443292296,-0.09975108026213342,0.038956587627523936,0.010874174393735602,-0.02801396719137869,0.08520503289834394,0.11117509295114775,-0.02110719000063902,-0.12953481700678576,-0.023710646889714235
0.06541203638171388,0.1502828772558362,0.1956272489153253,0.2619199351496964,0.3207895376264363,0.3717254419836394,0.28882355220774425,0.34894984957156555,0.29456599858579435,0.14598007416955214,0.3010313184658899,0.28423511997118567,0.3686916847282396,0.3876232147203302,0.025710928756321572,1.050646935154872,0.28682408605141424,0.2189011962146518,0.3198288837425362,0.23756228489465797,0.21726884256404305,0.587548119669353,0.08329846347920736,0.2825521436743593,0.26456204988119814,0.18440956043412132,0.12522679405544135,0.23145501834856086,0.27787721163935564,0.10653682276331572,0.14876843781494709,0.12023851490351667,0.10459067491780234,0.2059817773477528,0.24943416039845664,0.18544803175264504,0.24450879899749728,0.14217023800613354,0.3497515779838646,0.11587971745717209,0.24699479699614016,0.27844382305968884,0.2067979316170151,0.3082213565873346,-0.011226888796710703,0.2326848902543931,0.2140692577574156,-0.05687549383113466,0.43052218275656595,0.02167983299623234,-0.1868468692916195,0.17406509938519377,0.05761306150028054,-0.052594842149143436,0.12066282802003228,-0.018495563265093922,0.14843954060073725,-0.19495675101647086,0.026218732171484557
0.02260079337298756,0.10300869876665275,0.2856256794452389,0.15747754489850255,0.1736584118632595,0.34127485975150135,0.2221852530705484,0.4102320402042428,0.23137778715063337,0.32577916952383906,0.3584326497228512,0.23115071633586204,0.3841539458384345,0.28918733232334465,0.17878848594661706,0.28682408605141424,1.151518976364746,0.13165221379011816,0.2287390742884668,0.3894036865036194,0.27990336441550867,0.2544639312391987,0.23957732719114705,0.24847449233276528,0.41187827609370914,0.21793605706136135,0.2862572688152022,0.0319652974833604,0.43160449853756605,0.08120138663631071,0.3345690260087723,0.049587512909379475,0.11352627095108248,0.26429900620906105,0.23343108576335012,0.22657046705165043,0.5296698828754951,0.22181212903340258,0.3343441844424047,0.15673305380631222,0.274043370451237,0.2496161627926661,0.26315510760116917,0.14218185749581763,0.25681147513311053,0.13403001449126684,0.2396103692510448,0.028474199788827367,0.14174325141843647,0.23210316049408872,-0.1560543943063312,-0.10806335476586353,-0.1406820130065676,-0.06926044147089762,0.07869507771431994,-0.02310964565234403,0.09618379069370263,-0.11770976022687239,-0.02327378420704285
0.09610136908339553,0.3235743747154235,0.28967955351197866,0.12598699079801332,0.20512589747855897,0.25042214202022806,0.18758678475747498,0.2661811326915652,0.17822120342309722,0.35783975990102823,0.21243901827395598,0.18648282947018116,0.2599768033336113,0.12936994492547954,0.20796919771776093,0.2189011962146518,0.13165221379011816,0.8249878389695702,0.22448231295593218,-0.000902278984249906,0.18997749071695955,0.20113222783284718,0.283985896488679,0.2516092406232167,0.14953079399037433,0.22130919196295784,0.03849466983763267,0.0028494178987075324,0.2182834309506932,0.050591485129664174,0.1203726445308741,0.0063459527415862,0.09307609500931703,0.16130995800667702,0.08197436146020244,0.051417522906012786,0.394201477599263,0.0023550624073197,0.20827738360593484,0.04360650523601785,0.12982063995522566,0.13646493260370152,0.2601820874113973,0.20741219704204403,0.10160500579415321,0.25901306322487655,0.3033398789682546,-0.004868309128688527,-0.014855013420233808,0.11639714779710869,0.0649946301411488,0.005152702199818136,-0.1613042279425606,-0.10955617866715049,0.0019921370154495108,-0.05785162355481867,-0.023001384771971237,0.003400177826060764,0.07625247758532995
0.059987766803632006,0.13916708801198688,0.12345275253679457,0.28586096629915275,0.5073766409412099,0.4427589291369422,0.21487723191773206,0.333505233015847,0.2810603997806111,0.267262256309464,0.2805478975184924,0.3262350345834622,0.31700202142365613,0.24492484942618115,0.19846504692981054,0.3198288837425362,0.2287390742884668,0.22448231295593218,0.7058433244871858,0.13533681723756547,0.20942891880988618,0.30461162174845413,-0.01262759261096348,0.20891737012839673,0.2624214935661801,0.23053302995115327,0.10787424283691954,0.29082391825837134,0.2496014257696593,0.1792920712582255,0.17551516652024327,0.403896415739238,0.17406102450250385,0.2444578726990593,-0.011132947281006113,0.16077787570030677,0.2210947018102459,0.11181916296780751,0.3467654064128633,0.035261046556342455,0.1251141183047515,0.21645077865954013,0.09613695382957581,0.2392944290540506,-0.005522743876798289,0.15274643583015124,0.20401995292641095,0.01253288120601221,0.21994367856591046,0.13887051703748846,-0.020125526953622783,0.2555438993384531,-0.1936703191946139,-0.12086620211167126,-0.037843728707850015,-0.07405887632683954,0.06539683698515633,0.052544132269698195,0.003634896513844411
0.03410603851735132,0.2363264418294602,0.13513666435936805,0.13594947158101056,0.11803135740453576,0.28759588849754486,0.22872727109466887,0.2611972784726633,0.28010177552757426,-0.01248257624037701,0.30631508369799787,0.19760575971072508,0.2741784346565761,0.26943872419435916,0.1247530773256941,0.23756228489465797,0.3894036865036194,-0.000902278984249906,0.13533681723756547,1.0194422373538619,0.13348822191913115,0.25802530635084087,-0.05891145558124017,0.24950727379207813,0.18131026117912158,0.2284978410759264,0.19725913984409366,0.1264146020199884,0.3594569920859803,0.4527719660717803,0.0701976130930895,0.23813732707125912,0.04088591704377245,0.2757997192788588,0.2636561724282099,0.15625595872229406,0.6805088982243112,0.4964285496822807,0.3680693799002651,0.2529412633819197,0.3012973663705607,0.15569822596837168,0.33398130826936273,-0.05267227355309958,0.4771845223027089,0.06572613406170329,0.29140506215250533,0.03944937478755774,0.4298243462816447,0.04229481336263328,-0.17928923290836357,0.03723119527199007,0.04475131600480459,-0.03306729673359957,0.14669985390947027,-0.022504099817268395,0.09011952973472462,-0.04730238216555178,-0.06063124905661769
0.049821066424062505,0.21265745987551068,0.1932609228213164,0.1371278786972577,0.16825523789387553,0.2419260977239753,0.17972466349990412,0.19051473545062284,0.2444086811783789,0.09534339799387014,0.22004627498043985,0.16850003874075045,0.24930414222269226,0.21159151541336127,0.13293790195499838,0.21726884256404305,0.27990336441550867,0.18997749071695955,0.20942891880988618,0.13348822191913115,0.441385146330972,0.23463558498536052,0.1504445997205415,0.16162379548128172,0.1611830533348876,0.2542979792630998,0.14981846910388058,0.10411799059282109,0.15837328059945047,0.07304441948219502,0.3416428910287739,0.1451225576281309,0.12470931891308407,0.0866616898766892,0.08172427161447979,0.14733504933792294,0.21105340352588797,0.10095506034041492,0.21421440357903912,0.09377750172925006,0.21649525309310516,0.36332778563891227,0.2747670920402056,0.1733831499595108,0.25319989586843444,0.14988982810369778,0.2015049438422032,0.02778315290813858,0.08385825135829202,0.11207022400316807,-0.07386751007314923,0.08587842652127481,-0.07148841150451785,-0.06265148724167585,-0.059248032145656555,-0.013053610709877265,-0.20723211034085903,0.1631291535553117,0.01958626214874663
0.08642005447025834,0.2189861140339501,0.3195416733364546,0.19647645558569293,0.2162719011994774,0.3511747839499101,0.31230748187661406,0.2635531737874946,0.5786180708707317,0.01742506786448697,0.2264762002510595,0.22536660486681168,0.34124904077775825,0.3431217545358421,0.03558323916744533,0.587548119669353,0.2544639312391987,0.20113222783284718,0.30461162174845413,0.25802530635084087,0.23463558498536052,0.821786692286878,0.07920437588594086,0.25787484478953565,0.17357578889849598,0.25838894639692983,0.14540065842933722,0.26326338651075265,0.19899925124121717,0.22887098800523792,0.1135541083169258,0.23932614755533876,0.23609703358262465,0.18806094093406642,0.15187176945367448,0.1977473656580537,0.16514925698410068,0.1906537791185701,0.3374081836022383,0.10002088223239515,0.21152872185259192,0.2840200253518114,0.21254173100869342,0.32315521122454927,-0.09118189486308413,0.3346675811756865,0.2554712656946449,-0.09310221208890494,0.6488053509738754,0.049323173583095715,-0.07679942841536232,0.18054022525961064,0.011723547906372192,-0.10845280122519664,0.05209955207973632,0.008093640625954319,0.03505877625600511,-0.09135049640685085,-0.015174544029524412
0.05127998268741372,-0.05996569581632337,0.15464768751856398,0.05961051026419104,0.060554451127874984,0.024391817124347542,0.10966071103135516,0.10158425444480812,0.05031949940868573,0.28180606932812985,0.07878456783124999,0.060766300018448974,0.1499023367528586,0.08083183948750143,0.15419826530677527,0.08329846347920736,0.23957732719114705,0.283985896488679,-0.01262759261096348,-0.05891145558124017,0.1504445997205415,0.07920437588594086,1.3506577788550889,0.24159886624292043,0.28730838536188025,-0.11835736650614072,0.06253210090411224,-0.7620372112501976,0.3304996417889204,0.10558865411275052,0.2754175256955165,-0.1257196038285202,0.1211031785846576,0.2432427224288634,0.23459021703229307,0.12493655867213603,0.46111231377857465,-0.05266569626497218,0.36530357006927866,0.13517557707127462,0.09162359786520939,0.07107599593885204,0.21588387356410438,0.442343144056686,-0.017641176049991096,0.16186345979284206,0.22891947468036133,0.05895315894568244,-0.0642118419674558,0.2660854098437198,-0.13971993559677873,0.0839871068415115,-0.09089464247271799,-0.06416440905311531,0.17427367445655403,0.047750247793511724,0.1305410149011347,-0.3779095115359046,0.15865136586599227
0.0020465595723844314,0.10604331122096668,0.24611551968927034,0.20461910699779406,0.19920717422672124,0.27851971698004524,0.21783070146898673,0.2287610723200916,0.2404486961463908,0.2606344912686576,0.26797860920040206,0.247991410407271,0.2545256647230995,0.3058043736366221,0.238730413421488,0.2825521436743593,0.24847449233276528,0.2516092406232167,0.20891737012839673,0.24950727379207813,0.16162379548128172,0.25787484478953565,0.24159886624292043,0.8421538535276453,0.22300627353762184,0.18351962598266225,0.10813287193321626,0.03191543215965968,0.32144081205671315,0.06122911692292498,0.10165935401840634,0.07958995979315697,0.1660009496520135,0.08020139876391785,0.22194601730706093,0.18228287893340223,0.29073987965376286,0.12471862775246967,0.1926723588025226,0.09568503328649662,0.16786637209980976,0.15738112174043095,0.1785839288533046,0.1655270479776746,0.037166463224560166,0.1753955737155497,0.1649113513513706,-0.00015490973044238906,0.10660360293856584,0.09141369003448051,-0.16301425930473398,0.15439288677380342,-0.02749849292880011,-0.05406921575887438,0.38826669053151736,0.12561196575930686,0.14081040676453385,-0.7387696129268827,0.4192871022178699
0.08578905616302654,0.12823141815567748,0.2174185494385386,0.15736406032029734,0.1900629178404808,0.25278750991390814,0.17862257470951542,0.27028360007311814,0.09727860549243764,0.29303270348934346,0.17167821332588154,0.24669583564326325,0.19461391779655457,0.295946232560983,0.23904947256542416,0.26456204988119814,0.41187827609370914,0.14953079399037433,0.2624214935661801,0.18131026117912158,0.1611830533348876,0.17357578889849598,0.28730838536188025,0.22300627353762184,1.1549561981066108,0.10383594264836775,0.22288277265603557,-0.08131512114442534,0.4622976147611535,0.046205381974175445,0.39649634341645373,0.12423567715218922,0.03523182096648518,0.30757243946709717,0.11710355254830894,0.24338878205571743,0.14569992383340485,0.10027838941899218,0.22544296415911072,0.1242330065814272,0.15717628977198905,0.15834529598702243,0.16480355851484255,0.12621956852878718,0.000275724780604282,0.09326414139797536,0.13378504199273036,0.012832666620017915,0.11040673900962675,-0.011546007678069807,0.11248761481990367,0.12486445583854211,0.017775796986858706,-0.05551838786304193,0.04254341675736757,0.014898385341502587,0.09865718043924868,-0.1802016542843266,0.07169770490636374
0.06270478254682048,0.25242811161556966,0.24266494162268643,0.190334893038455,0.21056321842027037,0.37449182697129413,0.267709085893989,0.3021404304500591,0.35483148253261027,0.12467801244789316,0.272352515235898,0.2732318754890297,0.2711199501844745,0.3558602302328401,0.19779504574077214,0.18440956043412132,0.21793605706136135,0.22130919196295784,0.23053302995115327,0.2284978410759264,0.2542979792630998,0.25838894639692983,-0.11835736650614072,0.18351962598266225,0.10383594264836775,1.302949927364549,0.29543810801526565,0.1820344207766598,0.057752770901863336,-0.026110668279572376,0.29523090787315714,0.2359315933289128,0.31814620930901977,0.04451574035122019,-0.1254354997287628,0.12364336374130222,-0.18802562054501645,0.1426325810638202,-0.20248733359426227,0.003934179782676428,0.006373292180584323,0.289549400693459,0.20686955137814453,-0.12304687617911872,-0.01590891726127089,0.0317031415758254,0.06518781799267229,0.007942833500766324,0.13521177239585358,0.05072135702842948,-0.10186070422175023,-0.04354822117652185,-0.09906461230296738,-0.025192919522337282,-0.026789359997004897,-0.03174928796448237,-0.11807511265296265,0.17883732945786177,-0.04995328067584482
0.09744556491715853,0.2764233710846121,0.36819462307229467,0.047983286258366196,0.01107404444308149,0.2214999850381341,0.15611282395916992,0.2574580854760586,0.16687237189739193,0.273643107029265,0.17014820770286546,0.20170656821693755,0.16678028154365304,0.22682666956529007,0.23059217299327722,0.12522679405544135,0.2862572688152022,0.03849466983763267,0.10787424283691954,0.19725913984409366,0.14981846910388058,0.14540065842933722,0.06253210090411224,0.10813287193321626,0.22288277265603557,0.29543810801526565,1.6829464417942437,0.0003759748682427181,0.05800745778519353,-0.041146367934188945,0.2933151584736289,-0.0313832680169431,0.19005662938075402,-0.02189592855997987,0.06430008290575137,0.5372953881452717,0.31334723428341027,0.2595419397875313,0.020554366922878476,0.2351900519617367,0.2571646754236579,0.21738009677065834,0.5428159843262272,-0.452939816545143,0.41998945781036245,-0.1143822755368352,-0.005115376918836134,0.03824983888037399,0.17553363330403784,0.004219717137947493,-0.12302958033138918,0.10069128455774537,0.04774205790727093,-0.019219080507728605,0.15551005501945908,-0.04015579229570286,0.1435938132546256,-0.1542313077738558,-0.02865331325639449
0.0012601150713746683,0.179527301311645,0.1387819531977214,0.12171331272630805,0.1079055838873076,0.26932052902821435,0.07604892686153954,0.16919863500485685,0.2234103607530538,-0.05044669111929291,0.11703893827701285,0.1275733422236444,0.1365594232780582,0.14515646628329054,-0.028359095942326978,0.23145501834856086,0.0319652974833604,0.0028494178987075324,0.29082391825837134,0.1264146020199884,0.10411799059282109,0.26326338651075265,-0.7620372112501976,0.03191543215965968,-0.08131512114442534,0.1820344207766598,0.0003759748682427181,2.663085802573308,-0.5055237123595026,-0.03429374138749859,0.1475874281300886,0.34728140645245387,0.06060160284766238,0.1124518038587106,0.10474688965799221,0.6475582344827723,0.022310254779061726,0.17940806916205967,-0.0003428091707418967,-0.17706313052840095,0.5097526781422328,0.2209827666754071,0.04540611844444351,0.8545741796998193,-0.18984359577478127,0.29422778115276355,-0.24726036430540013,0.02037362869236965,-0.559944872704455,-0.3584689264367913,0.052452776582754754,0.4119966772962426,-0.2640654667957243,-0.06159327646550311,-0.169470645084668,-0.028771526609792687,0.05482015400425829,0.16377657679497648,-0.04048922262233613
0.03208068968247383,0.19818508933053533,0.1917135889613363,0.19636746136845942,0.23342046970741992,0.3798451040974388,0.20503642109882378,0.32657567498937495,0.15811375626841748,0.2809495615053517,0.31504826295521315,0.25873659218774187,0.3200335920908481,0.23516537484812713,0.18244606798064675,0.27787721163935564,0.43160449853756605,0.2182834309506932,0.2496014257696593,0.3594569920859803,0.15837328059945047,0.19899925124121717,0.3304996417889204,0.32144081205671315,0.4622976147611535,0.057752770901863336,0.05800745778519353,-0.5055237123595026,2.138716120054511,0.46635017713382065,-0.4884801016335225,0.4067046645557624,0.09312101163096094,0.6161205708382785,0.2709311305006248,0.12396726020793744,0.17775632431479596,0.14630579116969372,0.4101962937977452,0.1491911019418618,0.14975129559157066,0.12802749697244745,0.1046500115569817,-0.16560072213946975,-0.2067336508025309,0.0756695526975787,0.3956057481411701,0.015118918897876841,0.717260096861547,0.3391726567859254,-0.27663141574611294,0.008386728456716149,-0.16684177492631497,0.06586769691960719,0.024682708385680995,0.012291348086649707,-0.12972550244999373,-0.004197723858066796,0.04254238907145958
0.08618896435907579,0.2567368084844339,0.16462155403828743,0.03764724467089836,0.04127529423497529,0.2009802478169503,0.11279214183674431,0.2393433800592907,0.22686493448019032,0.06489573698774984,0.08098309991486921,0.05785855438054012,0.19870699390047172,0.133564000428643,0.1076487761178905,0.10653682276331572,0.08120138663631071,0.050591485129664174,0.1792920712582255,0.4527719660717803,0.07304441948219502,0.22887098800523792,0.10558865411275052,0.06122911692292498,0.046205381974175445,-0.026110668279572376,-0.041146367934188945,-0.03429374138749859,0.46635017713382065,3.431839741476697,-0.32169822365550005,0.8989780313705168,0.32247038223621666,0.3737679073541305,0.34485896796507887,-0.16026664035776,0.6879677283330546,0.20325756152376293,0.7091963226789031,0.30343552679323027,0.1661736134699451,0.12381009260815064,0.6027462935443437,0.23357882689671017,0.12385468633988829,0.22815656892103758,1.176769674502543,0.10572356252518793,1.455369721622679,-0.0034916092332124174,-0.03146835182155443,-0.09803771352743794,0.07095814911148428,-0.11016682204784924,0.21469138684994618,-0.29785635194412363,-0.1342881924948289,0.8818887769535748,-0.23845018231000367
0.09136221571818758,0.04233157209956723,0.1821082475232042,0.1237225100874591,0.16720297274799065,0.21904392294731528,0.11782257320048731,0.20191718189726576,0.14340197286244613,0.16547835639631817,0.20507120417147576,0.142466072846432,0.2017735930841141,0.12807259396062892,0.1977574532454119,0.14876843781494709,0.3345690260087723,0.1203726445308741,0.17551516652024327,0.0701976130930895,0.3416428910287739,0.1135541083169258,0.2754175256955165,0.10165935401840634,0.39649634341645373,0.29523090787315714,0.2933151584736289,0.1475874281300886,-0.4884801016335225,-0.32169822365550005,2.929144283105459,0.20893210925198508,-0.15239984413706315,0.010017735419541932,-0.0493559654060545,0.33868958871781485,0.028945517390745603,0.04006150916402612,0.25294685102905434,0.04779580314802422,0.22455732493474337,0.30591732598019755,0.2791772512452208,0.49914068965030234,0.37614339228172594,0.14728688484235986,-0.030994502337448965,0.013952654710115552,-0.6914521133865219,0.047576340608468694,-0.16524992845356584,0.15887736977747663,0.18319672426474112,-0.28603640909579553,0.08581818494576803,0.02952005972442096,0.531318184952419,-0.541804271654406,-0.0023138147369928834
-0.032164626579265686,0.07131468268752565,-0.06372026210460079,0.22962705637554398,0.36905869007870074,0.3362498466927933,0.18152938885916006,0.1401920368074282,0.30130473236396754,0.0008016067551177103,0.17729718398536257,0.2512493225496667,0.23163029425896653,0.10128528350770835,0.044707246209301735,0.12023851490351667,0.049587512909379475,0.0063459527415862,0.403896415739238,0.23813732707125912,0.1451225576281309,0.23932614755533876,-0.1257196038285202,0.07958995979315697,0.12423567715218922,0.2359315933289128,-0.0313832680169431,0.34728140645245387,0.4067046645557624,0.8989780313705168,0.20893210925198508,3.7136587904970373,0.47379840233603415,0.6647362044512963,-0.5192238306297677,0.43884952002836436,-0.31164455775655453,0.22111158490230579,0.4082074523870118,-0.1802084404101878,-0.09315607252392823,0.24200422163792876,-0.3862132625688375,0.15494180066228358,-0.3913321471674318,0.19653683459167634,0.35719314562093346,0.03424226628479028,0.1962141460184419,0.03229000550610214,-0.14109081864193057,0.43615048776982446,-0.0400684224004188,-0.24769232848971878,-0.5113243034530586,0.12033842730561696,0.0172394766687593,0.052693468030289056,-0.0418578409947681
0.030067756184562727,0.10805686281712282,0.17380663892674578,0.06838063342444778,0.09447932279137937,0.07587830490408773,0.13802043776365155,0.08124055556981744,0.26543685837917347,0.05995978062803556,0.07264103281811107,0.09797618437613836,0.1519575132105648,0.1353907809191017,0.05490930277234029,0.10459067491780234,0.11352627095108248,0.09307609500931703,0.17406102450250385,0.04088591704377245,0.12470931891308407,0.23609703358262465,0.1211031785846576,0.1660009496520135,0.03523182096648518,0.31814620930901977,0.19005662938075402,0.06060160284766238,0.09312101163096094,0.32247038223621666,-0.15239984413706315,0.47379840233603415,1.8182797944446831,-0.06706280656190142,-0.18945658447521893,-0.1744410108979613,-0.10236267996890107,0.08087082799908128,-0.14803901169929945,-0.1862623479415474,-0.48125422365519344,0.1791168440665095,0.10933264641177098,0.2068830003698508,-0.824791393423259,0.09599316608683582,0.3093724793928313,0.15942227656954822,0.4039163455915125,0.05778089526239371,-0.10774224734373139,0.38549329073113514,-0.14195997436298866,-0.20581960395247778,0.10862736828995759,0.0141735131403934,-0.0775361269507834,-0.09242193753476809,0.21703151528468978
-0.04518419575729053,0.0983705056481396,0.09010556752637192,0.1764536600269035,0.2528124340388088,0.3146149095543612,0.1665724861975604,0.27984612105787615,0.17269211279809338,0.1906517246457948,0.21750816956506044,0.2009898947338482,0.26303002113130974,0.129375524412589,0.1260805239047726,0.2059817773477528,0.26429900620906105,0.16130995800667702,0.2444578726990593,0.2757997192788588,0.0866616898766892,0.18806094093406642,0.2432427224288634,0.08020139876391785,0.30757243946709717,0.04451574035122019,-0.02189592855997987,0.1124518038587106,0.6161205708382785,0.3737679073541305,0.010017735419541932,0.6647362044512963,-0.06706280656190142,1.6690236926759094,0.1820889412187769,0.12584454520330998,0.6463562933762209,0.17806388556867545,0.4610586279889065,-0.11916256457095671,0.1534924785218877,0.13269827320482677,0.2814835599674788,0.5758332544385587,-0.5269378981530095,0.048022557724955256,0.30492735896151413,0.06500407136005099,0.23069856167072814,0.05994387050608375,-0.205723318136489,0.1410560446739457,0.08608846123651688,-0.16911625443287573,-0.0542556512176354,-0.03399742979448114,0.033080960755034944,0.050548456844248864,-0.03628332239628855
