0.36081674183700874,0.1327708970482334,0.07100036324322191,0.028286558024748998,0.058967392536471,0.048016314439848544,0.10149154589629925,0.0787429190246579,0.04349209170327626,0.04121264603563125,0.06492960120557544,0.05980373510112608,0.06338563231496658,0.06852495526610507,0.05322002975448179,0.057816313044275716,0.05840348877159644,0.06480714414858245,0.021035495110738052,0.04449323102390898,0.05538141551968693,0.08159392002982957,0.04725504694758245,0.029720197528121422,0.06066158528629016,0.06010567589378118,0.05421808390392724,0.0258704322162952,0.054623822078389804,0.04558784702566324,0.04986467072369813,0.054391172782043584,0.04954001578907436,-0.0022836210774196497,0.03105772606056779,0.05610300769539848,0.05433207753602357,0.06783190954938101,0.027308448112153844,0.03304099299649458,0.06548656745476446,0.05022086548297121,0.0433398591041201,0.05926780430157696,0.00894886994325296,0.0798752282293733,0.06783510514254441,-0.00200254220063866,0.049952046241483514,-0.012653789171164328,0.004844823806055552,-0.025661100504506415,0.029774328919241155,-0.0025913946417578894,0.0015248470056542776,0.0016300837187793325,-0.013685473113450808,0.006149509722454019,-0.0033252296362028823
0.1327708970482334,6.600280876371474,0.3906113413687313,0.10214090422096497,0.11368220904272693,-0.036162722989562364,0.4055716445751821,0.4451762499409305,0.20227508899955918,0.31236393520967337,0.33616394593485616,0.2397081359113228,0.5012194293519318,0.07470814421099051,0.5604122289677301,0.47418220331745536,0.3199809329566694,0.6499402648722423,0.4607578940984444,0.2021003858398057,0.5521070093232757,0.5869357699235143,-0.15996932649638304,0.24067940643742194,0.27638891088939116,0.02085579274544453,0.5760816914880316,0.61875067098242,0.8353640290300576,0.40693560407029916,0.48860075781369056,0.15823393291870996,0.5505760640666587,0.28958607620716403,0.5461393981024046,0.6630690631677578,0.9797737837526113,0.26477973776177427,0.057792613308186254,0.11386625210974258,0.4813470367092688,0.38849780808294815,0.17423535117793904,-0.027734370029356026,0.3067920469859217,0.6939999367329509,0.43264038010938216,-0.26870595902498406,-0.1796338539358341,-0.2327175813897994,0.4788940911961199,-0.040197433055317686,-0.11983860232438517,-0.11115977775271217,0.051227909746791055,0.04230304497133257,-0.5776817638595023,-0.12329821655881512,0.21805172987541516
0.07100036324322191,0.3906113413687313,1.933829919274417,0.44003320258421486,-0.24601196151151236,0.42545588353834524,0.24677851283598135,0.4475239280118431,0.4160631805997379,0.39159692850349836,0.3752428850294036,0.260606151183594,0.33898451290828424,0.2022507063886483,0.2519415320293965,0.24571471977914208,0.4026663565822623,0.3947727089862322,0.31407024787564547,0.39091590041799995,0.36657476891976726,0.6092911198243444,0.20665632742541945,0.3290158327377245,0.3129078531800295,0.4149307785511202,0.2964339100713486,0.35060410579719387,0.5416358159107778,0.0018566720758825836,0.40023900575304694,0.2801796495566503,0.3317328934855742,0.5274106686410931,0.3405573783606111,0.42359383746301194,0.5901699052322303,0.6976337844368354,0.37458576417810485,-0.12786662102576757,0.3125749896998041,0.3352807285317687,0.27009269674856984,0.43764322794931254,0.3339179559879928,0.634086545523333,0.5748847794084362,-0.1619144113416856,-0.15653651917104833,0.22344750063414603,-0.25177301236811567,0.11071257964011703,-0.06541828877917849,-0.11126348587188098,-0.07407478457318575,-0.04542304848086519,-0.15135881645091884,0.024425895431504998,-0.12067970177533809
0.028286558024748998,0.10214090422096497,0.44003320258421486,1.9595992451727637,0.15583813845129954,0.23609181326250964,0.4727013897359558,0.3382753585049675,0.2471027235105717,0.3350157350673043,0.33851595470775764,0.388672253508132,0.3800378172507264,0.3930065646037032,0.1885835429468694,0.38365813711792934,0.3663439489759681,0.4243301513199874,0.04275333136112656,0.3139606280084725,0.3491976981211775,0.4208827662987613,0.3667328985605054,0.34414097632694,0.3144290255142995,0.41695707601506987,0.28555651899898765,0.2866837210606559,0.3275571149669142,0.20627009069347296,0.3191395630472062,0.32409078034336214,0.31581026241765103,0.4612348129694137,0.2567872758245873,0.34962763192127905,0.34335361476153525,0.49324403249461857,0.290507304422816,0.16140574897061716,0.3461384094784422,0.335174795764909,0.26904482612748,0.5844743155569427,0.06508592207557135,0.5150115646732979,0.4942639630527764,-0.04848625206602543,-0.2579446336375975,0.09813128359349885,-0.0986845375326618,0.12816589956710062,-0.03350908777635342,-0.10117234764121998,0.001652920178617414,0.0061609637479207845,-0.20114837686987808,0.0036053467839098443,-0.014911637077575016
0.058967392536471,0.11368220904272693,-0.24601196151151236,0.15583813845129954,1.3828570749446154,0.6759922369907957,0.06552441199410897,0.12470963223824164,0.16900439652896856,0.15602204277769252,0.18868843618287598,0.22535813000609906,0.3347490718216791,0.19188057474073902,0.1565995030125991,0.2599079454411518,0.22923254909875504,0.21394412506129573,-0.035228976281781704,0.1415888076972725,0.16653869651399691,0.1892005225507038,0.23807123982906675,0.20215895264012979,0.15966614954958464,0.26926393717997155,0.16729164555478654,0.10031135477006108,0.250575243266014,-0.0339768659698868,0.1001064946236854,0.20891553631503432,0.10199105352211851,0.3598062802371081,0.15078459908347241,0.02482790746665673,0.022588773992773283,0.22683203471016075,0.09727565818828622,0.19370051422251958,-0.04233909403850316,0.1758252668199276,0.14164465273106353,0.2750127306340232,-0.06622685434098358,0.045862135601019115,0.27060670965693867,0.033364178807657886,0.42845845208113653,-0.20023831073275955,0.1869984358140122,-0.0037175792688690116,0.02861295323092158,0.08228320885065109,0.18959081026873134,-0.05046382672245648,-0.1698605453319344,-0.19256598897036872,0.29801067600499437
0.048016314439848544,-0.036162722989562364,0.42545588353834524,0.23609181326250964,0.6759922369907957,1.010520022600264,-0.030635700837514258,0.29500573465106417,0.2917620241880761,0.1938614813712288,0.25825464683650656,0.23518961900480406,0.34519679158732364,0.23483654625880057,0.17879900136180332,0.2580897310756097,0.33252732704365084,0.2652830580776307,0.1021521337050122,0.273680454525888,0.2550014120295228,0.36316418572413023,0.21652562758029478,0.2512749659765535,0.2240317818613406,0.47935937393967787,0.23165180697948262,0.23569887466248945,0.4000514285735974,-0.12584217428516128,0.20449612682518958,0.298383150481458,0.133237213530452,0.45925836936534115,0.22374648521391613,0.07831186233376033,0.24083367533631916,0.4246662979558867,0.24573913276990042,0.10476245186946058,0.005810664193622094,0.25393599590709853,0.22040225698441482,0.37417063805270684,0.12339451414127436,0.19227528102148478,0.42323629179156624,-0.001462177635585293,0.4933501897977219,0.08028076314203958,-0.2508139998488609,0.25911755340917214,-0.20077844274275508,0.014013128042763093,0.049624878652210144,-0.05448345113094267,-0.12414899238597427,-0.03329033606956339,0.07331620763198482
0.10149154589629925,0.4055716445751821,0.24677851283598135,0.4727013897359558,0.06552441199410897,-0.030635700837514258,0.8096679914576705,0.13404880343931264,0.08817708889528111,0.20835770695900513,0.25184840302503875,0.2270418068714846,0.22892532650598246,0.04242323463255971,0.10735115579357164,0.19765368332041675,0.264055386766462,0.25585030468271364,0.12299171872161609,0.09273163922119096,0.19894958520745215,0.30973058882874843,0.1901092932023116,0.1866790912828615,0.1835199395208508,0.13667414486508045,0.1773546280977523,0.12651739016504288,0.19920723341068194,0.19270512993355596,0.17965152116646207,0.12141161083985189,0.2381199536442325,0.2614579108037985,0.12763037146440936,0.25694839991573853,0.19759535554948546,0.22107224877472903,0.15167565922030296,0.0556313492232961,0.19958219700253607,0.16626116596317894,0.14746786425108319,0.25282344490069625,-0.08107775466916653,0.28859343943169097,0.19896496934111652,-0.06469676833776988,0.025711041962400136,0.008773382332769017,0.008732336536454525,-0.08409886642041232,0.1228898629630597,-0.038414405565408226,0.004661405970780301,0.04543979834087386,-0.15407420395688712,-0.006349772720703604,0.04013712607499054
0.0787429190246579,0.4451762499409305,0.4475239280118431,0.3382753585049675,0.12470963223824164,0.29500573465106417,0.13404880343931264,1.053554661190786,0.0185135472931766,0.15405005656707446,0.3883102423890913,0.20279771831442003,0.29658916771380023,0.21806977890764415,0.23735378823055236,0.2183187735695197,0.3390114589961763,0.35574296638397046,0.17612575969324587,0.3183329437198904,0.26943162193774045,0.291724568193322,0.2029403066957659,0.22910408816181804,0.30253235221296165,0.5170398177718177,0.29719347340149066,0.008008128747126834,0.3602627456009518,0.029884781776799894,0.2357372824789187,0.25047344726726917,0.16236027798695712,0.3936328133686412,0.18499496306208163,0.18834346400600346,0.26861544736658044,0.3240391615820293,0.33752429493068514,0.06796336826494412,0.23106923282608652,0.2616554982344449,0.18828745147951018,0.19062840024776115,-0.019935537610431337,0.3363219608517977,0.47258771846345154,0.03470619594887218,0.42210557474235544,0.13162549597613943,-0.11863973774969508,-0.03985940390617768,0.10942599537608891,-0.07012568142333714,-0.08646083395612068,-0.09991904163355012,-0.04873062044844823,0.1186078612172787,-0.003526377523646506
0.04349209170327626,0.20227508899955918,0.4160631805997379,0.2471027235105717,0.16900439652896856,0.2917620241880761,0.08817708889528111,0.0185135472931766,0.7898126519564228,0.17418251118965022,0.14310808473547984,0.19285298910073193,0.22855635288933204,0.27584360791033524,0.008134117804177714,0.28487185505937895,0.20649263922371264,0.21396981069632262,0.007721614275432589,0.23513670533679307,0.2174971283910324,0.3446959489886795,0.16468669891064716,0.21089907830159627,0.14349213730368704,0.21235280861363137,0.17770634250023318,0.22480934499305036,0.17479228461594226,0.1458126358019734,0.25002760685587444,0.23561571508164803,0.21028009342734116,0.2785608852012699,0.208260606493444,0.26306610085213133,0.30489956380237176,0.3408366159074224,0.14997428158840265,0.10481982892739629,0.1662089553320541,0.23256042979704272,0.23523074797371238,0.26564695952957856,0.18895731907116953,0.3646440147900846,0.30902474303817634,-0.11698504535734316,-0.2273350188539979,-0.1712488232286333,-0.0006077028284749854,0.08539477214190681,0.09623502794950291,-0.08875585855674359,0.11883748690190067,0.11822919815244978,-0.09023157713708313,-0.12340446777695323,-0.15367229729700574
0.04121264603563125,0.31236393520967337,0.39159692850349836,0.3350157350673043,0.15602204277769252,0.1938614813712288,0.20835770695900513,0.15405005656707446,0.17418251118965022,0.6449918377525606,0.20300197496154357,0.20161088256142395,0.23243362665261286,0.136062496029358,0.2089897681143564,0.186336659725315,0.23966401984728916,0.2788229053326821,0.057404071076004884,0.320106076891118,0.21425262772672138,0.25198574163520243,0.15771937409669867,0.21420385761622854,0.1849488323174497,0.18378091861437365,0.24123253158463429,0.2362626450855993,0.3131582722986262,0.20727487013590948,0.256862315621302,0.17312659817812134,0.20406788279246021,0.3272131466618973,0.2757224706745908,0.2642583214402125,0.32302078217272423,0.29299960892759175,0.2580529426027263,0.10663658266658943,0.318414156064116,0.22385070561039339,0.14883920261141478,0.24958079668122138,0.02973601730472378,0.36719848673092964,0.4414777882107504,-0.00827643391095007,0.18434470371453482,-0.01130038547714884,0.014455999263338874,-0.0381728050387048,0.002920776568648099,-0.015263244359022201,0.03787859420867318,0.004717895026072758,-0.052812583123627486,-0.06734440713003072,-0.02528089853157992
0.06492960120557544,0.33616394593485616,0.3752428850294036,0.33851595470775764,0.18868843618287598,0.25825464683650656,0.25184840302503875,0.3883102423890913,0.14310808473547984,0.20300197496154357,0.49866450454240985,0.23908111791912037,0.34635369581151043,0.17692658367699443,0.2394741605017923,0.2088406373699582,0.29325974658475484,0.2732304468635041,0.08831258065031411,0.3072203235162947,0.2486544229437407,0.2678836498630079,0.18356001649672593,0.2343133317036267,0.2153447018843243,0.3029401421540129,0.2562634563339432,0.16194543781297763,0.34449121998711724,0.09844501397436188,0.23343731556335215,0.2024567691318279,0.2051006501810325,0.3202837498279945,0.21595544681107903,0.2592385140021658,0.2782864431938334,0.2910808122366968,0.24642925630426055,0.09977786018195012,0.2180655374965722,0.24380300731648938,0.16551289629155405,0.19997894272080075,0.06488024157675408,0.36653935271559573,0.35140725937778056,-0.04358026700397656,-0.04047151248361456,0.020113877519373862,-0.04804096246895051,0.022862231230530328,0.05684343692825888,-0.057765444849440156,-0.023797940831677456,-0.045739230242176694,-0.11906408796324995,0.024856281568399266,0.02608802344585756
0.05980373510112608,0.2397081359113228,0.260606151183594,0.388672253508132,0.22535813000609906,0.23518961900480406,0.2270418068714846,0.20279771831442003,0.19285298910073193,0.20161088256142395,0.23908111791912037,0.6399501135191131,0.2275483868486117,0.25697844581959756,0.12460851190237672,0.2415137607089606,0.23454806390318755,0.2181427179508281,0.09899330704456438,0.23115334302319868,0.2065809497464909,0.18273923907440312,0.15231811102530005,0.18246661647560913,0.22662319692566082,0.3228409264591318,0.2569439322333128,0.015304258789943572,0.14876005519704547,0.021862487638234986,0.21139493271790535,0.24362100068254675,0.16170356972885985,0.27988799145465487,0.11967190980625855,0.10734056301028179,0.2362947645085357,0.2937627099531926,0.14977369763376377,0.08695997492923202,0.1427697923131991,0.2162313956796222,0.14515402332262953,0.18998006146112878,0.023259061935324274,0.22965077742696585,0.3567101662103504,0.06006859902549824,0.3986920950920036,-0.04427086806404119,-0.029478036305077556,-0.057130368576052346,0.13230408059566298,-0.04886092124122169,0.001505574372885626,0.0048479411347095705,-0.10976600379686324,0.02329613886812139,-0.04005148792140472
0.06338563231496658,0.5012194293519318,0.33898451290828424,0.3800378172507264,0.3347490718216791,0.34519679158732364,0.22892532650598246,0.29658916771380023,0.22855635288933204,0.23243362665261286,0.34635369581151043,0.2275483868486117,0.707024978237988,0.2005042752614795,0.1892029338117179,0.28584155156033764,0.2945321091690569,0.32334141696538293,0.1848596289669996,0.2762407626341806,0.2796911161045144,0.42219123364318745,0.20278983746460935,0.27798276410572587,0.2215700410565006,0.2645247373962847,0.2823244803069011,0.2528670853203896,0.5137906754210939,0.15758640724238673,0.26015750496609913,0.2442105344771642,0.2369793158958532,0.3756366867488207,0.3192832218909535,0.3239661340161287,0.32979917979011536,0.28791967254511736,0.321408798399886,0.11718020095060305,0.23323809031486925,0.26864044730739056,0.2013785032115943,0.2767456906025304,0.060990236930391975,0.41104220239146017,0.3835177739409692,-0.09968212137691979,0.05320011079678782,0.06580697206894605,-0.03574914233899832,-0.0263146621051537,-0.0007240135922681542,-0.0607411476935741,0.05470386765597288,-0.08056436755912008,-0.1977837351129322,-0.05389634572233999,0.13596341643419058
0.06852495526610507,0.07470814421099051,0.2022507063886483,0.3930065646037032,0.19188057474073902,0.23483654625880057,0.04242323463255971,0.21806977890764415,0.27584360791033524,0.136062496029358,0.17692658367699443,0.25697844581959756,0.2005042752614795,0.6168264852183676,0.1707282857027013,0.3313021615338245,0.19630635213786365,0.11001660488757435,0.13230132172457662,0.2419716868131847,0.20707074611055984,0.2700565771223674,0.12027883610807451,0.20812382658454964,0.19419493427799223,0.23164843428077045,0.16126184193494222,0.1435287284055346,0.17614104578645318,0.1480851170062335,0.2059905763634062,0.31798518389445746,0.141961735005677,0.2315706810027357,0.2122396681336148,0.16619776510163567,0.2811972254387269,0.283741973788009,0.17314269797977955,0.1099907187156697,0.1923135961733927,0.2337668288789611,0.21700948857941396,0.2333016219114974,0.12114589985088463,0.2554083706481068,0.35974673478951147,-0.0008924919005259018,0.26182903252900214,-0.03637823572305328,-0.036045077127047624,-0.13278682073724224,0.142879895996723,-0.01518388246726289,-0.09338962493247702,-0.004972235726447454,-0.024985174729752743,0.09572119649464704,-0.08033713489481561
0.05322002975448179,0.5604122289677301,0.2519415320293965,0.1885835429468694,0.1565995030125991,0.17879900136180332,0.10735115579357164,0.23735378823055236,0.008134117804177714,0.2089897681143564,0.2394741605017923,0.12460851190237672,0.1892029338117179,0.1707282857027013,0.7963425424547272,0.09014779530599357,0.20507897301279376,0.1327978060531479,0.19464290943408333,0.17600324691010544,0.1871897624208571,0.14795465153840276,0.1079930127606154,0.17293678073860538,0.2124922089206458,0.18236272792829103,0.19253768950902894,0.28677330491459035,0.28319862671554236,0.13235264246063386,0.16025290690517946,0.11753218902312251,0.20263646615556274,0.21789992759550475,0.19538423153456608,0.19506626112497208,0.2474984750312118,0.16072040979940627,0.1929147466171177,0.04518524414532679,0.18630916027752187,0.16062524928807087,0.1321083281113587,0.15103783814556007,0.048911299195630566,0.23908122596314807,0.2419911938218548,-0.015035678537380739,-0.00601734292738496,0.1591949393402996,-0.06467113589399431,0.13507070457592146,-0.2153885503556767,0.00883651412413589,-0.0454248988659072,0.028065601718333586,-0.1732224561377635,0.03533935711469628,0.05783340394588177
0.057816313044275716,0.47418220331745536,0.24571471977914208,0.38365813711792934,0.2599079454411518,0.2580897310756097,0.19765368332041675,0.2183187735695197,0.28487185505937895,0.186336659725315,0.2088406373699582,0.2415137607089606,0.28584155156033764,0.3313021615338245,0.09014779530599357,0.8404384820226503,0.2514062328090887,0.2143175299219382,0.21991343546583444,0.2889359875803741,0.2693039087612629,0.4123753547438364,0.11961222353658418,0.250867165241101,0.26399257201860293,0.16397599558406115,0.24537492159756705,0.23234758390647234,0.3265306009323229,0.273962980440176,0.27253219799097594,0.25525271046468645,0.1702585538844251,0.36813897461034917,0.4329160551636835,0.24300904918979077,0.442992536968356,0.35027523930123594,0.26193771639753083,0.1761686785369257,0.24100105326811377,0.35009307522153377,0.2998871954010538,0.3114716874142531,0.2268480878335276,0.34840272705304376,0.40608626604080916,-0.06519323511197687,0.07008449956356927,-0.2424426000462333,-0.07097989446674512,-0.12460969633276821,0.20757803020546556,-0.006801325029973414,0.037070324862014246,-0.019529121120560353,-0.25252930933578843,-0.01276388439794659,0.09531422050298738
0.05840348877159644,0.3199809329566694,0.4026663565822623,0.3663439489759681,0.22923254909875504,0.33252732704365084,0.264055386766462,0.3390114589961763,0.20649263922371264,0.23966401984728916,0.29325974658475484,0.23454806390318755,0.2945321091690569,0.19630635213786365,0.20507897301279376,0.2514062328090887,0.6366689698218574,0.26175514203110944,0.18290311015499489,0.25690333192924214,0.2747936911998073,0.5269781729133858,0.22419344001218647,0.2453742485300201,0.2563013878237561,0.21533289579026593,0.2665737890230835,0.2448821882237727,0.3202547027617843,0.12046041241935865,0.26640879120990835,0.21259463996897957,0.267937124615398,0.32193215437045186,0.20629701934593825,0.27373749665894653,0.42125954603499693,0.39329217187731735,0.27172900147608364,0.12956226256147463,0.20341299792593343,0.24647789432068998,0.2658459673074829,0.31475417114894494,0.17611165464482223,0.37481747561086876,0.46517159136168196,-0.10729091069935788,0.12971141269690184,0.18573074003992132,-0.012879268238758816,-0.0676421324047665,-0.06846493106241658,-0.04766093012024483,0.029279302496146572,-0.035284612427076985,-0.15696948272578046,-0.005352446331515999,0.03292477676260066
0.06480714414858245,0.6499402648722423,0.3947727089862322,0.4243301513199874,0.21394412506129573,0.2652830580776307,0.25585030468271364,0.35574296638397046,0.21396981069632262,0.2788229053326821,0.2732304468635041,0.2181427179508281,0.32334141696538293,0.11001660488757435,0.1327978060531479,0.2143175299219382,0.26175514203110944,0.884069996337609,0.030898429957616165,0.21839683674477722,0.2886418412169308,0.3756625374585396,0.38555880191344416,0.23721434385357035,0.23508547311364877,0.3648027790603911,0.21172312415429814,0.3077701532907816,0.3550170416986049,0.07374405641257072,0.3026140032028093,0.20615607244915043,0.23062252982612555,0.3983501181586531,0.19395732412468453,0.3973864373343762,0.23564327258661735,0.30897985660698707,0.29645082508341564,0.13401220925516358,0.29881442627625293,0.24666577549646346,0.19649935373612945,0.2920026632054849,-0.013533773753064724,0.44311830467596103,0.36977296676014615,-0.09070260300628398,-0.023974349733500832,0.028399185300237696,0.3075984985848778,0.07337574942198787,-0.3381632658037667,-0.10104898546256592,-0.0236324649166815,-0.03587142597479321,-0.13521149269763783,0.04727960910761376,-0.01267159393308456
0.021035495110738052,0.4607578940984444,0.31407024787564547,0.04275333136112656,-0.035228976281781704,0.1021521337050122,0.12299171872161609,0.17612575969324587,0.007721614275432589,0.057404071076004884,0.08831258065031411,0.09899330704456438,0.1848596289669996,0.13230132172457662,0.19464290943408333,0.21991343546583444,0.18290311015499489,0.030898429957616165,1.3323006921565443,-0.26267094638048566,0.1746141018684726,0.4614005643280354,-0.15062181116051218,0.11412490151761133,0.1935033053570213,-0.0508179217895909,0.12282654518679326,0.19449902434786187,0.1594711838561869,0.24947150518294542,0.17483885298609297,0.08657828509170788,0.27755026143261413,0.0687866972888652,0.12627972329573617,0.107398376613511,0.37280010346469344,0.28906941657779617,0.4177730106638768,-0.12150838386302419,0.09323025792371517,0.05848217638268698,0.22091297019971498,0.17652766690892868,0.0877987078010079,0.15612174928977393,0.12397955348740845,-0.025315801676329464,0.17980866042097832,0.4834791664245319,-0.23919021992846867,-0.19262592846339815,0.003931217593801105,-0.09384356370624192,-0.18177632059625776,0.029978067317897577,-0.14754418113560902,0.21157477924078832,-0.03990263230966604
0.04449323102390898,0.2021003858398057,0.39091590041799995,0.3139606280084725,0.1415888076972725,0.273680454525888,0.09273163922119096,0.3183329437198904,0.23513670533679307,0.320106076891118,0.3072203235162947,0.23115334302319868,0.2762407626341806,0.2419716868131847,0.17600324691010544,0.2889359875803741,0.25690333192924214,0.21839683674477722,-0.26267094638048566,1.59443941899349,0.3490586703297024,-9.305902816366212e-5,-0.03323458604820367,0.27659175861019,0.17129964081209278,0.4976807608997422,0.3922352691632095,0.2983853907780394,0.33687384801455644,0.34106012783953066,0.47297233810557676,0.23508109013619818,0.22575621650347538,0.4503080607478518,0.4829875182023363,0.30150900678063036,0.7667039324753506,0.4506126581905513,0.5790055026543324,0.36703875852067797,0.7238923128269211,0.5668548152252865,0.23038694758319522,0.09275843093662103,0.18688458420565623,0.6128618536863589,0.5743819327497564,0.26603326515654024,0.4754378880721604,-0.15598962021535587,-0.1162255866230417,-0.07778843414548223,0.23480771276004067,-0.10231137121264182,0.1538451750547806,-0.06250454342598037,-0.047094827769042634,-0.1592126837164601,0.0755389573205615
0.05538141551968693,0.5521070093232757,0.36657476891976726,0.3491976981211775,0.16653869651399691,0.2550014120295228,0.19894958520745215,0.26943162193774045,0.2174971283910324,0.21425262772672138,0.2486544229437407,0.2065809497464909,0.2796911161045144,0.20707074611055984,0.1871897624208571,0.2693039087612629,0.2747936911998073,0.2886418412169308,0.1746141018684726,0.3490586703297024,0.5908943374538237,0.3508481104600896,0.1534588033185533,0.2448191916048985,0.19004716938518468,0.403555901188617,0.23400633353817668,0.339445461250584,0.29226591857613243,0.21344068976556801,0.3565021882785563,0.22732850779489333,0.32183774442074103,0.28883635199219465,0.25032827682397946,0.38980107215478593,0.41400750707657097,0.4595546279681765,0.34862040667373395,0.21837183061042253,0.4974203261279519,0.3780948736625963,0.28444240038090607,0.33810453438335025,0.1214512945942612,0.48171251243405916,0.4558333912682175,-0.0005477820760725886,0.053292974314969335,0.11195956078800365,-0.08576814590716761,0.017293930593912207,-0.03669600951973733,-0.08362435548846067,0.0032119507822393058,-0.01724885249354668,-0.2638636074819875,0.01696209022170531,0.1110404478417976
0.08159392002982957,0.5869357699235143,0.6092911198243444,0.4208827662987613,0.1892005225507038,0.36316418572413023,0.30973058882874843,0.291724568193322,0.3446959489886795,0.25198574163520243,0.2678836498630079,0.18273923907440312,0.42219123364318745,0.2700565771223674,0.14795465153840276,0.4123753547438364,0.5269781729133858,0.3756625374585396,0.4614005643280354,-9.305902816366212e-5,0.3508481104600896,2.2060365636594206,0.30618645076143575,0.313277800363956,0.24526108402102678,0.10308277870561743,0.33574668959353077,0.3287081858821729,0.49946824159570913,0.2551660419486071,0.3874562129958388,0.40146407409703483,0.4624573818149619,0.3457292163452244,0.1642543759214579,0.6138885844679963,0.4652700180255065,0.6185726106382575,0.4931774547315579,0.15246316190617232,0.05255724414571494,0.277136482191294,0.6371977762809392,0.4927281387845507,0.2835668419486952,0.5788426539591282,0.4849316136200873,-0.7591434081405694,0.304852591991389,0.1495709199335834,-0.10195900025339444,-0.48792468124060107,0.07726784081748152,-0.03368737134338135,0.020331374479184067,0.0186474453056945,-0.2939677142259944,0.02906073516402605,-0.05069257356077809
0.04725504694758245,-0.15996932649638304,0.20665632742541945,0.3667328985605054,0.23807123982906675,0.21652562758029478,0.1901092932023116,0.2029403066957659,0.16468669891064716,0.15771937409669867,0.18356001649672593,0.15231811102530005,0.20278983746460935,0.12027883610807451,0.1079930127606154,0.11961222353658418,0.22419344001218647,0.38555880191344416,-0.15062181116051218,-0.03323458604820367,0.1534588033185533,0.30618645076143575,1.1777540054763131,0.2727093390685444,0.3379502399352566,0.10038063465962273,0.018508229258072648,-0.04782186544645519,0.19484143119358252,0.12987189532735607,0.06700377264959845,0.10641446061192615,0.18676535352265183,0.3421835116844017,-0.06324201489323783,0.2613636996020513,-0.01308286441615694,0.23591735177723266,0.3409403676204781,0.17293002358815365,0.15807468974989172,0.0927329179435459,0.2522422458951371,0.6910974357399263,-0.14564471363644657,0.2725747073070474,0.35795483932605415,-0.0017343723463251752,-0.1050337776492765,0.02367240840864013,0.07013643684509152,0.09853857041820148,-0.07680071355933309,-0.027173758400593863,0.13884995641444217,-0.07091604765881933,-0.12822654646598838,-0.13542624316227844,0.2407770261305877
0.029720197528121422,0.24067940643742194,0.3290158327377245,0.34414097632694,0.20215895264012979,0.2512749659765535,0.1866790912828615,0.22910408816181804,0.21089907830159627,0.21420385761622854,0.2343133317036267,0.18246661647560913,0.27798276410572587,0.20812382658454964,0.17293678073860538,0.250867165241101,0.2453742485300201,0.23721434385357035,0.11412490151761133,0.27659175861019,0.2448191916048985,0.313277800363956,0.2727093390685444,0.5797022352868102,0.24816425483869758,0.21401810333242047,0.22480901765129482,0.258535667382586,0.21061775041922967,0.34801247085696724,0.24573436827584635,0.2580839455104469,0.42016585934678746,0.2559409700186898,0.2027583837908381,0.2907589369884068,0.4255391858308768,0.37175552212312063,0.1397439362010872,0.11328090007998211,0.23824738482435104,0.2632490958087816,0.24102667981612902,0.3632408343018787,0.06172227151979939,0.39675031868721705,0.38212544634242296,-0.05289453637426283,0.029370467800239768,-0.02146946747244501,-0.05838104703146849,0.03426771789280641,0.04006750846132554,-0.05299023664635781,0.21010056057869422,-0.10878673750925484,-0.057215846092079546,-0.27350078471423694,0.2791436106258964
0.06066158528629016,0.27638891088939116,0.3129078531800295,0.3144290255142995,0.15966614954958464,0.2240317818613406,0.1835199395208508,0.30253235221296165,0.14349213730368704,0.1849488323174497,0.2153447018843243,0.22662319692566082,0.2215700410565006,0.19419493427799223,0.2124922089206458,0.26399257201860293,0.2563013878237561,0.23508547311364877,0.1935033053570213,0.17129964081209278,0.19004716938518468,0.24526108402102678,0.3379502399352566,0.24816425483869758,1.028238153614055,0.1610074313116917,0.18545934307520284,0.1013304978092784,0.2585401898534533,0.245628145025651,0.19896139991977357,0.1781543701384072,0.16273689941392402,0.42973987355309506,0.2890949232224977,0.1431102158456205,0.33296620956233236,0.40191009792790905,0.27256829479248684,0.10017255454364464,0.1340070795667462,0.1995359247673755,0.2865387501521308,0.395789386076936,0.1294440940644451,0.3853830316702601,0.4210627736208469,-0.043152283206939195,-0.0022976774513985775,-0.15318435837792607,-0.0848201191465224,-0.015906792432852274,0.1342274357520075,-0.004443924953952654,0.03496832439935328,-0.0015948399590853585,-0.07741139024926626,-0.02019165159481795,-0.007694610689688596
0.06010567589378118,0.02085579274544453,0.4149307785511202,0.41695707601506987,0.26926393717997155,0.47935937393967787,0.13667414486508045,0.5170398177718177,0.21235280861363137,0.18378091861437365,0.3029401421540129,0.3228409264591318,0.2645247373962847,0.23164843428077045,0.18236272792829103,0.16397599558406115,0.21533289579026593,0.3648027790603911,-0.0508179217895909,0.4976807608997422,0.403555901188617,0.10308277870561743,0.10038063465962273,0.21401810333242047,0.1610074313116917,2.539153396076084,0.3098201812759483,0.45629646891069753,-0.006824364941540853,-0.4516117906988456,0.2630222169951326,0.463400805187896,0.04775169690676054,0.47750498367283745,0.23697892412377353,0.12707704352046245,-0.06549276265958025,0.44323308923225024,0.2810686779002078,0.2148656258679501,0.412836947017463,0.509025520701813,0.18773045871144137,0.22300910725093465,-0.16473540373973114,0.24900797731021845,0.33495991963150296,0.22885645204886707,0.5007546148728805,0.4012996855000738,-0.15595118693716614,0.3507549644688208,-0.7248242921149995,-0.02434213080139402,-0.014556022748800884,-0.019781159655671326,-0.20204645942163832,0.07126867627715675,0.07934141955425902
0.05421808390392724,0.5760816914880316,0.2964339100713486,0.28555651899898765,0.16729164555478654,0.23165180697948262,0.1773546280977523,0.29719347340149066,0.17770634250023318,0.24123253158463429,0.2562634563339432,0.2569439322333128,0.2823244803069011,0.16126184193494222,0.19253768950902894,0.24537492159756705,0.2665737890230835,0.21172312415429814,0.12282654518679326,0.3922352691632095,0.23400633353817668,0.33574668959353077,0.018508229258072648,0.22480901765129482,0.18545934307520284,0.3098201812759483,0.8348130908596126,0.3163492686760157,0.2525608683182812,0.14030090806827608,0.34308695943960626,0.24703285964702126,0.3013213147339728,0.2757217910871699,0.3049765105311332,0.28992831326598545,0.47971579302652445,0.3863282973911313,0.19908691187836075,0.1562931943486833,0.309495825390635,0.28846202522649067,0.2251166292179045,0.130579337274308,0.0991249801181393,0.45427576476551446,0.3685395601529233,-0.05313500695532854,0.10947986313479398,-0.006912882445096902,-0.09716811447649588,0.06443393682307814,0.0018747077964548853,-0.042127136711765704,0.06758127421548105,-0.017295297293381442,-0.061722616246287894,-0.05839492744542981,0.013903415487314098
0.0258704322162952,0.61875067098242,0.35060410579719387,0.2866837210606559,0.10031135477006108,0.23569887466248945,0.12651739016504288,0.008008128747126834,0.22480934499305036,0.2362626450855993,0.16194543781297763,0.015304258789943572,0.2528670853203896,0.1435287284055346,0.28677330491459035,0.23234758390647234,0.2448821882237727,0.3077701532907816,0.19449902434786187,0.2983853907780394,0.339445461250584,0.3287081858821729,-0.04782186544645519,0.258535667382586,0.1013304978092784,0.45629646891069753,0.3163492686760157,1.3795560903053954,0.23074432040716208,0.30366083332505694,0.38647374094960735,0.21320453497092795,0.4674058294809605,0.21986149514723727,0.5244844021606508,0.46757109507853256,0.5464744626738304,0.45829353852507226,0.13582604476484952,0.18754230085388832,0.49103872442936447,0.33137232457248433,0.2816921585863203,0.45470887286404094,0.22201246897833324,0.4838331090757004,0.25376464036413626,-0.06737276614752648,-0.25852096836825783,0.07743247804070574,0.05894463601117622,0.761495606982007,-0.9988231976254645,-0.013303673343043793,0.02786538938503069,0.027128770436591367,-0.1925033769441091,-0.06283685005698834,0.11066590962614943
0.054623822078389804,0.8353640290300576,0.5416358159107778,0.3275571149669142,0.250575243266014,0.4000514285735974,0.19920723341068194,0.3602627456009518,0.17479228461594226,0.3131582722986262,0.34449121998711724,0.14876005519704547,0.5137906754210939,0.17614104578645318,0.28319862671554236,0.3265306009323229,0.3202547027617843,0.3550170416986049,0.1594711838561869,0.33687384801455644,0.29226591857613243,0.49946824159570913,0.19484143119358252,0.21061775041922967,0.2585401898534533,-0.006824364941540853,0.2525608683182812,0.23074432040716208,2.1249759097316145,-0.012956351159655212,0.2096947243104273,0.18835547420635762,0.06172802547129289,0.5836587418276261,0.4722047947690517,0.7178448001528908,0.3054825327532486,-0.30012773661954584,0.45788393839180014,0.04419018762318923,0.2652496594355517,0.23788940814237675,-0.08829460314451058,-0.16945679568908106,0.020140400668781817,0.5742753248186264,0.4335557501254936,-0.45747026542585933,0.16580534484412401,0.25796055892861985,-0.3625480010753652,-0.05617073965248296,-0.00225201743232856,-0.030244969940953333,0.04073405005546933,-0.1319537059899928,-0.30081585506273,-0.11073196889334089,0.280586951097415
0.04558784702566324,0.40693560407029916,0.0018566720758825836,0.20627009069347296,-0.0339768659698868,-0.12584217428516128,0.19270512993355596,0.029884781776799894,0.1458126358019734,0.20727487013590948,0.09844501397436188,0.021862487638234986,0.15758640724238673,0.1480851170062335,0.13235264246063386,0.273962980440176,0.12046041241935865,0.07374405641257072,0.24947150518294542,0.34106012783953066,0.21344068976556801,0.2551660419486071,0.12987189532735607,0.34801247085696724,0.245628145025651,-0.4516117906988456,0.14030090806827608,0.30366083332505694,-0.012956351159655212,2.4850128009444177,0.35986374858694936,-0.020122028101045172,0.5222231575767512,-0.06528218310381406,0.5649466755041951,0.5176645089356802,0.6256998943546364,0.5988923437586449,0.35379513069359747,0.07245258447393296,0.7624691743263735,0.2235132650135892,0.7095271933858354,0.6395613606193039,0.15613605355287555,0.6138799844104822,0.3675349179858242,0.06525685586053188,-0.04805417451815207,-0.28378002939004504,0.025979510219767087,-0.6688570285880518,0.6813773216897356,-0.04520596316225172,0.007010548480498709,-0.030974611687185155,-0.23483083567382484,0.12539734785019777,0.10360417934975213
0.04986467072369813,0.48860075781369056,0.40023900575304694,0.3191395630472062,0.1001064946236854,0.20449612682518958,0.17965152116646207,0.2357372824789187,0.25002760685587444,0.256862315621302,0.23343731556335215,0.21139493271790535,0.26015750496609913,0.2059905763634062,0.16025290690517946,0.27253219799097594,0.26640879120990835,0.3026140032028093,0.17483885298609297,0.47297233810557676,0.3565021882785563,0.3874562129958388,0.06700377264959845,0.24573436827584635,0.19896139991977357,0.2630222169951326,0.34308695943960626,0.38647374094960735,0.2096947243104273,0.35986374858694936,0.8664709247543715,0.2399896021329813,0.36842633782632245,0.31065351595411306,0.39861649633762875,0.561321506848041,0.7134433040951694,0.5497149989595086,0.44373667173293496,0.15566596490032433,0.5838823270936335,0.3474686545710958,0.2515956948431854,0.30785412070657253,0.15755276236404597,0.6432731727238296,0.4976052502631285,-0.06235593359026275,0.09315292773603592,0.09361846792014168,-0.0998010587840047,-0.09463321060753734,0.10818360633694402,-0.13757365597977833,0.07891409761787375,0.02155338309402774,-0.057440159060475594,-0.10447717550669881,-0.06617560665245563
0.054391172782043584,0.15823393291870996,0.2801796495566503,0.32409078034336214,0.20891553631503432,0.298383150481458,0.12141161083985189,0.25047344726726917,0.23561571508164803,0.17312659817812134,0.2024567691318279,0.24362100068254675,0.2442105344771642,0.31798518389445746,0.11753218902312251,0.25525271046468645,0.21259463996897957,0.20615607244915043,0.08657828509170788,0.23508109013619818,0.22732850779489333,0.40146407409703483,0.10641446061192615,0.2580839455104469,0.1781543701384072,0.463400805187896,0.24703285964702126,0.21320453497092795,0.18835547420635762,-0.020122028101045172,0.2399896021329813,0.6762700136972856,0.10363768249779418,0.2312363201704746,0.1290698017114975,0.2082813953045788,0.18648567579326017,0.3022387932981282,0.14167941001563272,0.1333399478762429,0.16204421277858524,0.2671482024584643,0.1434808043925279,0.14132870719053794,0.10852977357109024,0.33275758266448024,0.4042113055942879,-0.07676959171067851,0.3951718708724237,0.02371102065176202,-0.019814914772570826,0.18488221704375193,-0.23258288986345105,-0.011712452891980293,0.01083311170792065,-0.01992998769824925,0.2893829672339397,-0.06688645474611293,-0.27766057615274226
0.04954001578907436,0.5505760640666587,0.3317328934855742,0.31581026241765103,0.10199105352211851,0.133237213530452,0.2381199536442325,0.16236027798695712,0.21028009342734116,0.20406788279246021,0.2051006501810325,0.16170356972885985,0.2369793158958532,0.141961735005677,0.20263646615556274,0.1702585538844251,0.267937124615398,0.23062252982612555,0.27755026143261413,0.22575621650347538,0.32183774442074103,0.4624573818149619,0.18676535352265183,0.42016585934678746,0.16273689941392402,0.04775169690676054,0.3013213147339728,0.4674058294809605,0.06172802547129289,0.5222231575767512,0.36842633782632245,0.10363768249779418,1.2903070072290146,-0.02509145896953084,-0.14000475587781594,0.30910454016708955,0.9283845065806814,0.6091095357750025,-0.026307132434916138,0.09754976317736275,0.22832484549591991,0.3134670306780226,0.36578581664160775,0.4690708211140397,0.124561853363341,0.529007048427603,0.4365375381453922,-0.10413110871651812,-0.18569455500192603,0.15366955386827522,-0.09725571954019993,0.040401390544320806,0.06906034528903153,-0.1800993624551028,0.20861343219993367,-0.03933849000111918,-0.2611970751280802,-0.1759829825487709,0.2943043994265387
-0.0022836210774196497,0.28958607620716403,0.5274106686410931,0.4612348129694137,0.3598062802371081,0.45925836936534115,0.2614579108037985,0.3936328133686412,0.2785608852012699,0.3272131466618973,0.3202837498279945,0.27988799145465487,0.3756366867488207,0.2315706810027357,0.21789992759550475,0.36813897461034917,0.32193215437045186,0.3983501181586531,0.0687866972888652,0.4503080607478518,0.28883635199219465,0.3457292163452244,0.3421835116844017,0.2559409700186898,0.42973987355309506,0.47750498367283745,0.2757217910871699,0.21986149514723727,0.5836587418276261,-0.06528218310381406,0.31065351595411306,0.2312363201704746,-0.02509145896953084,1.6883423076665245,0.6569051001666489,0.1831614562430886,0.29517948054092713,0.39324602084648475,0.6815791113557521,-0.005817064887322384,0.19244664101181103,0.3352135266971154,0.33189526000528896,0.49570124573298036,-0.27442124543248336,0.2658659978308002,0.6338751147887164,-0.0005757224282978831,0.6532674308853949,-0.16064009927034284,-0.004471089632443075,-0.10209882339804559,0.09287557395401304,0.03615197120753888,-0.059719265401938566,-0.0041643150470568385,-0.28151462003447825,0.007063798221608507,0.21028687842964944
