0.9497285989154615,0.5566022125772089,0.11513102162674803,-0.131501533290735,0.2868605033440499,0.09510371768467467,0.21255029962033373,0.15845103538339142,0.1256837248299637,0.10660385366406082,0.125173206430296,0.18932161231440367,0.08550143400467708,0.1406519070033087,0.17366741446559128,0.12850330842706784,0.10045901087823664,0.13741071794610812,0.1548318190198594,0.05219234333447567,0.09669553179439737,0.08687990878905144,0.09531282047248626,-0.023802186614311382,0.11665506214962781,0.0032667507976529768,0.13318768615550253,-0.1329495596497919,0.2032569991726429,0.1298338297800359,0.10699051794775931,0.10530765426113006,0.09194255960076651,-0.19510063493959165,0.17796919394830418,0.07663257127174049,0.13217881954515584,0.06438924061876532,0.055722954519540874,0.0580471932271748,0.15499610853620044,0.10179358144940515,0.11347793071135065,0.05905049188460374,0.09662442859742655,0.1990643794653507,0.10684361879730277,0.08625601463307207,0.028124053007950223,0.11278141245680531,-0.04103701552660985,-0.04651981590279322,-0.07725379220314259,0.07577708792452444,0.07900932078955374,0.0010835528829616244,-0.02118614223497228,0.011397855786812367,-0.12859941555501458
0.5566022125772089,5.471581713565825,0.27019650356680175,0.04149260260511702,0.47351839895885,-0.18073019567509277,0.25534307228885056,0.03307162010981306,0.21422971840275912,-0.007606457765266224,0.15107819920244073,0.39400557528154917,0.17000310537835664,0.1698001377525018,0.4773847807171422,0.19575640103941802,0.10254449645431082,0.42753400058542285,0.19587556594064567,-0.03808104452678967,0.10337782167967151,-0.009637151521511176,-0.442710350527843,-0.14278144542751947,0.15241917250016207,-0.35519685368641746,0.3685806970946781,0.43638025921512563,-0.01732456415415024,0.25977972339408595,0.16829655308480065,0.1037964515422408,0.363562623567418,0.09532002790253014,0.10826285126556476,0.22621243328752022,0.3780534840097025,0.06416329418720244,-0.10843910622380201,-0.0846255865841014,0.2588800755801228,0.13112587954465646,0.22427714908011434,0.5413204204619124,-0.43539719115703285,0.2625106151631358,0.07326639727105193,0.35824741466556387,-0.03532593231923384,-0.28716879951975105,0.01973884899264841,0.08272041604856355,-0.003184519696904879,0.054135800905716895,-1.2030548358923092,-0.00818493531068159,-0.21370719135560493,0.6627296809101871,0.5292549490327993
0.11513102162674803,0.27019650356680175,1.842644741392543,0.5378041126107886,-0.16853992240001228,0.28388840983035,0.1973549389315633,0.24522422696602714,0.26743573211167065,0.3215738427650733,0.1920439011403595,0.19842734075697288,0.12968451580939627,0.22119943735965533,0.27386000232073276,0.22574057270761488,0.20945189322238023,0.26411956002229936,0.17712277335110477,0.22206286836929442,0.2799067373499553,0.2845073187149112,0.13296990049822427,0.17732918607728893,0.31828329746477296,0.1806582325377709,0.16537652540810782,0.48254769047631973,0.25311044966705804,-0.26331105138242034,0.3214556658747022,0.21469356112009003,0.22194711977682532,0.4839317563900444,0.08837454343146914,0.4730401918324974,0.23375376909128295,0.20588513330737912,0.21256027733023541,-0.4071159538820635,0.47879005553661247,0.2659724738878887,0.27183884835275657,0.6986683866424228,0.05098803623789927,0.7505298884564403,0.11786395829806368,0.10438039417221169,-0.6190464109582969,-0.1888964121781192,0.20795013569689058,0.1828660365333025,-0.025958152354057042,-0.20759782815496952,0.06447331767674318,-0.005615343260917696,0.05759355636785431,-0.10773499119898337,-0.10056024367830507
-0.131501533290735,0.04149260260511702,0.5378041126107886,2.4537642988207096,0.04254413140519635,0.447728131392783,0.5279131579012898,0.2734696218571621,0.28475589572494253,0.44031686498704664,0.36109005550063006,0.5270820818101822,0.16153557935558718,0.4062151594680518,0.2646054581823959,0.3603789392373236,0.3602921675446843,0.3349673452960285,0.21793729172042217,0.3037942890949107,0.335246247629163,0.2974021746854639,0.25401708733232375,0.3269569059011779,0.3986683923457308,0.2768239922649846,0.2889713215611345,0.5114200664135247,0.12014535375004032,0.18772140888863798,0.3459773435326359,0.3652471398117536,0.3544028324629256,0.737518493696663,0.0013348165773419708,0.4305447152151305,0.2905946569145639,0.202186696400714,0.35681305655697937,-0.0924884767005145,0.35232289206238665,0.3121497580812337,0.42276809154825984,0.7442002245791106,-0.36427208077960255,0.5183668440332894,0.3170765226338412,0.37473278207432337,0.42771255171170064,-0.03352807720025593,-0.09509487215462502,0.1526627338997618,0.12442582540490385,-0.2709706312125867,-0.29244859356499214,0.09980292412732898,0.13503089207589952,0.3036498655289799,-0.33001063868265973
0.2868605033440499,0.47351839895885,-0.16853992240001228,0.04254413140519635,1.2617916930073967,-0.08345420953237712,0.15258652003508696,0.25552882561231044,0.11255457934883589,0.10254961862882998,0.11243294042158831,0.20066099902860796,0.13093035808174852,0.10485604267551983,0.169284675619241,0.2492707880853488,0.1669526761464271,0.13201029980270151,0.4007759257775151,0.11613129250283924,0.10951272424830841,0.13537823448472255,0.23319289556822673,0.14874147866850015,0.07604766456336853,0.02196574045330917,0.1395110628429495,-0.04821939293082779,0.12551089124245385,0.26036127901637707,0.13542206153311517,0.08221803240691457,0.15399377919399915,0.11815638314761996,0.01363733493426202,0.1570592775290203,0.2257233878425977,0.10271451434727093,0.11444295048661475,0.09146110662160666,0.13141565780744296,0.12217803152769605,0.0790669237715439,0.029256673244265827,-0.18948799449367856,0.09724318536982691,0.13300690108132643,0.17427702239303242,0.38926631493885494,0.36466580697853707,-0.2604316995252268,-0.18447213062376597,-0.02114713090859479,0.09047657046559032,-0.11658953226676373,0.01186554956679669,-0.194197879891762,0.054053912922874106,0.21955210144667714
0.09510371768467467,-0.18073019567509277,0.28388840983035,0.447728131392783,-0.08345420953237712,1.0974015650482132,0.33398038758527604,-0.00014916663094272634,0.21912632015625474,0.24359749396566455,0.20790130600354342,0.2587550996061944,0.11320813655396963,0.201170330407923,0.1383735720562311,0.24744049674328752,0.17300172508866143,0.1417380747517455,0.32928334171774015,0.2520823745035308,0.16303045693390733,0.22338246800086003,0.09203384057490636,0.20077679211472946,0.2565416458029006,0.2524907095213385,0.20476422482479797,0.22945980945227773,0.36546177415247016,-0.07461923269811227,0.15181357028673148,0.20351619568840063,-0.10062236894885546,0.4101396316894286,0.21543339266422004,0.1426543522276167,0.0025960044118813414,0.1753248799374993,0.2144284948073191,0.08152468519591903,0.06267114960231168,0.1516739386652649,0.2530385491900098,0.19253504909676059,-0.016632002113882233,0.13675332293745893,0.14615321830890407,0.09676145696833056,0.3214731496075583,0.20773489990758714,-0.3230081333120987,-0.20253353610538782,0.04096515273840235,0.07922125112138033,0.01681840827647124,0.08186159235017514,0.025487465811022677,0.1037988939644176,-0.2360413750177797
0.21255029962033373,0.25534307228885056,0.1973549389315633,0.5279131579012898,0.15258652003508696,0.33398038758527604,0.5707823363262752,0.0283950426161217,0.2595075423351139,0.16915562200077813,0.1925725705788748,0.4070701516674677,0.11584740374589894,0.15323219469728933,0.15253169680944656,0.2079158767005339,0.19558201666794414,0.16162255364152295,0.16528142519134081,0.11789740362815246,0.14410905131774024,0.16651057501922523,0.16935762606194463,0.17051754944879496,0.2300755672832207,0.06941510632812438,0.19070504319919465,0.07699550913149084,0.19064465225090502,0.07422545319512469,0.166217724222003,0.15500176730458537,0.10299342700004344,0.3168880562544274,0.10991688480754877,0.21640647242859992,0.08252010779692859,0.09510258765671649,0.08556196194924909,0.011825856606579407,0.09996866255127092,0.14052439160041721,0.18368015621978093,0.1996193388903592,-0.0926136888634208,0.2103438966459803,0.10873296123869376,0.16069956071285477,0.16537234469692894,-0.022142015341901532,-0.12714844936904396,-0.030359087943670524,0.09346551572458231,-0.03048804582246807,-0.04213651509586539,0.11539387514158948,0.0031420788115586093,0.08323902899159333,-0.21498743500222736
0.15845103538339142,0.03307162010981306,0.24522422696602714,0.2734696218571621,0.25552882561231044,-0.00014916663094272634,0.0283950426161217,0.9211441255942678,0.002212471407363361,0.22987167779113907,0.24732753553260836,0.127762719463008,0.147319154063867,0.2477734324435508,0.12149222342047132,0.24322857318443056,0.2624432024347548,0.18497367316365687,0.17192281107787658,0.2542208948476052,0.24937712826278277,0.18031926478141552,0.16456981741870438,0.16669787662590357,0.24746099074227243,0.23634897812421768,0.1737061198636852,-0.005083529226464263,0.17481937124789557,0.30964022455156404,0.2475972658142437,0.20715003369051943,0.28746638818544146,0.25484807925475333,0.2388552723121485,0.2820960001287396,0.34070348611727,0.1453456230895109,0.3536057617296787,0.08281560932748068,0.30625200862606006,0.22703535158997865,0.29824510619125544,0.33597924203723667,0.03393049234562001,0.43758109418644614,0.3119817836426929,0.326669320667001,0.39412640146935934,-0.0028970366898699996,0.06768999506066727,0.09930420797373832,-0.04154529588790399,-0.1120017814035668,-0.06052755535527528,-0.08311417780766456,0.06298600769955046,0.19588809585684894,-0.15960598609209914
0.1256837248299637,0.21422971840275912,0.26743573211167065,0.28475589572494253,0.11255457934883589,0.21912632015625474,0.2595075423351139,0.002212471407363361,0.5486850793202097,0.13271757100771717,0.20093918490084162,0.20638181496517288,0.09123125336413052,0.1539597140005046,0.1652517233774816,0.1379110425276764,0.19945732218987247,0.1725369926061047,0.15693674689612558,0.111784859324222,0.14611345930690367,0.14925063922475815,0.15929457245993578,0.14548985054136032,0.13323164644323676,0.12512484163585608,0.13933582172715162,0.2608820529924395,0.10249055195146235,0.041745198118839345,0.16657467846850277,0.11815850966238113,0.12151311328046652,0.22310813529537527,0.04733756324264689,0.2459249672732333,0.15874584908969158,0.07647325474119428,0.0852652030883146,-0.007843023284008205,0.13932052465277617,0.1371265481118797,0.15177552262170543,0.13627619211626746,0.026074827253666943,0.25385776469206206,0.11505115624969257,0.07773654111503774,0.04633452982775502,-0.15477242133493951,0.06473672039678695,0.010170910753785302,0.1774451857080215,-0.0635273289232008,-0.013308885297866876,0.13845813854499275,0.010340540772270456,-0.0025967736112841667,-0.18480921121267496
0.10660385366406082,-0.007606457765266224,0.3215738427650733,0.44031686498704664,0.10254961862882998,0.24359749396566455,0.16915562200077813,0.22987167779113907,0.13271757100771717,0.6114032442019403,0.1422526806892748,0.1253251029564097,0.11363283048614078,0.19871001785053008,0.14350770119829695,0.18536228639334346,0.19318225588920634,0.22676154403153512,0.14186209211999914,0.24273559574048115,0.18024549205179993,0.17744309023475455,0.13537546874702286,0.13614800632366963,0.17872695682092976,0.21284097210709632,0.17125280213337965,0.3155855837770284,0.08591150782861558,0.12353068395430192,0.20856525535354445,0.1634448870464262,0.08345158631707887,0.366997618444274,0.182873250030365,0.23905185755220412,0.22036237171785272,0.142722394931281,0.2804943791693755,0.016755927170605638,0.26631272847659526,0.16325901228852224,0.26007883815632615,0.3033182591463054,0.027809253275800878,0.2997167488151077,0.2325648998688548,0.1491746319148421,0.22944007775618097,-0.0016374323793197749,-0.03770499137692011,-0.07267581549319459,0.1125437024923402,-0.02678980749334819,0.06955188462870913,0.06260904450404876,0.03348598711176444,-0.08828804426701169,-0.06723673016896399
0.125173206430296,0.15107819920244073,0.1920439011403595,0.36109005550063006,0.11243294042158831,0.20790130600354342,0.1925725705788748,0.24732753553260836,0.20093918490084162,0.1422526806892748,0.43326369242563006,0.22302789955895594,0.1436511553343879,0.2003532985555842,0.22871430167222878,0.1550226762057412,0.2687278904030219,0.19466383238806706,0.14013652158908152,0.23162039140246504,0.1702264462838326,0.13597803697257613,0.2147288596321407,0.16867971691263645,0.1966118277183562,0.17498641805072093,0.15846031432485277,0.23660378971029428,0.18441306479114855,0.07915897273870759,0.19129175378012833,0.16834512186613107,0.1354756314411111,0.2619778742251438,0.14520189426382418,0.23210542750969917,0.17796562362111093,0.1294338304410243,0.20736770644539862,0.06912965322002214,0.18344136780926462,0.16434488502830738,0.18122557137979353,0.15372630185435854,0.03243864787816257,0.2991479324795176,0.1790738794778342,0.1618420839927115,0.0898502786541314,-0.04018836701216466,-0.0050441093564125425,0.008254098588452089,0.11972512876844173,-0.045993708901232576,-0.07161588860597126,0.05425168342398108,-0.020649081438737095,0.09327358008871962,-0.12793012770461246
0.18932161231440367,0.39400557528154917,0.19842734075697288,0.5270820818101822,0.20066099902860796,0.2587550996061944,0.4070701516674677,0.127762719463008,0.20638181496517288,0.1253251029564097,0.22302789955895594,0.8600911262874866,0.12841437800699834,0.20574764024344153,0.2568399122174296,0.21690738699878206,0.1993248932785157,0.156589571617304,0.16527480567980318,0.17632144132625754,0.15642234376378794,0.10972671884010946,0.1799999751459137,0.20036137690047878,0.3236927286214425,0.11186008200025212,0.27131942751205307,-0.12163846105788736,0.2556736146782185,0.07274680402398434,0.2136189864035303,0.2321668889171942,0.13349437400460656,0.3709438864585222,0.23539230811173958,0.24854669894073478,0.11647160684333513,0.1161445722412417,0.037741025105145216,0.0759826858103927,0.04899270782481593,0.16577703009088537,0.18661381895378412,0.14382011067755415,-0.05182427444183986,0.2655648308030248,0.13578404667151678,0.2638210473581977,0.10500763976043084,-0.14425727293787588,-0.08847673312149992,0.044344397238078606,0.08712642584674671,-0.026889186908828147,-0.12480808717802602,0.1572530741735405,-0.05330336583609633,0.15243990920272857,-0.23081810515272808
0.08550143400467708,0.17000310537835664,0.12968451580939627,0.16153557935558718,0.13093035808174852,0.11320813655396963,0.11584740374589894,0.147319154063867,0.09123125336413052,0.11363283048614078,0.1436511553343879,0.12841437800699834,0.247361086637278,0.1055374978924088,0.08231783406757553,0.1164493480871374,0.1423781565317682,0.1036864975258179,0.10579781710352537,0.0952748747462546,0.10528930326529802,0.15793678005923092,0.12433733491379934,0.10842589096578556,0.11891998221318319,0.0702087637875936,0.09852780352056166,0.08286312717618625,0.13118997979721927,0.07450115772381337,0.10932918144255302,0.11624963591371443,0.1083480320032526,0.19259715966821092,0.1235127502778282,0.12788315410856427,0.10211057290330043,0.0530572508796188,0.17102249570319789,0.03077005599556387,0.14648417981560552,0.09969379765190248,0.1006287838773348,0.1951820451840322,-0.04106474105959364,0.16082611312427283,0.10739174760574546,0.12192895694767213,0.1237321433908551,-0.012352652871563317,-0.022961893326295044,-0.012332513845549006,0.051823798656382834,-0.01997785078582508,-0.03855354307241834,-0.015250662498991437,-0.06551028685098294,-0.03390125850843465,0.1291035677776753
0.1406519070033087,0.1698001377525018,0.22119943735965533,0.4062151594680518,0.10485604267551983,0.201170330407923,0.15323219469728933,0.2477734324435508,0.1539597140005046,0.19871001785053008,0.2003532985555842,0.20574764024344153,0.1055374978924088,0.40509833645856935,0.22800117697315087,0.233325206810032,0.18090523552000826,0.17277725383256895,0.15872803336830685,0.18707856584699953,0.19376707221854286,0.15411012412420014,0.1458245416358261,0.1349369807753278,0.20824510155511147,0.18211485865075028,0.18773327294120387,0.245716179391464,0.16878381458104233,0.1735363175901149,0.18854119044156817,0.2655966382057902,0.21143308806546243,0.17919044536989628,0.1632203092492895,0.2243951110126225,0.2034110503106168,0.10979816815455763,0.16792440116366716,0.06420849629383328,0.257304962584755,0.19778497282410337,0.2280090105507324,0.22833434345705522,0.012160248498119877,0.3156073689733074,0.2181472452794826,0.16041638931985058,0.25367691520227686,0.03962256729751448,-0.033808483172444885,0.01401020394354399,0.009700094398426272,-0.022466451822463717,-0.1276580865778859,0.018556066068952024,0.026900303790968912,0.17396617266010309,-0.15645273038568497
0.17366741446559128,0.4773847807171422,0.27386000232073276,0.2646054581823959,0.169284675619241,0.1383735720562311,0.15253169680944656,0.12149222342047132,0.1652517233774816,0.14350770119829695,0.22871430167222878,0.2568399122174296,0.08231783406757553,0.22800117697315087,0.7057718836042406,0.0911739384473438,0.125722166175641,0.24942692313782375,0.19110106962544204,0.14251639784926448,0.17614918568200763,0.08673726714860977,0.2476334824335929,0.13152444513982034,0.2484106106861888,0.13602656211894606,0.16037314354185253,0.32904668487572913,0.2486772004637277,0.06433427959897518,0.17778895109050633,0.12738085001082805,0.21829624286289806,0.17696978250259773,0.1005841074220693,0.1515707586507471,0.22117569545072316,0.08609573885588112,0.14876992031131797,-0.03950030455114196,0.2533632998893204,0.21435747399961463,0.17719511437567134,0.14284466027903087,0.04195913019371199,0.24494736668078673,0.17200504021685034,0.05142180837910538,0.0060179369350070785,0.13722181320274798,-0.071102425737704,0.18559240257974446,-0.14732312631894148,-0.07516898617576889,-0.1399129469558563,0.09529840075768366,-0.10728775661171205,0.12375661837418249,-0.06202595919101252
0.12850330842706784,0.19575640103941802,0.22574057270761488,0.3603789392373236,0.2492707880853488,0.24744049674328752,0.2079158767005339,0.24322857318443056,0.1379110425276764,0.18536228639334346,0.1550226762057412,0.21690738699878206,0.1164493480871374,0.233325206810032,0.0911739384473438,0.7506123375430607,0.30653968811746823,0.1399940471301277,0.22878984165206315,0.24081904920665387,0.25788092839435517,0.1901277263933548,0.04158889098093015,0.22357613028518142,0.2859577365835315,0.19255271986616923,0.3105156463635486,0.327367971240288,0.30887702156402624,0.30216232550533323,0.24874061137084216,0.20526194003057757,0.20904810937201326,0.2772232056615997,0.3688348882461522,0.19737715759179614,0.4186888415408782,0.17032536055113578,0.2322525893421482,0.18078166227971504,0.2917948593916492,0.2573076688587103,0.3398323590827719,0.1637505092722893,0.12392418259998622,0.20690667994939865,0.26488197136668423,0.1865137067159876,0.405069410421936,0.006759911567313014,-0.09666898925590653,-0.018276475850808813,-0.05196162464635008,0.0003258573200583737,-0.09285221018275111,0.09291096446344774,-0.09011149659968441,0.15196410985946338,-0.11520631542126593
0.10045901087823664,0.10254449645431082,0.20945189322238023,0.3602921675446843,0.1669526761464271,0.17300172508866143,0.19558201666794414,0.2624432024347548,0.19945732218987247,0.19318225588920634,0.2687278904030219,0.1993248932785157,0.1423781565317682,0.18090523552000826,0.125722166175641,0.30653968811746823,0.9482727463488468,0.11783671753918562,0.15597670315704085,0.2926293801411915,0.20546024820462905,0.19343750332569665,0.2812072116946773,0.19256529890135943,0.30350186904785537,0.07170083884224664,0.14548618520173637,0.3536582567631851,0.2382563615125469,0.10899439140071585,0.2878421713615029,0.15323860259873692,0.24705104202802525,0.32663737473927484,0.18224310758132822,0.277437736411074,0.5037467419462506,0.22467792749615711,0.14655555394470754,-0.02947408929849322,0.30527336775380903,0.13687853823501844,0.2357547282633492,0.2699623901235646,-0.14957621090605816,0.4424097229663245,0.2285753475511257,0.21394644482850014,0.18731790108840535,0.08636176240160387,-0.16981722708400973,0.1158093155529385,0.1920256633718676,-0.02517302031392357,-0.04240917485889271,0.014480512433985373,-0.06431121594272575,0.025074626395522444,0.007120032976269051
0.13741071794610812,0.42753400058542285,0.26411956002229936,0.3349673452960285,0.13201029980270151,0.1417380747517455,0.16162255364152295,0.18497367316365687,0.1725369926061047,0.22676154403153512,0.19466383238806706,0.156589571617304,0.1036864975258179,0.17277725383256895,0.24942692313782375,0.1399940471301277,0.11783671753918562,0.8896041932484541,0.1748498047723611,0.0056864703331484115,0.1927791399857629,0.3111276081907756,0.41961102104472886,0.1889148994066547,0.19668205512676706,0.33659683669405854,0.0721902429308032,0.42124147350684427,0.18139835267634438,-0.07222709856818475,0.13312608885861218,0.15981732158640108,0.25762809176697643,0.2601960808896957,0.09057285434068345,0.0436459647802463,0.1356076095857045,0.009930007299433911,0.21303137015497126,0.05051304006483722,0.2642276690010646,0.16586522886497995,0.27509292941432134,0.16514565033848155,0.16970444096671167,0.20036285994525124,0.3323016191731951,-0.058781908422497635,0.24030415780757666,0.02749694638705452,0.08412345838616583,0.06571028943296649,-0.06906685781926662,-0.07362602709527867,-0.10075991281086481,0.11972798966941672,0.042633269824234384,0.212429856844895,-0.3512421973488862
0.1548318190198594,0.19587556594064567,0.17712277335110477,0.21793729172042217,0.4007759257775151,0.32928334171774015,0.16528142519134081,0.17192281107787658,0.15693674689612558,0.14186209211999914,0.14013652158908152,0.16527480567980318,0.10579781710352537,0.15872803336830685,0.19110106962544204,0.22878984165206315,0.15597670315704085,0.1748498047723611,0.5514115704905102,0.109663960212207,0.1596465074657292,0.19905220469941287,0.14051404728665037,0.1523088435907453,0.20789381741440185,0.08569107890938768,0.14762349652789047,0.12922052181823374,0.252083112513345,0.13455225543561716,0.16277951303145574,0.1564267371431517,0.1425945473378784,0.20180163872972698,0.07985706881808842,0.19404524344703725,0.15034108424540105,0.10981863023279005,0.1244129754059128,0.023956090030032743,0.17371730261891702,0.15880962950884972,0.18792084522873834,0.18748981742924717,-0.03000914305927275,0.2216083307480144,0.14441581395239692,0.08698963440915031,0.17816223821790658,-0.02624478541263655,0.054230322195567476,0.23109179545762415,-0.17892279811518258,-0.06678549190622696,-0.08241289216980571,0.04042248228427448,-0.044126113416904846,0.11850244095973614,-0.06671433774571456
0.05219234333447567,-0.03808104452678967,0.22206286836929442,0.3037942890949107,0.11613129250283924,0.2520823745035308,0.11789740362815246,0.2542208948476052,0.111784859324222,0.24273559574048115,0.23162039140246504,0.17632144132625754,0.0952748747462546,0.18707856584699953,0.14251639784926448,0.24081904920665387,0.2926293801411915,0.0056864703331484115,0.109663960212207,1.1619201070652194,0.22712376269430248,-0.10667449011665978,0.046662905113092616,0.21390738758829955,0.16135942413666676,0.4241590854187643,0.33277465399694156,0.4136027871446028,0.17369389856876138,0.20255389494902462,0.35113894459577544,0.20644022574018087,0.05054840613961212,0.417804474724411,0.2471143061848768,0.4191064919554633,0.46070699318419267,0.5592846225021625,0.383098492329019,0.32010175864439294,0.2942040962286369,0.24102456457664814,0.3419188166289752,-0.08316369536010665,0.5605975580502601,0.3333128421165224,0.2086639347154156,0.485703151593018,0.19501879040834946,0.04455902459300443,-0.13995578997116986,-0.10296501109955422,0.10543654609107632,-0.026686785824325418,0.012244464555325154,-0.014471353770033345,0.0063171786593619285,-0.0013383257305108378,-0.0282768920956259
0.09669553179439737,0.10337782167967151,0.2799067373499553,0.335246247629163,0.10951272424830841,0.16303045693390733,0.14410905131774024,0.24937712826278277,0.14611345930690367,0.18024549205179993,0.1702264462838326,0.15642234376378794,0.10528930326529802,0.19376707221854286,0.17614918568200763,0.25788092839435517,0.20546024820462905,0.1927791399857629,0.1596465074657292,0.22712376269430248,0.5957423801155234,0.2080238522035511,0.0570725185597929,0.28188844590388507,0.2849873071399549,0.4183511227811928,0.22469146055177583,0.4794631467107693,0.24955729985379013,0.3154352193549963,0.37466267605865067,0.24000886949873815,0.559207310471683,0.22683940856939436,0.254117816494064,0.40287307455472093,0.578821130493892,0.16224684003334697,0.3026958037041593,0.10658387419239876,0.4803966946578152,0.5204705625689443,0.2569262706542296,0.2933250536146234,0.12340988605241071,0.4980748595854685,0.3244795341090982,0.45221295192519567,0.39965271134676766,-0.009169347377686241,-0.025045968797629922,0.10966673330438226,-0.03601164107234654,-0.0914220731013879,-0.04638523983816855,0.009564225668881007,-0.06135039361016176,0.07767860573721456,-0.0683392610183961
0.08687990878905144,-0.009637151521511176,0.2845073187149112,0.2974021746854639,0.13537823448472255,0.22338246800086003,0.16651057501922523,0.18031926478141552,0.14925063922475815,0.17744309023475455,0.13597803697257613,0.10972671884010946,0.15793678005923092,0.15411012412420014,0.08673726714860977,0.1901277263933548,0.19343750332569665,0.3111276081907756,0.19905220469941287,-0.10667449011665978,0.2080238522035511,1.3571371203445528,0.4283125916678799,0.1545744734258232,0.17990208471131147,0.039660406537630734,0.08702653731678935,-0.05292332874004632,0.575160243996208,0.09655540510545262,0.15538961902375678,0.2787094719835199,0.12462320930012455,0.3669216641188292,0.09165583621399412,0.1360606813120978,-0.15710372881345183,0.011139239933485938,0.4697808328388813,-0.044762543951265055,0.37889040529179774,0.18109045317753886,0.22351491315767097,0.5186479568137025,0.04690892294832637,0.2019409483632332,0.2563220012066686,-0.9053351008922048,0.20329143378322648,0.013227494010240785,0.0902502720535506,-0.1813678901321689,-0.1764712434037488,-0.041380971175197206,0.00851381656311737,0.07404879110699188,-0.02259946433712166,-0.015986320850878845,-0.11392799447639353
0.09531282047248626,-0.442710350527843,0.13296990049822427,0.25401708733232375,0.23319289556822673,0.09203384057490636,0.16935762606194463,0.16456981741870438,0.15929457245993578,0.13537546874702286,0.2147288596321407,0.1799999751459137,0.12433733491379934,0.1458245416358261,0.2476334824335929,0.04158889098093015,0.2812072116946773,0.41961102104472886,0.14051404728665037,0.046662905113092616,0.0570725185597929,0.4283125916678799,1.6922535334023576,0.158236491155094,0.2761192709893888,-0.11984197444257996,0.01872437383716234,-0.06490904284336807,0.4752801413992674,0.07461778330393108,0.13793340735099532,0.08845785461473528,0.15215303178525555,0.36170644045345224,0.047651306299182884,0.13826294317160673,0.022042977001139528,-0.04945348661781207,0.28840421644009157,-0.001549182094255355,0.30494991143914696,0.05300703366043267,0.15279944278719146,0.20941809567211017,0.028908909611895954,0.2853981309526084,0.29915584205401696,-0.22583520849133532,0.053172511996082486,0.41276748906121863,0.029883409734684712,-0.057850929801456105,-0.08432210037197728,-0.08036975187124425,0.11969535974582524,0.04872685615391765,-0.053221367632304256,-0.08377824512730497,-0.06437033562793279
-0.023802186614311382,-0.14278144542751947,0.17732918607728893,0.3269569059011779,0.14874147866850015,0.20077679211472946,0.17051754944879496,0.16669787662590357,0.14548985054136032,0.13614800632366963,0.16867971691263645,0.20036137690047878,0.10842589096578556,0.1349369807753278,0.13152444513982034,0.22357613028518142,0.19256529890135943,0.1889148994066547,0.1523088435907453,0.21390738758829955,0.28188844590388507,0.1545744734258232,0.158236491155094,0.8366826749464906,0.30849068193549833,0.2213166241409476,0.14775016861246063,0.29128243928906955,0.3959418809363038,0.28733074298116346,0.23486764382354094,0.1668585857582376,0.3383272593090074,0.039038888296345976,0.11629583767326679,0.3121940750020734,0.39400766459799214,0.13967580372915586,0.10632221775386083,0.04873861987762355,0.22525684291314327,0.25436923594418387,0.11457113202875609,0.07214212695687515,-0.08491966776256009,0.3737311568500698,0.22532714175542093,0.33545174548882417,0.5365927372366245,-0.07267265164033368,-0.09667429784756727,0.09648091684524175,0.07498777355643384,-0.05731374531641137,0.042172939086110695,0.08515372238575113,0.008394992514180053,-0.17938152098114754,0.09096308387241789
0.11665506214962781,0.15241917250016207,0.31828329746477296,0.3986683923457308,0.07604766456336853,0.2565416458029006,0.2300755672832207,0.24746099074227243,0.13323164644323676,0.17872695682092976,0.1966118277183562,0.3236927286214425,0.11891998221318319,0.20824510155511147,0.2484106106861888,0.2859577365835315,0.30350186904785537,0.19668205512676706,0.20789381741440185,0.16135942413666676,0.2849873071399549,0.17990208471131147,0.2761192709893888,0.30849068193549833,1.0677979052656619,0.06662747920931256,0.23835226969704143,0.0012103507822351684,0.678790510136041,0.3898557038402033,0.35442882847048945,0.1776423619294906,0.28465373377577596,0.4557263871981602,0.45375232175704905,0.32244781000420997,0.48767562137000237,0.16286146828121975,0.2927093220852401,0.028990902051795518,0.3794152274416444,0.26562564625496765,0.38286614850991696,0.48557775288791655,0.0416626666778273,0.6031880353335295,0.3527628010846883,0.29867571411041355,0.060492215577333426,-0.517685995889769,0.05380683245466881,0.2179194057447838,0.19019111588374626,-0.09027397563003942,-0.06260920416266762,0.06543564309235807,-0.028585683487279794,0.09635390313016866,-0.15428113769133417
0.0032667507976529768,-0.35519685368641746,0.1806582325377709,0.2768239922649846,0.02196574045330917,0.2524907095213385,0.06941510632812438,0.23634897812421768,0.12512484163585608,0.21284097210709632,0.17498641805072093,0.11186008200025212,0.0702087637875936,0.18211485865075028,0.13602656211894606,0.19255271986616923,0.07170083884224664,0.33659683669405854,0.08569107890938768,0.4241590854187643,0.4183511227811928,0.039660406537630734,-0.11984197444257996,0.2213166241409476,0.06662747920931256,2.35801880481972,0.25189498133380933,0.767244153749124,-0.4687505565878945,-0.5321810822283259,0.2465625971640049,0.30037558184396623,0.2895281714207507,0.34039002811575714,0.3192426767413734,0.10314993299179916,0.37617662530232193,0.25713370323599605,0.3491682648344968,0.5086043140493298,0.05728522191525522,0.4249693944518414,0.2790285088202399,-0.3425237836687089,0.3531835763366619,0.023401635150027095,0.10268395575381317,0.490655293982333,0.9675684280124306,0.13297605526166695,-0.2517017898268022,0.14475551140110407,0.012037727754092018,-0.08624137346639615,-0.06959839294901923,0.03429495252062888,-0.1336941751684562,0.1726337656693044,-0.17983614685681407
0.13318768615550253,0.3685806970946781,0.16537652540810782,0.2889713215611345,0.1395110628429495,0.20476422482479797,0.19070504319919465,0.1737061198636852,0.13933582172715162,0.17125280213337965,0.15846031432485277,0.27131942751205307,0.09852780352056166,0.18773327294120387,0.16037314354185253,0.3105156463635486,0.14548618520173637,0.0721902429308032,0.14762349652789047,0.33277465399694156,0.22469146055177583,0.08702653731678935,0.01872437383716234,0.14775016861246063,0.23835226969704143,0.25189498133380933,0.7445134088976432,0.38176285533449483,0.08075631625431541,0.24238972601682324,0.32458673529588394,0.22916108263506405,0.2591392425350585,0.27189695967387806,0.26637613071916477,0.47243122192068115,0.3522692119804183,0.2148708260748458,0.13485690347671817,0.20683637438401942,0.19876315216499152,0.23899714621273455,0.3884407658201469,-0.02466147003624601,0.22037465210420878,0.2915003120831485,0.1668645257768077,0.35536249439607487,0.3201551699147595,-0.0516720421654756,-0.1117546917449064,0.058679586042399326,0.005261912344445673,-0.02543676291693166,-0.09548150871981087,0.12347635696383512,0.03350010374350651,0.12816465792110956,-0.2359011448950884
-0.1329495596497919,0.43638025921512563,0.48254769047631973,0.5114200664135247,-0.04821939293082779,0.22945980945227773,0.07699550913149084,-0.005083529226464263,0.2608820529924395,0.3155855837770284,0.23660378971029428,-0.12163846105788736,0.08286312717618625,0.245716179391464,0.32904668487572913,0.327367971240288,0.3536582567631851,0.42124147350684427,0.12922052181823374,0.4136027871446028,0.4794631467107693,-0.05292332874004632,-0.06490904284336807,0.29128243928906955,0.0012103507822351684,0.767244153749124,0.38176285533449483,4.306209016024044,-0.6967623770041027,-0.1932701328169554,0.40544202085671516,0.22744757778418478,0.9353478766150545,0.4765706268916997,-0.1249976341773841,0.3871841047728584,0.6766233672457204,0.26256133867174136,0.2939037037519839,-0.030003102704701995,0.7621337159388265,0.48600859430186466,0.2879243923956294,0.3084418635357755,-0.3510442599381463,0.3112726248224302,0.19807183236543202,0.9198506988208521,0.8643747416545784,0.04433771338395265,-0.2785596995551588,0.38889334039876483,0.1325278184261005,-0.15179540911976458,-0.23788115007413194,0.07999861486282303,-0.05940406161118223,0.22014406559958422,0.10238486037603958
0.2032569991726429,-0.01732456415415024,0.25311044966705804,0.12014535375004032,0.12551089124245385,0.36546177415247016,0.19064465225090502,0.17481937124789557,0.10249055195146235,0.08591150782861558,0.18441306479114855,0.2556736146782185,0.13118997979721927,0.16878381458104233,0.2486772004637277,0.30887702156402624,0.2382563615125469,0.18139835267634438,0.252083112513345,0.17369389856876138,0.24955729985379013,0.575160243996208,0.4752801413992674,0.3959418809363038,0.678790510136041,-0.4687505565878945,0.08075631625431541,-0.6967623770041027,3.154784381470974,0.20220963666553254,0.06243939647682944,0.18550341481133725,-0.2781255672878254,0.03746901449066777,0.3785784548371486,0.09539856113931558,0.01511810923013341,-0.03208405315945947,-0.002491780209717911,0.14388121969905626,0.6844248787651666,0.19911528460191985,-0.007528075838174106,-0.38016035007302806,0.9429730795261912,0.32774888866398566,0.36918981685738944,-0.8485302528939519,-0.2242226550913243,-0.14370522193622498,0.15123291404217587,-0.15319258888001272,-0.23950211380725006,0.20042785115366246,0.1713869330690043,0.06328038044893176,-0.08201256219264211,-0.13119312946006653,-0.043176974897648025
0.1298338297800359,0.25977972339408595,-0.26331105138242034,0.18772140888863798,0.26036127901637707,-0.07461923269811227,0.07422545319512469,0.30964022455156404,0.041745198118839345,0.12353068395430192,0.07915897273870759,0.07274680402398434,0.07450115772381337,0.1735363175901149,0.06433427959897518,0.30216232550533323,0.10899439140071585,-0.07222709856818475,0.13455225543561716,0.20255389494902462,0.3154352193549963,0.09655540510545262,0.07461778330393108,0.28733074298116346,0.3898557038402033,-0.5321810822283259,0.24238972601682324,-0.1932701328169554,0.20220963666553254,2.800193662506321,0.46585578801299615,0.15511186141885103,0.7325202051116328,0.10584914501134024,0.5378500008622207,0.6947957259185249,1.1901704728251281,0.2382908301807422,0.17532604834887278,-0.1771625234639405,0.8338775475022632,0.30787017363276414,0.5993455068884972,1.0994484414501122,-0.3754667176524598,1.335005906606526,0.935865767393735,1.1283343681363516,0.8946763412112844,-0.16642130422395576,0.06907651636437827,0.021624605886475964,-0.032998987184806004,-0.03960180274621378,-0.2721106395996803,-0.15292206354389928,-0.010694824666950473,0.6409359605529047,-0.3248482560432251
0.10699051794775931,0.16829655308480065,0.3214556658747022,0.3459773435326359,0.13542206153311517,0.15181357028673148,0.166217724222003,0.2475972658142437,0.16657467846850277,0.20856525535354445,0.19129175378012833,0.2136189864035303,0.10932918144255302,0.18854119044156817,0.17778895109050633,0.24874061137084216,0.2878421713615029,0.13312608885861218,0.16277951303145574,0.35113894459577544,0.37466267605865067,0.15538961902375678,0.13793340735099532,0.23486764382354094,0.35442882847048945,0.2465625971640049,0.32458673529588394,0.40544202085671516,0.06243939647682944,0.46585578801299615,0.7960995769346534,0.18515779720295317,0.4342533304634488,0.3363082597135042,0.32237646295607114,0.8149712273794584,0.8053041371095256,0.30005282054440274,0.3495130964067329,0.10636998028768756,0.5146594122600243,0.34243848923668546,0.2838954918226034,0.4656310344447651,-0.12623216772090806,0.78722154177545,0.30384705504022214,0.7006425419334193,0.30200585644746375,-0.02524545010989801,-0.011412823351941354,0.0857761388930446,0.02247692909295342,-0.11397463245155638,-0.09596560937407733,0.058092466988720455,0.016023921513774412,0.043291325460130536,-0.12683814251438053
0.10530765426113006,0.1037964515422408,0.21469356112009003,0.3652471398117536,0.08221803240691457,0.20351619568840063,0.15500176730458537,0.20715003369051943,0.11815850966238113,0.1634448870464262,0.16834512186613107,0.2321668889171942,0.11624963591371443,0.2655966382057902,0.12738085001082805,0.20526194003057757,0.15323860259873692,0.15981732158640108,0.1564267371431517,0.20644022574018087,0.24000886949873815,0.2787094719835199,0.08845785461473528,0.1668585857582376,0.1776423619294906,0.30037558184396623,0.22916108263506405,0.22744757778418478,0.18550341481133725,0.15511186141885103,0.18515779720295317,0.6252047915088794,0.20252849618175864,0.18591175730068835,0.07500452471742416,0.28375243678596407,0.014762450299338209,0.13365804287166072,0.13755580514770338,0.09531174491668981,0.2524499068615849,0.23869963564468039,0.17031046007189166,0.16198630166181313,0.07461578032224236,0.32853779908485226,0.19857580976290667,0.11553919131429169,0.2664719093114381,0.09503346021178975,-0.016524611912372405,0.14108190353719602,-0.25498842384631587,0.02450024795331098,-0.1046956367902185,-0.03540285261531768,0.2121864880445894,0.09129589479063627,-0.25542192824107435
0.09194255960076651,0.363562623567418,0.22194711977682532,0.3544028324629256,0.15399377919399915,-0.10062236894885546,0.10299342700004344,0.28746638818544146,0.12151311328046652,0.08345158631707887,0.1354756314411111,0.13349437400460656,0.1083480320032526,0.21143308806546243,0.21829624286289806,0.20904810937201326,0.24705104202802525,0.25762809176697643,0.1425945473378784,0.05054840613961212,0.559207310471683,0.12462320930012455,0.15215303178525555,0.3383272593090074,0.28465373377577596,0.2895281714207507,0.2591392425350585,0.9353478766150545,-0.2781255672878254,0.7325202051116328,0.4342533304634488,0.20252849618175864,2.2741394865307414,0.061873379128367226,0.17720067404895198,0.12298451351512985,1.8962516717356122,0.11092281797209078,0.04504343765201549,-0.12982595873046968,0.3731876352310452,0.578718349068613,0.47546896467731475,0.7326622888189467,-0.515560897703873,0.846035022431269,0.6255095707351457,1.1355812649448773,1.1910853467750264,0.1616385620213744,-0.12779656748257692,0.5549679309044218,-0.09200721742051196,-0.4107246161351734,-0.28614409098367743,-0.13072951012887044,-0.10871148298729251,0.35752651948653197,-0.06160240754622772
-0.19510063493959165,0.09532002790253014,0.4839317563900444,0.737518493696663,0.11815638314761996,0.4101396316894286,0.3168880562544274,0.25484807925475333,0.22310813529537527,0.366997618444274,0.2619778742251438,0.3709438864585222,0.19259715966821092,0.17919044536989628,0.17696978250259773,0.2772232056615997,0.32663737473927484,0.2601960808896957,0.20180163872972698,0.417804474724411,0.22683940856939436,0.3669216641188292,0.36170644045345224,0.039038888296345976,0.4557263871981602,0.34039002811575714,0.27189695967387806,0.4765706268916997,0.03746901449066777,0.10584914501134024,0.3363082597135042,0.18591175730068835,0.061873379128367226,1.7497938603496004,0.4417428095084806,0.4195034892678015,0.12000286932170391,0.19787646225741967,0.5390691505164856,-0.030367490288681437,0.4230144907299752,0.2170517590836751,0.5003209384790147,0.8256269332493489,-0.021603134208227213,0.3275730096522739,0.3340940092969067,0.21013966389779418,0.10782411326487654,-0.40325595291780403,-0.021041435298681615,-0.15206225597063916,0.4044624672420373,-0.1031226278014108,-0.16459444173104856,0.10833440341404656,-0.15451561018486812,0.19295599386232887,-0.055347203594387065
