2.534419245338581,0.2708536972458801,0.4985951503263329,0.16416903078851533,0.06437995940671747,0.17518332401314154,0.08969069531159608,0.14484561274894883,0.09281811503695714,0.0519431915226639,0.1377192809986856,0.12735406473769795,0.03317795617010967,0.09409588818475417,0.24846953921181214,0.06011829226755546,0.05829416113030349,0.20617420836358544,0.0666159278451887,0.18078692307891608,0.09546880611052636,0.10123100560676461,0.19828869702178492,-0.576583093584862,-0.00027092608504418144,0.28390530737145303,0.1128736739215023,0.020382802335338398,0.07835862024012676,0.15105427107754832,0.1597947580596575,0.08743289616748373,0.02726210550628303,-0.11769742401661173,0.06373633510623553,0.01852928512193048,0.01699062681157886,0.264656260668118,-0.028460335545668087,0.07173048824840098,0.08328466581476263,0.07664233662610422,0.2183173353216367,0.08389480621673484,0.21495672240964175,0.14736354648818087,0.09114100982575131,-0.021055085031097858,-0.09837633692282045,-0.010045686096566423,-0.17509181504094434,0.33289768172306433,0.01515677793258899,0.02171787302947966,0.019705771542986715,-0.1130586687892559,0.23096946663826182,0.5838515829919314,-0.7811185616669015
0.2708536972458801,2.703985956966435,0.9590369265046854,-0.04259548505978906,0.08346572649230703,0.2112997329208451,0.07969327386231032,0.23880855819900862,0.1003772582128805,0.3338416494101463,0.17317172700720776,0.1332619920261208,0.07207728583353573,0.22122053040478185,0.33414003113226276,0.09654683419965386,0.27231364329714886,0.4901633714119657,0.07950840008114096,0.5423111696380191,0.25828542556258355,0.08192054874214763,0.10596741908288593,0.14653714983244628,0.3915445331022749,0.1831569534138839,0.16985181371914482,0.10514203554689075,0.36353560163531773,0.18202164170145438,0.19291434831814683,0.19654344691107725,0.23752683108843034,0.3081756784068781,-0.004477937986139551,0.26837143797703256,0.3544965477141372,0.3907760979114903,0.20422480800720547,0.1120450242296795,0.16613870911531733,0.2507054219667703,0.25980468937834106,0.021773269224302103,0.520389558626728,0.4418557825269673,0.3092972360997847,-0.13260620245118318,-0.32874346867088794,0.000979895304249667,0.10306316391377225,0.29487967784845664,-0.06310049840888886,-0.31056466936520105,-0.4355479938437382,-0.21026598131634167,-0.5738041860884834,0.35685804841728613,0.5000081613356954
0.4985951503263329,0.9590369265046854,2.017077459270309,0.02841191466621956,-0.09024225187601721,0.23978892199044077,0.14269574263787527,0.353413956738237,0.2665011423507436,0.524181774217548,0.24137018814883252,0.23453698769728873,0.10882701685514502,0.1929907675261121,0.34798925307988166,0.07280753902158424,0.2680982920870834,0.41189281291728563,0.07165524411378614,0.345160568445246,0.24240360120100762,0.19930032413204155,0.17118849057363306,0.3118155505302052,0.41674697731727256,0.13419197598428198,0.1516234588137997,0.12285258674271093,0.41630395887101773,0.010299515459245547,0.09366543989394446,0.15812610785052578,0.1951700036252015,0.39462684682519744,0.1540867356232415,0.3772998347638164,0.4930160236653358,0.3311797013541365,0.33599933717918656,-0.01811483136861267,0.14353734765050416,0.24903007845209238,0.116705465325774,0.02600724630638266,0.5767997399862134,0.6153089770880854,0.4300580568497432,-0.2652484371870861,-0.31787113319911015,0.05404661090015171,-0.025949476728526332,0.2913385852487338,0.03395282971213224,-0.2983363316758116,-0.08636543040714498,0.06629809893873233,-0.032564035071356634,-0.3303805827636769,0.25386439725284493
0.16416903078851533,-0.04259548505978906,0.02841191466621956,1.835664225393201,0.32913949465809794,0.3279221566896939,0.06252086260593152,0.31223896576845084,-0.06881041287261022,-0.06525880585668398,0.1895214520488818,0.23161898722269667,0.08071003789434884,0.1558789676953397,0.14209262732597533,0.2473953995604807,0.08870194345243278,0.07651898884693156,0.18637970293780473,0.27526554322356356,0.1041378867531264,0.0929146791997456,0.18154925761135468,0.08277416000677564,0.11357124962994072,0.05739361556374043,0.12611834980061687,-0.013256971560908291,0.17960232736284493,0.0983471792943374,0.10478494451250939,0.15923292526503977,0.031243642255689364,0.253086919345165,-0.16069039912501445,0.10442898429821737,0.1325379777926934,0.19604655601984255,0.22115743483312852,0.06527259316399324,0.05757021934794566,0.08447147097382758,0.17711312449855687,0.22092102976169212,0.10840950894994512,0.11586011296110878,0.19789203334098682,-0.04098886805242433,0.014569278718779225,0.12925983870228003,-0.1993157538925534,0.029982599355148146,-0.09642719363891562,-0.10995313309709336,-0.15875770494123503,-0.06030258250383723,0.07564859490520347,0.36339582953816263,-0.27500410855374186
0.06437995940671747,0.08346572649230703,-0.09024225187601721,0.32913949465809794,0.8240254744465694,0.2946498637464781,0.17136480154755918,0.24203548414062703,0.022711703026546827,0.06092707671174307,0.12458321091504142,0.18271613745011606,0.09173417397776665,0.16100219523164913,0.1490059345066204,0.1924193815747183,0.0973058750319268,0.13394567167213636,0.28554204356514623,0.1703994465784129,0.09081366946635563,0.11247312084764578,0.11033264466645673,0.14107525775441593,0.13346889657954442,0.14602476635939393,0.10128126573582344,-0.08148015252192936,0.15763774272483344,0.05169010947117058,0.12647993359302562,0.12045484970689586,0.0565786360732813,0.1638771190557974,-0.0759443085977347,0.12046290839413412,0.09922400744908978,0.12517647921168307,0.11299093437091602,0.08030876018979126,0.06676716788566539,0.08637711498115419,0.0954692920030499,0.05342809789797838,0.055372696864480604,0.10057548176163114,0.17164993641768161,-0.03544527240710297,0.15193529291381247,0.0007053124035175719,0.16105219412968352,-0.35758081694862404,0.25748623595716524,-0.07887564721324059,-0.14474530396003926,-0.05352961073710596,-0.11895959324861542,0.24721701787223763,-0.030327718387874684
0.17518332401314154,0.2112997329208451,0.23978892199044077,0.3279221566896939,0.2946498637464781,0.6851893031670092,0.09780689377025963,0.31729798292656713,0.1011455268882631,0.0688262610528176,0.1667458781055403,0.19947912259075606,0.07835974747357513,0.14945768212519067,0.0912560742523485,0.17105611804660611,0.15532389154427556,0.13135898554770764,0.21027714355532642,0.24408938944243846,0.08631920117237778,0.1510464446975062,0.08274599345262384,0.05795506860252216,0.04794019049315382,0.14072937447384926,0.117270041077732,0.07854876455660988,0.22720555465342818,-0.029820069204056335,0.1381161776218849,0.17252265552879772,-0.037246752052796386,0.2608052676622557,0.06483291955342924,0.032895761237259326,0.06659894209347332,0.10443072773188271,0.2019662417998482,0.0045036546100587415,-0.09708622045624483,0.06895354461566658,0.19526245823826496,0.0763555076543454,0.06363384993082724,0.12933918125997948,0.34291422005997585,-0.0818687850577996,0.24069772258211705,0.38409141261633095,-0.8361497333713289,0.2790326559426346,-0.2355462086563865,0.006438892145085973,-0.05523084927020635,-0.023787005730500833,-0.01568472685631492,0.26064062069604726,-0.2465869560512133
0.08969069531159608,0.07969327386231032,0.14269574263787527,0.06252086260593152,0.17136480154755918,0.09780689377025963,0.7471195112899975,0.16494128590347412,0.277244331084849,0.1799331624708802,0.21412146957757439,0.26415549703897606,0.12618617030248697,0.19103394488358813,0.18496506148004505,0.2801059637377032,0.20691317367913906,0.18943348344152852,0.01971706545097028,0.09947124799555794,0.15491498760412334,0.2427706780338728,0.10373109935428687,0.2984491164664737,0.2433481583721927,0.19491284660683733,0.1761307297900714,0.10840825407637866,0.16830534561943386,0.19827253419428104,0.11026345705745094,0.1866183017412798,0.1482900955928202,0.2293364435078985,0.1804619770963368,0.2159599988596701,0.20050575266039622,0.12033923975757709,0.26364463315546,0.04059272279915809,0.1661214913236213,0.1620584991211349,0.16845380399831184,0.055580616468975205,0.02594802283964831,0.09998998007133095,0.06934476554327916,-0.05753927366235908,0.3734642052280905,-0.0438021983777376,-0.13534112695933503,0.019503388117270967,0.10311432987372277,-0.11832030865866225,0.05769855002514452,0.150061864950641,-0.01270638275255289,0.04953064945088154,-0.2626667269946609
0.14484561274894883,0.23880855819900862,0.353413956738237,0.31223896576845084,0.24203548414062703,0.31729798292656713,0.16494128590347412,0.7443357687747015,0.05514474991195565,0.12398095282837562,0.20216283914630417,0.15764876095370856,0.09348632856819684,0.21375660243130223,0.10650914202981007,0.16280256559810025,0.19057551764671457,0.2442381308538971,0.15373943000911447,0.25458653384788704,0.13537508603465598,0.1364892625858316,0.030031217991310432,0.16438567275981036,0.13854350976465332,0.2218177467987806,0.13994854645532306,0.12415527635756834,0.16558942698648202,0.055352348715198285,0.09760107021129871,0.20383992296041892,0.1151026718198588,0.22311122538620298,0.1235641216008029,0.10126613808305511,0.19257597636998136,0.17256643957872883,0.25956647932735283,0.0752711400675706,0.08126749306904037,0.1290522017870816,0.16889975330474946,0.06020497231136611,0.12297220720701889,0.14473908274738825,0.33086370127121373,-0.02742342973186102,0.32101955919159875,0.15421007619753363,-0.2754061526772133,0.15157760212829077,-0.05950743688690482,-0.0792087610367035,-0.07549479144783942,-0.06347319574564136,0.0621709745706885,0.19831886145595126,-0.18413451682773296
0.09281811503695714,0.1003772582128805,0.2665011423507436,-0.06881041287261022,0.022711703026546827,0.1011455268882631,0.277244331084849,0.05514474991195565,0.59323928156874,0.021147820739770364,0.12728937569282395,0.1261462528363368,0.06023495554703489,0.1199639608013023,0.1067584321148952,0.10447393152990993,0.15925750992215582,0.102913847316377,-0.0664285901460173,0.06516849092276357,0.13726740610888266,0.23980636471859879,0.07042502073535982,0.1905662702208029,0.11902133479779385,0.24474817290401576,0.10694777510248285,0.0886315991260573,0.07504095949079706,0.07025770114301917,0.11230886070250809,0.129722675035772,0.12282418759981259,0.1645823609531039,0.12352775046914566,0.13199944128730323,0.16001794473483236,0.12185353944023689,0.1464490897228253,0.007263380312424257,0.09804213112407847,0.13451525784930543,0.14061568598690438,0.021667250479407516,0.05214610954782937,0.12193870170342024,0.1352755603531797,-0.06892903475880925,0.22023240929683238,-0.02507544499672109,-0.1487065422464544,0.048692837151359795,0.04912419867598152,-0.057973532161182326,0.05870206720559072,0.10763230719104394,-0.006798940540616504,-0.009528768834810178,-0.19775904294313595
0.0519431915226639,0.3338416494101463,0.524181774217548,-0.06525880585668398,0.06092707671174307,0.0688262610528176,0.1799331624708802,0.12398095282837562,0.021147820739770364,0.768182513548836,0.10801121321129285,0.1654684791237311,0.10660264185725424,0.1828240905366754,0.28308734248187445,0.0902100435374833,0.18937125316551415,0.31871226530121566,0.0435295812646551,0.10911772188652336,0.1419120615956483,0.08821756382234419,0.007315561735088679,0.32847772247751406,0.3136089292929353,0.09881504775404822,0.12639442532178286,0.13447679276267147,0.27410014030261126,0.18569556140589685,0.04760905939815077,0.16046530912759271,0.16296338598923682,0.22985764816113824,0.17668940125513202,0.17049254607259712,0.3577201113735939,0.13267378304026398,0.18069076424638672,0.01721308232493048,0.21751344559775748,0.16176698904105483,0.09558336755554801,0.02367396178497087,0.1070470005768475,0.13164195921254607,0.249525150479818,-0.0015759002281560044,0.301570247228562,-0.0222588538174841,0.0887149266913242,0.009480154914468124,0.06199362718458031,-0.07877347103768911,0.03309077801440738,0.09838659658634,-0.030569492941620226,-0.2988333489988824,0.21386138798413848
0.1377192809986856,0.17317172700720776,0.24137018814883252,0.1895214520488818,0.12458321091504142,0.1667458781055403,0.21412146957757439,0.20216283914630417,0.12728937569282395,0.10801121321129285,0.38708741769075466,0.20973049389740306,0.11274158353903767,0.1374531211125909,0.22559504493396518,0.18367029426246473,0.2140668309607017,0.18025631851078364,0.05836585708198771,0.22358363846591667,0.13476182977671092,0.1427986089135692,0.10599727825450438,0.17161994737218295,0.12837374360098427,0.1862901907889391,0.15233773619972313,0.09948646377343723,0.15851611243009386,0.12552547653697727,0.14773298639258284,0.13964877110767343,0.09889757435667193,0.163395586487495,0.12185528268509344,0.1516315140625937,0.14937145966553728,0.1439561416838578,0.20464706112868433,0.08475282152295592,0.11799754953467835,0.13883804450248532,0.15538212725244455,0.03606191813112504,0.09533221992177535,0.13332301483215392,0.15795858690486675,-0.04169941167572247,0.19543670005372005,0.06109784988220383,-0.16062415001305724,0.12670842739322397,0.004586320550349985,-0.06369623925332808,-0.09267210747188102,0.009518359893764814,-0.011430155289950982,0.14575292319831173,-0.12524034292186637
0.12735406473769795,0.1332619920261208,0.23453698769728873,0.23161898722269667,0.18271613745011606,0.19947912259075606,0.26415549703897606,0.15764876095370856,0.1261462528363368,0.1654684791237311,0.20973049389740306,0.5594171965243059,0.08968734060399233,0.15506981898613262,0.2403293434915981,0.25713043667094054,0.152231334512276,0.03561321598256269,0.08280288739892203,0.1754424445361368,0.09597637210608208,0.16404046684196405,0.1267084918823307,0.1764033054591792,0.10996103491990003,0.15939702417667082,0.19077993364940096,0.08039175520234888,0.0790699785173936,0.10052244940176425,0.08724069276145913,0.17010696199650058,0.06545313483934045,0.19311056178046782,0.12691931294508327,0.1739668435795834,0.0235924825751476,0.11416295307363956,0.22611410799507972,0.06169120082798865,0.1134800430295142,0.1020161578969908,0.1285335316754991,0.05678196140568248,-0.08319518598260714,0.10721618907855188,0.16462266834281153,-0.04801708007505573,0.41985676765033486,-0.09845440225175099,-0.12766637359370056,0.03439595302366163,0.04986303938729419,-0.03131377492598551,-0.012341103342792169,0.10639016667405564,-0.006614250224267165,0.04616380177836646,-0.13494149882837042
0.03317795617010967,0.07207728583353573,0.10882701685514502,0.08071003789434884,0.09173417397776665,0.07835974747357513,0.12618617030248697,0.09348632856819684,0.06023495554703489,0.10660264185725424,0.11274158353903767,0.08968734060399233,0.26877254400927936,0.08450551836340962,0.012321010046115511,0.12040884563407823,0.10622720179510735,0.0964630432469699,0.04770826703802984,0.028083013745426124,0.07726965689362082,0.12728223673990083,0.04481426106677346,0.17126952497683004,0.1964390313985108,0.05697582428947191,0.09221369191980656,0.05925480109132716,0.2056398958462005,0.1342915215989265,0.0007903082429932311,0.07931772561924896,0.0692774422777923,0.11213706842534013,0.10429268160459733,0.10669005515939531,0.14066543296692358,0.03759595862119188,0.1404776126265068,0.026316346744580766,0.08594715740466519,0.08252539645114533,0.09722889982467522,0.030863623667246706,0.0273833902573796,0.09381483870658233,0.10405880515968839,-0.04453281266061704,0.15261966197005677,0.027557947950800597,-0.0011494227899902282,-0.04982085217207248,0.029136342731654927,-0.042032833350951176,0.004448716758845663,0.0011055286814128785,0.008776503283152314,0.05002143696790058,-0.10782354052756352
0.09409588818475417,0.22122053040478185,0.1929907675261121,0.1558789676953397,0.16100219523164913,0.14945768212519067,0.19103394488358813,0.21375660243130223,0.1199639608013023,0.1828240905366754,0.1374531211125909,0.15506981898613262,0.08450551836340962,0.5775882299111831,0.3319767740613129,0.35699297448705014,0.21742823879747508,0.22887045482778437,0.08474922781299515,0.19297928015475918,0.17852056011889836,0.25575901706280074,0.1880364258478929,0.261397776006749,0.1371070619719545,0.2228284513243027,0.18842721340806143,0.07778200384638673,0.15088263364822263,0.2257646026016064,0.17557186298551844,0.4871258130368622,0.19733938167066029,0.1977286102249028,0.0994282680463214,0.22823688500295664,0.13371146450825186,0.29512270479714914,0.11885434676235425,0.10731074041615095,0.17432706369302456,0.18880956873236932,0.2651668684345453,0.07378385432725601,0.07428647291355588,0.1569038964107963,0.27777788714817586,-0.06678378775666555,0.3421232623216547,-0.044216777765297866,-0.09726891835915567,0.05304960040547554,0.12836787237343397,-0.048226545586415495,-0.19297278780703286,-0.008015489129666613,-0.2056395833473999,0.253765550099828,0.08952368667025999
0.24846953921181214,0.33414003113226276,0.34798925307988166,0.14209262732597533,0.1490059345066204,0.0912560742523485,0.18496506148004505,0.10650914202981007,0.1067584321148952,0.28308734248187445,0.22559504493396518,0.2403293434915981,0.012321010046115511,0.3319767740613129,1.1068152494919965,0.210849433053823,0.17064432613694536,0.4078460699434551,0.0794400871041153,0.29563714281848186,0.23166835420330328,0.12417675831132542,0.18709407964142089,0.32703405490689064,0.16696078404176004,0.20111004262145718,0.2096449722088887,0.07492987700523024,0.17880994935256886,0.30493262171341934,0.2801620020128637,0.27326152164346545,0.2345971066721329,0.21054026410913124,0.06643927632110246,0.2342615742649866,0.24565751903631086,0.3143139263228703,0.1458220319992868,0.09558181363704747,0.2343103432293942,0.2261767456754066,0.290002841469981,0.045019585488873706,0.2128058281882344,0.19389257056451106,0.24679369501102716,-0.01266813415908657,0.2916344426424795,-0.11003462722113821,-0.09911427074401903,0.30908227848848024,0.1389506556696644,-0.14859898582804798,-0.14525245296433603,0.052082558690348106,-0.2810068495919081,0.2608733575342672,0.0542900193183324
0.06011829226755546,0.09654683419965386,0.07280753902158424,0.2473953995604807,0.1924193815747183,0.17105611804660611,0.2801059637377032,0.16280256559810025,0.10447393152990993,0.0902100435374833,0.18367029426246473,0.25713043667094054,0.12040884563407823,0.35699297448705014,0.210849433053823,0.7788569706879378,0.240137689216555,0.13030134889659567,0.11900434931212114,0.2054461334226623,0.1712986714072089,0.3706629132810665,0.11603707787398301,0.29597612227448006,0.148478112663083,0.14989784885633875,0.2455691109059821,0.17298235953692162,0.2119639561389951,0.3164861007000966,0.1671837643440687,0.34131414662102055,0.1586040322950919,0.20801551232529555,0.23438698597952826,0.2444156200095998,0.14983342427041757,0.2378247632768072,0.2282136801692282,0.1331909781597554,0.1999414157128852,0.18639787902071728,0.3082166959513001,0.08442163988445428,0.04895148505675683,0.15872323984480277,0.2544245841730196,-0.098969844194306,0.4976095626882388,-0.13635577857302522,-0.15824013524868744,0.08101639315013796,0.05278655602865021,-0.06500789923468142,-0.10541310585866098,0.0912661298205614,-0.1730151895130364,0.32027276098935636,-0.15506116889583382
0.05829416113030349,0.27231364329714886,0.2680982920870834,0.08870194345243278,0.0973058750319268,0.15532389154427556,0.20691317367913906,0.19057551764671457,0.15925750992215582,0.18937125316551415,0.2140668309607017,0.152231334512276,0.10622720179510735,0.21742823879747508,0.17064432613694536,0.240137689216555,0.6961253731981568,0.1807943892038977,0.06162807663563022,0.2805319794763819,0.21645852267918045,0.23617459982668246,0.03453460882942378,0.16438026970540232,0.27443924977019973,0.218656984677242,0.19052873096074371,0.26053254168649437,0.14594854792219325,0.20312871263801505,0.18315961265014302,0.21798246165261037,0.19338468353209531,0.1924503310839279,0.21758851895399525,0.20401103492655814,0.31251682243755774,0.29955838728325346,0.25889737642154415,0.08717117942566285,0.18737451987172726,0.246787745566917,0.2377354281175368,0.0575014274416548,0.24418383578137687,0.15774513669305393,0.2531422798024171,-0.04942328268620483,0.13386495860095682,0.18082086211156764,-0.22988739719322684,0.24905451082288652,-0.05973473151049393,-0.0420567531148131,-0.15097106797029342,-0.0551788697922478,-0.18537829400675998,0.17087274371459757,-0.04103407148259017
0.20617420836358544,0.4901633714119657,0.41189281291728563,0.07651898884693156,0.13394567167213636,0.13135898554770764,0.18943348344152852,0.2442381308538971,0.102913847316377,0.31871226530121566,0.18025631851078364,0.03561321598256269,0.0964630432469699,0.22887045482778437,0.4078460699434551,0.13030134889659567,0.1807943892038977,0.8896481922637797,0.0896889946811108,0.09005154694028047,0.21458086302986693,0.15536565679246322,0.10444231300402804,0.3302125694375614,0.2840240761629357,0.23715930990323195,0.1384086759891715,0.10838410945010664,0.2707072262931536,0.19439426447265398,0.1138252383968154,0.18483470758510953,0.2076094317993659,0.2028470833572633,0.08912007832904224,0.19964260564465605,0.3074936316937949,0.2137930605455627,0.09946716889458909,0.0694408484148333,0.20239224686000212,0.20588573428706147,0.19710104328821895,0.03016851645167471,0.24927916670659453,0.21230159994740452,0.2619842586997536,-0.042232616293852894,0.18736095888599885,0.008405974565549576,0.02903648795001907,0.2054515821773512,-0.016395405984856438,-0.18840010062750182,-0.1094693036424901,-0.014987081876346812,-0.10241101317382312,0.12558652573996398,0.023820879868283306
0.0666159278451887,0.07950840008114096,0.07165524411378614,0.18637970293780473,0.28554204356514623,0.21027714355532642,0.01971706545097028,0.15373943000911447,-0.0664285901460173,0.0435295812646551,0.05836585708198771,0.08280288739892203,0.04770826703802984,0.08474922781299515,0.0794400871041153,0.11900434931212114,0.06162807663563022,0.0896889946811108,0.6175088768451338,0.185197052182617,0.05662390373299141,0.06021735415208429,0.007007377149932237,-0.0005996615131875009,0.03016551527074408,0.0337872280728613,0.07159389895380935,0.06229321816874074,0.1479020252327113,0.017776660181263094,0.0912118783643696,0.10778199504840964,-0.004376747601707752,0.09217663567381569,-0.061754088106415375,0.11817209131470226,0.020306324274126767,0.10375190475280281,0.03548639510016847,0.05711798851865358,0.05318052644084259,0.04805637862369218,0.039304370040276086,0.013259618618934864,0.0347569867074001,0.0625591587501925,-0.012074265765718713,-0.03982001318267945,-0.02187876699446058,0.03566324641462764,0.27460172028936664,0.09188013216723914,-0.23169022718650645,-0.02584658186398165,-0.09684131411160218,-0.045636873940142625,-0.05259551707451627,0.1822812286079873,-0.0072827733777102895
0.18078692307891608,0.5423111696380191,0.345160568445246,0.27526554322356356,0.1703994465784129,0.24408938944243846,0.09947124799555794,0.25458653384788704,0.06516849092276357,0.10911772188652336,0.22358363846591667,0.1754424445361368,0.028083013745426124,0.19297928015475918,0.29563714281848186,0.2054461334226623,0.2805319794763819,0.09005154694028047,0.185197052182617,1.4636986920205557,0.1873658080587178,0.026458251149719687,0.4867699585821122,0.05223288062670575,-0.08053483363130809,0.10443211925536348,0.2806742173078917,-0.031218727842970573,0.3789428127017103,0.21219418103580895,0.6138770481618725,0.19579159218628542,0.03692096197559771,0.44131714550239604,-0.15066251892507998,0.3186752517572821,0.29708506053418965,0.4326253166293226,0.30823405742220716,0.3050832298980422,0.20288784182411715,0.22115357348489936,0.38528819108691453,0.04876568781386138,0.34875956787177703,0.38134085561483905,0.1359598612540851,-0.12080439365117648,-0.11313455442167318,0.20842828715934544,-0.41766996804685386,0.5245999572307946,-0.09797025769848812,-0.23158067154562925,-0.20418283327468886,-0.11614555665656133,-0.0918872823811143,0.22835003383572283,0.02918382337423175
0.09546880611052636,0.25828542556258355,0.24240360120100762,0.1041378867531264,0.09081366946635563,0.08631920117237778,0.15491498760412334,0.13537508603465598,0.13726740610888266,0.1419120615956483,0.13476182977671092,0.09597637210608208,0.07726965689362082,0.17852056011889836,0.23166835420330328,0.1712986714072089,0.21645852267918045,0.21458086302986693,0.05662390373299141,0.1873658080587178,0.5859644337699724,0.1719156737835402,0.05713056813762766,0.2246509498996776,0.27832294472854896,0.15902940272554753,0.15763477778054688,0.15331004069199025,0.14566772767903743,0.31328417726027324,0.30020924797629783,0.16368792070561625,0.3086445639002343,0.15723601895505937,0.15774478311022821,0.21350096710903035,0.42406825730083453,0.328918854682191,0.25864589643923297,0.17462859174082834,0.2256423348582387,0.4665957738079858,0.31781712820376895,0.0683179165924061,0.4303355055096641,0.1443582729926632,0.3362108018170895,0.026912939916740056,0.21903374840493067,-0.0254775477447234,-0.040256772531200635,0.05513783255855825,0.09094562005528416,-0.09922618372381087,-0.0715077391055575,-0.0007657634077144663,-0.1833474914017536,0.1759862229915426,0.04602549163075925
0.10123100560676461,0.08192054874214763,0.19930032413204155,0.0929146791997456,0.11247312084764578,0.1510464446975062,0.2427706780338728,0.1364892625858316,0.23980636471859879,0.08821756382234419,0.1427986089135692,0.16404046684196405,0.12728223673990083,0.25575901706280074,0.12417675831132542,0.3706629132810665,0.23617459982668246,0.15536565679246322,0.06021735415208429,0.026458251149719687,0.1719156737835402,0.7354752070518841,0.19073698184750032,0.25657874694172855,0.09630260180070646,0.11803528275935668,0.18519021025455806,0.10244326975384083,0.15731939648282833,0.20116745947481032,0.1783385206831056,0.2559324995911403,0.18583722698049682,0.18358106730766527,0.10859424235493151,0.27904957926429813,0.10407328331473714,0.22836034999034857,0.2382361810779823,0.05883533917359305,0.09899760776784218,0.1715760927258709,0.2323053725785293,0.08275241677389411,0.0405046250836826,0.28951246125212904,0.2716166457022512,-0.268694320045725,0.37212909685327045,-0.03735160813822555,-0.13773783538062,-0.12184574618870525,0.07599456463165828,-0.05040608389402191,-0.058088370935769,0.09044161396323759,-0.041919158379646895,0.10056655709892341,-0.14815327717241814
0.19828869702178492,0.10596741908288593,0.17118849057363306,0.18154925761135468,0.11033264466645673,0.08274599345262384,0.10373109935428687,0.030031217991310432,0.07042502073535982,0.007315561735088679,0.10599727825450438,0.1267084918823307,0.04481426106677346,0.1880364258478929,0.18709407964142089,0.11603707787398301,0.03453460882942378,0.10444231300402804,0.007007377149932237,0.4867699585821122,0.05713056813762766,0.19073698184750032,2.080181142546669,0.15310725790126098,-0.09301575804629998,-0.1675054150818331,0.07961309938088366,-0.6563899216022536,0.3427179875740864,0.11992945661391498,0.4279455748673282,0.06800406736518458,-0.3159387766626564,0.5161880889585313,-0.44798553521513906,0.6421768381797616,-0.19157206811358843,0.05012918133069391,0.27312073166850387,0.2677918289928946,0.06861788030030738,0.09442530662046712,0.22073153337807477,0.17499896327778353,-0.017725981672467486,0.5858269579186784,0.01815166310010579,-0.42873841947618296,-0.5860853865387768,0.06773665733282713,-0.20463898508639836,0.09535543767578178,0.24250094494069163,-0.19795833892919248,-0.2172508310101103,0.08836990352689054,0.029445558669966825,0.06995449843170795,-0.011595960429160931
-0.576583093584862,0.14653714983244628,0.3118155505302052,0.08277416000677564,0.14107525775441593,0.05795506860252216,0.2984491164664737,0.16438567275981036,0.1905662702208029,0.32847772247751406,0.17161994737218295,0.1764033054591792,0.17126952497683004,0.261397776006749,0.32703405490689064,0.29597612227448006,0.16438026970540232,0.3302125694375614,-0.0005996615131875009,0.05223288062670575,0.2246509498996776,0.25657874694172855,0.15310725790126098,2.006057658253116,0.9186072861328255,-0.029756472968864824,0.15067194831529998,0.1352748460710681,0.31536593433685123,0.5074954038693348,-0.19754491393917398,0.20820659764102312,0.35669991726368483,0.327948170560105,0.17157140460729123,0.38141719209047875,0.6745781614707808,0.22085565922960584,0.44520580309541063,0.08091406847725705,0.335777859004112,0.2612769177641984,0.36245595381723383,0.0592726901759503,0.15379207541575332,0.1940804978238235,0.46454989154844556,-0.02801230630301578,0.9292131459465456,-0.24543451578625164,0.20611307917997765,-0.38286974321245654,0.3095513126320252,-0.14243744793061014,0.10954207317450479,0.20100655276454063,-0.1232031957661949,-0.15267982744577496,0.11301353408356088
-0.00027092608504418144,0.3915445331022749,0.41674697731727256,0.11357124962994072,0.13346889657954442,0.04794019049315382,0.2433481583721927,0.13854350976465332,0.11902133479779385,0.3136089292929353,0.12837374360098427,0.10996103491990003,0.1964390313985108,0.1371070619719545,0.16696078404176004,0.148478112663083,0.27443924977019973,0.2840240761629357,0.03016551527074408,-0.08053483363130809,0.27832294472854896,0.09630260180070646,-0.09301575804629998,0.9186072861328255,2.937001366198309,-0.21719361214700372,0.2540498788947576,0.20274389960999983,1.1151916025828246,0.983411168527181,-0.7562948293821531,0.13238841665166579,0.3327122706673781,0.5756887320875873,0.22197746307315236,0.498169144118529,1.4330845733487088,0.3914199142810948,0.7548362454416355,-0.030530799389013742,0.4922274302259523,0.3450115114204189,0.590402315477251,0.10603876821995684,0.6983003111741051,0.360126221277158,0.39385670121110145,-0.127954529767766,-0.7010218555268474,-0.3184661067214417,0.6652651737162724,-0.5859518886176399,0.27863872320709,-0.19989708748292015,0.05301875541366497,-0.027195216170727787,-0.47393091272591736,0.2254568351554088,0.102938232029149
0.28390530737145303,0.1831569534138839,0.13419197598428198,0.05739361556374043,0.14602476635939393,0.14072937447384926,0.19491284660683733,0.2218177467987806,0.24474817290401576,0.09881504775404822,0.1862901907889391,0.15939702417667082,0.05697582428947191,0.2228284513243027,0.20111004262145718,0.14989784885633875,0.218656984677242,0.23715930990323195,0.0337872280728613,0.10443211925536348,0.15902940272554753,0.11803528275935668,-0.1675054150818331,-0.029756472968864824,-0.21719361214700372,1.8294169289038424,0.0722916907553666,0.1436385712816575,-0.2481334648628497,-0.05278621864509759,0.1910253798879026,0.25365375437529847,0.11161986650714886,-0.05848583394676949,0.2682131625834098,-0.11768777614857083,-0.27123794766192405,0.3130462188904128,-1.0285292516058937,0.0003375329879301916,0.5736519405204843,0.20803486193478507,0.2610920186106238,0.027911239939540887,-0.6003241178133701,-0.3153487113905733,-0.013353274161859318,0.3669438315441571,1.3439394960287943,-0.4377501866996537,0.1912201737620685,0.017668983617230776,0.12172121082578677,0.1461332243432777,-0.11550594769101415,-0.06092014324762523,-0.08129277281065486,0.37464244679847597,-0.18462509501448593
0.1128736739215023,0.16985181371914482,0.1516234588137997,0.12611834980061687,0.10128126573582344,0.117270041077732,0.1761307297900714,0.13994854645532306,0.10694777510248285,0.12639442532178286,0.15233773619972313,0.19077993364940096,0.09221369191980656,0.18842721340806143,0.2096449722088887,0.2455691109059821,0.19052873096074371,0.1384086759891715,0.07159389895380935,0.2806742173078917,0.15763477778054688,0.18519021025455806,0.07961309938088366,0.15067194831529998,0.2540498788947576,0.0722916907553666,0.7131673254012827,0.17549121498511397,0.1360868680698887,0.32455060787518974,0.19407491287308531,0.24215853252743574,0.22041615679995027,0.20811901012309222,0.14761878690897295,0.28672746654016784,0.27973864728744,0.2624503058226865,0.2569812888763975,0.1166366354224084,0.24826857296054183,0.18056862968934356,0.42234483610463125,0.031430634241405964,0.03160200691189081,0.18546890238671357,0.17458085423573186,-0.054326449143176636,0.4039040570296499,0.006485118809164051,-0.10399269960479085,0.1865199510798891,-0.016463023492606074,-0.07126928918412755,-0.028879691893324264,0.02445853781301276,-0.06644204407962552,0.11948556932868709,-0.045765641453568366
0.020382802335338398,0.10514203554689075,0.12285258674271093,-0.013256971560908291,-0.08148015252192936,0.07854876455660988,0.10840825407637866,0.12415527635756834,0.0886315991260573,0.13447679276267147,0.09948646377343723,0.08039175520234888,0.05925480109132716,0.07778200384638673,0.07492987700523024,0.17298235953692162,0.26053254168649437,0.10838410945010664,0.06229321816874074,-0.031218727842970573,0.15331004069199025,0.10244326975384083,-0.6563899216022536,0.1352748460710681,0.20274389960999983,0.1436385712816575,0.17549121498511397,1.5795835140111123,-0.28677359644650335,0.2246100687298768,0.054831785789022466,0.2582806204648836,0.8143688413265667,-0.21714572068129198,0.7934723329510212,0.06667465461713425,0.5304338675748002,0.22499615947805626,0.15463750247983027,0.0604418016062482,0.18258035232784858,0.17399456848718073,0.24154987166788014,0.08069021034908362,0.08440719528332905,-0.1965434308881201,0.1323297571435593,0.19332708373997218,0.5046862720756328,0.2903624439715499,-0.019803762275603907,0.5992811939182401,-0.9797461450361685,0.06188849535669026,0.24550135037505733,-0.00043940180885698786,-0.03142369113743649,0.03583568823210767,-0.0055097901800792645
0.07835862024012676,0.36353560163531773,0.41630395887101773,0.17960232736284493,0.15763774272483344,0.22720555465342818,0.16830534561943386,0.16558942698648202,0.07504095949079706,0.27410014030261126,0.15851611243009386,0.0790699785173936,0.2056398958462005,0.15088263364822263,0.17880994935256886,0.2119639561389951,0.14594854792219325,0.2707072262931536,0.1479020252327113,0.3789428127017103,0.14566772767903743,0.15731939648282833,0.3427179875740864,0.31536593433685123,1.1151916025828246,-0.2481334648628497,0.1360868680698887,-0.28677359644650335,2.7715527750133275,0.5665241574680636,-0.20881187746631297,0.13096165101181334,-0.17911332340689437,0.7564947256598982,-0.35812056423602395,0.4382985954209697,0.8429271477686167,-0.1316886782110828,0.4809643714725624,-0.03839785011464774,0.5268209140162093,0.15488371788973967,0.0981485552616979,-0.08437510926834743,0.13790484624918908,0.3202323896230514,0.11857847849452216,-0.21948914285353446,0.07283270405206659,0.14743725225424742,0.011986433394416962,-0.046772579563649,-0.044370966261173164,-0.17249146781880423,-0.18098513869033647,-0.0022737001708096763,-0.11636777962567103,0.10219020643546567,0.00965685321065848
0.15105427107754832,0.18202164170145438,0.010299515459245547,0.0983471792943374,0.05169010947117058,-0.029820069204056335,0.19827253419428104,0.055352348715198285,0.07025770114301917,0.18569556140589685,0.12552547653697727,0.10052244940176425,0.1342915215989265,0.2257646026016064,0.30493262171341934,0.3164861007000966,0.20312871263801505,0.19439426447265398,0.017776660181263094,0.21219418103580895,0.31328417726027324,0.20116745947481032,0.11992945661391498,0.5074954038693348,0.983411168527181,-0.05278621864509759,0.32455060787518974,0.2246100687298768,0.5665241574680636,2.2239343715337596,0.047649054149502046,0.23847225112538467,0.32982802800602695,0.12437818174094663,0.3184616195365591,0.41817451002252926,0.7456329909408546,0.5071017481679844,0.6552414786503229,0.10847199484866539,0.7430305365847704,0.36286400017883635,0.9521239777227134,0.208255884970826,0.45804953849295066,0.14101633155920823,0.52415296115517,0.10084015009073938,0.8743611104228103,-0.20177673940868457,0.057599402437919535,0.04787187528408619,0.1819852487841843,-0.1081528242436072,0.1262323211745653,-0.052063745256866405,-0.29582895401252435,0.5726020438972398,-0.3426306151156438
0.1597947580596575,0.19291434831814683,0.09366543989394446,0.10478494451250939,0.12647993359302562,0.1381161776218849,0.11026345705745094,0.09760107021129871,0.11230886070250809,0.04760905939815077,0.14773298639258284,0.08724069276145913,0.0007903082429932311,0.17557186298551844,0.2801620020128637,0.1671837643440687,0.18315961265014302,0.1138252383968154,0.0912118783643696,0.6138770481618725,0.30020924797629783,0.1783385206831056,0.4279455748673282,-0.19754491393917398,-0.7562948293821531,0.1910253798879026,0.19407491287308531,0.054831785789022466,-0.20881187746631297,0.047649054149502046,2.132673125374403,0.14131642759780208,0.23044265101512276,0.12824032566586652,0.01631997264772631,0.1743653074894467,-0.21379767108532594,0.3947079724161011,0.04283178684696232,0.13097801945621526,0.039172401871638216,0.261704756508377,0.264229730101195,0.15167337057429978,0.22499516398272834,0.03964959138177427,0.08227341719565875,-0.012597901012052864,0.11110475790573741,0.2524058348390853,-0.6267904653367681,0.6341196239922884,-0.10083071257857136,-0.10505981707568611,-0.06521927518172191,0.018526299176335595,-0.16586806585608926,0.16036767243312067,0.04076576008546156
0.08743289616748373,0.19654344691107725,0.15812610785052578,0.15923292526503977,0.12045484970689586,0.17252265552879772,0.1866183017412798,0.20383992296041892,0.129722675035772,0.16046530912759271,0.13964877110767343,0.17010696199650058,0.07931772561924896,0.4871258130368622,0.27326152164346545,0.34131414662102055,0.21798246165261037,0.18483470758510953,0.10778199504840964,0.19579159218628542,0.16368792070561625,0.2559324995911403,0.06800406736518458,0.20820659764102312,0.13238841665166579,0.25365375437529847,0.24215853252743574,0.2582806204648836,0.13096165101181334,0.23847225112538467,0.14131642759780208,0.8234859463853524,0.24935096908993418,0.19779797951213987,0.1061891622152315,0.21184159201036812,0.1310590852765622,0.32397586031854453,0.09190748107781908,0.09049931313854279,0.1770302489943039,0.18095305508808665,0.31505918957103873,0.07239751469149264,-0.006974576182914348,0.07264597569954129,0.20410652421506392,-0.034745307365555304,0.39703306558942986,0.05686583251599416,0.007125414664687951,0.2962206433738435,-0.35607114315317206,0.004839579722980475,-0.15859620616823486,0.0009114457083829031,-0.1644215970322519,0.2432743710552397,0.06787823603217019
0.02726210550628303,0.23752683108843034,0.1951700036252015,0.031243642255689364,0.0565786360732813,-0.037246752052796386,0.1482900955928202,0.1151026718198588,0.12282418759981259,0.16296338598923682,0.09889757435667193,0.06545313483934045,0.0692774422777923,0.19733938167066029,0.2345971066721329,0.1586040322950919,0.19338468353209531,0.2076094317993659,-0.004376747601707752,0.03692096197559771,0.3086445639002343,0.18583722698049682,-0.3159387766626564,0.35669991726368483,0.3327122706673781,0.11161986650714886,0.22041615679995027,0.8143688413265667,-0.17911332340689437,0.32982802800602695,0.23044265101512276,0.24935096908993418,1.8787797726176005,-0.2839550892156966,0.166208723128799,-0.09798497906858354,0.9731761136935052,0.44851431436868594,0.17433551043002932,0.05177967309887344,-0.08473655519095319,0.30729155919113516,0.4824271982558135,0.09470961238553532,0.3938363842432815,-0.0014535735627648507,0.6382382492644845,0.190122024560554,0.6879291479236663,-0.14223335956931024,-0.009042123451736172,0.11192978767397148,0.02656416310726566,-0.20058448802760664,0.01949980207236812,-0.034424207940939,-0.17346409181284675,0.08319577085379902,0.22918053324888069
-0.11769742401661173,0.3081756784068781,0.39462684682519744,0.253086919345165,0.1638771190557974,0.2608052676622557,0.2293364435078985,0.22311122538620298,0.1645823609531039,0.22985764816113824,0.163395586487495,0.19311056178046782,0.11213706842534013,0.1977286102249028,0.21054026410913124,0.20801551232529555,0.1924503310839279,0.2028470833572633,0.09217663567381569,0.44131714550239604,0.15723601895505937,0.18358106730766527,0.5161880889585313,0.327948170560105,0.5756887320875873,-0.05848583394676949,0.20811901012309222,-0.21714572068129198,0.7564947256598982,0.12437818174094663,0.12824032566586652,0.19779797951213987,-0.2839550892156966,1.3456357989755585,-0.04031152413910587,0.38758701091187253,0.4902969243888018,0.1578441957748484,0.43382331712444316,-0.07566078639856172,0.24540063797164124,0.2087521860135737,0.3467965802783467,0.10046057920014312,-0.10362406509176737,0.22116900845478024,0.23034180114893563,-0.17565769168343676,-0.11654680269765726,0.026308210977143486,-0.18207969843300176,-0.06808094158331544,0.06600172710416378,-0.16912757582353455,-0.10896477004666495,0.07845521629970728,-0.13874012477845923,0.018572379089013723,0.02068050113592788
