2.446672563243363,0.050104556349466,0.3072969135262949,0.03782660483429725,0.36928347420270413,0.30932333736149636,0.36883841190062766,0.35400243213266547,0.3386487814850992,0.3165034010516545,0.4647246622839602,0.3289910870654925,0.2627289918806101,0.3529927035957458,0.2849189816111633,0.34445486017047944,0.20413294686445704,0.40762187891504925,0.2772542375507589,0.44739719816754187,0.33881949981041354,0.3049058089721154,0.4598914527548053,0.32944916908451,0.35579902371792055,0.2634574600823694,0.3084776447082026,0.18809424013062478,0.2894549895661148,0.10340100046141289,0.10448201458426998,0.1316245334968756,0.262951209583327,0.10906740743806616,-0.013509825349473214,0.318074986618861,0.30742742577619825,0.34844110674287004,0.2155516772213043,0.25660196929847545,0.16201622429662843,0.050051346065378755,0.2574476844772145,0.24214798066908927,0.19128287322208262,0.17118014307009516,0.2123829856441866,0.19861969046478034,0.2612189571352835,0.003231631937851514,0.029242747813492665,0.10356102023815672,-0.023001268384350133,0.10202851881370091,0.019697706064333714,-0.04649016287237378,-0.02254534514204464,0.06968331601183811,-0.07299551380068749
0.050104556349466,2.317518807062355,0.4246197648416477,0.1546392319626905,0.6866228811110743,0.2440328947990033,0.2788187069862303,0.30767397119770573,0.2503704479920688,0.2909280380395278,0.19993876806712627,0.30991264893358933,0.3600369127611583,0.28066787358417633,0.26477674301139636,0.25085619025578315,0.1931048221866746,0.20759930082784425,0.24001166307936844,0.32467741511184534,0.1775305346540183,0.29197111786352026,0.2850183338274711,0.2946448526809192,0.2826409235795442,0.22962285076938765,0.1103846446663414,0.10046933060308015,0.32142269310025096,0.2938523128254235,0.31200336161398945,0.4194582734047697,0.22584034487604732,0.43267116721019483,0.2454105658599105,0.2214639145702443,0.29583789559484586,0.16141720564396847,0.1826363124055498,0.16659125733769362,0.11265419510555358,0.10232824833434577,0.2947920842466601,0.18975292773385005,0.1466771713855235,0.1972406892037352,0.18150487765162146,0.1730364735982782,0.1452390510497774,-0.19811904373317005,0.01977256392867823,0.04319204325226197,-0.04846803717786882,-0.11288375071985197,0.1792379046843069,0.03533473374914025,-0.007258639787748599,0.017528684259327968,-0.17382406643302822
0.3072969135262949,0.4246197648416477,1.6941852882164687,0.43327863758066026,0.9630523087071379,0.493979615606238,0.3916008153163537,0.35810187486730316,0.3750027854447644,0.4306691107805262,0.40906988304558806,0.44142641549540557,0.45296164376480064,0.3883746373164806,0.39773893840264,0.462940600611274,0.3127062377835455,0.31125826372462667,0.4136164682480194,0.36211594056530955,0.3560335373997077,0.3476850596460932,0.44217521933703474,0.40116816821478934,0.4734716705713828,0.3760603460967596,0.2843162507415898,0.2878122451984672,0.3895966112369385,0.27547971171887686,0.31156024779702407,0.29962946178617555,0.3311444370590513,0.22107848213247053,0.31679033509600146,0.3299154360169979,0.3968839938438181,0.32128374929405323,0.29504639657781173,0.2771509431449603,0.14671914651924028,0.0979688194219972,0.2724048298533179,0.2518964147110309,0.21675189291016725,0.27459517541466544,0.20919137290377168,0.1826830430208955,0.2701903158658597,0.18769720510950794,-0.14546038297506356,-0.18688606745631317,-0.14733838700166896,0.1310648182462912,-0.11500970872469106,0.12929737469849678,-0.05539702518534827,0.10274230025240634,-0.10022166451312607
0.03782660483429725,0.1546392319626905,0.43327863758066026,1.1653071706929656,0.6444220169640585,0.6263810135438512,0.39324032755666294,0.40938915990192193,0.42077136630213957,0.43402345035813605,0.5356142184279463,0.42709365047154846,0.42084511780242856,0.38600177332367863,0.43506507555895063,0.38201499758930074,0.33799174656108666,0.3279240565101901,0.3555636224472793,0.41911455736801545,0.5062936768051044,0.4569187947751527,0.43135811448462874,0.49046566946091086,0.43827593104875967,0.4182463791189676,0.34842104250018685,0.2971923046343673,0.46513860522512296,0.30638864281263695,0.38743113491585557,0.4316642539545451,0.34120974497043355,0.26017088145158246,0.4145894625022489,0.34708038898341714,0.42404129230535803,0.3153648107079652,0.3970490094525054,0.31994232452594307,0.10197943408433333,0.12094697256149178,0.3385120033209445,0.2288099759533976,0.31310777942173323,0.3467086959228078,0.2615213389595632,0.24428603135121502,0.30327599411471845,-0.07625175567240963,-0.030135817468136046,0.07839546865600881,-0.02091093064794052,0.11355075620452651,-0.10144294074814958,0.051207250979305785,0.038825533873060154,0.08782001531245459,-0.11117211195662972
0.36928347420270413,0.6866228811110743,0.9630523087071379,0.6444220169640585,1.9713837179634122,0.6593720332966432,0.4974650480741418,0.3708193766419032,0.4994563355684574,0.5411919632093573,0.5031429799228767,0.5462838240462798,0.5222444197836181,0.4883846426928906,0.4908613087170875,0.4571002973555135,0.3897305913257757,0.32316599839849086,0.41765066940359724,0.4333289800385476,0.5242182772495915,0.48122200265372755,0.5710165441705098,0.5508437609550508,0.5910396455793664,0.4595386077474264,0.38062731451494947,0.14282892669944666,0.4991710889221123,0.3076933237005682,0.4330813853144027,0.5195658497541806,0.42567478348546706,0.33850575677089323,0.48193026476382084,0.42106932357736976,0.49758446967550196,0.36288542517026484,0.4171588240293463,0.3522484894499444,0.16722014122186,0.15351808775875375,0.3550135248803182,0.3133225681750799,0.4301678578418712,0.44080934342530836,0.38103375947902274,0.3583769405935633,0.31814110339283486,-0.11442391589219969,0.017476233079900143,-0.06838575496110723,-0.11094766038101653,0.13213260156712275,-0.08438204889466965,0.05305986727090051,-0.027850283334817136,0.2766509376625114,-0.11379688092620936
0.30932333736149636,0.2440328947990033,0.493979615606238,0.6263810135438512,0.6593720332966432,1.357406749236694,0.3171229664847924,0.40298068436315787,0.4812766357356322,0.4360520298165991,0.49057499580650143,0.4871094120646306,0.4615537935687834,0.4887788554833503,0.5668051316127968,0.44158726231305157,0.41330588389902273,0.5194792413768211,0.4034320189312968,0.48137963450946747,0.37687738606104715,0.5325502506937234,0.40361006321382836,0.47388977022784856,0.39544191415245633,0.41446530472401466,0.3711445711564979,0.39325103766030933,0.4496756295583683,0.4298686334752505,0.45353803782491287,0.44831405652147516,0.4124506885348581,0.35561850413359763,0.37689425602005017,0.39470698318265923,0.44439068808225796,0.32780940919775114,0.4266195857534588,0.36333833694034323,0.12956358378717184,0.14521733323163472,0.4310056786348802,0.24402721214080234,0.28691422586903736,0.32278980776056665,0.3089048728873307,0.2836070067562168,0.34943992389958256,-0.31775433167579215,-0.0905222823333425,0.2988320804559552,-0.10030962417545546,0.10838408931634393,-0.15923761348349183,0.028197532694214173,-0.11220754588958123,0.2187871380678876,-0.030327064078799384
0.36883841190062766,0.2788187069862303,0.3916008153163537,0.39324032755666294,0.4974650480741418,0.3171229664847924,0.7760974517296597,0.458816052964006,0.39905587211229415,0.4219378345242763,0.43220869563687453,0.4275668584463801,0.4580612229487086,0.4025664491187265,0.3801194098833666,0.3588404646873785,0.3117016341360622,0.3644226395432966,0.31611858640845,0.3659091813714687,0.4105045157647422,0.3623888248102339,0.39396418664848704,0.42098786509625097,0.3919454317626384,0.34796237790271134,0.3268120450566077,0.3144239141749445,0.36079640820191444,0.27206032646077744,0.31223394012887884,0.34929937717541776,0.2762342280623662,0.2233018398076392,0.3169707919413926,0.32672035330601457,0.3593480190999193,0.3024708210598319,0.2651525803383855,0.27340144814782885,0.18416610413447893,0.1322947704483881,0.2838561017409462,0.26646411262364844,0.2367894370257318,0.25078798602917,0.2420717501211244,0.22885830676068492,0.2617448349425045,0.048345309573752854,-0.03036547306864606,0.05952513139419768,0.013972658272888816,0.05643219796883751,0.1355337910820197,-0.06503181694754673,0.030846100900629263,0.0012657599876798435,0.00025455579547050804
0.35400243213266547,0.30767397119770573,0.35810187486730316,0.40938915990192193,0.3708193766419032,0.40298068436315787,0.458816052964006,0.7354202574552046,0.48028391318646413,0.4174802787857809,0.4264355198682226,0.5159026675912614,0.4991449767560125,0.4206870390031404,0.4507704644949086,0.31641620254971164,0.2951895390180172,0.3615788209101169,0.3111776329105534,0.4611885458385741,0.3696620506198281,0.34339626214380453,0.39462201395020646,0.37637934325588596,0.4186596428632785,0.32439249312880025,0.23395545351556088,0.2782346540716808,0.36669464646389416,0.2976261661132292,0.3202007322701745,0.35624583903280593,0.2845773814056258,0.21156546838377205,0.2580351529089019,0.3174497797612661,0.36883089676014413,0.3162302278374886,0.2970164046408159,0.2809478034569791,0.15494592700220847,0.14213823943160456,0.22258588286369227,0.24259503320427392,0.1670270108671384,0.21871754276636238,0.21957858848033635,0.20495297595082987,0.28258806773172135,-0.16882026563271407,-0.031446947313652385,0.1347306867651026,0.0699991201396335,0.019972290953459076,0.04160858791547475,-0.004328166999315679,0.04442894216684438,-0.035054617399044995,-0.038037912730860726
0.3386487814850992,0.2503704479920688,0.3750027854447644,0.42077136630213957,0.4994563355684574,0.4812766357356322,0.39905587211229415,0.48028391318646413,1.012783406666395,0.48367182577798995,0.5152119613829428,0.4634778348791232,0.4750214922204133,0.4212469951035654,0.5353319412891393,0.35530733840744,0.4038719957518705,0.19022994431352186,0.33118462265669496,0.38162460740098536,0.46341883317508137,0.4175879231397426,0.43216866531648185,0.42350384258173257,0.4208012174376394,0.34739521715687177,0.23324146632746667,0.2668928205765327,0.40312719042326556,0.27117544711227315,0.3113825643160748,0.32335547488038163,0.321677893714638,0.20089520386312393,0.2973360661115611,0.3489417385747336,0.4735680633648075,0.36409776110083225,0.34291162391073965,0.2673338414673519,0.10580474565719529,0.16077460902582347,0.23474399493603532,0.23428337384909617,0.31599042095065627,0.31048553634933734,0.25308653205492987,0.23598774307331202,0.2616236965234907,-0.0068152328161972175,-0.016707112209078535,0.026514296426224236,-0.02410221866228967,0.05236250031283973,-0.1618414960829325,0.06079631454111911,-0.022615737563349256,0.14927263463153598,-0.10356332257119404
0.3165034010516545,0.2909280380395278,0.4306691107805262,0.43402345035813605,0.5411919632093573,0.4360520298165991,0.4219378345242763,0.4174802787857809,0.48367182577798995,0.8352576733169107,0.4555762966455184,0.418200722518772,0.4569148882488577,0.35130346793325307,0.4431306115437583,0.3365822713297789,0.3364196351634211,0.33709503198780344,0.2939230465421171,0.353444303514738,0.43687879251226386,0.37259935463930344,0.5146704219381276,0.3989402610093144,0.5019958018164041,0.30364696367624955,0.24217039354731423,0.2520452534645121,0.361347150862982,0.2184942333623164,0.29241710823489636,0.31631753478819336,0.31080420644360446,0.1647455938395377,0.3261932169099297,0.33145835403127666,0.4004479339979237,0.3334197398431696,0.3562547123065602,0.2856345773773629,0.12876140384791163,0.16405773205855165,0.21775328285335377,0.2501821766606427,0.24709840742938183,0.3114153804719408,0.22570960660714046,0.2164042074931611,0.27730252711026654,0.009677202976463134,0.042147308195541806,-0.006443340305360848,-0.0028647284729648136,-0.032812709588235116,-0.06743034267604715,0.044214475978881604,0.05431131323113859,-0.038492875777360006,-0.07617259339265087
0.4647246622839602,0.19993876806712627,0.40906988304558806,0.5356142184279463,0.5031429799228767,0.49057499580650143,0.43220869563687453,0.4264355198682226,0.5152119613829428,0.4555762966455184,0.8416569752027107,0.44589782056645927,0.46790091853505456,0.41135364468779384,0.4407859283663986,0.42586118823505914,0.3521657281011504,0.34990944727307904,0.39331224912274854,0.44757509596214545,0.7278300692073965,0.4293790331010466,0.46621310940951705,0.4916202660277654,0.5006633412756666,0.4079246161551121,0.343813666076748,0.3410432013561389,0.4473446952648786,0.3013130424636939,0.3445380540376157,0.37698241207220695,0.34936958170970406,0.22607727010814146,0.3181276686190852,0.3980877949172525,0.44160174799935775,0.350001376713639,0.428654035279427,0.32818130910178095,0.1324666557173553,0.1419480539344751,0.3490672984060189,0.2741419183707657,0.3640329461279419,0.3685613175176095,0.28122303694699435,0.26685084671644693,0.3145583934373306,-0.038589933926047336,-0.01081320009746131,0.009634450034628724,0.035695446273974724,0.09787127224146265,-0.10070651415691863,0.024969474609568464,0.023911728836265585,0.0966991706920868,-0.1167800524341799
0.3289910870654925,0.30991264893358933,0.44142641549540557,0.42709365047154846,0.5462838240462798,0.4871094120646306,0.4275668584463801,0.5159026675912614,0.4634778348791232,0.418200722518772,0.44589782056645927,0.7565687885939351,0.48352964617978417,0.4770196710437315,0.5172128026444418,0.33776927258857886,0.3250999526494925,0.3545404839614999,0.34011416454343596,0.4269561690319827,0.4066146193472565,0.3589073797512702,0.4081230492617516,0.3849249751251893,0.4333732084191971,0.3539155483665921,0.27187260920948114,0.2995626612888439,0.39393005301906386,0.35044249405765543,0.3493275357746906,0.3713773745442772,0.31721142112284767,0.23700858972051939,0.31272556543215685,0.3428169762793521,0.4086465122812351,0.2976733141920963,0.3015377945594356,0.29525756245136897,0.1885539516908837,0.17106589605323583,0.2928692982929112,0.26993179827362446,0.26853837402194813,0.3042970832782323,0.2848580109386373,0.26701034131245815,0.29608755755879734,-0.16074211151992088,0.03261919580709107,-0.008456016734421546,-0.04152591611977657,0.1370741226166415,-0.005654507272710123,0.03580683537542738,0.03501067269961,0.0909618132519819,-0.08261333729240382
0.2627289918806101,0.3600369127611583,0.45296164376480064,0.42084511780242856,0.5222444197836181,0.4615537935687834,0.4580612229487086,0.4991449767560125,0.4750214922204133,0.4569148882488577,0.46790091853505456,0.48352964617978417,1.1371162911016246,0.5464905204053558,0.5703037234404476,0.39261929414289837,0.39671553798532694,0.456044520330202,0.3541008497197676,0.4535418590257959,0.41115129855411364,0.38162066578692655,0.3261062127775563,0.37874363877606765,0.42386409165580924,0.30472827518608575,0.24464758431314423,0.23420535272989038,0.3561005027253132,0.2133012112420349,0.3240483394219059,0.3821021816417275,0.274245340522012,0.22880807275830772,0.31027054208404153,0.3185985997266273,0.4018089014299293,0.27362173114830435,0.3403290126800693,0.2583528513801109,0.1228393364495504,0.1152848323752773,0.21625965577393952,0.23960012271809641,0.21265997844478027,0.2672610408924778,0.235538514891611,0.20419653789701733,0.23838417628476855,-0.0798496450628485,-0.13787493043217805,0.1622337221624079,-0.16407440125522724,0.017630217830846666,-0.016123525411171832,0.016143006208267436,0.060975862645480064,-0.048771892480776284,-0.0522908150752717
0.3529927035957458,0.28066787358417633,0.3883746373164806,0.38600177332367863,0.4883846426928906,0.4887788554833503,0.4025664491187265,0.4206870390031404,0.4212469951035654,0.35130346793325307,0.41135364468779384,0.4770196710437315,0.5464905204053558,0.6794779571837669,0.5519494290623796,0.3807069080787112,0.36706727496357355,0.37130775881119626,0.352880185399352,0.4261416134863738,0.32082336087251806,0.39469819771477593,0.42379952665667586,0.38166483857017874,0.4341327871934627,0.3370646871490225,0.22289296922200297,0.20988703444095974,0.3702651231491941,0.2635194964232133,0.30530890631452895,0.3533475406866105,0.2799591384092491,0.23330934778429072,0.26167416383296405,0.3166169970778676,0.36611597521742184,0.26449366752791237,0.28729570470408805,0.24604707189496997,0.1492508498903348,0.15641087450101993,0.2635675345923934,0.23783067958987553,0.2159121944956874,0.24066903834114436,0.23292597934240564,0.22093952829182714,0.23414465502852846,-0.13816800008325303,0.02099197210462785,0.039805867207608134,0.007750328629575004,0.03839466021320735,-0.009120462515184781,-0.02041249603206056,0.05906131207879984,-0.004315573208852137,-0.10203220895333943
0.2849189816111633,0.26477674301139636,0.39773893840264,0.43506507555895063,0.4908613087170875,0.5668051316127968,0.3801194098833666,0.4507704644949086,0.5353319412891393,0.4431306115437583,0.4407859283663986,0.5172128026444418,0.5703037234404476,0.5519494290623796,1.1747084005144501,0.3791936417037605,0.4111101933943812,0.3534623373515186,0.42660536017781325,0.38497626844944755,0.31561556271475605,0.392935858529082,0.43142223374798233,0.24407576905371953,0.2354477322074352,0.3070370031654357,0.2553691700628986,0.17950699967904174,0.354010886544455,0.2542451263908923,0.30493913192351174,0.3547167725793144,0.2776101229786257,0.16764517228711118,0.2343358965601133,0.30959133467874755,0.44785536631179523,0.3100288843778868,0.27075358442128655,0.22913057550598545,0.11155509734684187,0.08086134945445358,0.2253400056287794,0.2087468443816032,0.19857941046096794,0.29793851249810627,0.25504835699346295,0.23144030308519967,0.20962930249984926,-0.10181446126048424,-0.017385621214179678,0.027970789536639014,-0.022940603105960283,-0.03121951925839225,-0.22279408590493074,0.028463096159707456,0.12066360531120283,0.035916614404590555,-0.05121903059555205
0.34445486017047944,0.25085619025578315,0.462940600611274,0.38201499758930074,0.4571002973555135,0.44158726231305157,0.3588404646873785,0.31641620254971164,0.35530733840744,0.3365822713297789,0.42586118823505914,0.33776927258857886,0.39261929414289837,0.3807069080787112,0.3791936417037605,0.6661051692300356,0.29391222251243004,0.34018052126057385,0.5475337517682269,0.4198798468410511,0.2382272581468438,0.4445130801794412,0.4410275599194674,0.41081709276124684,0.38605049132124675,0.4335195765962286,0.3454745475378613,0.2758005411731063,0.385819626151455,0.2577145678115024,0.3007146074082775,0.3087540648802562,0.3062285921536834,0.23219992264989459,0.25287453011011307,0.3289015119532508,0.3680836453133683,0.29696062097882914,0.30089763000230213,0.280140139988826,0.17751884579766228,0.07114404245976916,0.25222968509249205,0.26541784783348454,0.19230187322314587,0.19520929542132218,0.2208409713339929,0.20336215292551618,0.2552803263199306,-0.022458855021089554,-0.06426576150691964,-0.007243016006227975,0.0034461845123220573,0.05227711301727702,-0.07187687467014203,-0.0036154956098469085,0.033878539106123845,0.02822192582169663,-0.07057779844195407
0.20413294686445704,0.1931048221866746,0.3127062377835455,0.33799174656108666,0.3897305913257757,0.41330588389902273,0.3117016341360622,0.2951895390180172,0.4038719957518705,0.3364196351634211,0.3521657281011504,0.3250999526494925,0.39671553798532694,0.36706727496357355,0.4111101933943812,0.29391222251243004,0.7615430066658105,0.38950588367059463,0.2619090045414775,0.2638140980466801,0.31154444121039077,0.43769585851877885,0.32949286953517537,0.2694920179798621,0.4323826985056732,0.23807352367724274,0.15094154040141933,0.22715003439962184,0.27700372715006916,0.25746748658769597,0.25942657892478993,0.2767794808947218,0.22768542782383405,0.19202221558251023,0.21167179747792306,0.2810935421723281,0.3517823466928843,0.27202844517666,0.2607859276801096,0.19755610388740544,0.1342980727587593,0.172745237352588,0.19829094109117384,0.21177775489357717,0.1801070194216712,0.15124003370080624,0.21306714875591884,0.1953328724462163,0.18001631533947998,0.10485692918645238,-0.0836392293203554,0.010633710371082555,-0.07890914078113477,0.0873984485128839,-0.0936754132837596,-0.0040871734057813585,-0.013045336410288523,0.10887988053967208,-0.04267431786755571
0.40762187891504925,0.20759930082784425,0.31125826372462667,0.3279240565101901,0.32316599839849086,0.5194792413768211,0.3644226395432966,0.3615788209101169,0.19022994431352186,0.33709503198780344,0.34990944727307904,0.3545404839614999,0.456044520330202,0.37130775881119626,0.3534623373515186,0.34018052126057385,0.38950588367059463,1.337041504501113,0.32112732966427904,0.4342065223000559,0.2859146698522257,0.4202612568005271,0.3506705220418642,0.3180501450370735,0.39151591569325267,0.2791920798780243,0.4005457888681368,0.4768340363192399,0.32156538186593636,0.38822372440692404,0.36794257182677353,0.31948685226297346,0.34035728880155447,0.2310225475958159,0.2465629792965197,0.3814359711711729,0.35023209727179017,0.3210520421931607,0.30285446195111054,0.2786804169388622,0.30337603821363823,0.18492846854560166,0.38114237092185355,0.34686840517065354,0.05296867854625648,0.22213828797415872,0.287462223700715,0.2569290557581731,0.2677887277179897,-0.06366124855816606,-0.07757188158836356,0.09660487831398566,-0.03071773689542989,0.08733856722083574,-0.031164122696620982,-0.011144007124302378,0.04515378155235193,-0.03134707317716467,0.04692902752190584
0.2772542375507589,0.24001166307936844,0.4136164682480194,0.3555636224472793,0.41765066940359724,0.4034320189312968,0.31611858640845,0.3111776329105534,0.33118462265669496,0.2939230465421171,0.39331224912274854,0.34011416454343596,0.3541008497197676,0.352880185399352,0.42660536017781325,0.5475337517682269,0.2619090045414775,0.32112732966427904,0.9681304799373968,0.40740594826348214,0.24835811735846186,0.385853087017952,0.45706722777797754,0.3836456644332644,0.39144713354936767,0.5667720806320301,0.3879071526926282,0.3109390165391044,0.3811301379896262,0.2585804913031367,0.2974057851284488,0.2921825087612847,0.3183863198115471,0.1936666431146629,0.20745151889741134,0.3640794579938389,0.41066593288395714,0.3596817618264917,0.3346232937027698,0.336356719065025,0.16095439815311555,0.029345142358319944,0.23756979147216892,0.2741592424112484,0.1651904385397564,0.24553779676807816,0.22700163004251891,0.20772359161157763,0.30483370879469635,-0.033071221385833675,-0.10027694231451512,0.01716838130194787,0.03991272286855082,0.028360637114986435,-0.11798562404200792,0.02027507957703134,0.008536756757323825,0.09222670494481755,-0.0752249993516061
0.44739719816754187,0.32467741511184534,0.36211594056530955,0.41911455736801545,0.4333289800385476,0.48137963450946747,0.3659091813714687,0.4611885458385741,0.38162460740098536,0.353444303514738,0.44757509596214545,0.4269561690319827,0.4535418590257959,0.4261416134863738,0.38497626844944755,0.4198798468410511,0.2638140980466801,0.4342065223000559,0.40740594826348214,1.2933907503756423,0.3909177896610349,0.4998959541308665,0.43521938523647835,0.4990432847335945,0.399014889741253,0.44742274891491907,0.24407971957711164,0.1845188502824441,0.43483769248010573,0.317154044648833,0.35108380266646005,0.41560626295001596,0.3545317318090606,0.29524995589965913,0.2513198366084174,0.3727251208811751,0.41524733172338896,0.36125391527517287,0.3789011203993574,0.33209352645937107,0.18293767870223954,0.14936804532789605,0.28975884435731414,0.3005718748949509,0.16216375254665616,0.19646913204212096,0.26233830544868314,0.23997033526423867,0.3098573448618476,-0.14862673977636195,-0.03592253773006043,0.09264651173894625,-0.02332731970749663,0.09285842114127336,0.07296359817485162,-0.05952141826205619,0.11130604257927171,-0.034926521445954886,-0.1631519963700887
0.33881949981041354,0.1775305346540183,0.3560335373997077,0.5062936768051044,0.5242182772495915,0.37687738606104715,0.4105045157647422,0.3696620506198281,0.46341883317508137,0.43687879251226386,0.7278300692073965,0.4066146193472565,0.41115129855411364,0.32082336087251806,0.31561556271475605,0.2382272581468438,0.31154444121039077,0.2859146698522257,0.24835811735846186,0.3909177896610349,1.9840072017583945,0.36680240803289677,0.3855238403933428,0.4843397633194222,0.7396237781745207,0.32694080003424264,0.40537345887526127,0.4337107204927717,0.42651534229328325,0.2273219108896544,0.2782795908558071,0.3432381569839298,0.29398854071235503,0.12374635716170405,0.26779624302404514,0.4937797852187644,0.4459764274238741,0.3912999352350373,0.4484159091824472,0.3451638185078723,0.009814978196478499,0.14811949932692223,0.5237513113558329,0.23742930880266888,0.725040794824759,0.7771017622943108,0.3986582116164783,0.3776158139544032,0.3363882093291497,0.14580424767785674,-0.0040526612432404685,0.04081877065662483,-0.024704932264099897,0.09301452467709127,-0.0812949776240482,0.01370308827818086,0.041143356388443804,0.13037917290260786,-0.258528886896619
0.3049058089721154,0.29197111786352026,0.3476850596460932,0.4569187947751527,0.48122200265372755,0.5325502506937234,0.3623888248102339,0.34339626214380453,0.4175879231397426,0.37259935463930344,0.4293790331010466,0.3589073797512702,0.38162066578692655,0.39469819771477593,0.392935858529082,0.4445130801794412,0.43769585851877885,0.4202612568005271,0.385853087017952,0.4998959541308665,0.36680240803289677,1.006412627402538,0.5357181859589221,0.6247708635709793,0.44770920967461253,0.46331495941155787,0.3783693431655517,0.35580566427973337,0.478067367819989,0.2551295978215915,0.3566998594951348,0.4354941131464746,0.3482589840224682,0.30963248794760617,0.30230515025490107,0.3862576448828978,0.43887557255709525,0.33986296652360504,0.3678493087811075,0.3157832298443442,0.139769485003307,0.10831058446139277,0.3253147297767843,0.2731014959783994,0.3231891061020683,0.27193197477227277,0.258728046237805,0.2393942899604308,0.29276758459522345,-0.08656188269015687,-0.06334567563371031,0.059902006195766536,-0.010180452971908584,0.08812409434047802,-0.1119489876550915,-0.010833402830212375,-0.003095716462890465,0.10602837387998404,-0.053424263867793975
0.4598914527548053,0.2850183338274711,0.44217521933703474,0.43135811448462874,0.5710165441705098,0.40361006321382836,0.39396418664848704,0.39462201395020646,0.43216866531648185,0.5146704219381276,0.46621310940951705,0.4081230492617516,0.3261062127775563,0.42379952665667586,0.43142223374798233,0.4410275599194674,0.32949286953517537,0.3506705220418642,0.45706722777797754,0.43521938523647835,0.3855238403933428,0.5357181859589221,1.4253668806954332,0.5355364369125427,0.7421684448990848,0.6183432619735401,0.5567111713296105,0.32477192015717987,0.4990962898328139,0.05848232239724354,0.3102057428802384,0.40787568339269215,0.42202483759847054,0.21763304432311348,0.3639447772842895,0.4369729207875601,0.48276814063109835,0.41961227315670346,0.3893994520268869,0.4438945989647511,0.1740616017242448,0.011048288964906077,0.2530623825345965,0.31491371996069983,0.1999132335599574,0.4068876750891964,0.18720876045148022,0.178498002722921,0.44896336145791504,-0.23232421114961982,-0.009691143252136096,-0.04569703562573122,0.15361949922974488,0.0631137856483981,-0.011213612990415981,0.021092896430780703,-0.0009525677386174535,-0.009001340969717848,-0.11134285420171594
0.32944916908451,0.2946448526809192,0.40116816821478934,0.49046566946091086,0.5508437609550508,0.47388977022784856,0.42098786509625097,0.37637934325588596,0.42350384258173257,0.3989402610093144,0.4916202660277654,0.3849249751251893,0.37874363877606765,0.38166483857017874,0.24407576905371953,0.41081709276124684,0.2694920179798621,0.3180501450370735,0.3836456644332644,0.4990432847335945,0.4843397633194222,0.6247708635709793,0.5355364369125427,1.0624837115039123,0.505621588080695,0.6355110470974134,0.4706977833600654,0.35759896116357526,0.6767337966072672,0.2720767177113124,0.40101285596964775,0.49222191340735333,0.43898720243597106,0.3341394255951791,0.39264930614209603,0.42233249744638257,0.3798257883510483,0.29294482079565043,0.4561942413721752,0.3856246887600683,0.11123589148564107,0.08285037896499137,0.42370152268887656,0.2791767184393387,0.44959356821910557,0.4319863181295701,0.2724674011907942,0.2652674873776135,0.3736040863008215,-0.1061899919558577,-0.027167627359590243,0.005786070757039521,0.0016203946949638534,0.14259345642288523,-0.042180008763301406,-0.010406863430368396,-0.013684901173506103,0.11515105227304542,-0.07061053241354345
0.35579902371792055,0.2826409235795442,0.4734716705713828,0.43827593104875967,0.5910396455793664,0.39544191415245633,0.3919454317626384,0.4186596428632785,0.4208012174376394,0.5019958018164041,0.5006633412756666,0.4333732084191971,0.42386409165580924,0.4341327871934627,0.2354477322074352,0.38605049132124675,0.4323826985056732,0.39151591569325267,0.39144713354936767,0.399014889741253,0.7396237781745207,0.44770920967461253,0.7421684448990848,0.505621588080695,2.5536567583208,0.5468614809842721,0.08667894367062653,0.39203836573038964,0.50324905810148,0.26703371650739643,0.2858564762198881,0.4024565366487408,0.2872640341961102,0.03141500974386548,0.1929679973038599,0.3484967470337742,0.25252745502913393,0.06479760407995744,0.3618260988310838,0.2511387372042006,0.14542429689366276,0.265794324428747,0.09634787540064196,0.23916884682099362,0.2862310298085818,0.35275247355337813,0.27309246265771897,0.2873557722310036,0.2676458265491007,-0.2155876775944948,0.07668462816033036,-0.02787371862564791,0.11620435744014358,-0.06031786183734174,0.008797015192227885,-0.007767635708749614,-0.032580542979761686,0.13535528257796395,-0.22638502099433727
0.2634574600823694,0.22962285076938765,0.3760603460967596,0.4182463791189676,0.4595386077474264,0.41446530472401466,0.34796237790271134,0.32439249312880025,0.34739521715687177,0.30364696367624955,0.4079246161551121,0.3539155483665921,0.30472827518608575,0.3370646871490225,0.3070370031654357,0.4335195765962286,0.23807352367724274,0.2791920798780243,0.5667720806320301,0.44742274891491907,0.32694080003424264,0.46331495941155787,0.6183432619735401,0.6355110470974134,0.5468614809842721,1.1674177173585305,0.5694257108597945,0.4041171087207702,0.5330746083973619,0.2773227043886859,0.35029998481147423,0.400471545632048,0.3951571212876403,0.32333168824339903,0.2803505246653735,0.457743168295069,0.4303419207459548,0.3232333294674022,0.3837831278284152,0.4611628670381358,0.20691690674954324,0.0378020251944793,0.39988665258370526,0.34353014561095424,0.23744090242490845,0.3091404529636193,0.25382160805372755,0.24095408841622243,0.4424953242758623,-0.22983149353442925,0.04001127325080996,-0.030337587571522277,0.01320818806378858,0.21266747981858283,-0.05228654260615039,-0.011906998173697045,0.023067848923388378,0.08598691834938266,-0.08603588564239255
0.3084776447082026,0.1103846446663414,0.2843162507415898,0.34842104250018685,0.38062731451494947,0.3711445711564979,0.3268120450566077,0.23395545351556088,0.23324146632746667,0.24217039354731423,0.343813666076748,0.27187260920948114,0.24464758431314423,0.22289296922200297,0.2553691700628986,0.3454745475378613,0.15094154040141933,0.4005457888681368,0.3879071526926282,0.24407971957711164,0.40537345887526127,0.3783693431655517,0.5567111713296105,0.4706977833600654,0.08667894367062653,0.5694257108597945,2.9974880711441605,0.7799951560330863,0.33348958673866597,-0.40517749100089073,0.25812531160086283,0.48020011987484307,0.5141222031092614,0.39075253978010255,0.6382956974904096,0.6907898564968394,0.6325194624215839,0.5620790816674744,0.4302305299533885,0.8362180335278847,0.1884761687743633,-0.8220268116150408,1.1069413582847087,0.4400098046279342,0.8376295733527328,1.223851204453872,0.3525025574720066,0.32489997408096016,0.7531257138879321,-0.26135320993922057,0.009005087782406723,0.05361959453997117,-0.09623141947064116,0.21790341767450946,0.14179601451608292,-0.07142533928037452,0.1603153027492968,-0.0007563882251570128,0.11386596477600858
0.18809424013062478,0.10046933060308015,0.2878122451984672,0.2971923046343673,0.14282892669944666,0.39325103766030933,0.3144239141749445,0.2782346540716808,0.2668928205765327,0.2520452534645121,0.3410432013561389,0.2995626612888439,0.23420535272989038,0.20988703444095974,0.17950699967904174,0.2758005411731063,0.22715003439962184,0.4768340363192399,0.3109390165391044,0.1845188502824441,0.4337107204927717,0.35580566427973337,0.32477192015717987,0.35759896116357526,0.39203836573038964,0.4041171087207702,0.7799951560330863,2.934250386093124,0.33988556701288886,0.09825772163321603,0.18611508809224167,-0.058333228046479675,0.3276911428812495,0.10860106772283896,0.3008299849559715,0.29697960257923317,0.21980380169748934,-0.019023425741203723,-0.005810768180760132,0.5090923916281013,0.10176040967929263,-0.10737059999830102,0.8637289078676841,0.1635834105715983,0.4506924526726325,0.5190260148886661,-0.09414707228323023,-0.10736692377398167,0.6026928362080222,-0.12733867190589088,0.043317271907057975,-0.1009411827552132,-0.035455457253367205,0.20994393209087867,0.016586518861890543,0.027729948572061423,-0.05414544101287407,0.08068017831082311,0.11259146926093064
0.2894549895661148,0.32142269310025096,0.3895966112369385,0.46513860522512296,0.4991710889221123,0.4496756295583683,0.36079640820191444,0.36669464646389416,0.40312719042326556,0.361347150862982,0.4473446952648786,0.39393005301906386,0.3561005027253132,0.3702651231491941,0.354010886544455,0.385819626151455,0.27700372715006916,0.32156538186593636,0.3811301379896262,0.43483769248010573,0.42651534229328325,0.478067367819989,0.4990962898328139,0.6767337966072672,0.50324905810148,0.5330746083973619,0.33348958673866597,0.33988556701288886,1.275511025236269,0.6308669164906939,0.5470218913323137,0.5956420461916431,0.42679670169472705,0.3428078574807205,0.4449320715909542,0.4602015596984693,0.6937062961691595,0.276546067939218,0.4349511677007198,0.34617625220925685,0.09518534755138687,0.21802765163556148,0.5615938022569502,0.2762942810190907,0.47920389519131196,0.5381289616525855,0.34030474098785846,0.3422358088527339,0.3084777221884905,-0.086362855342398,-0.0676984465769278,-0.044834948754198335,0.014751893946447792,0.20951351626700493,-0.18674499198648997,0.04996011742858408,0.31413968655675467,-0.015255262376620133,-0.1711059799385263
0.10340100046141289,0.2938523128254235,0.27547971171887686,0.30638864281263695,0.3076933237005682,0.4298686334752505,0.27206032646077744,0.2976261661132292,0.27117544711227315,0.2184942333623164,0.3013130424636939,0.35044249405765543,0.2133012112420349,0.2635194964232133,0.2542451263908923,0.2577145678115024,0.25746748658769597,0.38822372440692404,0.2585804913031367,0.317154044648833,0.2273219108896544,0.2551295978215915,0.05848232239724354,0.2720767177113124,0.26703371650739643,0.2773227043886859,-0.40517749100089073,0.09825772163321603,0.6308669164906939,2.697652246945508,1.1164158421683732,0.7225423522280845,0.4343356376392913,0.5335425094514809,0.242134788404107,0.3921267630711765,0.5464963192570998,0.3276808686904329,0.40910267346918405,0.034784712319593826,0.41408523157115273,1.0213338250544206,0.46660074917550565,0.39844024442713205,0.05017045119499074,-0.23835191063373645,0.6124904659019873,0.6217818783026635,0.0915585231366037,0.03319918251693191,-0.0061891645911480225,-0.24574749119206343,0.12406326950089071,0.19281921490507484,-0.10850922202927876,-0.08663079591631558,-0.00011494629324525648,0.22976635031368803,-0.12168759476977774
0.10448201458426998,0.31200336161398945,0.31156024779702407,0.38743113491585557,0.4330813853144027,0.45353803782491287,0.31223394012887884,0.3202007322701745,0.3113825643160748,0.29241710823489636,0.3445380540376157,0.3493275357746906,0.3240483394219059,0.30530890631452895,0.30493913192351174,0.3007146074082775,0.25942657892478993,0.36794257182677353,0.2974057851284488,0.35108380266646005,0.2782795908558071,0.3566998594951348,0.3102057428802384,0.40101285596964775,0.2858564762198881,0.35029998481147423,0.25812531160086283,0.18611508809224167,0.5470218913323137,1.1164158421683732,1.1716620730972722,0.9865183928760125,0.4220425877796657,0.5234541229940174,0.7384508350057405,0.41442809295865424,0.6038946029326516,0.2979212766612208,0.5421765258696574,0.2732259453491414,0.26963805645909017,0.4587514272275214,0.3832306096270125,0.363387098441305,0.19653303707451777,0.1940848465266432,0.4062310470878483,0.3990327696014995,0.2575081295786467,-0.20239444962885558,-0.04502374355366125,-0.007844335646708209,0.04461685120200313,0.12364811409402617,-0.14831627231467379,0.03928495291987005,0.02117440979139162,0.11540162012899102,-0.0021617104420160013
0.1316245334968756,0.4194582734047697,0.29962946178617555,0.4316642539545451,0.5195658497541806,0.44831405652147516,0.34929937717541776,0.35624583903280593,0.32335547488038163,0.31631753478819336,0.37698241207220695,0.3713773745442772,0.3821021816417275,0.3533475406866105,0.3547167725793144,0.3087540648802562,0.2767794808947218,0.31948685226297346,0.2921825087612847,0.41560626295001596,0.3432381569839298,0.4354941131464746,0.40787568339269215,0.49222191340735333,0.4024565366487408,0.400471545632048,0.48020011987484307,-0.058333228046479675,0.5956420461916431,0.7225423522280845,0.9865183928760125,2.3853855088891835,0.2215953463621409,0.7116598573902952,0.613568492645968,0.49418880758023964,0.7034843678029599,0.4375841344890692,0.5526224124564033,0.3408552234481312,0.0015968382517293359,0.03291488152536831,0.3667153955592383,0.24828717845370482,0.16654743832901422,0.3299856961037389,0.43483372495094946,0.3995277176817217,0.31749284344097006,-0.3715861837455624,-0.01117350690075721,0.03481065810943644,0.08445479453042552,-0.009452148114235257,0.11074191551292048,-0.14892485418574314,0.12723565354548194,0.05390112189428234,0.008558139873260538
0.262951209583327,0.22584034487604732,0.3311444370590513,0.34120974497043355,0.42567478348546706,0.4124506885348581,0.2762342280623662,0.2845773814056258,0.321677893714638,0.31080420644360446,0.34936958170970406,0.31721142112284767,0.274245340522012,0.2799591384092491,0.2776101229786257,0.3062285921536834,0.22768542782383405,0.34035728880155447,0.3183863198115471,0.3545317318090606,0.29398854071235503,0.3482589840224682,0.42202483759847054,0.43898720243597106,0.2872640341961102,0.3951571212876403,0.5141222031092614,0.3276911428812495,0.42679670169472705,0.4343356376392913,0.4220425877796657,0.2215953463621409,1.0575892238426046,0.2542135755948288,0.4484144186464176,0.5136821842225295,0.47232403380110105,0.4861797587278237,0.4753061453320068,0.5017815609406091,0.530260274574979,0.3518202892019194,0.40083525468340736,0.5474892914603892,0.5029138491957794,0.4573881576456911,0.4538413016087844,0.45749139840556546,0.5182773573935281,-0.1439807178086368,0.019638675415168436,-0.022107893893055054,-0.03495447438820138,0.1956826339106607,-0.27781868869878384,0.027825806169558345,-0.048134710636463636,0.19802496407744308,0.00026564041057594714
0.10906740743806616,0.43267116721019483,0.22107848213247053,0.26017088145158246,0.33850575677089323,0.35561850413359763,0.2233018398076392,0.21156546838377205,0.20089520386312393,0.1647455938395377,0.22607727010814146,0.23700858972051939,0.22880807275830772,0.23330934778429072,0.16764517228711118,0.23219992264989459,0.19202221558251023,0.2310225475958159,0.1936666431146629,0.29524995589965913,0.12374635716170405,0.30963248794760617,0.21763304432311348,0.3341394255951791,0.03141500974386548,0.32333168824339903,0.39075253978010255,0.10860106772283896,0.3428078574807205,0.5335425094514809,0.5234541229940174,0.7116598573902952,0.2542135755948288,1.1451841556219378,0.387911182338907,0.3159177417401774,0.3370397638836974,0.33506635714414795,0.4592170956105277,0.37150742346929255,0.14146079151733668,0.2016445549440954,0.4472254954001034,0.25459425149269854,0.11957475309572652,-0.12782682382068308,0.20296635346966724,0.1934126844883928,0.29064971034046727,-0.1740351490874834,-0.0002425763759981008,0.0546456428160458,-0.033991259899245334,0.09797595802553692,0.0029938449837042416,-0.03802603323403327,0.000702375076003083,0.09223379707982413,-0.038897411449432574
