0.5377762356791906,0.11049922559619821,0.27362801756238425,0.04793039232607153,0.01710801258410346,0.10258193070905106,0.12519233664413115,0.06191177179640772,0.13339916691100934,0.12041352573437365,0.0762793882817874,0.08380080387029264,0.04887526049710985,0.12157614735794904,0.11480810464729534,0.09228848288531875,0.08802192100215614,0.0806930001313743,0.11062095464248485,0.07311217151210497,0.08174173047947395,0.11749248763246022,0.02524527712821586,0.06155852928942012,0.09119119434590969,0.08441456565049135,0.04629100565700308,0.0926360134571438,0.10847259934324618,-0.011550552379642767,0.10341243545898393,0.13643865344597353,0.03273287559763053,-0.05288441851235225,0.06223427316292024,0.11426308427944441,0.09341247427771866,0.06274788757230473,0.027741117233392308,-0.03269580448199856,0.0544642512291347,0.0768177341144206,0.040758111164519675,0.006902455935304616,0.12016457319490476,0.12110058409682753,0.05541543671025826,-0.04025381871892375,0.07760512101317156,-0.004719082324760472,-0.009395158990358208,0.04537953452926848,-0.0015753985611326577,-0.03393012724323517,-0.023546105862271256,-0.009539421964783322,0.29877724326679433,0.13868340803779128,-0.4012388921953152
0.11049922559619821,1.9321898939471305,0.7131132582385721,-0.09543469322076274,-0.0331940267983652,0.4161530765874344,0.08621983654993598,0.2714097076236778,0.22885442145396304,0.25398876498829454,0.14265858618775457,0.14291545890606525,0.10017985839773207,0.07869836567185591,0.14364031349385814,0.09696594291851111,0.17658844306271215,0.19037772645697598,0.01952240752433388,0.3391896516082505,0.26254513145518804,0.15995289573867133,0.18485409515622767,0.09692747934553735,0.22657814866485215,0.2794806836461436,0.17341725371303074,0.13135622310370387,0.44421255079335825,-0.042893244072137265,0.04417734763886026,0.10972572615158586,0.19664830506511652,0.3276461420600659,0.1599048695040647,0.08037666556138857,0.4046807048983902,0.17630173391734263,0.019179611595475227,-0.32371393855559233,0.10105773871668748,0.1894192062310842,0.34877693315224995,0.05805515871405018,0.27304762491001394,0.08922286816242578,0.2358802885083112,0.05150565076068418,0.00856049584691469,-0.11060280710762155,0.13500810724020176,0.3271707041114462,-0.17555711887899347,-0.1282729665781826,-0.4003394252959752,-0.17139697497850517,-0.4922395963983568,0.4932295203420122,0.32451831451986757
0.27362801756238425,0.7131132582385721,1.8980784468066998,0.05546498406285476,-0.3932802729130451,0.5324997089524063,0.26844981372734034,0.3969076070064414,0.70784889723138,0.4286353197926128,0.3006852425692509,0.3120914394916049,0.18215635447950101,0.25007350080186047,0.4464528489490574,0.26705533962781064,0.41688394392707134,0.16763170020815255,0.5271889166599135,0.4294538841307742,0.33285493342514627,0.5047242902269474,0.3251345781255643,0.3299834621809549,0.3864388115883416,0.43596155921687924,0.25246148883486824,0.2298280548653204,0.819449598935154,-0.1692481159841244,0.048982681688710165,0.249688415299237,0.2195498138282219,0.27763587320194794,0.5199725229080306,0.38794165256512086,0.8485121736330273,0.2556964277712341,0.02813276563063514,-0.7319015296206,0.23739172625166316,0.30780339242605986,0.43358621420347915,0.05828095208050457,0.4639548837506063,0.33084111409743655,0.1936374639669836,-0.08554049696302213,0.3200849894378987,0.03751079619554697,-0.0026929191215082074,0.31475093231884976,-0.09270485014424468,-0.2302843414153753,0.009732642600668447,0.05410731961525261,-0.3432863818732504,-0.13980566492740076,0.20342398835195225
0.04793039232607153,-0.09543469322076274,0.05546498406285476,1.3580091022440774,0.8274618660409321,0.49662651127149554,0.3911351407519561,0.3073934275234119,0.3856297503260777,0.3258020287895978,0.3836526201617514,0.4190870606531049,0.25537246182003637,0.35763995688312833,0.3457501862624667,0.33442482669331847,0.3491750798425784,0.399323312532267,0.2785736009101072,0.26529135771910484,0.27950083883343885,0.34920872072167086,0.22294161376245444,0.2632200282531159,0.3043996146056224,0.41635699017619004,0.24176336207815302,0.33971704569029065,0.2203106279107474,-0.10919566796864925,0.3688668255264944,0.3827225682698779,0.10434820586281016,0.38330277093436604,0.05666509040497831,0.1995823454763517,0.093596512490436,0.17336756938209708,0.21394022944293617,0.13868334863503154,0.2047755062891236,0.2816557939824793,0.2294251684431227,0.13816081807432948,0.053608334097893236,-0.025974638344516927,0.2648056270920972,0.07043756151301594,0.637754370750006,0.013960884855560459,-0.02301958371828664,0.21951418453637633,-0.1613876559279602,-0.029534299071224717,0.047273755437821016,0.09228276757085567,0.08907677494645933,0.011540153910881753,-0.20648983121742656
0.01710801258410346,-0.0331940267983652,-0.3932802729130451,0.8274618660409321,2.0505774844550024,0.5210263060776188,0.34949984420361285,0.3657923313998011,0.3549718822286875,0.42776661645633784,0.44059437573909954,0.4596139625031231,0.33677758348681786,0.3956205775770319,0.3901012260203489,0.37846979533657177,0.3568203367919935,0.5609496330448124,0.35291701498413697,0.2858919956731795,0.31363045673853995,0.3250391164725307,0.23085748528121175,0.27172439530754156,0.3429243742115593,0.49573828052873,0.20966026777394828,0.3721286362046042,0.13859234602113746,-0.15085016101098087,0.5200137109960322,0.4321776550796817,0.09139892415278174,0.6698759462739146,-0.10461902129895101,0.16334510536770447,0.00279686169210574,0.18697838666290187,0.3039097297214998,0.30177504807528005,0.23574307506360329,0.3335115551293998,0.15102368912174896,0.08989508190008999,-0.12124001799036102,-0.1327794970536489,0.3628412741338153,0.18487334497754018,0.92440388419732,-0.01856381975914792,-0.006314238445907543,0.22160823402951868,-0.13545736986616894,-0.0564982221270159,-8.681889503203199e-5,0.012793963982872093,0.08871803773717361,0.042537729271344214,-0.10093238233632955
0.10258193070905106,0.4161530765874344,0.5324997089524063,0.49662651127149554,0.5210263060776188,1.160519668443703,0.11725370140862613,0.4690627954994296,0.5763728486885464,0.40313140589892477,0.4423233647139031,0.5167145961018501,0.26647631608828554,0.43097939678786434,0.42634251693176006,0.39471734212677867,0.4412947098983511,0.40307462414436157,0.777838337508569,0.4893236173980805,0.39268125843471713,0.4834818598886803,0.2450324994731632,0.36851422250861904,0.437910246080355,0.580334243543654,0.31607162451485615,0.39817781021611365,0.6097526686489945,-0.2716197624377095,0.40566178576775747,0.47922708627263966,0.09599286868075059,0.32343644331162846,-0.041033343475799317,0.2428701305939364,0.2964144345517261,0.2674486506502353,0.226216582115038,0.09946961570028512,0.1462501464200989,0.3724169670671787,0.41478170098443506,0.154515833511755,0.41182498772698695,0.12606787659539076,0.4416398042441962,0.011816006520092279,0.47147252955214025,0.22070236037498017,-0.05298062483958997,0.2970335556370405,-0.4170825389516374,-0.09687900514533718,0.04905251055996721,0.05644868028160873,0.031672619153730604,0.06592557607170936,-0.21926534510906093
0.12519233664413115,0.08621983654993598,0.26844981372734034,0.3911351407519561,0.34949984420361285,0.11725370140862613,0.8297379368954554,0.18915899339632478,0.39588228759368005,0.2843170138014796,0.3005285171975247,0.3134793287719315,0.23344612421374042,0.19085227195932122,0.25570692964335257,0.23641232655603567,0.32914084249466374,0.24043294109475352,0.07675521559822755,0.16894323529746996,0.25434049745615506,0.3145650444703861,0.24715117006239723,0.24897728971194497,0.2670397669179535,0.29507539164703733,0.21186486091159176,0.30361215707990236,0.20870265530067272,0.1338305153084987,0.21920857048983924,0.21195126303234,0.20920004175654017,0.390546794031581,0.05987462982931244,0.27065795528021497,0.25017775451330876,0.14941337909339633,0.24678058448138054,-0.12206281439284283,0.19232059026414094,0.22950974135057578,0.13467920763600438,0.022812579385511615,-0.0525841140154392,0.10312143798962649,0.08703092312919256,0.03832947302198259,0.4205837937874566,-0.044047476273651305,-0.03965697445300384,0.1919168261318688,0.07482100429786355,-0.18829646482539902,-0.047627271687708174,0.05696728288117285,-0.036363381835950045,-0.00623998929629279,-0.021049050505894482
0.06191177179640772,0.2714097076236778,0.3969076070064414,0.3073934275234119,0.3657923313998011,0.4690627954994296,0.18915899339632478,0.7272052208900794,0.2960016403909228,0.3295225191524297,0.3587920789953383,0.3086746143498422,0.21404399590341702,0.3618356235725563,0.336183336037651,0.29893121137016326,0.33060345096529165,0.334391973489721,0.4812094608305193,0.34416770497471755,0.27051077408337054,0.3030227114341933,0.10224523061059315,0.15424962639355128,0.32029984562600367,0.45055173116624453,0.3351913947062592,0.24120792273067834,0.37040941381185916,0.015542169234961427,0.24669350066419543,0.38492728859487263,0.23424469609408596,0.32573037473969363,0.2611220971819743,0.1848314365224462,0.34967521061085943,0.2188020154329406,0.20699667169115785,-0.07667598602428023,0.21848518909573986,0.2995125211932638,0.30396931337081,0.09022914296686518,0.23636713922984254,0.00604012756207427,0.3884276953709817,0.09316445497461563,0.7350597116846764,0.12923131296985674,-0.010254927311711612,0.10013393457640513,-0.1832946311893829,0.009142261702545033,-0.18407983501392022,-0.08913115862050958,0.1272345572088362,0.2932105275073009,-0.25794843628191194
0.13339916691100934,0.22885442145396304,0.70784889723138,0.3856297503260777,0.3549718822286875,0.5763728486885464,0.39588228759368005,0.2960016403909228,1.0204894731703196,0.3800484839880279,0.37675502587326215,0.3990761307333354,0.2310668367995858,0.3856910252795599,0.41868131811213394,0.3460504634605866,0.4636835646561929,0.38267099077630534,0.5036593159454409,0.341511309083818,0.35415802672231966,0.6415183621930138,0.2734564476377247,0.3665021397724926,0.32285114820673827,0.518468110221493,0.3162864455832708,0.4384761444549228,0.4021746475536937,-0.1756583315402564,0.3578540242394716,0.38652564577933607,0.17389031010133368,0.20284753730220847,0.10469465376059398,0.34948796874618576,0.33331802137042776,0.22758324726464835,0.14062975893576463,-0.04874980024314318,0.25240890419661216,0.33105567233991856,0.32854605069407067,0.08293894978994436,0.203647537667117,0.14739295826265905,0.22560484505142145,-0.06358940528772933,0.5951432721142239,-0.04398497833595975,0.010025026336167467,0.22420473002443014,-0.06712321806384805,-0.11798580900594624,0.2857662757914243,0.22860768708226792,-0.04731780852927819,-0.2928281060449726,-0.10297597998387706
0.12041352573437365,0.25398876498829454,0.4286353197926128,0.3258020287895978,0.42776661645633784,0.40313140589892477,0.2843170138014796,0.3295225191524297,0.3800484839880279,1.0445489607248153,0.36479049081716625,0.3893201179855347,0.19053474163862053,0.3378140211595859,0.5053361967676149,0.3107704684021377,0.4106517044327108,0.4494707151178212,0.5427576846866251,0.22515251973593767,0.26187608810135893,0.3375328011081241,0.2445448641392955,0.2239137546601161,0.33902501459212137,0.39890152113408256,0.35892496961985226,0.3997387105423416,0.4000716148913724,0.092255816735646,0.2679886209409189,0.3417518710174346,0.29516846654593976,0.4876970080117743,0.3597112447989842,0.25000025385529545,0.4580434591061561,0.1880573350955238,0.16631075015695906,-0.23801747123707329,0.27269449328806905,0.2800500117201675,0.26989233029169907,0.0645297749604336,0.06711162195613005,-0.10126710566180785,0.37797595569816994,0.1323671967474151,1.0844099474274373,0.0790775614377109,-0.012765364414130294,0.04434403994943905,-0.06767837130331318,0.034799700858594185,-0.16269852718812128,0.023431074273692804,-0.0022828697318764478,0.14322540101887576,-0.09562622473846336
0.0762793882817874,0.14265858618775457,0.3006852425692509,0.3836526201617514,0.44059437573909954,0.4423233647139031,0.3005285171975247,0.3587920789953383,0.37675502587326215,0.36479049081716625,0.5610474906283089,0.43745089428059436,0.2808344331512462,0.328962069458465,0.42982893786200627,0.34482076458046934,0.39870478460488296,0.3383501492492851,0.4088365272022283,0.35684354971217974,0.32175970452831515,0.35520701555471984,0.18076902835151448,0.26501401774275724,0.3330346795011798,0.40849492401864784,0.3491921594495375,0.3679963088560533,0.34505778966915557,-0.010937998363961416,0.33486575046649647,0.33648480043217066,0.1719165330356802,0.3556829573570657,0.289230485926243,0.24299599663460023,0.28985254186340387,0.21619404314372428,0.2378682600507743,0.021967348929561748,0.2966623496618532,0.31669264332706204,0.2884886695265048,0.06722309197997402,0.1407101038909629,0.028279315218657012,0.3032953824498442,0.09342989855776099,0.7532240934201977,-0.056686131090966915,-0.007862402746203583,0.1401699000228312,0.019265461865686596,-0.0740299588839128,0.03729448397799032,0.07654623931072724,0.0374856865403535,-0.007509696439667541,-0.1562251221131719
0.08380080387029264,0.14291545890606525,0.3120914394916049,0.4190870606531049,0.4596139625031231,0.5167145961018501,0.3134793287719315,0.3086746143498422,0.3990761307333354,0.3893201179855347,0.43745089428059436,0.7745120995387734,0.247121643110738,0.3569611429531263,0.3896336503738081,0.39953409634518733,0.3877563945258574,0.388746517839641,0.5159602290771189,0.27249608242493734,0.3355179830393924,0.4023372012326115,0.229122075892447,0.265510359308531,0.3925326603970582,0.46371516752100955,0.3190217832897811,0.21659625797889823,0.4336220782768099,-0.09815520289498506,0.3081047980954886,0.4122726897680721,0.14402243811243462,0.28974815291659445,0.11392271750554994,0.3673708017098293,0.1358408647164967,0.19333686584375254,0.21169818950847574,0.05534438822848744,0.2177078322987827,0.3147062236878517,0.2518959409310682,0.06383773510572703,0.17852985527680137,0.059312246006221904,0.24533024517605717,0.0010778297566519032,0.4848085164263947,0.15111258685093945,0.017521592427338143,0.2260016800345252,-0.3962153607988178,-0.050204347965974706,0.05678472694811017,0.12394641772148614,-0.02863918954454605,-0.0470540700707981,-0.18870505685895353
0.04887526049710985,0.10017985839773207,0.18215635447950101,0.25537246182003637,0.33677758348681786,0.26647631608828554,0.23344612421374042,0.21404399590341702,0.2310668367995858,0.19053474163862053,0.2808344331512462,0.247121643110738,0.4342938355496061,0.19199100474562955,0.18549362209473516,0.2472250632639853,0.2523118299354427,0.22389739885075216,0.22701921226185842,0.23333844560687675,0.20123506521108758,0.24699182407474535,0.21628180571590763,0.18416582654349373,0.22391801196404648,0.18261025375980516,0.17699204173861627,0.21620374074230325,0.31380827584809295,0.07925190008513179,0.1508872051126973,0.20071709294353401,0.11799752223514239,0.29283843470862103,0.2650958556017834,0.15054811985071642,0.2607083531289334,0.13370552691067383,0.24127534396298636,0.0034587614245625473,0.20369407668131975,0.2009995122801529,0.21008361089986377,0.05375590379243254,0.08475135340973926,0.11149415006782837,0.22947319408954814,0.035819395109232315,0.3732290546641618,0.029540676141983063,-0.0072555277038634,0.05500151174380814,0.026288635728097837,-0.09255491173423083,0.02388865673682879,0.031862595382977386,-0.01843527671204059,-0.017616550458270083,-0.05186313471308111
0.12157614735794904,0.07869836567185591,0.25007350080186047,0.35763995688312833,0.3956205775770319,0.43097939678786434,0.19085227195932122,0.3618356235725563,0.3856910252795599,0.3378140211595859,0.328962069458465,0.3569611429531263,0.19199100474562955,0.6640794309564431,0.4170455944069018,0.46227977549981003,0.3663446862189642,0.2938379296703255,0.5129861360967377,0.32250174925543146,0.333168499304701,0.4262575774885248,0.16997021884394767,0.24528563447578242,0.3074217404539207,0.4768758508309292,0.28444246468952095,0.42416907037639473,0.30288366623448293,0.027172843222813433,0.2450079563037765,0.612927380850041,0.1778094925944794,0.2120596491826742,0.3304207740964408,0.26961079683281397,0.27927379439345246,0.22143564978436295,0.07997337334832984,0.04931001838861777,0.3327010410385216,0.3508668987700949,0.25765127316975023,0.08413563248277342,0.15040893589799623,-0.03548763320904327,0.3615468875645753,0.06207066730017618,0.9404446473820265,-0.03312803215178089,-0.020493272485095703,0.01586445676627814,-0.044362951983557844,0.07975879258224337,0.028080296935159045,0.01891699436982283,0.3089614336065566,0.014728627535545966,-0.29906059957437
0.11480810464729534,0.14364031349385814,0.4464528489490574,0.3457501862624667,0.3901012260203489,0.42634251693176006,0.25570692964335257,0.336183336037651,0.41868131811213394,0.5053361967676149,0.42982893786200627,0.3896336503738081,0.18549362209473516,0.4170455944069018,1.025169315245325,0.37203514072637145,0.4072175270206203,0.22745688720484275,0.5324174161478971,0.4013748488203553,0.34863322896176374,0.39423683040122387,0.011542613280849103,0.27492742096791645,0.33675069204702696,0.5335540489864231,0.4041172869013111,0.4749655852049293,0.3839791224321549,0.05749462926099393,0.3091859498521386,0.40670744074887,0.22764406737737555,0.2898744979841888,0.46281944082878457,0.2451075045861458,0.4194976783367342,0.24144353865584312,0.05149299260114966,-0.12737029209964632,0.4022882788150322,0.369133706709441,0.2863788580969775,0.08194732503247543,0.034748169340300186,-0.15808587668636984,0.29145293377919557,0.14602701557860784,1.3740196506502018,-0.08402860839682665,-0.0704809179799746,0.03458966036856271,0.02208104918598545,0.11662577232427425,0.15191119322098812,0.13448637139987932,0.07172720678153469,-0.15976409997909205,-0.08701769331530108
0.09228848288531875,0.09696594291851111,0.26705533962781064,0.33442482669331847,0.37846979533657177,0.39471734212677867,0.23641232655603567,0.29893121137016326,0.3460504634605866,0.3107704684021377,0.34482076458046934,0.39953409634518733,0.2472250632639853,0.46227977549981003,0.37203514072637145,0.5981914504602848,0.38356948699275195,0.3053769311716436,0.4695444168934367,0.29612866146109623,0.3120514434003252,0.46149661642844014,0.19923062286371546,0.25661853809517016,0.3184975863477017,0.3498561415495119,0.28358701508533235,0.36683923845301725,0.3894421418587726,0.013569081750463206,0.25238078637194655,0.45430882821986307,0.13654217561355275,0.24158819798450362,0.37633493273206114,0.28642557543450187,0.28208856915896674,0.2004771564808319,0.17978379331566785,0.07498293691587843,0.3418513294648438,0.3426637682081653,0.29431765381322655,0.08188253594520527,0.16519145742901845,0.040387300822739815,0.30240394656679614,0.028026721474686652,0.7493360597307402,-0.03404492342146345,-0.02093047302853269,0.08315879217948824,-0.08531292187786621,-0.016252486516752335,0.0605830069283312,0.05497183708040561,0.09589354571935627,-0.03038682783656622,-0.1623050256858997
0.08802192100215614,0.17658844306271215,0.41688394392707134,0.3491750798425784,0.3568203367919935,0.4412947098983511,0.32914084249466374,0.33060345096529165,0.4636835646561929,0.4106517044327108,0.39870478460488296,0.3877563945258574,0.2523118299354427,0.3663446862189642,0.4072175270206203,0.38356948699275195,0.6806837123224853,0.3126486036403329,0.4742438451197127,0.3824479041015894,0.37711395119422625,0.446490400867498,0.15929034334446748,0.2697735664673071,0.35766024353089115,0.39125128475238014,0.40016182797729727,0.6640130658538923,0.2947332892872704,-0.035324637937592704,0.32907508399467394,0.37020662970510443,0.2549507094364556,0.348441463637077,0.3102441459589842,0.24897858748350735,0.42223313495791137,0.2522706337576667,0.24765474921120706,-0.06818911670905299,0.3520631107976362,0.37703915692117523,0.3247112201365959,0.07141722442854055,0.18929059948607896,-0.012611970580004328,0.3194640892335747,0.11128787056279756,0.8858781099318905,0.10938941371699272,-0.05186724229022168,0.19656726247344528,-0.11135989825270078,-0.07972536827250709,-0.035810353664682194,0.09001384143250946,-0.018708276225646,0.039253380125343844,-0.15265675976226403
0.0806930001313743,0.19037772645697598,0.16763170020815255,0.399323312532267,0.5609496330448124,0.40307462414436157,0.24043294109475352,0.334391973489721,0.38267099077630534,0.4494707151178212,0.3383501492492851,0.388746517839641,0.22389739885075216,0.2938379296703255,0.22745688720484275,0.3053769311716436,0.3126486036403329,1.3648565281996257,0.383797114601875,-0.052177142491725746,0.24662693621503118,0.35743360756546366,0.3652900362999218,0.15362022058613495,0.32145212126894424,0.20922537521876713,0.30446612686302116,0.4590739117440609,0.3176061430217321,-0.20593263547721305,0.721732242116996,0.30293413093963567,0.3123215802624441,0.38088005144282117,0.1213777706340909,0.2349384398891501,0.12464157257695686,0.09360437649219087,0.3189152312243795,0.14152407803373837,0.15561302627418386,0.1556069929155594,0.36549106712439866,0.029324269902219487,0.2784346788927302,0.03352861528463462,0.5211133590178882,0.008051211588765619,0.24743115053808645,0.16937209393261546,0.019292524271489767,0.2281931155534819,-0.1737421453928909,-0.01867843865775501,-0.05755017663674079,0.013108063273639713,0.05770236039633866,0.17591956379385623,-0.20778035073409334
0.11062095464248485,0.01952240752433388,0.5271889166599135,0.2785736009101072,0.35291701498413697,0.777838337508569,0.07675521559822755,0.4812094608305193,0.5036593159454409,0.5427576846866251,0.4088365272022283,0.5159602290771189,0.22701921226185842,0.5129861360967377,0.5324174161478971,0.4695444168934367,0.4742438451197127,0.383797114601875,1.8787025231281966,0.21195099327585581,0.4606225078492907,0.5191543457822573,-0.007803788997860759,0.2901338411437841,0.4771935156662854,0.5595771798528135,0.4090045433469703,0.4141409367640159,0.6982006377765835,0.029619940504441826,0.3971729277147668,0.5345157572716527,0.3185653682091647,0.1250529939661714,0.1812460854992386,0.3340730959368878,0.484340251708445,0.22381437855110212,0.2105349872726589,-0.15492246820234767,0.23620468418692847,0.39268830947137473,0.23714160985785393,0.020086585980366455,0.2524124447644986,-0.10797407869149576,0.2865921522497362,0.09322607918847198,1.2709226804236984,0.6033038351265629,-0.051956303657690266,-0.033965538582404,-0.49927912459633245,-0.018217095987317675,0.039143145220255346,0.09974552849096542,0.15247226095347088,-0.05098250242547717,-0.2446797197457422
0.07311217151210497,0.3391896516082505,0.4294538841307742,0.26529135771910484,0.2858919956731795,0.4893236173980805,0.16894323529746996,0.34416770497471755,0.341511309083818,0.22515251973593767,0.35684354971217974,0.27249608242493734,0.23333844560687675,0.32250174925543146,0.4013748488203553,0.29612866146109623,0.3824479041015894,-0.052177142491725746,0.21195099327585581,1.096277625985247,0.2103515446726777,0.31719026346715923,0.31740939035705934,0.34568143657524597,0.28663778895714753,0.39020892704092924,0.44123620395862395,0.44783267905115415,0.2740309264991613,0.2837146389931353,0.13222067081982156,0.2903998060207155,0.2481944299176733,0.32789273648728995,0.24375301106958364,0.28661001165203753,0.6814423666144488,0.4379450362723591,0.1981343271605567,-0.004643795016232468,0.31498923321490574,0.36690171610252914,0.4923484896324103,0.13939616489946471,0.3486405089202911,0.19146993388194253,0.23888247587221106,0.08948862735639161,0.38676949221846685,-0.18007268655968064,-0.05028376438772671,0.0929652305488898,0.20589219152939453,-0.13391864475349308,0.11527333919880751,0.053701074560885846,0.013404155081488513,-0.06861422241719188,-0.03202978576827889
0.08174173047947395,0.26254513145518804,0.33285493342514627,0.27950083883343885,0.31363045673853995,0.39268125843471713,0.25434049745615506,0.27051077408337054,0.35415802672231966,0.26187608810135893,0.32175970452831515,0.3355179830393924,0.20123506521108758,0.333168499304701,0.34863322896176374,0.3120514434003252,0.37711395119422625,0.24662693621503118,0.4606225078492907,0.2103515446726777,0.7741310895469293,0.32548379386912146,0.36593520813233343,0.21566987738995358,0.31857690865953076,0.5265144981998121,0.29701722436653394,0.4348109117989498,0.4104054723084064,0.03801620033661432,0.030585823559774156,0.37051275470882755,0.25986824315835355,0.3207759120540468,0.5391219341685035,0.17480138447651175,0.47938660300857094,0.17977234598648484,0.09499058385998098,-0.11113923310646169,0.427328947781459,0.4351657454793488,0.316460819812318,0.07133788357389255,0.09401500301404306,-0.1039744049309592,0.3454946694569869,0.21056869890886917,1.1624180530194075,0.07109192937855022,0.01194641439175192,0.19087568652159112,-0.18992935980005782,-0.036240225731390796,0.043659640433526076,0.03261081182320512,-0.020096526565322993,-0.019013076282021733,0.022474414367677168
0.11749248763246022,0.15995289573867133,0.5047242902269474,0.34920872072167086,0.3250391164725307,0.4834818598886803,0.3145650444703861,0.3030227114341933,0.6415183621930138,0.3375328011081241,0.35520701555471984,0.4023372012326115,0.24699182407474535,0.4262575774885248,0.39423683040122387,0.46149661642844014,0.446490400867498,0.35743360756546366,0.5191543457822573,0.31719026346715923,0.32548379386912146,0.8575362613025654,0.2554142294097719,0.2795167894585267,0.32405375361936045,0.4100049734124505,0.3723360390336472,0.38861505256732776,0.4179671141212632,-0.07855512519956132,0.25663045190436395,0.43520697650641554,0.1863877435425401,0.2101337740853211,0.21756376543873343,0.37947262016718947,0.2645874398192861,0.22412350970334546,0.14724242728530554,-0.001508240095716475,0.31123510125806325,0.3439264817596781,0.3211246098247097,0.09448677750407579,0.11273531711125115,0.14912265974771158,0.26608004644016986,-0.1339848837005676,0.794809372432593,-0.047777128438657133,-0.00893317867738706,0.10701241396121364,-0.11566549690497735,-0.05812806999343394,0.1417552191233371,0.13456100582419006,-0.0030088538223221983,-0.1164372908053415,-0.15169010776656347
0.02524527712821586,0.18485409515622767,0.3251345781255643,0.22294161376245444,0.23085748528121175,0.2450324994731632,0.24715117006239723,0.10224523061059315,0.2734564476377247,0.2445448641392955,0.18076902835151448,0.229122075892447,0.21628180571590763,0.16997021884394767,0.011542613280849103,0.19923062286371546,0.15929034334446748,0.3652900362999218,-0.007803788997860759,0.31740939035705934,0.36593520813233343,0.2554142294097719,3.2978272022442336,0.7392872913369352,0.3697994111191739,0.021898767188341644,0.26175281242238047,0.20982495193688186,0.9447869441163067,0.5042662005289515,-1.336596350984759,0.0873729257552478,0.5131170677902714,0.8398831251146025,0.8450574794040279,0.12587703523748553,1.2065577479002578,0.09542541857118615,0.2522016988152417,-0.39257300700326897,0.34496882080310287,0.23441754694824368,0.5389936485421791,0.060325994577514884,-0.240742750649546,0.3381017539793991,0.6644697153813796,0.15905799576466154,0.9690011620760461,0.3843041428767959,-0.031170788581041543,0.29696109170173185,0.09953573229790362,-0.22439128503470362,0.09489744097382216,0.047554289657804324,-0.3312590448707897,-0.25786272984985653,0.5457787202848612
0.06155852928942012,0.09692747934553735,0.3299834621809549,0.2632200282531159,0.27172439530754156,0.36851422250861904,0.24897728971194497,0.15424962639355128,0.3665021397724926,0.2239137546601161,0.26501401774275724,0.265510359308531,0.18416582654349373,0.24528563447578242,0.27492742096791645,0.25661853809517016,0.2697735664673071,0.15362022058613495,0.2901338411437841,0.34568143657524597,0.21566987738995358,0.2795167894585267,0.7392872913369352,1.3927968313678776,0.3974523144851893,0.14440932554922117,0.2178447088542729,0.4238023142357641,0.26328870888035816,-0.05243628196061622,0.6538807148837982,0.24514396318000975,0.20111395099950002,0.12469008655836952,-0.14639140415329038,0.24765689046548023,0.05602936292112994,0.18160471252581797,0.1945965770596877,0.10628168338658055,0.15408336873770478,0.22003803904335245,0.1207287376682644,0.04655529251073358,0.009523836576117007,0.02498021241763401,0.20751324389122075,0.09849615660242778,0.6568392801865787,0.016205145458799374,-0.032436687234360884,0.2736479597890034,-0.09066946073032488,-0.14475444858621575,0.44427234116481823,0.09070182716846138,-0.012362802879938115,-0.6614848117370185,0.32689325465097113
0.09119119434590969,0.22657814866485215,0.3864388115883416,0.3043996146056224,0.3429243742115593,0.437910246080355,0.2670397669179535,0.32029984562600367,0.32285114820673827,0.33902501459212137,0.3330346795011798,0.3925326603970582,0.22391801196404648,0.3074217404539207,0.33675069204702696,0.3184975863477017,0.35766024353089115,0.32145212126894424,0.4771935156662854,0.28663778895714753,0.31857690865953076,0.32405375361936045,0.3697994111191739,0.3974523144851893,1.291080606978261,0.3285918931204728,0.4399877495482607,0.2793664330437393,0.7281541254487591,0.040159820257658976,0.348809582393914,0.3198004652199329,0.23349310332166268,0.44886314932129134,0.3502140077957724,0.33354243316756393,0.4262236237169873,0.19909683210475707,0.1995308858155511,-0.06901956822704286,0.36178092251555577,0.2968865364433652,0.37669408253220776,0.05458428890653484,0.2297864812644088,0.11791629111422537,0.34985251788418886,0.04554836737410602,0.39169893740260625,-0.1916232708494888,0.09720033343243142,0.24408233277486932,-0.06610529341587616,-0.11921525235938024,-0.02760503752034987,0.031163427846750386,-0.09369437864092554,0.011206501444115776,0.026615118912094206
0.08441456565049135,0.2794806836461436,0.43596155921687924,0.41635699017619004,0.49573828052873,0.580334243543654,0.29507539164703733,0.45055173116624453,0.518468110221493,0.39890152113408256,0.40849492401864784,0.46371516752100955,0.18261025375980516,0.4768758508309292,0.5335540489864231,0.3498561415495119,0.39125128475238014,0.20922537521876713,0.5595771798528135,0.39020892704092924,0.5265144981998121,0.4100049734124505,0.021898767188341644,0.14440932554922117,0.3285918931204728,1.953926840765792,0.1387470190657914,0.39927388340891545,0.32499687420283174,-0.04785306117784829,0.13697960273230525,0.5786166365065956,0.3593700859767944,0.3143692276014747,0.11330227936337084,0.21156053101006,0.6294965094789753,0.2739312320056497,-0.4602075160352887,-0.24201943638082998,0.3751661204745852,0.5167580452344989,0.3584799584724072,0.028182522232184787,0.04411225966694352,-0.2604584817308153,0.2972247637288455,0.3193103592582485,1.9976920649054906,-0.12002263376655467,0.10843361317170949,0.3612801365495467,-0.4414156780279024,-0.013823928808337079,0.054217098263249774,0.06213797216712607,-0.04947085643449421,0.08418882527730198,-0.08065177309036574
0.04629100565700308,0.17341725371303074,0.25246148883486824,0.24176336207815302,0.20966026777394828,0.31607162451485615,0.21186486091159176,0.3351913947062592,0.3162864455832708,0.35892496961985226,0.3491921594495375,0.3190217832897811,0.17699204173861627,0.28444246468952095,0.4041172869013111,0.28358701508533235,0.40016182797729727,0.30446612686302116,0.4090045433469703,0.44123620395862395,0.29701722436653394,0.3723360390336472,0.26175281242238047,0.2178447088542729,0.4399877495482607,0.1387470190657914,2.2763527732617215,0.820342616477971,0.17645945241432642,0.07468807173632548,0.23021872487198955,0.29819844249298744,0.8959520754886818,0.22747573079768035,1.1833763078258752,0.34347463814140433,0.7530953088306724,0.2614431554829743,0.1546121829753934,-0.21525208499679163,0.6100535646040038,0.3661928470893191,0.5322222150577507,0.1585714233428815,-0.4097264114507438,-0.5005929619693353,0.3215890470785525,0.5141088785446111,3.143994292781056,0.01194748644031719,-0.04894429593007597,0.05437386177064919,-0.022195043533592074,0.1371288733338686,0.16731509818171664,-0.023470178652795912,0.00197239610588165,-0.123582145042111,0.18969875434502795
0.0926360134571438,0.13135622310370387,0.2298280548653204,0.33971704569029065,0.3721286362046042,0.39817781021611365,0.30361215707990236,0.24120792273067834,0.4384761444549228,0.3997387105423416,0.3679963088560533,0.21659625797889823,0.21620374074230325,0.42416907037639473,0.4749655852049293,0.36683923845301725,0.6640130658538923,0.4590739117440609,0.4141409367640159,0.44783267905115415,0.4348109117989498,0.38861505256732776,0.20982495193688186,0.4238023142357641,0.2793664330437393,0.39927388340891545,0.820342616477971,2.2188972132624674,-0.2008420024440297,-0.16304451885486432,0.497989408199447,0.452102843943951,0.6187202354268058,0.3456830363545023,0.341179643504401,0.11986354146261607,0.41785367444132127,0.31085287927321753,0.1742226075105158,0.1313011961635019,0.6155267726097015,0.3729040717533899,0.34252884371798736,0.07890230078084345,-0.2903025177552757,-0.36805880538544566,0.3209961299601065,0.45238777493739135,2.110054112222093,-0.09170282018644037,-0.1125379601470113,0.4477275149561645,-0.11805716285031535,0.0021308671997121082,0.4558215375738311,0.0006658029904593191,0.3582810658663899,-0.3817543792720919,0.19750370044538368
0.10847259934324618,0.44421255079335825,0.819449598935154,0.2203106279107474,0.13859234602113746,0.6097526686489945,0.20870265530067272,0.37040941381185916,0.4021746475536937,0.4000716148913724,0.34505778966915557,0.4336220782768099,0.31380827584809295,0.30288366623448293,0.3839791224321549,0.3894421418587726,0.2947332892872704,0.3176061430217321,0.6982006377765835,0.2740309264991613,0.4104054723084064,0.4179671141212632,0.9447869441163067,0.26328870888035816,0.7281541254487591,0.32499687420283174,0.17645945241432642,-0.2008420024440297,3.4198990325395617,0.5593969953511428,-0.4851091826996275,0.2974866532792835,0.3120479339761779,0.49844679487924454,0.7981409754826192,0.41561781367995115,1.5873756527775547,0.032999457412298865,0.3120264397427366,-0.42268717707701614,0.6887987132059363,0.3471972439773596,0.6623964699093797,-0.15870916153648057,0.6777697501318851,0.6606718606760188,0.6833491783780687,-0.1702286810575242,0.9874844855276974,0.37425205021099617,0.042536143525186594,0.059678826988599484,-0.1990257750767183,-0.176229182407822,-0.2634847408022471,0.0009220014066917991,-0.5559882293903049,0.23559667926750696,0.31536599078862027
-0.011550552379642767,-0.042893244072137265,-0.1692481159841244,-0.10919566796864925,-0.15085016101098087,-0.2716197624377095,0.1338305153084987,0.015542169234961427,-0.1756583315402564,0.092255816735646,-0.010937998363961416,-0.09815520289498506,0.07925190008513179,0.027172843222813433,0.05749462926099393,0.013569081750463206,-0.035324637937592704,-0.20593263547721305,0.029619940504441826,0.2837146389931353,0.03801620033661432,-0.07855512519956132,0.5042662005289515,-0.05243628196061622,0.040159820257658976,-0.04785306117784829,0.07468807173632548,-0.16304451885486432,0.5593969953511428,4.10167991651075,-0.7163316953804795,0.003018446951071729,1.4991005603636463,0.49336385861945187,0.8178719510188015,-0.23381256543524642,2.5696075283221105,0.30597726020305294,0.49504400701493495,-1.43669665323015,0.012349551568694791,0.18436314139784862,0.6770692650494505,0.06989086113596335,0.1832421967887533,0.16004677567975686,1.5698136266750502,0.29171756145132977,1.2682242372893908,0.2724200687540347,-0.09553798582894035,-0.6497863961187043,0.40592933003155396,-0.08438271747316618,-0.2780470855060886,-0.14697388546190032,-0.0762492312208893,0.368927881230343,-0.06928301618938773
0.10341243545898393,0.04417734763886026,0.048982681688710165,0.3688668255264944,0.5200137109960322,0.40566178576775747,0.21920857048983924,0.24669350066419543,0.3578540242394716,0.2679886209409189,0.33486575046649647,0.3081047980954886,0.1508872051126973,0.2450079563037765,0.3091859498521386,0.25238078637194655,0.32907508399467394,0.721732242116996,0.3971729277147668,0.13222067081982156,0.030585823559774156,0.25663045190436395,-1.336596350984759,0.6538807148837982,0.348809582393914,0.13697960273230525,0.23021872487198955,0.497989408199447,-0.4851091826996275,-0.7163316953804795,3.8182795814222135,0.3179793515224028,-0.08710620884186855,-0.35185347424645574,-1.1904484544956708,0.4668221976313252,-1.5179020147194668,0.24537048100079606,0.39912125003792126,0.8721340883268845,-0.049742679378778035,0.09328516710779561,-0.14164143849696526,0.051016358502807974,0.47806394693676335,-0.016698705981932446,-0.036821991507485635,-0.16438259064995822,-1.306957422247913,-0.40451506868335385,0.01647179529917344,0.32838070246330486,-0.14270725655279143,-0.06758493496761302,0.28525900384018793,0.0813876141918439,0.31103657176868155,-0.21228213272471474,-0.41390913903849796
0.13643865344597353,0.10972572615158586,0.249688415299237,0.3827225682698779,0.4321776550796817,0.47922708627263966,0.21195126303234,0.38492728859487263,0.38652564577933607,0.3417518710174346,0.33648480043217066,0.4122726897680721,0.20071709294353401,0.612927380850041,0.40670744074887,0.45430882821986307,0.37020662970510443,0.30293413093963567,0.5345157572716527,0.2903998060207155,0.37051275470882755,0.43520697650641554,0.0873729257552478,0.24514396318000975,0.3198004652199329,0.5786166365065956,0.29819844249298744,0.452102843943951,0.2974866532792835,0.003018446951071729,0.3179793515224028,0.8543464206315821,0.24402228700820672,0.19359402314346527,0.26396297000594,0.25506234788064547,0.25060507387681435,0.23216205307833668,0.04406798868472464,-0.008842294424046687,0.27909605951310534,0.3813966804824166,0.18234136421897454,0.06812041273799714,0.12709715571228905,-0.11331480412892637,0.36556852023880876,0.09166119048640894,1.1403022117631207,0.1264318376503713,0.020005829096959263,0.2451152225887116,-0.5345410484280889,0.10376761413282098,0.02601271149351226,-0.021454596201823356,0.45724415990921585,0.00196677757621585,-0.39264698843082313
0.03273287559763053,0.19664830506511652,0.2195498138282219,0.10434820586281016,0.09139892415278174,0.09599286868075059,0.20920004175654017,0.23424469609408596,0.17389031010133368,0.29516846654593976,0.1719165330356802,0.14402243811243462,0.11799752223514239,0.1778094925944794,0.22764406737737555,0.13654217561355275,0.2549507094364556,0.3123215802624441,0.3185653682091647,0.2481944299176733,0.25986824315835355,0.1863877435425401,0.5131170677902714,0.20111395099950002,0.23349310332166268,0.3593700859767944,0.8959520754886818,0.6187202354268058,0.3120479339761779,1.4991005603636463,-0.08710620884186855,0.24402228700820672,2.1262797135399234,0.2391345036993277,0.6571757094571378,-0.3930921601676112,2.164803292711019,0.2989875183336116,0.18550553912624138,-1.2671020816855032,-0.1524852352285238,0.3761579548948511,0.6188168633985892,0.08210769523902149,-0.21316199655884438,-0.6924974972194459,1.0019492163565982,0.7468105461186832,3.2612256748095034,0.7660354594461234,-0.10955253671491318,0.06204480548820996,-0.49418710334503585,-0.017659388277953183,-0.0281426877010863,-0.16533701238605783,-0.21670768336117208,0.12346502316236699,0.3581301990668608
-0.05288441851235225,0.3276461420600659,0.27763587320194794,0.38330277093436604,0.6698759462739146,0.32343644331162846,0.390546794031581,0.32573037473969363,0.20284753730220847,0.4876970080117743,0.3556829573570657,0.28974815291659445,0.29283843470862103,0.2120596491826742,0.2898744979841888,0.24158819798450362,0.348441463637077,0.38088005144282117,0.1250529939661714,0.32789273648728995,0.3207759120540468,0.2101337740853211,0.8398831251146025,0.12469008655836952,0.44886314932129134,0.3143692276014747,0.22747573079768035,0.3456830363545023,0.49844679487924454,0.49336385861945187,-0.35185347424645574,0.19359402314346527,0.2391345036993277,3.3281749927049886,0.7986812285641826,-0.022189395751541437,1.3309596315480676,0.2973745004057807,0.6508804697374729,-0.8872736977381062,0.4403931732494844,0.28185424343133564,0.623850604240814,0.14664315297054342,-0.29703696534640733,-0.2691642811982376,0.7963746104627497,0.5395505386031794,2.201008928089695,-0.2570902821986836,-0.05764048116140294,0.3240701496399494,0.2445414327589171,-0.2436831847403313,-0.4418099521160113,-0.10137238650517033,-0.40005833872794094,0.18046656081992452,0.5076832017424212
