0.3600335458862513,0.13264369374472723,0.30091967516432966,0.012074034106664003,0.011211783870042112,0.031616965326835805,0.05028821104904816,-0.03629492077817829,0.036043954032582017,0.024932858013841815,0.004221833330177918,0.02387051674059795,0.006089960127420224,0.03528901076036343,0.043249798471278036,0.029694874701763862,0.01717934837846515,0.01626024189348366,0.0001790152924126098,0.027571783030374372,0.01480635234195011,0.03975189702313895,-0.010324278514018459,-0.0025402723536919513,0.023576624114596326,0.022043528962402248,0.014636212820420184,0.0005504675596481181,0.09169741152293594,0.01763728494931084,0.024325047331076616,0.023979194133720693,0.018013136479480815,-0.1244674185586158,-0.0020270226283505793,0.05722790134215387,-0.014037181567675435,0.03875989737980343,0.025866041940243566,0.011046182754258255,0.02281024904027305,0.02119379811970018,-0.006754440839951077,0.007041608310234571,0.1093690031277724,0.10823440150958367,0.017486854194219647,-0.07000736420727605,-0.0033660388777189913
0.13264369374472723,1.8531366693630307,0.6055814611249821,0.0779205295354041,0.11729301021065398,0.25707455032901266,0.3008737306223953,0.18911530534328036,0.35093633444506084,0.21909987140034926,0.2040774894875586,0.18491227216234815,0.06696135481203046,0.2898495595400481,0.39691053717704045,0.25007289858046483,0.28209496480593776,0.24842827809960824,-0.038896544068157325,0.42506756317706296,0.21813294502922193,0.13937871014322215,-0.049514065993394356,0.2393477267407043,0.17417755601702162,0.20692197561776154,0.3008343552047488,0.46859244037288916,0.22017517647873477,0.23787032406120862,0.3199672814339026,0.2441608586910867,0.2562938845136549,0.250277566099196,0.28083884084739213,0.30947804578816024,0.269753928577067,0.26758432929984494,0.04488683494505784,0.1667905283885432,0.15193574438449353,0.2813150261703861,0.21920099047927288,0.02689041584691731,0.37161260778057464,0.41796831185905586,0.26227230100692195,-0.2674837355743189,0.1377265953389966
0.30091967516432966,0.6055814611249821,1.5802446906089611,0.05628994903955451,-0.05921421261615213,0.29634815161582007,0.15090188102517368,0.32842010678187844,0.2918960649762561,0.2871031654235329,0.1640531190310867,0.15883556811110772,0.06208117811442845,0.2001853682763328,0.2815484292749078,0.18420612963364547,0.32452598087547424,0.16585225165068085,0.14026181211827823,0.2603895387851683,0.20891845999862332,0.23451293594140868,0.0704794459950765,0.23630567468239885,0.2605375214491792,0.15560572764894554,0.21496023352631985,0.2539857015129388,0.45670214707272716,0.2666377433523743,0.25549794791577035,0.1761273751963777,0.22562246774045783,0.16276278787293913,0.3522439708161921,0.44469715514536157,0.23361191812432838,0.20504315971551892,0.1540492444645965,0.10594058007038568,0.21270047360031993,0.2516008267108566,0.07672098694692181,0.039414234629550154,0.46221348847977023,0.6493189846598486,0.2765052924670306,-0.40927608723573616,0.02860551849614261
0.012074034106664003,0.0779205295354041,0.05628994903955451,0.7649875062150588,0.45160737134714746,0.274484891780842,0.22538972138072602,0.23691225566477558,0.20965488381746833,0.17430856496338068,0.16764477229432104,0.2231036036903697,0.06065059577566499,0.20175923098555915,0.2040114236578446,0.2266688315279166,0.15481010513764276,0.22825711797226428,0.011789815894606894,0.17661567145331444,0.12444220292346919,0.15298799702239357,0.2669053251198184,0.18976367097125613,0.17528868615636,0.20772680691437023,0.13466354259911,0.16592032449161487,0.16570403442812123,0.013125589598212311,0.11290633125691836,0.19000795954563204,0.16760141021453098,0.32093256037748974,-0.030522925953034522,0.1790641225931221,0.20046742277750712,0.10316474439209196,0.16673591648529373,0.13937537874760397,0.06164929778554219,0.16331659889141217,0.20697285868677784,0.029066876297078187,0.029499788892105035,0.14470851681045313,0.15264743760703595,-0.10308261328462702,0.14799162713298505
0.011211783870042112,0.11729301021065398,-0.05921421261615213,0.45160737134714746,1.2601929864679853,0.1685133931432186,0.20558104537997204,0.2846882212483401,0.2433881914285663,0.17367795912487094,0.22715893495878844,0.2882443043673921,0.07284480792890626,0.1968796924170677,0.300367818675314,0.2566123797639035,0.1249305337930223,0.30103772739926715,-0.028490508644154915,0.19669661569877445,0.11041762711572276,0.13678910366583075,0.3635586280331059,0.17705780108071204,0.18615005811500304,0.28172319468579143,0.09488172913395305,0.109226564196857,0.13270401181914818,-0.2248457049862382,0.11013823310634013,0.20618207398105784,0.16483940921373566,0.5224844289051178,-0.1124631395469297,0.16847432400358953,0.2852586506405274,0.06833722248848706,0.20951425428008014,0.14477122495110742,0.04300049312210938,0.19828659562523726,0.18606479222002636,0.007551762881960277,-0.15911339101262348,0.04760319858885384,0.09002821485033921,-0.05462526175914427,0.18934212746199403
0.031616965326835805,0.25707455032901266,0.29634815161582007,0.274484891780842,0.1685133931432186,1.1362317914151578,0.09201948969430276,0.27403885072167994,0.3683507702276418,0.24069065870134732,0.24511126444648926,0.21793797953241273,0.08783139163644527,0.23082880538872266,0.34821489608612327,0.1890138011485458,0.23012660752969738,0.2373193721502623,0.22358460167096686,0.24695691514407495,0.17254805953613947,0.26145051675566183,0.09083669666507943,0.19761396794422384,0.2035255436730839,0.3311017558725404,0.19720702156772696,0.31078574392215075,0.39984851076085354,-0.0072403497110915555,0.18054450245955547,0.2641917605921341,0.08919418742069853,0.36751763944044213,0.22268893446324725,0.09618865543412318,0.20059931799328268,0.1492991530956351,0.21892069568235198,0.16128117103862777,-0.0372007157701676,0.18387970642163215,0.17524886657273547,0.06564555186366819,0.19285178923361593,0.16045648091704665,0.21296448301072904,-0.051592295497816576,0.33589337712041395
0.05028821104904816,0.3008737306223953,0.15090188102517368,0.22538972138072602,0.20558104537997204,0.09201948969430276,0.9159205652861343,0.060979949267234414,0.41074021756437284,0.13813581338477168,0.1460366618869928,0.2577087303000796,0.06816291709315671,0.46622341097468634,0.13887464598084293,0.3729339735651965,0.2339908821422054,0.20443905955523287,-0.06802481343009922,0.2685577146335101,0.14565989650526745,0.23212222611415223,0.36739296309486996,0.31869511466051526,0.20901258569022035,0.2704483696384998,0.24836925620222158,0.35069340747274,0.17711787331776463,0.19289958854914765,0.20551784841180754,0.32628118405198736,0.3007100686346485,0.36814310841861636,0.1986088553413434,0.27216928125544065,0.28058585137321984,0.19058149734745758,0.07988248905572966,0.21228349816114644,0.09723052497069305,0.2808025562192783,0.3807997829914499,0.023090615642350765,0.0797397484275292,0.20790852388777883,0.15623297245901308,-0.1543455488976048,0.30630015716246917
-0.03629492077817829,0.18911530534328036,0.32842010678187844,0.23691225566477558,0.2846882212483401,0.27403885072167994,0.060979949267234414,0.7621235511191947,0.13105808339243571,0.31938033303341906,0.2848831656431802,0.19091792689117967,0.07524797028232894,0.11811009361218812,0.24487318687461565,0.14725536573599016,0.31152892791234565,0.23426328469387026,0.1833315212785387,0.2072883442793186,0.22052646423083583,0.14830824255655642,0.19893768721451807,0.18957825760267527,0.27937341213392075,0.17060361725592593,0.20001405551083024,0.023617720366433604,0.2214546603601875,0.23780506842777022,0.15386975661435084,0.12187304232362588,0.13192188400632224,0.39334438082518847,0.30432656007813347,0.2382251934044549,0.26921173692912986,0.12300908082554773,0.3152370020425856,0.158950283737503,0.18968473535020478,0.1659461963804944,0.1680628595397224,0.06146075090577969,0.13129113154245323,0.29901952451569064,0.2997137037441548,-0.13543517185504825,0.3145728503278875
0.036043954032582017,0.35093633444506084,0.2918960649762561,0.20965488381746833,0.2433881914285663,0.3683507702276418,0.41074021756437284,0.13105808339243571,0.9471918372054655,0.07777123362187759,0.13813343904709174,0.18246098667424915,0.04933160346341253,0.4198895300048578,0.20724176696029775,0.2748395012750795,0.22164774293260697,0.2349154148703386,-0.01959852586216803,0.2949484821821588,0.22778758012077352,0.2278088432847918,0.3158994661011453,0.36138269964396946,0.16366571331299487,0.37080000190316226,0.23183633991819122,0.4543312047028833,0.24466140630592537,0.2842703666108973,0.3065741822358546,0.33097280409839946,0.39705469501322116,0.23855069274848256,0.17933512445538616,0.2543051620079649,0.312591039612367,0.23723525347150093,0.013655664523743349,0.22782575271808522,0.04707092241569902,0.30326979819798106,0.32038173684427007,0.022509393577322307,0.3117321196083709,0.3987334990821094,0.27740021802589515,-0.22860493179735109,0.07270537762906149
0.024932858013841815,0.21909987140034926,0.2871031654235329,0.17430856496338068,0.17367795912487094,0.24069065870134732,0.13813581338477168,0.31938033303341906,0.07777123362187759,0.7057025781357638,0.218072511425414,0.19488559456671037,0.09083652365195634,0.15546779575819733,0.31956521295370505,0.19985191064302638,0.2932575103564134,0.2636578661862187,0.15506715088048512,0.1827899505072534,0.15034237260246724,0.16822682194612176,0.2995547688710508,0.22261480922557333,0.2930110611848167,0.13933084402392482,0.20887439899704877,0.2122439450310526,0.2177864426122222,0.21887532882954902,0.15828986720526284,0.14829758135056081,0.21170573899799275,0.4398920267234044,0.2621473234995986,0.26038438201552905,0.29370808840745416,0.11475366859467356,0.3158193825687115,0.16756396519973482,0.22581755452929805,0.18384637784448782,0.1885981890620708,0.04984176148397419,0.010475896907920453,0.3268022055821942,0.31640970683984915,-0.1343276312554102,0.4271118894443943
0.004221833330177918,0.2040774894875586,0.1640531190310867,0.16764477229432104,0.22715893495878844,0.24511126444648926,0.1460366618869928,0.2848831656431802,0.13813343904709174,0.218072511425414,0.4978004187174495,0.24142973615110758,0.10602544519066491,0.14340272496212675,0.3269765411594319,0.1830025958359189,0.318356807205682,0.20821015131319998,0.08197136663463786,0.27503496070776273,0.1639360607853562,0.07946723973481261,0.20471338410413417,0.19666097891203516,0.22861958370995766,0.21512232397325748,0.198404565948684,0.2737866730332262,0.16686739577448143,0.10787513703327965,0.16001924383876479,0.15331547558571068,0.20664734385489575,0.32313603851647116,0.2295583678068099,0.14946942492672938,0.28806511378441607,0.14208571431720332,0.20073005752814946,0.16534964543797526,0.10420049929727836,0.2059930589555289,0.1339253194375622,0.03868368282487251,0.06867825154947908,0.23291585267263407,0.20541862113480677,-0.08864517533285261,0.15582130502966612
0.02387051674059795,0.18491227216234815,0.15883556811110772,0.2231036036903697,0.2882443043673921,0.21793797953241273,0.2577087303000796,0.19091792689117967,0.18246098667424915,0.19488559456671037,0.24142973615110758,0.5484588149857449,0.08699512582258084,0.21292764709204626,0.2324167527958856,0.2221944886763039,0.2015287834497431,0.2591999747678116,0.09242242786677876,0.18404282827389373,0.14897831733352923,0.16907421255257182,0.25580642327062253,0.23273504866981068,0.2668455514717213,0.19557858510654996,0.23633305404380467,0.0980456388750443,0.26808321884126335,0.13371846630222933,0.14446889441609065,0.2182351954821551,0.21813260569651186,0.32121611237571507,0.24004792664817678,0.29053939018820096,0.20052439253024107,0.12697663077800855,0.18460445352646404,0.17527208999403926,0.12771277476920545,0.19478274758252073,0.18742074594594968,0.01607444165828404,0.016084871654290404,0.2830484745799193,0.231356774917107,-0.1771000287083973,0.4800438728151754
0.006089960127420224,0.06696135481203046,0.06208117811442845,0.06065059577566499,0.07284480792890626,0.08783139163644527,0.06816291709315671,0.07524797028232894,0.04933160346341253,0.09083652365195634,0.10602544519066491,0.08699512582258084,0.18252247137336858,0.0790682986284605,0.041028779145929284,0.07668980773726349,0.09475563198809278,0.07325435215213126,0.06668910122842917,0.08320852367806063,0.06629309857056183,0.08606961540196388,0.08182208297561581,0.09321695633118861,0.08429930133763949,0.08802327873097797,0.08447472083228927,0.1026935573492024,0.10202446274365613,0.056243034811151775,0.060963533496703894,0.08675463346260054,0.0925317229675211,0.11045072701271663,0.08891499315961626,0.06903547020388817,0.08452118651232068,0.04659849538924699,0.11765295471388855,0.06843038685068718,0.04755810450874516,0.07371785978403769,0.09196453395758432,0.015586607945172458,-0.020094734660939372,0.10508990860197485,0.08349501273377882,-0.049966339292817144,0.166691206682368
0.03528901076036343,0.2898495595400481,0.2001853682763328,0.20175923098555915,0.1968796924170677,0.23082880538872266,0.46622341097468634,0.11811009361218812,0.4198895300048578,0.15546779575819733,0.14340272496212675,0.21292764709204626,0.0790682986284605,0.7560957621868225,0.25719159656937535,0.41729923725350043,0.2183429465724267,0.2401869918844024,0.020772048896763817,0.3803187539876169,0.1882824596859721,0.3331587428755685,0.3114645577144586,0.4327870653090055,0.20850049207538118,0.3520195205200153,0.2995886321715296,0.5044626811624129,0.290902314717998,0.3507282778183664,0.32802045218004655,0.4907371589783801,0.41306020542138416,0.269469592778705,0.2323284633510339,0.32147936207792627,0.28789170807325926,0.2855798468156804,0.12186935148450424,0.26077006016270304,0.14515585931884462,0.35196352064174524,0.5128652222337995,-0.001489216359908369,0.2190247651955964,0.371625560598412,0.3399078466661934,-0.20763698959455507,0.5686611699529703
0.043249798471278036,0.39691053717704045,0.2815484292749078,0.2040114236578446,0.300367818675314,0.34821489608612327,0.13887464598084293,0.24487318687461565,0.20724176696029775,0.31956521295370505,0.3269765411594319,0.2324167527958856,0.041028779145929284,0.25719159656937535,0.9382939289731852,0.28729716040017217,0.31003239355792117,0.3061934713734866,0.055914012360372856,0.3891095808821534,0.18843690835982896,0.10415914125383277,0.4222991205762743,0.36443157317409536,0.3822971907826717,0.26652098619030384,0.27575896611472156,0.5168759211324894,0.2998246685301331,0.31847719823657406,0.22544144926150309,0.23236880425214637,0.42724007885823917,0.3869397850713823,0.2549301203214779,0.26336239550872353,0.44785431398699566,0.2140792341960471,0.2823664728113885,0.2376122353626264,0.18666006329224116,0.33093792685665696,0.17302070022603463,0.05102767557931163,0.10470347022786992,0.40061265425679715,0.36704565189959065,-0.14999864774017024,0.4965966368814789
0.029694874701763862,0.25007289858046483,0.18420612963364547,0.2266688315279166,0.2566123797639035,0.1890138011485458,0.3729339735651965,0.14725536573599016,0.2748395012750795,0.19985191064302638,0.1830025958359189,0.2221944886763039,0.07668980773726349,0.41729923725350043,0.28729716040017217,0.793738561317569,0.30412471968534455,0.26497125851943093,0.09710181051144924,0.3215764276804284,0.17275585969052382,0.28971611888535626,0.3372045696133461,0.36225537821433673,0.3000797228627907,0.24596492149017682,0.2879013031646286,0.5320720631574787,0.3124760516051442,0.2922917941999785,0.2641693820331537,0.34791203809074756,0.3433635975471063,0.35056719037996836,0.3786587982640863,0.296846295162124,0.3982897743417955,0.22712113922654723,0.2364972289813354,0.2569483190788139,0.17968823240329274,0.3834689267945381,0.3295078578040921,0.025067981876615138,0.17280719294910524,0.3449585098076565,0.3194695111104983,-0.19952719825516854,0.4534391273888094
0.01717934837846515,0.28209496480593776,0.32452598087547424,0.15481010513764276,0.1249305337930223,0.23012660752969738,0.2339908821422054,0.31152892791234565,0.22164774293260697,0.2932575103564134,0.318356807205682,0.2015287834497431,0.09475563198809278,0.2183429465724267,0.31003239355792117,0.30412471968534455,1.1409411301857173,0.07675711939399277,0.10258740756253418,0.49660368622013196,0.15701507767621883,-0.02282153606809982,0.2083716520838338,0.2782955772027048,0.34119024035049833,0.10684132108799026,0.28202103507972365,0.6133269321253184,0.023484730529264652,0.2648627036327664,0.24104516629849926,0.1707736963729494,0.34721704429394096,0.36569032760058023,0.32419136402163423,0.2774166876193575,0.5828978710820819,0.28780606410990156,0.1351376761174416,0.2190982786828793,0.2002203355294714,0.3029012531086569,0.20106237623876158,0.06600198686716736,0.1649980458631629,0.399269847673436,0.27182387685976445,-0.22356808492779004,0.1963084785315833
0.01626024189348366,0.24842827809960824,0.16585225165068085,0.22825711797226428,0.30103772739926715,0.2373193721502623,0.20443905955523287,0.23426328469387026,0.2349154148703386,0.2636578661862187,0.20821015131319998,0.2591999747678116,0.07325435215213126,0.2401869918844024,0.3061934713734866,0.26497125851943093,0.07675711939399277,0.9361467369806467,0.051848835761220596,0.056138872683375536,0.29667182767011063,0.36128268710998035,0.6686934355595567,0.3557203225019669,0.26992427005417685,0.2997560745297095,0.13801572162670156,0.4710241128753764,0.3341706556567401,0.11014848467912396,0.3559330888967424,0.2291470172833916,0.529891122210938,0.3682461038784081,0.20819638410700547,0.15977872421788555,0.302474427455073,0.10213809957388822,0.23338236650029526,0.2707641421342184,0.05314421341481953,0.23355478752753506,0.373904238809377,-0.0008596966638664306,0.22395594862192514,0.3577609295015532,0.5058378936040662,-0.12974167495523306,0.43931310695309095
0.0001790152924126098,-0.038896544068157325,0.14026181211827823,0.011789815894606894,-0.028490508644154915,0.22358460167096686,-0.06802481343009922,0.1833315212785387,-0.01959852586216803,0.15506715088048512,0.08197136663463786,0.09242242786677876,0.06668910122842917,0.020772048896763817,0.055914012360372856,0.09710181051144924,0.10258740756253418,0.051848835761220596,1.2979007967373708,-0.21016244448707558,0.2546082507773364,0.4360574062161104,-0.29200057578639244,0.0723438246591197,0.09887005353776772,-0.19793979011835064,0.025901458264392718,-0.08033160713842613,0.39746042435077655,0.24127983848720064,0.1353768822736365,0.07913462463702392,0.058803777919342416,0.03440855299984193,0.1471218270234665,0.15408775721400242,0.10199244766986053,-0.03589542614303544,0.26416949997025824,-0.07612878851274099,0.2636369985778775,0.01882843674185938,-0.0212444387471571,-0.005736522699362671,-0.02491035537356614,0.07008479680108401,0.13193796448490341,0.12226536820853315,0.3196439629233031
0.027571783030374372,0.42506756317706296,0.2603895387851683,0.17661567145331444,0.19669661569877445,0.24695691514407495,0.2685577146335101,0.2072883442793186,0.2949484821821588,0.1827899505072534,0.27503496070776273,0.18404282827389373,0.08320852367806063,0.3803187539876169,0.3891095808821534,0.3215764276804284,0.49660368622013196,0.056138872683375536,-0.21016244448707558,1.2190368042198885,-0.01964129439332837,-0.031036016373354975,0.22757496638727787,0.4034490394587507,0.26932224583663644,0.49180301193012604,0.4197939196457684,0.7990458747850201,-0.08631151353996398,0.2971068142878865,0.32330435017124476,0.3281581389217135,0.5119641145418921,0.3318607699524057,0.22754802815364403,0.24240372440008107,0.6990846236806844,0.5755410318560746,0.44547957265885657,0.43092705992501135,0.11354882910878482,0.470684448103471,0.5726681456437513,0.09880342158225702,0.4839825751688414,0.3419639154863159,0.2619901888075504,-0.10386507120533574,0.5883263229243872
0.01480635234195011,0.21813294502922193,0.20891845999862332,0.12444220292346919,0.11041762711572276,0.17254805953613947,0.14565989650526745,0.22052646423083583,0.22778758012077352,0.15034237260246724,0.1639360607853562,0.14897831733352923,0.06629309857056183,0.1882824596859721,0.18843690835982896,0.17275585969052382,0.15701507767621883,0.29667182767011063,0.2546082507773364,-0.01964129439332837,1.0108125652461672,0.1303928548744594,0.11737905770490284,0.18090906783166333,0.16858251822800535,-0.049417777524955714,0.06251208205034975,0.2953558647659171,0.35598679020337826,0.4681359939265321,0.29142291441493656,0.17113787019892243,0.15398828002655718,0.23173217152283423,0.23008069639530124,0.36747773233605757,0.1121826681694579,0.12071893580070493,-0.0874232965300937,0.1670843645383709,0.42476019477858296,0.21811104804240738,0.06727544133478604,0.06712199968519661,0.46804033570258025,0.45946127044058327,0.3966949746597354,-0.23444136952267017,0.15296636294190571
0.03975189702313895,0.13937871014322215,0.23451293594140868,0.15298799702239357,0.13678910366583075,0.26145051675566183,0.23212222611415223,0.14830824255655642,0.2278088432847918,0.16822682194612176,0.07946723973481261,0.16907421255257182,0.08606961540196388,0.3331587428755685,0.10415914125383277,0.28971611888535626,-0.02282153606809982,0.36128268710998035,0.4360574062161104,-0.031036016373354975,0.1303928548744594,2.087701970518066,0.2429308617008475,0.27394035436542197,0.10699030826177586,0.11998762332296538,0.22478637191580425,-0.23152785343330584,0.9157819015753312,0.09025145307854246,0.2617048418231466,0.43715690853864553,0.12717573623513867,0.27890514743370703,0.0995807160394193,0.12851385914399743,0.022855533205888595,0.11397756159343772,0.5434312671846032,0.15999022264345297,0.11042720866159272,0.1379349763368536,1.0449424442717619,-0.12936960895209879,-0.07176988712371797,0.1191417914666298,0.25821531007288834,-0.028796402110532495,0.5651980941677782
-0.010324278514018459,-0.049514065993394356,0.0704794459950765,0.2669053251198184,0.3635586280331059,0.09083669666507943,0.36739296309486996,0.19893768721451807,0.3158994661011453,0.2995547688710508,0.20471338410413417,0.25580642327062253,0.08182208297561581,0.3114645577144586,0.4222991205762743,0.3372045696133461,0.2083716520838338,0.6686934355595567,-0.29200057578639244,0.22757496638727787,0.11737905770490284,0.2429308617008475,2.014908790303674,0.5926447222601697,0.6317625072858335,0.3179183088578908,0.217604878077714,0.5145408966788485,0.3631362984622556,0.31112523912652656,0.03797642182149165,0.2276339625609976,0.8467196193695742,0.5081264023686091,0.14998888928282383,0.16072910353761083,0.6871233791138334,0.10736401988976157,0.7326501055801933,0.5297203784571799,0.06879703161279736,0.3418946102208342,0.5067680489244483,0.09116053717718776,-0.19746810682686627,0.4701390557402121,0.5482281770960917,-0.05814121128358441,0.9850633498389684
-0.0025402723536919513,0.2393477267407043,0.23630567468239885,0.18976367097125613,0.17705780108071204,0.19761396794422384,0.31869511466051526,0.18957825760267527,0.36138269964396946,0.22261480922557333,0.19666097891203516,0.23273504866981068,0.09321695633118861,0.4327870653090055,0.36443157317409536,0.36225537821433673,0.2782955772027048,0.3557203225019669,0.0723438246591197,0.4034490394587507,0.18090906783166333,0.27394035436542197,0.5926447222601697,0.9740186876851052,0.3634291901396294,0.22557593016662836,0.3343684725590561,0.7417181527899224,0.3400416355026829,0.708044215328252,0.5075203525585424,0.4415951085976386,1.0981103977163957,0.1922390851409766,0.3356207373343457,0.368574890413757,0.659272331673411,0.31200914520866296,0.11923968146573777,0.339537487578512,0.0666759419364495,0.4632222715030198,0.34709828986696123,0.017078939043822045,0.22129961197167486,0.6506151233162847,0.564584319917229,-0.4770749312426026,0.7963579499541324
0.023576624114596326,0.17417755601702162,0.2605375214491792,0.17528868615636,0.18615005811500304,0.2035255436730839,0.20901258569022035,0.27937341213392075,0.16366571331299487,0.2930110611848167,0.22861958370995766,0.2668455514717213,0.08429930133763949,0.20850049207538118,0.3822971907826717,0.3000797228627907,0.34119024035049833,0.26992427005417685,0.09887005353776772,0.26932224583663644,0.16858251822800535,0.10699030826177586,0.6317625072858335,0.3634291901396294,1.3325856819177444,0.13087884539530506,0.2555416034929238,0.19787498164930045,0.7120382071029753,0.49271843402990034,-0.04400855848290156,0.18357342758720793,0.33908368676495737,0.46130219696375935,0.37891686978628386,0.43650265320365633,0.5750542598978797,0.1665620402745821,0.5384807805126185,0.2693252429701603,0.3046111861687665,0.272635733448342,0.06311511354425645,0.09221815570985599,0.10200660739092338,0.6529483769601161,0.41873413935033876,-0.45480250687180396,0.3892891130375303
0.022043528962402248,0.20692197561776154,0.15560572764894554,0.20772680691437023,0.28172319468579143,0.3311017558725404,0.2704483696384998,0.17060361725592593,0.37080000190316226,0.13933084402392482,0.21512232397325748,0.19557858510654996,0.08802327873097797,0.3520195205200153,0.26652098619030384,0.24596492149017682,0.10684132108799026,0.2997560745297095,-0.19793979011835064,0.49180301193012604,-0.049417777524955714,0.11998762332296538,0.3179183088578908,0.22557593016662836,0.13087884539530506,1.8597525307553548,0.2582196888011928,0.5734450937491576,-0.15905266931156464,-0.37442341952365027,0.22667965151433803,0.3644735721144714,0.3872885303149942,0.3450104712911463,0.20129352797683148,0.016176619934269998,0.22722480035377832,0.26953944413104447,0.2284757452791694,0.32538414337112315,-0.15299323607648818,0.4372367392930164,0.5249794779196876,-0.0042558939768206445,0.36287528882227116,-0.02686054600265068,0.04152588575486186,0.11723884519143,0.4663144355818365
0.014636212820420184,0.3008343552047488,0.21496023352631985,0.13466354259911,0.09488172913395305,0.19720702156772696,0.24836925620222158,0.20001405551083024,0.23183633991819122,0.20887439899704877,0.198404565948684,0.23633305404380467,0.08447472083228927,0.2995886321715296,0.27575896611472156,0.2879013031646286,0.28202103507972365,0.13801572162670156,0.025901458264392718,0.4197939196457684,0.06251208205034975,0.22478637191580425,0.217604878077714,0.3343684725590561,0.2555416034929238,0.2582196888011928,0.9182263545243842,0.41982763713296223,0.17339940089764724,0.1783088887482611,0.21840613037976941,0.31295652417237146,0.4113548040875562,0.30243454092907085,0.33480657467605723,0.33440803530732277,0.39448148051985354,0.244605492351236,0.23898561293840745,0.2451957764753351,0.11811917695799337,0.3036702792645044,0.36846752290852297,0.017017276844869266,-0.013405597568086625,0.3968211366870043,0.21014705484178203,-0.25472256219055905,0.5909064021873426
0.0005504675596481181,0.46859244037288916,0.2539857015129388,0.16592032449161487,0.109226564196857,0.31078574392215075,0.35069340747274,0.023617720366433604,0.4543312047028833,0.2122439450310526,0.2737866730332262,0.0980456388750443,0.1026935573492024,0.5044626811624129,0.5168759211324894,0.5320720631574787,0.6133269321253184,0.4710241128753764,-0.08033160713842613,0.7990458747850201,0.2953558647659171,-0.23152785343330584,0.5145408966788485,0.7417181527899224,0.19787498164930045,0.5734450937491576,0.41982763713296223,4.857214991902261,-0.2970011000046132,0.3281791964687272,0.7072716447079526,0.41319426358553213,1.6195177032833885,0.3609435614264814,0.369785235866546,0.0750767773783333,0.7593954322306533,0.47158555139085184,-0.24476859858563657,0.34099133661325726,0.18836639114732545,0.8542455203780358,0.13326516344397618,-0.02232049622835,0.08277747843223696,0.48091689980494623,0.461582084855303,0.08828080666458735,0.66094594443192
0.09169741152293594,0.22017517647873477,0.45670214707272716,0.16570403442812123,0.13270401181914818,0.39984851076085354,0.17711787331776463,0.2214546603601875,0.24466140630592537,0.2177864426122222,0.16686739577448143,0.26808321884126335,0.10202446274365613,0.290902314717998,0.2998246685301331,0.3124760516051442,0.023484730529264652,0.3341706556567401,0.39746042435077655,-0.08631151353996398,0.35598679020337826,0.9157819015753312,0.3631362984622556,0.3400416355026829,0.7120382071029753,-0.15905266931156464,0.17339940089764724,-0.2970011000046132,3.3775933360690136,0.43090494916820576,-0.07599459835410367,0.3696488678453614,-0.013079920377300377,0.12821908423275485,0.3414798226101949,0.5766962580240128,0.2272859183233286,-0.1514254885102367,0.40481544783698864,0.118368433550356,0.35879514215252417,0.12298452391399148,-0.4797767022812116,-0.19254287043532506,0.23560551966174398,0.9017722340283912,0.43911949942962825,-0.9204890555279936,0.5626437169053945
0.01763728494931084,0.23787032406120862,0.2666377433523743,0.013125589598212311,-0.2248457049862382,-0.0072403497110915555,0.19289958854914765,0.23780506842777022,0.2842703666108973,0.21887532882954902,0.10787513703327965,0.13371846630222933,0.056243034811151775,0.3507282778183664,0.31847719823657406,0.2922917941999785,0.2648627036327664,0.11014848467912396,0.24127983848720064,0.2971068142878865,0.4681359939265321,0.09025145307854246,0.31112523912652656,0.708044215328252,0.49271843402990034,-0.37442341952365027,0.1783088887482611,0.3281791964687272,0.43090494916820576,2.682736470881017,0.3869718881983083,0.3108617510255533,0.5397374582371848,-0.17074028099781072,0.5135786773254766,0.862782485209583,0.17999680252637118,0.4080485711424636,0.03064585614224946,0.20487426581352078,0.8426223731389805,0.35988640216049667,0.27632673924460527,0.14804201750457505,0.6379075753573366,1.244969319282229,1.2172629502225871,-0.5781371044779954,1.0972718748311039
0.024325047331076616,0.3199672814339026,0.25549794791577035,0.11290633125691836,0.11013823310634013,0.18054450245955547,0.20551784841180754,0.15386975661435084,0.3065741822358546,0.15828986720526284,0.16001924383876479,0.14446889441609065,0.060963533496703894,0.32802045218004655,0.22544144926150309,0.2641693820331537,0.24104516629849926,0.3559330888967424,0.1353768822736365,0.32330435017124476,0.29142291441493656,0.2617048418231466,0.03797642182149165,0.5075203525585424,-0.04400855848290156,0.22667965151433803,0.21840613037976941,0.7072716447079526,-0.07599459835410367,0.3869718881983083,1.6327585722161502,0.315654685064237,0.9319399169928332,0.11182258213428493,0.37630255145915725,0.5166800433955672,0.3885612146081649,0.3760949729353018,-0.21735336530263036,0.24923003117163992,-0.04122430080320048,0.4218454254238231,0.3016512208546072,0.014645170677288537,0.5144601494234391,0.6047816648717146,0.3976619366057146,-0.4627353530132545,0.04836815053892924
0.023979194133720693,0.2441608586910867,0.1761273751963777,0.19000795954563204,0.20618207398105784,0.2641917605921341,0.32628118405198736,0.12187304232362588,0.33097280409839946,0.14829758135056081,0.15331547558571068,0.2182351954821551,0.08675463346260054,0.4907371589783801,0.23236880425214637,0.34791203809074756,0.1707736963729494,0.2291470172833916,0.07913462463702392,0.3281581389217135,0.17113787019892243,0.43715690853864553,0.2276339625609976,0.4415951085976386,0.18357342758720793,0.3644735721144714,0.31295652417237146,0.41319426358553213,0.3696488678453614,0.3108617510255533,0.315654685064237,0.7416309850194263,0.3149863875212044,0.2454549248374967,0.1954702878550945,0.2636853953664705,0.11669833153217742,0.2583060289120266,0.15180922183323703,0.22012152073384125,0.11210422593353508,0.31734725415507226,0.43465622554931355,-0.016280571782672365,0.2001914258010814,0.35721944836635217,0.3137212113261014,-0.18206237426007904,0.4820828029929317
0.018013136479480815,0.2562938845136549,0.22562246774045783,0.16760141021453098,0.16483940921373566,0.08919418742069853,0.3007100686346485,0.13192188400632224,0.39705469501322116,0.21170573899799275,0.20664734385489575,0.21813260569651186,0.0925317229675211,0.41306020542138416,0.42724007885823917,0.3433635975471063,0.34721704429394096,0.529891122210938,0.058803777919342416,0.5119641145418921,0.15398828002655718,0.12717573623513867,0.8467196193695742,1.0981103977163957,0.33908368676495737,0.3872885303149942,0.4113548040875562,1.6195177032833885,-0.013079920377300377,0.5397374582371848,0.9319399169928332,0.3149863875212044,2.7762628268371095,-0.08578827767771235,0.27766445461184175,0.06245223973424673,1.6702029192546808,0.40621668305439834,-0.1587297909563703,0.5142401671514762,-0.42546374745106236,0.763500278045072,0.28303197032654087,-0.009439516512498216,0.30361731041495993,0.7411040953557427,0.6395955012885708,-0.8200232306583786,0.8609770314293367
-0.1244674185586158,0.250277566099196,0.16276278787293913,0.32093256037748974,0.5224844289051178,0.36751763944044213,0.36814310841861636,0.39334438082518847,0.23855069274848256,0.4398920267234044,0.32313603851647116,0.32121611237571507,0.11045072701271663,0.269469592778705,0.3869397850713823,0.35056719037996836,0.36569032760058023,0.3682461038784081,0.03440855299984193,0.3318607699524057,0.23173217152283423,0.27890514743370703,0.5081264023686091,0.1922390851409766,0.46130219696375935,0.3450104712911463,0.30243454092907085,0.3609435614264814,0.12821908423275485,-0.17074028099781072,0.11182258213428493,0.2454549248374967,-0.08578827767771235,1.9248341315608886,0.4876880315053772,0.24902061982100734,0.5758184635251725,0.10352656457467445,0.21484468677067092,0.14266526158770826,0.30800609764764453,0.28242134959863935,0.43685988969785516,0.10083314939787069,-0.404978433107222,-0.010266570865232048,0.19225748551589478,0.11405333204649004,0.08121197449310305
-0.0020270226283505793,0.28083884084739213,0.3522439708161921,-0.030522925953034522,-0.1124631395469297,0.22268893446324725,0.1986088553413434,0.30432656007813347,0.17933512445538616,0.2621473234995986,0.2295583678068099,0.24004792664817678,0.08891499315961626,0.2323284633510339,0.2549301203214779,0.3786587982640863,0.32419136402163423,0.20819638410700547,0.1471218270234665,0.22754802815364403,0.23008069639530124,0.0995807160394193,0.14998888928282383,0.3356207373343457,0.37891686978628386,0.20129352797683148,0.33480657467605723,0.369785235866546,0.3414798226101949,0.5135786773254766,0.37630255145915725,0.1954702878550945,0.27766445461184175,0.4876880315053772,1.8385169748333845,0.025573830836622957,0.49129624477544953,0.16096938935501268,0.04641317278452478,0.3012434471191493,0.0757285885811939,0.3814142005239186,-0.00271786705180387,0.020469943926211535,0.3375305816398662,0.48302626789236164,0.42561276826358385,-0.09558053193540156,0.24055647229331886
0.05722790134215387,0.30947804578816024,0.44469715514536157,0.1790641225931221,0.16847432400358953,0.09618865543412318,0.27216928125544065,0.2382251934044549,0.2543051620079649,0.26038438201552905,0.14946942492672938,0.29053939018820096,0.06903547020388817,0.32147936207792627,0.26336239550872353,0.296846295162124,0.2774166876193575,0.15977872421788555,0.15408775721400242,0.24240372440008107,0.36747773233605757,0.12851385914399743,0.16072910353761083,0.368574890413757,0.43650265320365633,0.016176619934269998,0.33440803530732277,0.0750767773783333,0.5766962580240128,0.862782485209583,0.5166800433955672,0.2636853953664705,0.06245223973424673,0.24902061982100734,0.025573830836622957,3.1192082306451994,-0.5771211050836328,0.3240106635233074,0.3736465992676568,0.3216456126717143,0.8999765938563341,0.322539181836113,0.13755352782154115,-0.08375975542206676,0.1879971384564479,1.711948329378224,0.3406095019899164,-1.8130817165772497,0.4798878184213017
-0.014037181567675435,0.269753928577067,0.23361191812432838,0.20046742277750712,0.2852586506405274,0.20059931799328268,0.28058585137321984,0.26921173692912986,0.312591039612367,0.29370808840745416,0.28806511378441607,0.20052439253024107,0.08452118651232068,0.28789170807325926,0.44785431398699566,0.3982897743417955,0.5828978710820819,0.302474427455073,0.10199244766986053,0.6990846236806844,0.1121826681694579,0.022855533205888595,0.6871233791138334,0.659272331673411,0.5750542598978797,0.22722480035377832,0.39448148051985354,0.7593954322306533,0.2272859183233286,0.17999680252637118,0.3885612146081649,0.11669833153217742,1.6702029192546808,0.5758184635251725,0.49129624477544953,-0.5771211050836328,4.224399591079345,0.45719094781441166,-0.38287646792253677,0.38592484613213385,-0.2511388930570921,0.6958356023870332,0.3641780325288544,0.08082079270608805,0.639982969904131,0.0807683198005172,0.42528146792393723,0.16541447201932377,0.05947976167472534
0.03875989737980343,0.26758432929984494,0.20504315971551892,0.10316474439209196,0.06833722248848706,0.1492991530956351,0.19058149734745758,0.12300908082554773,0.23723525347150093,0.11475366859467356,0.14208571431720332,0.12697663077800855,0.04659849538924699,0.2855798468156804,0.2140792341960471,0.22712113922654723,0.28780606410990156,0.10213809957388822,-0.03589542614303544,0.5755410318560746,0.12071893580070493,0.11397756159343772,0.10736401988976157,0.31200914520866296,0.1665620402745821,0.26953944413104447,0.244605492351236,0.47158555139085184,-0.1514254885102367,0.4080485711424636,0.3760949729353018,0.2583060289120266,0.40621668305439834,0.10352656457467445,0.16096938935501268,0.3240106635233074,0.45719094781441166,0.9327562630031385,0.019821081373447142,0.3175422129428615,0.17166042849938298,0.3560650767995487,0.5474412611122561,0.1319898924919855,0.4031802140631763,0.5203879546488933,0.30237122922220355,-0.25342395002579027,0.29944719302956435
0.025866041940243566,0.04488683494505784,0.1540492444645965,0.16673591648529373,0.20951425428008014,0.21892069568235198,0.07988248905572966,0.3152370020425856,0.013655664523743349,0.3158193825687115,0.20073005752814946,0.18460445352646404,0.11765295471388855,0.12186935148450424,0.2823664728113885,0.2364972289813354,0.1351376761174416,0.23338236650029526,0.26416949997025824,0.44547957265885657,-0.0874232965300937,0.5434312671846032,0.7326501055801933,0.11923968146573777,0.5384807805126185,0.2284757452791694,0.23898561293840745,-0.24476859858563657,0.40481544783698864,0.03064585614224946,-0.21735336530263036,0.15180922183323703,-0.1587297909563703,0.21484468677067092,0.04641317278452478,0.3736465992676568,-0.38287646792253677,0.019821081373447142,3.560881464807803,0.49463380567107335,0.3941443151693146,-0.04031002320483397,0.5018638928628676,0.14504636580355748,-0.1667545690634473,0.22701732726466553,0.24240863727501688,-0.14766450407703982,2.1034980182174348
0.011046182754258255,0.1667905283885432,0.10594058007038568,0.13937537874760397,0.14477122495110742,0.16128117103862777,0.21228349816114644,0.158950283737503,0.22782575271808522,0.16756396519973482,0.16534964543797526,0.17527208999403926,0.06843038685068718,0.26077006016270304,0.2376122353626264,0.2569483190788139,0.2190982786828793,0.2707641421342184,-0.07612878851274099,0.43092705992501135,0.1670843645383709,0.15999022264345297,0.5297203784571799,0.339537487578512,0.2693252429701603,0.32538414337112315,0.2451957764753351,0.34099133661325726,0.118368433550356,0.20487426581352078,0.24923003117163992,0.22012152073384125,0.5142401671514762,0.14266526158770826,0.3012434471191493,0.3216456126717143,0.38592484613213385,0.3175422129428615,0.49463380567107335,1.0313796019495034,-0.1901229120750251,0.3223059402207019,0.5389093577463364,0.04128137047680603,0.5349425687440078,0.5113285428255944,0.3009414627072478,-0.3686252223128663,0.37923672147493886
0.02281024904027305,0.15193574438449353,0.21270047360031993,0.06164929778554219,0.04300049312210938,-0.0372007157701676,0.09723052497069305,0.18968473535020478,0.04707092241569902,0.22581755452929805,0.10420049929727836,0.12771277476920545,0.04755810450874516,0.14515585931884462,0.18666006329224116,0.17968823240329274,0.2002203355294714,0.05314421341481953,0.2636369985778775,0.11354882910878482,0.42476019477858296,0.11042720866159272,0.06879703161279736,0.0666759419364495,0.3046111861687665,-0.15299323607648818,0.11811917695799337,0.18836639114732545,0.35879514215252417,0.8426223731389805,-0.04122430080320048,0.11210422593353508,-0.42546374745106236,0.30800609764764453,0.0757285885811939,0.8999765938563341,-0.2511388930570921,0.17166042849938298,0.3941443151693146,-0.1901229120750251,2.4482636324453564,0.09066416563833297,0.08077666088525366,0.20992739772615343,-0.532702781537409,0.7400036106732601,0.4558831575323276,0.19582446459007746,1.2007640587597104
