0.3615043153016301,0.1331074009122928,0.3025698110546856,0.011837809791422413,0.01044283700407284,0.031616696838305744,0.04828399265668493,-0.035039340538001354,0.03574357519887231,0.02700432833960065,0.0058131230748417785,0.025102626543336837,0.006307973388569196,0.03526235251717478,0.04236477100664206,0.029437176234070925,0.018372801738608377,0.017334356786364215,0.0018842129740167188,0.026238287953789866,0.016337192140561674,0.038123074996467825,-0.012402806276961456,-0.003553163791226517,0.02399162022020248,0.021849850095272905,0.015813953820468574,0.00696588179820605,0.09586706494219538,0.020827334105743767,0.0275179510145543,0.026006819901700007,0.025933002267074134,-0.12525339680115957,0.0002572599040451989,0.056385702645410284,-0.01206774331553841,0.03764332046656543,0.019614059839813923,0.009376706640534641,0.020018783514039372,0.021989923465441246,-0.016811920373421326,0.006267883060052179,0.10883847808768722,0.11174051897556606,0.01975184072764962,-0.07429460566162402,-0.0033418084524032754
0.1331074009122928,1.864418162523485,0.6107382187120431,0.07579813830400609,0.11367357868779067,0.2603966751962361,0.2956067643311567,0.19350987746452128,0.35077706741618053,0.22059879127238993,0.20449460543743844,0.18497821506952594,0.06894093089434522,0.2866249107678545,0.40498553179964086,0.24769360718080866,0.2787354966499226,0.25876242910736663,-0.029854350116774234,0.42342660067875826,0.22407849404977226,0.14205667637331965,-0.04673341823921972,0.24458179741983194,0.178533596265185,0.21536626709862433,0.30340208558399756,0.49185285788250815,0.230491539345153,0.251351825234848,0.3336494599494881,0.24710278241264583,0.26216944629956696,0.2529192274336571,0.29437079472422245,0.31400951880822875,0.2819643147970844,0.26774907034214296,0.04819282740166703,0.16479463571741096,0.15174532009910774,0.2827725979576238,0.19660916553559932,0.017483200914460574,0.3833493063815239,0.4265682972221549,0.2723372813622437,-0.28492486786409543,0.13243106403517235
0.3025698110546856,0.6107382187120431,1.5901066254539136,0.05299846028553348,-0.06379104178569836,0.2984256174960653,0.14267046266920258,0.33118584653265254,0.28645073376677654,0.2867145417570993,0.1613966095994867,0.15740515976448466,0.06532059268605687,0.19254795881993983,0.29662493662437156,0.17875223027908188,0.315654645782519,0.1743547241708301,0.14692783640415744,0.25593308333414727,0.21390213599845623,0.23511768555487061,0.07870472688379122,0.24385665233071674,0.26672187135457315,0.15927883009298216,0.21264393353288594,0.2704742667644799,0.46340582069899017,0.2783467178091803,0.2627747311598569,0.17342013690111927,0.2176050884343836,0.16498005399555551,0.3644175835839201,0.4498742181008436,0.23857025845184993,0.20432873416304592,0.1631237640706511,0.10300779682205992,0.2194941585634706,0.2497849956121109,0.054846857955325345,0.02972205655614616,0.4773277640819974,0.6550754502886379,0.28574500992152435,-0.4216292435359058,0.01956383716964389
0.011837809791422413,0.07579813830400609,0.05299846028553348,0.7647631408142468,0.45100916315095474,0.2730427359182921,0.2168503540817259,0.23686807455510062,0.19546967964217932,0.17178394429952465,0.1641040178626082,0.22017283695807888,0.06190953224488699,0.19420879370816496,0.209605075253113,0.22447031021939137,0.1496123735608453,0.230995137456512,0.015756559727205643,0.17288007321618257,0.12611062293649952,0.153145329352998,0.2670099167395207,0.18209123491013904,0.17738689470698946,0.20553600928200574,0.13237748569393207,0.15807306536315432,0.16647819354883983,0.008814948344656112,0.1042564018560658,0.1835900048873432,0.15639565959420793,0.3253437783573468,-0.028914684516540466,0.1804330861496578,0.20061166057051713,0.10070444529487627,0.17444426747065514,0.13877733749517362,0.06622909160851662,0.16026920935313732,0.2050098068063195,0.029281120334540653,0.02521779295436774,0.14135220338436044,0.15164052324488186,-0.09831349848724288,0.14940238258551844
0.01044283700407284,0.11367357868779067,-0.06379104178569836,0.45100916315095474,1.2673588643480738,0.16507762413971017,0.19513755641876596,0.2862792941421425,0.23252441280355052,0.1705624587081854,0.22610223577629296,0.2863521668098061,0.07375720042777255,0.19043520151044827,0.3041336208003713,0.2559936445694155,0.1237997900406563,0.302738419643721,-0.029624240237739064,0.19606775797503,0.11128773926527347,0.1354898866224611,0.3660995173130419,0.1701621651858514,0.18808536404021448,0.28071641766774397,0.09358343223080286,0.09450619806601769,0.12500514240613983,-0.23787770590834287,0.09605330665245182,0.1980196268142859,0.14851910853400552,0.5287059052911486,-0.11532137863403975,0.16971536016447528,0.2843373175566965,0.06907186336152842,0.21987911460720969,0.14732469147967683,0.05072618394697129,0.1956634120246097,0.197085371947857,0.009414774060595963,-0.16608845495441774,0.041024966162667986,0.08520398895105336,-0.043115669539737334,0.1863311326423873
0.031616696838305744,0.2603966751962361,0.2984256174960653,0.2730427359182921,0.16507762413971017,1.143167221361174,0.09134211157513786,0.279614114623208,0.36153296027502924,0.23776756635786592,0.2401263235234019,0.21281156368799542,0.08956918289272545,0.22375024433802596,0.358661375842609,0.18681798741046307,0.22074125504892234,0.24266296705681373,0.22793386786799064,0.2427665635179769,0.17614871256930473,0.26578958808270897,0.09362907199498594,0.19385401836125768,0.20562136842003256,0.33534726164062845,0.1934253613534336,0.3123882491178245,0.40085154511705545,-0.002008338671644046,0.17985601926070743,0.25991646170317123,0.07061787851562189,0.37160137472333254,0.23000475018799282,0.09735667436290286,0.1994362323306658,0.14761476208549534,0.23060230373783547,0.15979443030298718,-0.031155262381506312,0.18144148965274828,0.17653422560329143,0.06164453052359039,0.20634402839884677,0.15606312306907813,0.21685890608223246,-0.0521901191898461,0.3291458308982785
0.04828399265668493,0.2956067643311567,0.14267046266920258,0.2168503540817259,0.19513755641876596,0.09134211157513786,0.8875324716692561,0.06306465507414137,0.3728612906888376,0.1380615142924885,0.13994182483503032,0.25128201549010715,0.07214918279094999,0.44003264521072316,0.14705644559061812,0.35988800247754316,0.20875536320256527,0.22081641944238736,-0.04793317963066462,0.2480700452532024,0.15426622812571855,0.23971832721987002,0.36686742839573894,0.30674930448062154,0.21243014072470315,0.2651332441573741,0.24480709640947065,0.3402131540367824,0.19636672194522395,0.1966147201240412,0.20059164000760002,0.31389560624301843,0.28915606234684377,0.36933425150624505,0.20727572502431366,0.27134047017848006,0.27907196774363835,0.1776294218595322,0.09401394874923633,0.20539544529647946,0.09935975151085086,0.2700369479178209,0.34782828090355,0.017722518443960344,0.0688997692188194,0.20842258962813973,0.164211546174349,-0.15713915707436546,0.32196742701172926
-0.035039340538001354,0.19350987746452128,0.33118584653265254,0.23686807455510062,0.2862792941421425,0.279614114623208,0.06306465507414137,0.7619833878540505,0.12393261866798456,0.30733120648093737,0.2698095398834746,0.18034000627095614,0.07721101932442474,0.10924410421077735,0.26540012934201,0.14441703116468108,0.29328087671304404,0.24553755103197789,0.18433917696801133,0.19782643548502082,0.22518313960214142,0.1551793427289219,0.2142745114257447,0.20137523422563433,0.282690930731236,0.16659619863399425,0.19182362074723458,0.028656052615525167,0.2317340733296689,0.23933478666384522,0.15640021745548624,0.11665985991230618,0.1256541820211176,0.39054355923571493,0.30082876282946724,0.2343971345602587,0.26180680678947704,0.11816044450106748,0.3187629581330426,0.15593181300877573,0.18887403697468402,0.16155252191236877,0.1543836033809577,0.05725173738951845,0.13194457165008222,0.29626584390175914,0.3047081234023389,-0.13327778179059777,0.3139883302826695
0.03574357519887231,0.35077706741618053,0.28645073376677654,0.19546967964217932,0.23252441280355052,0.36153296027502924,0.3728612906888376,0.12393261866798456,0.9126233991147701,0.06762984378422776,0.131124187198837,0.17360471247328055,0.05543973824718748,0.3956899116339402,0.23252651463417862,0.26577529930718036,0.20075364076499677,0.2449759734927686,0.0006697782064579554,0.2824683777574783,0.23577437493411962,0.22841542214946142,0.31198407960642716,0.3435346596518172,0.17017440865515357,0.36893079580381816,0.2276776213837913,0.4653268402058358,0.2625332570020577,0.2992062342338755,0.30353823802586916,0.320722684584571,0.3891730107929885,0.23782473255624745,0.19581386498975392,0.2558809945234335,0.3256935972854597,0.2287218161522505,0.03056620547959643,0.22076873460687607,0.053629285822924644,0.2976624386150234,0.2797288463038337,0.013319788361330052,0.31471838474904323,0.4050076617301227,0.28944363179070454,-0.23976979531819537,0.07893468671076731
0.02700432833960065,0.22059879127238993,0.2867145417570993,0.17178394429952465,0.1705624587081854,0.23776756635786592,0.1380615142924885,0.30733120648093737,0.06762984378422776,0.699869039218694,0.2129946544401862,0.19503016602886128,0.0940729698362674,0.15160889930373778,0.33317023575252935,0.20044783735599822,0.29021642523658836,0.2686476794878515,0.15646551940465353,0.18164782426765105,0.14864188231726833,0.1660871826926982,0.3086638223991998,0.23651446101082688,0.296098484653703,0.13824408320014847,0.20581387239873217,0.22784617488094228,0.21938783740313633,0.22112956632968359,0.164413657823738,0.14675649290570872,0.2136599861263909,0.43462336587771544,0.26356499092064095,0.2617008159625929,0.2965279786387032,0.11534463954898543,0.31644186263290075,0.16639073613020008,0.22545993887253316,0.18367531578728785,0.1748706909961291,0.043671421045296664,0.013544830526417419,0.3277968764866035,0.31902606606632034,-0.13929100323513846,0.42377487570494216
0.0058131230748417785,0.20449460543743844,0.1613966095994867,0.1641040178626082,0.22610223577629296,0.2401263235234019,0.13994182483503032,0.2698095398834746,0.131124187198837,0.2129946544401862,0.5017769301636669,0.248423827059665,0.10914583268167269,0.1495244587430927,0.33730574683088665,0.18662465743816564,0.31994873624425446,0.2108043993313128,0.08464915318761652,0.28114362255435893,0.164045992649629,0.0780139704766508,0.20999687743045883,0.20805498715050055,0.2329196242535002,0.21956708701201375,0.2008708548084148,0.29152742452204783,0.1681770265453354,0.11166316771143027,0.16546550841841584,0.15759289297043494,0.21041026125641424,0.32097385791265837,0.23519916742431737,0.15619982315958644,0.2974913726492557,0.1476353197024522,0.20436994926368027,0.16759392360790662,0.10778224909732546,0.20972525985192367,0.12596056752910534,0.03188421331702606,0.07387426333043652,0.23824992879252568,0.2088361175430536,-0.09646884320687588,0.15852307474897
0.025102626543336837,0.18497821506952594,0.15740515976448466,0.22017283695807888,0.2863521668098061,0.21281156368799542,0.25128201549010715,0.18034000627095614,0.17360471247328055,0.19503016602886128,0.248423827059665,0.5571289796339486,0.08884920527694384,0.22089614017912826,0.23782724762026872,0.23115783069980542,0.2090698304199668,0.26430731960967446,0.10007003225996174,0.19209769207913943,0.15166958102044778,0.17085793446313607,0.25924819541214017,0.24417331318813668,0.2715364873729957,0.20021603803805954,0.24059312812428185,0.11640597095251384,0.2688641453321921,0.14006162498445354,0.1524933328055649,0.2243700944682788,0.22031064543387927,0.32385864089791827,0.24992150077500316,0.29995951594528536,0.21237831849713024,0.13449988035528768,0.1915747722042236,0.17937500945298707,0.13564085193335956,0.20075556580829695,0.1863732412575857,0.010259735502407923,0.026662596754298887,0.2905700032241804,0.2376673367338449,-0.1853314016648872,0.4807204535454409
0.006307973388569196,0.06894093089434522,0.06532059268605687,0.06190953224488699,0.07375720042777255,0.08956918289272545,0.07214918279094999,0.07721101932442474,0.05543973824718748,0.0940729698362674,0.10914583268167269,0.08884920527694384,0.18291418786862373,0.08257279347788721,0.0390072459684274,0.07905735236868569,0.0984887538187431,0.07343903154125428,0.06731831867336638,0.08643381792676033,0.06724284473910778,0.08569019936833401,0.08307916143810169,0.09649417929648765,0.08600360670418156,0.09242257464157828,0.08654172388536482,0.10770755988671142,0.10262091077051642,0.05867370034511359,0.06392719065510122,0.0892229829486027,0.09347123066676023,0.11397645850344705,0.09394835968526388,0.07349387600093105,0.09022755763672136,0.04916422319287742,0.11901992621085691,0.0699912833126001,0.048770562703296085,0.0761739455312425,0.08995630250280753,0.01436515176031366,-0.015442543076325357,0.10886856485259964,0.08482899457586231,-0.05488021195847934,0.1626253157773086
0.03526235251717478,0.2866249107678545,0.19254795881993983,0.19420879370816496,0.19043520151044827,0.22375024433802596,0.44003264521072316,0.10924410421077735,0.3956899116339402,0.15160889930373778,0.1495244587430927,0.22089614017912826,0.08257279347788721,0.7633802806257957,0.26103816230240734,0.4281095140387379,0.22676416974211483,0.24142459663369079,0.03622014353154714,0.3876397795816048,0.18821783718083432,0.332199933471186,0.2969549566323215,0.42332630488222794,0.21035960975505727,0.3589410563855076,0.30427685805728877,0.5243903855300799,0.295364286798698,0.36204472044980096,0.33535873664916693,0.49829868868291144,0.41805161342321173,0.27561086365590515,0.25275661933046306,0.3297502256721653,0.30734219141460783,0.2890074143419523,0.1278162956795118,0.2610977698768664,0.14927037737837004,0.35894585683286245,0.5054949681544979,-0.007161665865082396,0.22896248227126365,0.3788368831978778,0.34662762412758163,-0.22135573864856428,0.5735643686768858
0.04236477100664206,0.40498553179964086,0.29662493662437156,0.209605075253113,0.3041336208003713,0.358661375842609,0.14705644559061812,0.26540012934201,0.23252651463417862,0.33317023575252935,0.33730574683088665,0.23782724762026872,0.0390072459684274,0.26103816230240734,0.9314815360498065,0.28986371579411896,0.3385101121335225,0.3100639905167783,0.06781670281322492,0.40178441921473695,0.19394511686978894,0.09592900760509387,0.42179675271776373,0.37301017931006164,0.3887167562189969,0.2799643005431713,0.28085921449737583,0.5393643400273727,0.29191110048634106,0.32931175960405207,0.23991007077332438,0.2339613012121344,0.42474226527556735,0.40327717138906743,0.27802725633052433,0.2811686735206547,0.47712384265333296,0.2264015051320787,0.2879455296418469,0.24206429089485554,0.1949005340160072,0.3377460549701254,0.16644866270021236,0.04467407338709452,0.1385445491411878,0.4116550267727222,0.37278554776026246,-0.1682294835481251,0.4650770805298229
0.029437176234070925,0.24769360718080866,0.17875223027908188,0.22447031021939137,0.2559936445694155,0.18681798741046307,0.35988800247754316,0.14441703116468108,0.26577529930718036,0.20044783735599822,0.18662465743816564,0.23115783069980542,0.07905735236868569,0.4281095140387379,0.28986371579411896,0.7883999347160454,0.3006525406580823,0.26199204156037514,0.10218106040109003,0.32798887683027833,0.1693907533336626,0.285053187358738,0.3296975292764943,0.3648651622902833,0.29838414376340905,0.2537234431950709,0.2900836377355461,0.5313509682180518,0.30396471719093215,0.2931847935711668,0.26614968288620744,0.3513014148190724,0.3342492859059316,0.3562474238549678,0.38529138748679925,0.3059807821033285,0.4044629143909307,0.23248008185091548,0.24464419358256753,0.2582480104374896,0.186123565169417,0.38434447560006807,0.3352384065202671,0.01993372432411194,0.18450279214297452,0.34352797357493686,0.31779459631846996,-0.20445606282291198,0.44771674030019193
0.018372801738608377,0.2787354966499226,0.315654645782519,0.1496123735608453,0.1237997900406563,0.22074125504892234,0.20875536320256527,0.29328087671304404,0.20075364076499677,0.29021642523658836,0.31994873624425446,0.2090698304199668,0.0984887538187431,0.22676416974211483,0.3385101121335225,0.3006525406580823,1.1459479440415032,0.07901949565154551,0.10542462402877166,0.508204053086173,0.15161623146442121,-0.025404563515396435,0.22238972539670646,0.2911231772143069,0.3494830294563244,0.10948373021250644,0.28419325630879216,0.6240908752597313,0.010962194452476336,0.26046509398106216,0.23657341436816154,0.1707051899941196,0.34627933703653585,0.35741053586066385,0.31800070438536193,0.28134431305027197,0.5918963367909763,0.29711038391267697,0.15909925959697926,0.2257941007259283,0.21332930718967352,0.3041301273257945,0.20869331584871412,0.05872868304161377,0.16295777208236084,0.39773053893222665,0.27291334700404635,-0.21991494523522667,0.21734510484755773
0.017334356786364215,0.25876242910736663,0.1743547241708301,0.230995137456512,0.302738419643721,0.24266296705681373,0.22081641944238736,0.24553755103197789,0.2449759734927686,0.2686476794878515,0.2108043993313128,0.26430731960967446,0.07343903154125428,0.24142459663369079,0.3100639905167783,0.26199204156037514,0.07901949565154551,0.9266980078999822,0.03874574195244045,0.06441582385931585,0.291507387528717,0.3468701301408945,0.6684500647139219,0.34539879936102963,0.2746228197036447,0.3101712173515961,0.13952145207615346,0.4640525863816895,0.3265941133084562,0.1149026783309658,0.34985275610359157,0.22548184065536303,0.5082129439206691,0.39008160311058016,0.22902775486902927,0.17697135330834854,0.3250230981197036,0.10719303760916968,0.2492368347340883,0.2741449514671844,0.059908647727563505,0.23531962657046138,0.3662579120240708,-0.0012149245332557501,0.24633432772800276,0.3632119186553189,0.5036212934532547,-0.1460788430310491,0.4127625665232295
0.0018842129740167188,-0.029854350116774234,0.14692783640415744,0.015756559727205643,-0.029624240237739064,0.22793386786799064,-0.04793317963066462,0.18433917696801133,0.0006697782064579554,0.15646551940465353,0.08464915318761652,0.10007003225996174,0.06731831867336638,0.03622014353154714,0.06781670281322492,0.10218106040109003,0.10542462402877166,0.03874574195244045,1.288065465016103,-0.19892081531003045,0.24763260961369715,0.4341182159399232,-0.2832763130944459,0.07923659721867998,0.10393480350769506,-0.19429724783327648,0.025835149424550986,-0.06776817993504913,0.38967024743345197,0.2528303995573493,0.1409134487393534,0.0870323323887203,0.05820108782757907,0.03646696482478526,0.15271267162128072,0.15664242187276337,0.11449508282462963,-0.028612399953090166,0.2763721627817121,-0.07298513703859695,0.2674390304578362,0.023841720092661438,-0.019130132627962784,-0.009380920020601726,-0.0026095759647753276,0.07180487605381368,0.1329400007879926,0.11195850621706235,0.3031615698814713
0.026238287953789866,0.42342660067875826,0.25593308333414727,0.17288007321618257,0.19606775797503,0.2427665635179769,0.2480700452532024,0.19782643548502082,0.2824683777574783,0.18164782426765105,0.28114362255435893,0.19209769207913943,0.08643381792676033,0.3876397795816048,0.40178441921473695,0.32798887683027833,0.508204053086173,0.06441582385931585,-0.19892081531003045,1.2211041399165892,-0.013579778943777685,-0.03760987368071983,0.22914273863177032,0.41853270063127473,0.27809082045333405,0.48621190340730625,0.4272181111669826,0.839688775917268,-0.06517465387901797,0.30459486092069504,0.33953042963346636,0.3371898874770526,0.553991655957729,0.33535706809415317,0.24086291185468622,0.24204728147006543,0.7123107393560758,0.5722754363796595,0.4133645338786696,0.426081736662324,0.09935795951401817,0.47719622985739774,0.5271711962207274,0.09226020105619502,0.46145103878766314,0.35833575361308606,0.2702142394508319,-0.11812762249557938,0.5917730192462736
0.016337192140561674,0.22407849404977226,0.21390213599845623,0.12611062293649952,0.11128773926527347,0.17614871256930473,0.15426622812571855,0.22518313960214142,0.23577437493411962,0.14864188231726833,0.164045992649629,0.15166958102044778,0.06724284473910778,0.18821783718083432,0.19394511686978894,0.1693907533336626,0.15161623146442121,0.291507387528717,0.24763260961369715,-0.013579778943777685,1.009155369257678,0.12358956475637442,0.12235105039150802,0.17890346391718084,0.17287613606037777,-0.04186252025741485,0.062076797328887164,0.2877602279974084,0.3527442923078269,0.469746539571837,0.2863763455810603,0.16808789543340408,0.13615494372402254,0.2339433453167401,0.23462203008086316,0.38096480529115767,0.13082626161263927,0.12735288321916413,-0.05656769241873571,0.1730251383673251,0.43469579231139394,0.21754742990866816,0.058123079153779594,0.06592677878122612,0.49140073274785706,0.463789801926519,0.396050759740655,-0.24746577815129328,0.152157016668215
0.038123074996467825,0.14205667637331965,0.23511768555487061,0.153145329352998,0.1354898866224611,0.26578958808270897,0.23971832721987002,0.1551793427289219,0.22841542214946142,0.1660871826926982,0.0780139704766508,0.17085793446313607,0.08569019936833401,0.332199933471186,0.09592900760509387,0.285053187358738,-0.025404563515396435,0.3468701301408945,0.4341182159399232,-0.03760987368071983,0.12358956475637442,2.0863484640802685,0.22124049528485465,0.2635608131872524,0.10004219022968583,0.1125145531278899,0.22041645968806503,-0.24851690902556567,0.9369016843758593,0.09779527281165513,0.26854940571259506,0.43852956100806745,0.1401068085919717,0.28539596114612126,0.10875140958145417,0.12638727541814088,0.01172875657880386,0.0966362503822773,0.5127501529388719,0.14869807987644437,0.08783112399868366,0.1373059689660789,1.0225103989665458,-0.11950974480191255,-0.09133810259447901,0.12458390764109639,0.2540805293024624,-0.03676635935376093,0.5594526961903457
-0.012402806276961456,-0.04673341823921972,0.07870472688379122,0.2670099167395207,0.3660995173130419,0.09362907199498594,0.36686742839573894,0.2142745114257447,0.31198407960642716,0.3086638223991998,0.20999687743045883,0.25924819541214017,0.08307916143810169,0.2969549566323215,0.42179675271776373,0.3296975292764943,0.22238972539670646,0.6684500647139219,-0.2832763130944459,0.22914273863177032,0.12235105039150802,0.22124049528485465,2.026151033444783,0.5927913420342097,0.6509609957611973,0.3173967453088996,0.22114650151001608,0.5184394585365198,0.37597529099426946,0.30694707740627314,0.024280999499154375,0.21262078812773966,0.8404970215590114,0.5389912354872396,0.17932141173073807,0.18512418463156938,0.7263889092615533,0.10674449467350179,0.7381170375929014,0.5302287864131606,0.07181634611971681,0.3401629099186119,0.4506253211987257,0.08698971073443623,-0.20877375960324376,0.48462248726276635,0.5454567893250118,-0.07573137732845349,0.9631717967855626
-0.003553163791226517,0.24458179741983194,0.24385665233071674,0.18209123491013904,0.1701621651858514,0.19385401836125768,0.30674930448062154,0.20137523422563433,0.3435346596518172,0.23651446101082688,0.20805498715050055,0.24417331318813668,0.09649417929648765,0.42332630488222794,0.37301017931006164,0.3648651622902833,0.2911231772143069,0.34539879936102963,0.07923659721867998,0.41853270063127473,0.17890346391718084,0.2635608131872524,0.5927913420342097,0.9273172981407896,0.3887332358435068,0.24580531376247525,0.3386531341019588,0.7145527744858184,0.317680547228364,0.7090503123901386,0.46381671807423397,0.41964740857390825,1.0040957555465537,0.2599600435323292,0.4033396711230833,0.41510682505919927,0.7025567463533178,0.3241052691134343,0.19492140970210597,0.35086790101613635,0.12171130693596352,0.46257117404580744,0.3672600696217781,0.008028470685971567,0.2525123861597608,0.6478125425810731,0.5604548251376701,-0.4851171008590487,0.7688298268865149
0.02399162022020248,0.178533596265185,0.26672187135457315,0.17738689470698946,0.18808536404021448,0.20562136842003256,0.21243014072470315,0.282690930731236,0.17017440865515357,0.296098484653703,0.2329196242535002,0.2715364873729957,0.08600360670418156,0.21035960975505727,0.3887167562189969,0.29838414376340905,0.3494830294563244,0.2746228197036447,0.10393480350769506,0.27809082045333405,0.17287613606037777,0.10004219022968583,0.6509609957611973,0.3887332358435068,1.346989192235801,0.1401121831078165,0.25725944109039545,0.21583052118226312,0.70361724283204,0.49405733481723346,-0.040920543746140875,0.18149580011775776,0.3293056628184635,0.4683432567738628,0.38689130630618596,0.45229294335721076,0.596246585483414,0.1780199974908508,0.5543246541054341,0.27501725386020165,0.3167268582468589,0.2749369262770659,0.05228095948486397,0.08148229728247419,0.12400834771428675,0.6575884322538496,0.42132117853249973,-0.4660274140040774,0.36924397082678034
0.021849850095272905,0.21536626709862433,0.15927883009298216,0.20553600928200574,0.28071641766774397,0.33534726164062845,0.2651332441573741,0.16659619863399425,0.36893079580381816,0.13824408320014847,0.21956708701201375,0.20021603803805954,0.09242257464157828,0.3589410563855076,0.2799643005431713,0.2537234431950709,0.10948373021250644,0.3101712173515961,-0.19429724783327648,0.48621190340730625,-0.04186252025741485,0.1125145531278899,0.3173967453088996,0.24580531376247525,0.1401121831078165,1.8712690940510996,0.267106479456507,0.6469602361839707,-0.1039086827578902,-0.34817548949359817,0.25825106493643896,0.3824899414704492,0.45475935956144975,0.34825598334017394,0.22663510843532458,0.015238035835796939,0.24774892079671718,0.2574774470889501,0.16709374338019786,0.3120946193948457,-0.19033322690418633,0.44820949155451667,0.4412308317626165,-0.016373797392654155,0.3366375939480545,0.0036394007554077295,0.05805899299764792,0.07644472176985528,0.46478573002477125
0.015813953820468574,0.30340208558399756,0.21264393353288594,0.13237748569393207,0.09358343223080286,0.1934253613534336,0.24480709640947065,0.19182362074723458,0.2276776213837913,0.20581387239873217,0.2008708548084148,0.24059312812428185,0.08654172388536482,0.30427685805728877,0.28085921449737583,0.2900836377355461,0.28419325630879216,0.13952145207615346,0.025835149424550986,0.4272181111669826,0.062076797328887164,0.22041645968806503,0.22114650151001608,0.3386531341019588,0.25725944109039545,0.267106479456507,0.9218966981735607,0.4306444788654111,0.16486670004538367,0.18072201317331937,0.221515217856219,0.3165736373763199,0.41229002080511973,0.3035710706005093,0.3406971410683339,0.34132131695064477,0.40984094236069546,0.251166239375339,0.24772228002666272,0.24923230265680293,0.12153430200503107,0.3075321608591563,0.3652510942054774,0.012102255263961073,0.0007989053890803849,0.4008265138525208,0.21220858494827877,-0.26388161006936844,0.5848103837614402
0.00696588179820605,0.49185285788250815,0.2704742667644799,0.15807306536315432,0.09450619806601769,0.3123882491178245,0.3402131540367824,0.028656052615525167,0.4653268402058358,0.22784617488094228,0.29152742452204783,0.11640597095251384,0.10770755988671142,0.5243903855300799,0.5393643400273727,0.5313509682180518,0.6240908752597313,0.4640525863816895,-0.06776817993504913,0.839688775917268,0.2877602279974084,-0.24851690902556567,0.5184394585365198,0.7145527744858184,0.21583052118226312,0.6469602361839707,0.4306444788654111,4.938523078127222,-0.32680495121204367,0.3687974032736074,0.7181288790457406,0.43223713305461253,1.6110769958936455,0.38176882189876976,0.42649312901865805,0.11754063313654597,0.8754249239841603,0.5064792578883012,-0.15803063872319134,0.3588071354044816,0.21395723924075427,0.8759715924233904,0.11223563073460383,-0.05576138282981463,0.19112681810038507,0.5000332959384535,0.4819987714467648,0.01668758730927112,0.6472573261292807
0.09586706494219538,0.230491539345153,0.46340582069899017,0.16647819354883983,0.12500514240613983,0.40085154511705545,0.19636672194522395,0.2317340733296689,0.2625332570020577,0.21938783740313633,0.1681770265453354,0.2688641453321921,0.10262091077051642,0.295364286798698,0.29191110048634106,0.30396471719093215,0.010962194452476336,0.3265941133084562,0.38967024743345197,-0.06517465387901797,0.3527442923078269,0.9369016843758593,0.37597529099426946,0.317680547228364,0.70361724283204,-0.1039086827578902,0.16486670004538367,-0.32680495121204367,3.3023822414949326,0.4387093833308384,-0.0990614258033735,0.3676740728425139,-0.13179641894325952,0.13979023356198467,0.3412732057363975,0.5907726591443745,0.21295779711994878,-0.12478234767059673,0.5038558617747708,0.13680622757921326,0.428889998991425,0.12467385992729196,-0.3356376754949794,-0.21021962587791634,0.34664628379521994,0.8539649902944422,0.4391079107347597,-0.8983711361506757,0.5467235897190982
0.020827334105743767,0.251351825234848,0.2783467178091803,0.008814948344656112,-0.23787770590834287,-0.002008338671644046,0.1966147201240412,0.23933478666384522,0.2992062342338755,0.22112956632968359,0.11166316771143027,0.14006162498445354,0.05867370034511359,0.36204472044980096,0.32931175960405207,0.2931847935711668,0.26046509398106216,0.1149026783309658,0.2528303995573493,0.30459486092069504,0.469746539571837,0.09779527281165513,0.30694707740627314,0.7090503123901386,0.49405733481723346,-0.34817548949359817,0.18072201317331937,0.3687974032736074,0.4387093833308384,2.733989907679017,0.4213921604052644,0.32903095445088576,0.5426710675292046,-0.16680907982663193,0.5482662308869841,0.8785101785222758,0.20616791676778262,0.4156262327486489,0.049225349466649526,0.20360354568578198,0.8501809598954471,0.37002281758455496,0.2624095704685829,0.13117326899430998,0.7009762896973236,1.2615190904550815,1.2426010459384624,-0.6204874064735194,1.0915582128717323
0.0275179510145543,0.3336494599494881,0.2627747311598569,0.1042564018560658,0.09605330665245182,0.17985601926070743,0.20059164000760002,0.15640021745548624,0.30353823802586916,0.164413657823738,0.16546550841841584,0.1524933328055649,0.06392719065510122,0.33535873664916693,0.23991007077332438,0.26614968288620744,0.23657341436816154,0.34985275610359157,0.1409134487393534,0.33953042963346636,0.2863763455810603,0.26854940571259506,0.024280999499154375,0.46381671807423397,-0.040920543746140875,0.25825106493643896,0.221515217856219,0.7181288790457406,-0.0990614258033735,0.4213921604052644,1.6423296923935709,0.32367826782211234,0.8896087076127644,0.14218781002753783,0.4266365963986626,0.5359337081672512,0.4265182493552166,0.3944927557098716,-0.15481665893720864,0.25732043916906866,-0.006889700039816795,0.4295317061165185,0.32995100421704027,0.0006046601050995551,0.5840181654265353,0.6072111446920738,0.411831927812861,-0.4880020812941667,0.025061258474780395
0.026006819901700007,0.24710278241264583,0.17342013690111927,0.1835900048873432,0.1980196268142859,0.25991646170317123,0.31389560624301843,0.11665985991230618,0.320722684584571,0.14675649290570872,0.15759289297043494,0.2243700944682788,0.0892229829486027,0.49829868868291144,0.2339613012121344,0.3513014148190724,0.1707051899941196,0.22548184065536303,0.0870323323887203,0.3371898874770526,0.16808789543340408,0.43852956100806745,0.21262078812773966,0.41964740857390825,0.18149580011775776,0.3824899414704492,0.3165736373763199,0.43223713305461253,0.3676740728425139,0.32903095445088576,0.32367826782211234,0.7554341038075482,0.322447330383598,0.24676020709353041,0.21177974051967396,0.267026311185554,0.14131983347197405,0.26478710667352967,0.1664894180091838,0.22160756366968984,0.1141854642844294,0.325027425125387,0.43327739698775475,-0.023054322391264342,0.2246880576083621,0.3623557228469023,0.3217293226633154,-0.2006456288719971,0.48325923778607605
0.025933002267074134,0.26216944629956696,0.2176050884343836,0.15639565959420793,0.14851910853400552,0.07061787851562189,0.28915606234684377,0.1256541820211176,0.3891730107929885,0.2136599861263909,0.21041026125641424,0.22031064543387927,0.09347123066676023,0.41805161342321173,0.42474226527556735,0.3342492859059316,0.34627933703653585,0.5082129439206691,0.05820108782757907,0.553991655957729,0.13615494372402254,0.1401068085919717,0.8404970215590114,1.0040957555465537,0.3293056628184635,0.45475935956144975,0.41229002080511973,1.6110769958936455,-0.13179641894325952,0.5426710675292046,0.8896087076127644,0.322447330383598,2.709155154792997,-0.08417614784077782,0.2730334408903063,0.05177699178448679,1.7293795626963866,0.4529816258570228,-0.017812772399371592,0.546467509731019,-0.35808682274602105,0.7747416797675788,0.43279034499600394,-0.023374671006943803,0.406739557081178,0.6928555125944594,0.6355670515530425,-0.7993538804708683,0.8446372053564021
-0.12525339680115957,0.2529192274336571,0.16498005399555551,0.3253437783573468,0.5287059052911486,0.37160137472333254,0.36933425150624505,0.39054355923571493,0.23782473255624745,0.43462336587771544,0.32097385791265837,0.32385864089791827,0.11397645850344705,0.27561086365590515,0.40327717138906743,0.3562474238549678,0.35741053586066385,0.39008160311058016,0.03646696482478526,0.33535706809415317,0.2339433453167401,0.28539596114612126,0.5389912354872396,0.2599600435323292,0.4683432567738628,0.34825598334017394,0.3035710706005093,0.38176882189876976,0.13979023356198467,-0.16680907982663193,0.14218781002753783,0.24676020709353041,-0.08417614784077782,1.918134216852264,0.48789398678996504,0.2655681621090052,0.5834030587385819,0.11087461695675334,0.22804065743092727,0.14821830143575157,0.30739498933289183,0.2827662014890809,0.4165828364713289,0.08780532176441071,-0.3963058264737074,0.005126725581202953,0.20279994141905874,0.09356201285852184,0.07459456771727062
0.0002572599040451989,0.29437079472422245,0.3644175835839201,-0.028914684516540466,-0.11532137863403975,0.23000475018799282,0.20727572502431366,0.30082876282946724,0.19581386498975392,0.26356499092064095,0.23519916742431737,0.24992150077500316,0.09394835968526388,0.25275661933046306,0.27802725633052433,0.38529138748679925,0.31800070438536193,0.22902775486902927,0.15271267162128072,0.24086291185468622,0.23462203008086316,0.10875140958145417,0.17932141173073807,0.4033396711230833,0.38689130630618596,0.22663510843532458,0.3406971410683339,0.42649312901865805,0.3412732057363975,0.5482662308869841,0.4266365963986626,0.21177974051967396,0.2730334408903063,0.48789398678996504,1.8701841358844877,0.0489983483782286,0.5176244030516804,0.18126202233300007,0.07075157647344311,0.3090847622941294,0.0872400656151458,0.3905695487320541,-0.014396665489347031,-0.00842498752430244,0.40209670807061487,0.503341107345764,0.45013251868664855,-0.1387865484177345,0.21113327697856862
0.056385702645410284,0.31400951880822875,0.4498742181008436,0.1804330861496578,0.16971536016447528,0.09735667436290286,0.27134047017848006,0.2343971345602587,0.2558809945234335,0.2617008159625929,0.15619982315958644,0.29995951594528536,0.07349387600093105,0.3297502256721653,0.2811686735206547,0.3059807821033285,0.28134431305027197,0.17697135330834854,0.15664242187276337,0.24204728147006543,0.38096480529115767,0.12638727541814088,0.18512418463156938,0.41510682505919927,0.45229294335721076,0.015238035835796939,0.34132131695064477,0.11754063313654597,0.5907726591443745,0.8785101785222758,0.5359337081672512,0.267026311185554,0.05177699178448679,0.2655681621090052,0.0489983483782286,3.149078245519119,-0.578403340694511,0.3298428680120945,0.3630386417407024,0.3211760047229572,0.9160084437975217,0.3257633718886273,0.11004448758201973,-0.10183658662534104,0.2065155021448849,1.7311988315859355,0.35338526611462484,-1.8372397923349535,0.44770050804831835
-0.01206774331553841,0.2819643147970844,0.23857025845184993,0.20061166057051713,0.2843373175566965,0.1994362323306658,0.27907196774363835,0.26180680678947704,0.3256935972854597,0.2965279786387032,0.2974913726492557,0.21237831849713024,0.09022755763672136,0.30734219141460783,0.47712384265333296,0.4044629143909307,0.5918963367909763,0.3250230981197036,0.11449508282462963,0.7123107393560758,0.13082626161263927,0.01172875657880386,0.7263889092615533,0.7025567463533178,0.596246585483414,0.24774892079671718,0.40984094236069546,0.8754249239841603,0.21295779711994878,0.20616791676778262,0.4265182493552166,0.14131983347197405,1.7293795626963866,0.5834030587385819,0.5176244030516804,-0.578403340694511,4.313167977105624,0.4817141745025033,-0.3969331403092816,0.3914131688563226,-0.254804713862401,0.7119202403519134,0.29873022678572775,0.04382609176110274,0.6785927436910091,0.10451456550915589,0.44864204720459044,0.11969110249335083,-0.020739476705340654
0.03764332046656543,0.26774907034214296,0.20432873416304592,0.10070444529487627,0.06907186336152842,0.14761476208549534,0.1776294218595322,0.11816044450106748,0.2287218161522505,0.11534463954898543,0.1476353197024522,0.13449988035528768,0.04916422319287742,0.2890074143419523,0.2264015051320787,0.23248008185091548,0.29711038391267697,0.10719303760916968,-0.028612399953090166,0.5722754363796595,0.12735288321916413,0.0966362503822773,0.10674449467350179,0.3241052691134343,0.1780199974908508,0.2574774470889501,0.251166239375339,0.5064792578883012,-0.12478234767059673,0.4156262327486489,0.3944927557098716,0.26478710667352967,0.4529816258570228,0.11087461695675334,0.18126202233300007,0.3298428680120945,0.4817141745025033,0.9295296241834229,-0.014792734508972446,0.311187011733176,0.15292227470106873,0.3606321703132267,0.4616110983862721,0.12956381526355326,0.37921726748196444,0.5488798095728775,0.3092167337008249,-0.2815565345216125,0.2880319265649384
0.019614059839813923,0.04819282740166703,0.1631237640706511,0.17444426747065514,0.21987911460720969,0.23060230373783547,0.09401394874923633,0.3187629581330426,0.03056620547959643,0.31644186263290075,0.20436994926368027,0.1915747722042236,0.11901992621085691,0.1278162956795118,0.2879455296418469,0.24464419358256753,0.15909925959697926,0.2492368347340883,0.2763721627817121,0.4133645338786696,-0.05656769241873571,0.5127501529388719,0.7381170375929014,0.19492140970210597,0.5543246541054341,0.16709374338019786,0.24772228002666272,-0.15803063872319134,0.5038558617747708,0.049225349466649526,-0.15481665893720864,0.1664894180091838,-0.017812772399371592,0.22804065743092727,0.07075157647344311,0.3630386417407024,-0.3969331403092816,-0.014792734508972446,3.381706207481518,0.4579828095800196,0.3144259709342203,-0.034980292091260176,0.30280822669314955,0.14359495834216882,-0.25519795891566033,0.2784468271768208,0.25656462596214674,-0.1829487451365596,2.067231239269214
0.009376706640534641,0.16479463571741096,0.10300779682205992,0.13877733749517362,0.14732469147967683,0.15979443030298718,0.20539544529647946,0.15593181300877573,0.22076873460687607,0.16639073613020008,0.16759392360790662,0.17937500945298707,0.0699912833126001,0.2610977698768664,0.24206429089485554,0.2582480104374896,0.2257941007259283,0.2741449514671844,-0.07298513703859695,0.426081736662324,0.1730251383673251,0.14869807987644437,0.5302287864131606,0.35086790101613635,0.27501725386020165,0.3120946193948457,0.24923230265680293,0.3588071354044816,0.13680622757921326,0.20360354568578198,0.25732043916906866,0.22160756366968984,0.546467509731019,0.14821830143575157,0.3090847622941294,0.3211760047229572,0.3914131688563226,0.311187011733176,0.4579828095800196,1.0283158626540232,-0.2076486996796397,0.3241983043071986,0.4919246742206807,0.041823638659601876,0.5110360709184271,0.5243087883638252,0.30202368926922796,-0.3771606860523467,0.3711492705103581
0.020018783514039372,0.15174532009910774,0.2194941585634706,0.06622909160851662,0.05072618394697129,-0.031155262381506312,0.09935975151085086,0.18887403697468402,0.053629285822924644,0.22545993887253316,0.10778224909732546,0.13564085193335956,0.048770562703296085,0.14927037737837004,0.1949005340160072,0.186123565169417,0.21332930718967352,0.059908647727563505,0.2674390304578362,0.09935795951401817,0.43469579231139394,0.08783112399868366,0.07181634611971681,0.12171130693596352,0.3167268582468589,-0.19033322690418633,0.12153430200503107,0.21395723924075427,0.428889998991425,0.8501809598954471,-0.006889700039816795,0.1141854642844294,-0.35808682274602105,0.30739498933289183,0.0872400656151458,0.9160084437975217,-0.254804713862401,0.15292227470106873,0.3144259709342203,-0.2076486996796397,2.4181807688025114,0.09142587080609889,-0.04941126318878274,0.21529028634828776,-0.5801280663787679,0.7820527519990239,0.46318451975343283,0.16600815861374732,1.2169362604623009
