1.1154556123562718,0.24595035186526648,0.3717415574540775,0.15198402130095767,0.26226790392277133,0.22078060572915045,0.18555856906760684,0.2065583994559445,0.10543440115023678,0.13501302621953465,0.153498624420928,0.1756872281647271,0.11762021445657041,0.17282693241284514,0.22039491853197285,0.15888896163885208,0.1256504072068442,0.20772235005703457,0.16253551331131527,0.0652368584639111,0.13355128049942333,0.15443433421461372,0.16422893098885633,0.0325313418472804,0.2516501772741637,0.08224362275347394,0.10836191931823254,0.00014465655690557914,0.26627954220474487,0.06228650884016057,0.07658703002781976,0.11963459510814557,0.06703629342828848,0.06339037800747255,0.11330526529470919,0.14037126855317195,0.14454154675339276,0.07401998532347313,0.1692709298255739,0.09499856003153528,0.07874154443134966,-0.07485482954052633,0.09443052423340799,0.11390120454213094,0.028784075061581257,0.21489202934423032,0.12515049326341524,0.005461395945603602,0.11627590438225667
0.24595035186526648,2.587046164923695,0.3758646671730073,-0.5016271278576546,0.08579330555503353,0.35434126870984434,0.34887025720851067,0.1469306146918835,0.2790092441254225,0.08388019733221636,0.1408248899279814,0.17562656438219668,0.11804221114478691,0.09572559675414302,0.3342330237299056,0.0545485139196053,0.1396141491341356,0.10776530381966778,0.03651764300163194,0.05858844024305381,0.22015786188257425,0.14808948080931686,-0.01447266638967375,0.04343386268869672,0.09767622482726626,0.3714749248965318,0.11114475676311408,0.17268266472712954,0.32625550586422725,-0.002898360435094193,0.050903712653705725,0.16418260036904775,0.06338344972941336,0.10294103127174051,0.03950653714410085,0.22339108372613495,0.10580158946259352,0.04851475084854508,0.008541601149309191,0.015356626767262321,0.08233775991186157,0.07853980654664285,0.07398016983935476,-0.019293845851077695,0.024896502379567257,0.19121474331306632,0.06862980924536766,0.008979305223493965,0.15811332377450235
0.3717415574540775,0.3758646671730073,2.6398780963816266,-0.09560133185809853,-0.0012140103180252075,0.4893844217980246,0.03300336711968229,0.2747647055863143,0.35166589248123375,0.2127112145043113,0.11578631981724687,0.30600270552301034,0.19576649230325197,0.2638336197104708,0.3469626101024305,0.20884704351754116,0.3793572869452503,0.22068323149740884,0.2125926249766852,0.21144145147987928,0.2887999088733841,0.2970949393088702,0.117197965007821,0.16783580032622647,0.2224046685331083,0.3784085915496731,0.22195472672918412,0.32958481689200597,0.45733101555263145,-0.17740054745741932,0.161017640489334,0.26313361499140847,0.13414843229760548,0.32777795887524336,-0.03685896984053872,0.5775536982676782,0.13536828003774906,0.1312599718884944,0.08809872507879063,-0.17343863222468284,0.26796125821313477,0.6049538832723249,0.08282668069978356,0.0284623621279657,0.34119932775458794,0.5605697647411089,0.09751782310576389,0.03487326336557176,-0.5134188197020213
0.15198402130095767,-0.5016271278576546,-0.09560133185809853,2.283497061669016,0.5127481556952717,0.431526576717603,-0.21934842730888038,0.44750718975475134,0.017369325246057825,0.46660442979085737,0.34972469901603415,0.31248463636264995,0.19680318426859492,0.39214896986753045,0.2773088114383256,0.3691480231524874,0.29063699480374433,0.2252894747875943,0.27590135580429,0.33408048546870844,0.2650743435890225,0.19133736229148693,0.16823963693586017,0.26219948931820497,0.30091996739001625,0.3348898849852094,0.24510196912368815,0.15883124448196817,0.27582925796710317,0.20673395463246547,0.22744704862576848,0.28784285669409027,0.12203667663407954,0.3580748850392412,0.2897703647966231,0.20113315551840905,0.20614789161086206,0.19777867527786622,0.3960229056911327,0.21804867049372983,0.2679322053972198,0.0673275394923894,0.210238247096299,0.2896959608342636,0.03850747857955629,0.22043597045424693,0.26066117289785634,0.03624251660151103,0.1612717434012098
0.26226790392277133,0.08579330555503353,-0.0012140103180252075,0.5127481556952717,1.2772591873614796,0.39907860854130367,0.35245322918261657,0.3273135943631428,0.07574663325483388,0.28086712138082953,0.29938041094815276,0.3303095399237881,0.21057418908269132,0.30563052816083874,0.27857920989831325,0.3741019335681043,0.23244541566719684,0.19480498851245037,0.5665197336681581,0.17317433642064514,0.23116848987291477,0.23919047564665558,0.09941966400099365,0.22261766383593284,0.28794176287486156,0.37154360502192346,0.21939973883677316,0.20393780696420485,0.23121339960833445,0.09757377259727193,0.2512636714703693,0.2918668071039872,0.18960697347493247,0.1960009621783473,0.1284812906742199,0.26744015910238333,0.17725093037477127,0.1146625435312717,0.3427291224954842,0.1465151132614314,0.2034094125174394,0.18424515295243302,0.10913958589258851,0.12855678880939322,-0.010663177865802356,0.2139058519429061,0.174631773631257,0.04455493396074415,0.23068825631351503
0.22078060572915045,0.35434126870984434,0.4893844217980246,0.431526576717603,0.39907860854130367,1.0199815928720561,-0.01651017807785707,0.5044073712134485,0.366394418245216,0.3270563219471711,0.38437083937100935,0.4078081362783528,0.24888488857935515,0.438626657860028,0.38187571471277776,0.42433891384655587,0.4290850395688614,0.21408167061359817,0.5092801541373415,0.2844757947232204,0.33864491493803667,0.3725613207035175,0.09879161408294966,0.2517736536727294,0.3484628334550878,0.5199131206211829,0.299053942872213,0.28929796753399284,0.47190639987215116,0.07836352672550463,0.22280395410881904,0.39130806323719575,0.09829185457010174,0.3805773654399537,0.21363800165627095,0.36533562764351485,0.13453252829083154,0.1852136738089789,0.3982627785795149,0.16654987835842452,0.18595685876847748,0.17049530405514443,0.1855147784756207,0.1847639603365785,0.04970435038415073,0.29083345875932876,0.19778670653202346,0.03679571164543935,0.3257631657925716
0.18555856906760684,0.34887025720851067,0.03300336711968229,-0.21934842730888038,0.35245322918261657,-0.01651017807785707,1.592722701603024,0.08100685278504485,0.25544302314145007,0.016468512945603916,0.2698696371702241,0.2959589800362851,0.20245641967249076,0.2932095531801274,0.021062498244575574,0.31716193209403026,0.2774086153176129,0.27899966694154593,0.12890751549792853,0.012030240298612797,0.14542507109013578,0.29469275450526267,0.3372901448458493,0.15271602643058776,0.21537368292467063,-0.019070745150420204,0.1634971032789278,-0.06485402306069511,0.22863379412035464,0.16656797622209515,0.08281856562279115,0.19130429315882297,0.1574818491838459,0.20755918638549428,0.12397688039291407,0.19224241391378377,0.231010499392723,0.0371899901143398,0.18412325802691817,0.10588966797428612,0.07886864195197626,-0.029919705770210154,0.14069928082174066,0.13358191277804393,-0.1287307686851787,0.14604218069096636,0.20999519925575263,0.01326259292587601,0.5893951330788154
0.2065583994559445,0.1469306146918835,0.2747647055863143,0.44750718975475134,0.3273135943631428,0.5044073712134485,0.08100685278504485,0.8900249956145933,0.1467583152276765,0.3984769378647674,0.42769086580957055,0.3175031702544281,0.2767667798155424,0.475427141160644,0.29718987220693127,0.3983136667379925,0.4233819161441138,0.2964250363000706,0.3137826206251744,0.2750953884924931,0.2514002865298534,0.2911384316043144,0.23182653984105006,0.2408699784934504,0.36043197981829606,0.3441517667993034,0.2683809156432357,0.06971930213255095,0.42557890272933385,0.21039466854212155,0.18089014455681368,0.2959176395737593,0.13728125959163526,0.348062689792119,0.2722318099040037,0.2811849889686734,0.263348750116426,0.17399836129190327,0.3566377256796438,0.19720355745379736,0.21137706215588895,0.05556985851663744,0.23037290337520994,0.1884045929992646,-0.019687301408346,0.3097714998343168,0.2870267778225041,0.036108595272859784,0.42395740897946915
0.10543440115023678,0.2790092441254225,0.35166589248123375,0.017369325246057825,0.07574663325483388,0.366394418245216,0.25544302314145007,0.1467583152276765,0.978663441104448,0.08716752229966067,0.16757089482196647,0.24947868371700127,0.1968824620434745,0.36807581305766424,0.11346281416023339,0.24061063241403838,0.3016087036408973,0.2269646680789106,0.14034172722349056,0.1439068036084634,0.23114702280440302,0.48391636851355607,0.19231233986471075,0.20283843025015372,0.10217832032816722,0.3093481625497773,0.1923605327347921,0.13028236505700755,0.23356651514535678,0.10816223282472524,0.2141153175445573,0.2845073813642958,0.19060983348933827,0.33058534318376287,0.11703886426536915,0.2530866808478965,0.20067190512263272,0.1260945567095745,0.18443319109451684,0.053071147169983394,0.14180844630314243,0.0350694700547495,0.1456464771552755,0.1632948815495259,-0.11491280151535449,0.19027054115486786,0.19473718873465323,0.006098197609945569,0.6875279624346936
0.13501302621953465,0.08388019733221636,0.2127112145043113,0.46660442979085737,0.28086712138082953,0.3270563219471711,0.016468512945603916,0.3984769378647674,0.08716752229966067,0.8499673818803786,0.3545951220263969,0.2872251273293111,0.2609534072367269,0.3617563742436988,0.2698319161877282,0.2896206925669054,0.3487000639214365,0.28706459221172353,0.24997226799826094,0.39129500654701255,0.2832764868374919,0.21621406051019088,0.15702366700927217,0.24445913529951924,0.28092233560482566,0.312667396237588,0.2592471436557969,0.15581609094007026,0.3670652959428737,0.2558715385484533,0.2749713032044735,0.27362636971784476,0.16624181297736146,0.36968292840033673,0.322870405870298,0.2789916882067039,0.34908594069875537,0.21392029149674363,0.3885465068478737,0.24197401710703084,0.3385430182381412,0.12061331384094519,0.24541731621767107,0.1725619179954595,0.036229256405873426,0.3627197407947212,0.36178593752011795,0.048385352736175995,0.3321104991250642
0.153498624420928,0.1408248899279814,0.11578631981724687,0.34972469901603415,0.29938041094815276,0.38437083937100935,0.2698696371702241,0.42769086580957055,0.16757089482196647,0.3545951220263969,0.8823412480435392,0.39958517068687416,0.2500184469472302,0.33719872166298964,0.30128977857413275,0.3959783844069395,0.42089468554715326,0.2979983943900447,0.25252146196543823,0.26320577431801684,0.269639451561243,0.28761918531527325,0.24237875210632087,0.26857118630751553,0.3143796576268295,0.294128881005114,0.2963434254655916,0.13971350604770946,0.4103843418459214,0.20725152822911222,0.23496424648889136,0.31795325849998163,0.18121039582980442,0.2524932676691537,0.24466250307893742,0.3342116697752002,0.18656585399849746,0.16439198195617294,0.328125537920538,0.21206945567422297,0.20551008821215486,0.08883618394293898,0.21113076422270496,0.1301565958121688,-0.021955815234495187,0.35070420469612335,0.2545758940820792,0.03261846610496626,0.192176206365307
0.1756872281647271,0.17562656438219668,0.30600270552301034,0.31248463636264995,0.3303095399237881,0.4078081362783528,0.2959589800362851,0.3175031702544281,0.24947868371700127,0.2872251273293111,0.39958517068687416,0.6673070481984353,0.21769974604633455,0.42999984767565763,0.3143110862322057,0.4272304521571436,0.4157401292520917,0.2423627810630643,0.28807348882313316,0.17902677935025063,0.2560860746339127,0.3294140543773445,0.2647956057636529,0.2512522745342236,0.3408689067774434,0.21333304046205315,0.3080907313245112,0.08039394538543881,0.38227098207858123,0.17297157850569905,0.13687731864116903,0.35103582919549314,0.17065849259631516,0.2970137612246389,0.16335090682513154,0.36513619557418686,0.16319093526225587,0.12791665212394743,0.3187724946331483,0.16782446102468496,0.1874834868543732,0.08526963698510938,0.17627635165234154,0.1371233104262834,-0.07370314161625983,0.30689332870567704,0.23445942465961717,0.02927256513527142,0.44474693959046196
0.11762021445657041,0.11804221114478691,0.19576649230325197,0.19680318426859492,0.21057418908269132,0.24888488857935515,0.20245641967249076,0.2767667798155424,0.1968824620434745,0.2609534072367269,0.2500184469472302,0.21769974604633455,0.42671161452765377,0.22673853555871235,0.08849690019435588,0.25614005428414194,0.2510345871477274,0.2278390397968975,0.17211413306429466,0.18612563867199702,0.15263952259297411,0.2442570555859802,0.19210293527445246,0.17789262831248265,0.2102388879496581,0.12664347054310754,0.2205106916542467,0.06545366948353089,0.3106065705351513,0.16516572076046981,0.13690980934519298,0.2284625231034202,0.1234858366544601,0.25407229547072535,0.21069350542599405,0.21206788709360186,0.20891601090013606,0.11335568170083034,0.23658094553471906,0.12573772320514215,0.14537304261380699,0.058181202453564514,0.18705053016258358,0.16076795262760124,-0.0354836925787355,0.24503612200719602,0.2128781515777204,0.023173930806078758,0.29691600219983183
0.17282693241284514,0.09572559675414302,0.2638336197104708,0.39214896986753045,0.30563052816083874,0.438626657860028,0.2932095531801274,0.475427141160644,0.36807581305766424,0.3617563742436988,0.33719872166298964,0.42999984767565763,0.22673853555871235,1.1433098048900456,0.2885598251494457,0.5844701868979121,0.5326890669759107,0.26781302907983456,0.30514761889318653,0.2328755279554723,0.31103678735539675,0.4633747628767016,0.2985597079106762,0.31996944976890246,0.33287363696519545,0.35659638338099925,0.2706290701136195,0.176681845006005,0.4337225862194784,0.2664787424107765,0.23944728451336067,0.38363486450366857,0.19227287680785188,0.32072766853575535,0.2847320308077535,0.363777498702358,0.26142089990386147,0.16932713175573205,0.38246755329547716,0.20650186905336176,0.2597178632063406,0.05827546157809604,0.19982451987296104,0.21633298895965725,-0.0967979472985902,0.27421414232310287,0.30795360671407696,0.027595307953981237,0.9314607059214872
0.22039491853197285,0.3342330237299056,0.3469626101024305,0.2773088114383256,0.27857920989831325,0.38187571471277776,0.021062498244575574,0.29718987220693127,0.11346281416023339,0.2698319161877282,0.30128977857413275,0.3143110862322057,0.08849690019435588,0.2885598251494457,1.0355154736434358,0.14436327410758604,0.3350208331607842,0.1854840204076775,0.24285279883609243,0.17109845087070738,0.2500354061757378,0.15759847939858215,0.20111095372049784,0.2636661278203897,0.29271173577053694,0.38693037143770764,0.18742822739795142,0.27207390197714654,0.306419510930182,0.23338215427944697,0.18646788618868596,0.2299791035253784,0.20331457553168913,0.2058449031434148,0.12987440978704215,0.33609105611229184,0.17312725491119457,0.1276285928125214,0.19957974449117863,0.09432649034120577,0.2538943099549346,0.18801288994931467,0.14617043848116307,0.10360842660212757,0.0539178435895404,0.33788927037757194,0.20962458291740954,0.04429242087275937,0.042707887323631205
0.15888896163885208,0.0545485139196053,0.20884704351754116,0.3691480231524874,0.3741019335681043,0.42433891384655587,0.31716193209403026,0.3983136667379925,0.24061063241403838,0.2896206925669054,0.3959783844069395,0.4272304521571436,0.25614005428414194,0.5844701868979121,0.14436327410758604,1.157047464195672,0.4148616365705282,0.24105804417824334,0.3220603452811284,0.2845452950482438,0.278594397752802,0.5962781424426623,0.20763797936313325,0.326921235106577,0.29872727750948336,0.19344553472214818,0.4101202011696582,0.25263863546870285,0.49129959478211,0.3076911519299475,0.23711196148290065,0.47784153920368033,0.16376464445448077,0.3573491679884163,0.3404990164924361,0.4216452861657402,0.23464286615390897,0.20250767004842152,0.42142912315895203,0.23787289485937174,0.29633699542548103,0.09483602287955364,0.24372294192796568,0.19974290510308926,-0.09169138154880929,0.29797377454398805,0.2940304628090445,0.004710675148811435,0.7939955286885024
0.1256504072068442,0.1396141491341356,0.3793572869452503,0.29063699480374433,0.23244541566719684,0.4290850395688614,0.2774086153176129,0.4233819161441138,0.3016087036408973,0.3487000639214365,0.42089468554715326,0.4157401292520917,0.2510345871477274,0.5326890669759107,0.3350208331607842,0.4148616365705282,0.9334984616478754,0.3195438561407347,0.26675160005654663,0.17619933377519764,0.3184215454116227,0.4212703677733219,0.33755633864460344,0.277141489192879,0.3784015762727536,0.23526058042387932,0.2829178412471177,0.1976742179075518,0.4587955061755347,0.2353056185843443,0.20387597061017113,0.33343235132402466,0.2201396680583915,0.338441764383826,0.23885258460604378,0.4118827937703245,0.3065282230724868,0.1386376324035552,0.3292599825177116,0.18122819787341768,0.23432404089594483,0.043457625360227015,0.21590014803381988,0.18886788654698328,-0.03257433180899195,0.3725801718081863,0.31815798056447203,0.02247158271061327,0.5334061515097859
0.20772235005703457,0.10776530381966778,0.22068323149740884,0.2252894747875943,0.19480498851245037,0.21408167061359817,0.27899966694154593,0.2964250363000706,0.2269646680789106,0.28706459221172353,0.2979983943900447,0.2423627810630643,0.2278390397968975,0.26781302907983456,0.1854840204076775,0.24105804417824334,0.3195438561407347,0.9644703908163372,0.12162039167861412,0.058136662324339554,0.20878904694077685,0.28632000931274304,0.46448205101470286,0.1410119661267978,0.23542781505450053,0.1472907553276552,0.1799386392424808,-0.027625713936899703,0.32552608245099385,0.028277199972290168,0.35536491607660575,0.20303775177542385,0.1256993872514055,0.32373928925565587,0.18675905808684157,0.26242762912278866,0.3115806588054828,0.06665467969937824,0.23487881366766425,0.15277715624991026,0.14130456226735488,0.0018081824796913517,0.18987168787784378,0.14432021528098452,-0.04877575514705274,0.31503490561363484,0.4010391948283193,0.02487704470758339,0.4050759463837234
0.16253551331131527,0.03651764300163194,0.2125926249766852,0.27590135580429,0.5665197336681581,0.5092801541373415,0.12890751549792853,0.3137826206251744,0.14034172722349056,0.24997226799826094,0.25252146196543823,0.28807348882313316,0.17211413306429466,0.30514761889318653,0.24285279883609243,0.3220603452811284,0.26675160005654663,0.12162039167861412,0.9475126554036258,0.1595425668278272,0.2515477652882207,0.2502839586035364,-0.0327836713837597,0.19513208741581328,0.2883404753644888,0.2965148143897641,0.19991533073246817,0.31361999250472744,0.2438761468778216,0.1172110137095038,0.20005387657296908,0.2642435892068885,0.1930009784903095,0.1882817505866835,0.09700299394745107,0.25855321778154866,0.16399720360062986,0.11857068268058671,0.41076129192648847,0.12804844106149038,0.2068328533091035,0.1646736252937984,0.07846393870225168,0.12015222127105496,0.045580249666596725,0.22279828737735427,0.14647809509912318,0.04708615660398825,0.13767211764524065
0.0652368584639111,0.05858844024305381,0.21144145147987928,0.33408048546870844,0.17317433642064514,0.2844757947232204,0.012030240298612797,0.2750953884924931,0.1439068036084634,0.39129500654701255,0.26320577431801684,0.17902677935025063,0.18612563867199702,0.2328755279554723,0.17109845087070738,0.2845452950482438,0.17619933377519764,0.058136662324339554,0.1595425668278272,1.7956772217161692,0.39772159727328515,0.01944546592058549,-0.3578970063427783,0.29464609056398516,0.09551683287207728,0.6066211061985864,0.43327290626300513,0.49253048465561594,0.3096903481534709,0.38547848833252363,0.6443311052094215,0.32100869311625546,0.3058639280665526,0.37916381620712347,0.31219620460317826,0.21294828540181665,0.6624025894601807,0.8223413732597143,0.7973946826701582,0.4455567778212217,0.6602192743027041,0.5457308075756553,0.48387045771559517,0.11898256268998866,0.3617681497114246,0.513346328459042,0.3904093478669531,0.13402306505253808,0.08166888169716902
0.13355128049942333,0.22015786188257425,0.2887999088733841,0.2650743435890225,0.23116848987291477,0.33864491493803667,0.14542507109013578,0.2514002865298534,0.23114702280440302,0.2832764868374919,0.269639451561243,0.2560860746339127,0.15263952259297411,0.31103678735539675,0.2500354061757378,0.278594397752802,0.3184215454116227,0.20878904694077685,0.2515477652882207,0.39772159727328515,0.8351023233078961,0.2639798222981514,0.027389729255730626,0.2686412262817211,0.14784749306541123,0.6123839142378519,0.242880963913015,0.38606275457144357,0.3116062067046589,0.16963601660864014,0.4056752140696595,0.3944521279961026,0.27305402603974066,0.17602986887813532,0.16876889295871994,0.4613842867467121,0.00874020279712347,0.23844913773755985,0.37723285763922015,0.2506024644885302,0.41306730402698794,0.3068553988139092,0.1065264432195185,0.07633837548494722,0.022961240519863896,0.3584345388234776,0.21260094065203466,0.03663478845763814,0.18820716605952953
0.15443433421461372,0.14808948080931686,0.2970949393088702,0.19133736229148693,0.23919047564665558,0.3725613207035175,0.29469275450526267,0.2911384316043144,0.48391636851355607,0.21621406051019088,0.28761918531527325,0.3294140543773445,0.2442570555859802,0.4633747628767016,0.15759847939858215,0.5962781424426623,0.4212703677733219,0.28632000931274304,0.2502839586035364,0.01944546592058549,0.2639798222981514,1.0522036115977296,0.28002548917569264,0.28532494586159823,0.14411106308415164,0.2219414619357777,0.27667432522571916,0.13676332726450788,0.3702553515272487,0.17900102550743002,0.25667660372478435,0.456844851387134,0.20163154721818677,0.36340484676849977,0.15711027611717027,0.384738277238744,0.1105347825809811,0.1063966169703617,0.3429877476791125,0.11266445066746536,0.18399845347366073,0.057781567671431805,0.12457309012292749,0.20793819736716124,-0.2104363980126088,0.20097394550865144,0.2544944397614475,-0.054350564547039557,1.1686407884596395
0.16422893098885633,-0.01447266638967375,0.117197965007821,0.16823963693586017,0.09941966400099365,0.09879161408294966,0.3372901448458493,0.23182653984105006,0.19231233986471075,0.15702366700927217,0.24237875210632087,0.2647956057636529,0.19210293527445246,0.2985597079106762,0.20111095372049784,0.20763797936313325,0.33755633864460344,0.46448205101470286,-0.0327836713837597,-0.3578970063427783,0.027389729255730626,0.28002548917569264,1.5195493730160543,0.365723830888419,0.5206558728245719,-0.3405504047108513,0.06802241820400658,-0.571215105003082,0.50858188147547,0.42698610536006437,-0.37334716240717586,0.0923386723884418,0.1766662662681797,0.3161855632826712,0.20975106951593186,0.22916646899559198,0.441392046110222,-0.12567731802555004,0.3687661113053821,0.20554994572557653,-0.005255312867572534,-0.19790515985213597,0.2377402155500191,0.3839111764413932,-0.11752461527032018,0.33767279469552275,0.39799874040356376,0.03446150942644641,0.5377683630788911
0.0325313418472804,0.04343386268869672,0.16783580032622647,0.26219948931820497,0.22261766383593284,0.2517736536727294,0.15271602643058776,0.2408699784934504,0.20283843025015372,0.24445913529951924,0.26857118630751553,0.2512522745342236,0.17789262831248265,0.31996944976890246,0.2636661278203897,0.326921235106577,0.277141489192879,0.1410119661267978,0.19513208741581328,0.29464609056398516,0.2686412262817211,0.28532494586159823,0.365723830888419,0.7428721977567948,0.261416541316431,0.15435331213307837,0.2303634769579792,0.15416397393929218,0.2387322544006136,0.4848551167771707,0.31598031982478253,0.29742418079856253,0.39908053699241647,0.22336418822820947,0.16412713373535195,0.3279003984084963,0.27707347111769315,0.19856920443604212,0.2573103565418673,0.13125577340973396,0.31420294455617626,0.16762906515933274,0.19634475309649002,0.19910519789352038,-0.05068313641160269,0.33708802401969007,0.31186575045412185,0.04336685972692702,0.34930393511158536
0.2516501772741637,0.09767622482726626,0.2224046685331083,0.30091996739001625,0.28794176287486156,0.3484628334550878,0.21537368292467063,0.36043197981829606,0.10217832032816722,0.28092233560482566,0.3143796576268295,0.3408689067774434,0.2102388879496581,0.33287363696519545,0.29271173577053694,0.29872727750948336,0.3784015762727536,0.23542781505450053,0.2883404753644888,0.09551683287207728,0.14784749306541123,0.14411106308415164,0.5206558728245719,0.261416541316431,1.3091878525054574,0.05679391191483424,0.2009814419313438,-0.03359583886605339,0.6217181350554809,0.3690594373690325,-0.0925013257860531,0.21382606733454934,0.10786156089422513,0.40189943696168523,0.34415212462580314,0.299764527827453,0.3674872360052371,0.10841158337687093,0.353219940770742,0.20059795190839097,0.20635438017780294,-0.004850088394220385,0.256220930459924,0.21688401433668,0.0023102473027083077,0.42338588259658305,0.317756368792386,0.029860977295286598,0.20460038247732917
0.08224362275347394,0.3714749248965318,0.3784085915496731,0.3348898849852094,0.37154360502192346,0.5199131206211829,-0.019070745150420204,0.3441517667993034,0.3093481625497773,0.312667396237588,0.294128881005114,0.21333304046205315,0.12664347054310754,0.35659638338099925,0.38693037143770764,0.19344553472214818,0.23526058042387932,0.1472907553276552,0.2965148143897641,0.6066211061985864,0.6123839142378519,0.2219414619357777,-0.3405504047108513,0.15435331213307837,0.05679391191483424,3.3710234438146283,0.279034194950058,0.808013226277662,0.20867418112912486,-0.7940619460479098,0.34084447885495783,0.7630914712946649,0.14929568824259945,0.1467303057633558,0.08388248382193364,0.5340373795360365,-1.1882754621450655,0.3032698479641288,0.45595130132059547,0.24211782915033117,0.4093104264250482,0.6413664665355701,-0.10825900646402185,-0.02425394702728674,-0.32553054916611734,0.06727489023263399,-0.2997436051774861,0.045352061449802354,0.03876778592903024
0.10836191931823254,0.11114475676311408,0.22195472672918412,0.24510196912368815,0.21939973883677316,0.299053942872213,0.1634971032789278,0.2683809156432357,0.1923605327347921,0.2592471436557969,0.2963434254655916,0.3080907313245112,0.2205106916542467,0.2706290701136195,0.18742822739795142,0.4101202011696582,0.2829178412471177,0.1799386392424808,0.19991533073246817,0.43327290626300513,0.242880963913015,0.27667432522571916,0.06802241820400658,0.2303634769579792,0.2009814419313438,0.279034194950058,0.524396506966873,0.23597063715737585,0.3063866022259084,0.1890560372578537,0.2559105834708402,0.32954022517823267,0.19056703373394543,0.281984807795851,0.22141436436788553,0.3651028930845566,0.21760475120294226,0.2393086799902084,0.31461944372349854,0.19168244297681197,0.26553735532132094,0.17089155755567295,0.2831318438272428,0.11315918755215955,0.007292575115029374,0.31562762113733195,0.20758191202625528,0.03933503181416257,0.2710619357387575
0.00014465655690557914,0.17268266472712954,0.32958481689200597,0.15883124448196817,0.20393780696420485,0.28929796753399284,-0.06485402306069511,0.06971930213255095,0.13028236505700755,0.15581609094007026,0.13971350604770946,0.08039394538543881,0.06545366948353089,0.176681845006005,0.27207390197714654,0.25263863546870285,0.1976742179075518,-0.027625713936899703,0.31361999250472744,0.49253048465561594,0.38606275457144357,0.13676332726450788,-0.571215105003082,0.15416397393929218,-0.03359583886605339,0.808013226277662,0.23597063715737585,2.4841925281763606,-0.14782876304709927,0.04941959237639658,0.5479420596371682,0.31643503376241794,0.3846263805566424,-0.019203664393619816,-0.0025795529950819163,0.5812192812774694,-0.1728983264958279,0.2934747870344153,0.17957117343762916,-0.020116205796432696,0.5436948805657307,0.5490496962145578,0.017597648592173953,0.23318075536391303,0.2950545162204725,0.1199848528888067,-0.07544154058148765,0.053293436605019374,-0.40438394911465386
0.26627954220474487,0.32625550586422725,0.45733101555263145,0.27582925796710317,0.23121339960833445,0.47190639987215116,0.22863379412035464,0.42557890272933385,0.23356651514535678,0.3670652959428737,0.4103843418459214,0.38227098207858123,0.3106065705351513,0.4337225862194784,0.306419510930182,0.49129959478211,0.4587955061755347,0.32552608245099385,0.2438761468778216,0.3096903481534709,0.3116062067046589,0.3702553515272487,0.50858188147547,0.2387322544006136,0.6217181350554809,0.20867418112912486,0.3063866022259084,-0.14782876304709927,2.1153321665186264,0.28019917521515486,-0.181088384440311,0.35967141157705684,0.033868642367755344,0.43785631958821836,0.29574182941988525,0.6788248715265359,0.21304949451745145,0.09512226523455079,0.3733219249930738,0.3433907625915972,0.0760958899296577,-0.10616697841103344,0.3350410498034607,-0.09519824123949681,0.0902596872744808,0.7663489102507892,0.3449189228786457,0.016185474151550937,0.3941335055693444
0.06228650884016057,-0.002898360435094193,-0.17740054745741932,0.20673395463246547,0.09757377259727193,0.07836352672550463,0.16656797622209515,0.21039466854212155,0.10816223282472524,0.2558715385484533,0.20725152822911222,0.17297157850569905,0.16516572076046981,0.2664787424107765,0.23338215427944697,0.3076911519299475,0.2353056185843443,0.028277199972290168,0.1172110137095038,0.38547848833252363,0.16963601660864014,0.17900102550743002,0.42698610536006437,0.4848551167771707,0.3690594373690325,-0.7940619460479098,0.1890560372578537,0.04941959237639658,0.28019917521515486,2.884406883773349,0.1400287588847521,0.04948469135715137,0.3745870692570872,0.06862629672613056,0.6977691863796809,0.3349018212381884,1.0714528209274774,0.3275710995842403,0.31964449043043736,0.1799718970042818,0.8027197714994961,0.35132547242944,0.5385565823264454,0.3632621672406986,0.4294579396598493,0.5523211716074888,1.0309294269274982,0.05858249299666196,0.5678502465042096
0.07658703002781976,0.050903712653705725,0.161017640489334,0.22744704862576848,0.2512636714703693,0.22280395410881904,0.08281856562279115,0.18089014455681368,0.2141153175445573,0.2749713032044735,0.23496424648889136,0.13687731864116903,0.13690980934519298,0.23944728451336067,0.18646788618868596,0.23711196148290065,0.20387597061017113,0.35536491607660575,0.20005387657296908,0.6443311052094215,0.4056752140696595,0.25667660372478435,-0.37334716240717586,0.31598031982478253,-0.0925013257860531,0.34084447885495783,0.2559105834708402,0.5479420596371682,-0.181088384440311,0.1400287588847521,1.565162173138461,0.27903287557090645,0.33758293052931765,0.1409668852719767,0.15404701516442457,0.3875178716123795,0.13496134579928287,0.3730109221759285,0.15925480939552694,0.10701069402284999,0.41294289307496773,0.34315067239769753,0.10354542545937123,0.05534692371280065,0.09111402526765684,0.2968397278118152,0.2456897280255597,0.05406019023563256,0.06677359734219677
0.11963459510814557,0.16418260036904775,0.26313361499140847,0.28784285669409027,0.2918668071039872,0.39130806323719575,0.19130429315882297,0.2959176395737593,0.2845073813642958,0.27362636971784476,0.31795325849998163,0.35103582919549314,0.2284625231034202,0.38363486450366857,0.2299791035253784,0.47784153920368033,0.33343235132402466,0.20303775177542385,0.2642435892068885,0.32100869311625546,0.3944521279961026,0.456844851387134,0.0923386723884418,0.29742418079856253,0.21382606733454934,0.7630914712946649,0.32954022517823267,0.31643503376241794,0.35967141157705684,0.04948469135715137,0.27903287557090645,0.69205044910922,0.1692260996884759,0.3033337233645316,0.134562410159203,0.4353710316961147,-0.1523286055254641,0.20416359839570047,0.3757623292333713,0.17570299898061661,0.2844546379567455,0.21903343760432323,0.10890147231173765,0.12052961333290732,-0.1512966844211607,0.2613223598744416,0.14817222269692518,0.013495095522147966,0.5056771174982947
0.06703629342828848,0.06338344972941336,0.13414843229760548,0.12203667663407954,0.18960697347493247,0.09829185457010174,0.1574818491838459,0.13728125959163526,0.19060983348933827,0.16624181297736146,0.18121039582980442,0.17065849259631516,0.1234858366544601,0.19227287680785188,0.20331457553168913,0.16376464445448077,0.2201396680583915,0.1256993872514055,0.1930009784903095,0.3058639280665526,0.27305402603974066,0.20163154721818677,0.1766662662681797,0.39908053699241647,0.10786156089422513,0.14929568824259945,0.19056703373394543,0.3846263805566424,0.033868642367755344,0.3745870692570872,0.33758293052931765,0.1692260996884759,1.2557317963531962,-0.007975551117712162,-0.22399286590277345,0.289461015184013,0.43260388752801143,0.2111438366214965,0.06012984846751673,-0.039654136035446555,0.23652713591428523,0.10794379959137426,0.16358388746834773,0.09994972064637567,-0.25356751286211365,0.3410892793630288,0.2833467856274481,0.06712665790062423,0.3143339022693818
0.06339037800747255,0.10294103127174051,0.32777795887524336,0.3580748850392412,0.1960009621783473,0.3805773654399537,0.20755918638549428,0.348062689792119,0.33058534318376287,0.36968292840033673,0.2524932676691537,0.2970137612246389,0.25407229547072535,0.32072766853575535,0.2058449031434148,0.3573491679884163,0.338441764383826,0.32373928925565587,0.1882817505866835,0.37916381620712347,0.17602986887813532,0.36340484676849977,0.3161855632826712,0.22336418822820947,0.40189943696168523,0.1467303057633558,0.281984807795851,-0.019203664393619816,0.43785631958821836,0.06862629672613056,0.1409668852719767,0.3033337233645316,-0.007975551117712162,1.5399107717635694,0.4677397787616428,0.1556192494089451,0.7050992583699217,0.19801318473560264,0.2505375523442555,0.06568622574634193,0.2686757217267643,-0.07354747922866565,0.45594618495298117,0.3169792022530207,-0.1902794537703609,0.18534988854831602,0.46362238309091214,0.06734616256910406,1.0276258203383777
0.11330526529470919,0.03950653714410085,-0.03685896984053872,0.2897703647966231,0.1284812906742199,0.21363800165627095,0.12397688039291407,0.2722318099040037,0.11703886426536915,0.322870405870298,0.24466250307893742,0.16335090682513154,0.21069350542599405,0.2847320308077535,0.12987440978704215,0.3404990164924361,0.23885258460604378,0.18675905808684157,0.09700299394745107,0.31219620460317826,0.16876889295871994,0.15711027611717027,0.20975106951593186,0.16412713373535195,0.34415212462580314,0.08388248382193364,0.22141436436788553,-0.0025795529950819163,0.29574182941988525,0.6977691863796809,0.15404701516442457,0.134562410159203,-0.22399286590277345,0.4677397787616428,2.7134453980874738,-0.042323953373277184,0.379728902926206,0.18561766355495077,0.5427834315697515,0.7785096216111714,0.38304296644013336,-0.19609591035292373,0.5355250896074526,0.43776154168054016,0.17312327123870982,0.14022912836762033,0.49318978691833304,0.08171218386650463,0.8128364492415945
0.14037126855317195,0.22339108372613495,0.5775536982676782,0.20113315551840905,0.26744015910238333,0.36533562764351485,0.19224241391378377,0.2811849889686734,0.2530866808478965,0.2789916882067039,0.3342116697752002,0.36513619557418686,0.21206788709360186,0.363777498702358,0.33609105611229184,0.4216452861657402,0.4118827937703245,0.26242762912278866,0.25855321778154866,0.21294828540181665,0.4613842867467121,0.384738277238744,0.22916646899559198,0.3279003984084963,0.299764527827453,0.5340373795360365,0.3651028930845566,0.5812192812774694,0.6788248715265359,0.3349018212381884,0.3875178716123795,0.4353710316961147,0.289461015184013,0.1556192494089451,-0.042323953373277184,2.452922089621662,-0.11898574621469168,0.15767615923268485,-0.04107545478952288,0.2814832732189038,0.26053403561117705,0.027498528691820262,-0.01691231828028477,-0.35972781896521955,-0.17029428270431313,1.2685014614522467,-0.035842650628618626,0.09825287586123299,-0.5573211144465198
0.14454154675339276,0.10580158946259352,0.13536828003774906,0.20614789161086206,0.17725093037477127,0.13453252829083154,0.231010499392723,0.263348750116426,0.20067190512263272,0.34908594069875537,0.18656585399849746,0.16319093526225587,0.20891601090013606,0.26142089990386147,0.17312725491119457,0.23464286615390897,0.3065282230724868,0.3115806588054828,0.16399720360062986,0.6624025894601807,0.00874020279712347,0.1105347825809811,0.441392046110222,0.27707347111769315,0.3674872360052371,-1.1882754621450655,0.21760475120294226,-0.1728983264958279,0.21304949451745145,1.0714528209274774,0.13496134579928287,-0.1523286055254641,0.43260388752801143,0.7050992583699217,0.379728902926206,-0.11898574621469168,3.097508908619672,0.39383358685625397,0.13257180199843724,0.024914553551280885,0.570729855333908,-0.14877086900097033,0.8008243724190647,0.3793508797312135,0.6262393460970844,0.6840066861901062,0.9884745187472147,0.13375892256840125,0.893900705470598
0.07401998532347313,0.04851475084854508,0.1312599718884944,0.19777867527786622,0.1146625435312717,0.1852136738089789,0.0371899901143398,0.17399836129190327,0.1260945567095745,0.21392029149674363,0.16439198195617294,0.12791665212394743,0.11335568170083034,0.16932713175573205,0.1276285928125214,0.20250767004842152,0.1386376324035552,0.06665467969937824,0.11857068268058671,0.8223413732597143,0.23844913773755985,0.1063966169703617,-0.12567731802555004,0.19856920443604212,0.10841158337687093,0.3032698479641288,0.2393086799902084,0.2934747870344153,0.09512226523455079,0.3275710995842403,0.3730109221759285,0.20416359839570047,0.2111438366214965,0.19801318473560264,0.18561766355495077,0.15767615923268485,0.39383358685625397,0.7292940411372302,0.34439654913794376,0.1893152236295869,0.411256839428457,0.39302462531537746,0.32914884791592514,0.18188831796115046,0.19654141412648893,0.34674952436397194,0.2678367689908702,0.072244357504455,-0.07369218851052833
0.1692709298255739,0.008541601149309191,0.08809872507879063,0.3960229056911327,0.3427291224954842,0.3982627785795149,0.18412325802691817,0.3566377256796438,0.18443319109451684,0.3885465068478737,0.328125537920538,0.3187724946331483,0.23658094553471906,0.38246755329547716,0.19957974449117863,0.42142912315895203,0.3292599825177116,0.23487881366766425,0.41076129192648847,0.7973946826701582,0.37723285763922015,0.3429877476791125,0.3687661113053821,0.2573103565418673,0.353219940770742,0.45595130132059547,0.31461944372349854,0.17957117343762916,0.3733219249930738,0.31964449043043736,0.15925480939552694,0.3757623292333713,0.06012984846751673,0.2505375523442555,0.5427834315697515,-0.04107545478952288,0.13257180199843724,0.34439654913794376,2.461863014052943,0.9016252045865628,0.3534364923626592,0.3799294734422532,0.283453864512882,0.54044355856915,0.5493952707159041,0.10474683399515157,0.3282535872950578,-0.004737577392799236,0.43395498506806424
0.09499856003153528,0.015356626767262321,-0.17343863222468284,0.21804867049372983,0.1465151132614314,0.16654987835842452,0.10588966797428612,0.19720355745379736,0.053071147169983394,0.24197401710703084,0.21206945567422297,0.16782446102468496,0.12573772320514215,0.20650186905336176,0.09432649034120577,0.23787289485937174,0.18122819787341768,0.15277715624991026,0.12804844106149038,0.4455567778212217,0.2506024644885302,0.11266445066746536,0.20554994572557653,0.13125577340973396,0.20059795190839097,0.24211782915033117,0.19168244297681197,-0.020116205796432696,0.3433907625915972,0.1799718970042818,0.10701069402284999,0.17570299898061661,-0.039654136035446555,0.06568622574634193,0.7785096216111714,0.2814832732189038,0.024914553551280885,0.1893152236295869,0.9016252045865628,1.3423418165303822,0.10701566520529432,-0.3329297839049539,0.32065955131987384,-0.025974213965929294,0.04992202115141943,0.4754701168130592,0.21310429516694668,0.06578078411422415,0.35840731645466606
0.07874154443134966,0.08233775991186157,0.26796125821313477,0.2679322053972198,0.2034094125174394,0.18595685876847748,0.07886864195197626,0.21137706215588895,0.14180844630314243,0.3385430182381412,0.20551008821215486,0.1874834868543732,0.14537304261380699,0.2597178632063406,0.2538943099549346,0.29633699542548103,0.23432404089594483,0.14130456226735488,0.2068328533091035,0.6602192743027041,0.41306730402698794,0.18399845347366073,-0.005255312867572534,0.31420294455617626,0.20635438017780294,0.4093104264250482,0.26553735532132094,0.5436948805657307,0.0760958899296577,0.8027197714994961,0.41294289307496773,0.2844546379567455,0.23652713591428523,0.2686757217267643,0.38304296644013336,0.26053403561117705,0.570729855333908,0.411256839428457,0.3534364923626592,0.10701566520529432,2.159668060701912,0.8905629373518135,0.09142339734843696,0.29848125663810604,0.013355845128091912,0.8369685506835952,0.5393236038427881,0.02183053273969949,-0.24267693662562406
