0.961747545960536,0.19363404563590983,0.18173070852913506,0.19744487437653951,0.3895256744259132,0.17537582278150257,0.26213495517490515,0.19223508111506316,0.12919556828590087,0.17781619646614752,0.18957695001712044,0.20730164859800412,0.2005177249815429,0.17176597544547767,0.12870190731525852,0.1512433666112744,0.15523433036084056,0.16483156692245474,0.008640746597440525,0.077472952173403,0.1320859583761273,0.21108120562256158,0.14234257304430512,0.07361942293905278,0.15615079896827508,0.15278730500813745,0.15451469499747778,0.05122634679027419,0.10830513266380533,0.07506868977996752,0.1033888701757326,0.1473298607544609,0.13201597455660274,-0.085385406859571,-0.00021911327473703466,0.11911655068250493,0.14192045289622243,0.20365196313857978,0.11699296660982578,0.0806463272513206,0.15586050558420783,0.09805022744422878,0.10777080472156156,0.02607753495471008,0.15841779679874346,0.06861072833468156,0.10707515634626696,-0.03433524210572736,0.11075725362868728,-0.07792728321736066,-0.06732976924442713,-0.022304058177839,0.08733546205066055,0.0049491255518676015,0.08912149147593396,0.017842935732039808,-0.060483620204708315,-0.07523734114888694,-0.003534745428282056
0.19363404563590983,2.289372731152345,0.20700899362882308,0.0018553175529822227,0.11560051349224992,0.4957189115493766,0.1552432289982517,-0.03396086335116866,0.2038821526776472,0.017180389268918426,0.14716332318167055,0.15488184933537352,0.17645669598609162,0.07718814761777316,0.22590369866672802,0.03926425869112077,0.21220283182618888,0.28129649393347783,-0.20906812477101402,0.08320558444125271,0.0699385510548321,0.16873095168962463,-0.07217324868467728,-0.07581911482491976,0.013822343979094369,-0.22193988865468328,0.12730019917720053,0.030472034996028362,0.31255816623360455,-0.11099278979489025,0.1569812483852878,0.100141884817011,-0.21672026182142506,0.21529293393149243,-0.05994841755223726,0.1749832617168449,-0.050599038618953394,0.0015533731779675927,0.2933862241861946,0.12989837741173246,-0.22529004753347726,-0.01457352421449946,-0.049078110410102745,0.05581796894574698,0.3100880430692301,0.19189440279824443,0.07858074032030576,-0.2438027893892401,-0.38920342694502325,-0.9382248557627891,1.3341885488167233,0.3761780851739359,-0.37783688288494327,0.016888497728444,-0.32193052884975765,0.03980355342921655,-0.0007816980317278755,0.12254049137317982,-0.04113477735993023
0.18173070852913506,0.20700899362882308,2.7945315800352484,0.11951309354908872,0.08796079407458123,0.250310125843755,0.18140058762520478,0.05321069115262631,0.17735253057201264,0.05635902607965909,0.02286063750436779,0.1754707346878977,0.13345099202231292,0.024168292750822537,0.13789425412749548,0.07653559945028961,0.2709337914949742,0.16994046288865639,0.1402427652111983,0.02905314668323088,0.11793818139161515,0.36398171630450527,0.20650028725265618,0.11174646880723557,0.1485621452135242,-0.05574501634660864,0.08700128491268941,0.04532890106531303,0.12294816419551936,-0.40780173459069796,0.0778210647584284,0.09610923677201998,0.2547783641964651,0.2715891360867098,-0.07486324417417994,0.4492029696084048,0.3741514261239633,0.18931377263832389,0.1086801760877741,-0.8657500815820288,-0.001244303170868519,0.02307396971990415,-0.06887998139493845,-0.005497216354153077,0.020829439091830156,0.8171147804951071,-0.03748364298363785,-0.4767132297262574,-1.0875217693197388,-0.291597094650165,-0.02355743109686967,0.1809292191272178,0.009461761326293122,-0.21178235658579728,-0.323445232041587,-0.05418879233430637,-0.07201315609884229,0.21843429216708518,-0.4240329127341093
0.19744487437653951,0.0018553175529822227,0.11951309354908872,0.7589620121223508,0.6584797808305739,0.37049757681744994,0.30688800407317546,0.4247155072484445,0.14793395900474013,0.31532888117384317,0.3397504384454458,0.3526630294651616,0.375818824302333,0.3114588252228457,0.20523969113948928,0.2929926887741533,0.2621069657712561,0.2997699780650622,0.05353521051723133,0.3528418764243087,0.24640468267522597,0.42275366740325726,0.4639954006913523,0.29476359168095373,0.3423487534895006,0.31389454237224157,0.2556638673634533,0.08094712244132812,0.41683919711923617,0.18443288886866388,0.12334212775550016,0.28210116651607553,0.2103148584359462,0.37171982686109384,0.015676507422026455,0.2594780080218813,0.3570809342095259,0.35190578839023445,0.3265249765699577,0.10238991908116515,0.24398384640405124,0.24985193174578474,0.29623810790009847,0.05055358933839143,0.04618040194337165,0.18603802918107182,0.2830664782269222,-0.05614555138800176,0.4005312803715771,0.17070464625966592,-0.27710387386376295,0.09148792806210222,0.08192700272849503,-0.08586426315291235,0.0012379743985672154,-0.10052694378273366,-0.22417808351076995,0.0701082462011491,0.1898606175676437
0.3895256744259132,0.11560051349224992,0.08796079407458123,0.6584797808305739,1.8653330886923278,0.1921488565553515,0.28312007384170235,0.573717326745771,0.2715518075841882,0.34808726994042266,0.40594241319221647,0.5128931979796718,0.41622406934337375,0.3556701468014265,0.31406280202395687,0.4335683447926487,0.17651279028517874,0.3493902836919367,-0.05850086793180227,0.26994541408374123,0.22687803591581399,0.3740698116624623,0.5369417402484853,0.27818368690539835,0.3739491005772996,0.3875767461176127,0.29987018666561865,-0.012237148728072023,0.3966264466102329,0.04316907149562297,0.12370803113700976,0.359707512042261,0.15701007523318752,0.4389424296656265,-0.2013074909209058,0.2581511497259121,0.24172770627602994,0.4340033565059108,0.34261030556205374,0.17023889654542107,0.2016324162683266,0.264894485240184,0.285475701351521,0.05596233367986949,0.09135379106330649,0.08774218920594619,0.2620894063486542,-0.03579083866987677,0.4363969741634081,0.06931121871335978,-0.19239540419031428,0.22951046729232394,0.04479447171479449,-0.01986693262150224,-0.20140845706215607,0.021174077009819603,-0.1442936829448274,0.11724172944262878,0.07783482138935545
0.17537582278150257,0.4957189115493766,0.250310125843755,0.37049757681744994,0.1921488565553515,1.2332863307647268,0.2827660164752483,0.22971558103965636,0.08021857029365333,0.2480663078711824,0.3797308450833395,0.30209957812806215,0.44551631098113537,0.37018722388188163,0.28668646186846425,0.233080872392513,0.4895007378771523,0.34757330058960917,0.3789891811356506,0.6415605668456448,0.33697660576996674,0.6190596966384448,0.38844828605860854,0.3386622636976744,0.3354661457008778,0.35268051555221613,0.30892255766093385,0.1697070375604469,0.6826342329305501,0.2449304594999461,0.2633230937293212,0.33333000630399107,0.17075348287238648,0.4818203925890567,0.17204676092442228,0.31412865410423646,0.5433948084793238,0.40818478671261116,0.3560762418209576,0.060536879891078824,0.2721023428198827,0.3178381639942128,0.3911467724060372,0.05555968120612736,0.18086322179690525,0.2305373019688024,0.37895647079480893,-0.13721344370006003,0.5690032434743737,0.22707183187820634,-0.25327807389146534,-0.16698550574403462,0.005228399385612083,0.005990715799836119,-0.21058159080276626,-0.0365359832173172,-0.27008750384521724,0.20374514973509716,0.1407081165044737
0.26213495517490515,0.1552432289982517,0.18140058762520478,0.30688800407317546,0.28312007384170235,0.2827660164752483,0.706435371563546,0.17385189624833813,0.21575813229422208,0.23551398729889247,0.2854086139005548,0.3277344656841981,0.30133096371001933,0.20642793124397105,0.1502657646709651,0.2219965106349446,0.308110821689488,0.25513269660825066,-0.0035869528859353364,0.23304643135202427,0.2151588258514179,0.43791591380578826,0.3938562417890471,0.26971339337357386,0.2908883195212145,0.24672796739825342,0.23537062472743675,0.13863613083104664,0.29801634234152297,0.15392951733081287,0.16390791141383873,0.24754533081869987,0.22173871358984512,0.2967862891112699,0.1277021541713918,0.2707797215201437,0.3526205068886183,0.25553211298401407,0.28001461865510185,0.037729550802683316,0.19837847878325218,0.21460582399887818,0.21807963211849393,0.031389858634857354,0.06798818360924662,0.16712965155020107,0.19157843427108628,-0.10613041405501644,0.34771965634743696,-0.09090098569720508,-0.19389483419670553,-0.05211289678953375,0.1107562419961764,0.003111501280621676,0.013511352821679277,0.055307319641721586,-0.12771878899234917,0.006950761841516153,-0.05868795484153514
0.19223508111506316,-0.03396086335116866,0.05321069115262631,0.4247155072484445,0.573717326745771,0.22971558103965636,0.17385189624833813,1.2381794391523455,0.06415670066087859,0.4156866643142769,0.5055531731983608,0.3563297643431329,0.429483985280413,0.40511726321174474,0.22592746376007763,0.35204408123336284,0.30091105312194766,0.38045620969919,0.2437182764483815,0.5958879134078929,0.25413172415861857,0.41804289709975645,0.5205889975562339,0.3338693108060247,0.4849803908173112,0.3783855152842703,0.339589224690955,0.2934525687748108,0.5621669834564317,0.403005664546398,0.19359564253761175,0.2822068311199167,0.09034546940565287,0.5733865024317217,0.6558098037454374,0.22171564886576467,0.5286661131102771,0.33327174703738727,0.6243379799937919,0.05045939433680021,0.2873053313462526,0.334723575042733,0.319022336999301,0.0341842241849469,0.17349084286747554,0.17316718003364362,0.480804240388488,0.00655797105397928,0.7853727820211757,0.16328836782381645,-0.3002602919761967,0.07305807954900154,0.18023810371463359,-0.14009713291575288,-0.24854129772823857,0.028402364808524753,-0.23462167135252066,0.4224641585433283,-0.18749384230560276
0.12919556828590087,0.2038821526776472,0.17735253057201264,0.14793395900474013,0.2715518075841882,0.08021857029365333,0.21575813229422208,0.06415670066087859,0.7640525542713676,0.15831906033565862,0.14712981273167736,0.18438428344690025,0.17486784950295145,0.1337465488179365,0.1452399434022801,0.12047561730934014,0.10634563034883181,0.18292226595881458,-0.35373103164749714,0.05659798162683815,0.10438751641601192,0.2114155773505848,0.3485488319894662,0.1704419320340428,0.21059086621614986,0.2203443893819463,0.15364089612462273,0.03556943056484317,0.08382350086727736,0.01464870958922923,0.03794957693683118,0.1542007962177418,0.16080081627436202,0.17133247143202085,0.046169465954434684,0.14814766505779547,0.15989733449314006,0.05040707509241254,0.17579369123446262,0.025440166739941268,0.0749528347078546,0.11068281191908352,0.09683775148748801,0.01625234199007587,-0.050459918065300015,0.09028398784300319,0.1242526456954676,-0.07443584240387965,0.1718517249712026,-0.43148158810134263,-0.06454499504724553,-0.116004279321274,0.2611583590408129,0.0334264775946616,0.07381892317710961,0.09492130551767097,-0.033448494048741555,-0.11421088005907337,-0.001937762678235905
0.17781619646614752,0.017180389268918426,0.05635902607965909,0.31532888117384317,0.34808726994042266,0.2480663078711824,0.23551398729889247,0.4156866643142769,0.15831906033565862,1.0079103506671014,0.32032108074637994,0.3094768391272424,0.3739902622120397,0.2765220468205131,0.12671791328893428,0.27665983865929306,0.2757325383555489,0.2840218585407891,0.1075698330730707,0.47807039166350834,0.16991769695624195,0.43283228698372506,0.4142940100546159,0.23459362376564874,0.33010254561338703,0.25619532743615786,0.31086106005090264,0.09745447231705007,0.6126865426051334,0.259036514433406,0.1519454890577656,0.28061841254709924,-0.05821222061394621,0.4746348523060862,0.3649946515677153,0.28022691188512544,0.2587156957637829,0.1993676906792938,0.391234762457447,0.1552098012370107,0.1560346314549673,0.25383544180285844,0.2519615493392729,0.03503934157219484,0.09786734847706237,0.1531998741843454,0.2922625982010035,-0.15808601302660988,0.4030369640366776,-0.06979325695634035,-0.10255583405448819,-0.37670474666549275,0.22267867419137008,0.08792588558384526,0.12056726592262683,-0.0038184743015061686,-0.05743184240573003,-0.28160088257508775,0.24251352730493278
0.18957695001712044,0.14716332318167055,0.02286063750436779,0.3397504384454458,0.40594241319221647,0.3797308450833395,0.2854086139005548,0.5055531731983608,0.14712981273167736,0.32032108074637994,0.6331155412999042,0.37177864412015016,0.5142672326061773,0.36064749221460474,0.332283550603414,0.31542959687331257,0.38313365767475455,0.36408134694101185,0.10141223559567893,0.47927761863899887,0.2511947002923,0.48052299343494076,0.5227323638972636,0.3350116074948645,0.43196741090359797,0.3046718773556303,0.34230330777178725,0.2325567363827667,0.5819199837063072,0.3229471784661476,0.19476359209254526,0.3001140511510423,0.1897990609806511,0.46289028904911217,0.40258504827988784,0.2572232441782968,0.5198408405368292,0.27885668454789875,0.4925358110230656,0.08452195896889994,0.2554932187494044,0.30891947847493223,0.3072746754434176,0.016459643557176423,0.14075669506440064,0.14346242650021043,0.3880184996801211,-0.07562087131864659,0.6322070511387762,0.13803830072622839,-0.2799007433899067,-0.2101816927575182,0.20081733015212289,0.0341205770766649,-0.07824571936922389,0.025598760845088168,-0.23863375541382692,0.06426237007836282,0.10778779410769138
0.20730164859800412,0.15488184933537352,0.1754707346878977,0.3526630294651616,0.5128931979796718,0.30209957812806215,0.3277344656841981,0.3563297643431329,0.18438428344690025,0.3094768391272424,0.37177864412015016,0.6780887649785509,0.3467303215471984,0.28515221417419634,0.2586245730425097,0.30573924080697923,0.2527889788453829,0.26871030066193785,0.04748065666217332,0.31048328318038837,0.19908285349514912,0.33156424138472773,0.4157555361159079,0.2804852617733677,0.3941335450167696,0.32631693160005537,0.31977252868907025,0.22183702743997175,0.34704363477405475,0.1877404510240748,0.13168040008700013,0.29589261640553843,0.17078496168637022,0.3726065407179095,0.30350982846005625,0.22358146017497177,0.4061343516038412,0.2612403097480061,0.35132229307475504,0.04088571164394765,0.2230070195539215,0.25690661139749305,0.2550646508837343,0.03201430545745433,0.09642063124536222,0.06950867669309213,0.26416974864935694,-0.030830383221406316,0.5373556169593177,0.09044090135804889,-0.2727588087572559,-0.008625599523320551,0.06002159450664914,0.056237638183050755,-0.0663953486080086,0.03379192664163688,-0.19904803543170405,0.09010281024530793,0.052034829770573485
0.2005177249815429,0.17645669598609162,0.13345099202231292,0.375818824302333,0.41622406934337375,0.44551631098113537,0.30133096371001933,0.429483985280413,0.17486784950295145,0.3739902622120397,0.5142672326061773,0.3467303215471984,0.8231435546284485,0.37868897458622264,0.21271265013032106,0.33089010553666076,0.34692898673406997,0.36124597715171536,0.07077668086945657,0.46079636698770815,0.2641553208874715,0.6662436738150608,0.535922020684211,0.3564257495873502,0.41430640218703907,0.2771830660702551,0.37737041708653646,0.22125937343384644,0.6928905339640611,0.31578404050037917,0.18975815739150106,0.3550862316820121,0.23943498214354506,0.4775497565922607,0.3396785489631188,0.3376443059506278,0.5147798285913913,0.2899325989217696,0.49106954874156145,0.09054983423744312,0.25971790928009225,0.3172666136282299,0.346584669146137,0.015832987680090786,0.08919725690590327,0.224703885502667,0.37761457187584346,-0.1713042987407951,0.5792611244496888,0.094652455632664,-0.2835214077740125,-0.3447341829349728,0.2006516658285911,0.0384030904937236,-0.001982483297901128,-0.03046173627311807,-0.2794573405229222,-0.15908800457139954,0.3738034429396713
0.17176597544547767,0.07718814761777316,0.024168292750822537,0.3114588252228457,0.3556701468014265,0.37018722388188163,0.20642793124397105,0.40511726321174474,0.1337465488179365,0.2765220468205131,0.36064749221460474,0.28515221417419634,0.37868897458622264,0.5705956245973008,0.26502653189734615,0.3095721101000903,0.2949953117927599,0.26428232632390913,0.14111813978050644,0.4867596438390873,0.24503712769945477,0.43638156815673773,0.3927369457116018,0.3043735280493025,0.3562948154132569,0.3862878002298217,0.28275892455945234,0.16397737383237942,0.4732537220421426,0.3067072485987927,0.18580884103680123,0.32961748259188134,0.15813650252058062,0.3714310473756147,0.31962855583288347,0.22054910290051397,0.42214612877057656,0.3148031462703983,0.2807359599605002,0.09185883348864544,0.29620047718704484,0.3052557606534468,0.3341553104603382,0.0300397453420092,0.10351695507657449,0.12146735198565232,0.33364430184671534,-0.03013039824201628,0.6377664978588595,0.23848808645509922,-0.2837090127147798,-0.20850875294156196,0.2158435329880314,0.00045491867792373994,-0.15244296419618578,0.004826387169240039,-0.2090624632587753,0.17381530515489152,0.08499655294822969
0.12870190731525852,0.22590369866672802,0.13789425412749548,0.20523969113948928,0.31406280202395687,0.28668646186846425,0.1502657646709651,0.22592746376007763,0.1452399434022801,0.12671791328893428,0.332283550603414,0.2586245730425097,0.21271265013032106,0.26502653189734615,0.7119224899521213,0.18955130022775318,0.277193764339979,0.3195002179002101,0.12451791628102908,0.3111975747928884,0.20051256420921315,0.1814635142197559,0.41826390375390926,0.23832928081964447,0.36453001025115134,0.22985630578566701,0.20619110007652341,0.2494413276059044,0.38547334224153623,0.19113140687198665,0.1573637469030523,0.17120924660724401,0.18133995104135647,0.32744007450908275,0.25237564418387964,0.1733969079886651,0.48732149516363044,0.12180008303601642,0.2960151169185565,-0.05328512568966264,0.2412441182031471,0.2077764101881291,0.14835452524050685,0.0010577323821367112,0.036049301448037474,0.10022099190674726,0.27167912849002895,-0.0032543504420560394,0.46829246109476563,0.5456719106605789,-0.2749044684415969,0.12460058662607129,-0.13498238995349074,0.022887483785502025,-0.11152038962127793,0.10813651094055497,-0.21519351932108294,0.17095114424851998,-0.050457270737017716
0.1512433666112744,0.03926425869112077,0.07653559945028961,0.2929926887741533,0.4335683447926487,0.233080872392513,0.2219965106349446,0.35204408123336284,0.12047561730934014,0.27665983865929306,0.31542959687331257,0.30573924080697923,0.33089010553666076,0.3095721101000903,0.18955130022775318,0.6629309967028253,0.2372048919705296,0.25651920221384056,0.12043798149653039,0.27386881315722805,0.15815680501933127,0.3464257236943867,0.3991435874267867,0.27372258546419453,0.3810010077553886,0.29118561133562365,0.28920120573294744,0.2406715601810263,0.3512169283613857,0.2761057110695801,0.14090222502422722,0.2767003403625518,0.13138811112484852,0.3614402855691883,0.4401523140585627,0.18689360460012464,0.39450854617484366,0.20764341415624937,0.3085292600101479,0.08527849329144817,0.2564505465806525,0.3021581999828346,0.27538523789604047,0.0596752537321088,0.06738110971032477,0.06088438169782291,0.29527800102041607,-0.011975350652638828,0.5435252961433031,0.1122759076531473,-0.3135373676071047,-0.042801086323662293,0.1618568572334439,0.03983998133870456,-0.02024956115121501,0.042360735008819685,-0.20062728590429932,0.03147431362048316,0.1278218612619982
0.15523433036084056,0.21220283182618888,0.2709337914949742,0.2621069657712561,0.17651279028517874,0.4895007378771523,0.308110821689488,0.30091105312194766,0.10634563034883181,0.2757325383555489,0.38313365767475455,0.2527889788453829,0.34692898673406997,0.2949953117927599,0.277193764339979,0.2372048919705296,0.794454534733956,0.3427075495698399,0.2003045854980923,0.45444442682118424,0.2722706512717994,0.5978715102882491,0.4145234014316839,0.33370744387412876,0.34045449359454705,0.2827298311108373,0.28053568194273115,0.2704775427017541,0.47674151876920506,0.25379627149613543,0.2803605053763597,0.2721015562326849,0.33099887383050935,0.3782788899970313,0.27518166952088013,0.2754663515813624,0.5983491876769567,0.33671492451800095,0.3433175010344351,0.01579432922582084,0.2677805364448619,0.29724265056026594,0.3714936647128318,0.025613716334256006,0.14934028741705238,0.24803185580103052,0.3509906984076617,-0.13546580851831738,0.48557865622023627,-0.04883769149425805,-0.11518726837933584,-0.3327431229937239,0.10319388764921861,0.006359748126688709,-0.06373823305632285,0.006195989176968016,-0.2022439791333328,0.08734375010874047,0.05446571949636903
0.16483156692245474,0.28129649393347783,0.16994046288865639,0.2997699780650622,0.3493902836919367,0.34757330058960917,0.25513269660825066,0.38045620969919,0.18292226595881458,0.2840218585407891,0.36408134694101185,0.26871030066193785,0.36124597715171536,0.26428232632390913,0.3195002179002101,0.25651920221384056,0.3427075495698399,0.772394237044645,0.0813930118135963,0.23946300120743377,0.26343270035850974,0.35995557665575667,0.5871695473671917,0.2314073013938735,0.309484061592136,0.30688730500738964,0.2081753237478166,0.21757718563324854,0.4964045286007226,0.1718683829240364,0.3492212259932336,0.24266963864393673,0.1373918872686655,0.44411083590521666,0.29048973401326617,0.24755868930834818,0.4457207561305117,0.22634725659882296,0.3749790010212562,0.056268571824184765,0.2251835024281627,0.2571616298749303,0.21516238693753004,0.009816087128998513,0.14447342994753368,0.19875848118552503,0.43455889679825405,-0.0843911155882642,0.4226484505158032,-0.13537267396942226,0.08969993341511392,-0.22085085610254532,-0.02317013331211881,0.0013066653245255944,-0.1219118068805622,0.059669165777625134,-0.17676435055106823,0.15658064984752568,-0.07659489430938024
0.008640746597440525,-0.20906812477101402,0.1402427652111983,0.05353521051723133,-0.05850086793180227,0.3789891811356506,-0.0035869528859353364,0.2437182764483815,-0.35373103164749714,0.1075698330730707,0.10141223559567893,0.04748065666217332,0.07077668086945657,0.14111813978050644,0.12451791628102908,0.12043798149653039,0.2003045854980923,0.0813930118135963,1.3269518785147474,0.359190378298486,0.16592476944046153,0.16585098381386282,-0.10156753509111231,0.1240004069684156,-0.021694165594005083,0.12570325156176346,0.059494912729360104,0.25694148823819135,0.13339650301183156,0.16461644882948384,0.2803361291506714,0.08686795435865186,0.19474695362940048,0.1061936412963551,0.1952590223441372,0.12093358850664167,0.28210786926361375,0.31254481254870464,0.02570752682024854,-0.04472291826915029,0.25990245987637284,0.17892683789182903,0.1673274474266725,-0.003163276909866546,0.07815149333421156,0.14905382816489107,0.09375903292515118,0.052795555925309094,0.26608958934178817,0.7759694480233948,-0.042044398993890765,0.07894420100802907,-0.31778824745474676,-0.16741131597781458,-0.17179845689490425,-0.025286780008223292,-0.11930141454081881,0.27801873300446994,-0.09093960325255906
0.077472952173403,0.08320558444125271,0.02905314668323088,0.3528418764243087,0.26994541408374123,0.6415605668456448,0.23304643135202427,0.5958879134078929,0.05659798162683815,0.47807039166350834,0.47927761863899887,0.31048328318038837,0.46079636698770815,0.4867596438390873,0.3111975747928884,0.27386881315722805,0.45444442682118424,0.23946300120743377,0.359190378298486,2.3506666166792716,0.1828263034053599,0.4851973893348673,0.6641547712316305,0.35681222044188815,0.5993626845709735,0.2576480381811297,0.5558644672450835,-0.004979673430594791,1.249642377087019,0.4729831852643356,-0.052980007668625255,0.26181402472346726,-0.31937376031783127,0.8278842181867869,0.628654540985678,0.2721541182206276,0.5540034440850272,0.22796810941388135,0.5753253545293052,0.2354253565391172,-0.07032051477760289,0.5634238226503282,0.45948786883008746,-0.013263895920561842,0.5826805711303475,0.21874623917314687,0.3804754888681426,-0.15342106134788647,0.49571528485079003,-0.1803917454276522,0.09914647175961099,-0.4199097859422342,0.5814093982923839,-0.014193364709222799,-0.18758750484105965,-0.01603520701180703,-0.29500676850672336,0.2530398311663741,0.07080371564421162
0.1320859583761273,0.0699385510548321,0.11793818139161515,0.24640468267522597,0.22687803591581399,0.33697660576996674,0.2151588258514179,0.25413172415861857,0.10438751641601192,0.16991769695624195,0.2511947002923,0.19908285349514912,0.2641553208874715,0.24503712769945477,0.20051256420921315,0.15815680501933127,0.2722706512717994,0.26343270035850974,0.16592476944046153,0.1828263034053599,0.6686075975101448,0.3850117592753438,0.2637485384413143,0.35861039708156783,0.19906658810033168,0.4001181694012421,0.17556848149675522,0.3022277835340493,0.1679436041770712,0.2614689189379677,0.3921846486824743,0.269730663409057,0.5223940930429787,0.16181909352248566,0.15192360696434434,0.20406379169352465,0.5559726334251806,0.519677787538443,0.33137552133257486,0.09639020834894212,0.37921317905995455,0.2995635824368691,0.4178265228623763,0.0684458720527006,0.2166269060684681,0.08104098521640445,0.3200702468504786,0.10704059043817173,0.7619644310243161,0.3338260158110689,-0.41837564150002987,-0.06715858622302613,0.02376177109129535,-0.04759148443356035,-0.0857789014539173,-0.022246329478400988,-0.24804069743932253,0.15585757550231036,0.08416516491766143
0.21108120562256158,0.16873095168962463,0.36398171630450527,0.42275366740325726,0.3740698116624623,0.6190596966384448,0.43791591380578826,0.41804289709975645,0.2114155773505848,0.43283228698372506,0.48052299343494076,0.33156424138472773,0.6662436738150608,0.43638156815673773,0.1814635142197559,0.3464257236943867,0.5978715102882491,0.35995557665575667,0.16585098381386282,0.4851973893348673,0.3850117592753438,2.3467020660776607,0.7721022653074847,0.5598139429761713,0.506728174090165,0.3863170512297765,0.46749497957674874,0.29360714019125733,0.7221671729159789,0.4917347200868089,0.22597380755407223,0.5633521402487567,0.5425402394880346,0.5100525314797187,0.208505770338682,0.7898096628823711,0.6069670086246964,0.5222609730175096,0.3592076479709188,0.05911805301954049,0.46289523294098783,0.40998093122477225,0.7881056834206277,0.06725061212037341,-0.18565853045642058,0.8802390040470409,0.46240370418637855,-0.8528139951291103,0.48923127625301277,-0.072324597568058,-0.33550279450946774,-0.4224157770208123,0.22594601412948156,-0.013401994841248542,-0.05317553725924347,-0.012730544492574094,-0.344851895728958,-0.0076760606845823484,0.21658939470164926
0.14234257304430512,-0.07217324868467728,0.20650028725265618,0.4639954006913523,0.5369417402484853,0.38844828605860854,0.3938562417890471,0.5205889975562339,0.3485488319894662,0.4142940100546159,0.5227323638972636,0.4157555361159079,0.535922020684211,0.3927369457116018,0.41826390375390926,0.3991435874267867,0.4145234014316839,0.5871695473671917,-0.10156753509111231,0.6641547712316305,0.2637485384413143,0.7721022653074847,2.105875961367375,0.6761061301392137,1.011261556702699,0.33401621214696076,0.4164275658563127,0.22967804411574294,0.7985244701886044,0.4579863510400756,-0.31597514700254853,0.3167203304612116,0.5345667525634922,0.6451932427781867,0.3991294312285942,0.4717063848025148,0.8235868641162616,0.031243747517828133,0.5046382629966139,-0.14479712639986214,0.5628793046713385,0.3928219818216252,0.28384374283760627,-0.05646412386743538,-0.4321475483924739,0.43997166936485976,0.5338675277040089,-0.21444679906640754,0.8603718633383534,-0.04155412948020686,-0.6837086425686416,-0.4796970074023266,0.6304003419499538,-0.01847279251789234,0.030176315942267707,0.020815073605938445,-0.3942581800134087,0.02220154223682829,0.2713581531931695
0.07361942293905278,-0.07581911482491976,0.11174646880723557,0.29476359168095373,0.27818368690539835,0.3386622636976744,0.26971339337357386,0.3338693108060247,0.1704419320340428,0.23459362376564874,0.3350116074948645,0.2804852617733677,0.3564257495873502,0.3043735280493025,0.23832928081964447,0.27372258546419453,0.33370744387412876,0.2314073013938735,0.1240004069684156,0.35681222044188815,0.35861039708156783,0.5598139429761713,0.6761061301392137,0.8340132800202145,0.5445081719022286,0.44170049090139885,0.2846083255175401,0.5174424798602869,0.16933452872982765,0.5862396755142532,0.24537299468668977,0.3470524783003722,0.8667663834659586,0.194528526628117,0.3996050506757286,0.2922304656137428,0.9229894723819944,0.5208261314202012,0.26425772750279486,-0.055455316652239586,0.5924421898041788,0.40834683501502844,0.48159961918473443,0.021353032221252413,-0.015142151828259969,0.148695735072908,0.43589113290589065,0.09175228978114636,1.0696236518415383,0.3279138572914474,-0.8076348182256805,-0.16631481109908464,0.2657526871192189,-0.05563307846078131,-0.050697284726954325,-0.0044141404743769114,-0.17598945411880115,0.02013252939886491,0.15015930007361256
0.15615079896827508,0.013822343979094369,0.1485621452135242,0.3423487534895006,0.3739491005772996,0.3354661457008778,0.2908883195212145,0.4849803908173112,0.21059086621614986,0.33010254561338703,0.43196741090359797,0.3941335450167696,0.41430640218703907,0.3562948154132569,0.36453001025115134,0.3810010077553886,0.34045449359454705,0.309484061592136,-0.021694165594005083,0.5993626845709735,0.19906658810033168,0.506728174090165,1.011261556702699,0.5445081719022286,1.5651669242440267,0.28180459235814526,0.4388249541860507,0.2648624163959404,0.7015057557459258,0.6178790884341911,-0.26584742727941496,0.27689117396460905,0.3098391190328583,0.6171041624251311,0.5509071603306521,0.3207897016902261,0.9017795919040329,0.2858157252911277,0.5836708328385388,-0.1087238091209224,0.4447537447357874,0.37542010345664817,0.3922721091970408,0.05728541958325593,0.023527191973731067,0.2527471290854843,0.5304040122633212,-0.07417985022645261,0.6709413205650921,0.1665481957599547,-0.7864090769530525,-0.18056487214556513,0.46222753425210367,-0.0047226869438727875,-0.04517297223324756,0.037723870494036485,-0.24079109378187466,0.10324257585558709,0.05380638049133484
0.15278730500813745,-0.22193988865468328,-0.05574501634660864,0.31389454237224157,0.3875767461176127,0.35268051555221613,0.24672796739825342,0.3783855152842703,0.2203443893819463,0.25619532743615786,0.3046718773556303,0.32631693160005537,0.2771830660702551,0.3862878002298217,0.22985630578566701,0.29118561133562365,0.2827298311108373,0.30688730500738964,0.12570325156176346,0.2576480381811297,0.4001181694012421,0.3863170512297765,0.33401621214696076,0.44170049090139885,0.28180459235814526,2.2436684007520538,0.35262190457095444,0.28777081458153836,-0.21421946364512892,0.04185625131244159,0.3156394327652727,0.5411480004570726,0.36857238542239257,0.20765281306814337,0.3278846641734574,0.03549765686897562,0.21528113750986969,0.6845392954692591,-0.7666178327981422,0.2617411557186381,0.8203335491303297,0.5846690088182188,0.8485600040534255,0.012428508298476448,-0.1672673407630032,-0.25396885883219295,0.22277703009613922,0.41791920485836875,1.4815943950963997,0.37059005041448023,-1.2549466849325845,-0.35702236064054066,0.06237027225054479,0.006091137225129404,-0.07101346413616504,0.027047496518884617,-0.257869148269286,0.23922565463376497,0.16339414113209313
0.15451469499747778,0.12730019917720053,0.08700128491268941,0.2556638673634533,0.29987018666561865,0.30892255766093385,0.23537062472743675,0.339589224690955,0.15364089612462273,0.31086106005090264,0.34230330777178725,0.31977252868907025,0.37737041708653646,0.28275892455945234,0.20619110007652341,0.28920120573294744,0.28053568194273115,0.2081753237478166,0.059494912729360104,0.5558644672450835,0.17556848149675522,0.46749497957674874,0.4164275658563127,0.2846083255175401,0.4388249541860507,0.35262190457095444,0.8293494842145247,0.1903101600109568,0.3751539294174808,0.31208443948997927,0.10335103894631495,0.29682417242358594,0.12729021225133563,0.3773101713731507,0.3217666870447199,0.2800579024669057,0.45157430371002527,0.31175993855519035,0.270856084120814,0.1404585529887338,0.20103401223218448,0.3115764846115702,0.6205929009791387,0.014303814711370067,0.24656352207531618,0.06373684516961248,0.2841879177973416,-0.05519522197810234,0.6080423533140998,0.012375371807831501,-0.29930560525362254,-0.11176875467833086,0.1747675218782448,0.033980245681727625,-0.011752202238038498,0.04926819499989284,-0.11920911651679619,-0.030002660199547768,0.12411635971501962
0.05122634679027419,0.030472034996028362,0.04532890106531303,0.08094712244132812,-0.012237148728072023,0.1697070375604469,0.13863613083104664,0.2934525687748108,0.03556943056484317,0.09745447231705007,0.2325567363827667,0.22183702743997175,0.22125937343384644,0.16397737383237942,0.2494413276059044,0.2406715601810263,0.2704775427017541,0.21757718563324854,0.25694148823819135,-0.004979673430594791,0.3022277835340493,0.29360714019125733,0.22967804411574294,0.5174424798602869,0.2648624163959404,0.28777081458153836,0.1903101600109568,1.7661269616449404,-0.06098402199438154,0.41030574097168643,0.5018719791808921,0.22320068725224784,1.1110973379935174,0.03511463195135368,1.1456681971832579,-0.08729666787793901,1.1424376874366442,0.2985230946820169,0.3173161876484452,-0.1792535203705449,0.34834446070732816,0.35742245329944333,0.42767617412322256,-5.876730216946409e-5,0.1250772314985742,-0.22736632271907928,0.3566296858591867,0.3037591712472483,1.2955422838064192,0.7971368961862395,-0.7767991421083953,0.7117262369360543,-1.0237361918482795,0.0971973487613034,0.0767517947679386,0.07772951484570098,-0.1990924240121473,0.02915451702979598,0.10468022345825916
0.10830513266380533,0.31255816623360455,0.12294816419551936,0.41683919711923617,0.3966264466102329,0.6826342329305501,0.29801634234152297,0.5621669834564317,0.08382350086727736,0.6126865426051334,0.5819199837063072,0.34704363477405475,0.6928905339640611,0.4732537220421426,0.38547334224153623,0.3512169283613857,0.47674151876920506,0.4964045286007226,0.13339650301183156,1.249642377087019,0.1679436041770712,0.7221671729159789,0.7985244701886044,0.16933452872982765,0.7015057557459258,-0.21421946364512892,0.3751539294174808,-0.06098402199438154,3.514480862066195,0.5639406801048291,-0.011911127997957517,0.3123098512784015,-0.6687953854458495,1.280629558224179,0.5619653583255263,0.5160119046801506,0.11247514039929835,-0.057856258261365964,1.1565211363338468,0.007054005704404239,-0.16214408607916386,0.2497801934145109,-0.11632826408725826,-0.06765315337727337,0.12368170783777359,0.42610956766555486,0.6002886420276584,-0.5631137624148753,0.7270036908637229,0.7694249958319881,-0.6736136792770745,-0.46071456900866803,0.03149840213465738,0.1756190662291415,-0.36577272136524414,-0.06934259544274235,-0.402138594176507,0.22780653620185656,0.14524538596844483
0.07506868977996752,-0.11099278979489025,-0.40780173459069796,0.18443288886866388,0.04316907149562297,0.2449304594999461,0.15392951733081287,0.403005664546398,0.01464870958922923,0.259036514433406,0.3229471784661476,0.1877404510240748,0.31578404050037917,0.3067072485987927,0.19113140687198665,0.2761057110695801,0.25379627149613543,0.1718683829240364,0.16461644882948384,0.4729831852643356,0.2614689189379677,0.4917347200868089,0.4579863510400756,0.5862396755142532,0.6178790884341911,0.04185625131244159,0.31208443948997927,0.41030574097168643,0.5639406801048291,2.197324479712299,0.3292390910450334,0.17889379536297276,0.2845999969313962,0.24532517186029296,0.8671079951104743,0.3309600880377069,1.005708663479286,0.6377253833921546,0.5978559497003585,-0.039245085662670084,0.8597463303651862,0.38403599502480207,0.7578116217804586,0.14438745347406523,0.3911525103863844,0.18609239079512396,0.9714426857687618,0.0917554797376281,1.440883024452866,0.5367306228987502,-0.8907649338425695,-0.4075483982679503,0.5193714313095875,-0.00869622825776128,-0.3277333441238747,-0.08271520429362755,-0.23763575522943006,0.5423423682411456,-0.1970900960352361
0.1033888701757326,0.1569812483852878,0.0778210647584284,0.12334212775550016,0.12370803113700976,0.2633230937293212,0.16390791141383873,0.19359564253761175,0.03794957693683118,0.1519454890577656,0.19476359209254526,0.13168040008700013,0.18975815739150106,0.18580884103680123,0.1573637469030523,0.14090222502422722,0.2803605053763597,0.3492212259932336,0.2803361291506714,-0.052980007668625255,0.3921846486824743,0.22597380755407223,-0.31597514700254853,0.24537299468668977,-0.26584742727941496,0.3156394327652727,0.10335103894631495,0.5018719791808921,-0.011911127997957517,0.3292390910450334,1.4816677784459704,0.257098604010369,0.44313562963385544,0.15033751718887853,0.3677096183180003,0.15302822728396698,0.628883537439777,0.7061885263814636,0.2988456803479837,0.09159304841046455,0.2241842904747353,0.2807243559110232,0.39897724299933424,0.09787737597745806,0.5514438471007727,-0.06281254898753406,0.3443967106923792,0.1448611026064388,0.6392066923395764,0.4919292660667396,-0.1743819611480876,0.08091151827814569,-0.3504681098794625,0.0003965730593883056,-0.08758951258007783,0.09734355617840412,0.040343820219088625,0.0019936125334194445,-0.20268268190196395
0.1473298607544609,0.100141884817011,0.09610923677201998,0.28210116651607553,0.359707512042261,0.33333000630399107,0.24754533081869987,0.2822068311199167,0.1542007962177418,0.28061841254709924,0.3001140511510423,0.29589261640553843,0.3550862316820121,0.32961748259188134,0.17120924660724401,0.2767003403625518,0.2721015562326849,0.24266963864393673,0.08686795435865186,0.26181402472346726,0.269730663409057,0.5633521402487567,0.3167203304612116,0.3470524783003722,0.27689117396460905,0.5411480004570726,0.29682417242358594,0.22320068725224784,0.3123098512784015,0.17889379536297276,0.257098604010369,0.5934207997430678,0.2427767904982891,0.28591968816241203,0.1682873732922597,0.24805803140695842,0.2268839236594527,0.4406691038960719,0.10448901082769602,0.10947119068043805,0.28010686980063154,0.30869946073036464,0.3996456103647751,0.03190750029344751,0.0880930829438764,0.10340623400385227,0.2539178185637193,-0.05897553978537528,0.6443200462863712,0.001133457133952893,-0.2644178702199442,-0.042726459959438495,-0.07099816229357192,0.020141299559125404,-0.16444709746210479,-0.015717741787086365,0.08153597477987418,-0.016049203176205593,-0.018159757575653638
0.13201597455660274,-0.21672026182142506,0.2547783641964651,0.2103148584359462,0.15701007523318752,0.17075348287238648,0.22173871358984512,0.09034546940565287,0.16080081627436202,-0.05821222061394621,0.1897990609806511,0.17078496168637022,0.23943498214354506,0.15813650252058062,0.18133995104135647,0.13138811112484852,0.33099887383050935,0.1373918872686655,0.19474695362940048,-0.31937376031783127,0.5223940930429787,0.5425402394880346,0.5345667525634922,0.8667663834659586,0.3098391190328583,0.36857238542239257,0.12729021225133563,1.1110973379935174,-0.6687953854458495,0.2845999969313962,0.44313562963385544,0.2427767904982891,2.6932100169907303,-0.4649402044516254,-0.09696730355212699,-0.07954946079863544,1.4462305915199278,0.5806555009966623,-0.11919462179751288,-0.3908856411097367,0.5587705773471433,0.39751073959708294,0.5685449687100927,-0.015988264904296882,-0.5671908588320821,-0.021620887923193315,0.2844141482235136,0.44931934079386043,1.5873951599728848,0.48700722981507855,-1.239864086859785,-0.11883147900144125,0.1797101046359187,-0.21014106379117506,0.3054882077661316,-0.028048246091379927,-0.27113361667607777,-0.1702969385859848,0.4239860715504117
-0.085385406859571,0.21529293393149243,0.2715891360867098,0.37171982686109384,0.4389424296656265,0.4818203925890567,0.2967862891112699,0.5733865024317217,0.17133247143202085,0.4746348523060862,0.46289028904911217,0.3726065407179095,0.4775497565922607,0.3714310473756147,0.32744007450908275,0.3614402855691883,0.3782788899970313,0.44411083590521666,0.1061936412963551,0.8278842181867869,0.16181909352248566,0.5100525314797187,0.6451932427781867,0.194528526628117,0.6171041624251311,0.20765281306814337,0.3773101713731507,0.03511463195135368,1.280629558224179,0.24532517186029296,0.15033751718887853,0.28591968816241203,-0.4649402044516254,1.6281214943792703,0.6952744581999497,0.48261333264162504,0.4754822742988327,-0.010581240853861102,0.8432115167967379,-0.10678391164569914,0.03173672476804725,0.33155600932032425,0.25234535901098015,0.0772598499707123,-0.2049176099535056,0.41254546399994135,0.48187128884682706,-0.34234475544127535,0.4481210725684034,-0.14756606563153069,-0.10673150385513919,-0.20699319266498026,0.2108261491264392,0.01693389178306139,-0.20957393192213547,0.0429249608371497,-0.2950852243826982,0.17723100707678763,0.10297588536109083
