0.9645025674377105,0.19678575996192801,0.15216269001543012,0.1834960803949918,0.36960302930305733,0.15649177580751247,0.2514198607503608,0.1725938582519423,0.1311364895001375,0.1756834800922321,0.16798844357217,0.1904746794649081,0.16972519843109532,0.15927003563373746,0.11955193761247464,0.13229186962793582,0.13908143847452892,0.14401241148485816,0.004264910931135032,0.06405694529192228,0.1317031397709493,0.17611322899384232,0.10235815713164359,0.04310938031165649,0.13577839891665697,0.12075529246767254,0.14556840254565112,0.025874173459444205,0.06039478288866189,0.06391584840408406,0.09409886674116824,0.13823497692626427,0.10532063852817702,-0.11217418216343168,-0.02290041974306249,0.10210845190815881,0.10780030406414394,0.19466522234120803,0.1030189095544302,0.11617878403047405,0.135863747723608,0.07947631663996214,0.11615216994969738,0.03121998034436479,0.16880737353529096,0.06456345617450042,0.09023776255059554,-0.029786972708692447,0.0716672736482589,-0.08608417706300495,-0.00586452509314531,0.01094241597572951,0.07159589333845005,0.002558784112170253,0.13190190472734006,0.026425334977321937,-0.016487353803455326,-0.08842924520005528,-0.027944889014949542
0.19678575996192801,2.300969457512059,0.22830403671725205,-0.023157311303786114,0.12916821010462246,0.4874994039301105,0.14180753843717758,-0.060748467878660055,0.21113289634286345,0.027105417389291703,0.13437857743184214,0.14846863806514587,0.1623939604081683,0.07266566116212247,0.2286382382706217,0.03133751358853625,0.20537316343224715,0.2641300735010106,-0.22465229731720052,0.06736797329348954,0.05431902095754831,0.1592669155359004,-0.08948420101656347,-0.08519848563089374,0.012847108852004631,-0.21616164030248247,0.12637792012744442,0.0002961778900743716,0.301716507088513,-0.12636837599673156,0.1589417182970467,0.11340948274042173,-0.22099548412567852,0.19912737988528095,-0.08062773718672951,0.17551810782328728,-0.04138364222271111,0.01809180394377657,0.273236951776248,0.114289065510718,-0.21818240354001733,-0.016809827128806454,-0.04919809819198038,0.04943628046402479,0.33398309229940004,0.1861177394742496,0.07121041006187054,-0.23775054923429942,-0.40725934439248496,-0.9711463808751463,1.2738800389912,0.342439102998098,-0.35140730464131914,0.011098612046014747,-0.3300558274134929,0.06066188929322655,0.093336419846448,0.05072189171634335,-0.1088395629708053
0.15216269001543012,0.22830403671725205,2.84134447657004,0.12217144283857617,0.05939448494480956,0.26191539144919346,0.17074365408621198,0.04868825392692129,0.16563096897907453,0.05285022622381004,0.02878661687575806,0.16869641828542542,0.11196726928756806,0.03737105335835319,0.1789551126853509,0.09188622834454423,0.2853629172171265,0.1682107609370866,0.1703957401914449,0.07249350901610835,0.09634915560052419,0.35871712227436675,0.21195377541602164,0.11812550562256152,0.17282494846269858,-0.06718138165324715,0.09007413247381103,0.08095874447165147,0.1513329784480456,-0.39998355489264986,0.09230163130932498,0.08826477255577814,0.23584472748421745,0.29276658769459446,-0.0383597427793287,0.475851171779102,0.39334387317281067,0.16893469789636428,0.12250032959237847,-0.9086272386464743,-0.014815474152719813,0.027800886972409854,-0.1103580661799526,-0.006621504476515308,0.029203702689269456,0.8306867578760133,-0.035196887930057055,-0.4906687039890045,-1.110264029275793,-0.12712325216294323,-0.01936364017719508,0.2573362963084469,-0.004316297184364674,-0.22992571266492962,-0.28862895624543033,0.009369722234334995,-0.03397225552000453,0.3381823495130365,-0.7204662729003144
0.1834960803949918,-0.023157311303786114,0.12217144283857617,0.8460202168524518,0.6462421635966227,0.39506906758535054,0.31926735464972406,0.4721962353446005,0.1739665132972179,0.34884390360118617,0.3720868874724656,0.3736806818201179,0.406179687054406,0.34715374085151873,0.22861437700432127,0.3149659931740741,0.29106782943162496,0.31443360430860307,0.05847880646950036,0.4135719967372125,0.2763218643341224,0.4705333469788291,0.530991657754945,0.3288896656708711,0.38602246107374955,0.34275276985439773,0.2732957837772551,0.10510806797775701,0.4869909945058167,0.23150714364870922,0.10449702102450652,0.27325953001627645,0.24986986748900417,0.42143862384688535,0.05832683873969985,0.2797993862733446,0.40047233789705056,0.3496671244495168,0.35990962131450754,0.059875888310136426,0.2738640828018195,0.27270924535501556,0.28226220367839794,0.04920241071010389,-0.009281705902252023,0.19583610994401535,0.30530269969251167,-0.05125233561205057,0.46498261313662237,0.19751732285070717,-0.3430609356988015,0.08445274489806173,0.12934637542097144,-0.11280046433359667,-0.0412337771430811,-0.09326567064586684,-0.3806499739269504,0.23877239195423874,0.15437496179043175
0.36960302930305733,0.12916821010462246,0.05939448494480956,0.6462421635966227,1.8506726818948107,0.17282235932724688,0.27144026265528864,0.5716933046779744,0.2755121218301116,0.3414269424447576,0.38453956203831174,0.49191762128970556,0.37469083782166274,0.35260192829657855,0.30534807731062275,0.40665364237479723,0.16242535039526582,0.3185518840609482,-0.0641395860537161,0.2816583597533283,0.2015762637662095,0.3367072108324781,0.5048735035726594,0.2621586578213291,0.36502381051591576,0.357931332896013,0.2957503454985206,-0.04504103453057057,0.3644134820172136,0.019982039966182343,0.10346805689964834,0.372417955318671,0.1335921822438489,0.42656795353539206,-0.238694173528879,0.2381138976107073,0.14641925063810127,0.41556392501152134,0.3058328157069675,0.1714921469971681,0.1554864822730958,0.2428415387756334,0.2666982388146842,0.0547480345995345,0.05702648630287381,0.0874985466390203,0.2322901337752877,-0.026610355864956102,0.437004356530459,-0.04495340608252715,-0.09013824518106829,0.3106997949798706,0.04365902926201596,-0.04593584156544932,-0.2835639272062686,0.02027513976397047,0.0014222268442036178,0.2402824904824974,-0.107260288217879
0.15649177580751247,0.4874994039301105,0.26191539144919346,0.39506906758535054,0.17282235932724688,1.2335919570235887,0.2684231422858885,0.21202609708441197,0.10955037989957758,0.2796962260634175,0.38169567023192186,0.29924828385765817,0.44519972031926225,0.3710594309992036,0.2757952482824611,0.23769777484730786,0.49232282368766667,0.343764373456585,0.364611426644927,0.6391308605649818,0.328713516174288,0.6327203018178312,0.3933664044225881,0.3413229421249893,0.3418318992235031,0.35649061346738414,0.3163785862408258,0.16768352593037952,0.7068620919672067,0.22937226065394842,0.2690009473577455,0.3484815622515183,0.1730804478457995,0.49436745991107145,0.1712504574055529,0.31758601274753473,0.5099695686349601,0.40615704558148474,0.34712280295279696,0.03373732490868494,0.2531706256401907,0.3165022803619213,0.36599549900141315,0.05069846394665371,0.15908038671444277,0.2189610891002406,0.36790080420367716,-0.14339335676222872,0.5780917901273036,0.1887699016352366,-0.25954349838090757,-0.1718211826527144,0.011448833052017172,0.005424582661898908,-0.2457409605827773,-0.0022985251097901696,-0.21327139662779476,0.22654638248486714,0.01296056378026569
0.2514198607503608,0.14180753843717758,0.17074365408621198,0.31926735464972406,0.27144026265528864,0.2684231422858885,0.6890878367227393,0.16095710881349723,0.22695983260019975,0.25620305154983275,0.2764852506507057,0.32991346098626256,0.28992044403587763,0.2046125256135564,0.1424658819564054,0.2157814350763797,0.30508211669563007,0.24662041806448615,-0.015188218543594336,0.23052161035563248,0.21829962471302156,0.4333113894595777,0.3931432480724781,0.26967505123200725,0.29674337133714845,0.2522041519207238,0.23734984434067652,0.13991330547444572,0.29686613935346223,0.14610064345611648,0.15278582217541967,0.24525956570469037,0.22871257173875473,0.2952835401085603,0.11782130033703705,0.2505777939075659,0.311934287712649,0.23049695649862625,0.2500305984792851,0.027164351989954177,0.17449766501233663,0.2093771872039345,0.21381639700549432,0.03263056416748218,0.021727037747855393,0.1464590297583499,0.1791205027786017,-0.0992697818006259,0.3813085824853155,-0.18359051451339034,-0.17925312580507305,-0.0709641258126024,0.11261506874601418,0.0008391463124135792,0.032916985032613005,0.061651557264564255,-0.11498337815340197,0.011669709939224414,-0.07484635613452073
0.1725938582519423,-0.060748467878660055,0.04868825392692129,0.4721962353446005,0.5716933046779744,0.21202609708441197,0.16095710881349723,1.299002428446633,0.051718577877488646,0.40611619960186646,0.5096512729840988,0.36526199451364005,0.4202697056561537,0.42290435013111244,0.2259453984853595,0.36094647868396196,0.30568184051158087,0.3911754550624931,0.25866695260384787,0.6057938526522875,0.24857766619526522,0.4198952994351819,0.5261934664123724,0.3378204625718989,0.49675585921622484,0.39252995985977324,0.3502860102484374,0.33766027104870694,0.5761122969561467,0.41948394240065306,0.19407966959954445,0.2859315223436614,0.10894687182252198,0.5893929949471653,0.6702514356932748,0.2151965719849094,0.526993155374778,0.3182905663130174,0.6253938940983211,0.031802271261249584,0.2865903046290917,0.337344674178346,0.31826709576614326,0.03505629907111004,0.10824904483858423,0.1701903998820585,0.48993544312559323,0.024805215498878923,0.8788152671055189,0.2266573965972955,-0.30242845778059974,0.13694981098301587,0.12321144044774116,-0.17484283653328717,-0.3026765311725747,0.012362837707727324,-0.22647883971689406,0.6537870015515896,-0.3298481539657193
0.1311364895001375,0.21113289634286345,0.16563096897907453,0.1739665132972179,0.2755121218301116,0.10955037989957758,0.22695983260019975,0.051718577877488646,0.7526342840025935,0.13743331976594164,0.14540157146563323,0.18693236285318438,0.19133419681210376,0.13906151400605393,0.15041921297026178,0.11074058553346743,0.11525403588431514,0.17478856676553892,-0.3447857281633016,0.07744106357289025,0.12171271015412685,0.2243383775289531,0.3581678463291852,0.18389263480521265,0.21972543571288503,0.21396659246366975,0.15306907141428283,0.027557090109610067,0.09270590499088949,0.01829782770876899,0.026410207362883947,0.14716456264635241,0.1841040485090083,0.17313770099836395,0.01778943799441928,0.1372689665298331,0.14341018079382586,0.0453873700724636,0.16109120975580374,0.022549903340431502,0.06273975865149659,0.11102536289914793,0.09293234911171906,0.019436096360969084,-0.0781805322935924,0.08761350258852929,0.12007812658714707,-0.07038566846011816,0.1954784743937583,-0.3835708195121848,-0.03791607110191448,-0.1567560169507965,0.2847485170144385,0.03491605976359566,0.08107074227499785,0.07792879628139529,-0.06472022317972999,-0.14319640901210734,0.0724739418981147
0.1756834800922321,0.027105417389291703,0.05285022622381004,0.34884390360118617,0.3414269424447576,0.2796962260634175,0.25620305154983275,0.40611619960186646,0.13743331976594164,1.0144439324571128,0.3231312688408638,0.31597137470614,0.3990809497114063,0.27940598612702094,0.13501146703901862,0.2770852000560717,0.29498148784523787,0.2875979036778436,0.12973414754071882,0.49250154056574263,0.20238221219518107,0.46282261309636774,0.4166908736559754,0.24018920459186077,0.327824626542892,0.248779446094209,0.3145208651702137,0.12188552520522716,0.6449898595645766,0.270076361197214,0.15954443583714448,0.27605344408799265,-0.03889263718566991,0.4832320322698692,0.3635854028170761,0.26945088390613586,0.258931811017319,0.2127657868563912,0.3911230417480062,0.1351381014678316,0.14934426027810158,0.2585108988474564,0.24685484137850913,0.03764516149258034,0.0975957960164395,0.13613945546907327,0.2948960766833919,-0.14820352108382095,0.44643484869318995,-0.03628204212985427,-0.09884972517100137,-0.354562228980208,0.17822143348265776,0.09212342596651583,0.08969871775265938,-0.005389875587217846,-0.11860953420464986,-0.2621183530574006,0.2651799777674979
0.16798844357217,0.13437857743184214,0.02878661687575806,0.3720868874724656,0.38453956203831174,0.38169567023192186,0.2764852506507057,0.5096512729840988,0.14540157146563323,0.3231312688408638,0.6405384406079231,0.3729893996153707,0.5233948162940556,0.37101562704341917,0.33171058999713854,0.3282397167570979,0.3971932445750266,0.3733052116974969,0.10860640145173386,0.4919141107183371,0.25798060140569684,0.5006394887818112,0.5360790415548143,0.34902290201851716,0.4449291641301739,0.3193604547288383,0.35259305583083994,0.2567556984479943,0.6177593108009275,0.33731257515580104,0.20224455682739814,0.31186793308793614,0.19965397704055848,0.4811357406562788,0.41670459483602357,0.2535625711120919,0.5071677711810862,0.2871300298221741,0.49256305532712835,0.05007159475812668,0.25308437302298015,0.3157995522647927,0.2878120953183887,0.0144949914929189,0.1146508642130077,0.12984215597324514,0.39258084770465784,-0.06329131738150952,0.7044070872811666,0.1940385289554611,-0.2990967074337499,-0.18145906363093495,0.18229591250391514,0.03033296143088575,-0.1865023009923029,0.03002948056147848,-0.22084714627167112,0.1885612083982239,0.006959032569069797
0.1904746794649081,0.14846863806514587,0.16869641828542542,0.3736806818201179,0.49191762128970556,0.29924828385765817,0.32991346098626256,0.36526199451364005,0.18693236285318438,0.31597137470614,0.3729893996153707,0.6813857127271211,0.3354633695140063,0.2912173156876388,0.25481314290489543,0.3131785581416855,0.26251212455807205,0.2731323659153724,0.04679538667850283,0.32323237916909375,0.19992871602517762,0.3387987351166395,0.41857548857341415,0.28484055538393704,0.406849706998271,0.327133832006907,0.3294070716473749,0.23761390458099982,0.3523764256537865,0.19110224304798928,0.1349570775223688,0.3026926891397312,0.16704198987255955,0.3817217188436142,0.31329769795795126,0.21416008967869857,0.3731243222520149,0.26085925633616897,0.346137094998916,0.02592461577328804,0.20300692969460027,0.25725533459725686,0.24714430883406394,0.03439272072701128,0.08192690977362738,0.055564531766452534,0.2638858943941223,-0.02210422157573617,0.5852855210504567,-0.01578075700662728,-0.24465964312936436,0.05602774300794802,0.04405082098519113,0.05048323502147955,-0.12122229398516043,0.05187920724142617,-0.16837362364352634,0.20171055441405647,-0.07972440607942897
0.16972519843109532,0.1623939604081683,0.11196726928756806,0.406179687054406,0.37469083782166274,0.44519972031926225,0.28992044403587763,0.4202697056561537,0.19133419681210376,0.3990809497114063,0.5233948162940556,0.3354633695140063,0.8424883396433187,0.3906586214900891,0.19918999345466687,0.3360264968742591,0.3571017289128984,0.3581789654962256,0.06982477281151865,0.48508755132811715,0.27404635726676213,0.6968248131064193,0.5555162005241343,0.37968900860377464,0.4259931559764023,0.29228221712009456,0.3874517225014047,0.24022208871341114,0.7444082062819518,0.33769221931611026,0.19207649722838468,0.365947434084657,0.246218419128923,0.4957269186210912,0.3567843875263348,0.33210772420340945,0.4966113658870752,0.301487738944709,0.49163767724388774,0.060561443459343625,0.26141448521642474,0.32524616287706376,0.3203499475926389,0.01272602530006609,0.05881714173093426,0.19541080659263121,0.37615823552688493,-0.15875561853755832,0.671402863075483,0.19336396485534252,-0.31400265942036254,-0.3457261223941536,0.1987861184075512,0.0429035188804064,-0.14957078012989639,-0.018524712476719666,-0.26334260460304304,-0.07193595930863668,0.3293144798448344
0.15927003563373746,0.07266566116212247,0.03737105335835319,0.34715374085151873,0.35260192829657855,0.3710594309992036,0.2046125256135564,0.42290435013111244,0.13906151400605393,0.27940598612702094,0.37101562704341917,0.2912173156876388,0.3906586214900891,0.578951132373281,0.255860596770168,0.31903220241367153,0.2992100470128811,0.27218057355802056,0.1372545055770211,0.48413033130354194,0.2476657617649689,0.45087640710138227,0.39469826017627285,0.3098510136422587,0.3600952275954982,0.399414982288355,0.29220452770176386,0.1812262127735972,0.49157696723950417,0.3079697656263039,0.19406116534972873,0.3432515317454712,0.15665147802366708,0.38379859361765967,0.319444347925443,0.2236646858003253,0.40716359327967977,0.3346728874484816,0.2912156948100062,0.07603104456419313,0.2954553216392318,0.30835306585719563,0.32381770014378286,0.029135998845858286,0.09978700164786668,0.11447823252691121,0.3350676312448914,-0.02208545210750039,0.6729248817791365,0.26830861169185055,-0.2873892212306982,-0.1508619246111007,0.1757316734438719,-0.008054151763620333,-0.23568158831400007,0.00895061098444047,-0.19025373912707724,0.28353654040095544,-0.017513149264040042
0.11955193761247464,0.2286382382706217,0.1789551126853509,0.22861437700432127,0.30534807731062275,0.2757952482824611,0.1424658819564054,0.2259453984853595,0.15041921297026178,0.13501146703901862,0.33171058999713854,0.25481314290489543,0.19918999345466687,0.255860596770168,0.7242849139842338,0.20947153440561056,0.2813722973941211,0.33321523357168936,0.10670474831846037,0.28652884127300027,0.19683254822309032,0.1735741394011894,0.42068734992715645,0.2389895250121763,0.3683982974555161,0.23857002790843235,0.2075979294378906,0.2657334704126496,0.3889127525061394,0.17493932556314357,0.16993772619118303,0.1754680095653918,0.17891085864040074,0.3363704857767302,0.25745216805439847,0.16299309018574165,0.4624352823120469,0.11807521313580481,0.29539518561265615,-0.09300002069153457,0.22838095645872325,0.20428614200050021,0.12276501297079279,0.0019262325249431627,0.019499008484879853,0.08812088907058022,0.267766116474879,0.012834700049563476,0.49256695684374563,0.4153288716236631,-0.2960051552672759,0.22903451889918824,-0.154981528517871,0.012582409273680657,-0.16305726120379416,0.11873948839383967,-0.1856158153440529,0.21766480215974998,-0.13658645493417226
0.13229186962793582,0.03133751358853625,0.09188622834454423,0.3149659931740741,0.40665364237479723,0.23769777484730786,0.2157814350763797,0.36094647868396196,0.11074058553346743,0.2770852000560717,0.3282397167570979,0.3131785581416855,0.3360264968742591,0.31903220241367153,0.20947153440561056,0.6804775370942735,0.25515305302870284,0.27751504297225105,0.13569223401587943,0.29550218622110597,0.1667961271827082,0.3652970075493696,0.4241286639932206,0.2878594069898769,0.4049329412967598,0.3068241855705734,0.302598032406333,0.2753948969732885,0.3879595725365911,0.29227593151501136,0.14956801516799925,0.2852541920252015,0.1365076685464963,0.38396095507810524,0.4751574257261752,0.18672724264770307,0.38978151069407674,0.2009617548668152,0.3129645087542245,0.044667979317810524,0.2513182516092481,0.310006211627526,0.24850588017133585,0.0559240681971742,0.04458170404856543,0.05618766118746122,0.30747363895209573,-0.0060443759767179065,0.6212232092589659,0.13629406460338914,-0.31609545171824915,-0.014857106646927869,0.14369839338243068,0.04149774920332392,-0.11513630415404262,0.06441106993841245,-0.1997452463791148,0.18806931025588733,-0.018489047313108246
0.13908143847452892,0.20537316343224715,0.2853629172171265,0.29106782943162496,0.16242535039526582,0.49232282368766667,0.30508211669563007,0.30568184051158087,0.11525403588431514,0.29498148784523787,0.3971932445750266,0.26251212455807205,0.3571017289128984,0.2992100470128811,0.2813722973941211,0.25515305302870284,0.8097935184466587,0.357722264934489,0.19611119604591915,0.4664090962426024,0.2786738997815732,0.6175407923008873,0.44024928766325666,0.34695744877259366,0.36287646188502454,0.29482259107266495,0.2950567785281255,0.28892564919421576,0.5239801159989352,0.25918914731506515,0.2864924171226125,0.28238234683083424,0.3293730761315782,0.40669676085944084,0.3079606409630096,0.27936472290736697,0.5831782531093529,0.3327303588236356,0.35792309521856613,-0.017831859500460793,0.25666918251070214,0.30117830249521876,0.33773097087268783,0.022473965205224756,0.12214222007016716,0.23409519262031164,0.355708230187935,-0.14048228762451012,0.5384494610024856,0.005395300702974466,-0.1337942259669729,-0.31491305705789885,0.11187671222996749,0.015090378143478838,-0.12140227977049291,0.022704660160865052,-0.19169855699578583,0.16420408278873594,-0.04421703324666383
0.14401241148485816,0.2641300735010106,0.1682107609370866,0.31443360430860307,0.3185518840609482,0.343764373456585,0.24662041806448615,0.3911754550624931,0.17478856676553892,0.2875979036778436,0.3733052116974969,0.2731323659153724,0.3581789654962256,0.27218057355802056,0.33321523357168936,0.27751504297225105,0.357722264934489,0.7948975500294753,0.10183430703215937,0.252122632780921,0.2700874295736594,0.3745633284271939,0.6003469006816153,0.23867891857427237,0.3250240564874701,0.3193772469296148,0.22169303037188348,0.24907670395246298,0.5237115287976231,0.1812119169637071,0.3710194416543053,0.250909984027513,0.13804813961049153,0.4627293596908245,0.32992295149140366,0.24270887691361503,0.44398717318267716,0.2253952428112965,0.3819511221064591,0.04158285974018695,0.2190580100117154,0.26581663210811535,0.21293355180196374,0.010485605169982603,0.13370216753212966,0.18750142809396755,0.44624446122306816,-0.08188691542568251,0.4831254386819731,-0.06000531330898786,0.08395556194611024,-0.1832142830215567,-0.05353140685472918,-0.0013174002300411697,-0.15604556932669747,0.08884207543880028,-0.15477652632706243,0.2672423932045654,-0.2196216445803287
0.004264910931135032,-0.22465229731720052,0.1703957401914449,0.05847880646950036,-0.0641395860537161,0.364611426644927,-0.015188218543594336,0.25866695260384787,-0.3447857281633016,0.12973414754071882,0.10860640145173386,0.04679538667850283,0.06982477281151865,0.1372545055770211,0.10670474831846037,0.13569223401587943,0.19611119604591915,0.10183430703215937,1.3372194461373093,0.3366191693966047,0.16119524114225403,0.16665157587738422,-0.11410408554634718,0.11209859852650139,-0.04445375427635458,0.1350599792260762,0.06418903577418261,0.2737682465175011,0.13695911126937313,0.14522563383192502,0.31414975964556396,0.10022468780774742,0.17996811139374555,0.10797435312089407,0.2173289644271787,0.13014237771008696,0.28985580321654547,0.31413215712926884,0.03342604606546395,-0.04782454910059323,0.2612514848914186,0.1797889434710703,0.17156069693746845,-0.0057670113581212625,0.0914903800335093,0.15576695550573988,0.09617385383326187,0.04786428457443598,0.2515385290988564,0.781847444913666,-0.05319177780799785,0.10431989691544322,-0.35919057027505,-0.18826867144755433,-0.15550996268027076,-0.005228520231057823,-0.08087786674372831,0.28978123100009356,-0.17683022014439886
0.06405694529192228,0.06736797329348954,0.07249350901610835,0.4135719967372125,0.2816583597533283,0.6391308605649818,0.23052161035563248,0.6057938526522875,0.07744106357289025,0.49250154056574263,0.4919141107183371,0.32323237916909375,0.48508755132811715,0.48413033130354194,0.28652884127300027,0.29550218622110597,0.4664090962426024,0.252122632780921,0.3366191693966047,2.3228832185836557,0.18067996169964168,0.5036549459367236,0.6771233210682185,0.36067039284405555,0.599846198528489,0.2977866893483174,0.5658747076223976,0.049591298425158276,1.2925688848470274,0.46308785611650877,-0.04433997186664878,0.2874302823393387,-0.2810634422142848,0.861332752108344,0.6315950479561901,0.2610679290837527,0.5341630402502623,0.2276160514091147,0.5683164096709629,0.16556791313855404,-0.08455715474037832,0.5681746278086547,0.43133240512611487,-0.019427202625003394,0.5246636906105796,0.19281994258685425,0.37379153852352826,-0.13594963172613467,0.5598883704303377,-0.1810442979766339,0.02940108612894326,-0.34280111099519517,0.5020941348045056,-0.018705204072033316,-0.28309933938572884,-0.03048909176641478,-0.28504252818381903,0.3295133798096566,0.011661898343485574
0.1317031397709493,0.05431902095754831,0.09634915560052419,0.2763218643341224,0.2015762637662095,0.328713516174288,0.21829962471302156,0.24857766619526522,0.12171271015412685,0.20238221219518107,0.25798060140569684,0.19992871602517762,0.27404635726676213,0.2476657617649689,0.19683254822309032,0.1667961271827082,0.2786738997815732,0.2700874295736594,0.16119524114225403,0.18067996169964168,0.6871864106319359,0.404857772247911,0.26387089927401264,0.35844849174897053,0.2068408664814018,0.4051824922966979,0.1931562384642577,0.30931661842779445,0.16063168345064086,0.2555376615217159,0.408008309249294,0.2852545881942535,0.5199390227773759,0.1636792795710463,0.15284772532165203,0.2319715910177567,0.5527313585873314,0.532765825386018,0.343163036388337,0.1515532897822744,0.39220915643332177,0.3095111903492145,0.45847937827252716,0.0714791833902411,0.21340979689783243,0.09264657677039044,0.30858731006521994,0.07743221972062628,0.678808222839625,0.36369222291828324,-0.3929954662064472,-0.05544075224013746,-0.004904963961147051,-0.04313007356017997,0.015090223148102336,0.0028334357616146295,-0.23244129312674075,0.07702338273942196,0.09537762470292187
0.17611322899384232,0.1592669155359004,0.35871712227436675,0.4705333469788291,0.3367072108324781,0.6327203018178312,0.4333113894595777,0.4198952994351819,0.2243383775289531,0.46282261309636774,0.5006394887818112,0.3387987351166395,0.6968248131064193,0.45087640710138227,0.1735741394011894,0.3652970075493696,0.6175407923008873,0.3745633284271939,0.16665157587738422,0.5036549459367236,0.404857772247911,2.3727138336525746,0.7815180370628949,0.5735279820581866,0.5218061650055296,0.409666054453102,0.48595711533720076,0.31990791675772734,0.8158588213694996,0.5096968108648039,0.2453039687719375,0.5797204459728766,0.5161433829889734,0.5562852672129711,0.25869967264224747,0.7858986103877929,0.5798603774315981,0.538717271047348,0.38938648745195603,0.020277029372402944,0.4479816662305957,0.41687691641269126,0.749753122301313,0.06270701061683612,-0.19491146652529448,0.8389582071517214,0.4672098169621789,-0.8464907746916439,0.5910573391961028,0.0594773289280235,-0.3623816247799517,-0.4231623352961131,0.2022051505558553,-0.0003742556803618136,-0.20316110504423218,0.01035486013921882,-0.3347240731879296,0.11764752305519817,0.09919553141487565
0.10235815713164359,-0.08948420101656347,0.21195377541602164,0.530991657754945,0.5048735035726594,0.3933664044225881,0.3931432480724781,0.5261934664123724,0.3581678463291852,0.4166908736559754,0.5360790415548143,0.41857548857341415,0.5555162005241343,0.39469826017627285,0.42068734992715645,0.4241286639932206,0.44024928766325666,0.6003469006816153,-0.11410408554634718,0.6771233210682185,0.26387089927401264,0.7815180370628949,2.1604201795504174,0.7266165017932388,1.0444812183354324,0.36513990051922274,0.42605663264000054,0.2943972924762464,0.8753340087878868,0.4650690352659553,-0.3138997348858882,0.3192513511862199,0.5775934766675955,0.6844001869969143,0.4239280800673788,0.42778741329034536,0.7661008153427203,0.0032094215889256735,0.5112132660237805,-0.22358823161899968,0.5302343351218891,0.3959929482449836,0.19999942848559116,-0.05835168485524551,-0.5366673079865252,0.38087648950340797,0.532315354201112,-0.1692429784838036,1.0606653126877497,-0.035180179724870086,-0.7193024792290748,-0.4010279801657444,0.6098970381316104,-0.022963046996455787,-0.10627404002765806,0.013898237006922581,-0.40942798385837287,0.18904528025160927,0.18093397027172697
0.04310938031165649,-0.08519848563089374,0.11812550562256152,0.3288896656708711,0.2621586578213291,0.3413229421249893,0.26967505123200725,0.3378204625718989,0.18389263480521265,0.24018920459186077,0.34902290201851716,0.28484055538393704,0.37968900860377464,0.3098510136422587,0.2389895250121763,0.2878594069898769,0.34695744877259366,0.23867891857427237,0.11209859852650139,0.36067039284405555,0.35844849174897053,0.5735279820581866,0.7266165017932388,0.885726824237179,0.5671863306520663,0.4659108911450086,0.288718473549334,0.5822205922829963,0.23774629577213272,0.577939677225561,0.2467164206452567,0.35724056476443483,0.9532134937603621,0.23134378376394946,0.4292169350612958,0.25146162325606913,0.8721183034912262,0.4469517055678496,0.23786989578682607,-0.14413283117691,0.5452275484483812,0.40553765479728315,0.40926183461144355,0.016775812339606424,-0.1870209516175357,0.10817985443094168,0.4260770956521814,0.11515570282384402,1.2631550221099608,0.32923172780632987,-0.8387592628229024,-0.13960706869494602,0.2704865984667012,-0.05899322976180669,-0.10495810691314891,-0.016947262398444723,-0.19122855613928036,0.09319938666120753,0.15470543254155436
0.13577839891665697,0.012847108852004631,0.17282494846269858,0.38602246107374955,0.36502381051591576,0.3418318992235031,0.29674337133714845,0.49675585921622484,0.21972543571288503,0.327824626542892,0.4449291641301739,0.406849706998271,0.4259931559764023,0.3600952275954982,0.3683982974555161,0.4049329412967598,0.36287646188502454,0.3250240564874701,-0.04445375427635458,0.599846198528489,0.2068408664814018,0.5218061650055296,1.0444812183354324,0.5671863306520663,1.6099630907359719,0.3129493625751121,0.4564924782347048,0.3057887630316123,0.7447706200446772,0.628071656343801,-0.2718996345586632,0.28780779597021305,0.33167647957046303,0.6525271678487837,0.5668124921795326,0.294465268005477,0.8646218198374872,0.2930950739298979,0.5895350705934242,-0.17505871321111538,0.4253197174193857,0.3830346663728682,0.35511962884311854,0.05842815842960887,-0.01995615453641809,0.20301410050878138,0.537045127670994,-0.03971644218717701,0.8081189323423349,-0.032044159567817275,-0.8354998331494066,-0.08505623792485778,0.4527394125878273,-0.00687532958333289,-0.17717053235251815,0.04247077613562856,-0.2437782549410398,0.2628701902028765,-0.07159626499442023
0.12075529246767254,-0.21616164030248247,-0.06718138165324715,0.34275276985439773,0.357931332896013,0.35649061346738414,0.2522041519207238,0.39252995985977324,0.21396659246366975,0.248779446094209,0.3193604547288383,0.327133832006907,0.29228221712009456,0.399414982288355,0.23857002790843235,0.3068241855705734,0.29482259107266495,0.3193772469296148,0.1350599792260762,0.2977866893483174,0.4051824922966979,0.409666054453102,0.36513990051922274,0.4659108911450086,0.3129493625751121,2.2149830474227716,0.3652590128670917,0.27536756598147605,-0.1579863609258393,0.04461460410085537,0.3189549594810625,0.5491057626808612,0.3720307777346654,0.250891484369669,0.3524199101943047,0.03381257080222305,0.1402161125941166,0.6962670697100991,-0.7446817167372985,0.2519450204690289,0.7844211181130357,0.5848229507992982,0.8193508114505604,0.01241570109241669,-0.18174889346463238,-0.2526716533899879,0.22131135508045122,0.39672460509260316,1.5056560014173757,0.4224491642119682,-1.161737015746283,-0.3289210046939586,0.13473049534137505,0.0026310929975969033,-0.20679135062254783,0.05243687891006865,-0.24346290906900772,0.3358644170879872,0.07481997419580824
0.14556840254565112,0.12637792012744442,0.09007413247381103,0.2732957837772551,0.2957503454985206,0.3163785862408258,0.23734984434067652,0.3502860102484374,0.15306907141428283,0.3145208651702137,0.35259305583083994,0.3294070716473749,0.3874517225014047,0.29220452770176386,0.2075979294378906,0.302598032406333,0.2950567785281255,0.22169303037188348,0.06418903577418261,0.5658747076223976,0.1931562384642577,0.48595711533720076,0.42605663264000054,0.288718473549334,0.4564924782347048,0.3652590128670917,0.8497120911591659,0.21028378387654942,0.40450990187423663,0.3205763635592388,0.10977496392775014,0.31261395219280197,0.12651593053126076,0.4011591137466924,0.34214231261428996,0.27962465522750746,0.43501223343717754,0.3234493392396482,0.27548993256505544,0.124670897336711,0.19302127172178268,0.31709310981215244,0.6202180742591388,0.012125091002561391,0.23194763693151682,0.055393149928484806,0.28838621289670063,-0.05689873579865326,0.6557660571864917,0.008768187799804017,-0.29919509664633753,-0.07635909136787154,0.151726350577208,0.03682155497317351,-0.09218054294916836,0.05155976812350299,-0.10370158542636108,0.08498395051653117,0.03588402939322695
0.025874173459444205,0.0002961778900743716,0.08095874447165147,0.10510806797775701,-0.04504103453057057,0.16768352593037952,0.13991330547444572,0.33766027104870694,0.027557090109610067,0.12188552520522716,0.2567556984479943,0.23761390458099982,0.24022208871341114,0.1812262127735972,0.2657334704126496,0.2753948969732885,0.28892564919421576,0.24907670395246298,0.2737682465175011,0.049591298425158276,0.30931661842779445,0.31990791675772734,0.2943972924762464,0.5822205922829963,0.3057887630316123,0.27536756598147605,0.21028378387654942,1.809325666798638,-0.0015353268772714986,0.4348747877463421,0.5404651615725307,0.2112678597903102,1.1412327127617343,0.08422103230558378,1.284673877957713,-0.09538408422495931,1.1681397694128657,0.2536611267731223,0.344408021899776,-0.2594314297466565,0.3281553517569072,0.3678798187004866,0.36082408519541626,-0.002352062688828805,0.039549262533626006,-0.21713641481453183,0.38809526614833273,0.3144892492245349,1.4585744918946006,0.7941192737495583,-0.8011889871247898,0.6856537470757007,-0.846403379873549,0.06371367900539157,0.028534593609372872,0.08267352666247761,-0.20950893398403717,0.12306733128816236,0.030715417597566658
0.06039478288866189,0.301716507088513,0.1513329784480456,0.4869909945058167,0.3644134820172136,0.7068620919672067,0.29686613935346223,0.5761122969561467,0.09270590499088949,0.6449898595645766,0.6177593108009275,0.3523764256537865,0.7444082062819518,0.49157696723950417,0.3889127525061394,0.3879595725365911,0.5239801159989352,0.5237115287976231,0.13695911126937313,1.2925688848470274,0.16063168345064086,0.8158588213694996,0.8753340087878868,0.23774629577213272,0.7447706200446772,-0.1579863609258393,0.40450990187423663,-0.0015353268772714986,3.62565008607105,0.5905671453626314,0.013297228797671739,0.32792995299799677,-0.6315572113968755,1.3294605851609378,0.6004616433245802,0.5336327566526674,0.10955008863144299,-0.038315597699005534,1.1664077242145825,-0.07496546768105466,-0.141326597531501,0.28321022944327445,-0.1694184376305798,-0.07457175193443405,0.0649209316650145,0.3981443670524973,0.6117634815569178,-0.5490257383444369,0.8821570209359418,0.691530921791217,-0.7350974676256268,-0.4556115101361338,0.02071099140518431,0.17431345838022702,-0.5594308968994441,-0.04864678817241354,-0.37880448234664577,0.40243180857071703,-0.04622517305189514
0.06391584840408406,-0.12636837599673156,-0.39998355489264986,0.23150714364870922,0.019982039966182343,0.22937226065394842,0.14610064345611648,0.41948394240065306,0.01829782770876899,0.270076361197214,0.33731257515580104,0.19110224304798928,0.33769221931611026,0.3079697656263039,0.17493932556314357,0.29227593151501136,0.25918914731506515,0.1812119169637071,0.14522563383192502,0.46308785611650877,0.2555376615217159,0.5096968108648039,0.4650690352659553,0.577939677225561,0.628071656343801,0.04461460410085537,0.3205763635592388,0.4348747877463421,0.5905671453626314,2.218999018125242,0.3220222681013867,0.17699931123201346,0.2952447281073036,0.267940611745333,0.8885732968433998,0.3525252787080277,1.019761086527629,0.6296149833409799,0.6185467500544723,-0.05670687488021495,0.8622337302436316,0.3852130889517561,0.7354979016285722,0.1455220737489936,0.34842516064701756,0.18062187762085963,0.9758198278326947,0.09155217088539881,1.4572911637202477,0.5044293839620725,-0.9160170668070029,-0.376643946888986,0.5023963438811005,-0.006354547718396192,-0.31349067829786265,-0.08634898940009178,-0.2784490000205672,0.527046629983491,-0.14996287550963266
0.09409886674116824,0.1589417182970467,0.09230163130932498,0.10449702102450652,0.10346805689964834,0.2690009473577455,0.15278582217541967,0.19407966959954445,0.026410207362883947,0.15954443583714448,0.20224455682739814,0.1349570775223688,0.19207649722838468,0.19406116534972873,0.16993772619118303,0.14956801516799925,0.2864924171226125,0.3710194416543053,0.31414975964556396,-0.04433997186664878,0.408008309249294,0.2453039687719375,-0.3138997348858882,0.2467164206452567,-0.2718996345586632,0.3189549594810625,0.10977496392775014,0.5404651615725307,0.013297228797671739,0.3220222681013867,1.517993558171335,0.26675701953101455,0.46117353033181047,0.1633770140080685,0.41722729126864777,0.15674363493615343,0.6382293870919405,0.6632125941731739,0.27636899379006596,0.059582820151363784,0.2033141217542606,0.2806711631801264,0.3855865089595833,0.09461236862709337,0.49545215295333983,-0.05412438543872233,0.34909973343511164,0.12990493869344436,0.695476405730567,0.5934903848523705,-0.15735538843004623,0.07628898954611432,-0.3857435705325522,-0.0008511061798288762,-0.05947550476455423,0.12703618651212975,0.05692971750513208,0.011707333887827272,-0.25642506809256665
0.13823497692626427,0.11340948274042173,0.08826477255577814,0.27325953001627645,0.372417955318671,0.3484815622515183,0.24525956570469037,0.2859315223436614,0.14716456264635241,0.27605344408799265,0.31186793308793614,0.3026926891397312,0.365947434084657,0.3432515317454712,0.1754680095653918,0.2852541920252015,0.28238234683083424,0.250909984027513,0.10022468780774742,0.2874302823393387,0.2852545881942535,0.5797204459728766,0.3192513511862199,0.35724056476443483,0.28780779597021305,0.5491057626808612,0.31261395219280197,0.2112678597903102,0.32792995299799677,0.17699931123201346,0.26675701953101455,0.6061129953584178,0.21641287756004027,0.2970409784781093,0.1720583258142861,0.25311088720987,0.21228050275575222,0.47744000493454647,0.11736527407060235,0.134734137829383,0.28319041973007597,0.317807247778039,0.4152331219280303,0.033818434313563094,0.11672868477879728,0.09457095378845594,0.2547495874403121,-0.06215519791923252,0.6607157500314716,0.06105337206163723,-0.23589895642873313,-0.0329363775171248,-0.061831905523329206,0.02560655585736133,-0.21671374646310215,-0.013224198578423673,0.11346088662058719,0.04937424035339095,-0.08430769530071525
0.10532063852817702,-0.22099548412567852,0.23584472748421745,0.24986986748900417,0.1335921822438489,0.1730804478457995,0.22871257173875473,0.10894687182252198,0.1841040485090083,-0.03889263718566991,0.19965397704055848,0.16704198987255955,0.246218419128923,0.15665147802366708,0.17891085864040074,0.1365076685464963,0.3293730761315782,0.13804813961049153,0.17996811139374555,-0.2810634422142848,0.5199390227773759,0.5161433829889734,0.5775934766675955,0.9532134937603621,0.33167647957046303,0.3720307777346654,0.12651593053126076,1.1412327127617343,-0.6315572113968755,0.2952447281073036,0.46117353033181047,0.21641287756004027,2.6657324271817076,-0.45732409871438306,-0.0643725400485033,-0.10262340220792798,1.41454901957888,0.5718250708354498,-0.09180984241448961,-0.4111202762221857,0.5458040348521053,0.39100411801688195,0.4736000057093623,-0.01769949542655967,-0.6057900626620307,-0.071562476820902,0.29068711544476045,0.4857863578430573,1.761349300250998,0.5957751742670143,-1.2311744949283492,-0.05943798187609107,0.21333390422539938,-0.2224758933112699,0.207371425540985,-0.02960335440786447,-0.2848759501086446,-0.0879382846775783,0.41970493092790523
-0.11217418216343168,0.19912737988528095,0.29276658769459446,0.42143862384688535,0.42656795353539206,0.49436745991107145,0.2952835401085603,0.5893929949471653,0.17313770099836395,0.4832320322698692,0.4811357406562788,0.3817217188436142,0.4957269186210912,0.38379859361765967,0.3363704857767302,0.38396095507810524,0.40669676085944084,0.4627293596908245,0.10797435312089407,0.861332752108344,0.1636792795710463,0.5562852672129711,0.6844001869969143,0.23134378376394946,0.6525271678487837,0.250891484369669,0.4011591137466924,0.08422103230558378,1.3294605851609378,0.267940611745333,0.1633770140080685,0.2970409784781093,-0.45732409871438306,1.6575595466518507,0.7090244905261485,0.4705815195464683,0.4678579751165004,0.017805753997094394,0.833379129245896,-0.16009729346682058,0.026728036876952563,0.3565045760166348,0.2591166262532858,0.07690151761731281,-0.20477701454225578,0.3812835756985758,0.5006469905798536,-0.320699808238135,0.5693717026259323,-0.1866955896404034,-0.15540504401971325,-0.18069333244340813,0.20245517231097884,0.010558793412704472,-0.34653350052438964,0.05743714156240851,-0.2758431506864559,0.3613700647838477,-0.08552638228027606
