0.6122236010589139,0.06646506665907001,0.21648428741789139,0.001070162968402286,0.10520001215106149,0.08607643998532233,0.1983950541170775,0.02374639915447819,0.03761858070205266,0.0870863610277016,0.06320172570322902,0.1105028635451872,0.03160185581648779,0.06981877845574577,0.08157768760826338,0.044652960761562846,0.0175579190836229,0.13064066491766027,0.07738307199671465,0.05485312869506266,0.03530965695880503,0.12462731511588061,0.03909895247852226,0.011456259613371855,0.07201778283296521,0.08160590536377522,0.06786652756212806,0.03143898912364968,0.02068117039348321,-0.007634766708553587,0.1229659056348767,0.043624402990193656,0.010142934863004499,-0.08554788012430165,0.033890722195899226,0.08067287894583598,-0.009946825314754755,0.03465248759143714,0.029239282887214908,0.022440511300528113,0.024357985421017928,0.021450624075460112,0.006646915813765838,0.018963437545355004,0.08366808797412431,0.10288171218426376,0.020013196060120562,-0.01214767400799908,-0.11604303892962355,0.04576673229063309,-0.015582489868375602,-0.02494819285340107,-0.016424115223305048,0.007191863656799956,0.08446942568031414,-0.07138365160421203,0.21830514085771757,0.3300232110532264,-0.5857761111388974
0.06646506665907001,2.1863662261760695,0.862094347703901,0.23788708797141134,-0.04998412509477893,0.2734473657578963,0.11315953772870826,0.39069960838246626,0.15127607612468755,0.28380690347733384,0.17269768048930448,0.2445725139161069,0.05201134845532132,0.08942197245959259,0.23438419292331117,0.1984790510404802,0.15342632725068828,0.33813914828759334,0.0884134217029735,0.3772375190809481,0.2935798278003418,0.17304048936808525,0.11129532989735223,0.13157826140650253,0.29148899139273143,0.12179134731281636,0.23631940725523012,0.1363392453273838,0.24248439946746392,0.06951975100341375,0.20509796760394602,0.07819491072796138,0.15927559345711703,0.22557166759866976,0.1814021341441962,0.3838812889326214,0.30709801740714093,0.2249034767053228,0.204781180776338,0.1283883676738135,0.15546271790785815,0.2441140131778685,0.07036604316556216,0.06838005087505862,0.5892994012003946,0.4191340641166419,0.3229438339990094,-0.03762520932371432,0.1193307670994228,-0.15126066189162132,0.09083856742107074,0.17242673881267376,0.08481245563051829,-0.24324823833159406,-0.28238187058376035,-0.21231434691371517,-0.47447659616973864,0.15774894223009672,0.5011627423628882
0.21648428741789139,0.862094347703901,1.9878986195685036,0.18440178490317521,-0.03982298861678019,0.42784729246822273,0.1767583089908732,0.4290777835037606,0.3730932567280638,0.5307684276573968,0.3259089036335261,0.3723854529266245,0.07487819024077919,0.1571943040938844,0.35453938737620677,0.12649459651911427,0.3259924138925535,0.22559150921628654,0.2489745308623704,0.3725143612349925,0.27169449044608673,0.2663169253679346,0.2587309846422863,0.23490442747866422,0.35326115185026685,0.30510392749251036,0.21930867736267565,0.16235651610960805,0.5846281011436818,-0.08051403536871576,0.07065647848063268,0.17180890832752213,0.21791693596004705,0.3903616358218008,0.22366549131516425,0.5899314363467972,0.5238310455424218,0.26489081591015207,0.10716562947269602,-0.03774007553008382,0.193370306410353,0.26024973945593116,-0.048791781229137986,0.09868733432921101,0.5801549092814166,0.5573058453468188,0.4512066797251504,-0.059380451504242926,0.4015545654106728,-0.13937854221453774,0.048853651152897616,0.23269817901471151,0.08319228077162703,-0.21739037801864108,-0.21073858246063987,-0.07521489314180185,-0.18962324048236448,-0.4818018269951495,0.6394127319084476
0.001070162968402286,0.23788708797141134,0.18440178490317521,0.9683537201546828,0.3505986157226308,0.3015619475946396,0.31168813487331515,0.2188513640043958,0.16091252458612876,0.06373544608218634,0.13816848208867358,0.17034895812289605,0.06493079772969737,0.21169604996214234,0.13392530275128797,0.2487947050639396,0.1284596439732972,6.184107515223698e-5,0.1798310132060684,0.17054108348928038,0.12485905551654443,0.0708902457665616,0.01722322928846201,0.1017863915961021,0.1700037321515956,0.1471374765988689,0.10105068418483015,0.013854777664386341,0.22867091799162131,0.06398569759789512,0.06767930328303214,0.15201312579599538,-0.008681295623401794,0.3106013735173103,0.1692116501248279,0.08210075926747995,0.21608629709392702,0.10685093591524397,0.21847485779480663,-0.040709230941481316,0.04477370887088586,0.12035227759714692,0.058049787538765836,0.05518047454274756,0.21599696305617908,0.0837829499134585,0.13605896771165582,-0.005559034982823054,-0.2284916077839778,0.08478412250146358,-0.1933122395167904,0.06439208339437706,0.11826706983804398,-0.10486872892857856,0.20866868226123408,-0.08353980070193347,-0.8028271549681414,0.6124712038432053,-0.023481925628746587
0.10520001215106149,-0.04998412509477893,-0.03982298861678019,0.3505986157226308,0.9284591031286036,-0.014736094346304043,0.24287471833204896,0.05053185255109607,0.09387457863614507,0.019396716047235443,0.042393726232454784,0.08552591034465523,0.05247427493410676,0.0997029643887712,0.0704860031443248,0.1726060830934888,0.04487730142498503,0.05198477010152266,0.26783489324115306,0.08365212673631144,0.05711108438301481,0.056914451283046064,0.028473630264914507,0.07364906690990954,0.06033239897451442,0.06908243896941176,0.06325520226737526,0.03137000543502608,0.05696452352276763,0.11754915912028484,0.10802555132968975,0.07989411801624138,-0.012868119120777675,0.24140289561362213,0.1306654656533333,0.11465570379541001,0.3046986243535137,0.0650774596256786,0.11463233541266436,0.019198735101982733,0.13845558342729966,0.09391650214902379,0.07764505049594088,0.0586065602558109,0.03130371086040263,0.06772966036544568,0.11406361451229206,-0.0009016819922581223,0.14264211646600639,0.16707044264299176,-0.14245059875543248,-0.17950663927459223,0.07782958613585839,0.0471400391780722,0.03489836432016597,0.020227136380124796,0.004154007631193868,-0.02969110773027096,-0.021314295259811947
0.08607643998532233,0.2734473657578963,0.42784729246822273,0.3015619475946396,-0.014736094346304043,1.1477887020094661,0.1838870426442466,0.2814633976800209,0.1493267638804996,0.0326087779812608,0.23234671186996236,0.1457147007029207,0.08377673921237837,0.1249622535834701,0.1615337056211795,0.2268577103976914,0.20201800622798394,0.13083664919457483,0.3291351646142876,0.248079396107572,0.13003439596905136,0.1871918062355374,0.06719162314670916,0.0931514985586551,0.2127311163666051,0.28280133093392845,0.17597547519480564,0.008623470636212745,0.46731405872060194,0.030091318690739985,0.06934092984923819,0.13033122214530427,-0.11935911154374705,0.24897567823824462,0.17972177729160566,0.15799007886359154,0.09686699671765288,0.12892420357436166,0.3141650425092389,0.03033497711638985,-0.09165440907511188,0.11025413129073713,0.2124739499927606,0.0788817941886147,0.31919116619912313,0.10267332204092174,-0.06129254725069209,-0.018257353275574803,-0.7481027547680396,0.3427512988978633,-0.43392898158569654,-0.08822614786178727,0.0894258931724252,-0.022718483537459398,0.09988309803713245,0.00731198149113564,-0.1697371993771934,0.36461515453428156,-0.37174965288748624
0.1983950541170775,0.11315953772870826,0.1767583089908732,0.31168813487331515,0.24287471833204896,0.1838870426442466,0.7070501733309357,0.04721288948910165,0.23460182924204662,0.10147028509421199,0.11633499941034178,0.21469080100931617,0.056193703828944085,0.013929317472842248,0.049781658804938796,0.1403903234507884,0.02382152844617993,0.1334482732109502,0.14289533202894292,0.09623243601567161,0.058930920514143656,0.11568067140913217,0.03902280032278399,0.057371099539680864,0.12375619701418697,0.1214805932510907,0.11190030873464368,0.036069206033892014,0.125334963950953,0.0391782830955639,0.0894755810476004,0.044472725082920495,0.004985328299271761,0.24150864921134357,0.14643188623110967,0.1332647664846108,0.1915543870942187,0.06502463020121121,0.1506262165867092,-0.029117123840484427,0.021216555030572827,0.052629503517164285,0.09191417625997511,0.03786069899799897,0.13287061879578976,0.06908480585262339,-0.008820720257962917,-0.007682459971044571,-0.35093568472591335,0.004529542303200694,-0.12994312921062823,0.07120806982131218,0.060723758256154704,-0.07933941630656631,0.1872428289766778,-0.0060133632552324835,-0.03029318394315196,0.20167729056262235,-0.4067232966449993
0.02374639915447819,0.39069960838246626,0.4290777835037606,0.2188513640043958,0.05053185255109607,0.2814633976800209,0.04721288948910165,1.0665824557889114,0.05766193122286639,0.13262585846281166,0.24352068693523146,0.17698412229860397,0.06792938334764885,0.2122996322060096,0.15039257747603166,0.28933430289473655,0.4716552474490099,0.19391628401529704,0.11674284339670708,0.3396301196243254,0.15088979575620906,0.24722402225298346,0.1380815187524762,0.11733517455290887,0.3342347580203292,0.20198233335519547,0.2154848682129544,-0.06766623760728592,0.3277251218253054,-0.017736807972474986,0.11811273714928305,0.08912408259509852,0.1411697205048216,0.26379545290936257,-0.026841166605199755,0.16446007117458084,0.21286023576419555,0.17433437536009305,0.3041289783179349,0.14634948401860404,0.05308535183715523,0.09939714568675037,0.155991650855259,0.04502185605346783,0.28974371832453016,0.2692642135583427,0.3347106864993976,-0.02499266619262135,0.3189958770221514,0.06379649990159063,0.00218471278044485,-0.06797762360878432,0.20778520931230912,-0.23049550182534267,-0.059017859738378746,-0.07267265284730876,-0.16015121621467704,0.6020214943730242,-0.29846783413096517
0.03761858070205266,0.15127607612468755,0.3730932567280638,0.16091252458612876,0.09387457863614507,0.1493267638804996,0.23460182924204662,0.05766193122286639,0.8594554727069541,0.1241243840819062,0.0953753789753128,0.11290948407067555,0.030074777491655554,0.13285938459212612,0.020041803836827705,0.14542031443715359,0.1383074708621177,0.0832684141348592,0.11604222455293918,0.13930477189720686,0.11949020119944459,0.036728511693113884,0.03096187741151008,0.14722232634962534,0.06958841132165414,0.16003099068991516,0.1136262543382996,0.11198816525386994,0.17980039268787523,0.12838792482012146,0.12151575379270606,0.13062578545296988,0.19941788890921017,0.10153715871788355,0.10585157991125678,0.17272322190904457,0.3103685158111788,0.11501122431182648,-0.004299471846537335,-0.0353490774065234,0.08067516068852762,0.10459954036022683,0.06096989376663451,0.020378942695525204,0.23331476921561553,0.17011017017976915,0.23810125107137087,-0.013611918995043609,0.5593646597266088,-0.1609600918979697,0.004640534801087847,0.17350500513470685,0.06659453188280717,-0.09155988883140556,0.021280525934890486,0.0763839770732859,-0.11848365233997646,-0.20785261091024343,0.20287920485460634
0.0870863610277016,0.28380690347733384,0.5307684276573968,0.06373544608218634,0.019396716047235443,0.0326087779812608,0.10147028509421199,0.13262585846281166,0.1241243840819062,0.6266014082688871,0.07908490913513055,0.12729731748277853,0.03283473881757703,0.056220219513750884,0.21788666718738495,0.046077632353056126,0.10323830309129176,0.1890005048230213,0.043417759305784585,0.03799768336356424,0.08309271487512256,0.07872682131219158,0.15988351204327322,0.08379854466073149,0.1443678953288958,0.08594926583475761,0.10252245239042651,0.07785508855302677,0.22283695815924817,0.016150432419154547,0.07216320259048702,0.06653936346003204,0.024793530618132997,0.2949112883051721,0.186909428067985,0.2774507512050396,0.3221481901923913,0.061865572028327445,0.08812983994312092,0.008290462093357279,0.17709352331292702,0.08322305216083231,-0.06949274292440802,0.056108413397011815,0.15480724090945439,0.24783457233208053,0.28196612294465595,-0.022093397993258802,0.2413015086564479,-0.06113855759049208,0.0857332110701934,0.03789317156423908,0.024949137559327293,-0.09272951710227394,-0.012426682089460747,-0.05895584641815179,0.008509059393625517,-0.19921432245991652,0.1363689307543924
0.06320172570322902,0.17269768048930448,0.3259089036335261,0.13816848208867358,0.042393726232454784,0.23234671186996236,0.11633499941034178,0.24352068693523146,0.0953753789753128,0.07908490913513055,0.33541229585840854,0.1663996646450692,0.07795239723133,0.12922493968387272,0.16379085291655568,0.15428915499304718,0.2739272436048579,0.08276674457529047,0.08227743752458296,0.257080411410109,0.13835229814668196,0.09858658953595688,0.07616042644197064,0.11118744858236723,0.15325410481407667,0.13932134373623487,0.14725343342388802,0.032504889201493734,0.22302718806381328,-0.0030761425744681484,0.07788747051860738,0.10986635881611281,0.10179662290558802,0.138494054630149,0.03356883373323645,0.1447998965401367,0.13945847294947722,0.13757185476732495,0.10876548804759187,0.05213498112925957,0.07255203813721695,0.12463621474896577,0.12108581961872103,0.02551236043168824,0.14740698358859938,0.18142840722131748,0.21992787805669206,-0.014166021570313707,0.28567304499473634,0.05487873699362337,-0.06053506342081223,-0.027011671968452527,0.07590561125063354,-0.03386553934160704,-0.02562273129634034,-0.002466842507745749,-0.11078519420293641,0.17187119098997214,-0.054287280473426715
0.1105028635451872,0.2445725139161069,0.3723854529266245,0.17034895812289605,0.08552591034465523,0.1457147007029207,0.21469080100931617,0.17698412229860397,0.11290948407067555,0.12729731748277853,0.1663996646450692,0.6197818924304033,0.05029870726732848,0.161188972022964,0.190866164223568,0.18275656966826906,0.1355209577557258,0.07745740913249073,0.0965880525835701,0.23541799322426923,0.09131097770391262,0.11810402182154683,0.13010331951913115,0.10626272279970592,0.26594974636730584,0.11626027877732671,0.1907526338394008,0.006145249276718338,0.16897005831839057,-0.09009531676082536,0.025242394080494068,0.18383173830699287,0.06635497831380918,0.16700430539593647,0.029767027230066655,0.24016970441676183,-0.04112973823185449,0.13697764708458654,-0.05194714518223171,0.05653130522229326,0.03554062757181545,0.08194082291742344,0.08953226659162639,-0.010412774648487175,0.032316789744964464,0.20697059580655552,0.17827066284466245,-0.025923313416292313,0.3167146827075058,-0.38360156770140713,0.004928015963506096,0.23585711411354712,0.09320868821409681,-0.009242160751350807,-0.0737521765004403,-0.053206685662205405,-0.10124449439250027,0.17789938822391704,0.0037511616418022735
0.03160185581648779,0.05201134845532132,0.07487819024077919,0.06493079772969737,0.05247427493410676,0.08377673921237837,0.056193703828944085,0.06792938334764885,0.030074777491655554,0.03283473881757703,0.07795239723133,0.05029870726732848,0.16792190950128227,0.05001490946104334,0.03354029373598468,0.060438165016181156,0.04925451465539452,0.05685126348632948,0.05006967910612823,0.05373518724525734,0.051272599050563354,0.12709966355179572,0.03371072153636979,0.03612821206666132,0.044661942349652414,0.08186245957810728,0.05112514379452516,0.01857075684086625,0.09364675550307425,0.0030884574969797267,0.03677251825956725,0.04505900266352703,0.02960285195113937,0.06155422117493609,0.03264313554514986,0.045330602483179536,0.014615031071421132,0.028317578414625486,0.1046387144367422,0.030620783870894137,0.029002576702195547,0.05008801250736975,0.04303402039190422,0.02665171853599307,8.811089627536085e-5,0.06515263461659618,0.06158351364930516,-0.0038276256415238612,0.07774944342233647,0.08480368808813889,-0.02470419843655871,-0.04975577964914536,0.005633475771012876,-0.011191969087930348,0.013902986481316458,-0.0029871879015315383,-0.014509910507654414,0.07522815614705947,-0.07137470156912608
0.06981877845574577,0.08942197245959259,0.1571943040938844,0.21169604996214234,0.0997029643887712,0.1249622535834701,0.013929317472842248,0.2122996322060096,0.13285938459212612,0.056220219513750884,0.12922493968387272,0.161188972022964,0.05001490946104334,0.5798259195232834,0.12496909138759714,0.24990105372506138,0.23653273545862688,0.01906945933466858,0.09880811067118288,0.24095534640766525,0.12442346282750943,0.17693483860885073,0.09367235421674538,0.14924286629987155,0.15866181806267918,0.11032026602564786,0.10729436634589977,0.013919159325911357,0.11606732182037723,-0.03209067909883326,0.13843852468313905,0.4271055590776727,0.0638506806791636,0.12018940069670787,-0.004343786179614706,0.11958251549232199,-0.0421637183364456,0.15093624995378208,0.007044663879054411,0.07909189786413116,0.11948986228825458,0.11052019388257874,0.021596429420690903,0.017782415544366086,0.031643850145209367,0.21076288840735785,0.3717319588302492,-0.017004488001577053,0.8560319105962547,-0.014962125721149713,0.0230374794761784,0.004896682048087117,0.02091076231895246,0.004272139382127597,-0.13971879159031345,-0.03144535093084594,-0.22543298242145782,0.280253103588992,0.08670230586301939
0.08157768760826338,0.23438419292331117,0.35453938737620677,0.13392530275128797,0.0704860031443248,0.1615337056211795,0.049781658804938796,0.15039257747603166,0.020041803836827705,0.21788666718738495,0.16379085291655568,0.190866164223568,0.03354029373598468,0.12496909138759714,1.1322946150743216,-0.03793059498246428,0.12011152949538093,0.19918576213026318,0.10170329442474338,0.22687501337510607,0.21708783024940045,-0.07778757885728195,0.08508991787177675,0.1419873117734245,0.2281042489825147,0.26514508892043465,0.1518663782294514,0.17294776913968662,0.23689049506507706,0.13214357061531776,0.2001615132723548,0.12295789480853553,0.07566397844963657,0.23017932171390343,0.1886509361316585,0.25892960655343095,0.3618628707907536,0.12143676770035199,0.23019801404345183,0.0585207803764259,0.16900710902893126,0.24922613114155098,0.2403872800705852,0.020309307764949023,0.43388741996519026,0.2609351778030634,0.25658594279601526,-0.018987872831307297,0.0196743551091842,0.09983225552079372,-0.05443758782264046,0.12350341938264961,-0.08732620112386258,-0.05446320056256016,0.06680948033208266,0.08296681596389928,-0.20955235842620099,0.14869413591668104,-0.1334560585674806
0.044652960761562846,0.1984790510404802,0.12649459651911427,0.2487947050639396,0.1726060830934888,0.2268577103976914,0.1403903234507884,0.28933430289473655,0.14542031443715359,0.046077632353056126,0.15428915499304718,0.18275656966826906,0.060438165016181156,0.24990105372506138,-0.03793059498246428,1.0241007643429323,0.22904739813976777,0.08551592168818552,0.16219153926176713,0.33340553713736276,0.10617948670269668,0.23243389047738588,0.059233320679155155,0.14685990122297188,0.2865262041014617,0.104794583441239,0.22336359774561632,0.026720230535000073,0.36780233488644337,0.14330404572838992,0.10047181609184662,0.1388601133673897,0.03415598409846698,0.2627004749917256,0.2436801667625764,0.11391868881905372,0.18594707498493768,0.18498777515570228,0.19438495163489167,0.171776011275939,0.1417169911797187,0.07466303599159631,0.3543827244227689,0.0037844992884205845,0.146489854781535,0.1845292275963235,0.29566402304623257,-0.00943933070795739,0.41413406279833875,-0.3074375061094345,-0.10255143556755096,0.1849561293523199,0.26758618350544894,-0.08486294798744204,0.03280084500227266,0.04262131608274843,-0.2417109332237674,0.4065286052330491,-0.17571720921210432
0.0175579190836229,0.15342632725068828,0.3259924138925535,0.1284596439732972,0.04487730142498503,0.20201800622798394,0.02382152844617993,0.4716552474490099,0.1383074708621177,0.10323830309129176,0.2739272436048579,0.1355209577557258,0.04925451465539452,0.23653273545862688,0.12011152949538093,0.22904739813976777,1.1430888962250139,0.044449959644177785,0.09337182191451364,0.4782372285428873,0.25778550626452396,0.05285710073846586,0.1634741859007875,0.2175896218342133,0.2595093372250696,-0.03292614452689088,0.2362183259283309,0.12423486854990722,0.26710544448824497,0.06994003224627625,0.12298933194677256,0.16386572734955449,0.3818040397613563,0.14854921021559958,-0.14039985163126956,0.23240744278553632,0.4356984321565087,0.2657965106035692,-0.014445475861858828,0.0682011400715661,0.21751963926295453,0.21866202003970814,0.22513394815197918,0.06573137787564733,0.1972613185434186,0.3691624155108497,0.6519507676849096,-0.021816049176554646,1.2543001917921168,0.25192302071941386,0.034878082310036224,-0.2446336720214911,-0.0658002117519155,-0.04486281093400049,-0.13724545207848357,0.004809796382888681,-0.1306921311545377,0.23443327644595477,0.06621365191029183
0.13064066491766027,0.33813914828759334,0.22559150921628654,6.184107515223698e-5,0.05198477010152266,0.13083664919457483,0.1334482732109502,0.19391628401529704,0.0832684141348592,0.1890005048230213,0.08276674457529047,0.07745740913249073,0.05685126348632948,0.01906945933466858,0.19918576213026318,0.08551592168818552,0.044449959644177785,0.751475590415174,0.06759498716034344,0.03954286096892452,0.1350661806621987,0.1738989377163173,0.37856958955071274,0.06489912883253875,0.13456263808353525,0.2630685703343785,-0.00838276600860583,0.05788634641243292,0.09654848593739894,0.029362920604734423,0.23666361238821804,0.008864142708991645,-0.0011100013544594345,0.16563430324326434,0.01669222280493271,0.28932871368213703,0.13904576546497233,0.025877290686507348,0.2661088980924992,0.11455824258088242,0.06919309842186785,0.10011652866345122,0.34277285134018803,0.07598840028456541,0.35339574214404995,0.22109661621439894,0.1571564138628966,-0.02639181715089106,0.06568478916588655,0.27645684074140836,0.1244697914981467,-0.16029648997505255,-0.2170523734741607,-0.12185536959413325,0.01891178370796306,0.030743952286698854,0.2375240667610661,0.2399666597303647,-0.5351926140524856
0.07738307199671465,0.0884134217029735,0.2489745308623704,0.1798310132060684,0.26783489324115306,0.3291351646142876,0.14289533202894292,0.11674284339670708,0.11604222455293918,0.043417759305784585,0.08227743752458296,0.0965880525835701,0.05006967910612823,0.09880811067118288,0.10170329442474338,0.16219153926176713,0.09337182191451364,0.06759498716034344,0.5679801335764688,0.13288931667722026,0.0961779157143441,0.16819017425735286,0.03275043080876595,0.0864179280411032,0.13137383757018636,0.12418561342611549,0.08733597626593093,0.11891293442991557,0.19139815567152407,0.07693644085467335,0.09395861606491271,0.13661763650140266,0.01621128267107004,0.15525437739457026,0.08914172649632379,0.12617797567471745,0.1378409523074014,0.09057315918719848,0.07685783251745931,0.044175590208450306,0.08436986290778732,0.09302413597137146,0.15542155954284292,0.016405112928641684,0.18032800870172946,0.14250309252414936,0.09279587560774301,-0.007782541818846306,-0.13689285860926315,-0.06646450958395819,0.019797681430840448,0.28995939210383664,-0.18706390791217023,-0.044583794676459086,-0.0014559459138293379,0.021430316926448784,-0.015765037815344114,0.03129065018151102,-0.07205020584623292
0.05485312869506266,0.3772375190809481,0.3725143612349925,0.17054108348928038,0.08365212673631144,0.248079396107572,0.09623243601567161,0.3396301196243254,0.13930477189720686,0.03799768336356424,0.257080411410109,0.23541799322426923,0.05373518724525734,0.24095534640766525,0.22687501337510607,0.33340553713736276,0.4782372285428873,0.03954286096892452,0.13288931667722026,1.1942381479747133,0.10357183114981387,0.09874750471554133,0.2428073878941169,0.24653729092834703,0.27550283754662697,0.24583613097725998,0.35368020443099407,0.08944353818144407,0.1915102058265539,0.34091685503321045,-0.010090051772332976,0.19998103846832418,0.21532576837329717,0.24146819961392268,-0.0011413932710531924,0.22360502535585694,0.5425360786540065,0.5262616112286638,0.07207190924683819,0.13004964268911928,0.17767713392662365,0.06212694990618669,0.8444771106971083,0.08459057487752383,0.34457861252922906,0.2937217570006723,0.36193786253213367,-0.02542395038621132,0.5319191461181821,-0.17413270749181295,-0.0957021892748061,0.20391702864570158,0.11241361070917219,-0.06809277008213904,-0.05267866145511223,-0.004229709797695251,-0.13361652660269252,0.052852419616345604,0.203781605391233
0.03530965695880503,0.2935798278003418,0.27169449044608673,0.12485905551654443,0.05711108438301481,0.13003439596905136,0.058930920514143656,0.15088979575620906,0.11949020119944459,0.08309271487512256,0.13835229814668196,0.09131097770391262,0.051272599050563354,0.12442346282750943,0.21708783024940045,0.10617948670269668,0.25778550626452396,0.1350661806621987,0.0961779157143441,0.10357183114981387,0.4460737400495661,0.08189515997462238,0.10293994638827723,0.14642673641998652,0.14926241449874342,0.0638136379078703,0.08456124936129239,0.1478925472852159,0.15164208020392442,0.13714413458368546,0.2330068640291033,0.08377963614199149,0.23370592460521872,0.03599354618490827,0.04264239850886834,0.2771935776179317,0.2715344493345637,0.09902952205552112,0.15088216794997988,0.13531947406783879,0.1998600031981393,0.4327034454005267,0.18322462847858803,0.02432263457542566,0.6002601267276853,0.32777355206650505,0.4710675551545197,-0.018694926537213056,0.7193006040630161,0.08435356589238426,0.02086708844595165,-0.026533587293504864,-0.00794663592778347,-0.07167570196926444,-0.12045843988632249,-0.0009505525826770777,-0.16660487083568304,0.08042644783916313,0.12266882107335823
0.12462731511588061,0.17304048936808525,0.2663169253679346,0.0708902457665616,0.056914451283046064,0.1871918062355374,0.11568067140913217,0.24722402225298346,0.036728511693113884,0.07872682131219158,0.09858658953595688,0.11810402182154683,0.12709966355179572,0.17693483860885073,-0.07778757885728195,0.23243389047738588,0.05285710073846586,0.1738989377163173,0.16819017425735286,0.09874750471554133,0.08189515997462238,2.301220039010507,0.3612658217275321,0.026853630924438477,0.21342358704260786,0.14594536166588037,0.10771588406562509,-0.22373153944842913,-0.36140337434173364,-0.40023786506472636,-0.025865178140355303,0.11168650990800473,-0.021439452723018223,0.06053743313030205,-0.25232375920285516,-0.030072066420552674,-0.10154821681699291,0.0104813300755586,0.15532877049910482,0.11923585843613223,-0.0447236973371246,0.10049692124456154,0.023240112604257977,0.10903146515343355,-0.046957467913255536,0.04598046520117612,0.16227144761405987,-0.0051282893366636035,0.7476232536918919,0.06378858847146976,0.057853567687988265,-0.17742021710937902,0.14011541008502768,-0.12176507683167044,-0.21410858765382604,-0.03466553934870566,0.051805539094376234,0.28903647833533674,-0.1494765740518962
0.03909895247852226,0.11129532989735223,0.2587309846422863,0.01722322928846201,0.028473630264914507,0.06719162314670916,0.03902280032278399,0.1380815187524762,0.03096187741151008,0.15988351204327322,0.07616042644197064,0.13010331951913115,0.03371072153636979,0.09367235421674538,0.08508991787177675,0.059233320679155155,0.1634741859007875,0.37856958955071274,0.03275043080876595,0.2428073878941169,0.10293994638827723,0.3612658217275321,1.3383948706093618,0.19347987101533778,0.28186564435903366,0.14047609236042963,0.08913649089779767,-0.21817834832813626,0.34203351606773963,0.17758993426497952,-0.3354232528418932,0.06257069206306395,0.11567423895260298,0.29376438990283843,-0.3470911937907042,0.665061670156225,0.21789743595384614,0.10088572182474273,0.004328772726383628,0.03677928045363225,0.13443680124901244,0.05552747196716941,0.38474457119841815,0.25299000322081344,-0.08628065436830255,0.26812377923507585,0.18387386482186455,-0.06878409027683877,0.8372219115029073,-0.1215208478762695,0.18439356938005472,-0.18033219789146646,0.10387130274839919,-0.08340325383348633,-0.23363894307405,-0.017393333640563287,0.08201443978532892,-0.19240446234728706,0.36458083987007095
0.011456259613371855,0.13157826140650253,0.23490442747866422,0.1017863915961021,0.07364906690990954,0.0931514985586551,0.057371099539680864,0.11733517455290887,0.14722232634962534,0.08379854466073149,0.11118744858236723,0.10626272279970592,0.03612821206666132,0.14924286629987155,0.1419873117734245,0.14685990122297188,0.2175896218342133,0.06489912883253875,0.0864179280411032,0.24653729092834703,0.14642673641998652,0.026853630924438477,0.19347987101533778,0.44996295458625757,0.17448662801084017,0.008698296362913163,0.15394909372561608,0.16503537584062683,0.1413636964241892,0.40695847009555025,0.02286883647302642,0.20392515062691835,0.3650487131071087,0.07350850288502372,0.020597064115741498,0.2960020994524715,0.35323008675340384,0.1731319932043031,0.05386476272475065,0.029255838044913687,0.19076773723690701,0.14747071226496697,0.21148591568532896,0.08490782039997526,0.1417470003540299,0.2717881839621069,0.2776159503695163,-0.024235590610886065,0.5820867381790041,-0.08964158827412569,-0.01902914089114031,0.08702723554888592,0.03380384150377002,-0.04719212141063496,-0.08876768888353403,0.03242203492911553,-0.06478447271961216,-0.22445632937860796,0.32582769366271
0.07201778283296521,0.29148899139273143,0.35326115185026685,0.1700037321515956,0.06033239897451442,0.2127311163666051,0.12375619701418697,0.3342347580203292,0.06958841132165414,0.1443678953288958,0.15325410481407667,0.26594974636730584,0.044661942349652414,0.15866181806267918,0.2281042489825147,0.2865262041014617,0.2595093372250696,0.13456263808353525,0.13137383757018636,0.27550283754662697,0.14926241449874342,0.21342358704260786,0.28186564435903366,0.17448662801084017,0.9758949152993426,0.10346510036935369,0.19829939964454088,-0.013526760091473912,0.42038660875037887,0.13533039359729268,0.03879657486141307,0.11187438024476018,0.10406712969153092,0.33780931970109906,0.1258275358327007,0.2944578021023474,0.23676970884704557,0.16852554789597748,0.13330978930627435,0.12574844242121846,0.12023046328658334,0.12128165562199524,0.298908616414147,0.01767813564411834,0.20033606977762677,0.35928652849877435,0.32027852037056653,-0.03536830384490957,0.32901186158228063,-0.571549868648747,0.03654573500553281,0.21624675273230673,0.3110113984657213,-0.11355967660675327,-0.027873011999466218,-0.033413259061130775,-0.1271185434083152,0.2202822199011922,-0.0542629353242494
0.08160590536377522,0.12179134731281636,0.30510392749251036,0.1471374765988689,0.06908243896941176,0.28280133093392845,0.1214805932510907,0.20198233335519547,0.16003099068991516,0.08594926583475761,0.13932134373623487,0.11626027877732671,0.08186245957810728,0.11032026602564786,0.26514508892043465,0.104794583441239,-0.03292614452689088,0.2630685703343785,0.12418561342611549,0.24583613097725998,0.0638136379078703,0.14594536166588037,0.14047609236042963,0.008698296362913163,0.10346510036935369,1.6549625135676291,0.15866557459543548,0.11005541663039385,0.4086853329665841,-0.3299419224121146,-0.1385248187032534,0.10235408777140753,0.06673825637125338,0.08824249547996431,0.031742305316835015,0.21155213725959143,-0.009293995717412455,0.07110697484068573,0.19306349429486364,0.07484743551289214,-0.3197951444548205,0.14048973645711552,0.31833623914761006,-0.006753436789618581,0.8935805729584446,-0.0034881777294040704,-0.1715938481022328,-0.031483440787057726,-0.9303722311674251,0.338277570806954,-0.017870850570518782,0.04126223269356728,-0.23695550061238344,-0.14793749658888178,0.015226696370619986,-0.05901571076640638,0.020385551866515212,0.01303635690382921,-0.0994448802002453
0.06786652756212806,0.23631940725523012,0.21930867736267565,0.10105068418483015,0.06325520226737526,0.17597547519480564,0.11190030873464368,0.2154848682129544,0.1136262543382996,0.10252245239042651,0.14725343342388802,0.1907526338394008,0.05112514379452516,0.10729436634589977,0.1518663782294514,0.22336359774561632,0.2362183259283309,-0.00838276600860583,0.08733597626593093,0.35368020443099407,0.08456124936129239,0.10771588406562509,0.08913649089779767,0.15394909372561608,0.19829939964454088,0.15866557459543548,0.6814583062797503,0.10678844900044188,0.20032005915598294,0.12150490568929664,0.021965195111409326,0.14026393421700217,0.1661136516798984,0.1548593992504827,0.15469808949748962,0.18681983504725636,0.24755290596588736,0.18292202341943484,0.08881802537914005,0.0772624554727306,0.1296788551172693,0.09641358216860317,0.3021713609650916,0.04919600095123816,0.12420157369849624,0.23384283176879997,0.20376944984969161,-0.014978139355845018,0.27724150698991146,-0.16066493510712912,-0.0911714005435091,0.15841879708762857,0.13028926337501362,-0.04769533974568422,0.06138352399077106,0.06613138760191427,-0.055166576497088296,0.2053857257635898,-0.19825043523670755
0.03143898912364968,0.1363392453273838,0.16235651610960805,0.013854777664386341,0.03137000543502608,0.008623470636212745,0.036069206033892014,-0.06766623760728592,0.11198816525386994,0.07785508855302677,0.032504889201493734,0.006145249276718338,0.01857075684086625,0.013919159325911357,0.17294776913968662,0.026720230535000073,0.12423486854990722,0.05788634641243292,0.11891293442991557,0.08944353818144407,0.1478925472852159,-0.22373153944842913,-0.21817834832813626,0.16503537584062683,-0.013526760091473912,0.11005541663039385,0.10678844900044188,1.1673162951758302,-0.2253321518678449,0.3996665690367275,0.3032864189475215,0.08274123460207687,0.3052541811064992,-0.07510688875414692,0.7540776767615199,0.298842863306794,0.35236204798083803,0.11453798788661593,0.1661899220653043,0.10280319746673729,0.2749669218667144,0.22639246724929882,0.12428855857445184,0.19613226594351094,0.43972754612404485,0.2641548122116023,0.1378465424768383,-0.0014707883883445035,0.030993087243838237,0.3224310691570434,-0.19280668053154554,0.8692888170897677,-1.0155551402142438,0.027913275702566243,0.028222353745137024,0.0018088801031431753,0.06770579096212576,-0.271734402639755,0.03351304858624214
0.02068117039348321,0.24248439946746392,0.5846281011436818,0.22867091799162131,0.05696452352276763,0.46731405872060194,0.125334963950953,0.3277251218253054,0.17980039268787523,0.22283695815924817,0.22302718806381328,0.16897005831839057,0.09364675550307425,0.11606732182037723,0.23689049506507706,0.36780233488644337,0.26710544448824497,0.09654848593739894,0.19139815567152407,0.1915102058265539,0.15164208020392442,-0.36140337434173364,0.34203351606773963,0.1413636964241892,0.42038660875037887,0.4086853329665841,0.20032005915598294,-0.2253321518678449,3.531155888965112,0.35869783027058544,-0.5774600823205217,0.056000629567358906,0.2913962204786863,0.6957698845660646,-0.18893260593809286,0.6004310141305226,0.5732627648597661,0.08431037302500853,0.08269055732661124,-0.09894062731508618,0.06537466189697194,0.05874886963594028,0.08487587411964664,-0.198799249589008,0.1125213431315664,0.286268747312501,0.4352932606842766,-0.0718974937226902,0.7006968601986598,-0.23175898611032905,0.0416999084854119,-0.22229345122655988,0.4518320236347903,-0.1303266398243607,0.1435280596446165,0.10397219219688948,-0.26138833655891947,0.04582492207917754,0.01699989748522268
-0.007634766708553587,0.06951975100341375,-0.08051403536871576,0.06398569759789512,0.11754915912028484,0.030091318690739985,0.0391782830955639,-0.017736807972474986,0.12838792482012146,0.016150432419154547,-0.0030761425744681484,-0.09009531676082536,0.0030884574969797267,-0.03209067909883326,0.13214357061531776,0.14330404572838992,0.06994003224627625,0.029362920604734423,0.07693644085467335,0.34091685503321045,0.13714413458368546,-0.40023786506472636,0.17758993426497952,0.40695847009555025,0.13533039359729268,-0.3299419224121146,0.12150490568929664,0.3996665690367275,0.35869783027058544,3.5623593660117554,-0.11398383077522374,-0.2710692691164741,0.17259060894850306,-0.1897172094438759,0.8627523762664923,0.6022106967145181,1.0896089385329601,0.23051187365048983,0.33777100251418457,0.12136551968592849,0.7830188972183733,0.20183330834989144,1.6242075235478182,0.24202119316009849,0.5907445258933556,0.4089371745477741,0.08750661450678282,-0.03814736511209621,-0.07629576471284513,-0.6149751856709208,0.15103038758807283,-0.4329223881625042,0.6031741318098812,0.037898805667695726,0.27183763791119225,0.07204541794930962,-0.048430103508737464,-0.4520133510280191,0.2646152397538561
0.1229659056348767,0.20509796760394602,0.07065647848063268,0.06767930328303214,0.10802555132968975,0.06934092984923819,0.0894755810476004,0.11811273714928305,0.12151575379270606,0.07216320259048702,0.07788747051860738,0.025242394080494068,0.03677251825956725,0.13843852468313905,0.2001615132723548,0.10047181609184662,0.12298933194677256,0.23666361238821804,0.09395861606491271,-0.010090051772332976,0.2330068640291033,-0.025865178140355303,-0.3354232528418932,0.02286883647302642,0.03879657486141307,-0.1385248187032534,0.021965195111409326,0.3032864189475215,-0.5774600823205217,-0.11398383077522374,2.0158985541901586,0.2361378332002461,-0.05597078502069424,-0.050409503400912346,0.513187008685207,0.2127381443188758,-0.6360867025900686,0.11127037585956427,0.4369620733348619,0.3186024481009175,0.21121338707684142,0.22210354973289964,-0.23680042157312717,-0.06970031978636118,0.1869232970917123,0.5486680603418844,0.40872533192134797,-0.022131031246079787,-0.13340330600976597,0.20191140412864556,-0.1406996416101986,0.24414797105915337,-0.2827055754165219,-0.029360759409294893,0.11798068175390546,0.010090672381723566,0.05127352929437575,0.5284379021790042,-0.7399127904405948
0.043624402990193656,0.07819491072796138,0.17180890832752213,0.15201312579599538,0.07989411801624138,0.13033122214530427,0.044472725082920495,0.08912408259509852,0.13062578545296988,0.06653936346003204,0.10986635881611281,0.18383173830699287,0.04505900266352703,0.4271055590776727,0.12295789480853553,0.1388601133673897,0.16386572734955449,0.008864142708991645,0.13661763650140266,0.19998103846832418,0.08377963614199149,0.11168650990800473,0.06257069206306395,0.20392515062691835,0.11187438024476018,0.10235408777140753,0.14026393421700217,0.08274123460207687,0.056000629567358906,-0.2710692691164741,0.2361378332002461,1.057484387879351,0.028337611901323573,0.22784561270309886,-0.10041969122515705,0.03837435418387402,-0.41958666100390185,0.16026265303230652,0.003437361538217286,0.02679595218152649,0.03141788205633732,0.05839524333594102,-0.1213543009482749,-0.02452845121951197,-0.17901000363151834,0.25739041401614815,0.42567390049438775,-0.020881629740611758,0.7372788817326908,0.04763695561316601,-0.05403104103034863,0.47388516042922163,-0.471873334169186,0.04333949977972401,-0.15609595340297364,0.010731340259645882,-0.12131136953711799,0.015629459454599662,0.17681307772805854
0.010142934863004499,0.15927559345711703,0.21791693596004705,-0.008681295623401794,-0.012868119120777675,-0.11935911154374705,0.004985328299271761,0.1411697205048216,0.19941788890921017,0.024793530618132997,0.10179662290558802,0.06635497831380918,0.02960285195113937,0.0638506806791636,0.07566397844963657,0.03415598409846698,0.3818040397613563,-0.0011100013544594345,0.01621128267107004,0.21532576837329717,0.23370592460521872,-0.021439452723018223,0.11567423895260298,0.3650487131071087,0.10406712969153092,0.06673825637125338,0.1661136516798984,0.3052541811064992,0.2913962204786863,0.17259060894850306,-0.05597078502069424,0.028337611901323573,2.113958083765714,-0.38897353702308407,-1.1042010688194575,0.05900124470760026,0.5282121314429382,0.199164235412431,-0.2587672143394192,-0.33127461764995964,-0.28398863397035706,0.21437311762333233,-0.12279493271323523,0.09570437003520951,0.0396622029549311,0.22903042183362804,0.5451649742204298,-0.010990234395876458,1.4854573323359184,0.04196170693219148,0.04079475415169477,0.08662744730555466,-0.030408541092975284,-0.23341361580500383,-0.15580511877371414,0.0180812556432808,0.054119935511696894,-0.33921670494798484,0.4838660571450045
