1.065956143876072,0.2384734147885799,0.3943071348611721,0.09864054229585754,0.11434116241127948,0.09286356028848529,0.14356261601531656,0.052086469089925,0.11610796358214946,0.10235175830295895,0.08501946849780034,0.11283990840974813,0.07072439145688937,0.09865126297541013,0.12061383413804835,0.10071700643473443,0.09587655394133673,0.11869036492700073,0.11604774895627522,0.0841496606984136,0.1169838452407719,0.14281423000565574,0.0456490922412331,0.03634077749331181,0.08744843267299082,0.013128028743352355,0.11913863554860435,0.16620615781798975,0.06526519921590855,0.10071271368499284,0.1158251336716457,0.09190484739972088,0.04030312573092582,-0.4594651735268897,0.16137380427017556,0.17710796923178268,0.04380526005779828,0.14371171891384574,0.18107154107018214,0.09246358741684195,0.15713454609480013,0.10348971310883577,0.19590042401106034,0.022202077404647167,0.34389533806446354,0.2505860190824816,0.1116791972176589,-0.05140455868046943,-0.01944559644198519,0.07901719012092219,-0.010720283549209743
0.2384734147885799,3.0710147252731823,1.2008942446831339,0.4241813019943472,0.4197034610044691,0.42886510405791106,0.5052554032608678,0.4437127707797053,0.5206653410586164,0.4143313735632521,0.4004951742133681,0.30830878005384943,0.3445719221199369,0.41511800781253133,0.6382086085518118,0.4802554636109305,0.493669289607738,0.686451512884519,0.47853559983188115,0.5579654243924569,0.7078720273301777,0.517403536717738,0.04101625393751011,0.34366026478259637,0.5456539078499675,0.573947638937665,0.6639644514930303,0.23162931023731226,0.785038058113585,0.14628920518961133,0.6859909607097406,0.5054689160221679,0.2713758126847743,0.6985951374318775,0.5836559267019648,0.6450482932956684,1.0189700776569954,0.5887613089405133,0.21983473099889245,0.1908514240464203,0.5964306092953928,0.6899542686930856,0.38855070129553004,0.038487391416935496,0.5290406736269865,0.478253969185097,0.46803233936492944,-0.1595568954655861,-0.2247528984875378,-0.1343429805542258,-0.056317961575022876
0.3943071348611721,1.2008942446831339,2.38158377507235,0.36410730501733807,0.3042805099931938,0.5832351782074104,0.28194919555952197,0.5982721844783663,0.5496615429264637,0.503446862412425,0.43943157409791733,0.3841485707757705,0.34810622184378776,0.46941623020035467,0.4598859610706152,0.4186453045943506,0.5223652741862299,0.5231841040038333,0.4839001163542505,0.42898520933902956,0.537684985608846,0.5797363467395774,0.2794106693960029,0.4004492667738268,0.5631683456987369,0.36985164525529746,0.4115235262273405,0.36723721806202037,0.7019190064009143,0.053029742315660426,0.49810558989005005,0.43903353037958937,0.3077583837036479,0.4731240812673595,0.7089465641975775,0.585462477361733,0.6771800117456156,0.7463870140633765,0.19229896048301104,-0.034724338533799075,0.4118705489882809,0.5356894888894864,0.4679614340417354,0.20403805177194514,0.6007853961893431,0.7101740579038125,0.38094151238907936,-0.20731479164541058,-0.46362531571391474,-0.08769764531515163,-0.024132664691211607
0.09864054229585754,0.4241813019943472,0.36410730501733807,1.1223392460762736,0.35945331434488376,0.27905881454462184,0.2381548449560957,0.315032845391009,0.13509263645966677,0.35720585705011004,0.22769249319143997,0.3423382675411441,0.19986259939894155,0.3081586588408999,0.24565527944822652,0.3430500523820969,0.22840149228415618,0.39920073547974033,0.29089435185605383,0.23512310412178342,0.2206688563500594,0.24014261521258481,0.21244418677589927,0.2302184802132284,0.30507684545036684,0.33470627372410705,0.12848300654637698,0.17582825484197995,0.3071486808886992,0.09342533852703529,0.3016690956832967,0.316285796819127,0.18385352225389515,0.48699731570821625,-0.024141865871707812,0.2093265116981212,0.3500136619550712,0.3024667466709404,0.2984707206131686,0.10532926439373946,0.20433344690831245,0.21898160717831955,0.15465888972349687,0.06815021195605048,0.12355964512687298,0.15790361075700549,0.2836970769206112,-0.038328929902522166,0.1483750170102969,-0.00913492470491519,-0.0663979545917618
0.11434116241127948,0.4197034610044691,0.3042805099931938,0.35945331434488376,0.9816666797651188,0.2801294869218481,0.3515379852531119,0.3624809025281389,0.31649175564943577,0.2800356408824108,0.29494428506253106,0.3586549200290805,0.2596371086631641,0.3650667365182412,0.341825094817521,0.40751684334825805,0.2927318751388199,0.362552677380579,0.5341532409533799,0.20569354791901998,0.2868676455182886,0.3313306919814062,0.1525487920569195,0.2413617552306913,0.2975825088331479,0.37528537447639865,0.0969321326450453,0.30051746772851146,0.3208166806257173,-0.056340326660553525,0.3404055649564824,0.3479157154195624,0.21802339202777338,0.731532653009692,0.01991578483503971,0.1634808738557557,0.44108560275203884,0.3639494890800118,0.21392253349251314,0.04974774119769398,0.21772938416858792,0.2767555954431041,0.11557031660958805,0.09085285165408069,-0.022540856391247414,0.04090445382327645,0.22668479211084605,0.01207917322244444,0.29322230815911665,-0.044501295961209615,-0.007542889734315106
0.09286356028848529,0.42886510405791106,0.5832351782074104,0.27905881454462184,0.2801294869218481,0.9654953398521305,0.21491042782667902,0.3486222224603945,0.4142867626520168,0.3824887581643947,0.38220187421714286,0.34168905995508037,0.26094968000518426,0.5024135711915909,0.44950165051386154,0.3735712904730199,0.485115220175551,0.3784520373186319,0.5605831188768331,0.4116817004861203,0.49234628831099686,0.45045760408029956,0.16877395491234778,0.34202150366392886,0.3318765651474169,0.5244557654007114,0.32650915105636347,0.5296407587784893,0.3886137713871777,0.10561697335618236,0.44473380635196164,0.42415256033734994,0.2287942552897859,0.5465004595830113,0.27365787916271495,0.2645999715492765,0.4756858979802995,0.4263592420716033,0.35228449039779336,0.13602544705174158,0.25894927732161355,0.463552317781202,0.3156121737474625,0.1689740692849318,0.24417823984031428,0.1169315542914664,0.30996651366361405,0.01257633658720624,0.4381632457341845,-0.002476117371975069,0.007707583267398117
0.14356261601531656,0.5052554032608678,0.28194919555952197,0.2381548449560957,0.3515379852531119,0.21491042782667902,0.9040291615228903,0.10160393684431548,0.3938390973354606,0.20556140910812645,0.3018016456392714,0.35907662717250877,0.2349759739467757,0.32164370683573734,0.2899043023100625,0.36259626198790335,0.3339942235549707,0.34863738750140416,0.31598190002674903,0.3614929281673197,0.4342047218682752,0.39098837812731235,0.3324124702481113,0.31843635540807175,0.3450108969167526,0.3489842253499197,0.30544359558906203,0.12859306677408322,0.3690356026030325,0.18462500854994712,0.2859933030758188,0.35555362103086385,0.28271478713437886,0.5956220891625225,0.15620486830948516,0.2931226885022526,0.5051477414624753,0.31025239973319096,0.27587978065497865,0.16732623161436433,0.3395710326420393,0.4214203386188997,0.20493403991708536,0.055325003042438356,0.07833705713383407,0.09163043740915724,0.3288367829822165,0.013514310427724309,0.4673022602302086,-0.036427091491336584,-0.010625136442170148
0.052086469089925,0.4437127707797053,0.5982721844783663,0.315032845391009,0.3624809025281389,0.3486222224603945,0.10160393684431548,0.9677365230605094,0.16665792628114415,0.3666953323117392,0.3245185456031458,0.19909565777274035,0.3020262867098126,0.42045914146788205,0.2091241315944804,0.315050881747571,0.31358035327728256,0.2668869343118867,0.33181601159312474,0.29842889200184997,0.20641985107061767,0.2781940239422886,0.18074174984657373,0.2570118938063341,0.38327264988027937,0.2885744647772408,0.34614320157667583,0.36430949496957343,0.3250927854644217,0.18362913506055234,0.25299738182621834,0.25968057595811334,0.21236001168591817,0.4532356284609179,0.3830724985643899,0.21021905703133575,0.44365488067615677,0.3700012213006849,0.21680248184095421,0.0562616309568534,0.2547039985852772,0.22497645380091408,0.2982942500165334,0.11420724465448961,0.18311907817729992,0.10595107486278248,0.2618587834802181,0.016636436543061576,0.2640158539078734,0.017030215217736257,-0.018914183815228313
0.11610796358214946,0.5206653410586164,0.5496615429264637,0.13509263645966677,0.31649175564943577,0.4142867626520168,0.3938390973354606,0.16665792628114415,1.1387624042610829,0.19361046446818134,0.2792060556874593,0.22638843912906084,0.2728491053038786,0.4061847952403288,0.3059524951869011,0.29580819000756664,0.38262882133332343,0.3052753591102831,0.3829689060466348,0.3772250553299305,0.4201245276247357,0.6417503372382216,0.3471246936895258,0.3761408248526156,0.30813462991607576,0.42002689073471855,0.4798506726005223,0.40001679423112485,0.2506999281655213,0.3105282697474616,0.3848976824481649,0.3810658505240947,0.4404124738252761,0.20664428436535645,0.26007822680198334,0.37318715730037755,0.4748750290800331,0.417023918395844,0.34985057830183625,0.12746721363127872,0.2956213376985809,0.40167837881487384,0.36356178100282166,0.08866696055619606,0.25840969833768257,0.20219577019527465,0.3500448374166745,-0.07979662440967038,0.5511756685055172,0.01640403964236781,0.0023004806558133083
0.10235175830295895,0.4143313735632521,0.503446862412425,0.35720585705011004,0.2800356408824108,0.3824887581643947,0.20556140910812645,0.3666953323117392,0.19361046446818134,0.5728090597937487,0.32017632206104313,0.3010375280110965,0.26781535796322914,0.34090409069699606,0.30657645249462606,0.2951708906872306,0.3203133401750844,0.3290395538288535,0.3181431309438746,0.25214094035971313,0.277378214577961,0.27833289090824204,0.22775531858132617,0.2577725131993936,0.3289975491129134,0.29484886503521457,0.27931414481360795,0.24346383542243272,0.37060189609458605,0.13035589665117395,0.2783827040886352,0.2854804847945178,0.18306329247596892,0.512641304578501,0.28403623419896046,0.24826647685076778,0.412528950731142,0.32018220949897475,0.21008602192316028,0.07447372681366468,0.24593508184879864,0.281780194723996,0.2059965861972105,0.08619831092539272,0.13702361209267444,0.11474571906221825,0.2806540460826033,-0.004806657917879505,0.19082920898510466,-0.06708808089143094,0.0011314578620875426
0.08501946849780034,0.4004951742133681,0.43943157409791733,0.22769249319143997,0.29494428506253106,0.38220187421714286,0.3018016456392714,0.3245185456031458,0.2792060556874593,0.32017632206104313,0.5472292497456821,0.4645438238334731,0.26397160171463824,0.3242403300631006,0.35703471157285266,0.3167269022714989,0.37968636516334836,0.304792030186141,0.3187899810726947,0.34402188706955805,0.3492739304679634,0.3100071473680882,0.26258947953773537,0.30282841299150376,0.36382678054833123,0.346096352023238,0.3388962078373198,0.3147585053299643,0.34792091759845284,0.16044552952740587,0.2904802274659315,0.3312755252820945,0.24274580098851997,0.47100143071874007,0.3915494499894671,0.25836575461363964,0.4347555858645916,0.3191571817570967,0.24718129983955062,0.12385405340880716,0.26824163908815074,0.35006896512138375,0.25376152199255886,0.09075979199340464,0.17579045363989737,0.08767492650153653,0.286056819002945,0.02569560241378413,0.302778819269515,-0.04348876102673506,0.01296844036474024
0.11283990840974813,0.30830878005384943,0.3841485707757705,0.3423382675411441,0.3586549200290805,0.34168905995508037,0.35907662717250877,0.19909565777274035,0.22638843912906084,0.3010375280110965,0.4645438238334731,1.2273869355880318,0.20775208878587925,0.3237437028090374,0.26692903230953946,0.3353772474922144,0.2742792234514742,0.32078184503158536,0.3223111845696192,0.3128199792527574,0.29253249540962595,0.27386912771793787,0.40620896540151347,0.3180489153824,0.4868511302895997,0.2137990539221075,0.3597122807141679,0.14967280603908137,0.39510376772373157,0.21579036849366295,0.1108173067831197,0.3976448305539726,0.21412661193550397,0.4549536042892788,0.33131637685057846,0.19711489338190644,0.3982109754895071,0.28304099613090433,0.3761393770638948,0.1309087419557415,0.23503584014865078,0.29460734067502686,0.2531993909266133,0.10544964200356602,0.14027354656959948,0.02108526744396821,0.31759797347170166,0.0859246291353777,0.6102767514991617,-0.042260661922607204,0.028919585394229796
0.07072439145688937,0.3445719221199369,0.34810622184378776,0.19986259939894155,0.2596371086631641,0.26094968000518426,0.2349759739467757,0.3020262867098126,0.2728491053038786,0.26781535796322914,0.26397160171463824,0.20775208878587925,0.403927420931415,0.266698497934371,0.1723589194393274,0.28528210618879996,0.23874445216098367,0.24821628699456982,0.2582463580829202,0.23155134061736216,0.23078881036152293,0.3058417673456515,0.21894347251971077,0.23738446771592978,0.26860377440188177,0.22375159773510261,0.22938917277267537,0.18155500137909744,0.3214285008997335,0.13624782098266522,0.21860221623842555,0.27259274266864647,0.18786595025645694,0.34373804516985373,0.2846403839004129,0.23135559040608258,0.31427783342215343,0.25982128143278255,0.22908126168369855,0.11220180084765873,0.2017454649060398,0.235935280972407,0.19110237331181382,0.06583488411442534,0.1443175265544605,0.12009790917621989,0.23074142571329487,-0.03284270580061765,0.2290271363451178,-0.030000425192933167,-0.003462225606283117
0.09865126297541013,0.41511800781253133,0.46941623020035467,0.3081586588408999,0.3650667365182412,0.5024135711915909,0.32164370683573734,0.42045914146788205,0.4061847952403288,0.34090409069699606,0.3242403300631006,0.3237437028090374,0.266698497934371,0.9061566464727032,0.420548748814417,0.45820801275165124,0.4372322223332243,0.360772134286388,0.41904131147231266,0.3718299348448155,0.41032087476042095,0.42340449423981086,0.27064519757926836,0.344596278894361,0.37466641815019824,0.5203068757781966,0.36053054752998853,0.4567533325397332,0.371468347090929,0.1831561637904068,0.3880724553215856,0.3995975958842833,0.27170327037535996,0.5120893671925737,0.3960207823688753,0.2570640274482964,0.5222968225940495,0.3749617651918019,0.34115131150323974,0.13830548276954005,0.38114154632556047,0.4043857071884586,0.3548666893692664,0.1330086515151272,0.14547522541844615,0.08219416570742703,0.33360181872340144,0.06616566408761072,0.6834925653819833,0.009088497538822711,0.000806993011860229
0.12061383413804835,0.6382086085518118,0.4598859610706152,0.24565527944822652,0.341825094817521,0.44950165051386154,0.2899043023100625,0.2091241315944804,0.3059524951869011,0.30657645249462606,0.35703471157285266,0.26692903230953946,0.1723589194393274,0.420548748814417,1.2287402997986443,0.181888895679055,0.4737611285420034,0.2550376139924967,0.37683177169155707,0.458383649666504,0.41043814541022977,0.23326453784121998,0.12830296500332625,0.3476405803923123,0.38309268963339815,0.5981312948351399,0.4376496803778096,0.5836729303775472,0.25153727493694755,0.3560871821281091,0.4117729015174812,0.31912708512582416,0.3372183507492636,0.5590333230953767,0.2910506174186694,0.2502164998602823,0.5088267495856006,0.34802671256774265,0.1253120215284135,0.017308534812762896,0.3825212778760296,0.3979989608621635,0.3112427937334073,0.08191274922667612,0.04973299506595598,0.08311206593901607,0.340861326080119,0.12563060387625705,0.473867005553968,-0.016861256372878185,0.008853281270209639
0.10071700643473443,0.4802554636109305,0.4186453045943506,0.3430500523820969,0.40751684334825805,0.3735712904730199,0.36259626198790335,0.315050881747571,0.29580819000756664,0.2951708906872306,0.3167269022714989,0.3353772474922144,0.28528210618879996,0.45820801275165124,0.181888895679055,1.1386285755735899,0.3111687615013059,0.3323092691219755,0.41728996087252174,0.4151190574399739,0.28715456161989306,0.6238777744153294,0.27347557100007647,0.357706828964316,0.4248888915093042,0.2680026669401802,0.25719959061086833,0.26606179252356427,0.5994952595670414,0.051332101118162124,0.29284500440898487,0.4966553809861796,0.20365933222773722,0.4981327278514063,0.5981678594789311,0.35581706895615733,0.40461452215750476,0.2551523519908277,0.5523082436524805,0.264828826813835,0.29478831444513676,0.3003017801933434,0.3231950133121893,0.2250628791789346,0.15702858361867245,0.1951025623003093,0.2546912147354437,-0.1259373428281358,0.4503201915072109,-0.05668709560206772,-0.016193696814904866
0.09587655394133673,0.493669289607738,0.5223652741862299,0.22840149228415618,0.2927318751388199,0.485115220175551,0.3339942235549707,0.31358035327728256,0.38262882133332343,0.3203133401750844,0.37968636516334836,0.2742792234514742,0.23874445216098367,0.4372322223332243,0.4737611285420034,0.3111687615013059,0.8813235512664868,0.39464013533375397,0.40718709154002164,0.39741836193040614,0.5017543208781979,0.371643206113848,0.2157581578464905,0.32625569533900817,0.3387279343029431,0.44249658573465434,0.29023997418952413,0.8765195534853046,0.3343314676797501,0.09959365749336108,0.43743137928795967,0.3495501080237812,0.32398035199577196,0.5166219810625934,0.4228275976057757,0.26908173753508363,0.6759544113250229,0.35894300940094087,0.2461185525080045,0.15567096539099443,0.397298523393036,0.502964233000634,0.3012454921568449,0.07438348160034221,0.2687921115507779,0.10001336785385476,0.33237844880977196,0.05163716665631761,0.3093904604519445,-0.07270434848812786,0.011537774947797065
0.11869036492700073,0.686451512884519,0.5231841040038333,0.39920073547974033,0.362552677380579,0.3784520373186319,0.34863738750140416,0.2668869343118867,0.3052753591102831,0.3290395538288535,0.304792030186141,0.32078184503158536,0.24821628699456982,0.360772134286388,0.2550376139924967,0.3323092691219755,0.39464013533375397,1.2349384572552082,0.3787223962110577,0.11508625137496416,0.4809626816694295,0.3305959341512993,0.43777886607982214,0.22252840631417928,0.23647012494493877,0.7292130385837379,-0.20262558099305217,0.3267821788023677,0.35538195149699464,-0.07503505024509156,0.6999164992649998,0.41223412674557447,0.10208881118506549,0.6457765727643551,0.2314977133937183,0.18067377726921577,0.6045350710088196,0.3059267208340399,0.4211229897906883,0.21459307984069764,0.342204488512481,0.4551304784102718,0.12678775016907615,0.025253922433070303,0.25083025475539866,0.33498853879074864,0.6070345827448083,-0.0330531492917315,0.14044937575885844,-0.051971107611207754,-0.02266729180492922
0.11604774895627522,0.47853559983188115,0.4839001163542505,0.29089435185605383,0.5341532409533799,0.5605831188768331,0.31598190002674903,0.33181601159312474,0.3829689060466348,0.3181431309438746,0.3187899810726947,0.3223111845696192,0.2582463580829202,0.41904131147231266,0.37683177169155707,0.41728996087252174,0.40718709154002164,0.3787223962110577,0.7853926154348618,0.27707092891097934,0.4146863194358306,0.41461762734625407,0.09605176433623577,0.3039932743552356,0.29991035663369786,0.40221668821615114,0.18941805614460766,0.49379779918566136,0.29772099942209873,0.1307278499966443,0.4531964225537725,0.39206442898798377,0.26128463647759226,0.5784653946369427,0.1733121746231235,0.24018403035561323,0.5123356844074757,0.4493852739308913,0.3182731026445573,0.08037823534645488,0.28990864284886886,0.3870537221484641,0.2587558099550562,0.14861105456979565,0.17237252808456333,0.14715160541828914,0.3217590639148335,0.01146150353469694,0.3194980311064184,-0.010754656204776553,-0.014544122763089995
0.0841496606984136,0.5579654243924569,0.42898520933902956,0.23512310412178342,0.20569354791901998,0.4116817004861203,0.3614929281673197,0.29842889200184997,0.3772250553299305,0.25214094035971313,0.34402188706955805,0.3128199792527574,0.23155134061736216,0.3718299348448155,0.458383649666504,0.4151190574399739,0.39741836193040614,0.11508625137496416,0.27707092891097934,1.5742349529037207,0.1491666624996678,0.3558922307077275,0.3719667049235418,0.4077991963964189,0.5218308139781155,0.5774175313632541,0.6906511503608448,0.501747172550113,0.5115286455637207,0.3107248078380709,0.19599032470926703,0.3672646785283304,0.4112466609390416,0.4148722390415247,0.3403251953742878,0.16570009856128368,0.7723729615397457,0.20085382889866846,0.9807070295877809,0.22603619953733664,0.40783248758077795,0.16874940663729865,0.45045825992504457,0.15719032326284776,0.22800345113163564,-0.11520752776383676,0.2758903829579571,0.25533772940986926,1.4978731501982143,-0.0037096355936611083,-0.022322809454568427
0.1169838452407719,0.7078720273301777,0.537684985608846,0.2206688563500594,0.2868676455182886,0.49234628831099686,0.4342047218682752,0.20641985107061767,0.4201245276247357,0.277378214577961,0.3492739304679634,0.29253249540962595,0.23078881036152293,0.41032087476042095,0.41043814541022977,0.28715456161989306,0.5017543208781979,0.4809626816694295,0.4146863194358306,0.1491666624996678,1.066134485244204,0.3570027887895485,0.21054498823059678,0.28558166357042364,0.31965863069378403,0.5037691176329336,0.29724019638357607,0.1143425839581813,0.3414325900427658,0.18409750142665274,0.5290889349089389,0.43426489589695666,0.10531261403978087,0.6164846575612344,0.6660067424131705,0.4958541883421326,0.5497320555017134,0.44355010692334845,-0.05829974959145959,0.251964115339488,0.6056018805287826,0.9828309051503357,0.2554295122395575,0.05989353887498817,0.3067611744745757,0.2911337205446928,0.42686227310724556,0.001900332112111983,-0.12154634057324332,-0.043950876797922846,-0.006173007171875679
0.14281423000565574,0.517403536717738,0.5797363467395774,0.24014261521258481,0.3313306919814062,0.45045760408029956,0.39098837812731235,0.2781940239422886,0.6417503372382216,0.27833289090824204,0.3100071473680882,0.27386912771793787,0.3058417673456515,0.42340449423981086,0.23326453784121998,0.6238777744153294,0.371643206113848,0.3305959341512993,0.41461762734625407,0.3558922307077275,0.3570027887895485,1.096572892253609,0.3833486176935128,0.3818187006308341,0.3982931231045225,0.32998523976209276,0.45079333918913744,0.280707041408849,0.4346663327441665,0.17214486963572845,0.3348236714488984,0.49160778933922744,0.33991713318932076,0.28840690081895837,0.4328907263663548,0.5182186995577359,0.3976003932051502,0.34469066337736565,0.5549938517774955,0.22892949015749464,0.25508690491818004,0.3620162454663164,0.4161885981629138,0.1846602049320658,0.27909315604097146,0.40061132027704627,0.30206767181653016,-0.357826404254154,0.4758900707304796,-0.04623715891744861,-0.00623418937879806
0.0456490922412331,0.04101625393751011,0.2794106693960029,0.21244418677589927,0.1525487920569195,0.16877395491234778,0.3324124702481113,0.18074174984657373,0.3471246936895258,0.22775531858132617,0.26258947953773537,0.40620896540151347,0.21894347251971077,0.27064519757926836,0.12830296500332625,0.27347557100007647,0.2157581578464905,0.43777886607982214,0.09605176433623577,0.3719667049235418,0.21054498823059678,0.3833486176935128,2.0668111273279024,0.5251136525772128,0.7596597572176341,-0.12965543017816522,0.5139269290353287,0.17136354705035317,0.7250803869223306,0.4248667089685978,-0.4708030340935684,0.20449502822209542,0.5357477622874922,0.3691977353934071,0.3911740099612988,0.17802007089799693,0.5927449618055534,-0.047639911175556285,0.9400004954567919,0.09207811846524352,0.36931502616762624,0.20570526534221004,0.3166858543195978,0.10821252719582294,-0.07241760979757254,0.002067384916190462,0.49939791369051384,0.18203199054026648,1.22497552233355,-0.07448099260525991,-0.00624750472909232
0.03634077749331181,0.34366026478259637,0.4004492667738268,0.2302184802132284,0.2413617552306913,0.34202150366392886,0.31843635540807175,0.2570118938063341,0.3761408248526156,0.2577725131993936,0.30282841299150376,0.3180489153824,0.23738446771592978,0.344596278894361,0.3476405803923123,0.357706828964316,0.32625569533900817,0.22252840631417928,0.3039932743552356,0.4077991963964189,0.28558166357042364,0.3818187006308341,0.5251136525772128,0.7648026765751282,0.4907437764263484,0.30672521367647365,0.4772519068458738,0.3181152076314691,0.26818853857823427,0.5827932105259256,0.250721902717194,0.36789232640108477,0.8253222422774045,0.4113404801247236,0.4269415178151248,0.29706059276372504,0.5227386653802532,0.3613113539948764,0.31142730677693636,0.03077017781197291,0.15850888521318954,0.29457565868642516,0.30243801473826476,0.1357796762756185,-0.010303708447415252,0.03363096562573107,0.429356510771831,0.06273120725169107,0.6922233509886535,-0.07464049272497045,-0.0062454879951829795
0.08744843267299082,0.5456539078499675,0.5631683456987369,0.30507684545036684,0.2975825088331479,0.3318765651474169,0.3450108969167526,0.38327264988027937,0.30813462991607576,0.3289975491129134,0.36382678054833123,0.4868511302895997,0.26860377440188177,0.37466641815019824,0.38309268963339815,0.4248888915093042,0.3387279343029431,0.23647012494493877,0.29991035663369786,0.5218308139781155,0.31965863069378403,0.3982931231045225,0.7596597572176341,0.4907437764263484,1.920190428112219,0.143216916755327,0.6741828508488553,0.1824291125997059,0.7726284511556535,0.4338054047362749,-0.16844439203558897,0.3237186613940039,0.39373363257751604,0.7106942661323957,0.5218272998569095,0.3970144771504749,0.652872224480885,0.5004698091785432,0.32574448446970455,0.029326453851686935,0.5169687260671336,0.34695166666836347,0.49196615643042013,0.23992275607610083,0.09648277416743879,0.0821884086149145,0.39583509473577116,0.05491603386752867,0.35726283679462245,-0.07960263977040669,-0.015772420274432233
0.013128028743352355,0.573947638937665,0.36985164525529746,0.33470627372410705,0.37528537447639865,0.5244557654007114,0.3489842253499197,0.2885744647772408,0.42002689073471855,0.29484886503521457,0.346096352023238,0.2137990539221075,0.22375159773510261,0.5203068757781966,0.5981312948351399,0.2680026669401802,0.44249658573465434,0.7292130385837379,0.40221668821615114,0.5774175313632541,0.5037691176329336,0.32998523976209276,-0.12965543017816522,0.30672521367647365,0.143216916755327,2.8784398878870987,0.3552804110784049,0.3671305539546947,-0.2399231986842954,-0.5015917660159996,1.050365830153944,0.7714558175200958,0.3267308270617465,0.7712674334168647,0.19926162269247116,0.24601656483766368,-0.44602552425181435,0.5099638172193915,0.4053112716393015,0.3564245304505978,0.28037540587028886,0.4562595595322382,0.04760848807888069,-0.02620352854840596,-0.31850248467257203,-0.26437800071367523,0.16301161226965571,0.1988817397664112,1.453357443872084,-0.037086122773906834,-0.02373057487534385
0.11913863554860435,0.6639644514930303,0.4115235262273405,0.12848300654637698,0.0969321326450453,0.32650915105636347,0.30544359558906203,0.34614320157667583,0.4798506726005223,0.27931414481360795,0.3388962078373198,0.3597122807141679,0.22938917277267537,0.36053054752998853,0.4376496803778096,0.25719959061086833,0.29023997418952413,-0.20262558099305217,0.18941805614460766,0.6906511503608448,0.29724019638357607,0.45079333918913744,0.5139269290353287,0.4772519068458738,0.6741828508488553,0.3552804110784049,2.341849176845059,0.28057082276725415,0.3801469761684056,0.19948859003551067,-0.04639743161514247,0.29601428490978854,0.6975484732825058,0.14635988970933364,0.6307408267168562,0.6486974007620497,0.33557934143878393,0.7037601573946344,0.5054349900675246,0.2732791577139535,0.5470903034156875,0.33877706131084073,1.109062541963203,0.1097251972642494,0.5432305858300778,-0.3857915704715149,0.07048025296316135,0.25567868510466796,1.3311075492905131,0.06432290575992967,0.01760099060476553
0.16620615781798975,0.23162931023731226,0.36723721806202037,0.17582825484197995,0.30051746772851146,0.5296407587784893,0.12859306677408322,0.36430949496957343,0.40001679423112485,0.24346383542243272,0.3147585053299643,0.14967280603908137,0.18155500137909744,0.4567533325397332,0.5836729303775472,0.26606179252356427,0.8765195534853046,0.3267821788023677,0.49379779918566136,0.501747172550113,0.1143425839581813,0.280707041408849,0.17136354705035317,0.3181152076314691,0.1824291125997059,0.3671305539546947,0.28057082276725415,4.377931891104812,-0.22173767553434165,-0.06091904843265576,0.42438910389177104,0.23580730853838855,0.6442770484363348,0.16239928488761857,0.18322949778262726,-0.32153427713984123,0.9835854889064759,0.4671573513593626,0.4557450268912663,0.0935695839541509,0.5235295805077143,0.028629415260529718,0.67321212886748,0.07294393794082385,0.4228295747251205,-0.49364090183859205,0.1881141619107733,0.4468391143964084,1.3397074927691017,0.3642553769873691,0.005173905113283658
0.06526519921590855,0.785038058113585,0.7019190064009143,0.3071486808886992,0.3208166806257173,0.3886137713871777,0.3690356026030325,0.3250927854644217,0.2506999281655213,0.37060189609458605,0.34792091759845284,0.39510376772373157,0.3214285008997335,0.371468347090929,0.25153727493694755,0.5994952595670414,0.3343314676797501,0.35538195149699464,0.29772099942209873,0.5115286455637207,0.3414325900427658,0.4346663327441665,0.7250803869223306,0.26818853857823427,0.7726284511556535,-0.2399231986842954,0.3801469761684056,-0.22173767553434165,2.763506893351627,-0.3003163533954498,-0.377936821062575,0.3396979833877917,-0.08167776178824804,0.9301382872625034,0.4568435334949734,0.7854150736780793,-0.14649167938023214,-0.35457127369963237,0.5281622814616878,0.2428686360441528,0.4681387227554278,0.343614177105647,-0.06218074459459719,-0.05727730951080782,-0.3597721725964731,0.4150229304237307,0.10148884983792732,-0.2369285339165232,0.27735125621110635,-0.1967699181503348,0.009382366164457073
0.10071271368499284,0.14628920518961133,0.053029742315660426,0.09342533852703529,-0.056340326660553525,0.10561697335618236,0.18462500854994712,0.18362913506055234,0.3105282697474616,0.13035589665117395,0.16044552952740587,0.21579036849366295,0.13624782098266522,0.1831561637904068,0.3560871821281091,0.051332101118162124,0.09959365749336108,-0.07503505024509156,0.1307278499966443,0.3107248078380709,0.18409750142665274,0.17214486963572845,0.4248667089685978,0.5827932105259256,0.4338054047362749,-0.5015917660159996,0.19948859003551067,-0.06091904843265576,-0.3003163533954498,3.420996631969581,0.2343758601927093,0.11413099802278037,0.5189132640560475,-0.25020413757293297,0.18943351038112002,0.19592493195847988,1.065557378646754,0.4980201414290188,-0.01805939662367038,-0.33757582929891544,0.5205327364312924,0.19408897313482823,0.5347358755277931,0.1992870588809337,0.37927738672233935,0.3928924185696851,1.4124594084250512,0.1467514227051882,0.6647475720647493,0.004971073392108803,-0.018295922275660865
0.1158251336716457,0.6859909607097406,0.49810558989005005,0.3016690956832967,0.3404055649564824,0.44473380635196164,0.2859933030758188,0.25299738182621834,0.3848976824481649,0.2783827040886352,0.2904802274659315,0.1108173067831197,0.21860221623842555,0.3880724553215856,0.4117729015174812,0.29284500440898487,0.43743137928795967,0.6999164992649998,0.4531964225537725,0.19599032470926703,0.5290889349089389,0.3348236714488984,-0.4708030340935684,0.250721902717194,-0.16844439203558897,1.050365830153944,-0.04639743161514247,0.42438910389177104,-0.377936821062575,0.2343758601927093,2.4983516118028257,0.5254092167845968,0.4182504599563308,0.5046547046589819,0.2351900645375576,0.5093184625572609,0.5059121511720869,0.738598851080051,0.15542103505325408,0.17074149347795992,0.12813323869998522,0.515943992386513,0.14683160423757807,0.10933654421201264,0.5551704199674915,0.3022097788329376,0.5055014527401678,-0.16348951276277074,-0.47530247261087116,-0.012117215971197732,-0.03472220635355233
0.09190484739972088,0.5054689160221679,0.43903353037958937,0.316285796819127,0.3479157154195624,0.42415256033734994,0.35555362103086385,0.25968057595811334,0.3810658505240947,0.2854804847945178,0.3312755252820945,0.3976448305539726,0.27259274266864647,0.3995975958842833,0.31912708512582416,0.4966553809861796,0.3495501080237812,0.41223412674557447,0.39206442898798377,0.3672646785283304,0.43426489589695666,0.49160778933922744,0.20449502822209542,0.36789232640108477,0.3237186613940039,0.7714558175200958,0.29601428490978854,0.23580730853838855,0.3396979833877917,0.11413099802278037,0.5254092167845968,0.6819703758641651,0.25420501814880564,0.4939243096138898,0.3280262978432669,0.38009660885475977,0.19395990599132307,0.3351536245893212,0.3853184831867107,0.20206121594151655,0.27372822504715094,0.41142608910050593,0.18928406124452202,0.09167870796195422,0.083345385894939,0.15686356881956906,0.31017615881311783,-0.07250147407260148,0.5038656304446881,-0.042428583109738204,-0.02810683330839491
0.04030312573092582,0.2713758126847743,0.3077583837036479,0.18385352225389515,0.21802339202777338,0.2287942552897859,0.28271478713437886,0.21236001168591817,0.4404124738252761,0.18306329247596892,0.24274580098851997,0.21412661193550397,0.18786595025645694,0.27170327037535996,0.3372183507492636,0.20365933222773722,0.32398035199577196,0.10208881118506549,0.26128463647759226,0.4112466609390416,0.10531261403978087,0.33991713318932076,0.5357477622874922,0.8253222422774045,0.39373363257751604,0.3267308270617465,0.6975484732825058,0.6442770484363348,-0.08167776178824804,0.5189132640560475,0.4182504599563308,0.25420501814880564,2.397914898461772,0.1648307919338085,-0.007535306259130545,-0.08308734816244746,0.5279073145717048,0.6777630173184834,0.04931195384555438,-0.19524561235782814,-0.4214435227912099,0.12094159977913314,0.40874024328892267,0.148961545537088,-0.3762679226765675,-0.3586470392581108,0.4099412750043166,0.3098818513763307,1.227850786632357,-0.045697186474577246,-0.008578108399393823
-0.4594651735268897,0.6985951374318775,0.4731240812673595,0.48699731570821625,0.731532653009692,0.5465004595830113,0.5956220891625225,0.4532356284609179,0.20664428436535645,0.512641304578501,0.47100143071874007,0.4549536042892788,0.34373804516985373,0.5120893671925737,0.5590333230953767,0.4981327278514063,0.5166219810625934,0.6457765727643551,0.5784653946369427,0.4148722390415247,0.6164846575612344,0.28840690081895837,0.3691977353934071,0.4113404801247236,0.7106942661323957,0.7712674334168647,0.14635988970933364,0.16239928488761857,0.9301382872625034,-0.25020413757293297,0.5046547046589819,0.4939243096138898,0.1648307919338085,3.39251916885259,0.07400269647093102,0.06276957520208244,1.1340230581095785,0.5045607650945185,-0.2853539386680286,-0.20298527482123438,0.43127332151487585,0.6410633278434655,-0.11755526156430407,0.2360859894494106,-0.9563800805462849,-0.3796619125465035,0.3638990744980193,0.20976526193997264,0.3991396320953515,-0.16768394104960788,-0.0024531396784556775
0.16137380427017556,0.5836559267019648,0.7089465641975775,-0.024141865871707812,0.01991578483503971,0.27365787916271495,0.15620486830948516,0.3830724985643899,0.26007822680198334,0.28403623419896046,0.3915494499894671,0.33131637685057846,0.2846403839004129,0.3960207823688753,0.2910506174186694,0.5981678594789311,0.4228275976057757,0.2314977133937183,0.1733121746231235,0.3403251953742878,0.6660067424131705,0.4328907263663548,0.3911740099612988,0.4269415178151248,0.5218272998569095,0.19926162269247116,0.6307408267168562,0.18322949778262726,0.4568435334949734,0.18943351038112002,0.2351900645375576,0.3280262978432669,-0.007535306259130545,0.07400269647093102,3.428143136017358,0.5370218345429879,0.4042812106678986,-0.23246008613574753,0.3467479262415609,0.6073923005312775,0.410399216573042,0.7193603092253881,0.5269218684129536,0.2606068864663793,0.5932614484760327,0.48775055743022844,0.2336597759790777,-0.16873420141705817,-0.3041665398116167,-0.11840094920582891,0.04191930911508615
0.17710796923178268,0.6450482932956684,0.585462477361733,0.2093265116981212,0.1634808738557557,0.2645999715492765,0.2931226885022526,0.21021905703133575,0.37318715730037755,0.24826647685076778,0.25836575461363964,0.19711489338190644,0.23135559040608258,0.2570640274482964,0.2502164998602823,0.35581706895615733,0.26908173753508363,0.18067377726921577,0.24018403035561323,0.16570009856128368,0.4958541883421326,0.5182186995577359,0.17802007089799693,0.29706059276372504,0.3970144771504749,0.24601656483766368,0.6486974007620497,-0.32153427713984123,0.7854150736780793,0.19592493195847988,0.5093184625572609,0.38009660885475977,-0.08308734816244746,0.06276957520208244,0.5370218345429879,2.8609781122901867,-0.26335137738940395,0.04750716200721995,0.24764455475003438,0.517522282806059,0.7953273296898737,0.5389346474199614,-0.185760737853054,-0.20688146975394467,0.28625476363152647,1.0836266024512509,0.01520409187051627,-0.9180572556625168,-1.7712379608460818,-0.13840320108223883,-0.02647347082816454
0.04380526005779828,1.0189700776569954,0.6771800117456156,0.3500136619550712,0.44108560275203884,0.4756858979802995,0.5051477414624753,0.44365488067615677,0.4748750290800331,0.412528950731142,0.4347555858645916,0.3982109754895071,0.31427783342215343,0.5222968225940495,0.5088267495856006,0.40461452215750476,0.6759544113250229,0.6045350710088196,0.5123356844074757,0.7723729615397457,0.5497320555017134,0.3976003932051502,0.5927449618055534,0.5227386653802532,0.652872224480885,-0.44602552425181435,0.33557934143878393,0.9835854889064759,-0.14649167938023214,1.065557378646754,0.5059121511720869,0.19395990599132307,0.5279073145717048,1.1340230581095785,0.4042812106678986,-0.26335137738940395,4.060527251040826,0.8138057385657731,0.3114547887983475,-0.14042937009821355,0.7220098900310856,0.6112987863768272,0.7960660126200665,0.2349336015662233,1.3076058707777252,0.2079910500286756,0.9528382481474977,0.25462425738744043,-0.07622998592968441,-0.0417774119020849,-0.00015528813535194708
0.14371171891384574,0.5887613089405133,0.7463870140633765,0.3024667466709404,0.3639494890800118,0.4263592420716033,0.31025239973319096,0.3700012213006849,0.417023918395844,0.32018220949897475,0.3191571817570967,0.28304099613090433,0.25982128143278255,0.3749617651918019,0.34802671256774265,0.2551523519908277,0.35894300940094087,0.3059267208340399,0.4493852739308913,0.20085382889866846,0.44355010692334845,0.34469066337736565,-0.047639911175556285,0.3613113539948764,0.5004698091785432,0.5099638172193915,0.7037601573946344,0.4671573513593626,-0.35457127369963237,0.4980201414290188,0.738598851080051,0.3351536245893212,0.6777630173184834,0.5045607650945185,-0.23246008613574753,0.04750716200721995,0.8138057385657731,3.225588361514479,-0.5170122526348606,-0.043170467067853754,0.5212977839005372,0.45675876067036586,1.0684531438294709,0.2395009582279434,1.357221125953936,-0.3310844619532352,0.6327192512568659,0.4569720287868542,0.2476291489173174,0.07567873008527867,-0.024453105761450364
0.18107154107018214,0.21983473099889245,0.19229896048301104,0.2984707206131686,0.21392253349251314,0.35228449039779336,0.27587978065497865,0.21680248184095421,0.34985057830183625,0.21008602192316028,0.24718129983955062,0.3761393770638948,0.22908126168369855,0.34115131150323974,0.1253120215284135,0.5523082436524805,0.2461185525080045,0.4211229897906883,0.3182731026445573,0.9807070295877809,-0.05829974959145959,0.5549938517774955,0.9400004954567919,0.31142730677693636,0.32574448446970455,0.4053112716393015,0.5054349900675246,0.4557450268912663,0.5281622814616878,-0.01805939662367038,0.15542103505325408,0.3853184831867107,0.04931195384555438,-0.2853539386680286,0.3467479262415609,0.24764455475003438,0.3114547887983475,-0.5170122526348606,5.912097198862052,1.165750946919873,-0.08250205286117694,-0.13219298186580775,0.39718574896427683,0.581608903101409,1.6038837067140195,-0.3162009593716868,0.35964637573175273,0.07895839515974598,3.7441385723041334,-0.05358675656122435,-0.07901073615164327
0.09246358741684195,0.1908514240464203,-0.034724338533799075,0.10532926439373946,0.04974774119769398,0.13602544705174158,0.16732623161436433,0.0562616309568534,0.12746721363127872,0.07447372681366468,0.12385405340880716,0.1309087419557415,0.11220180084765873,0.13830548276954005,0.017308534812762896,0.264828826813835,0.15567096539099443,0.21459307984069764,0.08037823534645488,0.22603619953733664,0.251964115339488,0.22892949015749464,0.09207811846524352,0.03077017781197291,0.029326453851686935,0.3564245304505978,0.2732791577139535,0.0935695839541509,0.2428686360441528,-0.33757582929891544,0.17074149347795992,0.20206121594151655,-0.19524561235782814,-0.20298527482123438,0.6073923005312775,0.517522282806059,-0.14042937009821355,-0.043170467067853754,1.165750946919873,2.072688037878586,-0.04002036395360001,0.29440214145453264,0.2855398079456143,-0.3307065327949738,1.5896875900721312,0.4561767025526217,0.044329409173402806,-0.24722517734611552,0.3079435280984318,0.01113385763387166,-0.04509480114549729
