1.058884203151323,0.2378192242579424,0.39033201406934603,0.11661992348660173,0.11268785921230795,0.09242141449360804,0.14566732168302632,0.05235965474013448,0.11339884814665341,0.09135834864642985,0.07501518009957393,0.09511698533225783,0.0679995447585675,0.08900936866117834,0.10126857009637466,0.09589751718631591,0.09023969534255259,0.11747919157550224,0.12022104503491,0.07674836323252478,0.11773569280845932,0.137833820767808,0.04408931063019097,0.04111097347530933,0.08323860290314822,0.0130021788414025,0.10693702598071213,0.13738679939283235,0.05449358956421098,0.11151355450760397,0.12519945148764056,0.08863328103756446,0.03173299915392204,-0.4579923214277474,0.13467752430322302,0.1744785710318502,0.0419762302818195,0.15192476285754847,0.1868833221043124,0.09552479195262724,0.1581066674652755,0.10399210227963938,0.19967082546237364,0.02588454162281898,0.36332676650098295,0.2871167934449461,0.11645685064993161,-0.04939818531041588,-0.07134762923465562,0.10856069841232216,-0.037226513810027395
0.2378192242579424,3.0475080603237754,1.1960409537912118,0.4374128054316344,0.4595791617864274,0.4562403217202998,0.5482579286707764,0.452700859921495,0.5410571470066442,0.4388961954939935,0.4240324589759885,0.34204400890221276,0.35618907195681393,0.42640964316968105,0.6397376420864065,0.47630705584092503,0.5148574752668749,0.6733157217724368,0.4975577202942994,0.5397654949465497,0.7206808128646097,0.5184304114480058,0.05251249345948576,0.3537789165101246,0.5334269962927393,0.5860779716218447,0.6332894868600646,0.21263846753226964,0.7898822159238228,0.14882871475752577,0.6749417838852091,0.502290018535569,0.28841537002967677,0.7773587287795255,0.5793198914391019,0.6333807448810751,1.055686450429832,0.5844799236534459,0.1384230532388526,0.14283995572256378,0.5683048792178876,0.7029614590848596,0.33510402958875246,0.024421156818593897,0.4064654887593745,0.4577853756809142,0.4664897405467679,-0.13636807426349792,-0.21118143346892992,-0.11315299913885238,-0.052967063683649875
0.39033201406934603,1.1960409537912118,2.332055892571066,0.3650234279925387,0.3152396386254996,0.5830524157429468,0.3034005524965179,0.5857772721510484,0.5546836868576014,0.5017493063616902,0.4374330495205174,0.38738609493323706,0.3471147397501485,0.46976622290019887,0.4601547694180145,0.4047818757679454,0.5211483759147457,0.5015055932117954,0.4826524498063067,0.41864843888479353,0.5371566074464519,0.5701829415291554,0.2811090098396113,0.39845755889943696,0.5429438173405841,0.37789341816367106,0.3783300708488542,0.353232895542603,0.67786138305173,0.0770210959634758,0.48981680771512953,0.4329430728245684,0.3200823780238225,0.4865001179692158,0.6805602728046464,0.555002750446828,0.6862529089348505,0.736806343784674,0.16214260900910454,-0.05469118012104797,0.3945890412301347,0.5349505811583647,0.4548867975024203,0.2032676513126654,0.5639571126921087,0.6941611787464186,0.3862017533769742,-0.18078498301488685,-0.4057637859361858,-0.07096059230177972,-0.02284661349127778
0.11661992348660173,0.4374128054316344,0.3650234279925387,1.1584850930184358,0.3890649508745348,0.29212007332870554,0.2643145345189311,0.3366116554503275,0.13901858711372755,0.3478296401502136,0.2293821846287862,0.33943253771141024,0.20835594945084274,0.2985765855223108,0.2096957362666416,0.34186124662372397,0.2361148990732445,0.39587164199818536,0.3157900686968036,0.2178932953276318,0.23562278425598218,0.24252132181256295,0.21962314654366621,0.24452229577032586,0.29983794574721007,0.3529823951371873,0.10656255292324582,0.11354650768466837,0.30142293650196006,0.11927030959856703,0.3175400488995063,0.31658740405694863,0.1949468876825387,0.5352829454706355,-0.06387870521621329,0.2118532573706533,0.37259393365998894,0.3082591005787302,0.250969957487339,0.07566640868383681,0.18837577917499979,0.22991505055177935,0.10345809517016674,0.04976862849095437,0.030053970135238563,0.22024025087954208,0.29742136208289194,-0.01511128564293047,0.12296233775932451,0.0656453287778323,-0.12339560075130755
0.11268785921230795,0.4595791617864274,0.3152396386254996,0.3890649508745348,0.9973771885298661,0.2924474625116979,0.3913954190471823,0.37901159021569647,0.3423795933829305,0.2962334497564251,0.3051152059795204,0.36261713512430116,0.26716963513341513,0.36757091462556346,0.3419437601727311,0.4034452635517152,0.30651209145088587,0.36628059307090366,0.5483681441061115,0.22317692774658401,0.30534918430965663,0.34087575124218966,0.1773940487282751,0.26073337256111206,0.3016930857087883,0.40203132731717384,0.0780671429594176,0.30355056181727325,0.3233014939914609,-0.0351591498714375,0.35118121009041336,0.35954133789931014,0.24605679307031345,0.7837994739768389,-0.0022431071803283987,0.165969921567382,0.47449134299804435,0.3708116102756046,0.19966950492974525,0.037350188748509,0.2146269503500633,0.29378746816743206,0.09171267977019643,0.08145483973281657,-0.08560107531773788,0.0473083556568032,0.24367599841995097,0.022054616218775597,0.34187530315615416,-0.021038907904521984,-0.01964805078958585
0.09242141449360804,0.4562403217202998,0.5830524157429468,0.29212007332870554,0.2924474625116979,0.9627596380632237,0.2503383799763264,0.3425394193397033,0.42809565074248646,0.3829492097501531,0.3775079851305402,0.32344364462932834,0.2586386858720229,0.49497434454386713,0.4426670382211832,0.36672881506659466,0.48299659085994634,0.38011447343803173,0.5643652031271493,0.4282698351548274,0.5013907678506575,0.45797631394474947,0.20095706725556775,0.3567931814523965,0.33615153720281016,0.5423105579633473,0.3086944871639107,0.5275570653680511,0.3854674140825509,0.12524939565993023,0.4515321897480577,0.4301093719216111,0.24973724949232637,0.5606902439340652,0.2506218237129542,0.2630323960706992,0.49187314435798374,0.42729237042760665,0.36313131914471275,0.1343713571883918,0.25869688447275824,0.47174256312750507,0.30876507685456267,0.1666778380294108,0.22440592547775717,0.1193539574825364,0.323463156815332,0.015041660401968105,0.4786549382746972,0.002287996595943596,0.004259820605028514
0.14566732168302632,0.5482579286707764,0.3034005524965179,0.2643145345189311,0.3913954190471823,0.2503383799763264,0.969560650115042,0.11991955887312607,0.43832279945248653,0.23339533750558888,0.31418674949084274,0.3681717806086797,0.24210326024879916,0.32603291428193343,0.29543009314141694,0.35218035021375416,0.35388958623352507,0.3540269568589701,0.34565179539787977,0.37376019305114433,0.45788641382966244,0.4081941385113246,0.35347680713871693,0.33788143155988243,0.3502525205043031,0.37403432153972505,0.2868488591502516,0.1428892450783922,0.38638132185043844,0.18030410042253983,0.29776370167625965,0.3667220903221764,0.3157209141701723,0.6794212195403742,0.13004044689076866,0.291466150272151,0.5412183082422455,0.31981178680713396,0.23408395522272457,0.13712245118334385,0.3262338156584181,0.4420411875676394,0.16623963566656116,0.04686561456378074,-0.00972100637953618,0.06918757806160047,0.3347844649240639,0.019591677056039453,0.49940865944442286,-0.0342859615897335,-0.001649462686884967
0.05235965474013448,0.452700859921495,0.5857772721510484,0.3366116554503275,0.37901159021569647,0.3425394193397033,0.11991955887312607,0.9765778110828933,0.1771996718073217,0.38402601801608727,0.33215255580935527,0.2147719507277009,0.3079945012038041,0.4249984117433068,0.20474996294296954,0.3085414670628994,0.31478674533125506,0.25352921776565784,0.33803429016660314,0.2934388857311906,0.20966739558918396,0.27648950886206586,0.18636221411043155,0.2660149644926388,0.3816934553797347,0.3012500306490237,0.3256819408113819,0.3394782124069261,0.31823601697983694,0.19753026164021714,0.2535494174858692,0.26467160588170235,0.23606762052945324,0.5006402537434803,0.35614918814840635,0.21036459530451354,0.4533686042081691,0.3687677744141783,0.18625584425513556,0.036701402349654084,0.23960979142734437,0.226939324572829,0.2556808229559443,0.10286484658644457,0.10730329207660413,0.11155183933497675,0.26448567079048446,0.024448743950468154,0.2795835274406744,0.042857461753578324,-0.037887553144937774
0.11339884814665341,0.5410571470066442,0.5546836868576014,0.13901858711372755,0.3423795933829305,0.42809565074248646,0.43832279945248653,0.1771996718073217,1.1486012149441307,0.21553827632210457,0.28215049815464943,0.22287829939392662,0.27318444020118615,0.4052704929286361,0.3077316655529787,0.278199399258839,0.3825213051964407,0.2951520023367563,0.39098194453016005,0.368791548553153,0.41843396443126135,0.6367158099719934,0.33863263875888727,0.3818089456613766,0.2960338894814946,0.42541621098721233,0.4449683351164652,0.4009682391873633,0.25531502227692426,0.28671747598393726,0.38768176110455077,0.3760162086182131,0.44730434900336746,0.2542959623028156,0.23529308737142218,0.362738786875616,0.47740794310283136,0.40865864612825087,0.3032015164951443,0.099085428023808,0.270172640765428,0.399307482713902,0.3157808111143933,0.08071636833737444,0.1920005050570281,0.16278445664386387,0.33448493196249296,-0.08546011765783576,0.5486914261494342,-0.009138291622161449,0.025989892381307556
0.09135834864642985,0.4388961954939935,0.5017493063616902,0.3478296401502136,0.2962334497564251,0.3829492097501531,0.23339533750558888,0.38402601801608727,0.21553827632210457,0.5634419641907726,0.31367148993471433,0.2759504692753311,0.2697224366703225,0.3460596512125464,0.31325695050490104,0.2916739270118986,0.32572730871138317,0.3226787280967222,0.3209476002372815,0.26435578755249295,0.28457088894480936,0.28908958211016517,0.2330249388173343,0.26431671146158425,0.32257049127477444,0.31418266864605615,0.2618967389690697,0.2601195331945994,0.36840181638003583,0.13238956963320436,0.28054892143219745,0.28703905685358166,0.20529933602092107,0.5356967347090401,0.2729897983490359,0.24198201393224603,0.42663630956222126,0.31687724614284457,0.18860327048523984,0.05800264872294203,0.2384652852951621,0.2869642817007086,0.18736069246024709,0.08077096362558683,0.08817706593282874,0.08678913454201348,0.27992214760347744,-0.0020543328198157147,0.24176295376016715,-0.07964566146399704,0.017654938649246155
0.07501518009957393,0.4240324589759885,0.4374330495205174,0.2293821846287862,0.3051152059795204,0.3775079851305402,0.31418674949084274,0.33215255580935527,0.28215049815464943,0.31367148993471433,0.5310122733339289,0.4385243036329686,0.2640797962757026,0.3285185047316054,0.36394278587824114,0.31172326270349066,0.3729390706031279,0.2979982950547158,0.31722455757111084,0.3499706078141866,0.3473682898348235,0.31024560771381104,0.25968235385136573,0.3024347679525095,0.3536957222884302,0.3610028072203919,0.31031257420023123,0.3219595079535105,0.3410452529166731,0.16202010881947873,0.2921370334666866,0.3326800849874921,0.2551232864064646,0.4816694288768927,0.371514573121177,0.24707475530763381,0.43438823214624295,0.3139798888807966,0.23856253548512518,0.1142094659114664,0.25743646285335614,0.3463456822271971,0.2410147226647107,0.08821525020343558,0.14496860514393842,0.07229130627078549,0.2848544811193711,0.025939389537394983,0.3475200588523663,-0.054391454613120276,0.022518725759080992
0.09511698533225783,0.34204400890221276,0.38738609493323706,0.33943253771141024,0.36261713512430116,0.32344364462932834,0.3681717806086797,0.2147719507277009,0.22287829939392662,0.2759504692753311,0.4385243036329686,1.187917537056035,0.20732117079702816,0.3127804311585599,0.2695233545039266,0.32520037476460273,0.25425124932911486,0.3079718094514664,0.30871269558686604,0.32373026224352647,0.28362734641723575,0.27289043290072074,0.40196438684586805,0.31442235138796604,0.4777470760112917,0.22242953204702612,0.32844728351557634,0.1513032715888484,0.3879232970039358,0.2122776021233515,0.10241510955116215,0.39653537575217235,0.22626462534193956,0.45273605302761144,0.30977855148863387,0.18625054954411954,0.38397569104181567,0.2738494873298998,0.3757424635235643,0.12493586161531053,0.2212379609399459,0.28315100084548694,0.24108933209257957,0.10393117732640698,0.11958382788013486,0.0013339049802263802,0.3094309195350361,0.07768743005694603,0.653389201562467,-0.06780878363557705,0.04503750992231489
0.0679995447585675,0.35618907195681393,0.3471147397501485,0.20835594945084274,0.26716963513341513,0.2586386858720229,0.24210326024879916,0.3079945012038041,0.27318444020118615,0.2697224366703225,0.2640797962757026,0.20732117079702816,0.3991701588136631,0.26187541755969795,0.1689911957887417,0.2806810473135576,0.2356496892606747,0.24204510663247972,0.25942192734619296,0.23177346755630596,0.23044724043775153,0.30345047956244875,0.22107332798095508,0.23895507706757604,0.2643467697352938,0.23157161447718286,0.21040088249728758,0.17295383219794638,0.31505462427989345,0.14108050049773616,0.21834729565415484,0.27294245211819673,0.19598062742417974,0.35898307393355555,0.27023786453761484,0.22506341875606856,0.3175421647351249,0.25702796522010596,0.21828784604047852,0.1026558490379648,0.19101677838270578,0.23437889243409166,0.17558029641242046,0.06180389966768103,0.11192877835396894,0.12112869388345944,0.23187795196745867,-0.02809441108328309,0.24933812679606118,-0.023530370382156475,-0.007716605873030187
0.08900936866117834,0.42640964316968105,0.46976622290019887,0.2985765855223108,0.36757091462556346,0.49497434454386713,0.32603291428193343,0.4249984117433068,0.4052704929286361,0.3460596512125464,0.3285185047316054,0.3127804311585599,0.26187541755969795,0.8974581629052873,0.420146678901735,0.4540249612934511,0.4331020531615276,0.3496210025839349,0.41396863741910334,0.3786051419572753,0.4104452847240931,0.4223010758504156,0.27886039753213343,0.34908372294726453,0.37083523893744064,0.5280719021051913,0.34825691047498125,0.45918134269356287,0.36650244429300144,0.19494062434115442,0.3856786474410959,0.3984707824837472,0.2856062273320496,0.5173470680280045,0.39392019998752914,0.252943482914312,0.5267531791140482,0.37125081412077043,0.3290624614157066,0.12711875553650018,0.37379308421335766,0.4027028965503648,0.34087382552887785,0.1288211028422068,0.11467961678413467,0.06923434991894782,0.3347921619199989,0.07033466396306394,0.7166665020538797,0.004911720213184465,0.008437056475947663
0.10126857009637466,0.6397376420864065,0.4601547694180145,0.2096957362666416,0.3419437601727311,0.4426670382211832,0.29543009314141694,0.20474996294296954,0.3077316655529787,0.31325695050490104,0.36394278587824114,0.2695233545039266,0.1689911957887417,0.420146678901735,1.231339129686545,0.18089196844840238,0.47191642518830207,0.24375308121366274,0.36360764291850206,0.4627037511681401,0.4097097245868716,0.23463883834707308,0.13467034350523757,0.34862822364963725,0.37274579368482796,0.5915923610069846,0.43342637760922903,0.6104391959807911,0.2529750281500452,0.35028186977692755,0.398656300417214,0.3130725564194788,0.34442853868602685,0.5484202874596266,0.3093343009450308,0.24031917221708612,0.5147139895388231,0.3365977949951429,0.10309028062196389,0.0029135157217296155,0.37725198511195274,0.3961394448620201,0.3053227636897109,0.07924599727240605,0.026617006389038526,0.02764780212663353,0.33292861718553235,0.1281467094728519,0.5385781635208667,-0.05368302811230355,0.05135210582832389
0.09589751718631591,0.47630705584092503,0.4047818757679454,0.34186124662372397,0.4034452635517152,0.36672881506659466,0.35218035021375416,0.3085414670628994,0.278199399258839,0.2916739270118986,0.31172326270349066,0.32520037476460273,0.2806810473135576,0.4540249612934511,0.18089196844840238,1.1237088587584085,0.30872902783768225,0.32289782157906854,0.4104635216788346,0.4098973012363621,0.28439225545323316,0.6091498108223149,0.2811608444772824,0.3534674716239856,0.4152130999529908,0.27786997418874093,0.23828365468769702,0.2537604132563992,0.5839864727522545,0.08073655442795047,0.28766491055305005,0.4904217968607227,0.2077231214232343,0.49183678966797845,0.5915848637086759,0.3405065391982864,0.4113224194012751,0.24924590814834297,0.5470933267604173,0.25653793387260454,0.28671004391229016,0.29575542337023863,0.3160696377334468,0.21805047806493907,0.13466850665645247,0.21103625169321927,0.2669895631939214,-0.10335459982685331,0.4981675590228925,-0.036136275165014144,-0.029352152523945053
0.09023969534255259,0.5148574752668749,0.5211483759147457,0.2361148990732445,0.30651209145088587,0.48299659085994634,0.35388958623352507,0.31478674533125506,0.3825213051964407,0.32572730871138317,0.3729390706031279,0.25425124932911486,0.2356496892606747,0.4331020531615276,0.47191642518830207,0.30872902783768225,0.8673572726924399,0.39270477922291264,0.40779117782445773,0.39881834268895905,0.4989450936073328,0.36841558942270375,0.21679782526336594,0.3257150462959923,0.3280179214119499,0.45483128536729384,0.2644687656292064,0.8711037969793729,0.32881224121602165,0.11240972022894258,0.4421729125168268,0.35189675495086103,0.3348172212292222,0.5278381854504035,0.39848188485233993,0.25741190819240595,0.6780752055485605,0.35654620454743047,0.23749107337541886,0.1464107333737692,0.3832334866643545,0.49898325601804727,0.2913659842303657,0.07086545308933706,0.23960039445286718,0.09690513531192635,0.3388053380727479,0.05370535124518036,0.3504332301744833,-0.07268560967409773,0.013038599798047126
0.11747919157550224,0.6733157217724368,0.5015055932117954,0.39587164199818536,0.36628059307090366,0.38011447343803173,0.3540269568589701,0.25352921776565784,0.2951520023367563,0.3226787280967222,0.2979982950547158,0.3079718094514664,0.24204510663247972,0.3496210025839349,0.24375308121366274,0.32289782157906854,0.39270477922291264,1.218496144185736,0.37572740847717395,0.10994474230090878,0.4721519636498366,0.3181189651858503,0.43752666695763043,0.2245485850557539,0.2211893675083043,0.7353172448097534,-0.2163242705540962,0.320555212539695,0.3423758409549847,-0.048792666751242664,0.6990302168181335,0.40177201376192606,0.10180984499609388,0.641325635762224,0.21461465761976223,0.1590700004787944,0.6093243041574112,0.2989301177259049,0.4022820970774564,0.19926484426973126,0.3277868573903269,0.44731838094177456,0.1190569179683741,0.016142775740085415,0.20957753513444424,0.3357348193502653,0.6142834695160843,-0.0034503097921051978,0.20703926365358208,-0.035667116479217754,-0.029098776521263008
0.12022104503491,0.4975577202942994,0.4826524498063067,0.3157900686968036,0.5483681441061115,0.5643652031271493,0.34565179539787977,0.33803429016660314,0.39098194453016005,0.3209476002372815,0.31722455757111084,0.30871269558686604,0.25942192734619296,0.41396863741910334,0.36360764291850206,0.4104635216788346,0.40779117782445773,0.37572740847717395,0.7869404245433778,0.2800562327272809,0.4224319964381542,0.4156111542096292,0.11959216839043471,0.31607985182819787,0.3005156630364708,0.4183746649960669,0.17262781565774643,0.47157436895057087,0.2948229002137348,0.1521060513928569,0.4573466717993585,0.39346886169526285,0.2742650154498742,0.6063633748907656,0.14811152030210264,0.2389974110026875,0.5311178393750176,0.44987843049741283,0.3080100165966151,0.07198174435328279,0.2831943544900464,0.39569170804125714,0.24005150282406695,0.14021373071607346,0.13091325448158483,0.1692059242872537,0.33443459912594414,0.022219408233769417,0.3436097987992475,0.018639404368740228,-0.03610378017979754
0.07674836323252478,0.5397654949465497,0.41864843888479353,0.2178932953276318,0.22317692774658401,0.4282698351548274,0.37376019305114433,0.2934388857311906,0.368791548553153,0.26435578755249295,0.3499706078141866,0.32373026224352647,0.23177346755630596,0.3786051419572753,0.4627037511681401,0.4098973012363621,0.39881834268895905,0.10994474230090878,0.2800562327272809,1.531786280134478,0.13827829636093425,0.34262466789137125,0.3489159062165711,0.3932351637486472,0.49841075717002964,0.5729393988109415,0.6660816802218714,0.49968615896763846,0.5161939748965466,0.28877422813502146,0.193707006167282,0.3569274278981853,0.40014995381544083,0.43816993816886957,0.35073939432308143,0.1543995063261753,0.7683320866145618,0.18616804512093893,0.9219943150612155,0.1971352735711258,0.3751994837326081,0.15904331004115457,0.4007828673031374,0.14060743965985506,0.15374242161173457,-0.14674704455766144,0.259737876600518,0.25607080313672986,1.483519153579231,-0.023245704370984586,0.0005354574666775886
0.11773569280845932,0.7206808128646097,0.5371566074464519,0.23562278425598218,0.30534918430965663,0.5013907678506575,0.45788641382966244,0.20966739558918396,0.41843396443126135,0.28457088894480936,0.3473682898348235,0.28362734641723575,0.23044724043775153,0.4104452847240931,0.4097097245868716,0.28439225545323316,0.4989450936073328,0.4721519636498366,0.4224319964381542,0.13827829636093425,1.0524647489954173,0.34603807776840073,0.19455315525978928,0.2781656644292713,0.3034574429952808,0.512560883831744,0.26014626315634337,0.10861472573367816,0.3385288500871639,0.1877782495660945,0.5298913617079478,0.432054791557932,0.11235149893563652,0.6482780667530916,0.640868759973483,0.47433270111527875,0.5509406916533492,0.44080208823753925,-0.0906119495799511,0.23071931221035236,0.5792948910346958,0.9713987860927297,0.23766358365787538,0.05891563871879111,0.2636690474015121,0.29138863040261936,0.4246514949455801,0.008943728708715506,-0.12456422948297276,-0.03257765779583488,-0.011616171931760207
0.137833820767808,0.5184304114480058,0.5701829415291554,0.24252132181256295,0.34087575124218966,0.45797631394474947,0.4081941385113246,0.27648950886206586,0.6367158099719934,0.28908958211016517,0.31024560771381104,0.27289043290072074,0.30345047956244875,0.4223010758504156,0.23463883834707308,0.6091498108223149,0.36841558942270375,0.3181189651858503,0.4156111542096292,0.34262466789137125,0.34603807776840073,1.0710750428481863,0.37527379337504807,0.3799042039065373,0.3839466685527224,0.3360976643178601,0.41428398866076344,0.27784738966528566,0.4292895140302465,0.17357424721617487,0.33370518954560374,0.4839181551799501,0.34153715923169514,0.31152506493451576,0.4218443722547214,0.49943601985374314,0.3967043914144554,0.331807778226541,0.529319276326391,0.21084859503891637,0.23032985492683494,0.350717498368715,0.37517216563620015,0.17644678703594693,0.23369021065934004,0.3877206525184038,0.29790544755567966,-0.3458372961541079,0.4936742007317371,-0.04817639495820588,-0.0024426709352543203
0.04408931063019097,0.05251249345948576,0.2811090098396113,0.21962314654366621,0.1773940487282751,0.20095706725556775,0.35347680713871693,0.18636221411043155,0.33863263875888727,0.2330249388173343,0.25968235385136573,0.40196438684586805,0.22107332798095508,0.27886039753213343,0.13467034350523757,0.2811608444772824,0.21679782526336594,0.43752666695763043,0.11959216839043471,0.3489159062165711,0.19455315525978928,0.37527379337504807,1.9971296509412388,0.4984389246160612,0.73260173872343,-0.10213272007540705,0.47201512739699486,0.1789852698821585,0.727733333853749,0.3997323827299983,-0.43635107740634227,0.2147102445461406,0.54018683571735,0.40221591584826666,0.381706875840726,0.16591276109544792,0.5660984640397464,-0.05895394104308289,0.8838878226967507,0.06436509675262843,0.3205172271997795,0.1877056941168321,0.2611874898251457,0.09546880194217824,-0.16052587769324228,-0.013199320880709993,0.47930023194652155,0.1649317294692454,1.1800643698960518,-0.08458035404465894,-0.0023252849756702646
0.04111097347530933,0.3537789165101246,0.39845755889943696,0.24452229577032586,0.26073337256111206,0.3567931814523965,0.33788143155988243,0.2660149644926388,0.3818089456613766,0.26431671146158425,0.3024347679525095,0.31442235138796604,0.23895507706757604,0.34908372294726453,0.34862822364963725,0.3534674716239856,0.3257150462959923,0.2245485850557539,0.31607985182819787,0.3932351637486472,0.2781656644292713,0.3799042039065373,0.4984389246160612,0.7564326031310742,0.4642586186686258,0.3311213142759507,0.44236601532622244,0.32424515802802123,0.2508615383209742,0.5886704965530599,0.2925175127944182,0.3739687196257137,0.8258889145877951,0.4007059000126487,0.3784627859278471,0.27994065655429573,0.5041192902323636,0.35159825967347735,0.2726229172383167,0.004124552777511221,0.12606171496666016,0.2834900350553808,0.27446897971131834,0.1233667320427084,-0.06169379648605369,0.0319910187358246,0.43117531294767847,0.05926312823317254,0.7160861027508291,-0.06861746058186298,-0.00790126458505325
0.08323860290314822,0.5334269962927393,0.5429438173405841,0.29983794574721007,0.3016930857087883,0.33615153720281016,0.3502525205043031,0.3816934553797347,0.2960338894814946,0.32257049127477444,0.3536957222884302,0.4777470760112917,0.2643467697352938,0.37083523893744064,0.37274579368482796,0.4152130999529908,0.3280179214119499,0.2211893675083043,0.3005156630364708,0.49841075717002964,0.3034574429952808,0.3839466685527224,0.73260173872343,0.4642586186686258,1.872295872259796,0.14677806409720942,0.6430228994385128,0.17250142175542799,0.7546233058965504,0.4317947215412825,-0.17187524200008628,0.3179018175536065,0.4026352830600399,0.7118996699887677,0.5063186181609876,0.36465459513878007,0.6345193036296951,0.48649258502157783,0.2986970454459595,0.012015198165471254,0.4836012331782997,0.32919986705807525,0.47200353553526636,0.23360947918931602,0.05245059540858373,0.07356513926896756,0.3883922926750685,0.0703801236887534,0.39851870611709533,-0.07206670147817865,-0.01723009927385184
0.0130021788414025,0.5860779716218447,0.37789341816367106,0.3529823951371873,0.40203132731717384,0.5423105579633473,0.37403432153972505,0.3012500306490237,0.42541621098721233,0.31418266864605615,0.3610028072203919,0.22242953204702612,0.23157161447718286,0.5280719021051913,0.5915923610069846,0.27786997418874093,0.45483128536729384,0.7353172448097534,0.4183746649960669,0.5729393988109415,0.512560883831744,0.3360976643178601,-0.10213272007540705,0.3311213142759507,0.14677806409720942,2.853734426866742,0.3405941214828615,0.35924795839748774,-0.22462761606853823,-0.4893685107759264,1.0583204716507721,0.7669325611961828,0.32387037498647103,0.8018920271228673,0.20086022479223126,0.2583721058033964,-0.3961582746961548,0.5057846168325668,0.3827055780001817,0.34185635416730664,0.27599828309833097,0.46606033684900805,0.016044632268048586,-0.04299015143092698,-0.3888419608495461,-0.25097676165245586,0.17388548279245966,0.20040179019507587,1.4487918277924383,-0.023359368112418136,-0.032205537667847
0.10693702598071213,0.6332894868600646,0.3783300708488542,0.10656255292324582,0.0780671429594176,0.3086944871639107,0.2868488591502516,0.3256819408113819,0.4449683351164652,0.2618967389690697,0.31031257420023123,0.32844728351557634,0.21040088249728758,0.34825691047498125,0.43342637760922903,0.23828365468769702,0.2644687656292064,-0.2163242705540962,0.17262781565774643,0.6660816802218714,0.26014626315634337,0.41428398866076344,0.47201512739699486,0.44236601532622244,0.6430228994385128,0.3405941214828615,2.278382305072139,0.29784426165264866,0.3646774519837913,0.19563371546215844,-0.05586360716862543,0.2811958938622872,0.7023858715692239,0.13676260404278026,0.608890667912213,0.6008290484229203,0.2943696777731479,0.680440759735841,0.5030249616585685,0.2631433086845391,0.516327082706338,0.2996946689499663,1.063462015476922,0.10986226694878523,0.5319569109250484,-0.4042650024139102,0.06180816853870907,0.2688402565803781,1.3844150359855016,0.04836980242829199,0.029450022154167727
0.13738679939283235,0.21263846753226964,0.353232895542603,0.11354650768466837,0.30355056181727325,0.5275570653680511,0.1428892450783922,0.3394782124069261,0.4009682391873633,0.2601195331945994,0.3219595079535105,0.1513032715888484,0.17295383219794638,0.45918134269356287,0.6104391959807911,0.2537604132563992,0.8711037969793729,0.320555212539695,0.47157436895057087,0.49968615896763846,0.10861472573367816,0.27784738966528566,0.1789852698821585,0.32424515802802123,0.17250142175542799,0.35924795839748774,0.29784426165264866,4.3621881670941764,-0.19448926773054212,-0.07915043895085934,0.4091897702851262,0.2221483791125844,0.6608174510172344,0.165428003721314,0.20696342115103433,-0.331023157126058,0.970538945728832,0.43358000566824817,0.39651777314583325,0.055667177571521204,0.5006217474865735,0.02290063425733688,0.6233536927912904,0.056833404689413246,0.34415202462979355,-0.59081717168105,0.17201432292538404,0.444290314115585,1.4152195752320869,0.28180846058137915,0.08147032415402508
0.05449358956421098,0.7898822159238228,0.67786138305173,0.30142293650196006,0.3233014939914609,0.3854674140825509,0.38638132185043844,0.31823601697983694,0.25531502227692426,0.36840181638003583,0.3410452529166731,0.3879232970039358,0.31505462427989345,0.36650244429300144,0.2529750281500452,0.5839864727522545,0.32881224121602165,0.3423758409549847,0.2948229002137348,0.5161939748965466,0.3385288500871639,0.4292895140302465,0.727733333853749,0.2508615383209742,0.7546233058965504,-0.22462761606853823,0.3646774519837913,-0.19448926773054212,2.693599229626148,-0.2751340014977288,-0.38773683206755294,0.3383174955469311,-0.06080035071232346,0.915389756967671,0.4445040988803037,0.7390163002720201,-0.11729987522560405,-0.33178461789333935,0.543783598695633,0.24858634378722297,0.46110855932512657,0.34049365554900624,-0.0021521012746230903,-0.04947219872436134,-0.3479862067785227,0.39715180296085767,0.11753437422546684,-0.20065168724327953,0.40513866997884584,-0.18922260358795875,0.017490558679583684
0.11151355450760397,0.14882871475752577,0.0770210959634758,0.11927030959856703,-0.0351591498714375,0.12524939565993023,0.18030410042253983,0.19753026164021714,0.28671747598393726,0.13238956963320436,0.16202010881947873,0.2122776021233515,0.14108050049773616,0.19494062434115442,0.35028186977692755,0.08073655442795047,0.11240972022894258,-0.048792666751242664,0.1521060513928569,0.28877422813502146,0.1877782495660945,0.17357424721617487,0.3997323827299983,0.5886704965530599,0.4317947215412825,-0.4893685107759264,0.19563371546215844,-0.07915043895085934,-0.2751340014977288,3.298580440147315,0.257302772086964,0.1086184184225163,0.4687126433349993,-0.22475566067616715,0.20945545680712088,0.23137960328967044,1.0507709773542302,0.4663432837136214,-0.035720270771774656,-0.3331516830874219,0.5068693214274961,0.19763308934631355,0.48205454366845774,0.18758026407680728,0.35185352689715277,0.42342594204716233,1.3644732765720995,0.10884540508724568,0.5271025175714307,0.011276985795325486,-0.041748799646106005
0.12519945148764056,0.6749417838852091,0.48981680771512953,0.3175400488995063,0.35118121009041336,0.4515321897480577,0.29776370167625965,0.2535494174858692,0.38768176110455077,0.28054892143219745,0.2921370334666866,0.10241510955116215,0.21834729565415484,0.3856786474410959,0.398656300417214,0.28766491055305005,0.4421729125168268,0.6990302168181335,0.4573466717993585,0.193707006167282,0.5298913617079478,0.33370518954560374,-0.43635107740634227,0.2925175127944182,-0.17187524200008628,1.0583204716507721,-0.05586360716862543,0.4091897702851262,-0.38773683206755294,0.257302772086964,2.4902486459712523,0.5082580514788247,0.392453983807876,0.48060705591743186,0.2020407683973484,0.498085510666494,0.5203976120630152,0.717023366086158,0.13387809998489925,0.15169868888755875,0.12154036895086061,0.516032900347226,0.13871186563936735,0.09355004085262326,0.5121970273615459,0.3302964865525614,0.5207761847848396,-0.1364038826316797,-0.3961250501683948,0.02010011444872381,-0.05441046177645547
0.08863328103756446,0.502290018535569,0.4329430728245684,0.31658740405694863,0.35954133789931014,0.4301093719216111,0.3667220903221764,0.26467160588170235,0.3760162086182131,0.28703905685358166,0.3326800849874921,0.39653537575217235,0.27294245211819673,0.3984707824837472,0.3130725564194788,0.4904217968607227,0.35189675495086103,0.40177201376192606,0.39346886169526285,0.3569274278981853,0.432054791557932,0.4839181551799501,0.2147102445461406,0.3739687196257137,0.3179018175536065,0.7669325611961828,0.2811958938622872,0.2221483791125844,0.3383174955469311,0.1086184184225163,0.5082580514788247,0.6646200521928317,0.24470285285971122,0.5107745866702343,0.33125328139889687,0.3694763714361251,0.21288681915783947,0.32378972310905685,0.3588563299398582,0.18560148120528724,0.2629930967410071,0.4092417367217386,0.16931185463796614,0.08174464656787604,0.033291897767949157,0.15583097926026043,0.30617486046376785,-0.0533543023465213,0.5352394064967573,-0.03267404418265606,-0.02978575732892954
0.03173299915392204,0.28841537002967677,0.3200823780238225,0.1949468876825387,0.24605679307031345,0.24973724949232637,0.3157209141701723,0.23606762052945324,0.44730434900336746,0.20529933602092107,0.2551232864064646,0.22626462534193956,0.19598062742417974,0.2856062273320496,0.34442853868602685,0.2077231214232343,0.3348172212292222,0.10180984499609388,0.2742650154498742,0.40014995381544083,0.11235149893563652,0.34153715923169514,0.54018683571735,0.8258889145877951,0.4026352830600399,0.32387037498647103,0.7023858715692239,0.6608174510172344,-0.06080035071232346,0.4687126433349993,0.392453983807876,0.24470285285971122,2.362036159094418,0.22075488987555167,0.02771536008678785,-0.07867866429290296,0.5513479675201884,0.6466513317412128,-0.0032420000894915566,-0.21280090849029687,-0.4287133766778591,0.1286535570403449,0.4031183841936873,0.14350171978349738,-0.4204511010910935,-0.37258137417312626,0.39088321742495974,0.3067875118125191,1.2649333815969446,-0.04980137627118498,-0.00030874578609428377
-0.4579923214277474,0.7773587287795255,0.4865001179692158,0.5352829454706355,0.7837994739768389,0.5606902439340652,0.6794212195403742,0.5006402537434803,0.2542959623028156,0.5356967347090401,0.4816694288768927,0.45273605302761144,0.35898307393355555,0.5173470680280045,0.5484202874596266,0.49183678966797845,0.5278381854504035,0.641325635762224,0.6063633748907656,0.43816993816886957,0.6482780667530916,0.31152506493451576,0.40221591584826666,0.4007059000126487,0.7118996699887677,0.8018920271228673,0.13676260404278026,0.165428003721314,0.915389756967671,-0.22475566067616715,0.48060705591743186,0.5107745866702343,0.22075488987555167,3.452438634468772,0.052737983350086906,0.056601852692264025,1.2082307564480144,0.5319265076909129,-0.2870481806651641,-0.20216414955481485,0.42785177135733565,0.6724040572237735,-0.09194180519122268,0.22569215772361653,-1.0276904590349034,-0.3738479148207831,0.3940408453200119,0.24456474943845014,0.596816571502486,-0.12446329736952198,-0.021081945872876217
0.13467752430322302,0.5793198914391019,0.6805602728046464,-0.06387870521621329,-0.0022431071803283987,0.2506218237129542,0.13004044689076866,0.35614918814840635,0.23529308737142218,0.2729897983490359,0.371514573121177,0.30977855148863387,0.27023786453761484,0.39392019998752914,0.3093343009450308,0.5915848637086759,0.39848188485233993,0.21461465761976223,0.14811152030210264,0.35073939432308143,0.640868759973483,0.4218443722547214,0.381706875840726,0.3784627859278471,0.5063186181609876,0.20086022479223126,0.608890667912213,0.20696342115103433,0.4445040988803037,0.20945545680712088,0.2020407683973484,0.33125328139889687,0.02771536008678785,0.052737983350086906,3.399140625519112,0.49761544477182806,0.387965462741817,-0.23978303125833758,0.3641741428438066,0.598570782011208,0.38452864499076805,0.6940588776453721,0.5509338994751259,0.2723050607120268,0.6055208453915343,0.4343987598795484,0.2371765730990635,-0.15790194114170236,-0.16751613035462434,-0.15552544124889242,0.07251781400858727
0.1744785710318502,0.6333807448810751,0.555002750446828,0.2118532573706533,0.165969921567382,0.2630323960706992,0.291466150272151,0.21036459530451354,0.362738786875616,0.24198201393224603,0.24707475530763381,0.18625054954411954,0.22506341875606856,0.252943482914312,0.24031917221708612,0.3405065391982864,0.25741190819240595,0.1590700004787944,0.2389974110026875,0.1543995063261753,0.47433270111527875,0.49943601985374314,0.16591276109544792,0.27994065655429573,0.36465459513878007,0.2583721058033964,0.6008290484229203,-0.331023157126058,0.7390163002720201,0.23137960328967044,0.498085510666494,0.3694763714361251,-0.07867866429290296,0.056601852692264025,0.49761544477182806,2.756305624897971,-0.2523782261840985,0.060584631854799904,0.23722978955519533,0.4927604959594882,0.7501070997873915,0.5155615194618564,-0.1275928171655204,-0.20119727825141137,0.2547629151155271,1.0820529514300699,0.03607675121117855,-0.8501636746765152,-1.6151757295577667,-0.10470081476397217,-0.03834724108609905
0.0419762302818195,1.055686450429832,0.6862529089348505,0.37259393365998894,0.47449134299804435,0.49187314435798374,0.5412183082422455,0.4533686042081691,0.47740794310283136,0.42663630956222126,0.43438823214624295,0.38397569104181567,0.3175421647351249,0.5267531791140482,0.5147139895388231,0.4113224194012751,0.6780752055485605,0.6093243041574112,0.5311178393750176,0.7683320866145618,0.5509406916533492,0.3967043914144554,0.5660984640397464,0.5041192902323636,0.6345193036296951,-0.3961582746961548,0.2943696777731479,0.970538945728832,-0.11729987522560405,1.0507709773542302,0.5203976120630152,0.21288681915783947,0.5513479675201884,1.2082307564480144,0.387965462741817,-0.2523782261840985,4.020091738300348,0.8029288552582032,0.2751179157726201,-0.16380503772309282,0.6777985108046202,0.6111950900534664,0.7325306113972653,0.2218936326407334,1.1994816256214886,0.19967325279041057,0.9461581644463402,0.24478013664034065,-0.050439987557214884,-0.03607026765591845,-0.005803260520867517
0.15192476285754847,0.5844799236534459,0.736806343784674,0.3082591005787302,0.3708116102756046,0.42729237042760665,0.31981178680713396,0.3687677744141783,0.40865864612825087,0.31687724614284457,0.3139798888807966,0.2738494873298998,0.25702796522010596,0.37125081412077043,0.3365977949951429,0.24924590814834297,0.35654620454743047,0.2989301177259049,0.44987843049741283,0.18616804512093893,0.44080208823753925,0.331807778226541,-0.05895394104308289,0.35159825967347735,0.48649258502157783,0.5057846168325668,0.680440759735841,0.43358000566824817,-0.33178461789333935,0.4663432837136214,0.717023366086158,0.32378972310905685,0.6466513317412128,0.5319265076909129,-0.23978303125833758,0.060584631854799904,0.8029288552582032,3.1723698625094245,-0.5042636206777632,-0.0393025764927792,0.5297081949809995,0.45420550820706485,1.004630620166844,0.22812529860190273,1.308373454594511,-0.32508438724657013,0.6098687491965012,0.45292808510604565,0.21193999269405775,0.08606880123622401,-0.03316800780485539
0.1868833221043124,0.1384230532388526,0.16214260900910454,0.250969957487339,0.19966950492974525,0.36313131914471275,0.23408395522272457,0.18625584425513556,0.3032015164951443,0.18860327048523984,0.23856253548512518,0.3757424635235643,0.21828784604047852,0.3290624614157066,0.10309028062196389,0.5470933267604173,0.23749107337541886,0.4022820970774564,0.3080100165966151,0.9219943150612155,-0.0906119495799511,0.529319276326391,0.8838878226967507,0.2726229172383167,0.2986970454459595,0.3827055780001817,0.5030249616585685,0.39651777314583325,0.543783598695633,-0.035720270771774656,0.13387809998489925,0.3588563299398582,-0.0032420000894915566,-0.2870481806651641,0.3641741428438066,0.23722978955519533,0.2751179157726201,-0.5042636206777632,5.756182689867608,1.1184051423415429,-0.10993645818609107,-0.1640480537943363,0.37665487889179916,0.5448552215649276,1.4772187540859183,-0.3139951949421961,0.3229713543679355,0.09188786676908191,3.5413428697940397,-0.05389594234084415,-0.0722142210117412
0.09552479195262724,0.14283995572256378,-0.05469118012104797,0.07566640868383681,0.037350188748509,0.1343713571883918,0.13712245118334385,0.036701402349654084,0.099085428023808,0.05800264872294203,0.1142094659114664,0.12493586161531053,0.1026558490379648,0.12711875553650018,0.0029135157217296155,0.25653793387260454,0.1464107333737692,0.19926484426973126,0.07198174435328279,0.1971352735711258,0.23071931221035236,0.21084859503891637,0.06436509675262843,0.004124552777511221,0.012015198165471254,0.34185635416730664,0.2631433086845391,0.055667177571521204,0.24858634378722297,-0.3331516830874219,0.15169868888755875,0.18560148120528724,-0.21280090849029687,-0.20216414955481485,0.598570782011208,0.4927604959594882,-0.16380503772309282,-0.0393025764927792,1.1184051423415429,2.018186133256496,-0.051965750837602596,0.2711289584779532,0.26278895626974397,-0.33552553659527495,1.510009915226042,0.44267073801233536,0.029955668622553906,-0.22442446337404726,0.2409616530501503,0.012673753779981803,-0.04248016316833329
