1.201430030765636,0.5061367139836397,1.2415369429083007,-0.0019003083228827503,0.16283987595721702,0.22645284167421215,0.24549913316316413,0.002122036572857771,0.2743908276021914,0.25283352705634116,0.19130340581617222,0.3147851654839239,0.10300615554270062,0.18126743523964772,0.23294467855345186,0.19613270949484216,0.14826190325728458,0.1674515517311423,0.15385977127474504,0.08106046366468106,0.20603748703633262,0.24854316363839435,0.0811441989171238,-0.054210651218994634,0.20259330000703812,0.12285724406186523,0.16788819633759125,0.11084309893948799,0.20873277411855315,-0.2349199786828692,0.04163525656980479,0.11304263603127687,0.09377916859563985,-0.19533781082419394,0.1953186897240904,0.24347922281447987,0.03306664311004934,0.19245130038353161,0.03420841951374503,-0.002482440992345265,0.17264019753822862,0.1817736331613183,0.00788474791315273,0.059854279063681445,0.18855247542459072,0.2045057334997953,-0.021992341980709026,-0.012687276607754545,-0.01362978724987752,-0.03327149929231549,-0.00430574403443755,-0.12997717966297764,0.14162556913383617,0.06917979528207789,-0.07242476481191965,0.08036974377240809,0.12557384886713163,0.023565745080156724,-0.33413517498777295
0.5061367139836397,1.887268182125585,1.1132747209943583,0.09305120384288819,0.05858008547483023,0.3338661645253363,0.2979971486225252,0.2571915585367955,0.3243532347284327,0.3069652460125601,0.2875834606582374,0.3013122255638074,0.18273254582580445,0.22392895251771033,0.29227287250661677,0.21643680473739993,0.27609042867831207,0.3499336816054674,0.17620043827985676,0.30314794233828046,0.29516539299610417,0.27785140257573493,0.10613562118625089,0.1258860112826437,0.2465189323753806,0.28346346673135026,0.2994386710753601,0.29491902769006645,0.36185003820421746,-0.06269131563774166,0.20409043629287463,0.22863979153191985,0.13028817318850136,0.1802315096755226,0.37784011527164113,0.31936326024648976,0.1487417481846434,0.27888966917199476,0.1694511946973616,0.10565102248926449,0.21326790238497206,0.26272710747537287,0.26492648419563547,0.0565454040109554,0.43749278099772404,0.2893993774480337,0.1615677527902056,0.007280054051349176,-0.047935648490894565,-0.10580343890708943,0.021035360404717676,0.1461242330042363,-0.04626781833202825,-0.03648453023578967,-0.08186061144864969,0.04504622411848242,0.041108941266846374,0.2699819045463892,-0.493648279884573
1.2415369429083007,1.1132747209943583,2.9527477549455416,0.30787481678682344,0.09690952849744196,0.49465142243193566,0.3799129598279077,0.5390732948665563,0.5749303381867603,0.5913937928304749,0.48482774998145906,0.4832105776083922,0.2824757651183389,0.3809185227412555,0.43633539290242035,0.356112160920019,0.38417274292055176,0.4205558442236791,0.31547676323378243,0.30235531834536383,0.4274442028635534,0.47998816273203737,0.24646003546566803,0.1379623653670647,0.4356031188146586,0.5193710590823026,0.4217028834990153,0.30727078176468553,0.5748790174409872,-0.34303779213813956,0.24368385209733795,0.35948521172650866,0.1785610185830898,0.13287859444750744,0.4492397036614365,0.6731733536295288,0.1595679302256738,0.4358872360142037,0.14466551405749686,-0.0032435639002675242,0.40448076875629907,0.3924759437847181,0.22411239988754128,0.16951963252761165,0.6146530500184323,0.574590424951163,0.10976021866701609,-0.006989126356560619,-0.2793994813810786,-0.18715826668453497,0.05415131352089726,0.09209083007315988,0.07253379961108682,0.014706089883351472,-0.33714831636653236,0.17443419176546157,0.17163807481161486,0.4088328114554301,-0.9340585717742556
-0.0019003083228827503,0.09305120384288819,0.30787481678682344,1.6119059222435166,0.07978630381507018,0.2652775486240157,0.3110808102778775,0.3115370533941868,0.14053272959788413,0.2805279396552522,0.24519107047217262,0.3820362506391841,0.1836245685572455,0.3485227245089357,0.19384756818223334,0.3159757036317215,0.2722203777939882,0.2551392297313337,0.13684288696577082,0.2251513234666673,0.20499580354672267,0.24119064939086712,0.26041246753172714,0.2883904702203837,0.2541955856038939,0.2818791634286801,0.24184142673246165,0.12033642799678174,0.2988498850463866,0.11948593603925377,0.22578006128476816,0.36587192980788125,0.1968830633868377,0.3503572801759663,-0.11230004131070755,0.2872563645360309,0.26544960017875135,0.35839124611073964,0.23644784979347344,0.041203930166935625,0.2470840608121035,0.19278294497738038,0.25357547512112394,0.1979212191403759,0.26031790173952657,0.25216864681090256,0.20661404626986676,0.01930276359847861,0.017473579531491153,0.16471005066025246,-0.06090541212174598,0.25756919472945267,-0.17612368071390397,-0.05099799608037325,-0.15199226011544598,0.022533038032547484,-0.03388164068347951,0.3049613611925213,-0.33310744785500823
0.16283987595721702,0.05858008547483023,0.09690952849744196,0.07978630381507018,1.1801239910432788,0.19889444689062077,0.12805855177473766,0.17424678241552677,0.11057287961721603,0.1028224176879214,0.1494394934067565,0.23769513664263914,0.1584560577906818,0.1901234494629738,0.17800205311698003,0.24977527646404274,0.12803869248869082,0.09925231499395841,0.3899641454639051,0.11823827981506681,0.12535604632653327,0.18894642980216303,0.069629929971589,0.13072099902464895,0.1272571684122288,0.048028121204014784,0.07588611483847471,-0.18691168195510463,0.1712796060329218,-0.017419590221539893,0.07450841248595017,0.10071881857029862,0.1268789498338196,0.23299912107039655,-0.16916991604803594,0.1940140921293269,0.26981297029539114,0.04766303002800101,0.20103894693991003,0.028042791561691847,0.17036630118179658,0.13530907792485536,-0.04700224929357744,0.03225510475828799,-0.10199076532262359,0.10877984233747252,0.07568181078676836,0.007785086650354237,0.2733039788775841,0.387011101732981,-0.05596071430438526,-0.6126161993516885,0.4630524493912308,-0.029234782840767325,0.0845443864400988,-0.08436808142953565,0.020036619895127724,-0.33962509371222555,0.3908961020531572
0.22645284167421215,0.3338661645253363,0.49465142243193566,0.2652775486240157,0.19889444689062077,0.7879423910632001,0.22656230701978078,0.20634605163401207,0.24826614374312792,0.2255920183107722,0.2504256641223857,0.3074558380040301,0.2050547008741131,0.2310179733619678,0.27164794437421996,0.2728546623646586,0.32579921835059733,0.21533750458893308,0.3795515105469249,0.29987320484886626,0.2806025967104128,0.28839086681483006,0.14423420811374343,0.24312226042635354,0.2198701680069672,0.2058217498535145,0.2204998704298264,0.21812821540072092,0.30147534761516315,0.05174329236024838,0.19943442739010006,0.24110728955305794,0.16398253446180008,0.2541765473868577,0.17126750960820186,0.2476641102936027,0.2806672455618251,0.27531593443428193,0.26715123265126667,0.11544171453793177,0.30277379218933637,0.24651648973092113,0.25029272534910124,0.06920787411928077,0.2713253389364786,0.21677481393509837,0.20256090601051194,0.01621098967220292,0.19566149459140755,0.17577541074473682,-0.1504432290775235,-0.0032105252201134736,-0.10742952949988537,-0.042475001570067894,0.04839204373687281,-0.0264322491387208,-0.009593016297858418,0.007780309771384848,-0.10134928693109188
0.24549913316316413,0.2979971486225252,0.3799129598279077,0.3110808102778775,0.12805855177473766,0.22656230701978078,0.7730607080969266,0.17308119192863716,0.27869446315032237,0.18903124849325045,0.26466949862186717,0.36205514801547733,0.1637494423486032,0.19498272480145798,0.16166587586773182,0.203299851474196,0.28481129954553575,0.24363561919227048,0.12206373612298543,0.2045835895669124,0.2581563919239215,0.2564448268575739,0.28683012767937843,0.24038798073490442,0.23387842157943844,0.22592245225020816,0.21893487636845904,0.12727869145082082,0.30368778812965264,0.11736257746850183,0.18884238426074101,0.17469034413442544,0.20523491674907599,0.26670593477214066,0.20232396550815737,0.24633939277047015,0.26468432709221695,0.2266718452973446,0.24024556568135472,0.11122204385882557,0.23322897463650166,0.23116265699615063,0.23382662559518438,0.07243477529788978,0.22816766056165602,0.2184372932834084,0.16913638778856194,0.01626529569594616,0.14029183975360401,0.005802397586109734,-0.03761175362095593,-0.10633960732841029,0.24934144857127785,-0.10907660516013053,-0.020152073535882213,0.014146458444363758,-0.061078723242418725,0.11103794511132183,-0.12171639070404412
0.002122036572857771,0.2571915585367955,0.5390732948665563,0.3115370533941868,0.17424678241552677,0.20634605163401207,0.17308119192863716,0.9162093870686316,0.14987227956575028,0.2112063896799654,0.2922443476003606,-0.0030277571978929107,0.21281410473085735,0.192802910585962,0.13533754648469754,0.16691815564255982,0.23172370539687576,0.27840230277612693,0.14944898943458096,0.2936680646878939,0.21506547009757906,0.1713726861346538,0.25532626216122006,0.2203720801049345,0.2637069465742877,0.48118435990127817,0.2203005321755957,0.07818399818802804,0.36799357737576693,0.1494609259296373,0.17501781920973922,0.19193505135523434,0.058702332721930164,0.4008769951555833,0.25900451341743586,0.1605585425681423,0.26376337099088526,0.23110279493169622,0.1919703222622935,0.1265205982892751,0.23059438567032625,0.19641936857922984,0.4315419027975619,0.06685615235332183,0.38315012025960243,0.2486473866723649,0.282563489801698,0.01819654717324866,0.013136118445390692,-0.0790372474174043,0.01227962582769673,-0.0652306656161222,0.18744873764863534,-0.1003228835557885,-0.0951959168743434,0.011707165502239323,-0.06967499075746568,0.4848183189652576,-0.4082266374473285
0.2743908276021914,0.3243532347284327,0.5749303381867603,0.14053272959788413,0.11057287961721603,0.24826614374312792,0.27869446315032237,0.14987227956575028,0.7231107937236074,0.1635629808524972,0.23602661066262076,0.22633777489178314,0.12450274494649163,0.2696331073085351,0.18762105750866442,0.16474346230035156,0.21923779698841972,0.20738872296323826,0.1550501733565307,0.1917768559999697,0.22968600972018338,0.40447156342401314,0.2615064284398755,0.24732837828042886,0.21190305067040324,0.32500119800559873,0.20060550463674778,0.24523702639006362,0.2091393690048286,0.10552568989172073,0.21687296345909463,0.24699720845607187,0.2730926877565491,0.13666983482985154,0.25456344594575725,0.27833619647987223,0.18502696946746106,0.27994987848798947,0.17932320437302146,0.08722485727321451,0.2575752612600494,0.2172690706051602,0.18718473286202944,0.0699349282678903,0.19318425010320237,0.2886283826360865,0.17326834596276322,-0.004130729659813905,0.1849643764576522,-0.07579252903782933,-0.027582169878856668,0.06271142590757373,0.1171462880866273,-0.0970878111883521,-0.013403002240968928,0.0733449256380593,0.03918101845898119,0.04868983434886287,-0.3036806484174418
0.25283352705634116,0.3069652460125601,0.5913937928304749,0.2805279396552522,0.1028224176879214,0.2255920183107722,0.18903124849325045,0.2112063896799654,0.1635629808524972,0.6932211886680221,0.19802439519949627,0.27703219259003986,0.19550025886701758,0.1829852880869632,0.27568867145567527,0.2075090725873629,0.2993624432017739,0.2165887891099455,0.1431886038492207,0.1764490258152636,0.13306928305941412,0.18971215011147574,0.1439827770831687,0.09360148832673001,0.22964333518580746,0.14201775730735333,0.22147112412201259,0.11748833062031618,0.3026503747978562,-0.04564349121979199,0.15015158589465652,0.1882629866929061,0.031304116233847844,0.24710682435443276,0.19120257628346715,0.21938692399747728,0.1284148787210182,0.16727345596077767,0.17928933159528038,0.07680141228705406,0.2313737317284455,0.14073744024958834,0.17665040522588207,0.0949821878936269,0.21828928605207928,0.14619115022793827,0.10850609627427935,2.8211050736759983e-5,0.028825383835603496,-0.003945367662007682,-0.01942003576341362,-0.025789955000654573,-0.0089284653174546,0.044083225869199334,-0.03151529850717105,0.15036246729950578,-0.03831303071724952,-0.09815675661853972,-0.06434296085789172
0.19130340581617222,0.2875834606582374,0.48482774998145906,0.24519107047217262,0.1494394934067565,0.2504256641223857,0.26466949862186717,0.2922443476003606,0.23602661066262076,0.19802439519949627,0.47470244609456097,0.2960051941069509,0.20145823163114143,0.24218051258500622,0.2512548888680387,0.2375142525888878,0.28950111210030316,0.2357743722069055,0.14015309722640812,0.28392990217487474,0.2418064110435756,0.24220709548452357,0.24867356186315878,0.24579963104954689,0.2601352693387268,0.3157071355461407,0.23926692997312216,0.19635486201180816,0.32887999826200814,0.11270322438272433,0.1976619597031996,0.21227083619691178,0.18113342497726365,0.2565476337949295,0.33595544434583263,0.2295005539819721,0.23042503677272066,0.2416135619143387,0.21899623619574873,0.14060501496704708,0.24904306239743487,0.23397487352177984,0.3033778291089269,0.04485708056323381,0.35480603931184157,0.25955299248339014,0.2122174130299349,0.014344369132792531,0.03832648898021625,-0.056824962893043666,-0.043499638945067,-0.0503656905282088,0.18816634441626048,-0.06998925755267457,0.0018383063770576603,0.004446644689290333,0.016464374991223982,0.2120593937006089,-0.34566556503078616
0.3147851654839239,0.3013122255638074,0.4832105776083922,0.3820362506391841,0.23769513664263914,0.3074558380040301,0.36205514801547733,-0.0030277571978929107,0.22633777489178314,0.27703219259003986,0.2960051941069509,0.8629480309795711,0.14066046735334475,0.3407711275573253,0.2922394088793802,0.339526268295342,0.29580540011233497,0.24014837030522898,0.17622033608456517,0.24719564895956295,0.2650006879460931,0.29447891287053907,0.2340841800112343,0.21640772265195796,0.3221440615725788,0.2711594670224261,0.3062810718642217,0.09101599809210852,0.33607759569146206,0.11201242288899677,0.17378842887780152,0.25425597119295473,0.1970422228561106,0.2282564882640633,0.3087547583814455,0.32959145717211635,0.1910849333880654,0.25627287558244466,0.2560699958536524,0.12265485027124562,0.2428881221449842,0.2539171229039719,0.25030222848435457,0.05175062381949619,0.42691256344445005,0.2473284264495473,0.20671115525650974,0.018289328039167187,0.20202911320049186,-0.043288308749708584,-0.054436221086434165,-0.22725751772802258,0.4025231125048559,-0.06005350719855321,0.09914433542299418,0.024620164137698335,-0.03327015549842398,0.11264335455031105,-0.4471514928257696
0.10300615554270062,0.18273254582580445,0.2824757651183389,0.1836245685572455,0.1584560577906818,0.2050547008741131,0.1637494423486032,0.21281410473085735,0.12450274494649163,0.19550025886701758,0.20145823163114143,0.14066046735334475,0.4330274203366686,0.13436448925967434,0.11560650983700455,0.19041243518219683,0.17758198504266356,0.21885066784683288,0.1658637112018347,0.1507979914219171,0.14581871708395996,0.17145801752930673,0.24825075935721044,0.19263693271900179,0.172905927297931,0.17200745739373371,0.19947849142424756,0.18327212939569554,0.26760000658518324,0.0984430041446476,0.12835525482205373,0.13091879429094067,0.18792408632843904,0.20394806782144592,0.1846346852366293,0.16721243890267057,0.2414028122900766,0.13385315600829323,0.18417781571462913,0.09157014945865113,0.23432363112228596,0.14870867663917836,0.2101827241907362,0.042767145473022856,0.21675359143524353,0.18942930717778814,0.17621782204396855,0.015088407485654593,0.08103859269569158,0.0865960172916255,0.004457422829993125,-0.0737251079241864,0.015942537046916276,-0.08286719570655658,0.0816068809447013,-0.06251893264454211,-0.031067691905254876,-0.03476341661899329,0.014653829661307335
0.18126743523964772,0.22392895251771033,0.3809185227412555,0.3485227245089357,0.1901234494629738,0.2310179733619678,0.19498272480145798,0.192802910585962,0.2696331073085351,0.1829852880869632,0.24218051258500622,0.3407711275573253,0.13436448925967434,0.691444071444988,0.2000917120081129,0.3985961353340903,0.25534718056115263,0.17229734114681428,0.1554163070955864,0.32279599773563555,0.249454853802108,0.3505663178507247,0.24402620213216736,0.3405510917359485,0.27750724285771783,0.28349380418692055,0.2559289052108364,0.24337478765726253,0.2203640864361128,0.18966357315281274,0.21405648243480535,0.5614360042552944,0.23847248746645425,0.24261778019375396,0.3675735026441221,0.2554478037475842,0.040565944655262406,0.38611386674534764,0.224980982073566,0.1738568387466717,0.35827586516988663,0.25681755471592754,0.3358359965823518,0.10506825997253749,0.3572572379555614,0.24888928337900243,0.23868417629835054,0.013944874261182226,0.2905588062245704,-0.05370790651770644,-0.054365362549635025,-0.0758931527685429,0.17098840982177663,0.00819653979455611,-0.13271978297689538,0.02518274558613467,0.10885721619530371,0.48790485671349854,-0.707093250722313
0.23294467855345186,0.29227287250661677,0.43633539290242035,0.19384756818223334,0.17800205311698003,0.27164794437421996,0.16166587586773182,0.13533754648469754,0.18762105750866442,0.27568867145567527,0.2512548888680387,0.2922394088793802,0.11560650983700455,0.2000917120081129,0.7893611694036127,0.2290016176110697,0.2969697174667305,0.2112877882508185,0.21727256674410486,0.25816731397092557,0.1966852246165477,0.22255245789862724,0.18535405468928165,0.23173227116254919,0.2979692157458274,0.17894455762641115,0.19638508907517663,0.31075983275276303,0.32873842134277614,0.11643828191124324,0.19698566100305423,0.21111475572900315,0.18617484878908605,0.20798230177223292,0.28013918214215655,0.1988296763211316,0.34629310721497647,0.24345563129877262,0.1688858329085878,0.0889257292574327,0.3443033199054453,0.2082303855215353,0.17457847367832363,0.06689668435324864,0.25769095971957623,0.1943873486724444,0.17772268442064743,0.010260108274973851,0.08926850357430198,0.12409559689674238,-0.10990440144040638,0.23570299566140981,-0.18707208529932873,0.09660973728063069,0.050847180617901444,0.10178498875758943,-0.06429159735843755,-0.2096316840236871,0.046104771710468215
0.19613270949484216,0.21643680473739993,0.356112160920019,0.3159757036317215,0.24977527646404274,0.2728546623646586,0.203299851474196,0.16691815564255982,0.16474346230035156,0.2075090725873629,0.2375142525888878,0.339526268295342,0.19041243518219683,0.3985961353340903,0.2290016176110697,0.8201891807414475,0.25049307795199227,0.17974225849138759,0.22658614124249432,0.24424014749621598,0.2872356820461222,0.4546170991344437,0.11426574938356285,0.24388161732127855,0.28498976060348075,0.21345788680945582,0.3038185540142067,0.2737141737781098,0.3135782347511584,0.09931925279493309,0.20063688624873988,0.2927797790172908,0.1780199164538263,0.2077434345297795,0.5518414857748886,0.2464470868976152,0.20598138172846642,0.34135499246890283,0.21412991404854698,0.20909446263830275,0.337295604939305,0.30869148266566676,0.39024625243053496,0.09586968313048964,0.36054156979792157,0.23549848502238008,0.20024492659659893,-0.005932093182119808,0.22200062467071427,-0.17958505487409368,-0.07107281117738706,0.0844394468938253,0.2834806632934092,-0.025200778823364047,0.18212632653538482,-0.0003685718211296612,-0.05148306897562897,-0.02187281324849655,-0.1912384142916767
0.14826190325728458,0.27609042867831207,0.38417274292055176,0.2722203777939882,0.12803869248869082,0.32579921835059733,0.28481129954553575,0.23172370539687576,0.21923779698841972,0.2993624432017739,0.28950111210030316,0.29580540011233497,0.17758198504266356,0.25534718056115263,0.2969697174667305,0.25049307795199227,0.7902484363382095,0.26167554647245156,0.20699509374421549,0.3679216859015403,0.2178989239407223,0.2682844629628351,0.25606128531489464,0.2628528304118141,0.26784514057817643,0.058356196436786203,0.2542894104486317,0.33982952813996603,0.3353666591399245,0.06759569278336655,0.24293596370265147,0.22807128750444827,0.2834963459270162,0.2696157494887393,0.3307522235698182,0.1624327834057057,0.34882358332462704,0.2846262891862559,0.3824633137385161,0.18074890795329268,0.3604390786130816,0.22154461762575597,0.4127776886019858,0.08529754439392598,0.3628771071598493,0.21159634138854716,0.22223362548635217,0.020399283172650592,0.1250431581324148,0.10347644619744256,-0.047697547531699185,-0.0016938193987860205,-0.020001970183264335,-0.10307604910394622,0.15063819211676222,0.019862193887228742,-0.1124885167218188,-0.02856957081501385,0.0006773602905157421
0.1674515517311423,0.3499336816054674,0.4205558442236791,0.2551392297313337,0.09925231499395841,0.21533750458893308,0.24363561919227048,0.27840230277612693,0.20738872296323826,0.2165887891099455,0.2357743722069055,0.24014837030522898,0.21885066784683288,0.17229734114681428,0.2112877882508185,0.17974225849138759,0.26167554647245156,0.8232363259183093,0.13474362958116548,0.07991123698119805,0.2929690965834528,0.19740006627087345,0.6253525602000101,0.2456661022611296,0.27510540922299004,0.3275277898712673,0.18524760234531032,0.3953826423854839,0.4132007562044793,0.08710765017807313,0.28095040182180336,0.18685583899269814,0.26982777358296545,0.30444523776593113,0.36313727129458895,0.09834882388030114,0.3927146705863327,0.22988995210383825,0.24735853972964555,0.15107287548894513,0.44023604598270943,0.24920496449498003,0.4596594725943596,0.048282150616178826,0.5346199666547273,0.2879878665653666,0.42377166121598936,0.024980621824678317,0.06268414097768626,0.1066227246657063,0.01660655797631478,-0.027568462467969214,-0.16403669119535266,-0.04794287301846349,0.08856833641909224,-0.04632875009500896,-0.2091529971237138,0.400111089805449,-0.3436935963511419
0.15385977127474504,0.17620043827985676,0.31547676323378243,0.13684288696577082,0.3899641454639051,0.3795515105469249,0.12206373612298543,0.14944898943458096,0.1550501733565307,0.1431886038492207,0.14015309722640812,0.17622033608456517,0.1658637112018347,0.1554163070955864,0.21727256674410486,0.22658614124249432,0.20699509374421549,0.13474362958116548,0.684650322651408,0.12417575040533997,0.18704292596300817,0.2319196130560036,-0.05865794286863442,0.15272225208606766,0.10824494451746348,0.10061258006117106,0.12093623079163322,0.2184210428713029,0.12115658116163584,0.022770980152434814,0.2174149232138096,0.18377719566711037,0.19300906734342466,0.18450621260984443,-0.02694199673949961,0.2704892405187361,0.24135328896830657,0.23706441766663608,0.1770899771864738,0.03233997942022601,0.23689101233811344,0.1656575309299334,0.06107414613141401,0.0747559815512683,0.03557376473772312,0.2317899017191417,0.08044926834634852,0.01715774995100743,0.039578530887358854,0.0821126516492748,0.11704507531019888,0.4704351018931789,-0.3055369108195512,-0.16261131100384169,-0.06159881267823747,-0.013538735110941887,0.05570878209280329,-0.07583249870928041,0.026874797563004815
0.08106046366468106,0.30314794233828046,0.30235531834536383,0.2251513234666673,0.11823827981506681,0.29987320484886626,0.2045835895669124,0.2936680646878939,0.1917768559999697,0.1764490258152636,0.28392990217487474,0.24719564895956295,0.1507979914219171,0.32279599773563555,0.25816731397092557,0.24424014749621598,0.3679216859015403,0.07991123698119805,0.12417575040533997,1.0515749766051687,0.22264715078958097,0.23163012002727146,0.39267615217980195,0.4236296133236131,0.3585067192387393,0.25847878205556607,0.31855538660975447,0.24154685694909542,0.5930908487409752,0.4067798515525372,0.11811393779520069,0.25006635832338053,0.18336171877951934,0.2997046066972387,0.5141535099815244,0.17985768878074432,0.37878991132197504,0.3445680415560892,0.3561880382882664,0.29688791333416115,0.15783887341977074,0.25568970651284556,0.640281735658151,-0.016691570646464423,0.5897014547289613,0.22048086096709438,0.29159152370050534,0.0459962039556994,0.28872992957839644,-0.10687772888740528,-0.11593994481463905,-0.11414556212395373,0.38404293511738735,-0.10963401781495566,0.17295098027116876,-0.06809288967009397,-0.08127052740137813,0.34648812871678547,-0.3309327529359267
0.20603748703633262,0.29516539299610417,0.4274442028635534,0.20499580354672267,0.12535604632653327,0.2806025967104128,0.2581563919239215,0.21506547009757906,0.22968600972018338,0.13306928305941412,0.2418064110435756,0.2650006879460931,0.14581871708395996,0.249454853802108,0.1966852246165477,0.2872356820461222,0.2178989239407223,0.2929690965834528,0.18704292596300817,0.22264715078958097,0.9536788158098766,0.2584662638957349,0.3268607944196457,0.27319061044634657,0.2529651320486961,0.30629095329574624,0.1940233581320482,0.4455074570258792,0.24803040962618023,0.06023473622510935,0.23348110889337925,0.22495572792326227,0.3083501756336379,0.1532895497815827,0.5679726269616707,0.09722612214941116,0.3154324531617493,0.36084538616722134,0.18395233085138032,0.22216773457465705,0.3833170807291122,0.664481180089363,0.36272001032436474,0.053237261109249874,0.518586543341052,0.20619214678489553,0.2388290560910071,0.04552254307477768,0.05532726883352834,-0.049606305944876576,-0.04035743953070305,0.07770689502393478,0.059808366192653326,-0.0810366647606298,0.028604755777056252,-0.023163665774138066,-0.017089009761031306,0.19144933064317274,-0.27891915931474637
0.24854316363839435,0.27785140257573493,0.47998816273203737,0.24119064939086712,0.18894642980216303,0.28839086681483006,0.2564448268575739,0.1713726861346538,0.40447156342401314,0.18971215011147574,0.24220709548452357,0.29447891287053907,0.17145801752930673,0.3505663178507247,0.22255245789862724,0.4546170991344437,0.2682844629628351,0.19740006627087345,0.2319196130560036,0.23163012002727146,0.2584662638957349,0.7860777707281575,0.2020580537183211,0.291616168174286,0.26158018507088804,0.2630652071953372,0.2545013784564259,0.27170035561439304,0.24163953830618104,0.16481883683378265,0.24428965958886145,0.2816626985163676,0.2887929137816566,0.16437337161994237,0.3594547440355202,0.35362713378437843,0.26376134137859647,0.38339180959683733,0.20841298397949976,0.12451722906865666,0.34299768174918926,0.27562317217453786,0.2519689596969049,0.12955054070882557,0.11903711107091586,0.3600728453603252,0.22521857350609673,-0.04389560811779748,0.4932917060468217,-0.10269230855017779,-0.041340179838993366,0.09323716652108287,0.20860675456826383,-0.11484381772770053,0.06076087248484126,0.01570353678056882,0.028656964171101158,-0.0011676563239573984,-0.2521681862710438
0.0811441989171238,0.10613562118625089,0.24646003546566803,0.26041246753172714,0.069629929971589,0.14423420811374343,0.28683012767937843,0.25532626216122006,0.2615064284398755,0.1439827770831687,0.24867356186315878,0.2340841800112343,0.24825075935721044,0.24402620213216736,0.18535405468928165,0.11426574938356285,0.25606128531489464,0.6253525602000101,-0.05865794286863442,0.39267615217980195,0.3268607944196457,0.2020580537183211,2.114601167114524,0.7239943241982613,0.5799064078277053,0.09078433800674074,0.2926542492666178,0.41906106110000524,0.8964429615552638,0.388933965936988,-0.0910413450688694,0.21534528305742673,0.5765702618149574,0.2462416391318435,0.46327519542718243,0.008280006262584176,0.6849654922807701,0.16947489726971057,0.4254255620427373,0.22938156900583404,0.8709253025581319,0.2857691963582307,0.6405965463558826,-0.020850229990508295,0.6110989136400893,0.28257132360883835,0.519114520952584,0.05246319196229722,0.45336674305931235,0.13179061757117205,-0.05861639059300189,-0.45434382874516854,0.28898741370499226,0.01699717105498968,0.23716643944928573,-0.148353016781419,-0.5663003877188815,0.469638986065081,0.026353570705076396
-0.054210651218994634,0.1258860112826437,0.1379623653670647,0.2883904702203837,0.13072099902464895,0.24312226042635354,0.24038798073490442,0.2203720801049345,0.24732837828042886,0.09360148832673001,0.24579963104954689,0.21640772265195796,0.19263693271900179,0.3405510917359485,0.23173227116254919,0.24388161732127855,0.2628528304118141,0.2456661022611296,0.15272225208606766,0.4236296133236131,0.27319061044634657,0.291616168174286,0.7239943241982613,1.122463476250441,0.29622688794241536,0.19269778818174219,0.2870327438091542,0.4574166901893427,0.2710650958501742,0.7358072641016893,0.4494259834412397,0.34037145070694746,0.6390008141638809,0.21407065032822048,0.45240566547965666,0.3155323311238914,0.5714257578125508,0.44964123610356693,0.348978617534819,0.22345066351671003,0.6721460435533809,0.2834335782532837,0.44579544051016007,0.05709196004055877,0.41059699936899147,0.4784483582363354,0.4828179080655017,0.06384194981231527,0.3973813275004406,-0.02131729449251859,-0.08970901545564951,0.014349607005467528,0.2509286608354333,-0.15954529293107847,0.09870832194493362,-0.19150379249968708,0.033807293521955106,0.4669697798683725,-0.5136597938546176
0.20259330000703812,0.2465189323753806,0.4356031188146586,0.2541955856038939,0.1272571684122288,0.2198701680069672,0.23387842157943844,0.2637069465742877,0.21190305067040324,0.22964333518580746,0.2601352693387268,0.3221440615725788,0.172905927297931,0.27750724285771783,0.2979692157458274,0.28498976060348075,0.26784514057817643,0.27510540922299004,0.10824494451746348,0.3585067192387393,0.2529651320486961,0.26158018507088804,0.5799064078277053,0.29622688794241536,0.8412746928022814,0.2895403404772796,0.2552256197263671,0.263036438000181,0.8092434858974439,0.29660534429720253,0.02339436713367599,0.22694654848873236,0.19773758648037829,0.34539845479404474,0.46809649538828857,0.21641645009799074,0.54463667947298,0.2828303100604126,0.25233663152180436,0.15550731655202665,0.34516975361820873,0.2614908430611238,0.4549751800438841,0.07721417121596562,0.48700377077170853,0.3289575142697876,0.33069126829612133,0.014305583413004109,0.10707327893257022,-0.06022931375803598,-0.035385831044259866,-0.09667847287794153,0.22300102117329546,-0.0022891663665501345,0.10801350859347106,0.036440920238738385,-0.12260190567623327,0.02572142285194829,-0.10184608320453996
0.12285724406186523,0.28346346673135026,0.5193710590823026,0.2818791634286801,0.048028121204014784,0.2058217498535145,0.22592245225020816,0.48118435990127817,0.32500119800559873,0.14201775730735333,0.3157071355461407,0.2711594670224261,0.17200745739373371,0.28349380418692055,0.17894455762641115,0.21345788680945582,0.058356196436786203,0.3275277898712673,0.10061258006117106,0.25847878205556607,0.30629095329574624,0.2630652071953372,0.09078433800674074,0.19269778818174219,0.2895403404772796,2.238490118528317,0.14765621968861958,0.4191826953741717,0.2796779713327342,0.2222088412838882,0.2813990866988676,0.2905755225596978,0.23046874897850841,0.3531891678690235,0.5422337951745665,0.20405512133947798,0.4137602438201218,0.3750818137646908,-0.5098866683392922,0.03411894887033616,0.1893892556511323,0.33643302527079016,0.4619273911549122,-0.005259185364357925,0.37550524413986897,0.39171683670875673,0.31520506655499264,0.028038382725349312,0.005404261216223973,-0.36648451856422365,-0.013782135202670806,0.1552783526409664,-0.023127249365497732,-0.12536822228667233,-0.05603639884234399,0.017488311026007834,-0.009698742303140948,0.5920133313272706,-0.7348947032759034
0.16788819633759125,0.2994386710753601,0.4217028834990153,0.24184142673246165,0.07588611483847471,0.2204998704298264,0.21893487636845904,0.2203005321755957,0.20060550463674778,0.22147112412201259,0.23926692997312216,0.3062810718642217,0.19947849142424756,0.2559289052108364,0.19638508907517663,0.3038185540142067,0.2542894104486317,0.18524760234531032,0.12093623079163322,0.31855538660975447,0.1940233581320482,0.2545013784564259,0.2926542492666178,0.2870327438091542,0.2552256197263671,0.14765621968861958,0.8542866951868893,0.30708392333347106,0.3203490057908128,0.06281975278112256,0.16162635329582262,0.29232168304161094,0.24314950099765534,0.20820474326253624,0.4126704104861723,0.3255825096052769,0.16089714626218468,0.306445226310018,0.24141835062439182,0.23433143816675686,0.3025142084964781,0.22321669611823403,0.5483926396994553,0.009920268766019156,0.5827244069825158,0.18114781088729773,0.17126349295060753,0.028769594798965813,0.12260811363472975,-0.13928963921777526,-0.05676261050770996,0.08528789508933214,0.09035716506181703,-0.015727133097795033,0.08763299667014929,-0.014699106743370279,-0.07433747823122677,0.39248969769025777,-0.47377244063443347
0.11084309893948799,0.29491902769006645,0.30727078176468553,0.12033642799678174,-0.18691168195510463,0.21812821540072092,0.12727869145082082,0.07818399818802804,0.24523702639006362,0.11748833062031618,0.19635486201180816,0.09101599809210852,0.18327212939569554,0.24337478765726253,0.31075983275276303,0.2737141737781098,0.33982952813996603,0.3953826423854839,0.2184210428713029,0.24154685694909542,0.4455074570258792,0.27170035561439304,0.41906106110000524,0.4574166901893427,0.263036438000181,0.4191826953741717,0.30708392333347106,1.592726680350929,0.15413874445749118,0.18984159050383562,0.37667516412850055,0.389326645452057,0.717426127000495,0.03319995565999324,1.1311731867829764,0.04946056503663406,0.37346185326526327,0.4114235063412799,0.17108660186372004,0.2540497500135142,0.5699955161297351,0.4160569008019824,0.4477740839365465,0.08708944052819935,0.5255507278555348,0.30676327473212445,0.2800539033792986,0.05030501044172652,-0.0883716562567718,0.14343259348657164,-0.10128799721106062,1.3102144503322641,-1.329701616790087,-0.06435625246363741,0.15417828012324095,-0.03962938629191688,-0.05498491322167285,0.054447482015209527,-0.1750014205306753
0.20873277411855315,0.36185003820421746,0.5748790174409872,0.2988498850463866,0.1712796060329218,0.30147534761516315,0.30368778812965264,0.36799357737576693,0.2091393690048286,0.3026503747978562,0.32887999826200814,0.33607759569146206,0.26760000658518324,0.2203640864361128,0.32873842134277614,0.3135782347511584,0.3353666591399245,0.4132007562044793,0.12115658116163584,0.5930908487409752,0.24803040962618023,0.24163953830618104,0.8964429615552638,0.2710650958501742,0.8092434858974439,0.2796779713327342,0.3203490057908128,0.15413874445749118,3.3755217328457574,-0.05396449283529502,-0.31649375250769696,0.24245219112068514,-0.13742454212333965,0.828487691262212,0.44443013419625865,0.7599234674896306,0.7457484146200035,0.0906465459304001,0.448023748998148,0.26696339780293793,0.3440840089217927,0.2696847800968434,0.7004272061635753,-0.045789161281293914,0.7144178396802816,0.35605399581736646,0.2720034830659773,0.015208128619366117,0.28683397894042123,0.0030921641493618147,0.043200244656427786,-0.114612340320347,0.12617200046610605,-0.0128149612683683,0.15378965742392428,-0.0221668922414073,-0.7716575933712949,-0.41320934989955194,1.1561033214416627
-0.2349199786828692,-0.06269131563774166,-0.34303779213813956,0.11948593603925377,-0.017419590221539893,0.05174329236024838,0.11736257746850183,0.1494609259296373,0.10552568989172073,-0.04564349121979199,0.11270322438272433,0.11201242288899677,0.0984430041446476,0.18966357315281274,0.11643828191124324,0.09931925279493309,0.06759569278336655,0.08710765017807313,0.022770980152434814,0.4067798515525372,0.06023473622510935,0.16481883683378265,0.388933965936988,0.7358072641016893,0.29660534429720253,0.2222088412838882,0.06281975278112256,0.18984159050383562,-0.05396449283529502,3.402386613726811,0.5330137663539385,0.030976680851072216,0.5356876622907042,0.3589504297534959,0.48442733670580296,0.05586880214971637,0.8140037709512988,0.28835603983947883,0.5238196523369025,0.276660991155216,0.36055035293699017,0.06551456478182223,1.0980509063711286,0.022852323456057026,0.8613579678894021,0.9045557252122899,1.4724700494910037,0.07431319114865191,0.7363830210296359,-0.35491576653019813,-0.010255492208132594,-0.567206107583034,0.9370011673162604,-0.2694995582139091,0.24063558751317526,-0.3727882247999566,-0.05309086257864521,2.3787433173015002,-2.451018306919303
0.04163525656980479,0.20409043629287463,0.24368385209733795,0.22578006128476816,0.07450841248595017,0.19943442739010006,0.18884238426074101,0.17501781920973922,0.21687296345909463,0.15015158589465652,0.1976619597031996,0.17378842887780152,0.12835525482205373,0.21405648243480535,0.19698566100305423,0.20063688624873988,0.24293596370265147,0.28095040182180336,0.2174149232138096,0.11811393779520069,0.23348110889337925,0.24428965958886145,-0.0910413450688694,0.4494259834412397,0.02339436713367599,0.2813990866988676,0.16162635329582262,0.37667516412850055,-0.31649375250769696,0.5330137663539385,1.279297674813642,0.20988330005840103,0.37603028606163386,0.2965965555998103,0.32888752429094675,0.38683435110332276,0.43856838044020613,0.6298227845246717,0.26439834817653524,0.10920090944459658,0.24115980994372713,0.2428776588200557,0.2548573913125495,0.1957836259578194,0.32330191073457765,0.4969681165206289,0.3635452554133814,0.05548749172556706,-0.1683953764995824,0.002031986601508593,-0.09435424941411898,0.3733981954885801,-0.04143165783600576,-0.22144348109055687,-0.03009155247287035,0.0146601471280186,0.3889010585978538,0.2596060644277934,-0.8431443224898668
0.11304263603127687,0.22863979153191985,0.35948521172650866,0.36587192980788125,0.10071881857029862,0.24110728955305794,0.17469034413442544,0.19193505135523434,0.24699720845607187,0.1882629866929061,0.21227083619691178,0.25425597119295473,0.13091879429094067,0.5614360042552944,0.21111475572900315,0.2927797790172908,0.22807128750444827,0.18685583899269814,0.18377719566711037,0.25006635832338053,0.22495572792326227,0.2816626985163676,0.21534528305742673,0.34037145070694746,0.22694654848873236,0.2905755225596978,0.29232168304161094,0.389326645452057,0.24245219112068514,0.030976680851072216,0.20988330005840103,0.9998131665780794,0.20555877673579687,0.3577406104372661,0.12962582521826133,0.3180560602439734,-0.2605100553462935,0.49556768745286295,0.17226978476600321,0.13768593394419934,0.29428413927048497,0.22882195145835107,0.2750524329030317,0.13594855517604443,0.3872375476594409,0.18064831105058107,0.1430086375791283,0.014409222875922771,0.05094143804084981,-0.02749912515714563,-0.04205426124481472,0.4827823268178811,-0.7070817389738151,0.14505416740659127,-0.44010151278053505,0.11057082659368048,0.07873986213372705,0.7327764035459949,-0.8846046684050758
0.09377916859563985,0.13028817318850136,0.1785610185830898,0.1968830633868377,0.1268789498338196,0.16398253446180008,0.20523491674907599,0.058702332721930164,0.2730926877565491,0.031304116233847844,0.18113342497726365,0.1970422228561106,0.18792408632843904,0.23847248746645425,0.18617484878908605,0.1780199164538263,0.2834963459270162,0.26982777358296545,0.19300906734342466,0.18336171877951934,0.3083501756336379,0.2887929137816566,0.5765702618149574,0.6390008141638809,0.19773758648037829,0.23046874897850841,0.24314950099765534,0.717426127000495,-0.13742454212333965,0.5356876622907042,0.37603028606163386,0.20555877673579687,1.5950740191506194,-0.15910684870231867,0.06826863687952649,0.05687113564747841,0.7738114236527349,0.2553577663793163,0.09603312732547867,0.003597746609082747,0.4849821164909529,0.2954582593005778,0.29387827704710434,-0.02491136428214889,0.2169773058675101,0.46559362214595656,0.3808046787720806,0.07928643701515806,0.1738743283297344,0.14595680079947407,-0.06923104679820516,0.04931757803828256,0.1555116266043633,-0.272170007212981,0.23005577001745342,-0.14129525902409842,-0.08831082283845416,0.3337737282733576,-0.35867612509953184
-0.19533781082419394,0.1802315096755226,0.13287859444750744,0.3503572801759663,0.23299912107039655,0.2541765473868577,0.26670593477214066,0.4008769951555833,0.13666983482985154,0.24710682435443276,0.2565476337949295,0.2282564882640633,0.20394806782144592,0.24261778019375396,0.20798230177223292,0.2077434345297795,0.2696157494887393,0.30444523776593113,0.18450621260984443,0.2997046066972387,0.1532895497815827,0.16437337161994237,0.2462416391318435,0.21407065032822048,0.34539845479404474,0.3531891678690235,0.20820474326253624,0.03319995565999324,0.828487691262212,0.3589504297534959,0.2965965555998103,0.3577406104372661,-0.15910684870231867,1.7606833593185787,0.2733037583027104,0.3636108777963307,0.4971432230132358,0.06929466379980952,0.41353248101179246,0.12002727586993954,0.2132644752522387,0.1687159560098243,0.4893559234811978,0.18378152831254663,0.2863768838813647,0.22272236231416281,0.4334802661898997,0.021717719962807813,-0.07267637764791177,-0.1506607206927613,-0.022923146426668158,0.1056084790907993,0.03673484313273233,-0.18186524515790287,-0.08864248220360509,0.017049260522158147,-0.30854479633879445,-0.16770735302551304,0.5071701025805448
