0.5658696655719425,0.12044900290111184,0.07847377099813395,0.06775557805131885,0.06653455262684965,0.04497918561759266,0.048028841463277225,0.056406891778111624,0.024727723003163428,0.03217709358572562,0.036095138923521855,0.04552483986404654,0.024173580883635644,0.02338898732984783,0.06654683921376442,0.03198310309542172,0.0025148509096357833,0.05646184935080712,0.02703306592705685,0.028888233432894844,0.05688062712796828,0.031181925611268955,0.01274147942755257,-0.043486487753507136,0.0657253319006565,-0.008239861339024712,0.029858922302547223,0.020835915233434605,0.07035252841782394,0.16586795701652163,0.033658547000882964,-0.03132791950158798,0.05508345896068373,-0.1127893773499638,0.04311150675347825,0.02758687232867143,0.032397847400681704,0.055665104017992274,0.05194886280602552,0.07198552792700397,0.08630624731881775,0.037065755194177166,0.0617687728890381,0.04684303536438823,0.029701350946358927,0.05493057964851293,0.04614284069737414,0.023160990282596643,-0.03952159471845154,-0.02208104533308633,-0.030607132277332846,-0.054906424628235466,0.06212808962804797,0.012652715547962889,0.074657044530279,-0.04147108407355451,-0.030388678149088404,0.06077606627587523,-0.00354880484991282,-0.025372694185497622
0.12044900290111184,2.1521348166480108,0.8895078881058583,0.1305910188541164,0.0505752625389718,0.10588214852150023,0.15694078068425887,0.13051581228329553,0.14014265771633946,0.2892336221555841,0.12024718080950876,0.17572959678993022,0.09238602583264174,0.1116653482714979,0.421797558351065,0.06011338479039221,0.18241619735769404,0.2164241740335301,0.08693115476497501,0.32702048893485147,0.22832429435688603,0.0741892262951501,-0.15073535952009653,0.0704699452538816,0.11412826466278649,0.09497307631559282,0.11099885088914103,0.2785819001534245,0.3406968702412963,0.31108869245961707,0.13884365357982809,-0.02118185569661259,0.20572787728794134,0.2100472932420995,0.29449328606188285,0.1480449247427027,0.5147389837706525,0.24377825413938753,0.07683260396423804,0.13710257638627218,0.07110106943977183,0.25175229206884847,0.15348955674338174,0.07126022192857397,0.36149686795884256,0.15038501379853023,0.30113890218902767,-0.10841582383155077,-0.046490217783473516,-0.05866994394852333,0.05703537307411241,-0.0021224482824212486,-0.00699988603427103,-0.02812927736505159,-0.1587688710396958,-0.043884666379173126,-0.6635323394829793,0.5126875998376261,0.09472916560087447,0.009666104778538737
0.07847377099813395,0.8895078881058583,2.3586318406998013,-0.0535998594213759,-0.20456291286769954,0.26206596041335023,0.17654673809176755,0.16055303198189838,0.2012681129471602,0.3155150360366702,0.08560989336020967,0.21391303021936015,0.06851387607424399,0.1371312772593775,0.3575167304311236,0.018494067793581745,0.3257006912672592,0.09064701602054649,0.04502323292924485,0.22669402358949592,0.184196351794196,0.1942601690153689,0.042054321328229664,0.30886315139232906,0.20516776915050933,-0.023002341828394796,0.058086415930502885,0.2168208288508185,0.48067689630159494,0.24962859738951157,0.18729018747301335,-0.07439505441918287,0.16082955378923933,0.1908404815253863,0.296519787332974,0.220843813840979,0.31114064496788224,0.27581692022379856,0.047530456896214254,0.14675919189585107,0.00810382968612314,0.19424153868267907,0.08991671482435636,0.11008529925444749,0.22665537120306847,0.1560506613668744,0.34868190545411754,-0.2304488950704295,-0.046649046805443385,-0.10813405209370133,0.007807366087453228,0.07203126154953321,0.0138278964576371,0.01293957358770934,-0.04027302846891631,0.1586099136143941,-0.17963702456710046,-0.23270079588870915,0.13685742306554347,0.0862752077197659
0.06775557805131885,0.1305910188541164,-0.0535998594213759,0.5847314021557356,0.38066872280777714,0.16127813956147993,0.1479111891119718,0.1516420486256228,0.035448235808080444,0.127688135919277,0.11600312184413392,0.1464216695482748,0.08814876487607731,0.11069408918116312,0.09837835337902423,0.13975274952669436,0.11436399364647358,0.10975395054463469,0.16192419175115852,0.05736614823313214,0.09672274956610423,0.11422336535252273,0.08653768979123728,0.07423700793242687,0.07580514792882748,0.0864912489227664,0.05887509384893583,0.040669651859298425,0.11494861136237897,0.08658436938160341,0.0473661718526559,0.07953903355892279,0.10336728208185139,0.14331808909092097,0.018038813458756856,0.0745632482170151,0.159782369517128,0.10790877595312143,0.12027626232901571,0.07397577893818884,0.05718725146038754,0.0897175365898183,0.0209385632825351,0.1623298242627757,0.010848571399570718,0.00750618431802141,0.16081786376884666,-0.002470981810151898,-0.061213350160559094,0.1480505001605949,-0.06452996276761959,-0.05647468243339614,-0.012873647262721033,-0.05726855463022935,0.2325142636148964,-0.0564749341532574,-0.5478450258291353,0.2985623024906492,0.07361032275286622,-0.08976978705133214
0.06653455262684965,0.0505752625389718,-0.20456291286769954,0.38066872280777714,0.8089001646396224,0.10975996371757997,0.14886631902858194,0.19091503094703138,-0.027756322619048507,0.2054148296469188,0.11641825832693345,0.19852714312353237,0.08730682892598618,0.11225549064851528,0.08021142072177108,0.14595225799617598,0.07467835003942294,0.11600331302935388,0.277662840221994,0.04477314060049215,0.09096844138391799,0.08807939940235275,0.048879522969835554,0.06809589524088405,0.0648256369345323,0.12725681658867893,0.05527728727214201,0.03639547364449047,0.0452148923444732,-0.012107435475364182,0.07005637202106281,0.1337217660898622,0.05222245115473137,0.1625007894952579,0.07624592376484589,0.10285682933537993,0.14184941074115917,0.03747926840969809,0.13592203409079084,0.104861397079513,0.052450743506831016,0.09626841316545566,-0.08064700338186669,0.12423754371528335,0.013837751941686002,0.04577129143669864,0.1288886467439988,0.002052091234372759,-0.008284547446158452,0.22611731667452042,-0.019961748622227313,-0.17719987706143184,0.0033637351238987854,-0.03978407635670951,0.01843992469646482,-0.09546956596864012,-0.11689321953730485,0.09836399093526194,0.02081410781775304,-0.1614283040439405
0.04497918561759266,0.10588214852150023,0.26206596041335023,0.16127813956147993,0.10975996371757997,0.5764384588997392,0.12718341800833657,0.30139016405654323,0.039751448069877515,0.0742419691117352,0.17903735060757414,0.15138584526014873,0.10043562002802858,0.1581719176510678,0.1625472294304878,0.15916339821543488,0.22240432907363003,0.07024543970902897,0.2420085872341721,0.2298527988400341,0.15069830514664526,0.14614660719661837,-0.005084605376812936,0.1702959685366396,0.13736641935347452,0.10984317948197699,0.1189694333805561,0.09796324765118058,0.1906576590861187,0.03465436693791429,0.13095767495039143,0.1566797269651385,0.055568406678407845,0.20359971372610888,0.02710002350604465,0.07988529985485793,0.1792208670158966,0.18699260316604352,0.14292648200247812,0.038337214908558764,0.08046991356287882,0.1203962523303929,0.15936022838474892,0.025502523126883253,0.10341600060557626,0.10134859335556386,0.13625497672736245,0.014443615810268217,0.13634808755135086,0.0015527389355157206,-0.1501416168298385,0.09440946119939678,-0.03661782953131133,0.04343478630866698,-0.0052266556074804255,0.07283415993791176,-0.05262894289681021,0.06546074621404362,-0.04841348268326035,0.14208578670053976
0.048028841463277225,0.15694078068425887,0.17654673809176755,0.1479111891119718,0.14886631902858194,0.12718341800833657,0.4422624774038269,0.060227109555959356,0.17015289849467907,0.13313666487646866,0.11912893475560762,0.3149063830336788,0.0793943149665103,0.2030116404435846,0.044343801071273475,0.17900846145870272,0.13594115220406128,0.09876268191574533,0.06784984791181953,0.05103869252119736,0.1281136671360067,0.195175176710179,0.11907501159495433,0.1578872968221858,0.11826249932705869,0.0919884676947118,0.09298935323983623,0.04643510494934544,0.10650249544074204,0.03070143283379735,0.09683773942507669,0.10309817202674088,0.07992654595364578,0.13477532872320436,0.014749883449839232,0.17144660063630188,0.10187667253283504,0.09795666385691396,0.030000422619950822,0.06885496236456416,-0.0006055151632173092,0.11091829557343302,0.004731169166815761,0.0777395938162616,0.06428969542562722,0.04484847189863155,0.12399071992146314,-0.12680022263682958,0.05117871342325685,-0.028554083245484894,-0.04094612272675854,-0.02631677085236289,0.006882161795818117,0.005631651048691408,0.026135410745387572,0.07106816004229846,-0.04859377417286517,0.06261456424896042,-0.1599495959275585,0.03651810318171344
0.056406891778111624,0.13051581228329553,0.16055303198189838,0.1516420486256228,0.19091503094703138,0.30139016405654323,0.060227109555959356,0.895953848650253,-0.08073075277282328,0.21453678590593803,0.2299381972202425,0.08180703321447245,0.1431271003385287,0.18356220219100888,0.12397844824485874,0.14937877390491197,0.26423146161327543,0.12685849282264455,0.2435017687433248,0.2636197487585704,0.0720778054118841,0.07404235827029237,0.003280789058081068,0.13349092838562224,0.159708053397845,0.1264040307963812,0.11017356574184466,0.07365114876073735,0.18081316189836685,0.060930163865708556,0.1464489864877326,0.05999879780994646,0.07739739321220346,0.20007488817772892,0.026263644684734216,0.07089852501249842,0.23890781591565044,0.10940027776078118,0.27853137432382724,0.04880782240188889,0.10590574094110161,0.06023782729130232,0.15646448036081498,0.020276588410041964,0.03519425048213011,0.11150155455286494,0.2574957607272249,0.0339930700733096,0.1740232918321535,0.05629986043812461,-0.019179631647488635,0.11250987633109438,-0.011176524533585957,-0.0946706264951525,-0.07080585178174131,0.08336792999579547,0.006051126450822221,0.1362281609006355,-0.10558065056249,0.1295574478916755
0.024727723003163428,0.14014265771633946,0.2012681129471602,0.035448235808080444,-0.027756322619048507,0.039751448069877515,0.17015289849467907,-0.08073075277282328,0.5572343751792486,0.08184991229973246,0.04988722917457136,0.06807842801776791,0.06924334484968006,0.10071963337226118,-0.026863154717600465,0.076261418821865,0.029458519080348584,0.06613678735790457,-0.10257980699784784,0.023467728609270426,0.05248983969241144,0.2572066624139283,0.1528464316926603,0.13268386167221924,0.041980797237735325,0.1618295963501181,0.06743200944611391,-0.009061146135375939,0.05191464402406353,0.02982612102588851,0.07785307925579991,0.10660914956817383,0.04788493497347496,0.09587260672837204,0.0052389554387855634,0.11583541478752177,0.05473952637321886,0.0771642303894633,0.0440235834370994,0.056663139491778744,0.006052185991459448,0.05944829716423558,0.04053287740055444,0.09835255885820186,0.01573490215140945,0.00237554914306571,0.11291648316798719,-0.09925773647962144,0.0643536965544153,-0.023370838377881637,-0.07869741365339886,-0.06758980204401886,0.06219531843609067,0.011887756745733042,0.008147852718153882,0.07194021020215381,-0.05940436888038211,-0.02927210824942512,-0.018072308895189296,0.036880757998060794
0.03217709358572562,0.2892336221555841,0.3155150360366702,0.127688135919277,0.2054148296469188,0.0742419691117352,0.13313666487646866,0.21453678590593803,0.08184991229973246,1.2924162428694888,0.121289067277455,0.29377221103744994,0.07365275689129978,0.18177147178049488,0.17182332421896335,0.16034130022555457,0.12210933432097623,0.18051760724360633,0.08320667471426939,0.1239910055565763,0.0919929780186545,0.14123143890383835,0.06894139798431757,0.1960775351510476,0.1527882601227318,0.10873348443757994,0.12007523686537218,0.10114097064936134,0.279974320178761,0.22361899830149728,0.16478017702442205,0.05197136331951812,-0.0930578368661691,0.1714578797317397,0.2790062605734694,0.1726545741976886,0.1985842371586126,-0.00733764686730521,0.11464880122759293,0.18797616541594137,0.11879395598543069,0.11762838447255168,0.005928702451893217,0.09912439126655316,0.05524746987653101,0.0577396487187194,0.5084399036043095,-0.03801827274073338,0.034458807224656864,-0.06551178081201914,0.00032539485309495325,-0.1932428940411368,0.0332689763874897,0.12411733211646667,-0.07552904007029065,0.04248346754242759,-0.01195880742161951,-0.12330065762741287,0.1711874084812327,0.03326504462984442
0.036095138923521855,0.12024718080950876,0.08560989336020967,0.11600312184413392,0.11641825832693345,0.17903735060757414,0.11912893475560762,0.2299381972202425,0.04988722917457136,0.121289067277455,0.3834603101992777,0.150375168229054,0.1483101490559298,0.1767698720018607,0.179016726771595,0.15819354748766684,0.27607232517498775,0.11243722231728355,0.10738147225508997,0.1326101299824987,0.1358907932199865,0.10962572369308614,0.09220467594708848,0.1531695929301234,0.15380213125085648,0.0947700704670678,0.1339563784296364,0.0701617218678385,0.20055946571787675,0.08279672464384884,0.10799800224339533,0.11833756102246402,0.06153702961782151,0.18186315277996662,0.07916456839847436,0.15230777342091387,0.14415515519272631,0.08841651477808571,0.1066459015820488,0.11554025154592076,0.06124126140697201,0.11855155528084176,0.06537492414875912,0.07560737661014938,0.018719839202605598,0.07068251438648922,0.24751917137911514,-0.06744746448721056,0.0648170310345027,-0.013205806644019118,-0.034899290028123815,-0.0066719183667433655,0.028789895089533845,0.032237793987789094,-0.01694788838539209,0.05610517293471765,-0.11321748371289873,0.014928071040925512,0.05241153285142492,0.06631167824088749
0.04552483986404654,0.17572959678993022,0.21391303021936015,0.1464216695482748,0.19852714312353237,0.15138584526014873,0.3149063830336788,0.08180703321447245,0.06807842801776791,0.29377221103744994,0.150375168229054,0.7650901496596444,0.06643853957431033,0.21650723601467187,0.09900087668857882,0.16298978818564272,0.1608716930289424,0.08703418263060284,0.11568500452944264,0.08568450968950611,0.1313255565978297,0.11318202595024515,0.0750462169170873,0.14491964831997625,0.176206999199703,0.04814632457173767,0.1584470791104698,0.06856759109114453,0.11710444701182561,0.05492757397571136,0.10397254220679822,0.14887710925206762,0.09455080271398153,0.14132228697176524,0.06300133348444073,0.19138453497083122,0.08843473925068203,0.12181853095928254,-0.020522554528585663,0.11928920083165673,0.0056937670242221934,0.12578949678710083,0.0316495822692011,0.061522598175618816,0.06670985062661712,0.08470920128602978,0.200554628554387,-0.121464410392418,0.008830778563311771,-0.08078688817832379,-0.006400352279123819,-0.044074663953748164,0.08361642085273993,0.05016920835300989,-0.02533271128552205,0.0643701525317176,0.013828169653759102,0.055951443316150866,-0.1232296701403288,0.04108603659243293
0.024173580883635644,0.09238602583264174,0.06851387607424399,0.08814876487607731,0.08730682892598618,0.10043562002802858,0.0793943149665103,0.1431271003385287,0.06924334484968006,0.07365275689129978,0.1483101490559298,0.06643853957431033,0.26644839562164513,0.11717903476960921,0.02236676748890749,0.10694711480537034,0.11570220093125115,0.08377973823641517,0.04641068708296685,0.08723316199482056,0.07740676709803002,0.10340993459599246,0.08392289543640576,0.11759638786852605,0.08779295638805328,0.0949821309026549,0.08385341764583432,0.0471508388461192,0.15417373653051833,0.05819380432021118,0.07096558555848224,0.07470027474547462,0.04887044094510825,0.11132266646967896,0.08454235716984983,0.0929745822242803,0.08742951934275464,0.04390810178484894,0.12437240461725145,0.09606315093016876,0.04081461764236785,0.06594071416140479,0.03780249464208246,0.10351372149066271,-0.028807631276808392,0.0176798695426777,0.1512168512490249,-0.04659017748105371,0.06915757035447408,0.028689305728199225,-0.040698329746576875,-0.05064556169392946,0.02000450348666586,0.013825894592573095,0.014930300687244484,0.02419930365185822,-0.10760889072529592,-0.11168409253984853,0.1744997503505119,0.02916640859374442
0.02338898732984783,0.1116653482714979,0.1371312772593775,0.11069408918116312,0.11225549064851528,0.1581719176510678,0.2030116404435846,0.18356220219100888,0.10071963337226118,0.18177147178049488,0.1767698720018607,0.21650723601467187,0.11717903476960921,0.7276740410666109,0.15826144379751808,0.23276559969661706,0.2367685432389532,0.02981053772105146,0.09209373064719156,0.08998870396944073,0.19236767702279947,0.14903674279722745,0.13723820919778656,0.1952638474286256,0.18100852479368895,0.14065351250494298,0.057332485715050015,0.06732648982622239,0.15971893799302184,0.08395967027722614,0.08086349459783694,0.06729943588943849,0.019560658420631125,0.1729063396587581,0.07426325294367422,0.14309491651729295,0.1486715738493145,0.12346605846533891,-0.005900596309574457,0.15280859608063008,0.05789979132780627,0.16070398702675887,0.05527220891745202,0.13004008407773174,0.08955080270416166,0.022611767737109722,0.2954137979081192,-0.0723863810584191,0.017717187314541468,-0.07546461224103991,0.028227576722388688,-0.014318012145418222,0.020055303624357507,0.0901851562405074,-0.12782239197325931,0.06751978002803402,-0.11634614820141453,0.048755308131564326,0.17646035697530574,0.10675361224236718
0.06654683921376442,0.421797558351065,0.3575167304311236,0.09837835337902423,0.08021142072177108,0.1625472294304878,0.044343801071273475,0.12397844824485874,-0.026863154717600465,0.17182332421896335,0.179016726771595,0.09900087668857882,0.02236676748890749,0.15826144379751808,0.9292762086344493,0.05308838332856183,0.2854361479265749,0.15871247432663904,0.13931917799996246,0.1271520693930794,0.12424173030921688,0.020748545187322023,0.16835423145042758,0.19124169598207616,0.24540801748789018,0.051264826411270524,0.11331822363598643,0.11530285225236596,0.2450714323164154,0.2520261785767704,0.13622801447153157,0.08785564246233235,0.10826198872651215,0.19763048928176913,0.09523106165878058,0.2270559085075729,0.18883241350813393,0.11731676226767165,0.1153258041965437,0.10725402883378356,0.13901404468216136,0.13809703640818946,0.08001752490352501,0.12935481864211146,-0.01847243940952774,0.19749990703005063,0.2512945038165193,-0.08540122707749549,-0.05962292143077692,-0.050615039036558736,-0.001804908137800318,0.13632149036553975,-0.019361300966836206,-0.02850202227240718,0.029517998205946465,0.16985409053870984,-0.37039314487214225,0.13235616292119493,-0.019020191460548303,0.019821956966098363
0.03198310309542172,0.06011338479039221,0.018494067793581745,0.13975274952669436,0.14595225799617598,0.15916339821543488,0.17900846145870272,0.14937877390491197,0.076261418821865,0.16034130022555457,0.15819354748766684,0.16298978818564272,0.10694711480537034,0.23276559969661706,0.05308838332856183,0.8402017691621309,0.13633152374373608,0.16197156496760073,0.12452717697270715,0.0660663640610506,0.08484418640776888,0.38461828396062975,0.0582346037351826,0.16914020006226832,0.1516821794236214,0.13579315336498193,0.1462144670873215,0.1059828459534495,0.25574779895244776,0.061468255189612665,0.13080887529520357,0.17161645121540695,0.015024795156033674,0.17408168379465241,0.15865867997090577,0.1332571956432842,0.09762923326708516,0.1078817676589541,0.17969854962181814,0.11795468234461937,0.02136924579544155,0.08695538388162447,0.08573709604010955,0.09977434446626801,0.04046230780846528,0.010706960824159846,0.23817104458193467,-0.1116374620722909,0.04960155610908257,-0.11771957797781504,-0.11273516624597016,0.07739816610416433,0.026979823929705205,0.02792025505934975,0.022562844273587467,0.08926039893955341,-0.16998182174703788,0.00761984284737917,0.07010724346856541,0.03622419312511391
0.0025148509096357833,0.18241619735769404,0.3257006912672592,0.11436399364647358,0.07467835003942294,0.22240432907363003,0.13594115220406128,0.26423146161327543,0.029458519080348584,0.12210933432097623,0.27607232517498775,0.1608716930289424,0.11570220093125115,0.2367685432389532,0.2854361479265749,0.13633152374373608,1.0648557713905393,0.07740589652649758,0.16064978023610701,0.10212971504121084,0.25404064441277285,0.1254009505922124,0.10573628308197085,0.17899221872528615,0.2457670484832071,-0.09726624813054847,0.1597537156168068,0.16393694448248564,0.3398888627842083,0.132414845683881,0.14003845168610693,0.044118101929552275,0.2223427679234922,0.2330504677611539,0.06302017063619374,0.2528829741059921,0.32933388589170093,0.1849924822810292,-0.06849770854224728,0.1684059534245569,0.025203400632742932,0.21343359757959196,0.03864604176755362,0.11572322720444864,0.12973346039852235,0.10203845978550692,0.5598680504541739,-0.20455330675938552,-0.12080523060918885,0.1297502281545984,0.11659846732844603,-0.05978214919881563,-0.07504107241090603,0.01177706475448229,0.055817907940813614,0.05647925873299637,-0.21404258051065742,0.032088088978749825,0.010817668052545634,0.026052701791355687
0.05646184935080712,0.2164241740335301,0.09064701602054649,0.10975395054463469,0.11600331302935388,0.07024543970902897,0.09876268191574533,0.12685849282264455,0.06613678735790457,0.18051760724360633,0.11243722231728355,0.08703418263060284,0.08377973823641517,0.02981053772105146,0.15871247432663904,0.16197156496760073,0.07740589652649758,0.7611552932445792,0.09891616590314008,-0.08047889731574194,0.1145622869689292,0.1484675662203833,0.26702813991083696,0.09899035579030144,0.12238282861699806,0.16214632762398104,0.09690083146542006,0.07052682470404072,0.1432818802982673,0.07501468324081792,0.17342507776560087,0.0471480943356824,0.0789068296802353,0.12133328718071008,0.06483867388020116,0.22280628949745107,0.2000641028392732,0.061213500684935404,0.14769025703851088,0.09274502101112003,0.0062926656768496295,0.08842000744784724,0.08806550481852422,0.1878134639393324,0.14338224256179505,0.06936090459155521,0.20395885247216242,-0.17528935362609066,0.01658484743615078,0.15728805635455534,0.15395339464241434,-0.09989566993361075,-0.16768836676041146,-0.11232938790109578,-0.012468919980150686,-0.046240613015098686,-0.09478946375473049,0.16661914222121751,-0.11263644351891423,-0.07773089755715111
0.02703306592705685,0.08693115476497501,0.04502323292924485,0.16192419175115852,0.277662840221994,0.2420085872341721,0.06784984791181953,0.2435017687433248,-0.10257980699784784,0.08320667471426939,0.10738147225508997,0.11568500452944264,0.04641068708296685,0.09209373064719156,0.13931917799996246,0.12452717697270715,0.16064978023610701,0.09891616590314008,0.5837900575222915,0.05451916405446841,0.11083901717428221,0.07891439754575603,-0.05282304450477892,0.06804411308349517,0.06563517080589745,0.015018893092213187,0.05494118721839479,0.18992424146294584,0.027159714616677832,0.004353284023537766,0.08505439980400645,0.06848947048003591,0.1226434985437173,0.10988608046311744,0.0267257945407333,0.057051324269837264,0.1353507173391641,0.11121825456019642,0.11815834956290013,0.045797317339274016,0.0431242355819536,0.08468103268912196,0.030180276176700882,0.06514833640605663,0.10511365580218004,0.11677881108025968,0.05071664485359242,0.052903964790603726,0.010328054380314325,0.023612617754095632,0.1850002945572244,0.23381213573488238,-0.23389146192129587,-0.06181139092000936,-0.06582576943878489,-0.01530119068201099,-0.030107704242157512,0.12099199756293556,-0.027376060150082804,0.05201449957194802
0.028888233432894844,0.32702048893485147,0.22669402358949592,0.05736614823313214,0.04477314060049215,0.2298527988400341,0.05103869252119736,0.2636197487585704,0.023467728609270426,0.1239910055565763,0.1326101299824987,0.08568450968950611,0.08723316199482056,0.08998870396944073,0.1271520693930794,0.0660663640610506,0.10212971504121084,-0.08047889731574194,0.05451916405446841,1.4852936523749964,-0.010396985387237866,-0.17509779330905142,-0.4356270597540922,0.05092858289322208,0.07185507688501626,0.2412982527605434,0.24459831859864237,0.15972300748618898,0.18828946477549685,0.2234423913514093,0.345226896508801,0.240384503628302,0.20998871415576684,0.2611397187957734,0.13182059826106918,-0.0016580609047450782,0.6627433609964549,0.46328803000431484,0.5655875287629443,0.23245605956727292,0.4270254154064189,0.10163208013788466,0.5231434003028269,-0.25046199103442446,0.3355251457423432,0.41604702362464424,0.17113666805064753,0.3337375641498237,0.2537832076010745,-0.051242199041417545,-0.2529768727958327,0.027943422205338964,0.2465140790990643,-0.0702917966059403,0.009704529041580104,0.02261638431196385,0.007987087162116099,0.08080367006543163,-0.07431962605687581,0.08695163329223395
0.05688062712796828,0.22832429435688603,0.184196351794196,0.09672274956610423,0.09096844138391799,0.15069830514664526,0.1281136671360067,0.0720778054118841,0.05248983969241144,0.0919929780186545,0.1358907932199865,0.1313255565978297,0.07740676709803002,0.19236767702279947,0.12424173030921688,0.08484418640776888,0.25404064441277285,0.1145622869689292,0.11083901717428221,-0.010396985387237866,0.6999480596720948,0.01885394776332573,0.08119930636373554,0.034107557378157786,0.11336708600229202,-0.0575074409201895,0.1012653093413646,0.22685246868517045,0.00977197265126726,0.21918170777584917,0.08971902673823813,-0.045400815360665606,0.14040038510179917,0.1736816455432763,0.26070009615046014,0.24777593357058095,0.36844684334110617,0.2349590394174882,-0.2250534876362652,0.21739120464001857,0.049113011316012777,0.49732048975332865,0.04024419682710785,0.13343315309800488,0.5380190943636689,-0.014498247783417724,0.37688977389897194,-0.18957538812688074,-0.2189046435453819,-0.03532976964555006,0.09359207454452376,-0.03741721842340716,-0.07142120789861002,0.08878602228535852,-0.06774613555487272,-0.08257682794585758,-0.0885818625645949,0.031184065242296468,0.0857299299323186,0.025846042762787333
0.031181925611268955,0.0741892262951501,0.1942601690153689,0.11422336535252273,0.08807939940235275,0.14614660719661837,0.195175176710179,0.07404235827029237,0.2572066624139283,0.14123143890383835,0.10962572369308614,0.11318202595024515,0.10340993459599246,0.14903674279722745,0.020748545187322023,0.38461828396062975,0.1254009505922124,0.1484675662203833,0.07891439754575603,-0.17509779330905142,0.01885394776332573,0.9888689232696557,0.17154035673400422,0.12688408469302742,0.06095547266400457,0.14537488470047452,0.12196138746271894,0.008219012180882888,0.19981916671732242,-0.047462702523833944,0.09115949271791174,0.32997891914023253,-0.004354724654347811,0.19636298491305618,0.020720079156764663,0.12330649219534433,-0.05255371177173843,0.04689537216949836,0.2010610071591737,0.02245340759752098,-0.03089405463008984,0.02252529541974159,-0.014662150737301392,0.16427620931840137,-0.09755699318991119,-0.0354411988742356,0.2232093257634887,-0.1353265571304072,0.01727369714532046,-0.0026952902128080268,-0.06448750158563446,0.004502059145123416,-0.01880598002832394,-0.049044606548457055,0.019160221631387496,0.08695621096322045,-0.14197413240309548,-0.02746600956127856,0.013275853599872474,0.018486011267814444
0.01274147942755257,-0.15073535952009653,0.042054321328229664,0.08653768979123728,0.048879522969835554,-0.005084605376812936,0.11907501159495433,0.003280789058081068,0.1528464316926603,0.06894139798431757,0.09220467594708848,0.0750462169170873,0.08392289543640576,0.13723820919778656,0.16835423145042758,0.0582346037351826,0.10573628308197085,0.26702813991083696,-0.05282304450477892,-0.4356270597540922,0.08119930636373554,0.17154035673400422,1.423194223863843,0.33598446430201084,0.3580391120738695,-0.0009591500132212844,0.018228227891901205,-0.3998191783389262,0.1808222923131298,0.20841118177986379,-0.05729419510665969,0.09125902875627846,0.03450217273971538,0.10743385752543512,-0.33108263128592424,0.4908731242228692,-0.19126562522088406,0.027587574242632983,0.16063020166204084,0.2378932653003939,0.11404150090243684,0.006244827356968634,-0.0808291433111128,0.6678404207285876,-0.5007164970707325,0.019274756934900997,0.3401661335305876,-0.2177239361383313,-0.04668384563218686,-0.08505458216218868,0.07727110123036868,-0.10610903128419902,0.09851348008342266,-0.027498614213108903,0.11492278193563171,0.07196977627535438,-0.20343198077120447,-0.14043467196723988,0.14945931233944987,-0.03969616528292886
-0.043486487753507136,0.0704699452538816,0.30886315139232906,0.07423700793242687,0.06809589524088405,0.1702959685366396,0.1578872968221858,0.13349092838562224,0.13268386167221924,0.1960775351510476,0.1531695929301234,0.14491964831997625,0.11759638786852605,0.1952638474286256,0.19124169598207616,0.16914020006226832,0.17899221872528615,0.09899035579030144,0.06804411308349517,0.05092858289322208,0.034107557378157786,0.12688408469302742,0.33598446430201084,0.8033991311735222,0.2041222722857261,0.027061521345048963,0.08578758413618716,0.04781250323069828,0.1829460440961977,0.170684654022444,0.21502467136396491,0.09446438908517975,0.16423191291508854,-0.028318647702777616,-0.005659285549946941,0.36083399097693514,0.0015386693310134845,0.06154234282031843,0.11202143913772346,0.11697630551589229,0.06401287170004459,0.045976443809225075,-0.07782960601244272,0.16822623815650983,-0.1567522968520819,0.0638703810917177,0.16325187356411738,-0.2602061540865761,0.1354516653343744,-0.10401651937484467,-0.05675287770686611,0.051059792938971706,0.08628482558912336,0.03677285356765163,0.008875634525641872,0.18675604021483902,0.021136968867249577,-0.518320479746262,0.3031646840225073,0.1261478669437171
0.0657253319006565,0.11412826466278649,0.20516776915050933,0.07580514792882748,0.0648256369345323,0.13736641935347452,0.11826249932705869,0.159708053397845,0.041980797237735325,0.1527882601227318,0.15380213125085648,0.176206999199703,0.08779295638805328,0.18100852479368895,0.24540801748789018,0.1516821794236214,0.2457670484832071,0.12238282861699806,0.06563517080589745,0.07185507688501626,0.11336708600229202,0.06095547266400457,0.3580391120738695,0.2041222722857261,0.9056121197802852,0.07144937582875562,0.1393456890143255,0.018152101080328883,0.4041709561140706,0.24624375112271052,0.04688836009340533,0.15084041437864737,0.06485005464550071,0.28021260072679743,0.07422432731744107,0.26579571738408975,0.1699558018015794,0.1135197807303874,0.165489457039957,0.14626415088748373,0.08234844544089072,0.1216738726654573,0.1131062452699365,0.2056029979945574,-0.059021898633381656,0.12165222065075255,0.32182089151608206,-0.18779480144507613,0.011562326155784826,-0.20386672022046654,-0.1025639276789075,0.07993737050341419,0.07635481102742232,0.033121789274659655,0.016518840850967866,0.12565972944847054,-0.08081290021864844,-0.09023669434881575,0.03139591488985666,0.06906879913219867
-0.008239861339024712,0.09497307631559282,-0.023002341828394796,0.0864912489227664,0.12725681658867893,0.10984317948197699,0.0919884676947118,0.1264040307963812,0.1618295963501181,0.10873348443757994,0.0947700704670678,0.04814632457173767,0.0949821309026549,0.14065351250494298,0.051264826411270524,0.13579315336498193,-0.09726624813054847,0.16214632762398104,0.015018893092213187,0.2412982527605434,-0.0575074409201895,0.14537488470047452,-0.0009591500132212844,0.027061521345048963,0.07144937582875562,1.4827734488844708,0.11014882667050202,0.011014530897814916,-0.08082548701398459,-0.43132070850280696,0.11827230556192635,0.2748626623499647,-0.16190396554109102,0.23068409303788817,0.15805594402783196,-0.013203233808209628,-0.060195881917975015,0.11259445467474986,0.2982375587356489,0.179222220397122,-0.027406526618878324,0.0521192607713348,0.2476389587098128,0.051944447703434864,0.3268206663636336,-0.008094449536710067,0.014389529666580348,0.05686402876610053,0.3507123941200687,0.19607267304658504,-0.2169136390351653,-0.10192807065663598,-0.03585457456818025,-0.035489500929933776,-0.02266739205825091,0.03125205874598519,0.041821565171986826,0.17262532230586397,-0.2429368841114597,-0.024846604995498227
0.029858922302547223,0.11099885088914103,0.058086415930502885,0.05887509384893583,0.05527728727214201,0.1189694333805561,0.09298935323983623,0.11017356574184466,0.06743200944611391,0.12007523686537218,0.1339563784296364,0.1584470791104698,0.08385341764583432,0.057332485715050015,0.11331822363598643,0.1462144670873215,0.1597537156168068,0.09690083146542006,0.05494118721839479,0.24459831859864237,0.1012653093413646,0.12196138746271894,0.018228227891901205,0.08578758413618716,0.1393456890143255,0.11014882667050202,0.6473763339457259,0.13703954531087487,0.10072489941619502,0.12295245953414603,0.19218975539921576,0.3598281026291483,0.14461832672722788,0.19066631615438182,0.11731987210889423,0.2907606580767911,0.22127919122788328,0.2786921048199502,0.11425450684752944,0.13831760748970728,0.15064678706664272,0.15362217274181114,0.3754134570119543,-0.02786489091274905,0.17091323360705046,0.16833964606725102,0.23831076486005393,-0.12133184457660554,0.0919046280653438,-0.01764706654651416,-0.16537075670395585,0.09298888205122612,0.05929372891751529,0.007184329227958552,-0.013964368222767086,0.025871296265699763,0.021833898627103193,-0.022094253952828383,-0.013360182038951536,0.07767626859440303
0.020835915233434605,0.2785819001534245,0.2168208288508185,0.040669651859298425,0.03639547364449047,0.09796324765118058,0.04643510494934544,0.07365114876073735,-0.009061146135375939,0.10114097064936134,0.0701617218678385,0.06856759109114453,0.0471508388461192,0.06732648982622239,0.11530285225236596,0.1059828459534495,0.16393694448248564,0.07052682470404072,0.18992424146294584,0.15972300748618898,0.22685246868517045,0.008219012180882888,-0.3998191783389262,0.04781250323069828,0.018152101080328883,0.011014530897814916,0.13703954531087487,1.3342626864834883,-0.14863875016165032,0.1762812755933733,0.3391282270438133,-0.09589762135045302,0.6329451474703413,0.03267359959446883,0.5904418098209423,0.34383338427402116,0.4314102219140949,0.36198725849659164,-0.08259229319011274,0.22932483362206885,-0.08170543840130312,0.33607107103737777,-0.026059201028046246,0.4185357154346238,0.4104976717370671,-0.06368972530616378,0.08980863218368977,-0.39668296337462616,0.06438554437755023,-0.11944847651990415,0.03603786688510086,0.45844145600302494,-0.5489222552592807,0.1158172382586898,-0.23207985655231644,-0.0447898006835958,-0.023230638100724378,-0.037486054767628646,0.14336689619426102,0.09318361953852251
0.07035252841782394,0.3406968702412963,0.48067689630159494,0.11494861136237897,0.0452148923444732,0.1906576590861187,0.10650249544074204,0.18081316189836685,0.05191464402406353,0.279974320178761,0.20055946571787675,0.11710444701182561,0.15417373653051833,0.15971893799302184,0.2450714323164154,0.25574779895244776,0.3398888627842083,0.1432818802982673,0.027159714616677832,0.18828946477549685,0.00977197265126726,0.19981916671732242,0.1808222923131298,0.1829460440961977,0.4041709561140706,-0.08082548701398459,0.10072489941619502,-0.14863875016165032,2.4840652497155378,0.2403770627055297,-0.061321114398160556,-0.012639414547752208,-0.13935684304333396,0.29021366931809683,-0.12698166175107123,0.26905080038077905,-0.15070660025538873,-0.367462408874097,0.16956412633275061,0.10286172182605681,-0.21803613485964482,-0.03515802831760354,-0.13412820266567477,-0.31231710536047774,-0.26480828679925106,-0.010983695865021072,0.7174701993023713,-0.4165079779590397,0.42972856977862445,0.18832994905006906,-0.24636342692549293,-0.0011414792530889523,-0.1667599184559462,0.07870471402865108,0.2732064717704379,0.09101428621301039,-0.4199291140688919,0.24537071929835058,0.0013606706124605168,-0.009638855636356391
0.16586795701652163,0.31108869245961707,0.24962859738951157,0.08658436938160341,-0.012107435475364182,0.03465436693791429,0.03070143283379735,0.060930163865708556,0.02982612102588851,0.22361899830149728,0.08279672464384884,0.05492757397571136,0.05819380432021118,0.08395967027722614,0.2520261785767704,0.061468255189612665,0.132414845683881,0.07501468324081792,0.004353284023537766,0.2234423913514093,0.21918170777584917,-0.047462702523833944,0.20841118177986379,0.170684654022444,0.24624375112271052,-0.43132070850280696,0.12295245953414603,0.1762812755933733,0.2403770627055297,2.3156430381328614,0.18260861464667885,0.036266602023032085,0.24583937091664138,-0.19134509499936495,0.43957484512899875,0.20631606584251067,0.5968798719328765,0.3363441081146079,0.24605328252515402,0.33327835817562956,0.6849538316818808,0.2615179877765939,0.720483515400765,0.4898893313614313,0.15753340166242752,0.1762161320945971,0.5306766787840358,0.16521091925818288,0.3103313007071925,-0.25369583321823147,-0.13410715085927,-0.27720507430922015,0.3493758632191919,0.07900322026105835,0.20084136669098765,-0.21702265096148657,-0.3281267242262761,0.43747172050594724,0.12117788073552614,0.022915234390743014
0.033658547000882964,0.13884365357982809,0.18729018747301335,0.0473661718526559,0.07005637202106281,0.13095767495039143,0.09683773942507669,0.1464489864877326,0.07785307925579991,0.16478017702442205,0.10799800224339533,0.10397254220679822,0.07096558555848224,0.08086349459783694,0.13622801447153157,0.13080887529520357,0.14003845168610693,0.17342507776560087,0.08505439980400645,0.345226896508801,0.08971902673823813,0.09115949271791174,-0.05729419510665969,0.21502467136396491,0.04688836009340533,0.11827230556192635,0.19218975539921576,0.3391282270438133,-0.061321114398160556,0.18260861464667885,0.9342313552991199,0.1559033259407414,0.2954706317026625,0.07918782412000691,0.2925758397624043,0.4321260608463876,0.4191259754022767,0.25758187033035174,0.3105814561904459,0.14032815212470057,0.18349782494954228,0.17442983955896296,-0.019525986025708694,0.16635056285126507,0.24426469762404593,0.10601772969676954,0.25886735461184496,-0.2612589239932942,0.12162436907319964,0.07942479008269795,-0.05084406811891476,0.00852592504792506,0.015267390207935905,-0.056398121558909,0.020870837988463238,0.10957443508026578,0.14398019011769506,-0.22808574588571534,-0.06006689447978076,0.06930159667360598
-0.03132791950158798,-0.02118185569661259,-0.07439505441918287,0.07953903355892279,0.1337217660898622,0.1566797269651385,0.10309817202674088,0.05999879780994646,0.10660914956817383,0.05197136331951812,0.11833756102246402,0.14887710925206762,0.07470027474547462,0.06729943588943849,0.08785564246233235,0.17161645121540695,0.044118101929552275,0.0471480943356824,0.06848947048003591,0.240384503628302,-0.045400815360665606,0.32997891914023253,0.09125902875627846,0.09446438908517975,0.15084041437864737,0.2748626623499647,0.3598281026291483,-0.09589762135045302,-0.012639414547752208,0.036266602023032085,0.1559033259407414,2.2532742547969056,-0.12209378284189235,0.41157408593573863,-0.13675020957290318,0.3092173619876902,-0.20363207408455514,0.1586339062216742,0.4219703750493685,-0.11549670139146398,0.5221624552571715,-0.035120780286683244,0.12371131899523723,0.02616465495136872,-0.27266250754161664,0.014596096836982294,0.476104771171389,0.06253686035131269,0.3466866939490694,0.10489010574433667,-0.28314278102870155,0.18748444524596067,0.1556131073628783,-0.11727701185528631,-0.29950560044940244,0.1380100391547054,0.06819655199278632,-0.2008453874446366,-0.008483606916354424,0.07797307255488489
0.05508345896068373,0.20572787728794134,0.16082955378923933,0.10336728208185139,0.05222245115473137,0.055568406678407845,0.07992654595364578,0.07739739321220346,0.04788493497347496,-0.0930578368661691,0.06153702961782151,0.09455080271398153,0.04887044094510825,0.019560658420631125,0.10826198872651215,0.015024795156033674,0.2223427679234922,0.0789068296802353,0.1226434985437173,0.20998871415576684,0.14040038510179917,-0.004354724654347811,0.03450217273971538,0.16423191291508854,0.06485005464550071,-0.16190396554109102,0.14461832672722788,0.6329451474703413,-0.13935684304333396,0.24583937091664138,0.2954706317026625,-0.12209378284189235,2.1409500825001193,-0.26246292041513697,-0.43388781253167624,0.44502353400514805,0.4661177379289317,0.6817920804791641,-0.11917953528991844,0.2854657426857862,-0.123112004934397,0.2551030148051222,0.08382767502980988,0.4224460723143162,-0.1973480674583659,0.23133131023315112,0.18288845687032784,-0.6039516726432622,0.03553634912210191,0.20160938752868146,-0.10721431280804154,0.3055988386326639,-0.045692403783019635,-0.28230157472613177,-0.010332519182444235,-0.10822447645143364,-0.21979198503802047,0.07873595930255718,0.06830606593651066,-0.05114223412863352
