1.5123534271825243,0.5822064538064115,0.771960129460868,0.09043635773658101,0.18074216749484576,0.1258245717495495,0.4749592701464148,0.13252968224751857,0.36885939700247455,0.18513855078173433,0.1869850519598269,0.29094537179186875,0.08561494451305537,0.3110540572496981,0.14099353099279535,0.21266841837544054,0.20282500235463075,0.21111063116387305,0.25306495193140677,0.17451166677887975,0.2588943882175565,0.2983079544910493,0.14334223287881334,0.20070470665838205,0.23155522503865567,0.19834517281902733,0.17010610500601867,0.07419108771967285,0.21024487660919314,0.14940440829635715,0.25835002893632353,0.22391331758824334,0.18647905555026703,0.11926079162700479,0.14771635743536649,0.33888838285000755,0.3193156705414872,0.2944316605894411,0.24023382178381325,0.041193823441487934,0.28889585941573764,0.2099740518153331,0.12649091098006296,0.18641931544398063,0.10408620579580348,0.3882259763085701,0.26172328868057787,0.045946104281128504,0.10074864313337496,-0.14111291373487492,-0.126961521552647,-0.1824147266428225,0.46111531377861403,-0.08470503443638731,-0.07488922435780834,0.08004423606575257,0.07595868059085119,0.5999091529921522,-0.7820712543520695
0.5822064538064115,2.925007343838295,1.1106416716872574,0.21923089064842954,0.09808318639801152,0.2885888860942918,0.26673901457923643,0.3729084448544488,0.3877227052261296,0.2768787527045278,0.26833326837214255,0.2882867089812014,0.203251018912027,0.31006116508288334,0.3332827880590488,0.23512885650838994,0.30993972360903094,0.44222004073144233,0.3038620358464995,0.5408601795855873,0.37294937435661824,0.31207639979551044,0.05042298857068602,0.24737864699650444,0.2622058254023267,0.5249295337778964,0.27399705219187503,0.204046696022745,0.4891467266342535,0.22772452001300195,0.31551335645680395,0.23158508665122213,0.2444537051003997,0.2564069716452602,0.18504230198838748,0.36142173967712055,0.5260017636474436,0.4452153147399701,0.09399585041710178,0.05259360124046599,0.39781745610470054,0.3191089605776008,0.23331405004240297,0.12700145796172296,0.2556322712900652,0.6430025964672005,0.4240034336839431,0.14681088381017005,0.23775961434020018,-0.26516651617070164,0.1097522981583272,-0.07866323418940616,0.30559499534187357,-0.09733054888680391,-0.5078514221506463,-0.17702955844760376,-0.30859261971194324,0.7298949647932118,-0.08318182960272569
0.771960129460868,1.1106416716872574,2.171584221462215,0.0521989193087444,-0.263784567257567,0.4089423212016162,0.2845013968391834,0.4961151028628667,0.5814853884114052,0.35360456539042795,0.24641517686289208,0.3108593892366673,0.21074398512447642,0.21008333435836538,0.31123933918882307,0.21680479464269575,0.3366205828308116,0.37734509959203927,0.55339335746838,0.3744711461995785,0.34617252743410976,0.431370636263485,0.21278339621756118,0.3021909375542225,0.3083906373539968,0.39568629706685376,0.2658850348180022,0.21421160071919654,0.46321526734172286,0.056375047742638865,0.34620026271572485,0.26944185735654647,0.25300175501776895,0.24607330856348467,0.3072456449749615,0.5249977869525586,0.5089525289358021,0.4987547917445083,0.2328783413379867,-0.02519738703606389,0.4190371707868585,0.3334095415976251,0.21197402195414328,0.21212054640032044,0.2711467502678497,0.8758535865898494,0.384987086754901,0.08624236340268689,-0.0650655702416028,0.09865468175998182,-0.08122757364602214,-0.020216783992454655,0.13443717652599696,-0.14859819507091682,-0.11790681728163915,0.07349527775321917,-0.10720207501820417,0.32493939427611407,-0.3141771081248541
0.09043635773658101,0.21923089064842954,0.0521989193087444,1.0120062645385681,0.7601420058188908,0.23747100359547482,0.3457108920038845,0.30067212126802073,0.10444499735654493,0.1931001892400414,0.20817989757486513,0.2316432286163889,0.14720498739531845,0.28811349957249427,0.13250190875140447,0.24241705597671295,0.2191528050562343,0.23639167191191995,0.10307642744355366,0.19560805824392088,0.21149481079343915,0.18415438500791617,0.22415973733347452,0.21069112564062517,0.2147246624153257,0.2476310593280382,0.14814416570343739,0.06364464673341268,0.22159290777286256,0.20653587890555355,0.16957972789193498,0.16787725884990384,0.17918073069417656,0.26317054799290435,0.07245672556332866,0.1979879056095829,0.27374647164159743,0.2554167370515266,0.20720271226727852,0.05295959711304686,0.1708592695513963,0.17201302286862052,0.17706391830973178,0.2834248577829009,0.05533476536447052,0.060458099841985476,0.2928511249053545,0.06786876865677616,0.07168916561122271,0.05822861003744085,-0.11491632240094184,-0.040388640662327016,0.10471155454474235,-0.039492864101347655,-0.21393877235021264,-0.15247595876114692,-0.2029784974467279,0.47447089450541674,-0.1078854998434214
0.18074216749484576,0.09808318639801152,-0.263784567257567,0.7601420058188908,1.9105861256870684,0.04540650872127997,0.3513988223349557,0.3595344665012054,0.16127698019348022,0.15395055910535815,0.23806630516737362,0.18969066006066587,0.15322658604855374,0.20083448294404294,0.16548196029355305,0.18639899829930864,0.15369711282602394,0.22015982519864186,-0.015959203547457317,0.15836332271567177,0.2019385703932193,0.16099225186247004,0.224319559309538,0.1320373141266214,0.1809335149741106,0.24592788673313654,0.10190867488664727,0.007968895904319066,0.1680123924580682,0.05987752940236322,0.12287446273835681,0.1814533396048634,0.03951795131329266,0.30290900011105953,0.09531738428139466,0.17602447586786038,0.1309383454871623,0.10071447299693644,0.20368385039810513,0.12300718235646438,0.15950908196254598,0.15908048483248471,0.08049334132875291,0.21875896477772297,-0.032284081389729824,-0.023808706340348554,0.21107101007995166,0.04908343669902178,0.23573847437596643,-0.08922253164901381,-0.03240136678203162,-0.06933926786374249,0.12035772756550445,0.05663273159785556,-0.26752087865881957,-0.02633016237401922,-0.05789703663309491,0.48693412258800134,-0.279632571673803
0.1258245717495495,0.2885888860942918,0.4089423212016162,0.23747100359547482,0.04540650872127997,1.0815700406050754,0.12015764312016608,0.4574061093197915,0.2770929729562106,0.21718015175621852,0.25605172209668287,0.29538429638198804,0.1595289797242226,0.17943608428420593,0.25119002132153423,0.2282371847996015,0.3374678446604675,0.293024383037536,0.4154909618516712,0.3965413354110209,0.2797656105384552,0.2806997578034604,0.18708909800212672,0.22370138164889375,0.27385736530299243,0.41047031043553844,0.25373913774513274,0.1985901901385828,0.396429225521739,0.1157138630372605,0.2681035988201116,0.25942850179105165,0.12128152969107275,0.3095513153052151,0.032517866603995055,0.19200833810859083,0.3273148185046355,0.4105621454653409,0.1987835141251963,0.0941295572977014,0.19328597718742413,0.22067409468856655,0.3603811238684314,0.28111286475120867,0.20783927119277495,0.22578493641737252,0.32161565343320503,0.07981097141372116,0.22082787594217468,0.24731821014625424,-0.1607203186339084,0.132637122850179,-0.1931236569488512,-0.053431274500222656,-0.3520964193873148,0.03870611755759746,-0.13088567377829577,0.5274904072864789,-0.2849928562303879
0.4749592701464148,0.26673901457923643,0.2845013968391834,0.3457108920038845,0.3513988223349557,0.12015764312016608,0.701604732845465,0.18511576149872863,0.32689602159185754,0.13187025580043124,0.24587673526417034,0.3308693612074465,0.104506898128932,0.09021965544921745,0.05706032617765088,0.17516920622268134,0.23626420669629097,0.18630008372810275,0.14052246590684944,0.17739262567047803,0.2227480300723746,0.25434678345099954,0.16212946904775793,0.18999308030148027,0.19359382982133289,0.2316018254891597,0.16287737455165904,0.052425094351870274,0.14339420496599464,0.1159727277399017,0.22325163333168666,0.22258171511366057,0.12734808255777003,0.19774885749052143,0.08277444697616566,0.3172866270196144,0.2660069585443282,0.19978915231853916,0.28165322355577244,0.06920853398535227,0.23028243786076863,0.1804842249393876,0.061314220849116134,0.1901913978440739,0.051114266928426695,0.19538637181149976,0.16865816416458582,0.01788466196448122,0.07271354040404647,-0.04311683202259025,-0.11240417942865139,-0.1610239084626734,0.3606092032407031,-0.09239493746063054,-0.04604989869581556,0.11150285042648894,0.05227080912294149,0.43563969622786103,-0.7487136547511024
0.13252968224751857,0.3729084448544488,0.4961151028628667,0.30067212126802073,0.3595344665012054,0.4574061093197915,0.18511576149872863,1.3036548950178453,-0.03244898097700612,0.2683871010792272,0.2772459490942133,0.013917124741789301,0.17879153437156814,0.1241420893725845,0.1468868285969846,0.15204374745910199,0.1866203911986038,0.381323514224071,0.3185109196386812,0.38867792728312206,0.19338898013340608,0.11041158016681252,0.20439156574742184,0.16009870500325515,0.27118363895682,0.45334293655556146,0.18293329666499128,-0.04316574130121302,0.30151888504115026,0.17501617478896622,0.20503108693896274,0.19880235702936846,0.08843345933669924,0.2797914981823603,0.031238331767349085,0.12619231806915407,0.2744672579272006,0.29764963517751825,0.19809525453705265,0.11080475670103458,0.1578757383736072,0.15508599823870156,0.27409903692414894,0.12544574542289663,0.178226897668868,0.382372191495848,0.36749797295054065,0.10030984192995618,0.0049873339121721824,0.2271733335840119,-0.020944932318197683,0.0046955806723854715,-0.08476120386488101,-0.07042644385863729,-0.49291542642146813,0.0007056029964430227,0.04138064117731237,1.058906162862719,-0.8163446611089591
0.36885939700247455,0.3877227052261296,0.5814853884114052,0.10444499735654493,0.16127698019348022,0.2770929729562106,0.32689602159185754,-0.03244898097700612,1.044119688975458,0.08808037382038514,0.1431557694661319,0.30369461020157446,0.13815890129950653,0.09855471296674963,0.1306249547868311,0.10998708146477149,0.25480565564448043,0.15492590046459928,0.2406159125326841,0.17696598253650841,0.24914725259977588,0.5228158285072141,0.16298268210285152,0.21818668138850475,0.11390947580606299,0.34898611629036363,0.19379313781277327,0.19798929981109922,0.10475104719932044,0.0905856888634843,0.24503484451621776,0.2708020814071256,0.1782194148610705,0.12223008544059152,0.1100817979416626,0.33437144426644194,0.16479087382771093,0.2982591226243777,0.22740178166958303,0.08632852086758126,0.2262890405250394,0.20360076751168735,0.18682558713616496,0.23607561581366635,0.11366163009399344,0.3350773622858999,0.18184991333125552,-0.011426632190721707,0.5013174977197831,-0.204835206519375,-0.007475030203888068,-0.08005692334689529,0.27695714482921563,-0.044797382013290234,-0.05378917863777959,0.2123210391383956,0.028981759115930383,0.15345210026207573,-0.3995563504795237
0.18513855078173433,0.2768787527045278,0.35360456539042795,0.1931001892400414,0.15395055910535815,0.21718015175621852,0.13187025580043124,0.2683871010792272,0.08808037382038514,0.5227440403015242,0.16659538833113538,0.13745252844405434,0.13858223148838766,0.1492026506212697,0.17609108281626665,0.15808367071834017,0.16737354376082247,0.24039928554669152,0.19218668809254896,0.14789917361372337,0.11710335499320437,0.14599535413458004,0.20006586788972924,0.17070211578546446,0.19663045227061254,0.12052530642830281,0.1348306534471799,0.08368981219965463,0.21967797373977302,0.1803965262620792,0.15453622214119522,0.12165887130206869,0.14252076864515495,0.19826883510863527,0.16351165743244947,0.20501832258967206,0.2432784819594099,0.20026779645824294,0.21669084011182083,0.07956006378877163,0.20780806362900467,0.1421018334297617,0.14356205401907673,0.21356517750636073,0.053342893528352954,0.19577122912719738,0.31762168919504147,0.06051033803456588,-0.060447852755946656,0.01492477317578808,-0.03691207959277109,-0.03680767380742016,0.0538012136100909,0.012468827272289132,0.03384456050417382,-0.015999983936203933,-0.060369705527730834,0.05529434791317844,0.003633826257573363
0.1869850519598269,0.26833326837214255,0.24641517686289208,0.20817989757486513,0.23806630516737362,0.25605172209668287,0.24587673526417034,0.2772459490942133,0.1431557694661319,0.16659538833113538,0.6367089650366073,0.28615299511622544,0.13608410037502774,0.08745292704261448,0.2370246234784344,0.15668358903886934,0.22966782660491478,0.2314248604476108,0.12761339685545764,0.3204976923782092,0.21970943034665497,0.15221587690030705,0.12349634398021976,0.1566473599722676,0.20747639506300922,0.26890579541804116,0.20663941998471783,0.09887516239940848,0.24541695130573926,0.09711768048118948,0.2338615436581507,0.1870087893464495,0.08450855253570848,0.20641695062349044,0.1743226514009665,0.27184956799089144,0.21111226924371085,0.19997012023163818,0.2417057879673007,0.11983819863504838,0.2358951556209861,0.19133835931066184,0.09659048886114527,0.13358282382585587,0.0808260987720004,0.2595496116278031,0.22998861177882518,0.05280881327851109,-0.11597753789304822,-0.13179953466571884,-0.049702574356655954,-0.040713482052909526,0.23534040468380935,-0.02575534303280374,-0.14913702380375127,0.031340501045425524,-0.053081939941362545,0.290175313690581,-0.28801846818011434
0.29094537179186875,0.2882867089812014,0.3108593892366673,0.2316432286163889,0.18969066006066587,0.29538429638198804,0.3308693612074465,0.013917124741789301,0.30369461020157446,0.13745252844405434,0.28615299511622544,0.6771206084875964,0.13459197043832338,0.15823549784314847,0.2590966146261459,0.2550912489287872,0.3135077372533296,0.20660724157473848,0.25392025913762384,0.24313332405184726,0.2527566424958151,0.27690064956402594,0.18696920223996663,0.21254632516098684,0.25532763092858585,0.23855591013743974,0.2557391797698595,0.08371983272724107,0.26634296868323026,0.14316116865193038,0.24766515772912093,0.2506595629998964,0.15284301142915172,0.2367306788426778,0.14128434233012824,0.3075187015352317,0.2860609872728301,0.2555366526581736,0.29172498629952043,0.09692384254190062,0.24423671037911612,0.2119578744405535,0.1368886727489378,0.18997170204315617,0.11003569483315907,0.275198174890236,0.2776839580675868,0.04915610727086669,0.1447166366346874,-0.017807916158141954,-0.11246741895611213,-0.09727320970471472,0.20222801738436103,-0.059157836428854436,-0.14384778766278722,0.11295200241317768,-0.1294397971154612,0.21760041419570447,-0.36325261453922475
0.08561494451305537,0.203251018912027,0.21074398512447642,0.14720498739531845,0.15322658604855374,0.1595289797242226,0.104506898128932,0.17879153437156814,0.13815890129950653,0.13858223148838766,0.13608410037502774,0.13459197043832338,0.26775454511204,0.10293285586172088,0.09745720953193349,0.15289486439090955,0.13900672187357013,0.15264562663562828,0.14697366061056627,0.12884434334977546,0.10758499056311309,0.16077290556781476,0.11979143319837858,0.12359114384082953,0.13541691958393584,0.14306814718216293,0.12467385580621855,0.07322990031865292,0.1850061338241426,0.09895913551392126,0.11369726135730873,0.12429148275844198,0.09300261653939988,0.14259311607752304,0.1376277120045045,0.13915400742582948,0.15414532595863126,0.14928752167083256,0.11567604595003933,0.045212266323093595,0.1269862676159961,0.11211240622246602,0.1170974664122372,0.14180341807549518,0.04366902888092541,0.16798960880539396,0.17314458767424784,0.0317901553939829,0.059914863679249974,0.08256044500586468,-0.007314485005808748,-0.04952656317585624,-0.05056502893517689,0.003377934557526951,-0.03972311999188722,-0.030930007794622866,-0.10671328983380958,-0.05055134411348449,0.15126622861316036
0.3110540572496981,0.31006116508288334,0.21008333435836538,0.28811349957249427,0.20083448294404294,0.17943608428420593,0.09021965544921745,0.1241420893725845,0.09855471296674963,0.1492026506212697,0.08745292704261448,0.15823549784314847,0.10293285586172088,0.6663105218997787,0.1503824438423653,0.3275388318939129,0.17047021423880157,0.16182961877307622,0.22374286351448372,0.16569603934181792,0.18907632592540202,0.21824853681739897,0.15861178262749895,0.18086662281961252,0.16784289538218625,0.17634549393330676,0.14051622508050718,0.11922564043891719,0.18241953682542586,0.24204423882361673,0.14383447450647055,0.10503850801223659,0.2008353887281131,0.14346371253948803,0.09405958682788439,0.15220780117582006,0.27339462574972856,0.2789639298646494,0.09572167550163689,0.05166284749839568,0.1892307222453799,0.16470915805419561,0.2879465865555102,0.22517381300181563,0.08594656710742164,0.14044928935841636,0.30505395675302,0.09410644031670404,0.3828141234661121,-0.047163802281656515,-0.059584699889682534,-0.04729719860394736,0.11034626250000322,-0.03360415918548144,-0.3004817096455151,-0.07638089088983258,-0.29443676858248224,0.4210056132182754,0.21479087821650825
0.14099353099279535,0.3332827880590488,0.31123933918882307,0.13250190875140447,0.16548196029355305,0.25119002132153423,0.05706032617765088,0.1468868285969846,0.1306249547868311,0.17609108281626665,0.2370246234784344,0.2590966146261459,0.09745720953193349,0.1503824438423653,0.8716509618920855,0.13358453613825685,0.21751629859290034,0.24493099541860489,0.23066647451922806,0.2695178279873936,0.23649178903038306,0.1105976953413333,0.24525111308136577,0.1649086010900476,0.25869352355568664,0.1282098784805263,0.19833353879631443,0.1998896745034528,0.3283104523843198,0.15574219265697342,0.16725991621476458,0.08119494460466732,0.14747139999903447,0.19587253949999606,0.18818001307827972,0.2630739189621328,0.29062495657450577,0.22903174160689968,0.202408273175564,0.10844176577043563,0.29058228838849465,0.21713785911811842,0.18545044677603317,0.17697287078435395,0.07939801779919309,0.2265741076396922,0.260140895675319,0.09554085597358815,-0.11580418912898652,0.1922267488890259,-0.09307665095319675,0.27405470774621343,-0.331455178829376,-0.003075899720683893,-0.05381538519056163,0.10326839568582326,-0.24294810648560736,0.20312558017441187,-0.011898698761769761
0.21266841837544054,0.23512885650838994,0.21680479464269575,0.24241705597671295,0.18639899829930864,0.2282371847996015,0.17516920622268134,0.15204374745910199,0.10998708146477149,0.15808367071834017,0.15668358903886934,0.2550912489287872,0.15289486439090955,0.3275388318939129,0.13358453613825685,0.5962449815958187,0.2442609738346162,0.19316597067139987,0.3230216554623133,0.17280567831619192,0.20566497605161704,0.34309949505327136,0.19362869936944113,0.21872588597554968,0.2099502910149385,0.15513395490768958,0.2119804702282742,0.15491823246629008,0.22238220800758618,0.24221979980757954,0.1930892781042291,0.21097456796874955,0.17937145827859335,0.21387043300409864,0.15852653242573372,0.24664427504575426,0.29263751732175747,0.3125167119263483,0.19091959544983148,0.07754534158444232,0.24045297608828967,0.1948897343757942,0.29678549870847837,0.2841893782578264,0.08401364474534184,0.19453429606396874,0.3118741939268463,0.03548420757347505,0.24043626178366673,-0.1170050839717402,-0.10737339454422387,-0.08063459131799376,0.1845770360246974,-0.042726797698029825,-0.18742343405067707,-0.020159498182062884,-0.2252994596888821,0.24681627256731783,0.08102977557701689
0.20282500235463075,0.30993972360903094,0.3366205828308116,0.2191528050562343,0.15369711282602394,0.3374678446604675,0.23626420669629097,0.1866203911986038,0.25480565564448043,0.16737354376082247,0.22966782660491478,0.3135077372533296,0.13900672187357013,0.17047021423880157,0.21751629859290034,0.2442609738346162,0.5706641984341673,0.2692969440629513,0.2863648613598787,0.25498780812046057,0.29154726184281404,0.2804318712010694,0.13264781152438096,0.19573537518474887,0.2428759195292382,0.22527838278623805,0.23081630966149985,0.3117824680847949,0.2497143176722619,0.09835162659627457,0.27903894728126155,0.18735974431574867,0.16478160304296027,0.2033985623148998,0.1568818179400786,0.3788793909642282,0.37200379904942577,0.3260728092984765,0.2707720642182494,0.10743865773876211,0.34903198293256543,0.2730570776927618,0.18369583327827385,0.27982209979874195,0.14763964603450283,0.15484597209558765,0.3099927043487639,0.06184938917449381,0.06612585550989251,0.10512030445140645,-0.11009488190591896,0.012769087206029294,0.10668054881331242,-0.03887001022733128,-0.18639073466177108,0.018205422426190273,-0.12551027782571858,0.29176885220182625,-0.13899590246861812
0.21111063116387305,0.44222004073144233,0.37734509959203927,0.23639167191191995,0.22015982519864186,0.293024383037536,0.18630008372810275,0.381323514224071,0.15492590046459928,0.24039928554669152,0.2314248604476108,0.20660724157473848,0.15264562663562828,0.16182961877307622,0.24493099541860489,0.19316597067139987,0.2692969440629513,1.1168824869455394,0.24756325535956472,0.1455090070529096,0.3428619767505477,0.20279936301375623,0.4026323493807497,0.13095406742588994,0.2929851160998116,0.2807297914207966,0.21311614897150633,0.14504494152946826,0.353542995628035,-0.07858878584239083,0.3874382967483607,0.16532742233737466,0.1290576817070975,0.28887946065304054,0.14858144241434737,0.44220496329776576,0.36817966908399025,0.31929733123269805,0.13017223039181527,0.13913379714709698,0.3730114355888337,0.2970280215979321,0.17953295456277085,0.194324443170704,0.09915134991022302,0.2883986922779669,0.5059499202422374,0.062203053557440206,-0.2597199667612888,-0.05497004386670322,0.2113551350439024,0.19525298033006497,-0.08656040118119361,-0.07877285890426487,-0.08483460726272717,0.042929439421088685,-0.09166119782653505,0.28160253952268105,-0.2212032227177611
0.25306495193140677,0.3038620358464995,0.55339335746838,0.10307642744355366,-0.015959203547457317,0.4154909618516712,0.14052246590684944,0.3185109196386812,0.2406159125326841,0.19218668809254896,0.12761339685545764,0.25392025913762384,0.14697366061056627,0.22374286351448372,0.23066647451922806,0.3230216554623133,0.2863648613598787,0.24756325535956472,1.9623642274210875,0.2499188634231759,0.3276805347167021,0.34242303236788785,-0.03280647665841156,0.22147980822003976,0.2126166479678778,0.19886244592137223,0.23584657369954462,0.32586458470920765,0.3230110896330295,0.27722841942960225,0.2853274436804113,0.2383573294010653,0.26558791804613563,0.19094921211169832,-0.0020787169630112593,0.3976195708475838,0.40318948427471407,0.3868324409130707,0.16823825630311556,0.037043465091335694,0.3393960728615603,0.25274581214412706,0.21936261752584327,0.06057582082043219,0.14766063985463507,0.3999061114884294,0.23723931018642103,-0.0024627449074774645,-0.19807642631056668,0.9922000722332828,-0.07193390489157775,-0.09724694080926237,-0.5235084085543694,-0.20179883076050467,-0.16525007634786906,0.06997216693221658,-0.10693821534624028,0.36105567816531287,-0.2174213193940912
0.17451166677887975,0.5408601795855873,0.3744711461995785,0.19560805824392088,0.15836332271567177,0.3965413354110209,0.17739262567047803,0.38867792728312206,0.17696598253650841,0.14789917361372337,0.3204976923782092,0.24313332405184726,0.12884434334977546,0.16569603934181792,0.2695178279873936,0.17280567831619192,0.25498780812046057,0.1455090070529096,0.2499188634231759,1.2477995059910785,0.05132647330600039,0.15441463535076216,0.15617683830690432,0.23194883870802316,0.20205956449994378,0.39312564211558937,0.3165803275653454,0.030330280185865408,0.4069560886231405,0.33958054202449894,0.28616594389293554,0.22658515295775336,0.09033575544852135,0.316213223032226,0.04389588915586267,0.24857631436094144,0.41373191955913263,0.3475731772405313,0.17460578822342593,0.18548805791461004,0.3618985615374024,0.16407718927002218,0.33507342003344354,0.08305696598622257,0.12642367793472262,0.5428437809671512,0.2603269798403456,0.1419088700437519,0.2411724894693653,-0.2532368634841813,-0.04970013170893079,-0.16489109309721264,0.38717138839498494,-0.06954486294987247,-0.30510947533966704,0.027571687158159112,-0.0719948399578536,0.46905050513123436,-0.3182688880115142
0.2588943882175565,0.37294937435661824,0.34617252743410976,0.21149481079343915,0.2019385703932193,0.2797656105384552,0.2227480300723746,0.19338898013340608,0.24914725259977588,0.11710335499320437,0.21970943034665497,0.2527566424958151,0.10758499056311309,0.18907632592540202,0.23649178903038306,0.20566497605161704,0.29154726184281404,0.3428619767505477,0.3276805347167021,0.05132647330600039,0.8471436602119408,0.24226191902388822,0.11445592304820111,0.1864683627054592,0.22756356743309744,0.2888673198713138,0.17263561048337467,0.3253566455425201,0.24105288428557176,0.0792154030487036,0.31615775428791904,0.2290425938297245,0.12131246232692977,0.24051121096685213,0.38899195036691453,0.49757452574574773,0.4020389215914689,0.3139228518093285,0.22125705135042284,0.16886647975330857,0.6510309217806676,0.5421253148617738,0.014244192327532396,0.2540910964123848,0.021636989497198274,0.16420946525963825,0.38077189614428253,0.11228590981393839,-0.11264800405272554,0.1869911711190465,-0.09670293608929902,-0.05079927651858509,0.03214324209026534,-0.03673360947516448,-0.04582351495696805,0.03465058780019205,-0.09924150622278219,0.26308038579496384,-0.15469371886542832
0.2983079544910493,0.31207639979551044,0.431370636263485,0.18415438500791617,0.16099225186247004,0.2806997578034604,0.25434678345099954,0.11041158016681252,0.5228158285072141,0.14599535413458004,0.15221587690030705,0.27690064956402594,0.16077290556781476,0.21824853681739897,0.1105976953413333,0.34309949505327136,0.2804318712010694,0.20279936301375623,0.34242303236788785,0.15441463535076216,0.24226191902388822,0.6409060295942522,0.21400311812087375,0.2472482721830679,0.17147598371185452,0.26809406799245467,0.2240377545121939,0.169256562922604,0.18567236444714375,0.20006901788050518,0.2363776400020596,0.2821381159171021,0.22499380520700765,0.1857304870290589,0.12110997259894016,0.320828187883522,0.23889815844015655,0.3700549704965013,0.21164541536229373,0.07294356166217941,0.23655986528768813,0.21727298823860036,0.316671536413125,0.2999455910650258,0.11150145489234402,0.3243179409897234,0.2913381754464343,-0.033897768515705404,0.5933032613750618,-0.09752487939465936,-0.0855731946837075,-0.1571298289716299,0.25323837690172074,-0.053414307593842116,-0.15027211006278127,0.07672312031535851,-0.09685844614614542,0.22534165237414192,-0.16080829025429424
0.14334223287881334,0.05042298857068602,0.21278339621756118,0.22415973733347452,0.224319559309538,0.18708909800212672,0.16212946904775793,0.20439156574742184,0.16298268210285152,0.20006586788972924,0.12349634398021976,0.18696920223996663,0.11979143319837858,0.15861178262749895,0.24525111308136577,0.19362869936944113,0.13264781152438096,0.4026323493807497,-0.03280647665841156,0.15617683830690432,0.11445592304820111,0.21400311812087375,1.2892902303366323,0.29540850768598403,0.3448364502954529,-0.05391137458921163,0.052567033491806865,-0.40425359709211695,0.4319661431441419,0.24852972800780415,0.02863266091938753,0.060860879177694414,0.11347719716784169,0.34617496614379906,0.14340816007168297,0.4430864822127052,0.23826630761948023,0.23317960352725184,0.33696682567652686,0.14933145405400036,0.23496282278949523,0.1644214993492316,0.15431705843477025,0.513041656366131,-0.037426028864563365,0.2890452956329042,0.41710170794226586,0.06346213147603023,-0.22522960133011677,0.05100949629437448,0.10343519325072995,-0.04832171093342398,-0.027515722380761498,0.0013215141854586796,-0.1341291809031283,0.028447350408773324,-0.14048317353765868,0.2400858039711801,-0.14643281408687578
0.20070470665838205,0.24737864699650444,0.3021909375542225,0.21069112564062517,0.1320373141266214,0.22370138164889375,0.18999308030148027,0.16009870500325515,0.21818668138850475,0.17070211578546446,0.1566473599722676,0.21254632516098684,0.12359114384082953,0.18086662281961252,0.1649086010900476,0.21872588597554968,0.19573537518474887,0.13095406742588994,0.22147980822003976,0.23194883870802316,0.1864683627054592,0.2472482721830679,0.29540850768598403,0.6857729229459867,0.27723571267765185,0.1366115335359514,0.18199304531423685,0.12062810888579457,0.1370289531554009,0.6189125750247174,0.25270179683552324,0.26759521932060126,0.5291562067270912,0.19660580518137635,0.19437657042341072,0.29614576531361464,0.5315759011511442,0.45265564637743505,0.3544440387013166,0.07971388586443547,0.22407669680176207,0.21584667215805256,0.3841698698457624,0.37392279041673376,0.22542690911051327,0.23782533242242743,0.4343118762824065,0.13850190058589398,-0.03394217374739908,0.1564722202558329,-0.18336537018867186,-0.18815978661537666,0.20981043193530383,-0.07123848345184787,-0.13727957727817944,-0.014601971880941474,-0.04056450958888492,0.20532632107201318,-0.1304385585251679
0.23155522503865567,0.2622058254023267,0.3083906373539968,0.2147246624153257,0.1809335149741106,0.27385736530299243,0.19359382982133289,0.27118363895682,0.11390947580606299,0.19663045227061254,0.20747639506300922,0.25532763092858585,0.13541691958393584,0.16784289538218625,0.25869352355568664,0.2099502910149385,0.2428759195292382,0.2929851160998116,0.2126166479678778,0.20205956449994378,0.22756356743309744,0.17147598371185452,0.3448364502954529,0.27723571267765185,1.1055079215348744,0.10406767140806691,0.21191336160858804,0.04537172200512155,0.45140487627915604,0.3454823118853432,0.2200972540794353,0.1674495058632179,0.19800006003124632,0.36175703659773034,0.26728559206016494,0.26482208795227075,0.48066384152599695,0.31863864655665924,0.35315091215040706,0.10620154973066434,0.27703437038385975,0.24008829591771574,0.28489505589029546,0.3023905314557541,0.19606078010030067,0.3037117706344276,0.407775449115803,0.06734231744861228,-0.4052912575742471,-0.016438505817929706,0.002806216791297266,-0.0595973448659658,0.007714709630073478,-0.04499916487925921,-0.09131052060604274,0.01292395507946264,-0.09001763799630366,0.26326448145886666,-0.20626055878515087
0.19834517281902733,0.5249295337778964,0.39568629706685376,0.2476310593280382,0.24592788673313654,0.41047031043553844,0.2316018254891597,0.45334293655556146,0.34898611629036363,0.12052530642830281,0.26890579541804116,0.23855591013743974,0.14306814718216293,0.17634549393330676,0.1282098784805263,0.15513395490768958,0.22527838278623805,0.2807297914207966,0.19886244592137223,0.39312564211558937,0.2888673198713138,0.26809406799245467,-0.05391137458921163,0.1366115335359514,0.10406767140806691,1.7377367697516275,0.22023153746357962,0.05884588188723994,0.03327367002684336,0.1297257562779793,0.30529145178603545,0.43606952244719904,0.09077378848074374,0.25086677565496385,0.015468783210383658,0.16387541422217536,-0.17421375197762726,0.4335636632561165,-0.7826929368277002,0.0023131382037411756,-0.04542685951916356,0.21611654787810824,0.6546420959992972,-0.13361813556398933,0.22069710327477376,0.4478180629873026,0.2706816968840542,0.09204982743854347,0.45115597559285225,0.019476436611126153,-0.32202353671906336,-0.1833760294144554,0.38608209680195443,-0.009987628195749615,-0.42382192021676096,-0.0384100836321928,-0.09802048154431768,0.7279584118843784,-0.4604705872971064
0.17010610500601867,0.27399705219187503,0.2658850348180022,0.14814416570343739,0.10190867488664727,0.25373913774513274,0.16287737455165904,0.18293329666499128,0.19379313781277327,0.1348306534471799,0.20663941998471783,0.2557391797698595,0.12467385580621855,0.14051622508050718,0.19833353879631443,0.2119804702282742,0.23081630966149985,0.21311614897150633,0.23584657369954462,0.3165803275653454,0.17263561048337467,0.2240377545121939,0.052567033491806865,0.18199304531423685,0.21191336160858804,0.22023153746357962,0.7902146528220806,0.2485727901081114,0.15250565837079663,0.1536320451009196,0.312603877815566,0.22395579310760988,0.2515723989967815,0.1539234999787898,0.15241504457917532,0.3173780526662858,0.3186047499362334,0.33122892584886826,0.14986896473837236,0.10861800489828234,0.2731209994167304,0.20385785953133775,0.41659115455103757,0.1408200362810801,0.13045066336468583,0.29170977682065474,0.2335353561226475,0.09611176268950232,0.08603144742036094,0.023133204492264983,-0.13659222833490411,0.03130865001745177,0.09395718268265472,-0.0573178252882262,-0.08885969119663079,0.048902348298222056,-0.05328799868820501,0.1403298884419616,-0.11292488299688462
0.07419108771967285,0.204046696022745,0.21421160071919654,0.06364464673341268,0.007968895904319066,0.1985901901385828,0.052425094351870274,-0.04316574130121302,0.19798929981109922,0.08368981219965463,0.09887516239940848,0.08371983272724107,0.07322990031865292,0.11922564043891719,0.1998896745034528,0.15491823246629008,0.3117824680847949,0.14504494152946826,0.32586458470920765,0.030330280185865408,0.3253566455425201,0.169256562922604,-0.40425359709211695,0.12062810888579457,0.04537172200512155,0.05884588188723994,0.2485727901081114,2.0243877588344277,-0.15189912337436962,-0.2175230579696538,0.41075054117994625,0.14939406390999196,0.35108803699207763,-0.05461419129328618,0.05088841375342927,0.7171528103913369,0.33144767411213816,0.3475716077940978,0.14135225520646197,-0.0015908570980015606,0.6343994745259756,0.260850002628793,0.07699444047037614,0.6896185122799401,-0.015091401649672523,-0.7557760173408163,-0.052953892973822324,0.07336709448714053,-0.2151524513310241,-0.019480709423367836,-0.009461947525677746,1.035322729938233,-0.9916127850991402,-0.014779634960489122,0.30835763913400155,0.12557963035162162,-0.04777364712863063,-0.24563478092883717,0.31734375098819306
0.21024487660919314,0.4891467266342535,0.46321526734172286,0.22159290777286256,0.1680123924580682,0.396429225521739,0.14339420496599464,0.30151888504115026,0.10475104719932044,0.21967797373977302,0.24541695130573926,0.26634296868323026,0.1850061338241426,0.18241953682542586,0.3283104523843198,0.22238220800758618,0.2497143176722619,0.353542995628035,0.3230110896330295,0.4069560886231405,0.24105288428557176,0.18567236444714375,0.4319661431441419,0.1370289531554009,0.45140487627915604,0.03327367002684336,0.15250565837079663,-0.15189912337436962,2.061365965365528,-0.03675654063419558,-0.035385031129078384,0.14931121084652413,-0.31336261908630175,0.667357527170287,0.3115363281146912,0.5308298383391437,0.37828352188158254,-0.10675818983966767,0.2982392878168411,0.07172612876515784,0.47398073418913206,0.24525109561545472,-0.14855233708317736,-0.02080533153413266,-0.13391005650552165,0.2442507225059293,0.3407120355157293,-0.047219156570874346,0.3658066743551086,0.6154776667496363,-0.303883220271723,-0.04670714887728106,-0.34848098701944796,0.029893297819610157,-0.15338630956009955,-0.06644219943743344,-0.25312006530831604,0.3250578966341708,-0.05171503088797827
0.14940440829635715,0.22772452001300195,0.056375047742638865,0.20653587890555355,0.05987752940236322,0.1157138630372605,0.1159727277399017,0.17501617478896622,0.0905856888634843,0.1803965262620792,0.09711768048118948,0.14316116865193038,0.09895913551392126,0.24204423882361673,0.15574219265697342,0.24221979980757954,0.09835162659627457,-0.07858878584239083,0.27722841942960225,0.33958054202449894,0.0792154030487036,0.20006901788050518,0.24852972800780415,0.6189125750247174,0.3454823118853432,0.1297257562779793,0.1536320451009196,-0.2175230579696538,-0.03675654063419558,2.9695436133011675,0.25705372872305743,0.19693386592279669,0.7485896377387825,0.07295458858906072,0.0972324000972451,-0.24166428874911053,0.5727547739495,0.7426677563725455,0.6346058358435303,0.11006932220698701,0.007199890028550978,0.08733119789050386,1.0525485300937627,0.4901943172802225,0.7298173248112079,0.7484287902896993,1.1088624417434148,0.20637226299293412,-0.4866880100021942,0.1315919523657938,-0.2232644661020534,-0.9906191246664156,0.8552549451843404,-0.04942999315169228,-0.3291265074669406,-0.18468595073005614,-0.1768618935198181,0.6167571261213546,-0.21890628423904046
0.25835002893632353,0.31551335645680395,0.34620026271572485,0.16957972789193498,0.12287446273835681,0.2681035988201116,0.22325163333168666,0.20503108693896274,0.24503484451621776,0.15453622214119522,0.2338615436581507,0.24766515772912093,0.11369726135730873,0.14383447450647055,0.16725991621476458,0.1930892781042291,0.27903894728126155,0.3874382967483607,0.2853274436804113,0.28616594389293554,0.31615775428791904,0.2363776400020596,0.02863266091938753,0.25270179683552324,0.2200972540794353,0.30529145178603545,0.312603877815566,0.41075054117994625,-0.035385031129078384,0.25705372872305743,1.1475589588730863,0.290587879054327,0.39779251466529786,0.14533696478201985,0.14669302826616057,0.5509205248987671,0.5494670933406,0.5513029756896329,0.27252400503963475,0.11249718233523442,0.4421966324969592,0.32744723626936245,0.33750687457031076,0.3411837447892913,0.29182496635227373,0.14815667222224074,0.4344409944363266,0.10506185104411665,-0.44895514236847817,0.11708503719155879,-0.13404797640805183,-0.0720950426886127,0.23534698764971915,-0.14432892950329176,-0.014924517451098407,0.09241063711129248,0.03161775791903665,0.1281287308719311,-0.2508762397651424
0.22391331758824334,0.23158508665122213,0.26944185735654647,0.16787725884990384,0.1814533396048634,0.25942850179105165,0.22258171511366057,0.19880235702936846,0.2708020814071256,0.12165887130206869,0.1870087893464495,0.2506595629998964,0.12429148275844198,0.10503850801223659,0.08119494460466732,0.21097456796874955,0.18735974431574867,0.16532742233737466,0.2383573294010653,0.22658515295775336,0.2290425938297245,0.2821381159171021,0.060860879177694414,0.26759521932060126,0.1674495058632179,0.43606952244719904,0.22395579310760988,0.14939406390999196,0.14931121084652413,0.19693386592279669,0.290587879054327,0.7172991297965008,0.06754535284956589,0.3006866701194017,0.023079871030777008,0.37137805336214613,0.04043385864369676,0.25557752577251414,0.036841965388693804,0.010692761884035375,0.16705604862841686,0.15551551196788774,0.10932035538920863,0.12627019339889503,0.041819252163866935,0.14905463756738013,0.2607367632923005,-0.015883069580918972,0.16614925162384087,-0.01718660175249831,-0.1061574558453517,-0.18394939554025921,0.3260331884522058,-0.04920624446809746,-0.22596935335428783,0.010306120445543809,0.2601448524276806,0.17357456559949158,-0.4064574834119484
0.18647905555026703,0.2444537051003997,0.25300175501776895,0.17918073069417656,0.03951795131329266,0.12128152969107275,0.12734808255777003,0.08843345933669924,0.1782194148610705,0.14252076864515495,0.08450855253570848,0.15284301142915172,0.09300261653939988,0.2008353887281131,0.14747139999903447,0.17937145827859335,0.16478160304296027,0.1290576817070975,0.26558791804613563,0.09033575544852135,0.12131246232692977,0.22499380520700765,0.11347719716784169,0.5291562067270912,0.19800006003124632,0.09077378848074374,0.2515723989967815,0.35108803699207763,-0.31336261908630175,0.7485896377387825,0.39779251466529786,0.06754535284956589,1.6932880545700835,-0.25709019239632624,-0.13950027244356827,-0.08312973800623262,0.8359562267011629,0.7618399567066073,0.374655904155683,-0.032103190651553905,0.024483627491221384,0.15260643640452845,0.8777018452475023,0.5680982116947293,0.37982444565558754,0.025718129429832377,0.5309159000343006,0.2569529598105717,-0.45013517491852606,0.40325282911786603,-0.29275983885283735,-0.0037902485064590886,-0.034098708151907395,-0.1622433815642017,0.020295541109957772,-0.07657171133309573,-0.21100251331340106,0.19139650294556323,0.07157138381465404
0.11926079162700479,0.2564069716452602,0.24607330856348467,0.26317054799290435,0.30290900011105953,0.3095513153052151,0.19774885749052143,0.2797914981823603,0.12223008544059152,0.19826883510863527,0.20641695062349044,0.2367306788426778,0.14259311607752304,0.14346371253948803,0.19587253949999606,0.21387043300409864,0.2033985623148998,0.28887946065304054,0.19094921211169832,0.316213223032226,0.24051121096685213,0.1857304870290589,0.34617496614379906,0.19660580518137635,0.36175703659773034,0.25086677565496385,0.1539234999787898,-0.05461419129328618,0.667357527170287,0.07295458858906072,0.14533696478201985,0.3006866701194017,-0.25709019239632624,1.3974618172998863,0.2116628122243307,0.2714765387031174,0.4854636771554671,0.18417849463470734,0.15907996935483687,-0.07342151999035933,0.21831465338535166,0.2587311057112819,0.18773128398793723,0.3148874534282779,-0.13719704103519084,-0.09414400054100958,0.3208737708498454,0.015593257690119546,0.21152353394963164,0.1204453156308963,-0.19337259908329954,-0.18949297386411235,0.21887706549005903,-0.021471398531136644,-0.16156355506662454,-0.00560203495385085,-0.06516333031982408,0.27018962610113834,-0.1871522030937904
