2.3859015021375822,0.17409027526277485,0.09324436825161954,0.38895020677928194,0.08095855360039647,0.1073194066157108,0.11664474259936417,0.1492832368447198,0.028768028068409324,0.07530180004220267,0.12142000073603917,0.12991001189557938,0.0821242582925479,0.08649013221588284,0.029262086345922547,0.2324514730654581,0.05533577948387306,0.08248619028007206,0.16257572907354528,0.20523573022517544,0.11857622206679294,0.13745134633866568,0.07770580520850054,0.16155776316345982,0.11352446392407911,0.11007581319296755,0.0665276483777204,0.08023111336694527,0.11065210456601256,0.11572098976738045,0.16539598453275428,0.13186896221909286,0.0990332690775298,0.10321044955507178,0.07860401951782338,0.05223641886840999,0.0425311429216844,0.047467128374719676,0.04303634190034441,0.05844753959407608,0.08401715587023033,0.0681992503431331,0.015850566790013995,0.0983777477600651,-0.08780425652234813,0.06220748319545018,0.007956833518584193,0.05754390587394858,0.0426804928357315,-0.04458163814689603,-0.022783279970599868,0.020242854716369774,-0.12171661353158945,0.1028096190272843,0.05208979516794766,0.232230935701097,0.3355922835591758,-0.4634742704092932,0.37830979001821996
0.17409027526277485,1.6936294584393734,0.10738493638474532,-0.004745870973839808,0.2771584705127542,0.3756012303680692,0.2452809991114509,0.30220508734504753,0.24171983491776525,0.38495207889613225,0.30599567456995125,0.20847270088246161,0.24918928562666387,0.20748912059344635,0.26359424199678416,0.21047121690001325,0.20984110619464094,0.2571402605936251,0.10097638675625692,0.3081209908658481,0.22815655313987143,0.19509350883728377,0.2266539140943713,0.21645760456934848,0.15464479746004253,0.1532906384129945,0.11344382898671,0.13871957780104305,0.20622318599680708,0.22027264046185988,0.16365568785187323,0.21211116977992883,0.17568296778858697,0.18892104323478584,0.1438737030646653,0.11563250568126018,0.10719133588244431,0.11244240825121461,0.16025014817768998,0.15467052847223264,0.15267202703618016,0.10730074187828559,0.07144834280347213,0.1401332205071568,-0.01600469186974788,0.11448704934108897,0.048136361494185986,0.1108724253891938,0.059003127908255217,-0.04575510763633463,0.028188563442705226,0.020843437527912602,-0.19784282387042898,-0.14750577175417126,0.0009132260571412365,0.12666894797947315,0.2894334583680134,0.021009995230312162,0.0779445587711554
0.09324436825161954,0.10738493638474532,1.29363879723702,0.39682555316741003,0.21172948555816462,0.284292863054305,0.3063160199127821,0.4294527288983912,0.3088501405147023,0.19136994016894762,0.2763907705981888,0.2630266590873914,0.29536358943937374,0.31990763640041653,0.305422631591424,0.15485732464499896,0.20487187378993632,0.22349125240260984,0.3084422974592639,0.18742571826178434,0.3063895395116262,0.21934683451265086,0.2588669615625782,0.18338939598420284,0.1540334888225186,0.10318438737472896,0.12499200154292683,0.16883196518655377,0.24780839374268965,0.24256955671645952,0.10796745807758076,0.2420760435208226,0.19635802986819323,0.16933485549442334,0.18104190669303208,0.17003279877607583,0.12664421110538013,0.13636453026919593,0.14738962516954776,0.17305349968880543,0.15528106912672085,0.1131886860756133,0.07965842705856811,0.1337828161155413,0.024499067533831242,0.11624356880671573,0.08165943305802743,0.11304213224479567,0.05995566871939056,0.0668020879607308,0.10589479175265949,0.009405584712493515,0.22227368096268268,-0.24129848853403968,-0.1681759030080729,-0.10468199310972479,0.06333759445574862,0.06498015356505629,0.1022479250180292
0.38895020677928194,-0.004745870973839808,0.39682555316741003,1.1221924700656891,0.3238749622071442,0.26526658342626197,0.3628110948612455,0.33064726089312857,0.2760377376934476,0.18781208583767264,0.3030764350955714,0.36087850345671296,0.3130518561346579,0.2634163592562835,0.2572525297488349,0.2852229643115255,0.23682918784592344,0.2503506661728096,0.2361800086857476,0.3068705489311223,0.3289811544299347,0.2872783900150197,0.2946318093087202,0.24007701443024893,0.22150663792409883,0.10701313537946847,0.18955965495637392,0.187151046626477,0.3089259143079178,0.28291775540826414,0.2315130756234187,0.2782933439932316,0.2244402468594812,0.24034375450000633,0.2276244452799605,0.17405063882272798,0.15833426643470616,0.15130612011288194,0.17440319378814378,0.13845637530590557,0.2074384268212923,0.16516824671042368,0.10135670252868258,0.17665009466151835,-0.07210348377063609,0.15216814327236208,0.06295795198595405,0.14741919499710882,0.07631611879502402,-0.04492345225680635,0.061510233196406236,0.06969817234707197,0.008100584800454348,-0.05444582908082241,-0.0028615379205212295,-0.0014376700339722263,0.12195124530152768,-0.002711046618473089,0.04780253803921844
0.08095855360039647,0.2771584705127542,0.21172948555816462,0.3238749622071442,0.700802614396812,0.3134570219673098,0.3272128260827714,0.2735435879314183,0.2932442304221875,0.2932300639469088,0.2698595154127135,0.3065990743293072,0.3020090575846395,0.259483467522504,0.28298636438484176,0.25348783680545545,0.2665799750770686,0.26877187164561694,0.2601750595975395,0.31874513061217297,0.276110278476645,0.2566685605041797,0.26967035094158853,0.2218509276935003,0.18496832295079924,0.12901867070605724,0.15894690503869524,0.23467336141601344,0.26778425630981423,0.3015511950815764,0.150436115370578,0.252914766586647,0.20017298536848183,0.24635183739639277,0.18776477995726862,0.15644092164048087,0.1486499349846,0.15458301626134344,0.1521943289386918,0.2094615516902962,0.19399988071758204,0.1592309816149679,0.07272223320437984,0.16673808159379122,-0.006667003195270323,0.1420719074771357,0.02272115751188464,0.13711298218732704,0.06685283502620633,-0.04053186801284349,0.02499093020153461,0.08126867024326705,-0.050522084585787226,0.0010204692762838714,0.17415796524393806,0.10004399961391405,-0.05275286095316853,0.1889803465818506,-0.10238123972442388
0.1073194066157108,0.3756012303680692,0.284292863054305,0.26526658342626197,0.3134570219673098,0.6521517373695375,0.24733922798002628,0.330712402337527,0.30284611068787337,0.3125219772610192,0.31651946315715124,0.2689243815531293,0.31616281205418995,0.27776637918602576,0.3184301181877005,0.24419424126494021,0.23363267723250816,0.2838685477522365,0.25480444385319445,0.4169758120373228,0.33767655042836286,0.2386680789405008,0.30764494402054016,0.24092816125603253,0.1950272766566942,0.11080050589856111,0.13526200910295466,0.1821415455399524,0.22786824806873793,0.2435175978829781,0.16047206282698176,0.2728170001908482,0.18898835011920045,0.23771316787448812,0.16724388103139046,0.15709520806581395,0.14108177924121978,0.11517060003564086,0.12883891842531212,0.16192263667279985,0.2028778792177384,0.14434598096636092,0.09707970963263186,0.13067610937272406,-0.011701237064300993,0.13777398854949757,0.0626096434196318,0.13399335010149183,0.09494766499406106,-0.02955603530897768,-0.006094064488094072,0.021581073177985008,0.04616433788195062,-0.06899426044160989,0.12819446735310588,0.06033346578838892,0.01490125224584776,0.04648697320606794,0.014461108732462988
0.11664474259936417,0.2452809991114509,0.3063160199127821,0.3628110948612455,0.3272128260827714,0.24733922798002628,0.5486815544886848,0.31445160914564285,0.27400721977943604,0.2492754031194045,0.2931762849510828,0.29248238186784037,0.3364985308818566,0.3294522411175225,0.28151330974746874,0.19836621861483872,0.20779230291072523,0.24756160001178656,0.2909170799611422,0.25159935383603843,0.2638693015075836,0.25839227980676244,0.2766591843427289,0.2322982898206893,0.19246207798431425,0.061008538021701204,0.1719658122024473,0.1759298265812918,0.24921323964160463,0.2736675615303577,0.20945984687495983,0.27302325491876855,0.20648896137131179,0.24386029164366743,0.1908974297313392,0.16403328742349402,0.1439083294318651,0.15849877288368416,0.21929728573421797,0.22999268045242122,0.19453746996167764,0.12420775123569389,0.11882260930193876,0.20556433576077585,0.008618463388883058,0.14867756844635976,0.0856316327092646,0.14408145444812293,0.08282985115741336,-0.043779384929246094,0.030745257883128613,-0.013420714730781831,0.07883164592433912,-0.08383827929701179,0.0465497180783395,-0.001491012006085801,-0.03699648002691526,0.0748945854077936,-0.059668095723076645
0.1492832368447198,0.30220508734504753,0.4294527288983912,0.33064726089312857,0.2735435879314183,0.330712402337527,0.31445160914564285,0.887040479937188,0.30723502634641003,0.28327996549696305,0.3148471346986353,0.2774265541880263,0.32554817105331124,0.3442017809234694,0.3314821635948204,0.2023383546305733,0.18790668440591177,0.2569752761772556,0.34533089123925687,0.3056010031941213,0.3337389965131948,0.2398385658890268,0.32539838345688155,0.19377243743474734,0.1776765492906858,0.11455684232304045,0.15350256843041513,0.21460479533642549,0.2871295753949385,0.29771984707028576,0.141084296820216,0.2617870984619151,0.21594342745037912,0.2158860921628364,0.2141587763358824,0.19069148012079612,0.16780989009856245,0.13844015407868412,0.1779849535030857,0.18825259871397743,0.20909195889216345,0.10738969253140535,0.09468010242921931,0.1561001154036235,0.010734364666053901,0.14258718857174466,0.10080899028114947,0.13732481320502152,0.05713481855245438,-0.014888867588112241,0.07306908847335476,0.030008812892232714,0.0221512190035646,-0.22881631664325014,-0.17867237474723405,0.0011360213182394223,-0.028364325740664713,0.1293247785479856,0.04020124950985504
0.028768028068409324,0.24171983491776525,0.3088501405147023,0.2760377376934476,0.2932442304221875,0.30284611068787337,0.27400721977943604,0.30723502634641003,0.5444004821089906,0.34278395500895326,0.3260719815371789,0.3400163375695658,0.30302511246818475,0.3192078137036363,0.2896428170580854,0.26192556326956423,0.2917484824129298,0.29638765656107674,0.33670417118407986,0.29033300784738125,0.29584142181124445,0.2942551546254594,0.3028168933431652,0.26390614871745877,0.20962478832835083,0.13693656567550438,0.15507456351980298,0.2138803017882938,0.2539371839326436,0.2774084286476354,0.22591470869043798,0.2834997120188221,0.20666839830577002,0.2458637621455321,0.1931719674887962,0.17269321062386436,0.14539292149498292,0.14792487576690153,0.13847963182033352,0.18291898897777215,0.21516508093291883,0.14357431058325548,0.1255012644802467,0.18733479552243812,-0.0403544722337138,0.15428377749619165,0.0797509065555086,0.14846561968644242,0.08388688377496027,-0.032923978817378276,0.02625389334914788,0.0534707699035631,0.04233163158211704,-0.016608663203339497,0.04474903128068809,-0.007865321341831578,-0.03177715635285832,0.11220071139888309,-0.04849868618428202
0.07530180004220267,0.38495207889613225,0.19136994016894762,0.18781208583767264,0.2932300639469088,0.3125219772610192,0.2492754031194045,0.28327996549696305,0.34278395500895326,0.6064611884127982,0.28114003544532434,0.2747577506314518,0.2804500425457739,0.24274146590506895,0.2655743017736167,0.2903753801249259,0.2710973513182254,0.29054934321677084,0.2434892459473105,0.32514899149674303,0.2776940576237807,0.2505030226442955,0.27482688004352457,0.2926025902940248,0.17206782589118647,0.18872660667577643,0.1239925874683095,0.18481497398398944,0.2375584394713006,0.2598618602148402,0.2298034559459541,0.25708469145786705,0.19912299837331157,0.23973449878648675,0.17738339290100194,0.13979038928612314,0.13442278972992766,0.14063583563129436,0.11521522581657671,0.1498841808647387,0.19519499590249348,0.16372848014964303,0.10219292185936966,0.17242819562449344,-0.04695686428386914,0.14748272088511769,0.05321042529952157,0.14181517820956266,0.08281334120058287,-0.013217316175506784,-0.04316240877210754,0.091141123400698,-0.04697150220030011,0.03859296854204743,0.06190806913750087,0.0417407735278906,0.03939445014172071,0.04628298985003605,-0.014172787868302117
0.12142000073603917,0.30599567456995125,0.2763907705981888,0.3030764350955714,0.2698595154127135,0.31651946315715124,0.2931762849510828,0.3148471346986353,0.3260719815371789,0.28114003544532434,0.6646909997480444,0.315719049242598,0.31119986695704144,0.34312477461773766,0.316875449282662,0.28628920092427795,0.2129917959049165,0.33409239540651386,0.35315526514530876,0.31524489035860875,0.2999881285974202,0.2929594737137141,0.31457814549205665,0.26016740832045454,0.2582364264716706,0.07656738010303206,0.19716157359829847,0.1730335141911353,0.2257261128546496,0.27885711948940783,0.24908523229430016,0.317941059497758,0.21444854027799803,0.2925356930697456,0.19814755107100981,0.1709674452911804,0.13976342448202594,0.17406506800021693,0.18929191897642828,0.19206394389467096,0.22640555772683568,0.16999790416375996,0.14065935963921294,0.21305508155782082,-0.040851585271623185,0.1655066798158629,0.05050534234140161,0.15920744627908898,0.08972903981022422,-0.02865745522517818,0.031531600078469425,0.0015518072370920304,0.026259672058274317,-0.08961785048614766,0.10582050445580592,0.052473991614716664,-0.002237621085535666,0.06483716153631974,-0.03397181102426062
0.12991001189557938,0.20847270088246161,0.2630266590873914,0.36087850345671296,0.3065990743293072,0.2689243815531293,0.29248238186784037,0.2774265541880263,0.3400163375695658,0.2747577506314518,0.315719049242598,0.5339199017895445,0.2856074502462703,0.32341962234584737,0.2784355176360773,0.2504586888583155,0.2141535269799949,0.2741085551263406,0.2846280945012453,0.29556346080127666,0.28809960046632727,0.3941039785180175,0.29991675321668154,0.24363435927953508,0.20184699027987038,0.13792463815629535,0.15963061296928405,0.2177081994977578,0.28258827658309027,0.2697553852659843,0.1858623227978489,0.25952244058703583,0.20941043279456442,0.22509447993847292,0.2001647104941367,0.15854003098274433,0.1459075956214715,0.14839932944194825,0.1693091255497911,0.18214418735074034,0.1895431176628114,0.14996258749306834,0.09273010337345992,0.17224304658584136,-0.02554134821689232,0.13737312484945222,0.06065219062216357,0.13277782789692916,0.06906109674553242,-0.058856599054643674,0.09289451952225941,0.09459716831805602,-0.032747222906341064,-0.11039412970522962,0.03022428357273771,-0.028886105032110015,-0.04030834593822789,0.06905072373440779,-0.03677891871275124
0.0821242582925479,0.24918928562666387,0.29536358943937374,0.3130518561346579,0.3020090575846395,0.31616281205418995,0.3364985308818566,0.32554817105331124,0.30302511246818475,0.2804500425457739,0.31119986695704144,0.2856074502462703,0.45073763812517254,0.3056985301132168,0.34625593326617665,0.2307582539358155,0.23656723478856512,0.32786618065283274,0.2803393648185803,0.26340478349741,0.29119913333566144,0.26144952354792705,0.32903876335364846,0.2563695156832963,0.20818543443134088,0.1119571926966036,0.1601848728370454,0.1789959957095224,0.25045615117803677,0.27892387076218117,0.20395707019594778,0.28378167341305355,0.20519279284970277,0.23537066443226756,0.18650911456750313,0.18049132549683305,0.1462168381456979,0.14632688255384405,0.174823643794401,0.19335894204032902,0.20789655647422212,0.12599155511384216,0.12462305331673677,0.1862524947490338,-0.012900595787929235,0.1527575883534114,0.08763488643726049,0.14679959450535593,0.08243732788472591,-0.03372334560574117,0.044449902932431534,-0.005621554982747132,0.0565260786217724,-0.08671053309253762,0.012185333322887338,0.004006090459604687,-0.015143192394774924,0.048103190995425635,-0.017570484147169076
0.08649013221588284,0.20748912059344635,0.31990763640041653,0.2634163592562835,0.259483467522504,0.27776637918602576,0.3294522411175225,0.3442017809234694,0.3192078137036363,0.24274146590506895,0.34312477461773766,0.32341962234584737,0.3056985301132168,0.781387429403679,0.291065477860714,0.10311290733405641,0.20817712778577224,0.23180242957968963,0.3831032228128481,0.12189764037519002,0.25303303569275765,0.31399830546499247,0.2485777466810237,0.22324149815872585,0.19396106962704815,0.07422753592069138,0.17743407287042243,0.2331295547906886,0.31296612710052296,0.31430590311164186,0.16257209264196898,0.38519647741612495,0.2508230365207318,0.2955468281636841,0.24593766477499193,0.2174232450067247,0.18456677807902824,0.16295628832596945,0.17661069736137688,0.20721586252361826,0.224799815227859,0.21713775621588371,0.07835096517045692,0.17394545599247704,0.03915020181827191,0.14662624413671863,0.08286182661669071,0.1417389621260672,0.10679566019611571,-0.04470595481755465,-0.02216575724928922,0.02212753794451433,0.35060414192490724,0.09186377302735232,0.12335584926091187,-0.047077903561253465,-0.04575805777048825,0.1044803312864843,-0.016927545444411725
0.029262086345922547,0.26359424199678416,0.305422631591424,0.2572525297488349,0.28298636438484176,0.3184301181877005,0.28151330974746874,0.3314821635948204,0.2896428170580854,0.2655743017736167,0.316875449282662,0.2784355176360773,0.34625593326617665,0.291065477860714,0.660821195087927,0.2603162610438664,0.27164753609321046,0.3906685649163767,0.25744908317174836,0.2148161615233434,0.283372498966378,0.23927898739930678,0.256098630314482,0.2460225020890408,0.21403750501447694,0.11649928458840984,0.1913070924059798,0.19502437970440786,0.25925231548191574,0.27236286277544464,0.1464747550773546,0.2725350062923445,0.21212440432547605,0.2333555924257415,0.1864252154847028,0.18383860997069487,0.1575342172841931,0.13880130017762976,0.18630936023626712,0.2094688313737709,0.2437736901142656,0.08279262563074555,0.16062107389366947,0.17050928439569216,-0.016135902592052737,0.15960455011767166,0.12878898306485786,0.1524072804133936,0.07639163754304965,2.7547980810656135e-5,0.10863576395627393,-0.048741011267789625,0.10998241650762625,-0.14645696889065513,-0.03230314033811432,-0.005983483457110066,0.005408138448811128,0.022342394190294625,-0.02757831156427326
0.2324514730654581,0.21047121690001325,0.15485732464499896,0.2852229643115255,0.25348783680545545,0.24419424126494021,0.19836621861483872,0.2023383546305733,0.26192556326956423,0.2903753801249259,0.28628920092427795,0.2504586888583155,0.2307582539358155,0.10311290733405641,0.2603162610438664,0.8062994974655875,0.4015676741032821,0.3233147125187465,0.09641510990779993,0.2887763459368949,0.26810722694758693,0.25838514229210385,0.25479006894510475,0.23693888078371927,0.20537802974929836,0.21294322850431144,0.12000078181308965,0.21978821128074014,0.27751449743477946,0.2608626839639677,0.15218529366124836,0.3248431540168176,0.19165652732117652,0.21250170750229516,0.15803650318672327,0.16032713199046397,0.09653734853608281,0.15919036579388093,0.10378573274220755,0.20656153063704466,0.22363799949840057,0.13367994651139534,0.09451883401477276,0.17252151617227635,-0.1257083949854433,0.16138388980761326,0.04676483248459955,0.15422202716483796,0.0690442809154544,0.029533526236748462,5.2467208329052215e-5,0.03435157995253626,-0.2360555489141332,-0.0545506339356865,-0.05718494565745709,-0.011116603745268754,0.025203019975680786,0.007630152043047864,-0.002071700631347873
0.05533577948387306,0.20984110619464094,0.20487187378993632,0.23682918784592344,0.2665799750770686,0.23363267723250816,0.20779230291072523,0.18790668440591177,0.2917484824129298,0.2710973513182254,0.2129917959049165,0.2141535269799949,0.23656723478856512,0.20817712778577224,0.27164753609321046,0.4015676741032821,1.0444965158081903,0.4129895493326464,0.1774753617577187,0.24932604579336107,0.2667431091811092,0.21259790277850027,0.24490296026240302,0.26224541684521846,0.18743640163547154,0.2706700330490421,0.10034060520188064,0.33135181337147485,0.26856498748298013,0.2935368118281696,0.006509362730730899,0.2717195306118712,0.21034159605749103,0.1451412360939063,0.18813983984556798,0.22684533808711257,0.15067133397518298,0.1272752884435077,0.10924934867195722,0.21044341704225805,0.21362347565356773,0.0718943156241604,0.10190049525061516,0.11184402152897496,-0.021094192271500823,0.14698697051172943,0.13356772855492358,0.14319169507136983,0.040741371186755145,-0.00205642349926306,0.047890929527037794,0.05757360183952954,-0.24666181112101118,-0.04022942046493523,-0.10753449983147839,-0.012113993259700594,-0.049550234686663065,0.06689137149863338,-0.0244337750239771
0.08248619028007206,0.2571402605936251,0.22349125240260984,0.2503506661728096,0.26877187164561694,0.2838685477522365,0.24756160001178656,0.2569752761772556,0.29638765656107674,0.29054934321677084,0.33409239540651386,0.2741085551263406,0.32786618065283274,0.23180242957968963,0.3906685649163767,0.3233147125187465,0.4129895493326464,0.9508483204963742,0.19543067570802944,0.3036183252707534,0.3208872658031269,0.242146156373291,0.3276887854107576,0.28268124964236524,0.2165108939290966,0.2160301756493287,0.19936343181153462,0.23441754329028527,0.2438069837023199,0.2895244659566897,0.15923795786022973,0.2740390265028731,0.2039039958705775,0.23530829330577538,0.17864527696729593,0.1744294522368845,0.17005550501929462,0.13347562219813253,0.30440943626410305,0.18700501826899818,0.20828174998772714,0.11384572505327047,0.13847446004143515,0.16741727167601858,-0.02297876254462846,0.15458706811404385,0.08766753352002912,0.14991838703289417,0.07021206629776278,0.012188413346970921,0.011997807621481464,0.006933481544911058,-0.1489253789524666,-0.17073954913439782,-0.010648185379271374,0.04107002021547021,-0.007666539811709116,0.041761392390194045,-0.024487847601061406
0.16257572907354528,0.10097638675625692,0.3084422974592639,0.2361800086857476,0.2601750595975395,0.25480444385319445,0.2909170799611422,0.34533089123925687,0.33670417118407986,0.2434892459473105,0.35315526514530876,0.2846280945012453,0.2803393648185803,0.3831032228128481,0.25744908317174836,0.09641510990779993,0.1774753617577187,0.19543067570802944,2.0247408807638143,0.4311956932063923,0.3277091911836631,0.3424876170067899,0.3405915844370692,0.21894937844048226,0.2316373027848484,0.08863039476189177,0.14290195446681112,0.28404135209411563,0.2437239798445736,0.3027929494352484,0.20057226310672988,0.288443844333657,0.20672944779971458,0.2665476602141768,0.2061403247978464,0.13341406320015334,0.12673704174763575,0.13025171617976034,-0.004449382091606052,0.21915593290405858,0.23905359174924515,0.04191863724249257,0.22042683088229734,0.1945824849655407,-0.040284343337344986,0.13978784854023846,0.12537381349343457,0.12824066274859122,0.05398620520069473,0.01519607178460393,0.0036589050351759486,0.1011074401875679,0.029960013092038027,0.052340724044016705,0.2226099240409263,-0.028416106880142376,-0.10657948122231282,0.16131366259995028,-0.06702535704952005
0.20523573022517544,0.3081209908658481,0.18742571826178434,0.3068705489311223,0.31874513061217297,0.4169758120373228,0.25159935383603843,0.3056010031941213,0.29033300784738125,0.32514899149674303,0.31524489035860875,0.29556346080127666,0.26340478349741,0.12189764037519002,0.2148161615233434,0.2887763459368949,0.24932604579336107,0.3036183252707534,0.4311956932063923,1.8909153780880954,0.40468962832993266,0.2610558952736308,0.4504924343110169,0.31816968276404295,0.26202133588926374,0.07941779610699898,0.0691206694284006,0.05681762812096954,0.09011316766143262,0.18298084712501403,0.2932265478500613,0.2307852800968899,0.16713002303264293,0.21520071779508146,0.1342439323048756,0.07400632549362793,0.05806587211293001,0.11108724352855633,0.007160133369729626,0.13918626841205498,0.15657397557826974,0.1667341572805549,0.17139143284071856,0.2132038381628109,-0.023245706054360257,0.17295893771173657,0.03144285788972453,0.16638306526405727,0.11388827586209402,-0.04957216647690532,-0.006812149783305418,-0.020918258884702248,-0.1286795839259862,-0.19330960627771468,0.10420241116877808,0.0474265422731955,-0.051564476445276765,0.022743524178541814,0.0019274939405256766
0.11857622206679294,0.22815655313987143,0.3063895395116262,0.3289811544299347,0.276110278476645,0.33767655042836286,0.2638693015075836,0.3337389965131948,0.29584142181124445,0.2776940576237807,0.2999881285974202,0.28809960046632727,0.29119913333566144,0.25303303569275765,0.283372498966378,0.26810722694758693,0.2667431091811092,0.3208872658031269,0.3277091911836631,0.40468962832993266,1.091445989425182,0.23629175786670595,0.3555018584080373,0.21399067758992868,0.1598602889692753,0.2575939000904496,-0.07946010179487063,0.3228435763174449,0.2134550179707121,0.2508317793486472,0.10330253217912604,0.2552426060500492,0.15657776428546435,0.1286927577840395,0.12773360575083148,0.1770283301688707,0.09616260243241397,0.13311825696407192,0.042475325739008335,0.22597366636507263,0.03368173223195234,0.12174628467425086,-0.03743407081584406,0.13762272422592567,0.14703256559267075,0.07156537557249101,0.07929984370917711,0.07754983383853846,0.05196069238171692,0.270969484070838,-0.000706748283847202,0.06980672447735757,-0.46022646872180684,-0.08627312155522943,0.005005672715051887,-0.013727415636785813,-0.062126809966798105,0.0870486567225338,-0.016981277065930125
0.13745134633866568,0.19509350883728377,0.21934683451265086,0.2872783900150197,0.2566685605041797,0.2386680789405008,0.25839227980676244,0.2398385658890268,0.2942551546254594,0.2505030226442955,0.2929594737137141,0.3941039785180175,0.26144952354792705,0.31399830546499247,0.23927898739930678,0.25838514229210385,0.21259790277850027,0.242146156373291,0.3424876170067899,0.2610558952736308,0.23629175786670595,0.6646917438739717,0.28028785306665355,0.23825691778115993,0.20883214667292055,0.20315273219495714,0.19112003897049287,0.3073964940795955,0.3645821158967039,0.272665488901604,0.21001128612730896,0.21919941004691262,0.2422460631850845,0.23461613789910066,0.22487403607838474,0.18870927103177282,0.19242007340302178,0.15702704062706724,0.17299843370717374,0.20006364225794385,0.21278635127944318,0.1573749295142508,0.1093178841061696,0.19138209896003913,-0.028892994507931268,0.14848988826096024,0.07792621544009339,0.14220898739521745,0.08319250704357956,-0.012127826952826515,0.025727371564422046,0.06250059665563076,-0.013364808017083549,-0.02359455463318081,0.02705120234597662,-0.03645692623114554,-0.013087723737984768,0.06437428258855513,-0.02734221382685023
0.07770580520850054,0.2266539140943713,0.2588669615625782,0.2946318093087202,0.26967035094158853,0.30764494402054016,0.2766591843427289,0.32539838345688155,0.3028168933431652,0.27482688004352457,0.31457814549205665,0.29991675321668154,0.32903876335364846,0.2485777466810237,0.256098630314482,0.25479006894510475,0.24490296026240302,0.3276887854107576,0.3405915844370692,0.4504924343110169,0.3555018584080373,0.28028785306665355,0.7496628532856255,0.2955487327813896,0.23917135591217636,0.09945904068553178,0.10136765551014142,0.20194518562441244,0.21341685110598207,0.25312984982887926,0.26077588435690063,0.2982704915019902,0.20181297831380865,0.19670321395491452,0.18220642816941537,0.1809701623690689,0.12341100688723988,0.14241268122489373,0.10707634827920555,0.183268814102059,0.17101950631559287,0.15571028417132288,0.12345021506586336,0.2061502126478454,-0.00011083610356809562,0.15572601308464593,0.07296435195531026,0.1484245951285739,0.1246575935759532,0.027221426388387364,-0.05236323255323676,-0.05367957886946807,0.026073375202742836,-0.10672280323716776,-0.16367218160673228,0.04983245156748845,-0.06499626600259617,-0.011527613171924647,0.033487010032592045
0.16155776316345982,0.21645760456934848,0.18338939598420284,0.24007701443024893,0.2218509276935003,0.24092816125603253,0.2322982898206893,0.19377243743474734,0.26390614871745877,0.2926025902940248,0.26016740832045454,0.24363435927953508,0.2563695156832963,0.22324149815872585,0.2460225020890408,0.23693888078371927,0.26224541684521846,0.28268124964236524,0.21894937844048226,0.31816968276404295,0.21399067758992868,0.23825691778115993,0.2955487327813896,0.5822624879722658,0.32455425447528585,0.1888456997711033,0.12652416435805303,0.14622897781752392,0.2381296674007905,0.26775804583811497,0.34363904582367644,0.24938026954360198,0.23521701596427338,0.25052583821815333,0.18635219178568016,0.17933876412021635,0.15381601330876116,0.15426998875980008,0.06907125930749834,0.15965743750802974,0.23911954487661333,0.20886498852707397,0.1779747032793609,0.23100518442293325,-0.08513741003365086,0.1933097122287672,0.07241649689808692,0.18479534200475428,0.1338690477070937,-0.029616907173209528,-0.006159278318592945,-0.026538952380486928,0.0025269801368946387,-0.08221541196832022,-0.01516296734803226,-0.06420817602773396,-0.0011696352122130102,0.08266277571372686,-0.004887363298796841
0.11352446392407911,0.15464479746004253,0.1540334888225186,0.22150663792409883,0.18496832295079924,0.1950272766566942,0.19246207798431425,0.1776765492906858,0.20962478832835083,0.17206782589118647,0.2582364264716706,0.20184699027987038,0.20818543443134088,0.19396106962704815,0.21403750501447694,0.20537802974929836,0.18743640163547154,0.2165108939290966,0.2316373027848484,0.26202133588926374,0.1598602889692753,0.20883214667292055,0.23917135591217636,0.32455425447528585,0.7065634136445252,0.1383202936170064,0.20658892288375524,0.18580209560050864,0.39377744406507603,0.3709130261310072,0.28976779193010727,0.3008551131825689,0.2674695431412847,0.2490285982533486,0.2412798786703113,0.31906476225706787,0.22900053618172192,0.20140838077763598,0.14931269025975658,0.15547970793694912,0.2501865583295822,0.23068500732371208,0.2016033839488661,0.22420657069904468,0.02814309088326429,0.22478088595909185,0.12697623121489518,0.21759338101373452,0.12988527459946866,-0.13074340529341943,0.07228139926183048,-0.09869682853294634,0.005912715380830769,-0.0834820643237532,-0.03371588347819136,-0.017687527408066287,0.004349371850266677,0.04990382453402172,0.006237650617130259
0.11007581319296755,0.1532906384129945,0.10318438737472896,0.10701313537946847,0.12901867070605724,0.11080050589856111,0.061008538021701204,0.11455684232304045,0.13693656567550438,0.18872660667577643,0.07656738010303206,0.13792463815629535,0.1119571926966036,0.07422753592069138,0.11649928458840984,0.21294322850431144,0.2706700330490421,0.2160301756493287,0.08863039476189177,0.07941779610699898,0.2575939000904496,0.20315273219495714,0.09945904068553178,0.1888456997711033,0.1383202936170064,2.2817584144437144,0.1233771910503489,0.3466401426657916,0.4268752253118839,0.39967733516051,0.2211013393556544,0.00010700605768972755,0.15631577751942416,0.031041899156213405,0.07398999462820348,0.15396143885871458,0.15724621717878404,0.19020469769011175,0.1452382516514035,0.13698113024667738,-0.032145234634499836,0.3449367227247497,-0.1311039342274618,0.17139639164188597,0.2110053714133404,0.08698165524233131,-0.07637297587532597,0.07244070858892107,0.04292149717557454,0.4987436439368557,-0.3497274039817347,0.4260493649131489,-0.2843874937130841,0.2109851359036238,-0.2165403600437266,-0.09726905455968828,0.07702208230636386,0.02000500580228314,0.017699657536640725
0.0665276483777204,0.11344382898671,0.12499200154292683,0.18955965495637392,0.15894690503869524,0.13526200910295466,0.1719658122024473,0.15350256843041513,0.15507456351980298,0.1239925874683095,0.19716157359829847,0.15963061296928405,0.1601848728370454,0.17743407287042243,0.1913070924059798,0.12000078181308965,0.10034060520188064,0.19936343181153462,0.14290195446681112,0.0691206694284006,-0.07946010179487063,0.19112003897049287,0.10136765551014142,0.12652416435805303,0.20658892288375524,0.1233771910503489,1.4462283800783224,0.055195262676281866,0.21686534436922292,0.246220078962457,0.16412529153229394,0.12360192517561461,0.3129390575376328,0.5020577112097345,0.30334422511354814,0.17479403005889702,0.4320288111617273,0.1464279929606956,0.7944378745715078,0.19854147989767926,0.5940878981280986,0.2567976302970268,0.30438196882269747,0.20702380770215792,0.21356040207140028,0.2719509416644486,0.18393235673305477,0.2733976690874894,0.19248488128942592,-0.13718204962854424,0.06388792871961456,-0.0845474017825836,0.1923842633727379,-0.029797407290654065,-0.09522542528167043,0.03788598298759036,-0.00038128950928876073,0.013546749452528052,0.0026123939458742897
0.08023111336694527,0.13871957780104305,0.16883196518655377,0.187151046626477,0.23467336141601344,0.1821415455399524,0.1759298265812918,0.21460479533642549,0.2138803017882938,0.18481497398398944,0.1730335141911353,0.2177081994977578,0.1789959957095224,0.2331295547906886,0.19502437970440786,0.21978821128074014,0.33135181337147485,0.23441754329028527,0.28404135209411563,0.05681762812096954,0.3228435763174449,0.3073964940795955,0.20194518562441244,0.14622897781752392,0.18580209560050864,0.3466401426657916,0.055195262676281866,1.4251348238908839,0.5059998484089862,0.30915512848672555,0.09992339156282348,0.24531330684422048,0.35879028703853183,0.17694973479747708,0.3263401494110464,0.5365990014853554,0.3293240122117047,0.26314566916425536,-0.0990508203790863,0.40249299130124816,0.24177491700367248,0.2024696155763382,-0.03672191843789254,0.2364713224747978,0.2058227876575914,0.18194548747499997,0.20469551347015225,0.17356084743341801,0.08932847948124911,0.20075046025552054,0.011741453513465944,0.24655777065940973,-0.16884900424212643,0.16150267306293656,-0.07402526847939428,0.07036646879142909,-0.1839400565388907,0.03013603991288355,0.006623517318121201
0.11065210456601256,0.20622318599680708,0.24780839374268965,0.3089259143079178,0.26778425630981423,0.22786824806873793,0.24921323964160463,0.2871295753949385,0.2539371839326436,0.2375584394713006,0.2257261128546496,0.28258827658309027,0.25045615117803677,0.31296612710052296,0.25925231548191574,0.27751449743477946,0.26856498748298013,0.2438069837023199,0.2437239798445736,0.09011316766143262,0.2134550179707121,0.3645821158967039,0.21341685110598207,0.2381296674007905,0.39377744406507603,0.4268752253118839,0.21686534436922292,0.5059998484089862,1.5302778488169948,0.6837982243527113,-0.07965560214851634,0.36271336682949445,0.4624216801077859,0.3427439082157262,0.3823253297876894,0.49935761394796835,0.49975591624441673,0.23942550229769538,0.038398180932170865,0.2818722586509624,0.2932422057520881,0.3480228135699124,-0.009244965363180925,0.11042266367656792,0.0412009007808982,0.18647600372947712,0.06135377080953593,0.17368864103753429,0.06733237028919262,-0.1381514239499169,0.22165456639476533,0.12695789715653905,-0.0006473529863670976,-0.0037657785388595455,0.1331633107744629,-0.3345403021366523,0.30904411550968586,0.11067243834176814,-0.10355337470758434
0.11572098976738045,0.22027264046185988,0.24256955671645952,0.28291775540826414,0.3015511950815764,0.2435175978829781,0.2736675615303577,0.29771984707028576,0.2774084286476354,0.2598618602148402,0.27885711948940783,0.2697553852659843,0.27892387076218117,0.31430590311164186,0.27236286277544464,0.2608626839639677,0.2935368118281696,0.2895244659566897,0.3027929494352484,0.18298084712501403,0.2508317793486472,0.272665488901604,0.25312984982887926,0.26775804583811497,0.3709130261310072,0.39967733516051,0.246220078962457,0.30915512848672555,0.6837982243527113,1.7923955167890364,0.17322832762523638,0.47150701885271123,0.38484858534875804,0.3382213151367067,0.39640675969489486,0.44798235401833264,0.261775993910137,0.3583221695705575,0.09660903401215493,0.27673259819124424,0.3163940161275368,0.5513831038913649,-0.26015839100997695,0.18009542860038213,0.10343667637601721,0.25508989068361,-0.0584161316478897,0.24464785827792726,-0.10100587636470873,-0.09138277851060676,0.10516123323393836,0.042118495405017865,-0.0077732801434631,-0.04344058170875096,-0.015441227515118679,-0.14854687614359602,0.07099722000353367,0.052212097261282814,-0.04328724662534715
0.16539598453275428,0.16365568785187323,0.10796745807758076,0.2315130756234187,0.150436115370578,0.16047206282698176,0.20945984687495983,0.141084296820216,0.22591470869043798,0.2298034559459541,0.24908523229430016,0.1858623227978489,0.20395707019594778,0.16257209264196898,0.1464747550773546,0.15218529366124836,0.006509362730730899,0.15923795786022973,0.20057226310672988,0.2932265478500613,0.10330253217912604,0.21001128612730896,0.26077588435690063,0.34363904582367644,0.28976779193010727,0.2211013393556544,0.16412529153229394,0.09992339156282348,-0.07965560214851634,0.17322832762523638,1.6653370766817575,0.2951548656251673,0.2076279955532548,0.4379071153865877,0.15935783091037803,0.08738997180910704,0.05073172722888374,0.2636779045148445,-0.07570577858530393,0.12207529835404077,0.32049852516741273,0.12520154149338864,0.5732448059051449,0.720157717325873,-0.21742476362361438,0.3390854337977877,0.24799596717576086,0.31814905311863795,0.2570337996430544,0.05465657833973908,-0.24743791856675687,-0.06585194763662357,0.12477005691044121,-0.02218943532148744,-0.13494893796243365,0.0443831778990074,0.054704848195288674,-0.05106415801576633,0.030884630709472255
0.13186896221909286,0.21211116977992883,0.2420760435208226,0.2782933439932316,0.252914766586647,0.2728170001908482,0.27302325491876855,0.2617870984619151,0.2834997120188221,0.25708469145786705,0.317941059497758,0.25952244058703583,0.28378167341305355,0.38519647741612495,0.2725350062923445,0.3248431540168176,0.2717195306118712,0.2740390265028731,0.288443844333657,0.2307852800968899,0.2552426060500492,0.21919941004691262,0.2982704915019902,0.24938026954360198,0.3008551131825689,0.00010700605768972755,0.12360192517561461,0.24531330684422048,0.36271336682949445,0.47150701885271123,0.2951548656251673,1.0100728164695871,0.3270218374688034,0.43120894633785667,0.33697172172481543,0.36196878154626055,0.12790509839484743,0.3059461740710363,0.07272523054278675,0.24491772635937226,0.2968124999100097,0.4581093691101483,0.07839928730162408,0.26385448284889507,0.052232107871046804,0.2674934509263181,0.04584051983030764,0.2632264444042025,0.18916646871075762,-0.14018987153024742,0.13562076214584107,-0.054855305204789276,0.11631516179409035,0.023883888620651477,-0.07943524065082898,0.009080171570651108,-0.021557588087086008,0.014210981980958503,-0.02004113649785389
0.0990332690775298,0.17568296778858697,0.19635802986819323,0.2244402468594812,0.20017298536848183,0.18898835011920045,0.20648896137131179,0.21594342745037912,0.20666839830577002,0.19912299837331157,0.21444854027799803,0.20941043279456442,0.20519279284970277,0.2508230365207318,0.21212440432547605,0.19165652732117652,0.21034159605749103,0.2039039958705775,0.20672944779971458,0.16713002303264293,0.15657776428546435,0.2422460631850845,0.20181297831380865,0.23521701596427338,0.2674695431412847,0.15631577751942416,0.3129390575376328,0.35879028703853183,0.4624216801077859,0.38484858534875804,0.2076279955532548,0.3270218374688034,0.7202968093887158,0.3338483092273317,0.5256376234411273,0.3972433666147772,0.45631546519046595,0.2649636418537063,0.1841587046432881,0.3083576220138434,0.3716309683127736,0.38135808190445514,0.11939911802982037,0.26204431824564356,0.12042944820976721,0.2688424042698877,0.16251144531430953,0.26244294357408476,0.19920023671721176,-0.145780816617996,0.07827366335890114,-0.14923061775542712,0.02784167075494887,-0.018313242735793777,-0.16863299772394635,-0.06352699139295993,0.1596256952421887,0.022339663943883207,0.025657847939087385
0.10321044955507178,0.18892104323478584,0.16933485549442334,0.24034375450000633,0.24635183739639277,0.23771316787448812,0.24386029164366743,0.2158860921628364,0.2458637621455321,0.23973449878648675,0.2925356930697456,0.22509447993847292,0.23537066443226756,0.2955468281636841,0.2333555924257415,0.21250170750229516,0.1451412360939063,0.23530829330577538,0.2665476602141768,0.21520071779508146,0.1286927577840395,0.23461613789910066,0.19670321395491452,0.25052583821815333,0.2490285982533486,0.031041899156213405,0.5020577112097345,0.17694973479747708,0.3427439082157262,0.3382213151367067,0.4379071153865877,0.43120894633785667,0.3338483092273317,1.016337763992656,0.2848258756783891,0.17715695702309356,0.3610990289945057,0.26459035489410243,0.22417709152800674,0.2525740355681395,0.5481076575074298,0.3796991035902581,0.2970282908074619,0.3071872083036477,0.005857506979227902,0.283623297657895,0.11171017152264538,0.2795186533445508,0.1558927965005073,-0.0304997150688302,0.0757434257446367,0.1733207312514583,0.1578127988076216,0.04903118979884538,1.0623515990209578,-0.017193983016742603,-0.004455974929949779,0.07427174563471496,-0.12246603909814362
