1.2011797959623087,0.43902477542542795,0.3613441228689232,-0.023694613969330074,0.10197143298646645,0.06732710791998307,0.2567334307852038,0.0033580421127409163,0.11077610250231885,0.1599164546289164,0.15510173686728287,0.18776329791199617,0.118780218605942,0.2088620180738069,0.188588380804875,0.1144631062806542,0.1389639023895567,0.1874608167089522,0.0007516365176753885,0.11917913617696842,0.08853431320648254,0.1548101187757302,0.09656117949446012,-0.13160061361576228,0.10147117265885171,0.02911345401484552,0.1321381829829145,0.05512985870537893,0.10731203936984625,-0.12619736467792167,0.14416189269651686,0.16189678313647116,0.17202799777286068,-0.08915150298673429,-0.04483500342649386,0.006210857848668,0.07073440108156279,0.12649898042258406,0.02203107672391781,0.003659542406085955,0.1561643750280819,0.07023265057224226,0.14232477004200683,0.025555884893088184,0.020465091662535042,0.11859676477421165,-0.005815341965939204,-0.08307951721710922,0.03308061264370028,0.06084965629168602,-0.02763523196598687,-0.0028663812228184463,-0.01332432261571716,-0.004898455689514794,0.2828478571023193,-0.10942379190498619,0.34033254751902936,0.028999249109411124,-0.42121738451843804
0.43902477542542795,2.6679906486101803,0.29899296797972097,-0.26442947349244394,0.005099593502424178,0.07577953418011547,0.2311602669106166,0.08228291002184203,0.123087649645233,0.14359353572648786,0.18834650751358917,0.19441320408870683,0.0699827411598611,0.020029150757265794,0.3082896447352029,0.04735329444644484,0.1380246881116743,0.26463342252520194,-0.025274910930416807,0.03994905708891063,0.03744569853217566,-0.0672491108851808,-0.31154587821591434,0.023118431485898993,0.06243420768035735,-0.1136130670806393,0.08471897250583332,0.07862269692536428,0.04363497726261571,-0.010709821519887594,0.03635934001853432,0.06455187803656312,0.049551785600359693,-0.0324449282208201,-0.0692941378900429,0.15346976399210796,0.005530373654786168,0.05360346688735769,-0.05504157254137544,-0.04772575290900375,0.10758466941625737,-0.008852751170179834,0.033766409518860306,0.007910130080426531,-0.00032367552717677255,0.17034692637916124,-0.02266430907009727,-0.13313422037191727,0.06436115315518785,-0.014339027837533203,0.16344733891206897,0.12325070198650354,-0.23632398026024537,-0.08023388942153595,-0.39592093277375595,0.06729156010829301,0.11212348789927454,0.2192133185337268,-0.0634734651257958
0.3613441228689232,0.29899296797972097,1.4305324581529357,0.049309666274457126,-0.16405576191880425,0.28771104336947884,0.1836450300255619,0.3589278334092034,0.22961619682538567,0.2663761525151133,0.2586076503469525,0.21990510518408138,0.15918919951557345,0.09630261042218369,0.2576561302111199,0.08231431957546728,0.2939317384563353,0.25702764471483236,0.07288899658172676,0.2122885621783895,0.18991764882837897,0.19938414320771675,0.15918839869006027,0.24580019159734096,0.22559064897734935,0.13218528138367397,0.15928858726546113,0.1479467587432735,0.35062457999626817,-0.3692191916005149,0.1505740306825651,0.1244227697238008,0.19121798953436145,0.17261263229169935,0.08072066786865337,0.24516699200580144,0.22683627291330216,0.15774255739448179,0.1556281365188345,-0.23628907826097748,0.12372860020216885,0.09881641108932349,0.07577592093014954,0.023171286692584482,0.20986395406524785,0.4119469890162629,0.20438286164621017,-0.21310036361854753,-0.06290227650671334,0.09256087954498005,0.0022361942719544793,0.1151514031961876,-0.05584912082813797,-0.14433447542314964,0.026563695299369038,-0.04189664565836911,-0.019521986020618547,-0.15641227289951284,0.05226853128496931
-0.023694613969330074,-0.26442947349244394,0.049309666274457126,1.1051379248204931,0.346128198731141,0.09757880611703543,0.20319026360320297,0.061301504472400195,0.05426508832472249,0.08726906034731076,0.08309767185394513,0.17311099977026728,0.10097164957630475,0.23358955601053483,0.06240083373986222,0.1818301007381685,0.11260012706254817,0.07337758329018693,0.10370591171614227,0.11583062288017058,0.11015101780379984,0.13796952191741418,0.15682367232084346,0.2376127314628736,0.1388988360578503,0.1551834653058685,0.08287332613748065,0.06397415239169928,0.17243411474756332,0.08848555899054757,-0.01752066723475621,0.14263980713079896,0.08388651641788045,0.17873108249999733,0.08379102433416698,0.17863928469073986,0.056570909155163995,0.074951564462328,0.11990338126002985,0.022980296975896364,0.009919292083922568,0.12783351823504027,0.05255747419912753,0.0037071098585746104,0.10087494958324725,0.03238444348633367,0.04115691923815118,0.03966446585513973,-0.04517639532961856,-0.040116576143933796,-0.06610162555729354,-0.07518263708488827,0.07127472811167469,0.01867812062274769,-0.037475702943214076,-0.13792155370353126,-0.2652321774797662,0.1688210475722231,0.1561824778923935
0.10197143298646645,0.005099593502424178,-0.16405576191880425,0.346128198731141,1.0919422160943315,0.0013531853152083811,0.11956747868405797,-0.017592822102535752,0.05831959325179534,0.07278462165352594,0.05035788463186277,0.10419962607492411,0.09677496279861188,0.1457859973586854,0.1156214497049669,0.16243515294502206,0.027694876343174336,0.12052304569468066,0.21496928350270697,0.017550544079156835,0.046309554465981874,0.049052139742690334,0.1434617850260945,0.09974555917098864,0.07285096358363978,0.13128690233494833,0.035646007167253184,0.0261732363666668,0.11483640673732817,0.02730197876329371,0.12389070291984319,0.11076884588713258,0.0868330943636264,0.1197062003848564,0.046627717493548354,0.13105117035208122,0.028502835391798632,0.014923549356190974,0.12167543543938358,0.05092880650048141,-0.029738984074756857,0.13967857730190272,-0.07085799255337523,0.0008182101739735978,-0.08451856983810342,-0.07209089210585778,-0.06378289907006535,0.1091904219431715,0.052862155753417496,0.08962965665054215,-0.17101587384075437,-0.13916434594181104,0.1249412494666698,0.07183116591449336,0.002912726957755974,-0.15365005194771647,-0.04631185446016241,-0.041307866981427285,0.2734350285592921
0.06732710791998307,0.07577953418011547,0.28771104336947884,0.09757880611703543,0.0013531853152083811,0.6546898069271876,0.014941675865804313,0.2630219003898556,0.04761390379030889,0.11997721013834431,0.19311972083657158,0.16072042324854977,0.10251384677093589,0.10205355985028697,0.1583696752849809,0.09929221768094453,0.20241380583549304,0.14355631333439572,0.19494061155532064,0.25050666504234514,0.16920541168318004,0.1906624192691549,0.03372932016046924,0.34129089768979526,0.1763588087353152,0.14640396395517635,0.11214514211849808,0.07635546505584057,0.16936096154540245,-0.04537762142480115,0.029067698914406404,0.14352387173476036,0.12239049162028161,0.11915158266622691,-0.03616281241875359,0.07508398757312267,0.14562329976051225,0.15682889866277522,0.1983716228854093,0.043435702006979764,0.07216168771869233,0.11143299421421532,0.18303437824028349,0.0068347566112507505,0.23421902999550692,0.12933637826503816,0.3618555978419525,-0.04248504934567566,0.33984850194014665,0.15079161227752685,-0.13678427937650536,-0.06023074743403888,-0.10909187503150118,-0.03353842251656648,-0.034837234530466964,-0.051400937562143666,0.07159067556860785,0.08845315242329137,-0.1091933794070381
0.2567334307852038,0.2311602669106166,0.1836450300255619,0.20319026360320297,0.11956747868405797,0.014941675865804313,0.48049688504386523,0.011481133836182536,0.1454940626878598,0.10027779120592782,0.157585205573736,0.2634194361175906,0.1113999518416003,0.07009906229904045,0.09087432198613311,0.13842227605402635,0.15004789865125456,0.11310699499094537,0.002017332453390395,0.10350334531466192,0.09763651703707164,0.15548260272911146,0.15662333432645448,0.19851314335894663,0.13951792976216712,0.04716499215161508,0.11840114801280417,0.0503570720148625,0.113767998873998,0.01604018814130016,0.03552118415064083,0.09625731961604725,0.12234323877218942,0.07415542405106629,-0.0637673653230173,0.18440780346727548,0.07824456319779056,0.0752194823440218,0.048398223880100684,-0.007264894463496298,0.05860063127354177,0.08088424441543615,0.06552071116067314,0.014955216409780201,-0.003646243446680982,0.044053625864502656,-0.14780275622941255,0.029163149813482888,0.006785825488031139,-0.030713331064874685,-0.006539998046896477,0.00325723304436505,-0.058555475171776894,-0.05853204487360993,0.05135945776657174,0.020080183519826954,0.007929148531690354,0.018084295680003585,-0.09662233444140252
0.0033580421127409163,0.08228291002184203,0.3589278334092034,0.061301504472400195,-0.017592822102535752,0.2630219003898556,0.011481133836182536,0.8112262561120219,-0.03407333616129851,0.16442975769290114,0.1775256084524439,0.04265678152062942,0.15733148340528755,0.08903932194125593,0.08913995160624165,0.07296578922606084,0.2015932624211688,0.2510564105679993,0.13664983570985753,0.14665175953125684,0.10375076019461345,0.1178640960668703,-0.02668367990300702,0.13013519061054166,0.17596029066640362,0.15140015126787096,0.11798614785918524,0.0571724050055119,0.18036372621455127,-0.07459970866542183,0.04151980981619129,0.11411101682993281,0.023660643406664128,0.17916232473820726,0.0963381186111348,0.021010018727279912,0.09276144171228685,0.10326193379818521,0.19903073827659515,0.011695087101294759,0.019951979847576174,0.0426652652769235,0.16234754769085571,0.005378632431677936,0.2209024408653377,0.15987846693264465,0.380432605703872,-0.06155048378308066,0.22270935717147716,0.08467092959892022,-0.04875910536681752,0.042591665454005466,-0.044880009036277244,-0.03239231026386967,-0.15514279187840319,-0.04670512265614763,0.025640978678721615,0.23007846148107125,-0.1016534671068512
0.11077610250231885,0.123087649645233,0.22961619682538567,0.05426508832472249,0.05831959325179534,0.04761390379030889,0.1454940626878598,-0.03407333616129851,0.5774815801841968,0.031695371516352315,0.05820441230378662,0.0908555025894059,0.08110040257019768,0.09472269272197358,0.06867303386329861,0.06645440557226688,0.10826743558371534,0.08863129942282072,-0.07277845046675509,0.09738657788325016,0.08981153424442277,0.09223075623526794,0.15895035309463587,0.1567707216521457,0.055467597687957844,0.053772748381896635,0.06776374585738144,0.04230806559070978,0.05948405980016525,-0.029760488651590172,0.11668591861198034,0.05445988932425247,0.13632911488705668,0.047823603946638364,0.013958194135632913,0.05068624141042504,0.12234265531120972,0.07080488774139995,0.00498065577469778,-0.00789059092487011,0.048416400280112515,0.056854309276154695,0.0867243793102148,0.011051690490628548,0.06199922523323827,0.10640808158964506,0.03297957225582363,-0.03326417119014524,-0.08351397067426498,-0.0496348857550359,0.052483068764347905,-0.035588849805350105,0.14007958375299584,-0.038190464734775775,0.10812490816661692,0.14534562397832912,-0.008297884288007628,-0.1939362306823493,-0.012006285474792839
0.1599164546289164,0.14359353572648786,0.2663761525151133,0.08726906034731076,0.07278462165352594,0.11997721013834431,0.10027779120592782,0.16442975769290114,0.031695371516352315,0.490283496273602,0.12508940219741935,0.09580099809064141,0.13524241657353828,0.13136046012686395,0.14374993833112903,0.09666155211568454,0.16113207391373047,0.18837188405876937,0.0316286390285322,0.12723247602873525,0.08533691475069262,0.09713713813451144,0.07255448223363326,0.09426498909251904,0.10451111846184685,0.10599601238822705,0.1018390319559199,0.08583513223326512,0.19726231105390682,-0.07449120810045308,0.12786274179551235,0.11592545244002224,0.0399398709204189,0.17390711099838627,0.15842861728996604,0.036271328586697585,0.12748953612191252,0.08552689284567665,0.12975141311081168,0.02109681839879347,0.09111438896741893,0.06887932994842226,0.11072343605380172,0.014695144296226354,0.10876327643218613,0.09491745040715185,0.1703532138867016,-0.03390832972547174,0.12308765621038861,0.09215249123857985,-0.061678650347088214,-0.025409943606084007,0.043206142888544526,0.012494942454207108,0.10044875171272818,-0.013360733128454434,0.09072052899076188,-0.14517655611739796,0.008006552747219937
0.15510173686728287,0.18834650751358917,0.2586076503469525,0.08309767185394513,0.05035788463186277,0.19311972083657158,0.157585205573736,0.1775256084524439,0.05820441230378662,0.12508940219741935,0.41470447726926263,0.249305548582945,0.1100810587091041,0.08713944389989024,0.223126857835616,0.12632165275534565,0.21653269601890007,0.16186791747569412,0.07860104956285409,0.19166127308288303,0.1091114705715651,0.0880640451365115,0.09248894905589512,0.16430818228583244,0.15864427806375736,0.11391722541294143,0.14407705864582435,0.09718841802599833,0.1762788863816177,-0.05233927515270145,0.1252957531458235,0.10623488979038798,0.09415638900746,0.1098760556088142,0.11524937803066936,0.1237866999158797,0.11059551544742076,0.1116188125627178,0.12979313887604466,0.004091524693247048,0.07543901872782638,0.0952562541684356,0.07469315525272335,0.0074216302594772,0.09194381309876937,0.11517871438214457,0.10221409512552874,0.01781914875880603,0.06596917630405104,0.062434247690078784,-0.013039132425878761,0.03741352217465651,0.029902030745134263,-0.05113698700794995,-0.05137468688927283,-0.02231327305974691,0.024471674275417663,0.12114952280682073,-0.14075701513015282
0.18776329791199617,0.19441320408870683,0.21990510518408138,0.17311099977026728,0.10419962607492411,0.16072042324854977,0.2634194361175906,0.04265678152062942,0.0908555025894059,0.09580099809064141,0.249305548582945,0.5360755780948512,0.0741724479483639,0.09516368560651596,0.16454947474626827,0.16192483406914177,0.16690614150659192,0.013451022450840348,0.07144044110033126,0.1601589741692757,0.08814855153286773,0.08698390528165312,0.08553916508120218,0.16898263345072323,0.19660123455908038,0.07206378891091009,0.17823469787416565,0.012570918329339176,0.1335872666763522,-0.0034479084810291405,-0.007799148485483359,0.13195969060269083,0.06383315506292338,0.09976946589014005,-0.05771215124874041,0.25664684867295934,0.05387778577023676,0.10614316827723237,0.04894832831704055,0.018666328969289346,0.09250702292719205,0.09890419814727797,0.030464216743118538,0.01223460029331334,0.028697371093597965,0.08294721174679776,-0.016060724400218787,0.03356742894013862,0.14151000548871603,-0.10244136130308211,0.04983377329674191,0.03678749176874846,-0.028532264347031027,-0.05452213337837752,-0.0034698668625854022,0.01496901010637495,-0.018400018165744447,0.09091990000585103,-0.13797604951286796
0.118780218605942,0.0699827411598611,0.15918919951557345,0.10097164957630475,0.09677496279861188,0.10251384677093589,0.1113999518416003,0.15733148340528755,0.08110040257019768,0.13524241657353828,0.1100810587091041,0.0741724479483639,0.3455511082658524,0.11298798230112574,0.01887084592864931,0.13034301505577514,0.12938566001966562,0.1389313222576327,0.05824738448862753,0.08406651108315985,0.06506627116348486,0.2061103353319619,0.04781985745509731,0.07951428479984463,0.09378215949465019,0.11095437082114648,0.11360177307104463,0.08238540494928118,0.18199147798720783,-0.05621480127262494,0.026569371194295484,0.12752000672681546,0.03896695161893898,0.11503281742489523,0.12104320340815805,0.017718422998711705,0.05340559441230217,0.05487657674033448,0.12588244209020732,0.014077209225890156,0.044229115855248684,0.0669041371321872,0.09475021281697098,0.010932688869884829,0.03133172398937824,0.06490272759862724,0.09886628187200076,-0.020531242857983592,0.08727096986928834,0.10136363981150091,-0.036392379659071175,-0.024213318349440533,-0.024512348149298663,-0.013884328249820388,0.0014730642670562786,-0.04489432568884411,0.06522905263584268,0.031680613618243286,-0.08023107953352916
0.2088620180738069,0.020029150757265794,0.09630261042218369,0.23358955601053483,0.1457859973586854,0.10205355985028697,0.07009906229904045,0.08903932194125593,0.09472269272197358,0.13136046012686395,0.08713944389989024,0.09516368560651596,0.11298798230112574,0.5210678558632368,0.14529490615756702,0.18662724843984962,0.14456162773592826,0.12092298479778482,0.07060223310734799,0.11879695822339775,0.07924905435017783,0.11739223511105867,0.08966682191025237,0.055794601203370826,0.08967981320599427,0.1448616908848453,0.09169414851619541,0.09468278555214579,0.15085132838072024,0.03270596017638863,0.08749849610978631,0.26357522982930764,0.08897490572020073,0.1107690977056282,0.15332483078332812,0.03570089223165981,-0.0015209722914049924,0.10263109331805449,0.10532967031237395,0.058383641767114594,0.061792653453364814,0.12132009473530254,0.15076822309568966,0.012112439704047823,0.11108477329428583,0.11574844797768537,0.23009588671604952,-0.08044663803815781,0.1868789629421309,0.05720548049577956,-0.041514712886447,-0.07565053626949918,0.09488641803527768,0.042933231877759194,-0.010899696052452001,-0.098106323921605,0.04451902274788394,0.10302653980138822,-0.05273443836693914
0.188588380804875,0.3082896447352029,0.2576561302111199,0.06240083373986222,0.1156214497049669,0.1583696752849809,0.09087432198613311,0.08913995160624165,0.06867303386329861,0.14374993833112903,0.223126857835616,0.16454947474626827,0.01887084592864931,0.14529490615756702,0.850019222857086,0.0441753371456653,0.10800790970078163,0.3102050761397374,0.12152416149245707,0.1030077296454875,0.12575213811970953,-0.09660274744381263,0.16272698258371526,0.24544901867848887,0.16055446688119165,0.12472224218359075,0.07658881442608677,0.23650620217985702,0.20769625447553433,0.08731893843254634,0.19270365525558847,0.10349793850447321,0.17698633020512203,0.11989218677349361,0.13710668102398957,0.20718904472597596,0.18717623551915202,0.06669950800619243,0.1903226477917844,-0.04627339864283521,0.09608504760970099,0.09766470773345512,0.00448435844542846,-0.010266060911979546,0.07399416364924312,0.21444491658585754,0.14712120681775132,-0.035298659433082163,0.16181508458297914,0.29099943705120246,-0.0073145023676969125,0.17309635456265918,-0.2340308133716858,-0.14516118959773103,-0.023552532533646184,0.04326279593037366,-0.009545927596449007,0.02944244728960621,-0.1304751815713163
0.1144631062806542,0.04735329444644484,0.08231431957546728,0.1818301007381685,0.16243515294502206,0.09929221768094453,0.13842227605402635,0.07296578922606084,0.06645440557226688,0.09666155211568454,0.12632165275534565,0.16192483406914177,0.13034301505577514,0.18662724843984962,0.0441753371456653,0.8330733024517868,0.07037851793307491,0.09970784564454856,0.12345799530400287,0.17445206057838913,0.07117279659752397,0.14720164955718457,-0.16215051612203554,0.10683478211685028,0.14197489443644454,0.17671177892977621,0.1926125427627969,0.1487491350929571,0.19883267365108076,0.11457896920935517,-0.06721357519004366,0.17277136342831728,-0.06952093811071255,0.1121860251036317,0.32014133768199465,0.035543553366860964,0.017338391183331435,0.09599241764409285,0.13870040333160824,0.1275012756525665,0.0992700025045479,0.2381201507298518,0.23034351520866578,0.02735436069234438,0.2348823892823922,0.04751539144297303,0.12838759525411605,-0.05816268266092155,0.0942590609741505,-0.03896951225317271,0.007585686714383271,-0.016169243095186626,0.016337773115849098,0.046130147269239405,0.0004170431485694399,-0.0018835267739421451,-0.09273814908122593,0.09668667473370911,-0.04657027951659671
0.1389639023895567,0.1380246881116743,0.2939317384563353,0.11260012706254817,0.027694876343174336,0.20241380583549304,0.15004789865125456,0.2015932624211688,0.10826743558371534,0.16113207391373047,0.21653269601890007,0.16690614150659192,0.12938566001966562,0.14456162773592826,0.10800790970078163,0.07037851793307491,0.8064162687601544,0.15610995412534806,0.0850947209647066,0.25115572056137403,0.10092447570989034,0.28037494964958687,0.17050810320530202,0.0870837827139104,0.1724648735172304,0.11602180214690905,0.14437882183335193,0.13074902246959236,0.16901340941517096,-0.1941649058814509,0.0869562977404759,0.11867393647592456,0.12418729596171403,0.14961170290535752,0.13923164095839424,-0.030906293427446347,0.2094377603335689,0.1466991385688034,0.09092918782868732,0.01647781949979967,0.1089266858058118,0.08929209945626568,0.18560226974390256,0.00786419055288992,0.13204674123612412,0.06674681260385963,0.21153351448412194,0.0035230887300672677,0.09436231337826886,0.06328158792546326,-0.08345843506757632,-0.08299469351047194,0.023812786698114652,0.004616525569567367,0.033237739852742795,-0.08180433420971497,0.0030691557180258554,0.02783057081973686,-0.010510735595973859
0.1874608167089522,0.26463342252520194,0.25702764471483236,0.07337758329018693,0.12052304569468066,0.14355631333439572,0.11310699499094537,0.2510564105679993,0.08863129942282072,0.18837188405876937,0.16186791747569412,0.013451022450840348,0.1389313222576327,0.12092298479778482,0.3102050761397374,0.09970784564454856,0.15610995412534806,0.7503138536473567,0.09874882574510602,-0.04267298179437149,0.11079494051833083,0.10706978392366039,0.11124534142216314,0.19205485954716323,0.11518942364796098,0.11504177921989306,0.06131754997459806,0.19513804844157978,0.16182693186200486,-0.05709958873151828,0.1624591356141336,0.10943269683731785,0.1520568179054343,0.1003001596496109,0.15788193756816415,0.0831483451793926,0.04424146384207473,0.014206322141747278,0.17809660656574117,-0.011096040696473814,-0.05908961928968083,0.0019303902880783506,0.18286331999714564,-0.01330272751912665,0.18131578304960488,0.15351798391762173,0.17957081329123856,-0.08025041532660908,0.01991972335505295,0.16354326686319237,-0.016273968805578392,0.049870826519776326,-0.114525377803537,-0.053345151610357654,-0.05499321481694379,-0.09069128356077695,0.11585291249655125,0.07607441749037318,-0.11729117898339432
0.0007516365176753885,-0.025274910930416807,0.07288899658172676,0.10370591171614227,0.21496928350270697,0.19494061155532064,0.002017332453390395,0.13664983570985753,-0.07277845046675509,0.0316286390285322,0.07860104956285409,0.07144044110033126,0.05824738448862753,0.07060223310734799,0.12152416149245707,0.12345799530400287,0.0850947209647066,0.09874882574510602,0.5795594532064026,-0.05881543934249645,0.08754600261808328,0.13441631179872296,0.03267484009338586,0.13985433169990244,0.1071249309880259,0.08263267444754616,0.03169696847820462,0.09012404011425526,0.15659406869693226,0.060096927306972324,0.05651979586961498,0.09384554828233159,0.07255142546156024,0.0787928625063391,-0.005296250497409671,0.1712068747574914,0.028669626560724523,0.011876430867227785,0.16260857209692653,0.018641860355709992,-0.03204222945386786,0.08075777567430951,-0.00935702266137337,0.0067216966193433345,0.04114871218296423,0.06482161940940001,0.02433473808719032,0.06416867099780804,0.0833662338136781,0.028821931269968154,0.08853015733259116,0.12845254562790842,-0.18706740885459563,-0.08404503663910115,-0.08454070986091165,-0.08113060104236251,-0.017685205986174766,0.1026637858698138,0.02904555060127282
0.11917913617696842,0.03994905708891063,0.2122885621783895,0.11583062288017058,0.017550544079156835,0.25050666504234514,0.10350334531466192,0.14665175953125684,0.09738657788325016,0.12723247602873525,0.19166127308288303,0.1601589741692757,0.08406651108315985,0.11879695822339775,0.1030077296454875,0.17445206057838913,0.25115572056137403,-0.04267298179437149,-0.05881543934249645,1.042459779641228,0.08842103700528504,0.09484215285101043,-0.04550013316616324,0.1773637538535105,0.13779515560282035,0.20012950418357747,0.2823185480690935,0.24588291036846835,-0.06183596874927574,0.3550579152624356,-0.03044341105875829,0.12564194281109853,0.21408184265123278,0.06855860747616177,0.31386425678359503,0.0025408813102317284,0.502097257884174,0.43717701049982066,0.1692476645615509,0.04299493295658703,0.2901617261182055,0.19651206426265333,0.4270248665151452,0.01919306589044534,0.4880267114100981,0.0927299826736322,0.18028159093718857,0.01849597825594439,0.3658749634374365,0.09017151914054822,-0.18641442071507316,-0.06233566274410675,0.12522825142512936,-0.007390672913227648,0.006818624075313849,-0.05768592294514858,0.012561116252884079,-0.001186328702196796,-0.048670712883129234
0.08853431320648254,0.03744569853217566,0.18991764882837897,0.11015101780379984,0.046309554465981874,0.16920541168318004,0.09763651703707164,0.10375076019461345,0.08981153424442277,0.08533691475069262,0.1091114705715651,0.08814855153286773,0.06506627116348486,0.07924905435017783,0.12575213811970953,0.07117279659752397,0.10092447570989034,0.11079494051833083,0.08754600261808328,0.08842103700528504,0.4076965264582013,0.07820679916490067,0.1829005089024496,0.10342543499885,0.10262213696592547,0.10164750882137694,0.07018239871713704,0.1601494901244966,0.17779397020593124,-0.01974579649025914,0.2978701015998752,0.09276802835459819,0.1912236870510522,0.06272462323349329,0.15362156796022022,0.13484117331107748,0.10058455236632668,0.1352356748529655,0.26953701914617734,0.10186782590383775,0.20937775628218536,0.17414381062006948,0.1688092310496874,0.013741313808508987,0.3427254639735927,0.14424930622229792,0.1857698787148106,-0.022131309106972124,0.14979941797216112,0.0905890127730525,-0.024961271802663457,-0.0008119590567449639,-0.019278565047786418,-0.06458436704196387,0.0008453624595796806,-0.008866715730994013,-0.07950011700490621,0.03214540130327384,-0.016718903180744718
0.1548101187757302,-0.0672491108851808,0.19938414320771675,0.13796952191741418,0.049052139742690334,0.1906624192691549,0.15548260272911146,0.1178640960668703,0.09223075623526794,0.09713713813451144,0.0880640451365115,0.08698390528165312,0.2061103353319619,0.11739223511105867,-0.09660274744381263,0.14720164955718457,0.28037494964958687,0.10706978392366039,0.13441631179872296,0.09484215285101043,0.07820679916490067,1.221852665020839,0.5071847811873672,0.07525966300951713,0.20196445645191666,0.16818638797688262,0.1434240749055911,0.034977707314830006,0.2493092242740977,-0.3012519640326114,-0.10595796977316387,0.17052692209282402,0.06764096157162144,0.19539419369284713,0.09536429814857424,-0.1960143428433145,0.09300722242688111,0.04531065999926065,0.14458536900581756,0.05847389937624991,-0.002021454656418657,0.15640152686997436,0.3233367996820991,0.03283311017396452,-0.011335446388465528,-0.03278879205698941,0.1073391261185321,0.14410934862144764,0.012953087770848998,-0.017866985412699214,-0.029640973053489863,-0.053760546088361304,0.027797406410461235,-0.059910674947540946,0.05763023974512764,-0.02232130901663161,-0.016987219553387244,0.043574232139212146,-0.09654946235540313
0.09656117949446012,-0.31154587821591434,0.15918839869006027,0.15682367232084346,0.1434617850260945,0.03372932016046924,0.15662333432645448,-0.02668367990300702,0.15895035309463587,0.07255448223363326,0.09248894905589512,0.08553916508120218,0.04781985745509731,0.08966682191025237,0.16272698258371526,-0.16215051612203554,0.17050810320530202,0.11124534142216314,0.03267484009338586,-0.04550013316616324,0.1829005089024496,0.5071847811873672,2.4736634523450847,0.5629920755732319,0.35595276720367447,0.15859645011232373,0.03882824472469752,0.18921864799497798,0.46336394160728434,-0.13750418014770954,0.14852795073001218,0.02502125585707894,0.4588576773490921,0.38187640212109203,0.07247845712482202,0.06246121190148789,0.49492747017571587,-0.024702315485939628,0.4309543693245661,-0.07612570102305513,0.01982194254112022,0.0807958780998726,-0.024392881118380866,0.0055710703518049055,-0.3126341363543985,0.06975496451192884,0.11450336547992801,0.3669190450222431,0.2468931231377551,0.19173097584566215,-0.029778220508134026,-0.0037781309585348272,0.09212893055923363,-0.2648470198337692,0.17148311178329073,0.04189542422707441,-0.09459024618053162,-0.08756363189700758,-0.021114613465721816
-0.13160061361576228,0.023118431485898993,0.24580019159734096,0.2376127314628736,0.09974555917098864,0.34129089768979526,0.19851314335894663,0.13013519061054166,0.1567707216521457,0.09426498909251904,0.16430818228583244,0.16898263345072323,0.07951428479984463,0.055794601203370826,0.24544901867848887,0.10683478211685028,0.0870837827139104,0.19205485954716323,0.13985433169990244,0.1773637538535105,0.10342543499885,0.07525966300951713,0.5629920755732319,1.803078615213537,0.387867706019074,0.2696910386332692,0.0264644026877826,0.311288564860871,0.0819761631237787,0.45199093364910875,-0.10240335348771845,0.044668022614529596,0.3409477207639619,0.0588764125589666,0.2753294197554303,0.3255717036228578,0.16697237816753766,0.06374896786364308,0.2114674391560667,-0.13218721829954327,-0.2659557305926236,0.10357489705027155,0.018242770168415072,-0.013924068402223754,0.13121811662361466,0.2467365196551084,0.2294026324396024,-0.020845325117841415,0.4453413142199182,-0.049731045042989246,-0.046813402744147976,0.008554683266095623,0.041311095570503394,-0.11937643603817491,-0.14408318685847055,0.0503880723817486,-0.03394669372277872,-0.0409261533321625,-0.030572670794283916
0.10147117265885171,0.06243420768035735,0.22559064897734935,0.1388988360578503,0.07285096358363978,0.1763588087353152,0.13951792976216712,0.17596029066640362,0.055467597687957844,0.10451111846184685,0.15864427806375736,0.19660123455908038,0.09378215949465019,0.08967981320599427,0.16055446688119165,0.14197489443644454,0.1724648735172304,0.11518942364796098,0.1071249309880259,0.13779515560282035,0.10262213696592547,0.20196445645191666,0.35595276720367447,0.387867706019074,0.7986248643349977,0.11457053589588806,0.1442983643376499,0.057884761421283897,0.33441283093860547,0.05380882309243395,-0.002173284096764528,0.08237658955521757,0.0838919458875873,0.20666756865231234,0.152473987587902,0.1893659367715361,0.13900286680254692,0.09738728379631072,0.11796168169455266,0.002989565260881485,0.09133829952547266,0.08400277409809273,0.12611249130019636,0.01801994466913409,0.05040574616203924,0.2003951538603875,0.14715570240528192,-0.05568404525547489,0.07626939211054734,-0.3561701163562709,-0.025338838539951686,0.13630062356426143,0.19573307841444573,-0.06170628537240234,-0.01607427514150058,-0.014357956088643337,-0.03821572726261722,0.06650034871838911,-0.05446111403840017
0.02911345401484552,-0.1136130670806393,0.13218528138367397,0.1551834653058685,0.13128690233494833,0.14640396395517635,0.04716499215161508,0.15140015126787096,0.053772748381896635,0.10599601238822705,0.11391722541294143,0.07206378891091009,0.11095437082114648,0.1448616908848453,0.12472224218359075,0.17671177892977621,0.11602180214690905,0.11504177921989306,0.08263267444754616,0.20012950418357747,0.10164750882137694,0.16818638797688262,0.15859645011232373,0.2696910386332692,0.11457053589588806,1.8267228822231403,0.08471680882386559,0.27179556615348416,-0.0863737827298209,-0.30694806286523374,0.14030331974243485,0.25933268207643534,-0.08198397873788177,0.1616803022485631,0.4613765052522483,-0.15707650936586506,-0.3387373807844722,0.08360707917626062,0.35667953307787914,0.24809235251053313,-0.6802253036030144,0.37207121219685646,0.2698403547852417,-0.06199479544035693,0.9682181279019872,-0.18456573357392586,0.24329945495388225,0.2511953641164599,0.26667179517312456,0.0638791815046417,-0.016576199782420784,0.0182086414686778,-0.14178436112901166,0.06506113992523181,-0.08609178595694356,0.03199688879171657,-0.07445620627675209,0.16453825668898608,-0.16462145666555764
0.1321381829829145,0.08471897250583332,0.15928858726546113,0.08287332613748065,0.035646007167253184,0.11214514211849808,0.11840114801280417,0.11798614785918524,0.06776374585738144,0.1018390319559199,0.14407705864582435,0.17823469787416565,0.11360177307104463,0.09169414851619541,0.07658881442608677,0.1926125427627969,0.14437882183335193,0.06131754997459806,0.03169696847820462,0.2823185480690935,0.07018239871713704,0.1434240749055911,0.03882824472469752,0.0264644026877826,0.1442983643376499,0.08471680882386559,0.7464609130468955,0.15774942570314635,0.10096184889116339,0.05386588685304773,-0.025785686154354847,0.15854721918758552,0.08203278576346625,0.0872433676075653,0.18592171125350523,0.2114482352545553,0.1737586999299602,0.15300843567447175,0.09429348316635099,0.0715536104265432,0.13008716585856428,0.11671978565296481,0.24575137351723542,0.016900774938887572,0.17561578205366726,0.032297336217894684,0.04046493263039659,0.04062999708397538,0.1786213025212384,0.029244932822280374,-0.06568198994256258,0.04944237272809238,-0.018257413774558237,-0.002337484369259528,0.03406835095837207,-0.040343352541186144,0.038732559500619684,0.01685581386638963,-0.033892514421002176
0.05512985870537893,0.07862269692536428,0.1479467587432735,0.06397415239169928,0.0261732363666668,0.07635546505584057,0.0503570720148625,0.0571724050055119,0.04230806559070978,0.08583513223326512,0.09718841802599833,0.012570918329339176,0.08238540494928118,0.09468278555214579,0.23650620217985702,0.1487491350929571,0.13074902246959236,0.19513804844157978,0.09012404011425526,0.24588291036846835,0.1601494901244966,0.034977707314830006,0.18921864799497798,0.311288564860871,0.057884761421283897,0.27179556615348416,0.15774942570314635,1.3486214688806482,-0.05584993912669213,0.3311412458416483,0.4016541529871542,0.15510409584010984,0.7128138608005641,0.004467660387927083,0.9331005019860612,-0.10857500285792894,0.36716466004954934,0.09798300922876321,0.3157507147242287,-0.10588817678776041,-0.00404728701275215,0.29552500068095494,0.11284975044412428,0.010835062690161771,0.19106047788607022,0.19715771503725796,0.29469958958321996,0.015049171999456453,0.42873849246494083,0.5129434129445233,-0.03015425744979681,0.4012101465198863,-0.7753599651871806,-0.10430746926393218,-0.06295815776471612,-0.05774524580248548,0.025495749621057058,-0.027478134803408043,-0.04132191345706004
0.10731203936984625,0.04363497726261571,0.35062457999626817,0.17243411474756332,0.11483640673732817,0.16936096154540245,0.113767998873998,0.18036372621455127,0.05948405980016525,0.19726231105390682,0.1762788863816177,0.1335872666763522,0.18199147798720783,0.15085132838072024,0.20769625447553433,0.19883267365108076,0.16901340941517096,0.16182693186200486,0.15659406869693226,-0.06183596874927574,0.17779397020593124,0.2493092242740977,0.46336394160728434,0.0819761631237787,0.33441283093860547,-0.0863737827298209,0.10096184889116339,-0.05584993912669213,2.708424934430457,-0.4027884127032213,-0.12063166186387202,0.13337696047061648,-0.16788629560247992,0.6342931104043469,0.0552410536055801,0.27587981143102136,0.5182988249524022,-0.06930029953740029,0.27085462614413097,0.012207752485888856,0.4153859283451487,0.03569119393771516,-0.20828402755419378,-0.0269245054743012,-0.21130494640801242,0.20897547273724085,0.18203315033653425,-0.2999828343793215,0.125057783261132,0.047528288438852116,-0.042959925093749095,0.05789625317251353,0.0012824054908347308,0.027503816355463957,0.08887624317590812,-0.08096342228389694,-0.10657736048239834,0.08526222689847002,0.06191774089299635
-0.12619736467792167,-0.010709821519887594,-0.3692191916005149,0.08848555899054757,0.02730197876329371,-0.04537762142480115,0.01604018814130016,-0.07459970866542183,-0.029760488651590172,-0.07449120810045308,-0.05233927515270145,-0.0034479084810291405,-0.05621480127262494,0.03270596017638863,0.08731893843254634,0.11457896920935517,-0.1941649058814509,-0.05709958873151828,0.060096927306972324,0.3550579152624356,-0.01974579649025914,-0.3012519640326114,-0.13750418014770954,0.45199093364910875,0.05380882309243395,-0.30694806286523374,0.05386588685304773,0.3311412458416483,-0.4027884127032213,3.2585525312114254,-0.3832319776266943,-0.007681364995080954,0.41122655046804446,-0.16201903221566624,0.310524334946467,0.9572575801472117,0.5268064522053028,0.2579536825027985,0.0870525731380223,-0.2674993258881332,0.357009778170317,-0.019845081660853157,0.12972629298134083,0.12298323320690575,0.11034004313954891,1.0207008793123316,0.5461128427526185,-0.7010554175905025,0.6545730660713567,0.01407441102979833,0.04418310966211981,-0.20341242429892795,0.14659880428042005,-0.09860767672256877,-0.2280615114588722,-0.08922143046117309,-0.10038825942571676,0.22850106117069882,-0.08306518528132488
0.14416189269651686,0.03635934001853432,0.1505740306825651,-0.01752066723475621,0.12389070291984319,0.029067698914406404,0.03552118415064083,0.04151980981619129,0.11668591861198034,0.12786274179551235,0.1252957531458235,-0.007799148485483359,0.026569371194295484,0.08749849610978631,0.19270365525558847,-0.06721357519004366,0.0869562977404759,0.1624591356141336,0.05651979586961498,-0.03044341105875829,0.2978701015998752,-0.10595796977316387,0.14852795073001218,-0.10240335348771845,-0.002173284096764528,0.14030331974243485,-0.025785686154354847,0.4016541529871542,-0.12063166186387202,-0.3832319776266943,2.7850853365981525,0.08641756952843792,0.30263965763013084,0.11787669744293068,0.4690144773160586,0.4073110033363133,-0.4851268581543492,0.1500969639798439,0.3107430262850838,0.06876785723869606,-0.2931894331591014,0.10479921535025241,-0.20594369252504863,0.05802339969003173,0.16358673713944752,0.22243894845622214,0.06581437081114239,-0.10519206990758591,-0.008389168333910079,0.3433324477408271,-0.018103967990359883,0.23485036386608846,-0.19529875927673984,-0.029635199374262376,0.16819446026480334,0.07600055681062162,0.11863465040012182,-0.15287446377383868,-0.06558437412685879
0.16189678313647116,0.06455187803656312,0.1244227697238008,0.14263980713079896,0.11076884588713258,0.14352387173476036,0.09625731961604725,0.11411101682993281,0.05445988932425247,0.11592545244002224,0.10623488979038798,0.13195969060269083,0.12752000672681546,0.26357522982930764,0.10349793850447321,0.17277136342831728,0.11867393647592456,0.10943269683731785,0.09384554828233159,0.12564194281109853,0.09276802835459819,0.17052692209282402,0.02502125585707894,0.044668022614529596,0.08237658955521757,0.25933268207643534,0.15854721918758552,0.15510409584010984,0.13337696047061648,-0.007681364995080954,0.08641756952843792,0.5817509376650054,0.0655686656670651,0.19563347320373928,0.08559977468828182,0.06803324252572014,-0.14862764028580325,0.13385076923000683,0.16929408585403172,0.07751803928923003,0.009462010807106786,0.1708488624988365,0.1383750286546733,0.018569281252746737,0.17027750443552897,0.09766932774912877,0.17663940738447834,-0.081862517057227,0.18757621258049215,0.1367401667044675,0.018797807587155154,0.03839884432619993,-0.2562818647286462,0.03501403588286437,-0.035464839715153865,-0.10437477706332685,0.20711021400403562,0.02064253976380012,-0.1395830745701974
0.17202799777286068,0.049551785600359693,0.19121798953436145,0.08388651641788045,0.0868330943636264,0.12239049162028161,0.12234323877218942,0.023660643406664128,0.13632911488705668,0.0399398709204189,0.09415638900746,0.06383315506292338,0.03896695161893898,0.08897490572020073,0.17698633020512203,-0.06952093811071255,0.12418729596171403,0.1520568179054343,0.07255142546156024,0.21408184265123278,0.1912236870510522,0.06764096157162144,0.4588576773490921,0.3409477207639619,0.0838919458875873,-0.08198397873788177,0.08203278576346625,0.7128138608005641,-0.16788629560247992,0.41122655046804446,0.30263965763013084,0.0655686656670651,2.026391249773446,-0.34211318935942064,-0.3033376511873048,-0.0810898518170115,0.8694979717430883,0.17230831794094192,0.0075520503568012815,-0.2603059196495099,0.13032244817677463,0.26915430468469836,0.04192982255028309,-0.039827036660030526,-0.38480676048000484,0.4628654600083129,0.3446591569337195,-0.0786890924020383,0.5878044477646884,0.15095104601471873,-0.06966677386827666,-0.09762943440074899,0.13623292010388477,-0.33667695449365637,0.09969619158509242,-0.21273353711238277,0.04283424202867994,-0.06973729835581499,0.11103946895830509
