4.124143850165897,0.75732188355429,-0.17976080166048272,1.3213090837031636,0.9534645211759287,0.5873714748423355,0.49840457576954866,0.6874476854708484,0.8009813406543337,0.8297228852549128,0.3778235157030764,0.6578856557957673,0.8107999526786961,0.7430036008294298,0.7127420395096102,0.6507406251461401,0.8069509771601322,0.5831801495844039,0.7151845005231732,0.4928977381234994,0.4353419533039806,0.5466735620372816,0.703492785026978,0.60459238119791,0.6952789417511015,0.6967196982417951,0.6453204264889386,0.5245078721215263,0.5811427044560273,0.6139526772247044,0.7095136874361156,0.6552772449263139,0.5417336160564209,0.7276588399246484,0.5702701832652115,0.6701259237942019,0.6329255917892472,0.5758872601038338,0.5363436870529144,0.6350191657247263,0.7550242483237262,0.5989522269046814,0.5865392717597114,0.6043028540748037,0.4501329582666819,0.6008470768426718,0.5693540308482183,0.6274351219170593,0.4482892610632107,0.1902437693211584,-0.20291990680823574,0.12589980427768654,-0.0545358252968529,0.1518478839212437,-0.06455668319559041,-0.08460038635810213,-0.1411974733516213,0.06022701212802577,0.21026515872476337
0.75732188355429,4.787562356009311,0.7955979768112097,0.5521252953226007,-0.013342201684968304,0.8500236298721409,0.8420203743277777,0.8432681696979631,0.7658246633214315,0.9357259710249374,0.8007671490601569,0.6721247696428935,0.8348024797836638,0.5232130406407639,0.8054215447308595,0.6801660712627423,0.7544741998828292,0.29492775798738047,0.7731265838709483,0.5928972101463258,0.4203104859976739,0.726103052029048,0.761837715682926,0.5683221614767305,0.6466527090845855,0.8459736486484369,0.6279954577735787,0.4649257805630934,0.6542270299354029,0.3653190882329565,0.6521103372242529,0.6928308325148058,0.5424676346009398,0.7062530962488208,0.6331912571725612,0.5911433586619639,0.6488963604454758,0.529045206839433,0.5795066441600134,0.6095128252673134,0.7963125453174783,0.5455534202939438,0.39802798909389236,0.47427872076698996,0.5568470593605529,0.503435318713949,0.612734996259564,0.52495972532435,0.3966356989210257,0.5641191617045943,-0.023833152878042854,-0.46592011766115976,0.11022660051078316,-0.033430442377904324,0.3300889870271029,0.08914932282202605,-0.2352722893702349,-0.4243577253146715,0.44116467197728615
-0.17976080166048272,0.7955979768112097,2.272398563001992,0.6706024303848056,0.8516199724479229,0.7090801550867648,0.6419368130760195,0.5345154287537968,0.6715726719083763,0.622681368056548,0.6259767614017223,0.6197974868447254,0.6574662937262737,0.6482351293028245,0.5526951696393059,0.7043655896466698,0.5353704052463221,0.522840391899439,0.5802905438713011,0.7092837407973673,0.6398856029113232,0.6129431299820458,0.5746131643511081,0.5618981831793669,0.6756578827437624,0.6351374300934808,0.6507123165596704,0.586749521842944,0.5481314266796431,0.6532803630696842,0.6351209055881155,0.6999564682181106,0.6685538050912088,0.6320521873725957,0.4988073967919733,0.6230104913813194,0.6250609048915327,0.5306936123206074,0.5106816332436266,0.5665987577105503,0.7217232078286007,0.5877127538587524,0.497321940760602,0.5864879194780936,0.46510685303934535,0.6062794324875235,0.5167313076734992,0.5727687912078809,0.3393808613934906,-0.17508903369478346,0.1083756985260527,0.07799954223105188,0.11574652431000307,-0.14494152593861623,0.23108769580919933,0.15579896663115508,-0.1788330900733911,-0.2574163697370979,0.1802315996297734
1.3213090837031636,0.5521252953226007,0.6706024303848056,2.2983518991375806,1.2368778679977857,0.817565625615161,0.4126279294269226,0.6588961338373656,0.912245314004509,0.6968254924536955,0.6714876249363596,0.6537320178538774,0.74391137121371,0.6862775438986694,0.6900972358810669,0.6620066717485439,0.6929752416690005,0.6882575350736213,0.6015602518550384,0.6169056093397817,0.6791805709364795,0.5709211423735959,0.6399565436420993,0.6020915914181404,0.7001908252208743,0.5757297223413524,0.6607086985992704,0.5855196590903079,0.5443381350636255,0.7306441485227863,0.7507210258327252,0.691293460747984,0.678350029413609,0.7195383947844152,0.5277479186433914,0.6474906304476606,0.6494739601356456,0.5500589220887254,0.5195344094777534,0.6049603909625695,0.7412376994451061,0.6103907768157656,0.5938595238676935,0.6296892059936439,0.4023517163012777,0.6316833273008737,0.5810468084299086,0.6334704844952909,0.4136761272440406,-0.1927034496330636,-0.01834296885858575,0.19391219269365875,-0.0020236670698610694,0.07011701371668513,0.10867044592952238,0.056187677488203865,-0.06175667076621077,-0.1484580453419512,0.1232343220508753
0.9534645211759287,-0.013342201684968304,0.8516199724479229,1.2368778679977857,3.277831179339515,0.8026367191701458,0.7588335382190994,0.5081788974844381,0.8089260965721827,0.6804598193388379,0.58717955200093,0.7081845705494936,0.7807495509740995,0.7175342608425938,0.640992205442507,0.7731575103596829,0.7128860627638004,0.6281539243323291,0.7318495198358969,0.6111602759739234,0.645131110677784,0.6210150352745898,0.6600496538653675,0.6590842768499854,0.7746323982597688,0.7583342994334455,0.740151665508572,0.5875929913028018,0.5878804459660412,0.6857591123750291,0.660947603229901,0.7355029915949897,0.7140983553560026,0.696877213955777,0.5549835786211723,0.715020800908612,0.7048745412454783,0.6806377651999846,0.626192222687858,0.5592238450290855,0.9006327310090827,0.6951070350624667,0.5964913480589514,0.7231466126967705,0.5018981872236515,0.6653194835034141,0.7983540188456383,0.6748165693351755,0.421085529354942,-0.026502850546667584,0.03333883916052061,0.3659753423888212,0.021551521535154126,-0.11719454584827295,0.30539026966613064,-0.014811464929671028,-0.01110034040560271,-0.15309209061733586,-0.039140778221412535
0.5873714748423355,0.8500236298721409,0.7090801550867648,0.817565625615161,0.8026367191701458,1.4677186460331246,0.6508521962476035,0.6224941300284986,0.61085892972615,0.7047148810980084,0.6188207411160059,0.6620865707854933,0.6911497432440519,0.5661513535014477,0.6251945946641588,0.6104809880773477,0.6001679063413562,0.593572617448763,0.6427883782062028,0.5932437655627034,0.6099970787420325,0.5849548617594359,0.6333032814185107,0.5924722028028964,0.6831409840790492,0.6428498446445622,0.6792975930659632,0.6909655712901591,0.6594869162848289,0.7015931682434113,0.465203363256389,0.6922551074819686,0.5550697203935899,0.6011564712347316,0.5245714531006994,0.6370817094597159,0.6282215291012424,0.5462384745677932,0.5398124551044294,0.5949578636293333,0.728606168570746,0.6045556024239656,0.5628290848156202,0.6221435870589068,0.7135908972383919,0.604577042277778,0.6106574296690492,0.5601874352613936,0.4070577791209003,-0.0015663869627798128,0.10697650011155864,0.218844938439031,-0.06724698380556371,-0.10117725413580173,0.029655594586573575,0.06632650872552279,-0.11299297665423481,-0.07608304394696049,0.2289840177457941
0.49840457576954866,0.8420203743277777,0.6419368130760195,0.4126279294269226,0.7588335382190994,0.6508521962476035,1.5401342511792468,0.6442405918108245,0.5383607230082944,0.5519347527699553,0.6740224519758753,0.6053188649444641,0.6929649675800122,0.5284678164370892,0.6188368485760483,0.6237128012187659,0.5901381880094576,0.5916642032803141,0.703148061858454,0.5531476646968952,0.5233243307201753,0.614527710831162,0.6234059977972799,0.5557885501920357,0.6920822200869323,0.7498848322293773,0.9178032093878188,0.6313287205874631,0.7049421045146204,0.790286735880416,0.5543882145256298,0.6653231625148255,0.557148719761621,0.642986331687047,0.4828635448659215,0.6644492043171727,0.6042986797573119,0.5792349754487368,0.513675748671758,0.5185441563702677,0.6604321897232751,0.5859360612782537,0.5406734829872508,0.6637763903345839,0.46767798446877523,0.690297927412002,0.42705180283584737,0.5791898573675799,0.29565335284871014,0.07725499578853177,0.02089878948707962,0.11453903185954277,-0.05254307049637268,-0.028240119439674284,0.19368183901920308,0.05847190613685163,-0.06098798765103643,-0.18012275682478054,0.19565940277566254
0.6874476854708484,0.8432681696979631,0.5345154287537968,0.6588961338373656,0.5081788974844381,0.6224941300284986,0.6442405918108245,1.1319423715641443,0.578923377702419,0.5944740904707111,0.6156232612449871,0.5867751015662909,0.626601842036793,0.574926938595166,0.6342755514531166,0.5108383212498038,0.6016375066565726,0.5860226011733164,0.6241618763748753,0.5703957890956641,0.5719264184526696,0.5326957592812862,0.6169518776576705,0.5020757094039219,0.5728611169420532,0.6073990833690223,0.6634361522678713,0.5379981258545197,0.6719988026488021,0.7218024456277037,0.5364827153420136,0.6072786684750106,0.46054295804221923,0.5386036690284152,0.5092507796657224,0.5568283274646252,0.5066597915100854,0.4226770724444021,0.45405094165142695,0.5203969586611026,0.402772558562216,0.4930329273977983,0.4619093789737554,0.4904025959427383,0.4606235259339819,0.5117621274203347,0.43288761640644785,0.5253883066515398,0.33005098048939074,0.11369230646000224,0.010951444022323795,-0.139345947514565,0.0299429828438011,0.006039987332098687,0.06198874263390999,0.10289457797004044,-0.15645987694257632,-0.203507578661611,0.24336602647186031
0.8009813406543337,0.7658246633214315,0.6715726719083763,0.912245314004509,0.8089260965721827,0.61085892972615,0.5383607230082944,0.578923377702419,1.3976671576347566,0.6538828731097882,0.6558265149711628,0.5895774591968449,0.6400255875970473,0.6702208663704696,0.7147006132746618,0.6521093990780245,0.6260438627892762,0.5871740518830615,0.5968171625331812,0.5509678888467693,0.5485219403665629,0.5521518163544387,0.5906843625060679,0.5485410398814633,0.6528963009054883,0.5934787340731918,0.6438272233702147,0.5524752444489756,0.5226048246354393,0.6911441217923395,0.6369274558566806,0.6373110809148451,0.7282031882773481,0.6094447514322362,0.5486904413698906,0.6007770444250525,0.6271861405171358,0.5442970968596428,0.49629111288932376,0.5509971748666772,0.6850343783564246,0.5663430500486646,0.4912528178739943,0.5516840776009612,0.376434243654446,0.571557551042256,0.5083075027481266,0.5673598711627666,0.3472967211064634,0.04268920834294954,-0.029838839024834123,0.1696477066265406,-0.021818623069163472,0.00040476067918870625,0.13427609094073556,0.03697230076675509,-0.04241227999969294,-0.22616998039338623,0.16296544840763919
0.8297228852549128,0.9357259710249374,0.622681368056548,0.6968254924536955,0.6804598193388379,0.7047148810980084,0.5519347527699553,0.5944740904707111,0.6538828731097882,1.323735120633227,0.5306385367716312,0.5598371500959376,0.6018694127879505,0.5281515495195339,0.5875854220907245,0.4902239780299089,0.4924656879550993,0.3616785704138796,0.5556849801942217,0.48468869872677633,0.37080182645497084,0.45580772297816197,0.5350280485625684,0.49073872896268234,0.5776582588184567,0.5604333555628973,0.5112131309147334,0.5408328204790006,0.5143792336401183,0.4939697043387749,0.5236840458796558,0.5340744802078811,0.502586160212288,0.5265624568207972,0.4480358726041093,0.52575919472053,0.5537971510840992,0.49398826181184724,0.4450411812204441,0.485505283271277,0.6395492479762901,0.5027807473360075,0.424574859295153,0.47808976286169497,0.42130683305174066,0.47961627098603093,0.5218640690944097,0.48597129426331537,0.326787989570547,0.01006931137255775,0.03063010455708491,0.11126906606961126,-0.006399152677240186,-0.05596272375377068,0.06846921303149037,0.04016752230682746,-0.06977157787980005,-0.23669948545108363,0.19385403905967977
0.3778235157030764,0.8007671490601569,0.6259767614017223,0.6714876249363596,0.58717955200093,0.6188207411160059,0.6740224519758753,0.6156232612449871,0.6558265149711628,0.5306385367716312,0.9843163243811927,0.5750914202627319,0.6215665012000069,0.6009518263204024,0.6240130256917493,0.5927747530788695,0.5453055917221957,0.5271697881098432,0.5747579934454765,0.49508250327028425,0.5480226939954788,0.5187046495164801,0.5630764326903704,0.4935490684127945,0.5587450979106163,0.5872427662930997,0.6304369339473369,0.4877742472324555,0.5717878160657022,0.7156445447224464,0.5337296758676128,0.5803415995052044,0.5180704185140239,0.5288129281876739,0.48066629686501167,0.5586991374566277,0.5097563357470086,0.44642262344275907,0.43523499501723256,0.4845536001990849,0.5565174142044531,0.4944704789461131,0.43100311670483976,0.4814374795736747,0.3698971273009203,0.4986686876223192,0.4539524976949808,0.496225188181002,0.318720284541401,0.03333689096297402,0.07416946142021986,0.023117962006279674,-0.03152940009909135,-0.016615038249311705,0.18082932785009698,0.08260609293898304,-0.10052230742609351,-0.19488097303493138,0.10863288620496626
0.6578856557957673,0.6721247696428935,0.6197974868447254,0.6537320178538774,0.7081845705494936,0.6620865707854933,0.6053188649444641,0.5867751015662909,0.5895774591968449,0.5598371500959376,0.5750914202627319,0.9774519100532532,0.6104263159897076,0.6145224094594709,0.6644150670573136,0.6158985745850966,0.647703196569869,0.6163812475266953,0.6585932166985972,0.5407063692648086,0.5608176546374054,0.6047829770185326,0.7544428066929176,0.7124385247120101,0.6368348624952478,0.6494174509437631,0.6498157759057431,0.5384793269400485,0.6330732867325554,0.6310130112680125,0.6198001316873997,0.6797337281125402,0.5495566172657954,0.6508327395519512,0.5993498673262758,0.6527326891076889,0.6344327803566829,0.566643545516689,0.5458699728177391,0.585209492673466,0.7546993541261353,0.610984135327205,0.4808434567909052,0.5699429415499782,0.4903455495773687,0.5883184195920558,0.619904505802536,0.5833725794870244,0.5086586872255833,0.005059553711223942,0.030563982486348038,0.15155560530701206,-0.015172607263845521,-0.07928223454672728,0.007220653529627024,0.056624731395905466,-0.12344048983997047,-0.09196748011233383,0.16414942563646792
0.8107999526786961,0.8348024797836638,0.6574662937262737,0.74391137121371,0.7807495509740995,0.6911497432440519,0.6929649675800122,0.626601842036793,0.6400255875970473,0.6018694127879505,0.6215665012000069,0.6104263159897076,0.8671576633802146,0.5898039310768219,0.648961369718268,0.6507166038216041,0.6144053558467163,0.5475964735663253,0.5986593757668544,0.552229711443998,0.5827256230094321,0.5394694329815323,0.5903839561497563,0.5493604943235197,0.6885869578823285,0.5682172874699535,0.6836041806906279,0.5428263939520552,0.5809970494162862,0.6492704959930824,0.5986374540433889,0.5917801096268425,0.5717599891880867,0.6081803873136653,0.5161758109422246,0.6272874779086315,0.579322226566721,0.5192480814545489,0.47805106383023105,0.5529778608656244,0.6680325383376061,0.5563908079739414,0.47197156611251784,0.5448071869319999,0.43021706250953984,0.5626163392483302,0.4907423184804436,0.5527549531513771,0.35765976476613803,0.037502204038462675,0.002032476105898646,0.07633067420440512,-0.017074618791307984,-0.037746382904577803,0.07883503018115338,0.07079845353171867,-0.18172119531998954,-0.10391449192037887,0.16734921808151296
0.7430036008294298,0.5232130406407639,0.6482351293028245,0.6862775438986694,0.7175342608425938,0.5661513535014477,0.5284678164370892,0.574926938595166,0.6702208663704696,0.5281515495195339,0.6009518263204024,0.6145224094594709,0.5898039310768219,1.269623155595929,0.637936911155477,0.6365719842430712,0.6654206895624913,0.5600711836085442,0.6665676065326075,0.6649101211776745,0.6147046609242862,0.6423076071544086,0.6207161804795247,0.5726743612565657,0.6460000659139216,0.7062296952805208,0.6358753937469553,0.5597872033469081,0.5747947320351664,0.779151944450911,0.6742495978820805,0.7093372758544413,0.5833596283077912,0.6639041259992833,0.549092422336422,0.6463445284145956,0.588371652356054,0.5150008265105508,0.49404851109377007,0.6124903284733606,0.6161590160323452,0.5869481753228593,0.5102933264558078,0.5658185925276756,0.4415615770508178,0.5727644501762853,0.4947301375222409,0.5982909347646237,0.39582096371894115,-0.16973703286326305,0.033765622055117406,0.16228836471650632,0.025981715801559613,-0.006487185538854611,0.023790945734185564,0.09687033492062193,-0.21112046353522032,-0.05340068702639471,0.1840626972355236
0.7127420395096102,0.8054215447308595,0.5526951696393059,0.6900972358810669,0.640992205442507,0.6251945946641588,0.6188368485760483,0.6342755514531166,0.7147006132746618,0.5875854220907245,0.6240130256917493,0.6644150670573136,0.648961369718268,0.637936911155477,0.8802048942056537,0.6284143968577692,0.6790878750798848,0.6381532991737475,0.660785091444201,0.5562800117875233,0.5954572203408913,0.5871669897073297,0.6162699280307526,0.5950402300327605,0.6276444339256628,0.6448444652144726,0.6598023887617809,0.5434832194039,0.5862472625855881,0.643761153552012,0.653339151803839,0.6372323107555597,0.5946634097259772,0.6254908990544346,0.5404070797832693,0.6177554240214982,0.6247742529172796,0.5405750021794006,0.4927109983174901,0.5310067878636593,0.6722754710513974,0.5689176628658796,0.47452005855513285,0.5483374093160105,0.4092414838127874,0.5782366241231964,0.5077199239147394,0.565863059437005,0.3711529391959285,0.034893098333344634,-0.024539669505297037,0.07568126051431188,-0.010328361299469346,-0.022904315432114224,0.07058155555989591,0.055082797854862996,-0.043839768320587474,-0.29517317085147143,0.21980626246393026
0.6507406251461401,0.6801660712627423,0.7043655896466698,0.6620066717485439,0.7731575103596829,0.6104809880773477,0.6237128012187659,0.5108383212498038,0.6521093990780245,0.4902239780299089,0.5927747530788695,0.6158985745850966,0.6507166038216041,0.6365719842430712,0.6284143968577692,1.0505831832420485,0.6589423989455884,0.5650845649875063,0.6020735078401599,0.5254844253935288,0.5387035536890952,0.5520720052433807,0.6113463930834947,0.5589667889357741,0.6198289963511137,0.5875658530561013,0.6532838363967495,0.4705401419562451,0.5056435569562333,0.6421335950260963,0.6462805146905534,0.8979135219510376,0.5417667436120078,0.6943830472762859,0.49599466391537905,0.6463244999173862,0.6377172891892131,0.5498873310062902,0.48280367379025196,0.5424771322913994,0.7688481098224422,0.5895475865968812,0.48569763727557685,0.5534205751176636,0.3541039133894373,0.5658136617583878,0.5215192649437038,0.5825699456045342,0.3565167959414488,-0.03127308633639584,0.04337089345987368,0.08137558375348974,-0.04194170357120767,0.01792551525671601,0.12457367188898807,0.08935091889090725,-0.15466922178071327,-0.16846122192345928,0.1596396616757112
0.8069509771601322,0.7544741998828292,0.5353704052463221,0.6929752416690005,0.7128860627638004,0.6001679063413562,0.5901381880094576,0.6016375066565726,0.6260438627892762,0.4924656879550993,0.5453055917221957,0.647703196569869,0.6144053558467163,0.6654206895624913,0.6790878750798848,0.6589423989455884,1.2565627863064486,0.7513341946238298,0.7275550751621866,0.5787779292323727,0.5592222863510876,0.6337720489654003,0.6239883341460797,0.5717491364272659,0.6001614766782292,0.7021264648865402,0.7257401473062077,0.5158149361469421,0.6100869460529171,0.5448310678194975,0.6377899790459003,0.7269186778735008,0.5429511539543299,0.6617037134262741,0.5473096680152733,0.6524654602233734,0.6100948743770095,0.5396650643110052,0.5249133622702342,0.566179609405648,0.6683299581575354,0.5874725525316985,0.4920188349293056,0.5500294805273973,0.4385842909095909,0.5753593061210683,0.47671214782126875,0.5808853464910808,0.35078540141744113,0.24706094562677663,0.032161513412863295,-0.10242716504120375,-0.04770320769636562,-0.01305475580248769,0.17972175819289257,0.06152304200617046,-0.17883235619136922,-0.17123853190832997,0.20442377740668893
0.5831801495844039,0.29492775798738047,0.522840391899439,0.6882575350736213,0.6281539243323291,0.593572617448763,0.5916642032803141,0.5860226011733164,0.5871740518830615,0.3616785704138796,0.5271697881098432,0.6163812475266953,0.5475964735663253,0.5600711836085442,0.6381532991737475,0.5650845649875063,0.7513341946238298,1.6598735297875407,0.6591127605170939,0.6461508671061307,0.6954775100450767,0.6962802184310453,0.5807589934710572,0.6306199422621377,0.6489549419816276,0.667630715138844,0.8071124078345921,0.6690404497686148,0.5988014386430206,0.7597242363243557,0.7603652391171348,0.7160817899535422,0.5826584975668796,0.7167286319786338,0.5327697630542524,0.7379950485396531,0.6481382739824255,0.5980831476332027,0.511319061087191,0.5958373562879705,0.6347820138322744,0.6367149151752933,0.5217410174662575,0.6677193187926487,0.48296576087309334,0.7005140675441704,0.4731696031982609,0.634673017338718,0.3746581423611415,-0.24863205371415756,-0.006708870292347155,0.20112001484563308,0.04490134459624425,0.008224555359157691,0.027324450310370372,0.010886833646764802,-0.03937730847112482,-0.13859439812338034,0.1703256236847462
0.7151845005231732,0.7731265838709483,0.5802905438713011,0.6015602518550384,0.7318495198358969,0.6427883782062028,0.703148061858454,0.6241618763748753,0.5968171625331812,0.5556849801942217,0.5747579934454765,0.6585932166985972,0.5986593757668544,0.6665676065326075,0.660785091444201,0.6020735078401599,0.7275550751621866,0.6591127605170939,1.352797599610275,0.5846907767757451,0.4956534512624129,0.7414246302449243,0.6750413819923936,0.6168116647850497,0.6270689438953242,1.0546374502748495,0.6921176748355397,0.6319844949755071,0.7389488286216777,0.6719075290467991,0.6053971218484633,0.6273168857565496,0.5099342640416958,0.6112124483932244,0.5333290697821356,0.6150102304905724,0.5905939414280951,0.5343390921717721,0.5153108214568408,0.567650641284109,0.5846624313814792,0.5936383780946053,0.4858956487293135,0.5912176995110132,0.5399639426434504,0.5815573682168447,0.5684072112262433,0.5880474475929593,0.4427552884387722,0.0010395410368923346,-0.004148253974331263,0.13310574333744224,-0.0033629523532386746,-0.058792486658162044,0.03158672330148954,0.07537792462742014,-0.09168009568396192,-0.11949542092554344,0.16614532615657823
0.4928977381234994,0.5928972101463258,0.7092837407973673,0.6169056093397817,0.6111602759739234,0.5932437655627034,0.5531476646968952,0.5703957890956641,0.5509678888467693,0.48468869872677633,0.49508250327028425,0.5407063692648086,0.552229711443998,0.6649101211776745,0.5562800117875233,0.5254844253935288,0.5787779292323727,0.6461508671061307,0.5846907767757451,1.1489690282060057,0.6904058041854778,0.7431228969456318,0.6367067445675667,0.5272243141928877,0.7477993109022147,0.5607233668296024,0.6459846409956503,0.6700871702316393,0.5856377332370704,0.6028886977307967,0.7478758257503322,0.7245070691552502,0.5334812919924943,0.7462915333666197,0.573191539483145,0.6681354962057792,0.6042049835182581,0.5063491414115122,0.5113456630386983,0.5816718108498586,0.6823749797066737,0.5871307490215526,0.4677078482341887,0.5706774841666573,0.620925789312674,0.556502883818771,0.549520185964976,0.5762594316059505,0.3468776079826234,-0.0664131661263469,-0.03611076100769925,0.0071791144700757556,0.23971375198541828,-0.12194687656858028,0.01921448184639277,0.07480766231848036,-0.11484726332314818,-0.06318418122853851,0.11285848111347359
0.4353419533039806,0.4203104859976739,0.6398856029113232,0.6791805709364795,0.645131110677784,0.6099970787420325,0.5233243307201753,0.5719264184526696,0.5485219403665629,0.37080182645497084,0.5480226939954788,0.5608176546374054,0.5827256230094321,0.6147046609242862,0.5954572203408913,0.5387035536890952,0.5592222863510876,0.6954775100450767,0.4956534512624129,0.6904058041854778,1.5049955341241648,0.5518415716822297,0.5884680584960517,0.5693890577494254,0.3965216044848303,0.4715108780382128,0.6394953510215571,0.5526679385226618,0.6412694108587764,0.895962927006827,0.6433560814691727,0.5799787194584657,0.5600888169277735,0.5987910608166003,0.61145369464869,0.551213050060742,0.5490551174844225,0.4436587732012885,0.44254627812662534,0.554642160483766,0.4089646247911113,0.512048262246646,0.46137850874291664,0.4890695800036433,0.44289331801017706,0.5114678313893253,0.4364909502061083,0.5291676063723677,0.4008698372025205,-0.16277414239902377,0.03406216750856831,0.051651749690177044,0.015640408440201762,-0.007413189064259412,0.13833745048171764,0.058760245220838836,-0.12945855240088544,-0.10509971865042395,0.049346833303175235
0.5466735620372816,0.726103052029048,0.6129431299820458,0.5709211423735959,0.6210150352745898,0.5849548617594359,0.614527710831162,0.5326957592812862,0.5521518163544387,0.45580772297816197,0.5187046495164801,0.6047829770185326,0.5394694329815323,0.6423076071544086,0.5871669897073297,0.5520720052433807,0.6337720489654003,0.6962802184310453,0.7414246302449243,0.7431228969456318,0.5518415716822297,1.2038012145884631,0.6108452049470071,0.6281500289513422,0.6211716353240846,0.8068912411093269,0.6792042788544703,0.5803363068494211,0.45492434129500936,0.5065473577454499,0.7002164832042632,0.73817525212575,0.5237435336058638,0.7566646408294588,0.5569337194556637,0.5901424492606574,0.6114728540271299,0.5123813736622751,0.5538021479570219,0.5691901817229199,0.6942586250481205,0.589056890156357,0.4646926473267919,0.57965258332164,0.5615123352639696,0.5039545075210686,0.7480743097674926,0.5697909871273069,0.4789563242483906,-0.04564386399594076,-0.00839023346108423,0.0507371105496799,0.10976004523122182,-0.06686755540797179,0.052042250456333795,0.07988640451890178,-0.0625733948009012,-0.14387777977966465,0.1492633177914314
0.703492785026978,0.761837715682926,0.5746131643511081,0.6399565436420993,0.6600496538653675,0.6333032814185107,0.6234059977972799,0.6169518776576705,0.5906843625060679,0.5350280485625684,0.5630764326903704,0.7544428066929176,0.5903839561497563,0.6207161804795247,0.6162699280307526,0.6113463930834947,0.6239883341460797,0.5807589934710572,0.6750413819923936,0.6367067445675667,0.5884680584960517,0.6108452049470071,1.0990385016306832,0.6223820465009497,0.6485850712385164,0.6649973411584998,0.6547344557227998,0.5140047780125915,0.7665487074135998,0.6193363242544266,0.6332019208515648,0.7213124667894295,0.5365745553542159,0.6442638459976173,0.8097735492037108,0.7237074096373411,0.6383458118807824,0.5645062660613132,0.5990625774712741,0.6437178699245538,0.7525355371782229,0.6321397533624904,0.4764909982108286,0.5718295077926088,0.5650324735006222,0.5532929161416815,0.6725469747637399,0.624902208088022,0.45119898367302264,0.08081719491537578,-0.012510122834637288,0.01596869237466388,0.10976090494607338,-0.04606791567999938,0.043979287237765244,0.08926206075534847,-0.2149194075641686,-0.03768298418281312,0.1517819364432344
0.60459238119791,0.5683221614767305,0.5618981831793669,0.6020915914181404,0.6590842768499854,0.5924722028028964,0.5557885501920357,0.5020757094039219,0.5485410398814633,0.49073872896268234,0.4935490684127945,0.7124385247120101,0.5493604943235197,0.5726743612565657,0.5950402300327605,0.5589667889357741,0.5717491364272659,0.6306199422621377,0.6168116647850497,0.5272243141928877,0.5693890577494254,0.6281500289513422,0.6223820465009497,1.0176806640029865,0.6825544657596744,0.6296697144679415,0.616339472595383,0.5333256040417095,0.5284383105270507,0.6420108040463326,0.7342344094406379,0.7322556536118588,0.5452972616681081,0.7344153606435578,0.45065043479851674,0.5385205295481579,0.6665942414746163,0.5297885857429279,0.5179956755366165,0.545371577255312,0.747226692608654,0.5703154631542727,0.4923178739110498,0.5758937976100375,0.5295756821328061,0.6539347669836842,0.6399502864257482,0.5444397614407616,0.7902824788423927,-0.09363614786080196,-0.03748799003967886,0.11585353276629982,0.06527648880323884,-0.03423679718615474,0.012187234370993925,0.029074036809174746,-0.04508647457324983,-0.11393657700005337,0.17866342790916792
0.6952789417511015,0.6466527090845855,0.6756578827437624,0.7001908252208743,0.7746323982597688,0.6831409840790492,0.6920822200869323,0.5728611169420532,0.6528963009054883,0.5776582588184567,0.5587450979106163,0.6368348624952478,0.6885869578823285,0.6460000659139216,0.6276444339256628,0.6198289963511137,0.6001614766782292,0.6489549419816276,0.6270689438953242,0.7477993109022147,0.3965216044848303,0.6211716353240846,0.6485850712385164,0.6825544657596744,1.78799666885017,0.5867229149490937,0.7845574003327118,0.9400183459051946,0.7286944539155392,0.7415442772973355,0.8886548336803373,0.7581909900314562,0.6901261889610861,0.81241613020217,0.48681574678120304,0.8258894665339361,0.6937375179961608,0.647464454133228,0.5977735214177624,0.6813124332715461,0.806678691164471,0.6993251088845075,0.5675371901420297,0.7249178698656484,0.6157201082939626,0.7943453465308633,0.5697249627326902,0.6845196127542162,0.45876373635945344,-0.10535002295208125,0.01269497367937633,0.15985985230556032,0.08134499716499108,-0.08857664117057527,-0.06532614200570594,0.10894676634943164,-0.08721329954626192,-0.07872746394703742,0.14420974558362967
0.6967196982417951,0.8459736486484369,0.6351374300934808,0.5757297223413524,0.7583342994334455,0.6428498446445622,0.7498848322293773,0.6073990833690223,0.5934787340731918,0.5604333555628973,0.5872427662930997,0.6494174509437631,0.5682172874699535,0.7062296952805208,0.6448444652144726,0.5875658530561013,0.7021264648865402,0.667630715138844,1.0546374502748495,0.5607233668296024,0.4715108780382128,0.8068912411093269,0.6649973411584998,0.6296697144679415,0.5867229149490937,1.4053524247067621,0.7232665632409877,0.5702685975918509,0.8010434808479824,0.7500912088056759,0.5873059183254694,0.6214881977219783,0.4863949136078676,0.6376902174762692,0.5074164872443053,0.6205568244037042,0.5905236025521122,0.5324760312273226,0.5146533307908485,0.5598975833563453,0.5800449568726465,0.5944117151783161,0.5202892375694712,0.6242305392245067,0.5710492893822505,0.62122236856616,0.5678174076825353,0.5929003690483452,0.4593848984262668,-0.02463984548926012,0.0014484957551151511,0.16950342879096272,-0.014821826239286627,-0.0435423559788466,0.050468438851727825,0.06809759733216154,-0.07523817491229245,-0.1251315440766325,0.15811982500076965
0.6453204264889386,0.6279954577735787,0.6507123165596704,0.6607086985992704,0.740151665508572,0.6792975930659632,0.9178032093878188,0.6634361522678713,0.6438272233702147,0.5112131309147334,0.6304369339473369,0.6498157759057431,0.6836041806906279,0.6358753937469553,0.6598023887617809,0.6532838363967495,0.7257401473062077,0.8071124078345921,0.6921176748355397,0.6459846409956503,0.6394953510215571,0.6792042788544703,0.6547344557227998,0.616339472595383,0.7845574003327118,0.7232665632409877,1.5506935627923832,0.6640295504627016,0.7597335424673761,1.242953179183605,0.6709513006021951,0.7775611292948003,0.6463897958401201,0.7246684936368577,0.4940912165056328,0.7824254478643892,0.679056550764083,0.5290497093956797,0.5028403087420777,0.5545611818329453,0.655416577839205,0.6431232221459984,0.5912852473676029,0.7087934764777797,0.46877031770266403,0.7896957178248667,0.34465754171041374,0.6589605794211966,0.30758158024293086,-0.06239427480947655,0.033400574962039534,0.13579028954798056,-0.04450824896941845,-0.02016584453465313,0.08158827336146986,0.07680174038935327,-0.10363381392986497,-0.1565536300130855,0.18618658614268813
0.5245078721215263,0.4649257805630934,0.586749521842944,0.5855196590903079,0.5875929913028018,0.6909655712901591,0.6313287205874631,0.5379981258545197,0.5524752444489756,0.5408328204790006,0.4877742472324555,0.5384793269400485,0.5428263939520552,0.5597872033469081,0.5434832194039,0.4705401419562451,0.5158149361469421,0.6690404497686148,0.6319844949755071,0.6700871702316393,0.5526679385226618,0.5803363068494211,0.5140047780125915,0.5333256040417095,0.9400183459051946,0.5702685975918509,0.6640295504627016,2.343558912302773,0.7079393038705998,0.8342447050149473,0.6094194544033769,0.5210702241440697,0.4802437112459832,0.5763938422901471,0.6264058457870572,0.828778391635877,0.5087082273888871,0.2229648240905096,0.3786663718051507,0.6764978221848977,0.4482156511048162,0.5773506207186533,0.5536007633064105,0.7107630024528934,0.5250899158479916,0.6544887679641829,0.46956672533286287,0.5524440716681259,0.4847358565677867,-0.18148658393619954,0.03401146015150972,0.20589665293450884,0.03284239202504278,-0.11493112658837677,0.04031225590196752,0.021319537190653177,0.04682591209308962,-0.182825984910449,0.1473695883170925
0.5811427044560273,0.6542270299354029,0.5481314266796431,0.5443381350636255,0.5878804459660412,0.6594869162848289,0.7049421045146204,0.6719988026488021,0.5226048246354393,0.5143792336401183,0.5717878160657022,0.6330732867325554,0.5809970494162862,0.5747947320351664,0.5862472625855881,0.5056435569562333,0.6100869460529171,0.5988014386430206,0.7389488286216777,0.5856377332370704,0.6412694108587764,0.45492434129500936,0.7665487074135998,0.5284383105270507,0.7286944539155392,0.8010434808479824,0.7597335424673761,0.7079393038705998,2.506074314782949,0.9566488934472098,0.513028477005961,0.20867156245591076,0.37325518742717473,0.3357808580301242,0.343676096092472,0.8483839026886719,0.47700545628849167,0.49766182280034416,0.43329749911002213,0.5718583297360611,0.3684881449077442,0.5410128819596124,0.5274157501763163,0.6129590112830041,0.686651616035608,0.7817841763525678,0.22224978189748523,0.6069353054755755,0.30917622119825017,-0.009738068692684542,0.02243498225850947,0.05831137759774328,-0.027907145148991012,-0.038448367729341584,-0.0629430253674206,0.06862607064879259,-0.19835651870751722,0.020941452743029144,0.07360714890607453
0.6139526772247044,0.3653190882329565,0.6532803630696842,0.7306441485227863,0.6857591123750291,0.7015931682434113,0.790286735880416,0.7218024456277037,0.6911441217923395,0.4939697043387749,0.7156445447224464,0.6310130112680125,0.6492704959930824,0.779151944450911,0.643761153552012,0.6421335950260963,0.5448310678194975,0.7597242363243557,0.6719075290467991,0.6028886977307967,0.895962927006827,0.5065473577454499,0.6193363242544266,0.6420108040463326,0.7415442772973355,0.7500912088056759,1.242953179183605,0.8342447050149473,0.9566488934472098,4.229990340278108,0.6377775211678857,0.7710313577405012,0.6884594919395589,0.5340392418959006,0.27657882895819874,0.8275287047031317,0.5993319470752712,0.5241188936385882,0.39613885057424386,0.43097990871617486,0.32576499320028446,0.53910345960353,0.6010695096004771,0.7755922055266847,0.24915893863538874,0.8725948956088848,0.23966641709935083,0.5951701015125755,0.40595862306974106,-0.28942959738586493,0.0861344672146656,0.24530743679950529,-0.09171171537459345,0.0353646092321393,0.0801883715866847,-0.003919538251847751,-0.1597471570231218,-0.0806719946776706,0.2117359156437266
0.7095136874361156,0.6521103372242529,0.6351209055881155,0.7507210258327252,0.660947603229901,0.465203363256389,0.5543882145256298,0.5364827153420136,0.6369274558566806,0.5236840458796558,0.5337296758676128,0.6198001316873997,0.5986374540433889,0.6742495978820805,0.653339151803839,0.6462805146905534,0.6377899790459003,0.7603652391171348,0.6053971218484633,0.7478758257503322,0.6433560814691727,0.7002164832042632,0.6332019208515648,0.7342344094406379,0.8886548336803373,0.5873059183254694,0.6709513006021951,0.6094194544033769,0.513028477005961,0.6377775211678857,2.5956180105578457,0.8035013869427786,0.7255666395591884,1.2194667679995552,0.5240674703149403,0.7710371465513022,0.8933039378660351,0.7347295906866149,0.5964296720783672,0.7235668990704979,1.0225610436628763,0.6524421197622118,0.6907674440842793,0.7403650674492361,0.8325458243011934,0.8034717428829028,0.5113804458054333,0.7037420222697846,0.5118487353424487,-0.27566124329548075,0.038415865786499984,-0.14315814500762175,0.1960904215861721,0.07710049463997554,0.15068875214268293,-0.0067059221441890735,0.05805859264393773,-0.27255020168926136,0.1072380248765424
0.6552772449263139,0.6928308325148058,0.6999564682181106,0.691293460747984,0.7355029915949897,0.6922551074819686,0.6653231625148255,0.6072786684750106,0.6373110809148451,0.5340744802078811,0.5803415995052044,0.6797337281125402,0.5917801096268425,0.7093372758544413,0.6372323107555597,0.8979135219510376,0.7269186778735008,0.7160817899535422,0.6273168857565496,0.7245070691552502,0.5799787194584657,0.73817525212575,0.7213124667894295,0.7322556536118588,0.7581909900314562,0.6214881977219783,0.7775611292948003,0.5210702241440697,0.20867156245591076,0.7710313577405012,0.8035013869427786,3.277264922923039,0.39445279735711997,1.3271613247186542,0.4042985006178484,0.6687242808774029,1.047365156190217,0.8151429028624575,0.6742895894859607,0.6355588769280194,1.631993243735344,0.8491131684672638,0.6674947564652399,0.7890390739476845,0.09156592634919157,0.8790102579672809,0.6612864124933079,0.7638292657332468,0.537111496782097,0.09885519366921017,0.0540851241108614,-0.13137372454180235,0.03397209656986679,0.023315444787631368,0.10380133623852791,0.1442598622580627,-0.21808054015008432,-0.06193606627732008,0.14216052604326984
0.5417336160564209,0.5424676346009398,0.6685538050912088,0.678350029413609,0.7140983553560026,0.5550697203935899,0.557148719761621,0.46054295804221923,0.7282031882773481,0.502586160212288,0.5180704185140239,0.5495566172657954,0.5717599891880867,0.5833596283077912,0.5946634097259772,0.5417667436120078,0.5429511539543299,0.5826584975668796,0.5099342640416958,0.5334812919924943,0.5600888169277735,0.5237435336058638,0.5365745553542159,0.5452972616681081,0.6901261889610861,0.4863949136078676,0.6463897958401201,0.4802437112459832,0.37325518742717473,0.6884594919395589,0.7255666395591884,0.39445279735711997,1.7643143374974024,0.5022969038097819,0.6852998242107728,0.6136084320149626,0.7972164394270882,0.6760702412516051,0.6148822311206957,0.6331153740473446,0.665685349809572,0.6034262104556654,0.5534464614788875,0.6135601850729109,0.33199521578450897,0.7339841444305675,0.3926518662943783,0.6138275783245966,0.2177366551922708,-0.13480200753801727,-0.0018841931889599542,0.2255291465136685,-0.0029360126908534335,-0.05731243573927643,0.32125130639620186,-0.002925363437672755,0.19027174560331658,-0.37072411339815325,-0.06269168956484845
0.7276588399246484,0.7062530962488208,0.6320521873725957,0.7195383947844152,0.696877213955777,0.6011564712347316,0.642986331687047,0.5386036690284152,0.6094447514322362,0.5265624568207972,0.5288129281876739,0.6508327395519512,0.6081803873136653,0.6639041259992833,0.6254908990544346,0.6943830472762859,0.6617037134262741,0.7167286319786338,0.6112124483932244,0.7462915333666197,0.5987910608166003,0.7566646408294588,0.6442638459976173,0.7344153606435578,0.81241613020217,0.6376902174762692,0.7246684936368577,0.5763938422901471,0.3357808580301242,0.5340392418959006,1.2194667679995552,1.3271613247186542,0.5022969038097819,2.4607711180247365,0.330190722199986,0.8208518206561012,0.7985857203470578,0.7275947354209537,0.45098465153801476,0.6455396301672724,1.2109465855989485,0.7528893767238729,0.7673911463654962,0.7719505847601033,0.40616628217682094,0.7458992736767074,0.6338862620927291,0.799397656031914,0.6057059402676698,-0.26279719108345606,-0.11890035022456351,0.1511550176676286,-0.021200340417667045,0.1606675778723204,0.054995363210100894,0.06873509156036757,-0.1569677540708888,-0.07184370182792889,0.1910852978984011
0.5702701832652115,0.6331912571725612,0.4988073967919733,0.5277479186433914,0.5549835786211723,0.5245714531006994,0.4828635448659215,0.5092507796657224,0.5486904413698906,0.4480358726041093,0.48066629686501167,0.5993498673262758,0.5161758109422246,0.549092422336422,0.5404070797832693,0.49599466391537905,0.5473096680152733,0.5327697630542524,0.5333290697821356,0.573191539483145,0.61145369464869,0.5569337194556637,0.8097735492037108,0.45065043479851674,0.48681574678120304,0.5074164872443053,0.4940912165056328,0.6264058457870572,0.343676096092472,0.27657882895819874,0.5240674703149403,0.4042985006178484,0.6852998242107728,0.330190722199986,2.3865355577598693,0.7639766247806918,0.5746547587311835,0.4935643764695144,0.6791932473051558,0.7550771684684936,0.37582139797145636,0.6274103071408923,0.23260811778552498,0.2430180357070696,0.7098005898268924,0.18498179920718766,0.5798397254609244,0.599193472615857,0.3217133459548719,0.3374436626430698,0.01576563763991457,-0.009226875892899647,0.06416949980820298,-0.12942082087367315,0.04799880639420903,0.053941386039511284,-0.026955138227198326,-0.13770069039886154,0.045808808101052485
