0.8277403876902835,0.20170251334143893,0.22529412952470815,0.022304607522250663,0.0857280749978882,0.1391178219935793,0.1373064803913533,0.09663956209247787,0.10421640442524335,0.09881199103196327,0.08424664758638656,0.1055569858377793,0.0729210796959726,0.1228147264937467,0.10909315509905072,0.0913838787634565,0.08757151016129945,0.12193203327504623,0.09820577941912338,0.06895697193050082,0.07313777480156056,0.10653096525122434,0.04335693588735652,-0.04845231491734899,0.16614468569879365,0.10285034377989972,0.08453867671236565,0.10147786963797578,0.10054790672984751,0.08578976066023818,0.02126832112709656,0.12742171421050216,0.04740436927249593,-0.03988294894679145,0.13430269412227014,0.03336489264441551,0.09178279014873399,0.06650597730222302,0.17444948783534034,0.05108184190447676,0.1528643003821139,0.07434908427083137,0.10378711353837881,0.12492656927511372,0.2491719412784335,0.11720132883083627,0.11106863479851885,-0.08129136465268946,-0.10963229187962097,-0.027397954451995072,0.00472025170563598,0.01077043050824754,-0.03311124680426512,0.013317801673280349,0.13362147633754,-0.0577053902966059,0.1131167427006187,0.024969565822093004,-0.19907313884438296
0.20170251334143893,3.3022932947400907,0.25665220554459484,-0.41460815587839484,0.22260963249618346,0.29266556109879627,0.2680008460259613,0.1417605634656006,0.2352194562006633,0.055999749448683446,0.19499693333976045,0.2614906497604806,0.17421942943011895,0.18054270168893033,0.33597244829188666,0.12925738873815146,0.2402831480754151,0.4295686597471867,0.2231359224584797,-0.0682243307364808,0.203071422442085,0.41649109975042625,-0.14740424600176066,-0.1729793358775572,-0.1461538059750986,-0.2037700062827256,0.2794257545240428,0.2622415989191771,0.7036419631833141,-0.08677879454887427,0.07400599256234461,0.09652253573769712,0.2410218258544164,0.1554435852771811,0.13492380091861172,0.14644981979271243,0.4073269235557102,-0.028548079740980017,-0.14590970605738335,-0.03559800835200621,0.032748245379948276,0.07745209500649335,0.1635741675154863,-0.07795393232318792,-0.1505629678716712,0.17855124583744209,0.1749463529034092,-0.1674189556797736,0.31692658420092135,-0.23779474009282084,0.15912205890878103,0.08206536456889944,-0.1352973668832582,-0.02288954641630284,-0.7105929475243907,-0.10044118985242824,-0.24337776555856452,0.739899999692195,0.1206908765072262
0.22529412952470815,0.25665220554459484,1.6435736745262863,0.24563044751475005,-0.10041819783797755,0.3402304432501076,0.23174018220613551,0.23346761410156253,0.25018506856204886,0.4103342588145556,0.21542183971297038,0.2903809779769442,0.2217532928043034,0.250731018405284,0.29537214572695325,0.16801098789820043,0.2874439907259756,0.19787608429445086,0.15847099039325704,0.21252986521101552,0.18509988929552804,0.43886204990528754,0.2764078330938868,0.20720201004630623,0.40831878539159466,0.18555975176087036,0.1788703583977606,0.1958200946624633,0.7291617296074852,-0.289108451395275,-0.043444725014475334,0.0750041900380531,-0.035833429062995005,0.5920538226266785,0.35238070365668595,0.5103717225063158,0.1940016979841866,0.11736757746582782,0.506656213023022,-0.09128867241418248,0.6668674571755556,0.1640860002866237,0.09413479312583263,0.3159913978592565,0.39481512259207974,0.3488406103157891,0.021917629053721632,-0.2081794211523868,-0.04680135655092545,0.08103878718821055,-0.06709558575385006,0.18037791269273012,-0.06600725212459117,-0.08462255896598617,0.12571418679696492,0.006281003983601667,-0.379873841364413,-0.5749235607264591,0.6067383642166497
0.022304607522250663,-0.41460815587839484,0.24563044751475005,2.5280881990807664,0.28628814269492864,0.3230572200105242,0.21971525534531375,0.3014858305421014,-0.0056934692665953825,0.2631573892309271,0.21895851256515128,0.3127858504476943,0.2275765694835699,0.2412196730621591,0.2126769381300092,0.3231530785634957,0.22982627993278176,0.219541137431833,0.2699861154960358,0.25779447494535895,0.27388001628605113,0.2513480615147311,0.28603975307157264,0.30124632907157894,0.3868238721334671,0.34743608359472156,0.1399308432348222,0.10760736101623036,0.14182187308617725,0.40340015398453155,0.20100002194567068,0.38846448053504096,0.18830841445728533,0.4611650759734285,-0.11681920007468886,0.2477821010421763,0.3277010554727285,0.1589383797065269,0.4061267788516948,0.007047131278023808,0.31030964523068844,0.23806554554143203,0.21842203877162844,0.4671716857611889,0.30310891271453955,0.2922830695587445,0.3489641650685765,-0.04602468099282108,-0.11537221543757147,0.32345055252560717,-0.1525542156744474,0.406610076557577,-0.24397093054936725,-0.22445534296195851,0.034740062504486136,-0.08770328874076314,0.2564186156223283,-0.07998155563726607,-0.21748768374177094
0.0857280749978882,0.22260963249618346,-0.10041819783797755,0.28628814269492864,0.7929247333636826,0.35001168483518935,0.3101689561079283,0.37722604400364895,0.18163197864238712,0.1560107791829088,0.1967402161975969,0.19869181287518464,0.17995894674950513,0.23527107450596646,0.20190591419501472,0.2875387876889553,0.19980299889363465,0.21776695704853388,0.426920596891586,0.2106809979390812,0.12444510068398561,0.28013943871232866,0.14464644442585578,0.18885889217467408,0.05762869913645652,0.30481381420374226,0.13080007312927366,0.08001980041138555,0.12625640754488357,0.2448524621140484,0.2519501006745301,0.2655089378583561,0.17360214694261528,0.2531288025039598,0.05185886949136236,0.1813572718167882,0.33109222281036954,0.1306080650570254,0.34545358825280587,0.11500096711065379,0.09221018556489975,0.22153777198472158,0.19933552243365926,0.21846270747354546,0.028190442232331102,0.15294359256476128,0.24437119243652522,0.04921072345336429,0.36593789330999893,0.21941851884329003,-0.04106073814453931,-0.03937144167042887,0.030499617455530117,-0.13776466280050534,-0.14658050495500047,-0.1426791872875143,0.013538267576601717,0.19068923007175223,0.029407214827296586
0.1391178219935793,0.29266556109879627,0.3402304432501076,0.3230572200105242,0.35001168483518935,0.7005328174214833,0.27334503637086666,0.3703848686814093,0.2202456007104152,0.20451952714873797,0.25058046317084476,0.3085132116215237,0.18709315468299467,0.32416134987280565,0.2837967904285613,0.30215450230529506,0.29320144186268565,0.2941282343462181,0.4275103938788,0.2789341840771577,0.144574018551939,0.4046620592766732,0.13573174194417123,0.20476461951448516,0.28917458431045306,0.42130586991801794,0.22087162288048148,0.2288524182066607,0.3865992594364969,0.15009130094486534,0.25721232797245164,0.34778702154609475,0.0470111614773116,0.44112129990372717,0.30060197156952734,0.1307826829403886,0.3737158740565813,0.16470096900482434,0.46152777068265843,0.08141185856485765,0.25359843674253985,0.24629043900815095,0.31922289708210544,0.29584149419243283,0.3545853873740138,0.20420872156272563,0.2654777215556437,-0.11676022901691134,0.38905077257758813,0.020346173900309204,-0.1972592762121093,0.09698096042090351,-0.19099647538320647,-0.012798906273314023,-0.09122945874030948,-0.06374521916235913,0.11245217551470175,0.15529022730601888,-0.17822689353159857
0.1373064803913533,0.2680008460259613,0.23174018220613551,0.21971525534531375,0.3101689561079283,0.27334503637086666,0.7264440929526211,0.30049984647573136,0.30765798215395435,0.16654326191413357,0.26810410344528807,0.3289784398569561,0.16755649376842188,0.2576207418678463,0.20298500386961565,0.25641538484015736,0.277780989230491,0.2511369841290576,0.2481360207897301,0.18640306388362649,0.1720295387812755,0.3031777684523607,0.16955212717154935,0.18340266374117517,0.24658401645455574,0.2419661223760598,0.22228646020931134,0.1367001776627802,0.275326084497057,0.24379908622724714,0.23234462941213577,0.27038988858266116,0.12063356160005856,0.36260763047135786,0.15752871342856722,0.29446064325128385,0.29517560350507027,0.11132428033251322,0.2553107837552131,0.03680768725801798,0.22876832734008495,0.2248229412152182,0.22501391859491146,0.14517410312664963,0.25071994772892237,0.22728328904119832,0.24400144337067167,-0.07618410333392128,0.10210245382733503,-0.027605412910514774,-0.08418329116911373,0.10749785266168735,-0.03656097108365088,-0.08929681363187665,-0.10299504118961612,0.025221279588872738,0.06287900084941428,0.19461155767593297,-0.2961572486497345
0.09663956209247787,0.1417605634656006,0.23346761410156253,0.3014858305421014,0.37722604400364895,0.3703848686814093,0.30049984647573136,0.788594082068387,0.17772646730719996,0.26471656317574643,0.2540769020007105,0.17148606792721358,0.17684593569968027,0.31697783198873397,0.2071455050385514,0.25687553386991885,0.2461430112012001,0.3114069722248712,0.33115329726202775,0.32372160182587045,0.23926270255210272,0.347071865088092,0.19153673020324152,0.2024485484196294,0.22475502823564367,0.4614519502338827,0.1923975781445511,0.06903684065313642,0.22170986591911146,0.31836168643980944,0.24966429109489166,0.3000939044240234,0.03998541428353568,0.46123188109229885,0.20255816162531343,0.22463961667075413,0.38790962308818905,0.1830722991473648,0.5159987045163033,0.10151803727721591,0.3390042116741978,0.2517166391679531,0.30850562030961903,0.229958635580209,0.43857232497514526,0.21791530674343415,0.34794624208326014,-0.034949805206985866,0.23518359154690063,0.14182108677421923,-0.05710633283098268,-0.011094670641991763,0.04066194717239893,-0.13957616802364411,-0.11795257547927353,-0.10169105942573728,0.06538814490114746,0.2140894964262843,-0.12595732651044228
0.10421640442524335,0.2352194562006633,0.25018506856204886,-0.0056934692665953825,0.18163197864238712,0.2202456007104152,0.30765798215395435,0.17772646730719996,0.7843968184238259,0.07640888772928331,0.20881040535089998,0.17483733216463337,0.14365876793233034,0.2753412917684778,0.11192512140386195,0.16432474653389964,0.17662979754768846,0.17013106434486597,0.12824175094725881,0.15568167102828387,0.16879516102215011,0.22165067806106387,0.12047433856173222,0.17087322191144255,0.21658451481571805,0.1212506187510401,0.1570187093240429,0.10202029448252577,0.2587812124222142,0.1900445604908849,0.1977203096860392,0.18190703449296133,0.09470503458673772,0.304168013460555,0.18079962200629549,0.21353318731777743,0.19558404051944023,0.09029171731743257,0.13729492027701135,0.040841481540059385,0.14573963953711397,0.15060833531724496,0.1842572892615874,0.12867423236531464,0.2562477756208839,0.1888745905983454,0.19360445379938965,-0.09550086847290042,-0.12682153540023045,-0.15574097481166888,-0.014570120010104139,-0.10523538281084453,0.16320689335007516,-0.01913320248349998,-0.005176859410670068,0.07730108530180642,0.06157495530894619,0.003955898515618226,-0.1958847394541177
0.09881199103196327,0.055999749448683446,0.4103342588145556,0.2631573892309271,0.1560107791829088,0.20451952714873797,0.16654326191413357,0.26471656317574643,0.07640888772928331,0.7319230511739031,0.126051612364014,0.21246257639075375,0.17867069638705257,0.22705506157803138,0.23219757863584906,0.18857401481736039,0.18435550042851767,0.25335164770985336,0.15447253427825927,0.23951720294748716,0.1839540917087831,0.2691768320436684,0.17564481931222722,0.1829594613807681,0.2843772881031941,0.136158232522672,0.2021439992586722,0.13023405143696648,0.3181911018868894,0.20033884911519487,0.15657564204200608,0.19402588632946077,0.039403632626589045,0.3820051891736309,0.21261197143042107,0.3247838006039468,0.22837970607719627,0.13378295606157192,0.37796274602669744,0.09945064003038097,0.4227828880495939,0.162389175842824,0.14047218039312903,0.20698323219109815,0.4494623691902013,0.2216418539756603,0.2731633510914767,-0.1299584273699994,-0.10499963343596654,-0.016842442965240255,0.02689435502272418,-0.05159360288250872,0.026329075930313292,0.031862121583689916,0.20131401556784054,-0.0052800402333808335,0.035936153128170195,-0.30246372986109654,0.04062179135163825
0.08424664758638656,0.19499693333976045,0.21542183971297038,0.21895851256515128,0.1967402161975969,0.25058046317084476,0.26810410344528807,0.2540769020007105,0.20881040535089998,0.126051612364014,0.5092435148422808,0.2936484867168016,0.2296685143138363,0.18755904686247404,0.2158051292725557,0.23941449756910285,0.2317872982153517,0.1964140886088652,0.1607007622541669,0.22121107506973378,0.12566559346070205,0.26751941423778186,0.15613019746981707,0.18819457140919077,0.18567076557938525,0.25701083255131135,0.24393805477108754,0.08528858975687323,0.24002432109640376,0.1385300161370994,0.1889012735732481,0.24589070095172635,0.06084832016852275,0.2898033113810379,0.21466057286382806,0.2531724775176944,0.2040255416662582,0.11946515188124074,0.2981905598982084,0.10080240805983902,0.20026063015750808,0.1932661996365611,0.19881999235063735,0.10604302147998398,0.21726120747058367,0.17976396312238016,0.18737341084280454,-0.06542825800176133,0.14269142837700233,-0.05148247819183789,-0.0670202227265124,-0.08367708520895041,0.13325823033872697,-0.007551349636906424,-0.1200776548092892,0.004456579601350781,0.025398334886375728,0.16322549131669192,-0.21577084035733574
0.1055569858377793,0.2614906497604806,0.2903809779769442,0.3127858504476943,0.19869181287518464,0.3085132116215237,0.3289784398569561,0.17148606792721358,0.17483733216463337,0.21246257639075375,0.2936484867168016,0.5552264420244238,0.18795090375335893,0.26897860175551047,0.296977749255435,0.276141862668918,0.27043910836094137,0.19708153969280615,0.21124488235815503,0.20850203175573562,0.12012222282023985,0.2711590971684438,0.1617044675765218,0.17382177616199682,0.3105081358888846,0.255969311403801,0.28357065383498475,0.11884875111788873,0.3359554035639653,0.15083071088365224,0.14169296081284805,0.28815701187809156,0.0345746651057941,0.3336918934021396,0.20394660185127594,0.31979344175633156,0.2211033589467403,0.1153619426568595,0.28204436282031287,0.07139874605422246,0.28345028770969327,0.20187045842418141,0.18533877321419204,0.07475526419558245,0.3130139205379117,0.19554035633003838,0.19298402318418695,-0.10340354194342456,0.14489719282492858,-0.1829124288825505,-0.08397975357708637,0.11569420963979575,-0.038917283979861515,0.025702109836830064,-0.09510110248563554,0.04516010879402217,0.0329915570331725,0.10480558898480072,-0.2763812321365328
0.0729210796959726,0.17421942943011895,0.2217532928043034,0.2275765694835699,0.17995894674950513,0.18709315468299467,0.16755649376842188,0.17684593569968027,0.14365876793233034,0.17867069638705257,0.2296685143138363,0.18795090375335893,0.4547093493807742,0.15610872808465595,0.06730764182947165,0.23822188920221216,0.1656507240861603,0.17141271749875323,0.1430907877247432,0.15305398980456594,0.14452556951860254,0.3009867370926984,0.14469543195362863,0.12234632767558873,0.14735053813117216,0.19203967207481784,0.20117748617450515,0.08990930835276215,0.2605849271719133,0.09817233062999733,0.10402555431857446,0.24045317343466038,0.06154715636304017,0.274768270922272,0.19275681473427733,0.22486147118845304,0.13722287399530753,0.08274105017511094,0.32909422598455207,0.08140779599118304,0.24957262840738734,0.15403723803190994,0.18477667772598713,0.1833255810720195,0.08530685137961727,0.18980798393658738,0.1602189336351517,-0.06391372584872818,0.21877845053573375,0.16002294636172243,-0.026811550869019707,-0.07059021728588935,0.06250730788748021,-0.09755194153797608,-0.073328533500514,-0.04773202693911175,-0.0034384751373813384,0.10352412303233761,-0.0517463456122267
0.1228147264937467,0.18054270168893033,0.250731018405284,0.2412196730621591,0.23527107450596646,0.32416134987280565,0.2576207418678463,0.31697783198873397,0.2753412917684778,0.22705506157803138,0.18755904686247404,0.26897860175551047,0.15610872808465595,0.7042393322035206,0.2884425133795017,0.3920856985325109,0.26163164711287745,0.2734696614814519,0.25586158780740925,0.19235948847962708,0.08083116482500861,0.31641381520618633,0.19082225899776215,0.20744146256789744,0.34535008575355564,0.25254874858909965,0.1383508443956303,0.2529710005765195,0.3729903605921283,0.2488373604755353,0.21964969640399634,0.22845240130012517,0.1303588814332116,0.30717425106201784,0.28439825495629556,0.1535942949658931,0.3052202257251298,0.10694319577317829,0.3048569850483773,0.10401752750472441,0.4212153546831531,0.21643571533602698,0.2771909892923563,0.3618801971558551,0.3139350267984063,0.20752483443334854,0.2978449421815078,-0.16217657043880176,0.12117657999731636,-0.1263693172976028,0.012468596385300922,0.010750382809507028,-0.104459615079022,0.12862449919571936,-0.01906006755233249,0.013046729915632877,0.02120876616957851,0.09491811662746431,-0.14054701085864346
0.10909315509905072,0.33597244829188666,0.29537214572695325,0.2126769381300092,0.20190591419501472,0.2837967904285613,0.20298500386961565,0.2071455050385514,0.11192512140386195,0.23219757863584906,0.2158051292725557,0.296977749255435,0.06730764182947165,0.2884425133795017,0.7858985068502526,0.20894072691062546,0.28434798345936796,0.30520303722117353,0.2747182932703842,0.15863988497094533,0.07543448182779547,0.2919918626284605,0.17686385319456122,0.2347369743525773,0.34440836080287485,0.2004875098326171,0.18104588273019878,0.3004465143908189,0.3517452637901912,0.2313165191218937,0.23783143648465543,0.1896292687643681,0.1772286455339996,0.32008439111678977,0.23520364582870087,0.250225732093819,0.25078919510447484,0.07226726645666652,0.2976982710980344,0.027643244810114254,0.3279484695143177,0.1920944201368988,0.19310451094638417,0.23881099259062064,0.14911118718811597,0.23768204578735191,0.28150365756524376,-0.130835117285099,0.10793307772822255,-0.07385522891411346,-0.0813794557718767,0.3282180092089638,-0.2319914153864713,0.003288127562424756,-0.016459659768805604,0.06556668311127001,0.03665297408420134,-0.011917856047640597,-0.11272094782124904
0.0913838787634565,0.12925738873815146,0.16801098789820043,0.3231530785634957,0.2875387876889553,0.30215450230529506,0.25641538484015736,0.25687553386991885,0.16432474653389964,0.18857401481736039,0.23941449756910285,0.276141862668918,0.23822188920221216,0.3920856985325109,0.20894072691062546,0.8292678115562324,0.22712681140401655,0.26289608933734154,0.31473293649524664,0.1498671133615193,0.051680699695109404,0.37102876631326187,0.14880429269163353,0.1847983579811691,0.2730650712618165,0.3016496949168225,0.22687051311275006,0.23733535859588814,0.2869598621447947,0.16654781414119998,0.16528418625849722,0.3046922723633806,0.04971251901050502,0.34327211121972057,0.4456651498702729,0.10854206682315538,0.1842235568947833,0.07351420689657215,0.4312036755887094,0.13573952787597887,0.4308435665399882,0.27247023191394637,0.31993118452982294,0.4065899881976285,0.1051681983415641,0.19347620268418445,0.23917865768687324,-0.10306991311137204,0.34929410758581536,-0.10004495446148533,-0.05227897663657808,0.20138379365762774,-0.02030236748372269,0.01028560074778306,-0.02125510241389475,0.014743724021622622,-0.06259121101434582,0.17047871875677642,-0.09238481090014078
0.08757151016129945,0.2402831480754151,0.2874439907259756,0.22982627993278176,0.19980299889363465,0.29320144186268565,0.277780989230491,0.2461430112012001,0.17662979754768846,0.18435550042851767,0.2317872982153517,0.27043910836094137,0.1656507240861603,0.26163164711287745,0.28434798345936796,0.22712681140401655,0.6335769815741613,0.23548750620793762,0.2758828720497406,0.2433037129624126,0.1442045344279071,0.34725800316054967,0.13875423301217718,0.18849065914056318,0.27871219262431757,0.23380007219378673,0.21217164068555305,0.3990126985606234,0.32147284931904546,0.2501766544445699,0.22133593047413475,0.23757489710915403,0.28611869765820247,0.32282269901378474,0.29029151859352037,0.33101187417303135,0.39653517245893927,0.14165711396520086,0.22930881657257549,0.06727132417620278,0.2945512780078619,0.3022822857355196,0.269832394909885,0.2307011903368054,0.2881632270550526,0.26139399014386067,0.2886374667084195,-0.10657012961875473,0.03838906073740247,0.09563517318731922,-0.02022748748960977,0.15485212375109234,-0.27627199173198463,-0.061557270589909265,-0.22415056347197576,-0.006756491922701565,-0.01438759124127424,0.23453246801837402,-0.2783729468797433
0.12193203327504623,0.4295686597471867,0.19787608429445086,0.219541137431833,0.21776695704853388,0.2941282343462181,0.2511369841290576,0.3114069722248712,0.17013106434486597,0.25335164770985336,0.1964140886088652,0.19708153969280615,0.17141271749875323,0.2734696614814519,0.30520303722117353,0.26289608933734154,0.23548750620793762,0.6927745510571278,0.24381267155192443,0.07125117424318597,0.13918676966752222,0.40513250034052267,0.32497772609388154,0.20244682257494048,0.2917622671913568,0.3347393020741367,0.12081266825142689,0.2720636379509896,0.3493478965255924,0.12295596014958617,0.32560822520942534,0.23086126552881964,0.235883858958373,0.34405644981460626,0.1819042474493373,0.2051267615011422,0.3301809569597551,0.048122207331176434,0.33886274337791705,0.09539848985580573,0.36260043254982227,0.1849630910059297,0.3164398654170417,0.3760225228123995,0.18407695147838937,0.2623535555854462,0.41036695403824136,-0.1618065894790963,0.1165136341569237,0.05364355065417415,0.047320933464092614,0.012375366130943264,-0.2300236219998327,-0.05919413162037456,-0.07810533277001022,0.07137913878382426,0.0604031449538374,0.25656581154614794,-0.31210367778314185
0.09820577941912338,0.2231359224584797,0.15847099039325704,0.2699861154960358,0.426920596891586,0.4275103938788,0.2481360207897301,0.33115329726202775,0.12824175094725881,0.15447253427825927,0.1607007622541669,0.21124488235815503,0.1430907877247432,0.25586158780740925,0.2747182932703842,0.31473293649524664,0.2758828720497406,0.24381267155192443,0.7654462900908612,0.14970337968225078,0.15574549658114442,0.33102280227906844,0.04763604271061832,0.17461787085900643,0.14793178142952013,0.32314412800863734,0.12317728213579608,0.29402460710572537,0.10684844320981994,0.27170237401382147,0.3037117230213329,0.2949428245303754,0.2030453463537816,0.28143708958508795,0.16882968678256086,0.08255613989739505,0.36338095271041654,0.11133753196618776,0.39958877024947137,0.028175490061779208,0.19595539792046157,0.23271750143607303,0.24021773566504975,0.2959549070202339,0.2117423047070305,0.18895954919058708,0.2588954189923363,0.0007111148442505052,0.25314086119725954,0.17150686911771207,0.052700114676067146,0.4820280861425364,-0.4139050775149695,-0.1664651665320347,-0.05699845442756076,-0.08202007509630235,0.08558415651819189,0.11647353687032538,-0.07364025626069765
0.06895697193050082,-0.0682243307364808,0.21252986521101552,0.25779447494535895,0.2106809979390812,0.2789341840771577,0.18640306388362649,0.32372160182587045,0.15568167102828387,0.23951720294748716,0.22121107506973378,0.20850203175573562,0.15305398980456594,0.19235948847962708,0.15863988497094533,0.1498671133615193,0.2433037129624126,0.07125117424318597,0.14970337968225078,1.039402457734852,0.1183013023256263,0.0789315712285028,0.05250085264074949,0.24527108928311653,0.26865640377434746,0.4249492566788158,0.27341091583486876,0.03987379126893693,0.204849514025602,0.3399147579461435,0.19511935507643813,0.2973699593696426,-0.0824070750987761,0.3696784710423266,0.17247943643732958,0.33422194286321083,0.6320173970523371,0.5073009995310543,0.7314847765715813,0.289275335971352,0.16173358740736296,0.32515167359508035,0.27909582657354437,-0.17572092518375457,1.0491907008216488,0.15244046021548732,0.2075417449255883,0.08340055098786356,0.19015352709400082,0.07640163851463228,-0.1444223748180489,0.0404760831715367,0.07933758201230892,-0.07785004105217234,0.05649542952474175,-0.12753690173208165,0.21217812085514487,-0.09278830998085873,-0.13052820016891242
0.07313777480156056,0.203071422442085,0.18509988929552804,0.27388001628605113,0.12444510068398561,0.144574018551939,0.1720295387812755,0.23926270255210272,0.16879516102215011,0.1839540917087831,0.12566559346070205,0.12012222282023985,0.14452556951860254,0.08083116482500861,0.07543448182779547,0.051680699695109404,0.1442045344279071,0.13918676966752222,0.15574549658114442,0.1183013023256263,1.4028379834973446,0.10753170411711992,0.08454251135416684,0.1295467431713411,0.030635578970470766,-0.35783340285619913,0.03636284272032483,0.14110512477517262,0.2105410982277809,0.567702526243518,0.27118653277523835,0.20765141422081262,0.29735989000494933,0.10699000441726629,-0.004024474882501348,0.2895794453561268,0.2794307668324167,0.1140050247408894,-0.2571458888361706,0.16727840495222035,-0.02337063920786462,0.15498510458952997,0.10494561221780845,0.21989157986785388,0.6906197055702241,0.1637625836329677,0.4019640466439939,-0.08028289098055655,-1.038281861654714,-0.09583832138442684,0.049378676072312326,0.017415157940263024,0.13302745891927337,-0.04444441897197221,0.044927478667271835,-0.041195528710644004,-0.04537579386389774,0.04153136439133269,-0.019630525712170124
0.10653096525122434,0.41649109975042625,0.43886204990528754,0.2513480615147311,0.28013943871232866,0.4046620592766732,0.3031777684523607,0.347071865088092,0.22165067806106387,0.2691768320436684,0.26751941423778186,0.2711590971684438,0.3009867370926984,0.31641381520618633,0.2919918626284605,0.37102876631326187,0.34725800316054967,0.40513250034052267,0.33102280227906844,0.0789315712285028,0.10753170411711992,2.2460183897408568,0.2821802356503422,0.30707337175778665,-0.03691878581343832,0.2193867031562582,0.30857271543174514,0.3174391330198347,1.1930028590886872,0.05385802506956721,0.5284868255689478,0.5350888725389237,0.3879815592473312,0.6072896106312142,0.2006719418541864,0.5915759111830259,0.09331456654401979,0.08356402904074856,0.6770292511131202,0.053758500866133395,0.6180322382109361,0.27613541084409454,0.5571626845440681,0.554723488512744,-0.49642418351662404,0.7453076498277545,0.3132992542651429,-0.847545622961526,0.8843474984234884,0.31927316818679796,-0.1905694481837037,0.01580724234593993,-0.13636419064165897,-0.11516483103413556,-0.15279399196357435,0.010592010760390624,-0.12008515134276297,0.27629591182440777,-0.08895248340048127
0.04335693588735652,-0.14740424600176066,0.2764078330938868,0.28603975307157264,0.14464644442585578,0.13573174194417123,0.16955212717154935,0.19153673020324152,0.12047433856173222,0.17564481931222722,0.15613019746981707,0.1617044675765218,0.14469543195362863,0.19082225899776215,0.17686385319456122,0.14880429269163353,0.13875423301217718,0.32497772609388154,0.04763604271061832,0.05250085264074949,0.08454251135416684,0.2821802356503422,1.2379085160972454,0.25334978493950167,0.7962257972136901,-0.056072229130323455,0.09825709320989484,-0.06117315159495274,0.7583019915704636,0.18627757347191415,-0.23505805577040537,-0.07141124725224146,0.10947065767275742,0.48129026231292554,-0.11530386032463448,0.6650390068929248,0.0467386470527241,0.022785257920557866,0.7394149841578236,0.1847734900047231,0.7113462851242471,0.07430639206575808,0.06856908191321184,0.6626209652315955,-0.10226026841370699,0.30274804373554215,0.282300648469899,-0.07948624139814284,0.06206050236960033,-0.03384481259653335,-0.05365430539750571,-0.021558613738240504,0.09924120503782063,-0.013277236799531352,-0.11632054859995478,0.0641041512409871,-0.3640212963479915,0.1140505041131274,0.12819818612184974
-0.04845231491734899,-0.1729793358775572,0.20720201004630623,0.30124632907157894,0.18885889217467408,0.20476461951448516,0.18340266374117517,0.2024485484196294,0.17087322191144255,0.1829594613807681,0.18819457140919077,0.17382177616199682,0.12234632767558873,0.20744146256789744,0.2347369743525773,0.1847983579811691,0.18849065914056318,0.20244682257494048,0.17461787085900643,0.24527108928311653,0.1295467431713411,0.30707337175778665,0.25334978493950167,0.9612793855088513,0.2148727471189747,0.039420525548018115,0.16409187970575995,0.15864656915821787,0.18147225475486867,0.3931271565078702,0.5593145932119306,0.27197024470272735,0.3412226423751466,0.1453212491352836,0.043444229314803004,0.44101250043465967,0.3566615384114493,0.1309033177223529,0.15440113040299058,0.06295495329095263,0.0740881674823287,0.213621575871313,0.0936624979408445,0.1811431592897701,0.013360542204556495,0.2809285331790398,0.3146127913185725,-0.08549993782379917,0.22767330853005344,-0.044071181594265874,-0.09472440464876279,0.051470497536925376,0.09980258100759541,-0.045464284498224296,0.2698931301734351,0.0725655709662646,0.3480635969781446,-0.693320457181713,0.06535545269939048
0.16614468569879365,-0.1461538059750986,0.40831878539159466,0.3868238721334671,0.05762869913645652,0.28917458431045306,0.24658401645455574,0.22475502823564367,0.21658451481571805,0.2843772881031941,0.18567076557938525,0.3105081358888846,0.14735053813117216,0.34535008575355564,0.34440836080287485,0.2730650712618165,0.27871219262431757,0.2917622671913568,0.14793178142952013,0.26865640377434746,0.030635578970470766,-0.03691878581343832,0.7962257972136901,0.2148727471189747,3.0093555887729964,0.1810611863750393,0.24223522251070684,0.12744492544934488,1.3298257276815,0.7602817413703231,-0.9284012101358989,0.09673321682720319,-0.33452499659472723,0.9810162806880011,0.5998268645992084,0.2802256162363287,0.29727561346593717,0.22431675144415877,1.3147015367905355,0.05372899624431689,1.4718178346773476,0.17468300321014002,0.17267388006898596,0.8065110901260237,0.9836984325870288,0.5866093569221558,0.5389797808042825,-0.44032864041133757,-0.9122449084926404,-0.23972776799093817,-0.17356845667665544,0.14358707054444905,0.04699270312635441,0.10157793914090012,-0.04243010223023781,0.16565964844693226,-0.010803437469186175,-0.06437715562442999,-0.23312087590916628
0.10285034377989972,-0.2037700062827256,0.18555975176087036,0.34743608359472156,0.30481381420374226,0.42130586991801794,0.2419661223760598,0.4614519502338827,0.1212506187510401,0.136158232522672,0.25701083255131135,0.255969311403801,0.19203967207481784,0.25254874858909965,0.2004875098326171,0.3016496949168225,0.23380007219378673,0.3347393020741367,0.32314412800863734,0.4249492566788158,-0.35783340285619913,0.2193867031562582,-0.056072229130323455,0.039420525548018115,0.1810611863750393,2.5937246894757444,0.2856662629245576,0.31748389718157494,-0.7511311523988488,-0.14547726624989962,0.23354229170491322,0.657818887606259,-0.22856655435219397,0.6120827290296377,0.6527188362901063,-0.1862557225156347,0.22863745126496435,0.2246918958146147,0.8176952746352675,0.15915898553257876,0.7693559340774189,0.3897226423101772,0.48316313811161404,0.0924008357208792,0.9559016475531072,-0.06997422145663551,0.05275828174647814,0.1578220268124218,1.2861650559814704,0.5254905315857727,-0.17650647494189042,0.0002309260783891617,-0.5334085077348563,-0.14904905574454916,0.014703938310953325,-0.17291422622977756,0.24531300352821536,0.1224092989449825,-0.17912741286439288
0.08453867671236565,0.2794257545240428,0.1788703583977606,0.1399308432348222,0.13080007312927366,0.22087162288048148,0.22228646020931134,0.1923975781445511,0.1570187093240429,0.2021439992586722,0.24393805477108754,0.28357065383498475,0.20117748617450515,0.1383508443956303,0.18104588273019878,0.22687051311275006,0.21217164068555305,0.12081266825142689,0.12317728213579608,0.27341091583486876,0.03636284272032483,0.30857271543174514,0.09825709320989484,0.16409187970575995,0.24223522251070684,0.2856662629245576,0.6602587773505285,0.13773071178276564,0.27873768177734803,0.08257736986283166,0.11737371171239375,0.33345072041931884,0.001357454309951675,0.3172809968336908,0.28560817625245005,0.400378123285044,0.1628418706854694,0.14848180484503076,0.3420298907795805,0.13976447335478548,0.3434585605060378,0.20234616834481733,0.2468004657635096,-0.13790854701645577,0.40821490584637543,0.18282122444707344,0.11387369611394985,-0.09287533693787124,0.4292314713983043,-0.08811424392175413,-0.10358315485190213,0.027144475684831543,0.0372034056541286,0.03335284666825796,-0.03377592935660067,0.007897651771730005,0.22343932492639929,0.048321119470943315,-0.2957260977843415
0.10147786963797578,0.2622415989191771,0.1958200946624633,0.10760736101623036,0.08001980041138555,0.2288524182066607,0.1367001776627802,0.06903684065313642,0.10202029448252577,0.13023405143696648,0.08528858975687323,0.11884875111788873,0.08990930835276215,0.2529710005765195,0.3004465143908189,0.23733535859588814,0.3990126985606234,0.2720636379509896,0.29402460710572537,0.03987379126893693,0.14110512477517262,0.3174391330198347,-0.06117315159495274,0.15864656915821787,0.12744492544934488,0.31748389718157494,0.13773071178276564,1.0854859429546986,0.030650863484165423,0.10139150407993225,0.39963827139560426,0.2107012845420265,0.647058215310016,0.11053093825445522,0.7207676030115905,0.028399170745257454,0.16372610261511378,0.0443834970478404,0.03844953315571572,0.14629284114257646,0.2693648000739735,0.20541507615454552,0.3322136747293463,0.6238697561125625,0.02299037139765065,0.1810558518431262,0.20839761770275128,-0.10382518539836566,0.15975044091134058,0.08823880389835284,0.04048217856009304,0.5075316442302757,-0.7297315795811522,0.017037508761586256,0.1775582245300811,0.007161193824173035,0.0925464747907155,-0.06777364828889508,0.008463029932270157
0.10054790672984751,0.7036419631833141,0.7291617296074852,0.14182187308617725,0.12625640754488357,0.3865992594364969,0.275326084497057,0.22170986591911146,0.2587812124222142,0.3181911018868894,0.24002432109640376,0.3359554035639653,0.2605849271719133,0.3729903605921283,0.3517452637901912,0.2869598621447947,0.32147284931904546,0.3493478965255924,0.10684844320981994,0.204849514025602,0.2105410982277809,1.1930028590886872,0.7583019915704636,0.18147225475486867,1.3298257276815,-0.7511311523988488,0.27873768177734803,0.030650863484165423,4.4218323924051885,-0.34514350603067634,-0.8107862252504107,-0.20939287443299037,-0.03732622368170899,0.9696270831148796,0.05068442435248406,1.3500640353290299,-0.7075765373798062,-0.027061849011364533,0.9015420865118916,0.11285212284487585,1.4525662410987343,0.004618146284763315,-0.08013558701183006,-0.011131757883296898,-0.4064573557437364,0.7439103601545762,0.14562564481506993,-0.7398477034959616,1.2115549986989458,0.07963760656748561,-0.36182755577560594,-0.04325477192183129,0.07690614780578621,0.1199133865563935,-0.5676589294902704,0.15460094539743033,-0.9269065235383411,0.797544263212654,0.08631977784684226
0.08578976066023818,-0.08677879454887427,-0.289108451395275,0.40340015398453155,0.2448524621140484,0.15009130094486534,0.24379908622724714,0.31836168643980944,0.1900445604908849,0.20033884911519487,0.1385300161370994,0.15083071088365224,0.09817233062999733,0.2488373604755353,0.2313165191218937,0.16654781414119998,0.2501766544445699,0.12295596014958617,0.27170237401382147,0.3399147579461435,0.567702526243518,0.05385802506956721,0.18627757347191415,0.3931271565078702,0.7602817413703231,-0.14547726624989962,0.08257736986283166,0.10139150407993225,-0.34514350603067634,3.7573691496723725,0.6602209517071242,0.5506302633892202,0.3748586198975557,0.30368779445695526,-0.1375608023836888,0.2196193852181671,1.382786851280368,0.27743579205338414,-0.11764922454060397,-0.38156243367283454,0.342200733977636,0.3842901573706041,0.4612364116635026,0.3336072338201138,1.0967303636452221,0.5702147435352378,1.7348539145139177,-0.36137286657000733,-2.073630275818661,-0.050604671645364994,-0.1622326307488098,0.24335525464671903,0.04803251834351986,-0.06310741484806727,0.15367010673136527,-0.3383471740658217,0.6301912338477449,0.19353683122903936,-0.6001422815499032
0.02126832112709656,0.07400599256234461,-0.043444725014475334,0.20100002194567068,0.2519501006745301,0.25721232797245164,0.23234462941213577,0.24966429109489166,0.1977203096860392,0.15657564204200608,0.1889012735732481,0.14169296081284805,0.10402555431857446,0.21964969640399634,0.23783143648465543,0.16528418625849722,0.22133593047413475,0.32560822520942534,0.3037117230213329,0.19511935507643813,0.27118653277523835,0.5284868255689478,-0.23505805577040537,0.5593145932119306,-0.9284012101358989,0.23354229170491322,0.11737371171239375,0.39963827139560426,-0.8107862252504107,0.6602209517071242,2.2347757091421334,0.520001701085029,0.7237954077507311,-0.14894299314547246,0.01796619371571604,0.21915963588945778,0.996959080024495,0.11947741799459385,-0.4626545497051478,-0.03084353750810569,-0.7353414550264095,0.34677045243383736,0.36146349522586496,0.19578233447615778,0.0537213152524023,0.29951542181402874,0.5206800013816935,-0.09649558943123486,-0.34921533839401964,0.1663023508274094,-0.03088400707083058,0.10170508952513928,-0.15628287413178035,-0.14275636052198407,0.45929815257714135,0.11376231852805792,0.7427628501197526,-0.6827114136638517,-0.3056850396036433
0.12742171421050216,0.09652253573769712,0.0750041900380531,0.38846448053504096,0.2655089378583561,0.34778702154609475,0.27038988858266116,0.3000939044240234,0.18190703449296133,0.19402588632946077,0.24589070095172635,0.28815701187809156,0.24045317343466038,0.22845240130012517,0.1896292687643681,0.3046922723633806,0.23757489710915403,0.23086126552881964,0.2949428245303754,0.2973699593696426,0.20765141422081262,0.5350888725389237,-0.07141124725224146,0.27197024470272735,0.09673321682720319,0.657818887606259,0.33345072041931884,0.2107012845420265,-0.20939287443299037,0.5506302633892202,0.520001701085029,1.2140712887443421,0.16963172576542188,0.24013666934143463,0.2359132885910629,0.19431876585183838,0.3003154658704488,0.17593322184226295,0.2208197415232502,0.048813830814380496,0.08987292081429116,0.3548831819632228,0.280472914219194,0.02445285321945269,0.6116438630076956,0.3903454311944297,0.4212550984150756,-0.2530873245523424,-0.13854129011987892,0.05276121796124074,-0.06993215548607866,0.058385839466633095,-0.07349364610419863,-0.09971349762980658,0.07783416160744266,-0.20737243125752067,1.2223259910050392,-0.45609686716014713,-0.5715808122406498
0.04740436927249593,0.2410218258544164,-0.035833429062995005,0.18830841445728533,0.17360214694261528,0.0470111614773116,0.12063356160005856,0.03998541428353568,0.09470503458673772,0.039403632626589045,0.06084832016852275,0.0345746651057941,0.06154715636304017,0.1303588814332116,0.1772286455339996,0.04971251901050502,0.28611869765820247,0.235883858958373,0.2030453463537816,-0.0824070750987761,0.29735989000494933,0.3879815592473312,0.10947065767275742,0.3412226423751466,-0.33452499659472723,-0.22856655435219397,0.001357454309951675,0.647058215310016,-0.03732622368170899,0.3748586198975557,0.7237954077507311,0.16963172576542188,2.4614597357873067,-0.4209798686049887,-0.824562778784997,0.28404800570668354,0.3527736777510924,-0.004481395595614939,-0.80856597309008,0.023126494607109558,-1.056798529358326,0.26922627253021186,0.2537071395991706,0.519483889103687,-0.8916216517648342,0.36476906718824864,0.3835510741918788,0.024459516611707977,-0.46063951680874576,-0.018510980932893068,0.11077568069854252,0.016601660292314514,0.06224103163615585,-0.18975083851755797,0.13868317979492792,-0.07071905052966004,0.10501416540812307,0.04988769091700353,-0.07114155990207675
-0.03988294894679145,0.1554435852771811,0.5920538226266785,0.4611650759734285,0.2531288025039598,0.44112129990372717,0.36260763047135786,0.46123188109229885,0.304168013460555,0.3820051891736309,0.2898033113810379,0.3336918934021396,0.274768270922272,0.30717425106201784,0.32008439111678977,0.34327211121972057,0.32282269901378474,0.34405644981460626,0.28143708958508795,0.3696784710423266,0.10699000441726629,0.6072896106312142,0.48129026231292554,0.1453212491352836,0.9810162806880011,0.6120827290296377,0.3172809968336908,0.11053093825445522,0.9696270831148796,0.30368779445695526,-0.14894299314547246,0.24013666934143463,-0.4209798686049887,1.968832831492269,0.6428181734373933,0.3239036898368753,0.24955795306496106,0.1442588936129969,0.904078377624821,-0.10570164818907278,1.2343991689230063,0.25675069027326974,0.5132078621078796,0.582250978999391,0.711848225703808,0.35078149863692476,0.3643042103984425,-0.2406366705591076,0.35941483049728035,0.019914926491848395,-0.13165561368549214,0.05939837142810754,-0.005465678836174466,-0.0833122048587046,-0.31752814357920656,0.018182561189491922,-0.42801958685234304,0.43963333627835616,0.06881868307086322
