1.1934585803578475,0.11542089254164445,-0.009014062783235972,0.09179576961083434,0.2258775124294586,0.0659263049259984,0.14551139276109376,0.10806334405933345,0.023017800278333635,0.10079053495860445,0.08739997572805985,0.10883326067186037,0.061304478657138485,0.0627142060481515,0.09894193261314382,0.07348138775878865,0.048416693603740166,0.1010618591401891,-0.005877855742928199,0.06630026384261486,0.06870265755209698,0.12619113183599556,0.13539690166996227,-0.1963241871981665,0.06328646093303054,0.11166402885749382,0.08833085367176674,0.018506616824719012,0.020585472218481827,0.11808520850784338,0.05120935721436392,0.050421228918548916,0.03436334896378833,-0.23353727940648522,0.013268374950624245,0.0814313460946075,-0.0363292289766704,0.05007243346714741,0.006233422291798028,0.07397583823993308,0.06513092299216997,0.04217863809510271,0.02250304302323926,0.11048154472106131,-0.020133489001023477,0.047934691601168825,0.0096780309325132,-0.021102093802323346,0.057815434679853096,-0.01893244602793422,0.03982080529320525,-0.04038143600825306,0.006470571632787646,0.029455484487188138,0.09123612855618356,-0.009896113717623434,0.016090060460371737,-0.025544102669873944,-0.10016284597896268
0.11542089254164445,1.7564999760803497,0.5750422779787234,0.09412781566136173,0.12464039127555386,0.1713413706124036,0.18443225919966572,0.22671783258719794,0.19852838977471843,0.21971793193887879,0.1785451479915996,0.17155751014323253,0.13506843127141996,0.05794526814604919,0.345841224706467,0.13052046600462947,0.23357624602970017,0.36935630237917466,-0.015457046385790691,0.19426081626709976,0.25535070068335697,0.0501885954954658,-0.2997131166318565,0.15740738550728603,0.14527638136190232,0.288071745968079,0.11756000424104159,0.26178942902867336,0.25799108014364897,0.0004680653898668064,-0.012421575553661766,0.1107227029232365,0.14123979959170566,0.2371561814869676,0.1935137045401275,0.10374227857604684,0.48974438227918443,0.12825155417192255,0.08483533322820824,-0.1134407428229885,0.1599278003377747,0.08308597814842497,0.10027466236409144,-0.07785429444078021,0.19926395036830036,0.1809478760030789,0.17131323075903584,0.042350696717875974,0.13870875056641643,0.06782874981870206,0.2103257685312011,0.17469828903193563,-0.2875856795306843,-0.15433771062058219,-0.3477467175631164,-0.08729435303194541,-0.26115844807656213,0.3198877815535005,0.08033989777219039
-0.009014062783235972,0.5750422779787234,1.8504093406643431,0.1173292647930822,0.047106798819100876,0.2402920787142642,-0.07170659257544379,0.2799839874220813,0.3677838605106523,0.26508927237246777,0.15208842584678506,0.1708795307195055,0.1047427382375816,0.006409561763612711,0.30719788822808125,0.0692081532613551,0.25993885691377994,0.24629551183403958,0.29248974948358913,0.2965924840837162,0.1500880913705445,0.14363625488951456,-0.054493473164646526,0.2402246072009143,0.1488261960162176,0.22689015225326728,0.08546237615657713,0.16867560604096554,0.2422097215618101,-0.31989279013339383,0.18628537318999025,0.02382037130214674,0.08009762304694423,0.3317726275236837,0.18124173918930897,0.26704787604048247,0.45178318594779754,0.18827978146759636,0.13785767603766844,-0.48588885967513923,0.06444181905655519,0.05292851942553894,-0.08523934325789474,-0.10829321909011881,0.23367951907434775,0.5226872468262329,0.15988078318450508,-0.03075960012306241,-0.07438547055238603,0.2524353968377369,0.007064725037879707,0.23163545831328963,-0.15652887294943976,-0.3260968393856891,-0.06758780220441261,-0.06757320763128559,0.39162189214379606,-0.016965778199956028,-0.38663576917570547
0.09179576961083434,0.09412781566136173,0.1173292647930822,1.0883397676823048,0.3128010128829048,0.2388116223732254,0.24148521112254215,0.18106958570169912,0.0881358551332885,0.1782058140907104,0.1504450040894417,0.2679118672337118,0.13503264570823398,0.1925489402534938,0.13772870196078088,0.21149886401724535,0.1294279819748498,0.19727743847419546,-0.029580919069483298,0.12329312937991058,0.13462256578103104,0.14142782112852792,0.15848661060459254,0.20348326780276962,0.1478851893297323,0.15701046436960575,0.1224039421970903,0.005616351155589528,0.2259248957153418,0.051962553971964955,0.03237407366964078,0.20026943954078869,0.10763549837662044,0.2429002579895133,-0.134039292059212,0.15645703434086328,0.06204498541998606,0.08963525539613848,0.08990618780645603,0.049162628907755405,0.09111717823088519,0.12344668484214229,0.12644213986632946,0.09827063603985173,0.033713357237631796,0.03699868180644424,0.18628186874109276,0.02068208577764244,0.1742955992786503,-0.011815259447313988,0.024687839847981535,0.11209270898127348,-0.03260105355573418,-0.027810890786135432,0.01457375256539874,-0.07783586958415296,-0.12838456953657215,0.04122727247093959,0.084420186298911
0.2258775124294586,0.12464039127555386,0.047106798819100876,0.3128010128829048,1.1994824324548434,0.23343824831690274,0.17429152241453108,0.18073701835860573,0.17946517577909196,0.24344805505407505,0.1385457942405203,0.2795739853097999,0.13380232035609588,0.21716662604052994,0.19954914192412268,0.23981562542171328,0.07226955779627935,0.12383693328693544,0.023302244016916544,0.14260639054578508,0.09974280662941551,0.12009784857463168,0.2575953823210534,0.16137973646700815,0.1632585786591136,0.12362147866815816,0.16284622191866277,-0.07055914369434794,0.24069954680303152,0.07696530103051774,0.10680131876832062,0.20460576962153504,0.0568069316835546,0.2639424988682132,-0.12722747334458515,0.2068061269772927,-0.031177894338325757,0.09633606213727162,0.045841043436881,0.09784807524220819,0.09461638448521421,0.10842833009074183,0.13452450141058112,0.13615989207401719,0.045599767928969394,-0.01737512629680577,0.17588658677086863,0.030621574838689665,0.21117550775495078,-0.16939496863432899,-0.0024370237733554786,0.025869702014674725,0.18118678102732877,0.10932743973434791,-0.07267724040852412,0.04162273013876118,-0.03402735147424482,0.04819200847111951,-0.0510474280833032
0.0659263049259984,0.1713413706124036,0.2402920787142642,0.2388116223732254,0.23343824831690274,0.8207314684682483,-0.026577009513228868,0.3725993964170963,0.25824580579858053,0.19226463329300433,0.21989844997014105,0.23010350098773247,0.14692879942035098,0.1939893427742078,0.3066965960624986,0.2033792013964874,0.24218357900011658,0.20134038687189434,0.2083732395589377,0.31947591125976915,0.18512999708707473,0.14989114257632083,-0.008435247613035768,0.25975163905212567,0.20833519630915537,0.335605613634397,0.17525707319288672,0.13556477218839683,0.3206887015885664,-0.03590003800547029,0.15797393087399908,0.21325116998822655,0.031807961318801314,0.30981398942191074,0.12346559359640881,0.12538997593508006,0.20839046430367422,0.155352558575376,0.1958650577047527,0.08167763546896467,0.08354730961184118,0.16805345237909602,0.13858386059932418,0.0537640486887591,0.13369511591938227,0.1044197348667589,0.37675978767806306,0.029185350652344344,0.24805850065829502,0.1286133346154778,-0.16498027423877099,0.1765735019375452,-0.13855770336319848,-0.02118549984026184,-0.012816475530880915,-0.0032844776925844057,0.13897837769798135,0.02221284886119461,-0.16653684506553376
0.14551139276109376,0.18443225919966572,-0.07170659257544379,0.24148521112254215,0.17429152241453108,-0.026577009513228868,0.8911312739814565,0.11727618608814028,0.19029395314150213,0.1842166595325158,0.19685645957540085,0.29315697665821133,0.16090106550201827,0.2634156737819855,-0.012174319613831518,0.23209106537642035,0.1739196071504282,0.24336725382126767,-0.08708745260946686,0.06221742006826858,0.19998973648640145,0.29215093970604694,0.3348147286315491,0.23871590755460764,0.1834587776423452,0.14226102536127175,0.16244070262870883,0.06573731950878961,0.17698261306714583,0.26111083534272367,0.17361849563480042,0.2563403909023153,0.1576398887837074,0.23348097169636944,0.09086762629665943,0.35358695739773044,0.019591133997005503,0.07204490852250324,0.13398509068758507,0.08389305571801184,0.17646784928416018,0.11590779882592481,0.16813393633741613,0.19511179029889197,0.06499292211093578,0.09449368139523506,0.058054893723275956,0.01217833693880706,0.3108958420663431,-0.18198964826959727,0.13525027610167334,-0.03493611668800745,0.1471405912108234,-0.05043712403165259,-0.11789617320992712,0.05034896829940796,-0.018258673494007803,0.13731888531656083,-0.26415458071877435
0.10806334405933345,0.22671783258719794,0.2799839874220813,0.18106958570169912,0.18073701835860573,0.3725993964170963,0.11727618608814028,0.707391130061272,0.05440966742106711,0.174712771332603,0.2076511210624434,0.11692574436862423,0.1601878709920164,0.17766989037582773,0.22908749265710568,0.16928302660226574,0.2746169197066998,0.22978374529103057,0.24778735038029873,0.3008106005564148,0.15746459973159843,0.15841457016904834,0.04814257166676266,0.1995132370923486,0.20104353862168528,0.253471453333522,0.15246745474158688,0.11063990681814084,0.24362608017034024,0.04895126796330939,0.1725976948522879,0.13901395626605512,0.09176151487380435,0.28494133344801265,0.17797612631399112,0.1703392222351994,0.2580459420973109,0.13874696943960615,0.27948209159939835,0.04046116410534801,0.1361234649779919,0.15050364815366046,0.12890446177320045,0.044201716314853125,0.15119238017955344,0.2094384463165638,0.3251127473467117,0.018924188487829605,0.1506732851686875,0.11485358452611852,-0.04253638996574805,0.09762564284171019,0.031775507024238286,-0.14889398141807,-0.16217876215945276,-0.021524524927032256,0.22109916789850734,0.1817467574351078,-0.32994711838711016
0.023017800278333635,0.19852838977471843,0.3677838605106523,0.0881358551332885,0.17946517577909196,0.25824580579858053,0.19029395314150213,0.05440966742106711,0.6259257459362696,0.1347234311051796,0.1630883606148251,0.2059960244264424,0.13722473736756605,0.2111421839887843,0.12737335452779042,0.18308271385323333,0.14666790476601282,0.15197320193096436,-0.008500854177781353,0.1091983492272368,0.18231489965015268,0.18198997932600597,0.1564894939758274,0.2610773866926001,0.1791265645521502,0.20987615575531812,0.13731362805629846,0.10915618930872668,0.18787016253902272,0.04269306545584544,0.205875603163807,0.20718426124812045,0.09801712836688266,0.21803433974118888,0.15692754755641106,0.2548383814829692,0.08291949301299822,0.08544299830342977,0.08714711582220236,-0.024701593368758313,0.11377720890257795,0.08738650918633209,0.09350571796155645,0.0969870328955259,0.07469754855720206,0.10772251253994128,0.16379872482203692,0.01215930508207518,0.2318786061061517,-0.08637608858011575,-0.030887259374715956,0.023812369021484363,0.07965532694252585,0.005758986228256754,0.03118783001964155,0.11019738149446978,0.09591774096777542,-0.062015741940219256,-0.2181443037453712
0.10079053495860445,0.21971793193887879,0.26508927237246777,0.1782058140907104,0.24344805505407505,0.19226463329300433,0.1842166595325158,0.174712771332603,0.1347234311051796,0.6029130480427296,0.15710266147142823,0.19387281267339976,0.12481819455538148,0.18256502549897954,0.17330185110600024,0.1551605748087558,0.13497099310361563,0.19586041775757182,0.08254810642657909,0.16005488086544117,0.11165499459996359,0.1392251288192378,0.11171701811606997,0.17730898367012174,0.14962060086211085,0.1324888292333133,0.14336509839315814,0.0793370816084736,0.23250693611792375,0.08514448590036518,0.06135543379754041,0.17269188486456666,0.08390720386825892,0.2721109908148426,0.1032037015123141,0.20768019338003124,0.13817983373625997,0.09810620033820555,0.09962357194963695,-0.012320458279518491,0.13085806471079675,0.09313327926220301,0.09676736940759718,0.0852566534493981,0.07135513075792871,0.11138399555116117,0.2071579304161347,0.018372749231443056,0.1737857088061793,-0.03993345069998351,0.018184340954058253,0.008462546835634759,0.05697341205283713,-0.01306030539959549,-0.004987246032854821,-0.054783204504729066,0.030687435325711967,-0.01745431448496428,0.0014350979409510814
0.08739997572805985,0.1785451479915996,0.15208842584678506,0.1504450040894417,0.1385457942405203,0.21989844997014105,0.19685645957540085,0.2076511210624434,0.1630883606148251,0.15710266147142823,0.47341584863415925,0.2302842822628207,0.16706606529975856,0.14647462260845093,0.20386147540535093,0.18967886462556277,0.23006857962121297,0.16713623370184807,-0.025209334908398377,0.17147965413738822,0.1789365351469192,0.15917868416879435,0.13067643524570335,0.2149817052700431,0.17185012322186097,0.17661021175007913,0.16273475656489098,0.08577746760219405,0.22319674900062791,0.10001734138297115,0.13440280028732304,0.14053511835500385,0.10377839081737784,0.19247869909366483,0.16082985378560666,0.2114266853699506,0.1445512526001831,0.09711390179308638,0.16519034330250087,0.04597761441997844,0.13097820048047215,0.11745851581240187,0.10671671295126216,0.0878811827126028,0.08166245429169228,0.10668488986251218,0.221972117733326,0.020764116946167185,0.1715366542246844,-0.0012642468737997295,-0.059981993511352,-0.03192689848866428,0.1475237335810799,-0.011398538108139011,-0.094013495868435,0.0007868722544717792,-0.021951716692536507,0.060871765567748884,-0.1263333953421628
0.10883326067186037,0.17155751014323253,0.1708795307195055,0.2679118672337118,0.2795739853097999,0.23010350098773247,0.29315697665821133,0.11692574436862423,0.2059960244264424,0.19387281267339976,0.2302842822628207,0.6597127152608746,0.1267561910371407,0.18321345572161088,0.11831492350004795,0.22404747484211546,0.13227698134173488,0.24791853380594034,-0.016105725313851006,0.10858179274939622,0.14571888916610493,0.1462520861433615,0.15432746089491461,0.20557609956304695,0.20917735167588988,0.1986161852681475,0.2014021935537041,0.05460057059974183,0.23830765390381645,0.049360152185987424,0.09493149379375727,0.20533734075735327,0.03138451396513918,0.22827243012934575,0.14510263660133646,0.2653974894481356,0.01687527648738593,0.07665845279021478,0.023599293526667113,0.0478479002113123,0.09717139316076304,0.09307169251152864,0.10013818549131678,0.068735401385313,0.10118788307120145,0.06812466422876118,0.1536142422939762,0.02652241842854948,0.27423964476804674,-0.19692135166897395,0.027800325993758215,0.02109419296645288,0.08017556508080827,0.07159772407294149,-0.09825444063166008,-0.0015682555051624695,0.06133444448825376,0.08521125166883153,-0.20657602154974214
0.061304478657138485,0.13506843127141996,0.1047427382375816,0.13503264570823398,0.13380232035609588,0.14692879942035098,0.16090106550201827,0.1601878709920164,0.13722473736756605,0.12481819455538148,0.16706606529975856,0.1267561910371407,0.3237779606955748,0.11478481920899623,0.04586305244960775,0.1312320049831185,0.13789220274939676,0.10682576180771904,0.058343986455227995,0.09304081538706664,0.12541220073661316,0.20259996884100512,0.13876768053739855,0.1429913033707377,0.1116374854556192,0.13336111737571396,0.12383130080308,0.07499051359539079,0.17601883162312676,0.10518488169851808,0.0726210578026289,0.11725872449060867,0.08795442308909988,0.1764739228458101,0.10567122005052211,0.16160838034187452,0.0891927428413618,0.0653630801814595,0.1677823155866674,0.03293168988180733,0.11246793330121989,0.08629001149884365,0.09168544714265406,0.1437796970799723,-0.0027858147833720805,0.06930462948259508,0.12837543651803343,-0.003356865788939767,0.1639742352176272,0.03954628805790349,-0.039553503886054865,-0.035047288156466294,0.048849146955724475,-0.012607761751871347,0.0025798844695034415,-0.042620066189157785,-0.09827099285287837,-0.07926674364379155,0.141374826113469
0.0627142060481515,0.05794526814604919,0.006409561763612711,0.1925489402534938,0.21716662604052994,0.1939893427742078,0.2634156737819855,0.17766989037582773,0.2111421839887843,0.18256502549897954,0.14647462260845093,0.18321345572161088,0.11478481920899623,0.7180020378219356,0.14269009949781347,0.4103205599920282,0.13726792676191982,0.0498045478479454,0.12530608310402697,0.16332307756554518,0.16043572921071042,0.15469970975521602,0.1384111180305812,0.2987256993459095,0.2669230241258538,0.1764860599626686,0.16025688610228264,0.17203774871203886,0.22090394849563252,0.2697908865560323,0.13335166309507968,0.5339253549467585,0.2101451719710165,0.20497145013273557,0.2271718992690283,0.28385382299154427,0.11172325997708117,0.11928659359999667,0.12159161078487062,0.05575747717200403,0.19618012808355012,0.18360566538474132,0.16423285055287393,0.13004202946662186,0.08531263924114438,-0.00949128491469493,0.25869919008868997,0.054281023171289064,0.3083796361377598,-0.08173066952306368,-0.054414025000952194,-0.010907579103118095,0.14623477272943314,0.05061320206938417,-0.032507046736414726,-0.07847926440134921,0.16603666360655536,0.04432305730923982,0.055337899186545234
0.09894193261314382,0.345841224706467,0.30719788822808125,0.13772870196078088,0.19954914192412268,0.3066965960624986,-0.012174319613831518,0.22908749265710568,0.12737335452779042,0.17330185110600024,0.20386147540535093,0.11831492350004795,0.04586305244960775,0.14269009949781347,0.8259778985419532,0.19049998233312926,0.25597956791789417,0.20335154208621986,0.14291835225023036,0.24027902308280794,0.17027997036649042,-0.02194539288443892,0.027152856861331332,0.2684848197423948,0.21771439671081805,0.18927679391188051,0.1097192090521525,0.20156227821188114,0.23088985389577338,0.0248935579251006,0.155878968153745,0.15060757602590877,0.10311722569236947,0.19632518671550628,0.13748406039372943,0.1680048585553345,0.29192288371801073,0.0956450169394521,0.163081068313747,0.0014897860463008302,0.13531379100798893,0.12838324960386152,0.10352539716052722,-0.01166175970875309,0.17487758229985303,0.10962308229186325,0.23416535603681923,0.056859771416200286,0.07203983331604584,0.21835990765870913,-0.06088993605999516,0.17088390022445302,-0.24786742959278427,-0.04971602762569795,-0.05877287755284412,0.09877049630352876,0.002925983386965067,0.060069224035643395,-0.17516606962950848
0.07348138775878865,0.13052046600462947,0.0692081532613551,0.21149886401724535,0.23981562542171328,0.2033792013964874,0.23209106537642035,0.16928302660226574,0.18308271385323333,0.1551605748087558,0.18967886462556277,0.22404747484211546,0.1312320049831185,0.4103205599920282,0.19049998233312926,0.5453248386292016,0.23725116929621196,0.0687713782758829,0.07936295742415424,0.17928976418239853,0.16560664284548807,0.1473865071248889,0.043283941604340515,0.2442807624077327,0.25166695845956666,0.16369029717428887,0.18030147163088425,0.17197893676791354,0.2239841491452786,0.22238938084526896,0.11792816833736072,0.3250678498623801,0.1293563327544674,0.21889084902299014,0.2704668403852817,0.22251124358112462,0.15592637616580143,0.10598624433423828,0.1537426559388083,0.06882535506169989,0.17843923458298439,0.1962554412246562,0.16193966670862603,0.07111599249221236,0.12593328890382402,0.035267152295339034,0.2453851955706616,0.0354837128765786,0.21151684126726564,-0.05398093995456593,-0.07849447541631614,0.014978031284616089,0.10365218180424582,0.03821865025321872,-0.08746358488524136,0.006378901155136865,-0.000570121062639174,0.09696344048228517,-0.05454995183481142
0.048416693603740166,0.23357624602970017,0.25993885691377994,0.1294279819748498,0.07226955779627935,0.24218357900011658,0.1739196071504282,0.2746169197066998,0.14666790476601282,0.13497099310361563,0.23006857962121297,0.13227698134173488,0.13789220274939676,0.13726792676191982,0.25597956791789417,0.23725116929621196,0.7800265250078816,0.19177853709684045,0.09422183666612091,0.28582761590403105,0.23372461021995986,0.23348639903263213,0.06009146608233476,0.1762240810695177,0.19671865766548682,0.1846710562911329,0.16335378276352983,0.2741438660053055,0.25545724227681016,0.15269059656122486,0.17661646668918718,0.16710578136258872,0.15214717133586278,0.2525471617097824,0.23242161529152064,0.25199161446533963,0.3606585791288936,0.16763926422783798,0.14431602354224077,0.025667061329997635,0.24011346434068462,0.21991686208432182,0.130629941701868,0.0657652986713121,0.20249321154088043,0.20912404692855435,0.38601038223415457,0.011526996819225886,0.15615813233187023,0.12580554128062224,0.12028372451762986,0.0011885519894000382,-0.20443992683524723,-0.07734207362319145,-0.346457622358801,0.06626259332491158,-0.11446535352947898,0.29178370378551705,-0.400419835531381
0.1010618591401891,0.36935630237917466,0.24629551183403958,0.19727743847419546,0.12383693328693544,0.20134038687189434,0.24336725382126767,0.22978374529103057,0.15197320193096436,0.19586041775757182,0.16713623370184807,0.24791853380594034,0.10682576180771904,0.0498045478479454,0.20335154208621986,0.0687713782758829,0.19177853709684045,1.145400169447593,0.08270269956381768,0.02892696607756825,0.20917321839423894,0.14190015702564626,0.18046426217824038,0.36407155694283316,0.14743291966747016,0.40786059079199694,0.015176279411627193,0.22402350637055435,0.21137020672687387,-0.061215564409829844,0.19942459031792112,0.10562609709156276,0.09461641908160441,0.1880293085684226,0.06771304220938541,0.2945414729150283,0.1942224946637306,0.04452927690589034,0.09728627687132131,0.1238260538168568,0.16295377949313475,0.09182174755297375,0.11925668155870428,0.014970470715131275,0.1524476096484357,0.23226217786979478,0.1712515054423832,0.026674345685515178,0.1890724409456217,0.05359910388925196,0.4761252214527916,0.014401781073967067,-0.48764117100554133,-0.1404783661300547,-0.12005619093293357,0.05113177114249466,0.14070229969665166,0.15359346959899883,-0.36258017802674647
-0.005877855742928199,-0.015457046385790691,0.29248974948358913,-0.029580919069483298,0.023302244016916544,0.2083732395589377,-0.08708745260946686,0.24778735038029873,-0.008500854177781353,0.08254810642657909,-0.025209334908398377,-0.016105725313851006,0.058343986455227995,0.12530608310402697,0.14291835225023036,0.07936295742415424,0.09422183666612091,0.08270269956381768,1.7033850765897194,0.351097765653789,0.057173016472716526,0.08013121422988893,-0.041011526438575495,0.0605127045382948,0.0500956972249166,0.02488363148077032,0.0493330286681805,0.09771241594295695,0.14909662626007142,0.0591603893561508,0.16243108248352475,0.08664422062347314,0.0986063522670573,0.10259582980044513,0.0073978768634686875,0.13715562238543647,0.14483900062923538,0.17139766589569178,0.16104516363675925,-0.023774901765063278,0.14901358502520007,0.1411885081506924,0.05292779913475768,-0.03588196160693741,0.12450549271220025,0.19554735323885894,-0.09202168326361831,-0.009295439326490757,-0.2837583217479657,0.17206092828320177,0.045687379187162494,0.0405086090462896,-0.13576761045963023,-0.13485158691899501,-0.025355945232164966,0.0551240081503841,0.10027017891419517,0.04689953234646816,-0.014873248520487837
0.06630026384261486,0.19426081626709976,0.2965924840837162,0.12329312937991058,0.14260639054578508,0.31947591125976915,0.06221742006826858,0.3008106005564148,0.1091983492272368,0.16005488086544117,0.17147965413738822,0.10858179274939622,0.09304081538706664,0.16332307756554518,0.24027902308280794,0.17928976418239853,0.28582761590403105,0.02892696607756825,0.351097765653789,1.2276080185661804,0.051922831291771714,0.005808517304811654,0.23916836771515357,0.26566070652224527,0.16733833088813527,0.2941566187559969,0.26925347674189365,0.023155176235616106,0.3640046548120085,0.14542727391656668,0.23799166919325698,0.14575353769409025,-0.05882510803927384,0.28967515042865455,0.09154232047697754,0.26122259406636733,0.36718529233844,0.4246701090216654,0.16227404940235923,0.10835344027708552,0.24509187636834284,0.3470606255985797,0.16192938886282704,0.04450255182958515,0.2271873093424802,0.230777869849425,0.17067699913378845,0.09857492476636173,0.3207442202267483,-0.044143153658241514,0.007227212912478953,0.12077759147309793,0.09588992771184654,-0.09324961419231201,-0.00877884932670914,0.012511745859936564,0.134263553814224,-0.02190443419834799,-0.1211509479300911
0.06870265755209698,0.25535070068335697,0.1500880913705445,0.13462256578103104,0.09974280662941551,0.18512999708707473,0.19998973648640145,0.15746459973159843,0.18231489965015268,0.11165499459996359,0.1789365351469192,0.14571888916610493,0.12541220073661316,0.16043572921071042,0.17027997036649042,0.16560664284548807,0.23372461021995986,0.20917321839423894,0.057173016472716526,0.051922831291771714,0.5321347557218427,0.18328714308139796,0.09339637898756645,0.18722813233494867,0.15998169498537418,0.23224400223601033,0.10081331285695246,0.2041786622509302,0.16955982505964987,0.15308560835011545,0.24537035079339325,0.16777800520028477,0.2032053615801488,0.1861208837678372,0.19412475227720408,0.25619542488073693,0.1811737425847352,0.10273877259079334,0.21580569330549335,0.0802817033214029,0.2976664617380839,0.11827776224985279,0.15579930802513844,0.1482394470786897,0.12741708435712606,0.10256689405171185,0.25932262358908276,0.025960918243077585,0.14163184055196112,0.07610440750158291,-0.00899380737073952,-0.011274144550454668,-0.04050099341291157,-0.038081226328759786,-0.10790812857176836,0.022574066942103625,-0.10794848914369902,0.11294258142021164,-0.07718633849085355
0.12619113183599556,0.0501885954954658,0.14363625488951456,0.14142782112852792,0.12009784857463168,0.14989114257632083,0.29215093970604694,0.15841457016904834,0.18198997932600597,0.1392251288192378,0.15917868416879435,0.1462520861433615,0.20259996884100512,0.15469970975521602,-0.02194539288443892,0.1473865071248889,0.23348639903263213,0.14190015702564626,0.08013121422988893,0.005808517304811654,0.18328714308139796,1.3536654096345173,0.311276915359859,0.15056781400482794,0.07660048509844666,0.24741857156069844,0.18873098565514085,0.10868098665036195,0.14042003061315494,0.19218942213962656,0.1630642766741169,0.21644940431995327,0.1952701861685531,0.21844076211323013,0.10101441311671708,0.2753865370649389,0.03438265063185654,0.1295927105393177,0.29676387633673834,0.04524537164231352,0.18762146525476475,0.11125223944105567,0.2167553393085092,0.38377406803637065,-0.10207240897932071,0.1988610316770418,0.17162782333800167,-0.2833983100149969,0.5517741877339146,0.0957326638647034,-0.025227514104959162,-0.18871124172817574,0.0603529570271113,-0.03944203410234574,-0.04877857650711197,-0.01051210420825316,-0.010427312013898954,0.03197991268631307,-0.1644812968106871
0.13539690166996227,-0.2997131166318565,-0.054493473164646526,0.15848661060459254,0.2575953823210534,-0.008435247613035768,0.3348147286315491,0.04814257166676266,0.1564894939758274,0.11171701811606997,0.13067643524570335,0.15432746089491461,0.13876768053739855,0.1384111180305812,0.027152856861331332,0.043283941604340515,0.06009146608233476,0.18046426217824038,-0.041011526438575495,0.23916836771515357,0.09339637898756645,0.311276915359859,1.8248484233088378,0.2504366005886273,0.24946370430172776,-0.10832484060841668,0.1780391098447431,-0.26530908931952535,0.32868547378910157,0.40216289671504446,0.39210501066140346,0.11428726553850778,0.013265505200982146,0.290626898377526,-0.17629447768095935,0.7450433798131334,-0.22695162092623966,0.09150335718181694,0.08925188215545331,0.1551366556335662,0.26279910331496015,0.041888891653163875,0.15696047145262304,0.7144452301383885,-0.1609828676925431,0.13579599873092005,0.09213727767113752,0.011259659678049979,0.2016475564115984,-0.44590052818436915,0.24702284583902615,-0.2337234074776542,0.42807928224272424,0.029814146935811706,-0.01666648077289771,0.10521606955677974,-0.02981729505560358,-0.09281342335114197,-0.12080559374854116
-0.1963241871981665,0.15740738550728603,0.2402246072009143,0.20348326780276962,0.16137973646700815,0.25975163905212567,0.23871590755460764,0.1995132370923486,0.2610773866926001,0.17730898367012174,0.2149817052700431,0.20557609956304695,0.1429913033707377,0.2987256993459095,0.2684848197423948,0.2442807624077327,0.1762240810695177,0.36407155694283316,0.0605127045382948,0.26566070652224527,0.18722813233494867,0.15056781400482794,0.2504366005886273,1.282197703970083,0.3327981230288533,0.11313126336134312,0.13239882075122117,0.19687031673762692,0.28892054450156573,0.2773040231663253,0.24360523574073514,0.2632955527432127,0.21773369964673783,0.061877104486780486,0.2094285932727097,0.552182183760968,0.27263488427861776,0.14885486778254128,0.12688806701633004,0.03410059362588836,0.2033740367489206,0.16227715608468382,0.09209250876477472,0.047298054034555996,0.07321196672387789,0.1376590537679951,0.19454803402579174,0.087256980378375,0.5171779873813405,-0.022028337314803186,-0.047233237859024765,0.06303667337698379,0.08532818656731236,-0.05197515684674959,0.006542214394630427,0.036866611697392124,0.26369808285150625,-0.10849502341660267,-0.12987872717846177
0.06328646093303054,0.14527638136190232,0.1488261960162176,0.1478851893297323,0.1632585786591136,0.20833519630915537,0.1834587776423452,0.20104353862168528,0.1791265645521502,0.14962060086211085,0.17185012322186097,0.20917735167588988,0.1116374854556192,0.2669230241258538,0.21771439671081805,0.25166695845956666,0.19671865766548682,0.14743291966747016,0.0500956972249166,0.16733833088813527,0.15998169498537418,0.07660048509844666,0.24946370430172776,0.3327981230288533,1.0490972747137708,0.0649564697633892,0.2027445023532146,0.10957014935053007,0.4849850467509142,0.3628554683193731,0.09302702764397859,0.21298028948758502,0.13185406428616347,0.40616597637303825,0.28207023302845485,0.3422625864054639,0.24516196616213107,0.10686884632904037,0.3173306024263678,0.01891681909732176,0.19270594114857237,0.11246353360795132,0.23164536234658667,0.1681789403689027,0.2508159742392706,0.17526039766712223,0.2691795086862247,0.023372125466046778,-0.057166945539856164,-0.15711643598063427,-0.21250412384805978,-0.02061156911227607,0.3011552049410487,0.01586682294449906,-0.10243343518846426,0.08884061012878891,0.06241697679636869,0.06573246014151762,-0.18737588720646325
0.11166402885749382,0.288071745968079,0.22689015225326728,0.15701046436960575,0.12362147866815816,0.335605613634397,0.14226102536127175,0.253471453333522,0.20987615575531812,0.1324888292333133,0.17661021175007913,0.1986161852681475,0.13336111737571396,0.1764860599626686,0.18927679391188051,0.16369029717428887,0.1846710562911329,0.40786059079199694,0.02488363148077032,0.2941566187559969,0.23224400223601033,0.24741857156069844,-0.10832484060841668,0.11313126336134312,0.0649564697633892,1.593739829763434,0.11613038929453744,0.29992143177546066,0.07262597475402548,-0.5136928290229964,0.3588681451445606,0.23145933556088635,0.14684182863727133,0.2578238675782542,0.16763151194735001,-0.08117951871197888,-0.160641050768923,0.09456650958325993,0.3061885342360645,0.2148858545186443,0.03495476928824266,0.2974721340010632,0.13162036335643673,-0.018186285961450357,-0.029403418462247123,-0.021441345255371072,0.13863580475180284,0.037182210722131,0.6173050560500124,0.46086866047910474,-0.1933864732426001,0.1969528158781729,-0.5702601226953874,-0.0600866583717343,0.040901131191011346,0.004879739785410914,0.16672374687231797,0.0020704176916725033,-0.18069410897716867
0.08833085367176674,0.11756000424104159,0.08546237615657713,0.1224039421970903,0.16284622191866277,0.17525707319288672,0.16244070262870883,0.15246745474158688,0.13731362805629846,0.14336509839315814,0.16273475656489098,0.2014021935537041,0.12383130080308,0.16025688610228264,0.1097192090521525,0.18030147163088425,0.16335378276352983,0.015176279411627193,0.0493330286681805,0.26925347674189365,0.10081331285695246,0.18873098565514085,0.1780391098447431,0.13239882075122117,0.2027445023532146,0.11613038929453744,0.6179534183655429,0.11904382463570533,0.16196669415872902,0.18318754030832932,0.146310041568813,0.21159454897730637,0.1594146134477631,0.21020336519777214,0.15607849681957844,0.28001443599998616,0.14082979294772321,0.13573373095572042,0.14434048114799783,0.07610662611650192,0.1360159612602136,0.12730042017120233,0.22737740424565964,0.1395637633988488,0.12309911501279659,0.04810206355248999,0.14318800614073868,0.04048204524275103,0.31816237902094513,-0.09658771536671841,-0.10130155121720359,0.05259963939485078,0.13879647651711902,0.029467323794502592,-0.016738336442781984,0.03026332101797174,0.04376807148263193,0.013695522737478276,-0.11136811980658909
0.018506616824719012,0.26178942902867336,0.16867560604096554,0.005616351155589528,-0.07055914369434794,0.13556477218839683,0.06573731950878961,0.11063990681814084,0.10915618930872668,0.0793370816084736,0.08577746760219405,0.05460057059974183,0.07499051359539079,0.17203774871203886,0.20156227821188114,0.17197893676791354,0.2741438660053055,0.22402350637055435,0.09771241594295695,0.023155176235616106,0.2041786622509302,0.10868098665036195,-0.26530908931952535,0.19687031673762692,0.10957014935053007,0.29992143177546066,0.11904382463570533,1.2214368019769493,-0.12460535118118343,0.21156971654914383,0.14136618991983485,0.3114391286771807,0.6107272419895166,0.06707252537396413,0.6989558958843906,0.12348498550144622,0.3869495813859033,0.09600507305423044,0.16816328895854057,-0.02321151528314794,0.17376832618781804,0.013962147178102898,0.24406771986856665,0.23178793045930632,0.21336595346061657,-0.0257868642962011,0.14274430762907264,0.09733920042456116,0.08229919503575997,0.35762062949916507,0.05918878718613334,0.7091433275985224,-1.2131478091396695,-0.034376479519026004,0.1058579486006731,-0.06019444232082992,0.0707655951293854,-0.018048618528375002,0.1736243051814809
0.020585472218481827,0.25799108014364897,0.2422097215618101,0.2259248957153418,0.24069954680303152,0.3206887015885664,0.17698261306714583,0.24362608017034024,0.18787016253902272,0.23250693611792375,0.22319674900062791,0.23830765390381645,0.17601883162312676,0.22090394849563252,0.23088985389577338,0.2239841491452786,0.25545724227681016,0.21137020672687387,0.14909662626007142,0.3640046548120085,0.16955982505964987,0.14042003061315494,0.32868547378910157,0.28892054450156573,0.4849850467509142,0.07262597475402548,0.16196669415872902,-0.12460535118118343,1.512688511188752,0.29253984486217327,-0.20017354655285513,0.25597466259574975,-0.2458227703909448,0.5515792814543942,0.042857521574121496,0.5986807549721793,-0.1300108718600767,0.07392981648132395,0.17259712660440135,-0.004972229199756835,0.3089338040759375,0.17737322833607322,0.0015581122477485462,-0.1723754258188984,0.09069572405909722,0.30083462004864797,0.30421778340664,-0.06077356239100798,0.3436918300651038,0.007957362113425508,-0.2080254831473696,-0.05609470663405179,0.10629008172213082,0.0704351077380328,-0.22990661383893518,-0.01969563212231026,-0.10970927588498622,0.1630686153648546,-0.095463151722865
0.11808520850784338,0.0004680653898668064,-0.31989279013339383,0.051962553971964955,0.07696530103051774,-0.03590003800547029,0.26111083534272367,0.04895126796330939,0.04269306545584544,0.08514448590036518,0.10001734138297115,0.049360152185987424,0.10518488169851808,0.2697908865560323,0.0248935579251006,0.22238938084526896,0.15269059656122486,-0.061215564409829844,0.0591603893561508,0.14542727391656668,0.15308560835011545,0.19218942213962656,0.40216289671504446,0.2773040231663253,0.3628554683193731,-0.5136928290229964,0.18318754030832932,0.21156971654914383,0.29253984486217327,2.120714516305988,-0.00449126544926389,0.24109706891064062,0.26346253182668206,0.017357184916058612,0.4325280375362158,0.5195560096522858,0.3064372905811626,0.18908739640066177,0.19053812442490273,-0.055597518869364405,0.551023078042291,0.1425630177765008,0.6321034099508644,0.6437427041750626,0.4629346910094624,0.1229273755001737,0.19112154550671692,0.014896848153928298,-0.20402712923987182,-0.43834222605346607,0.0202323077886045,-0.36888324289754076,0.5096218725563655,0.13735495022488714,-0.08470688756960833,-0.11425200758945459,-0.3123320575232263,0.31139759042650494,0.1636279520350592
0.05120935721436392,-0.012421575553661766,0.18628537318999025,0.03237407366964078,0.10680131876832062,0.15797393087399908,0.17361849563480042,0.1725976948522879,0.205875603163807,0.06135543379754041,0.13440280028732304,0.09493149379375727,0.0726210578026289,0.13335166309507968,0.155878968153745,0.11792816833736072,0.17661646668918718,0.19942459031792112,0.16243108248352475,0.23799166919325698,0.24537035079339325,0.1630642766741169,0.39210501066140346,0.24360523574073514,0.09302702764397859,0.3588681451445606,0.146310041568813,0.14136618991983485,-0.20017354655285513,-0.00449126544926389,1.766393256433537,0.13658995519673456,0.10652453587600116,0.15228645108915873,0.1684041829054971,0.39460444477558965,0.23613746201064167,0.20649277185733636,0.31958519440868627,0.14238396125049915,0.10018493706290627,0.17126635546727778,0.10249724125071426,0.2979891723579071,0.2520803443126058,0.11669878024755005,0.21952989852762092,0.06801820197457324,-0.17443468865514208,0.1561006861999309,-0.015488180978033641,0.10843937917534634,-0.08944649635082823,-0.13306089132454643,0.1064507665492511,0.2731884048238826,0.5102453342468883,-0.27718445189964963,-0.5138670230127937
0.050421228918548916,0.1107227029232365,0.02382037130214674,0.20026943954078869,0.20460576962153504,0.21325116998822655,0.2563403909023153,0.13901395626605512,0.20718426124812045,0.17269188486456666,0.14053511835500385,0.20533734075735327,0.11725872449060867,0.5339253549467585,0.15060757602590877,0.3250678498623801,0.16710578136258872,0.10562609709156276,0.08664422062347314,0.14575353769409025,0.16777800520028477,0.21644940431995327,0.11428726553850778,0.2632955527432127,0.21298028948758502,0.23145933556088635,0.21159454897730637,0.3114391286771807,0.25597466259574975,0.24109706891064062,0.13658995519673456,1.007146377991062,0.2708266925354446,0.2531052718437767,0.14548712989018653,0.3437611818936288,-0.05809108359836646,0.13159469383966943,0.09549401040333302,0.05455828122137014,0.18177647599017482,0.19199093903967532,0.1679645294961184,0.11365743723735904,0.0918227397419154,-0.008195653228724526,0.23235370220493803,0.030980110556936464,0.19027437862708838,-0.04185413403928658,0.11180420600989346,0.3287120803315778,-0.4072727302575304,0.02111680325859848,-0.01296714410707091,-0.0513207031273481,0.1373415749544648,0.033339711219776975,0.014098923646113119
0.03436334896378833,0.14123979959170566,0.08009762304694423,0.10763549837662044,0.0568069316835546,0.031807961318801314,0.1576398887837074,0.09176151487380435,0.09801712836688266,0.08390720386825892,0.10377839081737784,0.03138451396513918,0.08795442308909988,0.2101451719710165,0.10311722569236947,0.1293563327544674,0.15214717133586278,0.09461641908160441,0.0986063522670573,-0.05882510803927384,0.2032053615801488,0.1952701861685531,0.013265505200982146,0.21773369964673783,0.13185406428616347,0.14684182863727133,0.1594146134477631,0.6107272419895166,-0.2458227703909448,0.26346253182668206,0.10652453587600116,0.2708266925354446,1.5303381006773404,0.010512670965358302,-0.011372441102374295,-0.07074250295977226,0.39772117291612424,0.11297042877241324,0.28225752760379397,-0.08098640687418543,-0.04002085724547771,0.01663730332415967,0.3204030891367002,0.40375891245143747,-0.09594823321957995,-0.14108481505266884,0.3225995846740634,0.16012422042872723,0.17562824229428095,0.22623001508015328,-0.16249338776878416,0.12890318722217034,-0.020656853014975492,-0.16860491424008217,0.04032165896583889,-0.11963372001484278,-0.10444566198819422,0.06500996392338468,0.2333610893662462
