1.1837162720144816,0.12322598097920136,0.016109764581335582,0.1051782926886009,0.24233490952333175,0.09727643838025848,0.17380879684423708,0.13949237324189867,0.047821193167264055,0.1305410145642662,0.12298329354283644,0.14552604466081934,0.08312049843546836,0.1069421991013753,0.1274885386602562,0.11786906953101735,0.08830972036628645,0.13664201621487315,-0.004009090492383551,0.08186218983738287,0.09669115612618218,0.16120623502681167,0.17562517389889437,-0.15436299339133047,0.1120604856937284,0.1477744604315078,0.1211243872447145,0.039390785028089285,0.06957697289547003,0.17814644507350264,0.09409656150005029,0.09541651167570958,0.060096553955136425,-0.20233441409022784,0.07008476364651385,0.15633483447958957,-0.02192837568699084,0.0629256188116467,0.02088816481327295,0.0771970921771767,0.09800344288728072,0.058263788293367175,0.032720615223729786,0.14619109251400378,-0.03132885563091259,0.07982572653665244,0.06057407144809013,-0.015568154554109025,0.15387915423871187,-0.031293922839267345,0.03480592914180996,-0.10397914540820583,0.07292674821870533,0.03343224055255234,0.06497986115058357,0.019757471745266836,0.03538066889901729,-0.013246089314941891,-0.2017125836583244
0.12322598097920136,1.8874854566412353,0.6901015909082406,0.1948347876789223,0.16253476299675634,0.2840635254144001,0.27647888112283986,0.3633817927472443,0.2825594115465037,0.3209000516483653,0.29650905604051875,0.2606751454018677,0.2237753545139531,0.18030909902685155,0.4581855665717637,0.2637667229077211,0.3920015396118089,0.5196275681306559,0.021110944024353897,0.2836086594770013,0.38861615643924907,0.14197775104429655,-0.26614746976750786,0.3133275424360846,0.29702069527342156,0.39082772904366103,0.2225208681335029,0.4359427899399721,0.43103485143862685,0.08769970574436896,-0.001647744442168264,0.2502024932584833,0.2260369348527255,0.4207237432270166,0.3566336059164164,0.2517809660339253,0.6951505890553662,0.20051648999719682,0.224981736416799,-0.0925741554137876,0.3053407416204197,0.146393075499363,0.19894527622366134,-0.024405082198089942,0.30606770702675107,0.22878335860729831,0.3107364993094964,0.07509052508058213,0.3299927789155516,0.10714427238186437,0.21756860149089835,0.3305304294397194,-0.41381850145488136,-0.1479073144961283,-0.4158203019434808,-0.08862651393166193,-0.41566739232425254,0.4192837905087016,0.1480898331422053
0.016109764581335582,0.6901015909082406,1.9896555662751236,0.16679294381846907,0.13395461980842854,0.4068585421870763,0.007833556984509377,0.4441023848464295,0.48966458345515324,0.3663589565991099,0.2677539501387445,0.26931914900559806,0.18128734131491012,0.10943242363985127,0.3898639965524643,0.19850803177589102,0.39597670629973336,0.34671359065210594,0.3546276354144346,0.4328289468345298,0.2511728891880776,0.24296468393774567,0.010552726630551058,0.39283739992758254,0.3102331652524192,0.3375196598657676,0.196655040625195,0.24765714589504156,0.44204118515366914,-0.23119956422721774,0.25012710297442764,0.12999260803408755,0.10176684529377548,0.5099742296683832,0.36630768327596425,0.4643276592306991,0.6640389639454066,0.283638175231049,0.2833275072950612,-0.4887221604836785,0.1757076984444632,0.12992481972315723,-0.040353870417681785,-0.07917973281360756,0.3816993897195326,0.6411811314775749,0.31973609565780997,-0.014407557930456094,0.02326975068809346,0.24567151209634122,-0.14970931375942126,0.28095858555689707,-0.037471217162589894,-0.29212809114708943,-0.11400251408585861,-0.06556177671051883,0.3627523460462832,-0.0375405567451533,-0.44612026327217386
0.1051782926886009,0.1948347876789223,0.16679294381846907,1.1592471705472769,0.30324032678692214,0.3074476966673768,0.31892022221377303,0.25121718546923155,0.12706331343159735,0.24025504341358805,0.2335582679551962,0.3329614454502089,0.19744465610469827,0.2705023765872459,0.2225361812638403,0.31076948198911747,0.2787429060355861,0.29537280993250115,-0.009835294481834853,0.17023582439114793,0.2431033435285401,0.23930828809483642,0.22572740254492832,0.28386091174373423,0.24859909722838888,0.23426862990240424,0.18676967783558263,0.0830961864537232,0.36946183896947066,0.16190266257844516,0.037999553343954495,0.29192239445466295,0.165674132574297,0.37556386433662853,-0.04469895140649625,0.2573340292519536,0.20388793915997844,0.1340316788586589,0.17230270403400116,0.06063477120030768,0.19672358295963885,0.14728129585873231,0.23317846804713632,0.18110385674477314,0.0685768293825721,0.06327292575892003,0.3203987889456764,0.03298016493509743,0.40722330566995557,0.04436508388341261,-1.6381742495873243e-6,0.10089242259725735,-0.07932377958748008,-0.0279201809267407,-0.22040672219577137,0.008617379817166778,-0.4572054715649842,0.35284122753914987,-0.09207745175762688
0.24233490952333175,0.16253476299675634,0.13395461980842854,0.30324032678692214,1.1424296646176524,0.2840005177583714,0.19888693633853496,0.20395070050878483,0.21562818454516558,0.28680277892481915,0.18409345477578126,0.3249072391366008,0.16172589513851282,0.28607056117095636,0.25768551859689026,0.3032858056053715,0.13849892848552334,0.19066819100880342,0.06590250303582551,0.20331114095724892,0.14927539469325976,0.18169168151925008,0.30856830207008057,0.2543138242700633,0.2309679644143232,0.2099689649419022,0.20992497379730554,-0.017089235509967073,0.3277532028658311,0.13127116788711599,0.19200424364815233,0.2774543205040396,0.0916291668965601,0.3120031248655104,-0.033530997154509065,0.3191063523169236,0.07046003943623778,0.13474878909046112,0.07308634802035387,0.10930033908526217,0.16019186215468348,0.1687523180380779,0.17043198982841565,0.1923504603576707,0.06409075698400123,-0.006959668016684247,0.2661527104471955,0.05158013026676006,0.4730515311175013,-0.10807629334399611,-0.0532309142996598,-0.13156992972170573,0.20428746224612696,0.12230600508315481,-0.03966085969360425,0.06146095908272691,0.05916580741615225,-0.010597659407426612,-0.09663319586378259
0.09727643838025848,0.2840635254144001,0.4068585421870763,0.3074476966673768,0.2840005177583714,0.9503514879098381,0.06271176315668346,0.4940054248343071,0.38050131518733793,0.27624438713517135,0.33077480571170365,0.33493205287891126,0.2004519705485356,0.3043828542063285,0.41160442410033743,0.3230213129185903,0.3792599478664351,0.2766604695992572,0.2693288381603661,0.46307093639259234,0.27643848671041316,0.23723895582494092,0.03480658260456858,0.4088367385594031,0.3382864187151185,0.46791544945732894,0.27277228220985644,0.2067972136913433,0.4684348364524771,0.028723366225235428,0.26966742863694215,0.3163252900488204,0.09646685868230752,0.4572029300072689,0.26202046224516,0.27072202343896057,0.41698325771341527,0.24403556968272525,0.3378994474892548,0.08642078367078958,0.16933442938016383,0.24810649529639392,0.21748365872633693,0.10016023050668903,0.25272115683106516,0.16354326756011206,0.5611081877616041,0.06846779925410611,0.5919642131479764,0.20892129548066574,-0.32317568838898614,0.19256929817543877,-0.03359425788448903,-0.04259258822150536,-0.05652323130927015,0.04985951355315219,0.1659224209345393,0.07844237856200789,-0.4009549090389713
0.17380879684423708,0.27647888112283986,0.007833556984509377,0.31892022221377303,0.19888693633853496,0.06271176315668346,0.9590130459643532,0.1731120708354184,0.274514273826908,0.24155806003924174,0.2818870246111776,0.37653284265853737,0.20248405048331514,0.3815923966258183,0.06936863629201102,0.3536892178513518,0.2763576177485892,0.2824669488800076,-0.04030592602925538,0.17184333835290935,0.29318667093446454,0.3847682556798188,0.44202571112334743,0.3806656334805372,0.2908764276094788,0.20398981420221285,0.24983038605654012,0.07094919811965665,0.3124407168080823,0.40852184168024824,0.24377708495786776,0.35964461695710326,0.20714567586398105,0.3482385720517602,0.23068885626960464,0.5496334965895293,0.12497414191255869,0.141134118768024,0.1579931415277916,0.10174158321006965,0.30147572331258404,0.18072063531516197,0.24588746687466415,0.29443085420638226,0.09393444730465125,0.08745915073076618,0.15648552987797432,0.049357138277412095,0.656532070480966,-0.3151357722783059,0.06320057442484898,-0.19377804709491298,0.46385519848526485,-0.03198397291160875,-0.24270844335378006,0.07301536617713567,-0.11096542728658133,0.23569814454916027,-0.2720399266695727
0.13949237324189867,0.3633817927472443,0.4441023848464295,0.25121718546923155,0.20395070050878483,0.4940054248343071,0.1731120708354184,0.7888824847740197,0.15649721852061488,0.22512894054866803,0.29591960549282087,0.1972750290394696,0.20174896878850956,0.25276926493722557,0.3171046680361147,0.26602665880190857,0.3923701110516967,0.29661525899600116,0.3064865051356933,0.4211932073060803,0.24700434637494306,0.23638154817977133,0.0798813918715733,0.32777444194326205,0.31252887649805106,0.35638381491389143,0.23379112899173737,0.18357844702121223,0.3774105676562417,0.10605666027296368,0.2457215091529929,0.2245006471174124,0.14766381359915556,0.4164877759092136,0.2973869346972553,0.2944793070546479,0.472607386880836,0.21958979973286016,0.4050358750289223,0.031781854059040104,0.22551930954728536,0.21391826420960175,0.18664386673299144,0.08115739758393704,0.23271657659519532,0.2714000714333705,0.45747092647558696,0.04771077659475903,0.35886062710788297,0.17648418728744097,-0.18628347081988825,0.15512808753217466,0.08399519094580445,-0.18055817923275896,-0.22463895601805428,0.004431192771490933,0.12888955268719873,0.22726062499895933,-0.3670337051897163
0.047821193167264055,0.2825594115465037,0.48966458345515324,0.12706331343159735,0.21562818454516558,0.38050131518733793,0.274514273826908,0.15649721852061488,0.725514959531984,0.21075763019487284,0.2626124774762646,0.30310294855730596,0.1722725713116947,0.32925379590305376,0.22696167432070366,0.2999425769011549,0.26751421659926156,0.21546301824187727,0.06997727789255889,0.2618886477431502,0.2644761422870558,0.2670818678408416,0.2316457283886095,0.4144940103681493,0.2961238874359698,0.31908799989239617,0.22876789169523792,0.15709811218818412,0.31254137587467484,0.14770286409152225,0.32784607115814884,0.3114287093908105,0.15566232312945916,0.3410746800371642,0.30119285377070076,0.4280846396743269,0.23988083345055908,0.17545933205860287,0.17154697029635138,-0.011464038334380172,0.2100131484557123,0.16942257736861663,0.1777668786691676,0.15810271845186188,0.18567851624377116,0.1628878011128684,0.31484128042715465,0.049382844043768394,0.5449253477017841,-0.14030426703992993,-0.13344828830489996,-0.015192527829114854,0.2629031229906093,-0.0268004336943239,-0.04961435081117695,0.14080987638847514,0.16837949317143364,0.033086649307131906,-0.4571913054671029
0.1305410145642662,0.3209000516483653,0.3663589565991099,0.24025504341358805,0.28680277892481915,0.27624438713517135,0.24155806003924174,0.22512894054866803,0.21075763019487284,0.6751382116169412,0.23423537994269847,0.27093457288749206,0.17685862212336925,0.25714066718828765,0.23538291680125947,0.24803734188766868,0.21683654184420734,0.24193550061484315,0.12027173210135872,0.24744533158330045,0.1836680818373319,0.20838782703754422,0.1648466079765344,0.2871903118662773,0.23117368422173143,0.19217373249839945,0.21152889740882913,0.09996773372261691,0.35284554989551853,0.17088820271533922,0.10130743431175068,0.2389209581865405,0.12582954271113872,0.3778988874126162,0.2052895627457916,0.3369522404973551,0.2662382803693239,0.15789324716599282,0.14228094261790716,-0.014219317115384726,0.21594207425942522,0.14818424879707215,0.1473962550836341,0.13985733303739417,0.10587664210439575,0.14534457187585645,0.3170826134571988,0.04363742599681826,0.4068627992721848,-0.07995854485925541,-0.04732370030717344,-0.09534553335389982,0.23720318486351064,-0.020194842298584977,-0.04966903876944003,-0.07665223376295018,-0.004056685739602515,-0.008621291724080207,0.023540184571413665
0.12298329354283644,0.29650905604051875,0.2677539501387445,0.2335582679551962,0.18409345477578126,0.33077480571170365,0.2818870246111776,0.29591960549282087,0.2626124774762646,0.23423537994269847,0.5306890749110388,0.3075853923048397,0.20429118978042066,0.2389396982998589,0.29143233764820586,0.2831843656154187,0.33888916473950537,0.24406425586484798,0.03156661832494299,0.28336369863959554,0.2656498761361745,0.23817262921812016,0.1803536978502722,0.33618256125220003,0.26598459822460935,0.272775870721009,0.23473455636412585,0.1590645010181666,0.3404396236056146,0.1785298488472309,0.20890139218094259,0.23090509744094806,0.1560581580236698,0.3185119579631822,0.2605877359467062,0.3398746371065977,0.3072252965065759,0.16926869340671283,0.24644314854612553,0.054852415079539175,0.22673258502769172,0.1791661639075795,0.17771061780180702,0.1436490006359155,0.1554701123053865,0.15799147814177572,0.34963664643216613,0.04756633714763998,0.4126521402931045,0.010178185653066845,-0.11785685514550989,-0.014406356632651218,0.16105945444088626,-0.05049837949851968,-0.17999522154595426,0.011741731127096056,-0.05070176893276385,0.1520812311431996,-0.219149694044468
0.14552604466081934,0.2606751454018677,0.26931914900559806,0.3329614454502089,0.3249072391366008,0.33493205287891126,0.37653284265853737,0.1972750290394696,0.30310294855730596,0.27093457288749206,0.3075853923048397,0.7239046014586012,0.16411348814123677,0.28979582544222493,0.22339086010112785,0.3307012420153684,0.24545834140171005,0.3124071353357349,0.04618834899510933,0.22861571023044108,0.2325651489087393,0.2274568396096369,0.22318259450496383,0.3378434875693057,0.30784409442591126,0.2862131322179267,0.2755226878169091,0.07759620474747214,0.3735200159602914,0.14313819705879874,0.1730467363091692,0.28420826289781526,0.07942006265053117,0.3448445604704691,0.2577260163086537,0.4241378860762443,0.17536894584499563,0.14615595696854847,0.08622421258081651,0.05388620069313901,0.19523735867130634,0.16109683531425353,0.15784422527594377,0.12749612161448876,0.15491370078289415,0.09439437454927904,0.2898154868700924,0.05911172873833194,0.6122405803844978,-0.15294908271770494,-0.057740968257128406,-0.14449676497429895,0.2818054545408241,0.050951685719745315,-0.16108013628567375,0.02330829493178655,0.011250801953013286,0.15485700739287395,-0.30908450585357816
0.08312049843546836,0.2237753545139531,0.18128734131491012,0.19744465610469827,0.16172589513851282,0.2004519705485356,0.20248405048331514,0.20174896878850956,0.1722725713116947,0.17685862212336925,0.20429118978042066,0.16411348814123677,0.3540340623501056,0.16723912061796598,0.10156157350957529,0.18453112318000053,0.2042451550038669,0.16294418460641882,0.09364168154022404,0.15762706399867443,0.18260149583632643,0.2638894207081918,0.1781153179406348,0.21772260419313236,0.16857882101384503,0.19489684922798697,0.166768659280792,0.13992483047438461,0.24750818788838938,0.15474240837254533,0.11035848298300174,0.1764783735038804,0.1385187397738535,0.25325535983106423,0.15299648164849375,0.2391107491915816,0.19739908562181716,0.1120174575517217,0.2397676685300385,0.04077124841703434,0.18037310703297502,0.1264127410558655,0.14031336426482827,0.1973704750123369,0.020375952827482287,0.09795041039242385,0.2002158026408271,0.01466805311228665,0.340282127642893,0.08648892145902616,-0.06620009278096482,0.010527616071846078,-0.0007377704337023795,-0.04407913966855024,-0.04014108508619947,-0.06277027073138511,-0.09753277618425656,-0.05810972399071826,0.16752602793143645
0.1069421991013753,0.18030909902685155,0.10943242363985127,0.2705023765872459,0.28607056117095636,0.3043828542063285,0.3815923966258183,0.25276926493722557,0.32925379590305376,0.25714066718828765,0.2389396982998589,0.28979582544222493,0.16723912061796598,0.8116709547756544,0.2542894846618966,0.4956453738117473,0.27378760382952916,0.13515894841679146,0.186316280852971,0.32199385577361656,0.2619869111139163,0.2650864896462859,0.24201768665086237,0.4504450697440974,0.3745907576906162,0.2662276200221094,0.2518546079816933,0.2035574036524319,0.3545671229719415,0.38399847188284675,0.24022989745152773,0.6105242154818343,0.2834655776915258,0.3453743569487762,0.3267800037051769,0.4591150165159055,0.3068993189085818,0.21639911942332912,0.2072097469167336,0.08244840338616807,0.3225044926869069,0.26542845017919414,0.27414222706343433,0.22280743961060287,0.18352945335043694,0.013554644706294021,0.4247108005637136,0.09230641973146729,0.6752293650698616,-0.09276443312354175,-0.1213029755757925,-0.15811904497355614,0.3213958406017937,0.013086836964911941,-0.08393903066178857,-0.04059408041482746,0.08394762700760018,0.10550555720287054,-0.0592002613071846
0.1274885386602562,0.4581855665717637,0.3898639965524643,0.2225361812638403,0.25768551859689026,0.41160442410033743,0.06936863629201102,0.3171046680361147,0.22696167432070366,0.23538291680125947,0.29143233764820586,0.22339086010112785,0.10156157350957529,0.2542894846618966,0.8996817121634642,0.26415839146465797,0.38851388340728976,0.2947517585368414,0.20119261862521365,0.37145118727870613,0.2607819712893586,0.061195746732585876,0.08281342913147684,0.38012196067605186,0.3422117074790787,0.2726681218553848,0.18642740033370558,0.30022831501567765,0.3613896660268656,0.12619879879120063,0.21012055562576645,0.23642804522804434,0.15771567114892576,0.3342170861912693,0.21783483610413595,0.29460347282457083,0.48875357240797374,0.17952133138319837,0.32752255059782176,0.032878996034247696,0.2525084322218915,0.1948606348774249,0.20212547266458722,0.06332875711161999,0.3539093501163404,0.15006015829716307,0.37882543330648316,0.08087430401046862,0.23379491034373628,0.36150377293434033,-0.07062868362083267,0.14226473988734833,-0.333095682438237,-0.040349749872541064,-0.18226065547193562,0.11374693852231077,-0.08095607543062716,0.20161313549741727,-0.3022165843879168
0.11786906953101735,0.2637667229077211,0.19850803177589102,0.31076948198911747,0.3032858056053715,0.3230213129185903,0.3536892178513518,0.26602665880190857,0.2999425769011549,0.24803734188766868,0.2831843656154187,0.3307012420153684,0.18453112318000053,0.4956453738117473,0.26415839146465797,0.6068796596577597,0.35198513871407355,0.1483679683152468,0.11891444706940708,0.3088648413920364,0.2628038676204883,0.24928100265385184,0.11937517352961242,0.37068827273256566,0.34747335748934205,0.24935534231192524,0.26512782162156745,0.2022173833559212,0.35736057918288044,0.3195718806602183,0.19589294075150382,0.39606743115953563,0.1878086501207731,0.36433893069268797,0.36709895064638354,0.3718466021377058,0.33811523836989954,0.19096335973564516,0.23639891924685263,0.07344921520543683,0.2840086957294807,0.2593068876518718,0.25410481202041246,0.1486164910288241,0.22665212840120064,0.07488627213239483,0.4011027946743042,0.06398823314179838,0.5065076698716707,-0.04537398635476764,-0.1562133064549376,-0.07482861119793563,0.25933366491303306,0.003148182200416559,-0.16932195624945992,0.013043052427927365,-0.067152574983972,0.18604429083645632,-0.1592921496729756
0.08830972036628645,0.3920015396118089,0.39597670629973336,0.2787429060355861,0.13849892848552334,0.3792599478664351,0.2763576177485892,0.3923701110516967,0.26751421659926156,0.21683654184420734,0.33888916473950537,0.24545834140171005,0.2042451550038669,0.27378760382952916,0.38851388340728976,0.35198513871407355,0.9147111094088658,0.2844078452342925,0.14673897362729113,0.41600162388272355,0.35528730238364736,0.32764461706984355,0.1168967480529468,0.302055099736606,0.341253303337342,0.27781105194573935,0.25297963224592707,0.40933625929112993,0.4137430425794487,0.26385750412186515,0.2270387531051688,0.29006573379966183,0.2174024273027367,0.4353956840163526,0.3456613553242115,0.40610873018860955,0.5870027552665152,0.2565148184124192,0.3076590766331785,0.04339842130840692,0.38683522094584344,0.2873252348091491,0.21272858489064606,0.158203429382454,0.32161454079255136,0.2796620227439454,0.5496167346685314,0.03865794616198549,0.35487933845479935,0.21358563721381973,0.08416505012098985,0.06725887037506445,-0.32819384469314283,-0.08929305791179437,-0.4832181875278739,0.07855253150370076,-0.27024905512646114,0.41468409048098887,-0.43720483871994087
0.13664201621487315,0.5196275681306559,0.34671359065210594,0.29537280993250115,0.19066819100880342,0.2766604695992572,0.2824669488800076,0.29661525899600116,0.21546301824187727,0.24193550061484315,0.24406425586484798,0.3124071353357349,0.16294418460641882,0.13515894841679146,0.2947517585368414,0.1483679683152468,0.2844078452342925,1.1699821164599185,0.07247703191326894,0.10037231645042997,0.2836309796253488,0.19872941496502347,0.21223770171615677,0.44805401699767256,0.2532885344383265,0.48002849340012077,0.07375712173395672,0.357340674070185,0.3196665799099038,-0.011916791339024992,0.18909565195573846,0.20784174230012203,0.16190313943295234,0.30341280931258596,0.11506936674354469,0.39847125155543084,0.30707196751488675,0.0964842637626332,0.23669348985431088,0.13899931351634726,0.25351750126803657,0.13480081573227612,0.14660615150539974,0.09164280150633403,0.17307155271180674,0.26351442245122686,0.23833100019655146,0.057347754089386915,0.35650712881181634,0.08553589644986827,0.49896767103025796,0.1509658258910882,-0.6976377173538528,-0.13070604765329638,-0.19555497825194776,0.008395476573725812,0.017482220342485075,0.1795680480641233,-0.22014546772670052
-0.004009090492383551,0.021110944024353897,0.3546276354144346,-0.009835294481834853,0.06590250303582551,0.2693288381603661,-0.04030592602925538,0.3064865051356933,0.06997727789255889,0.12027173210135872,0.03156661832494299,0.04618834899510933,0.09364168154022404,0.186316280852971,0.20119261862521365,0.11891444706940708,0.14673897362729113,0.07247703191326894,1.724202273462745,0.4715529516381993,0.09068759638443646,0.1414871750261847,0.04379808079968427,0.1268203449416791,0.14250838280044936,0.031410807020515,0.10678843461381145,0.11472446242713454,0.21734143651239443,0.13653216571380533,0.23910063352951025,0.12513532051561535,0.10376036733693407,0.18156602911183015,0.05126483162875897,0.2589988997922917,0.1840978274756944,0.23445758457442867,0.2837130772099095,0.008209007118195893,0.22818289713525303,0.19555902078700513,0.1119318915054464,-0.007928865328254106,0.30811660846394767,0.268926826773593,-0.04220434804095586,-0.020924035597197285,-0.44853119200462604,0.19942622426105802,0.0354125405301684,0.06371755351335869,-0.09653651823824003,-0.10754120548193791,0.020775928600435093,0.06742910570154624,0.14929206701071113,-0.009414406981032563,-0.10123276900669965
0.08186218983738287,0.2836086594770013,0.4328289468345298,0.17023582439114793,0.20331114095724892,0.46307093639259234,0.17184333835290935,0.4211932073060803,0.2618886477431502,0.24744533158330045,0.28336369863959554,0.22861571023044108,0.15762706399867443,0.32199385577361656,0.37145118727870613,0.3088648413920364,0.41600162388272355,0.10037231645042997,0.4715529516381993,1.4423507076102482,0.15949017578096725,0.15769283801588443,0.42133632314259667,0.46607195719439587,0.3432264460061494,0.40111417454336823,0.3954648554938296,0.07692667595551779,0.5292305755630166,0.3133627555577821,0.4281020814726371,0.26015013697869993,-0.017188152016421064,0.46190354527477967,0.23626652000609963,0.5280209679753641,0.5628091970013523,0.5496292347896875,0.3356946880983338,0.16357364962273352,0.42201116366746855,0.47189974130831336,0.30168355724570206,0.1424712752752866,0.46619080924130885,0.2868673653726496,0.3444816622893385,0.13390663954534965,0.6627075696984395,-0.02022439000088889,-0.08838840058732231,0.03892340505680792,0.2740955502215937,-0.08947106139317862,0.013161665701120654,0.058494979123604865,0.24863183933630548,-0.024723783148259862,-0.33119042880507304
0.09669115612618218,0.38861615643924907,0.2511728891880776,0.2431033435285401,0.14927539469325976,0.27643848671041316,0.29318667093446454,0.24700434637494306,0.2644761422870558,0.1836680818373319,0.2656498761361745,0.2325651489087393,0.18260149583632643,0.2619869111139163,0.2607819712893586,0.2628038676204883,0.35528730238364736,0.2836309796253488,0.09068759638443646,0.15949017578096725,0.6188413888100611,0.2895992738612724,0.18100643109063513,0.29974583968179597,0.27471533696851236,0.30875550704370763,0.17939844534275484,0.26847801946483224,0.29982053158809546,0.26980751889232385,0.2952868006857561,0.25364248598853295,0.26787565473653363,0.33465944068848275,0.2905767599378389,0.3913811349754272,0.3658408754254916,0.1760688173244343,0.3279373831564839,0.09331795188056549,0.4202831166693171,0.17143906863183705,0.2540296466664972,0.25037592191901636,0.20915285559617774,0.13883172406044447,0.3995778235661346,0.048152354838851816,0.3657530088824722,0.10601798439832508,-0.07082548121366758,-0.059913424352004446,0.019906803411876332,-0.055094789698562206,-0.29071895983992285,0.028369000946609598,-0.2562718599354609,0.28652828895923055,-0.1161163449695752
0.16120623502681167,0.14197775104429655,0.24296468393774567,0.23930828809483642,0.18169168151925008,0.23723895582494092,0.3847682556798188,0.23638154817977133,0.2670818678408416,0.20838782703754422,0.23817262921812016,0.2274568396096369,0.2638894207081918,0.2650864896462859,0.061195746732585876,0.24928100265385184,0.32764461706984355,0.19872941496502347,0.1414871750261847,0.15769283801588443,0.2895992738612724,1.496017815324318,0.494227418835668,0.2842424224546582,0.19728673797138827,0.3491216720545643,0.2798962855677556,0.13827201384827553,0.265352416979417,0.33836769078702017,0.2703904540404612,0.30086221578271605,0.2704710470569972,0.3564792193898707,0.18383330821706684,0.4471532419614398,0.20083324141350814,0.22208838092713165,0.4352968128266519,0.08202860712109976,0.3397992366866096,0.18943891207963648,0.3327274618194348,0.559987443452129,-0.08707585069536881,0.2144501414566595,0.3093929870754703,-0.25336445977239175,1.0525985692652893,0.14740677239825492,-0.14608247113306203,-0.3041362034714335,0.2294318482741102,-0.05671551282372803,-0.10879787205919647,-0.025567901713275366,-0.04449864651563408,0.07120965302528802,-0.1573511376934159
0.17562517389889437,-0.26614746976750786,0.010552726630551058,0.22572740254492832,0.30856830207008057,0.03480658260456858,0.44202571112334743,0.0798813918715733,0.2316457283886095,0.1648466079765344,0.1803536978502722,0.22318259450496383,0.1781153179406348,0.24201768665086237,0.08281342913147684,0.11937517352961242,0.1168967480529468,0.21223770171615677,0.04379808079968427,0.42133632314259667,0.18100643109063513,0.494227418835668,2.130532080144602,0.3720336812440003,0.36003335945367154,-0.08744422824993377,0.255988855672923,-0.3424809750097514,0.4459750047161205,0.6365511800548662,0.5629674614093693,0.18202102162307549,0.012593335046983156,0.4076559666495803,-0.13233304321939762,1.039977177094888,-0.2248156870214527,0.1902357656899798,0.12309919082196236,0.2345298512329524,0.4644364684905656,0.1283071496379809,0.2830122952004141,0.9230149708846398,-0.0887492245813879,0.19439408899821425,0.1823048921971506,0.010249175170573643,0.42847327537007845,-0.6601461055304435,0.31736001841020683,-0.5607806085214088,0.7881714288267534,0.030826691178310897,-0.07976639760223529,0.11372824052953392,0.005590052193925884,-0.036891847555401286,-0.22417459866074563
-0.15436299339133047,0.3133275424360846,0.39283739992758254,0.28386091174373423,0.2543138242700633,0.4088367385594031,0.3806656334805372,0.32777444194326205,0.4144940103681493,0.2871903118662773,0.33618256125220003,0.3378434875693057,0.21772260419313236,0.4504450697440974,0.38012196067605186,0.37068827273256566,0.302055099736606,0.44805401699767256,0.1268203449416791,0.46607195719439587,0.29974583968179597,0.2842424224546582,0.3720336812440003,1.4481758990889477,0.46898060836974803,0.24141333832102052,0.24860278533310115,0.25252967055792314,0.43782984218841925,0.40679373862676244,0.370881044013837,0.38124248859516563,0.29691763999906323,0.2338766047463379,0.33218574948528534,0.7756640840389784,0.5444133047869986,0.2780569796470554,0.2919035086714872,0.07675413949419778,0.36153924476462124,0.2858695517008666,0.23087135082102886,0.1632991283042123,0.2266163784652585,0.14948699200665458,0.3765380407373823,0.1502216219890157,1.043426173346699,0.004154464601227985,-0.17577792828498273,-0.04483539535019014,0.27019476286378397,-0.09512572203531575,-0.016945780764467965,0.012848955380529376,0.30883409075614077,-0.07760516233515201,-0.16777704772972585
0.1120604856937284,0.29702069527342156,0.3102331652524192,0.24859909722838888,0.2309679644143232,0.3382864187151185,0.2908764276094788,0.31252887649805106,0.2961238874359698,0.23117368422173143,0.26598459822460935,0.30784409442591126,0.16857882101384503,0.3745907576906162,0.3422117074790787,0.34747335748934205,0.341253303337342,0.2532885344383265,0.14250838280044936,0.3432264460061494,0.27471533696851236,0.19728673797138827,0.36003335945367154,0.46898060836974803,1.1470051311538219,0.17313581381749107,0.2870652497388758,0.18955824140889685,0.6301040029436317,0.49778806976774326,0.22781605754649667,0.3164394613213107,0.1890913428745917,0.5693508934088496,0.3828829505312536,0.5406703326901113,0.49717456005842503,0.2171872730766346,0.4848596629301315,0.050663878246331985,0.3477037473276503,0.2100697142605232,0.37616031551875095,0.252964488293443,0.524081710447947,0.25109750025451283,0.4459576204992278,0.038900918100287035,0.019447459120856405,0.10545622316770274,-0.21177118130451117,-0.17151573650922164,0.2863280968832205,-0.03448882689390967,-0.15255111500005158,0.11226163744576527,0.008794079496430242,0.1388704278616901,-0.3093070579053536
0.1477744604315078,0.39082772904366103,0.3375196598657676,0.23426862990240424,0.2099689649419022,0.46791544945732894,0.20398981420221285,0.35638381491389143,0.31908799989239617,0.19217373249839945,0.272775870721009,0.2862131322179267,0.19489684922798697,0.2662276200221094,0.2726681218553848,0.24935534231192524,0.27781105194573935,0.48002849340012077,0.031410807020515,0.40111417454336823,0.30875550704370763,0.3491216720545643,-0.08744422824993377,0.24141333832102052,0.17313581381749107,1.7893668385798716,0.20326883191918818,0.4589697272626241,0.17232942307108465,-0.5327489772157689,0.4498641991407998,0.3436105802879,0.2712818206595,0.3853722825509797,0.24303059483785747,-0.036324023658328236,0.027845841430219852,0.1627177733739112,0.5381681864431316,0.23752427909051158,0.06824286690851591,0.3749100291664389,0.20786205245636433,0.07833859567346078,-0.026535660176066723,-0.0604577767435699,0.2759094671958554,0.10365800745532086,1.2437303336614445,0.6439340650341716,-0.4278271693500495,0.4052459114648987,-0.771077296602567,-0.07173738791897968,0.11534697674294687,-0.0018201558909623366,0.23129492765447998,-0.05006680902440668,-0.21625462767738635
0.1211243872447145,0.2225208681335029,0.196655040625195,0.18676967783558263,0.20992497379730554,0.27277228220985644,0.24983038605654012,0.23379112899173737,0.22876789169523792,0.21152889740882913,0.23473455636412585,0.2755226878169091,0.166768659280792,0.2518546079816933,0.18642740033370558,0.26512782162156745,0.25297963224592707,0.07375712173395672,0.10678843461381145,0.3954648554938296,0.17939844534275484,0.2798962855677556,0.255988855672923,0.24860278533310115,0.2870652497388758,0.20326883191918818,0.6683105089876614,0.15702278160412242,0.26644564856542924,0.2734085091791166,0.23210659516999219,0.28565169538960505,0.2136280575618978,0.32599734888973886,0.247499667512373,0.41538505583508656,0.3106437885426311,0.21536786310298542,0.2411569175088633,0.08653468077944422,0.2293012787382348,0.1933544372457987,0.31966242397848355,0.21701060261898955,0.2345450161902441,0.04931107489199612,0.2636760381247371,0.07464508134367559,0.6411733024796351,-0.040767205950155344,-0.18560231388502768,-0.0002991047129905596,0.25756281544395887,-0.004798828879168102,-0.05693832558291775,0.02798682172512699,0.04291904330151899,0.0566619911824549,-0.1632611893924506
0.039390785028089285,0.4359427899399721,0.24765714589504156,0.0830961864537232,-0.017089235509967073,0.2067972136913433,0.07094919811965665,0.18357844702121223,0.15709811218818412,0.09996773372261691,0.1590645010181666,0.07759620474747214,0.13992483047438461,0.2035574036524319,0.30022831501567765,0.2022173833559212,0.40933625929112993,0.357340674070185,0.11472446242713454,0.07692667595551779,0.26847801946483224,0.13827201384827553,-0.3424809750097514,0.25252967055792314,0.18955824140889685,0.4589697272626241,0.15702278160412242,1.6188862102032828,-0.10412225089999509,0.17972040029876524,0.1115652904181465,0.44385604056710176,0.771510777726319,0.17218769795904348,0.7016513714395364,0.07558476369360143,0.5969166179843917,0.1663511043140601,0.5089973715449073,0.04234633486104342,0.21883816895259553,0.052951660036546014,0.391420849568367,0.3442070790789062,0.41063307595319404,-0.03285883809560943,0.193447121186486,0.14326446828709988,0.15140755223665248,0.6195014748082156,0.11335469727075499,1.4429408554487366,-2.2553280140092546,-0.054108087453176384,0.13042131819011188,-0.1068790019330431,0.03524086026013274,0.008046949154043234,0.26392606275543484
0.06957697289547003,0.43103485143862685,0.44204118515366914,0.36946183896947066,0.3277532028658311,0.4684348364524771,0.3124407168080823,0.3774105676562417,0.31254137587467484,0.35284554989551853,0.3404396236056146,0.3735200159602914,0.24750818788838938,0.3545671229719415,0.3613896660268656,0.35736057918288044,0.4137430425794487,0.3196665799099038,0.21734143651239443,0.5292305755630166,0.29982053158809546,0.265352416979417,0.4459750047161205,0.43782984218841925,0.6301040029436317,0.17232942307108465,0.26644564856542924,-0.10412225089999509,1.736677318067942,0.39621952621098544,-0.14488097975765443,0.3689981849593567,-0.23405064228761693,0.7552088166699245,0.16598316487026532,0.867427259209895,0.06725262471485541,0.17179604689163544,0.27435754661906986,-0.005731370054561637,0.4824894196510535,0.26339824946255347,0.034533662954464105,-0.12140035250562141,0.16909311297272786,0.3933244381703113,0.48935248539491594,-0.0424808414617674,0.7292922088271139,0.13802839152593682,-0.26149129334686855,-0.22678344386505894,0.27355903078450283,0.03915031895701924,-0.4134488283834324,-0.014476992352674745,-0.19765155074612428,0.30344029817258755,-0.21757165036844667
0.17814644507350264,0.08769970574436896,-0.23119956422721774,0.16190266257844516,0.13127116788711599,0.028723366225235428,0.40852184168024824,0.10605666027296368,0.14770286409152225,0.17088820271533922,0.1785298488472309,0.14313819705879874,0.15474240837254533,0.38399847188284675,0.12619879879120063,0.3195718806602183,0.26385750412186515,-0.011916791339024992,0.13653216571380533,0.3133627555577821,0.26980751889232385,0.33836769078702017,0.6365511800548662,0.40679373862676244,0.49778806976774326,-0.5327489772157689,0.2734085091791166,0.17972040029876524,0.39621952621098544,2.412240130557412,0.17945514293612294,0.3050498780648302,0.31640055246450904,0.15507316762511414,0.5600073779352588,0.7752864643477924,0.46079905354011624,0.2931871709929459,0.23639613244846086,0.00811174390340541,0.7605799617924583,0.24113843335860474,0.9102685462929103,0.7994226147913314,0.8153087241310215,0.22965525614504337,0.35932789753979333,0.008037360413194463,-0.3585330644105962,-0.5186642277563431,0.10258825356194246,-0.7910423620058962,0.9184691144904585,0.10397287074363681,0.001850608886079198,-0.05637904831326551,-0.34260671323685915,0.32055549969486896,-0.018631397680489905
0.09409656150005029,-0.001647744442168264,0.25012710297442764,0.037999553343954495,0.19200424364815233,0.26966742863694215,0.24377708495786776,0.2457215091529929,0.32784607115814884,0.10130743431175068,0.20890139218094259,0.1730467363091692,0.11035848298300174,0.24022989745152773,0.21012055562576645,0.19589294075150382,0.2270387531051688,0.18909565195573846,0.23910063352951025,0.4281020814726371,0.2952868006857561,0.2703904540404612,0.5629674614093693,0.370881044013837,0.22781605754649667,0.4498641991407998,0.23210659516999219,0.1115652904181465,-0.14488097975765443,0.17945514293612294,1.947459352898348,0.19361234554991336,0.1661766237383813,0.25648622328456766,0.27146308612579007,0.5473038069562882,0.39692117021364504,0.32275851115526233,0.5081406169800717,0.22258827904147763,0.20152574484566574,0.3056925147697847,0.2969798969650259,0.4520487097741777,0.5336900292763238,0.1462202014309963,0.35890943192878544,0.0952325799430138,-0.17387143138151237,0.05299537057423494,-0.199885145810537,-0.11324963163918708,0.28797195359787137,-0.11801397140066176,0.2498402237353701,0.2899943762641538,0.6304649975928639,-0.38309046337226493,-0.618860820000941
0.09541651167570958,0.2502024932584833,0.12999260803408755,0.29192239445466295,0.2774543205040396,0.3163252900488204,0.35964461695710326,0.2245006471174124,0.3114287093908105,0.2389209581865405,0.23090509744094806,0.28420826289781526,0.1764783735038804,0.6105242154818343,0.23642804522804434,0.39606743115953563,0.29006573379966183,0.20784174230012203,0.12513532051561535,0.26015013697869993,0.25364248598853295,0.30086221578271605,0.18202102162307549,0.38124248859516563,0.3164394613213107,0.3436105802879,0.28565169538960505,0.44385604056710176,0.3689981849593567,0.3050498780648302,0.19361234554991336,1.0896451862400696,0.37070026489994595,0.3957810246730915,0.2099351488524329,0.4714217962586762,0.07635205330558473,0.21197380304339683,0.2561865372842114,0.09373811405888921,0.27708579753574375,0.2618595566993192,0.2706087711447217,0.2120604725372465,0.18192986598578764,0.021930635148438262,0.3424760633718666,0.06668418165853021,0.4267290388609061,-0.07525169972485021,0.12144659566671509,0.4790390489763817,-0.5787751453649876,-0.016484568539058286,-0.022823626285034402,-0.042583080814029076,0.08806592627141704,0.0652377238560065,-0.02458998399287822
0.060096553955136425,0.2260369348527255,0.10176684529377548,0.165674132574297,0.0916291668965601,0.09646685868230752,0.20714567586398105,0.14766381359915556,0.15566232312945916,0.12582954271113872,0.1560581580236698,0.07942006265053117,0.1385187397738535,0.2834655776915258,0.15771567114892576,0.1878086501207731,0.2174024273027367,0.16190313943295234,0.10376036733693407,-0.017188152016421064,0.26787565473653363,0.2704710470569972,0.012593335046983156,0.29691763999906323,0.1890913428745917,0.2712818206595,0.2136280575618978,0.771510777726319,-0.23405064228761693,0.31640055246450904,0.1661766237383813,0.37070026489994595,1.649079813329825,0.08397687625610972,0.05815896586495552,-0.10922720765696045,0.6118458758483297,0.17043777857057654,0.43822776048482626,-0.03952335900111136,0.0012594796765056295,0.07337897649377145,0.4972584694196235,0.5254327130622529,-0.01454419558120951,-0.19248884789142442,0.43834236322493947,0.20616294581260566,0.4232703485227138,0.3345960456316329,-0.2955387658703028,0.2814925981714597,-0.311337131725685,-0.17558966221957345,0.10567876911048624,-0.1396144735113722,-0.08111386288690738,0.06879981016552456,0.30088519947029935
-0.20233441409022784,0.4207237432270166,0.5099742296683832,0.37556386433662853,0.3120031248655104,0.4572029300072689,0.3482385720517602,0.4164877759092136,0.3410746800371642,0.3778988874126162,0.3185119579631822,0.3448445604704691,0.25325535983106423,0.3453743569487762,0.3342170861912693,0.36433893069268797,0.4353956840163526,0.30341280931258596,0.18156602911183015,0.46190354527477967,0.33465944068848275,0.3564792193898707,0.4076559666495803,0.2338766047463379,0.5693508934088496,0.3853722825509797,0.32599734888973886,0.17218769795904348,0.7552088166699245,0.15507316762511414,0.25648622328456766,0.3957810246730915,0.08397687625610972,1.7621144033272942,0.3770345132919118,0.34201023964504523,0.5022153797847975,0.2331399587012203,0.5908590810521159,-0.009309173327600761,0.4487872658482073,0.23107271253385772,0.5668188793661765,0.4146037597567497,0.5686067778344804,0.2146564144084049,0.7059675522082943,0.04534718596293784,0.260106698247182,-0.10833774597682641,-0.04859095753165846,0.051638915013212085,0.135861939831159,-0.07444891625246859,-0.42447495959531406,0.045823744534610855,-0.32462158851893413,0.39146850297964,-0.12517398580721292
