0.6239655972668458,0.26454829547425984,0.4468835605102823,0.07582578200941013,0.06802994957437412,0.17473502341661906,0.19947855479705648,0.08237496404530513,0.18791131110509404,0.14403789579317486,0.13971247393232916,0.16343071989025817,0.12150844980242285,0.181511890167544,0.15520626201763058,0.05290692117414565,0.09593167513045288,0.131177020471089,0.07944945185049544,0.14208631651318862,0.09750595026209007,0.12449325675843854,0.10762405404333822,0.11845417968173728,0.13206785050552372,0.15511562467000767,0.08621947891616587,0.09013787483026318,0.13697019962653428,0.11003132902868652,0.12616309540939402,0.0805882238489927,0.1034405787999639,-0.012851231085523893,0.09683363604478173,0.13617204759018744,0.07599423976881862,0.0873982054188941,0.13371128526626572,0.09943049391380493,0.08818281737320474,0.09568635246859827,0.1229752293915034,0.08347486651081555,0.20312830375781518,0.2271777598674592,0.14126024127915604,-0.05775596969297674,0.08703798664046096,-0.052496922377063736,0.012062251097517228,0.05266449485805227,-0.035771695667563184,0.012849045626224055,0.029707456377467786,-0.061488186856070465,0.45766117114077026,0.03303489376776689,-0.4468535031076583
0.26454829547425984,1.3596311816339266,0.8714284844430153,0.20545315504502054,0.15429008456234897,0.39165830126711215,0.29688861874859745,0.30961631591571565,0.39640690390910793,0.3140052080368412,0.32688322081444576,0.33052752108048217,0.34614900772227253,0.28358054358750223,0.34105964485700935,0.1409259732742656,0.29284687648563884,0.3423597462299031,0.1625128464890043,0.4192164611439188,0.273845714797811,0.2659651822568043,0.09169517469473287,0.31268263110184996,0.2573196259354324,0.3677584787339601,0.25659983955154114,0.2843934257928916,0.41203456665710775,0.12204461921746548,0.17743022120529026,0.31813241242259577,0.27216496395744416,0.33483573074551676,0.2755560792293899,0.1788114380564821,0.35863946418854437,0.2361885237974843,0.2267609165314201,0.1773797032058115,0.08231752464320784,0.2522205478255698,0.3620485847606993,0.10537129379536313,0.4772583652153161,0.050643420168935444,0.22119309448307964,0.17070495802155763,-0.032074706859161445,-0.28250750356511267,0.3044863723309588,0.21863210356931415,-0.23511076272747147,0.006985638234065564,-0.13940103238883975,-0.1348949635986599,-0.3080456309428691,0.1390755781737007,0.2973519224723608
0.4468835605102823,0.8714284844430153,1.721641657314521,0.18068872475495426,-0.08425738066928792,0.50894639622596,0.35843088619859625,0.4753699252489563,0.5823534215285207,0.42926277447070776,0.37165085235252854,0.3531064486546606,0.3528362348987676,0.3488954075355124,0.40579762652541423,0.10738692717111951,0.30837613890411275,0.3396958603661438,0.32135297956630593,0.3099635950937406,0.3247970071699116,0.36859134585320846,0.21386491039321054,0.3995716505389502,0.33722382754286173,0.40033164458806714,0.2242595874981978,0.22325823040404952,0.5625733039719315,0.11641969150158014,0.24735633655677866,0.3260731418775526,0.30666603300005785,0.3714016574796384,0.47520075391700484,0.35107385639640676,0.38551175200296295,0.20479779855709673,0.3403519695324108,0.0834018506695799,0.11466375453776938,0.2972335791426604,0.31140316591446204,0.1930285335661152,0.45365463602813294,0.40022743461096283,0.25753659865413175,-0.007929407092530743,-0.21917173954105504,0.030385822979437413,-0.1253725499013122,0.23283382706559036,-0.10747467261860734,-0.039219634554283046,0.06826702790602993,-0.11790926733119442,-0.002002362604103446,-0.11837500240371227,0.0868058427523921
0.07582578200941013,0.20545315504502054,0.18068872475495426,0.9290557939271975,0.7173036957593477,0.5916412506314123,0.4158658338942374,0.44043279856694206,0.3170856973661091,0.22071011292460596,0.3747859795270293,0.4000698499126364,0.3958043215738047,0.36174028508948464,0.2693562088838491,0.4521859268878165,0.3057277269634797,0.29333977766275676,0.256422537116648,0.3455507246397276,0.30340655910556935,0.3874574915908048,0.3383717170648364,0.42269252192073525,0.3799440271752392,0.2991034848823642,0.3152120484689078,0.14920094678989224,0.4204356695965311,0.3361445293817637,0.2814945043296273,0.39692567889090313,0.2917075171867814,0.504254885839193,0.04078182272330524,0.3038362839961158,0.3466254939949156,0.20998499890964278,0.42859027655910903,0.18338228264335504,0.14268364471898215,0.29682564903238506,0.37286980115992424,0.4448900710635295,0.09402714724190593,0.1604436299835784,0.31728936385128914,0.10706834152437796,0.4704129264225142,-0.143759340060548,-0.153136125882001,0.18721645236067191,0.07616490436387345,-0.08825749987866881,-0.02892294227975012,-0.05252149463530349,-0.08781575743148513,0.07895466530745698,0.03568350902682929
0.06802994957437412,0.15429008456234897,-0.08425738066928792,0.7173036957593477,1.3191297437577865,0.6652615266351684,0.44209766649363347,0.41214521620523087,0.2784215778673275,0.2195258215960498,0.4189139161987028,0.44280601045592316,0.45568212542531145,0.3509798011649445,0.3014602305273351,0.5925008468714482,0.31919063118813285,0.3337148611458115,0.2695057605703707,0.41481710280354533,0.3254192383820255,0.42571780549739935,0.40442508327270194,0.45884874647075224,0.4207762409019596,0.27442494949783697,0.3747946245579528,0.15130775381159658,0.44530405930967937,0.4007225261645289,0.3194830389537043,0.48528377636544745,0.26167267402409655,0.6193518938504471,-0.019042198161050804,0.3681053453754157,0.2987081359894099,0.25720557527363463,0.5063355872817211,0.2650410655099418,0.16816902779958356,0.32932280246339174,0.3237799311604897,0.5034206280853533,0.01918293619256145,0.09865989648814741,0.3601703932198889,0.1491169497169757,0.7437008570141478,-0.3306812676251932,0.033502442141787325,-0.020151062316897162,0.22303694747834235,-0.03167304664787653,-0.07187516589809811,-0.027546646967298312,-0.035301557097156246,0.07323494617436431,0.010965050492980882
0.17473502341661906,0.39165830126711215,0.50894639622596,0.5916412506314123,0.6652615266351684,1.041695434170988,0.41025474035524856,0.5851639221214149,0.4009785721554147,0.23762534468149182,0.48172291249342,0.45838410445723454,0.4865577754894356,0.4311053360356749,0.38394690333610215,0.46832678765766944,0.3856632902869466,0.3642446248633147,0.39724137804555887,0.45591533605487694,0.4017967092278789,0.4547373087610666,0.31576937203522304,0.5005305741954994,0.46834426572745685,0.432157077851028,0.3904056769413307,0.2220506406433483,0.632900642805206,0.3923657937389777,0.3560050009987761,0.5060500749221752,0.30923311383431235,0.5911767228065113,0.2866645042043808,0.36283380404215765,0.4635829945373538,0.27513229663356975,0.5253049752333027,0.20833415174158362,0.113791765191734,0.38416223862273835,0.4810662327423043,0.42203796616391526,0.3216202457549302,0.24222371177665725,0.3934824046620207,0.10025403622356249,0.45548695934014266,0.04052148572867433,-0.4641523590739696,0.2734288169577411,-0.0159738562563315,-0.04125048825011917,-0.11684192704242442,-0.06819388932268149,0.07740936211912168,0.14963043996009776,-0.12743205376117978
0.19947855479705648,0.29688861874859745,0.35843088619859625,0.4158658338942374,0.44209766649363347,0.41025474035524856,0.6145336905567885,0.26720831753409496,0.35821535181533887,0.20770204406970463,0.3222732686811114,0.39947704323892164,0.302205567194378,0.25135244931422474,0.21416925153525074,0.3514485167426806,0.277612609726294,0.24707469005898083,0.25512372967662406,0.3002918419078266,0.27581554843875394,0.3583586890603195,0.28286325984115684,0.34095953247759486,0.31606498862697985,0.2563178834481836,0.2614743338106769,0.11682258188730928,0.31804981933500126,0.25869889628320836,0.25983960817547336,0.30459384158357555,0.27510198735203034,0.397968783992359,0.1716736197665348,0.2868844543369965,0.3049848532528587,0.1807414809483219,0.38291983294573645,0.1753299702765293,0.09039262442607915,0.26723351097436776,0.3180380647100359,0.3025345373655838,0.21275827680910703,0.19097341561689693,0.2651313469217353,0.10361663077692623,0.33242410373711784,-0.17468155507631788,-0.10945036742228992,0.1506700840566841,0.08948338227708354,-0.07566821772367865,0.006530307165060168,-0.004421936443565781,0.009582399264548016,0.04843157688916877,-0.18856918786424287
0.08237496404530513,0.30961631591571565,0.4753699252489563,0.44043279856694206,0.41214521620523087,0.5851639221214149,0.26720831753409496,1.065638578687829,0.27608250890733277,0.2995198904333208,0.38552372308308724,0.2579049728808388,0.4178427218769755,0.4051838258278395,0.28850337880150156,0.2909716340071048,0.3086230350419656,0.3502024650741607,0.3135975622475812,0.31329962797548233,0.30146664212454555,0.32008607652111254,0.2801292225605573,0.42063806266358955,0.4226033295171311,0.4591227038073607,0.2903962695468246,-0.026930344437831582,0.4327799460456959,0.3465767843808279,0.2645186607406682,0.34603511069641524,0.301155167488656,0.45128679691029905,0.42273961463446896,0.22507871692382544,0.3993428441301407,0.19189598665412624,0.42439829737132306,0.15408223486425388,0.08606514369782949,0.30375769384455126,0.4738768910224778,0.21551125886386588,0.35215471665514725,0.34694737457851704,0.3948078783185934,0.06104264169684249,0.2982234359164413,0.18872689140177237,-0.3401778370736038,0.28334787438190934,0.007711543914836665,-0.16110582182072986,-0.23741035214692735,-0.18367409357118988,0.4439541993743709,0.24296599105077718,-0.39108737175946645
0.18791131110509404,0.39640690390910793,0.5823534215285207,0.3170856973661091,0.2784215778673275,0.4009785721554147,0.35821535181533887,0.27608250890733277,0.8747164652953225,0.36067468377609985,0.2865465603916051,0.27262538448097706,0.2873751796645621,0.3055108535542462,0.26665487988501824,0.15027769556821194,0.2538842181438035,0.2808160829131721,0.23210262553543587,0.24688794628309216,0.26694414780503883,0.4525424948555267,0.3229868790086874,0.34715648220730844,0.27404247220062006,0.32360498367326657,0.20189868570096473,0.1991947916498209,0.2876164331724736,0.17928343200416175,0.2548710025539612,0.30670905926413156,0.28124930999551634,0.3683725275917796,0.11113364513266329,0.32843546883631475,0.26503746649168586,0.16050509915274006,0.36859887392583285,0.15495057771999765,0.11123812696795302,0.24740233902604378,0.27106971400638263,0.3397123697831094,0.1508958613150851,0.19559327089327797,0.23392387652654034,0.11328047571854123,0.1932025268711149,-0.2771027370710467,0.05980454986221158,0.19419537515333934,0.08731532088201628,-0.12625306063338382,0.10097383320208544,0.10217510169839022,-0.07373606540459846,-0.10283684023554168,-0.055343820897474694
0.14403789579317486,0.3140052080368412,0.42926277447070776,0.22071011292460596,0.2195258215960498,0.23762534468149182,0.20770204406970463,0.2995198904333208,0.36067468377609985,0.7990845774286955,0.24357080113431193,0.25611207718698925,0.2499280667544412,0.23884586085147497,0.2602855456417908,0.26609479511467193,0.23857504851175257,0.3089737092280351,0.26262048861800646,0.12037984736461041,0.1941854273946074,0.32160669164065225,0.33883218007321775,0.3177876367964023,0.2684614950872644,0.20468315857938385,0.18332438778257953,0.13615920719529917,0.308412949877525,0.28942065661338806,0.20119024104107408,0.2357089624431252,0.18968700967506133,0.34974274817391726,0.27949624926143013,0.2538029567157767,0.1901856531957407,0.10058502221842693,0.3746000806655108,0.19293997009283942,0.21364463687999125,0.1939548531923749,0.1925201327541307,0.3280164103713979,0.08055192175251219,0.15227174047869055,0.31500277340414795,0.055902444023779176,0.4083313347354812,-0.14862307162365265,0.13852276369108105,-0.033534783497178144,-0.018935548910599675,0.052129037131364866,-0.052710604976237835,-0.03827366380365913,0.13025756246605827,-0.04729000949163654,-0.032217089333030156
0.13971247393232916,0.32688322081444576,0.37165085235252854,0.3747859795270293,0.4189139161987028,0.48172291249342,0.3222732686811114,0.38552372308308724,0.2865465603916051,0.24357080113431193,0.5648119294258898,0.41361654341310117,0.45690629240180924,0.3107894294917654,0.3379329804252336,0.3728929923374882,0.34841218864746265,0.32572099717636854,0.28120943826435946,0.3822310867760718,0.3213861581419218,0.3425792077646093,0.26090165796574977,0.392108129015037,0.3645827147445608,0.33890994823769516,0.33072188046332557,0.21568521527897,0.40528630813548483,0.29856755937957086,0.31235020952354736,0.35610970285769794,0.32383738111717697,0.42587105707330924,0.3319961317761179,0.3278645991075174,0.3594007620627761,0.22647144870311464,0.4078669094791437,0.22804100870855065,0.145717052194969,0.319635055167467,0.3469305656070142,0.28313207413482316,0.24972580148838938,0.18282201356224506,0.32298890789227774,0.12142587353724889,0.3983062279688808,-0.11750211433733,-0.08600808988344238,0.14312591663769245,0.019381845797223317,-0.03920187078233241,-0.05256867263773549,-0.0441706774061631,0.07153480805905628,0.03292793274166158,-0.0758204607804596
0.16343071989025817,0.33052752108048217,0.3531064486546606,0.4000698499126364,0.44280601045592316,0.45838410445723454,0.39947704323892164,0.2579049728808388,0.27262538448097706,0.25611207718698925,0.41361654341310117,0.7023745417290984,0.3670027455535082,0.30608204956413687,0.3150536333448506,0.3796988209803449,0.31007032045935135,0.25237571591703156,0.2744199812865005,0.3450100313134613,0.3088323029201346,0.32931556691499375,0.28817725653448584,0.37147956872575416,0.3854960038770198,0.3173957911158851,0.3495161276882886,0.09441068612522217,0.40709488896539947,0.29344383588513073,0.2966818541356574,0.3445689061221764,0.3167047794481395,0.4390163820296903,0.33743034248136716,0.32339910320797954,0.3273448133369208,0.2039895790115033,0.4140777984279863,0.22817098397977545,0.10748857893018665,0.311258688984072,0.3198842558719357,0.24205559105206675,0.24180828505629715,0.1307383271753435,0.29600762855376356,0.1596395690768369,0.4415684279471808,-0.14080459509722873,-0.1288900498805882,0.11737920261668376,0.03860981069324574,-0.026811487741047465,-0.028462748562644826,-0.07133987929127167,-0.0330396598117908,0.01456256473611773,0.03258446399477778
0.12150844980242285,0.34614900772227253,0.3528362348987676,0.3958043215738047,0.45568212542531145,0.4865577754894356,0.302205567194378,0.4178427218769755,0.2873751796645621,0.2499280667544412,0.45690629240180924,0.3670027455535082,0.8345641380754979,0.30343778391695564,0.2611661040393767,0.49555754963616505,0.295536307478089,0.36627406157959724,0.2962341483372805,0.33152747519914194,0.31223809895572874,0.45953116906273,0.23628828301428006,0.45749699800432697,0.3805060985046831,0.4275772508955513,0.3788398529945349,0.208612684823709,0.4656063828597975,0.34898231736018087,0.26043114681789825,0.3883414561038203,0.3746077373422591,0.42421755782461357,0.4289423377290426,0.2472606081206743,0.3221453562082501,0.20754435110568986,0.3231122155212647,0.22530486487160753,0.16808662490452947,0.32228836572171937,0.4025855338904826,0.3088299961395581,0.16411939903407793,0.15520806063521925,0.34821324547073257,0.07978209239649742,0.47464873223422616,-0.1616515128292243,-0.07769882913700721,-0.027120372981588283,0.03476180588828492,0.0211771181644064,-0.008828842774035298,-0.11869443968632576,-0.0017882027390850553,-0.002424321005269539,0.07852164326417106
0.181511890167544,0.28358054358750223,0.3488954075355124,0.36174028508948464,0.3509798011649445,0.4311053360356749,0.25135244931422474,0.4051838258278395,0.3055108535542462,0.23884586085147497,0.3107894294917654,0.30608204956413687,0.30343778391695564,0.6595450239740976,0.3300260053550712,0.23510911189554776,0.2945508133223685,0.23120319914310347,0.223740853113433,0.3208338417218601,0.2641150491949835,0.265845506930753,0.2588212145447723,0.34351892637131465,0.3113339507205209,0.29876772867500195,0.24084373077622023,0.23577123271128556,0.35219250883258063,0.2978788885070658,0.2792736555389777,0.2845640294959721,0.25355677160181733,0.3366456683895292,0.19914194525301898,0.3417330716936916,0.3340349485654826,0.18881364182292454,0.3551727965171456,0.18235354602781315,0.20998523162549929,0.2648937401727134,0.30699657834976185,0.28676360914832516,0.19261355154702195,0.1938212722125035,0.2823030216487753,0.08115510833093689,0.4096845891796266,0.02886389334241879,-0.08464919520497298,0.17771090230556882,-0.07301527912886234,-0.05750020299506168,-0.1638006817089284,-0.0810266963999325,0.26012570005084884,0.12722908003980404,-0.1139253531702559
0.15520626201763058,0.34105964485700935,0.40579762652541423,0.2693562088838491,0.3014602305273351,0.38394690333610215,0.21416925153525074,0.28850337880150156,0.26665487988501824,0.2602855456417908,0.3379329804252336,0.3150536333448506,0.2611661040393767,0.3300260053550712,0.6648571142679904,0.15697822120885838,0.277775194861656,0.3288848858746594,0.2893593000030553,0.3090641020950731,0.3032140931228697,0.19392283583240721,0.29251582304272195,0.3378960956146419,0.3464137181013485,0.20001852188609573,0.23943948440948384,0.28437825980185477,0.41403914166105155,0.3085129009742084,0.3096378907751924,0.298937577453351,0.29801275600783106,0.36406110204486863,0.20032778479924082,0.39824881128072903,0.3909281685771408,0.17334103840387405,0.398392010081165,0.17633681055113676,0.22940584901498895,0.27674563607205244,0.2515784658727446,0.2856636554951731,0.17233951962867608,0.24900791709695297,0.3087775477734538,0.05713295301511185,0.390280582484393,0.2636486750416967,-0.13127493124589026,0.30166236440507055,-0.25634059974614404,-0.054023074443156995,-0.025959583159132944,0.030287398338330357,0.07659960451228479,0.03285450813208271,-0.11876170356349883
0.05290692117414565,0.1409259732742656,0.10738692717111951,0.4521859268878165,0.5925008468714482,0.46832678765766944,0.3514485167426806,0.2909716340071048,0.15027769556821194,0.26609479511467193,0.3728929923374882,0.3796988209803449,0.49555754963616505,0.23510911189554776,0.15697822120885838,1.3147426156455169,0.38791456889796094,0.3067259807702461,0.63310819152826,0.2753703626396663,0.3951804641471379,0.6696860720810075,0.24069836190067512,0.47923090381807426,0.47886711072728905,0.21403622456114765,0.44797366268111105,0.315995142543484,0.45309365381662703,0.546651630430124,0.27919908207488287,0.47922893606827166,0.3872721503867867,0.6030100772794724,0.7095345627810555,0.299022813807151,0.3964388356313794,0.17201590380891013,0.5070126607791795,0.262269554415892,0.16776937462913918,0.4393326193440223,0.45756766629690837,0.49606873920246575,0.10137626762764883,0.05143094407484218,0.4071126667936614,0.1795277672677015,0.6278785123618312,-0.49952119039004594,-0.2174207105461552,0.06229032110961103,0.18292096049872453,0.03203936873318401,-0.005148723716982839,-0.08506631126047795,-0.1690642122015311,-0.03735239472592514,0.3064268868352162
0.09593167513045288,0.29284687648563884,0.30837613890411275,0.3057277269634797,0.31919063118813285,0.3856632902869466,0.277612609726294,0.3086230350419656,0.2538842181438035,0.23857504851175257,0.34841218864746265,0.31007032045935135,0.295536307478089,0.2945508133223685,0.277775194861656,0.38791456889796094,0.9723872837060873,0.25069471949205496,0.4559016732935481,0.4533004425797758,0.4127664396377195,0.3269382488673947,0.25514743399326706,0.3565112771921946,0.3344065708252804,0.20539780813057182,0.3287638840443042,0.5711017465253145,0.32659940256748227,0.36664128521001715,0.39507410287079914,0.27721955553257216,0.4782540487048253,0.382680729013773,0.3217369631504059,0.47473979883203843,0.6590285456440951,0.25873298308717024,0.5463725717940392,0.2907488858530285,0.2449287091086733,0.4204660238047657,0.3934413256594993,0.4421453482840298,0.3579569966428801,0.17815054320228363,0.3422028137217125,0.2015576688813764,0.46752650424922154,0.32759914404753154,-0.05979696824762416,0.33547296615323213,-0.2553954827347268,-0.12365194996629454,-0.2710023928966961,-0.021286573629290817,-0.14232512573313982,0.21856934572933165,-0.029277501398191047
0.131177020471089,0.3423597462299031,0.3396958603661438,0.29333977766275676,0.3337148611458115,0.3642446248633147,0.24707469005898083,0.3502024650741607,0.2808160829131721,0.3089737092280351,0.32572099717636854,0.25237571591703156,0.36627406157959724,0.23120319914310347,0.3288848858746594,0.3067259807702461,0.25069471949205496,0.7779738547444361,0.3645056871944624,0.14040074498664332,0.2922709735025697,0.3325086341981214,0.27402838690911935,0.3690394892531737,0.30785978656562113,0.3206984312771871,0.24397864834221233,0.2990688078152502,0.30423953183850844,0.181321140868497,0.2505002957189132,0.305725731071058,0.3588747594826693,0.36816232337639676,0.28037162160262863,0.21454199058082174,0.3484589633990884,0.10908787162960275,0.3033659262699306,0.22141675376891226,0.0846569740642352,0.24803580620431182,0.4730383181181605,0.2487929454744245,0.38162530189083527,0.19067853448846586,0.3987033776820186,0.10113451762888115,0.13224503204173352,0.019198980087127778,0.30149542206346547,0.17056769997460872,-0.355913288664024,-0.08942063409530916,-0.005908215601165157,-0.0050871347119799,0.17832796627757042,0.021984111437953126,-0.2245969053229853
0.07944945185049544,0.1625128464890043,0.32135297956630593,0.256422537116648,0.2695057605703707,0.39724137804555887,0.25512372967662406,0.3135975622475812,0.23210262553543587,0.26262048861800646,0.28120943826435946,0.2744199812865005,0.2962341483372805,0.223740853113433,0.2893593000030553,0.63310819152826,0.4559016732935481,0.3645056871944624,1.4451657738272357,0.21664769686031987,0.48568493249764333,0.4585735068383238,0.09724971895529538,0.4415671339996006,0.3084986613021679,0.07988411748285983,0.32407326638388645,0.4646677957066453,0.4113879319333184,0.5316178414655272,0.3873209171081641,0.42057116970625197,0.5456905796342166,0.4690823420843024,0.5155149672813778,0.5067324007196105,0.6470588623218907,0.18378533861360305,0.6368554816089396,0.15261191728444962,0.2117486483599122,0.43676002182089113,0.3344939943074526,0.29761038236635406,0.23916179939216548,0.2273217014662111,0.4097357150532755,0.3745061621066196,0.5695911359764448,0.552963017994896,-0.2467416138950302,0.29987787438555424,-0.3406859445651132,-0.15707385064049173,-0.06259354459230539,0.022569122339716512,-0.01851455984243096,0.12002669915795149,-0.054920800594636575
0.14208631651318862,0.4192164611439188,0.3099635950937406,0.3455507246397276,0.41481710280354533,0.45591533605487694,0.3002918419078266,0.31329962797548233,0.24688794628309216,0.12037984736461041,0.3822310867760718,0.3450100313134613,0.33152747519914194,0.3208338417218601,0.3090641020950731,0.2753703626396663,0.4533004425797758,0.14040074498664332,0.21664769686031987,1.053574028295161,0.2574194257432248,0.23231373783119075,0.14235664707674348,0.3925591723310851,0.33862844487524035,0.31412950502312853,0.4332176149956007,0.39446365540668094,0.2837648452534192,0.42024287784275877,0.3814520835401647,0.4486049476945832,0.39537333777329225,0.37972870362753197,0.09588035837732745,0.26337907640295133,0.6345940700796027,0.5207686868455517,0.4572457031566149,0.34890047270169605,0.2001389696063388,0.3063408173952419,0.706704097231263,0.25178346630542436,0.7551981837354923,0.024333066020692344,0.3469216882525086,0.3479646177491016,0.4783926676252433,-0.27549834803039913,-0.056908291567953004,0.37065206676547624,-0.05353444647194226,-0.05040439826535822,-0.06787871699159355,-0.020563836286602872,0.11635344815079146,0.06751679106071101,-0.14102864198887213
0.09750595026209007,0.273845714797811,0.3247970071699116,0.30340655910556935,0.3254192383820255,0.4017967092278789,0.27581554843875394,0.30146664212454555,0.26694414780503883,0.1941854273946074,0.3213861581419218,0.3088323029201346,0.31223809895572874,0.2641150491949835,0.3032140931228697,0.3951804641471379,0.4127664396377195,0.2922709735025697,0.48568493249764333,0.2574194257432248,0.6554788730104378,0.3479507426775766,0.2598127222823178,0.33537971016889995,0.3299865096418983,0.13589298493115565,0.26512070363136514,0.3188748231047657,0.4076857199380883,0.3976947993038165,0.3912673684207619,0.28848381614721585,0.45909168727222405,0.44462965150485384,0.4144832262284766,0.45747917958136286,0.5664246814211166,0.17297379201305815,0.5162464107861905,0.27291188152635876,0.15695590171670512,0.5048024107429129,0.3487724521262223,0.3537960129586611,0.41341648925003066,0.16505020865053247,0.33676308009513745,0.17512454906231578,0.2823001048350806,0.1457829215640147,-0.20606977017879888,0.22456172112380485,-0.0826813188083115,-0.09057621908241277,-0.042530862574693754,-0.00998853913484902,-0.20370410985583515,0.0923992861538765,0.11051058757788404
0.12449325675843854,0.2659651822568043,0.36859134585320846,0.3874574915908048,0.42571780549739935,0.4547373087610666,0.3583586890603195,0.32008607652111254,0.4525424948555267,0.32160669164065225,0.3425792077646093,0.32931556691499375,0.45953116906273,0.265845506930753,0.19392283583240721,0.6696860720810075,0.3269382488673947,0.3325086341981214,0.4585735068383238,0.23231373783119075,0.3479507426775766,0.8338938258457063,0.3420503016327478,0.41368860775583544,0.3917556440633521,0.28016445539145624,0.3253681639890911,0.20265333266969868,0.4281158624767658,0.3701635111156574,0.26830581113512547,0.39190157529168496,0.3387042538917897,0.5139213724584935,0.3978777586542818,0.2982417664480944,0.33890181345103204,0.15583455846554087,0.4596667782961472,0.19807412418327586,0.13793380219011928,0.3530162042345212,0.3876901181320624,0.44663593630478865,0.0822511060373638,0.16759257191991914,0.3483847351583239,0.1472875411931105,0.4339065204936074,-0.31142183079143027,-0.11541253646556639,0.026863212865574332,0.14112721507148876,-0.05504312481002936,0.03309637921621266,-0.017052568137735587,-0.11585232824700677,-0.05661715675601621,0.11205448915705818
0.10762405404333822,0.09169517469473287,0.21386491039321054,0.3383717170648364,0.40442508327270194,0.31576937203522304,0.28286325984115684,0.2801292225605573,0.3229868790086874,0.33883218007321775,0.26090165796574977,0.28817725653448584,0.23628828301428006,0.2588212145447723,0.29251582304272195,0.24069836190067512,0.25514743399326706,0.27402838690911935,0.09724971895529538,0.14235664707674348,0.2598127222823178,0.3420503016327478,1.1734856164340337,0.33484080597904275,0.47462761112254764,0.039016818070585296,0.11518199078554077,-0.12984220462888663,0.40342696710877474,0.4543034865775915,0.35388582056830253,0.07568773830828973,0.29337312765221113,0.4357608786974531,0.09532470591566282,0.48691843724126826,0.44822241063489277,0.05976521743826323,0.6762811211966452,0.3507905296329351,0.19371473424172508,0.24204780778740753,0.26715716688248176,0.752596500554563,-0.0646825905054245,0.34322869138860174,0.36816742406478814,0.16535641547446717,0.5847171877674336,0.167782556601464,-0.23859221339145942,0.3077993307042207,-0.05401101831877811,-0.0937588808400536,-0.08126420815103953,0.03943034794136621,0.0030090530996096146,0.05250325653410535,-0.12680458941840023
0.11845417968173728,0.31268263110184996,0.3995716505389502,0.42269252192073525,0.45884874647075224,0.5005305741954994,0.34095953247759486,0.42063806266358955,0.34715648220730844,0.3177876367964023,0.392108129015037,0.37147956872575416,0.45749699800432697,0.34351892637131465,0.3378960956146419,0.47923090381807426,0.3565112771921946,0.3690394892531737,0.4415671339996006,0.3925591723310851,0.33537971016889995,0.41368860775583544,0.33484080597904275,1.197462253259429,0.4624556016256586,0.23057439022761914,0.400702051790742,0.25200684122596795,0.46480337215129003,0.7538893885835776,0.2878275844305758,0.7937874561291944,0.7500945797464477,0.4426398534374068,0.38751480119870846,0.43189632758957175,0.47460149983588407,0.26224945169414465,0.43766223084639283,0.2086107916273313,0.20082749049404341,0.3798120152256831,0.4792589539187875,0.4517921765634553,0.03970009460404597,0.3707526494393566,0.516752804866038,-0.07656409536972135,0.7879902276317482,-0.09940445875296654,-0.1652929567400168,0.16262147389127987,0.19448903748190494,-0.1383079476545288,-0.05329491057265197,-0.129558502044743,0.28510365335093485,0.035010997416779856,-0.1561156454496313
0.13206785050552372,0.2573196259354324,0.33722382754286173,0.3799440271752392,0.4207762409019596,0.46834426572745685,0.31606498862697985,0.4226033295171311,0.27404247220062006,0.2684614950872644,0.3645827147445608,0.3854960038770198,0.3805060985046831,0.3113339507205209,0.3464137181013485,0.47886711072728905,0.3344065708252804,0.30785978656562113,0.3084986613021679,0.33862844487524035,0.3299865096418983,0.3917556440633521,0.47462761112254764,0.4624556016256586,0.9290851545538563,0.22546459238747416,0.32378938568102433,0.13910884814688051,0.5476969857501112,0.5383388801621761,0.3155894409014472,0.3759020264773661,0.35142856634626596,0.5474866103867481,0.38422339222316865,0.40080245962873606,0.4506088580045042,0.21033649875974336,0.5299988548345431,0.21042680099690111,0.19319000501902847,0.34098590666305173,0.4403630978859056,0.4900943115337496,0.20491619803055874,0.32223595170289326,0.4266448085272375,-0.02825360597190366,0.4251875078646487,-0.22072423084914064,-0.2986035351448159,0.2074869014981403,0.18402857397011918,-0.07297599463899455,-0.06048747822395377,-0.03605683893790471,0.14612007137679947,0.05297580095605247,-0.15197336060379527
0.15511562467000767,0.3677584787339601,0.40033164458806714,0.2991034848823642,0.27442494949783697,0.432157077851028,0.2563178834481836,0.4591227038073607,0.32360498367326657,0.20468315857938385,0.33890994823769516,0.3173957911158851,0.4275772508955513,0.29876772867500195,0.20001852188609573,0.21403622456114765,0.20539780813057182,0.3206984312771871,0.07988411748285983,0.31412950502312853,0.13589298493115565,0.28016445539145624,0.039016818070585296,0.23057439022761914,0.22546459238747416,1.859129862983561,0.24616855587781555,0.3022974399237379,-0.007560951302391531,0.009162914948632838,0.24520610100562848,0.20543841012042308,0.2567251718757335,0.2025081560390308,0.35619063733642975,0.056302690080913514,0.07862875513998256,0.19592502043848983,-0.4091840426280779,0.13813758535980114,0.4199416195518461,0.2554644821067276,0.6200163513216621,0.07805862358622948,0.32858206094896136,0.08470103974782008,0.16318974998899566,0.19298184199876633,0.12508617739428377,0.19820290266386711,-0.16897456534021266,-0.12091865646465534,-0.23997727961912516,0.00795615903537371,-0.018275710825506913,-0.09234862554068202,0.2560433848642387,0.0643638224952534,-0.2054836401497941
0.08621947891616587,0.25659983955154114,0.2242595874981978,0.3152120484689078,0.3747946245579528,0.3904056769413307,0.2614743338106769,0.2903962695468246,0.20189868570096473,0.18332438778257953,0.33072188046332557,0.3495161276882886,0.3788398529945349,0.24084373077622023,0.23943948440948384,0.44797366268111105,0.3287638840443042,0.24397864834221233,0.32407326638388645,0.4332176149956007,0.26512070363136514,0.3253681639890911,0.11518199078554077,0.400702051790742,0.32378938568102433,0.24616855587781555,0.7323437780051506,0.32761065203990264,0.3494691194361579,0.3462519977789347,0.3061342158334038,0.5680859691655674,0.37872015579028745,0.4104985756123496,0.33557736576880787,0.39138032851991095,0.3141166910533739,0.2682693932346635,0.33861463592008906,0.20593038755817702,0.20379321373708917,0.30245854887804446,0.42115451483098587,0.13307548731222496,0.27942920221165285,0.03239493454338728,0.28260853859591445,0.16449792303589222,0.5674318725805696,-0.18856526764116208,-0.09457950412045085,0.2017594173008683,0.010259109191406691,-0.03126215573890422,0.004418338400701691,-0.03619171124353246,0.037878893145378345,-0.04377615511230495,0.03647809000198088
0.09013787483026318,0.2843934257928916,0.22325823040404952,0.14920094678989224,0.15130775381159658,0.2220506406433483,0.11682258188730928,-0.026930344437831582,0.1991947916498209,0.13615920719529917,0.21568521527897,0.09441068612522217,0.208612684823709,0.23577123271128556,0.28437825980185477,0.315995142543484,0.5711017465253145,0.2990688078152502,0.4646677957066453,0.39446365540668094,0.3188748231047657,0.20265333266969868,-0.12984220462888663,0.25200684122596795,0.13910884814688051,0.3022974399237379,0.32761065203990264,1.8709702710613292,0.01647107486052771,0.10974495425939547,0.4373774379857576,0.3627391968612749,0.4399555746859505,0.2245735909633196,0.1256672818330819,0.736828831153596,0.3282842114986538,0.26013716353970207,0.247144629880672,0.21647138094018062,0.5676498877834714,0.3145462955628239,0.1264241612059938,0.6794521749163652,-0.084910015689047,-0.1304587628081009,0.06556948890910391,0.2706106363953779,0.6307623591922599,-0.1903332626987039,0.39093497018948364,0.45314829859261646,-0.5862915306150488,0.005307822760504566,0.20839315333560302,0.12262046406233028,-0.1569539401340244,-0.20423171057268613,0.4098703183203952
0.13697019962653428,0.41203456665710775,0.5625733039719315,0.4204356695965311,0.44530405930967937,0.632900642805206,0.31804981933500126,0.4327799460456959,0.2876164331724736,0.308412949877525,0.40528630813548483,0.40709488896539947,0.4656063828597975,0.35219250883258063,0.41403914166105155,0.45309365381662703,0.32659940256748227,0.30423953183850844,0.4113879319333184,0.2837648452534192,0.4076857199380883,0.4281158624767658,0.40342696710877474,0.46480337215129003,0.5476969857501112,-0.007560951302391531,0.3494691194361579,0.01647107486052771,2.6978473924419486,0.4598412697453552,0.10222855682951411,0.6321074566079665,-0.05290330138300608,0.6564402165799912,0.10469714986554834,0.8478024284232287,0.1920379820608243,0.12824444080007358,0.697121277001189,0.05604914974435078,0.4759320268219014,0.29426517824483206,0.01490741967374322,-0.15342867672618435,0.19991367084090828,0.4932631337762526,0.4005739995603022,-0.567055524214086,0.6893520119846227,0.6451579715813511,-1.0387411577009962,0.3033609672706361,-0.1421671305208557,0.0597295945525579,-0.12483514226353784,-0.1369154305789601,-0.3631211971341023,0.09740152499896367,0.36586206513827746
0.11003132902868652,0.12204461921746548,0.11641969150158014,0.3361445293817637,0.4007225261645289,0.3923657937389777,0.25869889628320836,0.3465767843808279,0.17928343200416175,0.28942065661338806,0.29856755937957086,0.29344383588513073,0.34898231736018087,0.2978788885070658,0.3085129009742084,0.546651630430124,0.36664128521001715,0.181321140868497,0.5316178414655272,0.42024287784275877,0.3976947993038165,0.3701635111156574,0.4543034865775915,0.7538893885835776,0.5383388801621761,0.009162914948632838,0.3462519977789347,0.10974495425939547,0.4598412697453552,2.664076882460785,0.42299906935645465,0.4030035005376314,0.7428846286916643,0.26574123719893017,0.4379843752804381,0.299420966658601,1.0043688955188097,0.26940024793822276,0.6670762406403948,0.07007215277806203,0.8118410781374782,0.43761692432226823,0.8499053786052069,0.803514722116492,-0.07007256539669435,0.45704640695835413,1.1173127178599287,-0.33544732847392134,1.8639861172072836,0.3208360558907829,-0.9212941377711786,0.3484305126956673,0.17666589873001323,-0.0002848565687030076,-0.27463452957669465,-0.0638913008403062,0.32372980087658315,0.5572917744263151,-0.6450520505561264
0.12616309540939402,0.17743022120529026,0.24735633655677866,0.2814945043296273,0.3194830389537043,0.3560050009987761,0.25983960817547336,0.2645186607406682,0.2548710025539612,0.20119024104107408,0.31235020952354736,0.2966818541356574,0.26043114681789825,0.2792736555389777,0.3096378907751924,0.27919908207488287,0.39507410287079914,0.2505002957189132,0.3873209171081641,0.3814520835401647,0.3912673684207619,0.26830581113512547,0.35388582056830253,0.2878275844305758,0.3155894409014472,0.24520610100562848,0.3061342158334038,0.4373774379857576,0.10222855682951411,0.42299906935645465,1.3331938121683016,0.1295421569066614,0.5344017128036405,0.4030448549121857,0.235325903732667,0.7883490817156196,0.6997124752724282,0.28173056463379226,0.514834926349896,0.17731538429849142,0.39945819627561163,0.382771374604657,0.22870789397714064,0.4161643812450312,0.28156558132690024,0.26439686859634953,0.3255258879539254,0.1655327775426542,0.4491878227865972,0.3212543679565123,-0.3693058679294062,0.5136054173723663,-0.24123924569887062,-0.09936268023496975,0.04438495611881789,0.0895095248368802,0.2965156187916227,-0.09823274291473783,-0.252360134453584
0.0805882238489927,0.31813241242259577,0.3260731418775526,0.39692567889090313,0.48528377636544745,0.5060500749221752,0.30459384158357555,0.34603511069641524,0.30670905926413156,0.2357089624431252,0.35610970285769794,0.3445689061221764,0.3883414561038203,0.2845640294959721,0.298937577453351,0.47922893606827166,0.27721955553257216,0.305725731071058,0.42057116970625197,0.4486049476945832,0.28848381614721585,0.39190157529168496,0.07568773830828973,0.7937874561291944,0.3759020264773661,0.20543841012042308,0.5680859691655674,0.3627391968612749,0.6321074566079665,0.4030035005376314,0.1295421569066614,2.082596576677305,0.4477470864955294,0.703138512029339,0.30539973913492297,0.39853657634309814,-0.18379679441354113,0.3474454178232801,0.38167532660558784,0.21787488999539426,-0.03478268254698989,0.322526964933676,0.30302218528201036,0.21424064786877853,0.21015796295439126,-0.009646306823280427,0.33846404448171774,0.014534265341094794,0.4337320006945058,-0.4377937575975237,0.3492669855976094,0.08549423548942456,0.14800635148602864,-0.018772691632933835,0.02650690325317102,-0.013697053933816912,0.11517085694082362,-0.053300820630456554,-0.03037814392767746
0.1034405787999639,0.27216496395744416,0.30666603300005785,0.2917075171867814,0.26167267402409655,0.30923311383431235,0.27510198735203034,0.301155167488656,0.28124930999551634,0.18968700967506133,0.32383738111717697,0.3167047794481395,0.3746077373422591,0.25355677160181733,0.29801275600783106,0.3872721503867867,0.4782540487048253,0.3588747594826693,0.5456905796342166,0.39537333777329225,0.45909168727222405,0.3387042538917897,0.29337312765221113,0.7500945797464477,0.35142856634626596,0.2567251718757335,0.37872015579028745,0.4399555746859505,-0.05290330138300608,0.7428846286916643,0.5344017128036405,0.4477470864955294,1.9895338945765613,0.14526579958700092,0.467932877455549,0.2725774444632663,1.1785823289791673,0.24953467867730852,0.18784908574000472,0.20072681645915433,0.038011096361506236,0.5500568569847658,0.6626966492180295,0.6593226655935762,-0.22680319477144792,0.4921063470978835,0.5663198867174573,-0.021828430559830508,0.8631118362066527,0.38428540944570594,-0.3464606148885275,0.4824900082268568,-0.15460045608562586,-0.2900829405805509,0.03758859762970873,-0.06048339234684931,0.010892277279087374,0.04079628379868575,-0.031030783638280924
-0.012851231085523893,0.33483573074551676,0.3714016574796384,0.504254885839193,0.6193518938504471,0.5911767228065113,0.397968783992359,0.45128679691029905,0.3683725275917796,0.34974274817391726,0.42587105707330924,0.4390163820296903,0.42421755782461357,0.3366456683895292,0.36406110204486863,0.6030100772794724,0.382680729013773,0.36816232337639676,0.4690823420843024,0.37972870362753197,0.44462965150485384,0.5139213724584935,0.4357608786974531,0.4426398534374068,0.5474866103867481,0.2025081560390308,0.4104985756123496,0.2245735909633196,0.6564402165799912,0.26574123719893017,0.4030448549121857,0.703138512029339,0.14526579958700092,1.9662829244469875,0.4789344368881893,0.42243387756329237,0.5840732006753363,0.22449348848760248,0.7279497885797548,-0.020219882327206905,0.010195915939247052,0.42861511080837567,0.5148670173854082,0.6751707125709415,0.20475443724901798,0.0008214011760445785,0.43399974597525687,0.33599217419312594,0.25701923606275495,-0.36024970874243584,-0.11454477237380241,0.05802994486772106,0.35113443911088354,-0.10577891522853451,-0.06633261020075368,0.03026396041266826,-0.5540927856129367,-0.017213608376856527,0.570405547926314
