1.4764156564576458,-0.011980622434186862,-0.01644607281961944,-0.021948449404721956,-0.023833030687485456,-0.0162704059417026,0.015818815479653373,0.017486538638741868,0.010537941196720454,0.007180628348413469,0.008188103992436658,0.009610897102903257,0.008003737227307321,0.008158535529634735,0.00644179802425494,0.004676066747841084,0.004954412298041924,0.0053808803583700595,0.004388367753093096,0.004208469895349395,0.004079403902619243,0.0037283935079217723,0.002847975619391361,0.0018932898238170342,0.0008868264625573064,0.00016591996259521065,-0.00038767112248472583,-0.0007291864543558941,-0.0008303067197056276,-0.0006839800744504554,-0.0004722278807265001,-0.001178889889306835,-0.0017858115005594992,-0.0017249130607707092,-0.0009200216959505748,-0.00014234588803803777,0.0001383675388069631,4.872495283497478e-5,-2.9566985665085587e-5,4.8145555281128215e-6,0.00014020884902693058,0.0001440896492930899,-0.0007306218047678295,-0.0013525798669992782,-0.0017112001450911977,-0.0016409249671709596,-0.0014306630706617024,-0.0011391673169847446,-0.0009208247390810364,-0.0016602330659736854,0.006135526284067865,0.0116465716052163,0.011798983693891903,-0.0016394586841876218,0.0004977162114616721,0.00189216585111451,0.0017865321064843539,0.0010063520715385542,0.0010814950012863018
-0.011980622434186862,1.4647753543230595,-0.026877272586239103,-0.03598050150597315,-0.03924148567150266,-0.028764881949696078,0.020675884573570877,0.02781092474845874,0.01669704439133535,0.01203889924228974,0.013825868790233101,0.016245793624863072,0.012989580780740313,0.012523268014005287,0.01010853474508347,0.007726413012542886,0.008187341970393594,0.008865021396959636,0.00715841317606262,0.00691627409559509,0.006614964762218824,0.005938885104109072,0.004456003417705832,0.002904518056361605,0.001334446450207036,0.00022163270057302503,-0.0006226631503616271,-0.0011303572608377893,-0.0012648249291985437,-0.0010311951504006116,-0.0007303775152966601,-0.0017431155051591874,-0.0026226996373267925,-0.00254181497775466,-0.0013710310876156276,-0.0002119159658182591,0.00022333984422259173,0.00012498456741731238,2.612237300850373e-5,6.865300349141599e-5,0.0002223026384212858,0.00017950913790811996,-0.00107947219117022,-0.0017103386940699045,-0.002197004126373943,-0.0021362286816844207,-0.0018853672383374982,-0.0015089382604186793,-0.0012281383802292597,-0.0029454659088520635,0.008091705513924892,0.01776646350805301,0.01479932018749711,-0.001109093396053854,0.0004721097728214741,0.004403381590255119,0.003783383383603516,0.0003399238838407311,0.002044169527587648
-0.01644607281961944,-0.026877272586239103,1.4448455931848527,-0.05434785294897612,-0.063258293542448,-0.052302637621316816,0.020454096425705,0.04292473573645959,0.026524200940253446,0.020468470342900422,0.02286213139887374,0.02652973538958763,0.020404590679996122,0.018420469532667714,0.015238895403956754,0.012000796192845426,0.012724338855094566,0.013661413284289372,0.011026334516252675,0.010751881623969183,0.010310598320852264,0.009218117639994196,0.006847926387505787,0.004402994147728075,0.002029194325198204,0.0003499615169455875,-0.0009301010698078008,-0.0016927737897621412,-0.0018811461855089528,-0.0014566325181198773,-0.0009578528020512301,-0.002358774395206076,-0.003663070982299984,-0.003576992020433507,-0.0018443702249847373,-8.83725917848195e-5,0.0005710529623981459,0.0004425879056221838,0.00026530395140560034,0.00025397351001514503,0.00036227217405519936,0.00026295619153968066,-0.0013415357619277165,-0.0020719051058693434,-0.002773793818159014,-0.0027534157167524976,-0.0024603973633225275,-0.0019876455520900465,-0.0016314986086875972,-0.0053251813402881345,0.009902865180512971,0.025244521459183447,0.018634940666519485,0.000646143815192059,-0.0018037844222540762,0.0059677837078521,0.007708208014100006,0.0031944054921296374,0.005877950755058085
-0.021948449404721956,-0.03598050150597315,-0.05434785294897612,1.404422715655148,-0.10076207444048009,-0.09730235612647527,0.002796893973614852,0.06007565755072024,0.04516040459185762,0.03842143677231394,0.038937081754962403,0.04293130217598023,0.032473423477361325,0.02750593445088513,0.023496224659907722,0.019125084741805545,0.02042190151969663,0.02190520956118302,0.017467638208966563,0.01763534211297766,0.016900431046915756,0.014888125949370074,0.010816187104516775,0.0068056571161663046,0.0031837368770843426,0.0007072516875247482,-0.0011857663128207704,-0.0023135632690640786,-0.0026051168850756345,-0.0019532916669360387,-0.001177162594888519,-0.002993219477717593,-0.00476028858410615,-0.004689094675426068,-0.0023685740154484403,4.1127812361928446e-5,0.0009704245824993944,0.0008355318828623479,0.0005906465170599658,0.000511408309534991,0.00053830803301902,0.0003281069329730889,-0.0017449921816801554,-0.0024437814296105298,-0.0033046771392222884,-0.0033148944206085294,-0.0029807510572283,-0.0024270765212396303,-0.0020079998408548028,-0.0074860685938947045,0.013689941112623553,0.031225519083827355,0.024071882161292746,0.0017674757624587076,-0.0035668115530945424,0.005534670550835135,0.011771928429359547,0.008447230374398866,0.01213524372113541
-0.023833030687485456,-0.03924148567150266,-0.063258293542448,-0.10076207444048009,1.337655989807189,-0.1739579931426897,-0.07147889647024651,0.06224301529833978,0.07360394027324182,0.07351343317199117,0.0642529170419965,0.0636082246786568,0.04989041433936164,0.04072950040592344,0.03572134741743003,0.02929463371816987,0.03122052858651588,0.03281445840506968,0.025637820142851174,0.027577259566548103,0.026738181446901585,0.023390626117317494,0.01660476377004801,0.01019153253664049,0.004878742453618272,0.0014379148239037887,-0.0011534543307805633,-0.0026794774966862524,-0.003128201103922154,-0.0023162450531553974,-0.0013539859387376985,-0.003567891311172442,-0.0058406512327462915,-0.005804492787304277,-0.0028009548051463576,0.0003974308626183634,0.0016212870269601382,0.0014688985295038283,0.0011019741930621781,0.0008580361877044783,0.0006611211053167384,0.00023225256517161612,-0.0021339021094841136,-0.0018251727632083979,-0.002573823209754465,-0.002699665354597186,-0.002505327349518822,-0.002096889265417154,-0.0018019381320262084,-0.011111413662195795,0.016603301998230673,0.03146037158081703,0.03359273135098885,0.0037547690923712524,-0.010824756470604501,0.006050623407791831,0.018317011503130285,0.015584580806112584,0.022136715023896716
-0.0162704059417026,-0.028764881949696078,-0.052302637621316816,-0.09730235612647527,-0.1739579931426897,1.2064287569125032,-0.28322473102216406,-0.0029010054344229996,0.1048920633698715,0.1300339604325325,0.09744953683355627,0.07921032708074587,0.079072812388891,0.067009489286142,0.057367092388978,0.048152081157055514,0.050243388461371136,0.049889899171355466,0.03727112766377981,0.04355832181281909,0.04166027952585568,0.035405335664043885,0.024161743505083447,0.014288190432033866,0.007191705320455696,0.003125077096683098,0.00019221100932711766,-0.0015649263643347966,-0.002318577891894997,-0.0020141691980603005,-0.0015178429222102714,-0.0035254158349899757,-0.0055852524427403355,-0.00563312711226118,-0.003047892849619213,-1.22817435977087e-5,0.0014029307074459774,0.0017198621633349458,0.0016889349616926134,0.0014566076364639947,0.0007154754106236204,-0.0008770339021551852,-0.004984321578094978,0.00048137155509792116,0.0015460471472346314,0.0014526680962697281,0.0011085204580787889,0.000752349641485094,0.00039989850876328095,-0.011305842708130667,0.011358344654178263,0.019775108366643503,0.028238926145206927,0.006558473285818559,-0.01974915947078646,0.006947963329402139,0.021274391704643514,0.01822550943464089,0.03195092954033808
0.015818815479653373,0.020675884573570877,0.020454096425705,0.002796893973614852,-0.07147889647024651,-0.28322473102216406,0.7692626449332524,-0.30646217836546896,0.03416227626471413,0.13207813603389396,0.11738613117792673,0.06807271893263718,0.12341155013283311,0.12627113682475108,0.0982400461468235,0.083739094947807,0.0819356728166561,0.07269210242233987,0.052569977877363776,0.06589100564607617,0.062239754932419705,0.05280214611443515,0.03642906175956675,0.023071858808697106,0.014891474686032408,0.010864507321209456,0.007693416649707171,0.004616251115739269,0.0016260127813877915,-0.0014705148367671506,-0.0032959598797493417,-0.004552019577915289,-0.005288750134906237,-0.005311065881062924,-0.005368828390446657,-0.004398206460025107,-0.002435278447819205,6.093953486660363e-5,0.001899174579240038,0.002362009980966819,-3.390059591680406e-5,-0.00697957477924898,-0.020906631157382245,0.003199569895257109,0.011867938033534689,0.013081040456065328,0.01161832829753661,0.009309252541663702,0.007188377380901333,-0.0040147507428565325,-0.01725139900362715,-0.02214159140335114,-0.013322276017303812,0.01389938867645098,-0.023142440124793905,0.007155745018872964,0.007880299813857168,0.009995552547997439,0.010962491052357444
0.017486538638741868,0.02781092474845874,0.04292473573645959,0.06007565755072024,0.06224301529833978,-0.0029010054344229996,-0.30646217836546896,1.094254519729342,-0.22943042135232666,-0.11147883434756606,0.046219702256396086,0.06548182245517575,0.09522151605060958,0.05603239459892734,0.07473276272291751,0.07504506334263346,0.0728516556518724,0.06079708524012713,0.0406636330744254,0.04887594703957164,0.04698986085126678,0.03958134829400393,0.027004443075713383,0.01669456224617611,0.010880611213684652,0.008558177940823662,0.007233176775737666,0.0056310878992722685,0.003253781271772988,-0.00014110903354250321,-0.002552785462835975,-0.0033274783011477487,-0.0032274970261499053,-0.002856281016335559,-0.003311765197045583,-0.003126145455510697,-0.0024311918988467107,-0.001232417391875841,-0.00038255817236487207,-0.00015226056444708712,-0.00140757220374649,-0.005126690785291115,-0.011842199326677917,0.0015499770591935432,0.006734757293836434,0.007640882356090536,0.006871610062775108,0.005564623636032348,0.00431174566004421,0.005210619571689858,0.004576210868572552,-0.028343714662765584,0.015977019668846914,-0.004082405342362215,-0.006259557984730403,0.010958264990923521,-0.0075222885365172475,-0.0024854859275039117,-0.03434093551340562
0.010537941196720454,0.01669704439133535,0.026524200940253446,0.04516040459185762,0.07360394027324182,0.1048920633698715,0.03416227626471413,-0.22943042135232666,1.035134914481845,-0.23194174361284667,-0.1220997081891322,0.13113726746068394,0.06638617960789793,0.020856528474683392,0.04429312062207441,0.07271672143132928,0.06754231912605783,0.06351580290599707,0.040624469707874554,0.048961653565610094,0.04447118381151622,0.035994960616048066,0.023988150413663225,0.014453905630475763,0.009099237694266828,0.006847454232565282,0.005500062500323812,0.004247207140096539,0.0024785685606934565,0.00022713348595985563,-0.0014563359892828481,-0.0021171414406526384,-0.002245996118490391,-0.0019095443174952597,-0.0027488036289175072,-0.0029325340691196892,-0.0021347920433279857,-0.0007742448870041609,0.0003037403502067552,0.0005853929287704839,-0.0007729143192372434,-0.0046654778595178305,-0.01218583517339863,0.000539762615144344,0.005473302831096439,0.006399103487016725,0.005769325534763046,0.00466124791013205,0.0036202767491088205,0.010014556586074481,0.009356051205473838,-0.03202729346526183,0.0009454301667481057,-0.0032049976306384544,0.00895244316579453,-0.0007217288609327748,-0.01363717549476872,-0.010277772450500704,-0.0019701830430111393
0.007180628348413469,0.01203889924228974,0.020468470342900422,0.03842143677231394,0.07351343317199117,0.1300339604325325,0.13207813603389396,-0.11147883434756606,-0.23194174361284667,0.9620334332752771,-0.10456648789778572,0.05612638108884301,0.07169393837300833,-0.006411633523560792,0.03610667898609204,0.0354025078353815,0.04842675271313853,0.05455310368297783,0.04375963440044977,0.047360357835593885,0.044611607581544414,0.03609461799803892,0.023351366927582752,0.012908076815297424,0.007418162919602491,0.005598068203465536,0.004717831769843324,0.0038918897081374783,0.002244923729545522,-0.00025105987666998767,-0.0020364694806723747,-0.0017870523022806056,-0.0012946364757584542,-0.0011282283314376844,-0.0023687093345080186,-0.0025499493714624902,-0.0018350777488162736,-8.536407547939778e-6,0.0013555178080207676,0.0019483422642934123,0.0005783457969292215,-0.003299412174296208,-0.011619078757450928,0.0019520449784605155,0.006996122673720829,0.007730873422657722,0.00688683667818351,0.005509529384223022,0.004277172115778232,0.004582997491888814,-0.004575235880616119,-0.016728373594819608,-0.016564520128440084,0.004487434746511882,-0.025084495744653917,0.01865930027251048,0.005659224010755827,0.006556451603371535,-0.012264118156543234
0.008188103992436658,0.013825868790233101,0.02286213139887374,0.038937081754962403,0.0642529170419965,0.09744953683355627,0.11738613117792673,0.046219702256396086,-0.1220997081891322,-0.10456648789778572,1.0932079395246488,-0.21089344489981868,-0.022443677080371406,0.04511515558083892,0.031943191223907166,0.01617913108252934,0.025331396662996306,0.05302231972001741,0.041753830865753926,0.051870526106850195,0.04723369963655583,0.037326770771199023,0.0235078982607585,0.012220202702428915,0.006331282382783743,0.004442726291769018,0.003813894965334812,0.0037650769927977637,0.0029674936787991435,0.0016351793401704587,0.0001280698779400818,-0.0006915749738873905,-0.0012374984331515594,-0.0007773791658714672,-0.001266481430223319,-0.0012014638435199978,-0.0006800353566108415,0.0001641164198025117,0.0008982104168209459,0.0010211537878117604,-0.00021131321349833942,-0.0033093446716702785,-0.009776921497354688,0.0020159015457965456,0.0064164159148187554,0.006998663721254856,0.00619991751759447,0.004930614825672386,0.0038080274304950587,-0.006338391916562907,-0.023341470572191696,0.009177696453680748,-0.024465404229814816,0.011741478682264144,0.012659360925661807,-0.0035842009302427254,-0.019584456533798904,-0.01618299197229044,0.01653123200204186
0.009610897102903257,0.016245793624863072,0.02652973538958763,0.04293130217598023,0.0636082246786568,0.07921032708074587,0.06807271893263718,0.06548182245517575,0.13113726746068394,0.05612638108884301,-0.21089344489981868,1.03874742053996,-0.23075778958586496,-0.02433504726156786,0.02019559655084652,-0.020662591484653912,0.011581068750617292,0.04354690673810637,0.043765653992647494,0.053870567238970934,0.05292396700120583,0.0432904157451225,0.027965791678682825,0.015249512050156046,0.008494557603114825,0.006187219122387701,0.00518538677217385,0.004478188332402964,0.0029498551670243556,0.00029866299206004446,-0.0017987207596765838,-0.0008426811615441974,0.0001017062056685932,0.00020770845257972098,-0.0018338367439786015,-0.0028646513455168852,-0.002528179015166803,-0.0008045267539805649,0.0005787937189256472,0.0012530517926380169,7.839257791061047e-5,-0.003560828509434373,-0.011382543154040711,0.0016909044646078765,0.006872731350868078,0.007742959485848256,0.006963738901094706,0.005600404409746829,0.0043844027831786495,-0.009662967277336136,-0.04096378847996458,0.043739909508482736,-0.04310269262344651,0.0030029812080560317,-0.00031163471610668266,0.005651223037314134,-0.015723567748364812,-0.009563443440459245,-0.0007935689332990336
0.008003737227307321,0.012989580780740313,0.020404590679996122,0.032473423477361325,0.04989041433936164,0.079072812388891,0.12341155013283311,0.09522151605060958,0.06638617960789793,0.07169393837300833,-0.022443677080371406,-0.23075778958586496,1.116013446480602,-0.1710361991215238,-0.09652465192385837,-0.03372559166917174,0.013699560182760152,0.05142078844177265,0.04460487286102855,0.05600277269463875,0.051862187666521724,0.04151241047320004,0.025976336045089844,0.01307632512611945,0.006222025619479338,0.003966045891633564,0.0033501258726549073,0.0034317090241136623,0.0029527171784538356,0.0017027335000363952,0.00020548308880930505,-9.165120964639388e-5,0.0004883247686405888,0.0008614423858729348,-0.0008939115781151723,-0.002049894849375139,-0.0017802728481683718,-0.0005160104758430528,0.0006778295867812232,0.0011012345372627443,6.685721341918718e-5,-0.002828228820851991,-0.008506664219382214,0.003139889528664121,0.007425042382625011,0.007825562211051126,0.006871757059853373,0.005462543418102988,0.004237274949612064,0.0020347728387604255,-0.012366739123314121,0.010751002984462583,-0.02243027665381316,-0.004670415595735484,-0.00779073527797556,0.004649049554879914,-0.005587142046356455,-0.0049320523968173395,0.00196418562678124
0.008158535529634735,0.012523268014005287,0.018420469532667714,0.02750593445088513,0.04072950040592344,0.067009489286142,0.12627113682475108,0.05603239459892734,0.020856528474683392,-0.006411633523560792,0.04511515558083892,-0.02433504726156786,-0.1710361991215238,1.207468164271945,-0.201015482377466,-0.07152922514166087,0.01917703902353681,0.04769516029658072,0.0439366536218056,0.04159171034979306,0.037670806143988586,0.028988832889685418,0.015610904954119502,0.0037513601131333846,-0.001977016671729466,-0.0030336404261346755,-0.001877812628932559,0.0003989707302191117,0.0021359362632905198,0.0029027465012660546,0.0021176363971428885,0.002762310818501998,0.0023718792189419604,0.0023480546712659834,0.0031352886304474056,0.003793403034435684,0.0031934980661182722,0.002217785158236658,0.0012916967381905225,0.0007179395633637611,0.0005454415010372053,0.0014885750395424507,0.004452202001217478,0.008208576699124682,0.008792109408359637,0.007670859758872303,0.006295486445874834,0.00480160169987377,0.0035856532571005625,0.007109481930484607,0.023862550269372413,-0.05053669770845412,0.024398072124716796,0.008089241226715328,-0.001919174451074981,-0.001988714268859104,0.0009960701701167234,-0.015479531125469811,0.01483037099052152
0.00644179802425494,0.01010853474508347,0.015238895403956754,0.023496224659907722,0.03572134741743003,0.057367092388978,0.0982400461468235,0.07473276272291751,0.04429312062207441,0.03610667898609204,0.031943191223907166,0.02019559655084652,-0.09652465192385837,-0.201015482377466,1.2656178932900581,-0.11154463411373765,-0.02624573249773182,0.022132386275858968,0.026263008146331503,0.023073914735612603,0.01982979140993942,0.014706548292504682,0.005434935118924751,-0.003778559080129991,-0.007838973475453499,-0.008039297544640799,-0.005849617203472914,-0.0023755763646218196,0.0010787066480340741,0.003978971594530351,0.00469711097072347,0.005436826991703137,0.005632733296664965,0.005510058556828565,0.005691061583379506,0.005173282566465873,0.004028616807089544,0.0025305769733445682,0.0014491234556092275,0.000772075357449379,0.0011204781477224905,0.003659764187749964,0.010635418510528292,0.009903411790727857,0.008674171248448015,0.0069055842540151685,0.005433390558903812,0.004065300970012491,0.0030304642783915837,0.0019379046693591027,0.008352169305656118,-0.02483866996086815,0.008712767566242278,0.0036900167853615444,0.0005499927765596033,-0.003452681974041748,0.005751685876006611,-0.016403762419548714,0.016235353096294515
0.004676066747841084,0.007726413012542886,0.012000796192845426,0.019125084741805545,0.02929463371816987,0.048152081157055514,0.083739094947807,0.07504506334263346,0.07271672143132928,0.0354025078353815,0.01617913108252934,-0.020662591484653912,-0.03372559166917174,-0.07152922514166087,-0.11154463411373765,1.3695560198502603,-0.07173831291712512,-0.0341432587069518,-0.004537092077898254,-0.006608175512777989,-0.0030487251025111822,-0.0024194405048642313,-0.005361011086963912,-0.009636269282529322,-0.010757876432017966,-0.009539932542891462,-0.006568734621058184,-0.00283983380500184,0.0008990116741307701,0.0036946602787307214,0.004547909507071385,0.00675338221097579,0.008587353328711748,0.008162402203705075,0.006517185601187813,0.004180932847340185,0.0024870957867402627,0.0014684189912949083,0.0008883377850315698,0.0007783307793635553,0.0017036948327763778,0.004808515403933796,0.01248240460962295,0.00950811763178293,0.007773155234202536,0.005993157399134519,0.004708162801697377,0.0035372402852866767,0.002711934745463915,-0.0010715945436919059,-0.013070344476111594,0.009604650182900597,-0.016466275632981166,-0.006624453241983694,0.0025097151877747827,-0.005084455929354516,0.001294146436500068,-0.010642549435170508,0.013674076779944963
0.004954412298041924,0.008187341970393594,0.012724338855094566,0.02042190151969663,0.03122052858651588,0.050243388461371136,0.0819356728166561,0.0728516556518724,0.06754231912605783,0.04842675271313853,0.025331396662996306,0.011581068750617292,0.013699560182760152,0.01917703902353681,-0.02624573249773182,-0.07173831291712512,1.3801159784358557,-0.0974435374347433,-0.05542858453064188,-0.057203244544342446,-0.04525174653741481,-0.03481492237392858,-0.024954904030785402,-0.018187129542213694,-0.012663787161056187,-0.008722984740108176,-0.005129807436657423,-0.0021042846192117146,0.00047943295258405543,0.00272923626314767,0.004422520656833301,0.0063239269827008275,0.008145836766522493,0.007843957203773353,0.006143375058033337,0.003691627825707869,0.0022151207827796494,0.0013896133035911683,0.00098437416160047,0.0008087188173406052,0.0014665696763353129,0.003909700541924755,0.010295487595132742,0.006406854564517066,0.005068687803973552,0.00396934855110556,0.003231921337127063,0.0024911898219788895,0.0019745623909595694,0.002259312833841161,-0.011408444362405982,0.0036520528622823283,-0.020092623330782183,-0.007626071399178123,0.003396498309151307,-0.0073287490951357715,-0.0037859339174082774,-0.0039185719471405795,0.006859893940677498
0.0053808803583700595,0.008865021396959636,0.013661413284289372,0.02190520956118302,0.03281445840506968,0.049889899171355466,0.07269210242233987,0.06079708524012713,0.06351580290599707,0.05455310368297783,0.05302231972001741,0.04354690673810637,0.05142078844177265,0.04769516029658072,0.022132386275858968,-0.0341432587069518,-0.0974435374347433,1.3529127783070736,-0.08898671936925501,-0.09183965220736784,-0.07507765539883948,-0.05867070920533695,-0.03827509423783921,-0.021014760863111707,-0.009246977216143109,-0.002877969550063675,0.0005336215032124789,0.001712796009063893,0.001295513613617333,0.0003798197398103241,0.0008529899955861818,0.0032215244789390606,0.004843918412401217,0.004538196212690604,0.0028587301600131857,0.0010755663678919626,0.0003064253048531494,0.0004134646310303243,0.0005576896461522459,0.0006731231660640506,0.000641933177906286,0.0007331766117467517,0.0012164650093309211,0.0008487715729229549,0.0017028264983546787,0.0020092470734562416,0.0020196371593071884,0.0017197842230129822,0.0014576666509838563,0.0062504318823643915,-0.00575442244603291,-0.00994471722931504,-0.01598022594674463,-0.006800892293848969,0.0061128751381444675,-0.01342339200822846,-0.009600821916405319,-0.0005933596156623186,0.0006034094707131041
0.004388367753093096,0.00715841317606262,0.011026334516252675,0.017467638208966563,0.025637820142851174,0.03727112766377981,0.052569977877363776,0.0406636330744254,0.040624469707874554,0.04375963440044977,0.041753830865753926,0.043765653992647494,0.04460487286102855,0.0439366536218056,0.026263008146331503,-0.004537092077898254,-0.05542858453064188,-0.08898671936925501,1.3961006395913305,-0.08221417332485957,-0.07000660115497077,-0.05531042223193864,-0.03549523190710242,-0.01833494356192312,-0.007044994925843437,-0.0013293591503006899,0.0013764015482866114,0.001964727808720728,0.0009348334855865187,-0.001106870833555876,-0.002349745830302528,0.0022896529523541292,0.003871001353184056,0.0029425150487380407,0.0015617345261702091,0.000377860701327809,-3.81001793418728e-5,0.0001713430995899627,0.0003303335725857914,0.0004451815642042543,0.00030151312005543884,0.0001535813852931154,-0.00023734165338207426,-0.0004444146764941587,0.00044188203718950386,0.000987240321158146,0.0011777196094261326,0.0010855704054561373,0.000963438629514075,0.005706138047557791,-0.002553396977350762,-0.010459867426504364,-0.013472466045243594,-0.004133012049244313,0.0025395818312760506,-0.006714064442307924,-0.0062133172472040865,-0.0015180556471039175,-0.00432988656287661
0.004208469895349395,0.00691627409559509,0.010751881623969183,0.01763534211297766,0.027577259566548103,0.04355832181281909,0.06589100564607617,0.04887594703957164,0.048961653565610094,0.047360357835593885,0.051870526106850195,0.053870567238970934,0.05600277269463875,0.04159171034979306,0.023073914735612603,-0.006608175512777989,-0.057203244544342446,-0.09183965220736784,-0.08221417332485957,1.3862214859113122,-0.09139659018573314,-0.07592522472924973,-0.05133610455528376,-0.030080180551398664,-0.015778160076549107,-0.008042763388154728,-0.0033150936882436854,-0.0004898821727303438,0.0006574228568179833,0.0008088419291108389,0.0012179259274032884,0.004541018790018062,0.006560546266129813,0.0059445439289106065,0.004507688225120699,0.0026491659403906393,0.0013005776436192228,0.0004826169503979226,5.688518206330939e-5,8.076613603454542e-5,0.0009713900314115743,0.0035689314738752637,0.009099354255135575,0.004229061347888426,0.002669230704579873,0.001961456394000745,0.001649192726617371,0.0013043312352585524,0.0010856156720751508,0.00630816862731954,0.0011562220304316595,-0.015374261006195024,-0.009351968238691881,-0.005399297752439141,0.0020489750566669925,-0.005213538842547762,-0.005275161537728909,-0.0045336187797724685,-0.0030860507185530785
0.004079403902619243,0.006614964762218824,0.010310598320852264,0.016900431046915756,0.026738181446901585,0.04166027952585568,0.062239754932419705,0.04698986085126678,0.04447118381151622,0.044611607581544414,0.04723369963655583,0.05292396700120583,0.051862187666521724,0.037670806143988586,0.01982979140993942,-0.0030487251025111822,-0.04525174653741481,-0.07507765539883948,-0.07000660115497077,-0.09139659018573314,1.386027747909354,-0.08951762271126147,-0.06543249693714868,-0.04327365383066686,-0.027792036338410528,-0.01876895741217938,-0.011551690084810311,-0.004919738640057537,0.0008253021650105421,0.004562759174940596,0.005111767868732231,0.007848581442134657,0.009962317964920423,0.009351976089280156,0.008149590858011991,0.005685271228122734,0.0032381485255818182,0.0008466017473023334,-0.0005330838108042773,-0.0008419381345580373,0.00132159260046477,0.007462222404859741,0.021088555351255256,0.012546870760927283,0.008127042055253886,0.005388160834887758,0.003918085173546608,0.002816318472663518,0.00212084991108066,0.0033650207926455384,0.0014065283924674292,-0.012329992384184474,-0.004337333189881552,-0.0035037996489757114,-0.00027350659943321473,-0.004199542403461925,-0.004332375576105735,-0.0064776905164029685,-0.0004952300506336053
0.0037283935079217723,0.005938885104109072,0.009218117639994196,0.014888125949370074,0.023390626117317494,0.035405335664043885,0.05280214611443515,0.03958134829400393,0.035994960616048066,0.03609461799803892,0.037326770771199023,0.0432904157451225,0.04151241047320004,0.028988832889685418,0.014706548292504682,-0.0024194405048642313,-0.03481492237392858,-0.05867070920533695,-0.05531042223193864,-0.07592522472924973,-0.08951762271126147,1.3956872770124846,-0.0699800903879935,-0.05208573011003349,-0.038939487978398704,-0.030505410608932998,-0.021792953217185697,-0.011798812231085162,-0.0013150775902990772,0.006201986907900692,0.007348153293022639,0.010973801229785404,0.013131549782979595,0.011782608318664445,0.011010799175276777,0.008625884870363242,0.00585910590728087,0.0025860708183025917,0.0006403304277403965,4.323574978842543e-5,0.002637886828778896,0.01040760401444135,0.02817102735594462,0.02276935047057553,0.01727585169383489,0.012335320975202227,0.00901098362536882,0.006482516524040125,0.004743994704682541,0.000761241772879507,0.0009278796540976234,-0.00818242934741289,-7.663534529403691e-5,-0.0008492991751559366,-0.005449103277344847,-0.003690016840681689,-0.004667114917893455,-0.00518178898249338,0.0038085866594399207
0.002847975619391361,0.004456003417705832,0.006847926387505787,0.010816187104516775,0.01660476377004801,0.024161743505083447,0.03642906175956675,0.027004443075713383,0.023988150413663225,0.023351366927582752,0.0235078982607585,0.027965791678682825,0.025976336045089844,0.015610904954119502,0.005434935118924751,-0.005361011086963912,-0.024954904030785402,-0.03827509423783921,-0.03549523190710242,-0.05133610455528376,-0.06543249693714868,-0.0699800903879935,1.4228832783698573,-0.0531938606660365,-0.04715166934440221,-0.04271570969185125,-0.0350184328978634,-0.02330503824132343,-0.008299985547876827,0.004093601492436247,0.007746923418198086,0.013217750460899317,0.01527091830236105,0.012418582761134243,0.012191164832264418,0.010349102537983136,0.008136075711903714,0.004810621354965024,0.003004778795501476,0.0025603865995449714,0.0053723548851883724,0.01333273120073833,0.03138156285022532,0.034328882563559315,0.028771670533216834,0.021423334826028328,0.015697725201079142,0.011347793552987864,0.00823723541389371,-0.0002227663885582001,0.0006439293708610525,-0.004853305296277382,0.0014964313279333405,0.0006904447861472138,-0.012333074420934939,-0.003583799093904834,-0.005777080985160485,0.00047036817903848595,0.007852051486941456
0.0018932898238170342,0.002904518056361605,0.004402994147728075,0.0068056571161663046,0.01019153253664049,0.014288190432033866,0.023071858808697106,0.01669456224617611,0.014453905630475763,0.012908076815297424,0.012220202702428915,0.015249512050156046,0.01307632512611945,0.0037513601131333846,-0.003778559080129991,-0.009636269282529322,-0.018187129542213694,-0.021014760863111707,-0.01833494356192312,-0.030080180551398664,-0.04327365383066686,-0.05208573011003349,-0.0531938606660365,1.42818908984709,-0.0585884048178952,-0.059599022166724705,-0.053761629229771284,-0.0404264357013759,-0.019593578073787407,3.878034427538564e-5,0.008336486600662978,0.01648600602694046,0.018458682097011563,0.01332409262269835,0.013825259656724053,0.012639402091108783,0.011336904798575978,0.008082200360390486,0.0066070775163400595,0.00652601294173985,0.010054001349806696,0.019023568825047663,0.03884835710588624,0.049014732783849414,0.042025425379687564,0.03130837172499408,0.022660313920490092,0.01627647143541246,0.011709708454021531,-4.5721338203877865e-5,0.0006262086147699629,-0.0031338284241363267,0.0017936690987075208,0.0008500741723588599,-0.019391074985278846,-0.004070566025966926,-0.007018585121301101,0.0075085636906835306,0.01058407603779899
0.0008868264625573064,0.001334446450207036,0.002029194325198204,0.0031837368770843426,0.004878742453618272,0.007191705320455696,0.014891474686032408,0.010880611213684652,0.009099237694266828,0.007418162919602491,0.006331282382783743,0.008494557603114825,0.006222025619479338,-0.001977016671729466,-0.007838973475453499,-0.010757876432017966,-0.012663787161056187,-0.009246977216143109,-0.007044994925843437,-0.015778160076549107,-0.027792036338410528,-0.038939487978398704,-0.04715166934440221,-0.0585884048178952,1.41475396121378,-0.07699965200479081,-0.07496656113692915,-0.0618599309261108,-0.03595548345359118,-0.007546236105830899,0.008086530998361131,0.0190172429353467,0.01983693733659069,0.011877066991392835,0.01358647397247555,0.013998300352346692,0.014782711226770313,0.01263653794420194,0.012297598029118485,0.013078397411445947,0.01758479040256431,0.027363423070094855,0.04782854540282289,0.06303878621284084,0.053629498714913175,0.03938307616843361,0.02794114272048161,0.019797580221089253,0.0140591743035851,0.0005842338212256712,0.000504295751760679,-0.0024834981730384657,0.0008954447751008222,0.0007109439194337027,-0.02572830253855599,-0.0044548212891440345,-0.008614383706440533,0.015442529242638583,0.008613887229351974
0.00016591996259521065,0.00022163270057302503,0.0003499615169455875,0.0007072516875247482,0.0014379148239037887,0.003125077096683098,0.010864507321209456,0.008558177940823662,0.006847454232565282,0.005598068203465536,0.004442726291769018,0.006187219122387701,0.003966045891633564,-0.0030336404261346755,-0.008039297544640799,-0.009539932542891462,-0.008722984740108176,-0.002877969550063675,-0.0013293591503006899,-0.008042763388154728,-0.01876895741217938,-0.030505410608932998,-0.04271570969185125,-0.059599022166724705,-0.07699965200479081,1.3927533229602267,-0.09522908874020226,-0.085342780618014,-0.05706817092475596,-0.019494596849502818,0.006561721604206756,0.019516272752451158,0.016995026513318502,0.005896115302335775,0.009675896559662105,0.013595916203320556,0.01857385013046204,0.019639450518416084,0.021889827199355717,0.024324739111624135,0.0299038852576732,0.039518385187957174,0.05793145488927024,0.07455910151329935,0.06226007416555091,0.04493030150311705,0.031238180620300923,0.021777242121674378,0.015232723395672483,0.0010050780692045984,0.0002540181079610179,-0.002454311979901993,-7.0825204560411e-5,0.000617197941755568,-0.031106897232896086,-0.003783956905890789,-0.00995752096398271,0.02179172762176577,0.0032740529052131206
-0.00038767112248472583,-0.0006226631503616271,-0.0009301010698078008,-0.0011857663128207704,-0.0011534543307805633,0.00019221100932711766,0.007693416649707171,0.007233176775737666,0.005500062500323812,0.004717831769843324,0.003813894965334812,0.00518538677217385,0.0033501258726549073,-0.001877812628932559,-0.005849617203472914,-0.006568734621058184,-0.005129807436657423,0.0005336215032124789,0.0013764015482866114,-0.0033150936882436854,-0.011551690084810311,-0.021792953217185697,-0.0350184328978634,-0.053761629229771284,-0.07496656113692915,-0.09522908874020226,1.3774072234634438,-0.10464389522352631,-0.08009562206476539,-0.03609797609289837,0.002502372024689948,0.015142840942896297,0.006564445859511239,-0.00694971180461435,0.00018328479593845078,0.010402519067375446,0.02231249722877286,0.029512838758952803,0.036093169286180414,0.04095820421488809,0.04729546429385903,0.05496769072809735,0.06725124681524638,0.07876174519165251,0.06367454784062562,0.044898052919358875,0.03051400477968686,0.020822135341338418,0.014281534743035564,0.0009862643192475114,3.51788516002948e-5,-0.0022522155165961948,-0.0009971882088766213,0.0006090640833382327,-0.03333274729926154,-0.0011691788518291705,-0.010125979191728529,0.02351467083032881,-0.0036057304044085172
-0.0007291864543558941,-0.0011303572608377893,-0.0016927737897621412,-0.0023135632690640786,-0.0026794774966862524,-0.0015649263643347966,0.004616251115739269,0.0056310878992722685,0.004247207140096539,0.0038918897081374783,0.0037650769927977637,0.004478188332402964,0.0034317090241136623,0.0003989707302191117,-0.0023755763646218196,-0.00283983380500184,-0.0021042846192117146,0.001712796009063893,0.001964727808720728,-0.0004898821727303438,-0.004919738640057537,-0.011798812231085162,-0.02330503824132343,-0.0404264357013759,-0.0618599309261108,-0.085342780618014,-0.10464389522352631,1.3697223287073277,-0.10117022810524938,-0.057815691055292065,-0.00809644587727209,0.00015701384875992403,-0.014036577921399025,-0.025865281495432827,-0.013632159231540252,0.005074902061770723,0.02610123003281564,0.04212298971721863,0.05445370570559904,0.0623880522979132,0.06941172212150142,0.07388054123771093,0.07820436574906314,0.07378071929441997,0.05580583707871663,0.03778897861490327,0.024840867779488445,0.01645573774409838,0.010980646042182313,0.00028674104852544416,-0.00010859741153367472,-0.0013114048065545351,-0.0012810687590450532,0.000634529562683264,-0.029961149553662712,0.0010262923985091908,-0.008298744952119713,0.021105184129974638,-0.009650041638394396
-0.0008303067197056276,-0.0012648249291985437,-0.0018811461855089528,-0.0026051168850756345,-0.003128201103922154,-0.002318577891894997,0.0016260127813877915,0.003253781271772988,0.0024785685606934565,0.002244923729545522,0.0029674936787991435,0.0029498551670243556,0.0029527171784538356,0.0021359362632905198,0.0010787066480340741,0.0008990116741307701,0.00047943295258405543,0.001295513613617333,0.0009348334855865187,0.0006574228568179833,0.0008253021650105421,-0.0013150775902990772,-0.008299985547876827,-0.019593578073787407,-0.03595548345359118,-0.05706817092475596,-0.08009562206476539,-0.10117022810524938,1.3762940524295146,-0.0885815440505022,-0.048778665415307676,-0.0490231694603433,-0.04071416802666786,-0.026375852251302043,-0.008645917841932325,0.010399703852434567,0.033116906040667964,0.05353620195710399,0.06841964514618173,0.07754460125648137,0.08386231131865826,0.08538452841770525,0.08261259522985666,0.05867777896342388,0.03940362187761364,0.024912110648555166,0.015523603186604234,0.009788171978041299,0.00623620301798367,-0.000683317626347256,-4.930172119829918e-5,-0.00041785558409235577,-0.001818716371761862,0.0005204910833980386,-0.020373604065452494,0.0011712347079304518,-0.005141932217727521,0.014349387584608188,-0.011186747643680403
-0.0006839800744504554,-0.0010311951504006116,-0.0014566325181198773,-0.0019532916669360387,-0.0023162450531553974,-0.0020141691980603005,-0.0014705148367671506,-0.00014110903354250321,0.00022713348595985563,-0.00025105987666998767,0.0016351793401704587,0.00029866299206004446,0.0017027335000363952,0.0029027465012660546,0.003978971594530351,0.0036946602787307214,0.00272923626314767,0.0003798197398103241,-0.001106870833555876,0.0008088419291108389,0.004562759174940596,0.006201986907900692,0.004093601492436247,3.878034427538564e-5,-0.007546236105830899,-0.019494596849502818,-0.03609797609289837,-0.057815691055292065,-0.0885815440505022,1.3389933352640946,-0.17353534747183794,-0.18652725888340685,-0.06626786100762087,0.04417466680470522,0.0657238412033194,0.0536527322383218,0.05136261591432613,0.05887193484228626,0.06634242746610315,0.07305999654971848,0.0788449718008692,0.08343957248100131,0.08511809586762804,0.041997626715169135,0.023059135030735856,0.01347767806184533,0.008107083819568825,0.005103088073489055,0.0032604853647200645,-0.0012772714174658138,-0.00048190763332817474,0.0005396069835799005,-0.0008184335187069531,0.0017047578367586575,-0.008294909597554268,-0.005051421785418943,-0.0024647779297838402,0.009994710281567582,-0.005051129655568193
-0.0004722278807265001,-0.0007303775152966601,-0.0009578528020512301,-0.001177162594888519,-0.0013539859387376985,-0.0015178429222102714,-0.0032959598797493417,-0.002552785462835975,-0.0014563359892828481,-0.0020364694806723747,0.0001280698779400818,-0.0017987207596765838,0.00020548308880930505,0.0021176363971428885,0.00469711097072347,0.004547909507071385,0.004422520656833301,0.0008529899955861818,-0.002349745830302528,0.0012179259274032884,0.005111767868732231,0.007348153293022639,0.007746923418198086,0.008336486600662978,0.008086530998361131,0.006561721604206756,0.002502372024689948,-0.00809644587727209,-0.048778665415307676,-0.17353534747183794,1.1997045383136824,-0.3016420342114447,-0.07567364251226598,0.12344472060153268,0.1501669854812634,0.10582854166000322,0.07152297992068274,0.0549893189636599,0.04658931848897185,0.0452932345067159,0.04768967968164599,0.05670629416039206,0.07143768985402293,0.029325438754255792,0.014819357015685044,0.00931679727549012,0.006238524928769893,0.004525767796527566,0.003290202965953655,-0.0010638562114404016,-0.0006464618453452185,0.0008223839470160051,0.0004337975463001747,0.0008038133275722765,-0.0005305757297886697,-0.012810043991902945,-0.0020941308742488196,0.010071102799056254,0.0038679638907009773
