0.6531468111942386,0.36105562437147504,0.5782952441996032,0.12219276454969459,0.19588599220371605,0.1784481266801342,0.20209158588029216,0.16070376843562556,0.15457768075139539,0.15191310696098803,0.15968845039240365,0.18092234112143052,0.16100540088062026,0.16832727004142833,0.13393864481359385,0.15115547722815822,0.14510953835817236,0.17050197965911673,0.13219712161612426,0.16075152843249838,0.14232260663304258,0.1595734558844532,0.12961479261643608,0.11357201509467102,0.15404799546293374,0.1320943350967712,0.1519558378826898,0.10420966185811538,0.1715082909580488,0.1099318910782373,0.13419157876685484,0.1500554299920459,0.11475466633658638,0.09187631390178497,0.1264278667789879,0.13189345817043052,0.18092742951448376,0.11180032397395481,0.15076380838923392,0.07541676842640996,0.14264184508159639,0.1370180886598832,0.1755311964962308,0.12553814531988758,0.11997291789665426,0.1182898372185664,0.14161125303181213,-0.001972204878218872,0.08518695974378401,-0.09985931902325193,0.00032733601270875686,0.040572867229501916,0.05494364904090993,-0.004351929628412749,0.05069876625333953,0.020865733593855913,-0.06905991273210614,0.05149753955785024,-0.07679104010430679
0.36105562437147504,8.073359282522858,0.8244143905036417,0.14912879691701372,0.13898046707237025,0.16519778986582198,0.2187889343656233,0.16970745326729825,0.1254174252970181,0.1846653871132326,0.30187935953258166,0.4127603987589794,0.3450051266986412,0.22673486495964063,0.16833786423111466,0.23728226807240915,0.3568923811011315,0.7213351646453137,0.13811080696285144,0.38287217749068925,0.3189074863973345,0.19568947827919167,0.028710434877024276,0.007055387780271569,0.2974142552356105,0.20348265853698722,0.6606688184565604,0.16648965900238535,0.833771700014264,0.012353613599891308,0.29196083605282835,0.22008138979160416,0.2228037100799688,0.31558443274052406,0.38069678044063127,0.3700089068418757,0.878607641133792,0.22798827061476387,0.06466755637904814,-0.29425634395258665,0.22808600749369187,0.2690538137525673,0.39568275382394563,-0.17758281605639462,0.3693712946278134,0.217500549167001,0.24179800311889815,-0.01842995350380233,0.1141827960508499,-1.3008857247419385,0.30633764014973713,0.8203328476866458,0.4064816559023898,-0.12838335525767888,-0.9315079826324939,-0.17360010806143159,-0.25469686176816114,0.6767081331482706,0.24936399265546771
0.5782952441996032,0.8244143905036417,5.766639664545043,0.5069604360520295,0.8382542192674401,0.8774989683310277,0.44123504017573667,1.3599770572590202,0.665376790842988,1.0233699978085091,0.8616330691349369,0.8337873186968936,0.9602784206852555,0.6189136981108241,0.6333167587321933,0.6965010618034981,0.7424860761767059,0.7781152534214634,1.1954673686678734,0.6806066507837046,0.6893306764069834,0.7262618816940002,0.6010924490600924,0.5547218034170406,0.6557853656410981,0.6085897933360037,0.6866699252696336,0.43178958531538036,0.9612499686837679,0.2783880381932006,0.6015557570074437,0.587677681300474,0.29029113866112344,1.0054383281790356,0.8641597825133492,0.7105346999283528,0.6558926806384784,0.4317295264302735,1.2082839421892457,0.4375220125611356,0.7653837340290285,0.6294199444867589,0.7098899137186887,0.6138288657067573,0.39939013202391904,0.5271982151734619,0.6774406772611247,-0.02499303445613348,0.13381711402179292,-0.49587926366266055,-0.03816444299432045,0.27545372763512754,0.33091999551595497,0.014203219015935405,-0.23007945906978536,0.2172513907183173,-0.5214490557557824,0.016066710099537636,0.18197285643514832
0.12219276454969459,0.14912879691701372,0.5069604360520295,1.0149539242573307,0.7313639337388642,0.4640128181352393,0.39315524462280066,0.32180781257009355,0.2691572621769605,0.26972974709114905,0.32707057228999953,0.3954242789390703,0.3302353345868322,0.3384025524146721,0.2641763743934929,0.3867605756460674,0.2973258408948767,0.2573338432711919,0.23239577893457292,0.3042434750160549,0.26044035911950364,0.3317338894339567,0.2141667449931278,0.2290221484716696,0.18687236282432423,0.27195607523535376,0.27086186559619996,0.13793246300842585,0.33284880768121433,0.04852205277685976,0.24323841830747223,0.35273155540342116,0.18839103825038772,0.3812280165978667,-0.0404058812511328,0.3371777326736959,0.37243605036613087,0.20590691102899183,0.26279319752783886,0.11473867512226199,0.15019068941590466,0.26238795627630346,0.27866549047721584,0.17339426306905442,0.1563776306741794,0.22949036775785026,0.2074823645405522,0.011902192868331168,0.16896425166011003,0.09914588503477283,-0.03619642887191201,0.14644781067879203,-0.12919285092090166,-0.13420938592553378,-0.08454296722471728,0.07279459122484114,-0.25280943339963463,0.171019968852493,-0.034168218531071465
0.19588599220371605,0.13898046707237025,0.8382542192674401,0.7313639337388642,1.6351049828339357,0.5188913322762129,0.4077225143758546,0.3510762824211045,0.21967656697985594,0.3449953807287535,0.3976253024524321,0.5054545249983459,0.4232209937623248,0.3515642289976226,0.28757224321607067,0.48478976738918883,0.3128673765287872,0.3007681638648542,0.2844258187568574,0.3202254262590261,0.28104655186967026,0.35297725532528684,0.2696016347903891,0.2653239496453559,0.20406274189559734,0.30621562459452584,0.31820600324071685,0.09036186754304584,0.3461430217915619,0.06173764981394951,0.2669333748027472,0.36234007232847343,0.17956154395832088,0.4154269729731512,-0.05858865972619961,0.41235438163828375,0.3088203541907304,0.21403639576307193,0.31319376692974776,0.20270812568522983,0.1965518319485987,0.2968627055558278,0.22904098172063805,0.21051607993135912,0.07021951508706296,0.20633875880436647,0.2436871625170862,-0.0011494217209408976,0.1559399433416869,-0.2702169676300733,0.061890439380187935,0.029871019431790054,0.11445559533495213,0.02686225768596493,-0.1571429587795904,0.147387751174453,-0.3122528584155097,0.15123210866693992,0.01453880286078026
0.1784481266801342,0.16519778986582198,0.8774989683310277,0.4640128181352393,0.5188913322762129,1.076893154744632,0.3134280150780206,0.20289621562955312,0.2567245483350711,0.2842459726040946,0.36938316739811544,0.3396001588691267,0.3177646738802198,0.33888369662301826,0.2932741107628473,0.35679284601562866,0.33691562635027295,0.2580684080825579,0.32756210392673857,0.5153014994546401,0.3235335650792684,0.33529671039061376,0.24499359280001218,0.29040526883556816,0.3481052846374552,0.3036123989884196,0.2969727732564448,0.2525713366920822,0.5692638192266746,0.1073260997308361,0.26990469354302843,0.39485756121947607,0.07649703790621974,0.4846036345245914,0.058466399836951365,0.3096258239227635,0.48238024647560185,0.3037835792732696,0.34657133107232,0.29595442780877257,0.2116943566700021,0.31331169791408386,0.4832901032237865,0.3257422985141985,0.3549313971224445,0.2130860480482155,0.3416260834437688,0.011193055038011277,0.13564218810300696,0.3389051353869244,-0.1549646210856318,0.07787977968868874,-0.4057475981858543,0.04198403135078963,-0.06315324301922151,0.1376419452487312,-0.3294236706916257,0.1442282360961856,0.050751275335520596
0.20209158588029216,0.2187889343656233,0.44123504017573667,0.39315524462280066,0.4077225143758546,0.3134280150780206,0.6343761301800331,0.15395325576943067,0.36687722541602286,0.21180605217604753,0.30952670340836724,0.38692560932557163,0.28733629623741275,0.19525778916808564,0.2365370263171412,0.29710142508189535,0.31323910924551435,0.209181248183164,0.21468651785797443,0.25592579244856606,0.2496593833278776,0.34008751488265704,0.14975665512187894,0.21698108320781634,0.22093543178031239,0.19764856986077792,0.24512269709745443,0.1706697374541246,0.2795923450044848,0.06256892106900437,0.2539114178981057,0.2214296202903331,0.20119808209105164,0.29869114661459095,0.10215205406310524,0.3087982297971357,0.32253884513596653,0.18155863439141204,0.21075253385007606,0.07752499238001605,0.13835499423628841,0.25098973397052177,0.23446431964789086,0.153435094304326,0.17470480413027606,0.23320171097189626,0.07082748840142482,0.002311460819320871,0.1871577621671679,0.014236211268682622,-0.02445516885096949,0.06872109480526434,-0.011453797645770097,-0.12862123875655707,-0.029736731912317287,0.1416232075073503,-0.18684423039604864,0.049441161579789894,-0.1163254471467547
0.16070376843562556,0.16970745326729825,1.3599770572590202,0.32180781257009355,0.3510762824211045,0.20289621562955312,0.15395325576943067,1.2592378055706843,0.1975642911416202,0.3975029453342792,0.38378765371646617,0.24772070268547824,0.5435218247534896,0.3306149353775531,0.22407187130116607,0.32304734207976193,0.31908179893552574,0.34943958521281404,0.5242179824372988,0.3702639886359692,0.3184118082655703,0.276015660701872,0.2510439276229104,0.2136704545316488,0.2730577811658817,0.3462425740317165,0.30540082715180555,0.17328605182514675,0.3981192046475589,0.08934814781437904,0.2743252949643719,0.2922963826861497,0.09639579007588972,0.4995055974711428,0.4893860677394557,0.256518569227403,0.302692074931723,0.20007176236077526,0.8335827554875886,0.17004940148791325,0.3745181274591012,0.2736340494605281,0.3436848092117848,0.2436160291801588,0.19257126459298873,0.2723672171274898,0.33133185171671276,0.014613620881503937,0.12177389449417061,-0.1870103378629082,-0.08014587686073657,0.3748369644008258,0.12655370986669953,-0.17487450379160374,-0.07948787761479176,0.01343585749825328,-0.17367076579407997,0.1070282759234441,0.007346218277039379
0.15457768075139539,0.1254174252970181,0.665376790842988,0.2691572621769605,0.21967656697985594,0.2567245483350711,0.36687722541602286,0.1975642911416202,1.0528706751381522,0.1290232282594685,0.26218930574149396,0.2882500491129423,0.3354296217081985,0.20375394951551223,0.38125207350113616,0.2200214849760864,0.3262830387871904,0.1786957625581418,0.5240021221484292,0.26807627410074875,0.2801534168320033,0.5987905583815922,0.10029593946453436,0.2643488432084503,0.22876406455769627,0.2546685534997198,0.2537269478047422,0.23712134381468225,0.26806828094166063,0.10745158816787546,0.3300084211811334,0.2289638247866579,0.28118716928033266,0.3842936148445128,0.19565168584085887,0.29397770570655907,0.39751899691074094,0.2111241087584818,0.36057513538942537,0.06274620084211881,0.18970343679645255,0.2723796181849523,0.24621261889172869,0.19192083504915536,0.11780566671261389,0.2839048454265609,0.05766753643421605,-0.019908764080182377,0.4906394116131039,0.040546582983455925,-0.009212957660879182,0.10274214774270307,0.006209363415466189,-0.23338979055788645,-0.019843726772797735,0.1661144898195329,-0.15670764916262006,-0.018233672480679065,-0.07280858095563138
0.15191310696098803,0.1846653871132326,1.0233699978085091,0.26972974709114905,0.3449953807287535,0.2842459726040946,0.21180605217604753,0.3975029453342792,0.1290232282594685,0.7975061689820927,0.26723333548585987,0.24713020508505767,0.28833322316866145,0.23129813343668082,0.21238121116298384,0.3053304064926009,0.2610035843682621,0.33873097596159274,0.25386886122996905,0.16612936733622521,0.21473532669899728,0.24341070405412793,0.262544529393429,0.2184418678444374,0.26605388218477544,0.19098351507567438,0.24692585995082494,0.18954817672724963,0.33539419313055047,0.2074585380446834,0.2477617158904931,0.23549967177189757,0.11087020486174223,0.34890442115665127,0.273605410730994,0.28453823472955336,0.24262807444504728,0.11746387274910773,0.35976022275946473,0.1730601985950723,0.3163780408067725,0.22257033517223346,0.22071255354884417,0.24675623803007,0.07339090437563597,0.19045388366669602,0.33937749347615687,-0.020163179544484523,0.03112660182279535,-0.013987023994908485,0.018936368277893183,-0.04481030154388144,0.0011931218988044205,0.04120647125843147,-0.031970168093587194,0.10663911225037265,-0.10063768521214299,-0.0818237013130764,0.05524254917380227
0.15968845039240365,0.30187935953258166,0.8616330691349369,0.32707057228999953,0.3976253024524321,0.36938316739811544,0.30952670340836724,0.38378765371646617,0.26218930574149396,0.26723333548585987,0.5896315479083836,0.4109576664464743,0.3884446433555393,0.25627279890949706,0.32607632152888416,0.3216664931554627,0.3652213733402224,0.29534911706880673,0.19029867139407283,0.3760157778288105,0.28093761626453506,0.29817057817173737,0.22371090621430206,0.23694255377270307,0.22761139295817182,0.28277166966681194,0.27461978132919646,0.21151830240525882,0.3742763771612047,0.06706036219744192,0.27138768750167125,0.26364813032010126,0.1278449093236789,0.38481077042501516,0.3383784024611763,0.30372209368507513,0.30127281177774845,0.2248499503523333,0.3880299827585666,0.11222625642723233,0.2687457629599187,0.2780096906688871,0.3006826725387295,0.22506971959020416,0.17538077942893274,0.23345609255836858,0.2303481970250562,0.002540462576865769,0.08096171456547852,-0.18644058441440337,-0.014708741070506714,0.18157749612144636,0.05599277280407214,-0.058960545898858616,-0.116254809831972,0.07524213242975604,-0.21967512112535229,0.09039408757622602,-0.010267496901815951
0.18092234112143052,0.4127603987589794,0.8337873186968936,0.3954242789390703,0.5054545249983459,0.3396001588691267,0.38692560932557163,0.24772070268547824,0.2882500491129423,0.24713020508505767,0.4109576664464743,0.786596329437461,0.36426488808816027,0.2687919977244118,0.3229247851896527,0.3804139346623243,0.36896324980297507,0.2727173035772942,0.255228226843112,0.28845441579924513,0.2645551126321856,0.3347091831066735,0.19954831966926825,0.21661478662078462,0.2215998388010189,0.2664516585480431,0.3228833842689547,0.15495156475594593,0.3289336236099757,0.011822703074245431,0.24648334858464205,0.27289734502451163,0.15499411250478803,0.3573771946914961,0.28137173222938183,0.3462110080394714,0.27797748442966097,0.19520530433178596,0.2038894976464432,0.07180922915598703,0.21061143348337358,0.27718721830570925,0.27338517440303717,0.16918668260841116,0.15991623874504488,0.23033041330428292,0.17045358462394739,0.0035372037309368497,0.15137151097555387,-0.22005609507216928,0.014729874110478328,0.04856071432348279,0.13328321508020555,-0.061953652605845025,-0.12731660135312906,0.12451344776853096,-0.24992515781288618,0.12438788311050371,-0.1192558324995003
0.16100540088062026,0.3450051266986412,0.9602784206852555,0.3302353345868322,0.4232209937623248,0.3177646738802198,0.28733629623741275,0.5435218247534896,0.3354296217081985,0.28833322316866145,0.3884446433555393,0.36426488808816027,0.8839986765492087,0.27617497422183396,0.2135774341777302,0.3592286226659648,0.36985223045324694,0.26442140818500215,0.5377536170674806,0.35580541274321037,0.33834640655988435,0.3677798756290084,0.20851178569718024,0.25013507967206106,0.26057004084249485,0.3622073930965325,0.3357644166037716,0.23040152619892246,0.4411401156449964,0.038103782073524786,0.26119657773082633,0.2588394060066247,0.12640216434705584,0.44835692338090716,0.4581876258711573,0.31940262914002754,0.2664561476032385,0.19633911928950507,0.7104982525096013,0.17126885672631728,0.3567503393172653,0.2950740127981006,0.2691516744815897,0.3241755957385979,0.09020339908879164,0.27229717405040077,0.16114481112908008,-0.005376066699151763,0.1984696387866115,-0.20558858092975185,-0.08303100425223105,0.18191563046634399,0.1482153372536721,-0.04840546587092069,-0.14398352335117495,-0.01757805157245703,-0.2127971712109539,-0.05350348745680565,0.2561889933384692
0.16832727004142833,0.22673486495964063,0.6189136981108241,0.3384025524146721,0.3515642289976226,0.33888369662301826,0.19525778916808564,0.3306149353775531,0.20375394951551223,0.23129813343668082,0.25627279890949706,0.2687919977244118,0.27617497422183396,0.5257252345385407,0.27139895588214946,0.3143233789075621,0.2504261130079442,0.19499197944806368,0.2494713187454942,0.3134250324034651,0.21137543839028022,0.26678592751739594,0.14791828868032347,0.1956770231928372,0.2207548358069181,0.2590385740243884,0.2492313952314634,0.15363279521196954,0.3419043612646019,0.10339422174655052,0.20817215132101757,0.46407332701205267,0.09053435430529225,0.3710612503884122,0.19821723359034776,0.19305231380263932,0.31899750807172494,0.20469607051786012,0.23513052077033808,0.08909981010527214,0.27190793697119636,0.2261268250422997,0.29717025694787247,0.1805437383116288,0.10560889214180787,0.16316877535041105,0.21278182835657025,0.011508999599383755,0.3550650982744932,0.06794741300671078,-0.035716961205452806,0.03734577442408327,-0.03259569593272808,-0.04175924336595432,-0.13104745207909918,0.08279534617634866,-0.24139605134379835,0.14666032224108908,0.053982638031078306
0.13393864481359385,0.16833786423111466,0.6333167587321933,0.2641763743934929,0.28757224321607067,0.2932741107628473,0.2365370263171412,0.22407187130116607,0.38125207350113616,0.21238121116298384,0.32607632152888416,0.3229247851896527,0.2135774341777302,0.27139895588214946,0.8604125693756696,0.24614855135711944,0.3517630614652081,0.2592728905835922,0.35335371575163826,0.30984159002925626,0.25468859126415044,0.3098160707697916,0.09744103850750405,0.21406090258352614,0.21483025939655656,0.24598538770352002,0.2105817010716308,0.31411758623902963,0.3481833655646681,0.10024819106287192,0.31685536450439955,0.28682659156067924,0.18675277960959802,0.3348001617506807,0.16999570672094286,0.23844697293986633,0.5059404781659752,0.1981524249305795,0.2629949883598776,0.10490242977113007,0.2840627816217648,0.2703428523213742,0.30574349606024803,0.18013537714973604,0.2039994845694477,0.26594104225386844,0.16619286639106656,0.013026169916536526,0.201491026286103,0.8845783809048176,-0.01875544366598371,-0.19465058549400302,-0.4715867967670159,-0.1511386215323659,-0.05346015225092732,0.17379910507735827,-0.2902097997954107,0.11133292391411026,-0.021497163593021975
0.15115547722815822,0.23728226807240915,0.6965010618034981,0.3867605756460674,0.48478976738918883,0.35679284601562866,0.29710142508189535,0.32304734207976193,0.2200214849760864,0.3053304064926009,0.3216664931554627,0.3804139346623243,0.3592286226659648,0.3143233789075621,0.24614855135711944,0.7824364808108448,0.37394861520085376,0.2939464459715405,0.24080510675322242,0.21334713516951412,0.2631906244821761,0.4879346632040733,0.26206437526804865,0.23786880162970225,0.19070807628748726,0.2688643344230753,0.301431187102634,0.22997927318378136,0.35154127614927455,0.03564821752081674,0.25543401562228135,0.31088528279292127,0.10199613578139347,0.39754789164832105,0.3732949203355523,0.2875910829565116,0.30284649413239834,0.17284480610009825,0.339760688829681,0.12032185059197452,0.3271807955590789,0.29602187774244504,0.3406864800396172,0.334136367926721,0.13195414379496231,0.22352762762372352,0.23328557513325224,-0.040325358987444264,0.21893252419587533,-0.12675790015421146,-0.0031369698645894034,-0.02038209411661659,0.01013707330270452,-0.03320288238551853,-0.09816531077671953,0.09110325569453127,-0.24516247589807252,0.05477240651037808,0.04488860440476306
0.14510953835817236,0.3568923811011315,0.7424860761767059,0.2973258408948767,0.3128673765287872,0.33691562635027295,0.31323910924551435,0.31908179893552574,0.3262830387871904,0.2610035843682621,0.3652213733402224,0.36896324980297507,0.36985223045324694,0.2504261130079442,0.3517630614652081,0.37394861520085376,0.6986745841335439,0.2770987748521716,0.2784007669186548,0.3690428390278556,0.3059368334620004,0.3793405202339952,0.12082591891828345,0.2298041641471358,0.2717436254579274,0.30496738230269993,0.28003264188117216,0.44725910220478854,0.37192273341932214,0.02824890387633067,0.3277236993838006,0.2722909464414067,0.231897073575287,0.34105105744677605,0.4286161930864423,0.3089541752418597,0.5062257549517435,0.2524496146793367,0.22218614270859055,0.07251215980487424,0.3172049520511294,0.3730791041363336,0.3803971211537071,0.24950366825054843,0.3642706984691302,0.2738835062336496,0.21949026626047244,0.00654481110492253,0.1208758442832335,0.28226110882039385,-0.042405121863387185,0.1561074143535963,-0.23944950470111245,-0.08646165442508498,-0.21973167532353935,0.09468066224242892,-0.22034631645067831,0.12569840520970077,-0.10910471415661721
0.17050197965911673,0.7213351646453137,0.7781152534214634,0.2573338432711919,0.3007681638648542,0.2580684080825579,0.209181248183164,0.34943958521281404,0.1786957625581418,0.33873097596159274,0.29534911706880673,0.2727173035772942,0.26442140818500215,0.19499197944806368,0.2592728905835922,0.2939464459715405,0.2770987748521716,0.8327292398575062,0.09219610961715817,0.13770243717162797,0.26368686433405775,0.25478234341677036,0.5129846198394085,0.16821061748780464,0.20365610451560479,0.38420795914222705,0.14991442297618512,0.1808233180442157,0.31537234839841405,-0.04777697484735115,0.3378133876457132,0.18045030203107332,0.14703922261889796,0.3328162383192684,0.23980083305631622,0.27179940372582334,0.3554437957265423,0.12763468345585288,0.31626317880081606,0.07264720796860892,0.2762494986801392,0.223296533774592,0.3484444156609294,0.3039901190353209,0.2784849676403257,0.21143589917007355,0.38280846826684656,0.001912723038205889,-0.06127568265156363,-0.06237653309212015,0.044279210566875525,0.26983672119874413,-0.0593864232425593,-0.10408186337358431,-0.05678401602390036,0.0570609479339442,-0.14490722503224765,0.15993023943123885,-0.1478108069214984
0.13219712161612426,0.13811080696285144,1.1954673686678734,0.23239577893457292,0.2844258187568574,0.32756210392673857,0.21468651785797443,0.5242179824372988,0.5240021221484292,0.25386886122996905,0.19029867139407283,0.255228226843112,0.5377536170674806,0.2494713187454942,0.35335371575163826,0.24080510675322242,0.2784007669186548,0.09219610961715817,2.033335619957117,0.2329466655767247,0.36929647513359426,0.42087993941070045,-0.1358611912661353,0.239458316712224,0.3995676030290298,0.16580771471670736,0.2961599529228736,0.26118297818391906,0.4664770029249474,0.17589590354631318,0.3677460541839219,0.18191847951839357,0.3461755117908864,0.35854730266915896,0.1449090069266218,0.35495767414681423,0.512509903048558,0.18232016603049245,0.8477200812975398,0.29619614171104613,0.2503750464257662,0.3007684204119959,0.2554086191763997,0.151608870529051,0.2533638297507566,0.4366088286723527,-0.039735421456973084,0.016173290751238117,0.015245625981835514,0.9045336666125524,-0.22387685445905978,-0.2210893273115233,-0.11518205682747698,-0.2584940325738595,-0.04157005615337558,0.1331965406907031,-0.18296039843863604,-0.021245846814498204,0.11101059553513104
0.16075152843249838,0.38287217749068925,0.6806066507837046,0.3042434750160549,0.3202254262590261,0.5153014994546401,0.25592579244856606,0.3702639886359692,0.26807627410074875,0.16612936733622521,0.3760157778288105,0.28845441579924513,0.35580541274321037,0.3134250324034651,0.30984159002925626,0.21334713516951412,0.3690428390278556,0.13770243717162797,0.2329466655767247,1.4193958063497305,0.2593679316923776,0.2165547746784142,0.06797366979353602,0.23077120781859017,0.37218435391881616,0.3888245670941124,0.35578598587114807,0.2562118521538349,0.5528838805344077,0.07588782722263307,0.30246900484558675,0.32356454575065163,0.03459755963064429,0.5357703060909005,0.4053578404609308,0.1118122239305671,0.6453703538252545,0.660161870306438,0.6858610149705511,0.24198244926052342,0.2816437404993751,0.32281947313297266,0.6773434590222767,0.10973279373505432,0.5756184697760514,0.27768034896034083,0.006310671039267986,0.08229160895248439,0.5628372481844336,-0.31829492857364394,-0.09110708074588254,0.3373978762818552,0.058415382258284757,-0.10100629071566479,-0.12160495707838892,0.06554264272737007,-0.26221386925534423,0.1878561665790965,0.03272887199664158
0.14232260663304258,0.3189074863973345,0.6893306764069834,0.26044035911950364,0.28104655186967026,0.3235335650792684,0.2496593833278776,0.3184118082655703,0.2801534168320033,0.21473532669899728,0.28093761626453506,0.2645551126321856,0.33834640655988435,0.21137543839028022,0.25468859126415044,0.2631906244821761,0.3059368334620004,0.26368686433405775,0.36929647513359426,0.2593679316923776,0.5063126180987925,0.27641854672512084,0.20689355192885353,0.2068135279278423,0.28360013784963567,0.15606771819310328,0.22909083099486013,0.20813851546219464,0.424992236875374,0.153033907654491,0.29199539123256857,0.19869411786289998,0.21208205491050644,0.33521190798058853,0.2551025643677025,0.31554854273133176,0.44601642074566483,0.20515175202906136,0.37072070458994627,0.20738647003111196,0.3042730719004223,0.3661679840703998,0.4239621697929648,0.28297716907311493,0.43227506767285095,0.2429067309930707,0.23642946378953397,0.03122366335153374,0.029029737669600573,0.13920641695751265,-0.06885108723059474,0.024276363060615713,-0.020390890649607665,-0.08882532908670372,-0.010635266861085929,0.04752453252990038,-0.2444998881148171,0.09015162152436289,0.05206203645676915
0.1595734558844532,0.19568947827919167,0.7262618816940002,0.3317338894339567,0.35297725532528684,0.33529671039061376,0.34008751488265704,0.276015660701872,0.5987905583815922,0.24341070405412793,0.29817057817173737,0.3347091831066735,0.3677798756290084,0.26678592751739594,0.3098160707697916,0.4879346632040733,0.3793405202339952,0.25478234341677036,0.42087993941070045,0.2165547746784142,0.27641854672512084,0.7626032903987876,0.2004153071604074,0.253524861367814,0.22892283531681754,0.27396186777130516,0.2774181315168508,0.2481459803957481,0.33663511164304805,0.058489812233405845,0.29815137452932966,0.2836890986832751,0.19651964322103815,0.4162157862959806,0.3032801856287299,0.29715765362248003,0.3605093228622247,0.1962543235710809,0.38976750279506456,0.1040313510705752,0.2855590142956721,0.29415181931016326,0.2827914085663657,0.31781288623360965,0.08767246956202006,0.27988206429525064,0.15275288375709162,-0.07484737306461692,0.5020195578547493,0.01909734391980371,-0.0032781182135225937,-0.052293959134988806,-0.00972152660418987,-0.12792643056457872,-0.0799920559094623,0.12463535962068531,-0.1930089677400372,0.017984408610267684,-0.018551078569447564
0.12961479261643608,0.028710434877024276,0.6010924490600924,0.2141667449931278,0.2696016347903891,0.24499359280001218,0.14975665512187894,0.2510439276229104,0.10029593946453436,0.262544529393429,0.22371090621430206,0.19954831966926825,0.20851178569718024,0.14791828868032347,0.09744103850750405,0.26206437526804865,0.12082591891828345,0.5129846198394085,-0.1358611912661353,0.06797366979353602,0.20689355192885353,0.2004153071604074,1.392100186315399,0.28676478773585284,0.3856578573724531,0.10084018277851729,0.1276459241243475,-0.04995221877304893,0.41562189440534175,0.14385844524418706,-0.10035920313113361,0.1429809425641552,0.098513249895397,0.3796160162205627,0.09495378644662686,0.34717297956057214,0.03387376047180922,0.06362206573338111,0.43992328168120326,0.10616278860381757,0.2878960018950119,0.13998579060375121,0.21080859899396276,0.5356607920509723,-0.18065846778729222,0.18094130556555202,0.37267951653517173,0.024786294426594333,0.012330308123599941,-0.527695794735093,0.0516793764070083,0.4352144177667662,0.12659874597945214,-0.04722008072102468,-0.01759013870484293,-0.017145306411069632,-0.1941725108985032,-0.10914662811646561,0.2582729757736627
0.11357201509467102,0.007055387780271569,0.5547218034170406,0.2290221484716696,0.2653239496453559,0.29040526883556816,0.21698108320781634,0.2136704545316488,0.2643488432084503,0.2184418678444374,0.23694255377270307,0.21661478662078462,0.25013507967206106,0.1956770231928372,0.21406090258352614,0.23786880162970225,0.2298041641471358,0.16821061748780464,0.239458316712224,0.23077120781859017,0.2068135279278423,0.253524861367814,0.28676478773585284,0.42491260718877355,0.2528646717280635,0.10696657018708397,0.20385006252379811,0.1956973159840331,0.28091714964224757,0.2926497763625836,0.24339142487751314,0.2186502238215389,0.25764960785802343,0.26726535794169815,0.1643711638174864,0.33181396186597484,0.309714785550803,0.1658084392297324,0.2690120995501945,0.09741746071212638,0.20675340597902683,0.21509743378882232,0.1789179958211299,0.2396494344809585,0.0016910855259841134,0.2031500968721841,0.24938997588144265,0.008008933712710194,-0.006228710804978891,0.09850934517121826,-0.01715645744800179,0.006523564851259741,-0.04392918681963965,-0.08874414684073528,0.04048874875002785,0.09618402111839397,-0.13308337336099899,-0.301859280788571,0.28671814176446153
0.15404799546293374,0.2974142552356105,0.6557853656410981,0.18687236282432423,0.20406274189559734,0.3481052846374552,0.22093543178031239,0.2730577811658817,0.22876406455769627,0.26605388218477544,0.22761139295817182,0.2215998388010189,0.26057004084249485,0.2207548358069181,0.21483025939655656,0.19070807628748726,0.2717436254579274,0.20365610451560479,0.3995676030290298,0.37218435391881616,0.28360013784963567,0.22892283531681754,0.3856578573724531,0.2528646717280635,2.0037236569381416,-0.10933316578778707,0.23403191353174926,0.17156140685342064,0.9586169441863216,0.6308912753082736,0.10100797670685392,0.22083045068846455,0.05000112091045034,0.6882923063506304,0.4272617175137925,0.18657699942587405,0.5611389044999546,0.22881809737426453,0.8910561923188114,0.25746490621855816,0.4084023702254715,0.2739660604642884,0.5109485993820324,0.36068572492025863,0.205649208847459,0.4586383393149711,0.4031036084533242,-0.049441503485852675,0.2735810728727603,-0.32824464239305795,-0.00012104831531655331,0.03451509806610112,0.14156840585436456,-0.08031229823063943,-0.025486638514771072,0.31449420281475565,-0.15226385423475897,-0.023567127115029965,-0.119103730900274
0.1320943350967712,0.20348265853698722,0.6085897933360037,0.27195607523535376,0.30621562459452584,0.3036123989884196,0.19764856986077792,0.3462425740317165,0.2546685534997198,0.19098351507567438,0.28277166966681194,0.2664516585480431,0.3622073930965325,0.2590385740243884,0.24598538770352002,0.2688643344230753,0.30496738230269993,0.38420795914222705,0.16580771471670736,0.3888245670941124,0.15606771819310328,0.27396186777130516,0.10084018277851729,0.10696657018708397,-0.10933316578778707,1.6421741920011668,0.2879665593591021,0.29511570329675874,0.026091105903168193,-0.6641986833307707,0.2709561214725734,0.286698267335578,-0.03745593689153844,0.3051997568816702,0.3795228105711415,0.04044393212640768,0.0176259840402489,0.21048326826581795,0.2514013700973989,0.22350443045047352,0.22180954440554693,0.222533121093004,0.2916640852909852,0.14309957985838206,0.5746073389958768,0.09372609989711013,-0.1971700217323235,-0.009017844339965206,0.07839641660993443,0.3955726508860779,-0.1634474268295579,0.15892190226747377,-0.3407018532788972,0.008364692803821077,-0.13815496903227908,-0.01614792831318981,-0.11396008442165409,0.3067727306152763,-0.17919843231755542
0.1519558378826898,0.6606688184565604,0.6866699252696336,0.27086186559619996,0.31820600324071685,0.2969727732564448,0.24512269709745443,0.30540082715180555,0.2537269478047422,0.24692585995082494,0.27461978132919646,0.3228833842689547,0.3357644166037716,0.2492313952314634,0.2105817010716308,0.301431187102634,0.28003264188117216,0.14991442297618512,0.2961599529228736,0.35578598587114807,0.22909083099486013,0.2774181315168508,0.1276459241243475,0.20385006252379811,0.23403191353174926,0.2879665593591021,0.8466050409145728,0.22839228260463415,0.3182107792558113,0.12280444851918432,0.2370660326808182,0.28598114276324127,0.20139115686598869,0.3446739689329537,0.27205126328055135,0.43113610716838013,0.3103537009161831,0.21970546498648455,0.2919439076313825,0.13806586379744237,0.2707105597987766,0.275064064580646,0.43848072743235955,0.05320821332737232,0.160237023661692,0.27041409109948317,0.14646321285590835,0.003780815157803573,0.06775588481716337,-0.16560220102845152,-0.03233445670348073,0.18095002821621056,0.036031076174208816,-0.06603186734299213,-0.061305963257710226,0.123098016063857,-0.17137717670932331,0.06623006114124434,-0.0037848645906198033
0.10420966185811538,0.16648965900238535,0.43178958531538036,0.13793246300842585,0.09036186754304584,0.2525713366920822,0.1706697374541246,0.17328605182514675,0.23712134381468225,0.18954817672724963,0.21151830240525882,0.15495156475594593,0.23040152619892246,0.15363279521196954,0.31411758623902963,0.22997927318378136,0.44725910220478854,0.1808233180442157,0.26118297818391906,0.2562118521538349,0.20813851546219464,0.2481459803957481,-0.04995221877304893,0.1956973159840331,0.17156140685342064,0.29511570329675874,0.22839228260463415,1.1638832186128047,0.11866677050493095,0.057821622949631744,0.34444118222886977,0.23254680270200942,0.4410593988558351,0.08656573771315673,0.485974781017197,0.024896793865280292,0.47191007976451016,0.19829029174586574,0.1528222009612593,0.11831634064106437,0.3382767471171259,0.21659501895921748,0.41436844649510113,0.4510040234651415,0.2078618539252797,0.14127410713892452,0.09573077554849574,0.03720463534427382,0.09429653725459788,0.9103487827831508,0.008181755412625127,0.2773196103492743,-1.0960178523417314,-0.03450239409165503,0.18546191775975346,0.058225828453930054,-0.11244743008847265,-0.1478955549722358,0.2510175171099086
0.1715082909580488,0.833771700014264,0.9612499686837679,0.33284880768121433,0.3461430217915619,0.5692638192266746,0.2795923450044848,0.3981192046475589,0.26806828094166063,0.33539419313055047,0.3742763771612047,0.3289336236099757,0.4411401156449964,0.3419043612646019,0.3481833655646681,0.35154127614927455,0.37192273341932214,0.31537234839841405,0.4664770029249474,0.5528838805344077,0.424992236875374,0.33663511164304805,0.41562189440534175,0.28091714964224757,0.9586169441863216,0.026091105903168193,0.3182107792558113,0.11866677050493095,2.5773033600189406,0.12495786223436839,0.12716002371876833,0.3952153362076862,-0.23150071932194496,0.9336966673416102,0.44288615294057126,0.4755857683352572,0.26703018200280465,0.19945462043828335,0.6347922110853614,0.26262067492271807,0.5289492132606842,0.3708248243681315,0.5938060450311052,0.09765668574450134,0.3804430405885924,0.49080484267439334,0.26312436573079595,-0.07858552685125177,0.6762825493722352,0.2776365916549533,-0.28261450010056394,0.10293413820755357,-0.23254808519780826,0.023678825173536436,-0.2476549259068526,0.1328810505867191,-0.45609957190174516,0.27530268647122946,0.16504975257738516
0.1099318910782373,0.012353613599891308,0.2783880381932006,0.04852205277685976,0.06173764981394951,0.1073260997308361,0.06256892106900437,0.08934814781437904,0.10745158816787546,0.2074585380446834,0.06706036219744192,0.011822703074245431,0.038103782073524786,0.10339422174655052,0.10024819106287192,0.03564821752081674,0.02824890387633067,-0.04777697484735115,0.17589590354631318,0.07588782722263307,0.153033907654491,0.058489812233405845,0.14385844524418706,0.2926497763625836,0.6308912753082736,-0.6641986833307707,0.12280444851918432,0.057821622949631744,0.12495786223436839,3.51239374114304,0.1604026595422958,0.039081036862477846,0.3141089990855954,-0.03436614788665128,0.20285601281020296,0.5104645776826006,0.5884788147037112,0.08715546944639564,0.13088255387648434,0.4571327220662532,0.45120209953020246,0.19432956899002768,0.5867415253695512,0.15791228970725785,-0.33423849248395193,0.03823647660343912,1.6151623773486927,0.025382192010752567,-0.16012407394920178,0.05001794561777233,0.16071573192908245,-0.9370290199891578,0.4671399775675569,0.04674583499690975,0.25864205231401594,-0.02854935605224474,-0.20737817183669408,0.2538362031505991,-0.00505127099769242
0.13419157876685484,0.29196083605282835,0.6015557570074437,0.24323841830747223,0.2669333748027472,0.26990469354302843,0.2539114178981057,0.2743252949643719,0.3300084211811334,0.2477617158904931,0.27138768750167125,0.24648334858464205,0.26119657773082633,0.20817215132101757,0.31685536450439955,0.25543401562228135,0.3277236993838006,0.3378133876457132,0.3677460541839219,0.30246900484558675,0.29199539123256857,0.29815137452932966,-0.10035920313113361,0.24339142487751314,0.10100797670685392,0.2709561214725734,0.2370660326808182,0.34444118222886977,0.12716002371876833,0.1604026595422958,0.8939194206794676,0.20501266776597774,0.28320162498424345,0.2572986427378732,0.27189326112481427,0.4395095153139619,0.5840104852960615,0.25845645341424633,0.25687018388313226,0.08139513822366863,0.24007534387792775,0.3039016404663667,0.29012989147328505,0.2179170849082001,0.37416399203147993,0.3126706996965406,0.240766986214827,0.007518135686998747,-0.20931211297751154,0.5386096874868214,-0.023425401648664322,-0.17918686107653445,-0.16375829154760635,-0.18204983348875578,0.06217743712608892,0.18849600644596617,-0.049764588178855734,-0.0961251460255237,-0.1309630821121272
0.1500554299920459,0.22008138979160416,0.587677681300474,0.35273155540342116,0.36234007232847343,0.39485756121947607,0.2214296202903331,0.2922963826861497,0.2289638247866579,0.23549967177189757,0.26364813032010126,0.27289734502451163,0.2588394060066247,0.46407332701205267,0.28682659156067924,0.31088528279292127,0.2722909464414067,0.18045030203107332,0.18191847951839357,0.32356454575065163,0.19869411786289998,0.2836890986832751,0.1429809425641552,0.2186502238215389,0.22083045068846455,0.286698267335578,0.28598114276324127,0.23254680270200942,0.3952153362076862,0.039081036862477846,0.20501266776597774,0.8370520518570626,0.02913654586217022,0.45133666712528275,0.09073021834513569,0.17742863202924367,0.26548419656888855,0.21699687790711714,0.19826921087395782,0.09486610152716497,0.25133346841693815,0.2230536433067808,0.27795280402568384,0.138451587362335,0.09497269600043938,0.15762707090845018,0.14398699445360996,0.0016836696657885689,0.48332558063653214,0.21843008516583656,0.01718766444226199,0.4390479463643809,-0.6164064539347747,-0.005599329040619827,-0.13617300707544688,0.122650784489871,-0.22565721688950072,0.09299948515129416,0.05978098367972551
0.11475466633658638,0.2228037100799688,0.29029113866112344,0.18839103825038772,0.17956154395832088,0.07649703790621974,0.20119808209105164,0.09639579007588972,0.28118716928033266,0.11087020486174223,0.1278449093236789,0.15499411250478803,0.12640216434705584,0.09053435430529225,0.18675277960959802,0.10199613578139347,0.231897073575287,0.14703922261889796,0.3461755117908864,0.03459755963064429,0.21208205491050644,0.19651964322103815,0.098513249895397,0.25764960785802343,0.05000112091045034,-0.03745593689153844,0.20139115686598869,0.4410593988558351,-0.23150071932194496,0.3141089990855954,0.28320162498424345,0.02913654586217022,1.7402843806614279,-0.34735784863930297,-0.4456211598855251,0.038921135407694325,0.652752287770499,0.12427450348666735,-0.19887941354687072,-0.029545578206706075,-0.24703926394517706,0.1894797203765373,0.13617371226084402,0.1755021390871883,-0.20298849093341736,0.20079289511392928,0.2938481573872533,0.12123775937307246,-0.1362591638682878,0.5051416542228747,-0.009831826633796668,-0.10099417220678249,-0.058629758853351616,-0.34921943323379334,0.16103526624415598,-0.005096832184072611,-0.05509294313928618,-0.03519677040003606,0.010367422494424322
0.09187631390178497,0.31558443274052406,1.0054383281790356,0.3812280165978667,0.4154269729731512,0.4846036345245914,0.29869114661459095,0.4995055974711428,0.3842936148445128,0.34890442115665127,0.38481077042501516,0.3573771946914961,0.44835692338090716,0.3710612503884122,0.3348001617506807,0.39754789164832105,0.34105105744677605,0.3328162383192684,0.35854730266915896,0.5357703060909005,0.33521190798058853,0.4162157862959806,0.3796160162205627,0.26726535794169815,0.6882923063506304,0.3051997568816702,0.3446739689329537,0.08656573771315673,0.9336966673416102,-0.03436614788665128,0.2572986427378732,0.45133666712528275,-0.34735784863930297,1.919333080665275,0.5914922558363461,0.3711735807886019,0.4247558694467236,0.257774824921614,0.8095807895085936,0.16329318314492083,0.409532068221225,0.3778324822294592,0.6126507699767789,0.34128258090233915,0.26025003962772886,0.3251607314448617,0.23158125876196703,0.02758671141646061,0.9515532913690646,-0.45997966300539567,-0.04975610138220927,0.3691453101862834,0.12912604751363777,-0.13407264022708917,-0.23025320810638147,0.1719682101415184,-0.3865464410178762,0.10135417820013162,0.23052415984036365
